"SUMLEV","STATE","COUNTY","STNAME","CTYNAME","YEAR","AGE","TOT_POP","TOT_MALE","TOT_FEMALE"
050,15,001,"Hawaii","Hawaii County",1,0,1990,1018,972
050,15,001,"Hawaii","Hawaii County",1,1,2086,1057,1029
050,15,001,"Hawaii","Hawaii County",1,2,2173,1118,1055
050,15,001,"Hawaii","Hawaii County",1,3,2231,1144,1087
050,15,001,"Hawaii","Hawaii County",1,4,2296,1166,1130
050,15,001,"Hawaii","Hawaii County",1,5,2396,1262,1134
050,15,001,"Hawaii","Hawaii County",1,6,2476,1314,1162
050,15,001,"Hawaii","Hawaii County",1,7,2504,1276,1228
050,15,001,"Hawaii","Hawaii County",1,8,2508,1267,1241
050,15,001,"Hawaii","Hawaii County",1,9,2474,1234,1240
050,15,001,"Hawaii","Hawaii County",1,10,2381,1181,1200
050,15,001,"Hawaii","Hawaii County",1,11,2467,1229,1238
050,15,001,"Hawaii","Hawaii County",1,12,2477,1289,1188
050,15,001,"Hawaii","Hawaii County",1,13,2444,1277,1167
050,15,001,"Hawaii","Hawaii County",1,14,2372,1227,1145
050,15,001,"Hawaii","Hawaii County",1,15,2330,1203,1127
050,15,001,"Hawaii","Hawaii County",1,16,2319,1192,1127
050,15,001,"Hawaii","Hawaii County",1,17,2264,1207,1057
050,15,001,"Hawaii","Hawaii County",1,18,2049,1042,1007
050,15,001,"Hawaii","Hawaii County",1,19,1811,909,902
050,15,001,"Hawaii","Hawaii County",1,20,1858,937,921
050,15,001,"Hawaii","Hawaii County",1,21,1902,952,950
050,15,001,"Hawaii","Hawaii County",1,22,1881,935,946
050,15,001,"Hawaii","Hawaii County",1,23,1879,918,961
050,15,001,"Hawaii","Hawaii County",1,24,1924,959,965
050,15,001,"Hawaii","Hawaii County",1,25,2000,998,1002
050,15,001,"Hawaii","Hawaii County",1,26,2075,1047,1028
050,15,001,"Hawaii","Hawaii County",1,27,2245,1110,1135
050,15,001,"Hawaii","Hawaii County",1,28,2322,1162,1160
050,15,001,"Hawaii","Hawaii County",1,29,2338,1170,1168
050,15,001,"Hawaii","Hawaii County",1,30,2339,1142,1197
050,15,001,"Hawaii","Hawaii County",1,31,2379,1158,1221
050,15,001,"Hawaii","Hawaii County",1,32,2428,1199,1229
050,15,001,"Hawaii","Hawaii County",1,33,2504,1253,1251
050,15,001,"Hawaii","Hawaii County",1,34,2413,1191,1222
050,15,001,"Hawaii","Hawaii County",1,35,2447,1190,1257
050,15,001,"Hawaii","Hawaii County",1,36,2549,1257,1292
050,15,001,"Hawaii","Hawaii County",1,37,2606,1309,1297
050,15,001,"Hawaii","Hawaii County",1,38,2570,1286,1284
050,15,001,"Hawaii","Hawaii County",1,39,2545,1264,1281
050,15,001,"Hawaii","Hawaii County",1,40,2492,1264,1228
050,15,001,"Hawaii","Hawaii County",1,41,2423,1225,1198
050,15,001,"Hawaii","Hawaii County",1,42,2430,1199,1231
050,15,001,"Hawaii","Hawaii County",1,43,2409,1188,1221
050,15,001,"Hawaii","Hawaii County",1,44,2330,1152,1178
050,15,001,"Hawaii","Hawaii County",1,45,2243,1109,1134
050,15,001,"Hawaii","Hawaii County",1,46,2227,1105,1122
050,15,001,"Hawaii","Hawaii County",1,47,2251,1131,1120
050,15,001,"Hawaii","Hawaii County",1,48,2288,1150,1138
050,15,001,"Hawaii","Hawaii County",1,49,2427,1215,1212
050,15,001,"Hawaii","Hawaii County",1,50,2430,1185,1245
050,15,001,"Hawaii","Hawaii County",1,51,2270,1126,1144
050,15,001,"Hawaii","Hawaii County",1,52,2241,1108,1133
050,15,001,"Hawaii","Hawaii County",1,53,2327,1155,1172
050,15,001,"Hawaii","Hawaii County",1,54,2398,1180,1218
050,15,001,"Hawaii","Hawaii County",1,55,2571,1250,1321
050,15,001,"Hawaii","Hawaii County",1,56,2582,1249,1333
050,15,001,"Hawaii","Hawaii County",1,57,2735,1333,1402
050,15,001,"Hawaii","Hawaii County",1,58,2880,1400,1480
050,15,001,"Hawaii","Hawaii County",1,59,2965,1450,1515
050,15,001,"Hawaii","Hawaii County",1,60,2996,1491,1505
050,15,001,"Hawaii","Hawaii County",1,61,3111,1567,1544
050,15,001,"Hawaii","Hawaii County",1,62,3199,1584,1615
050,15,001,"Hawaii","Hawaii County",1,63,3160,1558,1602
050,15,001,"Hawaii","Hawaii County",1,64,3265,1588,1677
050,15,001,"Hawaii","Hawaii County",1,65,3334,1655,1679
050,15,001,"Hawaii","Hawaii County",1,66,3260,1602,1658
050,15,001,"Hawaii","Hawaii County",1,67,3338,1664,1674
050,15,001,"Hawaii","Hawaii County",1,68,3237,1621,1616
050,15,001,"Hawaii","Hawaii County",1,69,3045,1534,1511
050,15,001,"Hawaii","Hawaii County",1,70,2924,1500,1424
050,15,001,"Hawaii","Hawaii County",1,71,2766,1393,1373
050,15,001,"Hawaii","Hawaii County",1,72,2603,1365,1238
050,15,001,"Hawaii","Hawaii County",1,73,2538,1368,1170
050,15,001,"Hawaii","Hawaii County",1,74,1821,914,907
050,15,001,"Hawaii","Hawaii County",1,75,1781,882,899
050,15,001,"Hawaii","Hawaii County",1,76,1654,830,824
050,15,001,"Hawaii","Hawaii County",1,77,1445,736,709
050,15,001,"Hawaii","Hawaii County",1,78,1236,625,611
050,15,001,"Hawaii","Hawaii County",1,79,1091,534,557
050,15,001,"Hawaii","Hawaii County",1,80,891,427,464
050,15,001,"Hawaii","Hawaii County",1,81,825,398,427
050,15,001,"Hawaii","Hawaii County",1,82,817,377,440
050,15,001,"Hawaii","Hawaii County",1,83,731,335,396
050,15,001,"Hawaii","Hawaii County",1,84,677,296,381
050,15,001,"Hawaii","Hawaii County",1,85,4719,1765,2954
050,15,001,"Hawaii","Hawaii County",2,0,2017,1045,972
050,15,001,"Hawaii","Hawaii County",2,1,2072,1053,1019
050,15,001,"Hawaii","Hawaii County",2,2,2165,1111,1054
050,15,001,"Hawaii","Hawaii County",2,3,2216,1136,1080
050,15,001,"Hawaii","Hawaii County",2,4,2289,1164,1125
050,15,001,"Hawaii","Hawaii County",2,5,2374,1243,1131
050,15,001,"Hawaii","Hawaii County",2,6,2466,1306,1160
050,15,001,"Hawaii","Hawaii County",2,7,2499,1287,1212
050,15,001,"Hawaii","Hawaii County",2,8,2493,1261,1232
050,15,001,"Hawaii","Hawaii County",2,9,2483,1242,1241
050,15,001,"Hawaii","Hawaii County",2,10,2406,1194,1212
050,15,001,"Hawaii","Hawaii County",2,11,2432,1210,1222
050,15,001,"Hawaii","Hawaii County",2,12,2482,1281,1201
050,15,001,"Hawaii","Hawaii County",2,13,2453,1278,1175
050,15,001,"Hawaii","Hawaii County",2,14,2380,1239,1141
050,15,001,"Hawaii","Hawaii County",2,15,2341,1208,1133
050,15,001,"Hawaii","Hawaii County",2,16,2314,1194,1120
050,15,001,"Hawaii","Hawaii County",2,17,2264,1191,1073
050,15,001,"Hawaii","Hawaii County",2,18,1994,1032,962
050,15,001,"Hawaii","Hawaii County",2,19,1766,889,877
050,15,001,"Hawaii","Hawaii County",2,20,1819,920,899
050,15,001,"Hawaii","Hawaii County",2,21,1857,934,923
050,15,001,"Hawaii","Hawaii County",2,22,1874,933,941
050,15,001,"Hawaii","Hawaii County",2,23,1879,921,958
050,15,001,"Hawaii","Hawaii County",2,24,1915,951,964
050,15,001,"Hawaii","Hawaii County",2,25,1971,981,990
050,15,001,"Hawaii","Hawaii County",2,26,2067,1034,1033
050,15,001,"Hawaii","Hawaii County",2,27,2208,1099,1109
050,15,001,"Hawaii","Hawaii County",2,28,2303,1150,1153
050,15,001,"Hawaii","Hawaii County",2,29,2348,1172,1176
050,15,001,"Hawaii","Hawaii County",2,30,2358,1157,1201
050,15,001,"Hawaii","Hawaii County",2,31,2362,1148,1214
050,15,001,"Hawaii","Hawaii County",2,32,2423,1191,1232
050,15,001,"Hawaii","Hawaii County",2,33,2492,1243,1249
050,15,001,"Hawaii","Hawaii County",2,34,2443,1212,1231
050,15,001,"Hawaii","Hawaii County",2,35,2456,1196,1260
050,15,001,"Hawaii","Hawaii County",2,36,2515,1238,1277
050,15,001,"Hawaii","Hawaii County",2,37,2601,1298,1303
050,15,001,"Hawaii","Hawaii County",2,38,2599,1298,1301
050,15,001,"Hawaii","Hawaii County",2,39,2555,1277,1278
050,15,001,"Hawaii","Hawaii County",2,40,2534,1278,1256
050,15,001,"Hawaii","Hawaii County",2,41,2439,1227,1212
050,15,001,"Hawaii","Hawaii County",2,42,2417,1199,1218
050,15,001,"Hawaii","Hawaii County",2,43,2429,1196,1233
050,15,001,"Hawaii","Hawaii County",2,44,2339,1155,1184
050,15,001,"Hawaii","Hawaii County",2,45,2278,1129,1149
050,15,001,"Hawaii","Hawaii County",2,46,2232,1106,1126
050,15,001,"Hawaii","Hawaii County",2,47,2242,1122,1120
050,15,001,"Hawaii","Hawaii County",2,48,2279,1146,1133
050,15,001,"Hawaii","Hawaii County",2,49,2400,1202,1198
050,15,001,"Hawaii","Hawaii County",2,50,2440,1196,1244
050,15,001,"Hawaii","Hawaii County",2,51,2315,1147,1168
050,15,001,"Hawaii","Hawaii County",2,52,2249,1110,1139
050,15,001,"Hawaii","Hawaii County",2,53,2302,1143,1159
050,15,001,"Hawaii","Hawaii County",2,54,2382,1175,1207
050,15,001,"Hawaii","Hawaii County",2,55,2540,1237,1303
050,15,001,"Hawaii","Hawaii County",2,56,2589,1257,1332
050,15,001,"Hawaii","Hawaii County",2,57,2702,1315,1387
050,15,001,"Hawaii","Hawaii County",2,58,2851,1387,1464
050,15,001,"Hawaii","Hawaii County",2,59,2948,1438,1510
050,15,001,"Hawaii","Hawaii County",2,60,3016,1494,1522
050,15,001,"Hawaii","Hawaii County",2,61,3071,1538,1533
050,15,001,"Hawaii","Hawaii County",2,62,3179,1583,1596
050,15,001,"Hawaii","Hawaii County",2,63,3184,1566,1618
050,15,001,"Hawaii","Hawaii County",2,64,3233,1577,1656
050,15,001,"Hawaii","Hawaii County",2,65,3312,1631,1681
050,15,001,"Hawaii","Hawaii County",2,66,3283,1618,1665
050,15,001,"Hawaii","Hawaii County",2,67,3300,1637,1663
050,15,001,"Hawaii","Hawaii County",2,68,3255,1628,1627
050,15,001,"Hawaii","Hawaii County",2,69,3088,1551,1537
050,15,001,"Hawaii","Hawaii County",2,70,2957,1510,1447
050,15,001,"Hawaii","Hawaii County",2,71,2794,1408,1386
050,15,001,"Hawaii","Hawaii County",2,72,2612,1354,1258
050,15,001,"Hawaii","Hawaii County",2,73,2634,1411,1223
050,15,001,"Hawaii","Hawaii County",2,74,1895,971,924
050,15,001,"Hawaii","Hawaii County",2,75,1776,880,896
050,15,001,"Hawaii","Hawaii County",2,76,1665,837,828
050,15,001,"Hawaii","Hawaii County",2,77,1507,765,742
050,15,001,"Hawaii","Hawaii County",2,78,1262,638,624
050,15,001,"Hawaii","Hawaii County",2,79,1112,549,563
050,15,001,"Hawaii","Hawaii County",2,80,945,454,491
050,15,001,"Hawaii","Hawaii County",2,81,829,399,430
050,15,001,"Hawaii","Hawaii County",2,82,809,379,430
050,15,001,"Hawaii","Hawaii County",2,83,739,338,401
050,15,001,"Hawaii","Hawaii County",2,84,679,298,381
050,15,001,"Hawaii","Hawaii County",2,85,4750,1785,2965
050,15,001,"Hawaii","Hawaii County",3,0,2061,1055,1006
050,15,001,"Hawaii","Hawaii County",3,1,2058,1079,979
050,15,001,"Hawaii","Hawaii County",3,2,2102,1064,1038
050,15,001,"Hawaii","Hawaii County",3,3,2216,1156,1060
050,15,001,"Hawaii","Hawaii County",3,4,2282,1184,1098
050,15,001,"Hawaii","Hawaii County",3,5,2313,1174,1139
050,15,001,"Hawaii","Hawaii County",3,6,2429,1263,1166
050,15,001,"Hawaii","Hawaii County",3,7,2485,1329,1156
050,15,001,"Hawaii","Hawaii County",3,8,2540,1309,1231
050,15,001,"Hawaii","Hawaii County",3,9,2530,1282,1248
050,15,001,"Hawaii","Hawaii County",3,10,2497,1261,1236
050,15,001,"Hawaii","Hawaii County",3,11,2423,1199,1224
050,15,001,"Hawaii","Hawaii County",3,12,2428,1194,1234
050,15,001,"Hawaii","Hawaii County",3,13,2503,1297,1206
050,15,001,"Hawaii","Hawaii County",3,14,2449,1263,1186
050,15,001,"Hawaii","Hawaii County",3,15,2387,1236,1151
050,15,001,"Hawaii","Hawaii County",3,16,2358,1228,1130
050,15,001,"Hawaii","Hawaii County",3,17,2334,1191,1143
050,15,001,"Hawaii","Hawaii County",3,18,2167,1144,1023
050,15,001,"Hawaii","Hawaii County",3,19,1861,941,920
050,15,001,"Hawaii","Hawaii County",3,20,1880,949,931
050,15,001,"Hawaii","Hawaii County",3,21,1897,950,947
050,15,001,"Hawaii","Hawaii County",3,22,1960,976,984
050,15,001,"Hawaii","Hawaii County",3,23,1912,939,973
050,15,001,"Hawaii","Hawaii County",3,24,1933,931,1002
050,15,001,"Hawaii","Hawaii County",3,25,1917,931,986
050,15,001,"Hawaii","Hawaii County",3,26,2040,1005,1035
050,15,001,"Hawaii","Hawaii County",3,27,2116,1048,1068
050,15,001,"Hawaii","Hawaii County",3,28,2210,1102,1108
050,15,001,"Hawaii","Hawaii County",3,29,2332,1153,1179
050,15,001,"Hawaii","Hawaii County",3,30,2418,1222,1196
050,15,001,"Hawaii","Hawaii County",3,31,2416,1162,1254
050,15,001,"Hawaii","Hawaii County",3,32,2396,1173,1223
050,15,001,"Hawaii","Hawaii County",3,33,2479,1221,1258
050,15,001,"Hawaii","Hawaii County",3,34,2555,1243,1312
050,15,001,"Hawaii","Hawaii County",3,35,2506,1259,1247
050,15,001,"Hawaii","Hawaii County",3,36,2551,1250,1301
050,15,001,"Hawaii","Hawaii County",3,37,2556,1237,1319
050,15,001,"Hawaii","Hawaii County",3,38,2672,1325,1347
050,15,001,"Hawaii","Hawaii County",3,39,2679,1329,1350
050,15,001,"Hawaii","Hawaii County",3,40,2638,1315,1323
050,15,001,"Hawaii","Hawaii County",3,41,2583,1301,1282
050,15,001,"Hawaii","Hawaii County",3,42,2484,1246,1238
050,15,001,"Hawaii","Hawaii County",3,43,2490,1237,1253
050,15,001,"Hawaii","Hawaii County",3,44,2451,1180,1271
050,15,001,"Hawaii","Hawaii County",3,45,2398,1194,1204
050,15,001,"Hawaii","Hawaii County",3,46,2315,1141,1174
050,15,001,"Hawaii","Hawaii County",3,47,2270,1126,1144
050,15,001,"Hawaii","Hawaii County",3,48,2265,1136,1129
050,15,001,"Hawaii","Hawaii County",3,49,2314,1172,1142
050,15,001,"Hawaii","Hawaii County",3,50,2405,1201,1204
050,15,001,"Hawaii","Hawaii County",3,51,2451,1203,1248
050,15,001,"Hawaii","Hawaii County",3,52,2323,1133,1190
050,15,001,"Hawaii","Hawaii County",3,53,2278,1134,1144
050,15,001,"Hawaii","Hawaii County",3,54,2318,1153,1165
050,15,001,"Hawaii","Hawaii County",3,55,2412,1181,1231
050,15,001,"Hawaii","Hawaii County",3,56,2529,1239,1290
050,15,001,"Hawaii","Hawaii County",3,57,2619,1288,1331
050,15,001,"Hawaii","Hawaii County",3,58,2724,1304,1420
050,15,001,"Hawaii","Hawaii County",3,59,2894,1393,1501
050,15,001,"Hawaii","Hawaii County",3,60,2972,1440,1532
050,15,001,"Hawaii","Hawaii County",3,61,3048,1505,1543
050,15,001,"Hawaii","Hawaii County",3,62,3101,1551,1550
050,15,001,"Hawaii","Hawaii County",3,63,3187,1585,1602
050,15,001,"Hawaii","Hawaii County",3,64,3203,1574,1629
050,15,001,"Hawaii","Hawaii County",3,65,3245,1578,1667
050,15,001,"Hawaii","Hawaii County",3,66,3314,1627,1687
050,15,001,"Hawaii","Hawaii County",3,67,3276,1611,1665
050,15,001,"Hawaii","Hawaii County",3,68,3306,1633,1673
050,15,001,"Hawaii","Hawaii County",3,69,3247,1624,1623
050,15,001,"Hawaii","Hawaii County",3,70,3097,1554,1543
050,15,001,"Hawaii","Hawaii County",3,71,2931,1490,1441
050,15,001,"Hawaii","Hawaii County",3,72,2769,1391,1378
050,15,001,"Hawaii","Hawaii County",3,73,2576,1334,1242
050,15,001,"Hawaii","Hawaii County",3,74,2598,1379,1219
050,15,001,"Hawaii","Hawaii County",3,75,1866,949,917
050,15,001,"Hawaii","Hawaii County",3,76,1731,862,869
050,15,001,"Hawaii","Hawaii County",3,77,1634,812,822
050,15,001,"Hawaii","Hawaii County",3,78,1470,744,726
050,15,001,"Hawaii","Hawaii County",3,79,1228,614,614
050,15,001,"Hawaii","Hawaii County",3,80,1072,520,552
050,15,001,"Hawaii","Hawaii County",3,81,911,423,488
050,15,001,"Hawaii","Hawaii County",3,82,793,375,418
050,15,001,"Hawaii","Hawaii County",3,83,789,356,433
050,15,001,"Hawaii","Hawaii County",3,84,684,317,367
050,15,001,"Hawaii","Hawaii County",3,85,4818,1829,2989
050,15,001,"Hawaii","Hawaii County",4,0,2114,1063,1051
050,15,001,"Hawaii","Hawaii County",4,1,2125,1081,1044
050,15,001,"Hawaii","Hawaii County",4,2,2120,1125,995
050,15,001,"Hawaii","Hawaii County",4,3,2137,1106,1031
050,15,001,"Hawaii","Hawaii County",4,4,2291,1196,1095
050,15,001,"Hawaii","Hawaii County",4,5,2311,1199,1112
050,15,001,"Hawaii","Hawaii County",4,6,2385,1214,1171
050,15,001,"Hawaii","Hawaii County",4,7,2481,1291,1190
050,15,001,"Hawaii","Hawaii County",4,8,2536,1352,1184
050,15,001,"Hawaii","Hawaii County",4,9,2553,1314,1239
050,15,001,"Hawaii","Hawaii County",4,10,2525,1283,1242
050,15,001,"Hawaii","Hawaii County",4,11,2514,1278,1236
050,15,001,"Hawaii","Hawaii County",4,12,2433,1196,1237
050,15,001,"Hawaii","Hawaii County",4,13,2450,1203,1247
050,15,001,"Hawaii","Hawaii County",4,14,2505,1300,1205
050,15,001,"Hawaii","Hawaii County",4,15,2444,1251,1193
050,15,001,"Hawaii","Hawaii County",4,16,2415,1254,1161
050,15,001,"Hawaii","Hawaii County",4,17,2423,1266,1157
050,15,001,"Hawaii","Hawaii County",4,18,2225,1154,1071
050,15,001,"Hawaii","Hawaii County",4,19,1904,978,926
050,15,001,"Hawaii","Hawaii County",4,20,1865,944,921
050,15,001,"Hawaii","Hawaii County",4,21,1897,945,952
050,15,001,"Hawaii","Hawaii County",4,22,1926,962,964
050,15,001,"Hawaii","Hawaii County",4,23,2014,1017,997
050,15,001,"Hawaii","Hawaii County",4,24,1940,947,993
050,15,001,"Hawaii","Hawaii County",4,25,1957,938,1019
050,15,001,"Hawaii","Hawaii County",4,26,1962,952,1010
050,15,001,"Hawaii","Hawaii County",4,27,2076,1036,1040
050,15,001,"Hawaii","Hawaii County",4,28,2175,1072,1103
050,15,001,"Hawaii","Hawaii County",4,29,2216,1119,1097
050,15,001,"Hawaii","Hawaii County",4,30,2434,1215,1219
050,15,001,"Hawaii","Hawaii County",4,31,2506,1260,1246
050,15,001,"Hawaii","Hawaii County",4,32,2504,1200,1304
050,15,001,"Hawaii","Hawaii County",4,33,2455,1205,1250
050,15,001,"Hawaii","Hawaii County",4,34,2494,1201,1293
050,15,001,"Hawaii","Hawaii County",4,35,2620,1269,1351
050,15,001,"Hawaii","Hawaii County",4,36,2569,1294,1275
050,15,001,"Hawaii","Hawaii County",4,37,2610,1262,1348
050,15,001,"Hawaii","Hawaii County",4,38,2616,1269,1347
050,15,001,"Hawaii","Hawaii County",4,39,2724,1345,1379
050,15,001,"Hawaii","Hawaii County",4,40,2774,1375,1399
050,15,001,"Hawaii","Hawaii County",4,41,2703,1354,1349
050,15,001,"Hawaii","Hawaii County",4,42,2648,1342,1306
050,15,001,"Hawaii","Hawaii County",4,43,2550,1282,1268
050,15,001,"Hawaii","Hawaii County",4,44,2493,1215,1278
050,15,001,"Hawaii","Hawaii County",4,45,2493,1186,1307
050,15,001,"Hawaii","Hawaii County",4,46,2421,1198,1223
050,15,001,"Hawaii","Hawaii County",4,47,2330,1148,1182
050,15,001,"Hawaii","Hawaii County",4,48,2292,1130,1162
050,15,001,"Hawaii","Hawaii County",4,49,2302,1161,1141
050,15,001,"Hawaii","Hawaii County",4,50,2317,1168,1149
050,15,001,"Hawaii","Hawaii County",4,51,2424,1221,1203
050,15,001,"Hawaii","Hawaii County",4,52,2511,1222,1289
050,15,001,"Hawaii","Hawaii County",4,53,2340,1132,1208
050,15,001,"Hawaii","Hawaii County",4,54,2301,1150,1151
050,15,001,"Hawaii","Hawaii County",4,55,2341,1167,1174
050,15,001,"Hawaii","Hawaii County",4,56,2436,1187,1249
050,15,001,"Hawaii","Hawaii County",4,57,2569,1271,1298
050,15,001,"Hawaii","Hawaii County",4,58,2637,1276,1361
050,15,001,"Hawaii","Hawaii County",4,59,2778,1344,1434
050,15,001,"Hawaii","Hawaii County",4,60,2907,1408,1499
050,15,001,"Hawaii","Hawaii County",4,61,2961,1432,1529
050,15,001,"Hawaii","Hawaii County",4,62,3050,1518,1532
050,15,001,"Hawaii","Hawaii County",4,63,3071,1516,1555
050,15,001,"Hawaii","Hawaii County",4,64,3158,1554,1604
050,15,001,"Hawaii","Hawaii County",4,65,3201,1567,1634
050,15,001,"Hawaii","Hawaii County",4,66,3236,1571,1665
050,15,001,"Hawaii","Hawaii County",4,67,3277,1602,1675
050,15,001,"Hawaii","Hawaii County",4,68,3240,1588,1652
050,15,001,"Hawaii","Hawaii County",4,69,3275,1615,1660
050,15,001,"Hawaii","Hawaii County",4,70,3259,1622,1637
050,15,001,"Hawaii","Hawaii County",4,71,3059,1530,1529
050,15,001,"Hawaii","Hawaii County",4,72,2870,1454,1416
050,15,001,"Hawaii","Hawaii County",4,73,2709,1368,1341
050,15,001,"Hawaii","Hawaii County",4,74,2530,1300,1230
050,15,001,"Hawaii","Hawaii County",4,75,2542,1343,1199
050,15,001,"Hawaii","Hawaii County",4,76,1799,913,886
050,15,001,"Hawaii","Hawaii County",4,77,1663,813,850
050,15,001,"Hawaii","Hawaii County",4,78,1588,804,784
050,15,001,"Hawaii","Hawaii County",4,79,1429,726,703
050,15,001,"Hawaii","Hawaii County",4,80,1180,579,601
050,15,001,"Hawaii","Hawaii County",4,81,1011,488,523
050,15,001,"Hawaii","Hawaii County",4,82,853,384,469
050,15,001,"Hawaii","Hawaii County",4,83,758,355,403
050,15,001,"Hawaii","Hawaii County",4,84,731,335,396
050,15,001,"Hawaii","Hawaii County",4,85,4880,1896,2984
050,15,001,"Hawaii","Hawaii County",5,0,1943,981,962
050,15,001,"Hawaii","Hawaii County",5,1,2159,1060,1099
050,15,001,"Hawaii","Hawaii County",5,2,2179,1092,1087
050,15,001,"Hawaii","Hawaii County",5,3,2164,1146,1018
050,15,001,"Hawaii","Hawaii County",5,4,2152,1100,1052
050,15,001,"Hawaii","Hawaii County",5,5,2299,1208,1091
050,15,001,"Hawaii","Hawaii County",5,6,2337,1198,1139
050,15,001,"Hawaii","Hawaii County",5,7,2430,1253,1177
050,15,001,"Hawaii","Hawaii County",5,8,2470,1289,1181
050,15,001,"Hawaii","Hawaii County",5,9,2558,1362,1196
050,15,001,"Hawaii","Hawaii County",5,10,2563,1315,1248
050,15,001,"Hawaii","Hawaii County",5,11,2527,1281,1246
050,15,001,"Hawaii","Hawaii County",5,12,2546,1293,1253
050,15,001,"Hawaii","Hawaii County",5,13,2467,1213,1254
050,15,001,"Hawaii","Hawaii County",5,14,2440,1196,1244
050,15,001,"Hawaii","Hawaii County",5,15,2485,1281,1204
050,15,001,"Hawaii","Hawaii County",5,16,2461,1267,1194
050,15,001,"Hawaii","Hawaii County",5,17,2443,1269,1174
050,15,001,"Hawaii","Hawaii County",5,18,2297,1210,1087
050,15,001,"Hawaii","Hawaii County",5,19,1994,1014,980
050,15,001,"Hawaii","Hawaii County",5,20,1931,983,948
050,15,001,"Hawaii","Hawaii County",5,21,1880,939,941
050,15,001,"Hawaii","Hawaii County",5,22,1933,968,965
050,15,001,"Hawaii","Hawaii County",5,23,1931,974,957
050,15,001,"Hawaii","Hawaii County",5,24,2023,1028,995
050,15,001,"Hawaii","Hawaii County",5,25,1924,938,986
050,15,001,"Hawaii","Hawaii County",5,26,1969,944,1025
050,15,001,"Hawaii","Hawaii County",5,27,1972,969,1003
050,15,001,"Hawaii","Hawaii County",5,28,2089,1038,1051
050,15,001,"Hawaii","Hawaii County",5,29,2159,1046,1113
050,15,001,"Hawaii","Hawaii County",5,30,2259,1129,1130
050,15,001,"Hawaii","Hawaii County",5,31,2463,1233,1230
050,15,001,"Hawaii","Hawaii County",5,32,2566,1274,1292
050,15,001,"Hawaii","Hawaii County",5,33,2536,1208,1328
050,15,001,"Hawaii","Hawaii County",5,34,2467,1181,1286
050,15,001,"Hawaii","Hawaii County",5,35,2540,1209,1331
050,15,001,"Hawaii","Hawaii County",5,36,2624,1273,1351
050,15,001,"Hawaii","Hawaii County",5,37,2640,1338,1302
050,15,001,"Hawaii","Hawaii County",5,38,2648,1283,1365
050,15,001,"Hawaii","Hawaii County",5,39,2633,1286,1347
050,15,001,"Hawaii","Hawaii County",5,40,2748,1362,1386
050,15,001,"Hawaii","Hawaii County",5,41,2789,1366,1423
050,15,001,"Hawaii","Hawaii County",5,42,2715,1345,1370
050,15,001,"Hawaii","Hawaii County",5,43,2684,1353,1331
050,15,001,"Hawaii","Hawaii County",5,44,2570,1272,1298
050,15,001,"Hawaii","Hawaii County",5,45,2529,1239,1290
050,15,001,"Hawaii","Hawaii County",5,46,2519,1199,1320
050,15,001,"Hawaii","Hawaii County",5,47,2476,1207,1269
050,15,001,"Hawaii","Hawaii County",5,48,2345,1155,1190
050,15,001,"Hawaii","Hawaii County",5,49,2284,1119,1165
050,15,001,"Hawaii","Hawaii County",5,50,2332,1184,1148
050,15,001,"Hawaii","Hawaii County",5,51,2321,1179,1142
050,15,001,"Hawaii","Hawaii County",5,52,2418,1217,1201
050,15,001,"Hawaii","Hawaii County",5,53,2501,1224,1277
050,15,001,"Hawaii","Hawaii County",5,54,2349,1127,1222
050,15,001,"Hawaii","Hawaii County",5,55,2330,1164,1166
050,15,001,"Hawaii","Hawaii County",5,56,2367,1180,1187
050,15,001,"Hawaii","Hawaii County",5,57,2463,1203,1260
050,15,001,"Hawaii","Hawaii County",5,58,2573,1269,1304
050,15,001,"Hawaii","Hawaii County",5,59,2660,1280,1380
050,15,001,"Hawaii","Hawaii County",5,60,2792,1364,1428
050,15,001,"Hawaii","Hawaii County",5,61,2927,1419,1508
050,15,001,"Hawaii","Hawaii County",5,62,2964,1450,1514
050,15,001,"Hawaii","Hawaii County",5,63,3050,1496,1554
050,15,001,"Hawaii","Hawaii County",5,64,3082,1521,1561
050,15,001,"Hawaii","Hawaii County",5,65,3133,1515,1618
050,15,001,"Hawaii","Hawaii County",5,66,3191,1565,1626
050,15,001,"Hawaii","Hawaii County",5,67,3191,1545,1646
050,15,001,"Hawaii","Hawaii County",5,68,3232,1568,1664
050,15,001,"Hawaii","Hawaii County",5,69,3203,1555,1648
050,15,001,"Hawaii","Hawaii County",5,70,3259,1597,1662
050,15,001,"Hawaii","Hawaii County",5,71,3199,1596,1603
050,15,001,"Hawaii","Hawaii County",5,72,3023,1514,1509
050,15,001,"Hawaii","Hawaii County",5,73,2809,1426,1383
050,15,001,"Hawaii","Hawaii County",5,74,2644,1330,1314
050,15,001,"Hawaii","Hawaii County",5,75,2480,1275,1205
050,15,001,"Hawaii","Hawaii County",5,76,2465,1304,1161
050,15,001,"Hawaii","Hawaii County",5,77,1765,880,885
050,15,001,"Hawaii","Hawaii County",5,78,1615,791,824
050,15,001,"Hawaii","Hawaii County",5,79,1539,781,758
050,15,001,"Hawaii","Hawaii County",5,80,1383,709,674
050,15,001,"Hawaii","Hawaii County",5,81,1120,553,567
050,15,001,"Hawaii","Hawaii County",5,82,961,460,501
050,15,001,"Hawaii","Hawaii County",5,83,825,369,456
050,15,001,"Hawaii","Hawaii County",5,84,709,330,379
050,15,001,"Hawaii","Hawaii County",5,85,4980,1976,3004
050,15,003,"Hawaii","Honolulu County",1,0,12087,6190,5897
050,15,003,"Hawaii","Honolulu County",1,1,12061,6167,5894
050,15,003,"Hawaii","Honolulu County",1,2,12245,6332,5913
050,15,003,"Hawaii","Honolulu County",1,3,12557,6586,5971
050,15,003,"Hawaii","Honolulu County",1,4,12785,6679,6106
050,15,003,"Hawaii","Honolulu County",1,5,12466,6418,6048
050,15,003,"Hawaii","Honolulu County",1,6,12514,6501,6013
050,15,003,"Hawaii","Honolulu County",1,7,12745,6602,6143
050,15,003,"Hawaii","Honolulu County",1,8,12305,6252,6053
050,15,003,"Hawaii","Honolulu County",1,9,12103,6222,5881
050,15,003,"Hawaii","Honolulu County",1,10,11688,5983,5705
050,15,003,"Hawaii","Honolulu County",1,11,11563,5928,5635
050,15,003,"Hawaii","Honolulu County",1,12,11812,6104,5708
050,15,003,"Hawaii","Honolulu County",1,13,11366,5872,5494
050,15,003,"Hawaii","Honolulu County",1,14,11023,5620,5403
050,15,003,"Hawaii","Honolulu County",1,15,11047,5645,5402
050,15,003,"Hawaii","Honolulu County",1,16,11117,5725,5392
050,15,003,"Hawaii","Honolulu County",1,17,10798,5610,5188
050,15,003,"Hawaii","Honolulu County",1,18,10147,5328,4819
050,15,003,"Hawaii","Honolulu County",1,19,11027,6153,4874
050,15,003,"Hawaii","Honolulu County",1,20,12613,7408,5205
050,15,003,"Hawaii","Honolulu County",1,21,13608,8019,5589
050,15,003,"Hawaii","Honolulu County",1,22,13779,8047,5732
050,15,003,"Hawaii","Honolulu County",1,23,13927,7842,6085
050,15,003,"Hawaii","Honolulu County",1,24,14376,8010,6366
050,15,003,"Hawaii","Honolulu County",1,25,14785,8108,6677
050,15,003,"Hawaii","Honolulu County",1,26,15043,8185,6858
050,15,003,"Hawaii","Honolulu County",1,27,14922,7979,6943
050,15,003,"Hawaii","Honolulu County",1,28,15314,8125,7189
050,15,003,"Hawaii","Honolulu County",1,29,15663,8364,7299
050,15,003,"Hawaii","Honolulu County",1,30,15453,8137,7316
050,15,003,"Hawaii","Honolulu County",1,31,14913,7799,7114
050,15,003,"Hawaii","Honolulu County",1,32,14603,7654,6949
050,15,003,"Hawaii","Honolulu County",1,33,14696,7708,6988
050,15,003,"Hawaii","Honolulu County",1,34,14443,7560,6883
050,15,003,"Hawaii","Honolulu County",1,35,14289,7464,6825
050,15,003,"Hawaii","Honolulu County",1,36,14240,7387,6853
050,15,003,"Hawaii","Honolulu County",1,37,14289,7361,6928
050,15,003,"Hawaii","Honolulu County",1,38,14083,7296,6787
050,15,003,"Hawaii","Honolulu County",1,39,13905,7136,6769
050,15,003,"Hawaii","Honolulu County",1,40,13608,6921,6687
050,15,003,"Hawaii","Honolulu County",1,41,12857,6605,6252
050,15,003,"Hawaii","Honolulu County",1,42,12312,6348,5964
050,15,003,"Hawaii","Honolulu County",1,43,11909,6094,5815
050,15,003,"Hawaii","Honolulu County",1,44,11654,5876,5778
050,15,003,"Hawaii","Honolulu County",1,45,11600,5888,5712
050,15,003,"Hawaii","Honolulu County",1,46,11604,5827,5777
050,15,003,"Hawaii","Honolulu County",1,47,11712,5994,5718
050,15,003,"Hawaii","Honolulu County",1,48,12155,6170,5985
050,15,003,"Hawaii","Honolulu County",1,49,12836,6525,6311
050,15,003,"Hawaii","Honolulu County",1,50,12719,6506,6213
050,15,003,"Hawaii","Honolulu County",1,51,12216,6105,6111
050,15,003,"Hawaii","Honolulu County",1,52,11804,5857,5947
050,15,003,"Hawaii","Honolulu County",1,53,11728,5917,5811
050,15,003,"Hawaii","Honolulu County",1,54,12096,6092,6004
050,15,003,"Hawaii","Honolulu County",1,55,12545,6342,6203
050,15,003,"Hawaii","Honolulu County",1,56,12672,6342,6330
050,15,003,"Hawaii","Honolulu County",1,57,12745,6395,6350
050,15,003,"Hawaii","Honolulu County",1,58,12388,6324,6064
050,15,003,"Hawaii","Honolulu County",1,59,12529,6300,6229
050,15,003,"Hawaii","Honolulu County",1,60,12503,6262,6241
050,15,003,"Hawaii","Honolulu County",1,61,12122,6002,6120
050,15,003,"Hawaii","Honolulu County",1,62,12034,5929,6105
050,15,003,"Hawaii","Honolulu County",1,63,11905,5813,6092
050,15,003,"Hawaii","Honolulu County",1,64,11691,5653,6038
050,15,003,"Hawaii","Honolulu County",1,65,11478,5608,5870
050,15,003,"Hawaii","Honolulu County",1,66,11215,5438,5777
050,15,003,"Hawaii","Honolulu County",1,67,11150,5362,5788
050,15,003,"Hawaii","Honolulu County",1,68,10411,4974,5437
050,15,003,"Hawaii","Honolulu County",1,69,10046,4741,5305
050,15,003,"Hawaii","Honolulu County",1,70,10399,4907,5492
050,15,003,"Hawaii","Honolulu County",1,71,10011,4740,5271
050,15,003,"Hawaii","Honolulu County",1,72,9957,4691,5266
050,15,003,"Hawaii","Honolulu County",1,73,9723,4566,5157
050,15,003,"Hawaii","Honolulu County",1,74,7704,3588,4116
050,15,003,"Hawaii","Honolulu County",1,75,7793,3629,4164
050,15,003,"Hawaii","Honolulu County",1,76,7292,3390,3902
050,15,003,"Hawaii","Honolulu County",1,77,6521,3002,3519
050,15,003,"Hawaii","Honolulu County",1,78,5770,2605,3165
050,15,003,"Hawaii","Honolulu County",1,79,5366,2424,2942
050,15,003,"Hawaii","Honolulu County",1,80,5043,2208,2835
050,15,003,"Hawaii","Honolulu County",1,81,4562,1987,2575
050,15,003,"Hawaii","Honolulu County",1,82,4249,1807,2442
050,15,003,"Hawaii","Honolulu County",1,83,3875,1624,2251
050,15,003,"Hawaii","Honolulu County",1,84,3683,1460,2223
050,15,003,"Hawaii","Honolulu County",1,85,29915,10676,19239
050,15,003,"Hawaii","Honolulu County",2,0,11795,6053,5742
050,15,003,"Hawaii","Honolulu County",2,1,11983,6129,5854
050,15,003,"Hawaii","Honolulu County",2,2,12141,6261,5880
050,15,003,"Hawaii","Honolulu County",2,3,12407,6489,5918
050,15,003,"Hawaii","Honolulu County",2,4,12643,6609,6034
050,15,003,"Hawaii","Honolulu County",2,5,12478,6459,6019
050,15,003,"Hawaii","Honolulu County",2,6,12453,6456,5997
050,15,003,"Hawaii","Honolulu County",2,7,12608,6540,6068
050,15,003,"Hawaii","Honolulu County",2,8,12286,6266,6020
050,15,003,"Hawaii","Honolulu County",2,9,12073,6186,5887
050,15,003,"Hawaii","Honolulu County",2,10,11730,6006,5724
050,15,003,"Hawaii","Honolulu County",2,11,11453,5866,5587
050,15,003,"Hawaii","Honolulu County",2,12,11727,6049,5678
050,15,003,"Hawaii","Honolulu County",2,13,11378,5880,5498
050,15,003,"Hawaii","Honolulu County",2,14,11036,5659,5377
050,15,003,"Hawaii","Honolulu County",2,15,10974,5600,5374
050,15,003,"Hawaii","Honolulu County",2,16,11037,5673,5364
050,15,003,"Hawaii","Honolulu County",2,17,10849,5618,5231
050,15,003,"Hawaii","Honolulu County",2,18,9940,5274,4666
050,15,003,"Hawaii","Honolulu County",2,19,10690,6020,4670
050,15,003,"Hawaii","Honolulu County",2,20,12452,7340,5112
050,15,003,"Hawaii","Honolulu County",2,21,13264,7859,5405
050,15,003,"Hawaii","Honolulu County",2,22,13634,7951,5683
050,15,003,"Hawaii","Honolulu County",2,23,13779,7771,6008
050,15,003,"Hawaii","Honolulu County",2,24,14139,7877,6262
050,15,003,"Hawaii","Honolulu County",2,25,14550,7981,6569
050,15,003,"Hawaii","Honolulu County",2,26,14840,8080,6760
050,15,003,"Hawaii","Honolulu County",2,27,14799,7935,6864
050,15,003,"Hawaii","Honolulu County",2,28,15064,8005,7059
050,15,003,"Hawaii","Honolulu County",2,29,15483,8248,7235
050,15,003,"Hawaii","Honolulu County",2,30,15466,8166,7300
050,15,003,"Hawaii","Honolulu County",2,31,14872,7781,7091
050,15,003,"Hawaii","Honolulu County",2,32,14532,7607,6925
050,15,003,"Hawaii","Honolulu County",2,33,14590,7664,6926
050,15,003,"Hawaii","Honolulu County",2,34,14413,7557,6856
050,15,003,"Hawaii","Honolulu County",2,35,14306,7471,6835
050,15,003,"Hawaii","Honolulu County",2,36,14091,7322,6769
050,15,003,"Hawaii","Honolulu County",2,37,14236,7352,6884
050,15,003,"Hawaii","Honolulu County",2,38,14092,7285,6807
050,15,003,"Hawaii","Honolulu County",2,39,13798,7098,6700
050,15,003,"Hawaii","Honolulu County",2,40,13695,6986,6709
050,15,003,"Hawaii","Honolulu County",2,41,12931,6621,6310
050,15,003,"Hawaii","Honolulu County",2,42,12326,6349,5977
050,15,003,"Hawaii","Honolulu County",2,43,11974,6117,5857
050,15,003,"Hawaii","Honolulu County",2,44,11611,5883,5728
050,15,003,"Hawaii","Honolulu County",2,45,11618,5887,5731
050,15,003,"Hawaii","Honolulu County",2,46,11523,5786,5737
050,15,003,"Hawaii","Honolulu County",2,47,11611,5907,5704
050,15,003,"Hawaii","Honolulu County",2,48,12008,6098,5910
050,15,003,"Hawaii","Honolulu County",2,49,12641,6434,6207
050,15,003,"Hawaii","Honolulu County",2,50,12740,6506,6234
050,15,003,"Hawaii","Honolulu County",2,51,12240,6150,6090
050,15,003,"Hawaii","Honolulu County",2,52,11891,5906,5985
050,15,003,"Hawaii","Honolulu County",2,53,11622,5824,5798
050,15,003,"Hawaii","Honolulu County",2,54,11954,6031,5923
050,15,003,"Hawaii","Honolulu County",2,55,12407,6270,6137
050,15,003,"Hawaii","Honolulu County",2,56,12592,6308,6284
050,15,003,"Hawaii","Honolulu County",2,57,12712,6376,6336
050,15,003,"Hawaii","Honolulu County",2,58,12435,6319,6116
050,15,003,"Hawaii","Honolulu County",2,59,12354,6234,6120
050,15,003,"Hawaii","Honolulu County",2,60,12575,6286,6289
050,15,003,"Hawaii","Honolulu County",2,61,12065,5993,6072
050,15,003,"Hawaii","Honolulu County",2,62,12031,5924,6107
050,15,003,"Hawaii","Honolulu County",2,63,11888,5807,6081
050,15,003,"Hawaii","Honolulu County",2,64,11661,5643,6018
050,15,003,"Hawaii","Honolulu County",2,65,11489,5598,5891
050,15,003,"Hawaii","Honolulu County",2,66,11231,5448,5783
050,15,003,"Hawaii","Honolulu County",2,67,11060,5333,5727
050,15,003,"Hawaii","Honolulu County",2,68,10595,5066,5529
050,15,003,"Hawaii","Honolulu County",2,69,10028,4735,5293
050,15,003,"Hawaii","Honolulu County",2,70,10364,4889,5475
050,15,003,"Hawaii","Honolulu County",2,71,10021,4732,5289
050,15,003,"Hawaii","Honolulu County",2,72,9893,4656,5237
050,15,003,"Hawaii","Honolulu County",2,73,9893,4662,5231
050,15,003,"Hawaii","Honolulu County",2,74,7911,3691,4220
050,15,003,"Hawaii","Honolulu County",2,75,7741,3595,4146
050,15,003,"Hawaii","Honolulu County",2,76,7388,3433,3955
050,15,003,"Hawaii","Honolulu County",2,77,6674,3081,3593
050,15,003,"Hawaii","Honolulu County",2,78,5927,2672,3255
050,15,003,"Hawaii","Honolulu County",2,79,5399,2430,2969
050,15,003,"Hawaii","Honolulu County",2,80,5106,2254,2852
050,15,003,"Hawaii","Honolulu County",2,81,4624,2007,2617
050,15,003,"Hawaii","Honolulu County",2,82,4283,1829,2454
050,15,003,"Hawaii","Honolulu County",2,83,3912,1638,2274
050,15,003,"Hawaii","Honolulu County",2,84,3680,1477,2203
050,15,003,"Hawaii","Honolulu County",2,85,29994,10699,19295
050,15,003,"Hawaii","Honolulu County",3,0,10948,5634,5314
050,15,003,"Hawaii","Honolulu County",3,1,11435,5874,5561
050,15,003,"Hawaii","Honolulu County",3,2,11647,5943,5704
050,15,003,"Hawaii","Honolulu County",3,3,11800,6048,5752
050,15,003,"Hawaii","Honolulu County",3,4,12090,6340,5750
050,15,003,"Hawaii","Honolulu County",3,5,12272,6421,5851
050,15,003,"Hawaii","Honolulu County",3,6,12156,6310,5846
050,15,003,"Hawaii","Honolulu County",3,7,12213,6332,5881
050,15,003,"Hawaii","Honolulu County",3,8,12256,6350,5906
050,15,003,"Hawaii","Honolulu County",3,9,11966,6128,5838
050,15,003,"Hawaii","Honolulu County",3,10,11789,6040,5749
050,15,003,"Hawaii","Honolulu County",3,11,11508,5901,5607
050,15,003,"Hawaii","Honolulu County",3,12,11224,5740,5484
050,15,003,"Hawaii","Honolulu County",3,13,11407,5828,5579
050,15,003,"Hawaii","Honolulu County",3,14,11145,5754,5391
050,15,003,"Hawaii","Honolulu County",3,15,10810,5524,5286
050,15,003,"Hawaii","Honolulu County",3,16,10682,5461,5221
050,15,003,"Hawaii","Honolulu County",3,17,10824,5565,5259
050,15,003,"Hawaii","Honolulu County",3,18,10505,5537,4968
050,15,003,"Hawaii","Honolulu County",3,19,10851,6027,4824
050,15,003,"Hawaii","Honolulu County",3,20,12722,7368,5354
050,15,003,"Hawaii","Honolulu County",3,21,13333,7805,5528
050,15,003,"Hawaii","Honolulu County",3,22,13551,7875,5676
050,15,003,"Hawaii","Honolulu County",3,23,13580,7637,5943
050,15,003,"Hawaii","Honolulu County",3,24,13741,7625,6116
050,15,003,"Hawaii","Honolulu County",3,25,13815,7618,6197
050,15,003,"Hawaii","Honolulu County",3,26,14053,7616,6437
050,15,003,"Hawaii","Honolulu County",3,27,14119,7565,6554
050,15,003,"Hawaii","Honolulu County",3,28,14232,7620,6612
050,15,003,"Hawaii","Honolulu County",3,29,14681,7768,6913
050,15,003,"Hawaii","Honolulu County",3,30,15267,8125,7142
050,15,003,"Hawaii","Honolulu County",3,31,14988,7875,7113
050,15,003,"Hawaii","Honolulu County",3,32,14507,7522,6985
050,15,003,"Hawaii","Honolulu County",3,33,14336,7491,6845
050,15,003,"Hawaii","Honolulu County",3,34,14199,7381,6818
050,15,003,"Hawaii","Honolulu County",3,35,14229,7425,6804
050,15,003,"Hawaii","Honolulu County",3,36,13982,7270,6712
050,15,003,"Hawaii","Honolulu County",3,37,13964,7226,6738
050,15,003,"Hawaii","Honolulu County",3,38,13903,7153,6750
050,15,003,"Hawaii","Honolulu County",3,39,13878,7173,6705
050,15,003,"Hawaii","Honolulu County",3,40,13443,6877,6566
050,15,003,"Hawaii","Honolulu County",3,41,13340,6788,6552
050,15,003,"Hawaii","Honolulu County",3,42,12605,6444,6161
050,15,003,"Hawaii","Honolulu County",3,43,11985,6128,5857
050,15,003,"Hawaii","Honolulu County",3,44,11798,6021,5777
050,15,003,"Hawaii","Honolulu County",3,45,11417,5789,5628
050,15,003,"Hawaii","Honolulu County",3,46,11441,5765,5676
050,15,003,"Hawaii","Honolulu County",3,47,11347,5688,5659
050,15,003,"Hawaii","Honolulu County",3,48,11420,5793,5627
050,15,003,"Hawaii","Honolulu County",3,49,11921,6051,5870
050,15,003,"Hawaii","Honolulu County",3,50,12384,6279,6105
050,15,003,"Hawaii","Honolulu County",3,51,12558,6388,6170
050,15,003,"Hawaii","Honolulu County",3,52,11992,6027,5965
050,15,003,"Hawaii","Honolulu County",3,53,11759,5815,5944
050,15,003,"Hawaii","Honolulu County",3,54,11518,5764,5754
050,15,003,"Hawaii","Honolulu County",3,55,11814,5965,5849
050,15,003,"Hawaii","Honolulu County",3,56,12194,6128,6066
050,15,003,"Hawaii","Honolulu County",3,57,12357,6168,6189
050,15,003,"Hawaii","Honolulu County",3,58,12511,6273,6238
050,15,003,"Hawaii","Honolulu County",3,59,12216,6203,6013
050,15,003,"Hawaii","Honolulu County",3,60,12157,6151,6006
050,15,003,"Hawaii","Honolulu County",3,61,12294,6126,6168
050,15,003,"Hawaii","Honolulu County",3,62,11856,5859,5997
050,15,003,"Hawaii","Honolulu County",3,63,11779,5796,5983
050,15,003,"Hawaii","Honolulu County",3,64,11698,5708,5990
050,15,003,"Hawaii","Honolulu County",3,65,11395,5482,5913
050,15,003,"Hawaii","Honolulu County",3,66,11240,5444,5796
050,15,003,"Hawaii","Honolulu County",3,67,11057,5350,5707
050,15,003,"Hawaii","Honolulu County",3,68,10889,5228,5661
050,15,003,"Hawaii","Honolulu County",3,69,10396,4932,5464
050,15,003,"Hawaii","Honolulu County",3,70,9915,4642,5273
050,15,003,"Hawaii","Honolulu County",3,71,10110,4753,5357
050,15,003,"Hawaii","Honolulu County",3,72,9840,4615,5225
050,15,003,"Hawaii","Honolulu County",3,73,9702,4535,5167
050,15,003,"Hawaii","Honolulu County",3,74,9704,4567,5137
050,15,003,"Hawaii","Honolulu County",3,75,7753,3591,4162
050,15,003,"Hawaii","Honolulu County",3,76,7525,3485,4040
050,15,003,"Hawaii","Honolulu County",3,77,7227,3334,3893
050,15,003,"Hawaii","Honolulu County",3,78,6481,2975,3506
050,15,003,"Hawaii","Honolulu County",3,79,5741,2577,3164
050,15,003,"Hawaii","Honolulu County",3,80,5273,2353,2920
050,15,003,"Hawaii","Honolulu County",3,81,4908,2147,2761
050,15,003,"Hawaii","Honolulu County",3,82,4424,1896,2528
050,15,003,"Hawaii","Honolulu County",3,83,4089,1735,2354
050,15,003,"Hawaii","Honolulu County",3,84,3711,1518,2193
050,15,003,"Hawaii","Honolulu County",3,85,30371,10851,19520
050,15,003,"Hawaii","Honolulu County",4,0,11138,5763,5375
050,15,003,"Hawaii","Honolulu County",4,1,10689,5514,5175
050,15,003,"Hawaii","Honolulu County",4,2,11137,5718,5419
050,15,003,"Hawaii","Honolulu County",4,3,11560,5881,5679
050,15,003,"Hawaii","Honolulu County",4,4,11501,5850,5651
050,15,003,"Hawaii","Honolulu County",4,5,11852,6218,5634
050,15,003,"Hawaii","Honolulu County",4,6,12049,6327,5722
050,15,003,"Hawaii","Honolulu County",4,7,11893,6159,5734
050,15,003,"Hawaii","Honolulu County",4,8,11957,6218,5739
050,15,003,"Hawaii","Honolulu County",4,9,11998,6235,5763
050,15,003,"Hawaii","Honolulu County",4,10,11716,6002,5714
050,15,003,"Hawaii","Honolulu County",4,11,11524,5887,5637
050,15,003,"Hawaii","Honolulu County",4,12,11234,5780,5454
050,15,003,"Hawaii","Honolulu County",4,13,10941,5616,5325
050,15,003,"Hawaii","Honolulu County",4,14,11167,5683,5484
050,15,003,"Hawaii","Honolulu County",4,15,10925,5609,5316
050,15,003,"Hawaii","Honolulu County",4,16,10588,5397,5191
050,15,003,"Hawaii","Honolulu County",4,17,10472,5378,5094
050,15,003,"Hawaii","Honolulu County",4,18,10404,5491,4913
050,15,003,"Hawaii","Honolulu County",4,19,10817,5958,4859
050,15,003,"Hawaii","Honolulu County",4,20,12004,6945,5059
050,15,003,"Hawaii","Honolulu County",4,21,13287,7714,5573
050,15,003,"Hawaii","Honolulu County",4,22,13282,7698,5584
050,15,003,"Hawaii","Honolulu County",4,23,13329,7449,5880
050,15,003,"Hawaii","Honolulu County",4,24,13429,7346,6083
050,15,003,"Hawaii","Honolulu County",4,25,13546,7353,6193
050,15,003,"Hawaii","Honolulu County",4,26,13521,7313,6208
050,15,003,"Hawaii","Honolulu County",4,27,13624,7231,6393
050,15,003,"Hawaii","Honolulu County",4,28,13735,7269,6466
050,15,003,"Hawaii","Honolulu County",4,29,13873,7364,6509
050,15,003,"Hawaii","Honolulu County",4,30,14394,7578,6816
050,15,003,"Hawaii","Honolulu County",4,31,14822,7795,7027
050,15,003,"Hawaii","Honolulu County",4,32,14589,7591,6998
050,15,003,"Hawaii","Honolulu County",4,33,14256,7374,6882
050,15,003,"Hawaii","Honolulu County",4,34,14077,7301,6776
050,15,003,"Hawaii","Honolulu County",4,35,14189,7393,6796
050,15,003,"Hawaii","Honolulu County",4,36,14041,7307,6734
050,15,003,"Hawaii","Honolulu County",4,37,13786,7078,6708
050,15,003,"Hawaii","Honolulu County",4,38,13748,7083,6665
050,15,003,"Hawaii","Honolulu County",4,39,13639,7028,6611
050,15,003,"Hawaii","Honolulu County",4,40,13651,7062,6589
050,15,003,"Hawaii","Honolulu County",4,41,13070,6665,6405
050,15,003,"Hawaii","Honolulu County",4,42,13123,6668,6455
050,15,003,"Hawaii","Honolulu County",4,43,12282,6221,6061
050,15,003,"Hawaii","Honolulu County",4,44,11792,6015,5777
050,15,003,"Hawaii","Honolulu County",4,45,11629,5906,5723
050,15,003,"Hawaii","Honolulu County",4,46,11235,5675,5560
050,15,003,"Hawaii","Honolulu County",4,47,11326,5703,5623
050,15,003,"Hawaii","Honolulu County",4,48,11179,5596,5583
050,15,003,"Hawaii","Honolulu County",4,49,11296,5719,5577
050,15,003,"Hawaii","Honolulu County",4,50,11631,5858,5773
050,15,003,"Hawaii","Honolulu County",4,51,12229,6153,6076
050,15,003,"Hawaii","Honolulu County",4,52,12365,6295,6070
050,15,003,"Hawaii","Honolulu County",4,53,11819,5915,5904
050,15,003,"Hawaii","Honolulu County",4,54,11600,5728,5872
050,15,003,"Hawaii","Honolulu County",4,55,11344,5669,5675
050,15,003,"Hawaii","Honolulu County",4,56,11597,5832,5765
050,15,003,"Hawaii","Honolulu County",4,57,12028,6017,6011
050,15,003,"Hawaii","Honolulu County",4,58,12122,6037,6085
050,15,003,"Hawaii","Honolulu County",4,59,12290,6137,6153
050,15,003,"Hawaii","Honolulu County",4,60,12043,6121,5922
050,15,003,"Hawaii","Honolulu County",4,61,11933,5995,5938
050,15,003,"Hawaii","Honolulu County",4,62,12056,5950,6106
050,15,003,"Hawaii","Honolulu County",4,63,11545,5683,5862
050,15,003,"Hawaii","Honolulu County",4,64,11575,5659,5916
050,15,003,"Hawaii","Honolulu County",4,65,11468,5578,5890
050,15,003,"Hawaii","Honolulu County",4,66,11165,5304,5861
050,15,003,"Hawaii","Honolulu County",4,67,11047,5344,5703
050,15,003,"Hawaii","Honolulu County",4,68,10859,5225,5634
050,15,003,"Hawaii","Honolulu County",4,69,10662,5102,5560
050,15,003,"Hawaii","Honolulu County",4,70,10216,4825,5391
050,15,003,"Hawaii","Honolulu County",4,71,9632,4493,5139
050,15,003,"Hawaii","Honolulu County",4,72,9968,4656,5312
050,15,003,"Hawaii","Honolulu County",4,73,9610,4492,5118
050,15,003,"Hawaii","Honolulu County",4,74,9470,4421,5049
050,15,003,"Hawaii","Honolulu County",4,75,9454,4419,5035
050,15,003,"Hawaii","Honolulu County",4,76,7525,3481,4044
050,15,003,"Hawaii","Honolulu County",4,77,7330,3357,3973
050,15,003,"Hawaii","Honolulu County",4,78,7002,3210,3792
050,15,003,"Hawaii","Honolulu County",4,79,6274,2852,3422
050,15,003,"Hawaii","Honolulu County",4,80,5551,2458,3093
050,15,003,"Hawaii","Honolulu County",4,81,5052,2225,2827
050,15,003,"Hawaii","Honolulu County",4,82,4662,2013,2649
050,15,003,"Hawaii","Honolulu County",4,83,4209,1791,2418
050,15,003,"Hawaii","Honolulu County",4,84,3838,1590,2248
050,15,003,"Hawaii","Honolulu County",4,85,30341,10878,19463
050,15,003,"Hawaii","Honolulu County",5,0,10774,5590,5184
050,15,003,"Hawaii","Honolulu County",5,1,10907,5592,5315
050,15,003,"Hawaii","Honolulu County",5,2,10438,5392,5046
050,15,003,"Hawaii","Honolulu County",5,3,11020,5614,5406
050,15,003,"Hawaii","Honolulu County",5,4,11357,5766,5591
050,15,003,"Hawaii","Honolulu County",5,5,11284,5760,5524
050,15,003,"Hawaii","Honolulu County",5,6,11657,6151,5506
050,15,003,"Hawaii","Honolulu County",5,7,11833,6182,5651
050,15,003,"Hawaii","Honolulu County",5,8,11786,6094,5692
050,15,003,"Hawaii","Honolulu County",5,9,11756,6123,5633
050,15,003,"Hawaii","Honolulu County",5,10,11742,6089,5653
050,15,003,"Hawaii","Honolulu County",5,11,11528,5914,5614
050,15,003,"Hawaii","Honolulu County",5,12,11366,5849,5517
050,15,003,"Hawaii","Honolulu County",5,13,11103,5689,5414
050,15,003,"Hawaii","Honolulu County",5,14,10756,5508,5248
050,15,003,"Hawaii","Honolulu County",5,15,11060,5587,5473
050,15,003,"Hawaii","Honolulu County",5,16,10692,5481,5211
050,15,003,"Hawaii","Honolulu County",5,17,10435,5355,5080
050,15,003,"Hawaii","Honolulu County",5,18,10123,5327,4796
050,15,003,"Hawaii","Honolulu County",5,19,10826,5989,4837
050,15,003,"Hawaii","Honolulu County",5,20,12220,7051,5169
050,15,003,"Hawaii","Honolulu County",5,21,12634,7339,5295
050,15,003,"Hawaii","Honolulu County",5,22,13438,7733,5705
050,15,003,"Hawaii","Honolulu County",5,23,13200,7407,5793
050,15,003,"Hawaii","Honolulu County",5,24,13248,7289,5959
050,15,003,"Hawaii","Honolulu County",5,25,13052,7040,6012
050,15,003,"Hawaii","Honolulu County",5,26,13165,7077,6088
050,15,003,"Hawaii","Honolulu County",5,27,13148,6997,6151
050,15,003,"Hawaii","Honolulu County",5,28,13242,6960,6282
050,15,003,"Hawaii","Honolulu County",5,29,13632,7206,6426
050,15,003,"Hawaii","Honolulu County",5,30,13647,7208,6439
050,15,003,"Hawaii","Honolulu County",5,31,13924,7243,6681
050,15,003,"Hawaii","Honolulu County",5,32,14597,7606,6991
050,15,003,"Hawaii","Honolulu County",5,33,14417,7490,6927
050,15,003,"Hawaii","Honolulu County",5,34,14022,7210,6812
050,15,003,"Hawaii","Honolulu County",5,35,14062,7360,6702
050,15,003,"Hawaii","Honolulu County",5,36,13975,7256,6719
050,15,003,"Hawaii","Honolulu County",5,37,14018,7196,6822
050,15,003,"Hawaii","Honolulu County",5,38,13674,6986,6688
050,15,003,"Hawaii","Honolulu County",5,39,13561,7003,6558
050,15,003,"Hawaii","Honolulu County",5,40,13491,6954,6537
050,15,003,"Hawaii","Honolulu County",5,41,13390,6895,6495
050,15,003,"Hawaii","Honolulu County",5,42,12852,6510,6342
050,15,003,"Hawaii","Honolulu County",5,43,12863,6522,6341
050,15,003,"Hawaii","Honolulu County",5,44,12067,6094,5973
050,15,003,"Hawaii","Honolulu County",5,45,11677,5991,5686
050,15,003,"Hawaii","Honolulu County",5,46,11459,5813,5646
050,15,003,"Hawaii","Honolulu County",5,47,11164,5606,5558
050,15,003,"Hawaii","Honolulu County",5,48,11151,5605,5546
050,15,003,"Hawaii","Honolulu County",5,49,11119,5589,5530
050,15,003,"Hawaii","Honolulu County",5,50,11157,5623,5534
050,15,003,"Hawaii","Honolulu County",5,51,11497,5768,5729
050,15,003,"Hawaii","Honolulu County",5,52,12054,6079,5975
050,15,003,"Hawaii","Honolulu County",5,53,12238,6226,6012
050,15,003,"Hawaii","Honolulu County",5,54,11714,5853,5861
050,15,003,"Hawaii","Honolulu County",5,55,11502,5683,5819
050,15,003,"Hawaii","Honolulu County",5,56,11164,5543,5621
050,15,003,"Hawaii","Honolulu County",5,57,11465,5743,5722
050,15,003,"Hawaii","Honolulu County",5,58,11863,5897,5966
050,15,003,"Hawaii","Honolulu County",5,59,11932,5918,6014
050,15,003,"Hawaii","Honolulu County",5,60,12131,6081,6050
050,15,003,"Hawaii","Honolulu County",5,61,11798,5955,5843
050,15,003,"Hawaii","Honolulu County",5,62,11691,5854,5837
050,15,003,"Hawaii","Honolulu County",5,63,11846,5820,6026
050,15,003,"Hawaii","Honolulu County",5,64,11363,5565,5798
050,15,003,"Hawaii","Honolulu County",5,65,11406,5562,5844
050,15,003,"Hawaii","Honolulu County",5,66,11311,5465,5846
050,15,003,"Hawaii","Honolulu County",5,67,11020,5246,5774
050,15,003,"Hawaii","Honolulu County",5,68,10876,5252,5624
050,15,003,"Hawaii","Honolulu County",5,69,10645,5100,5545
050,15,003,"Hawaii","Honolulu County",5,70,10522,5001,5521
050,15,003,"Hawaii","Honolulu County",5,71,10007,4701,5306
050,15,003,"Hawaii","Honolulu County",5,72,9468,4373,5095
050,15,003,"Hawaii","Honolulu County",5,73,9773,4527,5246
050,15,003,"Hawaii","Honolulu County",5,74,9405,4396,5009
050,15,003,"Hawaii","Honolulu County",5,75,9249,4300,4949
050,15,003,"Hawaii","Honolulu County",5,76,9188,4283,4905
050,15,003,"Hawaii","Honolulu County",5,77,7360,3376,3984
050,15,003,"Hawaii","Honolulu County",5,78,7113,3232,3881
050,15,003,"Hawaii","Honolulu County",5,79,6797,3090,3707
050,15,003,"Hawaii","Honolulu County",5,80,6098,2746,3352
050,15,003,"Hawaii","Honolulu County",5,81,5341,2346,2995
050,15,003,"Hawaii","Honolulu County",5,82,4833,2113,2720
050,15,003,"Hawaii","Honolulu County",5,83,4475,1939,2536
050,15,003,"Hawaii","Honolulu County",5,84,3979,1653,2326
050,15,003,"Hawaii","Honolulu County",5,85,30575,11053,19522
050,15,005,"Hawaii","Kalawao County",1,0,1,1,0
050,15,005,"Hawaii","Kalawao County",1,1,0,0,0
050,15,005,"Hawaii","Kalawao County",1,2,2,1,1
050,15,005,"Hawaii","Kalawao County",1,3,0,0,0
050,15,005,"Hawaii","Kalawao County",1,4,0,0,0
050,15,005,"Hawaii","Kalawao County",1,5,0,0,0
050,15,005,"Hawaii","Kalawao County",1,6,0,0,0
050,15,005,"Hawaii","Kalawao County",1,7,0,0,0
050,15,005,"Hawaii","Kalawao County",1,8,0,0,0
050,15,005,"Hawaii","Kalawao County",1,9,0,0,0
050,15,005,"Hawaii","Kalawao County",1,10,0,0,0
050,15,005,"Hawaii","Kalawao County",1,11,0,0,0
050,15,005,"Hawaii","Kalawao County",1,12,0,0,0
050,15,005,"Hawaii","Kalawao County",1,13,0,0,0
050,15,005,"Hawaii","Kalawao County",1,14,0,0,0
050,15,005,"Hawaii","Kalawao County",1,15,1,0,1
050,15,005,"Hawaii","Kalawao County",1,16,1,0,1
050,15,005,"Hawaii","Kalawao County",1,17,0,0,0
050,15,005,"Hawaii","Kalawao County",1,18,0,0,0
050,15,005,"Hawaii","Kalawao County",1,19,0,0,0
050,15,005,"Hawaii","Kalawao County",1,20,0,0,0
050,15,005,"Hawaii","Kalawao County",1,21,0,0,0
050,15,005,"Hawaii","Kalawao County",1,22,0,0,0
050,15,005,"Hawaii","Kalawao County",1,23,0,0,0
050,15,005,"Hawaii","Kalawao County",1,24,0,0,0
050,15,005,"Hawaii","Kalawao County",1,25,0,0,0
050,15,005,"Hawaii","Kalawao County",1,26,1,0,1
050,15,005,"Hawaii","Kalawao County",1,27,0,0,0
050,15,005,"Hawaii","Kalawao County",1,28,0,0,0
050,15,005,"Hawaii","Kalawao County",1,29,0,0,0
050,15,005,"Hawaii","Kalawao County",1,30,1,1,0
050,15,005,"Hawaii","Kalawao County",1,31,1,0,1
050,15,005,"Hawaii","Kalawao County",1,32,6,6,0
050,15,005,"Hawaii","Kalawao County",1,33,1,0,1
050,15,005,"Hawaii","Kalawao County",1,34,1,0,1
050,15,005,"Hawaii","Kalawao County",1,35,1,1,0
050,15,005,"Hawaii","Kalawao County",1,36,1,1,0
050,15,005,"Hawaii","Kalawao County",1,37,0,0,0
050,15,005,"Hawaii","Kalawao County",1,38,0,0,0
050,15,005,"Hawaii","Kalawao County",1,39,1,0,1
050,15,005,"Hawaii","Kalawao County",1,40,5,4,1
050,15,005,"Hawaii","Kalawao County",1,41,0,0,0
050,15,005,"Hawaii","Kalawao County",1,42,0,0,0
050,15,005,"Hawaii","Kalawao County",1,43,1,1,0
050,15,005,"Hawaii","Kalawao County",1,44,2,0,2
050,15,005,"Hawaii","Kalawao County",1,45,1,1,0
050,15,005,"Hawaii","Kalawao County",1,46,2,2,0
050,15,005,"Hawaii","Kalawao County",1,47,0,0,0
050,15,005,"Hawaii","Kalawao County",1,48,3,3,0
050,15,005,"Hawaii","Kalawao County",1,49,2,1,1
050,15,005,"Hawaii","Kalawao County",1,50,2,2,0
050,15,005,"Hawaii","Kalawao County",1,51,1,1,0
050,15,005,"Hawaii","Kalawao County",1,52,0,0,0
050,15,005,"Hawaii","Kalawao County",1,53,2,1,1
050,15,005,"Hawaii","Kalawao County",1,54,4,3,1
050,15,005,"Hawaii","Kalawao County",1,55,1,1,0
050,15,005,"Hawaii","Kalawao County",1,56,2,2,0
050,15,005,"Hawaii","Kalawao County",1,57,3,1,2
050,15,005,"Hawaii","Kalawao County",1,58,1,1,0
050,15,005,"Hawaii","Kalawao County",1,59,0,0,0
050,15,005,"Hawaii","Kalawao County",1,60,1,1,0
050,15,005,"Hawaii","Kalawao County",1,61,1,1,0
050,15,005,"Hawaii","Kalawao County",1,62,2,0,2
050,15,005,"Hawaii","Kalawao County",1,63,0,0,0
050,15,005,"Hawaii","Kalawao County",1,64,2,1,1
050,15,005,"Hawaii","Kalawao County",1,65,3,3,0
050,15,005,"Hawaii","Kalawao County",1,66,3,2,1
050,15,005,"Hawaii","Kalawao County",1,67,2,2,0
050,15,005,"Hawaii","Kalawao County",1,68,3,2,1
050,15,005,"Hawaii","Kalawao County",1,69,2,2,0
050,15,005,"Hawaii","Kalawao County",1,70,1,0,1
050,15,005,"Hawaii","Kalawao County",1,71,0,0,0
050,15,005,"Hawaii","Kalawao County",1,72,0,0,0
050,15,005,"Hawaii","Kalawao County",1,73,0,0,0
050,15,005,"Hawaii","Kalawao County",1,74,0,0,0
050,15,005,"Hawaii","Kalawao County",1,75,0,0,0
050,15,005,"Hawaii","Kalawao County",1,76,0,0,0
050,15,005,"Hawaii","Kalawao County",1,77,0,0,0
050,15,005,"Hawaii","Kalawao County",1,78,0,0,0
050,15,005,"Hawaii","Kalawao County",1,79,0,0,0
050,15,005,"Hawaii","Kalawao County",1,80,0,0,0
050,15,005,"Hawaii","Kalawao County",1,81,1,0,1
050,15,005,"Hawaii","Kalawao County",1,82,0,0,0
050,15,005,"Hawaii","Kalawao County",1,83,0,0,0
050,15,005,"Hawaii","Kalawao County",1,84,0,0,0
050,15,005,"Hawaii","Kalawao County",1,85,8,1,7
050,15,005,"Hawaii","Kalawao County",2,0,1,1,0
050,15,005,"Hawaii","Kalawao County",2,1,0,0,0
050,15,005,"Hawaii","Kalawao County",2,2,2,1,1
050,15,005,"Hawaii","Kalawao County",2,3,0,0,0
050,15,005,"Hawaii","Kalawao County",2,4,0,0,0
050,15,005,"Hawaii","Kalawao County",2,5,0,0,0
050,15,005,"Hawaii","Kalawao County",2,6,0,0,0
050,15,005,"Hawaii","Kalawao County",2,7,0,0,0
050,15,005,"Hawaii","Kalawao County",2,8,0,0,0
050,15,005,"Hawaii","Kalawao County",2,9,0,0,0
050,15,005,"Hawaii","Kalawao County",2,10,0,0,0
050,15,005,"Hawaii","Kalawao County",2,11,0,0,0
050,15,005,"Hawaii","Kalawao County",2,12,0,0,0
050,15,005,"Hawaii","Kalawao County",2,13,0,0,0
050,15,005,"Hawaii","Kalawao County",2,14,0,0,0
050,15,005,"Hawaii","Kalawao County",2,15,1,0,1
050,15,005,"Hawaii","Kalawao County",2,16,1,0,1
050,15,005,"Hawaii","Kalawao County",2,17,0,0,0
050,15,005,"Hawaii","Kalawao County",2,18,0,0,0
050,15,005,"Hawaii","Kalawao County",2,19,0,0,0
050,15,005,"Hawaii","Kalawao County",2,20,0,0,0
050,15,005,"Hawaii","Kalawao County",2,21,0,0,0
050,15,005,"Hawaii","Kalawao County",2,22,0,0,0
050,15,005,"Hawaii","Kalawao County",2,23,0,0,0
050,15,005,"Hawaii","Kalawao County",2,24,0,0,0
050,15,005,"Hawaii","Kalawao County",2,25,0,0,0
050,15,005,"Hawaii","Kalawao County",2,26,1,0,1
050,15,005,"Hawaii","Kalawao County",2,27,0,0,0
050,15,005,"Hawaii","Kalawao County",2,28,0,0,0
050,15,005,"Hawaii","Kalawao County",2,29,0,0,0
050,15,005,"Hawaii","Kalawao County",2,30,1,1,0
050,15,005,"Hawaii","Kalawao County",2,31,1,0,1
050,15,005,"Hawaii","Kalawao County",2,32,4,4,0
050,15,005,"Hawaii","Kalawao County",2,33,2,1,1
050,15,005,"Hawaii","Kalawao County",2,34,1,0,1
050,15,005,"Hawaii","Kalawao County",2,35,1,1,0
050,15,005,"Hawaii","Kalawao County",2,36,1,1,0
050,15,005,"Hawaii","Kalawao County",2,37,0,0,0
050,15,005,"Hawaii","Kalawao County",2,38,0,0,0
050,15,005,"Hawaii","Kalawao County",2,39,1,0,1
050,15,005,"Hawaii","Kalawao County",2,40,5,4,1
050,15,005,"Hawaii","Kalawao County",2,41,0,0,0
050,15,005,"Hawaii","Kalawao County",2,42,0,0,0
050,15,005,"Hawaii","Kalawao County",2,43,1,1,0
050,15,005,"Hawaii","Kalawao County",2,44,2,0,2
050,15,005,"Hawaii","Kalawao County",2,45,1,1,0
050,15,005,"Hawaii","Kalawao County",2,46,2,2,0
050,15,005,"Hawaii","Kalawao County",2,47,0,0,0
050,15,005,"Hawaii","Kalawao County",2,48,3,3,0
050,15,005,"Hawaii","Kalawao County",2,49,2,1,1
050,15,005,"Hawaii","Kalawao County",2,50,2,2,0
050,15,005,"Hawaii","Kalawao County",2,51,1,1,0
050,15,005,"Hawaii","Kalawao County",2,52,0,0,0
050,15,005,"Hawaii","Kalawao County",2,53,2,1,1
050,15,005,"Hawaii","Kalawao County",2,54,4,3,1
050,15,005,"Hawaii","Kalawao County",2,55,1,1,0
050,15,005,"Hawaii","Kalawao County",2,56,2,2,0
050,15,005,"Hawaii","Kalawao County",2,57,3,1,2
050,15,005,"Hawaii","Kalawao County",2,58,1,1,0
050,15,005,"Hawaii","Kalawao County",2,59,0,0,0
050,15,005,"Hawaii","Kalawao County",2,60,1,1,0
050,15,005,"Hawaii","Kalawao County",2,61,1,1,0
050,15,005,"Hawaii","Kalawao County",2,62,2,0,2
050,15,005,"Hawaii","Kalawao County",2,63,0,0,0
050,15,005,"Hawaii","Kalawao County",2,64,2,1,1
050,15,005,"Hawaii","Kalawao County",2,65,3,3,0
050,15,005,"Hawaii","Kalawao County",2,66,3,2,1
050,15,005,"Hawaii","Kalawao County",2,67,2,2,0
050,15,005,"Hawaii","Kalawao County",2,68,3,2,1
050,15,005,"Hawaii","Kalawao County",2,69,2,2,0
050,15,005,"Hawaii","Kalawao County",2,70,2,1,1
050,15,005,"Hawaii","Kalawao County",2,71,0,0,0
050,15,005,"Hawaii","Kalawao County",2,72,0,0,0
050,15,005,"Hawaii","Kalawao County",2,73,0,0,0
050,15,005,"Hawaii","Kalawao County",2,74,0,0,0
050,15,005,"Hawaii","Kalawao County",2,75,0,0,0
050,15,005,"Hawaii","Kalawao County",2,76,0,0,0
050,15,005,"Hawaii","Kalawao County",2,77,0,0,0
050,15,005,"Hawaii","Kalawao County",2,78,0,0,0
050,15,005,"Hawaii","Kalawao County",2,79,0,0,0
050,15,005,"Hawaii","Kalawao County",2,80,0,0,0
050,15,005,"Hawaii","Kalawao County",2,81,1,0,1
050,15,005,"Hawaii","Kalawao County",2,82,0,0,0
050,15,005,"Hawaii","Kalawao County",2,83,0,0,0
050,15,005,"Hawaii","Kalawao County",2,84,0,0,0
050,15,005,"Hawaii","Kalawao County",2,85,8,1,7
050,15,005,"Hawaii","Kalawao County",3,0,2,2,0
050,15,005,"Hawaii","Kalawao County",3,1,0,0,0
050,15,005,"Hawaii","Kalawao County",3,2,2,1,1
050,15,005,"Hawaii","Kalawao County",3,3,0,0,0
050,15,005,"Hawaii","Kalawao County",3,4,0,0,0
050,15,005,"Hawaii","Kalawao County",3,5,0,0,0
050,15,005,"Hawaii","Kalawao County",3,6,0,0,0
050,15,005,"Hawaii","Kalawao County",3,7,0,0,0
050,15,005,"Hawaii","Kalawao County",3,8,0,0,0
050,15,005,"Hawaii","Kalawao County",3,9,0,0,0
050,15,005,"Hawaii","Kalawao County",3,10,0,0,0
050,15,005,"Hawaii","Kalawao County",3,11,0,0,0
050,15,005,"Hawaii","Kalawao County",3,12,0,0,0
050,15,005,"Hawaii","Kalawao County",3,13,0,0,0
050,15,005,"Hawaii","Kalawao County",3,14,0,0,0
050,15,005,"Hawaii","Kalawao County",3,15,1,0,1
050,15,005,"Hawaii","Kalawao County",3,16,1,0,1
050,15,005,"Hawaii","Kalawao County",3,17,0,0,0
050,15,005,"Hawaii","Kalawao County",3,18,0,0,0
050,15,005,"Hawaii","Kalawao County",3,19,0,0,0
050,15,005,"Hawaii","Kalawao County",3,20,0,0,0
050,15,005,"Hawaii","Kalawao County",3,21,0,0,0
050,15,005,"Hawaii","Kalawao County",3,22,0,0,0
050,15,005,"Hawaii","Kalawao County",3,23,0,0,0
050,15,005,"Hawaii","Kalawao County",3,24,0,0,0
050,15,005,"Hawaii","Kalawao County",3,25,0,0,0
050,15,005,"Hawaii","Kalawao County",3,26,1,0,1
050,15,005,"Hawaii","Kalawao County",3,27,0,0,0
050,15,005,"Hawaii","Kalawao County",3,28,0,0,0
050,15,005,"Hawaii","Kalawao County",3,29,0,0,0
050,15,005,"Hawaii","Kalawao County",3,30,1,1,0
050,15,005,"Hawaii","Kalawao County",3,31,1,0,1
050,15,005,"Hawaii","Kalawao County",3,32,0,0,0
050,15,005,"Hawaii","Kalawao County",3,33,5,5,0
050,15,005,"Hawaii","Kalawao County",3,34,2,1,1
050,15,005,"Hawaii","Kalawao County",3,35,1,0,1
050,15,005,"Hawaii","Kalawao County",3,36,1,1,0
050,15,005,"Hawaii","Kalawao County",3,37,1,1,0
050,15,005,"Hawaii","Kalawao County",3,38,0,0,0
050,15,005,"Hawaii","Kalawao County",3,39,0,0,0
050,15,005,"Hawaii","Kalawao County",3,40,3,2,1
050,15,005,"Hawaii","Kalawao County",3,41,3,2,1
050,15,005,"Hawaii","Kalawao County",3,42,0,0,0
050,15,005,"Hawaii","Kalawao County",3,43,1,1,0
050,15,005,"Hawaii","Kalawao County",3,44,0,0,0
050,15,005,"Hawaii","Kalawao County",3,45,3,1,2
050,15,005,"Hawaii","Kalawao County",3,46,1,1,0
050,15,005,"Hawaii","Kalawao County",3,47,1,1,0
050,15,005,"Hawaii","Kalawao County",3,48,1,1,0
050,15,005,"Hawaii","Kalawao County",3,49,3,3,0
050,15,005,"Hawaii","Kalawao County",3,50,2,1,1
050,15,005,"Hawaii","Kalawao County",3,51,2,2,0
050,15,005,"Hawaii","Kalawao County",3,52,0,0,0
050,15,005,"Hawaii","Kalawao County",3,53,0,0,0
050,15,005,"Hawaii","Kalawao County",3,54,2,1,1
050,15,005,"Hawaii","Kalawao County",3,55,4,3,1
050,15,005,"Hawaii","Kalawao County",3,56,1,1,0
050,15,005,"Hawaii","Kalawao County",3,57,2,2,0
050,15,005,"Hawaii","Kalawao County",3,58,3,1,2
050,15,005,"Hawaii","Kalawao County",3,59,0,0,0
050,15,005,"Hawaii","Kalawao County",3,60,0,0,0
050,15,005,"Hawaii","Kalawao County",3,61,1,1,0
050,15,005,"Hawaii","Kalawao County",3,62,1,1,0
050,15,005,"Hawaii","Kalawao County",3,63,2,0,2
050,15,005,"Hawaii","Kalawao County",3,64,0,0,0
050,15,005,"Hawaii","Kalawao County",3,65,2,1,1
050,15,005,"Hawaii","Kalawao County",3,66,3,3,0
050,15,005,"Hawaii","Kalawao County",3,67,3,2,1
050,15,005,"Hawaii","Kalawao County",3,68,2,2,0
050,15,005,"Hawaii","Kalawao County",3,69,3,2,1
050,15,005,"Hawaii","Kalawao County",3,70,2,2,0
050,15,005,"Hawaii","Kalawao County",3,71,2,1,1
050,15,005,"Hawaii","Kalawao County",3,72,0,0,0
050,15,005,"Hawaii","Kalawao County",3,73,0,0,0
050,15,005,"Hawaii","Kalawao County",3,74,0,0,0
050,15,005,"Hawaii","Kalawao County",3,75,0,0,0
050,15,005,"Hawaii","Kalawao County",3,76,0,0,0
050,15,005,"Hawaii","Kalawao County",3,77,0,0,0
050,15,005,"Hawaii","Kalawao County",3,78,0,0,0
050,15,005,"Hawaii","Kalawao County",3,79,0,0,0
050,15,005,"Hawaii","Kalawao County",3,80,0,0,0
050,15,005,"Hawaii","Kalawao County",3,81,0,0,0
050,15,005,"Hawaii","Kalawao County",3,82,1,0,1
050,15,005,"Hawaii","Kalawao County",3,83,0,0,0
050,15,005,"Hawaii","Kalawao County",3,84,0,0,0
050,15,005,"Hawaii","Kalawao County",3,85,8,1,7
050,15,005,"Hawaii","Kalawao County",4,0,1,1,0
050,15,005,"Hawaii","Kalawao County",4,1,1,1,0
050,15,005,"Hawaii","Kalawao County",4,2,2,1,1
050,15,005,"Hawaii","Kalawao County",4,3,0,0,0
050,15,005,"Hawaii","Kalawao County",4,4,0,0,0
050,15,005,"Hawaii","Kalawao County",4,5,0,0,0
050,15,005,"Hawaii","Kalawao County",4,6,0,0,0
050,15,005,"Hawaii","Kalawao County",4,7,0,0,0
050,15,005,"Hawaii","Kalawao County",4,8,0,0,0
050,15,005,"Hawaii","Kalawao County",4,9,0,0,0
050,15,005,"Hawaii","Kalawao County",4,10,0,0,0
050,15,005,"Hawaii","Kalawao County",4,11,0,0,0
050,15,005,"Hawaii","Kalawao County",4,12,0,0,0
050,15,005,"Hawaii","Kalawao County",4,13,0,0,0
050,15,005,"Hawaii","Kalawao County",4,14,0,0,0
050,15,005,"Hawaii","Kalawao County",4,15,1,0,1
050,15,005,"Hawaii","Kalawao County",4,16,1,0,1
050,15,005,"Hawaii","Kalawao County",4,17,0,0,0
050,15,005,"Hawaii","Kalawao County",4,18,0,0,0
050,15,005,"Hawaii","Kalawao County",4,19,0,0,0
050,15,005,"Hawaii","Kalawao County",4,20,0,0,0
050,15,005,"Hawaii","Kalawao County",4,21,0,0,0
050,15,005,"Hawaii","Kalawao County",4,22,0,0,0
050,15,005,"Hawaii","Kalawao County",4,23,0,0,0
050,15,005,"Hawaii","Kalawao County",4,24,1,1,0
050,15,005,"Hawaii","Kalawao County",4,25,0,0,0
050,15,005,"Hawaii","Kalawao County",4,26,1,0,1
050,15,005,"Hawaii","Kalawao County",4,27,0,0,0
050,15,005,"Hawaii","Kalawao County",4,28,0,0,0
050,15,005,"Hawaii","Kalawao County",4,29,0,0,0
050,15,005,"Hawaii","Kalawao County",4,30,1,1,0
050,15,005,"Hawaii","Kalawao County",4,31,1,0,1
050,15,005,"Hawaii","Kalawao County",4,32,0,0,0
050,15,005,"Hawaii","Kalawao County",4,33,0,0,0
050,15,005,"Hawaii","Kalawao County",4,34,4,4,0
050,15,005,"Hawaii","Kalawao County",4,35,2,1,1
050,15,005,"Hawaii","Kalawao County",4,36,1,0,1
050,15,005,"Hawaii","Kalawao County",4,37,1,1,0
050,15,005,"Hawaii","Kalawao County",4,38,0,0,0
050,15,005,"Hawaii","Kalawao County",4,39,0,0,0
050,15,005,"Hawaii","Kalawao County",4,40,2,2,0
050,15,005,"Hawaii","Kalawao County",4,41,0,0,0
050,15,005,"Hawaii","Kalawao County",4,42,3,2,1
050,15,005,"Hawaii","Kalawao County",4,43,1,1,0
050,15,005,"Hawaii","Kalawao County",4,44,0,0,0
050,15,005,"Hawaii","Kalawao County",4,45,2,1,1
050,15,005,"Hawaii","Kalawao County",4,46,3,1,2
050,15,005,"Hawaii","Kalawao County",4,47,0,0,0
050,15,005,"Hawaii","Kalawao County",4,48,2,2,0
050,15,005,"Hawaii","Kalawao County",4,49,1,1,0
050,15,005,"Hawaii","Kalawao County",4,50,2,2,0
050,15,005,"Hawaii","Kalawao County",4,51,4,2,2
050,15,005,"Hawaii","Kalawao County",4,52,1,1,0
050,15,005,"Hawaii","Kalawao County",4,53,0,0,0
050,15,005,"Hawaii","Kalawao County",4,54,0,0,0
050,15,005,"Hawaii","Kalawao County",4,55,2,1,1
050,15,005,"Hawaii","Kalawao County",4,56,4,3,1
050,15,005,"Hawaii","Kalawao County",4,57,1,1,0
050,15,005,"Hawaii","Kalawao County",4,58,2,2,0
050,15,005,"Hawaii","Kalawao County",4,59,3,1,2
050,15,005,"Hawaii","Kalawao County",4,60,0,0,0
050,15,005,"Hawaii","Kalawao County",4,61,0,0,0
050,15,005,"Hawaii","Kalawao County",4,62,1,1,0
050,15,005,"Hawaii","Kalawao County",4,63,1,1,0
050,15,005,"Hawaii","Kalawao County",4,64,2,0,2
050,15,005,"Hawaii","Kalawao County",4,65,0,0,0
050,15,005,"Hawaii","Kalawao County",4,66,1,1,0
050,15,005,"Hawaii","Kalawao County",4,67,3,3,0
050,15,005,"Hawaii","Kalawao County",4,68,3,2,1
050,15,005,"Hawaii","Kalawao County",4,69,2,2,0
050,15,005,"Hawaii","Kalawao County",4,70,3,2,1
050,15,005,"Hawaii","Kalawao County",4,71,2,2,0
050,15,005,"Hawaii","Kalawao County",4,72,2,1,1
050,15,005,"Hawaii","Kalawao County",4,73,0,0,0
050,15,005,"Hawaii","Kalawao County",4,74,0,0,0
050,15,005,"Hawaii","Kalawao County",4,75,0,0,0
050,15,005,"Hawaii","Kalawao County",4,76,0,0,0
050,15,005,"Hawaii","Kalawao County",4,77,0,0,0
050,15,005,"Hawaii","Kalawao County",4,78,0,0,0
050,15,005,"Hawaii","Kalawao County",4,79,0,0,0
050,15,005,"Hawaii","Kalawao County",4,80,0,0,0
050,15,005,"Hawaii","Kalawao County",4,81,0,0,0
050,15,005,"Hawaii","Kalawao County",4,82,0,0,0
050,15,005,"Hawaii","Kalawao County",4,83,1,0,1
050,15,005,"Hawaii","Kalawao County",4,84,0,0,0
050,15,005,"Hawaii","Kalawao County",4,85,9,1,8
050,15,005,"Hawaii","Kalawao County",5,0,1,1,0
050,15,005,"Hawaii","Kalawao County",5,1,0,0,0
050,15,005,"Hawaii","Kalawao County",5,2,3,2,1
050,15,005,"Hawaii","Kalawao County",5,3,0,0,0
050,15,005,"Hawaii","Kalawao County",5,4,0,0,0
050,15,005,"Hawaii","Kalawao County",5,5,0,0,0
050,15,005,"Hawaii","Kalawao County",5,6,0,0,0
050,15,005,"Hawaii","Kalawao County",5,7,0,0,0
050,15,005,"Hawaii","Kalawao County",5,8,0,0,0
050,15,005,"Hawaii","Kalawao County",5,9,0,0,0
050,15,005,"Hawaii","Kalawao County",5,10,0,0,0
050,15,005,"Hawaii","Kalawao County",5,11,0,0,0
050,15,005,"Hawaii","Kalawao County",5,12,0,0,0
050,15,005,"Hawaii","Kalawao County",5,13,0,0,0
050,15,005,"Hawaii","Kalawao County",5,14,0,0,0
050,15,005,"Hawaii","Kalawao County",5,15,1,0,1
050,15,005,"Hawaii","Kalawao County",5,16,1,0,1
050,15,005,"Hawaii","Kalawao County",5,17,0,0,0
050,15,005,"Hawaii","Kalawao County",5,18,0,0,0
050,15,005,"Hawaii","Kalawao County",5,19,0,0,0
050,15,005,"Hawaii","Kalawao County",5,20,0,0,0
050,15,005,"Hawaii","Kalawao County",5,21,0,0,0
050,15,005,"Hawaii","Kalawao County",5,22,0,0,0
050,15,005,"Hawaii","Kalawao County",5,23,0,0,0
050,15,005,"Hawaii","Kalawao County",5,24,0,0,0
050,15,005,"Hawaii","Kalawao County",5,25,0,0,0
050,15,005,"Hawaii","Kalawao County",5,26,1,0,1
050,15,005,"Hawaii","Kalawao County",5,27,0,0,0
050,15,005,"Hawaii","Kalawao County",5,28,0,0,0
050,15,005,"Hawaii","Kalawao County",5,29,0,0,0
050,15,005,"Hawaii","Kalawao County",5,30,1,1,0
050,15,005,"Hawaii","Kalawao County",5,31,1,0,1
050,15,005,"Hawaii","Kalawao County",5,32,0,0,0
050,15,005,"Hawaii","Kalawao County",5,33,0,0,0
050,15,005,"Hawaii","Kalawao County",5,34,0,0,0
050,15,005,"Hawaii","Kalawao County",5,35,5,5,0
050,15,005,"Hawaii","Kalawao County",5,36,2,1,1
050,15,005,"Hawaii","Kalawao County",5,37,1,0,1
050,15,005,"Hawaii","Kalawao County",5,38,1,1,0
050,15,005,"Hawaii","Kalawao County",5,39,0,0,0
050,15,005,"Hawaii","Kalawao County",5,40,2,2,0
050,15,005,"Hawaii","Kalawao County",5,41,0,0,0
050,15,005,"Hawaii","Kalawao County",5,42,0,0,0
050,15,005,"Hawaii","Kalawao County",5,43,4,3,1
050,15,005,"Hawaii","Kalawao County",5,44,0,0,0
050,15,005,"Hawaii","Kalawao County",5,45,1,1,0
050,15,005,"Hawaii","Kalawao County",5,46,1,1,0
050,15,005,"Hawaii","Kalawao County",5,47,2,0,2
050,15,005,"Hawaii","Kalawao County",5,48,1,1,0
050,15,005,"Hawaii","Kalawao County",5,49,2,2,0
050,15,005,"Hawaii","Kalawao County",5,50,1,1,0
050,15,005,"Hawaii","Kalawao County",5,51,2,2,0
050,15,005,"Hawaii","Kalawao County",5,52,3,1,2
050,15,005,"Hawaii","Kalawao County",5,53,1,1,0
050,15,005,"Hawaii","Kalawao County",5,54,0,0,0
050,15,005,"Hawaii","Kalawao County",5,55,0,0,0
050,15,005,"Hawaii","Kalawao County",5,56,2,1,1
050,15,005,"Hawaii","Kalawao County",5,57,4,3,1
050,15,005,"Hawaii","Kalawao County",5,58,2,2,0
050,15,005,"Hawaii","Kalawao County",5,59,2,2,0
050,15,005,"Hawaii","Kalawao County",5,60,3,1,2
050,15,005,"Hawaii","Kalawao County",5,61,0,0,0
050,15,005,"Hawaii","Kalawao County",5,62,0,0,0
050,15,005,"Hawaii","Kalawao County",5,63,1,1,0
050,15,005,"Hawaii","Kalawao County",5,64,1,1,0
050,15,005,"Hawaii","Kalawao County",5,65,2,0,2
050,15,005,"Hawaii","Kalawao County",5,66,0,0,0
050,15,005,"Hawaii","Kalawao County",5,67,1,1,0
050,15,005,"Hawaii","Kalawao County",5,68,3,3,0
050,15,005,"Hawaii","Kalawao County",5,69,3,2,1
050,15,005,"Hawaii","Kalawao County",5,70,2,2,0
050,15,005,"Hawaii","Kalawao County",5,71,3,2,1
050,15,005,"Hawaii","Kalawao County",5,72,2,2,0
050,15,005,"Hawaii","Kalawao County",5,73,2,1,1
050,15,005,"Hawaii","Kalawao County",5,74,0,0,0
050,15,005,"Hawaii","Kalawao County",5,75,0,0,0
050,15,005,"Hawaii","Kalawao County",5,76,0,0,0
050,15,005,"Hawaii","Kalawao County",5,77,0,0,0
050,15,005,"Hawaii","Kalawao County",5,78,0,0,0
050,15,005,"Hawaii","Kalawao County",5,79,0,0,0
050,15,005,"Hawaii","Kalawao County",5,80,0,0,0
050,15,005,"Hawaii","Kalawao County",5,81,0,0,0
050,15,005,"Hawaii","Kalawao County",5,82,0,0,0
050,15,005,"Hawaii","Kalawao County",5,83,0,0,0
050,15,005,"Hawaii","Kalawao County",5,84,1,0,1
050,15,005,"Hawaii","Kalawao County",5,85,9,1,8
050,15,007,"Hawaii","Kauai County",1,0,754,390,364
050,15,007,"Hawaii","Kauai County",1,1,760,387,373
050,15,007,"Hawaii","Kauai County",1,2,815,411,404
050,15,007,"Hawaii","Kauai County",1,3,849,443,406
050,15,007,"Hawaii","Kauai County",1,4,910,453,457
050,15,007,"Hawaii","Kauai County",1,5,924,458,466
050,15,007,"Hawaii","Kauai County",1,6,882,456,426
050,15,007,"Hawaii","Kauai County",1,7,898,456,442
050,15,007,"Hawaii","Kauai County",1,8,946,487,459
050,15,007,"Hawaii","Kauai County",1,9,928,494,434
050,15,007,"Hawaii","Kauai County",1,10,908,473,435
050,15,007,"Hawaii","Kauai County",1,11,954,485,469
050,15,007,"Hawaii","Kauai County",1,12,914,465,449
050,15,007,"Hawaii","Kauai County",1,13,883,469,414
050,15,007,"Hawaii","Kauai County",1,14,871,446,425
050,15,007,"Hawaii","Kauai County",1,15,884,452,432
050,15,007,"Hawaii","Kauai County",1,16,891,478,413
050,15,007,"Hawaii","Kauai County",1,17,853,459,394
050,15,007,"Hawaii","Kauai County",1,18,716,366,350
050,15,007,"Hawaii","Kauai County",1,19,638,332,306
050,15,007,"Hawaii","Kauai County",1,20,632,337,295
050,15,007,"Hawaii","Kauai County",1,21,640,323,317
050,15,007,"Hawaii","Kauai County",1,22,667,331,336
050,15,007,"Hawaii","Kauai County",1,23,685,345,340
050,15,007,"Hawaii","Kauai County",1,24,722,365,357
050,15,007,"Hawaii","Kauai County",1,25,777,378,399
050,15,007,"Hawaii","Kauai County",1,26,799,407,392
050,15,007,"Hawaii","Kauai County",1,27,832,430,402
050,15,007,"Hawaii","Kauai County",1,28,876,437,439
050,15,007,"Hawaii","Kauai County",1,29,911,464,447
050,15,007,"Hawaii","Kauai County",1,30,899,430,469
050,15,007,"Hawaii","Kauai County",1,31,873,416,457
050,15,007,"Hawaii","Kauai County",1,32,875,415,460
050,15,007,"Hawaii","Kauai County",1,33,850,436,414
050,15,007,"Hawaii","Kauai County",1,34,889,472,417
050,15,007,"Hawaii","Kauai County",1,35,931,477,454
050,15,007,"Hawaii","Kauai County",1,36,1001,506,495
050,15,007,"Hawaii","Kauai County",1,37,1051,506,545
050,15,007,"Hawaii","Kauai County",1,38,1007,497,510
050,15,007,"Hawaii","Kauai County",1,39,1009,517,492
050,15,007,"Hawaii","Kauai County",1,40,1012,537,475
050,15,007,"Hawaii","Kauai County",1,41,926,474,452
050,15,007,"Hawaii","Kauai County",1,42,940,473,467
050,15,007,"Hawaii","Kauai County",1,43,877,427,450
050,15,007,"Hawaii","Kauai County",1,44,835,407,428
050,15,007,"Hawaii","Kauai County",1,45,846,434,412
050,15,007,"Hawaii","Kauai County",1,46,880,427,453
050,15,007,"Hawaii","Kauai County",1,47,858,437,421
050,15,007,"Hawaii","Kauai County",1,48,891,443,448
050,15,007,"Hawaii","Kauai County",1,49,946,479,467
050,15,007,"Hawaii","Kauai County",1,50,964,475,489
050,15,007,"Hawaii","Kauai County",1,51,937,477,460
050,15,007,"Hawaii","Kauai County",1,52,872,440,432
050,15,007,"Hawaii","Kauai County",1,53,858,428,430
050,15,007,"Hawaii","Kauai County",1,54,906,446,460
050,15,007,"Hawaii","Kauai County",1,55,966,461,505
050,15,007,"Hawaii","Kauai County",1,56,964,466,498
050,15,007,"Hawaii","Kauai County",1,57,1014,520,494
050,15,007,"Hawaii","Kauai County",1,58,1043,525,518
050,15,007,"Hawaii","Kauai County",1,59,1036,507,529
050,15,007,"Hawaii","Kauai County",1,60,1061,537,524
050,15,007,"Hawaii","Kauai County",1,61,1053,523,530
050,15,007,"Hawaii","Kauai County",1,62,1070,512,558
050,15,007,"Hawaii","Kauai County",1,63,1073,535,538
050,15,007,"Hawaii","Kauai County",1,64,1043,524,519
050,15,007,"Hawaii","Kauai County",1,65,1036,510,526
050,15,007,"Hawaii","Kauai County",1,66,1007,507,500
050,15,007,"Hawaii","Kauai County",1,67,1072,538,534
050,15,007,"Hawaii","Kauai County",1,68,1026,530,496
050,15,007,"Hawaii","Kauai County",1,69,974,478,496
050,15,007,"Hawaii","Kauai County",1,70,972,490,482
050,15,007,"Hawaii","Kauai County",1,71,941,482,459
050,15,007,"Hawaii","Kauai County",1,72,895,447,448
050,15,007,"Hawaii","Kauai County",1,73,833,409,424
050,15,007,"Hawaii","Kauai County",1,74,628,300,328
050,15,007,"Hawaii","Kauai County",1,75,607,294,313
050,15,007,"Hawaii","Kauai County",1,76,543,272,271
050,15,007,"Hawaii","Kauai County",1,77,548,260,288
050,15,007,"Hawaii","Kauai County",1,78,477,226,251
050,15,007,"Hawaii","Kauai County",1,79,407,179,228
050,15,007,"Hawaii","Kauai County",1,80,347,160,187
050,15,007,"Hawaii","Kauai County",1,81,308,138,170
050,15,007,"Hawaii","Kauai County",1,82,281,105,176
050,15,007,"Hawaii","Kauai County",1,83,255,100,155
050,15,007,"Hawaii","Kauai County",1,84,250,99,151
050,15,007,"Hawaii","Kauai County",1,85,1914,682,1232
050,15,007,"Hawaii","Kauai County",2,0,738,386,352
050,15,007,"Hawaii","Kauai County",2,1,757,384,373
050,15,007,"Hawaii","Kauai County",2,2,798,402,396
050,15,007,"Hawaii","Kauai County",2,3,841,435,406
050,15,007,"Hawaii","Kauai County",2,4,896,452,444
050,15,007,"Hawaii","Kauai County",2,5,922,458,464
050,15,007,"Hawaii","Kauai County",2,6,891,456,435
050,15,007,"Hawaii","Kauai County",2,7,896,457,439
050,15,007,"Hawaii","Kauai County",2,8,930,476,454
050,15,007,"Hawaii","Kauai County",2,9,933,493,440
050,15,007,"Hawaii","Kauai County",2,10,915,479,436
050,15,007,"Hawaii","Kauai County",2,11,938,480,458
050,15,007,"Hawaii","Kauai County",2,12,927,473,454
050,15,007,"Hawaii","Kauai County",2,13,887,465,422
050,15,007,"Hawaii","Kauai County",2,14,870,448,422
050,15,007,"Hawaii","Kauai County",2,15,880,450,430
050,15,007,"Hawaii","Kauai County",2,16,888,472,416
050,15,007,"Hawaii","Kauai County",2,17,863,464,399
050,15,007,"Hawaii","Kauai County",2,18,719,373,346
050,15,007,"Hawaii","Kauai County",2,19,640,333,307
050,15,007,"Hawaii","Kauai County",2,20,642,339,303
050,15,007,"Hawaii","Kauai County",2,21,639,326,313
050,15,007,"Hawaii","Kauai County",2,22,661,328,333
050,15,007,"Hawaii","Kauai County",2,23,683,344,339
050,15,007,"Hawaii","Kauai County",2,24,714,358,356
050,15,007,"Hawaii","Kauai County",2,25,765,376,389
050,15,007,"Hawaii","Kauai County",2,26,797,401,396
050,15,007,"Hawaii","Kauai County",2,27,827,426,401
050,15,007,"Hawaii","Kauai County",2,28,864,436,428
050,15,007,"Hawaii","Kauai County",2,29,901,456,445
050,15,007,"Hawaii","Kauai County",2,30,901,434,467
050,15,007,"Hawaii","Kauai County",2,31,872,416,456
050,15,007,"Hawaii","Kauai County",2,32,873,414,459
050,15,007,"Hawaii","Kauai County",2,33,854,431,423
050,15,007,"Hawaii","Kauai County",2,34,871,459,412
050,15,007,"Hawaii","Kauai County",2,35,923,475,448
050,15,007,"Hawaii","Kauai County",2,36,974,492,482
050,15,007,"Hawaii","Kauai County",2,37,1037,504,533
050,15,007,"Hawaii","Kauai County",2,38,1020,501,519
050,15,007,"Hawaii","Kauai County",2,39,1004,511,493
050,15,007,"Hawaii","Kauai County",2,40,1017,533,484
050,15,007,"Hawaii","Kauai County",2,41,942,484,458
050,15,007,"Hawaii","Kauai County",2,42,929,469,460
050,15,007,"Hawaii","Kauai County",2,43,894,437,457
050,15,007,"Hawaii","Kauai County",2,44,838,411,427
050,15,007,"Hawaii","Kauai County",2,45,847,429,418
050,15,007,"Hawaii","Kauai County",2,46,866,423,443
050,15,007,"Hawaii","Kauai County",2,47,856,434,422
050,15,007,"Hawaii","Kauai County",2,48,883,441,442
050,15,007,"Hawaii","Kauai County",2,49,933,470,463
050,15,007,"Hawaii","Kauai County",2,50,965,477,488
050,15,007,"Hawaii","Kauai County",2,51,936,474,462
050,15,007,"Hawaii","Kauai County",2,52,887,449,438
050,15,007,"Hawaii","Kauai County",2,53,854,424,430
050,15,007,"Hawaii","Kauai County",2,54,888,437,451
050,15,007,"Hawaii","Kauai County",2,55,950,457,493
050,15,007,"Hawaii","Kauai County",2,56,964,466,498
050,15,007,"Hawaii","Kauai County",2,57,1001,506,495
050,15,007,"Hawaii","Kauai County",2,58,1033,521,512
050,15,007,"Hawaii","Kauai County",2,59,1032,508,524
050,15,007,"Hawaii","Kauai County",2,60,1064,535,529
050,15,007,"Hawaii","Kauai County",2,61,1045,521,524
050,15,007,"Hawaii","Kauai County",2,62,1067,515,552
050,15,007,"Hawaii","Kauai County",2,63,1076,531,545
050,15,007,"Hawaii","Kauai County",2,64,1045,523,522
050,15,007,"Hawaii","Kauai County",2,65,1036,512,524
050,15,007,"Hawaii","Kauai County",2,66,1011,507,504
050,15,007,"Hawaii","Kauai County",2,67,1049,527,522
050,15,007,"Hawaii","Kauai County",2,68,1028,527,501
050,15,007,"Hawaii","Kauai County",2,69,980,487,493
050,15,007,"Hawaii","Kauai County",2,70,971,488,483
050,15,007,"Hawaii","Kauai County",2,71,948,483,465
050,15,007,"Hawaii","Kauai County",2,72,893,447,446
050,15,007,"Hawaii","Kauai County",2,73,872,430,442
050,15,007,"Hawaii","Kauai County",2,74,648,310,338
050,15,007,"Hawaii","Kauai County",2,75,612,295,317
050,15,007,"Hawaii","Kauai County",2,76,553,275,278
050,15,007,"Hawaii","Kauai County",2,77,544,261,283
050,15,007,"Hawaii","Kauai County",2,78,480,227,253
050,15,007,"Hawaii","Kauai County",2,79,416,186,230
050,15,007,"Hawaii","Kauai County",2,80,356,161,195
050,15,007,"Hawaii","Kauai County",2,81,314,142,172
050,15,007,"Hawaii","Kauai County",2,82,286,112,174
050,15,007,"Hawaii","Kauai County",2,83,258,98,160
050,15,007,"Hawaii","Kauai County",2,84,246,98,148
050,15,007,"Hawaii","Kauai County",2,85,1926,683,1243
050,15,007,"Hawaii","Kauai County",3,0,787,407,380
050,15,007,"Hawaii","Kauai County",3,1,760,391,369
050,15,007,"Hawaii","Kauai County",3,2,781,401,380
050,15,007,"Hawaii","Kauai County",3,3,827,430,397
050,15,007,"Hawaii","Kauai County",3,4,837,447,390
050,15,007,"Hawaii","Kauai County",3,5,909,461,448
050,15,007,"Hawaii","Kauai County",3,6,933,462,471
050,15,007,"Hawaii","Kauai County",3,7,907,463,444
050,15,007,"Hawaii","Kauai County",3,8,894,453,441
050,15,007,"Hawaii","Kauai County",3,9,940,475,465
050,15,007,"Hawaii","Kauai County",3,10,927,488,439
050,15,007,"Hawaii","Kauai County",3,11,914,484,430
050,15,007,"Hawaii","Kauai County",3,12,933,481,452
050,15,007,"Hawaii","Kauai County",3,13,919,471,448
050,15,007,"Hawaii","Kauai County",3,14,883,464,419
050,15,007,"Hawaii","Kauai County",3,15,855,449,406
050,15,007,"Hawaii","Kauai County",3,16,875,451,424
050,15,007,"Hawaii","Kauai County",3,17,878,466,412
050,15,007,"Hawaii","Kauai County",3,18,757,406,351
050,15,007,"Hawaii","Kauai County",3,19,624,323,301
050,15,007,"Hawaii","Kauai County",3,20,665,344,321
050,15,007,"Hawaii","Kauai County",3,21,648,339,309
050,15,007,"Hawaii","Kauai County",3,22,679,350,329
050,15,007,"Hawaii","Kauai County",3,23,697,345,352
050,15,007,"Hawaii","Kauai County",3,24,697,351,346
050,15,007,"Hawaii","Kauai County",3,25,738,372,366
050,15,007,"Hawaii","Kauai County",3,26,781,381,400
050,15,007,"Hawaii","Kauai County",3,27,837,417,420
050,15,007,"Hawaii","Kauai County",3,28,856,445,411
050,15,007,"Hawaii","Kauai County",3,29,891,449,442
050,15,007,"Hawaii","Kauai County",3,30,918,467,451
050,15,007,"Hawaii","Kauai County",3,31,907,431,476
050,15,007,"Hawaii","Kauai County",3,32,911,435,476
050,15,007,"Hawaii","Kauai County",3,33,895,421,474
050,15,007,"Hawaii","Kauai County",3,34,872,452,420
050,15,007,"Hawaii","Kauai County",3,35,892,471,421
050,15,007,"Hawaii","Kauai County",3,36,953,491,462
050,15,007,"Hawaii","Kauai County",3,37,961,482,479
050,15,007,"Hawaii","Kauai County",3,38,1045,515,530
050,15,007,"Hawaii","Kauai County",3,39,1036,500,536
050,15,007,"Hawaii","Kauai County",3,40,1014,515,499
050,15,007,"Hawaii","Kauai County",3,41,1006,519,487
050,15,007,"Hawaii","Kauai County",3,42,960,493,467
050,15,007,"Hawaii","Kauai County",3,43,934,467,467
050,15,007,"Hawaii","Kauai County",3,44,908,446,462
050,15,007,"Hawaii","Kauai County",3,45,838,408,430
050,15,007,"Hawaii","Kauai County",3,46,867,432,435
050,15,007,"Hawaii","Kauai County",3,47,856,428,428
050,15,007,"Hawaii","Kauai County",3,48,854,434,420
050,15,007,"Hawaii","Kauai County",3,49,892,440,452
050,15,007,"Hawaii","Kauai County",3,50,940,475,465
050,15,007,"Hawaii","Kauai County",3,51,953,480,473
050,15,007,"Hawaii","Kauai County",3,52,952,485,467
050,15,007,"Hawaii","Kauai County",3,53,871,442,429
050,15,007,"Hawaii","Kauai County",3,54,846,418,428
050,15,007,"Hawaii","Kauai County",3,55,905,451,454
050,15,007,"Hawaii","Kauai County",3,56,952,461,491
050,15,007,"Hawaii","Kauai County",3,57,957,465,492
050,15,007,"Hawaii","Kauai County",3,58,979,491,488
050,15,007,"Hawaii","Kauai County",3,59,1032,516,516
050,15,007,"Hawaii","Kauai County",3,60,1028,507,521
050,15,007,"Hawaii","Kauai County",3,61,1046,517,529
050,15,007,"Hawaii","Kauai County",3,62,1020,506,514
050,15,007,"Hawaii","Kauai County",3,63,1045,503,542
050,15,007,"Hawaii","Kauai County",3,64,1064,527,537
050,15,007,"Hawaii","Kauai County",3,65,1019,504,515
050,15,007,"Hawaii","Kauai County",3,66,1032,513,519
050,15,007,"Hawaii","Kauai County",3,67,1003,503,500
050,15,007,"Hawaii","Kauai County",3,68,1044,519,525
050,15,007,"Hawaii","Kauai County",3,69,1017,519,498
050,15,007,"Hawaii","Kauai County",3,70,983,488,495
050,15,007,"Hawaii","Kauai County",3,71,971,479,492
050,15,007,"Hawaii","Kauai County",3,72,949,479,470
050,15,007,"Hawaii","Kauai County",3,73,867,429,438
050,15,007,"Hawaii","Kauai County",3,74,883,433,450
050,15,007,"Hawaii","Kauai County",3,75,639,305,334
050,15,007,"Hawaii","Kauai County",3,76,603,288,315
050,15,007,"Hawaii","Kauai County",3,77,545,274,271
050,15,007,"Hawaii","Kauai County",3,78,531,257,274
050,15,007,"Hawaii","Kauai County",3,79,473,221,252
050,15,007,"Hawaii","Kauai County",3,80,407,183,224
050,15,007,"Hawaii","Kauai County",3,81,350,156,194
050,15,007,"Hawaii","Kauai County",3,82,311,136,175
050,15,007,"Hawaii","Kauai County",3,83,269,102,167
050,15,007,"Hawaii","Kauai County",3,84,230,94,136
050,15,007,"Hawaii","Kauai County",3,85,1965,697,1268
050,15,007,"Hawaii","Kauai County",4,0,796,399,397
050,15,007,"Hawaii","Kauai County",4,1,752,392,360
050,15,007,"Hawaii","Kauai County",4,2,768,398,370
050,15,007,"Hawaii","Kauai County",4,3,773,388,385
050,15,007,"Hawaii","Kauai County",4,4,837,434,403
050,15,007,"Hawaii","Kauai County",4,5,848,453,395
050,15,007,"Hawaii","Kauai County",4,6,914,458,456
050,15,007,"Hawaii","Kauai County",4,7,939,473,466
050,15,007,"Hawaii","Kauai County",4,8,899,462,437
050,15,007,"Hawaii","Kauai County",4,9,888,449,439
050,15,007,"Hawaii","Kauai County",4,10,952,480,472
050,15,007,"Hawaii","Kauai County",4,11,946,508,438
050,15,007,"Hawaii","Kauai County",4,12,912,482,430
050,15,007,"Hawaii","Kauai County",4,13,915,467,448
050,15,007,"Hawaii","Kauai County",4,14,921,469,452
050,15,007,"Hawaii","Kauai County",4,15,860,448,412
050,15,007,"Hawaii","Kauai County",4,16,864,451,413
050,15,007,"Hawaii","Kauai County",4,17,873,453,420
050,15,007,"Hawaii","Kauai County",4,18,751,402,349
050,15,007,"Hawaii","Kauai County",4,19,655,353,302
050,15,007,"Hawaii","Kauai County",4,20,622,330,292
050,15,007,"Hawaii","Kauai County",4,21,662,337,325
050,15,007,"Hawaii","Kauai County",4,22,628,325,303
050,15,007,"Hawaii","Kauai County",4,23,707,355,352
050,15,007,"Hawaii","Kauai County",4,24,702,341,361
050,15,007,"Hawaii","Kauai County",4,25,703,357,346
050,15,007,"Hawaii","Kauai County",4,26,741,366,375
050,15,007,"Hawaii","Kauai County",4,27,799,391,408
050,15,007,"Hawaii","Kauai County",4,28,843,420,423
050,15,007,"Hawaii","Kauai County",4,29,850,436,414
050,15,007,"Hawaii","Kauai County",4,30,886,446,440
050,15,007,"Hawaii","Kauai County",4,31,889,442,447
050,15,007,"Hawaii","Kauai County",4,32,915,446,469
050,15,007,"Hawaii","Kauai County",4,33,893,431,462
050,15,007,"Hawaii","Kauai County",4,34,893,420,473
050,15,007,"Hawaii","Kauai County",4,35,916,473,443
050,15,007,"Hawaii","Kauai County",4,36,892,461,431
050,15,007,"Hawaii","Kauai County",4,37,958,490,468
050,15,007,"Hawaii","Kauai County",4,38,983,505,478
050,15,007,"Hawaii","Kauai County",4,39,1046,512,534
050,15,007,"Hawaii","Kauai County",4,40,1061,522,539
050,15,007,"Hawaii","Kauai County",4,41,993,501,492
050,15,007,"Hawaii","Kauai County",4,42,1010,518,492
050,15,007,"Hawaii","Kauai County",4,43,969,486,483
050,15,007,"Hawaii","Kauai County",4,44,948,471,477
050,15,007,"Hawaii","Kauai County",4,45,909,446,463
050,15,007,"Hawaii","Kauai County",4,46,862,410,452
050,15,007,"Hawaii","Kauai County",4,47,868,439,429
050,15,007,"Hawaii","Kauai County",4,48,858,425,433
050,15,007,"Hawaii","Kauai County",4,49,863,433,430
050,15,007,"Hawaii","Kauai County",4,50,901,448,453
050,15,007,"Hawaii","Kauai County",4,51,935,478,457
050,15,007,"Hawaii","Kauai County",4,52,933,479,454
050,15,007,"Hawaii","Kauai County",4,53,928,463,465
050,15,007,"Hawaii","Kauai County",4,54,858,439,419
050,15,007,"Hawaii","Kauai County",4,55,834,411,423
050,15,007,"Hawaii","Kauai County",4,56,914,459,455
050,15,007,"Hawaii","Kauai County",4,57,949,458,491
050,15,007,"Hawaii","Kauai County",4,58,936,448,488
050,15,007,"Hawaii","Kauai County",4,59,977,486,491
050,15,007,"Hawaii","Kauai County",4,60,1041,526,515
050,15,007,"Hawaii","Kauai County",4,61,998,482,516
050,15,007,"Hawaii","Kauai County",4,62,1042,509,533
050,15,007,"Hawaii","Kauai County",4,63,1001,492,509
050,15,007,"Hawaii","Kauai County",4,64,1043,504,539
050,15,007,"Hawaii","Kauai County",4,65,1046,523,523
050,15,007,"Hawaii","Kauai County",4,66,1003,495,508
050,15,007,"Hawaii","Kauai County",4,67,1012,512,500
050,15,007,"Hawaii","Kauai County",4,68,989,497,492
050,15,007,"Hawaii","Kauai County",4,69,1016,502,514
050,15,007,"Hawaii","Kauai County",4,70,1007,510,497
050,15,007,"Hawaii","Kauai County",4,71,991,485,506
050,15,007,"Hawaii","Kauai County",4,72,943,463,480
050,15,007,"Hawaii","Kauai County",4,73,913,454,459
050,15,007,"Hawaii","Kauai County",4,74,864,437,427
050,15,007,"Hawaii","Kauai County",4,75,843,410,433
050,15,007,"Hawaii","Kauai County",4,76,622,292,330
050,15,007,"Hawaii","Kauai County",4,77,595,286,309
050,15,007,"Hawaii","Kauai County",4,78,521,264,257
050,15,007,"Hawaii","Kauai County",4,79,502,236,266
050,15,007,"Hawaii","Kauai County",4,80,450,210,240
050,15,007,"Hawaii","Kauai County",4,81,394,175,219
050,15,007,"Hawaii","Kauai County",4,82,340,146,194
050,15,007,"Hawaii","Kauai County",4,83,301,131,170
050,15,007,"Hawaii","Kauai County",4,84,241,94,147
050,15,007,"Hawaii","Kauai County",4,85,1968,705,1263
050,15,007,"Hawaii","Kauai County",5,0,776,390,386
050,15,007,"Hawaii","Kauai County",5,1,802,399,403
050,15,007,"Hawaii","Kauai County",5,2,748,389,359
050,15,007,"Hawaii","Kauai County",5,3,763,388,375
050,15,007,"Hawaii","Kauai County",5,4,788,400,388
050,15,007,"Hawaii","Kauai County",5,5,830,431,399
050,15,007,"Hawaii","Kauai County",5,6,837,444,393
050,15,007,"Hawaii","Kauai County",5,7,904,455,449
050,15,007,"Hawaii","Kauai County",5,8,931,459,472
050,15,007,"Hawaii","Kauai County",5,9,899,458,441
050,15,007,"Hawaii","Kauai County",5,10,896,447,449
050,15,007,"Hawaii","Kauai County",5,11,961,477,484
050,15,007,"Hawaii","Kauai County",5,12,948,505,443
050,15,007,"Hawaii","Kauai County",5,13,919,481,438
050,15,007,"Hawaii","Kauai County",5,14,909,458,451
050,15,007,"Hawaii","Kauai County",5,15,922,471,451
050,15,007,"Hawaii","Kauai County",5,16,867,458,409
050,15,007,"Hawaii","Kauai County",5,17,877,460,417
050,15,007,"Hawaii","Kauai County",5,18,763,405,358
050,15,007,"Hawaii","Kauai County",5,19,665,352,313
050,15,007,"Hawaii","Kauai County",5,20,663,358,305
050,15,007,"Hawaii","Kauai County",5,21,623,327,296
050,15,007,"Hawaii","Kauai County",5,22,671,334,337
050,15,007,"Hawaii","Kauai County",5,23,671,342,329
050,15,007,"Hawaii","Kauai County",5,24,720,359,361
050,15,007,"Hawaii","Kauai County",5,25,702,358,344
050,15,007,"Hawaii","Kauai County",5,26,702,346,356
050,15,007,"Hawaii","Kauai County",5,27,751,364,387
050,15,007,"Hawaii","Kauai County",5,28,809,396,413
050,15,007,"Hawaii","Kauai County",5,29,821,408,413
050,15,007,"Hawaii","Kauai County",5,30,838,424,414
050,15,007,"Hawaii","Kauai County",5,31,901,451,450
050,15,007,"Hawaii","Kauai County",5,32,914,459,455
050,15,007,"Hawaii","Kauai County",5,33,917,444,473
050,15,007,"Hawaii","Kauai County",5,34,897,432,465
050,15,007,"Hawaii","Kauai County",5,35,897,423,474
050,15,007,"Hawaii","Kauai County",5,36,903,463,440
050,15,007,"Hawaii","Kauai County",5,37,902,463,439
050,15,007,"Hawaii","Kauai County",5,38,968,502,466
050,15,007,"Hawaii","Kauai County",5,39,982,493,489
050,15,007,"Hawaii","Kauai County",5,40,1048,517,531
050,15,007,"Hawaii","Kauai County",5,41,1058,518,540
050,15,007,"Hawaii","Kauai County",5,42,988,487,501
050,15,007,"Hawaii","Kauai County",5,43,1006,513,493
050,15,007,"Hawaii","Kauai County",5,44,986,496,490
050,15,007,"Hawaii","Kauai County",5,45,939,465,474
050,15,007,"Hawaii","Kauai County",5,46,927,436,491
050,15,007,"Hawaii","Kauai County",5,47,850,415,435
050,15,007,"Hawaii","Kauai County",5,48,852,428,424
050,15,007,"Hawaii","Kauai County",5,49,862,407,455
050,15,007,"Hawaii","Kauai County",5,50,877,445,432
050,15,007,"Hawaii","Kauai County",5,51,883,447,436
050,15,007,"Hawaii","Kauai County",5,52,932,479,453
050,15,007,"Hawaii","Kauai County",5,53,911,457,454
050,15,007,"Hawaii","Kauai County",5,54,919,459,460
050,15,007,"Hawaii","Kauai County",5,55,848,436,412
050,15,007,"Hawaii","Kauai County",5,56,853,422,431
050,15,007,"Hawaii","Kauai County",5,57,910,448,462
050,15,007,"Hawaii","Kauai County",5,58,934,444,490
050,15,007,"Hawaii","Kauai County",5,59,930,445,485
050,15,007,"Hawaii","Kauai County",5,60,979,492,487
050,15,007,"Hawaii","Kauai County",5,61,1005,503,502
050,15,007,"Hawaii","Kauai County",5,62,1013,495,518
050,15,007,"Hawaii","Kauai County",5,63,1045,516,529
050,15,007,"Hawaii","Kauai County",5,64,1005,502,503
050,15,007,"Hawaii","Kauai County",5,65,1036,496,540
050,15,007,"Hawaii","Kauai County",5,66,1018,511,507
050,15,007,"Hawaii","Kauai County",5,67,999,492,507
050,15,007,"Hawaii","Kauai County",5,68,1001,508,493
050,15,007,"Hawaii","Kauai County",5,69,966,479,487
050,15,007,"Hawaii","Kauai County",5,70,1007,497,510
050,15,007,"Hawaii","Kauai County",5,71,1000,502,498
050,15,007,"Hawaii","Kauai County",5,72,970,472,498
050,15,007,"Hawaii","Kauai County",5,73,906,437,469
050,15,007,"Hawaii","Kauai County",5,74,895,446,449
050,15,007,"Hawaii","Kauai County",5,75,842,421,421
050,15,007,"Hawaii","Kauai County",5,76,828,399,429
050,15,007,"Hawaii","Kauai County",5,77,617,287,330
050,15,007,"Hawaii","Kauai County",5,78,562,275,287
050,15,007,"Hawaii","Kauai County",5,79,498,249,249
050,15,007,"Hawaii","Kauai County",5,80,480,222,258
050,15,007,"Hawaii","Kauai County",5,81,437,202,235
050,15,007,"Hawaii","Kauai County",5,82,378,162,216
050,15,007,"Hawaii","Kauai County",5,83,330,138,192
050,15,007,"Hawaii","Kauai County",5,84,277,124,153
050,15,007,"Hawaii","Kauai County",5,85,1987,710,1277
050,15,009,"Hawaii","Maui County",1,0,1745,890,855
050,15,009,"Hawaii","Maui County",1,1,1832,934,898
050,15,009,"Hawaii","Maui County",1,2,1905,993,912
050,15,009,"Hawaii","Maui County",1,3,1888,996,892
050,15,009,"Hawaii","Maui County",1,4,1873,982,891
050,15,009,"Hawaii","Maui County",1,5,2015,1059,956
050,15,009,"Hawaii","Maui County",1,6,2020,1043,977
050,15,009,"Hawaii","Maui County",1,7,2051,1081,970
050,15,009,"Hawaii","Maui County",1,8,2045,1087,958
050,15,009,"Hawaii","Maui County",1,9,2101,1154,947
050,15,009,"Hawaii","Maui County",1,10,1988,1052,936
050,15,009,"Hawaii","Maui County",1,11,2020,1011,1009
050,15,009,"Hawaii","Maui County",1,12,2128,1089,1039
050,15,009,"Hawaii","Maui County",1,13,2015,1038,977
050,15,009,"Hawaii","Maui County",1,14,1934,971,963
050,15,009,"Hawaii","Maui County",1,15,1957,995,962
050,15,009,"Hawaii","Maui County",1,16,1999,1038,961
050,15,009,"Hawaii","Maui County",1,17,1941,1014,927
050,15,009,"Hawaii","Maui County",1,18,1645,844,801
050,15,009,"Hawaii","Maui County",1,19,1457,737,720
050,15,009,"Hawaii","Maui County",1,20,1500,746,754
050,15,009,"Hawaii","Maui County",1,21,1548,760,788
050,15,009,"Hawaii","Maui County",1,22,1609,763,846
050,15,009,"Hawaii","Maui County",1,23,1631,771,860
050,15,009,"Hawaii","Maui County",1,24,1586,741,845
050,15,009,"Hawaii","Maui County",1,25,1610,789,821
050,15,009,"Hawaii","Maui County",1,26,1793,894,899
050,15,009,"Hawaii","Maui County",1,27,1890,938,952
050,15,009,"Hawaii","Maui County",1,28,1884,934,950
050,15,009,"Hawaii","Maui County",1,29,1994,968,1026
050,15,009,"Hawaii","Maui County",1,30,1993,986,1007
050,15,009,"Hawaii","Maui County",1,31,2002,980,1022
050,15,009,"Hawaii","Maui County",1,32,2062,979,1083
050,15,009,"Hawaii","Maui County",1,33,2119,1000,1119
050,15,009,"Hawaii","Maui County",1,34,2291,1109,1182
050,15,009,"Hawaii","Maui County",1,35,2287,1151,1136
050,15,009,"Hawaii","Maui County",1,36,2276,1158,1118
050,15,009,"Hawaii","Maui County",1,37,2355,1159,1196
050,15,009,"Hawaii","Maui County",1,38,2332,1151,1181
050,15,009,"Hawaii","Maui County",1,39,2343,1190,1153
050,15,009,"Hawaii","Maui County",1,40,2398,1264,1134
050,15,009,"Hawaii","Maui County",1,41,2280,1179,1101
050,15,009,"Hawaii","Maui County",1,42,2173,1120,1053
050,15,009,"Hawaii","Maui County",1,43,2086,1069,1017
050,15,009,"Hawaii","Maui County",1,44,2062,1045,1017
050,15,009,"Hawaii","Maui County",1,45,2049,1032,1017
050,15,009,"Hawaii","Maui County",1,46,1907,945,962
050,15,009,"Hawaii","Maui County",1,47,1943,990,953
050,15,009,"Hawaii","Maui County",1,48,2066,1085,981
050,15,009,"Hawaii","Maui County",1,49,2281,1201,1080
050,15,009,"Hawaii","Maui County",1,50,2293,1174,1119
050,15,009,"Hawaii","Maui County",1,51,2090,1051,1039
050,15,009,"Hawaii","Maui County",1,52,2115,1036,1079
050,15,009,"Hawaii","Maui County",1,53,2214,1107,1107
050,15,009,"Hawaii","Maui County",1,54,2157,1072,1085
050,15,009,"Hawaii","Maui County",1,55,2231,1083,1148
050,15,009,"Hawaii","Maui County",1,56,2311,1133,1178
050,15,009,"Hawaii","Maui County",1,57,2350,1182,1168
050,15,009,"Hawaii","Maui County",1,58,2423,1212,1211
050,15,009,"Hawaii","Maui County",1,59,2381,1194,1187
050,15,009,"Hawaii","Maui County",1,60,2496,1253,1243
050,15,009,"Hawaii","Maui County",1,61,2395,1199,1196
050,15,009,"Hawaii","Maui County",1,62,2361,1171,1190
050,15,009,"Hawaii","Maui County",1,63,2336,1186,1150
050,15,009,"Hawaii","Maui County",1,64,2325,1139,1186
050,15,009,"Hawaii","Maui County",1,65,2264,1107,1157
050,15,009,"Hawaii","Maui County",1,66,2231,1103,1128
050,15,009,"Hawaii","Maui County",1,67,2222,1099,1123
050,15,009,"Hawaii","Maui County",1,68,2110,1055,1055
050,15,009,"Hawaii","Maui County",1,69,2018,1009,1009
050,15,009,"Hawaii","Maui County",1,70,2031,1024,1007
050,15,009,"Hawaii","Maui County",1,71,1891,958,933
050,15,009,"Hawaii","Maui County",1,72,1815,918,897
050,15,009,"Hawaii","Maui County",1,73,1777,908,869
050,15,009,"Hawaii","Maui County",1,74,1308,648,660
050,15,009,"Hawaii","Maui County",1,75,1279,600,679
050,15,009,"Hawaii","Maui County",1,76,1206,561,645
050,15,009,"Hawaii","Maui County",1,77,1108,538,570
050,15,009,"Hawaii","Maui County",1,78,918,451,467
050,15,009,"Hawaii","Maui County",1,79,806,379,427
050,15,009,"Hawaii","Maui County",1,80,739,339,400
050,15,009,"Hawaii","Maui County",1,81,667,289,378
050,15,009,"Hawaii","Maui County",1,82,623,278,345
050,15,009,"Hawaii","Maui County",1,83,521,224,297
050,15,009,"Hawaii","Maui County",1,84,436,172,264
050,15,009,"Hawaii","Maui County",1,85,3399,1289,2110
050,15,009,"Hawaii","Maui County",2,0,1733,887,846
050,15,009,"Hawaii","Maui County",2,1,1819,927,892
050,15,009,"Hawaii","Maui County",2,2,1888,978,910
050,15,009,"Hawaii","Maui County",2,3,1886,995,891
050,15,009,"Hawaii","Maui County",2,4,1876,987,889
050,15,009,"Hawaii","Maui County",2,5,1979,1040,939
050,15,009,"Hawaii","Maui County",2,6,2024,1050,974
050,15,009,"Hawaii","Maui County",2,7,2037,1070,967
050,15,009,"Hawaii","Maui County",2,8,2034,1079,955
050,15,009,"Hawaii","Maui County",2,9,2082,1133,949
050,15,009,"Hawaii","Maui County",2,10,2015,1076,939
050,15,009,"Hawaii","Maui County",2,11,2001,1013,988
050,15,009,"Hawaii","Maui County",2,12,2107,1075,1032
050,15,009,"Hawaii","Maui County",2,13,2034,1043,991
050,15,009,"Hawaii","Maui County",2,14,1945,986,959
050,15,009,"Hawaii","Maui County",2,15,1943,983,960
050,15,009,"Hawaii","Maui County",2,16,1985,1023,962
050,15,009,"Hawaii","Maui County",2,17,1951,1017,934
050,15,009,"Hawaii","Maui County",2,18,1645,852,793
050,15,009,"Hawaii","Maui County",2,19,1459,740,719
050,15,009,"Hawaii","Maui County",2,20,1518,755,763
050,15,009,"Hawaii","Maui County",2,21,1547,762,785
050,15,009,"Hawaii","Maui County",2,22,1605,764,841
050,15,009,"Hawaii","Maui County",2,23,1639,771,868
050,15,009,"Hawaii","Maui County",2,24,1604,750,854
050,15,009,"Hawaii","Maui County",2,25,1615,785,830
050,15,009,"Hawaii","Maui County",2,26,1764,877,887
050,15,009,"Hawaii","Maui County",2,27,1867,931,936
050,15,009,"Hawaii","Maui County",2,28,1890,941,949
050,15,009,"Hawaii","Maui County",2,29,1981,966,1015
050,15,009,"Hawaii","Maui County",2,30,2014,993,1021
050,15,009,"Hawaii","Maui County",2,31,1992,975,1017
050,15,009,"Hawaii","Maui County",2,32,2045,980,1065
050,15,009,"Hawaii","Maui County",2,33,2109,994,1115
050,15,009,"Hawaii","Maui County",2,34,2252,1084,1168
050,15,009,"Hawaii","Maui County",2,35,2297,1143,1154
050,15,009,"Hawaii","Maui County",2,36,2262,1146,1116
050,15,009,"Hawaii","Maui County",2,37,2344,1162,1182
050,15,009,"Hawaii","Maui County",2,38,2340,1154,1186
050,15,009,"Hawaii","Maui County",2,39,2329,1177,1152
050,15,009,"Hawaii","Maui County",2,40,2396,1254,1142
050,15,009,"Hawaii","Maui County",2,41,2289,1185,1104
050,15,009,"Hawaii","Maui County",2,42,2184,1127,1057
050,15,009,"Hawaii","Maui County",2,43,2120,1088,1032
050,15,009,"Hawaii","Maui County",2,44,2054,1047,1007
050,15,009,"Hawaii","Maui County",2,45,2059,1039,1020
050,15,009,"Hawaii","Maui County",2,46,1943,967,976
050,15,009,"Hawaii","Maui County",2,47,1929,980,949
050,15,009,"Hawaii","Maui County",2,48,2039,1063,976
050,15,009,"Hawaii","Maui County",2,49,2225,1170,1055
050,15,009,"Hawaii","Maui County",2,50,2295,1181,1114
050,15,009,"Hawaii","Maui County",2,51,2130,1076,1054
050,15,009,"Hawaii","Maui County",2,52,2099,1034,1065
050,15,009,"Hawaii","Maui County",2,53,2181,1085,1096
050,15,009,"Hawaii","Maui County",2,54,2166,1077,1089
050,15,009,"Hawaii","Maui County",2,55,2214,1077,1137
050,15,009,"Hawaii","Maui County",2,56,2291,1117,1174
050,15,009,"Hawaii","Maui County",2,57,2340,1166,1174
050,15,009,"Hawaii","Maui County",2,58,2401,1206,1195
050,15,009,"Hawaii","Maui County",2,59,2377,1188,1189
050,15,009,"Hawaii","Maui County",2,60,2472,1241,1231
050,15,009,"Hawaii","Maui County",2,61,2400,1200,1200
050,15,009,"Hawaii","Maui County",2,62,2366,1175,1191
050,15,009,"Hawaii","Maui County",2,63,2349,1184,1165
050,15,009,"Hawaii","Maui County",2,64,2318,1147,1171
050,15,009,"Hawaii","Maui County",2,65,2276,1112,1164
050,15,009,"Hawaii","Maui County",2,66,2239,1104,1135
050,15,009,"Hawaii","Maui County",2,67,2203,1091,1112
050,15,009,"Hawaii","Maui County",2,68,2122,1060,1062
050,15,009,"Hawaii","Maui County",2,69,2038,1016,1022
050,15,009,"Hawaii","Maui County",2,70,2038,1025,1013
050,15,009,"Hawaii","Maui County",2,71,1918,969,949
050,15,009,"Hawaii","Maui County",2,72,1809,913,896
050,15,009,"Hawaii","Maui County",2,73,1841,941,900
050,15,009,"Hawaii","Maui County",2,74,1360,677,683
050,15,009,"Hawaii","Maui County",2,75,1276,602,674
050,15,009,"Hawaii","Maui County",2,76,1213,566,647
050,15,009,"Hawaii","Maui County",2,77,1139,545,594
050,15,009,"Hawaii","Maui County",2,78,951,465,486
050,15,009,"Hawaii","Maui County",2,79,821,388,433
050,15,009,"Hawaii","Maui County",2,80,750,344,406
050,15,009,"Hawaii","Maui County",2,81,676,296,380
050,15,009,"Hawaii","Maui County",2,82,619,271,348
050,15,009,"Hawaii","Maui County",2,83,535,229,306
050,15,009,"Hawaii","Maui County",2,84,452,183,269
050,15,009,"Hawaii","Maui County",2,85,3398,1291,2107
050,15,009,"Hawaii","Maui County",3,0,1694,901,793
050,15,009,"Hawaii","Maui County",3,1,1739,899,840
050,15,009,"Hawaii","Maui County",3,2,1818,928,890
050,15,009,"Hawaii","Maui County",3,3,1860,947,913
050,15,009,"Hawaii","Maui County",3,4,1915,1014,901
050,15,009,"Hawaii","Maui County",3,5,1907,1001,906
050,15,009,"Hawaii","Maui County",3,6,1972,1036,936
050,15,009,"Hawaii","Maui County",3,7,2021,1048,973
050,15,009,"Hawaii","Maui County",3,8,2004,1058,946
050,15,009,"Hawaii","Maui County",3,9,2046,1078,968
050,15,009,"Hawaii","Maui County",3,10,2122,1157,965
050,15,009,"Hawaii","Maui County",3,11,1987,1054,933
050,15,009,"Hawaii","Maui County",3,12,1981,1007,974
050,15,009,"Hawaii","Maui County",3,13,2082,1066,1016
050,15,009,"Hawaii","Maui County",3,14,2000,1027,973
050,15,009,"Hawaii","Maui County",3,15,1933,971,962
050,15,009,"Hawaii","Maui County",3,16,1937,985,952
050,15,009,"Hawaii","Maui County",3,17,1968,1003,965
050,15,009,"Hawaii","Maui County",3,18,1701,899,802
050,15,009,"Hawaii","Maui County",3,19,1440,739,701
050,15,009,"Hawaii","Maui County",3,20,1507,757,750
050,15,009,"Hawaii","Maui County",3,21,1572,786,786
050,15,009,"Hawaii","Maui County",3,22,1580,752,828
050,15,009,"Hawaii","Maui County",3,23,1562,744,818
050,15,009,"Hawaii","Maui County",3,24,1649,765,884
050,15,009,"Hawaii","Maui County",3,25,1617,760,857
050,15,009,"Hawaii","Maui County",3,26,1632,796,836
050,15,009,"Hawaii","Maui County",3,27,1784,880,904
050,15,009,"Hawaii","Maui County",3,28,1855,918,937
050,15,009,"Hawaii","Maui County",3,29,1885,953,932
050,15,009,"Hawaii","Maui County",3,30,2018,988,1030
050,15,009,"Hawaii","Maui County",3,31,2015,978,1037
050,15,009,"Hawaii","Maui County",3,32,2003,984,1019
050,15,009,"Hawaii","Maui County",3,33,2009,939,1070
050,15,009,"Hawaii","Maui County",3,34,2112,981,1131
050,15,009,"Hawaii","Maui County",3,35,2282,1117,1165
050,15,009,"Hawaii","Maui County",3,36,2261,1118,1143
050,15,009,"Hawaii","Maui County",3,37,2269,1148,1121
050,15,009,"Hawaii","Maui County",3,38,2340,1169,1171
050,15,009,"Hawaii","Maui County",3,39,2344,1159,1185
050,15,009,"Hawaii","Maui County",3,40,2313,1160,1153
050,15,009,"Hawaii","Maui County",3,41,2353,1213,1140
050,15,009,"Hawaii","Maui County",3,42,2284,1179,1105
050,15,009,"Hawaii","Maui County",3,43,2170,1126,1044
050,15,009,"Hawaii","Maui County",3,44,2120,1095,1025
050,15,009,"Hawaii","Maui County",3,45,2053,1049,1004
050,15,009,"Hawaii","Maui County",3,46,2083,1056,1027
050,15,009,"Hawaii","Maui County",3,47,1942,976,966
050,15,009,"Hawaii","Maui County",3,48,1932,982,950
050,15,009,"Hawaii","Maui County",3,49,2020,1049,971
050,15,009,"Hawaii","Maui County",3,50,2216,1165,1051
050,15,009,"Hawaii","Maui County",3,51,2280,1174,1106
050,15,009,"Hawaii","Maui County",3,52,2120,1056,1064
050,15,009,"Hawaii","Maui County",3,53,2104,1038,1066
050,15,009,"Hawaii","Maui County",3,54,2161,1069,1092
050,15,009,"Hawaii","Maui County",3,55,2130,1063,1067
050,15,009,"Hawaii","Maui County",3,56,2199,1079,1120
050,15,009,"Hawaii","Maui County",3,57,2289,1109,1180
050,15,009,"Hawaii","Maui County",3,58,2363,1177,1186
050,15,009,"Hawaii","Maui County",3,59,2381,1191,1190
050,15,009,"Hawaii","Maui County",3,60,2372,1171,1201
050,15,009,"Hawaii","Maui County",3,61,2463,1230,1233
050,15,009,"Hawaii","Maui County",3,62,2388,1199,1189
050,15,009,"Hawaii","Maui County",3,63,2332,1145,1187
050,15,009,"Hawaii","Maui County",3,64,2324,1177,1147
050,15,009,"Hawaii","Maui County",3,65,2268,1124,1144
050,15,009,"Hawaii","Maui County",3,66,2265,1111,1154
050,15,009,"Hawaii","Maui County",3,67,2196,1083,1113
050,15,009,"Hawaii","Maui County",3,68,2162,1066,1096
050,15,009,"Hawaii","Maui County",3,69,2086,1040,1046
050,15,009,"Hawaii","Maui County",3,70,2015,1012,1003
050,15,009,"Hawaii","Maui County",3,71,1975,983,992
050,15,009,"Hawaii","Maui County",3,72,1877,930,947
050,15,009,"Hawaii","Maui County",3,73,1811,904,907
050,15,009,"Hawaii","Maui County",3,74,1797,920,877
050,15,009,"Hawaii","Maui County",3,75,1336,656,680
050,15,009,"Hawaii","Maui County",3,76,1245,592,653
050,15,009,"Hawaii","Maui County",3,77,1181,548,633
050,15,009,"Hawaii","Maui County",3,78,1103,521,582
050,15,009,"Hawaii","Maui County",3,79,936,454,482
050,15,009,"Hawaii","Maui County",3,80,818,379,439
050,15,009,"Hawaii","Maui County",3,81,718,325,393
050,15,009,"Hawaii","Maui County",3,82,650,284,366
050,15,009,"Hawaii","Maui County",3,83,580,244,336
050,15,009,"Hawaii","Maui County",3,84,511,219,292
050,15,009,"Hawaii","Maui County",3,85,3452,1314,2138
050,15,009,"Hawaii","Maui County",4,0,1703,912,791
050,15,009,"Hawaii","Maui County",4,1,1741,917,824
050,15,009,"Hawaii","Maui County",4,2,1734,899,835
050,15,009,"Hawaii","Maui County",4,3,1805,927,878
050,15,009,"Hawaii","Maui County",4,4,1817,933,884
050,15,009,"Hawaii","Maui County",4,5,1888,1004,884
050,15,009,"Hawaii","Maui County",4,6,1884,998,886
050,15,009,"Hawaii","Maui County",4,7,1935,1018,917
050,15,009,"Hawaii","Maui County",4,8,1995,1034,961
050,15,009,"Hawaii","Maui County",4,9,1994,1061,933
050,15,009,"Hawaii","Maui County",4,10,2037,1081,956
050,15,009,"Hawaii","Maui County",4,11,2057,1110,947
050,15,009,"Hawaii","Maui County",4,12,1980,1054,926
050,15,009,"Hawaii","Maui County",4,13,1951,987,964
050,15,009,"Hawaii","Maui County",4,14,2070,1056,1014
050,15,009,"Hawaii","Maui County",4,15,1955,992,963
050,15,009,"Hawaii","Maui County",4,16,1904,951,953
050,15,009,"Hawaii","Maui County",4,17,1909,956,953
050,15,009,"Hawaii","Maui County",4,18,1710,885,825
050,15,009,"Hawaii","Maui County",4,19,1477,776,701
050,15,009,"Hawaii","Maui County",4,20,1452,729,723
050,15,009,"Hawaii","Maui County",4,21,1534,773,761
050,15,009,"Hawaii","Maui County",4,22,1590,787,803
050,15,009,"Hawaii","Maui County",4,23,1585,750,835
050,15,009,"Hawaii","Maui County",4,24,1582,762,820
050,15,009,"Hawaii","Maui County",4,25,1712,806,906
050,15,009,"Hawaii","Maui County",4,26,1639,789,850
050,15,009,"Hawaii","Maui County",4,27,1648,799,849
050,15,009,"Hawaii","Maui County",4,28,1775,879,896
050,15,009,"Hawaii","Maui County",4,29,1831,909,922
050,15,009,"Hawaii","Maui County",4,30,1919,975,944
050,15,009,"Hawaii","Maui County",4,31,2016,979,1037
050,15,009,"Hawaii","Maui County",4,32,2045,1000,1045
050,15,009,"Hawaii","Maui County",4,33,2010,972,1038
050,15,009,"Hawaii","Maui County",4,34,2016,947,1069
050,15,009,"Hawaii","Maui County",4,35,2110,991,1119
050,15,009,"Hawaii","Maui County",4,36,2245,1094,1151
050,15,009,"Hawaii","Maui County",4,37,2231,1109,1122
050,15,009,"Hawaii","Maui County",4,38,2259,1139,1120
050,15,009,"Hawaii","Maui County",4,39,2379,1185,1194
050,15,009,"Hawaii","Maui County",4,40,2323,1157,1166
050,15,009,"Hawaii","Maui County",4,41,2290,1128,1162
050,15,009,"Hawaii","Maui County",4,42,2328,1189,1139
050,15,009,"Hawaii","Maui County",4,43,2252,1173,1079
050,15,009,"Hawaii","Maui County",4,44,2181,1112,1069
050,15,009,"Hawaii","Maui County",4,45,2095,1074,1021
050,15,009,"Hawaii","Maui County",4,46,2056,1058,998
050,15,009,"Hawaii","Maui County",4,47,2051,1053,998
050,15,009,"Hawaii","Maui County",4,48,1938,971,967
050,15,009,"Hawaii","Maui County",4,49,1909,970,939
050,15,009,"Hawaii","Maui County",4,50,2043,1078,965
050,15,009,"Hawaii","Maui County",4,51,2204,1139,1065
050,15,009,"Hawaii","Maui County",4,52,2254,1152,1102
050,15,009,"Hawaii","Maui County",4,53,2132,1062,1070
050,15,009,"Hawaii","Maui County",4,54,2102,1042,1060
050,15,009,"Hawaii","Maui County",4,55,2136,1043,1093
050,15,009,"Hawaii","Maui County",4,56,2125,1053,1072
050,15,009,"Hawaii","Maui County",4,57,2192,1051,1141
050,15,009,"Hawaii","Maui County",4,58,2337,1139,1198
050,15,009,"Hawaii","Maui County",4,59,2323,1144,1179
050,15,009,"Hawaii","Maui County",4,60,2393,1196,1197
050,15,009,"Hawaii","Maui County",4,61,2337,1153,1184
050,15,009,"Hawaii","Maui County",4,62,2443,1227,1216
050,15,009,"Hawaii","Maui County",4,63,2370,1179,1191
050,15,009,"Hawaii","Maui County",4,64,2336,1155,1181
050,15,009,"Hawaii","Maui County",4,65,2261,1141,1120
050,15,009,"Hawaii","Maui County",4,66,2257,1118,1139
050,15,009,"Hawaii","Maui County",4,67,2234,1095,1139
050,15,009,"Hawaii","Maui County",4,68,2148,1053,1095
050,15,009,"Hawaii","Maui County",4,69,2142,1045,1097
050,15,009,"Hawaii","Maui County",4,70,2066,1043,1023
050,15,009,"Hawaii","Maui County",4,71,1954,989,965
050,15,009,"Hawaii","Maui County",4,72,1923,948,975
050,15,009,"Hawaii","Maui County",4,73,1825,903,922
050,15,009,"Hawaii","Maui County",4,74,1757,872,885
050,15,009,"Hawaii","Maui County",4,75,1753,879,874
050,15,009,"Hawaii","Maui County",4,76,1289,638,651
050,15,009,"Hawaii","Maui County",4,77,1204,564,640
050,15,009,"Hawaii","Maui County",4,78,1150,535,615
050,15,009,"Hawaii","Maui County",4,79,1068,499,569
050,15,009,"Hawaii","Maui County",4,80,920,431,489
050,15,009,"Hawaii","Maui County",4,81,777,357,420
050,15,009,"Hawaii","Maui County",4,82,679,312,367
050,15,009,"Hawaii","Maui County",4,83,615,257,358
050,15,009,"Hawaii","Maui County",4,84,551,231,320
050,15,009,"Hawaii","Maui County",4,85,3512,1353,2159
050,15,009,"Hawaii","Maui County",5,0,1653,878,775
050,15,009,"Hawaii","Maui County",5,1,1756,921,835
050,15,009,"Hawaii","Maui County",5,2,1739,910,829
050,15,009,"Hawaii","Maui County",5,3,1723,883,840
050,15,009,"Hawaii","Maui County",5,4,1805,930,875
050,15,009,"Hawaii","Maui County",5,5,1815,929,886
050,15,009,"Hawaii","Maui County",5,6,1862,990,872
050,15,009,"Hawaii","Maui County",5,7,1874,988,886
050,15,009,"Hawaii","Maui County",5,8,1928,1016,912
050,15,009,"Hawaii","Maui County",5,9,1985,1024,961
050,15,009,"Hawaii","Maui County",5,10,1996,1059,937
050,15,009,"Hawaii","Maui County",5,11,2025,1071,954
050,15,009,"Hawaii","Maui County",5,12,2054,1118,936
050,15,009,"Hawaii","Maui County",5,13,1952,1032,920
050,15,009,"Hawaii","Maui County",5,14,1922,979,943
050,15,009,"Hawaii","Maui County",5,15,2018,1024,994
050,15,009,"Hawaii","Maui County",5,16,1921,971,950
050,15,009,"Hawaii","Maui County",5,17,1885,942,943
050,15,009,"Hawaii","Maui County",5,18,1680,859,821
050,15,009,"Hawaii","Maui County",5,19,1512,773,739
050,15,009,"Hawaii","Maui County",5,20,1533,784,749
050,15,009,"Hawaii","Maui County",5,21,1516,763,753
050,15,009,"Hawaii","Maui County",5,22,1536,762,774
050,15,009,"Hawaii","Maui County",5,23,1590,783,807
050,15,009,"Hawaii","Maui County",5,24,1591,772,819
050,15,009,"Hawaii","Maui County",5,25,1644,773,871
050,15,009,"Hawaii","Maui County",5,26,1735,825,910
050,15,009,"Hawaii","Maui County",5,27,1651,786,865
050,15,009,"Hawaii","Maui County",5,28,1649,802,847
050,15,009,"Hawaii","Maui County",5,29,1803,887,916
050,15,009,"Hawaii","Maui County",5,30,1877,953,924
050,15,009,"Hawaii","Maui County",5,31,1979,991,988
050,15,009,"Hawaii","Maui County",5,32,2037,1009,1028
050,15,009,"Hawaii","Maui County",5,33,2022,981,1041
050,15,009,"Hawaii","Maui County",5,34,1973,937,1036
050,15,009,"Hawaii","Maui County",5,35,2011,955,1056
050,15,009,"Hawaii","Maui County",5,36,2080,982,1098
050,15,009,"Hawaii","Maui County",5,37,2253,1093,1160
050,15,009,"Hawaii","Maui County",5,38,2214,1098,1116
050,15,009,"Hawaii","Maui County",5,39,2268,1143,1125
050,15,009,"Hawaii","Maui County",5,40,2394,1206,1188
050,15,009,"Hawaii","Maui County",5,41,2295,1132,1163
050,15,009,"Hawaii","Maui County",5,42,2276,1129,1147
050,15,009,"Hawaii","Maui County",5,43,2297,1182,1115
050,15,009,"Hawaii","Maui County",5,44,2244,1163,1081
050,15,009,"Hawaii","Maui County",5,45,2169,1097,1072
050,15,009,"Hawaii","Maui County",5,46,2072,1055,1017
050,15,009,"Hawaii","Maui County",5,47,2040,1053,987
050,15,009,"Hawaii","Maui County",5,48,2030,1046,984
050,15,009,"Hawaii","Maui County",5,49,1913,955,958
050,15,009,"Hawaii","Maui County",5,50,1932,988,944
050,15,009,"Hawaii","Maui County",5,51,2000,1055,945
050,15,009,"Hawaii","Maui County",5,52,2181,1117,1064
050,15,009,"Hawaii","Maui County",5,53,2264,1159,1105
050,15,009,"Hawaii","Maui County",5,54,2115,1055,1060
050,15,009,"Hawaii","Maui County",5,55,2092,1035,1057
050,15,009,"Hawaii","Maui County",5,56,2112,1018,1094
050,15,009,"Hawaii","Maui County",5,57,2137,1042,1095
050,15,009,"Hawaii","Maui County",5,58,2236,1074,1162
050,15,009,"Hawaii","Maui County",5,59,2300,1116,1184
050,15,009,"Hawaii","Maui County",5,60,2309,1128,1181
050,15,009,"Hawaii","Maui County",5,61,2353,1178,1175
050,15,009,"Hawaii","Maui County",5,62,2336,1143,1193
050,15,009,"Hawaii","Maui County",5,63,2396,1205,1191
050,15,009,"Hawaii","Maui County",5,64,2346,1175,1171
050,15,009,"Hawaii","Maui County",5,65,2285,1134,1151
050,15,009,"Hawaii","Maui County",5,66,2242,1119,1123
050,15,009,"Hawaii","Maui County",5,67,2227,1104,1123
050,15,009,"Hawaii","Maui County",5,68,2182,1062,1120
050,15,009,"Hawaii","Maui County",5,69,2120,1040,1080
050,15,009,"Hawaii","Maui County",5,70,2104,1035,1069
050,15,009,"Hawaii","Maui County",5,71,2005,1007,998
050,15,009,"Hawaii","Maui County",5,72,1900,951,949
050,15,009,"Hawaii","Maui County",5,73,1898,932,966
050,15,009,"Hawaii","Maui County",5,74,1781,875,906
050,15,009,"Hawaii","Maui County",5,75,1720,843,877
050,15,009,"Hawaii","Maui County",5,76,1701,855,846
050,15,009,"Hawaii","Maui County",5,77,1251,612,639
050,15,009,"Hawaii","Maui County",5,78,1171,549,622
050,15,009,"Hawaii","Maui County",5,79,1126,522,604
050,15,009,"Hawaii","Maui County",5,80,1060,483,577
050,15,009,"Hawaii","Maui County",5,81,883,416,467
050,15,009,"Hawaii","Maui County",5,82,734,338,396
050,15,009,"Hawaii","Maui County",5,83,648,291,357
050,15,009,"Hawaii","Maui County",5,84,588,248,340
050,15,009,"Hawaii","Maui County",5,85,3651,1420,2231

