"SUMLEV","STATE","COUNTY","STNAME","CTYNAME","YEAR","AGE","TOT_POP","TOT_MALE","TOT_FEMALE"
050,20,001,"Kansas","Allen County",1,0,158,80,78
050,20,001,"Kansas","Allen County",1,1,153,78,75
050,20,001,"Kansas","Allen County",1,2,150,82,68
050,20,001,"Kansas","Allen County",1,3,154,77,77
050,20,001,"Kansas","Allen County",1,4,128,73,55
050,20,001,"Kansas","Allen County",1,5,126,70,56
050,20,001,"Kansas","Allen County",1,6,142,76,66
050,20,001,"Kansas","Allen County",1,7,137,75,62
050,20,001,"Kansas","Allen County",1,8,160,71,89
050,20,001,"Kansas","Allen County",1,9,157,81,76
050,20,001,"Kansas","Allen County",1,10,155,78,77
050,20,001,"Kansas","Allen County",1,11,163,86,77
050,20,001,"Kansas","Allen County",1,12,167,86,81
050,20,001,"Kansas","Allen County",1,13,181,92,89
050,20,001,"Kansas","Allen County",1,14,171,93,78
050,20,001,"Kansas","Allen County",1,15,170,87,83
050,20,001,"Kansas","Allen County",1,16,177,88,89
050,20,001,"Kansas","Allen County",1,17,174,90,84
050,20,001,"Kansas","Allen County",1,18,215,101,114
050,20,001,"Kansas","Allen County",1,19,244,131,113
050,20,001,"Kansas","Allen County",1,20,178,111,67
050,20,001,"Kansas","Allen County",1,21,133,81,52
050,20,001,"Kansas","Allen County",1,22,143,77,66
050,20,001,"Kansas","Allen County",1,23,140,68,72
050,20,001,"Kansas","Allen County",1,24,137,69,68
050,20,001,"Kansas","Allen County",1,25,143,75,68
050,20,001,"Kansas","Allen County",1,26,141,79,62
050,20,001,"Kansas","Allen County",1,27,138,71,67
050,20,001,"Kansas","Allen County",1,28,150,74,76
050,20,001,"Kansas","Allen County",1,29,149,71,78
050,20,001,"Kansas","Allen County",1,30,127,61,66
050,20,001,"Kansas","Allen County",1,31,114,61,53
050,20,001,"Kansas","Allen County",1,32,142,69,73
050,20,001,"Kansas","Allen County",1,33,128,71,57
050,20,001,"Kansas","Allen County",1,34,135,70,65
050,20,001,"Kansas","Allen County",1,35,146,77,69
050,20,001,"Kansas","Allen County",1,36,148,72,76
050,20,001,"Kansas","Allen County",1,37,146,69,77
050,20,001,"Kansas","Allen County",1,38,164,79,85
050,20,001,"Kansas","Allen County",1,39,145,63,82
050,20,001,"Kansas","Allen County",1,40,141,66,75
050,20,001,"Kansas","Allen County",1,41,138,68,70
050,20,001,"Kansas","Allen County",1,42,150,79,71
050,20,001,"Kansas","Allen County",1,43,131,66,65
050,20,001,"Kansas","Allen County",1,44,123,56,67
050,20,001,"Kansas","Allen County",1,45,133,66,67
050,20,001,"Kansas","Allen County",1,46,135,77,58
050,20,001,"Kansas","Allen County",1,47,142,78,64
050,20,001,"Kansas","Allen County",1,48,155,83,72
050,20,001,"Kansas","Allen County",1,49,157,84,73
050,20,001,"Kansas","Allen County",1,50,151,83,68
050,20,001,"Kansas","Allen County",1,51,136,67,69
050,20,001,"Kansas","Allen County",1,52,138,61,77
050,20,001,"Kansas","Allen County",1,53,130,59,71
050,20,001,"Kansas","Allen County",1,54,139,63,76
050,20,001,"Kansas","Allen County",1,55,155,77,78
050,20,001,"Kansas","Allen County",1,56,160,87,73
050,20,001,"Kansas","Allen County",1,57,165,82,83
050,20,001,"Kansas","Allen County",1,58,179,84,95
050,20,001,"Kansas","Allen County",1,59,184,90,94
050,20,001,"Kansas","Allen County",1,60,180,89,91
050,20,001,"Kansas","Allen County",1,61,187,90,97
050,20,001,"Kansas","Allen County",1,62,171,77,94
050,20,001,"Kansas","Allen County",1,63,169,79,90
050,20,001,"Kansas","Allen County",1,64,177,82,95
050,20,001,"Kansas","Allen County",1,65,176,90,86
050,20,001,"Kansas","Allen County",1,66,165,80,85
050,20,001,"Kansas","Allen County",1,67,170,82,88
050,20,001,"Kansas","Allen County",1,68,169,73,96
050,20,001,"Kansas","Allen County",1,69,148,67,81
050,20,001,"Kansas","Allen County",1,70,149,70,79
050,20,001,"Kansas","Allen County",1,71,137,60,77
050,20,001,"Kansas","Allen County",1,72,132,67,65
050,20,001,"Kansas","Allen County",1,73,123,56,67
050,20,001,"Kansas","Allen County",1,74,97,45,52
050,20,001,"Kansas","Allen County",1,75,87,41,46
050,20,001,"Kansas","Allen County",1,76,98,47,51
050,20,001,"Kansas","Allen County",1,77,94,40,54
050,20,001,"Kansas","Allen County",1,78,90,45,45
050,20,001,"Kansas","Allen County",1,79,77,32,45
050,20,001,"Kansas","Allen County",1,80,78,32,46
050,20,001,"Kansas","Allen County",1,81,86,40,46
050,20,001,"Kansas","Allen County",1,82,73,30,43
050,20,001,"Kansas","Allen County",1,83,54,24,30
050,20,001,"Kansas","Allen County",1,84,45,19,26
050,20,001,"Kansas","Allen County",1,85,319,109,210
050,20,001,"Kansas","Allen County",2,0,157,80,77
050,20,001,"Kansas","Allen County",2,1,152,77,75
050,20,001,"Kansas","Allen County",2,2,151,81,70
050,20,001,"Kansas","Allen County",2,3,152,77,75
050,20,001,"Kansas","Allen County",2,4,134,74,60
050,20,001,"Kansas","Allen County",2,5,128,71,57
050,20,001,"Kansas","Allen County",2,6,140,75,65
050,20,001,"Kansas","Allen County",2,7,138,75,63
050,20,001,"Kansas","Allen County",2,8,154,72,82
050,20,001,"Kansas","Allen County",2,9,160,79,81
050,20,001,"Kansas","Allen County",2,10,158,80,78
050,20,001,"Kansas","Allen County",2,11,161,84,77
050,20,001,"Kansas","Allen County",2,12,169,87,82
050,20,001,"Kansas","Allen County",2,13,177,90,87
050,20,001,"Kansas","Allen County",2,14,175,93,82
050,20,001,"Kansas","Allen County",2,15,171,88,83
050,20,001,"Kansas","Allen County",2,16,175,88,87
050,20,001,"Kansas","Allen County",2,17,173,88,85
050,20,001,"Kansas","Allen County",2,18,215,101,114
050,20,001,"Kansas","Allen County",2,19,243,131,112
050,20,001,"Kansas","Allen County",2,20,178,109,69
050,20,001,"Kansas","Allen County",2,21,137,83,54
050,20,001,"Kansas","Allen County",2,22,143,77,66
050,20,001,"Kansas","Allen County",2,23,142,70,72
050,20,001,"Kansas","Allen County",2,24,137,68,69
050,20,001,"Kansas","Allen County",2,25,139,73,66
050,20,001,"Kansas","Allen County",2,26,145,82,63
050,20,001,"Kansas","Allen County",2,27,139,73,66
050,20,001,"Kansas","Allen County",2,28,152,77,75
050,20,001,"Kansas","Allen County",2,29,149,72,77
050,20,001,"Kansas","Allen County",2,30,131,62,69
050,20,001,"Kansas","Allen County",2,31,118,62,56
050,20,001,"Kansas","Allen County",2,32,133,65,68
050,20,001,"Kansas","Allen County",2,33,134,71,63
050,20,001,"Kansas","Allen County",2,34,133,71,62
050,20,001,"Kansas","Allen County",2,35,148,78,70
050,20,001,"Kansas","Allen County",2,36,147,73,74
050,20,001,"Kansas","Allen County",2,37,150,72,78
050,20,001,"Kansas","Allen County",2,38,158,75,83
050,20,001,"Kansas","Allen County",2,39,149,67,82
050,20,001,"Kansas","Allen County",2,40,143,65,78
050,20,001,"Kansas","Allen County",2,41,138,68,70
050,20,001,"Kansas","Allen County",2,42,146,75,71
050,20,001,"Kansas","Allen County",2,43,137,70,67
050,20,001,"Kansas","Allen County",2,44,122,57,65
050,20,001,"Kansas","Allen County",2,45,133,65,68
050,20,001,"Kansas","Allen County",2,46,133,73,60
050,20,001,"Kansas","Allen County",2,47,141,77,64
050,20,001,"Kansas","Allen County",2,48,151,81,70
050,20,001,"Kansas","Allen County",2,49,157,83,74
050,20,001,"Kansas","Allen County",2,50,151,82,69
050,20,001,"Kansas","Allen County",2,51,135,68,67
050,20,001,"Kansas","Allen County",2,52,137,62,75
050,20,001,"Kansas","Allen County",2,53,132,59,73
050,20,001,"Kansas","Allen County",2,54,136,62,74
050,20,001,"Kansas","Allen County",2,55,149,73,76
050,20,001,"Kansas","Allen County",2,56,160,85,75
050,20,001,"Kansas","Allen County",2,57,164,83,81
050,20,001,"Kansas","Allen County",2,58,177,85,92
050,20,001,"Kansas","Allen County",2,59,183,88,95
050,20,001,"Kansas","Allen County",2,60,179,88,91
050,20,001,"Kansas","Allen County",2,61,185,90,95
050,20,001,"Kansas","Allen County",2,62,173,79,94
050,20,001,"Kansas","Allen County",2,63,172,80,92
050,20,001,"Kansas","Allen County",2,64,173,80,93
050,20,001,"Kansas","Allen County",2,65,176,88,88
050,20,001,"Kansas","Allen County",2,66,168,82,86
050,20,001,"Kansas","Allen County",2,67,169,82,87
050,20,001,"Kansas","Allen County",2,68,165,73,92
050,20,001,"Kansas","Allen County",2,69,153,68,85
050,20,001,"Kansas","Allen County",2,70,148,69,79
050,20,001,"Kansas","Allen County",2,71,139,63,76
050,20,001,"Kansas","Allen County",2,72,129,63,66
050,20,001,"Kansas","Allen County",2,73,131,61,70
050,20,001,"Kansas","Allen County",2,74,97,45,52
050,20,001,"Kansas","Allen County",2,75,89,42,47
050,20,001,"Kansas","Allen County",2,76,94,45,49
050,20,001,"Kansas","Allen County",2,77,97,42,55
050,20,001,"Kansas","Allen County",2,78,88,42,46
050,20,001,"Kansas","Allen County",2,79,79,34,45
050,20,001,"Kansas","Allen County",2,80,79,33,46
050,20,001,"Kansas","Allen County",2,81,84,38,46
050,20,001,"Kansas","Allen County",2,82,73,31,42
050,20,001,"Kansas","Allen County",2,83,58,25,33
050,20,001,"Kansas","Allen County",2,84,47,20,27
050,20,001,"Kansas","Allen County",2,85,318,110,208
050,20,001,"Kansas","Allen County",3,0,127,72,55
050,20,001,"Kansas","Allen County",3,1,163,83,80
050,20,001,"Kansas","Allen County",3,2,151,78,73
050,20,001,"Kansas","Allen County",3,3,149,78,71
050,20,001,"Kansas","Allen County",3,4,156,79,77
050,20,001,"Kansas","Allen County",3,5,151,85,66
050,20,001,"Kansas","Allen County",3,6,126,69,57
050,20,001,"Kansas","Allen County",3,7,148,82,66
050,20,001,"Kansas","Allen County",3,8,136,71,65
050,20,001,"Kansas","Allen County",3,9,147,68,79
050,20,001,"Kansas","Allen County",3,10,150,74,76
050,20,001,"Kansas","Allen County",3,11,155,81,74
050,20,001,"Kansas","Allen County",3,12,155,78,77
050,20,001,"Kansas","Allen County",3,13,161,82,79
050,20,001,"Kansas","Allen County",3,14,180,91,89
050,20,001,"Kansas","Allen County",3,15,171,93,78
050,20,001,"Kansas","Allen County",3,16,164,85,79
050,20,001,"Kansas","Allen County",3,17,170,86,84
050,20,001,"Kansas","Allen County",3,18,215,98,117
050,20,001,"Kansas","Allen County",3,19,234,126,108
050,20,001,"Kansas","Allen County",3,20,177,102,75
050,20,001,"Kansas","Allen County",3,21,141,89,52
050,20,001,"Kansas","Allen County",3,22,121,70,51
050,20,001,"Kansas","Allen County",3,23,153,79,74
050,20,001,"Kansas","Allen County",3,24,128,61,67
050,20,001,"Kansas","Allen County",3,25,136,67,69
050,20,001,"Kansas","Allen County",3,26,151,77,74
050,20,001,"Kansas","Allen County",3,27,151,83,68
050,20,001,"Kansas","Allen County",3,28,146,77,69
050,20,001,"Kansas","Allen County",3,29,166,87,79
050,20,001,"Kansas","Allen County",3,30,154,75,79
050,20,001,"Kansas","Allen County",3,31,137,64,73
050,20,001,"Kansas","Allen County",3,32,113,58,55
050,20,001,"Kansas","Allen County",3,33,134,63,71
050,20,001,"Kansas","Allen County",3,34,128,71,57
050,20,001,"Kansas","Allen County",3,35,135,75,60
050,20,001,"Kansas","Allen County",3,36,149,79,70
050,20,001,"Kansas","Allen County",3,37,148,78,70
050,20,001,"Kansas","Allen County",3,38,145,67,78
050,20,001,"Kansas","Allen County",3,39,161,76,85
050,20,001,"Kansas","Allen County",3,40,157,68,89
050,20,001,"Kansas","Allen County",3,41,148,68,80
050,20,001,"Kansas","Allen County",3,42,135,70,65
050,20,001,"Kansas","Allen County",3,43,155,85,70
050,20,001,"Kansas","Allen County",3,44,134,67,67
050,20,001,"Kansas","Allen County",3,45,117,55,62
050,20,001,"Kansas","Allen County",3,46,127,62,65
050,20,001,"Kansas","Allen County",3,47,134,70,64
050,20,001,"Kansas","Allen County",3,48,143,81,62
050,20,001,"Kansas","Allen County",3,49,153,79,74
050,20,001,"Kansas","Allen County",3,50,157,83,74
050,20,001,"Kansas","Allen County",3,51,150,82,68
050,20,001,"Kansas","Allen County",3,52,135,66,69
050,20,001,"Kansas","Allen County",3,53,135,60,75
050,20,001,"Kansas","Allen County",3,54,135,62,73
050,20,001,"Kansas","Allen County",3,55,139,64,75
050,20,001,"Kansas","Allen County",3,56,151,75,76
050,20,001,"Kansas","Allen County",3,57,162,87,75
050,20,001,"Kansas","Allen County",3,58,170,87,83
050,20,001,"Kansas","Allen County",3,59,166,76,90
050,20,001,"Kansas","Allen County",3,60,183,88,95
050,20,001,"Kansas","Allen County",3,61,183,94,89
050,20,001,"Kansas","Allen County",3,62,184,93,91
050,20,001,"Kansas","Allen County",3,63,166,77,89
050,20,001,"Kansas","Allen County",3,64,162,75,87
050,20,001,"Kansas","Allen County",3,65,167,79,88
050,20,001,"Kansas","Allen County",3,66,181,90,91
050,20,001,"Kansas","Allen County",3,67,170,83,87
050,20,001,"Kansas","Allen County",3,68,161,76,85
050,20,001,"Kansas","Allen County",3,69,160,70,90
050,20,001,"Kansas","Allen County",3,70,150,68,82
050,20,001,"Kansas","Allen County",3,71,145,67,78
050,20,001,"Kansas","Allen County",3,72,136,61,75
050,20,001,"Kansas","Allen County",3,73,126,61,65
050,20,001,"Kansas","Allen County",3,74,127,58,69
050,20,001,"Kansas","Allen County",3,75,94,44,50
050,20,001,"Kansas","Allen County",3,76,91,42,49
050,20,001,"Kansas","Allen County",3,77,87,42,45
050,20,001,"Kansas","Allen County",3,78,96,41,55
050,20,001,"Kansas","Allen County",3,79,84,39,45
050,20,001,"Kansas","Allen County",3,80,78,33,45
050,20,001,"Kansas","Allen County",3,81,78,34,44
050,20,001,"Kansas","Allen County",3,82,76,33,43
050,20,001,"Kansas","Allen County",3,83,67,25,42
050,20,001,"Kansas","Allen County",3,84,58,24,34
050,20,001,"Kansas","Allen County",3,85,302,103,199
050,20,001,"Kansas","Allen County",4,0,125,68,57
050,20,001,"Kansas","Allen County",4,1,132,77,55
050,20,001,"Kansas","Allen County",4,2,169,88,81
050,20,001,"Kansas","Allen County",4,3,148,75,73
050,20,001,"Kansas","Allen County",4,4,160,87,73
050,20,001,"Kansas","Allen County",4,5,166,83,83
050,20,001,"Kansas","Allen County",4,6,149,83,66
050,20,001,"Kansas","Allen County",4,7,133,77,56
050,20,001,"Kansas","Allen County",4,8,154,86,68
050,20,001,"Kansas","Allen County",4,9,146,75,71
050,20,001,"Kansas","Allen County",4,10,153,72,81
050,20,001,"Kansas","Allen County",4,11,156,77,79
050,20,001,"Kansas","Allen County",4,12,155,83,72
050,20,001,"Kansas","Allen County",4,13,158,81,77
050,20,001,"Kansas","Allen County",4,14,167,83,84
050,20,001,"Kansas","Allen County",4,15,192,100,92
050,20,001,"Kansas","Allen County",4,16,174,93,81
050,20,001,"Kansas","Allen County",4,17,172,89,83
050,20,001,"Kansas","Allen County",4,18,215,98,117
050,20,001,"Kansas","Allen County",4,19,229,115,114
050,20,001,"Kansas","Allen County",4,20,171,101,70
050,20,001,"Kansas","Allen County",4,21,146,80,66
050,20,001,"Kansas","Allen County",4,22,146,83,63
050,20,001,"Kansas","Allen County",4,23,119,65,54
050,20,001,"Kansas","Allen County",4,24,138,72,66
050,20,001,"Kansas","Allen County",4,25,119,60,59
050,20,001,"Kansas","Allen County",4,26,142,71,71
050,20,001,"Kansas","Allen County",4,27,150,69,81
050,20,001,"Kansas","Allen County",4,28,155,81,74
050,20,001,"Kansas","Allen County",4,29,153,83,70
050,20,001,"Kansas","Allen County",4,30,158,82,76
050,20,001,"Kansas","Allen County",4,31,158,80,78
050,20,001,"Kansas","Allen County",4,32,131,61,70
050,20,001,"Kansas","Allen County",4,33,122,66,56
050,20,001,"Kansas","Allen County",4,34,145,70,75
050,20,001,"Kansas","Allen County",4,35,133,72,61
050,20,001,"Kansas","Allen County",4,36,139,73,66
050,20,001,"Kansas","Allen County",4,37,146,78,68
050,20,001,"Kansas","Allen County",4,38,148,76,72
050,20,001,"Kansas","Allen County",4,39,152,69,83
050,20,001,"Kansas","Allen County",4,40,161,76,85
050,20,001,"Kansas","Allen County",4,41,149,65,84
050,20,001,"Kansas","Allen County",4,42,143,68,75
050,20,001,"Kansas","Allen County",4,43,139,72,67
050,20,001,"Kansas","Allen County",4,44,149,82,67
050,20,001,"Kansas","Allen County",4,45,132,70,62
050,20,001,"Kansas","Allen County",4,46,122,56,66
050,20,001,"Kansas","Allen County",4,47,130,60,70
050,20,001,"Kansas","Allen County",4,48,135,68,67
050,20,001,"Kansas","Allen County",4,49,136,74,62
050,20,001,"Kansas","Allen County",4,50,156,84,72
050,20,001,"Kansas","Allen County",4,51,157,82,75
050,20,001,"Kansas","Allen County",4,52,146,79,67
050,20,001,"Kansas","Allen County",4,53,140,69,71
050,20,001,"Kansas","Allen County",4,54,132,63,69
050,20,001,"Kansas","Allen County",4,55,135,64,71
050,20,001,"Kansas","Allen County",4,56,133,66,67
050,20,001,"Kansas","Allen County",4,57,160,76,84
050,20,001,"Kansas","Allen County",4,58,161,87,74
050,20,001,"Kansas","Allen County",4,59,160,82,78
050,20,001,"Kansas","Allen County",4,60,164,76,88
050,20,001,"Kansas","Allen County",4,61,178,86,92
050,20,001,"Kansas","Allen County",4,62,180,93,87
050,20,001,"Kansas","Allen County",4,63,177,88,89
050,20,001,"Kansas","Allen County",4,64,161,75,86
050,20,001,"Kansas","Allen County",4,65,156,70,86
050,20,001,"Kansas","Allen County",4,66,164,80,84
050,20,001,"Kansas","Allen County",4,67,171,81,90
050,20,001,"Kansas","Allen County",4,68,175,85,90
050,20,001,"Kansas","Allen County",4,69,148,67,81
050,20,001,"Kansas","Allen County",4,70,152,66,86
050,20,001,"Kansas","Allen County",4,71,144,66,78
050,20,001,"Kansas","Allen County",4,72,140,65,75
050,20,001,"Kansas","Allen County",4,73,130,55,75
050,20,001,"Kansas","Allen County",4,74,122,57,65
050,20,001,"Kansas","Allen County",4,75,122,58,64
050,20,001,"Kansas","Allen County",4,76,88,40,48
050,20,001,"Kansas","Allen County",4,77,89,40,49
050,20,001,"Kansas","Allen County",4,78,87,41,46
050,20,001,"Kansas","Allen County",4,79,95,41,54
050,20,001,"Kansas","Allen County",4,80,80,39,41
050,20,001,"Kansas","Allen County",4,81,74,34,40
050,20,001,"Kansas","Allen County",4,82,65,25,40
050,20,001,"Kansas","Allen County",4,83,69,25,44
050,20,001,"Kansas","Allen County",4,84,63,21,42
050,20,001,"Kansas","Allen County",4,85,295,100,195
050,20,001,"Kansas","Allen County",5,0,125,68,57
050,20,001,"Kansas","Allen County",5,1,121,69,52
050,20,001,"Kansas","Allen County",5,2,142,85,57
050,20,001,"Kansas","Allen County",5,3,175,95,80
050,20,001,"Kansas","Allen County",5,4,161,85,76
050,20,001,"Kansas","Allen County",5,5,160,84,76
050,20,001,"Kansas","Allen County",5,6,165,80,85
050,20,001,"Kansas","Allen County",5,7,147,81,66
050,20,001,"Kansas","Allen County",5,8,140,80,60
050,20,001,"Kansas","Allen County",5,9,160,88,72
050,20,001,"Kansas","Allen County",5,10,149,82,67
050,20,001,"Kansas","Allen County",5,11,154,72,82
050,20,001,"Kansas","Allen County",5,12,154,76,78
050,20,001,"Kansas","Allen County",5,13,151,81,70
050,20,001,"Kansas","Allen County",5,14,160,83,77
050,20,001,"Kansas","Allen County",5,15,155,75,80
050,20,001,"Kansas","Allen County",5,16,183,97,86
050,20,001,"Kansas","Allen County",5,17,182,98,84
050,20,001,"Kansas","Allen County",5,18,217,105,112
050,20,001,"Kansas","Allen County",5,19,233,119,114
050,20,001,"Kansas","Allen County",5,20,161,89,72
050,20,001,"Kansas","Allen County",5,21,132,78,54
050,20,001,"Kansas","Allen County",5,22,136,69,67
050,20,001,"Kansas","Allen County",5,23,160,90,70
050,20,001,"Kansas","Allen County",5,24,110,65,45
050,20,001,"Kansas","Allen County",5,25,126,69,57
050,20,001,"Kansas","Allen County",5,26,122,62,60
050,20,001,"Kansas","Allen County",5,27,150,71,79
050,20,001,"Kansas","Allen County",5,28,152,72,80
050,20,001,"Kansas","Allen County",5,29,156,78,78
050,20,001,"Kansas","Allen County",5,30,148,78,70
050,20,001,"Kansas","Allen County",5,31,155,84,71
050,20,001,"Kansas","Allen County",5,32,164,80,84
050,20,001,"Kansas","Allen County",5,33,130,59,71
050,20,001,"Kansas","Allen County",5,34,132,75,57
050,20,001,"Kansas","Allen County",5,35,151,75,76
050,20,001,"Kansas","Allen County",5,36,134,68,66
050,20,001,"Kansas","Allen County",5,37,144,79,65
050,20,001,"Kansas","Allen County",5,38,143,74,69
050,20,001,"Kansas","Allen County",5,39,146,75,71
050,20,001,"Kansas","Allen County",5,40,144,61,83
050,20,001,"Kansas","Allen County",5,41,157,71,86
050,20,001,"Kansas","Allen County",5,42,152,65,87
050,20,001,"Kansas","Allen County",5,43,151,70,81
050,20,001,"Kansas","Allen County",5,44,133,68,65
050,20,001,"Kansas","Allen County",5,45,146,78,68
050,20,001,"Kansas","Allen County",5,46,131,70,61
050,20,001,"Kansas","Allen County",5,47,118,52,66
050,20,001,"Kansas","Allen County",5,48,124,56,68
050,20,001,"Kansas","Allen County",5,49,129,64,65
050,20,001,"Kansas","Allen County",5,50,140,79,61
050,20,001,"Kansas","Allen County",5,51,158,89,69
050,20,001,"Kansas","Allen County",5,52,153,78,75
050,20,001,"Kansas","Allen County",5,53,144,78,66
050,20,001,"Kansas","Allen County",5,54,135,68,67
050,20,001,"Kansas","Allen County",5,55,141,69,72
050,20,001,"Kansas","Allen County",5,56,135,64,71
050,20,001,"Kansas","Allen County",5,57,141,71,70
050,20,001,"Kansas","Allen County",5,58,163,80,83
050,20,001,"Kansas","Allen County",5,59,154,81,73
050,20,001,"Kansas","Allen County",5,60,155,81,74
050,20,001,"Kansas","Allen County",5,61,160,73,87
050,20,001,"Kansas","Allen County",5,62,174,82,92
050,20,001,"Kansas","Allen County",5,63,177,90,87
050,20,001,"Kansas","Allen County",5,64,175,86,89
050,20,001,"Kansas","Allen County",5,65,159,71,88
050,20,001,"Kansas","Allen County",5,66,155,69,86
050,20,001,"Kansas","Allen County",5,67,158,75,83
050,20,001,"Kansas","Allen County",5,68,165,77,88
050,20,001,"Kansas","Allen County",5,69,165,78,87
050,20,001,"Kansas","Allen County",5,70,144,64,80
050,20,001,"Kansas","Allen County",5,71,151,69,82
050,20,001,"Kansas","Allen County",5,72,138,62,76
050,20,001,"Kansas","Allen County",5,73,129,57,72
050,20,001,"Kansas","Allen County",5,74,126,50,76
050,20,001,"Kansas","Allen County",5,75,117,56,61
050,20,001,"Kansas","Allen County",5,76,123,58,65
050,20,001,"Kansas","Allen County",5,77,80,35,45
050,20,001,"Kansas","Allen County",5,78,88,39,49
050,20,001,"Kansas","Allen County",5,79,82,39,43
050,20,001,"Kansas","Allen County",5,80,92,41,51
050,20,001,"Kansas","Allen County",5,81,77,38,39
050,20,001,"Kansas","Allen County",5,82,65,26,39
050,20,001,"Kansas","Allen County",5,83,58,17,41
050,20,001,"Kansas","Allen County",5,84,67,24,43
050,20,001,"Kansas","Allen County",5,85,297,97,200
050,20,003,"Kansas","Anderson County",1,0,102,53,49
050,20,003,"Kansas","Anderson County",1,1,111,54,57
050,20,003,"Kansas","Anderson County",1,2,111,58,53
050,20,003,"Kansas","Anderson County",1,3,103,54,49
050,20,003,"Kansas","Anderson County",1,4,103,60,43
050,20,003,"Kansas","Anderson County",1,5,105,47,58
050,20,003,"Kansas","Anderson County",1,6,102,50,52
050,20,003,"Kansas","Anderson County",1,7,114,65,49
050,20,003,"Kansas","Anderson County",1,8,114,57,57
050,20,003,"Kansas","Anderson County",1,9,108,58,50
050,20,003,"Kansas","Anderson County",1,10,118,57,61
050,20,003,"Kansas","Anderson County",1,11,131,72,59
050,20,003,"Kansas","Anderson County",1,12,124,67,57
050,20,003,"Kansas","Anderson County",1,13,114,55,59
050,20,003,"Kansas","Anderson County",1,14,130,65,65
050,20,003,"Kansas","Anderson County",1,15,114,61,53
050,20,003,"Kansas","Anderson County",1,16,120,56,64
050,20,003,"Kansas","Anderson County",1,17,130,63,67
050,20,003,"Kansas","Anderson County",1,18,94,52,42
050,20,003,"Kansas","Anderson County",1,19,65,36,29
050,20,003,"Kansas","Anderson County",1,20,74,44,30
050,20,003,"Kansas","Anderson County",1,21,78,43,35
050,20,003,"Kansas","Anderson County",1,22,87,49,38
050,20,003,"Kansas","Anderson County",1,23,74,40,34
050,20,003,"Kansas","Anderson County",1,24,88,45,43
050,20,003,"Kansas","Anderson County",1,25,74,40,34
050,20,003,"Kansas","Anderson County",1,26,75,45,30
050,20,003,"Kansas","Anderson County",1,27,73,37,36
050,20,003,"Kansas","Anderson County",1,28,85,45,40
050,20,003,"Kansas","Anderson County",1,29,83,42,41
050,20,003,"Kansas","Anderson County",1,30,91,49,42
050,20,003,"Kansas","Anderson County",1,31,77,43,34
050,20,003,"Kansas","Anderson County",1,32,87,42,45
050,20,003,"Kansas","Anderson County",1,33,75,43,32
050,20,003,"Kansas","Anderson County",1,34,67,35,32
050,20,003,"Kansas","Anderson County",1,35,82,38,44
050,20,003,"Kansas","Anderson County",1,36,79,41,38
050,20,003,"Kansas","Anderson County",1,37,83,42,41
050,20,003,"Kansas","Anderson County",1,38,101,53,48
050,20,003,"Kansas","Anderson County",1,39,94,45,49
050,20,003,"Kansas","Anderson County",1,40,86,40,46
050,20,003,"Kansas","Anderson County",1,41,89,45,44
050,20,003,"Kansas","Anderson County",1,42,77,36,41
050,20,003,"Kansas","Anderson County",1,43,82,36,46
050,20,003,"Kansas","Anderson County",1,44,74,29,45
050,20,003,"Kansas","Anderson County",1,45,92,50,42
050,20,003,"Kansas","Anderson County",1,46,84,44,40
050,20,003,"Kansas","Anderson County",1,47,67,36,31
050,20,003,"Kansas","Anderson County",1,48,85,43,42
050,20,003,"Kansas","Anderson County",1,49,91,46,45
050,20,003,"Kansas","Anderson County",1,50,90,41,49
050,20,003,"Kansas","Anderson County",1,51,102,47,55
050,20,003,"Kansas","Anderson County",1,52,104,60,44
050,20,003,"Kansas","Anderson County",1,53,85,41,44
050,20,003,"Kansas","Anderson County",1,54,83,33,50
050,20,003,"Kansas","Anderson County",1,55,106,49,57
050,20,003,"Kansas","Anderson County",1,56,101,55,46
050,20,003,"Kansas","Anderson County",1,57,107,61,46
050,20,003,"Kansas","Anderson County",1,58,123,70,53
050,20,003,"Kansas","Anderson County",1,59,113,63,50
050,20,003,"Kansas","Anderson County",1,60,124,62,62
050,20,003,"Kansas","Anderson County",1,61,125,59,66
050,20,003,"Kansas","Anderson County",1,62,109,47,62
050,20,003,"Kansas","Anderson County",1,63,100,48,52
050,20,003,"Kansas","Anderson County",1,64,105,55,50
050,20,003,"Kansas","Anderson County",1,65,102,52,50
050,20,003,"Kansas","Anderson County",1,66,97,54,43
050,20,003,"Kansas","Anderson County",1,67,84,47,37
050,20,003,"Kansas","Anderson County",1,68,91,49,42
050,20,003,"Kansas","Anderson County",1,69,84,42,42
050,20,003,"Kansas","Anderson County",1,70,84,41,43
050,20,003,"Kansas","Anderson County",1,71,87,40,47
050,20,003,"Kansas","Anderson County",1,72,81,36,45
050,20,003,"Kansas","Anderson County",1,73,83,41,42
050,20,003,"Kansas","Anderson County",1,74,63,31,32
050,20,003,"Kansas","Anderson County",1,75,62,32,30
050,20,003,"Kansas","Anderson County",1,76,72,40,32
050,20,003,"Kansas","Anderson County",1,77,78,39,39
050,20,003,"Kansas","Anderson County",1,78,68,32,36
050,20,003,"Kansas","Anderson County",1,79,55,21,34
050,20,003,"Kansas","Anderson County",1,80,38,17,21
050,20,003,"Kansas","Anderson County",1,81,34,12,22
050,20,003,"Kansas","Anderson County",1,82,46,20,26
050,20,003,"Kansas","Anderson County",1,83,45,15,30
050,20,003,"Kansas","Anderson County",1,84,36,16,20
050,20,003,"Kansas","Anderson County",1,85,200,80,120
050,20,003,"Kansas","Anderson County",2,0,95,49,46
050,20,003,"Kansas","Anderson County",2,1,109,53,56
050,20,003,"Kansas","Anderson County",2,2,110,56,54
050,20,003,"Kansas","Anderson County",2,3,105,56,49
050,20,003,"Kansas","Anderson County",2,4,104,60,44
050,20,003,"Kansas","Anderson County",2,5,107,51,56
050,20,003,"Kansas","Anderson County",2,6,105,50,55
050,20,003,"Kansas","Anderson County",2,7,111,62,49
050,20,003,"Kansas","Anderson County",2,8,113,58,55
050,20,003,"Kansas","Anderson County",2,9,110,57,53
050,20,003,"Kansas","Anderson County",2,10,116,57,59
050,20,003,"Kansas","Anderson County",2,11,129,68,61
050,20,003,"Kansas","Anderson County",2,12,125,67,58
050,20,003,"Kansas","Anderson County",2,13,118,58,60
050,20,003,"Kansas","Anderson County",2,14,126,63,63
050,20,003,"Kansas","Anderson County",2,15,119,62,57
050,20,003,"Kansas","Anderson County",2,16,120,58,62
050,20,003,"Kansas","Anderson County",2,17,128,62,66
050,20,003,"Kansas","Anderson County",2,18,94,50,44
050,20,003,"Kansas","Anderson County",2,19,67,38,29
050,20,003,"Kansas","Anderson County",2,20,74,43,31
050,20,003,"Kansas","Anderson County",2,21,78,44,34
050,20,003,"Kansas","Anderson County",2,22,86,48,38
050,20,003,"Kansas","Anderson County",2,23,80,45,35
050,20,003,"Kansas","Anderson County",2,24,86,46,40
050,20,003,"Kansas","Anderson County",2,25,78,42,36
050,20,003,"Kansas","Anderson County",2,26,76,45,31
050,20,003,"Kansas","Anderson County",2,27,75,39,36
050,20,003,"Kansas","Anderson County",2,28,84,45,39
050,20,003,"Kansas","Anderson County",2,29,85,44,41
050,20,003,"Kansas","Anderson County",2,30,89,47,42
050,20,003,"Kansas","Anderson County",2,31,79,44,35
050,20,003,"Kansas","Anderson County",2,32,85,43,42
050,20,003,"Kansas","Anderson County",2,33,78,43,35
050,20,003,"Kansas","Anderson County",2,34,71,38,33
050,20,003,"Kansas","Anderson County",2,35,79,38,41
050,20,003,"Kansas","Anderson County",2,36,77,39,38
050,20,003,"Kansas","Anderson County",2,37,81,41,40
050,20,003,"Kansas","Anderson County",2,38,98,51,47
050,20,003,"Kansas","Anderson County",2,39,96,48,48
050,20,003,"Kansas","Anderson County",2,40,89,42,47
050,20,003,"Kansas","Anderson County",2,41,89,45,44
050,20,003,"Kansas","Anderson County",2,42,79,38,41
050,20,003,"Kansas","Anderson County",2,43,81,35,46
050,20,003,"Kansas","Anderson County",2,44,76,31,45
050,20,003,"Kansas","Anderson County",2,45,89,46,43
050,20,003,"Kansas","Anderson County",2,46,85,45,40
050,20,003,"Kansas","Anderson County",2,47,72,38,34
050,20,003,"Kansas","Anderson County",2,48,82,42,40
050,20,003,"Kansas","Anderson County",2,49,93,47,46
050,20,003,"Kansas","Anderson County",2,50,91,43,48
050,20,003,"Kansas","Anderson County",2,51,100,46,54
050,20,003,"Kansas","Anderson County",2,52,100,55,45
050,20,003,"Kansas","Anderson County",2,53,89,45,44
050,20,003,"Kansas","Anderson County",2,54,84,35,49
050,20,003,"Kansas","Anderson County",2,55,101,46,55
050,20,003,"Kansas","Anderson County",2,56,102,54,48
050,20,003,"Kansas","Anderson County",2,57,107,60,47
050,20,003,"Kansas","Anderson County",2,58,118,67,51
050,20,003,"Kansas","Anderson County",2,59,115,64,51
050,20,003,"Kansas","Anderson County",2,60,121,63,58
050,20,003,"Kansas","Anderson County",2,61,125,60,65
050,20,003,"Kansas","Anderson County",2,62,113,50,63
050,20,003,"Kansas","Anderson County",2,63,103,48,55
050,20,003,"Kansas","Anderson County",2,64,103,52,51
050,20,003,"Kansas","Anderson County",2,65,102,52,50
050,20,003,"Kansas","Anderson County",2,66,98,54,44
050,20,003,"Kansas","Anderson County",2,67,88,49,39
050,20,003,"Kansas","Anderson County",2,68,88,48,40
050,20,003,"Kansas","Anderson County",2,69,84,42,42
050,20,003,"Kansas","Anderson County",2,70,83,41,42
050,20,003,"Kansas","Anderson County",2,71,85,40,45
050,20,003,"Kansas","Anderson County",2,72,81,37,44
050,20,003,"Kansas","Anderson County",2,73,86,41,45
050,20,003,"Kansas","Anderson County",2,74,64,31,33
050,20,003,"Kansas","Anderson County",2,75,62,32,30
050,20,003,"Kansas","Anderson County",2,76,68,38,30
050,20,003,"Kansas","Anderson County",2,77,77,40,37
050,20,003,"Kansas","Anderson County",2,78,68,32,36
050,20,003,"Kansas","Anderson County",2,79,56,22,34
050,20,003,"Kansas","Anderson County",2,80,42,18,24
050,20,003,"Kansas","Anderson County",2,81,34,12,22
050,20,003,"Kansas","Anderson County",2,82,44,19,25
050,20,003,"Kansas","Anderson County",2,83,43,14,29
050,20,003,"Kansas","Anderson County",2,84,37,16,21
050,20,003,"Kansas","Anderson County",2,85,196,79,117
050,20,003,"Kansas","Anderson County",3,0,102,46,56
050,20,003,"Kansas","Anderson County",3,1,96,46,50
050,20,003,"Kansas","Anderson County",3,2,114,56,58
050,20,003,"Kansas","Anderson County",3,3,104,51,53
050,20,003,"Kansas","Anderson County",3,4,108,58,50
050,20,003,"Kansas","Anderson County",3,5,107,66,41
050,20,003,"Kansas","Anderson County",3,6,104,50,54
050,20,003,"Kansas","Anderson County",3,7,112,55,57
050,20,003,"Kansas","Anderson County",3,8,106,58,48
050,20,003,"Kansas","Anderson County",3,9,120,64,56
050,20,003,"Kansas","Anderson County",3,10,115,63,52
050,20,003,"Kansas","Anderson County",3,11,111,57,54
050,20,003,"Kansas","Anderson County",3,12,129,71,58
050,20,003,"Kansas","Anderson County",3,13,122,69,53
050,20,003,"Kansas","Anderson County",3,14,113,54,59
050,20,003,"Kansas","Anderson County",3,15,127,65,62
050,20,003,"Kansas","Anderson County",3,16,116,59,57
050,20,003,"Kansas","Anderson County",3,17,119,60,59
050,20,003,"Kansas","Anderson County",3,18,102,53,49
050,20,003,"Kansas","Anderson County",3,19,72,39,33
050,20,003,"Kansas","Anderson County",3,20,81,45,36
050,20,003,"Kansas","Anderson County",3,21,75,44,31
050,20,003,"Kansas","Anderson County",3,22,80,44,36
050,20,003,"Kansas","Anderson County",3,23,75,44,31
050,20,003,"Kansas","Anderson County",3,24,86,52,34
050,20,003,"Kansas","Anderson County",3,25,79,42,37
050,20,003,"Kansas","Anderson County",3,26,76,39,37
050,20,003,"Kansas","Anderson County",3,27,76,44,32
050,20,003,"Kansas","Anderson County",3,28,73,38,35
050,20,003,"Kansas","Anderson County",3,29,79,43,36
050,20,003,"Kansas","Anderson County",3,30,77,39,38
050,20,003,"Kansas","Anderson County",3,31,89,45,44
050,20,003,"Kansas","Anderson County",3,32,90,50,40
050,20,003,"Kansas","Anderson County",3,33,85,47,38
050,20,003,"Kansas","Anderson County",3,34,78,41,37
050,20,003,"Kansas","Anderson County",3,35,73,40,33
050,20,003,"Kansas","Anderson County",3,36,80,40,40
050,20,003,"Kansas","Anderson County",3,37,72,38,34
050,20,003,"Kansas","Anderson County",3,38,82,41,41
050,20,003,"Kansas","Anderson County",3,39,97,51,46
050,20,003,"Kansas","Anderson County",3,40,93,45,48
050,20,003,"Kansas","Anderson County",3,41,92,45,47
050,20,003,"Kansas","Anderson County",3,42,86,42,44
050,20,003,"Kansas","Anderson County",3,43,80,44,36
050,20,003,"Kansas","Anderson County",3,44,77,34,43
050,20,003,"Kansas","Anderson County",3,45,82,38,44
050,20,003,"Kansas","Anderson County",3,46,89,48,41
050,20,003,"Kansas","Anderson County",3,47,86,47,39
050,20,003,"Kansas","Anderson County",3,48,76,39,37
050,20,003,"Kansas","Anderson County",3,49,87,43,44
050,20,003,"Kansas","Anderson County",3,50,94,46,48
050,20,003,"Kansas","Anderson County",3,51,86,43,43
050,20,003,"Kansas","Anderson County",3,52,98,48,50
050,20,003,"Kansas","Anderson County",3,53,100,54,46
050,20,003,"Kansas","Anderson County",3,54,93,46,47
050,20,003,"Kansas","Anderson County",3,55,90,36,54
050,20,003,"Kansas","Anderson County",3,56,102,46,56
050,20,003,"Kansas","Anderson County",3,57,105,54,51
050,20,003,"Kansas","Anderson County",3,58,101,55,46
050,20,003,"Kansas","Anderson County",3,59,119,67,52
050,20,003,"Kansas","Anderson County",3,60,111,60,51
050,20,003,"Kansas","Anderson County",3,61,124,65,59
050,20,003,"Kansas","Anderson County",3,62,123,59,64
050,20,003,"Kansas","Anderson County",3,63,110,47,63
050,20,003,"Kansas","Anderson County",3,64,101,45,56
050,20,003,"Kansas","Anderson County",3,65,104,55,49
050,20,003,"Kansas","Anderson County",3,66,103,54,49
050,20,003,"Kansas","Anderson County",3,67,99,54,45
050,20,003,"Kansas","Anderson County",3,68,87,49,38
050,20,003,"Kansas","Anderson County",3,69,86,47,39
050,20,003,"Kansas","Anderson County",3,70,85,40,45
050,20,003,"Kansas","Anderson County",3,71,82,42,40
050,20,003,"Kansas","Anderson County",3,72,84,39,45
050,20,003,"Kansas","Anderson County",3,73,79,36,43
050,20,003,"Kansas","Anderson County",3,74,86,41,45
050,20,003,"Kansas","Anderson County",3,75,61,31,30
050,20,003,"Kansas","Anderson County",3,76,58,28,30
050,20,003,"Kansas","Anderson County",3,77,64,35,29
050,20,003,"Kansas","Anderson County",3,78,73,38,35
050,20,003,"Kansas","Anderson County",3,79,62,32,30
050,20,003,"Kansas","Anderson County",3,80,54,23,31
050,20,003,"Kansas","Anderson County",3,81,39,16,23
050,20,003,"Kansas","Anderson County",3,82,36,15,21
050,20,003,"Kansas","Anderson County",3,83,36,16,20
050,20,003,"Kansas","Anderson County",3,84,39,13,26
050,20,003,"Kansas","Anderson County",3,85,183,76,107
050,20,003,"Kansas","Anderson County",4,0,101,49,52
050,20,003,"Kansas","Anderson County",4,1,106,52,54
050,20,003,"Kansas","Anderson County",4,2,94,46,48
050,20,003,"Kansas","Anderson County",4,3,105,53,52
050,20,003,"Kansas","Anderson County",4,4,103,54,49
050,20,003,"Kansas","Anderson County",4,5,107,54,53
050,20,003,"Kansas","Anderson County",4,6,107,64,43
050,20,003,"Kansas","Anderson County",4,7,102,46,56
050,20,003,"Kansas","Anderson County",4,8,109,55,54
050,20,003,"Kansas","Anderson County",4,9,100,57,43
050,20,003,"Kansas","Anderson County",4,10,111,59,52
050,20,003,"Kansas","Anderson County",4,11,118,63,55
050,20,003,"Kansas","Anderson County",4,12,106,54,52
050,20,003,"Kansas","Anderson County",4,13,121,67,54
050,20,003,"Kansas","Anderson County",4,14,121,68,53
050,20,003,"Kansas","Anderson County",4,15,109,56,53
050,20,003,"Kansas","Anderson County",4,16,132,62,70
050,20,003,"Kansas","Anderson County",4,17,114,57,57
050,20,003,"Kansas","Anderson County",4,18,100,53,47
050,20,003,"Kansas","Anderson County",4,19,81,39,42
050,20,003,"Kansas","Anderson County",4,20,87,48,39
050,20,003,"Kansas","Anderson County",4,21,87,48,39
050,20,003,"Kansas","Anderson County",4,22,84,52,32
050,20,003,"Kansas","Anderson County",4,23,94,52,42
050,20,003,"Kansas","Anderson County",4,24,79,48,31
050,20,003,"Kansas","Anderson County",4,25,92,51,41
050,20,003,"Kansas","Anderson County",4,26,75,43,32
050,20,003,"Kansas","Anderson County",4,27,74,36,38
050,20,003,"Kansas","Anderson County",4,28,78,50,28
050,20,003,"Kansas","Anderson County",4,29,75,42,33
050,20,003,"Kansas","Anderson County",4,30,81,39,42
050,20,003,"Kansas","Anderson County",4,31,84,45,39
050,20,003,"Kansas","Anderson County",4,32,89,45,44
050,20,003,"Kansas","Anderson County",4,33,89,49,40
050,20,003,"Kansas","Anderson County",4,34,80,46,34
050,20,003,"Kansas","Anderson County",4,35,80,43,37
050,20,003,"Kansas","Anderson County",4,36,70,40,30
050,20,003,"Kansas","Anderson County",4,37,79,41,38
050,20,003,"Kansas","Anderson County",4,38,76,43,33
050,20,003,"Kansas","Anderson County",4,39,76,40,36
050,20,003,"Kansas","Anderson County",4,40,99,52,47
050,20,003,"Kansas","Anderson County",4,41,98,48,50
050,20,003,"Kansas","Anderson County",4,42,93,47,46
050,20,003,"Kansas","Anderson County",4,43,87,41,46
050,20,003,"Kansas","Anderson County",4,44,78,41,37
050,20,003,"Kansas","Anderson County",4,45,83,39,44
050,20,003,"Kansas","Anderson County",4,46,79,35,44
050,20,003,"Kansas","Anderson County",4,47,85,47,38
050,20,003,"Kansas","Anderson County",4,48,92,53,39
050,20,003,"Kansas","Anderson County",4,49,82,41,41
050,20,003,"Kansas","Anderson County",4,50,88,44,44
050,20,003,"Kansas","Anderson County",4,51,96,46,50
050,20,003,"Kansas","Anderson County",4,52,88,44,44
050,20,003,"Kansas","Anderson County",4,53,98,49,49
050,20,003,"Kansas","Anderson County",4,54,99,50,49
050,20,003,"Kansas","Anderson County",4,55,94,47,47
050,20,003,"Kansas","Anderson County",4,56,90,36,54
050,20,003,"Kansas","Anderson County",4,57,103,48,55
050,20,003,"Kansas","Anderson County",4,58,108,52,56
050,20,003,"Kansas","Anderson County",4,59,99,53,46
050,20,003,"Kansas","Anderson County",4,60,120,68,52
050,20,003,"Kansas","Anderson County",4,61,106,55,51
050,20,003,"Kansas","Anderson County",4,62,117,60,57
050,20,003,"Kansas","Anderson County",4,63,122,58,64
050,20,003,"Kansas","Anderson County",4,64,104,46,58
050,20,003,"Kansas","Anderson County",4,65,98,42,56
050,20,003,"Kansas","Anderson County",4,66,106,58,48
050,20,003,"Kansas","Anderson County",4,67,103,54,49
050,20,003,"Kansas","Anderson County",4,68,98,52,46
050,20,003,"Kansas","Anderson County",4,69,86,48,38
050,20,003,"Kansas","Anderson County",4,70,84,45,39
050,20,003,"Kansas","Anderson County",4,71,82,40,42
050,20,003,"Kansas","Anderson County",4,72,82,42,40
050,20,003,"Kansas","Anderson County",4,73,83,38,45
050,20,003,"Kansas","Anderson County",4,74,79,35,44
050,20,003,"Kansas","Anderson County",4,75,87,43,44
050,20,003,"Kansas","Anderson County",4,76,63,31,32
050,20,003,"Kansas","Anderson County",4,77,56,26,30
050,20,003,"Kansas","Anderson County",4,78,62,36,26
050,20,003,"Kansas","Anderson County",4,79,66,33,33
050,20,003,"Kansas","Anderson County",4,80,56,29,27
050,20,003,"Kansas","Anderson County",4,81,51,20,31
050,20,003,"Kansas","Anderson County",4,82,39,17,22
050,20,003,"Kansas","Anderson County",4,83,28,13,15
050,20,003,"Kansas","Anderson County",4,84,36,17,19
050,20,003,"Kansas","Anderson County",4,85,169,67,102
050,20,003,"Kansas","Anderson County",5,0,103,50,53
050,20,003,"Kansas","Anderson County",5,1,103,52,51
050,20,003,"Kansas","Anderson County",5,2,93,42,51
050,20,003,"Kansas","Anderson County",5,3,98,46,52
050,20,003,"Kansas","Anderson County",5,4,112,54,58
050,20,003,"Kansas","Anderson County",5,5,109,60,49
050,20,003,"Kansas","Anderson County",5,6,118,56,62
050,20,003,"Kansas","Anderson County",5,7,115,68,47
050,20,003,"Kansas","Anderson County",5,8,108,50,58
050,20,003,"Kansas","Anderson County",5,9,114,56,58
050,20,003,"Kansas","Anderson County",5,10,104,57,47
050,20,003,"Kansas","Anderson County",5,11,115,63,52
050,20,003,"Kansas","Anderson County",5,12,117,63,54
050,20,003,"Kansas","Anderson County",5,13,112,55,57
050,20,003,"Kansas","Anderson County",5,14,124,70,54
050,20,003,"Kansas","Anderson County",5,15,115,63,52
050,20,003,"Kansas","Anderson County",5,16,113,57,56
050,20,003,"Kansas","Anderson County",5,17,127,57,70
050,20,003,"Kansas","Anderson County",5,18,96,45,51
050,20,003,"Kansas","Anderson County",5,19,74,40,34
050,20,003,"Kansas","Anderson County",5,20,87,42,45
050,20,003,"Kansas","Anderson County",5,21,89,49,40
050,20,003,"Kansas","Anderson County",5,22,85,47,38
050,20,003,"Kansas","Anderson County",5,23,89,60,29
050,20,003,"Kansas","Anderson County",5,24,95,58,37
050,20,003,"Kansas","Anderson County",5,25,77,45,32
050,20,003,"Kansas","Anderson County",5,26,82,45,37
050,20,003,"Kansas","Anderson County",5,27,75,44,31
050,20,003,"Kansas","Anderson County",5,28,68,30,38
050,20,003,"Kansas","Anderson County",5,29,82,54,28
050,20,003,"Kansas","Anderson County",5,30,74,40,34
050,20,003,"Kansas","Anderson County",5,31,84,44,40
050,20,003,"Kansas","Anderson County",5,32,86,44,42
050,20,003,"Kansas","Anderson County",5,33,94,49,45
050,20,003,"Kansas","Anderson County",5,34,89,50,39
050,20,003,"Kansas","Anderson County",5,35,74,39,35
050,20,003,"Kansas","Anderson County",5,36,75,44,31
050,20,003,"Kansas","Anderson County",5,37,70,38,32
050,20,003,"Kansas","Anderson County",5,38,87,42,45
050,20,003,"Kansas","Anderson County",5,39,78,43,35
050,20,003,"Kansas","Anderson County",5,40,81,43,38
050,20,003,"Kansas","Anderson County",5,41,99,51,48
050,20,003,"Kansas","Anderson County",5,42,93,43,50
050,20,003,"Kansas","Anderson County",5,43,90,45,45
050,20,003,"Kansas","Anderson County",5,44,88,41,47
050,20,003,"Kansas","Anderson County",5,45,78,43,35
050,20,003,"Kansas","Anderson County",5,46,85,40,45
050,20,003,"Kansas","Anderson County",5,47,79,35,44
050,20,003,"Kansas","Anderson County",5,48,88,50,38
050,20,003,"Kansas","Anderson County",5,49,90,50,40
050,20,003,"Kansas","Anderson County",5,50,87,44,43
050,20,003,"Kansas","Anderson County",5,51,94,48,46
050,20,003,"Kansas","Anderson County",5,52,100,50,50
050,20,003,"Kansas","Anderson County",5,53,91,44,47
050,20,003,"Kansas","Anderson County",5,54,98,48,50
050,20,003,"Kansas","Anderson County",5,55,98,50,48
050,20,003,"Kansas","Anderson County",5,56,93,48,45
050,20,003,"Kansas","Anderson County",5,57,94,38,56
050,20,003,"Kansas","Anderson County",5,58,101,45,56
050,20,003,"Kansas","Anderson County",5,59,103,50,53
050,20,003,"Kansas","Anderson County",5,60,99,53,46
050,20,003,"Kansas","Anderson County",5,61,119,67,52
050,20,003,"Kansas","Anderson County",5,62,105,54,51
050,20,003,"Kansas","Anderson County",5,63,111,55,56
050,20,003,"Kansas","Anderson County",5,64,118,57,61
050,20,003,"Kansas","Anderson County",5,65,103,46,57
050,20,003,"Kansas","Anderson County",5,66,97,42,55
050,20,003,"Kansas","Anderson County",5,67,109,61,48
050,20,003,"Kansas","Anderson County",5,68,104,55,49
050,20,003,"Kansas","Anderson County",5,69,93,47,46
050,20,003,"Kansas","Anderson County",5,70,83,48,35
050,20,003,"Kansas","Anderson County",5,71,81,43,38
050,20,003,"Kansas","Anderson County",5,72,81,41,40
050,20,003,"Kansas","Anderson County",5,73,83,41,42
050,20,003,"Kansas","Anderson County",5,74,81,37,44
050,20,003,"Kansas","Anderson County",5,75,79,36,43
050,20,003,"Kansas","Anderson County",5,76,86,41,45
050,20,003,"Kansas","Anderson County",5,77,62,30,32
050,20,003,"Kansas","Anderson County",5,78,56,26,30
050,20,003,"Kansas","Anderson County",5,79,58,33,25
050,20,003,"Kansas","Anderson County",5,80,61,31,30
050,20,003,"Kansas","Anderson County",5,81,55,28,27
050,20,003,"Kansas","Anderson County",5,82,50,20,30
050,20,003,"Kansas","Anderson County",5,83,30,16,14
050,20,003,"Kansas","Anderson County",5,84,28,13,15
050,20,003,"Kansas","Anderson County",5,85,166,68,98
050,20,005,"Kansas","Atchison County",1,0,178,91,87
050,20,005,"Kansas","Atchison County",1,1,166,79,87
050,20,005,"Kansas","Atchison County",1,2,189,93,96
050,20,005,"Kansas","Atchison County",1,3,181,95,86
050,20,005,"Kansas","Atchison County",1,4,173,86,87
050,20,005,"Kansas","Atchison County",1,5,209,101,108
050,20,005,"Kansas","Atchison County",1,6,214,105,109
050,20,005,"Kansas","Atchison County",1,7,193,97,96
050,20,005,"Kansas","Atchison County",1,8,192,104,88
050,20,005,"Kansas","Atchison County",1,9,199,98,101
050,20,005,"Kansas","Atchison County",1,10,194,91,103
050,20,005,"Kansas","Atchison County",1,11,216,98,118
050,20,005,"Kansas","Atchison County",1,12,234,121,113
050,20,005,"Kansas","Atchison County",1,13,234,124,110
050,20,005,"Kansas","Atchison County",1,14,249,130,119
050,20,005,"Kansas","Atchison County",1,15,233,123,110
050,20,005,"Kansas","Atchison County",1,16,222,118,104
050,20,005,"Kansas","Atchison County",1,17,211,111,100
050,20,005,"Kansas","Atchison County",1,18,383,175,208
050,20,005,"Kansas","Atchison County",1,19,631,297,334
050,20,005,"Kansas","Atchison County",1,20,482,193,289
050,20,005,"Kansas","Atchison County",1,21,415,191,224
050,20,005,"Kansas","Atchison County",1,22,305,143,162
050,20,005,"Kansas","Atchison County",1,23,180,95,85
050,20,005,"Kansas","Atchison County",1,24,209,110,99
050,20,005,"Kansas","Atchison County",1,25,182,94,88
050,20,005,"Kansas","Atchison County",1,26,171,87,84
050,20,005,"Kansas","Atchison County",1,27,167,87,80
050,20,005,"Kansas","Atchison County",1,28,167,85,82
050,20,005,"Kansas","Atchison County",1,29,153,77,76
050,20,005,"Kansas","Atchison County",1,30,170,89,81
050,20,005,"Kansas","Atchison County",1,31,162,79,83
050,20,005,"Kansas","Atchison County",1,32,163,76,87
050,20,005,"Kansas","Atchison County",1,33,169,82,87
050,20,005,"Kansas","Atchison County",1,34,176,96,80
050,20,005,"Kansas","Atchison County",1,35,172,88,84
050,20,005,"Kansas","Atchison County",1,36,184,90,94
050,20,005,"Kansas","Atchison County",1,37,200,102,98
050,20,005,"Kansas","Atchison County",1,38,193,99,94
050,20,005,"Kansas","Atchison County",1,39,191,99,92
050,20,005,"Kansas","Atchison County",1,40,166,84,82
050,20,005,"Kansas","Atchison County",1,41,165,78,87
050,20,005,"Kansas","Atchison County",1,42,151,76,75
050,20,005,"Kansas","Atchison County",1,43,157,81,76
050,20,005,"Kansas","Atchison County",1,44,167,90,77
050,20,005,"Kansas","Atchison County",1,45,155,79,76
050,20,005,"Kansas","Atchison County",1,46,156,76,80
050,20,005,"Kansas","Atchison County",1,47,159,84,75
050,20,005,"Kansas","Atchison County",1,48,164,89,75
050,20,005,"Kansas","Atchison County",1,49,184,88,96
050,20,005,"Kansas","Atchison County",1,50,186,91,95
050,20,005,"Kansas","Atchison County",1,51,176,84,92
050,20,005,"Kansas","Atchison County",1,52,189,91,98
050,20,005,"Kansas","Atchison County",1,53,171,88,83
050,20,005,"Kansas","Atchison County",1,54,192,94,98
050,20,005,"Kansas","Atchison County",1,55,205,102,103
050,20,005,"Kansas","Atchison County",1,56,236,116,120
050,20,005,"Kansas","Atchison County",1,57,214,101,113
050,20,005,"Kansas","Atchison County",1,58,193,99,94
050,20,005,"Kansas","Atchison County",1,59,202,103,99
050,20,005,"Kansas","Atchison County",1,60,208,108,100
050,20,005,"Kansas","Atchison County",1,61,210,95,115
050,20,005,"Kansas","Atchison County",1,62,212,102,110
050,20,005,"Kansas","Atchison County",1,63,221,107,114
050,20,005,"Kansas","Atchison County",1,64,217,100,117
050,20,005,"Kansas","Atchison County",1,65,188,104,84
050,20,005,"Kansas","Atchison County",1,66,177,98,79
050,20,005,"Kansas","Atchison County",1,67,175,93,82
050,20,005,"Kansas","Atchison County",1,68,150,74,76
050,20,005,"Kansas","Atchison County",1,69,137,65,72
050,20,005,"Kansas","Atchison County",1,70,131,66,65
050,20,005,"Kansas","Atchison County",1,71,148,71,77
050,20,005,"Kansas","Atchison County",1,72,146,62,84
050,20,005,"Kansas","Atchison County",1,73,155,74,81
050,20,005,"Kansas","Atchison County",1,74,109,50,59
050,20,005,"Kansas","Atchison County",1,75,106,45,61
050,20,005,"Kansas","Atchison County",1,76,110,50,60
050,20,005,"Kansas","Atchison County",1,77,110,52,58
050,20,005,"Kansas","Atchison County",1,78,98,45,53
050,20,005,"Kansas","Atchison County",1,79,80,34,46
050,20,005,"Kansas","Atchison County",1,80,92,38,54
050,20,005,"Kansas","Atchison County",1,81,80,31,49
050,20,005,"Kansas","Atchison County",1,82,75,23,52
050,20,005,"Kansas","Atchison County",1,83,70,30,40
050,20,005,"Kansas","Atchison County",1,84,77,31,46
050,20,005,"Kansas","Atchison County",1,85,365,123,242
050,20,005,"Kansas","Atchison County",2,0,171,87,84
050,20,005,"Kansas","Atchison County",2,1,167,79,88
050,20,005,"Kansas","Atchison County",2,2,181,89,92
050,20,005,"Kansas","Atchison County",2,3,181,94,87
050,20,005,"Kansas","Atchison County",2,4,177,88,89
050,20,005,"Kansas","Atchison County",2,5,199,97,102
050,20,005,"Kansas","Atchison County",2,6,211,103,108
050,20,005,"Kansas","Atchison County",2,7,197,100,97
050,20,005,"Kansas","Atchison County",2,8,190,101,89
050,20,005,"Kansas","Atchison County",2,9,198,101,97
050,20,005,"Kansas","Atchison County",2,10,195,92,103
050,20,005,"Kansas","Atchison County",2,11,212,97,115
050,20,005,"Kansas","Atchison County",2,12,230,116,114
050,20,005,"Kansas","Atchison County",2,13,235,124,111
050,20,005,"Kansas","Atchison County",2,14,245,129,116
050,20,005,"Kansas","Atchison County",2,15,236,124,112
050,20,005,"Kansas","Atchison County",2,16,224,119,105
050,20,005,"Kansas","Atchison County",2,17,217,114,103
050,20,005,"Kansas","Atchison County",2,18,379,171,208
050,20,005,"Kansas","Atchison County",2,19,631,296,335
050,20,005,"Kansas","Atchison County",2,20,483,194,289
050,20,005,"Kansas","Atchison County",2,21,420,193,227
050,20,005,"Kansas","Atchison County",2,22,304,143,161
050,20,005,"Kansas","Atchison County",2,23,180,94,86
050,20,005,"Kansas","Atchison County",2,24,197,102,95
050,20,005,"Kansas","Atchison County",2,25,187,97,90
050,20,005,"Kansas","Atchison County",2,26,172,89,83
050,20,005,"Kansas","Atchison County",2,27,168,87,81
050,20,005,"Kansas","Atchison County",2,28,168,86,82
050,20,005,"Kansas","Atchison County",2,29,157,80,77
050,20,005,"Kansas","Atchison County",2,30,167,87,80
050,20,005,"Kansas","Atchison County",2,31,165,82,83
050,20,005,"Kansas","Atchison County",2,32,163,76,87
050,20,005,"Kansas","Atchison County",2,33,164,80,84
050,20,005,"Kansas","Atchison County",2,34,173,92,81
050,20,005,"Kansas","Atchison County",2,35,175,91,84
050,20,005,"Kansas","Atchison County",2,36,180,89,91
050,20,005,"Kansas","Atchison County",2,37,196,98,98
050,20,005,"Kansas","Atchison County",2,38,194,99,95
050,20,005,"Kansas","Atchison County",2,39,191,98,93
050,20,005,"Kansas","Atchison County",2,40,172,87,85
050,20,005,"Kansas","Atchison County",2,41,164,78,86
050,20,005,"Kansas","Atchison County",2,42,156,78,78
050,20,005,"Kansas","Atchison County",2,43,157,81,76
050,20,005,"Kansas","Atchison County",2,44,160,87,73
050,20,005,"Kansas","Atchison County",2,45,157,80,77
050,20,005,"Kansas","Atchison County",2,46,156,77,79
050,20,005,"Kansas","Atchison County",2,47,156,82,74
050,20,005,"Kansas","Atchison County",2,48,164,88,76
050,20,005,"Kansas","Atchison County",2,49,183,90,93
050,20,005,"Kansas","Atchison County",2,50,186,90,96
050,20,005,"Kansas","Atchison County",2,51,175,84,91
050,20,005,"Kansas","Atchison County",2,52,186,89,97
050,20,005,"Kansas","Atchison County",2,53,174,89,85
050,20,005,"Kansas","Atchison County",2,54,188,92,96
050,20,005,"Kansas","Atchison County",2,55,202,101,101
050,20,005,"Kansas","Atchison County",2,56,230,113,117
050,20,005,"Kansas","Atchison County",2,57,220,104,116
050,20,005,"Kansas","Atchison County",2,58,201,102,99
050,20,005,"Kansas","Atchison County",2,59,201,102,99
050,20,005,"Kansas","Atchison County",2,60,201,104,97
050,20,005,"Kansas","Atchison County",2,61,207,96,111
050,20,005,"Kansas","Atchison County",2,62,212,101,111
050,20,005,"Kansas","Atchison County",2,63,221,107,114
050,20,005,"Kansas","Atchison County",2,64,216,100,116
050,20,005,"Kansas","Atchison County",2,65,194,104,90
050,20,005,"Kansas","Atchison County",2,66,183,102,81
050,20,005,"Kansas","Atchison County",2,67,174,93,81
050,20,005,"Kansas","Atchison County",2,68,152,77,75
050,20,005,"Kansas","Atchison County",2,69,140,67,73
050,20,005,"Kansas","Atchison County",2,70,132,65,67
050,20,005,"Kansas","Atchison County",2,71,146,70,76
050,20,005,"Kansas","Atchison County",2,72,142,64,78
050,20,005,"Kansas","Atchison County",2,73,161,75,86
050,20,005,"Kansas","Atchison County",2,74,112,51,61
050,20,005,"Kansas","Atchison County",2,75,105,46,59
050,20,005,"Kansas","Atchison County",2,76,107,49,58
050,20,005,"Kansas","Atchison County",2,77,111,52,59
050,20,005,"Kansas","Atchison County",2,78,98,47,51
050,20,005,"Kansas","Atchison County",2,79,84,35,49
050,20,005,"Kansas","Atchison County",2,80,91,38,53
050,20,005,"Kansas","Atchison County",2,81,81,32,49
050,20,005,"Kansas","Atchison County",2,82,77,25,52
050,20,005,"Kansas","Atchison County",2,83,70,29,41
050,20,005,"Kansas","Atchison County",2,84,77,31,46
050,20,005,"Kansas","Atchison County",2,85,366,127,239
050,20,005,"Kansas","Atchison County",3,0,158,85,73
050,20,005,"Kansas","Atchison County",3,1,173,83,90
050,20,005,"Kansas","Atchison County",3,2,176,85,91
050,20,005,"Kansas","Atchison County",3,3,178,91,87
050,20,005,"Kansas","Atchison County",3,4,187,94,93
050,20,005,"Kansas","Atchison County",3,5,173,87,86
050,20,005,"Kansas","Atchison County",3,6,194,91,103
050,20,005,"Kansas","Atchison County",3,7,203,101,102
050,20,005,"Kansas","Atchison County",3,8,195,99,96
050,20,005,"Kansas","Atchison County",3,9,195,102,93
050,20,005,"Kansas","Atchison County",3,10,198,103,95
050,20,005,"Kansas","Atchison County",3,11,194,90,104
050,20,005,"Kansas","Atchison County",3,12,214,97,117
050,20,005,"Kansas","Atchison County",3,13,227,112,115
050,20,005,"Kansas","Atchison County",3,14,227,115,112
050,20,005,"Kansas","Atchison County",3,15,240,131,109
050,20,005,"Kansas","Atchison County",3,16,230,122,108
050,20,005,"Kansas","Atchison County",3,17,225,119,106
050,20,005,"Kansas","Atchison County",3,18,378,166,212
050,20,005,"Kansas","Atchison County",3,19,611,289,322
050,20,005,"Kansas","Atchison County",3,20,481,203,278
050,20,005,"Kansas","Atchison County",3,21,427,193,234
050,20,005,"Kansas","Atchison County",3,22,320,154,166
050,20,005,"Kansas","Atchison County",3,23,170,93,77
050,20,005,"Kansas","Atchison County",3,24,164,75,89
050,20,005,"Kansas","Atchison County",3,25,178,87,91
050,20,005,"Kansas","Atchison County",3,26,200,100,100
050,20,005,"Kansas","Atchison County",3,27,179,96,83
050,20,005,"Kansas","Atchison County",3,28,164,90,74
050,20,005,"Kansas","Atchison County",3,29,174,91,83
050,20,005,"Kansas","Atchison County",3,30,159,77,82
050,20,005,"Kansas","Atchison County",3,31,167,86,81
050,20,005,"Kansas","Atchison County",3,32,164,82,82
050,20,005,"Kansas","Atchison County",3,33,161,76,85
050,20,005,"Kansas","Atchison County",3,34,166,85,81
050,20,005,"Kansas","Atchison County",3,35,178,95,83
050,20,005,"Kansas","Atchison County",3,36,179,97,82
050,20,005,"Kansas","Atchison County",3,37,172,84,88
050,20,005,"Kansas","Atchison County",3,38,188,93,95
050,20,005,"Kansas","Atchison County",3,39,196,101,95
050,20,005,"Kansas","Atchison County",3,40,183,97,86
050,20,005,"Kansas","Atchison County",3,41,168,87,81
050,20,005,"Kansas","Atchison County",3,42,170,78,92
050,20,005,"Kansas","Atchison County",3,43,153,78,75
050,20,005,"Kansas","Atchison County",3,44,161,86,75
050,20,005,"Kansas","Atchison County",3,45,157,82,75
050,20,005,"Kansas","Atchison County",3,46,153,79,74
050,20,005,"Kansas","Atchison County",3,47,149,75,74
050,20,005,"Kansas","Atchison County",3,48,152,79,73
050,20,005,"Kansas","Atchison County",3,49,164,91,73
050,20,005,"Kansas","Atchison County",3,50,177,84,93
050,20,005,"Kansas","Atchison County",3,51,183,89,94
050,20,005,"Kansas","Atchison County",3,52,180,85,95
050,20,005,"Kansas","Atchison County",3,53,177,89,88
050,20,005,"Kansas","Atchison County",3,54,180,89,91
050,20,005,"Kansas","Atchison County",3,55,187,96,91
050,20,005,"Kansas","Atchison County",3,56,198,100,98
050,20,005,"Kansas","Atchison County",3,57,236,121,115
050,20,005,"Kansas","Atchison County",3,58,232,111,121
050,20,005,"Kansas","Atchison County",3,59,203,103,100
050,20,005,"Kansas","Atchison County",3,60,197,100,97
050,20,005,"Kansas","Atchison County",3,61,197,101,96
050,20,005,"Kansas","Atchison County",3,62,210,101,109
050,20,005,"Kansas","Atchison County",3,63,215,101,114
050,20,005,"Kansas","Atchison County",3,64,223,101,122
050,20,005,"Kansas","Atchison County",3,65,213,101,112
050,20,005,"Kansas","Atchison County",3,66,191,102,89
050,20,005,"Kansas","Atchison County",3,67,184,95,89
050,20,005,"Kansas","Atchison County",3,68,173,94,79
050,20,005,"Kansas","Atchison County",3,69,137,68,69
050,20,005,"Kansas","Atchison County",3,70,140,66,74
050,20,005,"Kansas","Atchison County",3,71,131,61,70
050,20,005,"Kansas","Atchison County",3,72,138,70,68
050,20,005,"Kansas","Atchison County",3,73,144,69,75
050,20,005,"Kansas","Atchison County",3,74,157,68,89
050,20,005,"Kansas","Atchison County",3,75,110,48,62
050,20,005,"Kansas","Atchison County",3,76,100,46,54
050,20,005,"Kansas","Atchison County",3,77,96,40,56
050,20,005,"Kansas","Atchison County",3,78,110,54,56
050,20,005,"Kansas","Atchison County",3,79,92,42,50
050,20,005,"Kansas","Atchison County",3,80,78,33,45
050,20,005,"Kansas","Atchison County",3,81,81,36,45
050,20,005,"Kansas","Atchison County",3,82,77,25,52
050,20,005,"Kansas","Atchison County",3,83,69,22,47
050,20,005,"Kansas","Atchison County",3,84,75,27,48
050,20,005,"Kansas","Atchison County",3,85,372,131,241
050,20,005,"Kansas","Atchison County",4,0,172,90,82
050,20,005,"Kansas","Atchison County",4,1,165,85,80
050,20,005,"Kansas","Atchison County",4,2,165,78,87
050,20,005,"Kansas","Atchison County",4,3,181,86,95
050,20,005,"Kansas","Atchison County",4,4,184,88,96
050,20,005,"Kansas","Atchison County",4,5,182,89,93
050,20,005,"Kansas","Atchison County",4,6,173,90,83
050,20,005,"Kansas","Atchison County",4,7,203,96,107
050,20,005,"Kansas","Atchison County",4,8,200,104,96
050,20,005,"Kansas","Atchison County",4,9,195,101,94
050,20,005,"Kansas","Atchison County",4,10,185,101,84
050,20,005,"Kansas","Atchison County",4,11,200,105,95
050,20,005,"Kansas","Atchison County",4,12,191,93,98
050,20,005,"Kansas","Atchison County",4,13,230,104,126
050,20,005,"Kansas","Atchison County",4,14,218,110,108
050,20,005,"Kansas","Atchison County",4,15,225,115,110
050,20,005,"Kansas","Atchison County",4,16,241,131,110
050,20,005,"Kansas","Atchison County",4,17,226,121,105
050,20,005,"Kansas","Atchison County",4,18,371,167,204
050,20,005,"Kansas","Atchison County",4,19,610,282,328
050,20,005,"Kansas","Atchison County",4,20,460,188,272
050,20,005,"Kansas","Atchison County",4,21,420,200,220
050,20,005,"Kansas","Atchison County",4,22,338,164,174
050,20,005,"Kansas","Atchison County",4,23,187,100,87
050,20,005,"Kansas","Atchison County",4,24,160,85,75
050,20,005,"Kansas","Atchison County",4,25,159,71,88
050,20,005,"Kansas","Atchison County",4,26,154,75,79
050,20,005,"Kansas","Atchison County",4,27,180,88,92
050,20,005,"Kansas","Atchison County",4,28,170,92,78
050,20,005,"Kansas","Atchison County",4,29,155,91,64
050,20,005,"Kansas","Atchison County",4,30,163,85,78
050,20,005,"Kansas","Atchison County",4,31,161,77,84
050,20,005,"Kansas","Atchison County",4,32,152,78,74
050,20,005,"Kansas","Atchison County",4,33,166,83,83
050,20,005,"Kansas","Atchison County",4,34,158,77,81
050,20,005,"Kansas","Atchison County",4,35,155,77,78
050,20,005,"Kansas","Atchison County",4,36,195,105,90
050,20,005,"Kansas","Atchison County",4,37,180,94,86
050,20,005,"Kansas","Atchison County",4,38,179,88,91
050,20,005,"Kansas","Atchison County",4,39,185,93,92
050,20,005,"Kansas","Atchison County",4,40,183,91,92
050,20,005,"Kansas","Atchison County",4,41,181,96,85
050,20,005,"Kansas","Atchison County",4,42,165,84,81
050,20,005,"Kansas","Atchison County",4,43,164,77,87
050,20,005,"Kansas","Atchison County",4,44,153,81,72
050,20,005,"Kansas","Atchison County",4,45,158,87,71
050,20,005,"Kansas","Atchison County",4,46,154,80,74
050,20,005,"Kansas","Atchison County",4,47,145,76,69
050,20,005,"Kansas","Atchison County",4,48,152,75,77
050,20,005,"Kansas","Atchison County",4,49,157,80,77
050,20,005,"Kansas","Atchison County",4,50,170,95,75
050,20,005,"Kansas","Atchison County",4,51,179,83,96
050,20,005,"Kansas","Atchison County",4,52,184,89,95
050,20,005,"Kansas","Atchison County",4,53,182,87,95
050,20,005,"Kansas","Atchison County",4,54,174,84,90
050,20,005,"Kansas","Atchison County",4,55,179,90,89
050,20,005,"Kansas","Atchison County",4,56,183,94,89
050,20,005,"Kansas","Atchison County",4,57,197,98,99
050,20,005,"Kansas","Atchison County",4,58,241,128,113
050,20,005,"Kansas","Atchison County",4,59,228,108,120
050,20,005,"Kansas","Atchison County",4,60,201,104,97
050,20,005,"Kansas","Atchison County",4,61,197,99,98
050,20,005,"Kansas","Atchison County",4,62,199,104,95
050,20,005,"Kansas","Atchison County",4,63,206,99,107
050,20,005,"Kansas","Atchison County",4,64,209,93,116
050,20,005,"Kansas","Atchison County",4,65,217,95,122
050,20,005,"Kansas","Atchison County",4,66,209,101,108
050,20,005,"Kansas","Atchison County",4,67,190,99,91
050,20,005,"Kansas","Atchison County",4,68,173,92,81
050,20,005,"Kansas","Atchison County",4,69,168,93,75
050,20,005,"Kansas","Atchison County",4,70,134,61,73
050,20,005,"Kansas","Atchison County",4,71,138,62,76
050,20,005,"Kansas","Atchison County",4,72,118,57,61
050,20,005,"Kansas","Atchison County",4,73,144,76,68
050,20,005,"Kansas","Atchison County",4,74,139,63,76
050,20,005,"Kansas","Atchison County",4,75,149,62,87
050,20,005,"Kansas","Atchison County",4,76,108,48,60
050,20,005,"Kansas","Atchison County",4,77,92,40,52
050,20,005,"Kansas","Atchison County",4,78,92,42,50
050,20,005,"Kansas","Atchison County",4,79,104,45,59
050,20,005,"Kansas","Atchison County",4,80,89,42,47
050,20,005,"Kansas","Atchison County",4,81,70,32,38
050,20,005,"Kansas","Atchison County",4,82,80,32,48
050,20,005,"Kansas","Atchison County",4,83,68,23,45
050,20,005,"Kansas","Atchison County",4,84,75,22,53
050,20,005,"Kansas","Atchison County",4,85,361,128,233
050,20,005,"Kansas","Atchison County",5,0,169,89,80
050,20,005,"Kansas","Atchison County",5,1,171,97,74
050,20,005,"Kansas","Atchison County",5,2,179,94,85
050,20,005,"Kansas","Atchison County",5,3,162,76,86
050,20,005,"Kansas","Atchison County",5,4,185,87,98
050,20,005,"Kansas","Atchison County",5,5,186,92,94
050,20,005,"Kansas","Atchison County",5,6,185,93,92
050,20,005,"Kansas","Atchison County",5,7,173,89,84
050,20,005,"Kansas","Atchison County",5,8,205,93,112
050,20,005,"Kansas","Atchison County",5,9,190,101,89
050,20,005,"Kansas","Atchison County",5,10,204,110,94
050,20,005,"Kansas","Atchison County",5,11,186,98,88
050,20,005,"Kansas","Atchison County",5,12,196,98,98
050,20,005,"Kansas","Atchison County",5,13,195,93,102
050,20,005,"Kansas","Atchison County",5,14,219,98,121
050,20,005,"Kansas","Atchison County",5,15,215,105,110
050,20,005,"Kansas","Atchison County",5,16,230,115,115
050,20,005,"Kansas","Atchison County",5,17,243,130,113
050,20,005,"Kansas","Atchison County",5,18,378,170,208
050,20,005,"Kansas","Atchison County",5,19,621,290,331
050,20,005,"Kansas","Atchison County",5,20,459,184,275
050,20,005,"Kansas","Atchison County",5,21,416,200,216
050,20,005,"Kansas","Atchison County",5,22,307,154,153
050,20,005,"Kansas","Atchison County",5,23,204,110,94
050,20,005,"Kansas","Atchison County",5,24,178,88,90
050,20,005,"Kansas","Atchison County",5,25,155,80,75
050,20,005,"Kansas","Atchison County",5,26,152,74,78
050,20,005,"Kansas","Atchison County",5,27,154,71,83
050,20,005,"Kansas","Atchison County",5,28,184,89,95
050,20,005,"Kansas","Atchison County",5,29,174,94,80
050,20,005,"Kansas","Atchison County",5,30,166,93,73
050,20,005,"Kansas","Atchison County",5,31,160,83,77
050,20,005,"Kansas","Atchison County",5,32,155,81,74
050,20,005,"Kansas","Atchison County",5,33,153,75,78
050,20,005,"Kansas","Atchison County",5,34,175,84,91
050,20,005,"Kansas","Atchison County",5,35,157,73,84
050,20,005,"Kansas","Atchison County",5,36,164,83,81
050,20,005,"Kansas","Atchison County",5,37,188,101,87
050,20,005,"Kansas","Atchison County",5,38,182,98,84
050,20,005,"Kansas","Atchison County",5,39,182,93,89
050,20,005,"Kansas","Atchison County",5,40,186,93,93
050,20,005,"Kansas","Atchison County",5,41,179,89,90
050,20,005,"Kansas","Atchison County",5,42,186,96,90
050,20,005,"Kansas","Atchison County",5,43,173,86,87
050,20,005,"Kansas","Atchison County",5,44,162,77,85
050,20,005,"Kansas","Atchison County",5,45,155,88,67
050,20,005,"Kansas","Atchison County",5,46,154,86,68
050,20,005,"Kansas","Atchison County",5,47,148,77,71
050,20,005,"Kansas","Atchison County",5,48,155,82,73
050,20,005,"Kansas","Atchison County",5,49,150,73,77
050,20,005,"Kansas","Atchison County",5,50,153,77,76
050,20,005,"Kansas","Atchison County",5,51,172,93,79
050,20,005,"Kansas","Atchison County",5,52,181,83,98
050,20,005,"Kansas","Atchison County",5,53,182,90,92
050,20,005,"Kansas","Atchison County",5,54,183,89,94
050,20,005,"Kansas","Atchison County",5,55,167,81,86
050,20,005,"Kansas","Atchison County",5,56,172,85,87
050,20,005,"Kansas","Atchison County",5,57,184,94,90
050,20,005,"Kansas","Atchison County",5,58,195,99,96
050,20,005,"Kansas","Atchison County",5,59,231,122,109
050,20,005,"Kansas","Atchison County",5,60,221,101,120
050,20,005,"Kansas","Atchison County",5,61,197,107,90
050,20,005,"Kansas","Atchison County",5,62,196,98,98
050,20,005,"Kansas","Atchison County",5,63,201,107,94
050,20,005,"Kansas","Atchison County",5,64,197,90,107
050,20,005,"Kansas","Atchison County",5,65,203,90,113
050,20,005,"Kansas","Atchison County",5,66,215,94,121
050,20,005,"Kansas","Atchison County",5,67,212,97,115
050,20,005,"Kansas","Atchison County",5,68,181,95,86
050,20,005,"Kansas","Atchison County",5,69,161,85,76
050,20,005,"Kansas","Atchison County",5,70,167,91,76
050,20,005,"Kansas","Atchison County",5,71,132,58,74
050,20,005,"Kansas","Atchison County",5,72,125,58,67
050,20,005,"Kansas","Atchison County",5,73,121,60,61
050,20,005,"Kansas","Atchison County",5,74,137,69,68
050,20,005,"Kansas","Atchison County",5,75,135,60,75
050,20,005,"Kansas","Atchison County",5,76,147,64,83
050,20,005,"Kansas","Atchison County",5,77,100,44,56
050,20,005,"Kansas","Atchison County",5,78,88,42,46
050,20,005,"Kansas","Atchison County",5,79,89,35,54
050,20,005,"Kansas","Atchison County",5,80,103,46,57
050,20,005,"Kansas","Atchison County",5,81,79,40,39
050,20,005,"Kansas","Atchison County",5,82,70,30,40
050,20,005,"Kansas","Atchison County",5,83,71,30,41
050,20,005,"Kansas","Atchison County",5,84,75,21,54
050,20,005,"Kansas","Atchison County",5,85,368,122,246
050,20,007,"Kansas","Barber County",1,0,50,25,25
050,20,007,"Kansas","Barber County",1,1,55,26,29
050,20,007,"Kansas","Barber County",1,2,47,25,22
050,20,007,"Kansas","Barber County",1,3,54,31,23
050,20,007,"Kansas","Barber County",1,4,57,25,32
050,20,007,"Kansas","Barber County",1,5,44,20,24
050,20,007,"Kansas","Barber County",1,6,46,24,22
050,20,007,"Kansas","Barber County",1,7,50,29,21
050,20,007,"Kansas","Barber County",1,8,60,35,25
050,20,007,"Kansas","Barber County",1,9,63,30,33
050,20,007,"Kansas","Barber County",1,10,57,29,28
050,20,007,"Kansas","Barber County",1,11,66,34,32
050,20,007,"Kansas","Barber County",1,12,61,30,31
050,20,007,"Kansas","Barber County",1,13,60,36,24
050,20,007,"Kansas","Barber County",1,14,54,33,21
050,20,007,"Kansas","Barber County",1,15,47,26,21
050,20,007,"Kansas","Barber County",1,16,50,23,27
050,20,007,"Kansas","Barber County",1,17,55,23,32
050,20,007,"Kansas","Barber County",1,18,46,21,25
050,20,007,"Kansas","Barber County",1,19,35,18,17
050,20,007,"Kansas","Barber County",1,20,34,19,15
050,20,007,"Kansas","Barber County",1,21,37,18,19
050,20,007,"Kansas","Barber County",1,22,33,18,15
050,20,007,"Kansas","Barber County",1,23,42,17,25
050,20,007,"Kansas","Barber County",1,24,46,20,26
050,20,007,"Kansas","Barber County",1,25,35,16,19
050,20,007,"Kansas","Barber County",1,26,39,20,19
050,20,007,"Kansas","Barber County",1,27,47,27,20
050,20,007,"Kansas","Barber County",1,28,43,27,16
050,20,007,"Kansas","Barber County",1,29,43,26,17
050,20,007,"Kansas","Barber County",1,30,37,15,22
050,20,007,"Kansas","Barber County",1,31,36,15,21
050,20,007,"Kansas","Barber County",1,32,50,26,24
050,20,007,"Kansas","Barber County",1,33,51,29,22
050,20,007,"Kansas","Barber County",1,34,52,28,24
050,20,007,"Kansas","Barber County",1,35,52,25,27
050,20,007,"Kansas","Barber County",1,36,43,21,22
050,20,007,"Kansas","Barber County",1,37,54,30,24
050,20,007,"Kansas","Barber County",1,38,51,32,19
050,20,007,"Kansas","Barber County",1,39,50,28,22
050,20,007,"Kansas","Barber County",1,40,42,21,21
050,20,007,"Kansas","Barber County",1,41,38,17,21
050,20,007,"Kansas","Barber County",1,42,41,15,26
050,20,007,"Kansas","Barber County",1,43,43,23,20
050,20,007,"Kansas","Barber County",1,44,30,14,16
050,20,007,"Kansas","Barber County",1,45,29,16,13
050,20,007,"Kansas","Barber County",1,46,35,20,15
050,20,007,"Kansas","Barber County",1,47,30,14,16
050,20,007,"Kansas","Barber County",1,48,43,21,22
050,20,007,"Kansas","Barber County",1,49,45,24,21
050,20,007,"Kansas","Barber County",1,50,49,22,27
050,20,007,"Kansas","Barber County",1,51,51,22,29
050,20,007,"Kansas","Barber County",1,52,51,30,21
050,20,007,"Kansas","Barber County",1,53,43,21,22
050,20,007,"Kansas","Barber County",1,54,37,18,19
050,20,007,"Kansas","Barber County",1,55,40,24,16
050,20,007,"Kansas","Barber County",1,56,59,31,28
050,20,007,"Kansas","Barber County",1,57,59,29,30
050,20,007,"Kansas","Barber County",1,58,66,34,32
050,20,007,"Kansas","Barber County",1,59,80,44,36
050,20,007,"Kansas","Barber County",1,60,75,41,34
050,20,007,"Kansas","Barber County",1,61,72,42,30
050,20,007,"Kansas","Barber County",1,62,82,41,41
050,20,007,"Kansas","Barber County",1,63,78,37,41
050,20,007,"Kansas","Barber County",1,64,73,37,36
050,20,007,"Kansas","Barber County",1,65,72,42,30
050,20,007,"Kansas","Barber County",1,66,59,31,28
050,20,007,"Kansas","Barber County",1,67,60,34,26
050,20,007,"Kansas","Barber County",1,68,70,39,31
050,20,007,"Kansas","Barber County",1,69,68,34,34
050,20,007,"Kansas","Barber County",1,70,54,29,25
050,20,007,"Kansas","Barber County",1,71,54,30,24
050,20,007,"Kansas","Barber County",1,72,52,24,28
050,20,007,"Kansas","Barber County",1,73,61,24,37
050,20,007,"Kansas","Barber County",1,74,42,21,21
050,20,007,"Kansas","Barber County",1,75,52,27,25
050,20,007,"Kansas","Barber County",1,76,46,24,22
050,20,007,"Kansas","Barber County",1,77,37,19,18
050,20,007,"Kansas","Barber County",1,78,27,11,16
050,20,007,"Kansas","Barber County",1,79,36,21,15
050,20,007,"Kansas","Barber County",1,80,25,14,11
050,20,007,"Kansas","Barber County",1,81,28,11,17
050,20,007,"Kansas","Barber County",1,82,16,9,7
050,20,007,"Kansas","Barber County",1,83,12,2,10
050,20,007,"Kansas","Barber County",1,84,16,5,11
050,20,007,"Kansas","Barber County",1,85,118,40,78
050,20,007,"Kansas","Barber County",2,0,50,27,23
050,20,007,"Kansas","Barber County",2,1,55,26,29
050,20,007,"Kansas","Barber County",2,2,48,24,24
050,20,007,"Kansas","Barber County",2,3,53,30,23
050,20,007,"Kansas","Barber County",2,4,56,26,30
050,20,007,"Kansas","Barber County",2,5,47,21,26
050,20,007,"Kansas","Barber County",2,6,47,23,24
050,20,007,"Kansas","Barber County",2,7,48,27,21
050,20,007,"Kansas","Barber County",2,8,57,33,24
050,20,007,"Kansas","Barber County",2,9,61,31,30
050,20,007,"Kansas","Barber County",2,10,58,29,29
050,20,007,"Kansas","Barber County",2,11,64,32,32
050,20,007,"Kansas","Barber County",2,12,61,31,30
050,20,007,"Kansas","Barber County",2,13,59,34,25
050,20,007,"Kansas","Barber County",2,14,55,33,22
050,20,007,"Kansas","Barber County",2,15,48,27,21
050,20,007,"Kansas","Barber County",2,16,47,23,24
050,20,007,"Kansas","Barber County",2,17,54,23,31
050,20,007,"Kansas","Barber County",2,18,46,20,26
050,20,007,"Kansas","Barber County",2,19,35,18,17
050,20,007,"Kansas","Barber County",2,20,35,19,16
050,20,007,"Kansas","Barber County",2,21,36,18,18
050,20,007,"Kansas","Barber County",2,22,34,18,16
050,20,007,"Kansas","Barber County",2,23,40,17,23
050,20,007,"Kansas","Barber County",2,24,44,19,25
050,20,007,"Kansas","Barber County",2,25,38,17,21
050,20,007,"Kansas","Barber County",2,26,38,19,19
050,20,007,"Kansas","Barber County",2,27,45,25,20
050,20,007,"Kansas","Barber County",2,28,44,27,17
050,20,007,"Kansas","Barber County",2,29,43,26,17
050,20,007,"Kansas","Barber County",2,30,38,17,21
050,20,007,"Kansas","Barber County",2,31,36,15,21
050,20,007,"Kansas","Barber County",2,32,47,24,23
050,20,007,"Kansas","Barber County",2,33,51,28,23
050,20,007,"Kansas","Barber County",2,34,52,28,24
050,20,007,"Kansas","Barber County",2,35,52,25,27
050,20,007,"Kansas","Barber County",2,36,45,22,23
050,20,007,"Kansas","Barber County",2,37,50,27,23
050,20,007,"Kansas","Barber County",2,38,52,32,20
050,20,007,"Kansas","Barber County",2,39,50,29,21
050,20,007,"Kansas","Barber County",2,40,45,23,22
050,20,007,"Kansas","Barber County",2,41,39,18,21
050,20,007,"Kansas","Barber County",2,42,40,16,24
050,20,007,"Kansas","Barber County",2,43,42,21,21
050,20,007,"Kansas","Barber County",2,44,32,15,17
050,20,007,"Kansas","Barber County",2,45,30,16,14
050,20,007,"Kansas","Barber County",2,46,33,19,14
050,20,007,"Kansas","Barber County",2,47,31,15,16
050,20,007,"Kansas","Barber County",2,48,39,20,19
050,20,007,"Kansas","Barber County",2,49,44,23,21
050,20,007,"Kansas","Barber County",2,50,47,22,25
050,20,007,"Kansas","Barber County",2,51,52,23,29
050,20,007,"Kansas","Barber County",2,52,51,28,23
050,20,007,"Kansas","Barber County",2,53,44,22,22
050,20,007,"Kansas","Barber County",2,54,38,19,19
050,20,007,"Kansas","Barber County",2,55,38,22,16
050,20,007,"Kansas","Barber County",2,56,54,29,25
050,20,007,"Kansas","Barber County",2,57,58,29,29
050,20,007,"Kansas","Barber County",2,58,65,33,32
050,20,007,"Kansas","Barber County",2,59,76,41,35
050,20,007,"Kansas","Barber County",2,60,75,41,34
050,20,007,"Kansas","Barber County",2,61,73,42,31
050,20,007,"Kansas","Barber County",2,62,77,40,37
050,20,007,"Kansas","Barber County",2,63,79,38,41
050,20,007,"Kansas","Barber County",2,64,71,35,36
050,20,007,"Kansas","Barber County",2,65,71,40,31
050,20,007,"Kansas","Barber County",2,66,61,33,28
050,20,007,"Kansas","Barber County",2,67,58,33,25
050,20,007,"Kansas","Barber County",2,68,68,37,31
050,20,007,"Kansas","Barber County",2,69,68,35,33
050,20,007,"Kansas","Barber County",2,70,57,30,27
050,20,007,"Kansas","Barber County",2,71,53,30,23
050,20,007,"Kansas","Barber County",2,72,52,25,27
050,20,007,"Kansas","Barber County",2,73,61,26,35
050,20,007,"Kansas","Barber County",2,74,44,21,23
050,20,007,"Kansas","Barber County",2,75,50,26,24
050,20,007,"Kansas","Barber County",2,76,47,24,23
050,20,007,"Kansas","Barber County",2,77,39,21,18
050,20,007,"Kansas","Barber County",2,78,28,13,15
050,20,007,"Kansas","Barber County",2,79,32,17,15
050,20,007,"Kansas","Barber County",2,80,28,16,12
050,20,007,"Kansas","Barber County",2,81,26,11,15
050,20,007,"Kansas","Barber County",2,82,18,9,9
050,20,007,"Kansas","Barber County",2,83,13,4,9
050,20,007,"Kansas","Barber County",2,84,16,5,11
050,20,007,"Kansas","Barber County",2,85,116,39,77
050,20,007,"Kansas","Barber County",3,0,41,19,22
050,20,007,"Kansas","Barber County",3,1,50,29,21
050,20,007,"Kansas","Barber County",3,2,47,25,22
050,20,007,"Kansas","Barber County",3,3,50,25,25
050,20,007,"Kansas","Barber County",3,4,55,29,26
050,20,007,"Kansas","Barber County",3,5,53,23,30
050,20,007,"Kansas","Barber County",3,6,46,22,24
050,20,007,"Kansas","Barber County",3,7,48,25,23
050,20,007,"Kansas","Barber County",3,8,44,25,19
050,20,007,"Kansas","Barber County",3,9,51,29,22
050,20,007,"Kansas","Barber County",3,10,56,29,27
050,20,007,"Kansas","Barber County",3,11,54,28,26
050,20,007,"Kansas","Barber County",3,12,69,37,32
050,20,007,"Kansas","Barber County",3,13,61,31,30
050,20,007,"Kansas","Barber County",3,14,58,32,26
050,20,007,"Kansas","Barber County",3,15,57,33,24
050,20,007,"Kansas","Barber County",3,16,49,27,22
050,20,007,"Kansas","Barber County",3,17,51,27,24
050,20,007,"Kansas","Barber County",3,18,44,20,24
050,20,007,"Kansas","Barber County",3,19,34,15,19
050,20,007,"Kansas","Barber County",3,20,38,22,16
050,20,007,"Kansas","Barber County",3,21,37,18,19
050,20,007,"Kansas","Barber County",3,22,39,22,17
050,20,007,"Kansas","Barber County",3,23,30,16,14
050,20,007,"Kansas","Barber County",3,24,39,16,23
050,20,007,"Kansas","Barber County",3,25,40,15,25
050,20,007,"Kansas","Barber County",3,26,35,14,21
050,20,007,"Kansas","Barber County",3,27,40,23,17
050,20,007,"Kansas","Barber County",3,28,45,24,21
050,20,007,"Kansas","Barber County",3,29,41,24,17
050,20,007,"Kansas","Barber County",3,30,45,23,22
050,20,007,"Kansas","Barber County",3,31,37,18,19
050,20,007,"Kansas","Barber County",3,32,32,14,18
050,20,007,"Kansas","Barber County",3,33,43,23,20
050,20,007,"Kansas","Barber County",3,34,47,28,19
050,20,007,"Kansas","Barber County",3,35,54,28,26
050,20,007,"Kansas","Barber County",3,36,50,24,26
050,20,007,"Kansas","Barber County",3,37,45,23,22
050,20,007,"Kansas","Barber County",3,38,44,22,22
050,20,007,"Kansas","Barber County",3,39,50,30,20
050,20,007,"Kansas","Barber County",3,40,51,28,23
050,20,007,"Kansas","Barber County",3,41,45,24,21
050,20,007,"Kansas","Barber County",3,42,35,15,20
050,20,007,"Kansas","Barber County",3,43,41,17,24
050,20,007,"Kansas","Barber County",3,44,42,21,21
050,20,007,"Kansas","Barber County",3,45,34,17,17
050,20,007,"Kansas","Barber County",3,46,30,16,14
050,20,007,"Kansas","Barber County",3,47,28,15,13
050,20,007,"Kansas","Barber County",3,48,34,17,17
050,20,007,"Kansas","Barber County",3,49,39,21,18
050,20,007,"Kansas","Barber County",3,50,44,22,22
050,20,007,"Kansas","Barber County",3,51,45,19,26
050,20,007,"Kansas","Barber County",3,52,53,23,30
050,20,007,"Kansas","Barber County",3,53,47,27,20
050,20,007,"Kansas","Barber County",3,54,44,23,21
050,20,007,"Kansas","Barber County",3,55,40,22,18
050,20,007,"Kansas","Barber County",3,56,37,18,19
050,20,007,"Kansas","Barber County",3,57,54,28,26
050,20,007,"Kansas","Barber County",3,58,57,27,30
050,20,007,"Kansas","Barber County",3,59,66,33,33
050,20,007,"Kansas","Barber County",3,60,73,41,32
050,20,007,"Kansas","Barber County",3,61,71,38,33
050,20,007,"Kansas","Barber County",3,62,68,38,30
050,20,007,"Kansas","Barber County",3,63,71,37,34
050,20,007,"Kansas","Barber County",3,64,78,38,40
050,20,007,"Kansas","Barber County",3,65,70,33,37
050,20,007,"Kansas","Barber County",3,66,71,39,32
050,20,007,"Kansas","Barber County",3,67,62,36,26
050,20,007,"Kansas","Barber County",3,68,56,30,26
050,20,007,"Kansas","Barber County",3,69,69,37,32
050,20,007,"Kansas","Barber County",3,70,68,33,35
050,20,007,"Kansas","Barber County",3,71,54,27,27
050,20,007,"Kansas","Barber County",3,72,56,31,25
050,20,007,"Kansas","Barber County",3,73,51,26,25
050,20,007,"Kansas","Barber County",3,74,61,27,34
050,20,007,"Kansas","Barber County",3,75,42,20,22
050,20,007,"Kansas","Barber County",3,76,43,23,20
050,20,007,"Kansas","Barber County",3,77,46,23,23
050,20,007,"Kansas","Barber County",3,78,37,21,16
050,20,007,"Kansas","Barber County",3,79,25,10,15
050,20,007,"Kansas","Barber County",3,80,28,14,14
050,20,007,"Kansas","Barber County",3,81,27,16,11
050,20,007,"Kansas","Barber County",3,82,24,10,14
050,20,007,"Kansas","Barber County",3,83,15,8,7
050,20,007,"Kansas","Barber County",3,84,14,3,11
050,20,007,"Kansas","Barber County",3,85,104,29,75
050,20,007,"Kansas","Barber County",4,0,41,19,22
050,20,007,"Kansas","Barber County",4,1,42,21,21
050,20,007,"Kansas","Barber County",4,2,51,29,22
050,20,007,"Kansas","Barber County",4,3,52,27,25
050,20,007,"Kansas","Barber County",4,4,47,25,22
050,20,007,"Kansas","Barber County",4,5,59,31,28
050,20,007,"Kansas","Barber County",4,6,55,26,29
050,20,007,"Kansas","Barber County",4,7,46,21,25
050,20,007,"Kansas","Barber County",4,8,54,30,24
050,20,007,"Kansas","Barber County",4,9,46,24,22
050,20,007,"Kansas","Barber County",4,10,53,30,23
050,20,007,"Kansas","Barber County",4,11,57,30,27
050,20,007,"Kansas","Barber County",4,12,53,28,25
050,20,007,"Kansas","Barber County",4,13,69,38,31
050,20,007,"Kansas","Barber County",4,14,58,32,26
050,20,007,"Kansas","Barber County",4,15,64,34,30
050,20,007,"Kansas","Barber County",4,16,59,34,25
050,20,007,"Kansas","Barber County",4,17,48,25,23
050,20,007,"Kansas","Barber County",4,18,44,25,19
050,20,007,"Kansas","Barber County",4,19,34,16,18
050,20,007,"Kansas","Barber County",4,20,38,17,21
050,20,007,"Kansas","Barber County",4,21,33,18,15
050,20,007,"Kansas","Barber County",4,22,38,19,19
050,20,007,"Kansas","Barber County",4,23,38,21,17
050,20,007,"Kansas","Barber County",4,24,36,19,17
050,20,007,"Kansas","Barber County",4,25,38,15,23
050,20,007,"Kansas","Barber County",4,26,40,17,23
050,20,007,"Kansas","Barber County",4,27,37,15,22
050,20,007,"Kansas","Barber County",4,28,37,21,16
050,20,007,"Kansas","Barber County",4,29,52,29,23
050,20,007,"Kansas","Barber County",4,30,36,20,16
050,20,007,"Kansas","Barber County",4,31,46,22,24
050,20,007,"Kansas","Barber County",4,32,41,21,20
050,20,007,"Kansas","Barber County",4,33,33,14,19
050,20,007,"Kansas","Barber County",4,34,42,22,20
050,20,007,"Kansas","Barber County",4,35,46,27,19
050,20,007,"Kansas","Barber County",4,36,51,26,25
050,20,007,"Kansas","Barber County",4,37,53,25,28
050,20,007,"Kansas","Barber County",4,38,46,25,21
050,20,007,"Kansas","Barber County",4,39,49,25,24
050,20,007,"Kansas","Barber County",4,40,50,28,22
050,20,007,"Kansas","Barber County",4,41,54,31,23
050,20,007,"Kansas","Barber County",4,42,45,23,22
050,20,007,"Kansas","Barber County",4,43,39,17,22
050,20,007,"Kansas","Barber County",4,44,40,17,23
050,20,007,"Kansas","Barber County",4,45,47,25,22
050,20,007,"Kansas","Barber County",4,46,35,18,17
050,20,007,"Kansas","Barber County",4,47,27,13,14
050,20,007,"Kansas","Barber County",4,48,33,20,13
050,20,007,"Kansas","Barber County",4,49,35,17,18
050,20,007,"Kansas","Barber County",4,50,39,21,18
050,20,007,"Kansas","Barber County",4,51,40,19,21
050,20,007,"Kansas","Barber County",4,52,48,20,28
050,20,007,"Kansas","Barber County",4,53,52,22,30
050,20,007,"Kansas","Barber County",4,54,46,26,20
050,20,007,"Kansas","Barber County",4,55,43,23,20
050,20,007,"Kansas","Barber County",4,56,39,21,18
050,20,007,"Kansas","Barber County",4,57,34,16,18
050,20,007,"Kansas","Barber County",4,58,60,34,26
050,20,007,"Kansas","Barber County",4,59,59,28,31
050,20,007,"Kansas","Barber County",4,60,69,33,36
050,20,007,"Kansas","Barber County",4,61,76,41,35
050,20,007,"Kansas","Barber County",4,62,74,37,37
050,20,007,"Kansas","Barber County",4,63,67,38,29
050,20,007,"Kansas","Barber County",4,64,68,33,35
050,20,007,"Kansas","Barber County",4,65,77,38,39
050,20,007,"Kansas","Barber County",4,66,71,33,38
050,20,007,"Kansas","Barber County",4,67,69,40,29
050,20,007,"Kansas","Barber County",4,68,63,36,27
050,20,007,"Kansas","Barber County",4,69,59,35,24
050,20,007,"Kansas","Barber County",4,70,66,33,33
050,20,007,"Kansas","Barber County",4,71,70,34,36
050,20,007,"Kansas","Barber County",4,72,53,26,27
050,20,007,"Kansas","Barber County",4,73,52,29,23
050,20,007,"Kansas","Barber County",4,74,50,26,24
050,20,007,"Kansas","Barber County",4,75,57,25,32
050,20,007,"Kansas","Barber County",4,76,39,19,20
050,20,007,"Kansas","Barber County",4,77,42,22,20
050,20,007,"Kansas","Barber County",4,78,44,21,23
050,20,007,"Kansas","Barber County",4,79,35,20,15
050,20,007,"Kansas","Barber County",4,80,20,6,14
050,20,007,"Kansas","Barber County",4,81,25,11,14
050,20,007,"Kansas","Barber County",4,82,26,17,9
050,20,007,"Kansas","Barber County",4,83,23,10,13
050,20,007,"Kansas","Barber County",4,84,12,5,7
050,20,007,"Kansas","Barber County",4,85,90,18,72
050,20,007,"Kansas","Barber County",5,0,40,20,20
050,20,007,"Kansas","Barber County",5,1,37,19,18
050,20,007,"Kansas","Barber County",5,2,48,23,25
050,20,007,"Kansas","Barber County",5,3,49,27,22
050,20,007,"Kansas","Barber County",5,4,50,23,27
050,20,007,"Kansas","Barber County",5,5,43,22,21
050,20,007,"Kansas","Barber County",5,6,56,31,25
050,20,007,"Kansas","Barber County",5,7,52,27,25
050,20,007,"Kansas","Barber County",5,8,44,21,23
050,20,007,"Kansas","Barber County",5,9,54,29,25
050,20,007,"Kansas","Barber County",5,10,46,25,21
050,20,007,"Kansas","Barber County",5,11,49,25,24
050,20,007,"Kansas","Barber County",5,12,58,29,29
050,20,007,"Kansas","Barber County",5,13,53,29,24
050,20,007,"Kansas","Barber County",5,14,69,41,28
050,20,007,"Kansas","Barber County",5,15,58,31,27
050,20,007,"Kansas","Barber County",5,16,68,36,32
050,20,007,"Kansas","Barber County",5,17,60,35,25
050,20,007,"Kansas","Barber County",5,18,42,22,20
050,20,007,"Kansas","Barber County",5,19,36,19,17
050,20,007,"Kansas","Barber County",5,20,33,13,20
050,20,007,"Kansas","Barber County",5,21,37,18,19
050,20,007,"Kansas","Barber County",5,22,35,21,14
050,20,007,"Kansas","Barber County",5,23,39,19,20
050,20,007,"Kansas","Barber County",5,24,41,23,18
050,20,007,"Kansas","Barber County",5,25,32,17,15
050,20,007,"Kansas","Barber County",5,26,40,16,24
050,20,007,"Kansas","Barber County",5,27,37,17,20
050,20,007,"Kansas","Barber County",5,28,36,13,23
050,20,007,"Kansas","Barber County",5,29,41,23,18
050,20,007,"Kansas","Barber County",5,30,48,27,21
050,20,007,"Kansas","Barber County",5,31,37,21,16
050,20,007,"Kansas","Barber County",5,32,46,22,24
050,20,007,"Kansas","Barber County",5,33,38,19,19
050,20,007,"Kansas","Barber County",5,34,34,16,18
050,20,007,"Kansas","Barber County",5,35,40,20,20
050,20,007,"Kansas","Barber County",5,36,46,26,20
050,20,007,"Kansas","Barber County",5,37,47,26,21
050,20,007,"Kansas","Barber County",5,38,56,28,28
050,20,007,"Kansas","Barber County",5,39,46,25,21
050,20,007,"Kansas","Barber County",5,40,47,21,26
050,20,007,"Kansas","Barber County",5,41,55,32,23
050,20,007,"Kansas","Barber County",5,42,52,31,21
050,20,007,"Kansas","Barber County",5,43,46,23,23
050,20,007,"Kansas","Barber County",5,44,38,18,20
050,20,007,"Kansas","Barber County",5,45,41,18,23
050,20,007,"Kansas","Barber County",5,46,41,22,19
050,20,007,"Kansas","Barber County",5,47,32,16,16
050,20,007,"Kansas","Barber County",5,48,27,12,15
050,20,007,"Kansas","Barber County",5,49,33,20,13
050,20,007,"Kansas","Barber County",5,50,33,15,18
050,20,007,"Kansas","Barber County",5,51,42,21,21
050,20,007,"Kansas","Barber County",5,52,45,23,22
050,20,007,"Kansas","Barber County",5,53,48,19,29
050,20,007,"Kansas","Barber County",5,54,52,23,29
050,20,007,"Kansas","Barber County",5,55,47,27,20
050,20,007,"Kansas","Barber County",5,56,41,21,20
050,20,007,"Kansas","Barber County",5,57,37,20,17
050,20,007,"Kansas","Barber County",5,58,38,17,21
050,20,007,"Kansas","Barber County",5,59,64,35,29
050,20,007,"Kansas","Barber County",5,60,60,28,32
050,20,007,"Kansas","Barber County",5,61,72,36,36
050,20,007,"Kansas","Barber County",5,62,78,43,35
050,20,007,"Kansas","Barber County",5,63,73,37,36
050,20,007,"Kansas","Barber County",5,64,66,37,29
050,20,007,"Kansas","Barber County",5,65,69,35,34
050,20,007,"Kansas","Barber County",5,66,77,37,40
050,20,007,"Kansas","Barber County",5,67,69,34,35
050,20,007,"Kansas","Barber County",5,68,66,38,28
050,20,007,"Kansas","Barber County",5,69,64,38,26
050,20,007,"Kansas","Barber County",5,70,59,34,25
050,20,007,"Kansas","Barber County",5,71,64,32,32
050,20,007,"Kansas","Barber County",5,72,68,32,36
050,20,007,"Kansas","Barber County",5,73,51,24,27
050,20,007,"Kansas","Barber County",5,74,48,27,21
050,20,007,"Kansas","Barber County",5,75,49,26,23
050,20,007,"Kansas","Barber County",5,76,51,21,30
050,20,007,"Kansas","Barber County",5,77,37,17,20
050,20,007,"Kansas","Barber County",5,78,40,22,18
050,20,007,"Kansas","Barber County",5,79,44,21,23
050,20,007,"Kansas","Barber County",5,80,29,15,14
050,20,007,"Kansas","Barber County",5,81,17,3,14
050,20,007,"Kansas","Barber County",5,82,21,10,11
050,20,007,"Kansas","Barber County",5,83,23,17,6
050,20,007,"Kansas","Barber County",5,84,19,7,12
050,20,007,"Kansas","Barber County",5,85,77,14,63
050,20,009,"Kansas","Barton County",1,0,305,155,150
050,20,009,"Kansas","Barton County",1,1,304,157,147
050,20,009,"Kansas","Barton County",1,2,314,161,153
050,20,009,"Kansas","Barton County",1,3,321,165,156
050,20,009,"Kansas","Barton County",1,4,316,165,151
050,20,009,"Kansas","Barton County",1,5,328,163,165
050,20,009,"Kansas","Barton County",1,6,343,186,157
050,20,009,"Kansas","Barton County",1,7,347,175,172
050,20,009,"Kansas","Barton County",1,8,330,168,162
050,20,009,"Kansas","Barton County",1,9,338,177,161
050,20,009,"Kansas","Barton County",1,10,364,177,187
050,20,009,"Kansas","Barton County",1,11,379,200,179
050,20,009,"Kansas","Barton County",1,12,381,197,184
050,20,009,"Kansas","Barton County",1,13,408,199,209
050,20,009,"Kansas","Barton County",1,14,361,181,180
050,20,009,"Kansas","Barton County",1,15,331,168,163
050,20,009,"Kansas","Barton County",1,16,340,172,168
050,20,009,"Kansas","Barton County",1,17,368,187,181
050,20,009,"Kansas","Barton County",1,18,320,173,147
050,20,009,"Kansas","Barton County",1,19,293,147,146
050,20,009,"Kansas","Barton County",1,20,291,140,151
050,20,009,"Kansas","Barton County",1,21,276,139,137
050,20,009,"Kansas","Barton County",1,22,281,149,132
050,20,009,"Kansas","Barton County",1,23,273,140,133
050,20,009,"Kansas","Barton County",1,24,275,139,136
050,20,009,"Kansas","Barton County",1,25,283,145,138
050,20,009,"Kansas","Barton County",1,26,292,134,158
050,20,009,"Kansas","Barton County",1,27,297,155,142
050,20,009,"Kansas","Barton County",1,28,301,134,167
050,20,009,"Kansas","Barton County",1,29,284,139,145
050,20,009,"Kansas","Barton County",1,30,282,142,140
050,20,009,"Kansas","Barton County",1,31,279,132,147
050,20,009,"Kansas","Barton County",1,32,270,131,139
050,20,009,"Kansas","Barton County",1,33,301,143,158
050,20,009,"Kansas","Barton County",1,34,331,172,159
050,20,009,"Kansas","Barton County",1,35,319,171,148
050,20,009,"Kansas","Barton County",1,36,314,165,149
050,20,009,"Kansas","Barton County",1,37,318,153,165
050,20,009,"Kansas","Barton County",1,38,320,163,157
050,20,009,"Kansas","Barton County",1,39,316,168,148
050,20,009,"Kansas","Barton County",1,40,313,162,151
050,20,009,"Kansas","Barton County",1,41,294,159,135
050,20,009,"Kansas","Barton County",1,42,280,146,134
050,20,009,"Kansas","Barton County",1,43,266,140,126
050,20,009,"Kansas","Barton County",1,44,218,120,98
050,20,009,"Kansas","Barton County",1,45,225,120,105
050,20,009,"Kansas","Barton County",1,46,239,111,128
050,20,009,"Kansas","Barton County",1,47,250,117,133
050,20,009,"Kansas","Barton County",1,48,225,108,117
050,20,009,"Kansas","Barton County",1,49,280,140,140
050,20,009,"Kansas","Barton County",1,50,249,122,127
050,20,009,"Kansas","Barton County",1,51,258,128,130
050,20,009,"Kansas","Barton County",1,52,278,142,136
050,20,009,"Kansas","Barton County",1,53,271,135,136
050,20,009,"Kansas","Barton County",1,54,307,153,154
050,20,009,"Kansas","Barton County",1,55,337,188,149
050,20,009,"Kansas","Barton County",1,56,353,188,165
050,20,009,"Kansas","Barton County",1,57,382,191,191
050,20,009,"Kansas","Barton County",1,58,414,209,205
050,20,009,"Kansas","Barton County",1,59,387,187,200
050,20,009,"Kansas","Barton County",1,60,400,191,209
050,20,009,"Kansas","Barton County",1,61,372,185,187
050,20,009,"Kansas","Barton County",1,62,385,190,195
050,20,009,"Kansas","Barton County",1,63,402,203,199
050,20,009,"Kansas","Barton County",1,64,380,189,191
050,20,009,"Kansas","Barton County",1,65,379,188,191
050,20,009,"Kansas","Barton County",1,66,365,175,190
050,20,009,"Kansas","Barton County",1,67,328,157,171
050,20,009,"Kansas","Barton County",1,68,314,156,158
050,20,009,"Kansas","Barton County",1,69,277,133,144
050,20,009,"Kansas","Barton County",1,70,280,147,133
050,20,009,"Kansas","Barton County",1,71,264,139,125
050,20,009,"Kansas","Barton County",1,72,259,126,133
050,20,009,"Kansas","Barton County",1,73,233,112,121
050,20,009,"Kansas","Barton County",1,74,152,69,83
050,20,009,"Kansas","Barton County",1,75,163,74,89
050,20,009,"Kansas","Barton County",1,76,185,87,98
050,20,009,"Kansas","Barton County",1,77,173,82,91
050,20,009,"Kansas","Barton County",1,78,147,77,70
050,20,009,"Kansas","Barton County",1,79,137,59,78
050,20,009,"Kansas","Barton County",1,80,159,67,92
050,20,009,"Kansas","Barton County",1,81,131,50,81
050,20,009,"Kansas","Barton County",1,82,124,53,71
050,20,009,"Kansas","Barton County",1,83,112,50,62
050,20,009,"Kansas","Barton County",1,84,100,46,54
050,20,009,"Kansas","Barton County",1,85,760,267,493
050,20,009,"Kansas","Barton County",2,0,300,163,137
050,20,009,"Kansas","Barton County",2,1,303,156,147
050,20,009,"Kansas","Barton County",2,2,309,160,149
050,20,009,"Kansas","Barton County",2,3,317,164,153
050,20,009,"Kansas","Barton County",2,4,320,166,154
050,20,009,"Kansas","Barton County",2,5,324,163,161
050,20,009,"Kansas","Barton County",2,6,337,179,158
050,20,009,"Kansas","Barton County",2,7,343,175,168
050,20,009,"Kansas","Barton County",2,8,331,168,163
050,20,009,"Kansas","Barton County",2,9,339,175,164
050,20,009,"Kansas","Barton County",2,10,360,177,183
050,20,009,"Kansas","Barton County",2,11,372,194,178
050,20,009,"Kansas","Barton County",2,12,383,198,185
050,20,009,"Kansas","Barton County",2,13,400,198,202
050,20,009,"Kansas","Barton County",2,14,375,186,189
050,20,009,"Kansas","Barton County",2,15,337,169,168
050,20,009,"Kansas","Barton County",2,16,338,170,168
050,20,009,"Kansas","Barton County",2,17,359,181,178
050,20,009,"Kansas","Barton County",2,18,320,171,149
050,20,009,"Kansas","Barton County",2,19,290,149,141
050,20,009,"Kansas","Barton County",2,20,289,139,150
050,20,009,"Kansas","Barton County",2,21,278,138,140
050,20,009,"Kansas","Barton County",2,22,282,149,133
050,20,009,"Kansas","Barton County",2,23,276,142,134
050,20,009,"Kansas","Barton County",2,24,269,135,134
050,20,009,"Kansas","Barton County",2,25,284,145,139
050,20,009,"Kansas","Barton County",2,26,291,138,153
050,20,009,"Kansas","Barton County",2,27,294,150,144
050,20,009,"Kansas","Barton County",2,28,298,137,161
050,20,009,"Kansas","Barton County",2,29,287,139,148
050,20,009,"Kansas","Barton County",2,30,281,137,144
050,20,009,"Kansas","Barton County",2,31,275,133,142
050,20,009,"Kansas","Barton County",2,32,270,128,142
050,20,009,"Kansas","Barton County",2,33,291,138,153
050,20,009,"Kansas","Barton County",2,34,322,164,158
050,20,009,"Kansas","Barton County",2,35,322,172,150
050,20,009,"Kansas","Barton County",2,36,311,163,148
050,20,009,"Kansas","Barton County",2,37,316,157,159
050,20,009,"Kansas","Barton County",2,38,320,160,160
050,20,009,"Kansas","Barton County",2,39,315,166,149
050,20,009,"Kansas","Barton County",2,40,316,167,149
050,20,009,"Kansas","Barton County",2,41,298,159,139
050,20,009,"Kansas","Barton County",2,42,279,147,132
050,20,009,"Kansas","Barton County",2,43,272,144,128
050,20,009,"Kansas","Barton County",2,44,228,125,103
050,20,009,"Kansas","Barton County",2,45,223,119,104
050,20,009,"Kansas","Barton County",2,46,237,112,125
050,20,009,"Kansas","Barton County",2,47,245,114,131
050,20,009,"Kansas","Barton County",2,48,231,111,120
050,20,009,"Kansas","Barton County",2,49,270,135,135
050,20,009,"Kansas","Barton County",2,50,256,127,129
050,20,009,"Kansas","Barton County",2,51,255,126,129
050,20,009,"Kansas","Barton County",2,52,273,138,135
050,20,009,"Kansas","Barton County",2,53,275,138,137
050,20,009,"Kansas","Barton County",2,54,297,146,151
050,20,009,"Kansas","Barton County",2,55,327,179,148
050,20,009,"Kansas","Barton County",2,56,345,186,159
050,20,009,"Kansas","Barton County",2,57,374,190,184
050,20,009,"Kansas","Barton County",2,58,403,203,200
050,20,009,"Kansas","Barton County",2,59,393,193,200
050,20,009,"Kansas","Barton County",2,60,394,188,206
050,20,009,"Kansas","Barton County",2,61,374,184,190
050,20,009,"Kansas","Barton County",2,62,380,190,190
050,20,009,"Kansas","Barton County",2,63,400,200,200
050,20,009,"Kansas","Barton County",2,64,380,189,191
050,20,009,"Kansas","Barton County",2,65,377,187,190
050,20,009,"Kansas","Barton County",2,66,372,179,193
050,20,009,"Kansas","Barton County",2,67,334,159,175
050,20,009,"Kansas","Barton County",2,68,315,155,160
050,20,009,"Kansas","Barton County",2,69,288,139,149
050,20,009,"Kansas","Barton County",2,70,278,143,135
050,20,009,"Kansas","Barton County",2,71,265,141,124
050,20,009,"Kansas","Barton County",2,72,252,124,128
050,20,009,"Kansas","Barton County",2,73,249,120,129
050,20,009,"Kansas","Barton County",2,74,161,75,86
050,20,009,"Kansas","Barton County",2,75,159,72,87
050,20,009,"Kansas","Barton County",2,76,179,84,95
050,20,009,"Kansas","Barton County",2,77,179,85,94
050,20,009,"Kansas","Barton County",2,78,151,75,76
050,20,009,"Kansas","Barton County",2,79,135,62,73
050,20,009,"Kansas","Barton County",2,80,154,65,89
050,20,009,"Kansas","Barton County",2,81,135,53,82
050,20,009,"Kansas","Barton County",2,82,124,52,72
050,20,009,"Kansas","Barton County",2,83,112,49,63
050,20,009,"Kansas","Barton County",2,84,102,46,56
050,20,009,"Kansas","Barton County",2,85,753,264,489
050,20,009,"Kansas","Barton County",3,0,310,168,142
050,20,009,"Kansas","Barton County",3,1,294,156,138
050,20,009,"Kansas","Barton County",3,2,303,153,150
050,20,009,"Kansas","Barton County",3,3,314,165,149
050,20,009,"Kansas","Barton County",3,4,318,161,157
050,20,009,"Kansas","Barton County",3,5,315,166,149
050,20,009,"Kansas","Barton County",3,6,323,162,161
050,20,009,"Kansas","Barton County",3,7,351,186,165
050,20,009,"Kansas","Barton County",3,8,338,167,171
050,20,009,"Kansas","Barton County",3,9,346,178,168
050,20,009,"Kansas","Barton County",3,10,346,180,166
050,20,009,"Kansas","Barton County",3,11,364,186,178
050,20,009,"Kansas","Barton County",3,12,376,198,178
050,20,009,"Kansas","Barton County",3,13,393,204,189
050,20,009,"Kansas","Barton County",3,14,385,185,200
050,20,009,"Kansas","Barton County",3,15,375,192,183
050,20,009,"Kansas","Barton County",3,16,336,173,163
050,20,009,"Kansas","Barton County",3,17,335,169,166
050,20,009,"Kansas","Barton County",3,18,322,160,162
050,20,009,"Kansas","Barton County",3,19,293,156,137
050,20,009,"Kansas","Barton County",3,20,287,145,142
050,20,009,"Kansas","Barton County",3,21,278,129,149
050,20,009,"Kansas","Barton County",3,22,286,143,143
050,20,009,"Kansas","Barton County",3,23,271,153,118
050,20,009,"Kansas","Barton County",3,24,262,132,130
050,20,009,"Kansas","Barton County",3,25,283,143,140
050,20,009,"Kansas","Barton County",3,26,265,143,122
050,20,009,"Kansas","Barton County",3,27,290,142,148
050,20,009,"Kansas","Barton County",3,28,290,139,151
050,20,009,"Kansas","Barton County",3,29,314,155,159
050,20,009,"Kansas","Barton County",3,30,303,143,160
050,20,009,"Kansas","Barton County",3,31,288,147,141
050,20,009,"Kansas","Barton County",3,32,292,136,156
050,20,009,"Kansas","Barton County",3,33,281,133,148
050,20,009,"Kansas","Barton County",3,34,293,143,150
050,20,009,"Kansas","Barton County",3,35,331,170,161
050,20,009,"Kansas","Barton County",3,36,318,173,145
050,20,009,"Kansas","Barton County",3,37,308,154,154
050,20,009,"Kansas","Barton County",3,38,306,154,152
050,20,009,"Kansas","Barton County",3,39,310,156,154
050,20,009,"Kansas","Barton County",3,40,321,174,147
050,20,009,"Kansas","Barton County",3,41,303,157,146
050,20,009,"Kansas","Barton County",3,42,286,153,133
050,20,009,"Kansas","Barton County",3,43,285,150,135
050,20,009,"Kansas","Barton County",3,44,275,144,131
050,20,009,"Kansas","Barton County",3,45,216,114,102
050,20,009,"Kansas","Barton County",3,46,228,128,100
050,20,009,"Kansas","Barton County",3,47,227,107,120
050,20,009,"Kansas","Barton County",3,48,244,111,133
050,20,009,"Kansas","Barton County",3,49,229,115,114
050,20,009,"Kansas","Barton County",3,50,266,132,134
050,20,009,"Kansas","Barton County",3,51,250,126,124
050,20,009,"Kansas","Barton County",3,52,249,123,126
050,20,009,"Kansas","Barton County",3,53,278,140,138
050,20,009,"Kansas","Barton County",3,54,270,134,136
050,20,009,"Kansas","Barton County",3,55,298,146,152
050,20,009,"Kansas","Barton County",3,56,314,171,143
050,20,009,"Kansas","Barton County",3,57,342,183,159
050,20,009,"Kansas","Barton County",3,58,378,195,183
050,20,009,"Kansas","Barton County",3,59,401,201,200
050,20,009,"Kansas","Barton County",3,60,396,187,209
050,20,009,"Kansas","Barton County",3,61,383,182,201
050,20,009,"Kansas","Barton County",3,62,368,182,186
050,20,009,"Kansas","Barton County",3,63,370,181,189
050,20,009,"Kansas","Barton County",3,64,387,197,190
050,20,009,"Kansas","Barton County",3,65,372,185,187
050,20,009,"Kansas","Barton County",3,66,367,185,182
050,20,009,"Kansas","Barton County",3,67,350,163,187
050,20,009,"Kansas","Barton County",3,68,323,154,169
050,20,009,"Kansas","Barton County",3,69,298,146,152
050,20,009,"Kansas","Barton County",3,70,273,133,140
050,20,009,"Kansas","Barton County",3,71,271,138,133
050,20,009,"Kansas","Barton County",3,72,264,136,128
050,20,009,"Kansas","Barton County",3,73,236,117,119
050,20,009,"Kansas","Barton County",3,74,247,119,128
050,20,009,"Kansas","Barton County",3,75,149,72,77
050,20,009,"Kansas","Barton County",3,76,154,70,84
050,20,009,"Kansas","Barton County",3,77,170,77,93
050,20,009,"Kansas","Barton County",3,78,172,80,92
050,20,009,"Kansas","Barton County",3,79,134,64,70
050,20,009,"Kansas","Barton County",3,80,137,64,73
050,20,009,"Kansas","Barton County",3,81,133,51,82
050,20,009,"Kansas","Barton County",3,82,125,50,75
050,20,009,"Kansas","Barton County",3,83,113,49,64
050,20,009,"Kansas","Barton County",3,84,98,40,58
050,20,009,"Kansas","Barton County",3,85,720,257,463
050,20,009,"Kansas","Barton County",4,0,310,163,147
050,20,009,"Kansas","Barton County",4,1,313,165,148
050,20,009,"Kansas","Barton County",4,2,289,153,136
050,20,009,"Kansas","Barton County",4,3,293,149,144
050,20,009,"Kansas","Barton County",4,4,312,171,141
050,20,009,"Kansas","Barton County",4,5,317,158,159
050,20,009,"Kansas","Barton County",4,6,311,157,154
050,20,009,"Kansas","Barton County",4,7,325,160,165
050,20,009,"Kansas","Barton County",4,8,359,187,172
050,20,009,"Kansas","Barton County",4,9,337,170,167
050,20,009,"Kansas","Barton County",4,10,350,182,168
050,20,009,"Kansas","Barton County",4,11,346,184,162
050,20,009,"Kansas","Barton County",4,12,363,188,175
050,20,009,"Kansas","Barton County",4,13,379,198,181
050,20,009,"Kansas","Barton County",4,14,381,196,185
050,20,009,"Kansas","Barton County",4,15,380,180,200
050,20,009,"Kansas","Barton County",4,16,360,189,171
050,20,009,"Kansas","Barton County",4,17,330,170,160
050,20,009,"Kansas","Barton County",4,18,298,150,148
050,20,009,"Kansas","Barton County",4,19,284,140,144
050,20,009,"Kansas","Barton County",4,20,299,161,138
050,20,009,"Kansas","Barton County",4,21,270,138,132
050,20,009,"Kansas","Barton County",4,22,277,129,148
050,20,009,"Kansas","Barton County",4,23,295,151,144
050,20,009,"Kansas","Barton County",4,24,269,144,125
050,20,009,"Kansas","Barton County",4,25,250,126,124
050,20,009,"Kansas","Barton County",4,26,284,143,141
050,20,009,"Kansas","Barton County",4,27,265,144,121
050,20,009,"Kansas","Barton County",4,28,281,140,141
050,20,009,"Kansas","Barton County",4,29,305,150,155
050,20,009,"Kansas","Barton County",4,30,320,146,174
050,20,009,"Kansas","Barton County",4,31,289,138,151
050,20,009,"Kansas","Barton County",4,32,289,142,147
050,20,009,"Kansas","Barton County",4,33,294,145,149
050,20,009,"Kansas","Barton County",4,34,269,133,136
050,20,009,"Kansas","Barton County",4,35,286,145,141
050,20,009,"Kansas","Barton County",4,36,319,164,155
050,20,009,"Kansas","Barton County",4,37,327,174,153
050,20,009,"Kansas","Barton County",4,38,308,157,151
050,20,009,"Kansas","Barton County",4,39,308,156,152
050,20,009,"Kansas","Barton County",4,40,317,166,151
050,20,009,"Kansas","Barton County",4,41,322,172,150
050,20,009,"Kansas","Barton County",4,42,298,154,144
050,20,009,"Kansas","Barton County",4,43,284,159,125
050,20,009,"Kansas","Barton County",4,44,286,154,132
050,20,009,"Kansas","Barton County",4,45,268,141,127
050,20,009,"Kansas","Barton County",4,46,210,109,101
050,20,009,"Kansas","Barton County",4,47,221,125,96
050,20,009,"Kansas","Barton County",4,48,217,104,113
050,20,009,"Kansas","Barton County",4,49,248,112,136
050,20,009,"Kansas","Barton County",4,50,225,107,118
050,20,009,"Kansas","Barton County",4,51,257,126,131
050,20,009,"Kansas","Barton County",4,52,250,123,127
050,20,009,"Kansas","Barton County",4,53,248,122,126
050,20,009,"Kansas","Barton County",4,54,270,131,139
050,20,009,"Kansas","Barton County",4,55,277,139,138
050,20,009,"Kansas","Barton County",4,56,293,145,148
050,20,009,"Kansas","Barton County",4,57,312,164,148
050,20,009,"Kansas","Barton County",4,58,341,183,158
050,20,009,"Kansas","Barton County",4,59,361,186,175
050,20,009,"Kansas","Barton County",4,60,402,197,205
050,20,009,"Kansas","Barton County",4,61,390,189,201
050,20,009,"Kansas","Barton County",4,62,379,182,197
050,20,009,"Kansas","Barton County",4,63,359,174,185
050,20,009,"Kansas","Barton County",4,64,365,181,184
050,20,009,"Kansas","Barton County",4,65,374,188,186
050,20,009,"Kansas","Barton County",4,66,362,181,181
050,20,009,"Kansas","Barton County",4,67,359,179,180
050,20,009,"Kansas","Barton County",4,68,349,166,183
050,20,009,"Kansas","Barton County",4,69,318,153,165
050,20,009,"Kansas","Barton County",4,70,297,147,150
050,20,009,"Kansas","Barton County",4,71,270,132,138
050,20,009,"Kansas","Barton County",4,72,266,135,131
050,20,009,"Kansas","Barton County",4,73,247,125,122
050,20,009,"Kansas","Barton County",4,74,228,117,111
050,20,009,"Kansas","Barton County",4,75,239,113,126
050,20,009,"Kansas","Barton County",4,76,145,69,76
050,20,009,"Kansas","Barton County",4,77,149,65,84
050,20,009,"Kansas","Barton County",4,78,168,72,96
050,20,009,"Kansas","Barton County",4,79,163,75,88
050,20,009,"Kansas","Barton County",4,80,133,58,75
050,20,009,"Kansas","Barton County",4,81,120,50,70
050,20,009,"Kansas","Barton County",4,82,131,53,78
050,20,009,"Kansas","Barton County",4,83,115,46,69
050,20,009,"Kansas","Barton County",4,84,101,41,60
050,20,009,"Kansas","Barton County",4,85,683,245,438
050,20,009,"Kansas","Barton County",5,0,312,164,148
050,20,009,"Kansas","Barton County",5,1,308,156,152
050,20,009,"Kansas","Barton County",5,2,316,165,151
050,20,009,"Kansas","Barton County",5,3,302,156,146
050,20,009,"Kansas","Barton County",5,4,302,152,150
050,20,009,"Kansas","Barton County",5,5,315,175,140
050,20,009,"Kansas","Barton County",5,6,320,157,163
050,20,009,"Kansas","Barton County",5,7,322,166,156
050,20,009,"Kansas","Barton County",5,8,324,162,162
050,20,009,"Kansas","Barton County",5,9,355,190,165
050,20,009,"Kansas","Barton County",5,10,337,166,171
050,20,009,"Kansas","Barton County",5,11,349,179,170
050,20,009,"Kansas","Barton County",5,12,346,180,166
050,20,009,"Kansas","Barton County",5,13,356,179,177
050,20,009,"Kansas","Barton County",5,14,370,196,174
050,20,009,"Kansas","Barton County",5,15,382,194,188
050,20,009,"Kansas","Barton County",5,16,377,179,198
050,20,009,"Kansas","Barton County",5,17,358,183,175
050,20,009,"Kansas","Barton County",5,18,311,165,146
050,20,009,"Kansas","Barton County",5,19,271,132,139
050,20,009,"Kansas","Barton County",5,20,284,140,144
050,20,009,"Kansas","Barton County",5,21,305,165,140
050,20,009,"Kansas","Barton County",5,22,275,139,136
050,20,009,"Kansas","Barton County",5,23,282,130,152
050,20,009,"Kansas","Barton County",5,24,273,133,140
050,20,009,"Kansas","Barton County",5,25,261,133,128
050,20,009,"Kansas","Barton County",5,26,249,122,127
050,20,009,"Kansas","Barton County",5,27,277,151,126
050,20,009,"Kansas","Barton County",5,28,255,136,119
050,20,009,"Kansas","Barton County",5,29,285,150,135
050,20,009,"Kansas","Barton County",5,30,308,145,163
050,20,009,"Kansas","Barton County",5,31,307,140,167
050,20,009,"Kansas","Barton County",5,32,281,135,146
050,20,009,"Kansas","Barton County",5,33,295,145,150
050,20,009,"Kansas","Barton County",5,34,289,143,146
050,20,009,"Kansas","Barton County",5,35,271,132,139
050,20,009,"Kansas","Barton County",5,36,277,137,140
050,20,009,"Kansas","Barton County",5,37,324,169,155
050,20,009,"Kansas","Barton County",5,38,318,168,150
050,20,009,"Kansas","Barton County",5,39,312,158,154
050,20,009,"Kansas","Barton County",5,40,317,169,148
050,20,009,"Kansas","Barton County",5,41,316,162,154
050,20,009,"Kansas","Barton County",5,42,296,156,140
050,20,009,"Kansas","Barton County",5,43,295,155,140
050,20,009,"Kansas","Barton County",5,44,286,160,126
050,20,009,"Kansas","Barton County",5,45,270,145,125
050,20,009,"Kansas","Barton County",5,46,265,139,126
050,20,009,"Kansas","Barton County",5,47,210,114,96
050,20,009,"Kansas","Barton County",5,48,222,124,98
050,20,009,"Kansas","Barton County",5,49,218,106,112
050,20,009,"Kansas","Barton County",5,50,242,105,137
050,20,009,"Kansas","Barton County",5,51,224,106,118
050,20,009,"Kansas","Barton County",5,52,253,122,131
050,20,009,"Kansas","Barton County",5,53,244,124,120
050,20,009,"Kansas","Barton County",5,54,245,116,129
050,20,009,"Kansas","Barton County",5,55,269,134,135
050,20,009,"Kansas","Barton County",5,56,261,130,131
050,20,009,"Kansas","Barton County",5,57,284,142,142
050,20,009,"Kansas","Barton County",5,58,311,163,148
050,20,009,"Kansas","Barton County",5,59,343,182,161
050,20,009,"Kansas","Barton County",5,60,360,187,173
050,20,009,"Kansas","Barton County",5,61,399,197,202
050,20,009,"Kansas","Barton County",5,62,390,192,198
050,20,009,"Kansas","Barton County",5,63,374,179,195
050,20,009,"Kansas","Barton County",5,64,346,174,172
050,20,009,"Kansas","Barton County",5,65,356,175,181
050,20,009,"Kansas","Barton County",5,66,361,184,177
050,20,009,"Kansas","Barton County",5,67,346,172,174
050,20,009,"Kansas","Barton County",5,68,355,177,178
050,20,009,"Kansas","Barton County",5,69,337,162,175
050,20,009,"Kansas","Barton County",5,70,313,152,161
050,20,009,"Kansas","Barton County",5,71,290,141,149
050,20,009,"Kansas","Barton County",5,72,267,126,141
050,20,009,"Kansas","Barton County",5,73,246,124,122
050,20,009,"Kansas","Barton County",5,74,244,125,119
050,20,009,"Kansas","Barton County",5,75,223,118,105
050,20,009,"Kansas","Barton County",5,76,234,113,121
050,20,009,"Kansas","Barton County",5,77,138,63,75
050,20,009,"Kansas","Barton County",5,78,145,60,85
050,20,009,"Kansas","Barton County",5,79,153,65,88
050,20,009,"Kansas","Barton County",5,80,158,71,87
050,20,009,"Kansas","Barton County",5,81,120,49,71
050,20,009,"Kansas","Barton County",5,82,116,52,64
050,20,009,"Kansas","Barton County",5,83,122,49,73
050,20,009,"Kansas","Barton County",5,84,108,44,64
050,20,009,"Kansas","Barton County",5,85,666,244,422
050,20,011,"Kansas","Bourbon County",1,0,193,100,93
050,20,011,"Kansas","Bourbon County",1,1,180,98,82
050,20,011,"Kansas","Bourbon County",1,2,185,95,90
050,20,011,"Kansas","Bourbon County",1,3,182,105,77
050,20,011,"Kansas","Bourbon County",1,4,217,126,91
050,20,011,"Kansas","Bourbon County",1,5,202,108,94
050,20,011,"Kansas","Bourbon County",1,6,218,114,104
050,20,011,"Kansas","Bourbon County",1,7,192,91,101
050,20,011,"Kansas","Bourbon County",1,8,212,101,111
050,20,011,"Kansas","Bourbon County",1,9,195,103,92
050,20,011,"Kansas","Bourbon County",1,10,210,106,104
050,20,011,"Kansas","Bourbon County",1,11,226,111,115
050,20,011,"Kansas","Bourbon County",1,12,232,115,117
050,20,011,"Kansas","Bourbon County",1,13,218,102,116
050,20,011,"Kansas","Bourbon County",1,14,211,102,109
050,20,011,"Kansas","Bourbon County",1,15,216,104,112
050,20,011,"Kansas","Bourbon County",1,16,233,123,110
050,20,011,"Kansas","Bourbon County",1,17,219,111,108
050,20,011,"Kansas","Bourbon County",1,18,229,123,106
050,20,011,"Kansas","Bourbon County",1,19,235,154,81
050,20,011,"Kansas","Bourbon County",1,20,195,115,80
050,20,011,"Kansas","Bourbon County",1,21,159,87,72
050,20,011,"Kansas","Bourbon County",1,22,149,76,73
050,20,011,"Kansas","Bourbon County",1,23,155,82,73
050,20,011,"Kansas","Bourbon County",1,24,149,74,75
050,20,011,"Kansas","Bourbon County",1,25,152,68,84
050,20,011,"Kansas","Bourbon County",1,26,165,74,91
050,20,011,"Kansas","Bourbon County",1,27,165,86,79
050,20,011,"Kansas","Bourbon County",1,28,187,99,88
050,20,011,"Kansas","Bourbon County",1,29,175,93,82
050,20,011,"Kansas","Bourbon County",1,30,146,91,55
050,20,011,"Kansas","Bourbon County",1,31,153,81,72
050,20,011,"Kansas","Bourbon County",1,32,151,78,73
050,20,011,"Kansas","Bourbon County",1,33,146,72,74
050,20,011,"Kansas","Bourbon County",1,34,152,76,76
050,20,011,"Kansas","Bourbon County",1,35,147,76,71
050,20,011,"Kansas","Bourbon County",1,36,171,87,84
050,20,011,"Kansas","Bourbon County",1,37,173,81,92
050,20,011,"Kansas","Bourbon County",1,38,156,79,77
050,20,011,"Kansas","Bourbon County",1,39,161,79,82
050,20,011,"Kansas","Bourbon County",1,40,180,89,91
050,20,011,"Kansas","Bourbon County",1,41,175,90,85
050,20,011,"Kansas","Bourbon County",1,42,158,83,75
050,20,011,"Kansas","Bourbon County",1,43,157,75,82
050,20,011,"Kansas","Bourbon County",1,44,151,82,69
050,20,011,"Kansas","Bourbon County",1,45,163,83,80
050,20,011,"Kansas","Bourbon County",1,46,153,72,81
050,20,011,"Kansas","Bourbon County",1,47,154,77,77
050,20,011,"Kansas","Bourbon County",1,48,148,72,76
050,20,011,"Kansas","Bourbon County",1,49,156,78,78
050,20,011,"Kansas","Bourbon County",1,50,147,73,74
050,20,011,"Kansas","Bourbon County",1,51,135,78,57
050,20,011,"Kansas","Bourbon County",1,52,124,73,51
050,20,011,"Kansas","Bourbon County",1,53,138,69,69
050,20,011,"Kansas","Bourbon County",1,54,155,66,89
050,20,011,"Kansas","Bourbon County",1,55,165,70,95
050,20,011,"Kansas","Bourbon County",1,56,176,83,93
050,20,011,"Kansas","Bourbon County",1,57,178,83,95
050,20,011,"Kansas","Bourbon County",1,58,196,103,93
050,20,011,"Kansas","Bourbon County",1,59,185,90,95
050,20,011,"Kansas","Bourbon County",1,60,207,95,112
050,20,011,"Kansas","Bourbon County",1,61,188,79,109
050,20,011,"Kansas","Bourbon County",1,62,187,95,92
050,20,011,"Kansas","Bourbon County",1,63,204,104,100
050,20,011,"Kansas","Bourbon County",1,64,187,93,94
050,20,011,"Kansas","Bourbon County",1,65,191,90,101
050,20,011,"Kansas","Bourbon County",1,66,208,96,112
050,20,011,"Kansas","Bourbon County",1,67,188,94,94
050,20,011,"Kansas","Bourbon County",1,68,169,79,90
050,20,011,"Kansas","Bourbon County",1,69,167,73,94
050,20,011,"Kansas","Bourbon County",1,70,157,65,92
050,20,011,"Kansas","Bourbon County",1,71,154,76,78
050,20,011,"Kansas","Bourbon County",1,72,157,78,79
050,20,011,"Kansas","Bourbon County",1,73,157,76,81
050,20,011,"Kansas","Bourbon County",1,74,104,49,55
050,20,011,"Kansas","Bourbon County",1,75,103,57,46
050,20,011,"Kansas","Bourbon County",1,76,103,50,53
050,20,011,"Kansas","Bourbon County",1,77,95,43,52
050,20,011,"Kansas","Bourbon County",1,78,92,46,46
050,20,011,"Kansas","Bourbon County",1,79,86,41,45
050,20,011,"Kansas","Bourbon County",1,80,68,34,34
050,20,011,"Kansas","Bourbon County",1,81,59,21,38
050,20,011,"Kansas","Bourbon County",1,82,60,25,35
050,20,011,"Kansas","Bourbon County",1,83,62,30,32
050,20,011,"Kansas","Bourbon County",1,84,49,23,26
050,20,011,"Kansas","Bourbon County",1,85,354,121,233
050,20,011,"Kansas","Bourbon County",2,0,194,101,93
050,20,011,"Kansas","Bourbon County",2,1,181,98,83
050,20,011,"Kansas","Bourbon County",2,2,181,94,87
050,20,011,"Kansas","Bourbon County",2,3,182,104,78
050,20,011,"Kansas","Bourbon County",2,4,207,120,87
050,20,011,"Kansas","Bourbon County",2,5,205,111,94
050,20,011,"Kansas","Bourbon County",2,6,217,115,102
050,20,011,"Kansas","Bourbon County",2,7,200,98,102
050,20,011,"Kansas","Bourbon County",2,8,207,98,109
050,20,011,"Kansas","Bourbon County",2,9,201,104,97
050,20,011,"Kansas","Bourbon County",2,10,207,105,102
050,20,011,"Kansas","Bourbon County",2,11,218,107,111
050,20,011,"Kansas","Bourbon County",2,12,233,114,119
050,20,011,"Kansas","Bourbon County",2,13,223,105,118
050,20,011,"Kansas","Bourbon County",2,14,214,103,111
050,20,011,"Kansas","Bourbon County",2,15,215,103,112
050,20,011,"Kansas","Bourbon County",2,16,228,118,110
050,20,011,"Kansas","Bourbon County",2,17,220,112,108
050,20,011,"Kansas","Bourbon County",2,18,227,122,105
050,20,011,"Kansas","Bourbon County",2,19,237,153,84
050,20,011,"Kansas","Bourbon County",2,20,193,114,79
050,20,011,"Kansas","Bourbon County",2,21,162,89,73
050,20,011,"Kansas","Bourbon County",2,22,152,78,74
050,20,011,"Kansas","Bourbon County",2,23,156,82,74
050,20,011,"Kansas","Bourbon County",2,24,150,76,74
050,20,011,"Kansas","Bourbon County",2,25,153,70,83
050,20,011,"Kansas","Bourbon County",2,26,160,72,88
050,20,011,"Kansas","Bourbon County",2,27,163,83,80
050,20,011,"Kansas","Bourbon County",2,28,180,95,85
050,20,011,"Kansas","Bourbon County",2,29,174,93,81
050,20,011,"Kansas","Bourbon County",2,30,153,90,63
050,20,011,"Kansas","Bourbon County",2,31,152,84,68
050,20,011,"Kansas","Bourbon County",2,32,151,78,73
050,20,011,"Kansas","Bourbon County",2,33,147,74,73
050,20,011,"Kansas","Bourbon County",2,34,151,76,75
050,20,011,"Kansas","Bourbon County",2,35,151,77,74
050,20,011,"Kansas","Bourbon County",2,36,165,83,82
050,20,011,"Kansas","Bourbon County",2,37,173,83,90
050,20,011,"Kansas","Bourbon County",2,38,162,80,82
050,20,011,"Kansas","Bourbon County",2,39,158,78,80
050,20,011,"Kansas","Bourbon County",2,40,175,87,88
050,20,011,"Kansas","Bourbon County",2,41,175,90,85
050,20,011,"Kansas","Bourbon County",2,42,162,85,77
050,20,011,"Kansas","Bourbon County",2,43,158,78,80
050,20,011,"Kansas","Bourbon County",2,44,149,78,71
050,20,011,"Kansas","Bourbon County",2,45,164,84,80
050,20,011,"Kansas","Bourbon County",2,46,155,75,80
050,20,011,"Kansas","Bourbon County",2,47,151,76,75
050,20,011,"Kansas","Bourbon County",2,48,149,72,77
050,20,011,"Kansas","Bourbon County",2,49,155,76,79
050,20,011,"Kansas","Bourbon County",2,50,150,76,74
050,20,011,"Kansas","Bourbon County",2,51,138,76,62
050,20,011,"Kansas","Bourbon County",2,52,126,73,53
050,20,011,"Kansas","Bourbon County",2,53,133,69,64
050,20,011,"Kansas","Bourbon County",2,54,148,65,83
050,20,011,"Kansas","Bourbon County",2,55,162,70,92
050,20,011,"Kansas","Bourbon County",2,56,175,80,95
050,20,011,"Kansas","Bourbon County",2,57,178,83,95
050,20,011,"Kansas","Bourbon County",2,58,189,97,92
050,20,011,"Kansas","Bourbon County",2,59,186,92,94
050,20,011,"Kansas","Bourbon County",2,60,198,93,105
050,20,011,"Kansas","Bourbon County",2,61,192,83,109
050,20,011,"Kansas","Bourbon County",2,62,184,88,96
050,20,011,"Kansas","Bourbon County",2,63,199,100,99
050,20,011,"Kansas","Bourbon County",2,64,191,95,96
050,20,011,"Kansas","Bourbon County",2,65,190,92,98
050,20,011,"Kansas","Bourbon County",2,66,203,94,109
050,20,011,"Kansas","Bourbon County",2,67,188,93,95
050,20,011,"Kansas","Bourbon County",2,68,172,82,90
050,20,011,"Kansas","Bourbon County",2,69,166,73,93
050,20,011,"Kansas","Bourbon County",2,70,158,66,92
050,20,011,"Kansas","Bourbon County",2,71,154,72,82
050,20,011,"Kansas","Bourbon County",2,72,153,76,77
050,20,011,"Kansas","Bourbon County",2,73,166,80,86
050,20,011,"Kansas","Bourbon County",2,74,106,50,56
050,20,011,"Kansas","Bourbon County",2,75,105,56,49
050,20,011,"Kansas","Bourbon County",2,76,101,50,51
050,20,011,"Kansas","Bourbon County",2,77,100,46,54
050,20,011,"Kansas","Bourbon County",2,78,91,44,47
050,20,011,"Kansas","Bourbon County",2,79,84,41,43
050,20,011,"Kansas","Bourbon County",2,80,70,35,35
050,20,011,"Kansas","Bourbon County",2,81,61,24,37
050,20,011,"Kansas","Bourbon County",2,82,59,23,36
050,20,011,"Kansas","Bourbon County",2,83,57,25,32
050,20,011,"Kansas","Bourbon County",2,84,53,25,28
050,20,011,"Kansas","Bourbon County",2,85,353,122,231
050,20,011,"Kansas","Bourbon County",3,0,219,115,104
050,20,011,"Kansas","Bourbon County",3,1,196,100,96
050,20,011,"Kansas","Bourbon County",3,2,189,101,88
050,20,011,"Kansas","Bourbon County",3,3,174,88,86
050,20,011,"Kansas","Bourbon County",3,4,182,104,78
050,20,011,"Kansas","Bourbon County",3,5,209,114,95
050,20,011,"Kansas","Bourbon County",3,6,209,110,99
050,20,011,"Kansas","Bourbon County",3,7,214,111,103
050,20,011,"Kansas","Bourbon County",3,8,210,102,108
050,20,011,"Kansas","Bourbon County",3,9,203,96,107
050,20,011,"Kansas","Bourbon County",3,10,198,106,92
050,20,011,"Kansas","Bourbon County",3,11,213,107,106
050,20,011,"Kansas","Bourbon County",3,12,221,106,115
050,20,011,"Kansas","Bourbon County",3,13,231,117,114
050,20,011,"Kansas","Bourbon County",3,14,218,105,113
050,20,011,"Kansas","Bourbon County",3,15,214,101,113
050,20,011,"Kansas","Bourbon County",3,16,220,106,114
050,20,011,"Kansas","Bourbon County",3,17,233,124,109
050,20,011,"Kansas","Bourbon County",3,18,234,127,107
050,20,011,"Kansas","Bourbon County",3,19,241,153,88
050,20,011,"Kansas","Bourbon County",3,20,192,115,77
050,20,011,"Kansas","Bourbon County",3,21,177,99,78
050,20,011,"Kansas","Bourbon County",3,22,154,84,70
050,20,011,"Kansas","Bourbon County",3,23,163,85,78
050,20,011,"Kansas","Bourbon County",3,24,158,78,80
050,20,011,"Kansas","Bourbon County",3,25,147,76,71
050,20,011,"Kansas","Bourbon County",3,26,157,66,91
050,20,011,"Kansas","Bourbon County",3,27,152,72,80
050,20,011,"Kansas","Bourbon County",3,28,152,75,77
050,20,011,"Kansas","Bourbon County",3,29,177,95,82
050,20,011,"Kansas","Bourbon County",3,30,158,81,77
050,20,011,"Kansas","Bourbon County",3,31,154,88,66
050,20,011,"Kansas","Bourbon County",3,32,160,91,69
050,20,011,"Kansas","Bourbon County",3,33,155,79,76
050,20,011,"Kansas","Bourbon County",3,34,150,73,77
050,20,011,"Kansas","Bourbon County",3,35,145,70,75
050,20,011,"Kansas","Bourbon County",3,36,152,76,76
050,20,011,"Kansas","Bourbon County",3,37,172,91,81
050,20,011,"Kansas","Bourbon County",3,38,176,87,89
050,20,011,"Kansas","Bourbon County",3,39,158,80,78
050,20,011,"Kansas","Bourbon County",3,40,154,76,78
050,20,011,"Kansas","Bourbon County",3,41,172,85,87
050,20,011,"Kansas","Bourbon County",3,42,168,88,80
050,20,011,"Kansas","Bourbon County",3,43,164,85,79
050,20,011,"Kansas","Bourbon County",3,44,155,75,80
050,20,011,"Kansas","Bourbon County",3,45,158,81,77
050,20,011,"Kansas","Bourbon County",3,46,167,83,84
050,20,011,"Kansas","Bourbon County",3,47,147,68,79
050,20,011,"Kansas","Bourbon County",3,48,150,73,77
050,20,011,"Kansas","Bourbon County",3,49,147,72,75
050,20,011,"Kansas","Bourbon County",3,50,159,82,77
050,20,011,"Kansas","Bourbon County",3,51,150,74,76
050,20,011,"Kansas","Bourbon County",3,52,134,75,59
050,20,011,"Kansas","Bourbon County",3,53,121,67,54
050,20,011,"Kansas","Bourbon County",3,54,129,64,65
050,20,011,"Kansas","Bourbon County",3,55,143,68,75
050,20,011,"Kansas","Bourbon County",3,56,161,68,93
050,20,011,"Kansas","Bourbon County",3,57,177,81,96
050,20,011,"Kansas","Bourbon County",3,58,175,81,94
050,20,011,"Kansas","Bourbon County",3,59,187,95,92
050,20,011,"Kansas","Bourbon County",3,60,189,93,96
050,20,011,"Kansas","Bourbon County",3,61,202,96,106
050,20,011,"Kansas","Bourbon County",3,62,186,79,107
050,20,011,"Kansas","Bourbon County",3,63,177,85,92
050,20,011,"Kansas","Bourbon County",3,64,195,99,96
050,20,011,"Kansas","Bourbon County",3,65,189,92,97
050,20,011,"Kansas","Bourbon County",3,66,180,87,93
050,20,011,"Kansas","Bourbon County",3,67,201,91,110
050,20,011,"Kansas","Bourbon County",3,68,185,89,96
050,20,011,"Kansas","Bourbon County",3,69,171,79,92
050,20,011,"Kansas","Bourbon County",3,70,160,68,92
050,20,011,"Kansas","Bourbon County",3,71,157,64,93
050,20,011,"Kansas","Bourbon County",3,72,148,71,77
050,20,011,"Kansas","Bourbon County",3,73,146,73,73
050,20,011,"Kansas","Bourbon County",3,74,155,73,82
050,20,011,"Kansas","Bourbon County",3,75,101,45,56
050,20,011,"Kansas","Bourbon County",3,76,103,54,49
050,20,011,"Kansas","Bourbon County",3,77,95,45,50
050,20,011,"Kansas","Bourbon County",3,78,96,43,53
050,20,011,"Kansas","Bourbon County",3,79,92,45,47
050,20,011,"Kansas","Bourbon County",3,80,77,40,37
050,20,011,"Kansas","Bourbon County",3,81,65,31,34
050,20,011,"Kansas","Bourbon County",3,82,61,22,39
050,20,011,"Kansas","Bourbon County",3,83,50,21,29
050,20,011,"Kansas","Bourbon County",3,84,53,23,30
050,20,011,"Kansas","Bourbon County",3,85,337,122,215
050,20,011,"Kansas","Bourbon County",4,0,194,105,89
050,20,011,"Kansas","Bourbon County",4,1,222,112,110
050,20,011,"Kansas","Bourbon County",4,2,197,107,90
050,20,011,"Kansas","Bourbon County",4,3,198,110,88
050,20,011,"Kansas","Bourbon County",4,4,184,95,89
050,20,011,"Kansas","Bourbon County",4,5,189,108,81
050,20,011,"Kansas","Bourbon County",4,6,206,114,92
050,20,011,"Kansas","Bourbon County",4,7,221,118,103
050,20,011,"Kansas","Bourbon County",4,8,204,110,94
050,20,011,"Kansas","Bourbon County",4,9,217,107,110
050,20,011,"Kansas","Bourbon County",4,10,201,96,105
050,20,011,"Kansas","Bourbon County",4,11,196,105,91
050,20,011,"Kansas","Bourbon County",4,12,215,107,108
050,20,011,"Kansas","Bourbon County",4,13,227,113,114
050,20,011,"Kansas","Bourbon County",4,14,241,121,120
050,20,011,"Kansas","Bourbon County",4,15,229,107,122
050,20,011,"Kansas","Bourbon County",4,16,217,98,119
050,20,011,"Kansas","Bourbon County",4,17,219,107,112
050,20,011,"Kansas","Bourbon County",4,18,247,139,108
050,20,011,"Kansas","Bourbon County",4,19,243,155,88
050,20,011,"Kansas","Bourbon County",4,20,200,117,83
050,20,011,"Kansas","Bourbon County",4,21,168,101,67
050,20,011,"Kansas","Bourbon County",4,22,164,87,77
050,20,011,"Kansas","Bourbon County",4,23,176,94,82
050,20,011,"Kansas","Bourbon County",4,24,162,81,81
050,20,011,"Kansas","Bourbon County",4,25,143,74,69
050,20,011,"Kansas","Bourbon County",4,26,135,68,67
050,20,011,"Kansas","Bourbon County",4,27,157,65,92
050,20,011,"Kansas","Bourbon County",4,28,146,66,80
050,20,011,"Kansas","Bourbon County",4,29,148,73,75
050,20,011,"Kansas","Bourbon County",4,30,174,91,83
050,20,011,"Kansas","Bourbon County",4,31,159,79,80
050,20,011,"Kansas","Bourbon County",4,32,151,85,66
050,20,011,"Kansas","Bourbon County",4,33,164,90,74
050,20,011,"Kansas","Bourbon County",4,34,162,83,79
050,20,011,"Kansas","Bourbon County",4,35,148,73,75
050,20,011,"Kansas","Bourbon County",4,36,148,73,75
050,20,011,"Kansas","Bourbon County",4,37,155,77,78
050,20,011,"Kansas","Bourbon County",4,38,175,92,83
050,20,011,"Kansas","Bourbon County",4,39,177,90,87
050,20,011,"Kansas","Bourbon County",4,40,156,76,80
050,20,011,"Kansas","Bourbon County",4,41,169,79,90
050,20,011,"Kansas","Bourbon County",4,42,177,88,89
050,20,011,"Kansas","Bourbon County",4,43,170,93,77
050,20,011,"Kansas","Bourbon County",4,44,164,79,85
050,20,011,"Kansas","Bourbon County",4,45,160,76,84
050,20,011,"Kansas","Bourbon County",4,46,161,79,82
050,20,011,"Kansas","Bourbon County",4,47,170,86,84
050,20,011,"Kansas","Bourbon County",4,48,142,67,75
050,20,011,"Kansas","Bourbon County",4,49,155,79,76
050,20,011,"Kansas","Bourbon County",4,50,150,73,77
050,20,011,"Kansas","Bourbon County",4,51,161,79,82
050,20,011,"Kansas","Bourbon County",4,52,148,74,74
050,20,011,"Kansas","Bourbon County",4,53,132,72,60
050,20,011,"Kansas","Bourbon County",4,54,125,70,55
050,20,011,"Kansas","Bourbon County",4,55,135,67,68
050,20,011,"Kansas","Bourbon County",4,56,147,66,81
050,20,011,"Kansas","Bourbon County",4,57,168,76,92
050,20,011,"Kansas","Bourbon County",4,58,182,86,96
050,20,011,"Kansas","Bourbon County",4,59,177,84,93
050,20,011,"Kansas","Bourbon County",4,60,197,100,97
050,20,011,"Kansas","Bourbon County",4,61,197,95,102
050,20,011,"Kansas","Bourbon County",4,62,204,97,107
050,20,011,"Kansas","Bourbon County",4,63,182,77,105
050,20,011,"Kansas","Bourbon County",4,64,177,83,94
050,20,011,"Kansas","Bourbon County",4,65,195,99,96
050,20,011,"Kansas","Bourbon County",4,66,180,91,89
050,20,011,"Kansas","Bourbon County",4,67,176,85,91
050,20,011,"Kansas","Bourbon County",4,68,203,91,112
050,20,011,"Kansas","Bourbon County",4,69,190,92,98
050,20,011,"Kansas","Bourbon County",4,70,172,78,94
050,20,011,"Kansas","Bourbon County",4,71,158,65,93
050,20,011,"Kansas","Bourbon County",4,72,156,63,93
050,20,011,"Kansas","Bourbon County",4,73,148,71,77
050,20,011,"Kansas","Bourbon County",4,74,143,68,75
050,20,011,"Kansas","Bourbon County",4,75,147,70,77
050,20,011,"Kansas","Bourbon County",4,76,93,41,52
050,20,011,"Kansas","Bourbon County",4,77,98,52,46
050,20,011,"Kansas","Bourbon County",4,78,86,42,44
050,20,011,"Kansas","Bourbon County",4,79,90,38,52
050,20,011,"Kansas","Bourbon County",4,80,79,37,42
050,20,011,"Kansas","Bourbon County",4,81,68,37,31
050,20,011,"Kansas","Bourbon County",4,82,68,29,39
050,20,011,"Kansas","Bourbon County",4,83,48,20,28
050,20,011,"Kansas","Bourbon County",4,84,45,19,26
050,20,011,"Kansas","Bourbon County",4,85,315,114,201
050,20,011,"Kansas","Bourbon County",5,0,194,104,90
050,20,011,"Kansas","Bourbon County",5,1,173,91,82
050,20,011,"Kansas","Bourbon County",5,2,230,118,112
050,20,011,"Kansas","Bourbon County",5,3,201,107,94
050,20,011,"Kansas","Bourbon County",5,4,196,102,94
050,20,011,"Kansas","Bourbon County",5,5,198,104,94
050,20,011,"Kansas","Bourbon County",5,6,184,109,75
050,20,011,"Kansas","Bourbon County",5,7,209,115,94
050,20,011,"Kansas","Bourbon County",5,8,218,126,92
050,20,011,"Kansas","Bourbon County",5,9,196,105,91
050,20,011,"Kansas","Bourbon County",5,10,222,113,109
050,20,011,"Kansas","Bourbon County",5,11,197,92,105
050,20,011,"Kansas","Bourbon County",5,12,207,109,98
050,20,011,"Kansas","Bourbon County",5,13,217,105,112
050,20,011,"Kansas","Bourbon County",5,14,228,112,116
050,20,011,"Kansas","Bourbon County",5,15,244,127,117
050,20,011,"Kansas","Bourbon County",5,16,232,109,123
050,20,011,"Kansas","Bourbon County",5,17,229,107,122
050,20,011,"Kansas","Bourbon County",5,18,234,126,108
050,20,011,"Kansas","Bourbon County",5,19,249,162,87
050,20,011,"Kansas","Bourbon County",5,20,198,111,87
050,20,011,"Kansas","Bourbon County",5,21,180,94,86
050,20,011,"Kansas","Bourbon County",5,22,154,90,64
050,20,011,"Kansas","Bourbon County",5,23,180,100,80
050,20,011,"Kansas","Bourbon County",5,24,174,84,90
050,20,011,"Kansas","Bourbon County",5,25,168,82,86
050,20,011,"Kansas","Bourbon County",5,26,140,72,68
050,20,011,"Kansas","Bourbon County",5,27,139,73,66
050,20,011,"Kansas","Bourbon County",5,28,154,67,87
050,20,011,"Kansas","Bourbon County",5,29,142,70,72
050,20,011,"Kansas","Bourbon County",5,30,147,73,74
050,20,011,"Kansas","Bourbon County",5,31,176,90,86
050,20,011,"Kansas","Bourbon County",5,32,166,87,79
050,20,011,"Kansas","Bourbon County",5,33,157,86,71
050,20,011,"Kansas","Bourbon County",5,34,158,89,69
050,20,011,"Kansas","Bourbon County",5,35,157,79,78
050,20,011,"Kansas","Bourbon County",5,36,152,72,80
050,20,011,"Kansas","Bourbon County",5,37,149,73,76
050,20,011,"Kansas","Bourbon County",5,38,154,77,77
050,20,011,"Kansas","Bourbon County",5,39,168,88,80
050,20,011,"Kansas","Bourbon County",5,40,180,91,89
050,20,011,"Kansas","Bourbon County",5,41,159,78,81
050,20,011,"Kansas","Bourbon County",5,42,160,73,87
050,20,011,"Kansas","Bourbon County",5,43,175,88,87
050,20,011,"Kansas","Bourbon County",5,44,166,90,76
050,20,011,"Kansas","Bourbon County",5,45,163,83,80
050,20,011,"Kansas","Bourbon County",5,46,159,76,83
050,20,011,"Kansas","Bourbon County",5,47,164,81,83
050,20,011,"Kansas","Bourbon County",5,48,162,83,79
050,20,011,"Kansas","Bourbon County",5,49,144,70,74
050,20,011,"Kansas","Bourbon County",5,50,159,79,80
050,20,011,"Kansas","Bourbon County",5,51,142,73,69
050,20,011,"Kansas","Bourbon County",5,52,156,75,81
050,20,011,"Kansas","Bourbon County",5,53,142,69,73
050,20,011,"Kansas","Bourbon County",5,54,128,68,60
050,20,011,"Kansas","Bourbon County",5,55,128,69,59
050,20,011,"Kansas","Bourbon County",5,56,139,67,72
050,20,011,"Kansas","Bourbon County",5,57,143,65,78
050,20,011,"Kansas","Bourbon County",5,58,166,73,93
050,20,011,"Kansas","Bourbon County",5,59,174,81,93
050,20,011,"Kansas","Bourbon County",5,60,177,85,92
050,20,011,"Kansas","Bourbon County",5,61,196,102,94
050,20,011,"Kansas","Bourbon County",5,62,197,94,103
050,20,011,"Kansas","Bourbon County",5,63,195,92,103
050,20,011,"Kansas","Bourbon County",5,64,180,76,104
050,20,011,"Kansas","Bourbon County",5,65,180,83,97
050,20,011,"Kansas","Bourbon County",5,66,190,96,94
050,20,011,"Kansas","Bourbon County",5,67,176,90,86
050,20,011,"Kansas","Bourbon County",5,68,177,85,92
050,20,011,"Kansas","Bourbon County",5,69,203,90,113
050,20,011,"Kansas","Bourbon County",5,70,189,88,101
050,20,011,"Kansas","Bourbon County",5,71,166,76,90
050,20,011,"Kansas","Bourbon County",5,72,155,65,90
050,20,011,"Kansas","Bourbon County",5,73,146,60,86
050,20,011,"Kansas","Bourbon County",5,74,136,63,73
050,20,011,"Kansas","Bourbon County",5,75,139,64,75
050,20,011,"Kansas","Bourbon County",5,76,137,62,75
050,20,011,"Kansas","Bourbon County",5,77,94,43,51
050,20,011,"Kansas","Bourbon County",5,78,93,51,42
050,20,011,"Kansas","Bourbon County",5,79,85,42,43
050,20,011,"Kansas","Bourbon County",5,80,77,33,44
050,20,011,"Kansas","Bourbon County",5,81,73,35,38
050,20,011,"Kansas","Bourbon County",5,82,68,33,35
050,20,011,"Kansas","Bourbon County",5,83,59,27,32
050,20,011,"Kansas","Bourbon County",5,84,47,18,29
050,20,011,"Kansas","Bourbon County",5,85,293,108,185
050,20,013,"Kansas","Brown County",1,0,131,68,63
050,20,013,"Kansas","Brown County",1,1,123,65,58
050,20,013,"Kansas","Brown County",1,2,117,57,60
050,20,013,"Kansas","Brown County",1,3,129,59,70
050,20,013,"Kansas","Brown County",1,4,120,65,55
050,20,013,"Kansas","Brown County",1,5,119,71,48
050,20,013,"Kansas","Brown County",1,6,125,71,54
050,20,013,"Kansas","Brown County",1,7,132,63,69
050,20,013,"Kansas","Brown County",1,8,162,85,77
050,20,013,"Kansas","Brown County",1,9,145,69,76
050,20,013,"Kansas","Brown County",1,10,133,71,62
050,20,013,"Kansas","Brown County",1,11,142,73,69
050,20,013,"Kansas","Brown County",1,12,159,86,73
050,20,013,"Kansas","Brown County",1,13,141,77,64
050,20,013,"Kansas","Brown County",1,14,139,75,64
050,20,013,"Kansas","Brown County",1,15,135,59,76
050,20,013,"Kansas","Brown County",1,16,139,62,77
050,20,013,"Kansas","Brown County",1,17,122,60,62
050,20,013,"Kansas","Brown County",1,18,113,59,54
050,20,013,"Kansas","Brown County",1,19,90,49,41
050,20,013,"Kansas","Brown County",1,20,89,47,42
050,20,013,"Kansas","Brown County",1,21,89,47,42
050,20,013,"Kansas","Brown County",1,22,76,37,39
050,20,013,"Kansas","Brown County",1,23,83,39,44
050,20,013,"Kansas","Brown County",1,24,80,41,39
050,20,013,"Kansas","Brown County",1,25,102,53,49
050,20,013,"Kansas","Brown County",1,26,97,45,52
050,20,013,"Kansas","Brown County",1,27,93,42,51
050,20,013,"Kansas","Brown County",1,28,107,55,52
050,20,013,"Kansas","Brown County",1,29,99,57,42
050,20,013,"Kansas","Brown County",1,30,97,55,42
050,20,013,"Kansas","Brown County",1,31,91,49,42
050,20,013,"Kansas","Brown County",1,32,90,39,51
050,20,013,"Kansas","Brown County",1,33,95,44,51
050,20,013,"Kansas","Brown County",1,34,124,57,67
050,20,013,"Kansas","Brown County",1,35,109,60,49
050,20,013,"Kansas","Brown County",1,36,120,64,56
050,20,013,"Kansas","Brown County",1,37,116,60,56
050,20,013,"Kansas","Brown County",1,38,114,55,59
050,20,013,"Kansas","Brown County",1,39,108,53,55
050,20,013,"Kansas","Brown County",1,40,113,55,58
050,20,013,"Kansas","Brown County",1,41,105,51,54
050,20,013,"Kansas","Brown County",1,42,100,56,44
050,20,013,"Kansas","Brown County",1,43,109,61,48
050,20,013,"Kansas","Brown County",1,44,89,46,43
050,20,013,"Kansas","Brown County",1,45,83,50,33
050,20,013,"Kansas","Brown County",1,46,81,43,38
050,20,013,"Kansas","Brown County",1,47,85,39,46
050,20,013,"Kansas","Brown County",1,48,107,51,56
050,20,013,"Kansas","Brown County",1,49,117,58,59
050,20,013,"Kansas","Brown County",1,50,112,54,58
050,20,013,"Kansas","Brown County",1,51,111,56,55
050,20,013,"Kansas","Brown County",1,52,106,56,50
050,20,013,"Kansas","Brown County",1,53,113,60,53
050,20,013,"Kansas","Brown County",1,54,108,59,49
050,20,013,"Kansas","Brown County",1,55,124,66,58
050,20,013,"Kansas","Brown County",1,56,127,59,68
050,20,013,"Kansas","Brown County",1,57,136,70,66
050,20,013,"Kansas","Brown County",1,58,140,68,72
050,20,013,"Kansas","Brown County",1,59,139,66,73
050,20,013,"Kansas","Brown County",1,60,141,71,70
050,20,013,"Kansas","Brown County",1,61,146,70,76
050,20,013,"Kansas","Brown County",1,62,134,61,73
050,20,013,"Kansas","Brown County",1,63,149,69,80
050,20,013,"Kansas","Brown County",1,64,151,69,82
050,20,013,"Kansas","Brown County",1,65,157,75,82
050,20,013,"Kansas","Brown County",1,66,131,64,67
050,20,013,"Kansas","Brown County",1,67,130,69,61
050,20,013,"Kansas","Brown County",1,68,130,69,61
050,20,013,"Kansas","Brown County",1,69,117,60,57
050,20,013,"Kansas","Brown County",1,70,112,52,60
050,20,013,"Kansas","Brown County",1,71,109,53,56
050,20,013,"Kansas","Brown County",1,72,108,56,52
050,20,013,"Kansas","Brown County",1,73,99,49,50
050,20,013,"Kansas","Brown County",1,74,74,31,43
050,20,013,"Kansas","Brown County",1,75,64,28,36
050,20,013,"Kansas","Brown County",1,76,78,39,39
050,20,013,"Kansas","Brown County",1,77,75,32,43
050,20,013,"Kansas","Brown County",1,78,72,33,39
050,20,013,"Kansas","Brown County",1,79,73,35,38
050,20,013,"Kansas","Brown County",1,80,61,26,35
050,20,013,"Kansas","Brown County",1,81,49,19,30
050,20,013,"Kansas","Brown County",1,82,36,18,18
050,20,013,"Kansas","Brown County",1,83,40,18,22
050,20,013,"Kansas","Brown County",1,84,36,15,21
050,20,013,"Kansas","Brown County",1,85,229,67,162
050,20,013,"Kansas","Brown County",2,0,119,58,61
050,20,013,"Kansas","Brown County",2,1,123,64,59
050,20,013,"Kansas","Brown County",2,2,119,60,59
050,20,013,"Kansas","Brown County",2,3,127,59,68
050,20,013,"Kansas","Brown County",2,4,123,65,58
050,20,013,"Kansas","Brown County",2,5,119,69,50
050,20,013,"Kansas","Brown County",2,6,121,69,52
050,20,013,"Kansas","Brown County",2,7,130,65,65
050,20,013,"Kansas","Brown County",2,8,156,81,75
050,20,013,"Kansas","Brown County",2,9,146,71,75
050,20,013,"Kansas","Brown County",2,10,133,70,63
050,20,013,"Kansas","Brown County",2,11,140,72,68
050,20,013,"Kansas","Brown County",2,12,157,84,73
050,20,013,"Kansas","Brown County",2,13,145,79,66
050,20,013,"Kansas","Brown County",2,14,139,75,64
050,20,013,"Kansas","Brown County",2,15,137,63,74
050,20,013,"Kansas","Brown County",2,16,140,62,78
050,20,013,"Kansas","Brown County",2,17,123,60,63
050,20,013,"Kansas","Brown County",2,18,108,56,52
050,20,013,"Kansas","Brown County",2,19,91,48,43
050,20,013,"Kansas","Brown County",2,20,92,48,44
050,20,013,"Kansas","Brown County",2,21,90,48,42
050,20,013,"Kansas","Brown County",2,22,79,40,39
050,20,013,"Kansas","Brown County",2,23,80,38,42
050,20,013,"Kansas","Brown County",2,24,79,40,39
050,20,013,"Kansas","Brown County",2,25,97,51,46
050,20,013,"Kansas","Brown County",2,26,96,45,51
050,20,013,"Kansas","Brown County",2,27,93,42,51
050,20,013,"Kansas","Brown County",2,28,106,54,52
050,20,013,"Kansas","Brown County",2,29,103,58,45
050,20,013,"Kansas","Brown County",2,30,99,56,43
050,20,013,"Kansas","Brown County",2,31,94,52,42
050,20,013,"Kansas","Brown County",2,32,87,40,47
050,20,013,"Kansas","Brown County",2,33,93,43,50
050,20,013,"Kansas","Brown County",2,34,118,54,64
050,20,013,"Kansas","Brown County",2,35,114,60,54
050,20,013,"Kansas","Brown County",2,36,116,62,54
050,20,013,"Kansas","Brown County",2,37,116,60,56
050,20,013,"Kansas","Brown County",2,38,115,57,58
050,20,013,"Kansas","Brown County",2,39,109,53,56
050,20,013,"Kansas","Brown County",2,40,111,55,56
050,20,013,"Kansas","Brown County",2,41,110,52,58
050,20,013,"Kansas","Brown County",2,42,99,56,43
050,20,013,"Kansas","Brown County",2,43,107,60,47
050,20,013,"Kansas","Brown County",2,44,91,48,43
050,20,013,"Kansas","Brown County",2,45,86,50,36
050,20,013,"Kansas","Brown County",2,46,80,44,36
050,20,013,"Kansas","Brown County",2,47,83,39,44
050,20,013,"Kansas","Brown County",2,48,102,49,53
050,20,013,"Kansas","Brown County",2,49,115,56,59
050,20,013,"Kansas","Brown County",2,50,114,56,58
050,20,013,"Kansas","Brown County",2,51,111,55,56
050,20,013,"Kansas","Brown County",2,52,107,55,52
050,20,013,"Kansas","Brown County",2,53,110,59,51
050,20,013,"Kansas","Brown County",2,54,108,58,50
050,20,013,"Kansas","Brown County",2,55,120,64,56
050,20,013,"Kansas","Brown County",2,56,126,61,65
050,20,013,"Kansas","Brown County",2,57,132,66,66
050,20,013,"Kansas","Brown County",2,58,140,69,71
050,20,013,"Kansas","Brown County",2,59,140,67,73
050,20,013,"Kansas","Brown County",2,60,141,71,70
050,20,013,"Kansas","Brown County",2,61,145,70,75
050,20,013,"Kansas","Brown County",2,62,138,63,75
050,20,013,"Kansas","Brown County",2,63,147,67,80
050,20,013,"Kansas","Brown County",2,64,149,69,80
050,20,013,"Kansas","Brown County",2,65,156,73,83
050,20,013,"Kansas","Brown County",2,66,137,67,70
050,20,013,"Kansas","Brown County",2,67,128,67,61
050,20,013,"Kansas","Brown County",2,68,128,67,61
050,20,013,"Kansas","Brown County",2,69,120,62,58
050,20,013,"Kansas","Brown County",2,70,114,54,60
050,20,013,"Kansas","Brown County",2,71,108,52,56
050,20,013,"Kansas","Brown County",2,72,106,54,52
050,20,013,"Kansas","Brown County",2,73,103,51,52
050,20,013,"Kansas","Brown County",2,74,74,33,41
050,20,013,"Kansas","Brown County",2,75,66,28,38
050,20,013,"Kansas","Brown County",2,76,75,37,38
050,20,013,"Kansas","Brown County",2,77,76,33,43
050,20,013,"Kansas","Brown County",2,78,72,33,39
050,20,013,"Kansas","Brown County",2,79,71,33,38
050,20,013,"Kansas","Brown County",2,80,64,28,36
050,20,013,"Kansas","Brown County",2,81,50,20,30
050,20,013,"Kansas","Brown County",2,82,39,18,21
050,20,013,"Kansas","Brown County",2,83,39,17,22
050,20,013,"Kansas","Brown County",2,84,34,14,20
050,20,013,"Kansas","Brown County",2,85,228,66,162
050,20,013,"Kansas","Brown County",3,0,121,59,62
050,20,013,"Kansas","Brown County",3,1,112,52,60
050,20,013,"Kansas","Brown County",3,2,131,71,60
050,20,013,"Kansas","Brown County",3,3,127,60,67
050,20,013,"Kansas","Brown County",3,4,130,61,69
050,20,013,"Kansas","Brown County",3,5,125,68,57
050,20,013,"Kansas","Brown County",3,6,117,70,47
050,20,013,"Kansas","Brown County",3,7,122,72,50
050,20,013,"Kansas","Brown County",3,8,136,64,72
050,20,013,"Kansas","Brown County",3,9,154,83,71
050,20,013,"Kansas","Brown County",3,10,156,79,77
050,20,013,"Kansas","Brown County",3,11,136,73,63
050,20,013,"Kansas","Brown County",3,12,137,70,67
050,20,013,"Kansas","Brown County",3,13,150,79,71
050,20,013,"Kansas","Brown County",3,14,134,75,59
050,20,013,"Kansas","Brown County",3,15,136,71,65
050,20,013,"Kansas","Brown County",3,16,131,65,66
050,20,013,"Kansas","Brown County",3,17,144,68,76
050,20,013,"Kansas","Brown County",3,18,101,53,48
050,20,013,"Kansas","Brown County",3,19,90,47,43
050,20,013,"Kansas","Brown County",3,20,93,53,40
050,20,013,"Kansas","Brown County",3,21,90,47,43
050,20,013,"Kansas","Brown County",3,22,86,46,40
050,20,013,"Kansas","Brown County",3,23,78,40,38
050,20,013,"Kansas","Brown County",3,24,76,41,35
050,20,013,"Kansas","Brown County",3,25,84,44,40
050,20,013,"Kansas","Brown County",3,26,94,44,50
050,20,013,"Kansas","Brown County",3,27,99,46,53
050,20,013,"Kansas","Brown County",3,28,89,37,52
050,20,013,"Kansas","Brown County",3,29,105,52,53
050,20,013,"Kansas","Brown County",3,30,110,64,46
050,20,013,"Kansas","Brown County",3,31,110,67,43
050,20,013,"Kansas","Brown County",3,32,108,61,47
050,20,013,"Kansas","Brown County",3,33,92,42,50
050,20,013,"Kansas","Brown County",3,34,97,43,54
050,20,013,"Kansas","Brown County",3,35,118,56,62
050,20,013,"Kansas","Brown County",3,36,118,65,53
050,20,013,"Kansas","Brown County",3,37,115,61,54
050,20,013,"Kansas","Brown County",3,38,121,62,59
050,20,013,"Kansas","Brown County",3,39,116,57,59
050,20,013,"Kansas","Brown County",3,40,112,55,57
050,20,013,"Kansas","Brown County",3,41,119,57,62
050,20,013,"Kansas","Brown County",3,42,104,52,52
050,20,013,"Kansas","Brown County",3,43,95,55,40
050,20,013,"Kansas","Brown County",3,44,99,54,45
050,20,013,"Kansas","Brown County",3,45,93,49,44
050,20,013,"Kansas","Brown County",3,46,88,51,37
050,20,013,"Kansas","Brown County",3,47,76,42,34
050,20,013,"Kansas","Brown County",3,48,82,38,44
050,20,013,"Kansas","Brown County",3,49,102,48,54
050,20,013,"Kansas","Brown County",3,50,109,51,58
050,20,013,"Kansas","Brown County",3,51,116,58,58
050,20,013,"Kansas","Brown County",3,52,107,51,56
050,20,013,"Kansas","Brown County",3,53,108,53,55
050,20,013,"Kansas","Brown County",3,54,112,59,53
050,20,013,"Kansas","Brown County",3,55,102,53,49
050,20,013,"Kansas","Brown County",3,56,115,62,53
050,20,013,"Kansas","Brown County",3,57,125,59,66
050,20,013,"Kansas","Brown County",3,58,127,65,62
050,20,013,"Kansas","Brown County",3,59,139,69,70
050,20,013,"Kansas","Brown County",3,60,137,64,73
050,20,013,"Kansas","Brown County",3,61,140,70,70
050,20,013,"Kansas","Brown County",3,62,141,69,72
050,20,013,"Kansas","Brown County",3,63,139,63,76
050,20,013,"Kansas","Brown County",3,64,144,67,77
050,20,013,"Kansas","Brown County",3,65,148,68,80
050,20,013,"Kansas","Brown County",3,66,158,76,82
050,20,013,"Kansas","Brown County",3,67,129,60,69
050,20,013,"Kansas","Brown County",3,68,130,68,62
050,20,013,"Kansas","Brown County",3,69,130,67,63
050,20,013,"Kansas","Brown County",3,70,120,64,56
050,20,013,"Kansas","Brown County",3,71,111,52,59
050,20,013,"Kansas","Brown County",3,72,108,52,56
050,20,013,"Kansas","Brown County",3,73,97,49,48
050,20,013,"Kansas","Brown County",3,74,102,53,49
050,20,013,"Kansas","Brown County",3,75,74,31,43
050,20,013,"Kansas","Brown County",3,76,68,29,39
050,20,013,"Kansas","Brown County",3,77,70,33,37
050,20,013,"Kansas","Brown County",3,78,68,28,40
050,20,013,"Kansas","Brown County",3,79,60,30,30
050,20,013,"Kansas","Brown County",3,80,70,33,37
050,20,013,"Kansas","Brown County",3,81,56,25,31
050,20,013,"Kansas","Brown County",3,82,55,26,29
050,20,013,"Kansas","Brown County",3,83,34,15,19
050,20,013,"Kansas","Brown County",3,84,31,14,17
050,20,013,"Kansas","Brown County",3,85,207,56,151
050,20,013,"Kansas","Brown County",4,0,117,65,52
050,20,013,"Kansas","Brown County",4,1,113,57,56
050,20,013,"Kansas","Brown County",4,2,110,48,62
050,20,013,"Kansas","Brown County",4,3,129,74,55
050,20,013,"Kansas","Brown County",4,4,121,58,63
050,20,013,"Kansas","Brown County",4,5,141,68,73
050,20,013,"Kansas","Brown County",4,6,128,66,62
050,20,013,"Kansas","Brown County",4,7,119,69,50
050,20,013,"Kansas","Brown County",4,8,116,65,51
050,20,013,"Kansas","Brown County",4,9,142,69,73
050,20,013,"Kansas","Brown County",4,10,159,83,76
050,20,013,"Kansas","Brown County",4,11,157,81,76
050,20,013,"Kansas","Brown County",4,12,137,71,66
050,20,013,"Kansas","Brown County",4,13,137,67,70
050,20,013,"Kansas","Brown County",4,14,152,80,72
050,20,013,"Kansas","Brown County",4,15,134,78,56
050,20,013,"Kansas","Brown County",4,16,140,72,68
050,20,013,"Kansas","Brown County",4,17,133,68,65
050,20,013,"Kansas","Brown County",4,18,121,58,63
050,20,013,"Kansas","Brown County",4,19,74,39,35
050,20,013,"Kansas","Brown County",4,20,94,49,45
050,20,013,"Kansas","Brown County",4,21,93,55,38
050,20,013,"Kansas","Brown County",4,22,93,51,42
050,20,013,"Kansas","Brown County",4,23,86,47,39
050,20,013,"Kansas","Brown County",4,24,85,50,35
050,20,013,"Kansas","Brown County",4,25,73,34,39
050,20,013,"Kansas","Brown County",4,26,84,44,40
050,20,013,"Kansas","Brown County",4,27,92,44,48
050,20,013,"Kansas","Brown County",4,28,90,39,51
050,20,013,"Kansas","Brown County",4,29,83,37,46
050,20,013,"Kansas","Brown County",4,30,102,48,54
050,20,013,"Kansas","Brown County",4,31,101,58,43
050,20,013,"Kansas","Brown County",4,32,107,61,46
050,20,013,"Kansas","Brown County",4,33,108,61,47
050,20,013,"Kansas","Brown County",4,34,101,47,54
050,20,013,"Kansas","Brown County",4,35,97,43,54
050,20,013,"Kansas","Brown County",4,36,120,56,64
050,20,013,"Kansas","Brown County",4,37,118,67,51
050,20,013,"Kansas","Brown County",4,38,113,62,51
050,20,013,"Kansas","Brown County",4,39,118,61,57
050,20,013,"Kansas","Brown County",4,40,120,60,60
050,20,013,"Kansas","Brown County",4,41,123,56,67
050,20,013,"Kansas","Brown County",4,42,111,57,54
050,20,013,"Kansas","Brown County",4,43,105,52,53
050,20,013,"Kansas","Brown County",4,44,94,55,39
050,20,013,"Kansas","Brown County",4,45,100,58,42
050,20,013,"Kansas","Brown County",4,46,93,48,45
050,20,013,"Kansas","Brown County",4,47,89,52,37
050,20,013,"Kansas","Brown County",4,48,75,45,30
050,20,013,"Kansas","Brown County",4,49,79,35,44
050,20,013,"Kansas","Brown County",4,50,91,38,53
050,20,013,"Kansas","Brown County",4,51,107,52,55
050,20,013,"Kansas","Brown County",4,52,114,54,60
050,20,013,"Kansas","Brown County",4,53,104,49,55
050,20,013,"Kansas","Brown County",4,54,102,47,55
050,20,013,"Kansas","Brown County",4,55,111,59,52
050,20,013,"Kansas","Brown County",4,56,101,50,51
050,20,013,"Kansas","Brown County",4,57,110,58,52
050,20,013,"Kansas","Brown County",4,58,121,60,61
050,20,013,"Kansas","Brown County",4,59,121,63,58
050,20,013,"Kansas","Brown County",4,60,141,65,76
050,20,013,"Kansas","Brown County",4,61,135,63,72
050,20,013,"Kansas","Brown County",4,62,139,73,66
050,20,013,"Kansas","Brown County",4,63,140,69,71
050,20,013,"Kansas","Brown County",4,64,138,62,76
050,20,013,"Kansas","Brown County",4,65,145,69,76
050,20,013,"Kansas","Brown County",4,66,155,72,83
050,20,013,"Kansas","Brown County",4,67,152,72,80
050,20,013,"Kansas","Brown County",4,68,134,59,75
050,20,013,"Kansas","Brown County",4,69,130,66,64
050,20,013,"Kansas","Brown County",4,70,126,66,60
050,20,013,"Kansas","Brown County",4,71,110,60,50
050,20,013,"Kansas","Brown County",4,72,109,48,61
050,20,013,"Kansas","Brown County",4,73,99,47,52
050,20,013,"Kansas","Brown County",4,74,97,49,48
050,20,013,"Kansas","Brown County",4,75,100,50,50
050,20,013,"Kansas","Brown County",4,76,73,34,39
050,20,013,"Kansas","Brown County",4,77,63,24,39
050,20,013,"Kansas","Brown County",4,78,66,31,35
050,20,013,"Kansas","Brown County",4,79,59,24,35
050,20,013,"Kansas","Brown County",4,80,56,27,29
050,20,013,"Kansas","Brown County",4,81,60,29,31
050,20,013,"Kansas","Brown County",4,82,55,28,27
050,20,013,"Kansas","Brown County",4,83,51,23,28
050,20,013,"Kansas","Brown County",4,84,28,13,15
050,20,013,"Kansas","Brown County",4,85,203,61,142
050,20,013,"Kansas","Brown County",5,0,111,61,50
050,20,013,"Kansas","Brown County",5,1,119,70,49
050,20,013,"Kansas","Brown County",5,2,107,50,57
050,20,013,"Kansas","Brown County",5,3,109,51,58
050,20,013,"Kansas","Brown County",5,4,131,72,59
050,20,013,"Kansas","Brown County",5,5,120,54,66
050,20,013,"Kansas","Brown County",5,6,143,68,75
050,20,013,"Kansas","Brown County",5,7,122,62,60
050,20,013,"Kansas","Brown County",5,8,112,68,44
050,20,013,"Kansas","Brown County",5,9,114,61,53
050,20,013,"Kansas","Brown County",5,10,136,62,74
050,20,013,"Kansas","Brown County",5,11,151,77,74
050,20,013,"Kansas","Brown County",5,12,150,77,73
050,20,013,"Kansas","Brown County",5,13,140,72,68
050,20,013,"Kansas","Brown County",5,14,139,70,69
050,20,013,"Kansas","Brown County",5,15,147,80,67
050,20,013,"Kansas","Brown County",5,16,132,73,59
050,20,013,"Kansas","Brown County",5,17,135,70,65
050,20,013,"Kansas","Brown County",5,18,109,56,53
050,20,013,"Kansas","Brown County",5,19,95,46,49
050,20,013,"Kansas","Brown County",5,20,80,40,40
050,20,013,"Kansas","Brown County",5,21,92,48,44
050,20,013,"Kansas","Brown County",5,22,89,51,38
050,20,013,"Kansas","Brown County",5,23,94,49,45
050,20,013,"Kansas","Brown County",5,24,82,46,36
050,20,013,"Kansas","Brown County",5,25,76,46,30
050,20,013,"Kansas","Brown County",5,26,74,34,40
050,20,013,"Kansas","Brown County",5,27,85,41,44
050,20,013,"Kansas","Brown County",5,28,97,47,50
050,20,013,"Kansas","Brown County",5,29,89,37,52
050,20,013,"Kansas","Brown County",5,30,83,38,45
050,20,013,"Kansas","Brown County",5,31,101,49,52
050,20,013,"Kansas","Brown County",5,32,99,56,43
050,20,013,"Kansas","Brown County",5,33,111,67,44
050,20,013,"Kansas","Brown County",5,34,106,61,45
050,20,013,"Kansas","Brown County",5,35,101,45,56
050,20,013,"Kansas","Brown County",5,36,99,45,54
050,20,013,"Kansas","Brown County",5,37,118,61,57
050,20,013,"Kansas","Brown County",5,38,121,66,55
050,20,013,"Kansas","Brown County",5,39,115,64,51
050,20,013,"Kansas","Brown County",5,40,113,56,57
050,20,013,"Kansas","Brown County",5,41,128,62,66
050,20,013,"Kansas","Brown County",5,42,115,53,62
050,20,013,"Kansas","Brown County",5,43,112,57,55
050,20,013,"Kansas","Brown County",5,44,106,51,55
050,20,013,"Kansas","Brown County",5,45,97,54,43
050,20,013,"Kansas","Brown County",5,46,102,59,43
050,20,013,"Kansas","Brown County",5,47,91,48,43
050,20,013,"Kansas","Brown County",5,48,87,52,35
050,20,013,"Kansas","Brown County",5,49,72,45,27
050,20,013,"Kansas","Brown County",5,50,80,35,45
050,20,013,"Kansas","Brown County",5,51,90,38,52
050,20,013,"Kansas","Brown County",5,52,102,49,53
050,20,013,"Kansas","Brown County",5,53,118,55,63
050,20,013,"Kansas","Brown County",5,54,100,47,53
050,20,013,"Kansas","Brown County",5,55,105,47,58
050,20,013,"Kansas","Brown County",5,56,109,54,55
050,20,013,"Kansas","Brown County",5,57,100,48,52
050,20,013,"Kansas","Brown County",5,58,106,58,48
050,20,013,"Kansas","Brown County",5,59,117,54,63
050,20,013,"Kansas","Brown County",5,60,117,60,57
050,20,013,"Kansas","Brown County",5,61,140,63,77
050,20,013,"Kansas","Brown County",5,62,136,66,70
050,20,013,"Kansas","Brown County",5,63,140,74,66
050,20,013,"Kansas","Brown County",5,64,134,65,69
050,20,013,"Kansas","Brown County",5,65,134,61,73
050,20,013,"Kansas","Brown County",5,66,144,72,72
050,20,013,"Kansas","Brown County",5,67,147,68,79
050,20,013,"Kansas","Brown County",5,68,150,71,79
050,20,013,"Kansas","Brown County",5,69,133,59,74
050,20,013,"Kansas","Brown County",5,70,123,63,60
050,20,013,"Kansas","Brown County",5,71,122,62,60
050,20,013,"Kansas","Brown County",5,72,109,57,52
050,20,013,"Kansas","Brown County",5,73,107,47,60
050,20,013,"Kansas","Brown County",5,74,101,50,51
050,20,013,"Kansas","Brown County",5,75,93,45,48
050,20,013,"Kansas","Brown County",5,76,99,51,48
050,20,013,"Kansas","Brown County",5,77,70,32,38
050,20,013,"Kansas","Brown County",5,78,59,20,39
050,20,013,"Kansas","Brown County",5,79,60,28,32
050,20,013,"Kansas","Brown County",5,80,51,20,31
050,20,013,"Kansas","Brown County",5,81,50,24,26
050,20,013,"Kansas","Brown County",5,82,58,31,27
050,20,013,"Kansas","Brown County",5,83,53,27,26
050,20,013,"Kansas","Brown County",5,84,46,22,24
050,20,013,"Kansas","Brown County",5,85,190,57,133
050,20,015,"Kansas","Butler County",1,0,681,350,331
050,20,015,"Kansas","Butler County",1,1,732,368,364
050,20,015,"Kansas","Butler County",1,2,773,387,386
050,20,015,"Kansas","Butler County",1,3,839,412,427
050,20,015,"Kansas","Butler County",1,4,879,453,426
050,20,015,"Kansas","Butler County",1,5,879,441,438
050,20,015,"Kansas","Butler County",1,6,913,453,460
050,20,015,"Kansas","Butler County",1,7,946,492,454
050,20,015,"Kansas","Butler County",1,8,906,495,411
050,20,015,"Kansas","Butler County",1,9,978,521,457
050,20,015,"Kansas","Butler County",1,10,995,516,479
050,20,015,"Kansas","Butler County",1,11,1047,546,501
050,20,015,"Kansas","Butler County",1,12,1110,569,541
050,20,015,"Kansas","Butler County",1,13,1104,547,557
050,20,015,"Kansas","Butler County",1,14,1099,545,554
050,20,015,"Kansas","Butler County",1,15,1105,557,548
050,20,015,"Kansas","Butler County",1,16,1050,525,525
050,20,015,"Kansas","Butler County",1,17,1043,527,516
050,20,015,"Kansas","Butler County",1,18,956,508,448
050,20,015,"Kansas","Butler County",1,19,879,484,395
050,20,015,"Kansas","Butler County",1,20,852,490,362
050,20,015,"Kansas","Butler County",1,21,790,433,357
050,20,015,"Kansas","Butler County",1,22,787,432,355
050,20,015,"Kansas","Butler County",1,23,750,410,340
050,20,015,"Kansas","Butler County",1,24,712,380,332
050,20,015,"Kansas","Butler County",1,25,696,379,317
050,20,015,"Kansas","Butler County",1,26,752,422,330
050,20,015,"Kansas","Butler County",1,27,750,429,321
050,20,015,"Kansas","Butler County",1,28,745,402,343
050,20,015,"Kansas","Butler County",1,29,728,399,329
050,20,015,"Kansas","Butler County",1,30,821,448,373
050,20,015,"Kansas","Butler County",1,31,850,451,399
050,20,015,"Kansas","Butler County",1,32,836,448,388
050,20,015,"Kansas","Butler County",1,33,899,469,430
050,20,015,"Kansas","Butler County",1,34,902,431,471
050,20,015,"Kansas","Butler County",1,35,926,483,443
050,20,015,"Kansas","Butler County",1,36,914,474,440
050,20,015,"Kansas","Butler County",1,37,949,480,469
050,20,015,"Kansas","Butler County",1,38,893,462,431
050,20,015,"Kansas","Butler County",1,39,900,481,419
050,20,015,"Kansas","Butler County",1,40,897,475,422
050,20,015,"Kansas","Butler County",1,41,916,464,452
050,20,015,"Kansas","Butler County",1,42,914,482,432
050,20,015,"Kansas","Butler County",1,43,864,446,418
050,20,015,"Kansas","Butler County",1,44,870,477,393
050,20,015,"Kansas","Butler County",1,45,807,426,381
050,20,015,"Kansas","Butler County",1,46,781,407,374
050,20,015,"Kansas","Butler County",1,47,791,400,391
050,20,015,"Kansas","Butler County",1,48,833,438,395
050,20,015,"Kansas","Butler County",1,49,807,420,387
050,20,015,"Kansas","Butler County",1,50,817,397,420
050,20,015,"Kansas","Butler County",1,51,808,414,394
050,20,015,"Kansas","Butler County",1,52,797,408,389
050,20,015,"Kansas","Butler County",1,53,770,398,372
050,20,015,"Kansas","Butler County",1,54,807,426,381
050,20,015,"Kansas","Butler County",1,55,887,452,435
050,20,015,"Kansas","Butler County",1,56,901,451,450
050,20,015,"Kansas","Butler County",1,57,899,452,447
050,20,015,"Kansas","Butler County",1,58,949,472,477
050,20,015,"Kansas","Butler County",1,59,959,460,499
050,20,015,"Kansas","Butler County",1,60,927,465,462
050,20,015,"Kansas","Butler County",1,61,947,468,479
050,20,015,"Kansas","Butler County",1,62,950,474,476
050,20,015,"Kansas","Butler County",1,63,879,467,412
050,20,015,"Kansas","Butler County",1,64,852,443,409
050,20,015,"Kansas","Butler County",1,65,838,427,411
050,20,015,"Kansas","Butler County",1,66,802,397,405
050,20,015,"Kansas","Butler County",1,67,718,336,382
050,20,015,"Kansas","Butler County",1,68,673,325,348
050,20,015,"Kansas","Butler County",1,69,606,295,311
050,20,015,"Kansas","Butler County",1,70,584,293,291
050,20,015,"Kansas","Butler County",1,71,586,292,294
050,20,015,"Kansas","Butler County",1,72,555,267,288
050,20,015,"Kansas","Butler County",1,73,562,268,294
050,20,015,"Kansas","Butler County",1,74,392,183,209
050,20,015,"Kansas","Butler County",1,75,371,182,189
050,20,015,"Kansas","Butler County",1,76,367,174,193
050,20,015,"Kansas","Butler County",1,77,378,182,196
050,20,015,"Kansas","Butler County",1,78,312,149,163
050,20,015,"Kansas","Butler County",1,79,267,118,149
050,20,015,"Kansas","Butler County",1,80,243,99,144
050,20,015,"Kansas","Butler County",1,81,234,91,143
050,20,015,"Kansas","Butler County",1,82,228,103,125
050,20,015,"Kansas","Butler County",1,83,206,94,112
050,20,015,"Kansas","Butler County",1,84,209,90,119
050,20,015,"Kansas","Butler County",1,85,1250,449,801
050,20,015,"Kansas","Butler County",2,0,663,346,317
050,20,015,"Kansas","Butler County",2,1,719,364,355
050,20,015,"Kansas","Butler County",2,2,769,386,383
050,20,015,"Kansas","Butler County",2,3,823,406,417
050,20,015,"Kansas","Butler County",2,4,877,447,430
050,20,015,"Kansas","Butler County",2,5,886,450,436
050,20,015,"Kansas","Butler County",2,6,910,454,456
050,20,015,"Kansas","Butler County",2,7,939,481,458
050,20,015,"Kansas","Butler County",2,8,914,494,420
050,20,015,"Kansas","Butler County",2,9,958,514,444
050,20,015,"Kansas","Butler County",2,10,993,518,475
050,20,015,"Kansas","Butler County",2,11,1032,536,496
050,20,015,"Kansas","Butler County",2,12,1104,569,535
050,20,015,"Kansas","Butler County",2,13,1110,552,558
050,20,015,"Kansas","Butler County",2,14,1105,549,556
050,20,015,"Kansas","Butler County",2,15,1103,554,549
050,20,015,"Kansas","Butler County",2,16,1067,536,531
050,20,015,"Kansas","Butler County",2,17,1048,529,519
050,20,015,"Kansas","Butler County",2,18,943,498,445
050,20,015,"Kansas","Butler County",2,19,886,485,401
050,20,015,"Kansas","Butler County",2,20,850,483,367
050,20,015,"Kansas","Butler County",2,21,795,440,355
050,20,015,"Kansas","Butler County",2,22,789,434,355
050,20,015,"Kansas","Butler County",2,23,764,421,343
050,20,015,"Kansas","Butler County",2,24,721,387,334
050,20,015,"Kansas","Butler County",2,25,701,379,322
050,20,015,"Kansas","Butler County",2,26,741,415,326
050,20,015,"Kansas","Butler County",2,27,749,427,322
050,20,015,"Kansas","Butler County",2,28,741,405,336
050,20,015,"Kansas","Butler County",2,29,733,402,331
050,20,015,"Kansas","Butler County",2,30,803,436,367
050,20,015,"Kansas","Butler County",2,31,849,457,392
050,20,015,"Kansas","Butler County",2,32,841,448,393
050,20,015,"Kansas","Butler County",2,33,890,467,423
050,20,015,"Kansas","Butler County",2,34,905,438,467
050,20,015,"Kansas","Butler County",2,35,936,481,455
050,20,015,"Kansas","Butler County",2,36,918,477,441
050,20,015,"Kansas","Butler County",2,37,943,481,462
050,20,015,"Kansas","Butler County",2,38,914,472,442
050,20,015,"Kansas","Butler County",2,39,901,479,422
050,20,015,"Kansas","Butler County",2,40,902,477,425
050,20,015,"Kansas","Butler County",2,41,918,471,447
050,20,015,"Kansas","Butler County",2,42,909,476,433
050,20,015,"Kansas","Butler County",2,43,878,455,423
050,20,015,"Kansas","Butler County",2,44,864,471,393
050,20,015,"Kansas","Butler County",2,45,819,433,386
050,20,015,"Kansas","Butler County",2,46,787,414,373
050,20,015,"Kansas","Butler County",2,47,788,401,387
050,20,015,"Kansas","Butler County",2,48,820,431,389
050,20,015,"Kansas","Butler County",2,49,811,421,390
050,20,015,"Kansas","Butler County",2,50,816,405,411
050,20,015,"Kansas","Butler County",2,51,805,407,398
050,20,015,"Kansas","Butler County",2,52,794,408,386
050,20,015,"Kansas","Butler County",2,53,772,400,372
050,20,015,"Kansas","Butler County",2,54,795,419,376
050,20,015,"Kansas","Butler County",2,55,861,440,421
050,20,015,"Kansas","Butler County",2,56,893,446,447
050,20,015,"Kansas","Butler County",2,57,900,453,447
050,20,015,"Kansas","Butler County",2,58,931,462,469
050,20,015,"Kansas","Butler County",2,59,962,467,495
050,20,015,"Kansas","Butler County",2,60,931,461,470
050,20,015,"Kansas","Butler County",2,61,936,463,473
050,20,015,"Kansas","Butler County",2,62,946,470,476
050,20,015,"Kansas","Butler County",2,63,902,472,430
050,20,015,"Kansas","Butler County",2,64,852,444,408
050,20,015,"Kansas","Butler County",2,65,837,426,411
050,20,015,"Kansas","Butler County",2,66,812,405,407
050,20,015,"Kansas","Butler County",2,67,732,348,384
050,20,015,"Kansas","Butler County",2,68,676,324,352
050,20,015,"Kansas","Butler County",2,69,624,302,322
050,20,015,"Kansas","Butler County",2,70,585,289,296
050,20,015,"Kansas","Butler County",2,71,582,289,293
050,20,015,"Kansas","Butler County",2,72,549,267,282
050,20,015,"Kansas","Butler County",2,73,584,276,308
050,20,015,"Kansas","Butler County",2,74,403,189,214
050,20,015,"Kansas","Butler County",2,75,377,185,192
050,20,015,"Kansas","Butler County",2,76,366,173,193
050,20,015,"Kansas","Butler County",2,77,381,183,198
050,20,015,"Kansas","Butler County",2,78,320,154,166
050,20,015,"Kansas","Butler County",2,79,272,121,151
050,20,015,"Kansas","Butler County",2,80,242,99,143
050,20,015,"Kansas","Butler County",2,81,236,93,143
050,20,015,"Kansas","Butler County",2,82,223,97,126
050,20,015,"Kansas","Butler County",2,83,210,93,117
050,20,015,"Kansas","Butler County",2,84,206,90,116
050,20,015,"Kansas","Butler County",2,85,1249,453,796
050,20,015,"Kansas","Butler County",3,0,684,354,330
050,20,015,"Kansas","Butler County",3,1,710,365,345
050,20,015,"Kansas","Butler County",3,2,747,375,372
050,20,015,"Kansas","Butler County",3,3,778,400,378
050,20,015,"Kansas","Butler County",3,4,859,432,427
050,20,015,"Kansas","Butler County",3,5,915,465,450
050,20,015,"Kansas","Butler County",3,6,891,465,426
050,20,015,"Kansas","Butler County",3,7,942,469,473
050,20,015,"Kansas","Butler County",3,8,960,500,460
050,20,015,"Kansas","Butler County",3,9,934,512,422
050,20,015,"Kansas","Butler County",3,10,1006,532,474
050,20,015,"Kansas","Butler County",3,11,1013,527,486
050,20,015,"Kansas","Butler County",3,12,1034,540,494
050,20,015,"Kansas","Butler County",3,13,1114,564,550
050,20,015,"Kansas","Butler County",3,14,1107,545,562
050,20,015,"Kansas","Butler County",3,15,1080,550,530
050,20,015,"Kansas","Butler County",3,16,1094,550,544
050,20,015,"Kansas","Butler County",3,17,1042,527,515
050,20,015,"Kansas","Butler County",3,18,949,492,457
050,20,015,"Kansas","Butler County",3,19,883,483,400
050,20,015,"Kansas","Butler County",3,20,836,473,363
050,20,015,"Kansas","Butler County",3,21,801,460,341
050,20,015,"Kansas","Butler County",3,22,803,437,366
050,20,015,"Kansas","Butler County",3,23,823,452,371
050,20,015,"Kansas","Butler County",3,24,747,414,333
050,20,015,"Kansas","Butler County",3,25,748,401,347
050,20,015,"Kansas","Butler County",3,26,730,414,316
050,20,015,"Kansas","Butler County",3,27,818,448,370
050,20,015,"Kansas","Butler County",3,28,780,423,357
050,20,015,"Kansas","Butler County",3,29,804,439,365
050,20,015,"Kansas","Butler County",3,30,783,415,368
050,20,015,"Kansas","Butler County",3,31,848,466,382
050,20,015,"Kansas","Butler County",3,32,876,475,401
050,20,015,"Kansas","Butler County",3,33,885,475,410
050,20,015,"Kansas","Butler County",3,34,893,444,449
050,20,015,"Kansas","Butler County",3,35,956,484,472
050,20,015,"Kansas","Butler County",3,36,955,479,476
050,20,015,"Kansas","Butler County",3,37,936,483,453
050,20,015,"Kansas","Butler County",3,38,960,496,464
050,20,015,"Kansas","Butler County",3,39,952,498,454
050,20,015,"Kansas","Butler County",3,40,909,472,437
050,20,015,"Kansas","Butler County",3,41,894,468,426
050,20,015,"Kansas","Butler County",3,42,934,481,453
050,20,015,"Kansas","Butler County",3,43,905,462,443
050,20,015,"Kansas","Butler County",3,44,934,495,439
050,20,015,"Kansas","Butler County",3,45,837,444,393
050,20,015,"Kansas","Butler County",3,46,822,442,380
050,20,015,"Kansas","Butler County",3,47,782,393,389
050,20,015,"Kansas","Butler County",3,48,789,411,378
050,20,015,"Kansas","Butler County",3,49,783,408,375
050,20,015,"Kansas","Butler County",3,50,803,421,382
050,20,015,"Kansas","Butler County",3,51,799,390,409
050,20,015,"Kansas","Butler County",3,52,807,408,399
050,20,015,"Kansas","Butler County",3,53,791,403,388
050,20,015,"Kansas","Butler County",3,54,757,399,358
050,20,015,"Kansas","Butler County",3,55,794,406,388
050,20,015,"Kansas","Butler County",3,56,850,430,420
050,20,015,"Kansas","Butler County",3,57,904,454,450
050,20,015,"Kansas","Butler County",3,58,890,447,443
050,20,015,"Kansas","Butler County",3,59,919,458,461
050,20,015,"Kansas","Butler County",3,60,942,449,493
050,20,015,"Kansas","Butler County",3,61,919,448,471
050,20,015,"Kansas","Butler County",3,62,913,450,463
050,20,015,"Kansas","Butler County",3,63,917,453,464
050,20,015,"Kansas","Butler County",3,64,918,484,434
050,20,015,"Kansas","Butler County",3,65,837,427,410
050,20,015,"Kansas","Butler County",3,66,843,433,410
050,20,015,"Kansas","Butler County",3,67,791,395,396
050,20,015,"Kansas","Butler County",3,68,712,337,375
050,20,015,"Kansas","Butler County",3,69,654,317,337
050,20,015,"Kansas","Butler County",3,70,610,294,316
050,20,015,"Kansas","Butler County",3,71,573,281,292
050,20,015,"Kansas","Butler County",3,72,566,275,291
050,20,015,"Kansas","Butler County",3,73,527,246,281
050,20,015,"Kansas","Butler County",3,74,567,273,294
050,20,015,"Kansas","Butler County",3,75,387,180,207
050,20,015,"Kansas","Butler County",3,76,374,177,197
050,20,015,"Kansas","Butler County",3,77,332,160,172
050,20,015,"Kansas","Butler County",3,78,366,178,188
050,20,015,"Kansas","Butler County",3,79,299,136,163
050,20,015,"Kansas","Butler County",3,80,256,114,142
050,20,015,"Kansas","Butler County",3,81,239,98,141
050,20,015,"Kansas","Butler County",3,82,212,82,130
050,20,015,"Kansas","Butler County",3,83,215,87,128
050,20,015,"Kansas","Butler County",3,84,199,87,112
050,20,015,"Kansas","Butler County",3,85,1229,459,770
050,20,015,"Kansas","Butler County",4,0,735,395,340
050,20,015,"Kansas","Butler County",4,1,712,380,332
050,20,015,"Kansas","Butler County",4,2,703,361,342
050,20,015,"Kansas","Butler County",4,3,778,393,385
050,20,015,"Kansas","Butler County",4,4,825,432,393
050,20,015,"Kansas","Butler County",4,5,875,434,441
050,20,015,"Kansas","Butler County",4,6,945,487,458
050,20,015,"Kansas","Butler County",4,7,909,473,436
050,20,015,"Kansas","Butler County",4,8,966,486,480
050,20,015,"Kansas","Butler County",4,9,995,520,475
050,20,015,"Kansas","Butler County",4,10,929,502,427
050,20,015,"Kansas","Butler County",4,11,1026,552,474
050,20,015,"Kansas","Butler County",4,12,1044,547,497
050,20,015,"Kansas","Butler County",4,13,1033,534,499
050,20,015,"Kansas","Butler County",4,14,1125,578,547
050,20,015,"Kansas","Butler County",4,15,1121,546,575
050,20,015,"Kansas","Butler County",4,16,1099,563,536
050,20,015,"Kansas","Butler County",4,17,1112,558,554
050,20,015,"Kansas","Butler County",4,18,936,485,451
050,20,015,"Kansas","Butler County",4,19,856,466,390
050,20,015,"Kansas","Butler County",4,20,825,460,365
050,20,015,"Kansas","Butler County",4,21,808,463,345
050,20,015,"Kansas","Butler County",4,22,840,476,364
050,20,015,"Kansas","Butler County",4,23,787,435,352
050,20,015,"Kansas","Butler County",4,24,785,415,370
050,20,015,"Kansas","Butler County",4,25,756,414,342
050,20,015,"Kansas","Butler County",4,26,749,396,353
050,20,015,"Kansas","Butler County",4,27,746,420,326
050,20,015,"Kansas","Butler County",4,28,831,462,369
050,20,015,"Kansas","Butler County",4,29,823,452,371
050,20,015,"Kansas","Butler County",4,30,803,422,381
050,20,015,"Kansas","Butler County",4,31,807,426,381
050,20,015,"Kansas","Butler County",4,32,883,475,408
050,20,015,"Kansas","Butler County",4,33,903,488,415
050,20,015,"Kansas","Butler County",4,34,879,451,428
050,20,015,"Kansas","Butler County",4,35,955,476,479
050,20,015,"Kansas","Butler County",4,36,977,502,475
050,20,015,"Kansas","Butler County",4,37,952,467,485
050,20,015,"Kansas","Butler County",4,38,937,482,455
050,20,015,"Kansas","Butler County",4,39,995,519,476
050,20,015,"Kansas","Butler County",4,40,952,489,463
050,20,015,"Kansas","Butler County",4,41,939,490,449
050,20,015,"Kansas","Butler County",4,42,889,460,429
050,20,015,"Kansas","Butler County",4,43,924,474,450
050,20,015,"Kansas","Butler County",4,44,919,493,426
050,20,015,"Kansas","Butler County",4,45,903,463,440
050,20,015,"Kansas","Butler County",4,46,853,448,405
050,20,015,"Kansas","Butler County",4,47,810,426,384
050,20,015,"Kansas","Butler County",4,48,787,409,378
050,20,015,"Kansas","Butler County",4,49,781,406,375
050,20,015,"Kansas","Butler County",4,50,802,414,388
050,20,015,"Kansas","Butler County",4,51,792,417,375
050,20,015,"Kansas","Butler County",4,52,805,399,406
050,20,015,"Kansas","Butler County",4,53,787,396,391
050,20,015,"Kansas","Butler County",4,54,805,411,394
050,20,015,"Kansas","Butler County",4,55,750,380,370
050,20,015,"Kansas","Butler County",4,56,779,396,383
050,20,015,"Kansas","Butler County",4,57,851,427,424
050,20,015,"Kansas","Butler County",4,58,890,452,438
050,20,015,"Kansas","Butler County",4,59,893,449,444
050,20,015,"Kansas","Butler County",4,60,895,438,457
050,20,015,"Kansas","Butler County",4,61,945,447,498
050,20,015,"Kansas","Butler County",4,62,904,440,464
050,20,015,"Kansas","Butler County",4,63,898,443,455
050,20,015,"Kansas","Butler County",4,64,906,454,452
050,20,015,"Kansas","Butler County",4,65,891,465,426
050,20,015,"Kansas","Butler County",4,66,822,417,405
050,20,015,"Kansas","Butler County",4,67,811,419,392
050,20,015,"Kansas","Butler County",4,68,784,391,393
050,20,015,"Kansas","Butler County",4,69,692,330,362
050,20,015,"Kansas","Butler County",4,70,640,306,334
050,20,015,"Kansas","Butler County",4,71,599,285,314
050,20,015,"Kansas","Butler County",4,72,551,262,289
050,20,015,"Kansas","Butler County",4,73,542,259,283
050,20,015,"Kansas","Butler County",4,74,514,239,275
050,20,015,"Kansas","Butler County",4,75,547,266,281
050,20,015,"Kansas","Butler County",4,76,378,175,203
050,20,015,"Kansas","Butler County",4,77,344,164,180
050,20,015,"Kansas","Butler County",4,78,320,156,164
050,20,015,"Kansas","Butler County",4,79,340,156,184
050,20,015,"Kansas","Butler County",4,80,271,120,151
050,20,015,"Kansas","Butler County",4,81,253,113,140
050,20,015,"Kansas","Butler County",4,82,202,83,119
050,20,015,"Kansas","Butler County",4,83,208,73,135
050,20,015,"Kansas","Butler County",4,84,196,82,114
050,20,015,"Kansas","Butler County",4,85,1160,440,720
050,20,015,"Kansas","Butler County",5,0,741,399,342
050,20,015,"Kansas","Butler County",5,1,757,390,367
050,20,015,"Kansas","Butler County",5,2,748,402,346
050,20,015,"Kansas","Butler County",5,3,719,372,347
050,20,015,"Kansas","Butler County",5,4,785,388,397
050,20,015,"Kansas","Butler County",5,5,849,452,397
050,20,015,"Kansas","Butler County",5,6,871,429,442
050,20,015,"Kansas","Butler County",5,7,966,489,477
050,20,015,"Kansas","Butler County",5,8,930,484,446
050,20,015,"Kansas","Butler County",5,9,976,501,475
050,20,015,"Kansas","Butler County",5,10,1006,528,478
050,20,015,"Kansas","Butler County",5,11,966,498,468
050,20,015,"Kansas","Butler County",5,12,1037,550,487
050,20,015,"Kansas","Butler County",5,13,1029,537,492
050,20,015,"Kansas","Butler County",5,14,1048,534,514
050,20,015,"Kansas","Butler County",5,15,1117,571,546
050,20,015,"Kansas","Butler County",5,16,1128,558,570
050,20,015,"Kansas","Butler County",5,17,1103,569,534
050,20,015,"Kansas","Butler County",5,18,978,508,470
050,20,015,"Kansas","Butler County",5,19,852,462,390
050,20,015,"Kansas","Butler County",5,20,793,446,347
050,20,015,"Kansas","Butler County",5,21,815,448,367
050,20,015,"Kansas","Butler County",5,22,813,462,351
050,20,015,"Kansas","Butler County",5,23,849,469,380
050,20,015,"Kansas","Butler County",5,24,800,442,358
050,20,015,"Kansas","Butler County",5,25,770,421,349
050,20,015,"Kansas","Butler County",5,26,759,420,339
050,20,015,"Kansas","Butler County",5,27,786,417,369
050,20,015,"Kansas","Butler County",5,28,756,424,332
050,20,015,"Kansas","Butler County",5,29,822,448,374
050,20,015,"Kansas","Butler County",5,30,810,442,368
050,20,015,"Kansas","Butler County",5,31,820,427,393
050,20,015,"Kansas","Butler County",5,32,847,449,398
050,20,015,"Kansas","Butler County",5,33,915,489,426
050,20,015,"Kansas","Butler County",5,34,899,462,437
050,20,015,"Kansas","Butler County",5,35,936,494,442
050,20,015,"Kansas","Butler County",5,36,974,486,488
050,20,015,"Kansas","Butler County",5,37,980,501,479
050,20,015,"Kansas","Butler County",5,38,949,477,472
050,20,015,"Kansas","Butler County",5,39,956,491,465
050,20,015,"Kansas","Butler County",5,40,1007,519,488
050,20,015,"Kansas","Butler County",5,41,942,490,452
050,20,015,"Kansas","Butler County",5,42,935,494,441
050,20,015,"Kansas","Butler County",5,43,863,442,421
050,20,015,"Kansas","Butler County",5,44,950,503,447
050,20,015,"Kansas","Butler County",5,45,905,454,451
050,20,015,"Kansas","Butler County",5,46,901,469,432
050,20,015,"Kansas","Butler County",5,47,849,433,416
050,20,015,"Kansas","Butler County",5,48,819,446,373
050,20,015,"Kansas","Butler County",5,49,769,391,378
050,20,015,"Kansas","Butler County",5,50,787,411,376
050,20,015,"Kansas","Butler County",5,51,790,416,374
050,20,015,"Kansas","Butler County",5,52,790,413,377
050,20,015,"Kansas","Butler County",5,53,791,390,401
050,20,015,"Kansas","Butler County",5,54,802,407,395
050,20,015,"Kansas","Butler County",5,55,799,400,399
050,20,015,"Kansas","Butler County",5,56,744,381,363
050,20,015,"Kansas","Butler County",5,57,778,403,375
050,20,015,"Kansas","Butler County",5,58,849,421,428
050,20,015,"Kansas","Butler County",5,59,886,450,436
050,20,015,"Kansas","Butler County",5,60,893,446,447
050,20,015,"Kansas","Butler County",5,61,890,428,462
050,20,015,"Kansas","Butler County",5,62,920,433,487
050,20,015,"Kansas","Butler County",5,63,917,450,467
050,20,015,"Kansas","Butler County",5,64,886,439,447
050,20,015,"Kansas","Butler County",5,65,895,443,452
050,20,015,"Kansas","Butler County",5,66,885,460,425
050,20,015,"Kansas","Butler County",5,67,795,403,392
050,20,015,"Kansas","Butler County",5,68,807,412,395
050,20,015,"Kansas","Butler County",5,69,786,393,393
050,20,015,"Kansas","Butler County",5,70,691,324,367
050,20,015,"Kansas","Butler County",5,71,624,292,332
050,20,015,"Kansas","Butler County",5,72,579,273,306
050,20,015,"Kansas","Butler County",5,73,541,252,289
050,20,015,"Kansas","Butler County",5,74,519,246,273
050,20,015,"Kansas","Butler County",5,75,503,231,272
050,20,015,"Kansas","Butler County",5,76,540,252,288
050,20,015,"Kansas","Butler County",5,77,361,168,193
050,20,015,"Kansas","Butler County",5,78,336,164,172
050,20,015,"Kansas","Butler County",5,79,305,132,173
050,20,015,"Kansas","Butler County",5,80,313,143,170
050,20,015,"Kansas","Butler County",5,81,276,119,157
050,20,015,"Kansas","Butler County",5,82,223,101,122
050,20,015,"Kansas","Butler County",5,83,212,84,128
050,20,015,"Kansas","Butler County",5,84,195,67,128
050,20,015,"Kansas","Butler County",5,85,1129,432,697
050,20,017,"Kansas","Chase County",1,0,25,13,12
050,20,017,"Kansas","Chase County",1,1,26,14,12
050,20,017,"Kansas","Chase County",1,2,23,13,10
050,20,017,"Kansas","Chase County",1,3,31,17,14
050,20,017,"Kansas","Chase County",1,4,25,11,14
050,20,017,"Kansas","Chase County",1,5,29,16,13
050,20,017,"Kansas","Chase County",1,6,24,16,8
050,20,017,"Kansas","Chase County",1,7,35,22,13
050,20,017,"Kansas","Chase County",1,8,29,19,10
050,20,017,"Kansas","Chase County",1,9,32,18,14
050,20,017,"Kansas","Chase County",1,10,32,16,16
050,20,017,"Kansas","Chase County",1,11,32,16,16
050,20,017,"Kansas","Chase County",1,12,33,14,19
050,20,017,"Kansas","Chase County",1,13,34,20,14
050,20,017,"Kansas","Chase County",1,14,26,11,15
050,20,017,"Kansas","Chase County",1,15,29,12,17
050,20,017,"Kansas","Chase County",1,16,26,10,16
050,20,017,"Kansas","Chase County",1,17,33,16,17
050,20,017,"Kansas","Chase County",1,18,38,19,19
050,20,017,"Kansas","Chase County",1,19,23,11,12
050,20,017,"Kansas","Chase County",1,20,28,12,16
050,20,017,"Kansas","Chase County",1,21,37,24,13
050,20,017,"Kansas","Chase County",1,22,30,16,14
050,20,017,"Kansas","Chase County",1,23,26,12,14
050,20,017,"Kansas","Chase County",1,24,39,30,9
050,20,017,"Kansas","Chase County",1,25,32,18,14
050,20,017,"Kansas","Chase County",1,26,31,18,13
050,20,017,"Kansas","Chase County",1,27,27,16,11
050,20,017,"Kansas","Chase County",1,28,37,25,12
050,20,017,"Kansas","Chase County",1,29,23,12,11
050,20,017,"Kansas","Chase County",1,30,30,19,11
050,20,017,"Kansas","Chase County",1,31,41,23,18
050,20,017,"Kansas","Chase County",1,32,30,15,15
050,20,017,"Kansas","Chase County",1,33,32,19,13
050,20,017,"Kansas","Chase County",1,34,20,12,8
050,20,017,"Kansas","Chase County",1,35,27,13,14
050,20,017,"Kansas","Chase County",1,36,26,13,13
050,20,017,"Kansas","Chase County",1,37,29,18,11
050,20,017,"Kansas","Chase County",1,38,28,15,13
050,20,017,"Kansas","Chase County",1,39,26,20,6
050,20,017,"Kansas","Chase County",1,40,29,19,10
050,20,017,"Kansas","Chase County",1,41,26,13,13
050,20,017,"Kansas","Chase County",1,42,27,16,11
050,20,017,"Kansas","Chase County",1,43,30,18,12
050,20,017,"Kansas","Chase County",1,44,27,19,8
050,20,017,"Kansas","Chase County",1,45,29,18,11
050,20,017,"Kansas","Chase County",1,46,26,13,13
050,20,017,"Kansas","Chase County",1,47,27,14,13
050,20,017,"Kansas","Chase County",1,48,37,17,20
050,20,017,"Kansas","Chase County",1,49,38,16,22
050,20,017,"Kansas","Chase County",1,50,24,12,12
050,20,017,"Kansas","Chase County",1,51,26,10,16
050,20,017,"Kansas","Chase County",1,52,32,15,17
050,20,017,"Kansas","Chase County",1,53,30,11,19
050,20,017,"Kansas","Chase County",1,54,29,14,15
050,20,017,"Kansas","Chase County",1,55,29,14,15
050,20,017,"Kansas","Chase County",1,56,35,20,15
050,20,017,"Kansas","Chase County",1,57,38,21,17
050,20,017,"Kansas","Chase County",1,58,44,24,20
050,20,017,"Kansas","Chase County",1,59,42,23,19
050,20,017,"Kansas","Chase County",1,60,35,19,16
050,20,017,"Kansas","Chase County",1,61,40,19,21
050,20,017,"Kansas","Chase County",1,62,34,17,17
050,20,017,"Kansas","Chase County",1,63,29,14,15
050,20,017,"Kansas","Chase County",1,64,30,11,19
050,20,017,"Kansas","Chase County",1,65,38,23,15
050,20,017,"Kansas","Chase County",1,66,31,18,13
050,20,017,"Kansas","Chase County",1,67,31,16,15
050,20,017,"Kansas","Chase County",1,68,37,20,17
050,20,017,"Kansas","Chase County",1,69,32,18,14
050,20,017,"Kansas","Chase County",1,70,37,17,20
050,20,017,"Kansas","Chase County",1,71,36,13,23
050,20,017,"Kansas","Chase County",1,72,37,18,19
050,20,017,"Kansas","Chase County",1,73,31,15,16
050,20,017,"Kansas","Chase County",1,74,24,11,13
050,20,017,"Kansas","Chase County",1,75,26,14,12
050,20,017,"Kansas","Chase County",1,76,24,12,12
050,20,017,"Kansas","Chase County",1,77,29,17,12
050,20,017,"Kansas","Chase County",1,78,22,13,9
050,20,017,"Kansas","Chase County",1,79,19,8,11
050,20,017,"Kansas","Chase County",1,80,17,7,10
050,20,017,"Kansas","Chase County",1,81,14,6,8
050,20,017,"Kansas","Chase County",1,82,11,7,4
050,20,017,"Kansas","Chase County",1,83,11,6,5
050,20,017,"Kansas","Chase County",1,84,17,7,10
050,20,017,"Kansas","Chase County",1,85,72,15,57
050,20,017,"Kansas","Chase County",2,0,27,15,12
050,20,017,"Kansas","Chase County",2,1,26,14,12
050,20,017,"Kansas","Chase County",2,2,25,14,11
050,20,017,"Kansas","Chase County",2,3,29,16,13
050,20,017,"Kansas","Chase County",2,4,27,12,15
050,20,017,"Kansas","Chase County",2,5,28,15,13
050,20,017,"Kansas","Chase County",2,6,25,16,9
050,20,017,"Kansas","Chase County",2,7,33,21,12
050,20,017,"Kansas","Chase County",2,8,30,19,11
050,20,017,"Kansas","Chase County",2,9,30,18,12
050,20,017,"Kansas","Chase County",2,10,32,17,15
050,20,017,"Kansas","Chase County",2,11,31,15,16
050,20,017,"Kansas","Chase County",2,12,34,15,19
050,20,017,"Kansas","Chase County",2,13,32,18,14
050,20,017,"Kansas","Chase County",2,14,28,13,15
050,20,017,"Kansas","Chase County",2,15,27,12,15
050,20,017,"Kansas","Chase County",2,16,27,10,17
050,20,017,"Kansas","Chase County",2,17,33,14,19
050,20,017,"Kansas","Chase County",2,18,36,19,17
050,20,017,"Kansas","Chase County",2,19,25,12,13
050,20,017,"Kansas","Chase County",2,20,27,11,16
050,20,017,"Kansas","Chase County",2,21,35,22,13
050,20,017,"Kansas","Chase County",2,22,30,16,14
050,20,017,"Kansas","Chase County",2,23,26,12,14
050,20,017,"Kansas","Chase County",2,24,37,28,9
050,20,017,"Kansas","Chase County",2,25,32,18,14
050,20,017,"Kansas","Chase County",2,26,31,18,13
050,20,017,"Kansas","Chase County",2,27,29,17,12
050,20,017,"Kansas","Chase County",2,28,36,24,12
050,20,017,"Kansas","Chase County",2,29,25,14,11
050,20,017,"Kansas","Chase County",2,30,31,19,12
050,20,017,"Kansas","Chase County",2,31,40,22,18
050,20,017,"Kansas","Chase County",2,32,33,17,16
050,20,017,"Kansas","Chase County",2,33,33,19,14
050,20,017,"Kansas","Chase County",2,34,22,13,9
050,20,017,"Kansas","Chase County",2,35,27,14,13
050,20,017,"Kansas","Chase County",2,36,26,12,14
050,20,017,"Kansas","Chase County",2,37,29,18,11
050,20,017,"Kansas","Chase County",2,38,27,15,12
050,20,017,"Kansas","Chase County",2,39,29,21,8
050,20,017,"Kansas","Chase County",2,40,28,19,9
050,20,017,"Kansas","Chase County",2,41,25,13,12
050,20,017,"Kansas","Chase County",2,42,27,16,11
050,20,017,"Kansas","Chase County",2,43,30,18,12
050,20,017,"Kansas","Chase County",2,44,26,18,8
050,20,017,"Kansas","Chase County",2,45,28,18,10
050,20,017,"Kansas","Chase County",2,46,26,14,12
050,20,017,"Kansas","Chase County",2,47,27,14,13
050,20,017,"Kansas","Chase County",2,48,35,17,18
050,20,017,"Kansas","Chase County",2,49,37,15,22
050,20,017,"Kansas","Chase County",2,50,28,14,14
050,20,017,"Kansas","Chase County",2,51,23,9,14
050,20,017,"Kansas","Chase County",2,52,30,14,16
050,20,017,"Kansas","Chase County",2,53,30,12,18
050,20,017,"Kansas","Chase County",2,54,30,14,16
050,20,017,"Kansas","Chase County",2,55,29,14,15
050,20,017,"Kansas","Chase County",2,56,34,19,15
050,20,017,"Kansas","Chase County",2,57,36,20,16
050,20,017,"Kansas","Chase County",2,58,40,23,17
050,20,017,"Kansas","Chase County",2,59,43,24,19
050,20,017,"Kansas","Chase County",2,60,36,20,16
050,20,017,"Kansas","Chase County",2,61,40,20,20
050,20,017,"Kansas","Chase County",2,62,36,18,18
050,20,017,"Kansas","Chase County",2,63,30,14,16
050,20,017,"Kansas","Chase County",2,64,29,11,18
050,20,017,"Kansas","Chase County",2,65,36,20,16
050,20,017,"Kansas","Chase County",2,66,31,17,14
050,20,017,"Kansas","Chase County",2,67,31,16,15
050,20,017,"Kansas","Chase County",2,68,36,19,17
050,20,017,"Kansas","Chase County",2,69,33,18,15
050,20,017,"Kansas","Chase County",2,70,37,18,19
050,20,017,"Kansas","Chase County",2,71,36,14,22
050,20,017,"Kansas","Chase County",2,72,36,17,19
050,20,017,"Kansas","Chase County",2,73,35,17,18
050,20,017,"Kansas","Chase County",2,74,23,11,12
050,20,017,"Kansas","Chase County",2,75,26,14,12
050,20,017,"Kansas","Chase County",2,76,23,11,12
050,20,017,"Kansas","Chase County",2,77,28,16,12
050,20,017,"Kansas","Chase County",2,78,23,14,9
050,20,017,"Kansas","Chase County",2,79,20,9,11
050,20,017,"Kansas","Chase County",2,80,17,7,10
050,20,017,"Kansas","Chase County",2,81,15,6,9
050,20,017,"Kansas","Chase County",2,82,11,7,4
050,20,017,"Kansas","Chase County",2,83,11,6,5
050,20,017,"Kansas","Chase County",2,84,16,7,9
050,20,017,"Kansas","Chase County",2,85,74,16,58
050,20,017,"Kansas","Chase County",3,0,19,11,8
050,20,017,"Kansas","Chase County",3,1,31,15,16
050,20,017,"Kansas","Chase County",3,2,23,13,10
050,20,017,"Kansas","Chase County",3,3,28,15,13
050,20,017,"Kansas","Chase County",3,4,30,15,15
050,20,017,"Kansas","Chase County",3,5,32,14,18
050,20,017,"Kansas","Chase County",3,6,29,15,14
050,20,017,"Kansas","Chase County",3,7,29,18,11
050,20,017,"Kansas","Chase County",3,8,31,19,12
050,20,017,"Kansas","Chase County",3,9,33,19,14
050,20,017,"Kansas","Chase County",3,10,29,16,13
050,20,017,"Kansas","Chase County",3,11,36,21,15
050,20,017,"Kansas","Chase County",3,12,25,12,13
050,20,017,"Kansas","Chase County",3,13,37,17,20
050,20,017,"Kansas","Chase County",3,14,32,18,14
050,20,017,"Kansas","Chase County",3,15,31,14,17
050,20,017,"Kansas","Chase County",3,16,28,12,16
050,20,017,"Kansas","Chase County",3,17,27,10,17
050,20,017,"Kansas","Chase County",3,18,31,18,13
050,20,017,"Kansas","Chase County",3,19,29,15,14
050,20,017,"Kansas","Chase County",3,20,25,15,10
050,20,017,"Kansas","Chase County",3,21,35,21,14
050,20,017,"Kansas","Chase County",3,22,29,17,12
050,20,017,"Kansas","Chase County",3,23,23,11,12
050,20,017,"Kansas","Chase County",3,24,30,21,9
050,20,017,"Kansas","Chase County",3,25,25,16,9
050,20,017,"Kansas","Chase County",3,26,34,22,12
050,20,017,"Kansas","Chase County",3,27,31,17,14
050,20,017,"Kansas","Chase County",3,28,32,18,14
050,20,017,"Kansas","Chase County",3,29,33,21,12
050,20,017,"Kansas","Chase County",3,30,32,19,13
050,20,017,"Kansas","Chase County",3,31,33,19,14
050,20,017,"Kansas","Chase County",3,32,35,22,13
050,20,017,"Kansas","Chase County",3,33,40,22,18
050,20,017,"Kansas","Chase County",3,34,32,15,17
050,20,017,"Kansas","Chase County",3,35,28,18,10
050,20,017,"Kansas","Chase County",3,36,30,14,16
050,20,017,"Kansas","Chase County",3,37,28,15,13
050,20,017,"Kansas","Chase County",3,38,23,13,10
050,20,017,"Kansas","Chase County",3,39,32,19,13
050,20,017,"Kansas","Chase County",3,40,28,19,9
050,20,017,"Kansas","Chase County",3,41,26,17,9
050,20,017,"Kansas","Chase County",3,42,29,15,14
050,20,017,"Kansas","Chase County",3,43,32,21,11
050,20,017,"Kansas","Chase County",3,44,31,20,11
050,20,017,"Kansas","Chase County",3,45,28,20,8
050,20,017,"Kansas","Chase County",3,46,26,15,11
050,20,017,"Kansas","Chase County",3,47,29,16,13
050,20,017,"Kansas","Chase County",3,48,28,14,14
050,20,017,"Kansas","Chase County",3,49,35,16,19
050,20,017,"Kansas","Chase County",3,50,37,18,19
050,20,017,"Kansas","Chase County",3,51,25,11,14
050,20,017,"Kansas","Chase County",3,52,24,10,14
050,20,017,"Kansas","Chase County",3,53,30,14,16
050,20,017,"Kansas","Chase County",3,54,30,13,17
050,20,017,"Kansas","Chase County",3,55,26,11,15
050,20,017,"Kansas","Chase County",3,56,32,17,15
050,20,017,"Kansas","Chase County",3,57,32,17,15
050,20,017,"Kansas","Chase County",3,58,33,17,16
050,20,017,"Kansas","Chase County",3,59,44,24,20
050,20,017,"Kansas","Chase County",3,60,43,24,19
050,20,017,"Kansas","Chase County",3,61,36,20,16
050,20,017,"Kansas","Chase County",3,62,43,20,23
050,20,017,"Kansas","Chase County",3,63,38,18,20
050,20,017,"Kansas","Chase County",3,64,29,14,15
050,20,017,"Kansas","Chase County",3,65,30,12,18
050,20,017,"Kansas","Chase County",3,66,35,20,15
050,20,017,"Kansas","Chase County",3,67,31,17,14
050,20,017,"Kansas","Chase County",3,68,32,17,15
050,20,017,"Kansas","Chase County",3,69,36,19,17
050,20,017,"Kansas","Chase County",3,70,34,18,16
050,20,017,"Kansas","Chase County",3,71,39,19,20
050,20,017,"Kansas","Chase County",3,72,33,14,19
050,20,017,"Kansas","Chase County",3,73,36,16,20
050,20,017,"Kansas","Chase County",3,74,35,17,18
050,20,017,"Kansas","Chase County",3,75,21,11,10
050,20,017,"Kansas","Chase County",3,76,25,12,13
050,20,017,"Kansas","Chase County",3,77,23,12,11
050,20,017,"Kansas","Chase County",3,78,26,15,11
050,20,017,"Kansas","Chase County",3,79,21,12,9
050,20,017,"Kansas","Chase County",3,80,20,9,11
050,20,017,"Kansas","Chase County",3,81,18,7,11
050,20,017,"Kansas","Chase County",3,82,13,5,8
050,20,017,"Kansas","Chase County",3,83,10,6,4
050,20,017,"Kansas","Chase County",3,84,12,6,6
050,20,017,"Kansas","Chase County",3,85,80,19,61
050,20,017,"Kansas","Chase County",4,0,36,18,18
050,20,017,"Kansas","Chase County",4,1,17,11,6
050,20,017,"Kansas","Chase County",4,2,29,13,16
050,20,017,"Kansas","Chase County",4,3,24,15,9
050,20,017,"Kansas","Chase County",4,4,31,16,15
050,20,017,"Kansas","Chase County",4,5,28,15,13
050,20,017,"Kansas","Chase County",4,6,31,14,17
050,20,017,"Kansas","Chase County",4,7,26,14,12
050,20,017,"Kansas","Chase County",4,8,27,17,10
050,20,017,"Kansas","Chase County",4,9,25,17,8
050,20,017,"Kansas","Chase County",4,10,33,21,12
050,20,017,"Kansas","Chase County",4,11,31,17,14
050,20,017,"Kansas","Chase County",4,12,34,17,17
050,20,017,"Kansas","Chase County",4,13,25,12,13
050,20,017,"Kansas","Chase County",4,14,33,14,19
050,20,017,"Kansas","Chase County",4,15,26,15,11
050,20,017,"Kansas","Chase County",4,16,29,14,15
050,20,017,"Kansas","Chase County",4,17,26,10,16
050,20,017,"Kansas","Chase County",4,18,28,14,14
050,20,017,"Kansas","Chase County",4,19,23,11,12
050,20,017,"Kansas","Chase County",4,20,31,17,14
050,20,017,"Kansas","Chase County",4,21,32,20,12
050,20,017,"Kansas","Chase County",4,22,31,14,17
050,20,017,"Kansas","Chase County",4,23,29,15,14
050,20,017,"Kansas","Chase County",4,24,31,22,9
050,20,017,"Kansas","Chase County",4,25,21,13,8
050,20,017,"Kansas","Chase County",4,26,25,17,8
050,20,017,"Kansas","Chase County",4,27,32,18,14
050,20,017,"Kansas","Chase County",4,28,29,16,13
050,20,017,"Kansas","Chase County",4,29,27,17,10
050,20,017,"Kansas","Chase County",4,30,37,23,14
050,20,017,"Kansas","Chase County",4,31,29,17,12
050,20,017,"Kansas","Chase County",4,32,29,16,13
050,20,017,"Kansas","Chase County",4,33,40,25,15
050,20,017,"Kansas","Chase County",4,34,32,18,14
050,20,017,"Kansas","Chase County",4,35,33,18,15
050,20,017,"Kansas","Chase County",4,36,31,16,15
050,20,017,"Kansas","Chase County",4,37,29,16,13
050,20,017,"Kansas","Chase County",4,38,24,12,12
050,20,017,"Kansas","Chase County",4,39,28,17,11
050,20,017,"Kansas","Chase County",4,40,31,17,14
050,20,017,"Kansas","Chase County",4,41,27,18,9
050,20,017,"Kansas","Chase County",4,42,25,16,9
050,20,017,"Kansas","Chase County",4,43,29,15,14
050,20,017,"Kansas","Chase County",4,44,31,20,11
050,20,017,"Kansas","Chase County",4,45,29,18,11
050,20,017,"Kansas","Chase County",4,46,29,19,10
050,20,017,"Kansas","Chase County",4,47,29,19,10
050,20,017,"Kansas","Chase County",4,48,30,17,13
050,20,017,"Kansas","Chase County",4,49,29,13,16
050,20,017,"Kansas","Chase County",4,50,37,20,17
050,20,017,"Kansas","Chase County",4,51,32,14,18
050,20,017,"Kansas","Chase County",4,52,25,11,14
050,20,017,"Kansas","Chase County",4,53,26,10,16
050,20,017,"Kansas","Chase County",4,54,31,15,16
050,20,017,"Kansas","Chase County",4,55,25,9,16
050,20,017,"Kansas","Chase County",4,56,30,14,16
050,20,017,"Kansas","Chase County",4,57,34,18,16
050,20,017,"Kansas","Chase County",4,58,28,14,14
050,20,017,"Kansas","Chase County",4,59,33,18,15
050,20,017,"Kansas","Chase County",4,60,47,27,20
050,20,017,"Kansas","Chase County",4,61,39,22,17
050,20,017,"Kansas","Chase County",4,62,33,18,15
050,20,017,"Kansas","Chase County",4,63,40,19,21
050,20,017,"Kansas","Chase County",4,64,35,18,17
050,20,017,"Kansas","Chase County",4,65,27,13,14
050,20,017,"Kansas","Chase County",4,66,30,13,17
050,20,017,"Kansas","Chase County",4,67,35,20,15
050,20,017,"Kansas","Chase County",4,68,32,16,16
050,20,017,"Kansas","Chase County",4,69,33,17,16
050,20,017,"Kansas","Chase County",4,70,37,18,19
050,20,017,"Kansas","Chase County",4,71,35,18,17
050,20,017,"Kansas","Chase County",4,72,37,19,18
050,20,017,"Kansas","Chase County",4,73,34,15,19
050,20,017,"Kansas","Chase County",4,74,36,16,20
050,20,017,"Kansas","Chase County",4,75,32,15,17
050,20,017,"Kansas","Chase County",4,76,20,10,10
050,20,017,"Kansas","Chase County",4,77,25,13,12
050,20,017,"Kansas","Chase County",4,78,21,11,10
050,20,017,"Kansas","Chase County",4,79,26,14,12
050,20,017,"Kansas","Chase County",4,80,23,13,10
050,20,017,"Kansas","Chase County",4,81,19,9,10
050,20,017,"Kansas","Chase County",4,82,17,7,10
050,20,017,"Kansas","Chase County",4,83,12,4,8
050,20,017,"Kansas","Chase County",4,84,11,5,6
050,20,017,"Kansas","Chase County",4,85,80,22,58
050,20,017,"Kansas","Chase County",5,0,34,16,18
050,20,017,"Kansas","Chase County",5,1,32,16,16
050,20,017,"Kansas","Chase County",5,2,15,10,5
050,20,017,"Kansas","Chase County",5,3,30,14,16
050,20,017,"Kansas","Chase County",5,4,24,15,9
050,20,017,"Kansas","Chase County",5,5,35,18,17
050,20,017,"Kansas","Chase County",5,6,28,15,13
050,20,017,"Kansas","Chase County",5,7,33,15,18
050,20,017,"Kansas","Chase County",5,8,24,12,12
050,20,017,"Kansas","Chase County",5,9,29,18,11
050,20,017,"Kansas","Chase County",5,10,26,18,8
050,20,017,"Kansas","Chase County",5,11,34,20,14
050,20,017,"Kansas","Chase County",5,12,33,18,15
050,20,017,"Kansas","Chase County",5,13,34,17,17
050,20,017,"Kansas","Chase County",5,14,24,11,13
050,20,017,"Kansas","Chase County",5,15,33,13,20
050,20,017,"Kansas","Chase County",5,16,25,15,10
050,20,017,"Kansas","Chase County",5,17,29,14,15
050,20,017,"Kansas","Chase County",5,18,29,16,13
050,20,017,"Kansas","Chase County",5,19,23,9,14
050,20,017,"Kansas","Chase County",5,20,25,14,11
050,20,017,"Kansas","Chase County",5,21,35,21,14
050,20,017,"Kansas","Chase County",5,22,26,14,12
050,20,017,"Kansas","Chase County",5,23,29,11,18
050,20,017,"Kansas","Chase County",5,24,34,22,12
050,20,017,"Kansas","Chase County",5,25,24,14,10
050,20,017,"Kansas","Chase County",5,26,24,14,10
050,20,017,"Kansas","Chase County",5,27,26,17,9
050,20,017,"Kansas","Chase County",5,28,35,21,14
050,20,017,"Kansas","Chase County",5,29,28,14,14
050,20,017,"Kansas","Chase County",5,30,30,21,9
050,20,017,"Kansas","Chase County",5,31,35,20,15
050,20,017,"Kansas","Chase County",5,32,28,17,11
050,20,017,"Kansas","Chase County",5,33,32,17,15
050,20,017,"Kansas","Chase County",5,34,34,21,13
050,20,017,"Kansas","Chase County",5,35,36,22,14
050,20,017,"Kansas","Chase County",5,36,35,17,18
050,20,017,"Kansas","Chase County",5,37,34,20,14
050,20,017,"Kansas","Chase County",5,38,27,13,14
050,20,017,"Kansas","Chase County",5,39,27,16,11
050,20,017,"Kansas","Chase County",5,40,25,15,10
050,20,017,"Kansas","Chase County",5,41,28,13,15
050,20,017,"Kansas","Chase County",5,42,28,19,9
050,20,017,"Kansas","Chase County",5,43,29,19,10
050,20,017,"Kansas","Chase County",5,44,28,14,14
050,20,017,"Kansas","Chase County",5,45,30,19,11
050,20,017,"Kansas","Chase County",5,46,25,15,10
050,20,017,"Kansas","Chase County",5,47,31,21,10
050,20,017,"Kansas","Chase County",5,48,28,18,10
050,20,017,"Kansas","Chase County",5,49,31,17,14
050,20,017,"Kansas","Chase County",5,50,30,17,13
050,20,017,"Kansas","Chase County",5,51,33,16,17
050,20,017,"Kansas","Chase County",5,52,36,15,21
050,20,017,"Kansas","Chase County",5,53,25,11,14
050,20,017,"Kansas","Chase County",5,54,27,11,16
050,20,017,"Kansas","Chase County",5,55,32,15,17
050,20,017,"Kansas","Chase County",5,56,28,12,16
050,20,017,"Kansas","Chase County",5,57,26,11,15
050,20,017,"Kansas","Chase County",5,58,31,15,16
050,20,017,"Kansas","Chase County",5,59,26,14,12
050,20,017,"Kansas","Chase County",5,60,35,19,16
050,20,017,"Kansas","Chase County",5,61,48,27,21
050,20,017,"Kansas","Chase County",5,62,39,21,18
050,20,017,"Kansas","Chase County",5,63,33,17,16
050,20,017,"Kansas","Chase County",5,64,38,18,20
050,20,017,"Kansas","Chase County",5,65,33,17,16
050,20,017,"Kansas","Chase County",5,66,30,13,17
050,20,017,"Kansas","Chase County",5,67,30,14,16
050,20,017,"Kansas","Chase County",5,68,34,20,14
050,20,017,"Kansas","Chase County",5,69,34,17,17
050,20,017,"Kansas","Chase County",5,70,32,16,16
050,20,017,"Kansas","Chase County",5,71,37,17,20
050,20,017,"Kansas","Chase County",5,72,35,18,17
050,20,017,"Kansas","Chase County",5,73,39,19,20
050,20,017,"Kansas","Chase County",5,74,34,15,19
050,20,017,"Kansas","Chase County",5,75,34,15,19
050,20,017,"Kansas","Chase County",5,76,30,13,17
050,20,017,"Kansas","Chase County",5,77,21,11,10
050,20,017,"Kansas","Chase County",5,78,23,12,11
050,20,017,"Kansas","Chase County",5,79,19,10,9
050,20,017,"Kansas","Chase County",5,80,24,12,12
050,20,017,"Kansas","Chase County",5,81,22,13,9
050,20,017,"Kansas","Chase County",5,82,18,9,9
050,20,017,"Kansas","Chase County",5,83,16,6,10
050,20,017,"Kansas","Chase County",5,84,14,4,10
050,20,017,"Kansas","Chase County",5,85,72,23,49
050,20,019,"Kansas","Chautauqua County",1,0,34,17,17
050,20,019,"Kansas","Chautauqua County",1,1,40,24,16
050,20,019,"Kansas","Chautauqua County",1,2,42,23,19
050,20,019,"Kansas","Chautauqua County",1,3,37,20,17
050,20,019,"Kansas","Chautauqua County",1,4,36,23,13
050,20,019,"Kansas","Chautauqua County",1,5,40,18,22
050,20,019,"Kansas","Chautauqua County",1,6,44,24,20
050,20,019,"Kansas","Chautauqua County",1,7,43,20,23
050,20,019,"Kansas","Chautauqua County",1,8,41,20,21
050,20,019,"Kansas","Chautauqua County",1,9,40,21,19
050,20,019,"Kansas","Chautauqua County",1,10,35,23,12
050,20,019,"Kansas","Chautauqua County",1,11,46,30,16
050,20,019,"Kansas","Chautauqua County",1,12,40,20,20
050,20,019,"Kansas","Chautauqua County",1,13,40,25,15
050,20,019,"Kansas","Chautauqua County",1,14,38,18,20
050,20,019,"Kansas","Chautauqua County",1,15,47,24,23
050,20,019,"Kansas","Chautauqua County",1,16,46,20,26
050,20,019,"Kansas","Chautauqua County",1,17,36,16,20
050,20,019,"Kansas","Chautauqua County",1,18,35,22,13
050,20,019,"Kansas","Chautauqua County",1,19,28,15,13
050,20,019,"Kansas","Chautauqua County",1,20,38,25,13
050,20,019,"Kansas","Chautauqua County",1,21,29,14,15
050,20,019,"Kansas","Chautauqua County",1,22,32,14,18
050,20,019,"Kansas","Chautauqua County",1,23,25,8,17
050,20,019,"Kansas","Chautauqua County",1,24,26,13,13
050,20,019,"Kansas","Chautauqua County",1,25,24,11,13
050,20,019,"Kansas","Chautauqua County",1,26,34,17,17
050,20,019,"Kansas","Chautauqua County",1,27,27,11,16
050,20,019,"Kansas","Chautauqua County",1,28,41,19,22
050,20,019,"Kansas","Chautauqua County",1,29,29,15,14
050,20,019,"Kansas","Chautauqua County",1,30,32,17,15
050,20,019,"Kansas","Chautauqua County",1,31,41,20,21
050,20,019,"Kansas","Chautauqua County",1,32,43,22,21
050,20,019,"Kansas","Chautauqua County",1,33,40,25,15
050,20,019,"Kansas","Chautauqua County",1,34,43,25,18
050,20,019,"Kansas","Chautauqua County",1,35,33,19,14
050,20,019,"Kansas","Chautauqua County",1,36,41,19,22
050,20,019,"Kansas","Chautauqua County",1,37,36,19,17
050,20,019,"Kansas","Chautauqua County",1,38,48,27,21
050,20,019,"Kansas","Chautauqua County",1,39,46,25,21
050,20,019,"Kansas","Chautauqua County",1,40,32,17,15
050,20,019,"Kansas","Chautauqua County",1,41,29,16,13
050,20,019,"Kansas","Chautauqua County",1,42,33,15,18
050,20,019,"Kansas","Chautauqua County",1,43,35,21,14
050,20,019,"Kansas","Chautauqua County",1,44,34,20,14
050,20,019,"Kansas","Chautauqua County",1,45,28,13,15
050,20,019,"Kansas","Chautauqua County",1,46,28,16,12
050,20,019,"Kansas","Chautauqua County",1,47,31,20,11
050,20,019,"Kansas","Chautauqua County",1,48,32,15,17
050,20,019,"Kansas","Chautauqua County",1,49,51,25,26
050,20,019,"Kansas","Chautauqua County",1,50,36,17,19
050,20,019,"Kansas","Chautauqua County",1,51,31,16,15
050,20,019,"Kansas","Chautauqua County",1,52,41,26,15
050,20,019,"Kansas","Chautauqua County",1,53,32,17,15
050,20,019,"Kansas","Chautauqua County",1,54,34,15,19
050,20,019,"Kansas","Chautauqua County",1,55,45,21,24
050,20,019,"Kansas","Chautauqua County",1,56,44,22,22
050,20,019,"Kansas","Chautauqua County",1,57,50,27,23
050,20,019,"Kansas","Chautauqua County",1,58,56,32,24
050,20,019,"Kansas","Chautauqua County",1,59,58,33,25
050,20,019,"Kansas","Chautauqua County",1,60,58,36,22
050,20,019,"Kansas","Chautauqua County",1,61,54,29,25
050,20,019,"Kansas","Chautauqua County",1,62,60,32,28
050,20,019,"Kansas","Chautauqua County",1,63,64,29,35
050,20,019,"Kansas","Chautauqua County",1,64,59,29,30
050,20,019,"Kansas","Chautauqua County",1,65,44,26,18
050,20,019,"Kansas","Chautauqua County",1,66,50,24,26
050,20,019,"Kansas","Chautauqua County",1,67,53,26,27
050,20,019,"Kansas","Chautauqua County",1,68,44,19,25
050,20,019,"Kansas","Chautauqua County",1,69,41,18,23
050,20,019,"Kansas","Chautauqua County",1,70,41,14,27
050,20,019,"Kansas","Chautauqua County",1,71,43,22,21
050,20,019,"Kansas","Chautauqua County",1,72,52,26,26
050,20,019,"Kansas","Chautauqua County",1,73,46,21,25
050,20,019,"Kansas","Chautauqua County",1,74,31,15,16
050,20,019,"Kansas","Chautauqua County",1,75,25,13,12
050,20,019,"Kansas","Chautauqua County",1,76,34,20,14
050,20,019,"Kansas","Chautauqua County",1,77,39,19,20
050,20,019,"Kansas","Chautauqua County",1,78,27,9,18
050,20,019,"Kansas","Chautauqua County",1,79,28,13,15
050,20,019,"Kansas","Chautauqua County",1,80,40,17,23
050,20,019,"Kansas","Chautauqua County",1,81,31,17,14
050,20,019,"Kansas","Chautauqua County",1,82,21,12,9
050,20,019,"Kansas","Chautauqua County",1,83,20,14,6
050,20,019,"Kansas","Chautauqua County",1,84,15,10,5
050,20,019,"Kansas","Chautauqua County",1,85,108,46,62
050,20,019,"Kansas","Chautauqua County",2,0,35,17,18
050,20,019,"Kansas","Chautauqua County",2,1,38,22,16
050,20,019,"Kansas","Chautauqua County",2,2,42,23,19
050,20,019,"Kansas","Chautauqua County",2,3,38,21,17
050,20,019,"Kansas","Chautauqua County",2,4,37,23,14
050,20,019,"Kansas","Chautauqua County",2,5,39,19,20
050,20,019,"Kansas","Chautauqua County",2,6,43,23,20
050,20,019,"Kansas","Chautauqua County",2,7,43,20,23
050,20,019,"Kansas","Chautauqua County",2,8,41,20,21
050,20,019,"Kansas","Chautauqua County",2,9,40,21,19
050,20,019,"Kansas","Chautauqua County",2,10,36,23,13
050,20,019,"Kansas","Chautauqua County",2,11,45,28,17
050,20,019,"Kansas","Chautauqua County",2,12,45,24,21
050,20,019,"Kansas","Chautauqua County",2,13,40,23,17
050,20,019,"Kansas","Chautauqua County",2,14,40,21,19
050,20,019,"Kansas","Chautauqua County",2,15,46,24,22
050,20,019,"Kansas","Chautauqua County",2,16,46,20,26
050,20,019,"Kansas","Chautauqua County",2,17,39,18,21
050,20,019,"Kansas","Chautauqua County",2,18,34,20,14
050,20,019,"Kansas","Chautauqua County",2,19,28,15,13
050,20,019,"Kansas","Chautauqua County",2,20,36,23,13
050,20,019,"Kansas","Chautauqua County",2,21,32,17,15
050,20,019,"Kansas","Chautauqua County",2,22,33,15,18
050,20,019,"Kansas","Chautauqua County",2,23,27,10,17
050,20,019,"Kansas","Chautauqua County",2,24,25,11,14
050,20,019,"Kansas","Chautauqua County",2,25,25,12,13
050,20,019,"Kansas","Chautauqua County",2,26,33,16,17
050,20,019,"Kansas","Chautauqua County",2,27,27,11,16
050,20,019,"Kansas","Chautauqua County",2,28,38,17,21
050,20,019,"Kansas","Chautauqua County",2,29,32,16,16
050,20,019,"Kansas","Chautauqua County",2,30,32,17,15
050,20,019,"Kansas","Chautauqua County",2,31,39,20,19
050,20,019,"Kansas","Chautauqua County",2,32,42,21,21
050,20,019,"Kansas","Chautauqua County",2,33,41,24,17
050,20,019,"Kansas","Chautauqua County",2,34,41,25,16
050,20,019,"Kansas","Chautauqua County",2,35,34,20,14
050,20,019,"Kansas","Chautauqua County",2,36,40,19,21
050,20,019,"Kansas","Chautauqua County",2,37,37,19,18
050,20,019,"Kansas","Chautauqua County",2,38,47,26,21
050,20,019,"Kansas","Chautauqua County",2,39,47,27,20
050,20,019,"Kansas","Chautauqua County",2,40,36,19,17
050,20,019,"Kansas","Chautauqua County",2,41,30,16,14
050,20,019,"Kansas","Chautauqua County",2,42,32,14,18
050,20,019,"Kansas","Chautauqua County",2,43,36,21,15
050,20,019,"Kansas","Chautauqua County",2,44,34,20,14
050,20,019,"Kansas","Chautauqua County",2,45,30,15,15
050,20,019,"Kansas","Chautauqua County",2,46,27,15,12
050,20,019,"Kansas","Chautauqua County",2,47,29,18,11
050,20,019,"Kansas","Chautauqua County",2,48,33,17,16
050,20,019,"Kansas","Chautauqua County",2,49,48,23,25
050,20,019,"Kansas","Chautauqua County",2,50,39,19,20
050,20,019,"Kansas","Chautauqua County",2,51,33,17,16
050,20,019,"Kansas","Chautauqua County",2,52,39,24,15
050,20,019,"Kansas","Chautauqua County",2,53,32,17,15
050,20,019,"Kansas","Chautauqua County",2,54,34,16,18
050,20,019,"Kansas","Chautauqua County",2,55,41,19,22
050,20,019,"Kansas","Chautauqua County",2,56,44,22,22
050,20,019,"Kansas","Chautauqua County",2,57,48,25,23
050,20,019,"Kansas","Chautauqua County",2,58,53,30,23
050,20,019,"Kansas","Chautauqua County",2,59,59,34,25
050,20,019,"Kansas","Chautauqua County",2,60,58,35,23
050,20,019,"Kansas","Chautauqua County",2,61,56,31,25
050,20,019,"Kansas","Chautauqua County",2,62,57,31,26
050,20,019,"Kansas","Chautauqua County",2,63,65,30,35
050,20,019,"Kansas","Chautauqua County",2,64,59,28,31
050,20,019,"Kansas","Chautauqua County",2,65,48,27,21
050,20,019,"Kansas","Chautauqua County",2,66,49,25,24
050,20,019,"Kansas","Chautauqua County",2,67,51,25,26
050,20,019,"Kansas","Chautauqua County",2,68,46,21,25
050,20,019,"Kansas","Chautauqua County",2,69,41,18,23
050,20,019,"Kansas","Chautauqua County",2,70,40,15,25
050,20,019,"Kansas","Chautauqua County",2,71,42,20,22
050,20,019,"Kansas","Chautauqua County",2,72,47,24,23
050,20,019,"Kansas","Chautauqua County",2,73,49,22,27
050,20,019,"Kansas","Chautauqua County",2,74,31,14,17
050,20,019,"Kansas","Chautauqua County",2,75,27,14,13
050,20,019,"Kansas","Chautauqua County",2,76,30,17,13
050,20,019,"Kansas","Chautauqua County",2,77,37,18,19
050,20,019,"Kansas","Chautauqua County",2,78,29,12,17
050,20,019,"Kansas","Chautauqua County",2,79,28,12,16
050,20,019,"Kansas","Chautauqua County",2,80,37,16,21
050,20,019,"Kansas","Chautauqua County",2,81,31,16,15
050,20,019,"Kansas","Chautauqua County",2,82,24,14,10
050,20,019,"Kansas","Chautauqua County",2,83,21,14,7
050,20,019,"Kansas","Chautauqua County",2,84,16,11,5
050,20,019,"Kansas","Chautauqua County",2,85,107,46,61
050,20,019,"Kansas","Chautauqua County",3,0,26,13,13
050,20,019,"Kansas","Chautauqua County",3,1,39,19,20
050,20,019,"Kansas","Chautauqua County",3,2,46,24,22
050,20,019,"Kansas","Chautauqua County",3,3,45,25,20
050,20,019,"Kansas","Chautauqua County",3,4,41,24,17
050,20,019,"Kansas","Chautauqua County",3,5,38,26,12
050,20,019,"Kansas","Chautauqua County",3,6,41,20,21
050,20,019,"Kansas","Chautauqua County",3,7,44,23,21
050,20,019,"Kansas","Chautauqua County",3,8,44,20,24
050,20,019,"Kansas","Chautauqua County",3,9,44,20,24
050,20,019,"Kansas","Chautauqua County",3,10,37,20,17
050,20,019,"Kansas","Chautauqua County",3,11,31,18,13
050,20,019,"Kansas","Chautauqua County",3,12,44,26,18
050,20,019,"Kansas","Chautauqua County",3,13,41,24,17
050,20,019,"Kansas","Chautauqua County",3,14,37,23,14
050,20,019,"Kansas","Chautauqua County",3,15,43,21,22
050,20,019,"Kansas","Chautauqua County",3,16,44,23,21
050,20,019,"Kansas","Chautauqua County",3,17,48,21,27
050,20,019,"Kansas","Chautauqua County",3,18,39,16,23
050,20,019,"Kansas","Chautauqua County",3,19,28,16,12
050,20,019,"Kansas","Chautauqua County",3,20,29,17,12
050,20,019,"Kansas","Chautauqua County",3,21,37,22,15
050,20,019,"Kansas","Chautauqua County",3,22,34,16,18
050,20,019,"Kansas","Chautauqua County",3,23,35,15,20
050,20,019,"Kansas","Chautauqua County",3,24,26,11,15
050,20,019,"Kansas","Chautauqua County",3,25,26,10,16
050,20,019,"Kansas","Chautauqua County",3,26,25,14,11
050,20,019,"Kansas","Chautauqua County",3,27,35,16,19
050,20,019,"Kansas","Chautauqua County",3,28,27,13,14
050,20,019,"Kansas","Chautauqua County",3,29,40,19,21
050,20,019,"Kansas","Chautauqua County",3,30,35,18,17
050,20,019,"Kansas","Chautauqua County",3,31,35,21,14
050,20,019,"Kansas","Chautauqua County",3,32,40,22,18
050,20,019,"Kansas","Chautauqua County",3,33,41,21,20
050,20,019,"Kansas","Chautauqua County",3,34,39,22,17
050,20,019,"Kansas","Chautauqua County",3,35,38,22,16
050,20,019,"Kansas","Chautauqua County",3,36,31,16,15
050,20,019,"Kansas","Chautauqua County",3,37,40,19,21
050,20,019,"Kansas","Chautauqua County",3,38,36,19,17
050,20,019,"Kansas","Chautauqua County",3,39,49,28,21
050,20,019,"Kansas","Chautauqua County",3,40,45,24,21
050,20,019,"Kansas","Chautauqua County",3,41,35,19,16
050,20,019,"Kansas","Chautauqua County",3,42,33,17,16
050,20,019,"Kansas","Chautauqua County",3,43,32,15,17
050,20,019,"Kansas","Chautauqua County",3,44,36,23,13
050,20,019,"Kansas","Chautauqua County",3,45,34,20,14
050,20,019,"Kansas","Chautauqua County",3,46,30,16,14
050,20,019,"Kansas","Chautauqua County",3,47,27,15,12
050,20,019,"Kansas","Chautauqua County",3,48,27,18,9
050,20,019,"Kansas","Chautauqua County",3,49,34,17,17
050,20,019,"Kansas","Chautauqua County",3,50,45,24,21
050,20,019,"Kansas","Chautauqua County",3,51,40,20,20
050,20,019,"Kansas","Chautauqua County",3,52,34,18,16
050,20,019,"Kansas","Chautauqua County",3,53,37,22,15
050,20,019,"Kansas","Chautauqua County",3,54,33,18,15
050,20,019,"Kansas","Chautauqua County",3,55,38,19,19
050,20,019,"Kansas","Chautauqua County",3,56,41,18,23
050,20,019,"Kansas","Chautauqua County",3,57,46,22,24
050,20,019,"Kansas","Chautauqua County",3,58,45,22,23
050,20,019,"Kansas","Chautauqua County",3,59,56,33,23
050,20,019,"Kansas","Chautauqua County",3,60,61,36,25
050,20,019,"Kansas","Chautauqua County",3,61,59,34,25
050,20,019,"Kansas","Chautauqua County",3,62,56,30,26
050,20,019,"Kansas","Chautauqua County",3,63,58,31,27
050,20,019,"Kansas","Chautauqua County",3,64,68,32,36
050,20,019,"Kansas","Chautauqua County",3,65,55,28,27
050,20,019,"Kansas","Chautauqua County",3,66,47,26,21
050,20,019,"Kansas","Chautauqua County",3,67,47,25,22
050,20,019,"Kansas","Chautauqua County",3,68,50,25,25
050,20,019,"Kansas","Chautauqua County",3,69,42,19,23
050,20,019,"Kansas","Chautauqua County",3,70,43,20,23
050,20,019,"Kansas","Chautauqua County",3,71,37,14,23
050,20,019,"Kansas","Chautauqua County",3,72,40,17,23
050,20,019,"Kansas","Chautauqua County",3,73,40,19,21
050,20,019,"Kansas","Chautauqua County",3,74,51,23,28
050,20,019,"Kansas","Chautauqua County",3,75,29,13,16
050,20,019,"Kansas","Chautauqua County",3,76,25,13,12
050,20,019,"Kansas","Chautauqua County",3,77,31,17,14
050,20,019,"Kansas","Chautauqua County",3,78,37,18,19
050,20,019,"Kansas","Chautauqua County",3,79,27,12,15
050,20,019,"Kansas","Chautauqua County",3,80,26,11,15
050,20,019,"Kansas","Chautauqua County",3,81,33,14,19
050,20,019,"Kansas","Chautauqua County",3,82,28,13,15
050,20,019,"Kansas","Chautauqua County",3,83,23,13,10
050,20,019,"Kansas","Chautauqua County",3,84,18,13,5
050,20,019,"Kansas","Chautauqua County",3,85,112,52,60
050,20,019,"Kansas","Chautauqua County",4,0,24,16,8
050,20,019,"Kansas","Chautauqua County",4,1,33,18,15
050,20,019,"Kansas","Chautauqua County",4,2,42,20,22
050,20,019,"Kansas","Chautauqua County",4,3,48,27,21
050,20,019,"Kansas","Chautauqua County",4,4,48,24,24
050,20,019,"Kansas","Chautauqua County",4,5,42,27,15
050,20,019,"Kansas","Chautauqua County",4,6,40,27,13
050,20,019,"Kansas","Chautauqua County",4,7,43,23,20
050,20,019,"Kansas","Chautauqua County",4,8,42,22,20
050,20,019,"Kansas","Chautauqua County",4,9,46,22,24
050,20,019,"Kansas","Chautauqua County",4,10,49,21,28
050,20,019,"Kansas","Chautauqua County",4,11,39,23,16
050,20,019,"Kansas","Chautauqua County",4,12,37,22,15
050,20,019,"Kansas","Chautauqua County",4,13,48,29,19
050,20,019,"Kansas","Chautauqua County",4,14,42,23,19
050,20,019,"Kansas","Chautauqua County",4,15,41,23,18
050,20,019,"Kansas","Chautauqua County",4,16,40,21,19
050,20,019,"Kansas","Chautauqua County",4,17,47,25,22
050,20,019,"Kansas","Chautauqua County",4,18,41,17,24
050,20,019,"Kansas","Chautauqua County",4,19,25,13,12
050,20,019,"Kansas","Chautauqua County",4,20,29,17,12
050,20,019,"Kansas","Chautauqua County",4,21,28,16,12
050,20,019,"Kansas","Chautauqua County",4,22,36,22,14
050,20,019,"Kansas","Chautauqua County",4,23,31,12,19
050,20,019,"Kansas","Chautauqua County",4,24,35,18,17
050,20,019,"Kansas","Chautauqua County",4,25,23,8,15
050,20,019,"Kansas","Chautauqua County",4,26,24,9,15
050,20,019,"Kansas","Chautauqua County",4,27,29,16,13
050,20,019,"Kansas","Chautauqua County",4,28,37,16,21
050,20,019,"Kansas","Chautauqua County",4,29,27,14,13
050,20,019,"Kansas","Chautauqua County",4,30,41,18,23
050,20,019,"Kansas","Chautauqua County",4,31,36,17,19
050,20,019,"Kansas","Chautauqua County",4,32,37,24,13
050,20,019,"Kansas","Chautauqua County",4,33,41,23,18
050,20,019,"Kansas","Chautauqua County",4,34,44,21,23
050,20,019,"Kansas","Chautauqua County",4,35,39,23,16
050,20,019,"Kansas","Chautauqua County",4,36,42,22,20
050,20,019,"Kansas","Chautauqua County",4,37,28,15,13
050,20,019,"Kansas","Chautauqua County",4,38,42,20,22
050,20,019,"Kansas","Chautauqua County",4,39,40,20,20
050,20,019,"Kansas","Chautauqua County",4,40,47,28,19
050,20,019,"Kansas","Chautauqua County",4,41,47,25,22
050,20,019,"Kansas","Chautauqua County",4,42,37,21,16
050,20,019,"Kansas","Chautauqua County",4,43,34,21,13
050,20,019,"Kansas","Chautauqua County",4,44,35,19,16
050,20,019,"Kansas","Chautauqua County",4,45,38,23,15
050,20,019,"Kansas","Chautauqua County",4,46,34,20,14
050,20,019,"Kansas","Chautauqua County",4,47,27,15,12
050,20,019,"Kansas","Chautauqua County",4,48,25,14,11
050,20,019,"Kansas","Chautauqua County",4,49,27,17,10
050,20,019,"Kansas","Chautauqua County",4,50,34,17,17
050,20,019,"Kansas","Chautauqua County",4,51,43,22,21
050,20,019,"Kansas","Chautauqua County",4,52,45,22,23
050,20,019,"Kansas","Chautauqua County",4,53,34,18,16
050,20,019,"Kansas","Chautauqua County",4,54,39,24,15
050,20,019,"Kansas","Chautauqua County",4,55,35,20,15
050,20,019,"Kansas","Chautauqua County",4,56,37,17,20
050,20,019,"Kansas","Chautauqua County",4,57,39,18,21
050,20,019,"Kansas","Chautauqua County",4,58,41,17,24
050,20,019,"Kansas","Chautauqua County",4,59,45,22,23
050,20,019,"Kansas","Chautauqua County",4,60,59,36,23
050,20,019,"Kansas","Chautauqua County",4,61,58,35,23
050,20,019,"Kansas","Chautauqua County",4,62,58,32,26
050,20,019,"Kansas","Chautauqua County",4,63,54,28,26
050,20,019,"Kansas","Chautauqua County",4,64,58,31,27
050,20,019,"Kansas","Chautauqua County",4,65,62,29,33
050,20,019,"Kansas","Chautauqua County",4,66,57,30,27
050,20,019,"Kansas","Chautauqua County",4,67,45,25,20
050,20,019,"Kansas","Chautauqua County",4,68,48,24,24
050,20,019,"Kansas","Chautauqua County",4,69,49,25,24
050,20,019,"Kansas","Chautauqua County",4,70,40,22,18
050,20,019,"Kansas","Chautauqua County",4,71,41,19,22
050,20,019,"Kansas","Chautauqua County",4,72,40,14,26
050,20,019,"Kansas","Chautauqua County",4,73,34,13,21
050,20,019,"Kansas","Chautauqua County",4,74,37,18,19
050,20,019,"Kansas","Chautauqua County",4,75,48,21,27
050,20,019,"Kansas","Chautauqua County",4,76,29,13,16
050,20,019,"Kansas","Chautauqua County",4,77,26,14,12
050,20,019,"Kansas","Chautauqua County",4,78,29,15,14
050,20,019,"Kansas","Chautauqua County",4,79,35,19,16
050,20,019,"Kansas","Chautauqua County",4,80,22,10,12
050,20,019,"Kansas","Chautauqua County",4,81,22,9,13
050,20,019,"Kansas","Chautauqua County",4,82,29,11,18
050,20,019,"Kansas","Chautauqua County",4,83,28,13,15
050,20,019,"Kansas","Chautauqua County",4,84,21,12,9
050,20,019,"Kansas","Chautauqua County",4,85,109,54,55
050,20,019,"Kansas","Chautauqua County",5,0,22,15,7
050,20,019,"Kansas","Chautauqua County",5,1,28,18,10
050,20,019,"Kansas","Chautauqua County",5,2,39,18,21
050,20,019,"Kansas","Chautauqua County",5,3,39,16,23
050,20,019,"Kansas","Chautauqua County",5,4,50,30,20
050,20,019,"Kansas","Chautauqua County",5,5,53,27,26
050,20,019,"Kansas","Chautauqua County",5,6,40,25,15
050,20,019,"Kansas","Chautauqua County",5,7,40,27,13
050,20,019,"Kansas","Chautauqua County",5,8,42,24,18
050,20,019,"Kansas","Chautauqua County",5,9,43,23,20
050,20,019,"Kansas","Chautauqua County",5,10,46,20,26
050,20,019,"Kansas","Chautauqua County",5,11,49,21,28
050,20,019,"Kansas","Chautauqua County",5,12,40,24,16
050,20,019,"Kansas","Chautauqua County",5,13,32,20,12
050,20,019,"Kansas","Chautauqua County",5,14,50,31,19
050,20,019,"Kansas","Chautauqua County",5,15,43,24,19
050,20,019,"Kansas","Chautauqua County",5,16,40,24,16
050,20,019,"Kansas","Chautauqua County",5,17,38,18,20
050,20,019,"Kansas","Chautauqua County",5,18,43,24,19
050,20,019,"Kansas","Chautauqua County",5,19,32,13,19
050,20,019,"Kansas","Chautauqua County",5,20,29,14,15
050,20,019,"Kansas","Chautauqua County",5,21,32,19,13
050,20,019,"Kansas","Chautauqua County",5,22,32,17,15
050,20,019,"Kansas","Chautauqua County",5,23,30,20,10
050,20,019,"Kansas","Chautauqua County",5,24,33,14,19
050,20,019,"Kansas","Chautauqua County",5,25,31,14,17
050,20,019,"Kansas","Chautauqua County",5,26,24,8,16
050,20,019,"Kansas","Chautauqua County",5,27,29,15,14
050,20,019,"Kansas","Chautauqua County",5,28,28,18,10
050,20,019,"Kansas","Chautauqua County",5,29,37,17,20
050,20,019,"Kansas","Chautauqua County",5,30,25,10,15
050,20,019,"Kansas","Chautauqua County",5,31,44,20,24
050,20,019,"Kansas","Chautauqua County",5,32,34,17,17
050,20,019,"Kansas","Chautauqua County",5,33,38,25,13
050,20,019,"Kansas","Chautauqua County",5,34,40,22,18
050,20,019,"Kansas","Chautauqua County",5,35,43,19,24
050,20,019,"Kansas","Chautauqua County",5,36,41,23,18
050,20,019,"Kansas","Chautauqua County",5,37,40,20,20
050,20,019,"Kansas","Chautauqua County",5,38,28,17,11
050,20,019,"Kansas","Chautauqua County",5,39,45,24,21
050,20,019,"Kansas","Chautauqua County",5,40,39,20,19
050,20,019,"Kansas","Chautauqua County",5,41,48,29,19
050,20,019,"Kansas","Chautauqua County",5,42,44,23,21
050,20,019,"Kansas","Chautauqua County",5,43,37,20,17
050,20,019,"Kansas","Chautauqua County",5,44,34,21,13
050,20,019,"Kansas","Chautauqua County",5,45,38,18,20
050,20,019,"Kansas","Chautauqua County",5,46,36,24,12
050,20,019,"Kansas","Chautauqua County",5,47,31,19,12
050,20,019,"Kansas","Chautauqua County",5,48,29,14,15
050,20,019,"Kansas","Chautauqua County",5,49,26,13,13
050,20,019,"Kansas","Chautauqua County",5,50,22,15,7
050,20,019,"Kansas","Chautauqua County",5,51,34,16,18
050,20,019,"Kansas","Chautauqua County",5,52,43,22,21
050,20,019,"Kansas","Chautauqua County",5,53,46,23,23
050,20,019,"Kansas","Chautauqua County",5,54,32,18,14
050,20,019,"Kansas","Chautauqua County",5,55,39,24,15
050,20,019,"Kansas","Chautauqua County",5,56,34,19,15
050,20,019,"Kansas","Chautauqua County",5,57,37,17,20
050,20,019,"Kansas","Chautauqua County",5,58,36,15,21
050,20,019,"Kansas","Chautauqua County",5,59,37,16,21
050,20,019,"Kansas","Chautauqua County",5,60,52,29,23
050,20,019,"Kansas","Chautauqua County",5,61,59,36,23
050,20,019,"Kansas","Chautauqua County",5,62,54,31,23
050,20,019,"Kansas","Chautauqua County",5,63,62,36,26
050,20,019,"Kansas","Chautauqua County",5,64,55,28,27
050,20,019,"Kansas","Chautauqua County",5,65,55,29,26
050,20,019,"Kansas","Chautauqua County",5,66,61,27,34
050,20,019,"Kansas","Chautauqua County",5,67,58,30,28
050,20,019,"Kansas","Chautauqua County",5,68,45,24,21
050,20,019,"Kansas","Chautauqua County",5,69,47,23,24
050,20,019,"Kansas","Chautauqua County",5,70,46,25,21
050,20,019,"Kansas","Chautauqua County",5,71,38,22,16
050,20,019,"Kansas","Chautauqua County",5,72,41,18,23
050,20,019,"Kansas","Chautauqua County",5,73,33,10,23
050,20,019,"Kansas","Chautauqua County",5,74,33,13,20
050,20,019,"Kansas","Chautauqua County",5,75,34,17,17
050,20,019,"Kansas","Chautauqua County",5,76,48,21,27
050,20,019,"Kansas","Chautauqua County",5,77,28,12,16
050,20,019,"Kansas","Chautauqua County",5,78,24,12,12
050,20,019,"Kansas","Chautauqua County",5,79,24,15,9
050,20,019,"Kansas","Chautauqua County",5,80,31,17,14
050,20,019,"Kansas","Chautauqua County",5,81,16,8,8
050,20,019,"Kansas","Chautauqua County",5,82,19,7,12
050,20,019,"Kansas","Chautauqua County",5,83,26,9,17
050,20,019,"Kansas","Chautauqua County",5,84,26,12,14
050,20,019,"Kansas","Chautauqua County",5,85,118,61,57
050,20,021,"Kansas","Cherokee County",1,0,224,116,108
050,20,021,"Kansas","Cherokee County",1,1,235,111,124
050,20,021,"Kansas","Cherokee County",1,2,220,106,114
050,20,021,"Kansas","Cherokee County",1,3,223,115,108
050,20,021,"Kansas","Cherokee County",1,4,247,124,123
050,20,021,"Kansas","Cherokee County",1,5,233,127,106
050,20,021,"Kansas","Cherokee County",1,6,223,114,109
050,20,021,"Kansas","Cherokee County",1,7,215,102,113
050,20,021,"Kansas","Cherokee County",1,8,251,130,121
050,20,021,"Kansas","Cherokee County",1,9,231,127,104
050,20,021,"Kansas","Cherokee County",1,10,249,131,118
050,20,021,"Kansas","Cherokee County",1,11,265,134,131
050,20,021,"Kansas","Cherokee County",1,12,273,138,135
050,20,021,"Kansas","Cherokee County",1,13,262,137,125
050,20,021,"Kansas","Cherokee County",1,14,264,136,128
050,20,021,"Kansas","Cherokee County",1,15,276,138,138
050,20,021,"Kansas","Cherokee County",1,16,285,137,148
050,20,021,"Kansas","Cherokee County",1,17,293,148,145
050,20,021,"Kansas","Cherokee County",1,18,246,136,110
050,20,021,"Kansas","Cherokee County",1,19,187,105,82
050,20,021,"Kansas","Cherokee County",1,20,197,96,101
050,20,021,"Kansas","Cherokee County",1,21,224,109,115
050,20,021,"Kansas","Cherokee County",1,22,202,111,91
050,20,021,"Kansas","Cherokee County",1,23,217,116,101
050,20,021,"Kansas","Cherokee County",1,24,226,111,115
050,20,021,"Kansas","Cherokee County",1,25,209,103,106
050,20,021,"Kansas","Cherokee County",1,26,203,99,104
050,20,021,"Kansas","Cherokee County",1,27,195,100,95
050,20,021,"Kansas","Cherokee County",1,28,204,101,103
050,20,021,"Kansas","Cherokee County",1,29,198,93,105
050,20,021,"Kansas","Cherokee County",1,30,191,100,91
050,20,021,"Kansas","Cherokee County",1,31,197,109,88
050,20,021,"Kansas","Cherokee County",1,32,205,110,95
050,20,021,"Kansas","Cherokee County",1,33,217,107,110
050,20,021,"Kansas","Cherokee County",1,34,230,112,118
050,20,021,"Kansas","Cherokee County",1,35,212,106,106
050,20,021,"Kansas","Cherokee County",1,36,219,111,108
050,20,021,"Kansas","Cherokee County",1,37,247,121,126
050,20,021,"Kansas","Cherokee County",1,38,254,115,139
050,20,021,"Kansas","Cherokee County",1,39,243,124,119
050,20,021,"Kansas","Cherokee County",1,40,247,134,113
050,20,021,"Kansas","Cherokee County",1,41,212,99,113
050,20,021,"Kansas","Cherokee County",1,42,211,100,111
050,20,021,"Kansas","Cherokee County",1,43,202,102,100
050,20,021,"Kansas","Cherokee County",1,44,217,109,108
050,20,021,"Kansas","Cherokee County",1,45,219,113,106
050,20,021,"Kansas","Cherokee County",1,46,218,103,115
050,20,021,"Kansas","Cherokee County",1,47,227,110,117
050,20,021,"Kansas","Cherokee County",1,48,255,130,125
050,20,021,"Kansas","Cherokee County",1,49,269,139,130
050,20,021,"Kansas","Cherokee County",1,50,264,143,121
050,20,021,"Kansas","Cherokee County",1,51,244,125,119
050,20,021,"Kansas","Cherokee County",1,52,240,115,125
050,20,021,"Kansas","Cherokee County",1,53,252,123,129
050,20,021,"Kansas","Cherokee County",1,54,266,137,129
050,20,021,"Kansas","Cherokee County",1,55,309,160,149
050,20,021,"Kansas","Cherokee County",1,56,304,159,145
050,20,021,"Kansas","Cherokee County",1,57,280,145,135
050,20,021,"Kansas","Cherokee County",1,58,298,147,151
050,20,021,"Kansas","Cherokee County",1,59,310,140,170
050,20,021,"Kansas","Cherokee County",1,60,289,142,147
050,20,021,"Kansas","Cherokee County",1,61,283,145,138
050,20,021,"Kansas","Cherokee County",1,62,311,156,155
050,20,021,"Kansas","Cherokee County",1,63,279,141,138
050,20,021,"Kansas","Cherokee County",1,64,264,128,136
050,20,021,"Kansas","Cherokee County",1,65,253,121,132
050,20,021,"Kansas","Cherokee County",1,66,250,122,128
050,20,021,"Kansas","Cherokee County",1,67,235,107,128
050,20,021,"Kansas","Cherokee County",1,68,207,93,114
050,20,021,"Kansas","Cherokee County",1,69,221,122,99
050,20,021,"Kansas","Cherokee County",1,70,208,111,97
050,20,021,"Kansas","Cherokee County",1,71,218,112,106
050,20,021,"Kansas","Cherokee County",1,72,225,109,116
050,20,021,"Kansas","Cherokee County",1,73,217,106,111
050,20,021,"Kansas","Cherokee County",1,74,138,59,79
050,20,021,"Kansas","Cherokee County",1,75,151,67,84
050,20,021,"Kansas","Cherokee County",1,76,143,70,73
050,20,021,"Kansas","Cherokee County",1,77,158,76,82
050,20,021,"Kansas","Cherokee County",1,78,129,57,72
050,20,021,"Kansas","Cherokee County",1,79,112,51,61
050,20,021,"Kansas","Cherokee County",1,80,120,59,61
050,20,021,"Kansas","Cherokee County",1,81,113,52,61
050,20,021,"Kansas","Cherokee County",1,82,93,38,55
050,20,021,"Kansas","Cherokee County",1,83,89,34,55
050,20,021,"Kansas","Cherokee County",1,84,72,28,44
050,20,021,"Kansas","Cherokee County",1,85,353,127,226
050,20,021,"Kansas","Cherokee County",2,0,221,108,113
050,20,021,"Kansas","Cherokee County",2,1,231,112,119
050,20,021,"Kansas","Cherokee County",2,2,223,107,116
050,20,021,"Kansas","Cherokee County",2,3,223,113,110
050,20,021,"Kansas","Cherokee County",2,4,242,122,120
050,20,021,"Kansas","Cherokee County",2,5,232,122,110
050,20,021,"Kansas","Cherokee County",2,6,222,115,107
050,20,021,"Kansas","Cherokee County",2,7,218,106,112
050,20,021,"Kansas","Cherokee County",2,8,242,123,119
050,20,021,"Kansas","Cherokee County",2,9,236,127,109
050,20,021,"Kansas","Cherokee County",2,10,243,129,114
050,20,021,"Kansas","Cherokee County",2,11,261,132,129
050,20,021,"Kansas","Cherokee County",2,12,274,139,135
050,20,021,"Kansas","Cherokee County",2,13,264,137,127
050,20,021,"Kansas","Cherokee County",2,14,262,136,126
050,20,021,"Kansas","Cherokee County",2,15,271,135,136
050,20,021,"Kansas","Cherokee County",2,16,281,136,145
050,20,021,"Kansas","Cherokee County",2,17,289,145,144
050,20,021,"Kansas","Cherokee County",2,18,245,135,110
050,20,021,"Kansas","Cherokee County",2,19,191,107,84
050,20,021,"Kansas","Cherokee County",2,20,201,101,100
050,20,021,"Kansas","Cherokee County",2,21,218,106,112
050,20,021,"Kansas","Cherokee County",2,22,211,113,98
050,20,021,"Kansas","Cherokee County",2,23,214,115,99
050,20,021,"Kansas","Cherokee County",2,24,225,114,111
050,20,021,"Kansas","Cherokee County",2,25,217,105,112
050,20,021,"Kansas","Cherokee County",2,26,204,102,102
050,20,021,"Kansas","Cherokee County",2,27,195,99,96
050,20,021,"Kansas","Cherokee County",2,28,199,99,100
050,20,021,"Kansas","Cherokee County",2,29,198,94,104
050,20,021,"Kansas","Cherokee County",2,30,192,99,93
050,20,021,"Kansas","Cherokee County",2,31,195,108,87
050,20,021,"Kansas","Cherokee County",2,32,200,107,93
050,20,021,"Kansas","Cherokee County",2,33,216,108,108
050,20,021,"Kansas","Cherokee County",2,34,228,112,116
050,20,021,"Kansas","Cherokee County",2,35,215,106,109
050,20,021,"Kansas","Cherokee County",2,36,216,110,106
050,20,021,"Kansas","Cherokee County",2,37,241,119,122
050,20,021,"Kansas","Cherokee County",2,38,253,117,136
050,20,021,"Kansas","Cherokee County",2,39,247,123,124
050,20,021,"Kansas","Cherokee County",2,40,247,133,114
050,20,021,"Kansas","Cherokee County",2,41,220,107,113
050,20,021,"Kansas","Cherokee County",2,42,206,96,110
050,20,021,"Kansas","Cherokee County",2,43,207,104,103
050,20,021,"Kansas","Cherokee County",2,44,211,105,106
050,20,021,"Kansas","Cherokee County",2,45,216,111,105
050,20,021,"Kansas","Cherokee County",2,46,215,104,111
050,20,021,"Kansas","Cherokee County",2,47,224,109,115
050,20,021,"Kansas","Cherokee County",2,48,249,126,123
050,20,021,"Kansas","Cherokee County",2,49,265,139,126
050,20,021,"Kansas","Cherokee County",2,50,265,142,123
050,20,021,"Kansas","Cherokee County",2,51,247,128,119
050,20,021,"Kansas","Cherokee County",2,52,236,115,121
050,20,021,"Kansas","Cherokee County",2,53,246,119,127
050,20,021,"Kansas","Cherokee County",2,54,261,133,128
050,20,021,"Kansas","Cherokee County",2,55,296,154,142
050,20,021,"Kansas","Cherokee County",2,56,305,159,146
050,20,021,"Kansas","Cherokee County",2,57,286,150,136
050,20,021,"Kansas","Cherokee County",2,58,291,145,146
050,20,021,"Kansas","Cherokee County",2,59,306,142,164
050,20,021,"Kansas","Cherokee County",2,60,293,141,152
050,20,021,"Kansas","Cherokee County",2,61,285,144,141
050,20,021,"Kansas","Cherokee County",2,62,301,150,151
050,20,021,"Kansas","Cherokee County",2,63,289,145,144
050,20,021,"Kansas","Cherokee County",2,64,267,131,136
050,20,021,"Kansas","Cherokee County",2,65,257,125,132
050,20,021,"Kansas","Cherokee County",2,66,250,122,128
050,20,021,"Kansas","Cherokee County",2,67,238,110,128
050,20,021,"Kansas","Cherokee County",2,68,210,94,116
050,20,021,"Kansas","Cherokee County",2,69,220,116,104
050,20,021,"Kansas","Cherokee County",2,70,208,113,95
050,20,021,"Kansas","Cherokee County",2,71,216,111,105
050,20,021,"Kansas","Cherokee County",2,72,214,104,110
050,20,021,"Kansas","Cherokee County",2,73,228,112,116
050,20,021,"Kansas","Cherokee County",2,74,147,66,81
050,20,021,"Kansas","Cherokee County",2,75,147,65,82
050,20,021,"Kansas","Cherokee County",2,76,139,66,73
050,20,021,"Kansas","Cherokee County",2,77,161,77,84
050,20,021,"Kansas","Cherokee County",2,78,132,60,72
050,20,021,"Kansas","Cherokee County",2,79,113,50,63
050,20,021,"Kansas","Cherokee County",2,80,118,58,60
050,20,021,"Kansas","Cherokee County",2,81,111,51,60
050,20,021,"Kansas","Cherokee County",2,82,93,38,55
050,20,021,"Kansas","Cherokee County",2,83,87,33,54
050,20,021,"Kansas","Cherokee County",2,84,74,28,46
050,20,021,"Kansas","Cherokee County",2,85,356,127,229
050,20,021,"Kansas","Cherokee County",3,0,198,96,102
050,20,021,"Kansas","Cherokee County",3,1,220,113,107
050,20,021,"Kansas","Cherokee County",3,2,230,114,116
050,20,021,"Kansas","Cherokee County",3,3,234,111,123
050,20,021,"Kansas","Cherokee County",3,4,233,116,117
050,20,021,"Kansas","Cherokee County",3,5,241,121,120
050,20,021,"Kansas","Cherokee County",3,6,236,128,108
050,20,021,"Kansas","Cherokee County",3,7,223,115,108
050,20,021,"Kansas","Cherokee County",3,8,224,102,122
050,20,021,"Kansas","Cherokee County",3,9,256,137,119
050,20,021,"Kansas","Cherokee County",3,10,231,125,106
050,20,021,"Kansas","Cherokee County",3,11,248,131,117
050,20,021,"Kansas","Cherokee County",3,12,259,131,128
050,20,021,"Kansas","Cherokee County",3,13,269,137,132
050,20,021,"Kansas","Cherokee County",3,14,270,140,130
050,20,021,"Kansas","Cherokee County",3,15,265,137,128
050,20,021,"Kansas","Cherokee County",3,16,266,136,130
050,20,021,"Kansas","Cherokee County",3,17,284,140,144
050,20,021,"Kansas","Cherokee County",3,18,243,126,117
050,20,021,"Kansas","Cherokee County",3,19,196,107,89
050,20,021,"Kansas","Cherokee County",3,20,199,108,91
050,20,021,"Kansas","Cherokee County",3,21,206,103,103
050,20,021,"Kansas","Cherokee County",3,22,222,111,111
050,20,021,"Kansas","Cherokee County",3,23,202,112,90
050,20,021,"Kansas","Cherokee County",3,24,183,105,78
050,20,021,"Kansas","Cherokee County",3,25,210,108,102
050,20,021,"Kansas","Cherokee County",3,26,218,107,111
050,20,021,"Kansas","Cherokee County",3,27,201,103,98
050,20,021,"Kansas","Cherokee County",3,28,195,98,97
050,20,021,"Kansas","Cherokee County",3,29,209,108,101
050,20,021,"Kansas","Cherokee County",3,30,202,94,108
050,20,021,"Kansas","Cherokee County",3,31,195,104,91
050,20,021,"Kansas","Cherokee County",3,32,208,113,95
050,20,021,"Kansas","Cherokee County",3,33,194,99,95
050,20,021,"Kansas","Cherokee County",3,34,221,112,109
050,20,021,"Kansas","Cherokee County",3,35,233,115,118
050,20,021,"Kansas","Cherokee County",3,36,233,112,121
050,20,021,"Kansas","Cherokee County",3,37,218,115,103
050,20,021,"Kansas","Cherokee County",3,38,235,113,122
050,20,021,"Kansas","Cherokee County",3,39,252,117,135
050,20,021,"Kansas","Cherokee County",3,40,258,132,126
050,20,021,"Kansas","Cherokee County",3,41,252,139,113
050,20,021,"Kansas","Cherokee County",3,42,216,104,112
050,20,021,"Kansas","Cherokee County",3,43,198,93,105
050,20,021,"Kansas","Cherokee County",3,44,207,106,101
050,20,021,"Kansas","Cherokee County",3,45,206,108,98
050,20,021,"Kansas","Cherokee County",3,46,211,113,98
050,20,021,"Kansas","Cherokee County",3,47,221,105,116
050,20,021,"Kansas","Cherokee County",3,48,225,112,113
050,20,021,"Kansas","Cherokee County",3,49,246,128,118
050,20,021,"Kansas","Cherokee County",3,50,266,141,125
050,20,021,"Kansas","Cherokee County",3,51,257,144,113
050,20,021,"Kansas","Cherokee County",3,52,244,125,119
050,20,021,"Kansas","Cherokee County",3,53,242,114,128
050,20,021,"Kansas","Cherokee County",3,54,258,125,133
050,20,021,"Kansas","Cherokee County",3,55,253,127,126
050,20,021,"Kansas","Cherokee County",3,56,293,149,144
050,20,021,"Kansas","Cherokee County",3,57,306,160,146
050,20,021,"Kansas","Cherokee County",3,58,279,145,134
050,20,021,"Kansas","Cherokee County",3,59,285,142,143
050,20,021,"Kansas","Cherokee County",3,60,306,144,162
050,20,021,"Kansas","Cherokee County",3,61,287,138,149
050,20,021,"Kansas","Cherokee County",3,62,281,137,144
050,20,021,"Kansas","Cherokee County",3,63,288,143,145
050,20,021,"Kansas","Cherokee County",3,64,284,139,145
050,20,021,"Kansas","Cherokee County",3,65,268,132,136
050,20,021,"Kansas","Cherokee County",3,66,252,122,130
050,20,021,"Kansas","Cherokee County",3,67,233,113,120
050,20,021,"Kansas","Cherokee County",3,68,231,111,120
050,20,021,"Kansas","Cherokee County",3,69,211,90,121
050,20,021,"Kansas","Cherokee County",3,70,210,108,102
050,20,021,"Kansas","Cherokee County",3,71,203,109,94
050,20,021,"Kansas","Cherokee County",3,72,204,105,99
050,20,021,"Kansas","Cherokee County",3,73,201,96,105
050,20,021,"Kansas","Cherokee County",3,74,222,108,114
050,20,021,"Kansas","Cherokee County",3,75,143,67,76
050,20,021,"Kansas","Cherokee County",3,76,138,60,78
050,20,021,"Kansas","Cherokee County",3,77,139,61,78
050,20,021,"Kansas","Cherokee County",3,78,154,73,81
050,20,021,"Kansas","Cherokee County",3,79,132,63,69
050,20,021,"Kansas","Cherokee County",3,80,95,44,51
050,20,021,"Kansas","Cherokee County",3,81,107,50,57
050,20,021,"Kansas","Cherokee County",3,82,103,45,58
050,20,021,"Kansas","Cherokee County",3,83,84,34,50
050,20,021,"Kansas","Cherokee County",3,84,84,30,54
050,20,021,"Kansas","Cherokee County",3,85,341,123,218
050,20,021,"Kansas","Cherokee County",4,0,183,92,91
050,20,021,"Kansas","Cherokee County",4,1,205,102,103
050,20,021,"Kansas","Cherokee County",4,2,228,118,110
050,20,021,"Kansas","Cherokee County",4,3,247,122,125
050,20,021,"Kansas","Cherokee County",4,4,220,103,117
050,20,021,"Kansas","Cherokee County",4,5,232,117,115
050,20,021,"Kansas","Cherokee County",4,6,237,120,117
050,20,021,"Kansas","Cherokee County",4,7,230,124,106
050,20,021,"Kansas","Cherokee County",4,8,224,120,104
050,20,021,"Kansas","Cherokee County",4,9,225,108,117
050,20,021,"Kansas","Cherokee County",4,10,255,132,123
050,20,021,"Kansas","Cherokee County",4,11,243,126,117
050,20,021,"Kansas","Cherokee County",4,12,248,127,121
050,20,021,"Kansas","Cherokee County",4,13,266,137,129
050,20,021,"Kansas","Cherokee County",4,14,272,134,138
050,20,021,"Kansas","Cherokee County",4,15,271,135,136
050,20,021,"Kansas","Cherokee County",4,16,272,140,132
050,20,021,"Kansas","Cherokee County",4,17,257,133,124
050,20,021,"Kansas","Cherokee County",4,18,240,128,112
050,20,021,"Kansas","Cherokee County",4,19,178,88,90
050,20,021,"Kansas","Cherokee County",4,20,195,109,86
050,20,021,"Kansas","Cherokee County",4,21,196,104,92
050,20,021,"Kansas","Cherokee County",4,22,211,104,107
050,20,021,"Kansas","Cherokee County",4,23,220,112,108
050,20,021,"Kansas","Cherokee County",4,24,216,118,98
050,20,021,"Kansas","Cherokee County",4,25,188,102,86
050,20,021,"Kansas","Cherokee County",4,26,226,119,107
050,20,021,"Kansas","Cherokee County",4,27,211,106,105
050,20,021,"Kansas","Cherokee County",4,28,191,100,91
050,20,021,"Kansas","Cherokee County",4,29,206,103,103
050,20,021,"Kansas","Cherokee County",4,30,208,108,100
050,20,021,"Kansas","Cherokee County",4,31,199,84,115
050,20,021,"Kansas","Cherokee County",4,32,194,106,88
050,20,021,"Kansas","Cherokee County",4,33,217,117,100
050,20,021,"Kansas","Cherokee County",4,34,192,97,95
050,20,021,"Kansas","Cherokee County",4,35,211,109,102
050,20,021,"Kansas","Cherokee County",4,36,242,115,127
050,20,021,"Kansas","Cherokee County",4,37,226,113,113
050,20,021,"Kansas","Cherokee County",4,38,230,120,110
050,20,021,"Kansas","Cherokee County",4,39,225,109,116
050,20,021,"Kansas","Cherokee County",4,40,252,116,136
050,20,021,"Kansas","Cherokee County",4,41,253,133,120
050,20,021,"Kansas","Cherokee County",4,42,251,136,115
050,20,021,"Kansas","Cherokee County",4,43,214,107,107
050,20,021,"Kansas","Cherokee County",4,44,192,89,103
050,20,021,"Kansas","Cherokee County",4,45,202,102,100
050,20,021,"Kansas","Cherokee County",4,46,201,102,99
050,20,021,"Kansas","Cherokee County",4,47,217,118,99
050,20,021,"Kansas","Cherokee County",4,48,216,106,110
050,20,021,"Kansas","Cherokee County",4,49,222,105,117
050,20,021,"Kansas","Cherokee County",4,50,251,131,120
050,20,021,"Kansas","Cherokee County",4,51,269,145,124
050,20,021,"Kansas","Cherokee County",4,52,255,144,111
050,20,021,"Kansas","Cherokee County",4,53,237,122,115
050,20,021,"Kansas","Cherokee County",4,54,243,114,129
050,20,021,"Kansas","Cherokee County",4,55,248,117,131
050,20,021,"Kansas","Cherokee County",4,56,251,130,121
050,20,021,"Kansas","Cherokee County",4,57,294,149,145
050,20,021,"Kansas","Cherokee County",4,58,294,152,142
050,20,021,"Kansas","Cherokee County",4,59,264,134,130
050,20,021,"Kansas","Cherokee County",4,60,288,146,142
050,20,021,"Kansas","Cherokee County",4,61,305,148,157
050,20,021,"Kansas","Cherokee County",4,62,282,131,151
050,20,021,"Kansas","Cherokee County",4,63,273,136,137
050,20,021,"Kansas","Cherokee County",4,64,295,146,149
050,20,021,"Kansas","Cherokee County",4,65,283,141,142
050,20,021,"Kansas","Cherokee County",4,66,264,130,134
050,20,021,"Kansas","Cherokee County",4,67,248,118,130
050,20,021,"Kansas","Cherokee County",4,68,229,106,123
050,20,021,"Kansas","Cherokee County",4,69,226,108,118
050,20,021,"Kansas","Cherokee County",4,70,205,87,118
050,20,021,"Kansas","Cherokee County",4,71,208,103,105
050,20,021,"Kansas","Cherokee County",4,72,193,103,90
050,20,021,"Kansas","Cherokee County",4,73,191,95,96
050,20,021,"Kansas","Cherokee County",4,74,193,91,102
050,20,021,"Kansas","Cherokee County",4,75,218,105,113
050,20,021,"Kansas","Cherokee County",4,76,137,61,76
050,20,021,"Kansas","Cherokee County",4,77,136,55,81
050,20,021,"Kansas","Cherokee County",4,78,132,60,72
050,20,021,"Kansas","Cherokee County",4,79,153,72,81
050,20,021,"Kansas","Cherokee County",4,80,117,58,59
050,20,021,"Kansas","Cherokee County",4,81,86,34,52
050,20,021,"Kansas","Cherokee County",4,82,99,43,56
050,20,021,"Kansas","Cherokee County",4,83,99,44,55
050,20,021,"Kansas","Cherokee County",4,84,78,31,47
050,20,021,"Kansas","Cherokee County",4,85,324,107,217
050,20,021,"Kansas","Cherokee County",5,0,161,79,82
050,20,021,"Kansas","Cherokee County",5,1,208,102,106
050,20,021,"Kansas","Cherokee County",5,2,223,110,113
050,20,021,"Kansas","Cherokee County",5,3,227,114,113
050,20,021,"Kansas","Cherokee County",5,4,251,123,128
050,20,021,"Kansas","Cherokee County",5,5,215,93,122
050,20,021,"Kansas","Cherokee County",5,6,248,122,126
050,20,021,"Kansas","Cherokee County",5,7,248,128,120
050,20,021,"Kansas","Cherokee County",5,8,240,128,112
050,20,021,"Kansas","Cherokee County",5,9,238,133,105
050,20,021,"Kansas","Cherokee County",5,10,233,115,118
050,20,021,"Kansas","Cherokee County",5,11,268,141,127
050,20,021,"Kansas","Cherokee County",5,12,232,121,111
050,20,021,"Kansas","Cherokee County",5,13,253,131,122
050,20,021,"Kansas","Cherokee County",5,14,280,139,141
050,20,021,"Kansas","Cherokee County",5,15,281,139,142
050,20,021,"Kansas","Cherokee County",5,16,267,129,138
050,20,021,"Kansas","Cherokee County",5,17,265,135,130
050,20,021,"Kansas","Cherokee County",5,18,217,120,97
050,20,021,"Kansas","Cherokee County",5,19,182,100,82
050,20,021,"Kansas","Cherokee County",5,20,185,88,97
050,20,021,"Kansas","Cherokee County",5,21,197,110,87
050,20,021,"Kansas","Cherokee County",5,22,204,104,100
050,20,021,"Kansas","Cherokee County",5,23,216,99,117
050,20,021,"Kansas","Cherokee County",5,24,234,112,122
050,20,021,"Kansas","Cherokee County",5,25,216,118,98
050,20,021,"Kansas","Cherokee County",5,26,189,100,89
050,20,021,"Kansas","Cherokee County",5,27,232,124,108
050,20,021,"Kansas","Cherokee County",5,28,216,107,109
050,20,021,"Kansas","Cherokee County",5,29,193,102,91
050,20,021,"Kansas","Cherokee County",5,30,218,102,116
050,20,021,"Kansas","Cherokee County",5,31,217,111,106
050,20,021,"Kansas","Cherokee County",5,32,201,88,113
050,20,021,"Kansas","Cherokee County",5,33,199,102,97
050,20,021,"Kansas","Cherokee County",5,34,216,116,100
050,20,021,"Kansas","Cherokee County",5,35,203,100,103
050,20,021,"Kansas","Cherokee County",5,36,228,119,109
050,20,021,"Kansas","Cherokee County",5,37,246,116,130
050,20,021,"Kansas","Cherokee County",5,38,228,114,114
050,20,021,"Kansas","Cherokee County",5,39,231,119,112
050,20,021,"Kansas","Cherokee County",5,40,213,102,111
050,20,021,"Kansas","Cherokee County",5,41,248,117,131
050,20,021,"Kansas","Cherokee County",5,42,246,130,116
050,20,021,"Kansas","Cherokee County",5,43,249,140,109
050,20,021,"Kansas","Cherokee County",5,44,208,104,104
050,20,021,"Kansas","Cherokee County",5,45,193,90,103
050,20,021,"Kansas","Cherokee County",5,46,206,106,100
050,20,021,"Kansas","Cherokee County",5,47,210,106,104
050,20,021,"Kansas","Cherokee County",5,48,209,115,94
050,20,021,"Kansas","Cherokee County",5,49,212,103,109
050,20,021,"Kansas","Cherokee County",5,50,228,111,117
050,20,021,"Kansas","Cherokee County",5,51,243,130,113
050,20,021,"Kansas","Cherokee County",5,52,275,151,124
050,20,021,"Kansas","Cherokee County",5,53,253,136,117
050,20,021,"Kansas","Cherokee County",5,54,234,119,115
050,20,021,"Kansas","Cherokee County",5,55,240,111,129
050,20,021,"Kansas","Cherokee County",5,56,248,120,128
050,20,021,"Kansas","Cherokee County",5,57,240,123,117
050,20,021,"Kansas","Cherokee County",5,58,291,144,147
050,20,021,"Kansas","Cherokee County",5,59,294,155,139
050,20,021,"Kansas","Cherokee County",5,60,263,134,129
050,20,021,"Kansas","Cherokee County",5,61,289,150,139
050,20,021,"Kansas","Cherokee County",5,62,300,142,158
050,20,021,"Kansas","Cherokee County",5,63,277,130,147
050,20,021,"Kansas","Cherokee County",5,64,266,132,134
050,20,021,"Kansas","Cherokee County",5,65,284,138,146
050,20,021,"Kansas","Cherokee County",5,66,279,139,140
050,20,021,"Kansas","Cherokee County",5,67,258,128,130
050,20,021,"Kansas","Cherokee County",5,68,241,109,132
050,20,021,"Kansas","Cherokee County",5,69,228,106,122
050,20,021,"Kansas","Cherokee County",5,70,222,102,120
050,20,021,"Kansas","Cherokee County",5,71,197,81,116
050,20,021,"Kansas","Cherokee County",5,72,199,100,99
050,20,021,"Kansas","Cherokee County",5,73,186,96,90
050,20,021,"Kansas","Cherokee County",5,74,182,90,92
050,20,021,"Kansas","Cherokee County",5,75,186,90,96
050,20,021,"Kansas","Cherokee County",5,76,212,101,111
050,20,021,"Kansas","Cherokee County",5,77,144,60,84
050,20,021,"Kansas","Cherokee County",5,78,125,51,74
050,20,021,"Kansas","Cherokee County",5,79,131,61,70
050,20,021,"Kansas","Cherokee County",5,80,145,70,75
050,20,021,"Kansas","Cherokee County",5,81,109,48,61
050,20,021,"Kansas","Cherokee County",5,82,77,26,51
050,20,021,"Kansas","Cherokee County",5,83,96,43,53
050,20,021,"Kansas","Cherokee County",5,84,96,42,54
050,20,021,"Kansas","Cherokee County",5,85,316,99,217
050,20,023,"Kansas","Cheyenne County",1,0,24,12,12
050,20,023,"Kansas","Cheyenne County",1,1,26,18,8
050,20,023,"Kansas","Cheyenne County",1,2,36,21,15
050,20,023,"Kansas","Cheyenne County",1,3,41,24,17
050,20,023,"Kansas","Cheyenne County",1,4,44,31,13
050,20,023,"Kansas","Cheyenne County",1,5,43,25,18
050,20,023,"Kansas","Cheyenne County",1,6,25,13,12
050,20,023,"Kansas","Cheyenne County",1,7,31,16,15
050,20,023,"Kansas","Cheyenne County",1,8,35,21,14
050,20,023,"Kansas","Cheyenne County",1,9,28,15,13
050,20,023,"Kansas","Cheyenne County",1,10,36,20,16
050,20,023,"Kansas","Cheyenne County",1,11,31,18,13
050,20,023,"Kansas","Cheyenne County",1,12,29,12,17
050,20,023,"Kansas","Cheyenne County",1,13,26,14,12
050,20,023,"Kansas","Cheyenne County",1,14,29,18,11
050,20,023,"Kansas","Cheyenne County",1,15,25,8,17
050,20,023,"Kansas","Cheyenne County",1,16,27,12,15
050,20,023,"Kansas","Cheyenne County",1,17,27,15,12
050,20,023,"Kansas","Cheyenne County",1,18,24,13,11
050,20,023,"Kansas","Cheyenne County",1,19,26,18,8
050,20,023,"Kansas","Cheyenne County",1,20,28,17,11
050,20,023,"Kansas","Cheyenne County",1,21,21,11,10
050,20,023,"Kansas","Cheyenne County",1,22,27,13,14
050,20,023,"Kansas","Cheyenne County",1,23,28,16,12
050,20,023,"Kansas","Cheyenne County",1,24,27,15,12
050,20,023,"Kansas","Cheyenne County",1,25,29,16,13
050,20,023,"Kansas","Cheyenne County",1,26,25,15,10
050,20,023,"Kansas","Cheyenne County",1,27,32,18,14
050,20,023,"Kansas","Cheyenne County",1,28,31,17,14
050,20,023,"Kansas","Cheyenne County",1,29,29,14,15
050,20,023,"Kansas","Cheyenne County",1,30,25,12,13
050,20,023,"Kansas","Cheyenne County",1,31,25,13,12
050,20,023,"Kansas","Cheyenne County",1,32,20,6,14
050,20,023,"Kansas","Cheyenne County",1,33,25,10,15
050,20,023,"Kansas","Cheyenne County",1,34,31,17,14
050,20,023,"Kansas","Cheyenne County",1,35,21,12,9
050,20,023,"Kansas","Cheyenne County",1,36,28,17,11
050,20,023,"Kansas","Cheyenne County",1,37,40,22,18
050,20,023,"Kansas","Cheyenne County",1,38,33,19,14
050,20,023,"Kansas","Cheyenne County",1,39,30,13,17
050,20,023,"Kansas","Cheyenne County",1,40,33,17,16
050,20,023,"Kansas","Cheyenne County",1,41,25,12,13
050,20,023,"Kansas","Cheyenne County",1,42,18,7,11
050,20,023,"Kansas","Cheyenne County",1,43,23,12,11
050,20,023,"Kansas","Cheyenne County",1,44,28,14,14
050,20,023,"Kansas","Cheyenne County",1,45,32,17,15
050,20,023,"Kansas","Cheyenne County",1,46,29,14,15
050,20,023,"Kansas","Cheyenne County",1,47,23,14,9
050,20,023,"Kansas","Cheyenne County",1,48,30,22,8
050,20,023,"Kansas","Cheyenne County",1,49,22,12,10
050,20,023,"Kansas","Cheyenne County",1,50,23,10,13
050,20,023,"Kansas","Cheyenne County",1,51,24,14,10
050,20,023,"Kansas","Cheyenne County",1,52,24,12,12
050,20,023,"Kansas","Cheyenne County",1,53,30,12,18
050,20,023,"Kansas","Cheyenne County",1,54,26,13,13
050,20,023,"Kansas","Cheyenne County",1,55,32,15,17
050,20,023,"Kansas","Cheyenne County",1,56,26,12,14
050,20,023,"Kansas","Cheyenne County",1,57,29,14,15
050,20,023,"Kansas","Cheyenne County",1,58,32,16,16
050,20,023,"Kansas","Cheyenne County",1,59,33,16,17
050,20,023,"Kansas","Cheyenne County",1,60,43,18,25
050,20,023,"Kansas","Cheyenne County",1,61,46,21,25
050,20,023,"Kansas","Cheyenne County",1,62,47,22,25
050,20,023,"Kansas","Cheyenne County",1,63,43,24,19
050,20,023,"Kansas","Cheyenne County",1,64,52,29,23
050,20,023,"Kansas","Cheyenne County",1,65,43,25,18
050,20,023,"Kansas","Cheyenne County",1,66,39,17,22
050,20,023,"Kansas","Cheyenne County",1,67,38,14,24
050,20,023,"Kansas","Cheyenne County",1,68,32,20,12
050,20,023,"Kansas","Cheyenne County",1,69,32,17,15
050,20,023,"Kansas","Cheyenne County",1,70,38,17,21
050,20,023,"Kansas","Cheyenne County",1,71,37,15,22
050,20,023,"Kansas","Cheyenne County",1,72,42,22,20
050,20,023,"Kansas","Cheyenne County",1,73,36,18,18
050,20,023,"Kansas","Cheyenne County",1,74,24,12,12
050,20,023,"Kansas","Cheyenne County",1,75,24,10,14
050,20,023,"Kansas","Cheyenne County",1,76,25,9,16
050,20,023,"Kansas","Cheyenne County",1,77,23,10,13
050,20,023,"Kansas","Cheyenne County",1,78,21,12,9
050,20,023,"Kansas","Cheyenne County",1,79,22,14,8
050,20,023,"Kansas","Cheyenne County",1,80,19,7,12
050,20,023,"Kansas","Cheyenne County",1,81,16,6,10
050,20,023,"Kansas","Cheyenne County",1,82,13,3,10
050,20,023,"Kansas","Cheyenne County",1,83,10,5,5
050,20,023,"Kansas","Cheyenne County",1,84,13,5,8
050,20,023,"Kansas","Cheyenne County",1,85,128,47,81
050,20,023,"Kansas","Cheyenne County",2,0,29,15,14
050,20,023,"Kansas","Cheyenne County",2,1,26,16,10
050,20,023,"Kansas","Cheyenne County",2,2,34,20,14
050,20,023,"Kansas","Cheyenne County",2,3,39,23,16
050,20,023,"Kansas","Cheyenne County",2,4,45,30,15
050,20,023,"Kansas","Cheyenne County",2,5,43,26,17
050,20,023,"Kansas","Cheyenne County",2,6,30,16,14
050,20,023,"Kansas","Cheyenne County",2,7,30,15,15
050,20,023,"Kansas","Cheyenne County",2,8,32,19,13
050,20,023,"Kansas","Cheyenne County",2,9,30,17,13
050,20,023,"Kansas","Cheyenne County",2,10,33,19,14
050,20,023,"Kansas","Cheyenne County",2,11,31,18,13
050,20,023,"Kansas","Cheyenne County",2,12,30,14,16
050,20,023,"Kansas","Cheyenne County",2,13,26,13,13
050,20,023,"Kansas","Cheyenne County",2,14,29,17,12
050,20,023,"Kansas","Cheyenne County",2,15,27,11,16
050,20,023,"Kansas","Cheyenne County",2,16,26,11,15
050,20,023,"Kansas","Cheyenne County",2,17,26,14,12
050,20,023,"Kansas","Cheyenne County",2,18,24,13,11
050,20,023,"Kansas","Cheyenne County",2,19,24,15,9
050,20,023,"Kansas","Cheyenne County",2,20,28,17,11
050,20,023,"Kansas","Cheyenne County",2,21,21,11,10
050,20,023,"Kansas","Cheyenne County",2,22,27,13,14
050,20,023,"Kansas","Cheyenne County",2,23,28,15,13
050,20,023,"Kansas","Cheyenne County",2,24,27,15,12
050,20,023,"Kansas","Cheyenne County",2,25,28,15,13
050,20,023,"Kansas","Cheyenne County",2,26,26,15,11
050,20,023,"Kansas","Cheyenne County",2,27,30,17,13
050,20,023,"Kansas","Cheyenne County",2,28,31,17,14
050,20,023,"Kansas","Cheyenne County",2,29,29,14,15
050,20,023,"Kansas","Cheyenne County",2,30,27,13,14
050,20,023,"Kansas","Cheyenne County",2,31,25,13,12
050,20,023,"Kansas","Cheyenne County",2,32,22,8,14
050,20,023,"Kansas","Cheyenne County",2,33,23,9,14
050,20,023,"Kansas","Cheyenne County",2,34,31,16,15
050,20,023,"Kansas","Cheyenne County",2,35,24,14,10
050,20,023,"Kansas","Cheyenne County",2,36,27,16,11
050,20,023,"Kansas","Cheyenne County",2,37,37,21,16
050,20,023,"Kansas","Cheyenne County",2,38,34,19,15
050,20,023,"Kansas","Cheyenne County",2,39,30,14,16
050,20,023,"Kansas","Cheyenne County",2,40,33,17,16
050,20,023,"Kansas","Cheyenne County",2,41,28,14,14
050,20,023,"Kansas","Cheyenne County",2,42,20,9,11
050,20,023,"Kansas","Cheyenne County",2,43,22,11,11
050,20,023,"Kansas","Cheyenne County",2,44,26,13,13
050,20,023,"Kansas","Cheyenne County",2,45,31,16,15
050,20,023,"Kansas","Cheyenne County",2,46,31,16,15
050,20,023,"Kansas","Cheyenne County",2,47,25,14,11
050,20,023,"Kansas","Cheyenne County",2,48,28,21,7
050,20,023,"Kansas","Cheyenne County",2,49,25,15,10
050,20,023,"Kansas","Cheyenne County",2,50,22,10,12
050,20,023,"Kansas","Cheyenne County",2,51,26,14,12
050,20,023,"Kansas","Cheyenne County",2,52,24,12,12
050,20,023,"Kansas","Cheyenne County",2,53,29,12,17
050,20,023,"Kansas","Cheyenne County",2,54,26,12,14
050,20,023,"Kansas","Cheyenne County",2,55,30,14,16
050,20,023,"Kansas","Cheyenne County",2,56,27,13,14
050,20,023,"Kansas","Cheyenne County",2,57,29,14,15
050,20,023,"Kansas","Cheyenne County",2,58,31,15,16
050,20,023,"Kansas","Cheyenne County",2,59,33,16,17
050,20,023,"Kansas","Cheyenne County",2,60,40,17,23
050,20,023,"Kansas","Cheyenne County",2,61,44,20,24
050,20,023,"Kansas","Cheyenne County",2,62,47,22,25
050,20,023,"Kansas","Cheyenne County",2,63,45,24,21
050,20,023,"Kansas","Cheyenne County",2,64,48,27,21
050,20,023,"Kansas","Cheyenne County",2,65,45,26,19
050,20,023,"Kansas","Cheyenne County",2,66,40,18,22
050,20,023,"Kansas","Cheyenne County",2,67,38,15,23
050,20,023,"Kansas","Cheyenne County",2,68,34,19,15
050,20,023,"Kansas","Cheyenne County",2,69,31,18,13
050,20,023,"Kansas","Cheyenne County",2,70,36,17,19
050,20,023,"Kansas","Cheyenne County",2,71,38,16,22
050,20,023,"Kansas","Cheyenne County",2,72,39,19,20
050,20,023,"Kansas","Cheyenne County",2,73,39,20,19
050,20,023,"Kansas","Cheyenne County",2,74,24,11,13
050,20,023,"Kansas","Cheyenne County",2,75,23,10,13
050,20,023,"Kansas","Cheyenne County",2,76,24,8,16
050,20,023,"Kansas","Cheyenne County",2,77,24,10,14
050,20,023,"Kansas","Cheyenne County",2,78,21,12,9
050,20,023,"Kansas","Cheyenne County",2,79,23,14,9
050,20,023,"Kansas","Cheyenne County",2,80,19,8,11
050,20,023,"Kansas","Cheyenne County",2,81,16,6,10
050,20,023,"Kansas","Cheyenne County",2,82,14,4,10
050,20,023,"Kansas","Cheyenne County",2,83,11,5,6
050,20,023,"Kansas","Cheyenne County",2,84,12,5,7
050,20,023,"Kansas","Cheyenne County",2,85,124,43,81
050,20,023,"Kansas","Cheyenne County",3,0,41,21,20
050,20,023,"Kansas","Cheyenne County",3,1,30,15,15
050,20,023,"Kansas","Cheyenne County",3,2,29,16,13
050,20,023,"Kansas","Cheyenne County",3,3,31,16,15
050,20,023,"Kansas","Cheyenne County",3,4,42,24,18
050,20,023,"Kansas","Cheyenne County",3,5,48,34,14
050,20,023,"Kansas","Cheyenne County",3,6,47,29,18
050,20,023,"Kansas","Cheyenne County",3,7,29,17,12
050,20,023,"Kansas","Cheyenne County",3,8,33,18,15
050,20,023,"Kansas","Cheyenne County",3,9,34,20,14
050,20,023,"Kansas","Cheyenne County",3,10,27,14,13
050,20,023,"Kansas","Cheyenne County",3,11,31,18,13
050,20,023,"Kansas","Cheyenne County",3,12,32,15,17
050,20,023,"Kansas","Cheyenne County",3,13,32,17,15
050,20,023,"Kansas","Cheyenne County",3,14,27,13,14
050,20,023,"Kansas","Cheyenne County",3,15,23,17,6
050,20,023,"Kansas","Cheyenne County",3,16,26,11,15
050,20,023,"Kansas","Cheyenne County",3,17,30,13,17
050,20,023,"Kansas","Cheyenne County",3,18,21,12,9
050,20,023,"Kansas","Cheyenne County",3,19,18,9,9
050,20,023,"Kansas","Cheyenne County",3,20,29,17,12
050,20,023,"Kansas","Cheyenne County",3,21,25,16,9
050,20,023,"Kansas","Cheyenne County",3,22,19,11,8
050,20,023,"Kansas","Cheyenne County",3,23,27,11,16
050,20,023,"Kansas","Cheyenne County",3,24,33,15,18
050,20,023,"Kansas","Cheyenne County",3,25,30,17,13
050,20,023,"Kansas","Cheyenne County",3,26,29,16,13
050,20,023,"Kansas","Cheyenne County",3,27,24,13,11
050,20,023,"Kansas","Cheyenne County",3,28,34,18,16
050,20,023,"Kansas","Cheyenne County",3,29,30,19,11
050,20,023,"Kansas","Cheyenne County",3,30,36,20,16
050,20,023,"Kansas","Cheyenne County",3,31,25,13,12
050,20,023,"Kansas","Cheyenne County",3,32,25,13,12
050,20,023,"Kansas","Cheyenne County",3,33,26,10,16
050,20,023,"Kansas","Cheyenne County",3,34,24,9,15
050,20,023,"Kansas","Cheyenne County",3,35,31,15,16
050,20,023,"Kansas","Cheyenne County",3,36,27,15,12
050,20,023,"Kansas","Cheyenne County",3,37,30,15,15
050,20,023,"Kansas","Cheyenne County",3,38,35,20,15
050,20,023,"Kansas","Cheyenne County",3,39,33,18,15
050,20,023,"Kansas","Cheyenne County",3,40,26,12,14
050,20,023,"Kansas","Cheyenne County",3,41,39,21,18
050,20,023,"Kansas","Cheyenne County",3,42,28,14,14
050,20,023,"Kansas","Cheyenne County",3,43,21,10,11
050,20,023,"Kansas","Cheyenne County",3,44,22,11,11
050,20,023,"Kansas","Cheyenne County",3,45,25,13,12
050,20,023,"Kansas","Cheyenne County",3,46,33,17,16
050,20,023,"Kansas","Cheyenne County",3,47,29,16,13
050,20,023,"Kansas","Cheyenne County",3,48,26,14,12
050,20,023,"Kansas","Cheyenne County",3,49,27,20,7
050,20,023,"Kansas","Cheyenne County",3,50,28,15,13
050,20,023,"Kansas","Cheyenne County",3,51,22,10,12
050,20,023,"Kansas","Cheyenne County",3,52,26,14,12
050,20,023,"Kansas","Cheyenne County",3,53,26,14,12
050,20,023,"Kansas","Cheyenne County",3,54,30,12,18
050,20,023,"Kansas","Cheyenne County",3,55,25,11,14
050,20,023,"Kansas","Cheyenne County",3,56,28,16,12
050,20,023,"Kansas","Cheyenne County",3,57,26,13,13
050,20,023,"Kansas","Cheyenne County",3,58,26,13,13
050,20,023,"Kansas","Cheyenne County",3,59,34,15,19
050,20,023,"Kansas","Cheyenne County",3,60,29,13,16
050,20,023,"Kansas","Cheyenne County",3,61,36,15,21
050,20,023,"Kansas","Cheyenne County",3,62,47,22,25
050,20,023,"Kansas","Cheyenne County",3,63,45,22,23
050,20,023,"Kansas","Cheyenne County",3,64,46,25,21
050,20,023,"Kansas","Cheyenne County",3,65,47,26,21
050,20,023,"Kansas","Cheyenne County",3,66,42,25,17
050,20,023,"Kansas","Cheyenne County",3,67,40,18,22
050,20,023,"Kansas","Cheyenne County",3,68,40,16,24
050,20,023,"Kansas","Cheyenne County",3,69,34,19,15
050,20,023,"Kansas","Cheyenne County",3,70,32,18,14
050,20,023,"Kansas","Cheyenne County",3,71,35,16,19
050,20,023,"Kansas","Cheyenne County",3,72,35,16,19
050,20,023,"Kansas","Cheyenne County",3,73,36,19,17
050,20,023,"Kansas","Cheyenne County",3,74,36,18,18
050,20,023,"Kansas","Cheyenne County",3,75,22,10,12
050,20,023,"Kansas","Cheyenne County",3,76,23,10,13
050,20,023,"Kansas","Cheyenne County",3,77,23,8,15
050,20,023,"Kansas","Cheyenne County",3,78,21,8,13
050,20,023,"Kansas","Cheyenne County",3,79,22,13,9
050,20,023,"Kansas","Cheyenne County",3,80,21,13,8
050,20,023,"Kansas","Cheyenne County",3,81,18,9,9
050,20,023,"Kansas","Cheyenne County",3,82,14,4,10
050,20,023,"Kansas","Cheyenne County",3,83,17,5,12
050,20,023,"Kansas","Cheyenne County",3,84,13,5,8
050,20,023,"Kansas","Cheyenne County",3,85,113,40,73
050,20,023,"Kansas","Cheyenne County",4,0,39,21,18
050,20,023,"Kansas","Cheyenne County",4,1,43,23,20
050,20,023,"Kansas","Cheyenne County",4,2,29,14,15
050,20,023,"Kansas","Cheyenne County",4,3,28,16,12
050,20,023,"Kansas","Cheyenne County",4,4,27,15,12
050,20,023,"Kansas","Cheyenne County",4,5,41,24,17
050,20,023,"Kansas","Cheyenne County",4,6,51,32,19
050,20,023,"Kansas","Cheyenne County",4,7,41,27,14
050,20,023,"Kansas","Cheyenne County",4,8,27,17,10
050,20,023,"Kansas","Cheyenne County",4,9,32,17,15
050,20,023,"Kansas","Cheyenne County",4,10,32,18,14
050,20,023,"Kansas","Cheyenne County",4,11,30,15,15
050,20,023,"Kansas","Cheyenne County",4,12,31,19,12
050,20,023,"Kansas","Cheyenne County",4,13,31,14,17
050,20,023,"Kansas","Cheyenne County",4,14,33,18,15
050,20,023,"Kansas","Cheyenne County",4,15,25,12,13
050,20,023,"Kansas","Cheyenne County",4,16,20,17,3
050,20,023,"Kansas","Cheyenne County",4,17,22,10,12
050,20,023,"Kansas","Cheyenne County",4,18,26,13,13
050,20,023,"Kansas","Cheyenne County",4,19,17,10,7
050,20,023,"Kansas","Cheyenne County",4,20,17,11,6
050,20,023,"Kansas","Cheyenne County",4,21,26,14,12
050,20,023,"Kansas","Cheyenne County",4,22,29,17,12
050,20,023,"Kansas","Cheyenne County",4,23,18,10,8
050,20,023,"Kansas","Cheyenne County",4,24,32,16,16
050,20,023,"Kansas","Cheyenne County",4,25,27,13,14
050,20,023,"Kansas","Cheyenne County",4,26,35,19,16
050,20,023,"Kansas","Cheyenne County",4,27,26,14,12
050,20,023,"Kansas","Cheyenne County",4,28,18,12,6
050,20,023,"Kansas","Cheyenne County",4,29,38,19,19
050,20,023,"Kansas","Cheyenne County",4,30,31,19,12
050,20,023,"Kansas","Cheyenne County",4,31,34,18,16
050,20,023,"Kansas","Cheyenne County",4,32,24,13,11
050,20,023,"Kansas","Cheyenne County",4,33,27,15,12
050,20,023,"Kansas","Cheyenne County",4,34,20,6,14
050,20,023,"Kansas","Cheyenne County",4,35,21,7,14
050,20,023,"Kansas","Cheyenne County",4,36,30,14,16
050,20,023,"Kansas","Cheyenne County",4,37,27,16,11
050,20,023,"Kansas","Cheyenne County",4,38,30,15,15
050,20,023,"Kansas","Cheyenne County",4,39,35,21,14
050,20,023,"Kansas","Cheyenne County",4,40,34,18,16
050,20,023,"Kansas","Cheyenne County",4,41,28,12,16
050,20,023,"Kansas","Cheyenne County",4,42,38,20,18
050,20,023,"Kansas","Cheyenne County",4,43,29,15,14
050,20,023,"Kansas","Cheyenne County",4,44,24,13,11
050,20,023,"Kansas","Cheyenne County",4,45,22,11,11
050,20,023,"Kansas","Cheyenne County",4,46,26,14,12
050,20,023,"Kansas","Cheyenne County",4,47,32,16,16
050,20,023,"Kansas","Cheyenne County",4,48,29,16,13
050,20,023,"Kansas","Cheyenne County",4,49,26,14,12
050,20,023,"Kansas","Cheyenne County",4,50,25,18,7
050,20,023,"Kansas","Cheyenne County",4,51,32,16,16
050,20,023,"Kansas","Cheyenne County",4,52,22,10,12
050,20,023,"Kansas","Cheyenne County",4,53,27,14,13
050,20,023,"Kansas","Cheyenne County",4,54,26,14,12
050,20,023,"Kansas","Cheyenne County",4,55,31,12,19
050,20,023,"Kansas","Cheyenne County",4,56,25,11,14
050,20,023,"Kansas","Cheyenne County",4,57,26,15,11
050,20,023,"Kansas","Cheyenne County",4,58,31,15,16
050,20,023,"Kansas","Cheyenne County",4,59,26,13,13
050,20,023,"Kansas","Cheyenne County",4,60,32,15,17
050,20,023,"Kansas","Cheyenne County",4,61,32,13,19
050,20,023,"Kansas","Cheyenne County",4,62,37,15,22
050,20,023,"Kansas","Cheyenne County",4,63,48,23,25
050,20,023,"Kansas","Cheyenne County",4,64,45,21,24
050,20,023,"Kansas","Cheyenne County",4,65,45,23,22
050,20,023,"Kansas","Cheyenne County",4,66,50,29,21
050,20,023,"Kansas","Cheyenne County",4,67,42,26,16
050,20,023,"Kansas","Cheyenne County",4,68,40,19,21
050,20,023,"Kansas","Cheyenne County",4,69,42,16,26
050,20,023,"Kansas","Cheyenne County",4,70,35,21,14
050,20,023,"Kansas","Cheyenne County",4,71,33,19,14
050,20,023,"Kansas","Cheyenne County",4,72,33,15,18
050,20,023,"Kansas","Cheyenne County",4,73,32,15,17
050,20,023,"Kansas","Cheyenne County",4,74,35,19,16
050,20,023,"Kansas","Cheyenne County",4,75,33,17,16
050,20,023,"Kansas","Cheyenne County",4,76,22,11,11
050,20,023,"Kansas","Cheyenne County",4,77,22,10,12
050,20,023,"Kansas","Cheyenne County",4,78,18,5,13
050,20,023,"Kansas","Cheyenne County",4,79,22,9,13
050,20,023,"Kansas","Cheyenne County",4,80,19,10,9
050,20,023,"Kansas","Cheyenne County",4,81,19,13,6
050,20,023,"Kansas","Cheyenne County",4,82,16,7,9
050,20,023,"Kansas","Cheyenne County",4,83,13,5,8
050,20,023,"Kansas","Cheyenne County",4,84,19,4,15
050,20,023,"Kansas","Cheyenne County",4,85,105,39,66
050,20,023,"Kansas","Cheyenne County",5,0,40,23,17
050,20,023,"Kansas","Cheyenne County",5,1,42,19,23
050,20,023,"Kansas","Cheyenne County",5,2,41,21,20
050,20,023,"Kansas","Cheyenne County",5,3,31,16,15
050,20,023,"Kansas","Cheyenne County",5,4,24,13,11
050,20,023,"Kansas","Cheyenne County",5,5,26,16,10
050,20,023,"Kansas","Cheyenne County",5,6,40,24,16
050,20,023,"Kansas","Cheyenne County",5,7,48,34,14
050,20,023,"Kansas","Cheyenne County",5,8,42,27,15
050,20,023,"Kansas","Cheyenne County",5,9,31,18,13
050,20,023,"Kansas","Cheyenne County",5,10,32,16,16
050,20,023,"Kansas","Cheyenne County",5,11,29,17,12
050,20,023,"Kansas","Cheyenne County",5,12,35,16,19
050,20,023,"Kansas","Cheyenne County",5,13,31,20,11
050,20,023,"Kansas","Cheyenne County",5,14,36,17,19
050,20,023,"Kansas","Cheyenne County",5,15,32,17,15
050,20,023,"Kansas","Cheyenne County",5,16,28,14,14
050,20,023,"Kansas","Cheyenne County",5,17,21,17,4
050,20,023,"Kansas","Cheyenne County",5,18,22,10,12
050,20,023,"Kansas","Cheyenne County",5,19,16,9,7
050,20,023,"Kansas","Cheyenne County",5,20,19,12,7
050,20,023,"Kansas","Cheyenne County",5,21,17,10,7
050,20,023,"Kansas","Cheyenne County",5,22,22,13,9
050,20,023,"Kansas","Cheyenne County",5,23,28,15,13
050,20,023,"Kansas","Cheyenne County",5,24,24,10,14
050,20,023,"Kansas","Cheyenne County",5,25,34,20,14
050,20,023,"Kansas","Cheyenne County",5,26,24,12,12
050,20,023,"Kansas","Cheyenne County",5,27,30,15,15
050,20,023,"Kansas","Cheyenne County",5,28,25,13,12
050,20,023,"Kansas","Cheyenne County",5,29,22,15,7
050,20,023,"Kansas","Cheyenne County",5,30,38,19,19
050,20,023,"Kansas","Cheyenne County",5,31,31,20,11
050,20,023,"Kansas","Cheyenne County",5,32,30,14,16
050,20,023,"Kansas","Cheyenne County",5,33,27,14,13
050,20,023,"Kansas","Cheyenne County",5,34,25,13,12
050,20,023,"Kansas","Cheyenne County",5,35,25,8,17
050,20,023,"Kansas","Cheyenne County",5,36,20,8,12
050,20,023,"Kansas","Cheyenne County",5,37,32,14,18
050,20,023,"Kansas","Cheyenne County",5,38,29,16,13
050,20,023,"Kansas","Cheyenne County",5,39,33,19,14
050,20,023,"Kansas","Cheyenne County",5,40,39,21,18
050,20,023,"Kansas","Cheyenne County",5,41,35,18,17
050,20,023,"Kansas","Cheyenne County",5,42,31,13,18
050,20,023,"Kansas","Cheyenne County",5,43,39,21,18
050,20,023,"Kansas","Cheyenne County",5,44,29,15,14
050,20,023,"Kansas","Cheyenne County",5,45,23,11,12
050,20,023,"Kansas","Cheyenne County",5,46,22,11,11
050,20,023,"Kansas","Cheyenne County",5,47,27,15,12
050,20,023,"Kansas","Cheyenne County",5,48,32,16,16
050,20,023,"Kansas","Cheyenne County",5,49,31,18,13
050,20,023,"Kansas","Cheyenne County",5,50,25,13,12
050,20,023,"Kansas","Cheyenne County",5,51,25,18,7
050,20,023,"Kansas","Cheyenne County",5,52,32,16,16
050,20,023,"Kansas","Cheyenne County",5,53,24,12,12
050,20,023,"Kansas","Cheyenne County",5,54,27,14,13
050,20,023,"Kansas","Cheyenne County",5,55,26,13,13
050,20,023,"Kansas","Cheyenne County",5,56,26,11,15
050,20,023,"Kansas","Cheyenne County",5,57,23,9,14
050,20,023,"Kansas","Cheyenne County",5,58,25,14,11
050,20,023,"Kansas","Cheyenne County",5,59,30,15,15
050,20,023,"Kansas","Cheyenne County",5,60,26,13,13
050,20,023,"Kansas","Cheyenne County",5,61,30,14,16
050,20,023,"Kansas","Cheyenne County",5,62,29,13,16
050,20,023,"Kansas","Cheyenne County",5,63,35,15,20
050,20,023,"Kansas","Cheyenne County",5,64,47,22,25
050,20,023,"Kansas","Cheyenne County",5,65,45,21,24
050,20,023,"Kansas","Cheyenne County",5,66,49,27,22
050,20,023,"Kansas","Cheyenne County",5,67,50,29,21
050,20,023,"Kansas","Cheyenne County",5,68,41,26,15
050,20,023,"Kansas","Cheyenne County",5,69,41,20,21
050,20,023,"Kansas","Cheyenne County",5,70,40,15,25
050,20,023,"Kansas","Cheyenne County",5,71,34,19,15
050,20,023,"Kansas","Cheyenne County",5,72,32,18,14
050,20,023,"Kansas","Cheyenne County",5,73,32,15,17
050,20,023,"Kansas","Cheyenne County",5,74,32,17,15
050,20,023,"Kansas","Cheyenne County",5,75,35,19,16
050,20,023,"Kansas","Cheyenne County",5,76,35,18,17
050,20,023,"Kansas","Cheyenne County",5,77,21,10,11
050,20,023,"Kansas","Cheyenne County",5,78,18,9,9
050,20,023,"Kansas","Cheyenne County",5,79,20,6,14
050,20,023,"Kansas","Cheyenne County",5,80,21,9,12
050,20,023,"Kansas","Cheyenne County",5,81,18,11,7
050,20,023,"Kansas","Cheyenne County",5,82,17,11,6
050,20,023,"Kansas","Cheyenne County",5,83,14,7,7
050,20,023,"Kansas","Cheyenne County",5,84,13,3,10
050,20,023,"Kansas","Cheyenne County",5,85,108,38,70
050,20,025,"Kansas","Clark County",1,0,24,12,12
050,20,025,"Kansas","Clark County",1,1,21,11,10
050,20,025,"Kansas","Clark County",1,2,23,14,9
050,20,025,"Kansas","Clark County",1,3,24,15,9
050,20,025,"Kansas","Clark County",1,4,25,14,11
050,20,025,"Kansas","Clark County",1,5,24,13,11
050,20,025,"Kansas","Clark County",1,6,20,11,9
050,20,025,"Kansas","Clark County",1,7,26,13,13
050,20,025,"Kansas","Clark County",1,8,27,14,13
050,20,025,"Kansas","Clark County",1,9,25,13,12
050,20,025,"Kansas","Clark County",1,10,32,17,15
050,20,025,"Kansas","Clark County",1,11,39,20,19
050,20,025,"Kansas","Clark County",1,12,30,13,17
050,20,025,"Kansas","Clark County",1,13,41,25,16
050,20,025,"Kansas","Clark County",1,14,30,14,16
050,20,025,"Kansas","Clark County",1,15,35,17,18
050,20,025,"Kansas","Clark County",1,16,29,11,18
050,20,025,"Kansas","Clark County",1,17,26,13,13
050,20,025,"Kansas","Clark County",1,18,22,8,14
050,20,025,"Kansas","Clark County",1,19,16,7,9
050,20,025,"Kansas","Clark County",1,20,14,7,7
050,20,025,"Kansas","Clark County",1,21,23,11,12
050,20,025,"Kansas","Clark County",1,22,22,10,12
050,20,025,"Kansas","Clark County",1,23,23,11,12
050,20,025,"Kansas","Clark County",1,24,21,12,9
050,20,025,"Kansas","Clark County",1,25,29,13,16
050,20,025,"Kansas","Clark County",1,26,20,10,10
050,20,025,"Kansas","Clark County",1,27,22,12,10
050,20,025,"Kansas","Clark County",1,28,21,12,9
050,20,025,"Kansas","Clark County",1,29,19,14,5
050,20,025,"Kansas","Clark County",1,30,21,12,9
050,20,025,"Kansas","Clark County",1,31,20,10,10
050,20,025,"Kansas","Clark County",1,32,18,5,13
050,20,025,"Kansas","Clark County",1,33,26,11,15
050,20,025,"Kansas","Clark County",1,34,17,6,11
050,20,025,"Kansas","Clark County",1,35,15,9,6
050,20,025,"Kansas","Clark County",1,36,24,16,8
050,20,025,"Kansas","Clark County",1,37,30,12,18
050,20,025,"Kansas","Clark County",1,38,24,15,9
050,20,025,"Kansas","Clark County",1,39,28,14,14
050,20,025,"Kansas","Clark County",1,40,27,16,11
050,20,025,"Kansas","Clark County",1,41,24,15,9
050,20,025,"Kansas","Clark County",1,42,25,13,12
050,20,025,"Kansas","Clark County",1,43,21,14,7
050,20,025,"Kansas","Clark County",1,44,26,15,11
050,20,025,"Kansas","Clark County",1,45,21,11,10
050,20,025,"Kansas","Clark County",1,46,19,11,8
050,20,025,"Kansas","Clark County",1,47,15,7,8
050,20,025,"Kansas","Clark County",1,48,17,7,10
050,20,025,"Kansas","Clark County",1,49,26,10,16
050,20,025,"Kansas","Clark County",1,50,22,9,13
050,20,025,"Kansas","Clark County",1,51,18,7,11
050,20,025,"Kansas","Clark County",1,52,12,4,8
050,20,025,"Kansas","Clark County",1,53,23,10,13
050,20,025,"Kansas","Clark County",1,54,30,14,16
050,20,025,"Kansas","Clark County",1,55,26,16,10
050,20,025,"Kansas","Clark County",1,56,26,14,12
050,20,025,"Kansas","Clark County",1,57,31,15,16
050,20,025,"Kansas","Clark County",1,58,33,15,18
050,20,025,"Kansas","Clark County",1,59,33,17,16
050,20,025,"Kansas","Clark County",1,60,26,10,16
050,20,025,"Kansas","Clark County",1,61,21,10,11
050,20,025,"Kansas","Clark County",1,62,30,16,14
050,20,025,"Kansas","Clark County",1,63,26,12,14
050,20,025,"Kansas","Clark County",1,64,23,10,13
050,20,025,"Kansas","Clark County",1,65,26,14,12
050,20,025,"Kansas","Clark County",1,66,21,9,12
050,20,025,"Kansas","Clark County",1,67,25,10,15
050,20,025,"Kansas","Clark County",1,68,23,11,12
050,20,025,"Kansas","Clark County",1,69,23,15,8
050,20,025,"Kansas","Clark County",1,70,20,10,10
050,20,025,"Kansas","Clark County",1,71,21,9,12
050,20,025,"Kansas","Clark County",1,72,22,9,13
050,20,025,"Kansas","Clark County",1,73,21,10,11
050,20,025,"Kansas","Clark County",1,74,15,8,7
050,20,025,"Kansas","Clark County",1,75,13,7,6
050,20,025,"Kansas","Clark County",1,76,9,4,5
050,20,025,"Kansas","Clark County",1,77,17,10,7
050,20,025,"Kansas","Clark County",1,78,19,7,12
050,20,025,"Kansas","Clark County",1,79,15,7,8
050,20,025,"Kansas","Clark County",1,80,16,6,10
050,20,025,"Kansas","Clark County",1,81,9,4,5
050,20,025,"Kansas","Clark County",1,82,10,2,8
050,20,025,"Kansas","Clark County",1,83,15,6,9
050,20,025,"Kansas","Clark County",1,84,11,6,5
050,20,025,"Kansas","Clark County",1,85,64,21,43
050,20,025,"Kansas","Clark County",2,0,20,9,11
050,20,025,"Kansas","Clark County",2,1,21,11,10
050,20,025,"Kansas","Clark County",2,2,22,13,9
050,20,025,"Kansas","Clark County",2,3,25,16,9
050,20,025,"Kansas","Clark County",2,4,25,14,11
050,20,025,"Kansas","Clark County",2,5,24,13,11
050,20,025,"Kansas","Clark County",2,6,21,12,9
050,20,025,"Kansas","Clark County",2,7,24,12,12
050,20,025,"Kansas","Clark County",2,8,28,14,14
050,20,025,"Kansas","Clark County",2,9,27,14,13
050,20,025,"Kansas","Clark County",2,10,31,16,15
050,20,025,"Kansas","Clark County",2,11,36,18,18
050,20,025,"Kansas","Clark County",2,12,32,14,18
050,20,025,"Kansas","Clark County",2,13,39,23,16
050,20,025,"Kansas","Clark County",2,14,32,16,16
050,20,025,"Kansas","Clark County",2,15,34,16,18
050,20,025,"Kansas","Clark County",2,16,30,12,18
050,20,025,"Kansas","Clark County",2,17,26,12,14
050,20,025,"Kansas","Clark County",2,18,21,8,13
050,20,025,"Kansas","Clark County",2,19,15,6,9
050,20,025,"Kansas","Clark County",2,20,14,7,7
050,20,025,"Kansas","Clark County",2,21,21,10,11
050,20,025,"Kansas","Clark County",2,22,21,9,12
050,20,025,"Kansas","Clark County",2,23,24,12,12
050,20,025,"Kansas","Clark County",2,24,23,13,10
050,20,025,"Kansas","Clark County",2,25,27,12,15
050,20,025,"Kansas","Clark County",2,26,23,11,12
050,20,025,"Kansas","Clark County",2,27,20,11,9
050,20,025,"Kansas","Clark County",2,28,21,12,9
050,20,025,"Kansas","Clark County",2,29,20,14,6
050,20,025,"Kansas","Clark County",2,30,21,12,9
050,20,025,"Kansas","Clark County",2,31,21,11,10
050,20,025,"Kansas","Clark County",2,32,18,6,12
050,20,025,"Kansas","Clark County",2,33,24,10,14
050,20,025,"Kansas","Clark County",2,34,19,7,12
050,20,025,"Kansas","Clark County",2,35,15,8,7
050,20,025,"Kansas","Clark County",2,36,21,14,7
050,20,025,"Kansas","Clark County",2,37,29,14,15
050,20,025,"Kansas","Clark County",2,38,25,14,11
050,20,025,"Kansas","Clark County",2,39,27,15,12
050,20,025,"Kansas","Clark County",2,40,28,16,12
050,20,025,"Kansas","Clark County",2,41,23,14,9
050,20,025,"Kansas","Clark County",2,42,25,13,12
050,20,025,"Kansas","Clark County",2,43,23,14,9
050,20,025,"Kansas","Clark County",2,44,25,15,10
050,20,025,"Kansas","Clark County",2,45,23,12,11
050,20,025,"Kansas","Clark County",2,46,19,11,8
050,20,025,"Kansas","Clark County",2,47,16,8,8
050,20,025,"Kansas","Clark County",2,48,17,7,10
050,20,025,"Kansas","Clark County",2,49,23,9,14
050,20,025,"Kansas","Clark County",2,50,22,9,13
050,20,025,"Kansas","Clark County",2,51,18,7,11
050,20,025,"Kansas","Clark County",2,52,13,5,8
050,20,025,"Kansas","Clark County",2,53,20,9,11
050,20,025,"Kansas","Clark County",2,54,28,13,15
050,20,025,"Kansas","Clark County",2,55,27,16,11
050,20,025,"Kansas","Clark County",2,56,25,14,11
050,20,025,"Kansas","Clark County",2,57,30,15,15
050,20,025,"Kansas","Clark County",2,58,32,15,17
050,20,025,"Kansas","Clark County",2,59,33,17,16
050,20,025,"Kansas","Clark County",2,60,28,12,16
050,20,025,"Kansas","Clark County",2,61,22,10,12
050,20,025,"Kansas","Clark County",2,62,29,15,14
050,20,025,"Kansas","Clark County",2,63,27,13,14
050,20,025,"Kansas","Clark County",2,64,23,10,13
050,20,025,"Kansas","Clark County",2,65,24,12,12
050,20,025,"Kansas","Clark County",2,66,20,9,11
050,20,025,"Kansas","Clark County",2,67,24,10,14
050,20,025,"Kansas","Clark County",2,68,24,11,13
050,20,025,"Kansas","Clark County",2,69,23,14,9
050,20,025,"Kansas","Clark County",2,70,21,11,10
050,20,025,"Kansas","Clark County",2,71,21,10,11
050,20,025,"Kansas","Clark County",2,72,21,8,13
050,20,025,"Kansas","Clark County",2,73,22,11,11
050,20,025,"Kansas","Clark County",2,74,16,8,8
050,20,025,"Kansas","Clark County",2,75,13,7,6
050,20,025,"Kansas","Clark County",2,76,10,5,5
050,20,025,"Kansas","Clark County",2,77,16,9,7
050,20,025,"Kansas","Clark County",2,78,19,8,11
050,20,025,"Kansas","Clark County",2,79,15,7,8
050,20,025,"Kansas","Clark County",2,80,16,6,10
050,20,025,"Kansas","Clark County",2,81,10,4,6
050,20,025,"Kansas","Clark County",2,82,9,2,7
050,20,025,"Kansas","Clark County",2,83,14,5,9
050,20,025,"Kansas","Clark County",2,84,11,6,5
050,20,025,"Kansas","Clark County",2,85,64,20,44
050,20,025,"Kansas","Clark County",3,0,17,2,15
050,20,025,"Kansas","Clark County",3,1,18,9,9
050,20,025,"Kansas","Clark County",3,2,22,13,9
050,20,025,"Kansas","Clark County",3,3,21,13,8
050,20,025,"Kansas","Clark County",3,4,24,14,10
050,20,025,"Kansas","Clark County",3,5,26,14,12
050,20,025,"Kansas","Clark County",3,6,25,14,11
050,20,025,"Kansas","Clark County",3,7,22,12,10
050,20,025,"Kansas","Clark County",3,8,25,13,12
050,20,025,"Kansas","Clark County",3,9,28,16,12
050,20,025,"Kansas","Clark County",3,10,26,13,13
050,20,025,"Kansas","Clark County",3,11,33,19,14
050,20,025,"Kansas","Clark County",3,12,34,17,17
050,20,025,"Kansas","Clark County",3,13,28,11,17
050,20,025,"Kansas","Clark County",3,14,37,19,18
050,20,025,"Kansas","Clark County",3,15,30,16,14
050,20,025,"Kansas","Clark County",3,16,33,17,16
050,20,025,"Kansas","Clark County",3,17,28,12,16
050,20,025,"Kansas","Clark County",3,18,26,13,13
050,20,025,"Kansas","Clark County",3,19,19,5,14
050,20,025,"Kansas","Clark County",3,20,16,7,9
050,20,025,"Kansas","Clark County",3,21,15,7,8
050,20,025,"Kansas","Clark County",3,22,21,11,10
050,20,025,"Kansas","Clark County",3,23,23,10,13
050,20,025,"Kansas","Clark County",3,24,27,14,13
050,20,025,"Kansas","Clark County",3,25,17,7,10
050,20,025,"Kansas","Clark County",3,26,29,13,16
050,20,025,"Kansas","Clark County",3,27,19,10,9
050,20,025,"Kansas","Clark County",3,28,24,11,13
050,20,025,"Kansas","Clark County",3,29,26,17,9
050,20,025,"Kansas","Clark County",3,30,20,14,6
050,20,025,"Kansas","Clark County",3,31,22,14,8
050,20,025,"Kansas","Clark County",3,32,20,11,9
050,20,025,"Kansas","Clark County",3,33,19,7,12
050,20,025,"Kansas","Clark County",3,34,25,9,16
050,20,025,"Kansas","Clark County",3,35,19,7,12
050,20,025,"Kansas","Clark County",3,36,15,9,6
050,20,025,"Kansas","Clark County",3,37,21,14,7
050,20,025,"Kansas","Clark County",3,38,29,15,14
050,20,025,"Kansas","Clark County",3,39,22,12,10
050,20,025,"Kansas","Clark County",3,40,31,18,13
050,20,025,"Kansas","Clark County",3,41,30,17,13
050,20,025,"Kansas","Clark County",3,42,22,14,8
050,20,025,"Kansas","Clark County",3,43,23,12,11
050,20,025,"Kansas","Clark County",3,44,25,15,10
050,20,025,"Kansas","Clark County",3,45,25,15,10
050,20,025,"Kansas","Clark County",3,46,23,13,10
050,20,025,"Kansas","Clark County",3,47,21,12,9
050,20,025,"Kansas","Clark County",3,48,15,7,8
050,20,025,"Kansas","Clark County",3,49,17,7,10
050,20,025,"Kansas","Clark County",3,50,21,7,14
050,20,025,"Kansas","Clark County",3,51,20,9,11
050,20,025,"Kansas","Clark County",3,52,18,7,11
050,20,025,"Kansas","Clark County",3,53,13,5,8
050,20,025,"Kansas","Clark County",3,54,20,9,11
050,20,025,"Kansas","Clark County",3,55,28,13,15
050,20,025,"Kansas","Clark County",3,56,26,15,11
050,20,025,"Kansas","Clark County",3,57,27,16,11
050,20,025,"Kansas","Clark County",3,58,29,14,15
050,20,025,"Kansas","Clark County",3,59,32,15,17
050,20,025,"Kansas","Clark County",3,60,32,17,15
050,20,025,"Kansas","Clark County",3,61,27,11,16
050,20,025,"Kansas","Clark County",3,62,21,8,13
050,20,025,"Kansas","Clark County",3,63,27,14,13
050,20,025,"Kansas","Clark County",3,64,26,13,13
050,20,025,"Kansas","Clark County",3,65,20,10,10
050,20,025,"Kansas","Clark County",3,66,25,12,13
050,20,025,"Kansas","Clark County",3,67,20,9,11
050,20,025,"Kansas","Clark County",3,68,23,10,13
050,20,025,"Kansas","Clark County",3,69,22,11,11
050,20,025,"Kansas","Clark County",3,70,25,14,11
050,20,025,"Kansas","Clark County",3,71,21,12,9
050,20,025,"Kansas","Clark County",3,72,20,7,13
050,20,025,"Kansas","Clark County",3,73,20,9,11
050,20,025,"Kansas","Clark County",3,74,21,11,10
050,20,025,"Kansas","Clark County",3,75,16,8,8
050,20,025,"Kansas","Clark County",3,76,14,6,8
050,20,025,"Kansas","Clark County",3,77,10,6,4
050,20,025,"Kansas","Clark County",3,78,10,6,4
050,20,025,"Kansas","Clark County",3,79,20,8,12
050,20,025,"Kansas","Clark County",3,80,13,5,8
050,20,025,"Kansas","Clark County",3,81,11,5,6
050,20,025,"Kansas","Clark County",3,82,10,4,6
050,20,025,"Kansas","Clark County",3,83,13,2,11
050,20,025,"Kansas","Clark County",3,84,10,5,5
050,20,025,"Kansas","Clark County",3,85,64,21,43
050,20,025,"Kansas","Clark County",4,0,21,11,10
050,20,025,"Kansas","Clark County",4,1,26,9,17
050,20,025,"Kansas","Clark County",4,2,15,8,7
050,20,025,"Kansas","Clark County",4,3,22,12,10
050,20,025,"Kansas","Clark County",4,4,23,15,8
050,20,025,"Kansas","Clark County",4,5,25,13,12
050,20,025,"Kansas","Clark County",4,6,27,15,12
050,20,025,"Kansas","Clark County",4,7,24,14,10
050,20,025,"Kansas","Clark County",4,8,20,10,10
050,20,025,"Kansas","Clark County",4,9,25,11,14
050,20,025,"Kansas","Clark County",4,10,32,18,14
050,20,025,"Kansas","Clark County",4,11,29,16,13
050,20,025,"Kansas","Clark County",4,12,29,17,12
050,20,025,"Kansas","Clark County",4,13,35,17,18
050,20,025,"Kansas","Clark County",4,14,26,11,15
050,20,025,"Kansas","Clark County",4,15,39,22,17
050,20,025,"Kansas","Clark County",4,16,32,17,15
050,20,025,"Kansas","Clark County",4,17,32,17,15
050,20,025,"Kansas","Clark County",4,18,28,13,15
050,20,025,"Kansas","Clark County",4,19,16,8,8
050,20,025,"Kansas","Clark County",4,20,16,5,11
050,20,025,"Kansas","Clark County",4,21,16,7,9
050,20,025,"Kansas","Clark County",4,22,15,8,7
050,20,025,"Kansas","Clark County",4,23,21,11,10
050,20,025,"Kansas","Clark County",4,24,25,11,14
050,20,025,"Kansas","Clark County",4,25,26,13,13
050,20,025,"Kansas","Clark County",4,26,17,8,9
050,20,025,"Kansas","Clark County",4,27,32,17,15
050,20,025,"Kansas","Clark County",4,28,20,10,10
050,20,025,"Kansas","Clark County",4,29,24,11,13
050,20,025,"Kansas","Clark County",4,30,26,17,9
050,20,025,"Kansas","Clark County",4,31,22,15,7
050,20,025,"Kansas","Clark County",4,32,22,14,8
050,20,025,"Kansas","Clark County",4,33,17,9,8
050,20,025,"Kansas","Clark County",4,34,15,5,10
050,20,025,"Kansas","Clark County",4,35,25,9,16
050,20,025,"Kansas","Clark County",4,36,20,7,13
050,20,025,"Kansas","Clark County",4,37,15,9,6
050,20,025,"Kansas","Clark County",4,38,17,10,7
050,20,025,"Kansas","Clark County",4,39,27,15,12
050,20,025,"Kansas","Clark County",4,40,18,10,8
050,20,025,"Kansas","Clark County",4,41,25,12,13
050,20,025,"Kansas","Clark County",4,42,26,16,10
050,20,025,"Kansas","Clark County",4,43,21,11,10
050,20,025,"Kansas","Clark County",4,44,24,14,10
050,20,025,"Kansas","Clark County",4,45,25,15,10
050,20,025,"Kansas","Clark County",4,46,24,15,9
050,20,025,"Kansas","Clark County",4,47,22,12,10
050,20,025,"Kansas","Clark County",4,48,24,15,9
050,20,025,"Kansas","Clark County",4,49,16,7,9
050,20,025,"Kansas","Clark County",4,50,16,7,9
050,20,025,"Kansas","Clark County",4,51,21,7,14
050,20,025,"Kansas","Clark County",4,52,19,9,10
050,20,025,"Kansas","Clark County",4,53,18,6,12
050,20,025,"Kansas","Clark County",4,54,15,7,8
050,20,025,"Kansas","Clark County",4,55,21,10,11
050,20,025,"Kansas","Clark County",4,56,28,13,15
050,20,025,"Kansas","Clark County",4,57,26,15,11
050,20,025,"Kansas","Clark County",4,58,27,15,12
050,20,025,"Kansas","Clark County",4,59,29,14,15
050,20,025,"Kansas","Clark County",4,60,34,16,18
050,20,025,"Kansas","Clark County",4,61,28,15,13
050,20,025,"Kansas","Clark County",4,62,27,11,16
050,20,025,"Kansas","Clark County",4,63,21,7,14
050,20,025,"Kansas","Clark County",4,64,27,14,13
050,20,025,"Kansas","Clark County",4,65,26,12,14
050,20,025,"Kansas","Clark County",4,66,23,12,11
050,20,025,"Kansas","Clark County",4,67,22,11,11
050,20,025,"Kansas","Clark County",4,68,17,8,9
050,20,025,"Kansas","Clark County",4,69,24,11,13
050,20,025,"Kansas","Clark County",4,70,24,11,13
050,20,025,"Kansas","Clark County",4,71,24,14,10
050,20,025,"Kansas","Clark County",4,72,20,10,10
050,20,025,"Kansas","Clark County",4,73,18,7,11
050,20,025,"Kansas","Clark County",4,74,18,9,9
050,20,025,"Kansas","Clark County",4,75,19,10,9
050,20,025,"Kansas","Clark County",4,76,19,9,10
050,20,025,"Kansas","Clark County",4,77,14,6,8
050,20,025,"Kansas","Clark County",4,78,7,5,2
050,20,025,"Kansas","Clark County",4,79,13,7,6
050,20,025,"Kansas","Clark County",4,80,19,6,13
050,20,025,"Kansas","Clark County",4,81,11,6,5
050,20,025,"Kansas","Clark County",4,82,11,5,6
050,20,025,"Kansas","Clark County",4,83,11,3,8
050,20,025,"Kansas","Clark County",4,84,10,2,8
050,20,025,"Kansas","Clark County",4,85,63,24,39
050,20,025,"Kansas","Clark County",5,0,21,11,10
050,20,025,"Kansas","Clark County",5,1,19,9,10
050,20,025,"Kansas","Clark County",5,2,24,6,18
050,20,025,"Kansas","Clark County",5,3,15,8,7
050,20,025,"Kansas","Clark County",5,4,23,11,12
050,20,025,"Kansas","Clark County",5,5,20,13,7
050,20,025,"Kansas","Clark County",5,6,23,12,11
050,20,025,"Kansas","Clark County",5,7,20,11,9
050,20,025,"Kansas","Clark County",5,8,19,11,8
050,20,025,"Kansas","Clark County",5,9,16,9,7
050,20,025,"Kansas","Clark County",5,10,24,12,12
050,20,025,"Kansas","Clark County",5,11,28,16,12
050,20,025,"Kansas","Clark County",5,12,23,12,11
050,20,025,"Kansas","Clark County",5,13,28,16,12
050,20,025,"Kansas","Clark County",5,14,31,17,14
050,20,025,"Kansas","Clark County",5,15,27,11,16
050,20,025,"Kansas","Clark County",5,16,31,21,10
050,20,025,"Kansas","Clark County",5,17,30,15,15
050,20,025,"Kansas","Clark County",5,18,25,14,11
050,20,025,"Kansas","Clark County",5,19,21,9,12
050,20,025,"Kansas","Clark County",5,20,17,9,8
050,20,025,"Kansas","Clark County",5,21,17,5,12
050,20,025,"Kansas","Clark County",5,22,21,10,11
050,20,025,"Kansas","Clark County",5,23,16,9,7
050,20,025,"Kansas","Clark County",5,24,14,6,8
050,20,025,"Kansas","Clark County",5,25,24,9,15
050,20,025,"Kansas","Clark County",5,26,22,12,10
050,20,025,"Kansas","Clark County",5,27,19,10,9
050,20,025,"Kansas","Clark County",5,28,33,17,16
050,20,025,"Kansas","Clark County",5,29,17,8,9
050,20,025,"Kansas","Clark County",5,30,22,11,11
050,20,025,"Kansas","Clark County",5,31,21,12,9
050,20,025,"Kansas","Clark County",5,32,19,15,4
050,20,025,"Kansas","Clark County",5,33,18,10,8
050,20,025,"Kansas","Clark County",5,34,19,9,10
050,20,025,"Kansas","Clark County",5,35,18,8,10
050,20,025,"Kansas","Clark County",5,36,28,13,15
050,20,025,"Kansas","Clark County",5,37,19,8,11
050,20,025,"Kansas","Clark County",5,38,12,6,6
050,20,025,"Kansas","Clark County",5,39,17,11,6
050,20,025,"Kansas","Clark County",5,40,26,16,10
050,20,025,"Kansas","Clark County",5,41,16,8,8
050,20,025,"Kansas","Clark County",5,42,24,11,13
050,20,025,"Kansas","Clark County",5,43,26,16,10
050,20,025,"Kansas","Clark County",5,44,21,10,11
050,20,025,"Kansas","Clark County",5,45,26,14,12
050,20,025,"Kansas","Clark County",5,46,22,15,7
050,20,025,"Kansas","Clark County",5,47,22,15,7
050,20,025,"Kansas","Clark County",5,48,22,11,11
050,20,025,"Kansas","Clark County",5,49,19,10,9
050,20,025,"Kansas","Clark County",5,50,14,7,7
050,20,025,"Kansas","Clark County",5,51,17,7,10
050,20,025,"Kansas","Clark County",5,52,21,7,14
050,20,025,"Kansas","Clark County",5,53,19,9,10
050,20,025,"Kansas","Clark County",5,54,18,6,12
050,20,025,"Kansas","Clark County",5,55,15,7,8
050,20,025,"Kansas","Clark County",5,56,24,12,12
050,20,025,"Kansas","Clark County",5,57,27,13,14
050,20,025,"Kansas","Clark County",5,58,25,14,11
050,20,025,"Kansas","Clark County",5,59,28,16,12
050,20,025,"Kansas","Clark County",5,60,30,15,15
050,20,025,"Kansas","Clark County",5,61,32,14,18
050,20,025,"Kansas","Clark County",5,62,29,15,14
050,20,025,"Kansas","Clark County",5,63,30,13,17
050,20,025,"Kansas","Clark County",5,64,21,7,14
050,20,025,"Kansas","Clark County",5,65,26,14,12
050,20,025,"Kansas","Clark County",5,66,26,12,14
050,20,025,"Kansas","Clark County",5,67,23,13,10
050,20,025,"Kansas","Clark County",5,68,20,10,10
050,20,025,"Kansas","Clark County",5,69,17,8,9
050,20,025,"Kansas","Clark County",5,70,26,11,15
050,20,025,"Kansas","Clark County",5,71,22,10,12
050,20,025,"Kansas","Clark County",5,72,22,11,11
050,20,025,"Kansas","Clark County",5,73,18,11,7
050,20,025,"Kansas","Clark County",5,74,18,7,11
050,20,025,"Kansas","Clark County",5,75,15,8,7
050,20,025,"Kansas","Clark County",5,76,20,10,10
050,20,025,"Kansas","Clark County",5,77,18,8,10
050,20,025,"Kansas","Clark County",5,78,10,4,6
050,20,025,"Kansas","Clark County",5,79,8,5,3
050,20,025,"Kansas","Clark County",5,80,12,5,7
050,20,025,"Kansas","Clark County",5,81,15,6,9
050,20,025,"Kansas","Clark County",5,82,11,6,5
050,20,025,"Kansas","Clark County",5,83,12,3,9
050,20,025,"Kansas","Clark County",5,84,9,3,6
050,20,025,"Kansas","Clark County",5,85,64,24,40
050,20,027,"Kansas","Clay County",1,0,86,45,41
050,20,027,"Kansas","Clay County",1,1,83,39,44
050,20,027,"Kansas","Clay County",1,2,103,44,59
050,20,027,"Kansas","Clay County",1,3,89,50,39
050,20,027,"Kansas","Clay County",1,4,109,64,45
050,20,027,"Kansas","Clay County",1,5,108,52,56
050,20,027,"Kansas","Clay County",1,6,118,60,58
050,20,027,"Kansas","Clay County",1,7,105,58,47
050,20,027,"Kansas","Clay County",1,8,106,57,49
050,20,027,"Kansas","Clay County",1,9,105,54,51
050,20,027,"Kansas","Clay County",1,10,107,56,51
050,20,027,"Kansas","Clay County",1,11,113,54,59
050,20,027,"Kansas","Clay County",1,12,119,61,58
050,20,027,"Kansas","Clay County",1,13,123,62,61
050,20,027,"Kansas","Clay County",1,14,121,59,62
050,20,027,"Kansas","Clay County",1,15,114,64,50
050,20,027,"Kansas","Clay County",1,16,111,57,54
050,20,027,"Kansas","Clay County",1,17,100,50,50
050,20,027,"Kansas","Clay County",1,18,82,46,36
050,20,027,"Kansas","Clay County",1,19,68,41,27
050,20,027,"Kansas","Clay County",1,20,65,39,26
050,20,027,"Kansas","Clay County",1,21,80,43,37
050,20,027,"Kansas","Clay County",1,22,75,41,34
050,20,027,"Kansas","Clay County",1,23,72,34,38
050,20,027,"Kansas","Clay County",1,24,76,39,37
050,20,027,"Kansas","Clay County",1,25,68,34,34
050,20,027,"Kansas","Clay County",1,26,79,40,39
050,20,027,"Kansas","Clay County",1,27,81,39,42
050,20,027,"Kansas","Clay County",1,28,84,43,41
050,20,027,"Kansas","Clay County",1,29,73,37,36
050,20,027,"Kansas","Clay County",1,30,69,39,30
050,20,027,"Kansas","Clay County",1,31,84,42,42
050,20,027,"Kansas","Clay County",1,32,86,48,38
050,20,027,"Kansas","Clay County",1,33,85,49,36
050,20,027,"Kansas","Clay County",1,34,95,50,45
050,20,027,"Kansas","Clay County",1,35,105,59,46
050,20,027,"Kansas","Clay County",1,36,114,61,53
050,20,027,"Kansas","Clay County",1,37,105,44,61
050,20,027,"Kansas","Clay County",1,38,85,43,42
050,20,027,"Kansas","Clay County",1,39,106,58,48
050,20,027,"Kansas","Clay County",1,40,99,52,47
050,20,027,"Kansas","Clay County",1,41,115,62,53
050,20,027,"Kansas","Clay County",1,42,104,59,45
050,20,027,"Kansas","Clay County",1,43,97,46,51
050,20,027,"Kansas","Clay County",1,44,88,40,48
050,20,027,"Kansas","Clay County",1,45,89,43,46
050,20,027,"Kansas","Clay County",1,46,89,51,38
050,20,027,"Kansas","Clay County",1,47,88,50,38
050,20,027,"Kansas","Clay County",1,48,84,45,39
050,20,027,"Kansas","Clay County",1,49,96,52,44
050,20,027,"Kansas","Clay County",1,50,85,41,44
050,20,027,"Kansas","Clay County",1,51,95,50,45
050,20,027,"Kansas","Clay County",1,52,94,49,45
050,20,027,"Kansas","Clay County",1,53,89,42,47
050,20,027,"Kansas","Clay County",1,54,94,48,46
050,20,027,"Kansas","Clay County",1,55,92,48,44
050,20,027,"Kansas","Clay County",1,56,96,44,52
050,20,027,"Kansas","Clay County",1,57,110,54,56
050,20,027,"Kansas","Clay County",1,58,107,57,50
050,20,027,"Kansas","Clay County",1,59,115,56,59
050,20,027,"Kansas","Clay County",1,60,99,43,56
050,20,027,"Kansas","Clay County",1,61,110,50,60
050,20,027,"Kansas","Clay County",1,62,117,63,54
050,20,027,"Kansas","Clay County",1,63,116,62,54
050,20,027,"Kansas","Clay County",1,64,113,58,55
050,20,027,"Kansas","Clay County",1,65,112,57,55
050,20,027,"Kansas","Clay County",1,66,122,63,59
050,20,027,"Kansas","Clay County",1,67,119,57,62
050,20,027,"Kansas","Clay County",1,68,112,54,58
050,20,027,"Kansas","Clay County",1,69,96,43,53
050,20,027,"Kansas","Clay County",1,70,85,36,49
050,20,027,"Kansas","Clay County",1,71,87,38,49
050,20,027,"Kansas","Clay County",1,72,98,45,53
050,20,027,"Kansas","Clay County",1,73,109,57,52
050,20,027,"Kansas","Clay County",1,74,75,39,36
050,20,027,"Kansas","Clay County",1,75,84,43,41
050,20,027,"Kansas","Clay County",1,76,64,31,33
050,20,027,"Kansas","Clay County",1,77,73,31,42
050,20,027,"Kansas","Clay County",1,78,65,31,34
050,20,027,"Kansas","Clay County",1,79,55,23,32
050,20,027,"Kansas","Clay County",1,80,52,25,27
050,20,027,"Kansas","Clay County",1,81,49,20,29
050,20,027,"Kansas","Clay County",1,82,46,18,28
050,20,027,"Kansas","Clay County",1,83,45,21,24
050,20,027,"Kansas","Clay County",1,84,41,22,19
050,20,027,"Kansas","Clay County",1,85,283,105,178
050,20,027,"Kansas","Clay County",2,0,88,39,49
050,20,027,"Kansas","Clay County",2,1,83,39,44
050,20,027,"Kansas","Clay County",2,2,99,43,56
050,20,027,"Kansas","Clay County",2,3,95,50,45
050,20,027,"Kansas","Clay County",2,4,107,63,44
050,20,027,"Kansas","Clay County",2,5,109,56,53
050,20,027,"Kansas","Clay County",2,6,118,59,59
050,20,027,"Kansas","Clay County",2,7,108,60,48
050,20,027,"Kansas","Clay County",2,8,106,57,49
050,20,027,"Kansas","Clay County",2,9,104,55,49
050,20,027,"Kansas","Clay County",2,10,107,56,51
050,20,027,"Kansas","Clay County",2,11,112,55,57
050,20,027,"Kansas","Clay County",2,12,120,61,59
050,20,027,"Kansas","Clay County",2,13,122,61,61
050,20,027,"Kansas","Clay County",2,14,123,61,62
050,20,027,"Kansas","Clay County",2,15,115,63,52
050,20,027,"Kansas","Clay County",2,16,112,59,53
050,20,027,"Kansas","Clay County",2,17,101,51,50
050,20,027,"Kansas","Clay County",2,18,83,45,38
050,20,027,"Kansas","Clay County",2,19,68,40,28
050,20,027,"Kansas","Clay County",2,20,69,40,29
050,20,027,"Kansas","Clay County",2,21,76,41,35
050,20,027,"Kansas","Clay County",2,22,75,41,34
050,20,027,"Kansas","Clay County",2,23,73,36,37
050,20,027,"Kansas","Clay County",2,24,74,38,36
050,20,027,"Kansas","Clay County",2,25,71,35,36
050,20,027,"Kansas","Clay County",2,26,77,39,38
050,20,027,"Kansas","Clay County",2,27,82,41,41
050,20,027,"Kansas","Clay County",2,28,81,41,40
050,20,027,"Kansas","Clay County",2,29,75,39,36
050,20,027,"Kansas","Clay County",2,30,69,38,31
050,20,027,"Kansas","Clay County",2,31,82,42,40
050,20,027,"Kansas","Clay County",2,32,87,47,40
050,20,027,"Kansas","Clay County",2,33,86,49,37
050,20,027,"Kansas","Clay County",2,34,94,50,44
050,20,027,"Kansas","Clay County",2,35,100,56,44
050,20,027,"Kansas","Clay County",2,36,112,60,52
050,20,027,"Kansas","Clay County",2,37,106,48,58
050,20,027,"Kansas","Clay County",2,38,90,44,46
050,20,027,"Kansas","Clay County",2,39,100,54,46
050,20,027,"Kansas","Clay County",2,40,102,54,48
050,20,027,"Kansas","Clay County",2,41,111,60,51
050,20,027,"Kansas","Clay County",2,42,105,59,46
050,20,027,"Kansas","Clay County",2,43,99,49,50
050,20,027,"Kansas","Clay County",2,44,90,41,49
050,20,027,"Kansas","Clay County",2,45,88,42,46
050,20,027,"Kansas","Clay County",2,46,89,49,40
050,20,027,"Kansas","Clay County",2,47,89,51,38
050,20,027,"Kansas","Clay County",2,48,86,47,39
050,20,027,"Kansas","Clay County",2,49,95,51,44
050,20,027,"Kansas","Clay County",2,50,89,45,44
050,20,027,"Kansas","Clay County",2,51,90,46,44
050,20,027,"Kansas","Clay County",2,52,95,50,45
050,20,027,"Kansas","Clay County",2,53,89,43,46
050,20,027,"Kansas","Clay County",2,54,92,46,46
050,20,027,"Kansas","Clay County",2,55,92,47,45
050,20,027,"Kansas","Clay County",2,56,94,45,49
050,20,027,"Kansas","Clay County",2,57,106,51,55
050,20,027,"Kansas","Clay County",2,58,108,56,52
050,20,027,"Kansas","Clay County",2,59,114,57,57
050,20,027,"Kansas","Clay County",2,60,104,45,59
050,20,027,"Kansas","Clay County",2,61,105,48,57
050,20,027,"Kansas","Clay County",2,62,116,61,55
050,20,027,"Kansas","Clay County",2,63,118,63,55
050,20,027,"Kansas","Clay County",2,64,112,59,53
050,20,027,"Kansas","Clay County",2,65,110,57,53
050,20,027,"Kansas","Clay County",2,66,121,62,59
050,20,027,"Kansas","Clay County",2,67,119,58,61
050,20,027,"Kansas","Clay County",2,68,114,54,60
050,20,027,"Kansas","Clay County",2,69,102,47,55
050,20,027,"Kansas","Clay County",2,70,84,36,48
050,20,027,"Kansas","Clay County",2,71,86,37,49
050,20,027,"Kansas","Clay County",2,72,94,43,51
050,20,027,"Kansas","Clay County",2,73,111,56,55
050,20,027,"Kansas","Clay County",2,74,79,41,38
050,20,027,"Kansas","Clay County",2,75,83,42,41
050,20,027,"Kansas","Clay County",2,76,68,34,34
050,20,027,"Kansas","Clay County",2,77,71,32,39
050,20,027,"Kansas","Clay County",2,78,64,31,33
050,20,027,"Kansas","Clay County",2,79,58,25,33
050,20,027,"Kansas","Clay County",2,80,51,24,27
050,20,027,"Kansas","Clay County",2,81,48,20,28
050,20,027,"Kansas","Clay County",2,82,47,19,28
050,20,027,"Kansas","Clay County",2,83,45,20,25
050,20,027,"Kansas","Clay County",2,84,42,22,20
050,20,027,"Kansas","Clay County",2,85,287,108,179
050,20,027,"Kansas","Clay County",3,0,83,41,42
050,20,027,"Kansas","Clay County",3,1,98,43,55
050,20,027,"Kansas","Clay County",3,2,83,38,45
050,20,027,"Kansas","Clay County",3,3,92,44,48
050,20,027,"Kansas","Clay County",3,4,99,48,51
050,20,027,"Kansas","Clay County",3,5,101,59,42
050,20,027,"Kansas","Clay County",3,6,106,55,51
050,20,027,"Kansas","Clay County",3,7,119,59,60
050,20,027,"Kansas","Clay County",3,8,107,61,46
050,20,027,"Kansas","Clay County",3,9,101,53,48
050,20,027,"Kansas","Clay County",3,10,101,52,49
050,20,027,"Kansas","Clay County",3,11,106,56,50
050,20,027,"Kansas","Clay County",3,12,109,54,55
050,20,027,"Kansas","Clay County",3,13,126,65,61
050,20,027,"Kansas","Clay County",3,14,124,62,62
050,20,027,"Kansas","Clay County",3,15,123,61,62
050,20,027,"Kansas","Clay County",3,16,112,58,54
050,20,027,"Kansas","Clay County",3,17,110,62,48
050,20,027,"Kansas","Clay County",3,18,87,45,42
050,20,027,"Kansas","Clay County",3,19,65,36,29
050,20,027,"Kansas","Clay County",3,20,78,43,35
050,20,027,"Kansas","Clay County",3,21,71,40,31
050,20,027,"Kansas","Clay County",3,22,80,42,38
050,20,027,"Kansas","Clay County",3,23,83,43,40
050,20,027,"Kansas","Clay County",3,24,77,39,38
050,20,027,"Kansas","Clay County",3,25,74,40,34
050,20,027,"Kansas","Clay County",3,26,73,35,38
050,20,027,"Kansas","Clay County",3,27,74,40,34
050,20,027,"Kansas","Clay County",3,28,85,45,40
050,20,027,"Kansas","Clay County",3,29,75,41,34
050,20,027,"Kansas","Clay County",3,30,74,37,37
050,20,027,"Kansas","Clay County",3,31,72,37,35
050,20,027,"Kansas","Clay County",3,32,79,39,40
050,20,027,"Kansas","Clay County",3,33,87,47,40
050,20,027,"Kansas","Clay County",3,34,82,51,31
050,20,027,"Kansas","Clay County",3,35,100,50,50
050,20,027,"Kansas","Clay County",3,36,105,60,45
050,20,027,"Kansas","Clay County",3,37,109,58,51
050,20,027,"Kansas","Clay County",3,38,102,48,54
050,20,027,"Kansas","Clay County",3,39,89,46,43
050,20,027,"Kansas","Clay County",3,40,98,53,45
050,20,027,"Kansas","Clay County",3,41,102,52,50
050,20,027,"Kansas","Clay County",3,42,108,58,50
050,20,027,"Kansas","Clay County",3,43,110,61,49
050,20,027,"Kansas","Clay County",3,44,99,50,49
050,20,027,"Kansas","Clay County",3,45,93,44,49
050,20,027,"Kansas","Clay County",3,46,89,42,47
050,20,027,"Kansas","Clay County",3,47,83,48,35
050,20,027,"Kansas","Clay County",3,48,90,53,37
050,20,027,"Kansas","Clay County",3,49,85,48,37
050,20,027,"Kansas","Clay County",3,50,92,48,44
050,20,027,"Kansas","Clay County",3,51,89,45,44
050,20,027,"Kansas","Clay County",3,52,92,47,45
050,20,027,"Kansas","Clay County",3,53,91,47,44
050,20,027,"Kansas","Clay County",3,54,92,45,47
050,20,027,"Kansas","Clay County",3,55,89,43,46
050,20,027,"Kansas","Clay County",3,56,97,48,49
050,20,027,"Kansas","Clay County",3,57,94,47,47
050,20,027,"Kansas","Clay County",3,58,113,55,58
050,20,027,"Kansas","Clay County",3,59,114,57,57
050,20,027,"Kansas","Clay County",3,60,119,59,60
050,20,027,"Kansas","Clay County",3,61,105,47,58
050,20,027,"Kansas","Clay County",3,62,100,44,56
050,20,027,"Kansas","Clay County",3,63,115,59,56
050,20,027,"Kansas","Clay County",3,64,115,61,54
050,20,027,"Kansas","Clay County",3,65,109,56,53
050,20,027,"Kansas","Clay County",3,66,110,57,53
050,20,027,"Kansas","Clay County",3,67,118,61,57
050,20,027,"Kansas","Clay County",3,68,120,59,61
050,20,027,"Kansas","Clay County",3,69,113,53,60
050,20,027,"Kansas","Clay County",3,70,96,45,51
050,20,027,"Kansas","Clay County",3,71,84,35,49
050,20,027,"Kansas","Clay County",3,72,86,40,46
050,20,027,"Kansas","Clay County",3,73,91,41,50
050,20,027,"Kansas","Clay County",3,74,109,53,56
050,20,027,"Kansas","Clay County",3,75,78,42,36
050,20,027,"Kansas","Clay County",3,76,76,38,38
050,20,027,"Kansas","Clay County",3,77,63,31,32
050,20,027,"Kansas","Clay County",3,78,65,29,36
050,20,027,"Kansas","Clay County",3,79,67,33,34
050,20,027,"Kansas","Clay County",3,80,54,22,32
050,20,027,"Kansas","Clay County",3,81,45,19,26
050,20,027,"Kansas","Clay County",3,82,49,22,27
050,20,027,"Kansas","Clay County",3,83,42,13,29
050,20,027,"Kansas","Clay County",3,84,40,19,21
050,20,027,"Kansas","Clay County",3,85,280,114,166
050,20,027,"Kansas","Clay County",4,0,80,43,37
050,20,027,"Kansas","Clay County",4,1,84,40,44
050,20,027,"Kansas","Clay County",4,2,97,45,52
050,20,027,"Kansas","Clay County",4,3,75,37,38
050,20,027,"Kansas","Clay County",4,4,102,48,54
050,20,027,"Kansas","Clay County",4,5,101,49,52
050,20,027,"Kansas","Clay County",4,6,105,53,52
050,20,027,"Kansas","Clay County",4,7,109,55,54
050,20,027,"Kansas","Clay County",4,8,118,62,56
050,20,027,"Kansas","Clay County",4,9,109,57,52
050,20,027,"Kansas","Clay County",4,10,93,48,45
050,20,027,"Kansas","Clay County",4,11,105,51,54
050,20,027,"Kansas","Clay County",4,12,107,58,49
050,20,027,"Kansas","Clay County",4,13,103,51,52
050,20,027,"Kansas","Clay County",4,14,120,62,58
050,20,027,"Kansas","Clay County",4,15,118,58,60
050,20,027,"Kansas","Clay County",4,16,126,64,62
050,20,027,"Kansas","Clay County",4,17,112,59,53
050,20,027,"Kansas","Clay County",4,18,94,55,39
050,20,027,"Kansas","Clay County",4,19,68,37,31
050,20,027,"Kansas","Clay County",4,20,60,36,24
050,20,027,"Kansas","Clay County",4,21,81,47,34
050,20,027,"Kansas","Clay County",4,22,69,40,29
050,20,027,"Kansas","Clay County",4,23,69,38,31
050,20,027,"Kansas","Clay County",4,24,84,44,40
050,20,027,"Kansas","Clay County",4,25,67,33,34
050,20,027,"Kansas","Clay County",4,26,83,42,41
050,20,027,"Kansas","Clay County",4,27,85,41,44
050,20,027,"Kansas","Clay County",4,28,73,40,33
050,20,027,"Kansas","Clay County",4,29,83,42,41
050,20,027,"Kansas","Clay County",4,30,86,45,41
050,20,027,"Kansas","Clay County",4,31,80,44,36
050,20,027,"Kansas","Clay County",4,32,72,40,32
050,20,027,"Kansas","Clay County",4,33,86,43,43
050,20,027,"Kansas","Clay County",4,34,74,39,35
050,20,027,"Kansas","Clay County",4,35,86,48,38
050,20,027,"Kansas","Clay County",4,36,98,53,45
050,20,027,"Kansas","Clay County",4,37,102,58,44
050,20,027,"Kansas","Clay County",4,38,107,59,48
050,20,027,"Kansas","Clay County",4,39,100,45,55
050,20,027,"Kansas","Clay County",4,40,87,44,43
050,20,027,"Kansas","Clay County",4,41,104,57,47
050,20,027,"Kansas","Clay County",4,42,104,52,52
050,20,027,"Kansas","Clay County",4,43,110,57,53
050,20,027,"Kansas","Clay County",4,44,112,62,50
050,20,027,"Kansas","Clay County",4,45,98,49,49
050,20,027,"Kansas","Clay County",4,46,93,39,54
050,20,027,"Kansas","Clay County",4,47,81,37,44
050,20,027,"Kansas","Clay County",4,48,84,49,35
050,20,027,"Kansas","Clay County",4,49,90,54,36
050,20,027,"Kansas","Clay County",4,50,85,46,39
050,20,027,"Kansas","Clay County",4,51,102,56,46
050,20,027,"Kansas","Clay County",4,52,91,47,44
050,20,027,"Kansas","Clay County",4,53,91,45,46
050,20,027,"Kansas","Clay County",4,54,91,45,46
050,20,027,"Kansas","Clay County",4,55,95,46,49
050,20,027,"Kansas","Clay County",4,56,86,42,44
050,20,027,"Kansas","Clay County",4,57,93,47,46
050,20,027,"Kansas","Clay County",4,58,93,47,46
050,20,027,"Kansas","Clay County",4,59,116,59,57
050,20,027,"Kansas","Clay County",4,60,120,56,64
050,20,027,"Kansas","Clay County",4,61,116,60,56
050,20,027,"Kansas","Clay County",4,62,105,48,57
050,20,027,"Kansas","Clay County",4,63,99,43,56
050,20,027,"Kansas","Clay County",4,64,114,61,53
050,20,027,"Kansas","Clay County",4,65,116,60,56
050,20,027,"Kansas","Clay County",4,66,107,53,54
050,20,027,"Kansas","Clay County",4,67,105,55,50
050,20,027,"Kansas","Clay County",4,68,114,58,56
050,20,027,"Kansas","Clay County",4,69,117,60,57
050,20,027,"Kansas","Clay County",4,70,108,52,56
050,20,027,"Kansas","Clay County",4,71,97,44,53
050,20,027,"Kansas","Clay County",4,72,88,38,50
050,20,027,"Kansas","Clay County",4,73,89,43,46
050,20,027,"Kansas","Clay County",4,74,89,39,50
050,20,027,"Kansas","Clay County",4,75,105,51,54
050,20,027,"Kansas","Clay County",4,76,76,41,35
050,20,027,"Kansas","Clay County",4,77,72,36,36
050,20,027,"Kansas","Clay County",4,78,54,25,29
050,20,027,"Kansas","Clay County",4,79,67,31,36
050,20,027,"Kansas","Clay County",4,80,58,31,27
050,20,027,"Kansas","Clay County",4,81,41,16,25
050,20,027,"Kansas","Clay County",4,82,48,21,27
050,20,027,"Kansas","Clay County",4,83,46,17,29
050,20,027,"Kansas","Clay County",4,84,35,12,23
050,20,027,"Kansas","Clay County",4,85,278,116,162
050,20,027,"Kansas","Clay County",5,0,81,43,38
050,20,027,"Kansas","Clay County",5,1,85,46,39
050,20,027,"Kansas","Clay County",5,2,83,41,42
050,20,027,"Kansas","Clay County",5,3,89,44,45
050,20,027,"Kansas","Clay County",5,4,85,41,44
050,20,027,"Kansas","Clay County",5,5,98,46,52
050,20,027,"Kansas","Clay County",5,6,113,57,56
050,20,027,"Kansas","Clay County",5,7,104,56,48
050,20,027,"Kansas","Clay County",5,8,116,59,57
050,20,027,"Kansas","Clay County",5,9,117,63,54
050,20,027,"Kansas","Clay County",5,10,104,55,49
050,20,027,"Kansas","Clay County",5,11,97,51,46
050,20,027,"Kansas","Clay County",5,12,102,51,51
050,20,027,"Kansas","Clay County",5,13,108,55,53
050,20,027,"Kansas","Clay County",5,14,107,55,52
050,20,027,"Kansas","Clay County",5,15,119,62,57
050,20,027,"Kansas","Clay County",5,16,122,63,59
050,20,027,"Kansas","Clay County",5,17,127,64,63
050,20,027,"Kansas","Clay County",5,18,93,51,42
050,20,027,"Kansas","Clay County",5,19,66,40,26
050,20,027,"Kansas","Clay County",5,20,76,44,32
050,20,027,"Kansas","Clay County",5,21,62,37,25
050,20,027,"Kansas","Clay County",5,22,82,44,38
050,20,027,"Kansas","Clay County",5,23,74,49,25
050,20,027,"Kansas","Clay County",5,24,74,38,36
050,20,027,"Kansas","Clay County",5,25,90,49,41
050,20,027,"Kansas","Clay County",5,26,62,32,30
050,20,027,"Kansas","Clay County",5,27,74,36,38
050,20,027,"Kansas","Clay County",5,28,80,42,38
050,20,027,"Kansas","Clay County",5,29,75,43,32
050,20,027,"Kansas","Clay County",5,30,85,43,42
050,20,027,"Kansas","Clay County",5,31,92,44,48
050,20,027,"Kansas","Clay County",5,32,77,47,30
050,20,027,"Kansas","Clay County",5,33,72,40,32
050,20,027,"Kansas","Clay County",5,34,86,44,42
050,20,027,"Kansas","Clay County",5,35,78,43,35
050,20,027,"Kansas","Clay County",5,36,90,49,41
050,20,027,"Kansas","Clay County",5,37,101,54,47
050,20,027,"Kansas","Clay County",5,38,97,56,41
050,20,027,"Kansas","Clay County",5,39,108,58,50
050,20,027,"Kansas","Clay County",5,40,103,46,57
050,20,027,"Kansas","Clay County",5,41,87,42,45
050,20,027,"Kansas","Clay County",5,42,95,51,44
050,20,027,"Kansas","Clay County",5,43,104,54,50
050,20,027,"Kansas","Clay County",5,44,108,59,49
050,20,027,"Kansas","Clay County",5,45,111,59,52
050,20,027,"Kansas","Clay County",5,46,97,47,50
050,20,027,"Kansas","Clay County",5,47,91,39,52
050,20,027,"Kansas","Clay County",5,48,78,35,43
050,20,027,"Kansas","Clay County",5,49,80,48,32
050,20,027,"Kansas","Clay County",5,50,88,52,36
050,20,027,"Kansas","Clay County",5,51,85,48,37
050,20,027,"Kansas","Clay County",5,52,101,53,48
050,20,027,"Kansas","Clay County",5,53,87,43,44
050,20,027,"Kansas","Clay County",5,54,84,43,41
050,20,027,"Kansas","Clay County",5,55,94,48,46
050,20,027,"Kansas","Clay County",5,56,95,51,44
050,20,027,"Kansas","Clay County",5,57,83,39,44
050,20,027,"Kansas","Clay County",5,58,95,49,46
050,20,027,"Kansas","Clay County",5,59,95,48,47
050,20,027,"Kansas","Clay County",5,60,120,59,61
050,20,027,"Kansas","Clay County",5,61,118,56,62
050,20,027,"Kansas","Clay County",5,62,120,64,56
050,20,027,"Kansas","Clay County",5,63,105,49,56
050,20,027,"Kansas","Clay County",5,64,100,45,55
050,20,027,"Kansas","Clay County",5,65,111,57,54
050,20,027,"Kansas","Clay County",5,66,113,57,56
050,20,027,"Kansas","Clay County",5,67,105,55,50
050,20,027,"Kansas","Clay County",5,68,105,54,51
050,20,027,"Kansas","Clay County",5,69,116,57,59
050,20,027,"Kansas","Clay County",5,70,115,59,56
050,20,027,"Kansas","Clay County",5,71,107,50,57
050,20,027,"Kansas","Clay County",5,72,98,43,55
050,20,027,"Kansas","Clay County",5,73,85,38,47
050,20,027,"Kansas","Clay County",5,74,86,41,45
050,20,027,"Kansas","Clay County",5,75,90,39,51
050,20,027,"Kansas","Clay County",5,76,101,49,52
050,20,027,"Kansas","Clay County",5,77,72,38,34
050,20,027,"Kansas","Clay County",5,78,66,32,34
050,20,027,"Kansas","Clay County",5,79,58,27,31
050,20,027,"Kansas","Clay County",5,80,61,28,33
050,20,027,"Kansas","Clay County",5,81,53,25,28
050,20,027,"Kansas","Clay County",5,82,39,18,21
050,20,027,"Kansas","Clay County",5,83,43,15,28
050,20,027,"Kansas","Clay County",5,84,39,16,23
050,20,027,"Kansas","Clay County",5,85,269,109,160
050,20,029,"Kansas","Cloud County",1,0,108,55,53
050,20,029,"Kansas","Cloud County",1,1,102,51,51
050,20,029,"Kansas","Cloud County",1,2,108,59,49
050,20,029,"Kansas","Cloud County",1,3,103,54,49
050,20,029,"Kansas","Cloud County",1,4,126,63,63
050,20,029,"Kansas","Cloud County",1,5,106,53,53
050,20,029,"Kansas","Cloud County",1,6,116,57,59
050,20,029,"Kansas","Cloud County",1,7,140,69,71
050,20,029,"Kansas","Cloud County",1,8,126,70,56
050,20,029,"Kansas","Cloud County",1,9,134,77,57
050,20,029,"Kansas","Cloud County",1,10,123,67,56
050,20,029,"Kansas","Cloud County",1,11,125,66,59
050,20,029,"Kansas","Cloud County",1,12,102,52,50
050,20,029,"Kansas","Cloud County",1,13,115,60,55
050,20,029,"Kansas","Cloud County",1,14,117,61,56
050,20,029,"Kansas","Cloud County",1,15,120,60,60
050,20,029,"Kansas","Cloud County",1,16,120,66,54
050,20,029,"Kansas","Cloud County",1,17,119,63,56
050,20,029,"Kansas","Cloud County",1,18,145,70,75
050,20,029,"Kansas","Cloud County",1,19,188,96,92
050,20,029,"Kansas","Cloud County",1,20,143,82,61
050,20,029,"Kansas","Cloud County",1,21,99,55,44
050,20,029,"Kansas","Cloud County",1,22,92,51,41
050,20,029,"Kansas","Cloud County",1,23,85,50,35
050,20,029,"Kansas","Cloud County",1,24,92,53,39
050,20,029,"Kansas","Cloud County",1,25,84,46,38
050,20,029,"Kansas","Cloud County",1,26,93,50,43
050,20,029,"Kansas","Cloud County",1,27,100,48,52
050,20,029,"Kansas","Cloud County",1,28,91,43,48
050,20,029,"Kansas","Cloud County",1,29,97,55,42
050,20,029,"Kansas","Cloud County",1,30,113,58,55
050,20,029,"Kansas","Cloud County",1,31,114,53,61
050,20,029,"Kansas","Cloud County",1,32,111,56,55
050,20,029,"Kansas","Cloud County",1,33,99,48,51
050,20,029,"Kansas","Cloud County",1,34,105,57,48
050,20,029,"Kansas","Cloud County",1,35,100,63,37
050,20,029,"Kansas","Cloud County",1,36,103,63,40
050,20,029,"Kansas","Cloud County",1,37,103,57,46
050,20,029,"Kansas","Cloud County",1,38,117,60,57
050,20,029,"Kansas","Cloud County",1,39,121,63,58
050,20,029,"Kansas","Cloud County",1,40,101,54,47
050,20,029,"Kansas","Cloud County",1,41,86,46,40
050,20,029,"Kansas","Cloud County",1,42,92,56,36
050,20,029,"Kansas","Cloud County",1,43,98,53,45
050,20,029,"Kansas","Cloud County",1,44,86,48,38
050,20,029,"Kansas","Cloud County",1,45,83,41,42
050,20,029,"Kansas","Cloud County",1,46,73,39,34
050,20,029,"Kansas","Cloud County",1,47,101,61,40
050,20,029,"Kansas","Cloud County",1,48,101,54,47
050,20,029,"Kansas","Cloud County",1,49,98,54,44
050,20,029,"Kansas","Cloud County",1,50,101,56,45
050,20,029,"Kansas","Cloud County",1,51,101,50,51
050,20,029,"Kansas","Cloud County",1,52,103,47,56
050,20,029,"Kansas","Cloud County",1,53,107,47,60
050,20,029,"Kansas","Cloud County",1,54,113,50,63
050,20,029,"Kansas","Cloud County",1,55,106,57,49
050,20,029,"Kansas","Cloud County",1,56,100,48,52
050,20,029,"Kansas","Cloud County",1,57,128,62,66
050,20,029,"Kansas","Cloud County",1,58,136,71,65
050,20,029,"Kansas","Cloud County",1,59,134,69,65
050,20,029,"Kansas","Cloud County",1,60,137,74,63
050,20,029,"Kansas","Cloud County",1,61,116,54,62
050,20,029,"Kansas","Cloud County",1,62,117,56,61
050,20,029,"Kansas","Cloud County",1,63,128,71,57
050,20,029,"Kansas","Cloud County",1,64,134,72,62
050,20,029,"Kansas","Cloud County",1,65,122,63,59
050,20,029,"Kansas","Cloud County",1,66,113,56,57
050,20,029,"Kansas","Cloud County",1,67,104,52,52
050,20,029,"Kansas","Cloud County",1,68,104,52,52
050,20,029,"Kansas","Cloud County",1,69,95,46,49
050,20,029,"Kansas","Cloud County",1,70,103,53,50
050,20,029,"Kansas","Cloud County",1,71,105,51,54
050,20,029,"Kansas","Cloud County",1,72,96,51,45
050,20,029,"Kansas","Cloud County",1,73,83,42,41
050,20,029,"Kansas","Cloud County",1,74,70,32,38
050,20,029,"Kansas","Cloud County",1,75,66,30,36
050,20,029,"Kansas","Cloud County",1,76,66,29,37
050,20,029,"Kansas","Cloud County",1,77,66,31,35
050,20,029,"Kansas","Cloud County",1,78,64,27,37
050,20,029,"Kansas","Cloud County",1,79,65,31,34
050,20,029,"Kansas","Cloud County",1,80,59,26,33
050,20,029,"Kansas","Cloud County",1,81,45,17,28
050,20,029,"Kansas","Cloud County",1,82,51,16,35
050,20,029,"Kansas","Cloud County",1,83,46,16,30
050,20,029,"Kansas","Cloud County",1,84,40,13,27
050,20,029,"Kansas","Cloud County",1,85,287,80,207
050,20,029,"Kansas","Cloud County",2,0,114,60,54
050,20,029,"Kansas","Cloud County",2,1,100,51,49
050,20,029,"Kansas","Cloud County",2,2,105,56,49
050,20,029,"Kansas","Cloud County",2,3,103,54,49
050,20,029,"Kansas","Cloud County",2,4,118,59,59
050,20,029,"Kansas","Cloud County",2,5,107,54,53
050,20,029,"Kansas","Cloud County",2,6,113,56,57
050,20,029,"Kansas","Cloud County",2,7,133,66,67
050,20,029,"Kansas","Cloud County",2,8,128,69,59
050,20,029,"Kansas","Cloud County",2,9,133,77,56
050,20,029,"Kansas","Cloud County",2,10,126,68,58
050,20,029,"Kansas","Cloud County",2,11,123,66,57
050,20,029,"Kansas","Cloud County",2,12,108,56,52
050,20,029,"Kansas","Cloud County",2,13,111,58,53
050,20,029,"Kansas","Cloud County",2,14,115,60,55
050,20,029,"Kansas","Cloud County",2,15,120,61,59
050,20,029,"Kansas","Cloud County",2,16,121,64,57
050,20,029,"Kansas","Cloud County",2,17,121,64,57
050,20,029,"Kansas","Cloud County",2,18,145,71,74
050,20,029,"Kansas","Cloud County",2,19,190,98,92
050,20,029,"Kansas","Cloud County",2,20,141,80,61
050,20,029,"Kansas","Cloud County",2,21,96,54,42
050,20,029,"Kansas","Cloud County",2,22,91,51,40
050,20,029,"Kansas","Cloud County",2,23,86,50,36
050,20,029,"Kansas","Cloud County",2,24,91,53,38
050,20,029,"Kansas","Cloud County",2,25,88,49,39
050,20,029,"Kansas","Cloud County",2,26,91,48,43
050,20,029,"Kansas","Cloud County",2,27,98,48,50
050,20,029,"Kansas","Cloud County",2,28,95,46,49
050,20,029,"Kansas","Cloud County",2,29,95,51,44
050,20,029,"Kansas","Cloud County",2,30,108,56,52
050,20,029,"Kansas","Cloud County",2,31,113,55,58
050,20,029,"Kansas","Cloud County",2,32,109,54,55
050,20,029,"Kansas","Cloud County",2,33,102,50,52
050,20,029,"Kansas","Cloud County",2,34,104,56,48
050,20,029,"Kansas","Cloud County",2,35,103,63,40
050,20,029,"Kansas","Cloud County",2,36,100,62,38
050,20,029,"Kansas","Cloud County",2,37,105,59,46
050,20,029,"Kansas","Cloud County",2,38,113,58,55
050,20,029,"Kansas","Cloud County",2,39,117,61,56
050,20,029,"Kansas","Cloud County",2,40,108,58,50
050,20,029,"Kansas","Cloud County",2,41,87,47,40
050,20,029,"Kansas","Cloud County",2,42,90,53,37
050,20,029,"Kansas","Cloud County",2,43,95,52,43
050,20,029,"Kansas","Cloud County",2,44,88,48,40
050,20,029,"Kansas","Cloud County",2,45,84,42,42
050,20,029,"Kansas","Cloud County",2,46,74,39,35
050,20,029,"Kansas","Cloud County",2,47,94,55,39
050,20,029,"Kansas","Cloud County",2,48,102,57,45
050,20,029,"Kansas","Cloud County",2,49,99,54,45
050,20,029,"Kansas","Cloud County",2,50,100,55,45
050,20,029,"Kansas","Cloud County",2,51,101,50,51
050,20,029,"Kansas","Cloud County",2,52,103,48,55
050,20,029,"Kansas","Cloud County",2,53,105,46,59
050,20,029,"Kansas","Cloud County",2,54,111,49,62
050,20,029,"Kansas","Cloud County",2,55,108,56,52
050,20,029,"Kansas","Cloud County",2,56,102,50,52
050,20,029,"Kansas","Cloud County",2,57,120,58,62
050,20,029,"Kansas","Cloud County",2,58,134,69,65
050,20,029,"Kansas","Cloud County",2,59,136,70,66
050,20,029,"Kansas","Cloud County",2,60,135,72,63
050,20,029,"Kansas","Cloud County",2,61,121,59,62
050,20,029,"Kansas","Cloud County",2,62,117,56,61
050,20,029,"Kansas","Cloud County",2,63,127,68,59
050,20,029,"Kansas","Cloud County",2,64,132,71,61
050,20,029,"Kansas","Cloud County",2,65,125,65,60
050,20,029,"Kansas","Cloud County",2,66,115,59,56
050,20,029,"Kansas","Cloud County",2,67,106,54,52
050,20,029,"Kansas","Cloud County",2,68,102,52,50
050,20,029,"Kansas","Cloud County",2,69,97,48,49
050,20,029,"Kansas","Cloud County",2,70,99,51,48
050,20,029,"Kansas","Cloud County",2,71,104,51,53
050,20,029,"Kansas","Cloud County",2,72,95,50,45
050,20,029,"Kansas","Cloud County",2,73,89,45,44
050,20,029,"Kansas","Cloud County",2,74,68,32,36
050,20,029,"Kansas","Cloud County",2,75,67,30,37
050,20,029,"Kansas","Cloud County",2,76,66,30,36
050,20,029,"Kansas","Cloud County",2,77,68,32,36
050,20,029,"Kansas","Cloud County",2,78,61,26,35
050,20,029,"Kansas","Cloud County",2,79,63,29,34
050,20,029,"Kansas","Cloud County",2,80,59,25,34
050,20,029,"Kansas","Cloud County",2,81,45,18,27
050,20,029,"Kansas","Cloud County",2,82,50,15,35
050,20,029,"Kansas","Cloud County",2,83,47,16,31
050,20,029,"Kansas","Cloud County",2,84,42,14,28
050,20,029,"Kansas","Cloud County",2,85,288,81,207
050,20,029,"Kansas","Cloud County",3,0,115,65,50
050,20,029,"Kansas","Cloud County",3,1,116,62,54
050,20,029,"Kansas","Cloud County",3,2,95,48,47
050,20,029,"Kansas","Cloud County",3,3,111,63,48
050,20,029,"Kansas","Cloud County",3,4,109,55,54
050,20,029,"Kansas","Cloud County",3,5,120,63,57
050,20,029,"Kansas","Cloud County",3,6,111,55,56
050,20,029,"Kansas","Cloud County",3,7,103,52,51
050,20,029,"Kansas","Cloud County",3,8,131,64,67
050,20,029,"Kansas","Cloud County",3,9,128,70,58
050,20,029,"Kansas","Cloud County",3,10,134,77,57
050,20,029,"Kansas","Cloud County",3,11,126,67,59
050,20,029,"Kansas","Cloud County",3,12,125,68,57
050,20,029,"Kansas","Cloud County",3,13,103,51,52
050,20,029,"Kansas","Cloud County",3,14,109,58,51
050,20,029,"Kansas","Cloud County",3,15,116,62,54
050,20,029,"Kansas","Cloud County",3,16,123,67,56
050,20,029,"Kansas","Cloud County",3,17,119,64,55
050,20,029,"Kansas","Cloud County",3,18,151,83,68
050,20,029,"Kansas","Cloud County",3,19,200,104,96
050,20,029,"Kansas","Cloud County",3,20,132,74,58
050,20,029,"Kansas","Cloud County",3,21,99,55,44
050,20,029,"Kansas","Cloud County",3,22,87,47,40
050,20,029,"Kansas","Cloud County",3,23,87,49,38
050,20,029,"Kansas","Cloud County",3,24,103,60,43
050,20,029,"Kansas","Cloud County",3,25,91,53,38
050,20,029,"Kansas","Cloud County",3,26,84,48,36
050,20,029,"Kansas","Cloud County",3,27,92,47,45
050,20,029,"Kansas","Cloud County",3,28,91,42,49
050,20,029,"Kansas","Cloud County",3,29,96,48,48
050,20,029,"Kansas","Cloud County",3,30,92,49,43
050,20,029,"Kansas","Cloud County",3,31,109,58,51
050,20,029,"Kansas","Cloud County",3,32,107,52,55
050,20,029,"Kansas","Cloud County",3,33,111,53,58
050,20,029,"Kansas","Cloud County",3,34,104,52,52
050,20,029,"Kansas","Cloud County",3,35,101,56,45
050,20,029,"Kansas","Cloud County",3,36,100,59,41
050,20,029,"Kansas","Cloud County",3,37,100,61,39
050,20,029,"Kansas","Cloud County",3,38,103,57,46
050,20,029,"Kansas","Cloud County",3,39,116,64,52
050,20,029,"Kansas","Cloud County",3,40,118,61,57
050,20,029,"Kansas","Cloud County",3,41,108,59,49
050,20,029,"Kansas","Cloud County",3,42,85,45,40
050,20,029,"Kansas","Cloud County",3,43,88,49,39
050,20,029,"Kansas","Cloud County",3,44,97,52,45
050,20,029,"Kansas","Cloud County",3,45,89,50,39
050,20,029,"Kansas","Cloud County",3,46,87,46,41
050,20,029,"Kansas","Cloud County",3,47,73,39,34
050,20,029,"Kansas","Cloud County",3,48,93,56,37
050,20,029,"Kansas","Cloud County",3,49,102,55,47
050,20,029,"Kansas","Cloud County",3,50,99,50,49
050,20,029,"Kansas","Cloud County",3,51,96,50,46
050,20,029,"Kansas","Cloud County",3,52,101,47,54
050,20,029,"Kansas","Cloud County",3,53,97,48,49
050,20,029,"Kansas","Cloud County",3,54,108,48,60
050,20,029,"Kansas","Cloud County",3,55,105,45,60
050,20,029,"Kansas","Cloud County",3,56,111,57,54
050,20,029,"Kansas","Cloud County",3,57,105,51,54
050,20,029,"Kansas","Cloud County",3,58,112,56,56
050,20,029,"Kansas","Cloud County",3,59,132,67,65
050,20,029,"Kansas","Cloud County",3,60,136,71,65
050,20,029,"Kansas","Cloud County",3,61,137,74,63
050,20,029,"Kansas","Cloud County",3,62,117,56,61
050,20,029,"Kansas","Cloud County",3,63,113,52,61
050,20,029,"Kansas","Cloud County",3,64,131,70,61
050,20,029,"Kansas","Cloud County",3,65,125,68,57
050,20,029,"Kansas","Cloud County",3,66,124,68,56
050,20,029,"Kansas","Cloud County",3,67,115,57,58
050,20,029,"Kansas","Cloud County",3,68,103,51,52
050,20,029,"Kansas","Cloud County",3,69,106,49,57
050,20,029,"Kansas","Cloud County",3,70,89,44,45
050,20,029,"Kansas","Cloud County",3,71,102,50,52
050,20,029,"Kansas","Cloud County",3,72,93,45,48
050,20,029,"Kansas","Cloud County",3,73,87,43,44
050,20,029,"Kansas","Cloud County",3,74,88,43,45
050,20,029,"Kansas","Cloud County",3,75,59,27,32
050,20,029,"Kansas","Cloud County",3,76,63,25,38
050,20,029,"Kansas","Cloud County",3,77,65,31,34
050,20,029,"Kansas","Cloud County",3,78,62,28,34
050,20,029,"Kansas","Cloud County",3,79,56,21,35
050,20,029,"Kansas","Cloud County",3,80,61,26,35
050,20,029,"Kansas","Cloud County",3,81,53,24,29
050,20,029,"Kansas","Cloud County",3,82,46,16,30
050,20,029,"Kansas","Cloud County",3,83,47,14,33
050,20,029,"Kansas","Cloud County",3,84,46,15,31
050,20,029,"Kansas","Cloud County",3,85,274,74,200
050,20,029,"Kansas","Cloud County",4,0,104,53,51
050,20,029,"Kansas","Cloud County",4,1,115,63,52
050,20,029,"Kansas","Cloud County",4,2,113,56,57
050,20,029,"Kansas","Cloud County",4,3,95,47,48
050,20,029,"Kansas","Cloud County",4,4,110,62,48
050,20,029,"Kansas","Cloud County",4,5,113,59,54
050,20,029,"Kansas","Cloud County",4,6,113,56,57
050,20,029,"Kansas","Cloud County",4,7,116,58,58
050,20,029,"Kansas","Cloud County",4,8,102,50,52
050,20,029,"Kansas","Cloud County",4,9,128,62,66
050,20,029,"Kansas","Cloud County",4,10,136,76,60
050,20,029,"Kansas","Cloud County",4,11,135,79,56
050,20,029,"Kansas","Cloud County",4,12,135,72,63
050,20,029,"Kansas","Cloud County",4,13,125,67,58
050,20,029,"Kansas","Cloud County",4,14,111,57,54
050,20,029,"Kansas","Cloud County",4,15,119,67,52
050,20,029,"Kansas","Cloud County",4,16,123,63,60
050,20,029,"Kansas","Cloud County",4,17,129,68,61
050,20,029,"Kansas","Cloud County",4,18,153,81,72
050,20,029,"Kansas","Cloud County",4,19,197,106,91
050,20,029,"Kansas","Cloud County",4,20,156,84,72
050,20,029,"Kansas","Cloud County",4,21,90,46,44
050,20,029,"Kansas","Cloud County",4,22,82,48,34
050,20,029,"Kansas","Cloud County",4,23,86,46,40
050,20,029,"Kansas","Cloud County",4,24,75,37,38
050,20,029,"Kansas","Cloud County",4,25,96,51,45
050,20,029,"Kansas","Cloud County",4,26,90,51,39
050,20,029,"Kansas","Cloud County",4,27,82,48,34
050,20,029,"Kansas","Cloud County",4,28,93,51,42
050,20,029,"Kansas","Cloud County",4,29,100,49,51
050,20,029,"Kansas","Cloud County",4,30,86,42,44
050,20,029,"Kansas","Cloud County",4,31,96,54,42
050,20,029,"Kansas","Cloud County",4,32,109,55,54
050,20,029,"Kansas","Cloud County",4,33,104,50,54
050,20,029,"Kansas","Cloud County",4,34,108,47,61
050,20,029,"Kansas","Cloud County",4,35,101,53,48
050,20,029,"Kansas","Cloud County",4,36,106,58,48
050,20,029,"Kansas","Cloud County",4,37,101,60,41
050,20,029,"Kansas","Cloud County",4,38,102,60,42
050,20,029,"Kansas","Cloud County",4,39,102,59,43
050,20,029,"Kansas","Cloud County",4,40,125,74,51
050,20,029,"Kansas","Cloud County",4,41,125,64,61
050,20,029,"Kansas","Cloud County",4,42,111,62,49
050,20,029,"Kansas","Cloud County",4,43,89,44,45
050,20,029,"Kansas","Cloud County",4,44,90,50,40
050,20,029,"Kansas","Cloud County",4,45,93,50,43
050,20,029,"Kansas","Cloud County",4,46,91,51,40
050,20,029,"Kansas","Cloud County",4,47,90,44,46
050,20,029,"Kansas","Cloud County",4,48,67,36,31
050,20,029,"Kansas","Cloud County",4,49,95,57,38
050,20,029,"Kansas","Cloud County",4,50,97,54,43
050,20,029,"Kansas","Cloud County",4,51,95,47,48
050,20,029,"Kansas","Cloud County",4,52,93,49,44
050,20,029,"Kansas","Cloud County",4,53,103,52,51
050,20,029,"Kansas","Cloud County",4,54,96,47,49
050,20,029,"Kansas","Cloud County",4,55,109,47,62
050,20,029,"Kansas","Cloud County",4,56,106,43,63
050,20,029,"Kansas","Cloud County",4,57,117,60,57
050,20,029,"Kansas","Cloud County",4,58,107,51,56
050,20,029,"Kansas","Cloud County",4,59,108,56,52
050,20,029,"Kansas","Cloud County",4,60,132,68,64
050,20,029,"Kansas","Cloud County",4,61,134,69,65
050,20,029,"Kansas","Cloud County",4,62,130,68,62
050,20,029,"Kansas","Cloud County",4,63,120,58,62
050,20,029,"Kansas","Cloud County",4,64,108,46,62
050,20,029,"Kansas","Cloud County",4,65,127,68,59
050,20,029,"Kansas","Cloud County",4,66,120,68,52
050,20,029,"Kansas","Cloud County",4,67,123,67,56
050,20,029,"Kansas","Cloud County",4,68,115,56,59
050,20,029,"Kansas","Cloud County",4,69,106,52,54
050,20,029,"Kansas","Cloud County",4,70,100,48,52
050,20,029,"Kansas","Cloud County",4,71,92,45,47
050,20,029,"Kansas","Cloud County",4,72,91,46,45
050,20,029,"Kansas","Cloud County",4,73,80,38,42
050,20,029,"Kansas","Cloud County",4,74,82,40,42
050,20,029,"Kansas","Cloud County",4,75,81,42,39
050,20,029,"Kansas","Cloud County",4,76,61,27,34
050,20,029,"Kansas","Cloud County",4,77,61,23,38
050,20,029,"Kansas","Cloud County",4,78,56,23,33
050,20,029,"Kansas","Cloud County",4,79,60,27,33
050,20,029,"Kansas","Cloud County",4,80,54,17,37
050,20,029,"Kansas","Cloud County",4,81,54,23,31
050,20,029,"Kansas","Cloud County",4,82,55,24,31
050,20,029,"Kansas","Cloud County",4,83,43,16,27
050,20,029,"Kansas","Cloud County",4,84,42,11,31
050,20,029,"Kansas","Cloud County",4,85,263,69,194
050,20,029,"Kansas","Cloud County",5,0,108,58,50
050,20,029,"Kansas","Cloud County",5,1,107,59,48
050,20,029,"Kansas","Cloud County",5,2,114,68,46
050,20,029,"Kansas","Cloud County",5,3,111,54,57
050,20,029,"Kansas","Cloud County",5,4,91,44,47
050,20,029,"Kansas","Cloud County",5,5,119,69,50
050,20,029,"Kansas","Cloud County",5,6,117,61,56
050,20,029,"Kansas","Cloud County",5,7,107,53,54
050,20,029,"Kansas","Cloud County",5,8,115,61,54
050,20,029,"Kansas","Cloud County",5,9,104,49,55
050,20,029,"Kansas","Cloud County",5,10,116,58,58
050,20,029,"Kansas","Cloud County",5,11,134,75,59
050,20,029,"Kansas","Cloud County",5,12,135,80,55
050,20,029,"Kansas","Cloud County",5,13,138,75,63
050,20,029,"Kansas","Cloud County",5,14,132,72,60
050,20,029,"Kansas","Cloud County",5,15,110,56,54
050,20,029,"Kansas","Cloud County",5,16,110,61,49
050,20,029,"Kansas","Cloud County",5,17,124,61,63
050,20,029,"Kansas","Cloud County",5,18,152,82,70
050,20,029,"Kansas","Cloud County",5,19,197,107,90
050,20,029,"Kansas","Cloud County",5,20,143,80,63
050,20,029,"Kansas","Cloud County",5,21,107,55,52
050,20,029,"Kansas","Cloud County",5,22,91,42,49
050,20,029,"Kansas","Cloud County",5,23,71,40,31
050,20,029,"Kansas","Cloud County",5,24,81,43,38
050,20,029,"Kansas","Cloud County",5,25,86,47,39
050,20,029,"Kansas","Cloud County",5,26,95,52,43
050,20,029,"Kansas","Cloud County",5,27,96,53,43
050,20,029,"Kansas","Cloud County",5,28,87,51,36
050,20,029,"Kansas","Cloud County",5,29,96,55,41
050,20,029,"Kansas","Cloud County",5,30,96,46,50
050,20,029,"Kansas","Cloud County",5,31,85,41,44
050,20,029,"Kansas","Cloud County",5,32,87,51,36
050,20,029,"Kansas","Cloud County",5,33,107,53,54
050,20,029,"Kansas","Cloud County",5,34,106,52,54
050,20,029,"Kansas","Cloud County",5,35,113,50,63
050,20,029,"Kansas","Cloud County",5,36,94,46,48
050,20,029,"Kansas","Cloud County",5,37,111,60,51
050,20,029,"Kansas","Cloud County",5,38,101,60,41
050,20,029,"Kansas","Cloud County",5,39,102,62,40
050,20,029,"Kansas","Cloud County",5,40,101,59,42
050,20,029,"Kansas","Cloud County",5,41,122,73,49
050,20,029,"Kansas","Cloud County",5,42,120,64,56
050,20,029,"Kansas","Cloud County",5,43,110,61,49
050,20,029,"Kansas","Cloud County",5,44,88,44,44
050,20,029,"Kansas","Cloud County",5,45,90,51,39
050,20,029,"Kansas","Cloud County",5,46,95,52,43
050,20,029,"Kansas","Cloud County",5,47,93,51,42
050,20,029,"Kansas","Cloud County",5,48,88,44,44
050,20,029,"Kansas","Cloud County",5,49,68,35,33
050,20,029,"Kansas","Cloud County",5,50,90,55,35
050,20,029,"Kansas","Cloud County",5,51,94,52,42
050,20,029,"Kansas","Cloud County",5,52,97,49,48
050,20,029,"Kansas","Cloud County",5,53,95,49,46
050,20,029,"Kansas","Cloud County",5,54,103,51,52
050,20,029,"Kansas","Cloud County",5,55,96,46,50
050,20,029,"Kansas","Cloud County",5,56,104,47,57
050,20,029,"Kansas","Cloud County",5,57,110,44,66
050,20,029,"Kansas","Cloud County",5,58,115,58,57
050,20,029,"Kansas","Cloud County",5,59,103,46,57
050,20,029,"Kansas","Cloud County",5,60,110,57,53
050,20,029,"Kansas","Cloud County",5,61,131,69,62
050,20,029,"Kansas","Cloud County",5,62,132,65,67
050,20,029,"Kansas","Cloud County",5,63,129,68,61
050,20,029,"Kansas","Cloud County",5,64,120,53,67
050,20,029,"Kansas","Cloud County",5,65,105,44,61
050,20,029,"Kansas","Cloud County",5,66,127,71,56
050,20,029,"Kansas","Cloud County",5,67,119,66,53
050,20,029,"Kansas","Cloud County",5,68,123,64,59
050,20,029,"Kansas","Cloud County",5,69,114,55,59
050,20,029,"Kansas","Cloud County",5,70,102,50,52
050,20,029,"Kansas","Cloud County",5,71,101,49,52
050,20,029,"Kansas","Cloud County",5,72,79,38,41
050,20,029,"Kansas","Cloud County",5,73,84,40,44
050,20,029,"Kansas","Cloud County",5,74,77,37,40
050,20,029,"Kansas","Cloud County",5,75,76,37,39
050,20,029,"Kansas","Cloud County",5,76,80,42,38
050,20,029,"Kansas","Cloud County",5,77,62,27,35
050,20,029,"Kansas","Cloud County",5,78,56,19,37
050,20,029,"Kansas","Cloud County",5,79,51,21,30
050,20,029,"Kansas","Cloud County",5,80,56,23,33
050,20,029,"Kansas","Cloud County",5,81,47,15,32
050,20,029,"Kansas","Cloud County",5,82,51,18,33
050,20,029,"Kansas","Cloud County",5,83,50,24,26
050,20,029,"Kansas","Cloud County",5,84,39,13,26
050,20,029,"Kansas","Cloud County",5,85,255,62,193
050,20,031,"Kansas","Coffey County",1,0,70,36,34
050,20,031,"Kansas","Coffey County",1,1,72,34,38
050,20,031,"Kansas","Coffey County",1,2,88,39,49
050,20,031,"Kansas","Coffey County",1,3,97,52,45
050,20,031,"Kansas","Coffey County",1,4,91,45,46
050,20,031,"Kansas","Coffey County",1,5,95,51,44
050,20,031,"Kansas","Coffey County",1,6,117,59,58
050,20,031,"Kansas","Coffey County",1,7,107,56,51
050,20,031,"Kansas","Coffey County",1,8,99,57,42
050,20,031,"Kansas","Coffey County",1,9,99,53,46
050,20,031,"Kansas","Coffey County",1,10,98,55,43
050,20,031,"Kansas","Coffey County",1,11,99,42,57
050,20,031,"Kansas","Coffey County",1,12,116,64,52
050,20,031,"Kansas","Coffey County",1,13,109,55,54
050,20,031,"Kansas","Coffey County",1,14,105,55,50
050,20,031,"Kansas","Coffey County",1,15,110,48,62
050,20,031,"Kansas","Coffey County",1,16,111,55,56
050,20,031,"Kansas","Coffey County",1,17,119,60,59
050,20,031,"Kansas","Coffey County",1,18,99,52,47
050,20,031,"Kansas","Coffey County",1,19,74,40,34
050,20,031,"Kansas","Coffey County",1,20,77,43,34
050,20,031,"Kansas","Coffey County",1,21,82,44,38
050,20,031,"Kansas","Coffey County",1,22,85,41,44
050,20,031,"Kansas","Coffey County",1,23,89,48,41
050,20,031,"Kansas","Coffey County",1,24,86,38,48
050,20,031,"Kansas","Coffey County",1,25,93,47,46
050,20,031,"Kansas","Coffey County",1,26,87,50,37
050,20,031,"Kansas","Coffey County",1,27,84,45,39
050,20,031,"Kansas","Coffey County",1,28,96,44,52
050,20,031,"Kansas","Coffey County",1,29,96,52,44
050,20,031,"Kansas","Coffey County",1,30,91,47,44
050,20,031,"Kansas","Coffey County",1,31,91,48,43
050,20,031,"Kansas","Coffey County",1,32,71,35,36
050,20,031,"Kansas","Coffey County",1,33,92,42,50
050,20,031,"Kansas","Coffey County",1,34,109,57,52
050,20,031,"Kansas","Coffey County",1,35,101,55,46
050,20,031,"Kansas","Coffey County",1,36,97,53,44
050,20,031,"Kansas","Coffey County",1,37,101,49,52
050,20,031,"Kansas","Coffey County",1,38,100,44,56
050,20,031,"Kansas","Coffey County",1,39,104,52,52
050,20,031,"Kansas","Coffey County",1,40,90,55,35
050,20,031,"Kansas","Coffey County",1,41,95,53,42
050,20,031,"Kansas","Coffey County",1,42,76,37,39
050,20,031,"Kansas","Coffey County",1,43,89,41,48
050,20,031,"Kansas","Coffey County",1,44,90,48,42
050,20,031,"Kansas","Coffey County",1,45,92,45,47
050,20,031,"Kansas","Coffey County",1,46,100,49,51
050,20,031,"Kansas","Coffey County",1,47,109,56,53
050,20,031,"Kansas","Coffey County",1,48,102,49,53
050,20,031,"Kansas","Coffey County",1,49,97,48,49
050,20,031,"Kansas","Coffey County",1,50,102,52,50
050,20,031,"Kansas","Coffey County",1,51,109,48,61
050,20,031,"Kansas","Coffey County",1,52,108,58,50
050,20,031,"Kansas","Coffey County",1,53,100,54,46
050,20,031,"Kansas","Coffey County",1,54,94,43,51
050,20,031,"Kansas","Coffey County",1,55,116,53,63
050,20,031,"Kansas","Coffey County",1,56,127,69,58
050,20,031,"Kansas","Coffey County",1,57,121,59,62
050,20,031,"Kansas","Coffey County",1,58,136,61,75
050,20,031,"Kansas","Coffey County",1,59,144,70,74
050,20,031,"Kansas","Coffey County",1,60,125,63,62
050,20,031,"Kansas","Coffey County",1,61,136,67,69
050,20,031,"Kansas","Coffey County",1,62,138,64,74
050,20,031,"Kansas","Coffey County",1,63,124,56,68
050,20,031,"Kansas","Coffey County",1,64,112,58,54
050,20,031,"Kansas","Coffey County",1,65,122,64,58
050,20,031,"Kansas","Coffey County",1,66,117,61,56
050,20,031,"Kansas","Coffey County",1,67,122,65,57
050,20,031,"Kansas","Coffey County",1,68,117,60,57
050,20,031,"Kansas","Coffey County",1,69,116,57,59
050,20,031,"Kansas","Coffey County",1,70,111,56,55
050,20,031,"Kansas","Coffey County",1,71,102,52,50
050,20,031,"Kansas","Coffey County",1,72,91,50,41
050,20,031,"Kansas","Coffey County",1,73,98,49,49
050,20,031,"Kansas","Coffey County",1,74,69,31,38
050,20,031,"Kansas","Coffey County",1,75,72,36,36
050,20,031,"Kansas","Coffey County",1,76,80,37,43
050,20,031,"Kansas","Coffey County",1,77,80,38,42
050,20,031,"Kansas","Coffey County",1,78,66,28,38
050,20,031,"Kansas","Coffey County",1,79,56,27,29
050,20,031,"Kansas","Coffey County",1,80,45,18,27
050,20,031,"Kansas","Coffey County",1,81,39,16,23
050,20,031,"Kansas","Coffey County",1,82,44,18,26
050,20,031,"Kansas","Coffey County",1,83,39,18,21
050,20,031,"Kansas","Coffey County",1,84,35,13,22
050,20,031,"Kansas","Coffey County",1,85,199,72,127
050,20,031,"Kansas","Coffey County",2,0,67,32,35
050,20,031,"Kansas","Coffey County",2,1,70,34,36
050,20,031,"Kansas","Coffey County",2,2,85,38,47
050,20,031,"Kansas","Coffey County",2,3,94,48,46
050,20,031,"Kansas","Coffey County",2,4,93,47,46
050,20,031,"Kansas","Coffey County",2,5,96,50,46
050,20,031,"Kansas","Coffey County",2,6,113,58,55
050,20,031,"Kansas","Coffey County",2,7,111,58,53
050,20,031,"Kansas","Coffey County",2,8,101,56,45
050,20,031,"Kansas","Coffey County",2,9,99,54,45
050,20,031,"Kansas","Coffey County",2,10,97,54,43
050,20,031,"Kansas","Coffey County",2,11,100,47,53
050,20,031,"Kansas","Coffey County",2,12,112,59,53
050,20,031,"Kansas","Coffey County",2,13,109,56,53
050,20,031,"Kansas","Coffey County",2,14,105,54,51
050,20,031,"Kansas","Coffey County",2,15,110,51,59
050,20,031,"Kansas","Coffey County",2,16,112,54,58
050,20,031,"Kansas","Coffey County",2,17,117,58,59
050,20,031,"Kansas","Coffey County",2,18,98,52,46
050,20,031,"Kansas","Coffey County",2,19,75,40,35
050,20,031,"Kansas","Coffey County",2,20,79,43,36
050,20,031,"Kansas","Coffey County",2,21,80,43,37
050,20,031,"Kansas","Coffey County",2,22,85,43,42
050,20,031,"Kansas","Coffey County",2,23,89,46,43
050,20,031,"Kansas","Coffey County",2,24,87,40,47
050,20,031,"Kansas","Coffey County",2,25,94,46,48
050,20,031,"Kansas","Coffey County",2,26,89,50,39
050,20,031,"Kansas","Coffey County",2,27,86,46,40
050,20,031,"Kansas","Coffey County",2,28,95,46,49
050,20,031,"Kansas","Coffey County",2,29,96,50,46
050,20,031,"Kansas","Coffey County",2,30,94,49,45
050,20,031,"Kansas","Coffey County",2,31,91,49,42
050,20,031,"Kansas","Coffey County",2,32,77,38,39
050,20,031,"Kansas","Coffey County",2,33,91,43,48
050,20,031,"Kansas","Coffey County",2,34,105,53,52
050,20,031,"Kansas","Coffey County",2,35,104,57,47
050,20,031,"Kansas","Coffey County",2,36,99,54,45
050,20,031,"Kansas","Coffey County",2,37,100,50,50
050,20,031,"Kansas","Coffey County",2,38,99,44,55
050,20,031,"Kansas","Coffey County",2,39,102,50,52
050,20,031,"Kansas","Coffey County",2,40,95,56,39
050,20,031,"Kansas","Coffey County",2,41,94,54,40
050,20,031,"Kansas","Coffey County",2,42,79,40,39
050,20,031,"Kansas","Coffey County",2,43,88,41,47
050,20,031,"Kansas","Coffey County",2,44,89,46,43
050,20,031,"Kansas","Coffey County",2,45,92,46,46
050,20,031,"Kansas","Coffey County",2,46,97,48,49
050,20,031,"Kansas","Coffey County",2,47,107,55,52
050,20,031,"Kansas","Coffey County",2,48,102,49,53
050,20,031,"Kansas","Coffey County",2,49,100,50,50
050,20,031,"Kansas","Coffey County",2,50,101,50,51
050,20,031,"Kansas","Coffey County",2,51,107,49,58
050,20,031,"Kansas","Coffey County",2,52,109,56,53
050,20,031,"Kansas","Coffey County",2,53,101,54,47
050,20,031,"Kansas","Coffey County",2,54,95,45,50
050,20,031,"Kansas","Coffey County",2,55,113,52,61
050,20,031,"Kansas","Coffey County",2,56,125,65,60
050,20,031,"Kansas","Coffey County",2,57,124,62,62
050,20,031,"Kansas","Coffey County",2,58,133,60,73
050,20,031,"Kansas","Coffey County",2,59,143,69,74
050,20,031,"Kansas","Coffey County",2,60,130,65,65
050,20,031,"Kansas","Coffey County",2,61,133,66,67
050,20,031,"Kansas","Coffey County",2,62,136,64,72
050,20,031,"Kansas","Coffey County",2,63,128,58,70
050,20,031,"Kansas","Coffey County",2,64,113,56,57
050,20,031,"Kansas","Coffey County",2,65,120,63,57
050,20,031,"Kansas","Coffey County",2,66,120,63,57
050,20,031,"Kansas","Coffey County",2,67,119,63,56
050,20,031,"Kansas","Coffey County",2,68,116,59,57
050,20,031,"Kansas","Coffey County",2,69,115,57,58
050,20,031,"Kansas","Coffey County",2,70,110,55,55
050,20,031,"Kansas","Coffey County",2,71,104,53,51
050,20,031,"Kansas","Coffey County",2,72,91,49,42
050,20,031,"Kansas","Coffey County",2,73,98,50,48
050,20,031,"Kansas","Coffey County",2,74,70,33,37
050,20,031,"Kansas","Coffey County",2,75,72,35,37
050,20,031,"Kansas","Coffey County",2,76,77,37,40
050,20,031,"Kansas","Coffey County",2,77,82,38,44
050,20,031,"Kansas","Coffey County",2,78,69,30,39
050,20,031,"Kansas","Coffey County",2,79,56,26,30
050,20,031,"Kansas","Coffey County",2,80,47,20,27
050,20,031,"Kansas","Coffey County",2,81,38,15,23
050,20,031,"Kansas","Coffey County",2,82,43,18,25
050,20,031,"Kansas","Coffey County",2,83,38,17,21
050,20,031,"Kansas","Coffey County",2,84,35,14,21
050,20,031,"Kansas","Coffey County",2,85,197,71,126
050,20,031,"Kansas","Coffey County",3,0,73,34,39
050,20,031,"Kansas","Coffey County",3,1,79,41,38
050,20,031,"Kansas","Coffey County",3,2,72,31,41
050,20,031,"Kansas","Coffey County",3,3,85,38,47
050,20,031,"Kansas","Coffey County",3,4,92,51,41
050,20,031,"Kansas","Coffey County",3,5,96,51,45
050,20,031,"Kansas","Coffey County",3,6,100,55,45
050,20,031,"Kansas","Coffey County",3,7,114,62,52
050,20,031,"Kansas","Coffey County",3,8,110,57,53
050,20,031,"Kansas","Coffey County",3,9,104,56,48
050,20,031,"Kansas","Coffey County",3,10,105,59,46
050,20,031,"Kansas","Coffey County",3,11,100,55,45
050,20,031,"Kansas","Coffey County",3,12,102,50,52
050,20,031,"Kansas","Coffey County",3,13,117,62,55
050,20,031,"Kansas","Coffey County",3,14,113,59,54
050,20,031,"Kansas","Coffey County",3,15,96,48,48
050,20,031,"Kansas","Coffey County",3,16,112,52,60
050,20,031,"Kansas","Coffey County",3,17,106,48,58
050,20,031,"Kansas","Coffey County",3,18,101,51,50
050,20,031,"Kansas","Coffey County",3,19,72,37,35
050,20,031,"Kansas","Coffey County",3,20,76,39,37
050,20,031,"Kansas","Coffey County",3,21,78,44,34
050,20,031,"Kansas","Coffey County",3,22,76,40,36
050,20,031,"Kansas","Coffey County",3,23,90,46,44
050,20,031,"Kansas","Coffey County",3,24,85,46,39
050,20,031,"Kansas","Coffey County",3,25,97,45,52
050,20,031,"Kansas","Coffey County",3,26,93,48,45
050,20,031,"Kansas","Coffey County",3,27,86,44,42
050,20,031,"Kansas","Coffey County",3,28,90,52,38
050,20,031,"Kansas","Coffey County",3,29,102,49,53
050,20,031,"Kansas","Coffey County",3,30,107,53,54
050,20,031,"Kansas","Coffey County",3,31,105,53,52
050,20,031,"Kansas","Coffey County",3,32,91,48,43
050,20,031,"Kansas","Coffey County",3,33,77,38,39
050,20,031,"Kansas","Coffey County",3,34,93,48,45
050,20,031,"Kansas","Coffey County",3,35,101,54,47
050,20,031,"Kansas","Coffey County",3,36,111,64,47
050,20,031,"Kansas","Coffey County",3,37,94,49,45
050,20,031,"Kansas","Coffey County",3,38,102,50,52
050,20,031,"Kansas","Coffey County",3,39,97,43,54
050,20,031,"Kansas","Coffey County",3,40,100,47,53
050,20,031,"Kansas","Coffey County",3,41,93,51,42
050,20,031,"Kansas","Coffey County",3,42,93,53,40
050,20,031,"Kansas","Coffey County",3,43,81,40,41
050,20,031,"Kansas","Coffey County",3,44,88,42,46
050,20,031,"Kansas","Coffey County",3,45,91,45,46
050,20,031,"Kansas","Coffey County",3,46,86,46,40
050,20,031,"Kansas","Coffey County",3,47,97,48,49
050,20,031,"Kansas","Coffey County",3,48,107,55,52
050,20,031,"Kansas","Coffey County",3,49,103,51,52
050,20,031,"Kansas","Coffey County",3,50,97,48,49
050,20,031,"Kansas","Coffey County",3,51,99,50,49
050,20,031,"Kansas","Coffey County",3,52,108,50,58
050,20,031,"Kansas","Coffey County",3,53,107,55,52
050,20,031,"Kansas","Coffey County",3,54,97,54,43
050,20,031,"Kansas","Coffey County",3,55,95,45,50
050,20,031,"Kansas","Coffey County",3,56,110,49,61
050,20,031,"Kansas","Coffey County",3,57,127,65,62
050,20,031,"Kansas","Coffey County",3,58,120,57,63
050,20,031,"Kansas","Coffey County",3,59,125,57,68
050,20,031,"Kansas","Coffey County",3,60,140,68,72
050,20,031,"Kansas","Coffey County",3,61,130,64,66
050,20,031,"Kansas","Coffey County",3,62,131,66,65
050,20,031,"Kansas","Coffey County",3,63,139,72,67
050,20,031,"Kansas","Coffey County",3,64,126,58,68
050,20,031,"Kansas","Coffey County",3,65,111,52,59
050,20,031,"Kansas","Coffey County",3,66,114,59,55
050,20,031,"Kansas","Coffey County",3,67,117,62,55
050,20,031,"Kansas","Coffey County",3,68,115,60,55
050,20,031,"Kansas","Coffey County",3,69,119,60,59
050,20,031,"Kansas","Coffey County",3,70,107,53,54
050,20,031,"Kansas","Coffey County",3,71,110,53,57
050,20,031,"Kansas","Coffey County",3,72,98,48,50
050,20,031,"Kansas","Coffey County",3,73,91,49,42
050,20,031,"Kansas","Coffey County",3,74,91,46,45
050,20,031,"Kansas","Coffey County",3,75,65,30,35
050,20,031,"Kansas","Coffey County",3,76,63,29,34
050,20,031,"Kansas","Coffey County",3,77,75,37,38
050,20,031,"Kansas","Coffey County",3,78,81,36,45
050,20,031,"Kansas","Coffey County",3,79,66,29,37
050,20,031,"Kansas","Coffey County",3,80,58,25,33
050,20,031,"Kansas","Coffey County",3,81,48,21,27
050,20,031,"Kansas","Coffey County",3,82,37,15,22
050,20,031,"Kansas","Coffey County",3,83,43,20,23
050,20,031,"Kansas","Coffey County",3,84,34,14,20
050,20,031,"Kansas","Coffey County",3,85,204,78,126
050,20,031,"Kansas","Coffey County",4,0,71,38,33
050,20,031,"Kansas","Coffey County",4,1,83,37,46
050,20,031,"Kansas","Coffey County",4,2,80,42,38
050,20,031,"Kansas","Coffey County",4,3,76,34,42
050,20,031,"Kansas","Coffey County",4,4,82,35,47
050,20,031,"Kansas","Coffey County",4,5,92,51,41
050,20,031,"Kansas","Coffey County",4,6,103,51,52
050,20,031,"Kansas","Coffey County",4,7,101,55,46
050,20,031,"Kansas","Coffey County",4,8,120,63,57
050,20,031,"Kansas","Coffey County",4,9,112,55,57
050,20,031,"Kansas","Coffey County",4,10,109,56,53
050,20,031,"Kansas","Coffey County",4,11,106,58,48
050,20,031,"Kansas","Coffey County",4,12,95,54,41
050,20,031,"Kansas","Coffey County",4,13,104,50,54
050,20,031,"Kansas","Coffey County",4,14,113,60,53
050,20,031,"Kansas","Coffey County",4,15,104,53,51
050,20,031,"Kansas","Coffey County",4,16,97,54,43
050,20,031,"Kansas","Coffey County",4,17,114,52,62
050,20,031,"Kansas","Coffey County",4,18,88,47,41
050,20,031,"Kansas","Coffey County",4,19,75,37,38
050,20,031,"Kansas","Coffey County",4,20,63,31,32
050,20,031,"Kansas","Coffey County",4,21,80,38,42
050,20,031,"Kansas","Coffey County",4,22,75,45,30
050,20,031,"Kansas","Coffey County",4,23,71,34,37
050,20,031,"Kansas","Coffey County",4,24,84,43,41
050,20,031,"Kansas","Coffey County",4,25,86,48,38
050,20,031,"Kansas","Coffey County",4,26,97,46,51
050,20,031,"Kansas","Coffey County",4,27,88,45,43
050,20,031,"Kansas","Coffey County",4,28,92,43,49
050,20,031,"Kansas","Coffey County",4,29,88,48,40
050,20,031,"Kansas","Coffey County",4,30,106,52,54
050,20,031,"Kansas","Coffey County",4,31,108,54,54
050,20,031,"Kansas","Coffey County",4,32,104,53,51
050,20,031,"Kansas","Coffey County",4,33,96,50,46
050,20,031,"Kansas","Coffey County",4,34,75,40,35
050,20,031,"Kansas","Coffey County",4,35,91,46,45
050,20,031,"Kansas","Coffey County",4,36,99,53,46
050,20,031,"Kansas","Coffey County",4,37,118,69,49
050,20,031,"Kansas","Coffey County",4,38,97,50,47
050,20,031,"Kansas","Coffey County",4,39,106,53,53
050,20,031,"Kansas","Coffey County",4,40,95,41,54
050,20,031,"Kansas","Coffey County",4,41,100,47,53
050,20,031,"Kansas","Coffey County",4,42,93,52,41
050,20,031,"Kansas","Coffey County",4,43,102,57,45
050,20,031,"Kansas","Coffey County",4,44,86,48,38
050,20,031,"Kansas","Coffey County",4,45,88,42,46
050,20,031,"Kansas","Coffey County",4,46,86,41,45
050,20,031,"Kansas","Coffey County",4,47,81,46,35
050,20,031,"Kansas","Coffey County",4,48,90,44,46
050,20,031,"Kansas","Coffey County",4,49,106,54,52
050,20,031,"Kansas","Coffey County",4,50,97,47,50
050,20,031,"Kansas","Coffey County",4,51,102,49,53
050,20,031,"Kansas","Coffey County",4,52,95,48,47
050,20,031,"Kansas","Coffey County",4,53,105,47,58
050,20,031,"Kansas","Coffey County",4,54,106,53,53
050,20,031,"Kansas","Coffey County",4,55,98,56,42
050,20,031,"Kansas","Coffey County",4,56,94,44,50
050,20,031,"Kansas","Coffey County",4,57,111,50,61
050,20,031,"Kansas","Coffey County",4,58,126,62,64
050,20,031,"Kansas","Coffey County",4,59,117,55,62
050,20,031,"Kansas","Coffey County",4,60,120,53,67
050,20,031,"Kansas","Coffey County",4,61,136,66,70
050,20,031,"Kansas","Coffey County",4,62,129,63,66
050,20,031,"Kansas","Coffey County",4,63,126,63,63
050,20,031,"Kansas","Coffey County",4,64,138,71,67
050,20,031,"Kansas","Coffey County",4,65,124,52,72
050,20,031,"Kansas","Coffey County",4,66,106,45,61
050,20,031,"Kansas","Coffey County",4,67,109,58,51
050,20,031,"Kansas","Coffey County",4,68,115,56,59
050,20,031,"Kansas","Coffey County",4,69,109,54,55
050,20,031,"Kansas","Coffey County",4,70,110,55,55
050,20,031,"Kansas","Coffey County",4,71,106,51,55
050,20,031,"Kansas","Coffey County",4,72,105,48,57
050,20,031,"Kansas","Coffey County",4,73,102,51,51
050,20,031,"Kansas","Coffey County",4,74,88,48,40
050,20,031,"Kansas","Coffey County",4,75,92,46,46
050,20,031,"Kansas","Coffey County",4,76,59,28,31
050,20,031,"Kansas","Coffey County",4,77,61,29,32
050,20,031,"Kansas","Coffey County",4,78,72,36,36
050,20,031,"Kansas","Coffey County",4,79,84,36,48
050,20,031,"Kansas","Coffey County",4,80,64,25,39
050,20,031,"Kansas","Coffey County",4,81,55,24,31
050,20,031,"Kansas","Coffey County",4,82,42,20,22
050,20,031,"Kansas","Coffey County",4,83,35,16,19
050,20,031,"Kansas","Coffey County",4,84,38,16,22
050,20,031,"Kansas","Coffey County",4,85,200,80,120
050,20,031,"Kansas","Coffey County",5,0,71,38,33
050,20,031,"Kansas","Coffey County",5,1,71,34,37
050,20,031,"Kansas","Coffey County",5,2,85,39,46
050,20,031,"Kansas","Coffey County",5,3,86,48,38
050,20,031,"Kansas","Coffey County",5,4,75,35,40
050,20,031,"Kansas","Coffey County",5,5,86,39,47
050,20,031,"Kansas","Coffey County",5,6,94,53,41
050,20,031,"Kansas","Coffey County",5,7,102,51,51
050,20,031,"Kansas","Coffey County",5,8,103,54,49
050,20,031,"Kansas","Coffey County",5,9,121,65,56
050,20,031,"Kansas","Coffey County",5,10,110,55,55
050,20,031,"Kansas","Coffey County",5,11,110,59,51
050,20,031,"Kansas","Coffey County",5,12,112,64,48
050,20,031,"Kansas","Coffey County",5,13,97,56,41
050,20,031,"Kansas","Coffey County",5,14,101,50,51
050,20,031,"Kansas","Coffey County",5,15,116,66,50
050,20,031,"Kansas","Coffey County",5,16,105,54,51
050,20,031,"Kansas","Coffey County",5,17,99,54,45
050,20,031,"Kansas","Coffey County",5,18,94,48,46
050,20,031,"Kansas","Coffey County",5,19,61,34,27
050,20,031,"Kansas","Coffey County",5,20,82,43,39
050,20,031,"Kansas","Coffey County",5,21,69,35,34
050,20,031,"Kansas","Coffey County",5,22,91,41,50
050,20,031,"Kansas","Coffey County",5,23,77,43,34
050,20,031,"Kansas","Coffey County",5,24,77,32,45
050,20,031,"Kansas","Coffey County",5,25,84,45,39
050,20,031,"Kansas","Coffey County",5,26,85,50,35
050,20,031,"Kansas","Coffey County",5,27,94,43,51
050,20,031,"Kansas","Coffey County",5,28,88,43,45
050,20,031,"Kansas","Coffey County",5,29,85,40,45
050,20,031,"Kansas","Coffey County",5,30,89,49,40
050,20,031,"Kansas","Coffey County",5,31,101,51,50
050,20,031,"Kansas","Coffey County",5,32,109,54,55
050,20,031,"Kansas","Coffey County",5,33,108,56,52
050,20,031,"Kansas","Coffey County",5,34,91,47,44
050,20,031,"Kansas","Coffey County",5,35,73,39,34
050,20,031,"Kansas","Coffey County",5,36,96,46,50
050,20,031,"Kansas","Coffey County",5,37,97,54,43
050,20,031,"Kansas","Coffey County",5,38,119,68,51
050,20,031,"Kansas","Coffey County",5,39,93,53,40
050,20,031,"Kansas","Coffey County",5,40,112,57,55
050,20,031,"Kansas","Coffey County",5,41,96,41,55
050,20,031,"Kansas","Coffey County",5,42,101,46,55
050,20,031,"Kansas","Coffey County",5,43,96,55,41
050,20,031,"Kansas","Coffey County",5,44,101,60,41
050,20,031,"Kansas","Coffey County",5,45,83,47,36
050,20,031,"Kansas","Coffey County",5,46,93,45,48
050,20,031,"Kansas","Coffey County",5,47,90,44,46
050,20,031,"Kansas","Coffey County",5,48,84,48,36
050,20,031,"Kansas","Coffey County",5,49,92,45,47
050,20,031,"Kansas","Coffey County",5,50,112,59,53
050,20,031,"Kansas","Coffey County",5,51,103,53,50
050,20,031,"Kansas","Coffey County",5,52,105,51,54
050,20,031,"Kansas","Coffey County",5,53,94,48,46
050,20,031,"Kansas","Coffey County",5,54,101,44,57
050,20,031,"Kansas","Coffey County",5,55,106,58,48
050,20,031,"Kansas","Coffey County",5,56,95,57,38
050,20,031,"Kansas","Coffey County",5,57,92,45,47
050,20,031,"Kansas","Coffey County",5,58,110,48,62
050,20,031,"Kansas","Coffey County",5,59,130,62,68
050,20,031,"Kansas","Coffey County",5,60,112,53,59
050,20,031,"Kansas","Coffey County",5,61,113,47,66
050,20,031,"Kansas","Coffey County",5,62,137,66,71
050,20,031,"Kansas","Coffey County",5,63,126,61,65
050,20,031,"Kansas","Coffey County",5,64,126,64,62
050,20,031,"Kansas","Coffey County",5,65,139,66,73
050,20,031,"Kansas","Coffey County",5,66,125,50,75
050,20,031,"Kansas","Coffey County",5,67,102,46,56
050,20,031,"Kansas","Coffey County",5,68,110,58,52
050,20,031,"Kansas","Coffey County",5,69,110,53,57
050,20,031,"Kansas","Coffey County",5,70,100,48,52
050,20,031,"Kansas","Coffey County",5,71,107,55,52
050,20,031,"Kansas","Coffey County",5,72,101,46,55
050,20,031,"Kansas","Coffey County",5,73,109,52,57
050,20,031,"Kansas","Coffey County",5,74,97,51,46
050,20,031,"Kansas","Coffey County",5,75,86,44,42
050,20,031,"Kansas","Coffey County",5,76,85,42,43
050,20,031,"Kansas","Coffey County",5,77,57,28,29
050,20,031,"Kansas","Coffey County",5,78,58,29,29
050,20,031,"Kansas","Coffey County",5,79,74,37,37
050,20,031,"Kansas","Coffey County",5,80,80,33,47
050,20,031,"Kansas","Coffey County",5,81,61,24,37
050,20,031,"Kansas","Coffey County",5,82,51,24,27
050,20,031,"Kansas","Coffey County",5,83,43,22,21
050,20,031,"Kansas","Coffey County",5,84,33,13,20
050,20,031,"Kansas","Coffey County",5,85,206,86,120
050,20,033,"Kansas","Comanche County",1,0,13,7,6
050,20,033,"Kansas","Comanche County",1,1,13,7,6
050,20,033,"Kansas","Comanche County",1,2,16,8,8
050,20,033,"Kansas","Comanche County",1,3,12,7,5
050,20,033,"Kansas","Comanche County",1,4,21,10,11
050,20,033,"Kansas","Comanche County",1,5,23,7,16
050,20,033,"Kansas","Comanche County",1,6,21,11,10
050,20,033,"Kansas","Comanche County",1,7,21,13,8
050,20,033,"Kansas","Comanche County",1,8,32,15,17
050,20,033,"Kansas","Comanche County",1,9,31,17,14
050,20,033,"Kansas","Comanche County",1,10,28,15,13
050,20,033,"Kansas","Comanche County",1,11,28,15,13
050,20,033,"Kansas","Comanche County",1,12,25,11,14
050,20,033,"Kansas","Comanche County",1,13,23,11,12
050,20,033,"Kansas","Comanche County",1,14,23,12,11
050,20,033,"Kansas","Comanche County",1,15,22,9,13
050,20,033,"Kansas","Comanche County",1,16,23,11,12
050,20,033,"Kansas","Comanche County",1,17,26,13,13
050,20,033,"Kansas","Comanche County",1,18,19,8,11
050,20,033,"Kansas","Comanche County",1,19,22,12,10
050,20,033,"Kansas","Comanche County",1,20,15,8,7
050,20,033,"Kansas","Comanche County",1,21,17,8,9
050,20,033,"Kansas","Comanche County",1,22,19,8,11
050,20,033,"Kansas","Comanche County",1,23,18,9,9
050,20,033,"Kansas","Comanche County",1,24,10,3,7
050,20,033,"Kansas","Comanche County",1,25,12,4,8
050,20,033,"Kansas","Comanche County",1,26,12,5,7
050,20,033,"Kansas","Comanche County",1,27,17,8,9
050,20,033,"Kansas","Comanche County",1,28,15,8,7
050,20,033,"Kansas","Comanche County",1,29,7,3,4
050,20,033,"Kansas","Comanche County",1,30,14,6,8
050,20,033,"Kansas","Comanche County",1,31,17,7,10
050,20,033,"Kansas","Comanche County",1,32,13,7,6
050,20,033,"Kansas","Comanche County",1,33,13,9,4
050,20,033,"Kansas","Comanche County",1,34,16,12,4
050,20,033,"Kansas","Comanche County",1,35,15,9,6
050,20,033,"Kansas","Comanche County",1,36,17,7,10
050,20,033,"Kansas","Comanche County",1,37,18,9,9
050,20,033,"Kansas","Comanche County",1,38,16,7,9
050,20,033,"Kansas","Comanche County",1,39,22,12,10
050,20,033,"Kansas","Comanche County",1,40,17,8,9
050,20,033,"Kansas","Comanche County",1,41,15,8,7
050,20,033,"Kansas","Comanche County",1,42,14,9,5
050,20,033,"Kansas","Comanche County",1,43,17,11,6
050,20,033,"Kansas","Comanche County",1,44,15,8,7
050,20,033,"Kansas","Comanche County",1,45,17,7,10
050,20,033,"Kansas","Comanche County",1,46,19,7,12
050,20,033,"Kansas","Comanche County",1,47,20,10,10
050,20,033,"Kansas","Comanche County",1,48,22,13,9
050,20,033,"Kansas","Comanche County",1,49,22,14,8
050,20,033,"Kansas","Comanche County",1,50,16,10,6
050,20,033,"Kansas","Comanche County",1,51,19,11,8
050,20,033,"Kansas","Comanche County",1,52,21,12,9
050,20,033,"Kansas","Comanche County",1,53,13,4,9
050,20,033,"Kansas","Comanche County",1,54,12,6,6
050,20,033,"Kansas","Comanche County",1,55,24,10,14
050,20,033,"Kansas","Comanche County",1,56,26,15,11
050,20,033,"Kansas","Comanche County",1,57,23,15,8
050,20,033,"Kansas","Comanche County",1,58,21,12,9
050,20,033,"Kansas","Comanche County",1,59,26,15,11
050,20,033,"Kansas","Comanche County",1,60,23,11,12
050,20,033,"Kansas","Comanche County",1,61,24,14,10
050,20,033,"Kansas","Comanche County",1,62,25,11,14
050,20,033,"Kansas","Comanche County",1,63,25,12,13
050,20,033,"Kansas","Comanche County",1,64,23,12,11
050,20,033,"Kansas","Comanche County",1,65,27,15,12
050,20,033,"Kansas","Comanche County",1,66,23,11,12
050,20,033,"Kansas","Comanche County",1,67,29,14,15
050,20,033,"Kansas","Comanche County",1,68,25,11,14
050,20,033,"Kansas","Comanche County",1,69,26,13,13
050,20,033,"Kansas","Comanche County",1,70,23,10,13
050,20,033,"Kansas","Comanche County",1,71,22,9,13
050,20,033,"Kansas","Comanche County",1,72,28,13,15
050,20,033,"Kansas","Comanche County",1,73,23,11,12
050,20,033,"Kansas","Comanche County",1,74,16,7,9
050,20,033,"Kansas","Comanche County",1,75,21,6,15
050,20,033,"Kansas","Comanche County",1,76,26,10,16
050,20,033,"Kansas","Comanche County",1,77,25,10,15
050,20,033,"Kansas","Comanche County",1,78,12,4,8
050,20,033,"Kansas","Comanche County",1,79,14,4,10
050,20,033,"Kansas","Comanche County",1,80,11,5,6
050,20,033,"Kansas","Comanche County",1,81,9,4,5
050,20,033,"Kansas","Comanche County",1,82,14,8,6
050,20,033,"Kansas","Comanche County",1,83,9,5,4
050,20,033,"Kansas","Comanche County",1,84,5,3,2
050,20,033,"Kansas","Comanche County",1,85,53,26,27
050,20,033,"Kansas","Comanche County",2,0,14,8,6
050,20,033,"Kansas","Comanche County",2,1,13,7,6
050,20,033,"Kansas","Comanche County",2,2,16,8,8
050,20,033,"Kansas","Comanche County",2,3,13,7,6
050,20,033,"Kansas","Comanche County",2,4,19,9,10
050,20,033,"Kansas","Comanche County",2,5,22,8,14
050,20,033,"Kansas","Comanche County",2,6,22,10,12
050,20,033,"Kansas","Comanche County",2,7,21,12,9
050,20,033,"Kansas","Comanche County",2,8,30,15,15
050,20,033,"Kansas","Comanche County",2,9,31,16,15
050,20,033,"Kansas","Comanche County",2,10,27,15,12
050,20,033,"Kansas","Comanche County",2,11,28,15,13
050,20,033,"Kansas","Comanche County",2,12,25,11,14
050,20,033,"Kansas","Comanche County",2,13,23,11,12
050,20,033,"Kansas","Comanche County",2,14,23,12,11
050,20,033,"Kansas","Comanche County",2,15,22,9,13
050,20,033,"Kansas","Comanche County",2,16,23,11,12
050,20,033,"Kansas","Comanche County",2,17,27,13,14
050,20,033,"Kansas","Comanche County",2,18,19,8,11
050,20,033,"Kansas","Comanche County",2,19,20,10,10
050,20,033,"Kansas","Comanche County",2,20,17,8,9
050,20,033,"Kansas","Comanche County",2,21,16,8,8
050,20,033,"Kansas","Comanche County",2,22,19,8,11
050,20,033,"Kansas","Comanche County",2,23,18,9,9
050,20,033,"Kansas","Comanche County",2,24,12,4,8
050,20,033,"Kansas","Comanche County",2,25,12,4,8
050,20,033,"Kansas","Comanche County",2,26,12,5,7
050,20,033,"Kansas","Comanche County",2,27,16,7,9
050,20,033,"Kansas","Comanche County",2,28,14,7,7
050,20,033,"Kansas","Comanche County",2,29,9,4,5
050,20,033,"Kansas","Comanche County",2,30,13,6,7
050,20,033,"Kansas","Comanche County",2,31,17,7,10
050,20,033,"Kansas","Comanche County",2,32,13,6,7
050,20,033,"Kansas","Comanche County",2,33,13,9,4
050,20,033,"Kansas","Comanche County",2,34,14,10,4
050,20,033,"Kansas","Comanche County",2,35,16,10,6
050,20,033,"Kansas","Comanche County",2,36,17,8,9
050,20,033,"Kansas","Comanche County",2,37,17,8,9
050,20,033,"Kansas","Comanche County",2,38,17,8,9
050,20,033,"Kansas","Comanche County",2,39,20,11,9
050,20,033,"Kansas","Comanche County",2,40,18,9,9
050,20,033,"Kansas","Comanche County",2,41,15,7,8
050,20,033,"Kansas","Comanche County",2,42,14,9,5
050,20,033,"Kansas","Comanche County",2,43,17,11,6
050,20,033,"Kansas","Comanche County",2,44,15,8,7
050,20,033,"Kansas","Comanche County",2,45,16,7,9
050,20,033,"Kansas","Comanche County",2,46,19,7,12
050,20,033,"Kansas","Comanche County",2,47,19,9,10
050,20,033,"Kansas","Comanche County",2,48,22,12,10
050,20,033,"Kansas","Comanche County",2,49,22,14,8
050,20,033,"Kansas","Comanche County",2,50,18,11,7
050,20,033,"Kansas","Comanche County",2,51,19,11,8
050,20,033,"Kansas","Comanche County",2,52,20,12,8
050,20,033,"Kansas","Comanche County",2,53,15,6,9
050,20,033,"Kansas","Comanche County",2,54,12,5,7
050,20,033,"Kansas","Comanche County",2,55,21,9,12
050,20,033,"Kansas","Comanche County",2,56,26,14,12
050,20,033,"Kansas","Comanche County",2,57,24,15,9
050,20,033,"Kansas","Comanche County",2,58,21,13,8
050,20,033,"Kansas","Comanche County",2,59,24,14,10
050,20,033,"Kansas","Comanche County",2,60,24,12,12
050,20,033,"Kansas","Comanche County",2,61,22,13,9
050,20,033,"Kansas","Comanche County",2,62,25,12,13
050,20,033,"Kansas","Comanche County",2,63,25,12,13
050,20,033,"Kansas","Comanche County",2,64,23,12,11
050,20,033,"Kansas","Comanche County",2,65,27,15,12
050,20,033,"Kansas","Comanche County",2,66,24,12,12
050,20,033,"Kansas","Comanche County",2,67,27,13,14
050,20,033,"Kansas","Comanche County",2,68,26,12,14
050,20,033,"Kansas","Comanche County",2,69,26,12,14
050,20,033,"Kansas","Comanche County",2,70,25,11,14
050,20,033,"Kansas","Comanche County",2,71,22,9,13
050,20,033,"Kansas","Comanche County",2,72,25,11,14
050,20,033,"Kansas","Comanche County",2,73,25,12,13
050,20,033,"Kansas","Comanche County",2,74,16,7,9
050,20,033,"Kansas","Comanche County",2,75,20,6,14
050,20,033,"Kansas","Comanche County",2,76,25,9,16
050,20,033,"Kansas","Comanche County",2,77,26,10,16
050,20,033,"Kansas","Comanche County",2,78,15,5,10
050,20,033,"Kansas","Comanche County",2,79,13,4,9
050,20,033,"Kansas","Comanche County",2,80,10,3,7
050,20,033,"Kansas","Comanche County",2,81,9,4,5
050,20,033,"Kansas","Comanche County",2,82,13,7,6
050,20,033,"Kansas","Comanche County",2,83,10,6,4
050,20,033,"Kansas","Comanche County",2,84,5,3,2
050,20,033,"Kansas","Comanche County",2,85,53,25,28
050,20,033,"Kansas","Comanche County",3,0,16,5,11
050,20,033,"Kansas","Comanche County",3,1,14,8,6
050,20,033,"Kansas","Comanche County",3,2,13,7,6
050,20,033,"Kansas","Comanche County",3,3,13,6,7
050,20,033,"Kansas","Comanche County",3,4,10,5,5
050,20,033,"Kansas","Comanche County",3,5,17,10,7
050,20,033,"Kansas","Comanche County",3,6,22,8,14
050,20,033,"Kansas","Comanche County",3,7,23,10,13
050,20,033,"Kansas","Comanche County",3,8,21,12,9
050,20,033,"Kansas","Comanche County",3,9,31,16,15
050,20,033,"Kansas","Comanche County",3,10,27,14,13
050,20,033,"Kansas","Comanche County",3,11,26,14,12
050,20,033,"Kansas","Comanche County",3,12,32,14,18
050,20,033,"Kansas","Comanche County",3,13,25,12,13
050,20,033,"Kansas","Comanche County",3,14,24,10,14
050,20,033,"Kansas","Comanche County",3,15,21,12,9
050,20,033,"Kansas","Comanche County",3,16,20,6,14
050,20,033,"Kansas","Comanche County",3,17,22,11,11
050,20,033,"Kansas","Comanche County",3,18,21,12,9
050,20,033,"Kansas","Comanche County",3,19,14,5,9
050,20,033,"Kansas","Comanche County",3,20,20,10,10
050,20,033,"Kansas","Comanche County",3,21,17,7,10
050,20,033,"Kansas","Comanche County",3,22,19,12,7
050,20,033,"Kansas","Comanche County",3,23,18,9,9
050,20,033,"Kansas","Comanche County",3,24,19,8,11
050,20,033,"Kansas","Comanche County",3,25,11,4,7
050,20,033,"Kansas","Comanche County",3,26,13,4,9
050,20,033,"Kansas","Comanche County",3,27,12,5,7
050,20,033,"Kansas","Comanche County",3,28,17,8,9
050,20,033,"Kansas","Comanche County",3,29,14,7,7
050,20,033,"Kansas","Comanche County",3,30,9,5,4
050,20,033,"Kansas","Comanche County",3,31,15,7,8
050,20,033,"Kansas","Comanche County",3,32,17,7,10
050,20,033,"Kansas","Comanche County",3,33,12,6,6
050,20,033,"Kansas","Comanche County",3,34,16,10,6
050,20,033,"Kansas","Comanche County",3,35,15,10,5
050,20,033,"Kansas","Comanche County",3,36,18,11,7
050,20,033,"Kansas","Comanche County",3,37,14,6,8
050,20,033,"Kansas","Comanche County",3,38,20,10,10
050,20,033,"Kansas","Comanche County",3,39,16,7,9
050,20,033,"Kansas","Comanche County",3,40,18,11,7
050,20,033,"Kansas","Comanche County",3,41,19,9,10
050,20,033,"Kansas","Comanche County",3,42,15,7,8
050,20,033,"Kansas","Comanche County",3,43,16,10,6
050,20,033,"Kansas","Comanche County",3,44,17,10,7
050,20,033,"Kansas","Comanche County",3,45,16,8,8
050,20,033,"Kansas","Comanche County",3,46,17,7,10
050,20,033,"Kansas","Comanche County",3,47,16,4,12
050,20,033,"Kansas","Comanche County",3,48,21,10,11
050,20,033,"Kansas","Comanche County",3,49,22,12,10
050,20,033,"Kansas","Comanche County",3,50,25,17,8
050,20,033,"Kansas","Comanche County",3,51,19,11,8
050,20,033,"Kansas","Comanche County",3,52,18,11,7
050,20,033,"Kansas","Comanche County",3,53,19,11,8
050,20,033,"Kansas","Comanche County",3,54,16,7,9
050,20,033,"Kansas","Comanche County",3,55,12,6,6
050,20,033,"Kansas","Comanche County",3,56,24,11,13
050,20,033,"Kansas","Comanche County",3,57,27,15,12
050,20,033,"Kansas","Comanche County",3,58,21,14,7
050,20,033,"Kansas","Comanche County",3,59,19,12,7
050,20,033,"Kansas","Comanche County",3,60,21,13,8
050,20,033,"Kansas","Comanche County",3,61,24,12,12
050,20,033,"Kansas","Comanche County",3,62,23,13,10
050,20,033,"Kansas","Comanche County",3,63,22,11,11
050,20,033,"Kansas","Comanche County",3,64,27,12,15
050,20,033,"Kansas","Comanche County",3,65,24,13,11
050,20,033,"Kansas","Comanche County",3,66,25,14,11
050,20,033,"Kansas","Comanche County",3,67,23,12,11
050,20,033,"Kansas","Comanche County",3,68,28,13,15
050,20,033,"Kansas","Comanche County",3,69,25,12,13
050,20,033,"Kansas","Comanche County",3,70,23,11,12
050,20,033,"Kansas","Comanche County",3,71,25,12,13
050,20,033,"Kansas","Comanche County",3,72,24,9,15
050,20,033,"Kansas","Comanche County",3,73,26,11,15
050,20,033,"Kansas","Comanche County",3,74,23,11,12
050,20,033,"Kansas","Comanche County",3,75,15,7,8
050,20,033,"Kansas","Comanche County",3,76,21,7,14
050,20,033,"Kansas","Comanche County",3,77,23,8,15
050,20,033,"Kansas","Comanche County",3,78,25,10,15
050,20,033,"Kansas","Comanche County",3,79,16,6,10
050,20,033,"Kansas","Comanche County",3,80,13,4,9
050,20,033,"Kansas","Comanche County",3,81,11,4,7
050,20,033,"Kansas","Comanche County",3,82,9,4,5
050,20,033,"Kansas","Comanche County",3,83,11,5,6
050,20,033,"Kansas","Comanche County",3,84,9,6,3
050,20,033,"Kansas","Comanche County",3,85,46,21,25
050,20,033,"Kansas","Comanche County",4,0,18,7,11
050,20,033,"Kansas","Comanche County",4,1,16,5,11
050,20,033,"Kansas","Comanche County",4,2,14,8,6
050,20,033,"Kansas","Comanche County",4,3,15,8,7
050,20,033,"Kansas","Comanche County",4,4,18,10,8
050,20,033,"Kansas","Comanche County",4,5,13,7,6
050,20,033,"Kansas","Comanche County",4,6,17,10,7
050,20,033,"Kansas","Comanche County",4,7,22,8,14
050,20,033,"Kansas","Comanche County",4,8,24,11,13
050,20,033,"Kansas","Comanche County",4,9,22,13,9
050,20,033,"Kansas","Comanche County",4,10,36,18,18
050,20,033,"Kansas","Comanche County",4,11,27,14,13
050,20,033,"Kansas","Comanche County",4,12,26,14,12
050,20,033,"Kansas","Comanche County",4,13,35,14,21
050,20,033,"Kansas","Comanche County",4,14,25,11,14
050,20,033,"Kansas","Comanche County",4,15,24,10,14
050,20,033,"Kansas","Comanche County",4,16,23,14,9
050,20,033,"Kansas","Comanche County",4,17,20,6,14
050,20,033,"Kansas","Comanche County",4,18,18,9,9
050,20,033,"Kansas","Comanche County",4,19,18,10,8
050,20,033,"Kansas","Comanche County",4,20,15,6,9
050,20,033,"Kansas","Comanche County",4,21,22,11,11
050,20,033,"Kansas","Comanche County",4,22,20,9,11
050,20,033,"Kansas","Comanche County",4,23,20,9,11
050,20,033,"Kansas","Comanche County",4,24,19,11,8
050,20,033,"Kansas","Comanche County",4,25,16,9,7
050,20,033,"Kansas","Comanche County",4,26,10,4,6
050,20,033,"Kansas","Comanche County",4,27,14,4,10
050,20,033,"Kansas","Comanche County",4,28,16,7,9
050,20,033,"Kansas","Comanche County",4,29,16,7,9
050,20,033,"Kansas","Comanche County",4,30,19,10,9
050,20,033,"Kansas","Comanche County",4,31,11,5,6
050,20,033,"Kansas","Comanche County",4,32,16,8,8
050,20,033,"Kansas","Comanche County",4,33,17,7,10
050,20,033,"Kansas","Comanche County",4,34,13,6,7
050,20,033,"Kansas","Comanche County",4,35,17,11,6
050,20,033,"Kansas","Comanche County",4,36,16,9,7
050,20,033,"Kansas","Comanche County",4,37,18,11,7
050,20,033,"Kansas","Comanche County",4,38,15,7,8
050,20,033,"Kansas","Comanche County",4,39,23,10,13
050,20,033,"Kansas","Comanche County",4,40,16,7,9
050,20,033,"Kansas","Comanche County",4,41,18,11,7
050,20,033,"Kansas","Comanche County",4,42,19,9,10
050,20,033,"Kansas","Comanche County",4,43,16,8,8
050,20,033,"Kansas","Comanche County",4,44,15,9,6
050,20,033,"Kansas","Comanche County",4,45,18,10,8
050,20,033,"Kansas","Comanche County",4,46,20,11,9
050,20,033,"Kansas","Comanche County",4,47,17,8,9
050,20,033,"Kansas","Comanche County",4,48,17,5,12
050,20,033,"Kansas","Comanche County",4,49,20,10,10
050,20,033,"Kansas","Comanche County",4,50,23,12,11
050,20,033,"Kansas","Comanche County",4,51,25,16,9
050,20,033,"Kansas","Comanche County",4,52,18,11,7
050,20,033,"Kansas","Comanche County",4,53,17,10,7
050,20,033,"Kansas","Comanche County",4,54,21,12,9
050,20,033,"Kansas","Comanche County",4,55,18,8,10
050,20,033,"Kansas","Comanche County",4,56,13,6,7
050,20,033,"Kansas","Comanche County",4,57,27,14,13
050,20,033,"Kansas","Comanche County",4,58,27,16,11
050,20,033,"Kansas","Comanche County",4,59,21,14,7
050,20,033,"Kansas","Comanche County",4,60,16,11,5
050,20,033,"Kansas","Comanche County",4,61,20,12,8
050,20,033,"Kansas","Comanche County",4,62,25,12,13
050,20,033,"Kansas","Comanche County",4,63,21,12,9
050,20,033,"Kansas","Comanche County",4,64,19,9,10
050,20,033,"Kansas","Comanche County",4,65,29,16,13
050,20,033,"Kansas","Comanche County",4,66,23,12,11
050,20,033,"Kansas","Comanche County",4,67,24,13,11
050,20,033,"Kansas","Comanche County",4,68,23,12,11
050,20,033,"Kansas","Comanche County",4,69,27,12,15
050,20,033,"Kansas","Comanche County",4,70,25,12,13
050,20,033,"Kansas","Comanche County",4,71,19,11,8
050,20,033,"Kansas","Comanche County",4,72,23,9,14
050,20,033,"Kansas","Comanche County",4,73,26,9,17
050,20,033,"Kansas","Comanche County",4,74,22,9,13
050,20,033,"Kansas","Comanche County",4,75,21,11,10
050,20,033,"Kansas","Comanche County",4,76,13,5,8
050,20,033,"Kansas","Comanche County",4,77,22,7,15
050,20,033,"Kansas","Comanche County",4,78,21,8,13
050,20,033,"Kansas","Comanche County",4,79,23,9,14
050,20,033,"Kansas","Comanche County",4,80,13,5,8
050,20,033,"Kansas","Comanche County",4,81,10,2,8
050,20,033,"Kansas","Comanche County",4,82,11,4,7
050,20,033,"Kansas","Comanche County",4,83,11,4,7
050,20,033,"Kansas","Comanche County",4,84,8,3,5
050,20,033,"Kansas","Comanche County",4,85,45,21,24
050,20,033,"Kansas","Comanche County",5,0,17,6,11
050,20,033,"Kansas","Comanche County",5,1,18,7,11
050,20,033,"Kansas","Comanche County",5,2,15,5,10
050,20,033,"Kansas","Comanche County",5,3,18,9,9
050,20,033,"Kansas","Comanche County",5,4,15,8,7
050,20,033,"Kansas","Comanche County",5,5,15,7,8
050,20,033,"Kansas","Comanche County",5,6,12,6,6
050,20,033,"Kansas","Comanche County",5,7,18,10,8
050,20,033,"Kansas","Comanche County",5,8,22,7,15
050,20,033,"Kansas","Comanche County",5,9,24,11,13
050,20,033,"Kansas","Comanche County",5,10,22,13,9
050,20,033,"Kansas","Comanche County",5,11,34,18,16
050,20,033,"Kansas","Comanche County",5,12,27,13,14
050,20,033,"Kansas","Comanche County",5,13,27,14,13
050,20,033,"Kansas","Comanche County",5,14,33,14,19
050,20,033,"Kansas","Comanche County",5,15,26,14,12
050,20,033,"Kansas","Comanche County",5,16,23,10,13
050,20,033,"Kansas","Comanche County",5,17,22,12,10
050,20,033,"Kansas","Comanche County",5,18,19,6,13
050,20,033,"Kansas","Comanche County",5,19,12,6,6
050,20,033,"Kansas","Comanche County",5,20,18,11,7
050,20,033,"Kansas","Comanche County",5,21,21,9,12
050,20,033,"Kansas","Comanche County",5,22,21,12,9
050,20,033,"Kansas","Comanche County",5,23,23,10,13
050,20,033,"Kansas","Comanche County",5,24,14,7,7
050,20,033,"Kansas","Comanche County",5,25,16,9,7
050,20,033,"Kansas","Comanche County",5,26,15,9,6
050,20,033,"Kansas","Comanche County",5,27,7,2,5
050,20,033,"Kansas","Comanche County",5,28,11,4,7
050,20,033,"Kansas","Comanche County",5,29,15,6,9
050,20,033,"Kansas","Comanche County",5,30,17,8,9
050,20,033,"Kansas","Comanche County",5,31,19,10,9
050,20,033,"Kansas","Comanche County",5,32,13,6,7
050,20,033,"Kansas","Comanche County",5,33,14,7,7
050,20,033,"Kansas","Comanche County",5,34,16,6,10
050,20,033,"Kansas","Comanche County",5,35,13,6,7
050,20,033,"Kansas","Comanche County",5,36,19,13,6
050,20,033,"Kansas","Comanche County",5,37,15,9,6
050,20,033,"Kansas","Comanche County",5,38,17,11,6
050,20,033,"Kansas","Comanche County",5,39,16,8,8
050,20,033,"Kansas","Comanche County",5,40,18,10,8
050,20,033,"Kansas","Comanche County",5,41,13,6,7
050,20,033,"Kansas","Comanche County",5,42,16,9,7
050,20,033,"Kansas","Comanche County",5,43,20,10,10
050,20,033,"Kansas","Comanche County",5,44,15,7,8
050,20,033,"Kansas","Comanche County",5,45,15,9,6
050,20,033,"Kansas","Comanche County",5,46,19,10,9
050,20,033,"Kansas","Comanche County",5,47,21,13,8
050,20,033,"Kansas","Comanche County",5,48,19,9,10
050,20,033,"Kansas","Comanche County",5,49,17,5,12
050,20,033,"Kansas","Comanche County",5,50,20,11,9
050,20,033,"Kansas","Comanche County",5,51,27,12,15
050,20,033,"Kansas","Comanche County",5,52,27,18,9
050,20,033,"Kansas","Comanche County",5,53,17,10,7
050,20,033,"Kansas","Comanche County",5,54,22,11,11
050,20,033,"Kansas","Comanche County",5,55,19,10,9
050,20,033,"Kansas","Comanche County",5,56,18,8,10
050,20,033,"Kansas","Comanche County",5,57,16,9,7
050,20,033,"Kansas","Comanche County",5,58,26,13,13
050,20,033,"Kansas","Comanche County",5,59,24,13,11
050,20,033,"Kansas","Comanche County",5,60,18,13,5
050,20,033,"Kansas","Comanche County",5,61,15,10,5
050,20,033,"Kansas","Comanche County",5,62,21,12,9
050,20,033,"Kansas","Comanche County",5,63,22,11,11
050,20,033,"Kansas","Comanche County",5,64,21,11,10
050,20,033,"Kansas","Comanche County",5,65,20,10,10
050,20,033,"Kansas","Comanche County",5,66,27,15,12
050,20,033,"Kansas","Comanche County",5,67,23,12,11
050,20,033,"Kansas","Comanche County",5,68,26,13,13
050,20,033,"Kansas","Comanche County",5,69,19,10,9
050,20,033,"Kansas","Comanche County",5,70,27,12,15
050,20,033,"Kansas","Comanche County",5,71,22,10,12
050,20,033,"Kansas","Comanche County",5,72,19,11,8
050,20,033,"Kansas","Comanche County",5,73,24,9,15
050,20,033,"Kansas","Comanche County",5,74,24,8,16
050,20,033,"Kansas","Comanche County",5,75,20,8,12
050,20,033,"Kansas","Comanche County",5,76,19,9,10
050,20,033,"Kansas","Comanche County",5,77,13,4,9
050,20,033,"Kansas","Comanche County",5,78,18,5,13
050,20,033,"Kansas","Comanche County",5,79,20,7,13
050,20,033,"Kansas","Comanche County",5,80,19,8,11
050,20,033,"Kansas","Comanche County",5,81,12,4,8
050,20,033,"Kansas","Comanche County",5,82,9,1,8
050,20,033,"Kansas","Comanche County",5,83,12,4,8
050,20,033,"Kansas","Comanche County",5,84,10,4,6
050,20,033,"Kansas","Comanche County",5,85,47,20,27
050,20,035,"Kansas","Cowley County",1,0,370,190,180
050,20,035,"Kansas","Cowley County",1,1,381,198,183
050,20,035,"Kansas","Cowley County",1,2,389,206,183
050,20,035,"Kansas","Cowley County",1,3,396,204,192
050,20,035,"Kansas","Cowley County",1,4,424,217,207
050,20,035,"Kansas","Cowley County",1,5,474,258,216
050,20,035,"Kansas","Cowley County",1,6,480,229,251
050,20,035,"Kansas","Cowley County",1,7,424,204,220
050,20,035,"Kansas","Cowley County",1,8,463,233,230
050,20,035,"Kansas","Cowley County",1,9,486,243,243
050,20,035,"Kansas","Cowley County",1,10,499,251,248
050,20,035,"Kansas","Cowley County",1,11,501,251,250
050,20,035,"Kansas","Cowley County",1,12,507,241,266
050,20,035,"Kansas","Cowley County",1,13,478,235,243
050,20,035,"Kansas","Cowley County",1,14,484,252,232
050,20,035,"Kansas","Cowley County",1,15,473,237,236
050,20,035,"Kansas","Cowley County",1,16,466,231,235
050,20,035,"Kansas","Cowley County",1,17,457,229,228
050,20,035,"Kansas","Cowley County",1,18,557,294,263
050,20,035,"Kansas","Cowley County",1,19,631,343,288
050,20,035,"Kansas","Cowley County",1,20,576,302,274
050,20,035,"Kansas","Cowley County",1,21,467,240,227
050,20,035,"Kansas","Cowley County",1,22,435,233,202
050,20,035,"Kansas","Cowley County",1,23,387,202,185
050,20,035,"Kansas","Cowley County",1,24,364,191,173
050,20,035,"Kansas","Cowley County",1,25,388,211,177
050,20,035,"Kansas","Cowley County",1,26,401,233,168
050,20,035,"Kansas","Cowley County",1,27,390,191,199
050,20,035,"Kansas","Cowley County",1,28,414,211,203
050,20,035,"Kansas","Cowley County",1,29,401,210,191
050,20,035,"Kansas","Cowley County",1,30,383,204,179
050,20,035,"Kansas","Cowley County",1,31,425,218,207
050,20,035,"Kansas","Cowley County",1,32,409,213,196
050,20,035,"Kansas","Cowley County",1,33,427,235,192
050,20,035,"Kansas","Cowley County",1,34,404,204,200
050,20,035,"Kansas","Cowley County",1,35,436,228,208
050,20,035,"Kansas","Cowley County",1,36,409,197,212
050,20,035,"Kansas","Cowley County",1,37,415,218,197
050,20,035,"Kansas","Cowley County",1,38,437,239,198
050,20,035,"Kansas","Cowley County",1,39,433,230,203
050,20,035,"Kansas","Cowley County",1,40,416,205,211
050,20,035,"Kansas","Cowley County",1,41,418,214,204
050,20,035,"Kansas","Cowley County",1,42,415,222,193
050,20,035,"Kansas","Cowley County",1,43,375,190,185
050,20,035,"Kansas","Cowley County",1,44,364,192,172
050,20,035,"Kansas","Cowley County",1,45,405,203,202
050,20,035,"Kansas","Cowley County",1,46,380,200,180
050,20,035,"Kansas","Cowley County",1,47,385,212,173
050,20,035,"Kansas","Cowley County",1,48,392,213,179
050,20,035,"Kansas","Cowley County",1,49,405,214,191
050,20,035,"Kansas","Cowley County",1,50,414,217,197
050,20,035,"Kansas","Cowley County",1,51,395,203,192
050,20,035,"Kansas","Cowley County",1,52,398,197,201
050,20,035,"Kansas","Cowley County",1,53,398,202,196
050,20,035,"Kansas","Cowley County",1,54,392,200,192
050,20,035,"Kansas","Cowley County",1,55,425,226,199
050,20,035,"Kansas","Cowley County",1,56,433,218,215
050,20,035,"Kansas","Cowley County",1,57,448,230,218
050,20,035,"Kansas","Cowley County",1,58,482,248,234
050,20,035,"Kansas","Cowley County",1,59,494,240,254
050,20,035,"Kansas","Cowley County",1,60,473,234,239
050,20,035,"Kansas","Cowley County",1,61,466,235,231
050,20,035,"Kansas","Cowley County",1,62,454,232,222
050,20,035,"Kansas","Cowley County",1,63,429,217,212
050,20,035,"Kansas","Cowley County",1,64,408,207,201
050,20,035,"Kansas","Cowley County",1,65,428,199,229
050,20,035,"Kansas","Cowley County",1,66,430,197,233
050,20,035,"Kansas","Cowley County",1,67,379,185,194
050,20,035,"Kansas","Cowley County",1,68,374,192,182
050,20,035,"Kansas","Cowley County",1,69,366,183,183
050,20,035,"Kansas","Cowley County",1,70,325,141,184
050,20,035,"Kansas","Cowley County",1,71,325,156,169
050,20,035,"Kansas","Cowley County",1,72,341,165,176
050,20,035,"Kansas","Cowley County",1,73,343,183,160
050,20,035,"Kansas","Cowley County",1,74,262,123,139
050,20,035,"Kansas","Cowley County",1,75,245,109,136
050,20,035,"Kansas","Cowley County",1,76,262,136,126
050,20,035,"Kansas","Cowley County",1,77,249,119,130
050,20,035,"Kansas","Cowley County",1,78,207,81,126
050,20,035,"Kansas","Cowley County",1,79,179,83,96
050,20,035,"Kansas","Cowley County",1,80,174,78,96
050,20,035,"Kansas","Cowley County",1,81,168,73,95
050,20,035,"Kansas","Cowley County",1,82,147,65,82
050,20,035,"Kansas","Cowley County",1,83,155,59,96
050,20,035,"Kansas","Cowley County",1,84,140,62,78
050,20,035,"Kansas","Cowley County",1,85,850,300,550
050,20,035,"Kansas","Cowley County",2,0,371,187,184
050,20,035,"Kansas","Cowley County",2,1,379,195,184
050,20,035,"Kansas","Cowley County",2,2,388,205,183
050,20,035,"Kansas","Cowley County",2,3,392,204,188
050,20,035,"Kansas","Cowley County",2,4,417,214,203
050,20,035,"Kansas","Cowley County",2,5,463,246,217
050,20,035,"Kansas","Cowley County",2,6,476,235,241
050,20,035,"Kansas","Cowley County",2,7,438,211,227
050,20,035,"Kansas","Cowley County",2,8,454,225,229
050,20,035,"Kansas","Cowley County",2,9,479,239,240
050,20,035,"Kansas","Cowley County",2,10,494,248,246
050,20,035,"Kansas","Cowley County",2,11,496,248,248
050,20,035,"Kansas","Cowley County",2,12,511,246,265
050,20,035,"Kansas","Cowley County",2,13,485,238,247
050,20,035,"Kansas","Cowley County",2,14,485,249,236
050,20,035,"Kansas","Cowley County",2,15,477,241,236
050,20,035,"Kansas","Cowley County",2,16,470,234,236
050,20,035,"Kansas","Cowley County",2,17,462,230,232
050,20,035,"Kansas","Cowley County",2,18,543,282,261
050,20,035,"Kansas","Cowley County",2,19,630,339,291
050,20,035,"Kansas","Cowley County",2,20,583,307,276
050,20,035,"Kansas","Cowley County",2,21,476,250,226
050,20,035,"Kansas","Cowley County",2,22,432,228,204
050,20,035,"Kansas","Cowley County",2,23,385,203,182
050,20,035,"Kansas","Cowley County",2,24,367,191,176
050,20,035,"Kansas","Cowley County",2,25,385,209,176
050,20,035,"Kansas","Cowley County",2,26,395,226,169
050,20,035,"Kansas","Cowley County",2,27,389,197,192
050,20,035,"Kansas","Cowley County",2,28,409,206,203
050,20,035,"Kansas","Cowley County",2,29,400,209,191
050,20,035,"Kansas","Cowley County",2,30,390,208,182
050,20,035,"Kansas","Cowley County",2,31,411,213,198
050,20,035,"Kansas","Cowley County",2,32,413,215,198
050,20,035,"Kansas","Cowley County",2,33,423,232,191
050,20,035,"Kansas","Cowley County",2,34,405,207,198
050,20,035,"Kansas","Cowley County",2,35,432,225,207
050,20,035,"Kansas","Cowley County",2,36,410,201,209
050,20,035,"Kansas","Cowley County",2,37,418,218,200
050,20,035,"Kansas","Cowley County",2,38,436,235,201
050,20,035,"Kansas","Cowley County",2,39,436,233,203
050,20,035,"Kansas","Cowley County",2,40,426,215,211
050,20,035,"Kansas","Cowley County",2,41,416,211,205
050,20,035,"Kansas","Cowley County",2,42,412,217,195
050,20,035,"Kansas","Cowley County",2,43,386,198,188
050,20,035,"Kansas","Cowley County",2,44,362,188,174
050,20,035,"Kansas","Cowley County",2,45,400,204,196
050,20,035,"Kansas","Cowley County",2,46,388,203,185
050,20,035,"Kansas","Cowley County",2,47,384,211,173
050,20,035,"Kansas","Cowley County",2,48,391,213,178
050,20,035,"Kansas","Cowley County",2,49,401,214,187
050,20,035,"Kansas","Cowley County",2,50,408,212,196
050,20,035,"Kansas","Cowley County",2,51,399,206,193
050,20,035,"Kansas","Cowley County",2,52,398,199,199
050,20,035,"Kansas","Cowley County",2,53,400,202,198
050,20,035,"Kansas","Cowley County",2,54,392,199,193
050,20,035,"Kansas","Cowley County",2,55,417,219,198
050,20,035,"Kansas","Cowley County",2,56,428,216,212
050,20,035,"Kansas","Cowley County",2,57,443,226,217
050,20,035,"Kansas","Cowley County",2,58,475,245,230
050,20,035,"Kansas","Cowley County",2,59,493,241,252
050,20,035,"Kansas","Cowley County",2,60,473,232,241
050,20,035,"Kansas","Cowley County",2,61,467,235,232
050,20,035,"Kansas","Cowley County",2,62,452,227,225
050,20,035,"Kansas","Cowley County",2,63,441,223,218
050,20,035,"Kansas","Cowley County",2,64,406,206,200
050,20,035,"Kansas","Cowley County",2,65,424,203,221
050,20,035,"Kansas","Cowley County",2,66,428,199,229
050,20,035,"Kansas","Cowley County",2,67,391,188,203
050,20,035,"Kansas","Cowley County",2,68,370,186,184
050,20,035,"Kansas","Cowley County",2,69,367,184,183
050,20,035,"Kansas","Cowley County",2,70,329,149,180
050,20,035,"Kansas","Cowley County",2,71,323,153,170
050,20,035,"Kansas","Cowley County",2,72,332,161,171
050,20,035,"Kansas","Cowley County",2,73,358,188,170
050,20,035,"Kansas","Cowley County",2,74,264,129,135
050,20,035,"Kansas","Cowley County",2,75,243,110,133
050,20,035,"Kansas","Cowley County",2,76,253,127,126
050,20,035,"Kansas","Cowley County",2,77,255,124,131
050,20,035,"Kansas","Cowley County",2,78,214,88,126
050,20,035,"Kansas","Cowley County",2,79,183,83,100
050,20,035,"Kansas","Cowley County",2,80,175,77,98
050,20,035,"Kansas","Cowley County",2,81,167,73,94
050,20,035,"Kansas","Cowley County",2,82,150,66,84
050,20,035,"Kansas","Cowley County",2,83,155,61,94
050,20,035,"Kansas","Cowley County",2,84,140,60,80
050,20,035,"Kansas","Cowley County",2,85,850,300,550
050,20,035,"Kansas","Cowley County",3,0,408,202,206
050,20,035,"Kansas","Cowley County",3,1,397,196,201
050,20,035,"Kansas","Cowley County",3,2,409,210,199
050,20,035,"Kansas","Cowley County",3,3,389,200,189
050,20,035,"Kansas","Cowley County",3,4,410,216,194
050,20,035,"Kansas","Cowley County",3,5,433,219,214
050,20,035,"Kansas","Cowley County",3,6,452,244,208
050,20,035,"Kansas","Cowley County",3,7,475,227,248
050,20,035,"Kansas","Cowley County",3,8,443,214,229
050,20,035,"Kansas","Cowley County",3,9,466,232,234
050,20,035,"Kansas","Cowley County",3,10,475,242,233
050,20,035,"Kansas","Cowley County",3,11,490,247,243
050,20,035,"Kansas","Cowley County",3,12,509,253,256
050,20,035,"Kansas","Cowley County",3,13,511,242,269
050,20,035,"Kansas","Cowley County",3,14,483,239,244
050,20,035,"Kansas","Cowley County",3,15,491,248,243
050,20,035,"Kansas","Cowley County",3,16,462,225,237
050,20,035,"Kansas","Cowley County",3,17,500,249,251
050,20,035,"Kansas","Cowley County",3,18,521,252,269
050,20,035,"Kansas","Cowley County",3,19,631,336,295
050,20,035,"Kansas","Cowley County",3,20,588,321,267
050,20,035,"Kansas","Cowley County",3,21,509,282,227
050,20,035,"Kansas","Cowley County",3,22,437,229,208
050,20,035,"Kansas","Cowley County",3,23,382,196,186
050,20,035,"Kansas","Cowley County",3,24,374,182,192
050,20,035,"Kansas","Cowley County",3,25,362,190,172
050,20,035,"Kansas","Cowley County",3,26,384,207,177
050,20,035,"Kansas","Cowley County",3,27,396,221,175
050,20,035,"Kansas","Cowley County",3,28,404,206,198
050,20,035,"Kansas","Cowley County",3,29,420,217,203
050,20,035,"Kansas","Cowley County",3,30,393,205,188
050,20,035,"Kansas","Cowley County",3,31,407,217,190
050,20,035,"Kansas","Cowley County",3,32,409,212,197
050,20,035,"Kansas","Cowley County",3,33,425,228,197
050,20,035,"Kansas","Cowley County",3,34,410,217,193
050,20,035,"Kansas","Cowley County",3,35,426,220,206
050,20,035,"Kansas","Cowley County",3,36,436,226,210
050,20,035,"Kansas","Cowley County",3,37,434,223,211
050,20,035,"Kansas","Cowley County",3,38,430,231,199
050,20,035,"Kansas","Cowley County",3,39,442,239,203
050,20,035,"Kansas","Cowley County",3,40,431,241,190
050,20,035,"Kansas","Cowley County",3,41,420,206,214
050,20,035,"Kansas","Cowley County",3,42,417,212,205
050,20,035,"Kansas","Cowley County",3,43,409,210,199
050,20,035,"Kansas","Cowley County",3,44,389,199,190
050,20,035,"Kansas","Cowley County",3,45,362,197,165
050,20,035,"Kansas","Cowley County",3,46,393,201,192
050,20,035,"Kansas","Cowley County",3,47,380,201,179
050,20,035,"Kansas","Cowley County",3,48,391,214,177
050,20,035,"Kansas","Cowley County",3,49,393,209,184
050,20,035,"Kansas","Cowley County",3,50,395,209,186
050,20,035,"Kansas","Cowley County",3,51,409,214,195
050,20,035,"Kansas","Cowley County",3,52,405,209,196
050,20,035,"Kansas","Cowley County",3,53,387,186,201
050,20,035,"Kansas","Cowley County",3,54,397,191,206
050,20,035,"Kansas","Cowley County",3,55,398,208,190
050,20,035,"Kansas","Cowley County",3,56,403,206,197
050,20,035,"Kansas","Cowley County",3,57,428,214,214
050,20,035,"Kansas","Cowley County",3,58,443,231,212
050,20,035,"Kansas","Cowley County",3,59,475,243,232
050,20,035,"Kansas","Cowley County",3,60,485,235,250
050,20,035,"Kansas","Cowley County",3,61,474,233,241
050,20,035,"Kansas","Cowley County",3,62,459,229,230
050,20,035,"Kansas","Cowley County",3,63,462,236,226
050,20,035,"Kansas","Cowley County",3,64,445,225,220
050,20,035,"Kansas","Cowley County",3,65,389,197,192
050,20,035,"Kansas","Cowley County",3,66,420,197,223
050,20,035,"Kansas","Cowley County",3,67,417,195,222
050,20,035,"Kansas","Cowley County",3,68,384,178,206
050,20,035,"Kansas","Cowley County",3,69,355,182,173
050,20,035,"Kansas","Cowley County",3,70,349,173,176
050,20,035,"Kansas","Cowley County",3,71,327,147,180
050,20,035,"Kansas","Cowley County",3,72,313,145,168
050,20,035,"Kansas","Cowley County",3,73,323,160,163
050,20,035,"Kansas","Cowley County",3,74,341,175,166
050,20,035,"Kansas","Cowley County",3,75,251,126,125
050,20,035,"Kansas","Cowley County",3,76,225,98,127
050,20,035,"Kansas","Cowley County",3,77,239,116,123
050,20,035,"Kansas","Cowley County",3,78,243,115,128
050,20,035,"Kansas","Cowley County",3,79,194,82,112
050,20,035,"Kansas","Cowley County",3,80,163,64,99
050,20,035,"Kansas","Cowley County",3,81,162,67,95
050,20,035,"Kansas","Cowley County",3,82,154,70,84
050,20,035,"Kansas","Cowley County",3,83,146,63,83
050,20,035,"Kansas","Cowley County",3,84,133,51,82
050,20,035,"Kansas","Cowley County",3,85,823,286,537
050,20,035,"Kansas","Cowley County",4,0,408,215,193
050,20,035,"Kansas","Cowley County",4,1,440,221,219
050,20,035,"Kansas","Cowley County",4,2,395,185,210
050,20,035,"Kansas","Cowley County",4,3,412,207,205
050,20,035,"Kansas","Cowley County",4,4,408,215,193
050,20,035,"Kansas","Cowley County",4,5,421,219,202
050,20,035,"Kansas","Cowley County",4,6,441,212,229
050,20,035,"Kansas","Cowley County",4,7,445,247,198
050,20,035,"Kansas","Cowley County",4,8,473,225,248
050,20,035,"Kansas","Cowley County",4,9,432,209,223
050,20,035,"Kansas","Cowley County",4,10,452,226,226
050,20,035,"Kansas","Cowley County",4,11,485,244,241
050,20,035,"Kansas","Cowley County",4,12,506,253,253
050,20,035,"Kansas","Cowley County",4,13,511,254,257
050,20,035,"Kansas","Cowley County",4,14,507,245,262
050,20,035,"Kansas","Cowley County",4,15,476,241,235
050,20,035,"Kansas","Cowley County",4,16,497,251,246
050,20,035,"Kansas","Cowley County",4,17,469,240,229
050,20,035,"Kansas","Cowley County",4,18,560,273,287
050,20,035,"Kansas","Cowley County",4,19,593,296,297
050,20,035,"Kansas","Cowley County",4,20,576,308,268
050,20,035,"Kansas","Cowley County",4,21,514,295,219
050,20,035,"Kansas","Cowley County",4,22,447,248,199
050,20,035,"Kansas","Cowley County",4,23,372,190,182
050,20,035,"Kansas","Cowley County",4,24,353,190,163
050,20,035,"Kansas","Cowley County",4,25,395,196,199
050,20,035,"Kansas","Cowley County",4,26,360,193,167
050,20,035,"Kansas","Cowley County",4,27,371,197,174
050,20,035,"Kansas","Cowley County",4,28,392,215,177
050,20,035,"Kansas","Cowley County",4,29,411,207,204
050,20,035,"Kansas","Cowley County",4,30,416,201,215
050,20,035,"Kansas","Cowley County",4,31,384,199,185
050,20,035,"Kansas","Cowley County",4,32,411,214,197
050,20,035,"Kansas","Cowley County",4,33,411,216,195
050,20,035,"Kansas","Cowley County",4,34,387,202,185
050,20,035,"Kansas","Cowley County",4,35,409,223,186
050,20,035,"Kansas","Cowley County",4,36,416,208,208
050,20,035,"Kansas","Cowley County",4,37,457,243,214
050,20,035,"Kansas","Cowley County",4,38,422,218,204
050,20,035,"Kansas","Cowley County",4,39,426,220,206
050,20,035,"Kansas","Cowley County",4,40,439,235,204
050,20,035,"Kansas","Cowley County",4,41,420,233,187
050,20,035,"Kansas","Cowley County",4,42,415,210,205
050,20,035,"Kansas","Cowley County",4,43,420,213,207
050,20,035,"Kansas","Cowley County",4,44,409,206,203
050,20,035,"Kansas","Cowley County",4,45,387,207,180
050,20,035,"Kansas","Cowley County",4,46,379,202,177
050,20,035,"Kansas","Cowley County",4,47,385,201,184
050,20,035,"Kansas","Cowley County",4,48,377,200,177
050,20,035,"Kansas","Cowley County",4,49,379,204,175
050,20,035,"Kansas","Cowley County",4,50,387,205,182
050,20,035,"Kansas","Cowley County",4,51,400,214,186
050,20,035,"Kansas","Cowley County",4,52,406,210,196
050,20,035,"Kansas","Cowley County",4,53,392,198,194
050,20,035,"Kansas","Cowley County",4,54,378,179,199
050,20,035,"Kansas","Cowley County",4,55,394,189,205
050,20,035,"Kansas","Cowley County",4,56,398,207,191
050,20,035,"Kansas","Cowley County",4,57,404,207,197
050,20,035,"Kansas","Cowley County",4,58,424,214,210
050,20,035,"Kansas","Cowley County",4,59,441,226,215
050,20,035,"Kansas","Cowley County",4,60,456,232,224
050,20,035,"Kansas","Cowley County",4,61,482,230,252
050,20,035,"Kansas","Cowley County",4,62,464,221,243
050,20,035,"Kansas","Cowley County",4,63,457,232,225
050,20,035,"Kansas","Cowley County",4,64,455,228,227
050,20,035,"Kansas","Cowley County",4,65,430,218,212
050,20,035,"Kansas","Cowley County",4,66,384,193,191
050,20,035,"Kansas","Cowley County",4,67,412,195,217
050,20,035,"Kansas","Cowley County",4,68,411,189,222
050,20,035,"Kansas","Cowley County",4,69,370,171,199
050,20,035,"Kansas","Cowley County",4,70,343,174,169
050,20,035,"Kansas","Cowley County",4,71,335,166,169
050,20,035,"Kansas","Cowley County",4,72,310,135,175
050,20,035,"Kansas","Cowley County",4,73,306,143,163
050,20,035,"Kansas","Cowley County",4,74,295,144,151
050,20,035,"Kansas","Cowley County",4,75,320,161,159
050,20,035,"Kansas","Cowley County",4,76,228,116,112
050,20,035,"Kansas","Cowley County",4,77,213,88,125
050,20,035,"Kansas","Cowley County",4,78,234,112,122
050,20,035,"Kansas","Cowley County",4,79,223,112,111
050,20,035,"Kansas","Cowley County",4,80,187,70,117
050,20,035,"Kansas","Cowley County",4,81,155,60,95
050,20,035,"Kansas","Cowley County",4,82,153,65,88
050,20,035,"Kansas","Cowley County",4,83,149,67,82
050,20,035,"Kansas","Cowley County",4,84,130,59,71
050,20,035,"Kansas","Cowley County",4,85,826,271,555
050,20,035,"Kansas","Cowley County",5,0,410,216,194
050,20,035,"Kansas","Cowley County",5,1,393,219,174
050,20,035,"Kansas","Cowley County",5,2,431,224,207
050,20,035,"Kansas","Cowley County",5,3,384,182,202
050,20,035,"Kansas","Cowley County",5,4,420,206,214
050,20,035,"Kansas","Cowley County",5,5,401,216,185
050,20,035,"Kansas","Cowley County",5,6,408,214,194
050,20,035,"Kansas","Cowley County",5,7,433,214,219
050,20,035,"Kansas","Cowley County",5,8,427,230,197
050,20,035,"Kansas","Cowley County",5,9,465,223,242
050,20,035,"Kansas","Cowley County",5,10,443,215,228
050,20,035,"Kansas","Cowley County",5,11,464,227,237
050,20,035,"Kansas","Cowley County",5,12,497,256,241
050,20,035,"Kansas","Cowley County",5,13,499,256,243
050,20,035,"Kansas","Cowley County",5,14,524,259,265
050,20,035,"Kansas","Cowley County",5,15,509,247,262
050,20,035,"Kansas","Cowley County",5,16,483,236,247
050,20,035,"Kansas","Cowley County",5,17,494,245,249
050,20,035,"Kansas","Cowley County",5,18,521,260,261
050,20,035,"Kansas","Cowley County",5,19,612,307,305
050,20,035,"Kansas","Cowley County",5,20,531,256,275
050,20,035,"Kansas","Cowley County",5,21,484,272,212
050,20,035,"Kansas","Cowley County",5,22,471,280,191
050,20,035,"Kansas","Cowley County",5,23,394,220,174
050,20,035,"Kansas","Cowley County",5,24,372,185,187
050,20,035,"Kansas","Cowley County",5,25,352,188,164
050,20,035,"Kansas","Cowley County",5,26,381,199,182
050,20,035,"Kansas","Cowley County",5,27,350,181,169
050,20,035,"Kansas","Cowley County",5,28,371,197,174
050,20,035,"Kansas","Cowley County",5,29,410,220,190
050,20,035,"Kansas","Cowley County",5,30,410,205,205
050,20,035,"Kansas","Cowley County",5,31,411,200,211
050,20,035,"Kansas","Cowley County",5,32,386,201,185
050,20,035,"Kansas","Cowley County",5,33,406,215,191
050,20,035,"Kansas","Cowley County",5,34,394,194,200
050,20,035,"Kansas","Cowley County",5,35,400,215,185
050,20,035,"Kansas","Cowley County",5,36,401,210,191
050,20,035,"Kansas","Cowley County",5,37,424,223,201
050,20,035,"Kansas","Cowley County",5,38,439,225,214
050,20,035,"Kansas","Cowley County",5,39,432,225,207
050,20,035,"Kansas","Cowley County",5,40,416,211,205
050,20,035,"Kansas","Cowley County",5,41,425,223,202
050,20,035,"Kansas","Cowley County",5,42,421,237,184
050,20,035,"Kansas","Cowley County",5,43,406,205,201
050,20,035,"Kansas","Cowley County",5,44,418,208,210
050,20,035,"Kansas","Cowley County",5,45,408,218,190
050,20,035,"Kansas","Cowley County",5,46,388,205,183
050,20,035,"Kansas","Cowley County",5,47,369,193,176
050,20,035,"Kansas","Cowley County",5,48,385,202,183
050,20,035,"Kansas","Cowley County",5,49,368,186,182
050,20,035,"Kansas","Cowley County",5,50,369,197,172
050,20,035,"Kansas","Cowley County",5,51,386,206,180
050,20,035,"Kansas","Cowley County",5,52,401,218,183
050,20,035,"Kansas","Cowley County",5,53,399,201,198
050,20,035,"Kansas","Cowley County",5,54,384,197,187
050,20,035,"Kansas","Cowley County",5,55,377,184,193
050,20,035,"Kansas","Cowley County",5,56,377,178,199
050,20,035,"Kansas","Cowley County",5,57,391,201,190
050,20,035,"Kansas","Cowley County",5,58,408,207,201
050,20,035,"Kansas","Cowley County",5,59,421,213,208
050,20,035,"Kansas","Cowley County",5,60,436,222,214
050,20,035,"Kansas","Cowley County",5,61,453,230,223
050,20,035,"Kansas","Cowley County",5,62,471,223,248
050,20,035,"Kansas","Cowley County",5,63,457,220,237
050,20,035,"Kansas","Cowley County",5,64,453,232,221
050,20,035,"Kansas","Cowley County",5,65,443,218,225
050,20,035,"Kansas","Cowley County",5,66,424,212,212
050,20,035,"Kansas","Cowley County",5,67,374,188,186
050,20,035,"Kansas","Cowley County",5,68,406,184,222
050,20,035,"Kansas","Cowley County",5,69,400,191,209
050,20,035,"Kansas","Cowley County",5,70,366,164,202
050,20,035,"Kansas","Cowley County",5,71,332,166,166
050,20,035,"Kansas","Cowley County",5,72,325,159,166
050,20,035,"Kansas","Cowley County",5,73,299,133,166
050,20,035,"Kansas","Cowley County",5,74,289,132,157
050,20,035,"Kansas","Cowley County",5,75,278,136,142
050,20,035,"Kansas","Cowley County",5,76,307,159,148
050,20,035,"Kansas","Cowley County",5,77,232,114,118
050,20,035,"Kansas","Cowley County",5,78,210,86,124
050,20,035,"Kansas","Cowley County",5,79,214,108,106
050,20,035,"Kansas","Cowley County",5,80,210,100,110
050,20,035,"Kansas","Cowley County",5,81,175,62,113
050,20,035,"Kansas","Cowley County",5,82,141,57,84
050,20,035,"Kansas","Cowley County",5,83,158,69,89
050,20,035,"Kansas","Cowley County",5,84,131,60,71
050,20,035,"Kansas","Cowley County",5,85,819,263,556
050,20,037,"Kansas","Crawford County",1,0,441,224,217
050,20,037,"Kansas","Crawford County",1,1,444,221,223
050,20,037,"Kansas","Crawford County",1,2,459,238,221
050,20,037,"Kansas","Crawford County",1,3,505,260,245
050,20,037,"Kansas","Crawford County",1,4,498,248,250
050,20,037,"Kansas","Crawford County",1,5,511,258,253
050,20,037,"Kansas","Crawford County",1,6,514,276,238
050,20,037,"Kansas","Crawford County",1,7,447,229,218
050,20,037,"Kansas","Crawford County",1,8,453,226,227
050,20,037,"Kansas","Crawford County",1,9,463,250,213
050,20,037,"Kansas","Crawford County",1,10,494,279,215
050,20,037,"Kansas","Crawford County",1,11,477,251,226
050,20,037,"Kansas","Crawford County",1,12,516,270,246
050,20,037,"Kansas","Crawford County",1,13,525,264,261
050,20,037,"Kansas","Crawford County",1,14,464,231,233
050,20,037,"Kansas","Crawford County",1,15,489,252,237
050,20,037,"Kansas","Crawford County",1,16,500,271,229
050,20,037,"Kansas","Crawford County",1,17,489,262,227
050,20,037,"Kansas","Crawford County",1,18,591,294,297
050,20,037,"Kansas","Crawford County",1,19,1026,536,490
050,20,037,"Kansas","Crawford County",1,20,1186,644,542
050,20,037,"Kansas","Crawford County",1,21,1195,584,611
050,20,037,"Kansas","Crawford County",1,22,1082,524,558
050,20,037,"Kansas","Crawford County",1,23,1034,612,422
050,20,037,"Kansas","Crawford County",1,24,698,376,322
050,20,037,"Kansas","Crawford County",1,25,555,319,236
050,20,037,"Kansas","Crawford County",1,26,480,253,227
050,20,037,"Kansas","Crawford County",1,27,480,248,232
050,20,037,"Kansas","Crawford County",1,28,460,246,214
050,20,037,"Kansas","Crawford County",1,29,442,207,235
050,20,037,"Kansas","Crawford County",1,30,407,194,213
050,20,037,"Kansas","Crawford County",1,31,389,201,188
050,20,037,"Kansas","Crawford County",1,32,404,209,195
050,20,037,"Kansas","Crawford County",1,33,404,219,185
050,20,037,"Kansas","Crawford County",1,34,412,210,202
050,20,037,"Kansas","Crawford County",1,35,445,215,230
050,20,037,"Kansas","Crawford County",1,36,449,226,223
050,20,037,"Kansas","Crawford County",1,37,467,232,235
050,20,037,"Kansas","Crawford County",1,38,517,266,251
050,20,037,"Kansas","Crawford County",1,39,497,243,254
050,20,037,"Kansas","Crawford County",1,40,443,209,234
050,20,037,"Kansas","Crawford County",1,41,428,222,206
050,20,037,"Kansas","Crawford County",1,42,425,223,202
050,20,037,"Kansas","Crawford County",1,43,410,214,196
050,20,037,"Kansas","Crawford County",1,44,400,206,194
050,20,037,"Kansas","Crawford County",1,45,399,200,199
050,20,037,"Kansas","Crawford County",1,46,367,183,184
050,20,037,"Kansas","Crawford County",1,47,378,174,204
050,20,037,"Kansas","Crawford County",1,48,414,201,213
050,20,037,"Kansas","Crawford County",1,49,431,209,222
050,20,037,"Kansas","Crawford County",1,50,402,202,200
050,20,037,"Kansas","Crawford County",1,51,413,205,208
050,20,037,"Kansas","Crawford County",1,52,384,196,188
050,20,037,"Kansas","Crawford County",1,53,414,223,191
050,20,037,"Kansas","Crawford County",1,54,411,212,199
050,20,037,"Kansas","Crawford County",1,55,421,224,197
050,20,037,"Kansas","Crawford County",1,56,440,230,210
050,20,037,"Kansas","Crawford County",1,57,443,228,215
050,20,037,"Kansas","Crawford County",1,58,470,234,236
050,20,037,"Kansas","Crawford County",1,59,469,224,245
050,20,037,"Kansas","Crawford County",1,60,447,209,238
050,20,037,"Kansas","Crawford County",1,61,435,218,217
050,20,037,"Kansas","Crawford County",1,62,458,223,235
050,20,037,"Kansas","Crawford County",1,63,442,212,230
050,20,037,"Kansas","Crawford County",1,64,452,203,249
050,20,037,"Kansas","Crawford County",1,65,430,206,224
050,20,037,"Kansas","Crawford County",1,66,402,189,213
050,20,037,"Kansas","Crawford County",1,67,384,183,201
050,20,037,"Kansas","Crawford County",1,68,383,183,200
050,20,037,"Kansas","Crawford County",1,69,350,168,182
050,20,037,"Kansas","Crawford County",1,70,332,156,176
050,20,037,"Kansas","Crawford County",1,71,325,158,167
050,20,037,"Kansas","Crawford County",1,72,325,149,176
050,20,037,"Kansas","Crawford County",1,73,338,164,174
050,20,037,"Kansas","Crawford County",1,74,221,109,112
050,20,037,"Kansas","Crawford County",1,75,197,82,115
050,20,037,"Kansas","Crawford County",1,76,222,98,124
050,20,037,"Kansas","Crawford County",1,77,246,101,145
050,20,037,"Kansas","Crawford County",1,78,207,97,110
050,20,037,"Kansas","Crawford County",1,79,181,76,105
050,20,037,"Kansas","Crawford County",1,80,164,66,98
050,20,037,"Kansas","Crawford County",1,81,157,69,88
050,20,037,"Kansas","Crawford County",1,82,140,52,88
050,20,037,"Kansas","Crawford County",1,83,118,49,69
050,20,037,"Kansas","Crawford County",1,84,111,44,67
050,20,037,"Kansas","Crawford County",1,85,833,266,567
050,20,037,"Kansas","Crawford County",2,0,444,226,218
050,20,037,"Kansas","Crawford County",2,1,441,223,218
050,20,037,"Kansas","Crawford County",2,2,461,237,224
050,20,037,"Kansas","Crawford County",2,3,492,254,238
050,20,037,"Kansas","Crawford County",2,4,505,254,251
050,20,037,"Kansas","Crawford County",2,5,513,259,254
050,20,037,"Kansas","Crawford County",2,6,515,273,242
050,20,037,"Kansas","Crawford County",2,7,461,241,220
050,20,037,"Kansas","Crawford County",2,8,450,228,222
050,20,037,"Kansas","Crawford County",2,9,460,245,215
050,20,037,"Kansas","Crawford County",2,10,485,270,215
050,20,037,"Kansas","Crawford County",2,11,478,255,223
050,20,037,"Kansas","Crawford County",2,12,510,267,243
050,20,037,"Kansas","Crawford County",2,13,522,265,257
050,20,037,"Kansas","Crawford County",2,14,480,240,240
050,20,037,"Kansas","Crawford County",2,15,487,249,238
050,20,037,"Kansas","Crawford County",2,16,497,265,232
050,20,037,"Kansas","Crawford County",2,17,492,263,229
050,20,037,"Kansas","Crawford County",2,18,597,299,298
050,20,037,"Kansas","Crawford County",2,19,1024,535,489
050,20,037,"Kansas","Crawford County",2,20,1184,644,540
050,20,037,"Kansas","Crawford County",2,21,1191,583,608
050,20,037,"Kansas","Crawford County",2,22,1079,526,553
050,20,037,"Kansas","Crawford County",2,23,1028,604,424
050,20,037,"Kansas","Crawford County",2,24,700,378,322
050,20,037,"Kansas","Crawford County",2,25,555,316,239
050,20,037,"Kansas","Crawford County",2,26,486,256,230
050,20,037,"Kansas","Crawford County",2,27,469,245,224
050,20,037,"Kansas","Crawford County",2,28,462,243,219
050,20,037,"Kansas","Crawford County",2,29,444,215,229
050,20,037,"Kansas","Crawford County",2,30,418,198,220
050,20,037,"Kansas","Crawford County",2,31,393,201,192
050,20,037,"Kansas","Crawford County",2,32,398,205,193
050,20,037,"Kansas","Crawford County",2,33,405,217,188
050,20,037,"Kansas","Crawford County",2,34,410,211,199
050,20,037,"Kansas","Crawford County",2,35,437,214,223
050,20,037,"Kansas","Crawford County",2,36,444,221,223
050,20,037,"Kansas","Crawford County",2,37,461,229,232
050,20,037,"Kansas","Crawford County",2,38,509,260,249
050,20,037,"Kansas","Crawford County",2,39,500,247,253
050,20,037,"Kansas","Crawford County",2,40,455,218,237
050,20,037,"Kansas","Crawford County",2,41,428,218,210
050,20,037,"Kansas","Crawford County",2,42,423,221,202
050,20,037,"Kansas","Crawford County",2,43,419,218,201
050,20,037,"Kansas","Crawford County",2,44,399,207,192
050,20,037,"Kansas","Crawford County",2,45,404,205,199
050,20,037,"Kansas","Crawford County",2,46,372,186,186
050,20,037,"Kansas","Crawford County",2,47,374,175,199
050,20,037,"Kansas","Crawford County",2,48,404,192,212
050,20,037,"Kansas","Crawford County",2,49,424,205,219
050,20,037,"Kansas","Crawford County",2,50,413,206,207
050,20,037,"Kansas","Crawford County",2,51,407,204,203
050,20,037,"Kansas","Crawford County",2,52,387,198,189
050,20,037,"Kansas","Crawford County",2,53,403,214,189
050,20,037,"Kansas","Crawford County",2,54,410,214,196
050,20,037,"Kansas","Crawford County",2,55,418,221,197
050,20,037,"Kansas","Crawford County",2,56,437,230,207
050,20,037,"Kansas","Crawford County",2,57,443,229,214
050,20,037,"Kansas","Crawford County",2,58,464,233,231
050,20,037,"Kansas","Crawford County",2,59,469,226,243
050,20,037,"Kansas","Crawford County",2,60,449,210,239
050,20,037,"Kansas","Crawford County",2,61,440,216,224
050,20,037,"Kansas","Crawford County",2,62,452,223,229
050,20,037,"Kansas","Crawford County",2,63,444,214,230
050,20,037,"Kansas","Crawford County",2,64,442,202,240
050,20,037,"Kansas","Crawford County",2,65,433,205,228
050,20,037,"Kansas","Crawford County",2,66,406,189,217
050,20,037,"Kansas","Crawford County",2,67,385,182,203
050,20,037,"Kansas","Crawford County",2,68,378,182,196
050,20,037,"Kansas","Crawford County",2,69,355,171,184
050,20,037,"Kansas","Crawford County",2,70,335,159,176
050,20,037,"Kansas","Crawford County",2,71,324,155,169
050,20,037,"Kansas","Crawford County",2,72,319,148,171
050,20,037,"Kansas","Crawford County",2,73,353,169,184
050,20,037,"Kansas","Crawford County",2,74,231,113,118
050,20,037,"Kansas","Crawford County",2,75,202,88,114
050,20,037,"Kansas","Crawford County",2,76,209,90,119
050,20,037,"Kansas","Crawford County",2,77,245,102,143
050,20,037,"Kansas","Crawford County",2,78,210,97,113
050,20,037,"Kansas","Crawford County",2,79,186,80,106
050,20,037,"Kansas","Crawford County",2,80,162,67,95
050,20,037,"Kansas","Crawford County",2,81,154,65,89
050,20,037,"Kansas","Crawford County",2,82,143,55,88
050,20,037,"Kansas","Crawford County",2,83,119,48,71
050,20,037,"Kansas","Crawford County",2,84,112,45,67
050,20,037,"Kansas","Crawford County",2,85,820,262,558
050,20,037,"Kansas","Crawford County",3,0,414,211,203
050,20,037,"Kansas","Crawford County",3,1,426,221,205
050,20,037,"Kansas","Crawford County",3,2,453,226,227
050,20,037,"Kansas","Crawford County",3,3,450,238,212
050,20,037,"Kansas","Crawford County",3,4,489,248,241
050,20,037,"Kansas","Crawford County",3,5,515,267,248
050,20,037,"Kansas","Crawford County",3,6,502,256,246
050,20,037,"Kansas","Crawford County",3,7,514,269,245
050,20,037,"Kansas","Crawford County",3,8,461,235,226
050,20,037,"Kansas","Crawford County",3,9,456,234,222
050,20,037,"Kansas","Crawford County",3,10,480,255,225
050,20,037,"Kansas","Crawford County",3,11,480,255,225
050,20,037,"Kansas","Crawford County",3,12,491,256,235
050,20,037,"Kansas","Crawford County",3,13,523,281,242
050,20,037,"Kansas","Crawford County",3,14,527,265,262
050,20,037,"Kansas","Crawford County",3,15,489,250,239
050,20,037,"Kansas","Crawford County",3,16,487,255,232
050,20,037,"Kansas","Crawford County",3,17,512,271,241
050,20,037,"Kansas","Crawford County",3,18,614,316,298
050,20,037,"Kansas","Crawford County",3,19,1020,532,488
050,20,037,"Kansas","Crawford County",3,20,1173,639,534
050,20,037,"Kansas","Crawford County",3,21,1207,592,615
050,20,037,"Kansas","Crawford County",3,22,1123,557,566
050,20,037,"Kansas","Crawford County",3,23,991,568,423
050,20,037,"Kansas","Crawford County",3,24,694,378,316
050,20,037,"Kansas","Crawford County",3,25,582,317,265
050,20,037,"Kansas","Crawford County",3,26,505,256,249
050,20,037,"Kansas","Crawford County",3,27,438,219,219
050,20,037,"Kansas","Crawford County",3,28,470,251,219
050,20,037,"Kansas","Crawford County",3,29,429,225,204
050,20,037,"Kansas","Crawford County",3,30,450,225,225
050,20,037,"Kansas","Crawford County",3,31,418,193,225
050,20,037,"Kansas","Crawford County",3,32,393,201,192
050,20,037,"Kansas","Crawford County",3,33,410,209,201
050,20,037,"Kansas","Crawford County",3,34,422,225,197
050,20,037,"Kansas","Crawford County",3,35,404,208,196
050,20,037,"Kansas","Crawford County",3,36,455,230,225
050,20,037,"Kansas","Crawford County",3,37,446,217,229
050,20,037,"Kansas","Crawford County",3,38,472,236,236
050,20,037,"Kansas","Crawford County",3,39,502,253,249
050,20,037,"Kansas","Crawford County",3,40,501,250,251
050,20,037,"Kansas","Crawford County",3,41,449,219,230
050,20,037,"Kansas","Crawford County",3,42,447,228,219
050,20,037,"Kansas","Crawford County",3,43,415,212,203
050,20,037,"Kansas","Crawford County",3,44,426,219,207
050,20,037,"Kansas","Crawford County",3,45,409,211,198
050,20,037,"Kansas","Crawford County",3,46,393,199,194
050,20,037,"Kansas","Crawford County",3,47,374,188,186
050,20,037,"Kansas","Crawford County",3,48,361,173,188
050,20,037,"Kansas","Crawford County",3,49,411,189,222
050,20,037,"Kansas","Crawford County",3,50,424,200,224
050,20,037,"Kansas","Crawford County",3,51,415,202,213
050,20,037,"Kansas","Crawford County",3,52,419,218,201
050,20,037,"Kansas","Crawford County",3,53,390,203,187
050,20,037,"Kansas","Crawford County",3,54,400,216,184
050,20,037,"Kansas","Crawford County",3,55,405,208,197
050,20,037,"Kansas","Crawford County",3,56,412,222,190
050,20,037,"Kansas","Crawford County",3,57,437,226,211
050,20,037,"Kansas","Crawford County",3,58,437,223,214
050,20,037,"Kansas","Crawford County",3,59,458,230,228
050,20,037,"Kansas","Crawford County",3,60,473,228,245
050,20,037,"Kansas","Crawford County",3,61,455,216,239
050,20,037,"Kansas","Crawford County",3,62,437,213,224
050,20,037,"Kansas","Crawford County",3,63,442,222,220
050,20,037,"Kansas","Crawford County",3,64,435,210,225
050,20,037,"Kansas","Crawford County",3,65,429,189,240
050,20,037,"Kansas","Crawford County",3,66,411,190,221
050,20,037,"Kansas","Crawford County",3,67,392,176,216
050,20,037,"Kansas","Crawford County",3,68,371,178,193
050,20,037,"Kansas","Crawford County",3,69,364,174,190
050,20,037,"Kansas","Crawford County",3,70,347,163,184
050,20,037,"Kansas","Crawford County",3,71,321,149,172
050,20,037,"Kansas","Crawford County",3,72,304,147,157
050,20,037,"Kansas","Crawford County",3,73,315,145,170
050,20,037,"Kansas","Crawford County",3,74,332,159,173
050,20,037,"Kansas","Crawford County",3,75,215,98,117
050,20,037,"Kansas","Crawford County",3,76,188,80,108
050,20,037,"Kansas","Crawford County",3,77,193,76,117
050,20,037,"Kansas","Crawford County",3,78,224,91,133
050,20,037,"Kansas","Crawford County",3,79,201,87,114
050,20,037,"Kansas","Crawford County",3,80,169,73,96
050,20,037,"Kansas","Crawford County",3,81,154,66,88
050,20,037,"Kansas","Crawford County",3,82,145,54,91
050,20,037,"Kansas","Crawford County",3,83,138,54,84
050,20,037,"Kansas","Crawford County",3,84,107,43,64
050,20,037,"Kansas","Crawford County",3,85,796,260,536
050,20,037,"Kansas","Crawford County",4,0,457,230,227
050,20,037,"Kansas","Crawford County",4,1,427,230,197
050,20,037,"Kansas","Crawford County",4,2,442,223,219
050,20,037,"Kansas","Crawford County",4,3,464,234,230
050,20,037,"Kansas","Crawford County",4,4,463,244,219
050,20,037,"Kansas","Crawford County",4,5,499,257,242
050,20,037,"Kansas","Crawford County",4,6,522,268,254
050,20,037,"Kansas","Crawford County",4,7,509,257,252
050,20,037,"Kansas","Crawford County",4,8,512,267,245
050,20,037,"Kansas","Crawford County",4,9,477,242,235
050,20,037,"Kansas","Crawford County",4,10,472,243,229
050,20,037,"Kansas","Crawford County",4,11,480,254,226
050,20,037,"Kansas","Crawford County",4,12,498,272,226
050,20,037,"Kansas","Crawford County",4,13,502,259,243
050,20,037,"Kansas","Crawford County",4,14,522,276,246
050,20,037,"Kansas","Crawford County",4,15,531,268,263
050,20,037,"Kansas","Crawford County",4,16,493,252,241
050,20,037,"Kansas","Crawford County",4,17,489,251,238
050,20,037,"Kansas","Crawford County",4,18,621,318,303
050,20,037,"Kansas","Crawford County",4,19,1000,529,471
050,20,037,"Kansas","Crawford County",4,20,1146,620,526
050,20,037,"Kansas","Crawford County",4,21,1175,581,594
050,20,037,"Kansas","Crawford County",4,22,1100,542,558
050,20,037,"Kansas","Crawford County",4,23,1060,638,422
050,20,037,"Kansas","Crawford County",4,24,676,352,324
050,20,037,"Kansas","Crawford County",4,25,590,334,256
050,20,037,"Kansas","Crawford County",4,26,497,254,243
050,20,037,"Kansas","Crawford County",4,27,458,238,220
050,20,037,"Kansas","Crawford County",4,28,429,215,214
050,20,037,"Kansas","Crawford County",4,29,466,234,232
050,20,037,"Kansas","Crawford County",4,30,433,220,213
050,20,037,"Kansas","Crawford County",4,31,454,230,224
050,20,037,"Kansas","Crawford County",4,32,443,202,241
050,20,037,"Kansas","Crawford County",4,33,401,206,195
050,20,037,"Kansas","Crawford County",4,34,415,208,207
050,20,037,"Kansas","Crawford County",4,35,419,223,196
050,20,037,"Kansas","Crawford County",4,36,409,221,188
050,20,037,"Kansas","Crawford County",4,37,451,228,223
050,20,037,"Kansas","Crawford County",4,38,438,218,220
050,20,037,"Kansas","Crawford County",4,39,473,233,240
050,20,037,"Kansas","Crawford County",4,40,506,252,254
050,20,037,"Kansas","Crawford County",4,41,497,248,249
050,20,037,"Kansas","Crawford County",4,42,453,222,231
050,20,037,"Kansas","Crawford County",4,43,441,223,218
050,20,037,"Kansas","Crawford County",4,44,412,214,198
050,20,037,"Kansas","Crawford County",4,45,430,228,202
050,20,037,"Kansas","Crawford County",4,46,407,208,199
050,20,037,"Kansas","Crawford County",4,47,391,199,192
050,20,037,"Kansas","Crawford County",4,48,367,187,180
050,20,037,"Kansas","Crawford County",4,49,365,178,187
050,20,037,"Kansas","Crawford County",4,50,416,191,225
050,20,037,"Kansas","Crawford County",4,51,417,198,219
050,20,037,"Kansas","Crawford County",4,52,412,201,211
050,20,037,"Kansas","Crawford County",4,53,420,215,205
050,20,037,"Kansas","Crawford County",4,54,387,203,184
050,20,037,"Kansas","Crawford County",4,55,393,209,184
050,20,037,"Kansas","Crawford County",4,56,407,209,198
050,20,037,"Kansas","Crawford County",4,57,407,222,185
050,20,037,"Kansas","Crawford County",4,58,438,225,213
050,20,037,"Kansas","Crawford County",4,59,449,227,222
050,20,037,"Kansas","Crawford County",4,60,463,230,233
050,20,037,"Kansas","Crawford County",4,61,469,229,240
050,20,037,"Kansas","Crawford County",4,62,457,218,239
050,20,037,"Kansas","Crawford County",4,63,430,206,224
050,20,037,"Kansas","Crawford County",4,64,441,224,217
050,20,037,"Kansas","Crawford County",4,65,427,203,224
050,20,037,"Kansas","Crawford County",4,66,419,172,247
050,20,037,"Kansas","Crawford County",4,67,398,182,216
050,20,037,"Kansas","Crawford County",4,68,377,170,207
050,20,037,"Kansas","Crawford County",4,69,353,166,187
050,20,037,"Kansas","Crawford County",4,70,347,164,183
050,20,037,"Kansas","Crawford County",4,71,335,154,181
050,20,037,"Kansas","Crawford County",4,72,316,145,171
050,20,037,"Kansas","Crawford County",4,73,300,145,155
050,20,037,"Kansas","Crawford County",4,74,301,139,162
050,20,037,"Kansas","Crawford County",4,75,322,147,175
050,20,037,"Kansas","Crawford County",4,76,201,93,108
050,20,037,"Kansas","Crawford County",4,77,178,72,106
050,20,037,"Kansas","Crawford County",4,78,171,67,104
050,20,037,"Kansas","Crawford County",4,79,213,83,130
050,20,037,"Kansas","Crawford County",4,80,181,78,103
050,20,037,"Kansas","Crawford County",4,81,163,75,88
050,20,037,"Kansas","Crawford County",4,82,138,52,86
050,20,037,"Kansas","Crawford County",4,83,138,53,85
050,20,037,"Kansas","Crawford County",4,84,130,54,76
050,20,037,"Kansas","Crawford County",4,85,749,237,512
050,20,037,"Kansas","Crawford County",5,0,446,219,227
050,20,037,"Kansas","Crawford County",5,1,455,233,222
050,20,037,"Kansas","Crawford County",5,2,417,223,194
050,20,037,"Kansas","Crawford County",5,3,452,230,222
050,20,037,"Kansas","Crawford County",5,4,455,227,228
050,20,037,"Kansas","Crawford County",5,5,472,248,224
050,20,037,"Kansas","Crawford County",5,6,496,243,253
050,20,037,"Kansas","Crawford County",5,7,504,265,239
050,20,037,"Kansas","Crawford County",5,8,510,257,253
050,20,037,"Kansas","Crawford County",5,9,515,267,248
050,20,037,"Kansas","Crawford County",5,10,464,238,226
050,20,037,"Kansas","Crawford County",5,11,461,235,226
050,20,037,"Kansas","Crawford County",5,12,482,254,228
050,20,037,"Kansas","Crawford County",5,13,488,263,225
050,20,037,"Kansas","Crawford County",5,14,513,261,252
050,20,037,"Kansas","Crawford County",5,15,512,268,244
050,20,037,"Kansas","Crawford County",5,16,524,266,258
050,20,037,"Kansas","Crawford County",5,17,500,256,244
050,20,037,"Kansas","Crawford County",5,18,594,303,291
050,20,037,"Kansas","Crawford County",5,19,1010,537,473
050,20,037,"Kansas","Crawford County",5,20,1111,609,502
050,20,037,"Kansas","Crawford County",5,21,1141,560,581
050,20,037,"Kansas","Crawford County",5,22,1056,514,542
050,20,037,"Kansas","Crawford County",5,23,1021,612,409
050,20,037,"Kansas","Crawford County",5,24,715,396,319
050,20,037,"Kansas","Crawford County",5,25,530,277,253
050,20,037,"Kansas","Crawford County",5,26,522,275,247
050,20,037,"Kansas","Crawford County",5,27,421,213,208
050,20,037,"Kansas","Crawford County",5,28,422,221,201
050,20,037,"Kansas","Crawford County",5,29,415,206,209
050,20,037,"Kansas","Crawford County",5,30,460,228,232
050,20,037,"Kansas","Crawford County",5,31,418,207,211
050,20,037,"Kansas","Crawford County",5,32,443,228,215
050,20,037,"Kansas","Crawford County",5,33,434,211,223
050,20,037,"Kansas","Crawford County",5,34,389,192,197
050,20,037,"Kansas","Crawford County",5,35,411,204,207
050,20,037,"Kansas","Crawford County",5,36,428,233,195
050,20,037,"Kansas","Crawford County",5,37,398,208,190
050,20,037,"Kansas","Crawford County",5,38,455,232,223
050,20,037,"Kansas","Crawford County",5,39,438,218,220
050,20,037,"Kansas","Crawford County",5,40,476,232,244
050,20,037,"Kansas","Crawford County",5,41,506,252,254
050,20,037,"Kansas","Crawford County",5,42,485,239,246
050,20,037,"Kansas","Crawford County",5,43,451,215,236
050,20,037,"Kansas","Crawford County",5,44,432,215,217
050,20,037,"Kansas","Crawford County",5,45,408,210,198
050,20,037,"Kansas","Crawford County",5,46,416,218,198
050,20,037,"Kansas","Crawford County",5,47,398,202,196
050,20,037,"Kansas","Crawford County",5,48,387,198,189
050,20,037,"Kansas","Crawford County",5,49,359,176,183
050,20,037,"Kansas","Crawford County",5,50,372,176,196
050,20,037,"Kansas","Crawford County",5,51,407,182,225
050,20,037,"Kansas","Crawford County",5,52,414,198,216
050,20,037,"Kansas","Crawford County",5,53,413,206,207
050,20,037,"Kansas","Crawford County",5,54,412,215,197
050,20,037,"Kansas","Crawford County",5,55,383,195,188
050,20,037,"Kansas","Crawford County",5,56,387,211,176
050,20,037,"Kansas","Crawford County",5,57,405,210,195
050,20,037,"Kansas","Crawford County",5,58,406,223,183
050,20,037,"Kansas","Crawford County",5,59,440,222,218
050,20,037,"Kansas","Crawford County",5,60,453,229,224
050,20,037,"Kansas","Crawford County",5,61,463,224,239
050,20,037,"Kansas","Crawford County",5,62,463,224,239
050,20,037,"Kansas","Crawford County",5,63,451,220,231
050,20,037,"Kansas","Crawford County",5,64,432,210,222
050,20,037,"Kansas","Crawford County",5,65,435,219,216
050,20,037,"Kansas","Crawford County",5,66,419,190,229
050,20,037,"Kansas","Crawford County",5,67,410,162,248
050,20,037,"Kansas","Crawford County",5,68,388,181,207
050,20,037,"Kansas","Crawford County",5,69,363,168,195
050,20,037,"Kansas","Crawford County",5,70,342,157,185
050,20,037,"Kansas","Crawford County",5,71,342,156,186
050,20,037,"Kansas","Crawford County",5,72,329,146,183
050,20,037,"Kansas","Crawford County",5,73,309,144,165
050,20,037,"Kansas","Crawford County",5,74,292,142,150
050,20,037,"Kansas","Crawford County",5,75,281,123,158
050,20,037,"Kansas","Crawford County",5,76,304,137,167
050,20,037,"Kansas","Crawford County",5,77,187,80,107
050,20,037,"Kansas","Crawford County",5,78,162,68,94
050,20,037,"Kansas","Crawford County",5,79,164,62,102
050,20,037,"Kansas","Crawford County",5,80,193,76,117
050,20,037,"Kansas","Crawford County",5,81,169,74,95
050,20,037,"Kansas","Crawford County",5,82,150,66,84
050,20,037,"Kansas","Crawford County",5,83,130,51,79
050,20,037,"Kansas","Crawford County",5,84,126,51,75
050,20,037,"Kansas","Crawford County",5,85,752,235,517
050,20,039,"Kansas","Decatur County",1,0,30,16,14
050,20,039,"Kansas","Decatur County",1,1,32,19,13
050,20,039,"Kansas","Decatur County",1,2,32,19,13
050,20,039,"Kansas","Decatur County",1,3,35,18,17
050,20,039,"Kansas","Decatur County",1,4,31,15,16
050,20,039,"Kansas","Decatur County",1,5,32,15,17
050,20,039,"Kansas","Decatur County",1,6,35,18,17
050,20,039,"Kansas","Decatur County",1,7,44,24,20
050,20,039,"Kansas","Decatur County",1,8,29,14,15
050,20,039,"Kansas","Decatur County",1,9,30,15,15
050,20,039,"Kansas","Decatur County",1,10,30,13,17
050,20,039,"Kansas","Decatur County",1,11,29,21,8
050,20,039,"Kansas","Decatur County",1,12,29,20,9
050,20,039,"Kansas","Decatur County",1,13,31,15,16
050,20,039,"Kansas","Decatur County",1,14,30,15,15
050,20,039,"Kansas","Decatur County",1,15,25,15,10
050,20,039,"Kansas","Decatur County",1,16,32,18,14
050,20,039,"Kansas","Decatur County",1,17,29,14,15
050,20,039,"Kansas","Decatur County",1,18,24,11,13
050,20,039,"Kansas","Decatur County",1,19,15,7,8
050,20,039,"Kansas","Decatur County",1,20,22,12,10
050,20,039,"Kansas","Decatur County",1,21,22,10,12
050,20,039,"Kansas","Decatur County",1,22,24,11,13
050,20,039,"Kansas","Decatur County",1,23,23,12,11
050,20,039,"Kansas","Decatur County",1,24,22,13,9
050,20,039,"Kansas","Decatur County",1,25,27,12,15
050,20,039,"Kansas","Decatur County",1,26,26,14,12
050,20,039,"Kansas","Decatur County",1,27,22,12,10
050,20,039,"Kansas","Decatur County",1,28,23,12,11
050,20,039,"Kansas","Decatur County",1,29,33,14,19
050,20,039,"Kansas","Decatur County",1,30,31,11,20
050,20,039,"Kansas","Decatur County",1,31,33,21,12
050,20,039,"Kansas","Decatur County",1,32,36,24,12
050,20,039,"Kansas","Decatur County",1,33,30,17,13
050,20,039,"Kansas","Decatur County",1,34,32,15,17
050,20,039,"Kansas","Decatur County",1,35,27,12,15
050,20,039,"Kansas","Decatur County",1,36,34,18,16
050,20,039,"Kansas","Decatur County",1,37,30,16,14
050,20,039,"Kansas","Decatur County",1,38,25,14,11
050,20,039,"Kansas","Decatur County",1,39,26,14,12
050,20,039,"Kansas","Decatur County",1,40,23,10,13
050,20,039,"Kansas","Decatur County",1,41,26,9,17
050,20,039,"Kansas","Decatur County",1,42,26,11,15
050,20,039,"Kansas","Decatur County",1,43,21,15,6
050,20,039,"Kansas","Decatur County",1,44,23,16,7
050,20,039,"Kansas","Decatur County",1,45,23,12,11
050,20,039,"Kansas","Decatur County",1,46,22,14,8
050,20,039,"Kansas","Decatur County",1,47,16,7,9
050,20,039,"Kansas","Decatur County",1,48,23,11,12
050,20,039,"Kansas","Decatur County",1,49,28,14,14
050,20,039,"Kansas","Decatur County",1,50,26,14,12
050,20,039,"Kansas","Decatur County",1,51,18,9,9
050,20,039,"Kansas","Decatur County",1,52,30,12,18
050,20,039,"Kansas","Decatur County",1,53,39,21,18
050,20,039,"Kansas","Decatur County",1,54,42,23,19
050,20,039,"Kansas","Decatur County",1,55,40,19,21
050,20,039,"Kansas","Decatur County",1,56,37,20,17
050,20,039,"Kansas","Decatur County",1,57,37,21,16
050,20,039,"Kansas","Decatur County",1,58,45,27,18
050,20,039,"Kansas","Decatur County",1,59,41,21,20
050,20,039,"Kansas","Decatur County",1,60,44,23,21
050,20,039,"Kansas","Decatur County",1,61,47,29,18
050,20,039,"Kansas","Decatur County",1,62,59,35,24
050,20,039,"Kansas","Decatur County",1,63,59,29,30
050,20,039,"Kansas","Decatur County",1,64,53,23,30
050,20,039,"Kansas","Decatur County",1,65,48,23,25
050,20,039,"Kansas","Decatur County",1,66,52,30,22
050,20,039,"Kansas","Decatur County",1,67,54,30,24
050,20,039,"Kansas","Decatur County",1,68,37,19,18
050,20,039,"Kansas","Decatur County",1,69,38,16,22
050,20,039,"Kansas","Decatur County",1,70,44,23,21
050,20,039,"Kansas","Decatur County",1,71,38,21,17
050,20,039,"Kansas","Decatur County",1,72,41,18,23
050,20,039,"Kansas","Decatur County",1,73,39,19,20
050,20,039,"Kansas","Decatur County",1,74,21,11,10
050,20,039,"Kansas","Decatur County",1,75,23,10,13
050,20,039,"Kansas","Decatur County",1,76,29,16,13
050,20,039,"Kansas","Decatur County",1,77,28,16,12
050,20,039,"Kansas","Decatur County",1,78,26,14,12
050,20,039,"Kansas","Decatur County",1,79,21,7,14
050,20,039,"Kansas","Decatur County",1,80,19,11,8
050,20,039,"Kansas","Decatur County",1,81,15,10,5
050,20,039,"Kansas","Decatur County",1,82,18,10,8
050,20,039,"Kansas","Decatur County",1,83,20,12,8
050,20,039,"Kansas","Decatur County",1,84,18,5,13
050,20,039,"Kansas","Decatur County",1,85,135,37,98
050,20,039,"Kansas","Decatur County",2,0,31,16,15
050,20,039,"Kansas","Decatur County",2,1,31,18,13
050,20,039,"Kansas","Decatur County",2,2,33,20,13
050,20,039,"Kansas","Decatur County",2,3,33,18,15
050,20,039,"Kansas","Decatur County",2,4,32,16,16
050,20,039,"Kansas","Decatur County",2,5,32,15,17
050,20,039,"Kansas","Decatur County",2,6,36,18,18
050,20,039,"Kansas","Decatur County",2,7,42,23,19
050,20,039,"Kansas","Decatur County",2,8,32,16,16
050,20,039,"Kansas","Decatur County",2,9,29,14,15
050,20,039,"Kansas","Decatur County",2,10,30,14,16
050,20,039,"Kansas","Decatur County",2,11,29,19,10
050,20,039,"Kansas","Decatur County",2,12,29,20,9
050,20,039,"Kansas","Decatur County",2,13,30,16,14
050,20,039,"Kansas","Decatur County",2,14,29,15,14
050,20,039,"Kansas","Decatur County",2,15,26,14,12
050,20,039,"Kansas","Decatur County",2,16,28,16,12
050,20,039,"Kansas","Decatur County",2,17,31,15,16
050,20,039,"Kansas","Decatur County",2,18,23,11,12
050,20,039,"Kansas","Decatur County",2,19,15,6,9
050,20,039,"Kansas","Decatur County",2,20,21,11,10
050,20,039,"Kansas","Decatur County",2,21,22,11,11
050,20,039,"Kansas","Decatur County",2,22,23,10,13
050,20,039,"Kansas","Decatur County",2,23,23,12,11
050,20,039,"Kansas","Decatur County",2,24,21,12,9
050,20,039,"Kansas","Decatur County",2,25,26,13,13
050,20,039,"Kansas","Decatur County",2,26,27,14,13
050,20,039,"Kansas","Decatur County",2,27,22,12,10
050,20,039,"Kansas","Decatur County",2,28,23,12,11
050,20,039,"Kansas","Decatur County",2,29,31,13,18
050,20,039,"Kansas","Decatur County",2,30,32,12,20
050,20,039,"Kansas","Decatur County",2,31,33,19,14
050,20,039,"Kansas","Decatur County",2,32,35,23,12
050,20,039,"Kansas","Decatur County",2,33,30,18,12
050,20,039,"Kansas","Decatur County",2,34,31,15,16
050,20,039,"Kansas","Decatur County",2,35,28,13,15
050,20,039,"Kansas","Decatur County",2,36,31,16,15
050,20,039,"Kansas","Decatur County",2,37,32,18,14
050,20,039,"Kansas","Decatur County",2,38,26,14,12
050,20,039,"Kansas","Decatur County",2,39,26,14,12
050,20,039,"Kansas","Decatur County",2,40,24,11,13
050,20,039,"Kansas","Decatur County",2,41,25,9,16
050,20,039,"Kansas","Decatur County",2,42,26,11,15
050,20,039,"Kansas","Decatur County",2,43,22,14,8
050,20,039,"Kansas","Decatur County",2,44,22,15,7
050,20,039,"Kansas","Decatur County",2,45,23,13,10
050,20,039,"Kansas","Decatur County",2,46,23,14,9
050,20,039,"Kansas","Decatur County",2,47,17,8,9
050,20,039,"Kansas","Decatur County",2,48,22,11,11
050,20,039,"Kansas","Decatur County",2,49,28,14,14
050,20,039,"Kansas","Decatur County",2,50,26,14,12
050,20,039,"Kansas","Decatur County",2,51,20,10,10
050,20,039,"Kansas","Decatur County",2,52,27,11,16
050,20,039,"Kansas","Decatur County",2,53,37,19,18
050,20,039,"Kansas","Decatur County",2,54,42,23,19
050,20,039,"Kansas","Decatur County",2,55,41,20,21
050,20,039,"Kansas","Decatur County",2,56,37,20,17
050,20,039,"Kansas","Decatur County",2,57,37,21,16
050,20,039,"Kansas","Decatur County",2,58,43,26,17
050,20,039,"Kansas","Decatur County",2,59,43,23,20
050,20,039,"Kansas","Decatur County",2,60,43,22,21
050,20,039,"Kansas","Decatur County",2,61,45,27,18
050,20,039,"Kansas","Decatur County",2,62,57,34,23
050,20,039,"Kansas","Decatur County",2,63,59,30,29
050,20,039,"Kansas","Decatur County",2,64,53,24,29
050,20,039,"Kansas","Decatur County",2,65,49,22,27
050,20,039,"Kansas","Decatur County",2,66,52,29,23
050,20,039,"Kansas","Decatur County",2,67,53,30,23
050,20,039,"Kansas","Decatur County",2,68,41,22,19
050,20,039,"Kansas","Decatur County",2,69,39,17,22
050,20,039,"Kansas","Decatur County",2,70,42,21,21
050,20,039,"Kansas","Decatur County",2,71,39,22,17
050,20,039,"Kansas","Decatur County",2,72,40,19,21
050,20,039,"Kansas","Decatur County",2,73,41,19,22
050,20,039,"Kansas","Decatur County",2,74,23,12,11
050,20,039,"Kansas","Decatur County",2,75,24,11,13
050,20,039,"Kansas","Decatur County",2,76,25,13,12
050,20,039,"Kansas","Decatur County",2,77,30,17,13
050,20,039,"Kansas","Decatur County",2,78,26,14,12
050,20,039,"Kansas","Decatur County",2,79,22,8,14
050,20,039,"Kansas","Decatur County",2,80,19,10,9
050,20,039,"Kansas","Decatur County",2,81,16,10,6
050,20,039,"Kansas","Decatur County",2,82,17,10,7
050,20,039,"Kansas","Decatur County",2,83,19,11,8
050,20,039,"Kansas","Decatur County",2,84,18,6,12
050,20,039,"Kansas","Decatur County",2,85,138,38,100
050,20,039,"Kansas","Decatur County",3,0,28,17,11
050,20,039,"Kansas","Decatur County",3,1,36,15,21
050,20,039,"Kansas","Decatur County",3,2,34,20,14
050,20,039,"Kansas","Decatur County",3,3,31,20,11
050,20,039,"Kansas","Decatur County",3,4,37,18,19
050,20,039,"Kansas","Decatur County",3,5,35,18,17
050,20,039,"Kansas","Decatur County",3,6,35,16,19
050,20,039,"Kansas","Decatur County",3,7,32,16,16
050,20,039,"Kansas","Decatur County",3,8,44,25,19
050,20,039,"Kansas","Decatur County",3,9,31,15,16
050,20,039,"Kansas","Decatur County",3,10,31,18,13
050,20,039,"Kansas","Decatur County",3,11,33,16,17
050,20,039,"Kansas","Decatur County",3,12,29,19,10
050,20,039,"Kansas","Decatur County",3,13,30,18,12
050,20,039,"Kansas","Decatur County",3,14,33,16,17
050,20,039,"Kansas","Decatur County",3,15,32,16,16
050,20,039,"Kansas","Decatur County",3,16,28,14,14
050,20,039,"Kansas","Decatur County",3,17,31,19,12
050,20,039,"Kansas","Decatur County",3,18,25,12,13
050,20,039,"Kansas","Decatur County",3,19,17,8,9
050,20,039,"Kansas","Decatur County",3,20,12,5,7
050,20,039,"Kansas","Decatur County",3,21,22,15,7
050,20,039,"Kansas","Decatur County",3,22,21,9,12
050,20,039,"Kansas","Decatur County",3,23,27,13,14
050,20,039,"Kansas","Decatur County",3,24,24,13,11
050,20,039,"Kansas","Decatur County",3,25,19,9,10
050,20,039,"Kansas","Decatur County",3,26,26,15,11
050,20,039,"Kansas","Decatur County",3,27,27,12,15
050,20,039,"Kansas","Decatur County",3,28,23,12,11
050,20,039,"Kansas","Decatur County",3,29,25,12,13
050,20,039,"Kansas","Decatur County",3,30,29,14,15
050,20,039,"Kansas","Decatur County",3,31,32,13,19
050,20,039,"Kansas","Decatur County",3,32,31,17,14
050,20,039,"Kansas","Decatur County",3,33,32,20,12
050,20,039,"Kansas","Decatur County",3,34,34,20,14
050,20,039,"Kansas","Decatur County",3,35,31,15,16
050,20,039,"Kansas","Decatur County",3,36,31,14,17
050,20,039,"Kansas","Decatur County",3,37,35,21,14
050,20,039,"Kansas","Decatur County",3,38,31,16,15
050,20,039,"Kansas","Decatur County",3,39,24,12,12
050,20,039,"Kansas","Decatur County",3,40,26,14,12
050,20,039,"Kansas","Decatur County",3,41,25,11,14
050,20,039,"Kansas","Decatur County",3,42,23,8,15
050,20,039,"Kansas","Decatur County",3,43,26,11,15
050,20,039,"Kansas","Decatur County",3,44,23,14,9
050,20,039,"Kansas","Decatur County",3,45,23,16,7
050,20,039,"Kansas","Decatur County",3,46,21,13,8
050,20,039,"Kansas","Decatur County",3,47,20,12,8
050,20,039,"Kansas","Decatur County",3,48,15,6,9
050,20,039,"Kansas","Decatur County",3,49,21,11,10
050,20,039,"Kansas","Decatur County",3,50,27,13,14
050,20,039,"Kansas","Decatur County",3,51,28,16,12
050,20,039,"Kansas","Decatur County",3,52,21,10,11
050,20,039,"Kansas","Decatur County",3,53,27,13,14
050,20,039,"Kansas","Decatur County",3,54,37,19,18
050,20,039,"Kansas","Decatur County",3,55,42,23,19
050,20,039,"Kansas","Decatur County",3,56,42,21,21
050,20,039,"Kansas","Decatur County",3,57,35,18,17
050,20,039,"Kansas","Decatur County",3,58,39,22,17
050,20,039,"Kansas","Decatur County",3,59,45,26,19
050,20,039,"Kansas","Decatur County",3,60,40,23,17
050,20,039,"Kansas","Decatur County",3,61,42,22,20
050,20,039,"Kansas","Decatur County",3,62,41,22,19
050,20,039,"Kansas","Decatur County",3,63,58,35,23
050,20,039,"Kansas","Decatur County",3,64,59,30,29
050,20,039,"Kansas","Decatur County",3,65,51,23,28
050,20,039,"Kansas","Decatur County",3,66,49,23,26
050,20,039,"Kansas","Decatur County",3,67,53,28,25
050,20,039,"Kansas","Decatur County",3,68,55,32,23
050,20,039,"Kansas","Decatur County",3,69,38,20,18
050,20,039,"Kansas","Decatur County",3,70,38,16,22
050,20,039,"Kansas","Decatur County",3,71,39,19,20
050,20,039,"Kansas","Decatur County",3,72,40,23,17
050,20,039,"Kansas","Decatur County",3,73,36,15,21
050,20,039,"Kansas","Decatur County",3,74,39,17,22
050,20,039,"Kansas","Decatur County",3,75,25,13,12
050,20,039,"Kansas","Decatur County",3,76,22,10,12
050,20,039,"Kansas","Decatur County",3,77,22,10,12
050,20,039,"Kansas","Decatur County",3,78,30,18,12
050,20,039,"Kansas","Decatur County",3,79,23,11,12
050,20,039,"Kansas","Decatur County",3,80,22,8,14
050,20,039,"Kansas","Decatur County",3,81,19,10,9
050,20,039,"Kansas","Decatur County",3,82,14,8,6
050,20,039,"Kansas","Decatur County",3,83,13,7,6
050,20,039,"Kansas","Decatur County",3,84,20,10,10
050,20,039,"Kansas","Decatur County",3,85,144,39,105
050,20,039,"Kansas","Decatur County",4,0,30,19,11
050,20,039,"Kansas","Decatur County",4,1,25,14,11
050,20,039,"Kansas","Decatur County",4,2,32,12,20
050,20,039,"Kansas","Decatur County",4,3,32,17,15
050,20,039,"Kansas","Decatur County",4,4,29,16,13
050,20,039,"Kansas","Decatur County",4,5,36,16,20
050,20,039,"Kansas","Decatur County",4,6,34,18,16
050,20,039,"Kansas","Decatur County",4,7,35,15,20
050,20,039,"Kansas","Decatur County",4,8,29,15,14
050,20,039,"Kansas","Decatur County",4,9,41,22,19
050,20,039,"Kansas","Decatur County",4,10,31,14,17
050,20,039,"Kansas","Decatur County",4,11,31,18,13
050,20,039,"Kansas","Decatur County",4,12,32,15,17
050,20,039,"Kansas","Decatur County",4,13,30,20,10
050,20,039,"Kansas","Decatur County",4,14,24,18,6
050,20,039,"Kansas","Decatur County",4,15,31,17,14
050,20,039,"Kansas","Decatur County",4,16,30,14,16
050,20,039,"Kansas","Decatur County",4,17,26,14,12
050,20,039,"Kansas","Decatur County",4,18,22,12,10
050,20,039,"Kansas","Decatur County",4,19,20,10,10
050,20,039,"Kansas","Decatur County",4,20,14,8,6
050,20,039,"Kansas","Decatur County",4,21,16,8,8
050,20,039,"Kansas","Decatur County",4,22,22,13,9
050,20,039,"Kansas","Decatur County",4,23,25,12,13
050,20,039,"Kansas","Decatur County",4,24,22,11,11
050,20,039,"Kansas","Decatur County",4,25,29,15,14
050,20,039,"Kansas","Decatur County",4,26,21,11,10
050,20,039,"Kansas","Decatur County",4,27,32,20,12
050,20,039,"Kansas","Decatur County",4,28,27,15,12
050,20,039,"Kansas","Decatur County",4,29,25,13,12
050,20,039,"Kansas","Decatur County",4,30,22,13,9
050,20,039,"Kansas","Decatur County",4,31,30,17,13
050,20,039,"Kansas","Decatur County",4,32,32,11,21
050,20,039,"Kansas","Decatur County",4,33,29,16,13
050,20,039,"Kansas","Decatur County",4,34,28,17,11
050,20,039,"Kansas","Decatur County",4,35,32,18,14
050,20,039,"Kansas","Decatur County",4,36,25,11,14
050,20,039,"Kansas","Decatur County",4,37,29,13,16
050,20,039,"Kansas","Decatur County",4,38,35,19,16
050,20,039,"Kansas","Decatur County",4,39,30,17,13
050,20,039,"Kansas","Decatur County",4,40,27,15,12
050,20,039,"Kansas","Decatur County",4,41,27,15,12
050,20,039,"Kansas","Decatur County",4,42,25,11,14
050,20,039,"Kansas","Decatur County",4,43,24,9,15
050,20,039,"Kansas","Decatur County",4,44,29,14,15
050,20,039,"Kansas","Decatur County",4,45,22,13,9
050,20,039,"Kansas","Decatur County",4,46,23,15,8
050,20,039,"Kansas","Decatur County",4,47,20,13,7
050,20,039,"Kansas","Decatur County",4,48,20,12,8
050,20,039,"Kansas","Decatur County",4,49,16,6,10
050,20,039,"Kansas","Decatur County",4,50,21,10,11
050,20,039,"Kansas","Decatur County",4,51,27,13,14
050,20,039,"Kansas","Decatur County",4,52,30,18,12
050,20,039,"Kansas","Decatur County",4,53,21,10,11
050,20,039,"Kansas","Decatur County",4,54,30,16,14
050,20,039,"Kansas","Decatur County",4,55,34,18,16
050,20,039,"Kansas","Decatur County",4,56,41,24,17
050,20,039,"Kansas","Decatur County",4,57,45,21,24
050,20,039,"Kansas","Decatur County",4,58,35,18,17
050,20,039,"Kansas","Decatur County",4,59,38,22,16
050,20,039,"Kansas","Decatur County",4,60,42,24,18
050,20,039,"Kansas","Decatur County",4,61,39,23,16
050,20,039,"Kansas","Decatur County",4,62,40,20,20
050,20,039,"Kansas","Decatur County",4,63,41,22,19
050,20,039,"Kansas","Decatur County",4,64,58,35,23
050,20,039,"Kansas","Decatur County",4,65,59,31,28
050,20,039,"Kansas","Decatur County",4,66,49,23,26
050,20,039,"Kansas","Decatur County",4,67,46,22,24
050,20,039,"Kansas","Decatur County",4,68,52,29,23
050,20,039,"Kansas","Decatur County",4,69,51,28,23
050,20,039,"Kansas","Decatur County",4,70,36,17,19
050,20,039,"Kansas","Decatur County",4,71,36,15,21
050,20,039,"Kansas","Decatur County",4,72,40,21,19
050,20,039,"Kansas","Decatur County",4,73,39,22,17
050,20,039,"Kansas","Decatur County",4,74,34,14,20
050,20,039,"Kansas","Decatur County",4,75,40,18,22
050,20,039,"Kansas","Decatur County",4,76,21,10,11
050,20,039,"Kansas","Decatur County",4,77,20,8,12
050,20,039,"Kansas","Decatur County",4,78,19,9,10
050,20,039,"Kansas","Decatur County",4,79,26,16,10
050,20,039,"Kansas","Decatur County",4,80,21,9,12
050,20,039,"Kansas","Decatur County",4,81,18,6,12
050,20,039,"Kansas","Decatur County",4,82,17,8,9
050,20,039,"Kansas","Decatur County",4,83,13,7,6
050,20,039,"Kansas","Decatur County",4,84,11,6,5
050,20,039,"Kansas","Decatur County",4,85,141,43,98
050,20,039,"Kansas","Decatur County",5,0,27,20,7
050,20,039,"Kansas","Decatur County",5,1,33,21,12
050,20,039,"Kansas","Decatur County",5,2,28,15,13
050,20,039,"Kansas","Decatur County",5,3,33,12,21
050,20,039,"Kansas","Decatur County",5,4,33,18,15
050,20,039,"Kansas","Decatur County",5,5,28,15,13
050,20,039,"Kansas","Decatur County",5,6,39,20,19
050,20,039,"Kansas","Decatur County",5,7,39,19,20
050,20,039,"Kansas","Decatur County",5,8,37,18,19
050,20,039,"Kansas","Decatur County",5,9,27,13,14
050,20,039,"Kansas","Decatur County",5,10,45,26,19
050,20,039,"Kansas","Decatur County",5,11,28,12,16
050,20,039,"Kansas","Decatur County",5,12,34,18,16
050,20,039,"Kansas","Decatur County",5,13,33,16,17
050,20,039,"Kansas","Decatur County",5,14,29,18,11
050,20,039,"Kansas","Decatur County",5,15,25,18,7
050,20,039,"Kansas","Decatur County",5,16,36,21,15
050,20,039,"Kansas","Decatur County",5,17,31,15,16
050,20,039,"Kansas","Decatur County",5,18,22,12,10
050,20,039,"Kansas","Decatur County",5,19,16,8,8
050,20,039,"Kansas","Decatur County",5,20,24,11,13
050,20,039,"Kansas","Decatur County",5,21,17,8,9
050,20,039,"Kansas","Decatur County",5,22,18,8,10
050,20,039,"Kansas","Decatur County",5,23,21,11,10
050,20,039,"Kansas","Decatur County",5,24,25,11,14
050,20,039,"Kansas","Decatur County",5,25,19,9,10
050,20,039,"Kansas","Decatur County",5,26,28,13,15
050,20,039,"Kansas","Decatur County",5,27,26,15,11
050,20,039,"Kansas","Decatur County",5,28,36,22,14
050,20,039,"Kansas","Decatur County",5,29,23,12,11
050,20,039,"Kansas","Decatur County",5,30,23,12,11
050,20,039,"Kansas","Decatur County",5,31,27,15,12
050,20,039,"Kansas","Decatur County",5,32,28,15,13
050,20,039,"Kansas","Decatur County",5,33,37,13,24
050,20,039,"Kansas","Decatur County",5,34,29,16,13
050,20,039,"Kansas","Decatur County",5,35,29,17,12
050,20,039,"Kansas","Decatur County",5,36,32,20,12
050,20,039,"Kansas","Decatur County",5,37,26,10,16
050,20,039,"Kansas","Decatur County",5,38,32,17,15
050,20,039,"Kansas","Decatur County",5,39,32,18,14
050,20,039,"Kansas","Decatur County",5,40,30,16,14
050,20,039,"Kansas","Decatur County",5,41,27,16,11
050,20,039,"Kansas","Decatur County",5,42,29,16,13
050,20,039,"Kansas","Decatur County",5,43,24,9,15
050,20,039,"Kansas","Decatur County",5,44,24,9,15
050,20,039,"Kansas","Decatur County",5,45,27,11,16
050,20,039,"Kansas","Decatur County",5,46,22,13,9
050,20,039,"Kansas","Decatur County",5,47,22,15,7
050,20,039,"Kansas","Decatur County",5,48,21,14,7
050,20,039,"Kansas","Decatur County",5,49,21,13,8
050,20,039,"Kansas","Decatur County",5,50,16,6,10
050,20,039,"Kansas","Decatur County",5,51,22,10,12
050,20,039,"Kansas","Decatur County",5,52,28,13,15
050,20,039,"Kansas","Decatur County",5,53,28,18,10
050,20,039,"Kansas","Decatur County",5,54,21,10,11
050,20,039,"Kansas","Decatur County",5,55,28,16,12
050,20,039,"Kansas","Decatur County",5,56,31,18,13
050,20,039,"Kansas","Decatur County",5,57,41,24,17
050,20,039,"Kansas","Decatur County",5,58,46,21,25
050,20,039,"Kansas","Decatur County",5,59,33,18,15
050,20,039,"Kansas","Decatur County",5,60,40,21,19
050,20,039,"Kansas","Decatur County",5,61,43,25,18
050,20,039,"Kansas","Decatur County",5,62,42,22,20
050,20,039,"Kansas","Decatur County",5,63,43,20,23
050,20,039,"Kansas","Decatur County",5,64,42,22,20
050,20,039,"Kansas","Decatur County",5,65,56,34,22
050,20,039,"Kansas","Decatur County",5,66,62,33,29
050,20,039,"Kansas","Decatur County",5,67,46,20,26
050,20,039,"Kansas","Decatur County",5,68,49,25,24
050,20,039,"Kansas","Decatur County",5,69,51,29,22
050,20,039,"Kansas","Decatur County",5,70,50,27,23
050,20,039,"Kansas","Decatur County",5,71,31,15,16
050,20,039,"Kansas","Decatur County",5,72,36,15,21
050,20,039,"Kansas","Decatur County",5,73,38,19,19
050,20,039,"Kansas","Decatur County",5,74,36,20,16
050,20,039,"Kansas","Decatur County",5,75,35,15,20
050,20,039,"Kansas","Decatur County",5,76,36,15,21
050,20,039,"Kansas","Decatur County",5,77,19,8,11
050,20,039,"Kansas","Decatur County",5,78,20,9,11
050,20,039,"Kansas","Decatur County",5,79,16,7,9
050,20,039,"Kansas","Decatur County",5,80,25,16,9
050,20,039,"Kansas","Decatur County",5,81,20,9,11
050,20,039,"Kansas","Decatur County",5,82,17,5,12
050,20,039,"Kansas","Decatur County",5,83,14,6,8
050,20,039,"Kansas","Decatur County",5,84,12,6,6
050,20,039,"Kansas","Decatur County",5,85,137,44,93
050,20,041,"Kansas","Dickinson County",1,0,178,92,86
050,20,041,"Kansas","Dickinson County",1,1,162,82,80
050,20,041,"Kansas","Dickinson County",1,2,185,93,92
050,20,041,"Kansas","Dickinson County",1,3,197,108,89
050,20,041,"Kansas","Dickinson County",1,4,227,122,105
050,20,041,"Kansas","Dickinson County",1,5,237,115,122
050,20,041,"Kansas","Dickinson County",1,6,214,116,98
050,20,041,"Kansas","Dickinson County",1,7,225,114,111
050,20,041,"Kansas","Dickinson County",1,8,245,126,119
050,20,041,"Kansas","Dickinson County",1,9,248,122,126
050,20,041,"Kansas","Dickinson County",1,10,273,149,124
050,20,041,"Kansas","Dickinson County",1,11,266,134,132
050,20,041,"Kansas","Dickinson County",1,12,262,129,133
050,20,041,"Kansas","Dickinson County",1,13,264,138,126
050,20,041,"Kansas","Dickinson County",1,14,280,145,135
050,20,041,"Kansas","Dickinson County",1,15,259,130,129
050,20,041,"Kansas","Dickinson County",1,16,266,136,130
050,20,041,"Kansas","Dickinson County",1,17,265,127,138
050,20,041,"Kansas","Dickinson County",1,18,229,127,102
050,20,041,"Kansas","Dickinson County",1,19,174,93,81
050,20,041,"Kansas","Dickinson County",1,20,177,91,86
050,20,041,"Kansas","Dickinson County",1,21,168,87,81
050,20,041,"Kansas","Dickinson County",1,22,159,85,74
050,20,041,"Kansas","Dickinson County",1,23,172,93,79
050,20,041,"Kansas","Dickinson County",1,24,184,102,82
050,20,041,"Kansas","Dickinson County",1,25,180,93,87
050,20,041,"Kansas","Dickinson County",1,26,166,88,78
050,20,041,"Kansas","Dickinson County",1,27,180,94,86
050,20,041,"Kansas","Dickinson County",1,28,196,105,91
050,20,041,"Kansas","Dickinson County",1,29,215,106,109
050,20,041,"Kansas","Dickinson County",1,30,190,87,103
050,20,041,"Kansas","Dickinson County",1,31,223,114,109
050,20,041,"Kansas","Dickinson County",1,32,229,113,116
050,20,041,"Kansas","Dickinson County",1,33,242,126,116
050,20,041,"Kansas","Dickinson County",1,34,226,116,110
050,20,041,"Kansas","Dickinson County",1,35,222,112,110
050,20,041,"Kansas","Dickinson County",1,36,230,121,109
050,20,041,"Kansas","Dickinson County",1,37,215,108,107
050,20,041,"Kansas","Dickinson County",1,38,215,112,103
050,20,041,"Kansas","Dickinson County",1,39,237,125,112
050,20,041,"Kansas","Dickinson County",1,40,235,126,109
050,20,041,"Kansas","Dickinson County",1,41,236,111,125
050,20,041,"Kansas","Dickinson County",1,42,217,111,106
050,20,041,"Kansas","Dickinson County",1,43,202,103,99
050,20,041,"Kansas","Dickinson County",1,44,194,102,92
050,20,041,"Kansas","Dickinson County",1,45,195,106,89
050,20,041,"Kansas","Dickinson County",1,46,203,115,88
050,20,041,"Kansas","Dickinson County",1,47,206,106,100
050,20,041,"Kansas","Dickinson County",1,48,201,102,99
050,20,041,"Kansas","Dickinson County",1,49,226,114,112
050,20,041,"Kansas","Dickinson County",1,50,232,116,116
050,20,041,"Kansas","Dickinson County",1,51,221,124,97
050,20,041,"Kansas","Dickinson County",1,52,231,125,106
050,20,041,"Kansas","Dickinson County",1,53,226,112,114
050,20,041,"Kansas","Dickinson County",1,54,221,106,115
050,20,041,"Kansas","Dickinson County",1,55,249,124,125
050,20,041,"Kansas","Dickinson County",1,56,262,133,129
050,20,041,"Kansas","Dickinson County",1,57,277,137,140
050,20,041,"Kansas","Dickinson County",1,58,298,151,147
050,20,041,"Kansas","Dickinson County",1,59,293,142,151
050,20,041,"Kansas","Dickinson County",1,60,282,141,141
050,20,041,"Kansas","Dickinson County",1,61,295,157,138
050,20,041,"Kansas","Dickinson County",1,62,279,140,139
050,20,041,"Kansas","Dickinson County",1,63,268,147,121
050,20,041,"Kansas","Dickinson County",1,64,270,130,140
050,20,041,"Kansas","Dickinson County",1,65,255,127,128
050,20,041,"Kansas","Dickinson County",1,66,232,124,108
050,20,041,"Kansas","Dickinson County",1,67,232,118,114
050,20,041,"Kansas","Dickinson County",1,68,230,119,111
050,20,041,"Kansas","Dickinson County",1,69,200,105,95
050,20,041,"Kansas","Dickinson County",1,70,188,103,85
050,20,041,"Kansas","Dickinson County",1,71,200,95,105
050,20,041,"Kansas","Dickinson County",1,72,178,92,86
050,20,041,"Kansas","Dickinson County",1,73,176,80,96
050,20,041,"Kansas","Dickinson County",1,74,127,53,74
050,20,041,"Kansas","Dickinson County",1,75,139,62,77
050,20,041,"Kansas","Dickinson County",1,76,131,72,59
050,20,041,"Kansas","Dickinson County",1,77,130,63,67
050,20,041,"Kansas","Dickinson County",1,78,120,54,66
050,20,041,"Kansas","Dickinson County",1,79,117,54,63
050,20,041,"Kansas","Dickinson County",1,80,107,44,63
050,20,041,"Kansas","Dickinson County",1,81,112,44,68
050,20,041,"Kansas","Dickinson County",1,82,104,45,59
050,20,041,"Kansas","Dickinson County",1,83,78,33,45
050,20,041,"Kansas","Dickinson County",1,84,86,32,54
050,20,041,"Kansas","Dickinson County",1,85,558,197,361
050,20,041,"Kansas","Dickinson County",2,0,170,88,82
050,20,041,"Kansas","Dickinson County",2,1,164,83,81
050,20,041,"Kansas","Dickinson County",2,2,180,92,88
050,20,041,"Kansas","Dickinson County",2,3,193,103,90
050,20,041,"Kansas","Dickinson County",2,4,222,119,103
050,20,041,"Kansas","Dickinson County",2,5,234,116,118
050,20,041,"Kansas","Dickinson County",2,6,223,117,106
050,20,041,"Kansas","Dickinson County",2,7,223,115,108
050,20,041,"Kansas","Dickinson County",2,8,237,120,117
050,20,041,"Kansas","Dickinson County",2,9,248,125,123
050,20,041,"Kansas","Dickinson County",2,10,268,143,125
050,20,041,"Kansas","Dickinson County",2,11,262,136,126
050,20,041,"Kansas","Dickinson County",2,12,264,131,133
050,20,041,"Kansas","Dickinson County",2,13,266,138,128
050,20,041,"Kansas","Dickinson County",2,14,275,143,132
050,20,041,"Kansas","Dickinson County",2,15,262,132,130
050,20,041,"Kansas","Dickinson County",2,16,264,133,131
050,20,041,"Kansas","Dickinson County",2,17,265,129,136
050,20,041,"Kansas","Dickinson County",2,18,224,120,104
050,20,041,"Kansas","Dickinson County",2,19,179,97,82
050,20,041,"Kansas","Dickinson County",2,20,180,93,87
050,20,041,"Kansas","Dickinson County",2,21,171,88,83
050,20,041,"Kansas","Dickinson County",2,22,161,86,75
050,20,041,"Kansas","Dickinson County",2,23,169,91,78
050,20,041,"Kansas","Dickinson County",2,24,179,97,82
050,20,041,"Kansas","Dickinson County",2,25,178,94,84
050,20,041,"Kansas","Dickinson County",2,26,169,90,79
050,20,041,"Kansas","Dickinson County",2,27,177,95,82
050,20,041,"Kansas","Dickinson County",2,28,195,103,92
050,20,041,"Kansas","Dickinson County",2,29,210,105,105
050,20,041,"Kansas","Dickinson County",2,30,200,94,106
050,20,041,"Kansas","Dickinson County",2,31,219,110,109
050,20,041,"Kansas","Dickinson County",2,32,229,114,115
050,20,041,"Kansas","Dickinson County",2,33,238,122,116
050,20,041,"Kansas","Dickinson County",2,34,229,117,112
050,20,041,"Kansas","Dickinson County",2,35,226,114,112
050,20,041,"Kansas","Dickinson County",2,36,225,117,108
050,20,041,"Kansas","Dickinson County",2,37,218,112,106
050,20,041,"Kansas","Dickinson County",2,38,217,112,105
050,20,041,"Kansas","Dickinson County",2,39,229,120,109
050,20,041,"Kansas","Dickinson County",2,40,238,126,112
050,20,041,"Kansas","Dickinson County",2,41,232,113,119
050,20,041,"Kansas","Dickinson County",2,42,222,109,113
050,20,041,"Kansas","Dickinson County",2,43,207,105,102
050,20,041,"Kansas","Dickinson County",2,44,194,102,92
050,20,041,"Kansas","Dickinson County",2,45,198,108,90
050,20,041,"Kansas","Dickinson County",2,46,201,111,90
050,20,041,"Kansas","Dickinson County",2,47,200,105,95
050,20,041,"Kansas","Dickinson County",2,48,201,103,98
050,20,041,"Kansas","Dickinson County",2,49,221,112,109
050,20,041,"Kansas","Dickinson County",2,50,234,119,115
050,20,041,"Kansas","Dickinson County",2,51,225,123,102
050,20,041,"Kansas","Dickinson County",2,52,229,124,105
050,20,041,"Kansas","Dickinson County",2,53,227,115,112
050,20,041,"Kansas","Dickinson County",2,54,220,107,113
050,20,041,"Kansas","Dickinson County",2,55,242,120,122
050,20,041,"Kansas","Dickinson County",2,56,260,133,127
050,20,041,"Kansas","Dickinson County",2,57,274,137,137
050,20,041,"Kansas","Dickinson County",2,58,293,147,146
050,20,041,"Kansas","Dickinson County",2,59,297,145,152
050,20,041,"Kansas","Dickinson County",2,60,284,140,144
050,20,041,"Kansas","Dickinson County",2,61,291,153,138
050,20,041,"Kansas","Dickinson County",2,62,280,142,138
050,20,041,"Kansas","Dickinson County",2,63,273,147,126
050,20,041,"Kansas","Dickinson County",2,64,266,132,134
050,20,041,"Kansas","Dickinson County",2,65,256,128,128
050,20,041,"Kansas","Dickinson County",2,66,239,124,115
050,20,041,"Kansas","Dickinson County",2,67,230,118,112
050,20,041,"Kansas","Dickinson County",2,68,228,117,111
050,20,041,"Kansas","Dickinson County",2,69,208,108,100
050,20,041,"Kansas","Dickinson County",2,70,190,102,88
050,20,041,"Kansas","Dickinson County",2,71,195,95,100
050,20,041,"Kansas","Dickinson County",2,72,181,92,89
050,20,041,"Kansas","Dickinson County",2,73,185,87,98
050,20,041,"Kansas","Dickinson County",2,74,133,57,76
050,20,041,"Kansas","Dickinson County",2,75,136,60,76
050,20,041,"Kansas","Dickinson County",2,76,131,69,62
050,20,041,"Kansas","Dickinson County",2,77,133,66,67
050,20,041,"Kansas","Dickinson County",2,78,119,54,65
050,20,041,"Kansas","Dickinson County",2,79,115,52,63
050,20,041,"Kansas","Dickinson County",2,80,107,45,62
050,20,041,"Kansas","Dickinson County",2,81,112,45,67
050,20,041,"Kansas","Dickinson County",2,82,102,43,59
050,20,041,"Kansas","Dickinson County",2,83,81,36,45
050,20,041,"Kansas","Dickinson County",2,84,84,32,52
050,20,041,"Kansas","Dickinson County",2,85,557,194,363
050,20,041,"Kansas","Dickinson County",3,0,190,107,83
050,20,041,"Kansas","Dickinson County",3,1,183,89,94
050,20,041,"Kansas","Dickinson County",3,2,189,88,101
050,20,041,"Kansas","Dickinson County",3,3,187,99,88
050,20,041,"Kansas","Dickinson County",3,4,206,105,101
050,20,041,"Kansas","Dickinson County",3,5,241,128,113
050,20,041,"Kansas","Dickinson County",3,6,230,116,114
050,20,041,"Kansas","Dickinson County",3,7,232,118,114
050,20,041,"Kansas","Dickinson County",3,8,241,128,113
050,20,041,"Kansas","Dickinson County",3,9,255,128,127
050,20,041,"Kansas","Dickinson County",3,10,246,127,119
050,20,041,"Kansas","Dickinson County",3,11,260,135,125
050,20,041,"Kansas","Dickinson County",3,12,269,140,129
050,20,041,"Kansas","Dickinson County",3,13,266,133,133
050,20,041,"Kansas","Dickinson County",3,14,272,137,135
050,20,041,"Kansas","Dickinson County",3,15,268,144,124
050,20,041,"Kansas","Dickinson County",3,16,249,124,125
050,20,041,"Kansas","Dickinson County",3,17,266,134,132
050,20,041,"Kansas","Dickinson County",3,18,226,126,100
050,20,041,"Kansas","Dickinson County",3,19,171,88,83
050,20,041,"Kansas","Dickinson County",3,20,173,96,77
050,20,041,"Kansas","Dickinson County",3,21,182,95,87
050,20,041,"Kansas","Dickinson County",3,22,182,95,87
050,20,041,"Kansas","Dickinson County",3,23,177,93,84
050,20,041,"Kansas","Dickinson County",3,24,172,90,82
050,20,041,"Kansas","Dickinson County",3,25,179,94,85
050,20,041,"Kansas","Dickinson County",3,26,202,102,100
050,20,041,"Kansas","Dickinson County",3,27,184,95,89
050,20,041,"Kansas","Dickinson County",3,28,182,90,92
050,20,041,"Kansas","Dickinson County",3,29,200,103,97
050,20,041,"Kansas","Dickinson County",3,30,218,112,106
050,20,041,"Kansas","Dickinson County",3,31,207,99,108
050,20,041,"Kansas","Dickinson County",3,32,213,110,103
050,20,041,"Kansas","Dickinson County",3,33,224,115,109
050,20,041,"Kansas","Dickinson County",3,34,245,117,128
050,20,041,"Kansas","Dickinson County",3,35,235,127,108
050,20,041,"Kansas","Dickinson County",3,36,219,113,106
050,20,041,"Kansas","Dickinson County",3,37,229,117,112
050,20,041,"Kansas","Dickinson County",3,38,227,120,107
050,20,041,"Kansas","Dickinson County",3,39,219,113,106
050,20,041,"Kansas","Dickinson County",3,40,229,114,115
050,20,041,"Kansas","Dickinson County",3,41,240,128,112
050,20,041,"Kansas","Dickinson County",3,42,229,111,118
050,20,041,"Kansas","Dickinson County",3,43,217,107,110
050,20,041,"Kansas","Dickinson County",3,44,206,98,108
050,20,041,"Kansas","Dickinson County",3,45,199,108,91
050,20,041,"Kansas","Dickinson County",3,46,199,104,95
050,20,041,"Kansas","Dickinson County",3,47,208,117,91
050,20,041,"Kansas","Dickinson County",3,48,192,101,91
050,20,041,"Kansas","Dickinson County",3,49,193,96,97
050,20,041,"Kansas","Dickinson County",3,50,215,115,100
050,20,041,"Kansas","Dickinson County",3,51,238,119,119
050,20,041,"Kansas","Dickinson County",3,52,216,116,100
050,20,041,"Kansas","Dickinson County",3,53,235,125,110
050,20,041,"Kansas","Dickinson County",3,54,232,118,114
050,20,041,"Kansas","Dickinson County",3,55,224,113,111
050,20,041,"Kansas","Dickinson County",3,56,235,114,121
050,20,041,"Kansas","Dickinson County",3,57,262,131,131
050,20,041,"Kansas","Dickinson County",3,58,282,142,140
050,20,041,"Kansas","Dickinson County",3,59,293,151,142
050,20,041,"Kansas","Dickinson County",3,60,289,140,149
050,20,041,"Kansas","Dickinson County",3,61,282,136,146
050,20,041,"Kansas","Dickinson County",3,62,302,158,144
050,20,041,"Kansas","Dickinson County",3,63,287,147,140
050,20,041,"Kansas","Dickinson County",3,64,275,139,136
050,20,041,"Kansas","Dickinson County",3,65,262,130,132
050,20,041,"Kansas","Dickinson County",3,66,242,123,119
050,20,041,"Kansas","Dickinson County",3,67,231,118,113
050,20,041,"Kansas","Dickinson County",3,68,233,119,114
050,20,041,"Kansas","Dickinson County",3,69,228,120,108
050,20,041,"Kansas","Dickinson County",3,70,210,108,102
050,20,041,"Kansas","Dickinson County",3,71,188,103,85
050,20,041,"Kansas","Dickinson County",3,72,178,86,92
050,20,041,"Kansas","Dickinson County",3,73,183,91,92
050,20,041,"Kansas","Dickinson County",3,74,186,85,101
050,20,041,"Kansas","Dickinson County",3,75,123,52,71
050,20,041,"Kansas","Dickinson County",3,76,129,59,70
050,20,041,"Kansas","Dickinson County",3,77,123,61,62
050,20,041,"Kansas","Dickinson County",3,78,128,65,63
050,20,041,"Kansas","Dickinson County",3,79,104,47,57
050,20,041,"Kansas","Dickinson County",3,80,109,47,62
050,20,041,"Kansas","Dickinson County",3,81,101,41,60
050,20,041,"Kansas","Dickinson County",3,82,99,32,67
050,20,041,"Kansas","Dickinson County",3,83,88,40,48
050,20,041,"Kansas","Dickinson County",3,84,74,32,42
050,20,041,"Kansas","Dickinson County",3,85,551,193,358
050,20,041,"Kansas","Dickinson County",4,0,179,92,87
050,20,041,"Kansas","Dickinson County",4,1,218,117,101
050,20,041,"Kansas","Dickinson County",4,2,197,94,103
050,20,041,"Kansas","Dickinson County",4,3,195,93,102
050,20,041,"Kansas","Dickinson County",4,4,181,92,89
050,20,041,"Kansas","Dickinson County",4,5,199,99,100
050,20,041,"Kansas","Dickinson County",4,6,241,129,112
050,20,041,"Kansas","Dickinson County",4,7,235,126,109
050,20,041,"Kansas","Dickinson County",4,8,243,122,121
050,20,041,"Kansas","Dickinson County",4,9,244,128,116
050,20,041,"Kansas","Dickinson County",4,10,251,126,125
050,20,041,"Kansas","Dickinson County",4,11,248,125,123
050,20,041,"Kansas","Dickinson County",4,12,266,143,123
050,20,041,"Kansas","Dickinson County",4,13,279,152,127
050,20,041,"Kansas","Dickinson County",4,14,267,134,133
050,20,041,"Kansas","Dickinson County",4,15,263,133,130
050,20,041,"Kansas","Dickinson County",4,16,266,142,124
050,20,041,"Kansas","Dickinson County",4,17,237,123,114
050,20,041,"Kansas","Dickinson County",4,18,218,118,100
050,20,041,"Kansas","Dickinson County",4,19,164,87,77
050,20,041,"Kansas","Dickinson County",4,20,178,93,85
050,20,041,"Kansas","Dickinson County",4,21,170,94,76
050,20,041,"Kansas","Dickinson County",4,22,184,99,85
050,20,041,"Kansas","Dickinson County",4,23,183,87,96
050,20,041,"Kansas","Dickinson County",4,24,178,93,85
050,20,041,"Kansas","Dickinson County",4,25,167,91,76
050,20,041,"Kansas","Dickinson County",4,26,175,95,80
050,20,041,"Kansas","Dickinson County",4,27,197,104,93
050,20,041,"Kansas","Dickinson County",4,28,183,85,98
050,20,041,"Kansas","Dickinson County",4,29,191,94,97
050,20,041,"Kansas","Dickinson County",4,30,199,103,96
050,20,041,"Kansas","Dickinson County",4,31,223,118,105
050,20,041,"Kansas","Dickinson County",4,32,207,97,110
050,20,041,"Kansas","Dickinson County",4,33,208,105,103
050,20,041,"Kansas","Dickinson County",4,34,232,114,118
050,20,041,"Kansas","Dickinson County",4,35,250,124,126
050,20,041,"Kansas","Dickinson County",4,36,234,129,105
050,20,041,"Kansas","Dickinson County",4,37,237,121,116
050,20,041,"Kansas","Dickinson County",4,38,231,119,112
050,20,041,"Kansas","Dickinson County",4,39,218,113,105
050,20,041,"Kansas","Dickinson County",4,40,221,117,104
050,20,041,"Kansas","Dickinson County",4,41,227,118,109
050,20,041,"Kansas","Dickinson County",4,42,243,130,113
050,20,041,"Kansas","Dickinson County",4,43,232,111,121
050,20,041,"Kansas","Dickinson County",4,44,210,103,107
050,20,041,"Kansas","Dickinson County",4,45,203,98,105
050,20,041,"Kansas","Dickinson County",4,46,195,108,87
050,20,041,"Kansas","Dickinson County",4,47,191,98,93
050,20,041,"Kansas","Dickinson County",4,48,208,114,94
050,20,041,"Kansas","Dickinson County",4,49,189,98,91
050,20,041,"Kansas","Dickinson County",4,50,197,97,100
050,20,041,"Kansas","Dickinson County",4,51,213,117,96
050,20,041,"Kansas","Dickinson County",4,52,241,119,122
050,20,041,"Kansas","Dickinson County",4,53,218,118,100
050,20,041,"Kansas","Dickinson County",4,54,232,124,108
050,20,041,"Kansas","Dickinson County",4,55,229,116,113
050,20,041,"Kansas","Dickinson County",4,56,221,113,108
050,20,041,"Kansas","Dickinson County",4,57,233,113,120
050,20,041,"Kansas","Dickinson County",4,58,262,134,128
050,20,041,"Kansas","Dickinson County",4,59,275,134,141
050,20,041,"Kansas","Dickinson County",4,60,292,147,145
050,20,041,"Kansas","Dickinson County",4,61,290,143,147
050,20,041,"Kansas","Dickinson County",4,62,293,142,151
050,20,041,"Kansas","Dickinson County",4,63,297,153,144
050,20,041,"Kansas","Dickinson County",4,64,273,131,142
050,20,041,"Kansas","Dickinson County",4,65,281,142,139
050,20,041,"Kansas","Dickinson County",4,66,252,125,127
050,20,041,"Kansas","Dickinson County",4,67,236,116,120
050,20,041,"Kansas","Dickinson County",4,68,226,118,108
050,20,041,"Kansas","Dickinson County",4,69,230,117,113
050,20,041,"Kansas","Dickinson County",4,70,224,117,107
050,20,041,"Kansas","Dickinson County",4,71,205,104,101
050,20,041,"Kansas","Dickinson County",4,72,180,100,80
050,20,041,"Kansas","Dickinson County",4,73,179,84,95
050,20,041,"Kansas","Dickinson County",4,74,181,89,92
050,20,041,"Kansas","Dickinson County",4,75,173,79,94
050,20,041,"Kansas","Dickinson County",4,76,121,52,69
050,20,041,"Kansas","Dickinson County",4,77,117,49,68
050,20,041,"Kansas","Dickinson County",4,78,118,56,62
050,20,041,"Kansas","Dickinson County",4,79,117,56,61
050,20,041,"Kansas","Dickinson County",4,80,102,47,55
050,20,041,"Kansas","Dickinson County",4,81,106,46,60
050,20,041,"Kansas","Dickinson County",4,82,88,30,58
050,20,041,"Kansas","Dickinson County",4,83,86,29,57
050,20,041,"Kansas","Dickinson County",4,84,79,36,43
050,20,041,"Kansas","Dickinson County",4,85,533,198,335
050,20,041,"Kansas","Dickinson County",5,0,183,91,92
050,20,041,"Kansas","Dickinson County",5,1,199,104,95
050,20,041,"Kansas","Dickinson County",5,2,227,121,106
050,20,041,"Kansas","Dickinson County",5,3,215,109,106
050,20,041,"Kansas","Dickinson County",5,4,215,108,107
050,20,041,"Kansas","Dickinson County",5,5,197,110,87
050,20,041,"Kansas","Dickinson County",5,6,205,102,103
050,20,041,"Kansas","Dickinson County",5,7,248,130,118
050,20,041,"Kansas","Dickinson County",5,8,230,125,105
050,20,041,"Kansas","Dickinson County",5,9,243,124,119
050,20,041,"Kansas","Dickinson County",5,10,248,128,120
050,20,041,"Kansas","Dickinson County",5,11,252,126,126
050,20,041,"Kansas","Dickinson County",5,12,255,130,125
050,20,041,"Kansas","Dickinson County",5,13,258,144,114
050,20,041,"Kansas","Dickinson County",5,14,285,157,128
050,20,041,"Kansas","Dickinson County",5,15,270,138,132
050,20,041,"Kansas","Dickinson County",5,16,262,125,137
050,20,041,"Kansas","Dickinson County",5,17,258,137,121
050,20,041,"Kansas","Dickinson County",5,18,203,115,88
050,20,041,"Kansas","Dickinson County",5,19,164,88,76
050,20,041,"Kansas","Dickinson County",5,20,177,90,87
050,20,041,"Kansas","Dickinson County",5,21,183,95,88
050,20,041,"Kansas","Dickinson County",5,22,177,97,80
050,20,041,"Kansas","Dickinson County",5,23,176,95,81
050,20,041,"Kansas","Dickinson County",5,24,185,86,99
050,20,041,"Kansas","Dickinson County",5,25,180,90,90
050,20,041,"Kansas","Dickinson County",5,26,171,93,78
050,20,041,"Kansas","Dickinson County",5,27,191,100,91
050,20,041,"Kansas","Dickinson County",5,28,199,107,92
050,20,041,"Kansas","Dickinson County",5,29,188,91,97
050,20,041,"Kansas","Dickinson County",5,30,212,108,104
050,20,041,"Kansas","Dickinson County",5,31,201,97,104
050,20,041,"Kansas","Dickinson County",5,32,240,128,112
050,20,041,"Kansas","Dickinson County",5,33,206,100,106
050,20,041,"Kansas","Dickinson County",5,34,223,109,114
050,20,041,"Kansas","Dickinson County",5,35,236,115,121
050,20,041,"Kansas","Dickinson County",5,36,246,123,123
050,20,041,"Kansas","Dickinson County",5,37,242,138,104
050,20,041,"Kansas","Dickinson County",5,38,232,120,112
050,20,041,"Kansas","Dickinson County",5,39,242,124,118
050,20,041,"Kansas","Dickinson County",5,40,217,109,108
050,20,041,"Kansas","Dickinson County",5,41,225,122,103
050,20,041,"Kansas","Dickinson County",5,42,232,116,116
050,20,041,"Kansas","Dickinson County",5,43,235,130,105
050,20,041,"Kansas","Dickinson County",5,44,220,107,113
050,20,041,"Kansas","Dickinson County",5,45,220,109,111
050,20,041,"Kansas","Dickinson County",5,46,196,94,102
050,20,041,"Kansas","Dickinson County",5,47,186,102,84
050,20,041,"Kansas","Dickinson County",5,48,206,113,93
050,20,041,"Kansas","Dickinson County",5,49,203,107,96
050,20,041,"Kansas","Dickinson County",5,50,191,96,95
050,20,041,"Kansas","Dickinson County",5,51,199,97,102
050,20,041,"Kansas","Dickinson County",5,52,220,120,100
050,20,041,"Kansas","Dickinson County",5,53,246,122,124
050,20,041,"Kansas","Dickinson County",5,54,216,120,96
050,20,041,"Kansas","Dickinson County",5,55,234,126,108
050,20,041,"Kansas","Dickinson County",5,56,225,116,109
050,20,041,"Kansas","Dickinson County",5,57,218,108,110
050,20,041,"Kansas","Dickinson County",5,58,235,118,117
050,20,041,"Kansas","Dickinson County",5,59,260,132,128
050,20,041,"Kansas","Dickinson County",5,60,266,129,137
050,20,041,"Kansas","Dickinson County",5,61,291,146,145
050,20,041,"Kansas","Dickinson County",5,62,288,141,147
050,20,041,"Kansas","Dickinson County",5,63,295,145,150
050,20,041,"Kansas","Dickinson County",5,64,288,145,143
050,20,041,"Kansas","Dickinson County",5,65,271,131,140
050,20,041,"Kansas","Dickinson County",5,66,267,130,137
050,20,041,"Kansas","Dickinson County",5,67,243,118,125
050,20,041,"Kansas","Dickinson County",5,68,223,111,112
050,20,041,"Kansas","Dickinson County",5,69,232,123,109
050,20,041,"Kansas","Dickinson County",5,70,222,113,109
050,20,041,"Kansas","Dickinson County",5,71,225,113,112
050,20,041,"Kansas","Dickinson County",5,72,200,100,100
050,20,041,"Kansas","Dickinson County",5,73,186,101,85
050,20,041,"Kansas","Dickinson County",5,74,177,81,96
050,20,041,"Kansas","Dickinson County",5,75,173,89,84
050,20,041,"Kansas","Dickinson County",5,76,163,78,85
050,20,041,"Kansas","Dickinson County",5,77,106,39,67
050,20,041,"Kansas","Dickinson County",5,78,117,47,70
050,20,041,"Kansas","Dickinson County",5,79,108,47,61
050,20,041,"Kansas","Dickinson County",5,80,114,56,58
050,20,041,"Kansas","Dickinson County",5,81,101,45,56
050,20,041,"Kansas","Dickinson County",5,82,91,35,56
050,20,041,"Kansas","Dickinson County",5,83,77,28,49
050,20,041,"Kansas","Dickinson County",5,84,78,25,53
050,20,041,"Kansas","Dickinson County",5,85,535,211,324
050,20,043,"Kansas","Doniphan County",1,0,87,45,42
050,20,043,"Kansas","Doniphan County",1,1,77,41,36
050,20,043,"Kansas","Doniphan County",1,2,81,40,41
050,20,043,"Kansas","Doniphan County",1,3,82,43,39
050,20,043,"Kansas","Doniphan County",1,4,98,51,47
050,20,043,"Kansas","Doniphan County",1,5,90,46,44
050,20,043,"Kansas","Doniphan County",1,6,74,37,37
050,20,043,"Kansas","Doniphan County",1,7,81,43,38
050,20,043,"Kansas","Doniphan County",1,8,90,43,47
050,20,043,"Kansas","Doniphan County",1,9,99,53,46
050,20,043,"Kansas","Doniphan County",1,10,98,45,53
050,20,043,"Kansas","Doniphan County",1,11,98,49,49
050,20,043,"Kansas","Doniphan County",1,12,93,40,53
050,20,043,"Kansas","Doniphan County",1,13,89,38,51
050,20,043,"Kansas","Doniphan County",1,14,96,43,53
050,20,043,"Kansas","Doniphan County",1,15,96,46,50
050,20,043,"Kansas","Doniphan County",1,16,102,54,48
050,20,043,"Kansas","Doniphan County",1,17,91,47,44
050,20,043,"Kansas","Doniphan County",1,18,145,75,70
050,20,043,"Kansas","Doniphan County",1,19,209,122,87
050,20,043,"Kansas","Doniphan County",1,20,130,80,50
050,20,043,"Kansas","Doniphan County",1,21,86,51,35
050,20,043,"Kansas","Doniphan County",1,22,85,44,41
050,20,043,"Kansas","Doniphan County",1,23,75,40,35
050,20,043,"Kansas","Doniphan County",1,24,66,36,30
050,20,043,"Kansas","Doniphan County",1,25,75,33,42
050,20,043,"Kansas","Doniphan County",1,26,86,42,44
050,20,043,"Kansas","Doniphan County",1,27,81,47,34
050,20,043,"Kansas","Doniphan County",1,28,77,40,37
050,20,043,"Kansas","Doniphan County",1,29,76,39,37
050,20,043,"Kansas","Doniphan County",1,30,81,43,38
050,20,043,"Kansas","Doniphan County",1,31,85,41,44
050,20,043,"Kansas","Doniphan County",1,32,97,52,45
050,20,043,"Kansas","Doniphan County",1,33,80,45,35
050,20,043,"Kansas","Doniphan County",1,34,74,32,42
050,20,043,"Kansas","Doniphan County",1,35,82,41,41
050,20,043,"Kansas","Doniphan County",1,36,78,41,37
050,20,043,"Kansas","Doniphan County",1,37,91,47,44
050,20,043,"Kansas","Doniphan County",1,38,96,43,53
050,20,043,"Kansas","Doniphan County",1,39,90,38,52
050,20,043,"Kansas","Doniphan County",1,40,98,55,43
050,20,043,"Kansas","Doniphan County",1,41,86,46,40
050,20,043,"Kansas","Doniphan County",1,42,94,46,48
050,20,043,"Kansas","Doniphan County",1,43,66,31,35
050,20,043,"Kansas","Doniphan County",1,44,71,39,32
050,20,043,"Kansas","Doniphan County",1,45,93,50,43
050,20,043,"Kansas","Doniphan County",1,46,88,46,42
050,20,043,"Kansas","Doniphan County",1,47,96,61,35
050,20,043,"Kansas","Doniphan County",1,48,75,37,38
050,20,043,"Kansas","Doniphan County",1,49,95,44,51
050,20,043,"Kansas","Doniphan County",1,50,86,46,40
050,20,043,"Kansas","Doniphan County",1,51,83,33,50
050,20,043,"Kansas","Doniphan County",1,52,88,38,50
050,20,043,"Kansas","Doniphan County",1,53,97,44,53
050,20,043,"Kansas","Doniphan County",1,54,95,44,51
050,20,043,"Kansas","Doniphan County",1,55,94,50,44
050,20,043,"Kansas","Doniphan County",1,56,99,51,48
050,20,043,"Kansas","Doniphan County",1,57,97,49,48
050,20,043,"Kansas","Doniphan County",1,58,107,53,54
050,20,043,"Kansas","Doniphan County",1,59,101,55,46
050,20,043,"Kansas","Doniphan County",1,60,109,58,51
050,20,043,"Kansas","Doniphan County",1,61,126,70,56
050,20,043,"Kansas","Doniphan County",1,62,120,63,57
050,20,043,"Kansas","Doniphan County",1,63,112,66,46
050,20,043,"Kansas","Doniphan County",1,64,107,53,54
050,20,043,"Kansas","Doniphan County",1,65,93,47,46
050,20,043,"Kansas","Doniphan County",1,66,93,53,40
050,20,043,"Kansas","Doniphan County",1,67,103,60,43
050,20,043,"Kansas","Doniphan County",1,68,97,49,48
050,20,043,"Kansas","Doniphan County",1,69,89,44,45
050,20,043,"Kansas","Doniphan County",1,70,78,43,35
050,20,043,"Kansas","Doniphan County",1,71,86,44,42
050,20,043,"Kansas","Doniphan County",1,72,77,44,33
050,20,043,"Kansas","Doniphan County",1,73,72,39,33
050,20,043,"Kansas","Doniphan County",1,74,66,31,35
050,20,043,"Kansas","Doniphan County",1,75,61,30,31
050,20,043,"Kansas","Doniphan County",1,76,58,22,36
050,20,043,"Kansas","Doniphan County",1,77,59,26,33
050,20,043,"Kansas","Doniphan County",1,78,45,21,24
050,20,043,"Kansas","Doniphan County",1,79,37,14,23
050,20,043,"Kansas","Doniphan County",1,80,34,15,19
050,20,043,"Kansas","Doniphan County",1,81,35,18,17
050,20,043,"Kansas","Doniphan County",1,82,42,21,21
050,20,043,"Kansas","Doniphan County",1,83,24,10,14
050,20,043,"Kansas","Doniphan County",1,84,25,10,15
050,20,043,"Kansas","Doniphan County",1,85,185,64,121
050,20,043,"Kansas","Doniphan County",2,0,76,36,40
050,20,043,"Kansas","Doniphan County",2,1,78,41,37
050,20,043,"Kansas","Doniphan County",2,2,81,41,40
050,20,043,"Kansas","Doniphan County",2,3,79,41,38
050,20,043,"Kansas","Doniphan County",2,4,96,50,46
050,20,043,"Kansas","Doniphan County",2,5,90,46,44
050,20,043,"Kansas","Doniphan County",2,6,77,38,39
050,20,043,"Kansas","Doniphan County",2,7,80,42,38
050,20,043,"Kansas","Doniphan County",2,8,87,43,44
050,20,043,"Kansas","Doniphan County",2,9,97,50,47
050,20,043,"Kansas","Doniphan County",2,10,99,48,51
050,20,043,"Kansas","Doniphan County",2,11,99,49,50
050,20,043,"Kansas","Doniphan County",2,12,92,42,50
050,20,043,"Kansas","Doniphan County",2,13,90,39,51
050,20,043,"Kansas","Doniphan County",2,14,95,42,53
050,20,043,"Kansas","Doniphan County",2,15,97,46,51
050,20,043,"Kansas","Doniphan County",2,16,100,52,48
050,20,043,"Kansas","Doniphan County",2,17,93,48,45
050,20,043,"Kansas","Doniphan County",2,18,142,74,68
050,20,043,"Kansas","Doniphan County",2,19,212,122,90
050,20,043,"Kansas","Doniphan County",2,20,131,81,50
050,20,043,"Kansas","Doniphan County",2,21,81,47,34
050,20,043,"Kansas","Doniphan County",2,22,83,45,38
050,20,043,"Kansas","Doniphan County",2,23,75,39,36
050,20,043,"Kansas","Doniphan County",2,24,67,36,31
050,20,043,"Kansas","Doniphan County",2,25,73,34,39
050,20,043,"Kansas","Doniphan County",2,26,81,40,41
050,20,043,"Kansas","Doniphan County",2,27,81,45,36
050,20,043,"Kansas","Doniphan County",2,28,77,42,35
050,20,043,"Kansas","Doniphan County",2,29,75,38,37
050,20,043,"Kansas","Doniphan County",2,30,80,41,39
050,20,043,"Kansas","Doniphan County",2,31,84,41,43
050,20,043,"Kansas","Doniphan County",2,32,90,47,43
050,20,043,"Kansas","Doniphan County",2,33,82,46,36
050,20,043,"Kansas","Doniphan County",2,34,77,36,41
050,20,043,"Kansas","Doniphan County",2,35,81,40,41
050,20,043,"Kansas","Doniphan County",2,36,77,39,38
050,20,043,"Kansas","Doniphan County",2,37,88,45,43
050,20,043,"Kansas","Doniphan County",2,38,94,43,51
050,20,043,"Kansas","Doniphan County",2,39,90,38,52
050,20,043,"Kansas","Doniphan County",2,40,99,52,47
050,20,043,"Kansas","Doniphan County",2,41,88,48,40
050,20,043,"Kansas","Doniphan County",2,42,92,46,46
050,20,043,"Kansas","Doniphan County",2,43,74,35,39
050,20,043,"Kansas","Doniphan County",2,44,69,37,32
050,20,043,"Kansas","Doniphan County",2,45,89,48,41
050,20,043,"Kansas","Doniphan County",2,46,91,49,42
050,20,043,"Kansas","Doniphan County",2,47,93,56,37
050,20,043,"Kansas","Doniphan County",2,48,81,44,37
050,20,043,"Kansas","Doniphan County",2,49,90,42,48
050,20,043,"Kansas","Doniphan County",2,50,88,46,42
050,20,043,"Kansas","Doniphan County",2,51,83,35,48
050,20,043,"Kansas","Doniphan County",2,52,86,36,50
050,20,043,"Kansas","Doniphan County",2,53,96,43,53
050,20,043,"Kansas","Doniphan County",2,54,95,43,52
050,20,043,"Kansas","Doniphan County",2,55,95,49,46
050,20,043,"Kansas","Doniphan County",2,56,97,50,47
050,20,043,"Kansas","Doniphan County",2,57,98,50,48
050,20,043,"Kansas","Doniphan County",2,58,104,52,52
050,20,043,"Kansas","Doniphan County",2,59,101,53,48
050,20,043,"Kansas","Doniphan County",2,60,106,57,49
050,20,043,"Kansas","Doniphan County",2,61,123,68,55
050,20,043,"Kansas","Doniphan County",2,62,120,64,56
050,20,043,"Kansas","Doniphan County",2,63,115,66,49
050,20,043,"Kansas","Doniphan County",2,64,106,55,51
050,20,043,"Kansas","Doniphan County",2,65,96,49,47
050,20,043,"Kansas","Doniphan County",2,66,93,51,42
050,20,043,"Kansas","Doniphan County",2,67,101,59,42
050,20,043,"Kansas","Doniphan County",2,68,97,51,46
050,20,043,"Kansas","Doniphan County",2,69,92,46,46
050,20,043,"Kansas","Doniphan County",2,70,79,42,37
050,20,043,"Kansas","Doniphan County",2,71,83,43,40
050,20,043,"Kansas","Doniphan County",2,72,78,43,35
050,20,043,"Kansas","Doniphan County",2,73,76,41,35
050,20,043,"Kansas","Doniphan County",2,74,62,30,32
050,20,043,"Kansas","Doniphan County",2,75,62,30,32
050,20,043,"Kansas","Doniphan County",2,76,58,23,35
050,20,043,"Kansas","Doniphan County",2,77,60,25,35
050,20,043,"Kansas","Doniphan County",2,78,46,22,24
050,20,043,"Kansas","Doniphan County",2,79,39,16,23
050,20,043,"Kansas","Doniphan County",2,80,34,14,20
050,20,043,"Kansas","Doniphan County",2,81,36,18,18
050,20,043,"Kansas","Doniphan County",2,82,41,20,21
050,20,043,"Kansas","Doniphan County",2,83,27,13,14
050,20,043,"Kansas","Doniphan County",2,84,24,10,14
050,20,043,"Kansas","Doniphan County",2,85,184,62,122
050,20,043,"Kansas","Doniphan County",3,0,73,41,32
050,20,043,"Kansas","Doniphan County",3,1,87,42,45
050,20,043,"Kansas","Doniphan County",3,2,78,39,39
050,20,043,"Kansas","Doniphan County",3,3,83,42,41
050,20,043,"Kansas","Doniphan County",3,4,73,38,35
050,20,043,"Kansas","Doniphan County",3,5,104,58,46
050,20,043,"Kansas","Doniphan County",3,6,90,41,49
050,20,043,"Kansas","Doniphan County",3,7,78,38,40
050,20,043,"Kansas","Doniphan County",3,8,83,42,41
050,20,043,"Kansas","Doniphan County",3,9,84,44,40
050,20,043,"Kansas","Doniphan County",3,10,97,52,45
050,20,043,"Kansas","Doniphan County",3,11,101,50,51
050,20,043,"Kansas","Doniphan County",3,12,98,50,48
050,20,043,"Kansas","Doniphan County",3,13,92,46,46
050,20,043,"Kansas","Doniphan County",3,14,88,38,50
050,20,043,"Kansas","Doniphan County",3,15,95,42,53
050,20,043,"Kansas","Doniphan County",3,16,93,44,49
050,20,043,"Kansas","Doniphan County",3,17,102,56,46
050,20,043,"Kansas","Doniphan County",3,18,131,69,62
050,20,043,"Kansas","Doniphan County",3,19,219,124,95
050,20,043,"Kansas","Doniphan County",3,20,127,78,49
050,20,043,"Kansas","Doniphan County",3,21,79,46,33
050,20,043,"Kansas","Doniphan County",3,22,76,41,35
050,20,043,"Kansas","Doniphan County",3,23,78,47,31
050,20,043,"Kansas","Doniphan County",3,24,73,37,36
050,20,043,"Kansas","Doniphan County",3,25,71,34,37
050,20,043,"Kansas","Doniphan County",3,26,71,32,39
050,20,043,"Kansas","Doniphan County",3,27,83,41,42
050,20,043,"Kansas","Doniphan County",3,28,85,45,40
050,20,043,"Kansas","Doniphan County",3,29,75,46,29
050,20,043,"Kansas","Doniphan County",3,30,75,36,39
050,20,043,"Kansas","Doniphan County",3,31,86,46,40
050,20,043,"Kansas","Doniphan County",3,32,87,44,43
050,20,043,"Kansas","Doniphan County",3,33,83,45,38
050,20,043,"Kansas","Doniphan County",3,34,84,48,36
050,20,043,"Kansas","Doniphan County",3,35,78,38,40
050,20,043,"Kansas","Doniphan County",3,36,78,38,40
050,20,043,"Kansas","Doniphan County",3,37,80,40,40
050,20,043,"Kansas","Doniphan County",3,38,94,47,47
050,20,043,"Kansas","Doniphan County",3,39,93,42,51
050,20,043,"Kansas","Doniphan County",3,40,91,39,52
050,20,043,"Kansas","Doniphan County",3,41,92,48,44
050,20,043,"Kansas","Doniphan County",3,42,89,46,43
050,20,043,"Kansas","Doniphan County",3,43,90,46,44
050,20,043,"Kansas","Doniphan County",3,44,73,35,38
050,20,043,"Kansas","Doniphan County",3,45,74,41,33
050,20,043,"Kansas","Doniphan County",3,46,85,46,39
050,20,043,"Kansas","Doniphan County",3,47,90,48,42
050,20,043,"Kansas","Doniphan County",3,48,93,58,35
050,20,043,"Kansas","Doniphan County",3,49,85,47,38
050,20,043,"Kansas","Doniphan County",3,50,93,42,51
050,20,043,"Kansas","Doniphan County",3,51,90,46,44
050,20,043,"Kansas","Doniphan County",3,52,84,37,47
050,20,043,"Kansas","Doniphan County",3,53,93,39,54
050,20,043,"Kansas","Doniphan County",3,54,93,41,52
050,20,043,"Kansas","Doniphan County",3,55,99,47,52
050,20,043,"Kansas","Doniphan County",3,56,99,48,51
050,20,043,"Kansas","Doniphan County",3,57,94,50,44
050,20,043,"Kansas","Doniphan County",3,58,99,49,50
050,20,043,"Kansas","Doniphan County",3,59,101,52,49
050,20,043,"Kansas","Doniphan County",3,60,100,51,49
050,20,043,"Kansas","Doniphan County",3,61,107,59,48
050,20,043,"Kansas","Doniphan County",3,62,123,67,56
050,20,043,"Kansas","Doniphan County",3,63,117,63,54
050,20,043,"Kansas","Doniphan County",3,64,116,66,50
050,20,043,"Kansas","Doniphan County",3,65,105,54,51
050,20,043,"Kansas","Doniphan County",3,66,96,50,46
050,20,043,"Kansas","Doniphan County",3,67,92,51,41
050,20,043,"Kansas","Doniphan County",3,68,101,56,45
050,20,043,"Kansas","Doniphan County",3,69,94,48,46
050,20,043,"Kansas","Doniphan County",3,70,90,45,45
050,20,043,"Kansas","Doniphan County",3,71,73,39,34
050,20,043,"Kansas","Doniphan County",3,72,82,42,40
050,20,043,"Kansas","Doniphan County",3,73,74,42,32
050,20,043,"Kansas","Doniphan County",3,74,75,40,35
050,20,043,"Kansas","Doniphan County",3,75,60,30,30
050,20,043,"Kansas","Doniphan County",3,76,61,30,31
050,20,043,"Kansas","Doniphan County",3,77,55,21,34
050,20,043,"Kansas","Doniphan County",3,78,60,26,34
050,20,043,"Kansas","Doniphan County",3,79,38,18,20
050,20,043,"Kansas","Doniphan County",3,80,31,12,19
050,20,043,"Kansas","Doniphan County",3,81,34,14,20
050,20,043,"Kansas","Doniphan County",3,82,34,17,17
050,20,043,"Kansas","Doniphan County",3,83,33,19,14
050,20,043,"Kansas","Doniphan County",3,84,22,11,11
050,20,043,"Kansas","Doniphan County",3,85,171,57,114
050,20,043,"Kansas","Doniphan County",4,0,77,41,36
050,20,043,"Kansas","Doniphan County",4,1,85,49,36
050,20,043,"Kansas","Doniphan County",4,2,85,42,43
050,20,043,"Kansas","Doniphan County",4,3,77,41,36
050,20,043,"Kansas","Doniphan County",4,4,86,48,38
050,20,043,"Kansas","Doniphan County",4,5,78,43,35
050,20,043,"Kansas","Doniphan County",4,6,101,56,45
050,20,043,"Kansas","Doniphan County",4,7,90,43,47
050,20,043,"Kansas","Doniphan County",4,8,81,40,41
050,20,043,"Kansas","Doniphan County",4,9,79,42,37
050,20,043,"Kansas","Doniphan County",4,10,83,41,42
050,20,043,"Kansas","Doniphan County",4,11,100,51,49
050,20,043,"Kansas","Doniphan County",4,12,103,50,53
050,20,043,"Kansas","Doniphan County",4,13,95,52,43
050,20,043,"Kansas","Doniphan County",4,14,91,49,42
050,20,043,"Kansas","Doniphan County",4,15,94,39,55
050,20,043,"Kansas","Doniphan County",4,16,96,43,53
050,20,043,"Kansas","Doniphan County",4,17,97,46,51
050,20,043,"Kansas","Doniphan County",4,18,145,80,65
050,20,043,"Kansas","Doniphan County",4,19,208,118,90
050,20,043,"Kansas","Doniphan County",4,20,139,83,56
050,20,043,"Kansas","Doniphan County",4,21,81,50,31
050,20,043,"Kansas","Doniphan County",4,22,76,40,36
050,20,043,"Kansas","Doniphan County",4,23,78,37,41
050,20,043,"Kansas","Doniphan County",4,24,84,43,41
050,20,043,"Kansas","Doniphan County",4,25,76,36,40
050,20,043,"Kansas","Doniphan County",4,26,71,35,36
050,20,043,"Kansas","Doniphan County",4,27,64,27,37
050,20,043,"Kansas","Doniphan County",4,28,86,43,43
050,20,043,"Kansas","Doniphan County",4,29,84,45,39
050,20,043,"Kansas","Doniphan County",4,30,75,44,31
050,20,043,"Kansas","Doniphan County",4,31,74,38,36
050,20,043,"Kansas","Doniphan County",4,32,85,43,42
050,20,043,"Kansas","Doniphan County",4,33,96,53,43
050,20,043,"Kansas","Doniphan County",4,34,85,44,41
050,20,043,"Kansas","Doniphan County",4,35,90,49,41
050,20,043,"Kansas","Doniphan County",4,36,78,39,39
050,20,043,"Kansas","Doniphan County",4,37,75,36,39
050,20,043,"Kansas","Doniphan County",4,38,78,37,41
050,20,043,"Kansas","Doniphan County",4,39,100,53,47
050,20,043,"Kansas","Doniphan County",4,40,100,46,54
050,20,043,"Kansas","Doniphan County",4,41,94,39,55
050,20,043,"Kansas","Doniphan County",4,42,90,47,43
050,20,043,"Kansas","Doniphan County",4,43,90,47,43
050,20,043,"Kansas","Doniphan County",4,44,91,49,42
050,20,043,"Kansas","Doniphan County",4,45,77,36,41
050,20,043,"Kansas","Doniphan County",4,46,75,41,34
050,20,043,"Kansas","Doniphan County",4,47,83,45,38
050,20,043,"Kansas","Doniphan County",4,48,90,49,41
050,20,043,"Kansas","Doniphan County",4,49,93,57,36
050,20,043,"Kansas","Doniphan County",4,50,82,47,35
050,20,043,"Kansas","Doniphan County",4,51,91,40,51
050,20,043,"Kansas","Doniphan County",4,52,89,47,42
050,20,043,"Kansas","Doniphan County",4,53,80,35,45
050,20,043,"Kansas","Doniphan County",4,54,90,38,52
050,20,043,"Kansas","Doniphan County",4,55,89,40,49
050,20,043,"Kansas","Doniphan County",4,56,99,44,55
050,20,043,"Kansas","Doniphan County",4,57,100,48,52
050,20,043,"Kansas","Doniphan County",4,58,97,49,48
050,20,043,"Kansas","Doniphan County",4,59,96,47,49
050,20,043,"Kansas","Doniphan County",4,60,102,52,50
050,20,043,"Kansas","Doniphan County",4,61,102,53,49
050,20,043,"Kansas","Doniphan County",4,62,108,60,48
050,20,043,"Kansas","Doniphan County",4,63,123,66,57
050,20,043,"Kansas","Doniphan County",4,64,119,63,56
050,20,043,"Kansas","Doniphan County",4,65,112,62,50
050,20,043,"Kansas","Doniphan County",4,66,101,52,49
050,20,043,"Kansas","Doniphan County",4,67,93,46,47
050,20,043,"Kansas","Doniphan County",4,68,92,49,43
050,20,043,"Kansas","Doniphan County",4,69,96,53,43
050,20,043,"Kansas","Doniphan County",4,70,90,46,44
050,20,043,"Kansas","Doniphan County",4,71,86,41,45
050,20,043,"Kansas","Doniphan County",4,72,72,39,33
050,20,043,"Kansas","Doniphan County",4,73,78,40,38
050,20,043,"Kansas","Doniphan County",4,74,74,41,33
050,20,043,"Kansas","Doniphan County",4,75,72,38,34
050,20,043,"Kansas","Doniphan County",4,76,60,29,31
050,20,043,"Kansas","Doniphan County",4,77,56,25,31
050,20,043,"Kansas","Doniphan County",4,78,54,21,33
050,20,043,"Kansas","Doniphan County",4,79,52,22,30
050,20,043,"Kansas","Doniphan County",4,80,31,17,14
050,20,043,"Kansas","Doniphan County",4,81,31,11,20
050,20,043,"Kansas","Doniphan County",4,82,33,13,20
050,20,043,"Kansas","Doniphan County",4,83,26,14,12
050,20,043,"Kansas","Doniphan County",4,84,28,16,12
050,20,043,"Kansas","Doniphan County",4,85,162,51,111
050,20,043,"Kansas","Doniphan County",5,0,73,38,35
050,20,043,"Kansas","Doniphan County",5,1,81,43,38
050,20,043,"Kansas","Doniphan County",5,2,83,48,35
050,20,043,"Kansas","Doniphan County",5,3,88,42,46
050,20,043,"Kansas","Doniphan County",5,4,79,38,41
050,20,043,"Kansas","Doniphan County",5,5,84,49,35
050,20,043,"Kansas","Doniphan County",5,6,84,46,38
050,20,043,"Kansas","Doniphan County",5,7,99,51,48
050,20,043,"Kansas","Doniphan County",5,8,90,41,49
050,20,043,"Kansas","Doniphan County",5,9,79,39,40
050,20,043,"Kansas","Doniphan County",5,10,84,44,40
050,20,043,"Kansas","Doniphan County",5,11,79,39,40
050,20,043,"Kansas","Doniphan County",5,12,102,52,50
050,20,043,"Kansas","Doniphan County",5,13,98,47,51
050,20,043,"Kansas","Doniphan County",5,14,99,54,45
050,20,043,"Kansas","Doniphan County",5,15,94,52,42
050,20,043,"Kansas","Doniphan County",5,16,90,38,52
050,20,043,"Kansas","Doniphan County",5,17,102,48,54
050,20,043,"Kansas","Doniphan County",5,18,133,67,66
050,20,043,"Kansas","Doniphan County",5,19,223,129,94
050,20,043,"Kansas","Doniphan County",5,20,126,79,47
050,20,043,"Kansas","Doniphan County",5,21,85,47,38
050,20,043,"Kansas","Doniphan County",5,22,77,46,31
050,20,043,"Kansas","Doniphan County",5,23,80,47,33
050,20,043,"Kansas","Doniphan County",5,24,82,37,45
050,20,043,"Kansas","Doniphan County",5,25,84,43,41
050,20,043,"Kansas","Doniphan County",5,26,72,33,39
050,20,043,"Kansas","Doniphan County",5,27,74,41,33
050,20,043,"Kansas","Doniphan County",5,28,66,32,34
050,20,043,"Kansas","Doniphan County",5,29,92,44,48
050,20,043,"Kansas","Doniphan County",5,30,84,44,40
050,20,043,"Kansas","Doniphan County",5,31,84,52,32
050,20,043,"Kansas","Doniphan County",5,32,80,42,38
050,20,043,"Kansas","Doniphan County",5,33,85,41,44
050,20,043,"Kansas","Doniphan County",5,34,91,48,43
050,20,043,"Kansas","Doniphan County",5,35,86,45,41
050,20,043,"Kansas","Doniphan County",5,36,90,49,41
050,20,043,"Kansas","Doniphan County",5,37,83,42,41
050,20,043,"Kansas","Doniphan County",5,38,79,37,42
050,20,043,"Kansas","Doniphan County",5,39,81,40,41
050,20,043,"Kansas","Doniphan County",5,40,104,55,49
050,20,043,"Kansas","Doniphan County",5,41,98,45,53
050,20,043,"Kansas","Doniphan County",5,42,88,36,52
050,20,043,"Kansas","Doniphan County",5,43,86,45,41
050,20,043,"Kansas","Doniphan County",5,44,85,45,40
050,20,043,"Kansas","Doniphan County",5,45,92,50,42
050,20,043,"Kansas","Doniphan County",5,46,78,37,41
050,20,043,"Kansas","Doniphan County",5,47,78,42,36
050,20,043,"Kansas","Doniphan County",5,48,86,47,39
050,20,043,"Kansas","Doniphan County",5,49,86,48,38
050,20,043,"Kansas","Doniphan County",5,50,91,55,36
050,20,043,"Kansas","Doniphan County",5,51,83,47,36
050,20,043,"Kansas","Doniphan County",5,52,92,41,51
050,20,043,"Kansas","Doniphan County",5,53,95,49,46
050,20,043,"Kansas","Doniphan County",5,54,77,31,46
050,20,043,"Kansas","Doniphan County",5,55,93,40,53
050,20,043,"Kansas","Doniphan County",5,56,90,41,49
050,20,043,"Kansas","Doniphan County",5,57,107,49,58
050,20,043,"Kansas","Doniphan County",5,58,101,48,53
050,20,043,"Kansas","Doniphan County",5,59,95,49,46
050,20,043,"Kansas","Doniphan County",5,60,95,46,49
050,20,043,"Kansas","Doniphan County",5,61,101,50,51
050,20,043,"Kansas","Doniphan County",5,62,102,52,50
050,20,043,"Kansas","Doniphan County",5,63,105,58,47
050,20,043,"Kansas","Doniphan County",5,64,123,66,57
050,20,043,"Kansas","Doniphan County",5,65,118,62,56
050,20,043,"Kansas","Doniphan County",5,66,108,61,47
050,20,043,"Kansas","Doniphan County",5,67,102,52,50
050,20,043,"Kansas","Doniphan County",5,68,96,45,51
050,20,043,"Kansas","Doniphan County",5,69,89,46,43
050,20,043,"Kansas","Doniphan County",5,70,88,48,40
050,20,043,"Kansas","Doniphan County",5,71,86,42,44
050,20,043,"Kansas","Doniphan County",5,72,86,42,44
050,20,043,"Kansas","Doniphan County",5,73,69,37,32
050,20,043,"Kansas","Doniphan County",5,74,78,39,39
050,20,043,"Kansas","Doniphan County",5,75,72,40,32
050,20,043,"Kansas","Doniphan County",5,76,70,37,33
050,20,043,"Kansas","Doniphan County",5,77,54,24,30
050,20,043,"Kansas","Doniphan County",5,78,55,25,30
050,20,043,"Kansas","Doniphan County",5,79,48,17,31
050,20,043,"Kansas","Doniphan County",5,80,46,21,25
050,20,043,"Kansas","Doniphan County",5,81,32,17,15
050,20,043,"Kansas","Doniphan County",5,82,31,11,20
050,20,043,"Kansas","Doniphan County",5,83,27,11,16
050,20,043,"Kansas","Doniphan County",5,84,20,10,10
050,20,043,"Kansas","Doniphan County",5,85,162,54,108
050,20,045,"Kansas","Douglas County",1,0,1066,540,526
050,20,045,"Kansas","Douglas County",1,1,1093,527,566
050,20,045,"Kansas","Douglas County",1,2,1090,571,519
050,20,045,"Kansas","Douglas County",1,3,1127,591,536
050,20,045,"Kansas","Douglas County",1,4,1184,613,571
050,20,045,"Kansas","Douglas County",1,5,1192,596,596
050,20,045,"Kansas","Douglas County",1,6,1190,604,586
050,20,045,"Kansas","Douglas County",1,7,1226,599,627
050,20,045,"Kansas","Douglas County",1,8,1239,625,614
050,20,045,"Kansas","Douglas County",1,9,1183,602,581
050,20,045,"Kansas","Douglas County",1,10,1213,648,565
050,20,045,"Kansas","Douglas County",1,11,1276,689,587
050,20,045,"Kansas","Douglas County",1,12,1276,685,591
050,20,045,"Kansas","Douglas County",1,13,1259,658,601
050,20,045,"Kansas","Douglas County",1,14,1253,632,621
050,20,045,"Kansas","Douglas County",1,15,1179,620,559
050,20,045,"Kansas","Douglas County",1,16,1243,678,565
050,20,045,"Kansas","Douglas County",1,17,1289,694,595
050,20,045,"Kansas","Douglas County",1,18,2403,1116,1287
050,20,045,"Kansas","Douglas County",1,19,4556,2190,2366
050,20,045,"Kansas","Douglas County",1,20,5166,2473,2693
050,20,045,"Kansas","Douglas County",1,21,4950,2468,2482
050,20,045,"Kansas","Douglas County",1,22,4303,2242,2061
050,20,045,"Kansas","Douglas County",1,23,3384,1784,1600
050,20,045,"Kansas","Douglas County",1,24,2467,1355,1112
050,20,045,"Kansas","Douglas County",1,25,2170,1127,1043
050,20,045,"Kansas","Douglas County",1,26,1895,976,919
050,20,045,"Kansas","Douglas County",1,27,1708,895,813
050,20,045,"Kansas","Douglas County",1,28,1645,852,793
050,20,045,"Kansas","Douglas County",1,29,1657,891,766
050,20,045,"Kansas","Douglas County",1,30,1581,822,759
050,20,045,"Kansas","Douglas County",1,31,1559,822,737
050,20,045,"Kansas","Douglas County",1,32,1565,804,761
050,20,045,"Kansas","Douglas County",1,33,1480,803,677
050,20,045,"Kansas","Douglas County",1,34,1527,812,715
050,20,045,"Kansas","Douglas County",1,35,1510,757,753
050,20,045,"Kansas","Douglas County",1,36,1497,754,743
050,20,045,"Kansas","Douglas County",1,37,1500,762,738
050,20,045,"Kansas","Douglas County",1,38,1515,798,717
050,20,045,"Kansas","Douglas County",1,39,1524,781,743
050,20,045,"Kansas","Douglas County",1,40,1554,798,756
050,20,045,"Kansas","Douglas County",1,41,1438,754,684
050,20,045,"Kansas","Douglas County",1,42,1389,722,667
050,20,045,"Kansas","Douglas County",1,43,1354,683,671
050,20,045,"Kansas","Douglas County",1,44,1305,672,633
050,20,045,"Kansas","Douglas County",1,45,1185,594,591
050,20,045,"Kansas","Douglas County",1,46,1116,560,556
050,20,045,"Kansas","Douglas County",1,47,1090,542,548
050,20,045,"Kansas","Douglas County",1,48,1142,546,596
050,20,045,"Kansas","Douglas County",1,49,1272,626,646
050,20,045,"Kansas","Douglas County",1,50,1228,613,615
050,20,045,"Kansas","Douglas County",1,51,1161,597,564
050,20,045,"Kansas","Douglas County",1,52,1038,521,517
050,20,045,"Kansas","Douglas County",1,53,1051,521,530
050,20,045,"Kansas","Douglas County",1,54,1108,552,556
050,20,045,"Kansas","Douglas County",1,55,1169,579,590
050,20,045,"Kansas","Douglas County",1,56,1164,558,606
050,20,045,"Kansas","Douglas County",1,57,1222,575,647
050,20,045,"Kansas","Douglas County",1,58,1302,621,681
050,20,045,"Kansas","Douglas County",1,59,1215,575,640
050,20,045,"Kansas","Douglas County",1,60,1178,548,630
050,20,045,"Kansas","Douglas County",1,61,1195,541,654
050,20,045,"Kansas","Douglas County",1,62,1203,551,652
050,20,045,"Kansas","Douglas County",1,63,1207,559,648
050,20,045,"Kansas","Douglas County",1,64,1192,569,623
050,20,045,"Kansas","Douglas County",1,65,1154,546,608
050,20,045,"Kansas","Douglas County",1,66,1126,522,604
050,20,045,"Kansas","Douglas County",1,67,1082,530,552
050,20,045,"Kansas","Douglas County",1,68,1073,541,532
050,20,045,"Kansas","Douglas County",1,69,987,498,489
050,20,045,"Kansas","Douglas County",1,70,947,449,498
050,20,045,"Kansas","Douglas County",1,71,868,405,463
050,20,045,"Kansas","Douglas County",1,72,856,416,440
050,20,045,"Kansas","Douglas County",1,73,872,431,441
050,20,045,"Kansas","Douglas County",1,74,564,263,301
050,20,045,"Kansas","Douglas County",1,75,561,267,294
050,20,045,"Kansas","Douglas County",1,76,559,252,307
050,20,045,"Kansas","Douglas County",1,77,553,235,318
050,20,045,"Kansas","Douglas County",1,78,437,187,250
050,20,045,"Kansas","Douglas County",1,79,383,167,216
050,20,045,"Kansas","Douglas County",1,80,364,156,208
050,20,045,"Kansas","Douglas County",1,81,337,156,181
050,20,045,"Kansas","Douglas County",1,82,313,138,175
050,20,045,"Kansas","Douglas County",1,83,265,112,153
050,20,045,"Kansas","Douglas County",1,84,247,101,146
050,20,045,"Kansas","Douglas County",1,85,1613,533,1080
050,20,045,"Kansas","Douglas County",2,0,1037,525,512
050,20,045,"Kansas","Douglas County",2,1,1082,530,552
050,20,045,"Kansas","Douglas County",2,2,1097,565,532
050,20,045,"Kansas","Douglas County",2,3,1114,585,529
050,20,045,"Kansas","Douglas County",2,4,1175,610,565
050,20,045,"Kansas","Douglas County",2,5,1190,602,588
050,20,045,"Kansas","Douglas County",2,6,1194,603,591
050,20,045,"Kansas","Douglas County",2,7,1215,599,616
050,20,045,"Kansas","Douglas County",2,8,1232,614,618
050,20,045,"Kansas","Douglas County",2,9,1194,606,588
050,20,045,"Kansas","Douglas County",2,10,1211,638,573
050,20,045,"Kansas","Douglas County",2,11,1251,674,577
050,20,045,"Kansas","Douglas County",2,12,1279,687,592
050,20,045,"Kansas","Douglas County",2,13,1265,666,599
050,20,045,"Kansas","Douglas County",2,14,1247,634,613
050,20,045,"Kansas","Douglas County",2,15,1194,621,573
050,20,045,"Kansas","Douglas County",2,16,1229,666,563
050,20,045,"Kansas","Douglas County",2,17,1284,694,590
050,20,045,"Kansas","Douglas County",2,18,2414,1124,1290
050,20,045,"Kansas","Douglas County",2,19,4554,2188,2366
050,20,045,"Kansas","Douglas County",2,20,5212,2496,2716
050,20,045,"Kansas","Douglas County",2,21,4944,2464,2480
050,20,045,"Kansas","Douglas County",2,22,4295,2241,2054
050,20,045,"Kansas","Douglas County",2,23,3363,1782,1581
050,20,045,"Kansas","Douglas County",2,24,2445,1336,1109
050,20,045,"Kansas","Douglas County",2,25,2154,1130,1024
050,20,045,"Kansas","Douglas County",2,26,1879,967,912
050,20,045,"Kansas","Douglas County",2,27,1685,875,810
050,20,045,"Kansas","Douglas County",2,28,1644,856,788
050,20,045,"Kansas","Douglas County",2,29,1645,876,769
050,20,045,"Kansas","Douglas County",2,30,1593,831,762
050,20,045,"Kansas","Douglas County",2,31,1550,810,740
050,20,045,"Kansas","Douglas County",2,32,1558,805,753
050,20,045,"Kansas","Douglas County",2,33,1502,805,697
050,20,045,"Kansas","Douglas County",2,34,1508,803,705
050,20,045,"Kansas","Douglas County",2,35,1510,769,741
050,20,045,"Kansas","Douglas County",2,36,1487,747,740
050,20,045,"Kansas","Douglas County",2,37,1499,760,739
050,20,045,"Kansas","Douglas County",2,38,1518,793,725
050,20,045,"Kansas","Douglas County",2,39,1515,779,736
050,20,045,"Kansas","Douglas County",2,40,1547,794,753
050,20,045,"Kansas","Douglas County",2,41,1459,760,699
050,20,045,"Kansas","Douglas County",2,42,1389,722,667
050,20,045,"Kansas","Douglas County",2,43,1377,697,680
050,20,045,"Kansas","Douglas County",2,44,1300,669,631
050,20,045,"Kansas","Douglas County",2,45,1220,614,606
050,20,045,"Kansas","Douglas County",2,46,1127,565,562
050,20,045,"Kansas","Douglas County",2,47,1097,544,553
050,20,045,"Kansas","Douglas County",2,48,1125,542,583
050,20,045,"Kansas","Douglas County",2,49,1247,610,637
050,20,045,"Kansas","Douglas County",2,50,1240,617,623
050,20,045,"Kansas","Douglas County",2,51,1171,596,575
050,20,045,"Kansas","Douglas County",2,52,1059,534,525
050,20,045,"Kansas","Douglas County",2,53,1050,522,528
050,20,045,"Kansas","Douglas County",2,54,1092,543,549
050,20,045,"Kansas","Douglas County",2,55,1149,570,579
050,20,045,"Kansas","Douglas County",2,56,1159,559,600
050,20,045,"Kansas","Douglas County",2,57,1210,573,637
050,20,045,"Kansas","Douglas County",2,58,1281,608,673
050,20,045,"Kansas","Douglas County",2,59,1243,587,656
050,20,045,"Kansas","Douglas County",2,60,1183,551,632
050,20,045,"Kansas","Douglas County",2,61,1183,538,645
050,20,045,"Kansas","Douglas County",2,62,1200,543,657
050,20,045,"Kansas","Douglas County",2,63,1215,562,653
050,20,045,"Kansas","Douglas County",2,64,1188,564,624
050,20,045,"Kansas","Douglas County",2,65,1156,547,609
050,20,045,"Kansas","Douglas County",2,66,1130,527,603
050,20,045,"Kansas","Douglas County",2,67,1085,523,562
050,20,045,"Kansas","Douglas County",2,68,1064,532,532
050,20,045,"Kansas","Douglas County",2,69,1011,509,502
050,20,045,"Kansas","Douglas County",2,70,951,459,492
050,20,045,"Kansas","Douglas County",2,71,884,414,470
050,20,045,"Kansas","Douglas County",2,72,839,406,433
050,20,045,"Kansas","Douglas County",2,73,910,447,463
050,20,045,"Kansas","Douglas County",2,74,601,287,314
050,20,045,"Kansas","Douglas County",2,75,553,258,295
050,20,045,"Kansas","Douglas County",2,76,552,250,302
050,20,045,"Kansas","Douglas County",2,77,561,242,319
050,20,045,"Kansas","Douglas County",2,78,455,194,261
050,20,045,"Kansas","Douglas County",2,79,393,170,223
050,20,045,"Kansas","Douglas County",2,80,370,159,211
050,20,045,"Kansas","Douglas County",2,81,339,155,184
050,20,045,"Kansas","Douglas County",2,82,317,140,177
050,20,045,"Kansas","Douglas County",2,83,275,116,159
050,20,045,"Kansas","Douglas County",2,84,243,100,143
050,20,045,"Kansas","Douglas County",2,85,1620,537,1083
050,20,045,"Kansas","Douglas County",3,0,1006,518,488
050,20,045,"Kansas","Douglas County",3,1,1007,503,504
050,20,045,"Kansas","Douglas County",3,2,1100,553,547
050,20,045,"Kansas","Douglas County",3,3,1097,556,541
050,20,045,"Kansas","Douglas County",3,4,1118,596,522
050,20,045,"Kansas","Douglas County",3,5,1197,624,573
050,20,045,"Kansas","Douglas County",3,6,1175,583,592
050,20,045,"Kansas","Douglas County",3,7,1180,591,589
050,20,045,"Kansas","Douglas County",3,8,1191,598,593
050,20,045,"Kansas","Douglas County",3,9,1249,622,627
050,20,045,"Kansas","Douglas County",3,10,1220,623,597
050,20,045,"Kansas","Douglas County",3,11,1228,647,581
050,20,045,"Kansas","Douglas County",3,12,1245,678,567
050,20,045,"Kansas","Douglas County",3,13,1287,689,598
050,20,045,"Kansas","Douglas County",3,14,1258,661,597
050,20,045,"Kansas","Douglas County",3,15,1246,635,611
050,20,045,"Kansas","Douglas County",3,16,1214,637,577
050,20,045,"Kansas","Douglas County",3,17,1242,670,572
050,20,045,"Kansas","Douglas County",3,18,2470,1167,1303
050,20,045,"Kansas","Douglas County",3,19,4580,2208,2372
050,20,045,"Kansas","Douglas County",3,20,5231,2484,2747
050,20,045,"Kansas","Douglas County",3,21,5005,2483,2522
050,20,045,"Kansas","Douglas County",3,22,4345,2263,2082
050,20,045,"Kansas","Douglas County",3,23,3391,1775,1616
050,20,045,"Kansas","Douglas County",3,24,2377,1288,1089
050,20,045,"Kansas","Douglas County",3,25,2124,1146,978
050,20,045,"Kansas","Douglas County",3,26,1808,903,905
050,20,045,"Kansas","Douglas County",3,27,1660,860,800
050,20,045,"Kansas","Douglas County",3,28,1640,836,804
050,20,045,"Kansas","Douglas County",3,29,1562,788,774
050,20,045,"Kansas","Douglas County",3,30,1576,832,744
050,20,045,"Kansas","Douglas County",3,31,1588,829,759
050,20,045,"Kansas","Douglas County",3,32,1506,785,721
050,20,045,"Kansas","Douglas County",3,33,1569,810,759
050,20,045,"Kansas","Douglas County",3,34,1518,795,723
050,20,045,"Kansas","Douglas County",3,35,1527,823,704
050,20,045,"Kansas","Douglas County",3,36,1495,772,723
050,20,045,"Kansas","Douglas County",3,37,1490,718,772
050,20,045,"Kansas","Douglas County",3,38,1480,749,731
050,20,045,"Kansas","Douglas County",3,39,1543,796,747
050,20,045,"Kansas","Douglas County",3,40,1530,797,733
050,20,045,"Kansas","Douglas County",3,41,1568,796,772
050,20,045,"Kansas","Douglas County",3,42,1466,768,698
050,20,045,"Kansas","Douglas County",3,43,1381,713,668
050,20,045,"Kansas","Douglas County",3,44,1349,684,665
050,20,045,"Kansas","Douglas County",3,45,1303,680,623
050,20,045,"Kansas","Douglas County",3,46,1189,593,596
050,20,045,"Kansas","Douglas County",3,47,1118,557,561
050,20,045,"Kansas","Douglas County",3,48,1089,537,552
050,20,045,"Kansas","Douglas County",3,49,1134,558,576
050,20,045,"Kansas","Douglas County",3,50,1221,599,622
050,20,045,"Kansas","Douglas County",3,51,1219,605,614
050,20,045,"Kansas","Douglas County",3,52,1177,607,570
050,20,045,"Kansas","Douglas County",3,53,1098,553,545
050,20,045,"Kansas","Douglas County",3,54,1047,517,530
050,20,045,"Kansas","Douglas County",3,55,1071,534,537
050,20,045,"Kansas","Douglas County",3,56,1140,568,572
050,20,045,"Kansas","Douglas County",3,57,1164,553,611
050,20,045,"Kansas","Douglas County",3,58,1204,576,628
050,20,045,"Kansas","Douglas County",3,59,1267,596,671
050,20,045,"Kansas","Douglas County",3,60,1229,580,649
050,20,045,"Kansas","Douglas County",3,61,1194,554,640
050,20,045,"Kansas","Douglas County",3,62,1178,534,644
050,20,045,"Kansas","Douglas County",3,63,1212,545,667
050,20,045,"Kansas","Douglas County",3,64,1206,556,650
050,20,045,"Kansas","Douglas County",3,65,1184,562,622
050,20,045,"Kansas","Douglas County",3,66,1154,544,610
050,20,045,"Kansas","Douglas County",3,67,1138,527,611
050,20,045,"Kansas","Douglas County",3,68,1087,522,565
050,20,045,"Kansas","Douglas County",3,69,1062,523,539
050,20,045,"Kansas","Douglas County",3,70,1009,502,507
050,20,045,"Kansas","Douglas County",3,71,933,452,481
050,20,045,"Kansas","Douglas County",3,72,872,408,464
050,20,045,"Kansas","Douglas County",3,73,823,392,431
050,20,045,"Kansas","Douglas County",3,74,899,443,456
050,20,045,"Kansas","Douglas County",3,75,572,272,300
050,20,045,"Kansas","Douglas County",3,76,547,249,298
050,20,045,"Kansas","Douglas County",3,77,534,240,294
050,20,045,"Kansas","Douglas County",3,78,556,241,315
050,20,045,"Kansas","Douglas County",3,79,430,177,253
050,20,045,"Kansas","Douglas County",3,80,387,167,220
050,20,045,"Kansas","Douglas County",3,81,340,147,193
050,20,045,"Kansas","Douglas County",3,82,321,140,181
050,20,045,"Kansas","Douglas County",3,83,307,134,173
050,20,045,"Kansas","Douglas County",3,84,253,106,147
050,20,045,"Kansas","Douglas County",3,85,1586,522,1064
050,20,045,"Kansas","Douglas County",4,0,1045,527,518
050,20,045,"Kansas","Douglas County",4,1,974,506,468
050,20,045,"Kansas","Douglas County",4,2,1039,485,554
050,20,045,"Kansas","Douglas County",4,3,1073,523,550
050,20,045,"Kansas","Douglas County",4,4,1085,553,532
050,20,045,"Kansas","Douglas County",4,5,1111,601,510
050,20,045,"Kansas","Douglas County",4,6,1184,618,566
050,20,045,"Kansas","Douglas County",4,7,1191,595,596
050,20,045,"Kansas","Douglas County",4,8,1177,574,603
050,20,045,"Kansas","Douglas County",4,9,1201,602,599
050,20,045,"Kansas","Douglas County",4,10,1263,637,626
050,20,045,"Kansas","Douglas County",4,11,1202,613,589
050,20,045,"Kansas","Douglas County",4,12,1218,639,579
050,20,045,"Kansas","Douglas County",4,13,1236,674,562
050,20,045,"Kansas","Douglas County",4,14,1278,691,587
050,20,045,"Kansas","Douglas County",4,15,1272,685,587
050,20,045,"Kansas","Douglas County",4,16,1269,642,627
050,20,045,"Kansas","Douglas County",4,17,1233,640,593
050,20,045,"Kansas","Douglas County",4,18,2423,1148,1275
050,20,045,"Kansas","Douglas County",4,19,4565,2228,2337
050,20,045,"Kansas","Douglas County",4,20,5186,2468,2718
050,20,045,"Kansas","Douglas County",4,21,5075,2505,2570
050,20,045,"Kansas","Douglas County",4,22,4458,2332,2126
050,20,045,"Kansas","Douglas County",4,23,3419,1787,1632
050,20,045,"Kansas","Douglas County",4,24,2436,1303,1133
050,20,045,"Kansas","Douglas County",4,25,2063,1067,996
050,20,045,"Kansas","Douglas County",4,26,1802,943,859
050,20,045,"Kansas","Douglas County",4,27,1618,807,811
050,20,045,"Kansas","Douglas County",4,28,1629,856,773
050,20,045,"Kansas","Douglas County",4,29,1581,809,772
050,20,045,"Kansas","Douglas County",4,30,1532,803,729
050,20,045,"Kansas","Douglas County",4,31,1505,792,713
050,20,045,"Kansas","Douglas County",4,32,1537,802,735
050,20,045,"Kansas","Douglas County",4,33,1479,763,716
050,20,045,"Kansas","Douglas County",4,34,1535,787,748
050,20,045,"Kansas","Douglas County",4,35,1512,781,731
050,20,045,"Kansas","Douglas County",4,36,1514,821,693
050,20,045,"Kansas","Douglas County",4,37,1468,756,712
050,20,045,"Kansas","Douglas County",4,38,1483,716,767
050,20,045,"Kansas","Douglas County",4,39,1498,759,739
050,20,045,"Kansas","Douglas County",4,40,1528,803,725
050,20,045,"Kansas","Douglas County",4,41,1537,799,738
050,20,045,"Kansas","Douglas County",4,42,1555,783,772
050,20,045,"Kansas","Douglas County",4,43,1452,752,700
050,20,045,"Kansas","Douglas County",4,44,1367,706,661
050,20,045,"Kansas","Douglas County",4,45,1354,689,665
050,20,045,"Kansas","Douglas County",4,46,1292,667,625
050,20,045,"Kansas","Douglas County",4,47,1185,599,586
050,20,045,"Kansas","Douglas County",4,48,1073,529,544
050,20,045,"Kansas","Douglas County",4,49,1091,542,549
050,20,045,"Kansas","Douglas County",4,50,1112,547,565
050,20,045,"Kansas","Douglas County",4,51,1228,599,629
050,20,045,"Kansas","Douglas County",4,52,1224,605,619
050,20,045,"Kansas","Douglas County",4,53,1188,619,569
050,20,045,"Kansas","Douglas County",4,54,1089,541,548
050,20,045,"Kansas","Douglas County",4,55,1051,531,520
050,20,045,"Kansas","Douglas County",4,56,1082,535,547
050,20,045,"Kansas","Douglas County",4,57,1122,561,561
050,20,045,"Kansas","Douglas County",4,58,1164,545,619
050,20,045,"Kansas","Douglas County",4,59,1202,576,626
050,20,045,"Kansas","Douglas County",4,60,1266,605,661
050,20,045,"Kansas","Douglas County",4,61,1219,572,647
050,20,045,"Kansas","Douglas County",4,62,1197,553,644
050,20,045,"Kansas","Douglas County",4,63,1169,532,637
050,20,045,"Kansas","Douglas County",4,64,1201,537,664
050,20,045,"Kansas","Douglas County",4,65,1173,532,641
050,20,045,"Kansas","Douglas County",4,66,1160,549,611
050,20,045,"Kansas","Douglas County",4,67,1154,537,617
050,20,045,"Kansas","Douglas County",4,68,1136,532,604
050,20,045,"Kansas","Douglas County",4,69,1091,526,565
050,20,045,"Kansas","Douglas County",4,70,1044,513,531
050,20,045,"Kansas","Douglas County",4,71,996,487,509
050,20,045,"Kansas","Douglas County",4,72,928,448,480
050,20,045,"Kansas","Douglas County",4,73,847,394,453
050,20,045,"Kansas","Douglas County",4,74,815,381,434
050,20,045,"Kansas","Douglas County",4,75,873,428,445
050,20,045,"Kansas","Douglas County",4,76,581,271,310
050,20,045,"Kansas","Douglas County",4,77,526,239,287
050,20,045,"Kansas","Douglas County",4,78,512,229,283
050,20,045,"Kansas","Douglas County",4,79,551,236,315
050,20,045,"Kansas","Douglas County",4,80,431,178,253
050,20,045,"Kansas","Douglas County",4,81,367,159,208
050,20,045,"Kansas","Douglas County",4,82,329,138,191
050,20,045,"Kansas","Douglas County",4,83,311,136,175
050,20,045,"Kansas","Douglas County",4,84,285,126,159
050,20,045,"Kansas","Douglas County",4,85,1580,534,1046
050,20,045,"Kansas","Douglas County",5,0,1063,537,526
050,20,045,"Kansas","Douglas County",5,1,1032,521,511
050,20,045,"Kansas","Douglas County",5,2,984,499,485
050,20,045,"Kansas","Douglas County",5,3,1030,485,545
050,20,045,"Kansas","Douglas County",5,4,1108,542,566
050,20,045,"Kansas","Douglas County",5,5,1104,564,540
050,20,045,"Kansas","Douglas County",5,6,1119,609,510
050,20,045,"Kansas","Douglas County",5,7,1199,620,579
050,20,045,"Kansas","Douglas County",5,8,1179,586,593
050,20,045,"Kansas","Douglas County",5,9,1182,585,597
050,20,045,"Kansas","Douglas County",5,10,1198,609,589
050,20,045,"Kansas","Douglas County",5,11,1246,638,608
050,20,045,"Kansas","Douglas County",5,12,1219,613,606
050,20,045,"Kansas","Douglas County",5,13,1212,648,564
050,20,045,"Kansas","Douglas County",5,14,1240,673,567
050,20,045,"Kansas","Douglas County",5,15,1285,700,585
050,20,045,"Kansas","Douglas County",5,16,1285,683,602
050,20,045,"Kansas","Douglas County",5,17,1303,656,647
050,20,045,"Kansas","Douglas County",5,18,2404,1118,1286
050,20,045,"Kansas","Douglas County",5,19,4526,2186,2340
050,20,045,"Kansas","Douglas County",5,20,5209,2517,2692
050,20,045,"Kansas","Douglas County",5,21,4988,2449,2539
050,20,045,"Kansas","Douglas County",5,22,4491,2317,2174
050,20,045,"Kansas","Douglas County",5,23,3503,1842,1661
050,20,045,"Kansas","Douglas County",5,24,2405,1274,1131
050,20,045,"Kansas","Douglas County",5,25,2100,1066,1034
050,20,045,"Kansas","Douglas County",5,26,1792,892,900
050,20,045,"Kansas","Douglas County",5,27,1580,818,762
050,20,045,"Kansas","Douglas County",5,28,1581,788,793
050,20,045,"Kansas","Douglas County",5,29,1517,788,729
050,20,045,"Kansas","Douglas County",5,30,1568,815,753
050,20,045,"Kansas","Douglas County",5,31,1477,775,702
050,20,045,"Kansas","Douglas County",5,32,1503,796,707
050,20,045,"Kansas","Douglas County",5,33,1528,798,730
050,20,045,"Kansas","Douglas County",5,34,1502,773,729
050,20,045,"Kansas","Douglas County",5,35,1500,762,738
050,20,045,"Kansas","Douglas County",5,36,1529,797,732
050,20,045,"Kansas","Douglas County",5,37,1484,792,692
050,20,045,"Kansas","Douglas County",5,38,1470,762,708
050,20,045,"Kansas","Douglas County",5,39,1489,718,771
050,20,045,"Kansas","Douglas County",5,40,1493,768,725
050,20,045,"Kansas","Douglas County",5,41,1520,792,728
050,20,045,"Kansas","Douglas County",5,42,1512,781,731
050,20,045,"Kansas","Douglas County",5,43,1556,772,784
050,20,045,"Kansas","Douglas County",5,44,1462,753,709
050,20,045,"Kansas","Douglas County",5,45,1364,693,671
050,20,045,"Kansas","Douglas County",5,46,1345,687,658
050,20,045,"Kansas","Douglas County",5,47,1283,660,623
050,20,045,"Kansas","Douglas County",5,48,1159,583,576
050,20,045,"Kansas","Douglas County",5,49,1089,554,535
050,20,045,"Kansas","Douglas County",5,50,1077,539,538
050,20,045,"Kansas","Douglas County",5,51,1093,541,552
050,20,045,"Kansas","Douglas County",5,52,1217,596,621
050,20,045,"Kansas","Douglas County",5,53,1236,612,624
050,20,045,"Kansas","Douglas County",5,54,1167,598,569
050,20,045,"Kansas","Douglas County",5,55,1056,526,530
050,20,045,"Kansas","Douglas County",5,56,1047,513,534
050,20,045,"Kansas","Douglas County",5,57,1081,543,538
050,20,045,"Kansas","Douglas County",5,58,1122,554,568
050,20,045,"Kansas","Douglas County",5,59,1158,543,615
050,20,045,"Kansas","Douglas County",5,60,1193,572,621
050,20,045,"Kansas","Douglas County",5,61,1248,599,649
050,20,045,"Kansas","Douglas County",5,62,1213,566,647
050,20,045,"Kansas","Douglas County",5,63,1181,545,636
050,20,045,"Kansas","Douglas County",5,64,1181,533,648
050,20,045,"Kansas","Douglas County",5,65,1191,522,669
050,20,045,"Kansas","Douglas County",5,66,1167,531,636
050,20,045,"Kansas","Douglas County",5,67,1156,541,615
050,20,045,"Kansas","Douglas County",5,68,1161,543,618
050,20,045,"Kansas","Douglas County",5,69,1132,531,601
050,20,045,"Kansas","Douglas County",5,70,1072,516,556
050,20,045,"Kansas","Douglas County",5,71,1034,509,525
050,20,045,"Kansas","Douglas County",5,72,983,478,505
050,20,045,"Kansas","Douglas County",5,73,910,441,469
050,20,045,"Kansas","Douglas County",5,74,837,387,450
050,20,045,"Kansas","Douglas County",5,75,798,368,430
050,20,045,"Kansas","Douglas County",5,76,861,412,449
050,20,045,"Kansas","Douglas County",5,77,562,258,304
050,20,045,"Kansas","Douglas County",5,78,520,238,282
050,20,045,"Kansas","Douglas County",5,79,495,216,279
050,20,045,"Kansas","Douglas County",5,80,550,229,321
050,20,045,"Kansas","Douglas County",5,81,392,159,233
050,20,045,"Kansas","Douglas County",5,82,352,155,197
050,20,045,"Kansas","Douglas County",5,83,311,129,182
050,20,045,"Kansas","Douglas County",5,84,274,118,156
050,20,045,"Kansas","Douglas County",5,85,1608,555,1053
050,20,047,"Kansas","Edwards County",1,0,30,16,14
050,20,047,"Kansas","Edwards County",1,1,31,18,13
050,20,047,"Kansas","Edwards County",1,2,33,19,14
050,20,047,"Kansas","Edwards County",1,3,36,25,11
050,20,047,"Kansas","Edwards County",1,4,28,15,13
050,20,047,"Kansas","Edwards County",1,5,41,23,18
050,20,047,"Kansas","Edwards County",1,6,42,19,23
050,20,047,"Kansas","Edwards County",1,7,46,23,23
050,20,047,"Kansas","Edwards County",1,8,38,21,17
050,20,047,"Kansas","Edwards County",1,9,31,18,13
050,20,047,"Kansas","Edwards County",1,10,36,15,21
050,20,047,"Kansas","Edwards County",1,11,37,19,18
050,20,047,"Kansas","Edwards County",1,12,39,23,16
050,20,047,"Kansas","Edwards County",1,13,36,22,14
050,20,047,"Kansas","Edwards County",1,14,39,17,22
050,20,047,"Kansas","Edwards County",1,15,44,21,23
050,20,047,"Kansas","Edwards County",1,16,49,23,26
050,20,047,"Kansas","Edwards County",1,17,39,20,19
050,20,047,"Kansas","Edwards County",1,18,38,20,18
050,20,047,"Kansas","Edwards County",1,19,34,18,16
050,20,047,"Kansas","Edwards County",1,20,31,16,15
050,20,047,"Kansas","Edwards County",1,21,32,13,19
050,20,047,"Kansas","Edwards County",1,22,30,13,17
050,20,047,"Kansas","Edwards County",1,23,35,18,17
050,20,047,"Kansas","Edwards County",1,24,18,9,9
050,20,047,"Kansas","Edwards County",1,25,25,12,13
050,20,047,"Kansas","Edwards County",1,26,33,18,15
050,20,047,"Kansas","Edwards County",1,27,24,13,11
050,20,047,"Kansas","Edwards County",1,28,26,14,12
050,20,047,"Kansas","Edwards County",1,29,25,13,12
050,20,047,"Kansas","Edwards County",1,30,24,12,12
050,20,047,"Kansas","Edwards County",1,31,22,8,14
050,20,047,"Kansas","Edwards County",1,32,26,13,13
050,20,047,"Kansas","Edwards County",1,33,27,15,12
050,20,047,"Kansas","Edwards County",1,34,25,11,14
050,20,047,"Kansas","Edwards County",1,35,30,15,15
050,20,047,"Kansas","Edwards County",1,36,29,16,13
050,20,047,"Kansas","Edwards County",1,37,33,18,15
050,20,047,"Kansas","Edwards County",1,38,39,21,18
050,20,047,"Kansas","Edwards County",1,39,33,18,15
050,20,047,"Kansas","Edwards County",1,40,32,18,14
050,20,047,"Kansas","Edwards County",1,41,24,15,9
050,20,047,"Kansas","Edwards County",1,42,26,16,10
050,20,047,"Kansas","Edwards County",1,43,35,21,14
050,20,047,"Kansas","Edwards County",1,44,31,20,11
050,20,047,"Kansas","Edwards County",1,45,26,13,13
050,20,047,"Kansas","Edwards County",1,46,27,10,17
050,20,047,"Kansas","Edwards County",1,47,31,16,15
050,20,047,"Kansas","Edwards County",1,48,36,19,17
050,20,047,"Kansas","Edwards County",1,49,38,18,20
050,20,047,"Kansas","Edwards County",1,50,27,15,12
050,20,047,"Kansas","Edwards County",1,51,27,11,16
050,20,047,"Kansas","Edwards County",1,52,32,15,17
050,20,047,"Kansas","Edwards County",1,53,36,22,14
050,20,047,"Kansas","Edwards County",1,54,45,28,17
050,20,047,"Kansas","Edwards County",1,55,43,19,24
050,20,047,"Kansas","Edwards County",1,56,41,20,21
050,20,047,"Kansas","Edwards County",1,57,48,22,26
050,20,047,"Kansas","Edwards County",1,58,44,25,19
050,20,047,"Kansas","Edwards County",1,59,49,25,24
050,20,047,"Kansas","Edwards County",1,60,47,24,23
050,20,047,"Kansas","Edwards County",1,61,53,26,27
050,20,047,"Kansas","Edwards County",1,62,54,27,27
050,20,047,"Kansas","Edwards County",1,63,51,25,26
050,20,047,"Kansas","Edwards County",1,64,57,30,27
050,20,047,"Kansas","Edwards County",1,65,44,25,19
050,20,047,"Kansas","Edwards County",1,66,45,21,24
050,20,047,"Kansas","Edwards County",1,67,42,22,20
050,20,047,"Kansas","Edwards County",1,68,30,16,14
050,20,047,"Kansas","Edwards County",1,69,33,19,14
050,20,047,"Kansas","Edwards County",1,70,38,20,18
050,20,047,"Kansas","Edwards County",1,71,31,17,14
050,20,047,"Kansas","Edwards County",1,72,31,14,17
050,20,047,"Kansas","Edwards County",1,73,32,14,18
050,20,047,"Kansas","Edwards County",1,74,22,10,12
050,20,047,"Kansas","Edwards County",1,75,28,14,14
050,20,047,"Kansas","Edwards County",1,76,23,17,6
050,20,047,"Kansas","Edwards County",1,77,22,13,9
050,20,047,"Kansas","Edwards County",1,78,17,8,9
050,20,047,"Kansas","Edwards County",1,79,17,8,9
050,20,047,"Kansas","Edwards County",1,80,17,8,9
050,20,047,"Kansas","Edwards County",1,81,26,8,18
050,20,047,"Kansas","Edwards County",1,82,20,7,13
050,20,047,"Kansas","Edwards County",1,83,24,13,11
050,20,047,"Kansas","Edwards County",1,84,17,8,9
050,20,047,"Kansas","Edwards County",1,85,70,23,47
050,20,047,"Kansas","Edwards County",2,0,29,13,16
050,20,047,"Kansas","Edwards County",2,1,30,17,13
050,20,047,"Kansas","Edwards County",2,2,34,20,14
050,20,047,"Kansas","Edwards County",2,3,33,22,11
050,20,047,"Kansas","Edwards County",2,4,29,17,12
050,20,047,"Kansas","Edwards County",2,5,37,20,17
050,20,047,"Kansas","Edwards County",2,6,42,21,21
050,20,047,"Kansas","Edwards County",2,7,45,22,23
050,20,047,"Kansas","Edwards County",2,8,40,22,18
050,20,047,"Kansas","Edwards County",2,9,32,18,14
050,20,047,"Kansas","Edwards County",2,10,33,15,18
050,20,047,"Kansas","Edwards County",2,11,38,19,19
050,20,047,"Kansas","Edwards County",2,12,37,21,16
050,20,047,"Kansas","Edwards County",2,13,36,22,14
050,20,047,"Kansas","Edwards County",2,14,36,18,18
050,20,047,"Kansas","Edwards County",2,15,43,20,23
050,20,047,"Kansas","Edwards County",2,16,49,24,25
050,20,047,"Kansas","Edwards County",2,17,42,21,21
050,20,047,"Kansas","Edwards County",2,18,38,20,18
050,20,047,"Kansas","Edwards County",2,19,35,18,17
050,20,047,"Kansas","Edwards County",2,20,32,16,16
050,20,047,"Kansas","Edwards County",2,21,32,14,18
050,20,047,"Kansas","Edwards County",2,22,30,13,17
050,20,047,"Kansas","Edwards County",2,23,33,16,17
050,20,047,"Kansas","Edwards County",2,24,21,11,10
050,20,047,"Kansas","Edwards County",2,25,24,12,12
050,20,047,"Kansas","Edwards County",2,26,28,16,12
050,20,047,"Kansas","Edwards County",2,27,26,14,12
050,20,047,"Kansas","Edwards County",2,28,27,15,12
050,20,047,"Kansas","Edwards County",2,29,25,13,12
050,20,047,"Kansas","Edwards County",2,30,25,13,12
050,20,047,"Kansas","Edwards County",2,31,23,9,14
050,20,047,"Kansas","Edwards County",2,32,25,12,13
050,20,047,"Kansas","Edwards County",2,33,25,14,11
050,20,047,"Kansas","Edwards County",2,34,27,13,14
050,20,047,"Kansas","Edwards County",2,35,29,14,15
050,20,047,"Kansas","Edwards County",2,36,30,16,14
050,20,047,"Kansas","Edwards County",2,37,33,18,15
050,20,047,"Kansas","Edwards County",2,38,37,20,17
050,20,047,"Kansas","Edwards County",2,39,34,18,16
050,20,047,"Kansas","Edwards County",2,40,33,18,15
050,20,047,"Kansas","Edwards County",2,41,24,15,9
050,20,047,"Kansas","Edwards County",2,42,26,16,10
050,20,047,"Kansas","Edwards County",2,43,33,20,13
050,20,047,"Kansas","Edwards County",2,44,32,20,12
050,20,047,"Kansas","Edwards County",2,45,28,14,14
050,20,047,"Kansas","Edwards County",2,46,26,10,16
050,20,047,"Kansas","Edwards County",2,47,30,15,15
050,20,047,"Kansas","Edwards County",2,48,36,19,17
050,20,047,"Kansas","Edwards County",2,49,38,19,19
050,20,047,"Kansas","Edwards County",2,50,28,14,14
050,20,047,"Kansas","Edwards County",2,51,28,13,15
050,20,047,"Kansas","Edwards County",2,52,31,14,17
050,20,047,"Kansas","Edwards County",2,53,33,19,14
050,20,047,"Kansas","Edwards County",2,54,42,26,16
050,20,047,"Kansas","Edwards County",2,55,41,20,21
050,20,047,"Kansas","Edwards County",2,56,41,20,21
050,20,047,"Kansas","Edwards County",2,57,45,20,25
050,20,047,"Kansas","Edwards County",2,58,45,24,21
050,20,047,"Kansas","Edwards County",2,59,48,25,23
050,20,047,"Kansas","Edwards County",2,60,48,25,23
050,20,047,"Kansas","Edwards County",2,61,52,26,26
050,20,047,"Kansas","Edwards County",2,62,53,26,27
050,20,047,"Kansas","Edwards County",2,63,53,26,27
050,20,047,"Kansas","Edwards County",2,64,54,28,26
050,20,047,"Kansas","Edwards County",2,65,47,26,21
050,20,047,"Kansas","Edwards County",2,66,46,23,23
050,20,047,"Kansas","Edwards County",2,67,42,21,21
050,20,047,"Kansas","Edwards County",2,68,33,17,16
050,20,047,"Kansas","Edwards County",2,69,31,17,14
050,20,047,"Kansas","Edwards County",2,70,37,20,17
050,20,047,"Kansas","Edwards County",2,71,33,18,15
050,20,047,"Kansas","Edwards County",2,72,30,14,16
050,20,047,"Kansas","Edwards County",2,73,33,15,18
050,20,047,"Kansas","Edwards County",2,74,21,9,12
050,20,047,"Kansas","Edwards County",2,75,26,13,13
050,20,047,"Kansas","Edwards County",2,76,23,16,7
050,20,047,"Kansas","Edwards County",2,77,23,14,9
050,20,047,"Kansas","Edwards County",2,78,18,9,9
050,20,047,"Kansas","Edwards County",2,79,17,8,9
050,20,047,"Kansas","Edwards County",2,80,17,8,9
050,20,047,"Kansas","Edwards County",2,81,22,8,14
050,20,047,"Kansas","Edwards County",2,82,21,6,15
050,20,047,"Kansas","Edwards County",2,83,22,11,11
050,20,047,"Kansas","Edwards County",2,84,19,9,10
050,20,047,"Kansas","Edwards County",2,85,71,24,47
050,20,047,"Kansas","Edwards County",3,0,30,18,12
050,20,047,"Kansas","Edwards County",3,1,27,13,14
050,20,047,"Kansas","Edwards County",3,2,33,16,17
050,20,047,"Kansas","Edwards County",3,3,36,19,17
050,20,047,"Kansas","Edwards County",3,4,30,19,11
050,20,047,"Kansas","Edwards County",3,5,31,18,13
050,20,047,"Kansas","Edwards County",3,6,38,20,18
050,20,047,"Kansas","Edwards County",3,7,39,20,19
050,20,047,"Kansas","Edwards County",3,8,42,20,22
050,20,047,"Kansas","Edwards County",3,9,38,20,18
050,20,047,"Kansas","Edwards County",3,10,33,18,15
050,20,047,"Kansas","Edwards County",3,11,28,13,15
050,20,047,"Kansas","Edwards County",3,12,38,20,18
050,20,047,"Kansas","Edwards County",3,13,35,20,15
050,20,047,"Kansas","Edwards County",3,14,41,27,14
050,20,047,"Kansas","Edwards County",3,15,31,17,14
050,20,047,"Kansas","Edwards County",3,16,38,20,18
050,20,047,"Kansas","Edwards County",3,17,47,23,24
050,20,047,"Kansas","Edwards County",3,18,36,17,19
050,20,047,"Kansas","Edwards County",3,19,29,16,13
050,20,047,"Kansas","Edwards County",3,20,37,19,18
050,20,047,"Kansas","Edwards County",3,21,30,15,15
050,20,047,"Kansas","Edwards County",3,22,33,15,18
050,20,047,"Kansas","Edwards County",3,23,23,14,9
050,20,047,"Kansas","Edwards County",3,24,31,15,16
050,20,047,"Kansas","Edwards County",3,25,25,14,11
050,20,047,"Kansas","Edwards County",3,26,27,14,13
050,20,047,"Kansas","Edwards County",3,27,27,13,14
050,20,047,"Kansas","Edwards County",3,28,25,12,13
050,20,047,"Kansas","Edwards County",3,29,30,19,11
050,20,047,"Kansas","Edwards County",3,30,23,14,9
050,20,047,"Kansas","Edwards County",3,31,22,9,13
050,20,047,"Kansas","Edwards County",3,32,23,10,13
050,20,047,"Kansas","Edwards County",3,33,25,16,9
050,20,047,"Kansas","Edwards County",3,34,26,14,12
050,20,047,"Kansas","Edwards County",3,35,29,15,14
050,20,047,"Kansas","Edwards County",3,36,26,13,13
050,20,047,"Kansas","Edwards County",3,37,30,16,14
050,20,047,"Kansas","Edwards County",3,38,37,20,17
050,20,047,"Kansas","Edwards County",3,39,36,18,18
050,20,047,"Kansas","Edwards County",3,40,38,18,20
050,20,047,"Kansas","Edwards County",3,41,34,19,15
050,20,047,"Kansas","Edwards County",3,42,25,14,11
050,20,047,"Kansas","Edwards County",3,43,25,15,10
050,20,047,"Kansas","Edwards County",3,44,34,21,13
050,20,047,"Kansas","Edwards County",3,45,31,20,11
050,20,047,"Kansas","Edwards County",3,46,23,13,10
050,20,047,"Kansas","Edwards County",3,47,30,14,16
050,20,047,"Kansas","Edwards County",3,48,33,18,15
050,20,047,"Kansas","Edwards County",3,49,37,20,17
050,20,047,"Kansas","Edwards County",3,50,38,19,19
050,20,047,"Kansas","Edwards County",3,51,26,13,13
050,20,047,"Kansas","Edwards County",3,52,28,12,16
050,20,047,"Kansas","Edwards County",3,53,33,15,18
050,20,047,"Kansas","Edwards County",3,54,34,20,14
050,20,047,"Kansas","Edwards County",3,55,36,20,16
050,20,047,"Kansas","Edwards County",3,56,39,20,19
050,20,047,"Kansas","Edwards County",3,57,41,20,21
050,20,047,"Kansas","Edwards County",3,58,44,21,23
050,20,047,"Kansas","Edwards County",3,59,46,23,23
050,20,047,"Kansas","Edwards County",3,60,44,24,20
050,20,047,"Kansas","Edwards County",3,61,51,27,24
050,20,047,"Kansas","Edwards County",3,62,50,23,27
050,20,047,"Kansas","Edwards County",3,63,50,25,25
050,20,047,"Kansas","Edwards County",3,64,54,28,26
050,20,047,"Kansas","Edwards County",3,65,49,26,23
050,20,047,"Kansas","Edwards County",3,66,44,23,21
050,20,047,"Kansas","Edwards County",3,67,42,21,21
050,20,047,"Kansas","Edwards County",3,68,42,21,21
050,20,047,"Kansas","Edwards County",3,69,32,16,16
050,20,047,"Kansas","Edwards County",3,70,26,14,12
050,20,047,"Kansas","Edwards County",3,71,37,20,17
050,20,047,"Kansas","Edwards County",3,72,28,16,12
050,20,047,"Kansas","Edwards County",3,73,31,16,15
050,20,047,"Kansas","Edwards County",3,74,26,10,16
050,20,047,"Kansas","Edwards County",3,75,18,6,12
050,20,047,"Kansas","Edwards County",3,76,21,10,11
050,20,047,"Kansas","Edwards County",3,77,20,15,5
050,20,047,"Kansas","Edwards County",3,78,16,9,7
050,20,047,"Kansas","Edwards County",3,79,18,9,9
050,20,047,"Kansas","Edwards County",3,80,18,9,9
050,20,047,"Kansas","Edwards County",3,81,13,7,6
050,20,047,"Kansas","Edwards County",3,82,21,8,13
050,20,047,"Kansas","Edwards County",3,83,16,5,11
050,20,047,"Kansas","Edwards County",3,84,18,9,9
050,20,047,"Kansas","Edwards County",3,85,77,28,49
050,20,047,"Kansas","Edwards County",4,0,31,14,17
050,20,047,"Kansas","Edwards County",4,1,32,20,12
050,20,047,"Kansas","Edwards County",4,2,25,12,13
050,20,047,"Kansas","Edwards County",4,3,33,19,14
050,20,047,"Kansas","Edwards County",4,4,33,17,16
050,20,047,"Kansas","Edwards County",4,5,31,19,12
050,20,047,"Kansas","Edwards County",4,6,29,18,11
050,20,047,"Kansas","Edwards County",4,7,36,19,17
050,20,047,"Kansas","Edwards County",4,8,41,20,21
050,20,047,"Kansas","Edwards County",4,9,39,17,22
050,20,047,"Kansas","Edwards County",4,10,32,17,15
050,20,047,"Kansas","Edwards County",4,11,30,15,15
050,20,047,"Kansas","Edwards County",4,12,32,14,18
050,20,047,"Kansas","Edwards County",4,13,38,21,17
050,20,047,"Kansas","Edwards County",4,14,40,22,18
050,20,047,"Kansas","Edwards County",4,15,37,21,16
050,20,047,"Kansas","Edwards County",4,16,34,17,17
050,20,047,"Kansas","Edwards County",4,17,38,19,19
050,20,047,"Kansas","Edwards County",4,18,40,18,22
050,20,047,"Kansas","Edwards County",4,19,28,15,13
050,20,047,"Kansas","Edwards County",4,20,31,16,15
050,20,047,"Kansas","Edwards County",4,21,36,19,17
050,20,047,"Kansas","Edwards County",4,22,32,15,17
050,20,047,"Kansas","Edwards County",4,23,29,13,16
050,20,047,"Kansas","Edwards County",4,24,21,12,9
050,20,047,"Kansas","Edwards County",4,25,26,15,11
050,20,047,"Kansas","Edwards County",4,26,29,19,10
050,20,047,"Kansas","Edwards County",4,27,25,13,12
050,20,047,"Kansas","Edwards County",4,28,29,15,14
050,20,047,"Kansas","Edwards County",4,29,31,17,14
050,20,047,"Kansas","Edwards County",4,30,26,17,9
050,20,047,"Kansas","Edwards County",4,31,24,14,10
050,20,047,"Kansas","Edwards County",4,32,22,10,12
050,20,047,"Kansas","Edwards County",4,33,23,10,13
050,20,047,"Kansas","Edwards County",4,34,27,17,10
050,20,047,"Kansas","Edwards County",4,35,29,16,13
050,20,047,"Kansas","Edwards County",4,36,22,13,9
050,20,047,"Kansas","Edwards County",4,37,26,14,12
050,20,047,"Kansas","Edwards County",4,38,29,15,14
050,20,047,"Kansas","Edwards County",4,39,41,23,18
050,20,047,"Kansas","Edwards County",4,40,36,18,18
050,20,047,"Kansas","Edwards County",4,41,38,17,21
050,20,047,"Kansas","Edwards County",4,42,34,19,15
050,20,047,"Kansas","Edwards County",4,43,24,15,9
050,20,047,"Kansas","Edwards County",4,44,30,17,13
050,20,047,"Kansas","Edwards County",4,45,35,21,14
050,20,047,"Kansas","Edwards County",4,46,32,21,11
050,20,047,"Kansas","Edwards County",4,47,24,14,10
050,20,047,"Kansas","Edwards County",4,48,28,10,18
050,20,047,"Kansas","Edwards County",4,49,31,16,15
050,20,047,"Kansas","Edwards County",4,50,35,18,17
050,20,047,"Kansas","Edwards County",4,51,40,21,19
050,20,047,"Kansas","Edwards County",4,52,27,14,13
050,20,047,"Kansas","Edwards County",4,53,27,11,16
050,20,047,"Kansas","Edwards County",4,54,34,16,18
050,20,047,"Kansas","Edwards County",4,55,28,14,14
050,20,047,"Kansas","Edwards County",4,56,35,21,14
050,20,047,"Kansas","Edwards County",4,57,43,21,22
050,20,047,"Kansas","Edwards County",4,58,44,23,21
050,20,047,"Kansas","Edwards County",4,59,46,22,24
050,20,047,"Kansas","Edwards County",4,60,45,22,23
050,20,047,"Kansas","Edwards County",4,61,43,23,20
050,20,047,"Kansas","Edwards County",4,62,50,26,24
050,20,047,"Kansas","Edwards County",4,63,48,23,25
050,20,047,"Kansas","Edwards County",4,64,48,23,25
050,20,047,"Kansas","Edwards County",4,65,54,30,24
050,20,047,"Kansas","Edwards County",4,66,44,24,20
050,20,047,"Kansas","Edwards County",4,67,41,21,20
050,20,047,"Kansas","Edwards County",4,68,37,20,17
050,20,047,"Kansas","Edwards County",4,69,42,22,20
050,20,047,"Kansas","Edwards County",4,70,28,12,16
050,20,047,"Kansas","Edwards County",4,71,29,15,14
050,20,047,"Kansas","Edwards County",4,72,33,17,16
050,20,047,"Kansas","Edwards County",4,73,31,19,12
050,20,047,"Kansas","Edwards County",4,74,27,13,14
050,20,047,"Kansas","Edwards County",4,75,26,10,16
050,20,047,"Kansas","Edwards County",4,76,15,5,10
050,20,047,"Kansas","Edwards County",4,77,22,10,12
050,20,047,"Kansas","Edwards County",4,78,15,11,4
050,20,047,"Kansas","Edwards County",4,79,13,7,6
050,20,047,"Kansas","Edwards County",4,80,20,10,10
050,20,047,"Kansas","Edwards County",4,81,17,9,8
050,20,047,"Kansas","Edwards County",4,82,13,7,6
050,20,047,"Kansas","Edwards County",4,83,19,7,12
050,20,047,"Kansas","Edwards County",4,84,14,5,9
050,20,047,"Kansas","Edwards County",4,85,78,29,49
050,20,047,"Kansas","Edwards County",5,0,29,14,15
050,20,047,"Kansas","Edwards County",5,1,27,12,15
050,20,047,"Kansas","Edwards County",5,2,33,20,13
050,20,047,"Kansas","Edwards County",5,3,27,14,13
050,20,047,"Kansas","Edwards County",5,4,35,20,15
050,20,047,"Kansas","Edwards County",5,5,35,20,15
050,20,047,"Kansas","Edwards County",5,6,36,20,16
050,20,047,"Kansas","Edwards County",5,7,31,18,13
050,20,047,"Kansas","Edwards County",5,8,34,17,17
050,20,047,"Kansas","Edwards County",5,9,40,18,22
050,20,047,"Kansas","Edwards County",5,10,40,18,22
050,20,047,"Kansas","Edwards County",5,11,32,15,17
050,20,047,"Kansas","Edwards County",5,12,32,16,16
050,20,047,"Kansas","Edwards County",5,13,33,14,19
050,20,047,"Kansas","Edwards County",5,14,37,20,17
050,20,047,"Kansas","Edwards County",5,15,39,20,19
050,20,047,"Kansas","Edwards County",5,16,42,22,20
050,20,047,"Kansas","Edwards County",5,17,32,17,15
050,20,047,"Kansas","Edwards County",5,18,31,17,14
050,20,047,"Kansas","Edwards County",5,19,30,14,16
050,20,047,"Kansas","Edwards County",5,20,26,12,14
050,20,047,"Kansas","Edwards County",5,21,27,12,15
050,20,047,"Kansas","Edwards County",5,22,40,19,21
050,20,047,"Kansas","Edwards County",5,23,29,11,18
050,20,047,"Kansas","Edwards County",5,24,27,14,13
050,20,047,"Kansas","Edwards County",5,25,26,12,14
050,20,047,"Kansas","Edwards County",5,26,27,15,12
050,20,047,"Kansas","Edwards County",5,27,32,19,13
050,20,047,"Kansas","Edwards County",5,28,25,15,10
050,20,047,"Kansas","Edwards County",5,29,33,17,16
050,20,047,"Kansas","Edwards County",5,30,31,18,13
050,20,047,"Kansas","Edwards County",5,31,26,16,10
050,20,047,"Kansas","Edwards County",5,32,29,16,13
050,20,047,"Kansas","Edwards County",5,33,21,10,11
050,20,047,"Kansas","Edwards County",5,34,22,9,13
050,20,047,"Kansas","Edwards County",5,35,25,16,9
050,20,047,"Kansas","Edwards County",5,36,34,18,16
050,20,047,"Kansas","Edwards County",5,37,22,12,10
050,20,047,"Kansas","Edwards County",5,38,28,16,12
050,20,047,"Kansas","Edwards County",5,39,33,17,16
050,20,047,"Kansas","Edwards County",5,40,42,24,18
050,20,047,"Kansas","Edwards County",5,41,41,21,20
050,20,047,"Kansas","Edwards County",5,42,40,20,20
050,20,047,"Kansas","Edwards County",5,43,30,16,14
050,20,047,"Kansas","Edwards County",5,44,23,14,9
050,20,047,"Kansas","Edwards County",5,45,30,17,13
050,20,047,"Kansas","Edwards County",5,46,35,21,14
050,20,047,"Kansas","Edwards County",5,47,32,21,11
050,20,047,"Kansas","Edwards County",5,48,22,14,8
050,20,047,"Kansas","Edwards County",5,49,29,10,19
050,20,047,"Kansas","Edwards County",5,50,31,16,15
050,20,047,"Kansas","Edwards County",5,51,32,15,17
050,20,047,"Kansas","Edwards County",5,52,40,21,19
050,20,047,"Kansas","Edwards County",5,53,24,11,13
050,20,047,"Kansas","Edwards County",5,54,29,13,16
050,20,047,"Kansas","Edwards County",5,55,28,14,14
050,20,047,"Kansas","Edwards County",5,56,25,12,13
050,20,047,"Kansas","Edwards County",5,57,35,20,15
050,20,047,"Kansas","Edwards County",5,58,42,22,20
050,20,047,"Kansas","Edwards County",5,59,46,24,22
050,20,047,"Kansas","Edwards County",5,60,43,20,23
050,20,047,"Kansas","Edwards County",5,61,41,19,22
050,20,047,"Kansas","Edwards County",5,62,43,23,20
050,20,047,"Kansas","Edwards County",5,63,49,26,23
050,20,047,"Kansas","Edwards County",5,64,44,22,22
050,20,047,"Kansas","Edwards County",5,65,45,21,24
050,20,047,"Kansas","Edwards County",5,66,53,31,22
050,20,047,"Kansas","Edwards County",5,67,41,22,19
050,20,047,"Kansas","Edwards County",5,68,40,21,19
050,20,047,"Kansas","Edwards County",5,69,35,19,16
050,20,047,"Kansas","Edwards County",5,70,39,20,19
050,20,047,"Kansas","Edwards County",5,71,29,13,16
050,20,047,"Kansas","Edwards County",5,72,25,14,11
050,20,047,"Kansas","Edwards County",5,73,33,19,14
050,20,047,"Kansas","Edwards County",5,74,27,14,13
050,20,047,"Kansas","Edwards County",5,75,26,12,14
050,20,047,"Kansas","Edwards County",5,76,24,10,14
050,20,047,"Kansas","Edwards County",5,77,15,5,10
050,20,047,"Kansas","Edwards County",5,78,21,9,12
050,20,047,"Kansas","Edwards County",5,79,15,12,3
050,20,047,"Kansas","Edwards County",5,80,15,8,7
050,20,047,"Kansas","Edwards County",5,81,16,9,7
050,20,047,"Kansas","Edwards County",5,82,14,7,7
050,20,047,"Kansas","Edwards County",5,83,11,6,5
050,20,047,"Kansas","Edwards County",5,84,15,6,9
050,20,047,"Kansas","Edwards County",5,85,80,29,51
050,20,049,"Kansas","Elk County",1,0,23,12,11
050,20,049,"Kansas","Elk County",1,1,22,11,11
050,20,049,"Kansas","Elk County",1,2,24,11,13
050,20,049,"Kansas","Elk County",1,3,37,20,17
050,20,049,"Kansas","Elk County",1,4,34,22,12
050,20,049,"Kansas","Elk County",1,5,23,14,9
050,20,049,"Kansas","Elk County",1,6,31,13,18
050,20,049,"Kansas","Elk County",1,7,35,17,18
050,20,049,"Kansas","Elk County",1,8,39,20,19
050,20,049,"Kansas","Elk County",1,9,34,17,17
050,20,049,"Kansas","Elk County",1,10,35,17,18
050,20,049,"Kansas","Elk County",1,11,32,18,14
050,20,049,"Kansas","Elk County",1,12,39,18,21
050,20,049,"Kansas","Elk County",1,13,48,26,22
050,20,049,"Kansas","Elk County",1,14,43,26,17
050,20,049,"Kansas","Elk County",1,15,30,16,14
050,20,049,"Kansas","Elk County",1,16,30,11,19
050,20,049,"Kansas","Elk County",1,17,31,12,19
050,20,049,"Kansas","Elk County",1,18,25,12,13
050,20,049,"Kansas","Elk County",1,19,15,5,10
050,20,049,"Kansas","Elk County",1,20,17,11,6
050,20,049,"Kansas","Elk County",1,21,19,11,8
050,20,049,"Kansas","Elk County",1,22,16,10,6
050,20,049,"Kansas","Elk County",1,23,17,7,10
050,20,049,"Kansas","Elk County",1,24,12,8,4
050,20,049,"Kansas","Elk County",1,25,23,13,10
050,20,049,"Kansas","Elk County",1,26,18,10,8
050,20,049,"Kansas","Elk County",1,27,18,10,8
050,20,049,"Kansas","Elk County",1,28,19,9,10
050,20,049,"Kansas","Elk County",1,29,19,11,8
050,20,049,"Kansas","Elk County",1,30,29,15,14
050,20,049,"Kansas","Elk County",1,31,30,16,14
050,20,049,"Kansas","Elk County",1,32,20,8,12
050,20,049,"Kansas","Elk County",1,33,23,11,12
050,20,049,"Kansas","Elk County",1,34,20,11,9
050,20,049,"Kansas","Elk County",1,35,18,7,11
050,20,049,"Kansas","Elk County",1,36,17,8,9
050,20,049,"Kansas","Elk County",1,37,20,11,9
050,20,049,"Kansas","Elk County",1,38,28,14,14
050,20,049,"Kansas","Elk County",1,39,28,13,15
050,20,049,"Kansas","Elk County",1,40,26,15,11
050,20,049,"Kansas","Elk County",1,41,20,12,8
050,20,049,"Kansas","Elk County",1,42,19,10,9
050,20,049,"Kansas","Elk County",1,43,17,8,9
050,20,049,"Kansas","Elk County",1,44,23,13,10
050,20,049,"Kansas","Elk County",1,45,23,10,13
050,20,049,"Kansas","Elk County",1,46,23,12,11
050,20,049,"Kansas","Elk County",1,47,26,15,11
050,20,049,"Kansas","Elk County",1,48,31,19,12
050,20,049,"Kansas","Elk County",1,49,29,16,13
050,20,049,"Kansas","Elk County",1,50,22,10,12
050,20,049,"Kansas","Elk County",1,51,26,13,13
050,20,049,"Kansas","Elk County",1,52,28,11,17
050,20,049,"Kansas","Elk County",1,53,28,14,14
050,20,049,"Kansas","Elk County",1,54,27,12,15
050,20,049,"Kansas","Elk County",1,55,28,15,13
050,20,049,"Kansas","Elk County",1,56,34,17,17
050,20,049,"Kansas","Elk County",1,57,45,20,25
050,20,049,"Kansas","Elk County",1,58,38,17,21
050,20,049,"Kansas","Elk County",1,59,39,23,16
050,20,049,"Kansas","Elk County",1,60,43,24,19
050,20,049,"Kansas","Elk County",1,61,46,21,25
050,20,049,"Kansas","Elk County",1,62,41,21,20
050,20,049,"Kansas","Elk County",1,63,40,25,15
050,20,049,"Kansas","Elk County",1,64,45,26,19
050,20,049,"Kansas","Elk County",1,65,47,22,25
050,20,049,"Kansas","Elk County",1,66,48,23,25
050,20,049,"Kansas","Elk County",1,67,46,24,22
050,20,049,"Kansas","Elk County",1,68,38,18,20
050,20,049,"Kansas","Elk County",1,69,23,9,14
050,20,049,"Kansas","Elk County",1,70,37,17,20
050,20,049,"Kansas","Elk County",1,71,40,19,21
050,20,049,"Kansas","Elk County",1,72,40,20,20
050,20,049,"Kansas","Elk County",1,73,34,19,15
050,20,049,"Kansas","Elk County",1,74,24,13,11
050,20,049,"Kansas","Elk County",1,75,26,13,13
050,20,049,"Kansas","Elk County",1,76,24,12,12
050,20,049,"Kansas","Elk County",1,77,26,15,11
050,20,049,"Kansas","Elk County",1,78,27,14,13
050,20,049,"Kansas","Elk County",1,79,26,12,14
050,20,049,"Kansas","Elk County",1,80,15,6,9
050,20,049,"Kansas","Elk County",1,81,24,10,14
050,20,049,"Kansas","Elk County",1,82,22,10,12
050,20,049,"Kansas","Elk County",1,83,20,11,9
050,20,049,"Kansas","Elk County",1,84,15,9,6
050,20,049,"Kansas","Elk County",1,85,76,31,45
050,20,049,"Kansas","Elk County",2,0,20,11,9
050,20,049,"Kansas","Elk County",2,1,23,11,12
050,20,049,"Kansas","Elk County",2,2,26,12,14
050,20,049,"Kansas","Elk County",2,3,32,17,15
050,20,049,"Kansas","Elk County",2,4,35,21,14
050,20,049,"Kansas","Elk County",2,5,25,15,10
050,20,049,"Kansas","Elk County",2,6,30,13,17
050,20,049,"Kansas","Elk County",2,7,33,15,18
050,20,049,"Kansas","Elk County",2,8,37,18,19
050,20,049,"Kansas","Elk County",2,9,34,17,17
050,20,049,"Kansas","Elk County",2,10,34,17,17
050,20,049,"Kansas","Elk County",2,11,33,18,15
050,20,049,"Kansas","Elk County",2,12,39,19,20
050,20,049,"Kansas","Elk County",2,13,45,24,21
050,20,049,"Kansas","Elk County",2,14,44,26,18
050,20,049,"Kansas","Elk County",2,15,35,19,16
050,20,049,"Kansas","Elk County",2,16,31,13,18
050,20,049,"Kansas","Elk County",2,17,31,12,19
050,20,049,"Kansas","Elk County",2,18,24,10,14
050,20,049,"Kansas","Elk County",2,19,16,6,10
050,20,049,"Kansas","Elk County",2,20,17,10,7
050,20,049,"Kansas","Elk County",2,21,18,11,7
050,20,049,"Kansas","Elk County",2,22,16,10,6
050,20,049,"Kansas","Elk County",2,23,17,7,10
050,20,049,"Kansas","Elk County",2,24,13,8,5
050,20,049,"Kansas","Elk County",2,25,20,11,9
050,20,049,"Kansas","Elk County",2,26,19,11,8
050,20,049,"Kansas","Elk County",2,27,18,10,8
050,20,049,"Kansas","Elk County",2,28,19,9,10
050,20,049,"Kansas","Elk County",2,29,20,11,9
050,20,049,"Kansas","Elk County",2,30,26,14,12
050,20,049,"Kansas","Elk County",2,31,31,17,14
050,20,049,"Kansas","Elk County",2,32,22,10,12
050,20,049,"Kansas","Elk County",2,33,23,11,12
050,20,049,"Kansas","Elk County",2,34,20,11,9
050,20,049,"Kansas","Elk County",2,35,19,8,11
050,20,049,"Kansas","Elk County",2,36,18,8,10
050,20,049,"Kansas","Elk County",2,37,19,10,9
050,20,049,"Kansas","Elk County",2,38,27,13,14
050,20,049,"Kansas","Elk County",2,39,30,14,16
050,20,049,"Kansas","Elk County",2,40,27,15,12
050,20,049,"Kansas","Elk County",2,41,22,13,9
050,20,049,"Kansas","Elk County",2,42,19,11,8
050,20,049,"Kansas","Elk County",2,43,18,9,9
050,20,049,"Kansas","Elk County",2,44,21,12,9
050,20,049,"Kansas","Elk County",2,45,23,10,13
050,20,049,"Kansas","Elk County",2,46,22,11,11
050,20,049,"Kansas","Elk County",2,47,26,15,11
050,20,049,"Kansas","Elk County",2,48,31,19,12
050,20,049,"Kansas","Elk County",2,49,30,16,14
050,20,049,"Kansas","Elk County",2,50,24,12,12
050,20,049,"Kansas","Elk County",2,51,24,11,13
050,20,049,"Kansas","Elk County",2,52,28,11,17
050,20,049,"Kansas","Elk County",2,53,29,14,15
050,20,049,"Kansas","Elk County",2,54,28,13,15
050,20,049,"Kansas","Elk County",2,55,28,15,13
050,20,049,"Kansas","Elk County",2,56,34,17,17
050,20,049,"Kansas","Elk County",2,57,43,20,23
050,20,049,"Kansas","Elk County",2,58,39,17,22
050,20,049,"Kansas","Elk County",2,59,40,22,18
050,20,049,"Kansas","Elk County",2,60,41,23,18
050,20,049,"Kansas","Elk County",2,61,45,21,24
050,20,049,"Kansas","Elk County",2,62,40,20,20
050,20,049,"Kansas","Elk County",2,63,41,25,16
050,20,049,"Kansas","Elk County",2,64,43,26,17
050,20,049,"Kansas","Elk County",2,65,46,23,23
050,20,049,"Kansas","Elk County",2,66,49,23,26
050,20,049,"Kansas","Elk County",2,67,46,24,22
050,20,049,"Kansas","Elk County",2,68,39,19,20
050,20,049,"Kansas","Elk County",2,69,26,11,15
050,20,049,"Kansas","Elk County",2,70,33,14,19
050,20,049,"Kansas","Elk County",2,71,40,19,21
050,20,049,"Kansas","Elk County",2,72,38,19,19
050,20,049,"Kansas","Elk County",2,73,37,20,17
050,20,049,"Kansas","Elk County",2,74,24,13,11
050,20,049,"Kansas","Elk County",2,75,26,13,13
050,20,049,"Kansas","Elk County",2,76,24,12,12
050,20,049,"Kansas","Elk County",2,77,25,14,11
050,20,049,"Kansas","Elk County",2,78,26,14,12
050,20,049,"Kansas","Elk County",2,79,26,12,14
050,20,049,"Kansas","Elk County",2,80,17,7,10
050,20,049,"Kansas","Elk County",2,81,20,8,12
050,20,049,"Kansas","Elk County",2,82,23,10,13
050,20,049,"Kansas","Elk County",2,83,20,11,9
050,20,049,"Kansas","Elk County",2,84,16,9,7
050,20,049,"Kansas","Elk County",2,85,76,32,44
050,20,049,"Kansas","Elk County",3,0,21,13,8
050,20,049,"Kansas","Elk County",3,1,24,15,9
050,20,049,"Kansas","Elk County",3,2,23,10,13
050,20,049,"Kansas","Elk County",3,3,26,14,12
050,20,049,"Kansas","Elk County",3,4,27,16,11
050,20,049,"Kansas","Elk County",3,5,32,18,14
050,20,049,"Kansas","Elk County",3,6,20,12,8
050,20,049,"Kansas","Elk County",3,7,26,12,14
050,20,049,"Kansas","Elk County",3,8,31,14,17
050,20,049,"Kansas","Elk County",3,9,34,15,19
050,20,049,"Kansas","Elk County",3,10,35,17,18
050,20,049,"Kansas","Elk County",3,11,34,17,17
050,20,049,"Kansas","Elk County",3,12,34,19,15
050,20,049,"Kansas","Elk County",3,13,38,19,19
050,20,049,"Kansas","Elk County",3,14,42,23,19
050,20,049,"Kansas","Elk County",3,15,46,28,18
050,20,049,"Kansas","Elk County",3,16,39,21,18
050,20,049,"Kansas","Elk County",3,17,31,13,18
050,20,049,"Kansas","Elk County",3,18,26,11,15
050,20,049,"Kansas","Elk County",3,19,16,8,8
050,20,049,"Kansas","Elk County",3,20,18,7,11
050,20,049,"Kansas","Elk County",3,21,18,10,8
050,20,049,"Kansas","Elk County",3,22,21,14,7
050,20,049,"Kansas","Elk County",3,23,13,9,4
050,20,049,"Kansas","Elk County",3,24,21,10,11
050,20,049,"Kansas","Elk County",3,25,15,10,5
050,20,049,"Kansas","Elk County",3,26,25,15,10
050,20,049,"Kansas","Elk County",3,27,18,11,7
050,20,049,"Kansas","Elk County",3,28,21,9,12
050,20,049,"Kansas","Elk County",3,29,18,10,8
050,20,049,"Kansas","Elk County",3,30,19,12,7
050,20,049,"Kansas","Elk County",3,31,23,11,12
050,20,049,"Kansas","Elk County",3,32,27,14,13
050,20,049,"Kansas","Elk County",3,33,21,10,11
050,20,049,"Kansas","Elk County",3,34,23,13,10
050,20,049,"Kansas","Elk County",3,35,19,11,8
050,20,049,"Kansas","Elk County",3,36,19,8,11
050,20,049,"Kansas","Elk County",3,37,17,7,10
050,20,049,"Kansas","Elk County",3,38,18,9,9
050,20,049,"Kansas","Elk County",3,39,26,12,14
050,20,049,"Kansas","Elk County",3,40,31,15,16
050,20,049,"Kansas","Elk County",3,41,28,18,10
050,20,049,"Kansas","Elk County",3,42,23,14,9
050,20,049,"Kansas","Elk County",3,43,19,11,8
050,20,049,"Kansas","Elk County",3,44,18,9,9
050,20,049,"Kansas","Elk County",3,45,24,12,12
050,20,049,"Kansas","Elk County",3,46,23,9,14
050,20,049,"Kansas","Elk County",3,47,23,11,12
050,20,049,"Kansas","Elk County",3,48,22,14,8
050,20,049,"Kansas","Elk County",3,49,29,17,12
050,20,049,"Kansas","Elk County",3,50,34,19,15
050,20,049,"Kansas","Elk County",3,51,25,12,13
050,20,049,"Kansas","Elk County",3,52,26,12,14
050,20,049,"Kansas","Elk County",3,53,28,11,17
050,20,049,"Kansas","Elk County",3,54,31,16,15
050,20,049,"Kansas","Elk County",3,55,33,15,18
050,20,049,"Kansas","Elk County",3,56,29,14,15
050,20,049,"Kansas","Elk County",3,57,33,16,17
050,20,049,"Kansas","Elk County",3,58,42,20,22
050,20,049,"Kansas","Elk County",3,59,40,17,23
050,20,049,"Kansas","Elk County",3,60,36,20,16
050,20,049,"Kansas","Elk County",3,61,37,19,18
050,20,049,"Kansas","Elk County",3,62,45,21,24
050,20,049,"Kansas","Elk County",3,63,39,22,17
050,20,049,"Kansas","Elk County",3,64,42,25,17
050,20,049,"Kansas","Elk County",3,65,42,25,17
050,20,049,"Kansas","Elk County",3,66,46,23,23
050,20,049,"Kansas","Elk County",3,67,47,24,23
050,20,049,"Kansas","Elk County",3,68,45,23,22
050,20,049,"Kansas","Elk County",3,69,38,17,21
050,20,049,"Kansas","Elk County",3,70,25,10,15
050,20,049,"Kansas","Elk County",3,71,34,14,20
050,20,049,"Kansas","Elk County",3,72,37,19,18
050,20,049,"Kansas","Elk County",3,73,32,16,16
050,20,049,"Kansas","Elk County",3,74,35,19,16
050,20,049,"Kansas","Elk County",3,75,23,12,11
050,20,049,"Kansas","Elk County",3,76,24,12,12
050,20,049,"Kansas","Elk County",3,77,25,12,13
050,20,049,"Kansas","Elk County",3,78,24,14,10
050,20,049,"Kansas","Elk County",3,79,25,14,11
050,20,049,"Kansas","Elk County",3,80,24,11,13
050,20,049,"Kansas","Elk County",3,81,13,6,7
050,20,049,"Kansas","Elk County",3,82,18,7,11
050,20,049,"Kansas","Elk County",3,83,23,9,14
050,20,049,"Kansas","Elk County",3,84,19,10,9
050,20,049,"Kansas","Elk County",3,85,75,31,44
050,20,049,"Kansas","Elk County",4,0,18,12,6
050,20,049,"Kansas","Elk County",4,1,21,13,8
050,20,049,"Kansas","Elk County",4,2,21,16,5
050,20,049,"Kansas","Elk County",4,3,21,8,13
050,20,049,"Kansas","Elk County",4,4,25,13,12
050,20,049,"Kansas","Elk County",4,5,30,19,11
050,20,049,"Kansas","Elk County",4,6,33,21,12
050,20,049,"Kansas","Elk County",4,7,26,16,10
050,20,049,"Kansas","Elk County",4,8,34,16,18
050,20,049,"Kansas","Elk County",4,9,35,18,17
050,20,049,"Kansas","Elk County",4,10,31,12,19
050,20,049,"Kansas","Elk County",4,11,40,20,20
050,20,049,"Kansas","Elk County",4,12,34,17,17
050,20,049,"Kansas","Elk County",4,13,38,20,18
050,20,049,"Kansas","Elk County",4,14,43,21,22
050,20,049,"Kansas","Elk County",4,15,45,23,22
050,20,049,"Kansas","Elk County",4,16,41,25,16
050,20,049,"Kansas","Elk County",4,17,38,21,17
050,20,049,"Kansas","Elk County",4,18,26,15,11
050,20,049,"Kansas","Elk County",4,19,17,7,10
050,20,049,"Kansas","Elk County",4,20,18,8,10
050,20,049,"Kansas","Elk County",4,21,21,7,14
050,20,049,"Kansas","Elk County",4,22,21,10,11
050,20,049,"Kansas","Elk County",4,23,17,9,8
050,20,049,"Kansas","Elk County",4,24,15,10,5
050,20,049,"Kansas","Elk County",4,25,24,14,10
050,20,049,"Kansas","Elk County",4,26,17,10,7
050,20,049,"Kansas","Elk County",4,27,27,16,11
050,20,049,"Kansas","Elk County",4,28,17,8,9
050,20,049,"Kansas","Elk County",4,29,21,10,11
050,20,049,"Kansas","Elk County",4,30,17,9,8
050,20,049,"Kansas","Elk County",4,31,22,14,8
050,20,049,"Kansas","Elk County",4,32,23,11,12
050,20,049,"Kansas","Elk County",4,33,25,13,12
050,20,049,"Kansas","Elk County",4,34,23,10,13
050,20,049,"Kansas","Elk County",4,35,22,12,10
050,20,049,"Kansas","Elk County",4,36,20,12,8
050,20,049,"Kansas","Elk County",4,37,20,8,12
050,20,049,"Kansas","Elk County",4,38,18,8,10
050,20,049,"Kansas","Elk County",4,39,16,10,6
050,20,049,"Kansas","Elk County",4,40,26,13,13
050,20,049,"Kansas","Elk County",4,41,27,11,16
050,20,049,"Kansas","Elk County",4,42,33,21,12
050,20,049,"Kansas","Elk County",4,43,22,14,8
050,20,049,"Kansas","Elk County",4,44,20,11,9
050,20,049,"Kansas","Elk County",4,45,21,8,13
050,20,049,"Kansas","Elk County",4,46,29,16,13
050,20,049,"Kansas","Elk County",4,47,25,11,14
050,20,049,"Kansas","Elk County",4,48,19,7,12
050,20,049,"Kansas","Elk County",4,49,22,14,8
050,20,049,"Kansas","Elk County",4,50,26,16,10
050,20,049,"Kansas","Elk County",4,51,35,18,17
050,20,049,"Kansas","Elk County",4,52,29,15,14
050,20,049,"Kansas","Elk County",4,53,25,11,14
050,20,049,"Kansas","Elk County",4,54,32,12,20
050,20,049,"Kansas","Elk County",4,55,30,15,15
050,20,049,"Kansas","Elk County",4,56,31,14,17
050,20,049,"Kansas","Elk County",4,57,31,16,15
050,20,049,"Kansas","Elk County",4,58,34,17,17
050,20,049,"Kansas","Elk County",4,59,40,20,20
050,20,049,"Kansas","Elk County",4,60,37,14,23
050,20,049,"Kansas","Elk County",4,61,40,21,19
050,20,049,"Kansas","Elk County",4,62,38,20,18
050,20,049,"Kansas","Elk County",4,63,48,21,27
050,20,049,"Kansas","Elk County",4,64,41,23,18
050,20,049,"Kansas","Elk County",4,65,43,25,18
050,20,049,"Kansas","Elk County",4,66,47,29,18
050,20,049,"Kansas","Elk County",4,67,46,22,24
050,20,049,"Kansas","Elk County",4,68,45,23,22
050,20,049,"Kansas","Elk County",4,69,42,21,21
050,20,049,"Kansas","Elk County",4,70,37,17,20
050,20,049,"Kansas","Elk County",4,71,24,9,15
050,20,049,"Kansas","Elk County",4,72,32,14,18
050,20,049,"Kansas","Elk County",4,73,33,15,18
050,20,049,"Kansas","Elk County",4,74,31,16,15
050,20,049,"Kansas","Elk County",4,75,33,17,16
050,20,049,"Kansas","Elk County",4,76,21,9,12
050,20,049,"Kansas","Elk County",4,77,24,12,12
050,20,049,"Kansas","Elk County",4,78,25,13,12
050,20,049,"Kansas","Elk County",4,79,21,10,11
050,20,049,"Kansas","Elk County",4,80,21,12,9
050,20,049,"Kansas","Elk County",4,81,22,10,12
050,20,049,"Kansas","Elk County",4,82,11,6,5
050,20,049,"Kansas","Elk County",4,83,17,5,12
050,20,049,"Kansas","Elk County",4,84,23,9,14
050,20,049,"Kansas","Elk County",4,85,68,28,40
050,20,049,"Kansas","Elk County",5,0,18,12,6
050,20,049,"Kansas","Elk County",5,1,16,6,10
050,20,049,"Kansas","Elk County",5,2,21,12,9
050,20,049,"Kansas","Elk County",5,3,26,20,6
050,20,049,"Kansas","Elk County",5,4,20,9,11
050,20,049,"Kansas","Elk County",5,5,26,13,13
050,20,049,"Kansas","Elk County",5,6,35,20,15
050,20,049,"Kansas","Elk County",5,7,33,20,13
050,20,049,"Kansas","Elk County",5,8,27,16,11
050,20,049,"Kansas","Elk County",5,9,34,17,17
050,20,049,"Kansas","Elk County",5,10,35,17,18
050,20,049,"Kansas","Elk County",5,11,33,13,20
050,20,049,"Kansas","Elk County",5,12,43,21,22
050,20,049,"Kansas","Elk County",5,13,36,18,18
050,20,049,"Kansas","Elk County",5,14,38,19,19
050,20,049,"Kansas","Elk County",5,15,43,22,21
050,20,049,"Kansas","Elk County",5,16,45,23,22
050,20,049,"Kansas","Elk County",5,17,41,25,16
050,20,049,"Kansas","Elk County",5,18,30,17,13
050,20,049,"Kansas","Elk County",5,19,20,12,8
050,20,049,"Kansas","Elk County",5,20,20,8,12
050,20,049,"Kansas","Elk County",5,21,13,8,5
050,20,049,"Kansas","Elk County",5,22,21,8,13
050,20,049,"Kansas","Elk County",5,23,22,16,6
050,20,049,"Kansas","Elk County",5,24,14,8,6
050,20,049,"Kansas","Elk County",5,25,13,8,5
050,20,049,"Kansas","Elk County",5,26,23,12,11
050,20,049,"Kansas","Elk County",5,27,17,8,9
050,20,049,"Kansas","Elk County",5,28,28,16,12
050,20,049,"Kansas","Elk County",5,29,18,10,8
050,20,049,"Kansas","Elk County",5,30,22,10,12
050,20,049,"Kansas","Elk County",5,31,23,11,12
050,20,049,"Kansas","Elk County",5,32,22,14,8
050,20,049,"Kansas","Elk County",5,33,24,12,12
050,20,049,"Kansas","Elk County",5,34,27,14,13
050,20,049,"Kansas","Elk County",5,35,24,11,13
050,20,049,"Kansas","Elk County",5,36,21,10,11
050,20,049,"Kansas","Elk County",5,37,19,11,8
050,20,049,"Kansas","Elk County",5,38,22,10,12
050,20,049,"Kansas","Elk County",5,39,21,11,10
050,20,049,"Kansas","Elk County",5,40,16,9,7
050,20,049,"Kansas","Elk County",5,41,29,16,13
050,20,049,"Kansas","Elk County",5,42,28,11,17
050,20,049,"Kansas","Elk County",5,43,34,21,13
050,20,049,"Kansas","Elk County",5,44,27,18,9
050,20,049,"Kansas","Elk County",5,45,23,11,12
050,20,049,"Kansas","Elk County",5,46,20,8,12
050,20,049,"Kansas","Elk County",5,47,29,16,13
050,20,049,"Kansas","Elk County",5,48,27,10,17
050,20,049,"Kansas","Elk County",5,49,19,8,11
050,20,049,"Kansas","Elk County",5,50,21,13,8
050,20,049,"Kansas","Elk County",5,51,26,16,10
050,20,049,"Kansas","Elk County",5,52,37,20,17
050,20,049,"Kansas","Elk County",5,53,28,15,13
050,20,049,"Kansas","Elk County",5,54,28,14,14
050,20,049,"Kansas","Elk County",5,55,30,11,19
050,20,049,"Kansas","Elk County",5,56,29,14,15
050,20,049,"Kansas","Elk County",5,57,33,15,18
050,20,049,"Kansas","Elk County",5,58,32,16,16
050,20,049,"Kansas","Elk County",5,59,34,16,18
050,20,049,"Kansas","Elk County",5,60,39,19,20
050,20,049,"Kansas","Elk County",5,61,38,14,24
050,20,049,"Kansas","Elk County",5,62,47,25,22
050,20,049,"Kansas","Elk County",5,63,41,22,19
050,20,049,"Kansas","Elk County",5,64,49,21,28
050,20,049,"Kansas","Elk County",5,65,39,22,17
050,20,049,"Kansas","Elk County",5,66,42,25,17
050,20,049,"Kansas","Elk County",5,67,47,31,16
050,20,049,"Kansas","Elk County",5,68,55,26,29
050,20,049,"Kansas","Elk County",5,69,43,21,22
050,20,049,"Kansas","Elk County",5,70,42,21,21
050,20,049,"Kansas","Elk County",5,71,38,16,22
050,20,049,"Kansas","Elk County",5,72,23,9,14
050,20,049,"Kansas","Elk County",5,73,29,11,18
050,20,049,"Kansas","Elk County",5,74,31,14,17
050,20,049,"Kansas","Elk County",5,75,28,14,14
050,20,049,"Kansas","Elk County",5,76,30,15,15
050,20,049,"Kansas","Elk County",5,77,19,8,11
050,20,049,"Kansas","Elk County",5,78,23,12,11
050,20,049,"Kansas","Elk County",5,79,24,12,12
050,20,049,"Kansas","Elk County",5,80,19,10,9
050,20,049,"Kansas","Elk County",5,81,16,11,5
050,20,049,"Kansas","Elk County",5,82,20,10,10
050,20,049,"Kansas","Elk County",5,83,5,1,4
050,20,049,"Kansas","Elk County",5,84,16,5,11
050,20,049,"Kansas","Elk County",5,85,80,32,48
050,20,051,"Kansas","Ellis County",1,0,292,148,144
050,20,051,"Kansas","Ellis County",1,1,302,159,143
050,20,051,"Kansas","Ellis County",1,2,289,149,140
050,20,051,"Kansas","Ellis County",1,3,317,171,146
050,20,051,"Kansas","Ellis County",1,4,343,166,177
050,20,051,"Kansas","Ellis County",1,5,328,169,159
050,20,051,"Kansas","Ellis County",1,6,325,170,155
050,20,051,"Kansas","Ellis County",1,7,349,191,158
050,20,051,"Kansas","Ellis County",1,8,346,171,175
050,20,051,"Kansas","Ellis County",1,9,352,188,164
050,20,051,"Kansas","Ellis County",1,10,375,185,190
050,20,051,"Kansas","Ellis County",1,11,346,174,172
050,20,051,"Kansas","Ellis County",1,12,357,185,172
050,20,051,"Kansas","Ellis County",1,13,345,185,160
050,20,051,"Kansas","Ellis County",1,14,344,181,163
050,20,051,"Kansas","Ellis County",1,15,334,172,162
050,20,051,"Kansas","Ellis County",1,16,347,176,171
050,20,051,"Kansas","Ellis County",1,17,338,176,162
050,20,051,"Kansas","Ellis County",1,18,607,298,309
050,20,051,"Kansas","Ellis County",1,19,1080,548,532
050,20,051,"Kansas","Ellis County",1,20,1103,548,555
050,20,051,"Kansas","Ellis County",1,21,803,401,402
050,20,051,"Kansas","Ellis County",1,22,774,385,389
050,20,051,"Kansas","Ellis County",1,23,681,326,355
050,20,051,"Kansas","Ellis County",1,24,567,307,260
050,20,051,"Kansas","Ellis County",1,25,442,247,195
050,20,051,"Kansas","Ellis County",1,26,395,202,193
050,20,051,"Kansas","Ellis County",1,27,398,214,184
050,20,051,"Kansas","Ellis County",1,28,326,172,154
050,20,051,"Kansas","Ellis County",1,29,343,178,165
050,20,051,"Kansas","Ellis County",1,30,340,166,174
050,20,051,"Kansas","Ellis County",1,31,373,187,186
050,20,051,"Kansas","Ellis County",1,32,342,170,172
050,20,051,"Kansas","Ellis County",1,33,320,180,140
050,20,051,"Kansas","Ellis County",1,34,333,184,149
050,20,051,"Kansas","Ellis County",1,35,372,182,190
050,20,051,"Kansas","Ellis County",1,36,368,165,203
050,20,051,"Kansas","Ellis County",1,37,382,201,181
050,20,051,"Kansas","Ellis County",1,38,351,189,162
050,20,051,"Kansas","Ellis County",1,39,337,181,156
050,20,051,"Kansas","Ellis County",1,40,322,167,155
050,20,051,"Kansas","Ellis County",1,41,298,152,146
050,20,051,"Kansas","Ellis County",1,42,309,154,155
050,20,051,"Kansas","Ellis County",1,43,287,149,138
050,20,051,"Kansas","Ellis County",1,44,263,134,129
050,20,051,"Kansas","Ellis County",1,45,278,145,133
050,20,051,"Kansas","Ellis County",1,46,256,123,133
050,20,051,"Kansas","Ellis County",1,47,264,136,128
050,20,051,"Kansas","Ellis County",1,48,261,147,114
050,20,051,"Kansas","Ellis County",1,49,306,178,128
050,20,051,"Kansas","Ellis County",1,50,285,158,127
050,20,051,"Kansas","Ellis County",1,51,287,147,140
050,20,051,"Kansas","Ellis County",1,52,271,131,140
050,20,051,"Kansas","Ellis County",1,53,263,127,136
050,20,051,"Kansas","Ellis County",1,54,277,141,136
050,20,051,"Kansas","Ellis County",1,55,295,146,149
050,20,051,"Kansas","Ellis County",1,56,304,158,146
050,20,051,"Kansas","Ellis County",1,57,317,158,159
050,20,051,"Kansas","Ellis County",1,58,341,170,171
050,20,051,"Kansas","Ellis County",1,59,325,166,159
050,20,051,"Kansas","Ellis County",1,60,320,162,158
050,20,051,"Kansas","Ellis County",1,61,303,150,153
050,20,051,"Kansas","Ellis County",1,62,328,165,163
050,20,051,"Kansas","Ellis County",1,63,355,169,186
050,20,051,"Kansas","Ellis County",1,64,349,173,176
050,20,051,"Kansas","Ellis County",1,65,336,175,161
050,20,051,"Kansas","Ellis County",1,66,318,168,150
050,20,051,"Kansas","Ellis County",1,67,307,159,148
050,20,051,"Kansas","Ellis County",1,68,303,150,153
050,20,051,"Kansas","Ellis County",1,69,279,134,145
050,20,051,"Kansas","Ellis County",1,70,245,118,127
050,20,051,"Kansas","Ellis County",1,71,234,117,117
050,20,051,"Kansas","Ellis County",1,72,227,102,125
050,20,051,"Kansas","Ellis County",1,73,207,104,103
050,20,051,"Kansas","Ellis County",1,74,174,81,93
050,20,051,"Kansas","Ellis County",1,75,178,81,97
050,20,051,"Kansas","Ellis County",1,76,163,68,95
050,20,051,"Kansas","Ellis County",1,77,140,63,77
050,20,051,"Kansas","Ellis County",1,78,132,58,74
050,20,051,"Kansas","Ellis County",1,79,127,58,69
050,20,051,"Kansas","Ellis County",1,80,104,48,56
050,20,051,"Kansas","Ellis County",1,81,97,45,52
050,20,051,"Kansas","Ellis County",1,82,95,40,55
050,20,051,"Kansas","Ellis County",1,83,92,41,51
050,20,051,"Kansas","Ellis County",1,84,86,37,49
050,20,051,"Kansas","Ellis County",1,85,561,216,345
050,20,051,"Kansas","Ellis County",2,0,301,157,144
050,20,051,"Kansas","Ellis County",2,1,297,155,142
050,20,051,"Kansas","Ellis County",2,2,292,152,140
050,20,051,"Kansas","Ellis County",2,3,309,166,143
050,20,051,"Kansas","Ellis County",2,4,336,168,168
050,20,051,"Kansas","Ellis County",2,5,329,168,161
050,20,051,"Kansas","Ellis County",2,6,325,169,156
050,20,051,"Kansas","Ellis County",2,7,343,184,159
050,20,051,"Kansas","Ellis County",2,8,347,176,171
050,20,051,"Kansas","Ellis County",2,9,350,181,169
050,20,051,"Kansas","Ellis County",2,10,369,185,184
050,20,051,"Kansas","Ellis County",2,11,348,175,173
050,20,051,"Kansas","Ellis County",2,12,358,184,174
050,20,051,"Kansas","Ellis County",2,13,344,183,161
050,20,051,"Kansas","Ellis County",2,14,347,183,164
050,20,051,"Kansas","Ellis County",2,15,340,175,165
050,20,051,"Kansas","Ellis County",2,16,347,177,170
050,20,051,"Kansas","Ellis County",2,17,340,176,164
050,20,051,"Kansas","Ellis County",2,18,613,301,312
050,20,051,"Kansas","Ellis County",2,19,1081,548,533
050,20,051,"Kansas","Ellis County",2,20,1108,554,554
050,20,051,"Kansas","Ellis County",2,21,802,399,403
050,20,051,"Kansas","Ellis County",2,22,772,393,379
050,20,051,"Kansas","Ellis County",2,23,678,321,357
050,20,051,"Kansas","Ellis County",2,24,555,302,253
050,20,051,"Kansas","Ellis County",2,25,448,243,205
050,20,051,"Kansas","Ellis County",2,26,390,205,185
050,20,051,"Kansas","Ellis County",2,27,384,204,180
050,20,051,"Kansas","Ellis County",2,28,342,184,158
050,20,051,"Kansas","Ellis County",2,29,338,176,162
050,20,051,"Kansas","Ellis County",2,30,341,171,170
050,20,051,"Kansas","Ellis County",2,31,361,179,182
050,20,051,"Kansas","Ellis County",2,32,344,171,173
050,20,051,"Kansas","Ellis County",2,33,324,178,146
050,20,051,"Kansas","Ellis County",2,34,332,184,148
050,20,051,"Kansas","Ellis County",2,35,364,182,182
050,20,051,"Kansas","Ellis County",2,36,363,166,197
050,20,051,"Kansas","Ellis County",2,37,378,191,187
050,20,051,"Kansas","Ellis County",2,38,359,192,167
050,20,051,"Kansas","Ellis County",2,39,337,181,156
050,20,051,"Kansas","Ellis County",2,40,329,173,156
050,20,051,"Kansas","Ellis County",2,41,303,155,148
050,20,051,"Kansas","Ellis County",2,42,305,152,153
050,20,051,"Kansas","Ellis County",2,43,294,151,143
050,20,051,"Kansas","Ellis County",2,44,267,137,130
050,20,051,"Kansas","Ellis County",2,45,276,143,133
050,20,051,"Kansas","Ellis County",2,46,261,128,133
050,20,051,"Kansas","Ellis County",2,47,265,133,132
050,20,051,"Kansas","Ellis County",2,48,261,146,115
050,20,051,"Kansas","Ellis County",2,49,297,173,124
050,20,051,"Kansas","Ellis County",2,50,289,160,129
050,20,051,"Kansas","Ellis County",2,51,287,150,137
050,20,051,"Kansas","Ellis County",2,52,272,134,138
050,20,051,"Kansas","Ellis County",2,53,265,127,138
050,20,051,"Kansas","Ellis County",2,54,273,139,134
050,20,051,"Kansas","Ellis County",2,55,290,145,145
050,20,051,"Kansas","Ellis County",2,56,302,155,147
050,20,051,"Kansas","Ellis County",2,57,317,159,158
050,20,051,"Kansas","Ellis County",2,58,340,169,171
050,20,051,"Kansas","Ellis County",2,59,326,166,160
050,20,051,"Kansas","Ellis County",2,60,324,166,158
050,20,051,"Kansas","Ellis County",2,61,305,150,155
050,20,051,"Kansas","Ellis County",2,62,324,162,162
050,20,051,"Kansas","Ellis County",2,63,350,169,181
050,20,051,"Kansas","Ellis County",2,64,346,168,178
050,20,051,"Kansas","Ellis County",2,65,338,174,164
050,20,051,"Kansas","Ellis County",2,66,324,172,152
050,20,051,"Kansas","Ellis County",2,67,306,159,147
050,20,051,"Kansas","Ellis County",2,68,303,151,152
050,20,051,"Kansas","Ellis County",2,69,287,138,149
050,20,051,"Kansas","Ellis County",2,70,253,121,132
050,20,051,"Kansas","Ellis County",2,71,237,116,121
050,20,051,"Kansas","Ellis County",2,72,225,104,121
050,20,051,"Kansas","Ellis County",2,73,224,110,114
050,20,051,"Kansas","Ellis County",2,74,173,82,91
050,20,051,"Kansas","Ellis County",2,75,177,81,96
050,20,051,"Kansas","Ellis County",2,76,162,69,93
050,20,051,"Kansas","Ellis County",2,77,147,63,84
050,20,051,"Kansas","Ellis County",2,78,131,58,73
050,20,051,"Kansas","Ellis County",2,79,127,57,70
050,20,051,"Kansas","Ellis County",2,80,108,49,59
050,20,051,"Kansas","Ellis County",2,81,98,45,53
050,20,051,"Kansas","Ellis County",2,82,95,41,54
050,20,051,"Kansas","Ellis County",2,83,90,39,51
050,20,051,"Kansas","Ellis County",2,84,85,38,47
050,20,051,"Kansas","Ellis County",2,85,554,215,339
050,20,051,"Kansas","Ellis County",3,0,264,123,141
050,20,051,"Kansas","Ellis County",3,1,309,170,139
050,20,051,"Kansas","Ellis County",3,2,288,154,134
050,20,051,"Kansas","Ellis County",3,3,284,144,140
050,20,051,"Kansas","Ellis County",3,4,290,156,134
050,20,051,"Kansas","Ellis County",3,5,331,167,164
050,20,051,"Kansas","Ellis County",3,6,336,173,163
050,20,051,"Kansas","Ellis County",3,7,319,166,153
050,20,051,"Kansas","Ellis County",3,8,340,183,157
050,20,051,"Kansas","Ellis County",3,9,340,181,159
050,20,051,"Kansas","Ellis County",3,10,337,170,167
050,20,051,"Kansas","Ellis County",3,11,360,184,176
050,20,051,"Kansas","Ellis County",3,12,347,176,171
050,20,051,"Kansas","Ellis County",3,13,359,188,171
050,20,051,"Kansas","Ellis County",3,14,350,187,163
050,20,051,"Kansas","Ellis County",3,15,347,172,175
050,20,051,"Kansas","Ellis County",3,16,330,174,156
050,20,051,"Kansas","Ellis County",3,17,343,181,162
050,20,051,"Kansas","Ellis County",3,18,633,304,329
050,20,051,"Kansas","Ellis County",3,19,1082,548,534
050,20,051,"Kansas","Ellis County",3,20,1116,556,560
050,20,051,"Kansas","Ellis County",3,21,832,411,421
050,20,051,"Kansas","Ellis County",3,22,782,404,378
050,20,051,"Kansas","Ellis County",3,23,670,321,349
050,20,051,"Kansas","Ellis County",3,24,527,281,246
050,20,051,"Kansas","Ellis County",3,25,462,249,213
050,20,051,"Kansas","Ellis County",3,26,398,220,178
050,20,051,"Kansas","Ellis County",3,27,343,186,157
050,20,051,"Kansas","Ellis County",3,28,369,193,176
050,20,051,"Kansas","Ellis County",3,29,324,178,146
050,20,051,"Kansas","Ellis County",3,30,314,157,157
050,20,051,"Kansas","Ellis County",3,31,323,155,168
050,20,051,"Kansas","Ellis County",3,32,354,173,181
050,20,051,"Kansas","Ellis County",3,33,323,160,163
050,20,051,"Kansas","Ellis County",3,34,327,174,153
050,20,051,"Kansas","Ellis County",3,35,345,184,161
050,20,051,"Kansas","Ellis County",3,36,374,190,184
050,20,051,"Kansas","Ellis County",3,37,366,170,196
050,20,051,"Kansas","Ellis County",3,38,382,194,188
050,20,051,"Kansas","Ellis County",3,39,361,198,163
050,20,051,"Kansas","Ellis County",3,40,343,188,155
050,20,051,"Kansas","Ellis County",3,41,332,173,159
050,20,051,"Kansas","Ellis County",3,42,295,150,145
050,20,051,"Kansas","Ellis County",3,43,303,149,154
050,20,051,"Kansas","Ellis County",3,44,288,146,142
050,20,051,"Kansas","Ellis County",3,45,271,137,134
050,20,051,"Kansas","Ellis County",3,46,276,143,133
050,20,051,"Kansas","Ellis County",3,47,265,129,136
050,20,051,"Kansas","Ellis County",3,48,262,134,128
050,20,051,"Kansas","Ellis County",3,49,274,157,117
050,20,051,"Kansas","Ellis County",3,50,291,166,125
050,20,051,"Kansas","Ellis County",3,51,289,155,134
050,20,051,"Kansas","Ellis County",3,52,275,143,132
050,20,051,"Kansas","Ellis County",3,53,262,128,134
050,20,051,"Kansas","Ellis County",3,54,263,128,135
050,20,051,"Kansas","Ellis County",3,55,272,136,136
050,20,051,"Kansas","Ellis County",3,56,287,139,148
050,20,051,"Kansas","Ellis County",3,57,306,156,150
050,20,051,"Kansas","Ellis County",3,58,320,159,161
050,20,051,"Kansas","Ellis County",3,59,319,160,159
050,20,051,"Kansas","Ellis County",3,60,337,175,162
050,20,051,"Kansas","Ellis County",3,61,318,160,158
050,20,051,"Kansas","Ellis County",3,62,292,140,152
050,20,051,"Kansas","Ellis County",3,63,323,159,164
050,20,051,"Kansas","Ellis County",3,64,353,170,183
050,20,051,"Kansas","Ellis County",3,65,351,170,181
050,20,051,"Kansas","Ellis County",3,66,348,182,166
050,20,051,"Kansas","Ellis County",3,67,314,164,150
050,20,051,"Kansas","Ellis County",3,68,297,154,143
050,20,051,"Kansas","Ellis County",3,69,295,145,150
050,20,051,"Kansas","Ellis County",3,70,277,131,146
050,20,051,"Kansas","Ellis County",3,71,241,113,128
050,20,051,"Kansas","Ellis County",3,72,241,113,128
050,20,051,"Kansas","Ellis County",3,73,219,101,118
050,20,051,"Kansas","Ellis County",3,74,219,112,107
050,20,051,"Kansas","Ellis County",3,75,165,78,87
050,20,051,"Kansas","Ellis County",3,76,167,78,89
050,20,051,"Kansas","Ellis County",3,77,146,56,90
050,20,051,"Kansas","Ellis County",3,78,141,59,82
050,20,051,"Kansas","Ellis County",3,79,126,55,71
050,20,051,"Kansas","Ellis County",3,80,122,55,67
050,20,051,"Kansas","Ellis County",3,81,102,46,56
050,20,051,"Kansas","Ellis County",3,82,86,41,45
050,20,051,"Kansas","Ellis County",3,83,86,36,50
050,20,051,"Kansas","Ellis County",3,84,78,33,45
050,20,051,"Kansas","Ellis County",3,85,532,208,324
050,20,051,"Kansas","Ellis County",4,0,267,140,127
050,20,051,"Kansas","Ellis County",4,1,254,114,140
050,20,051,"Kansas","Ellis County",4,2,295,164,131
050,20,051,"Kansas","Ellis County",4,3,302,159,143
050,20,051,"Kansas","Ellis County",4,4,300,152,148
050,20,051,"Kansas","Ellis County",4,5,291,158,133
050,20,051,"Kansas","Ellis County",4,6,316,159,157
050,20,051,"Kansas","Ellis County",4,7,325,168,157
050,20,051,"Kansas","Ellis County",4,8,323,170,153
050,20,051,"Kansas","Ellis County",4,9,330,177,153
050,20,051,"Kansas","Ellis County",4,10,342,180,162
050,20,051,"Kansas","Ellis County",4,11,342,175,167
050,20,051,"Kansas","Ellis County",4,12,354,181,173
050,20,051,"Kansas","Ellis County",4,13,350,177,173
050,20,051,"Kansas","Ellis County",4,14,354,189,165
050,20,051,"Kansas","Ellis County",4,15,351,189,162
050,20,051,"Kansas","Ellis County",4,16,348,177,171
050,20,051,"Kansas","Ellis County",4,17,338,177,161
050,20,051,"Kansas","Ellis County",4,18,632,306,326
050,20,051,"Kansas","Ellis County",4,19,1094,543,551
050,20,051,"Kansas","Ellis County",4,20,1085,539,546
050,20,051,"Kansas","Ellis County",4,21,841,413,428
050,20,051,"Kansas","Ellis County",4,22,810,436,374
050,20,051,"Kansas","Ellis County",4,23,693,330,363
050,20,051,"Kansas","Ellis County",4,24,531,300,231
050,20,051,"Kansas","Ellis County",4,25,421,226,195
050,20,051,"Kansas","Ellis County",4,26,409,215,194
050,20,051,"Kansas","Ellis County",4,27,345,186,159
050,20,051,"Kansas","Ellis County",4,28,313,164,149
050,20,051,"Kansas","Ellis County",4,29,368,196,172
050,20,051,"Kansas","Ellis County",4,30,306,168,138
050,20,051,"Kansas","Ellis County",4,31,318,163,155
050,20,051,"Kansas","Ellis County",4,32,311,148,163
050,20,051,"Kansas","Ellis County",4,33,359,179,180
050,20,051,"Kansas","Ellis County",4,34,325,166,159
050,20,051,"Kansas","Ellis County",4,35,316,164,152
050,20,051,"Kansas","Ellis County",4,36,342,186,156
050,20,051,"Kansas","Ellis County",4,37,382,192,190
050,20,051,"Kansas","Ellis County",4,38,367,170,197
050,20,051,"Kansas","Ellis County",4,39,381,194,187
050,20,051,"Kansas","Ellis County",4,40,359,200,159
050,20,051,"Kansas","Ellis County",4,41,331,180,151
050,20,051,"Kansas","Ellis County",4,42,330,168,162
050,20,051,"Kansas","Ellis County",4,43,301,152,149
050,20,051,"Kansas","Ellis County",4,44,301,148,153
050,20,051,"Kansas","Ellis County",4,45,295,151,144
050,20,051,"Kansas","Ellis County",4,46,270,133,137
050,20,051,"Kansas","Ellis County",4,47,273,134,139
050,20,051,"Kansas","Ellis County",4,48,256,130,126
050,20,051,"Kansas","Ellis County",4,49,265,139,126
050,20,051,"Kansas","Ellis County",4,50,264,148,116
050,20,051,"Kansas","Ellis County",4,51,289,166,123
050,20,051,"Kansas","Ellis County",4,52,288,157,131
050,20,051,"Kansas","Ellis County",4,53,277,139,138
050,20,051,"Kansas","Ellis County",4,54,265,130,135
050,20,051,"Kansas","Ellis County",4,55,263,125,138
050,20,051,"Kansas","Ellis County",4,56,265,129,136
050,20,051,"Kansas","Ellis County",4,57,276,132,144
050,20,051,"Kansas","Ellis County",4,58,307,157,150
050,20,051,"Kansas","Ellis County",4,59,307,154,153
050,20,051,"Kansas","Ellis County",4,60,321,164,157
050,20,051,"Kansas","Ellis County",4,61,326,167,159
050,20,051,"Kansas","Ellis County",4,62,302,152,150
050,20,051,"Kansas","Ellis County",4,63,295,141,154
050,20,051,"Kansas","Ellis County",4,64,319,159,160
050,20,051,"Kansas","Ellis County",4,65,353,168,185
050,20,051,"Kansas","Ellis County",4,66,363,182,181
050,20,051,"Kansas","Ellis County",4,67,335,172,163
050,20,051,"Kansas","Ellis County",4,68,316,163,153
050,20,051,"Kansas","Ellis County",4,69,294,151,143
050,20,051,"Kansas","Ellis County",4,70,294,146,148
050,20,051,"Kansas","Ellis County",4,71,272,123,149
050,20,051,"Kansas","Ellis County",4,72,241,109,132
050,20,051,"Kansas","Ellis County",4,73,240,109,131
050,20,051,"Kansas","Ellis County",4,74,225,105,120
050,20,051,"Kansas","Ellis County",4,75,226,111,115
050,20,051,"Kansas","Ellis County",4,76,159,76,83
050,20,051,"Kansas","Ellis County",4,77,160,75,85
050,20,051,"Kansas","Ellis County",4,78,143,54,89
050,20,051,"Kansas","Ellis County",4,79,139,59,80
050,20,051,"Kansas","Ellis County",4,80,116,47,69
050,20,051,"Kansas","Ellis County",4,81,120,56,64
050,20,051,"Kansas","Ellis County",4,82,94,43,51
050,20,051,"Kansas","Ellis County",4,83,82,40,42
050,20,051,"Kansas","Ellis County",4,84,80,38,42
050,20,051,"Kansas","Ellis County",4,85,512,214,298
050,20,051,"Kansas","Ellis County",5,0,269,142,127
050,20,051,"Kansas","Ellis County",5,1,256,127,129
050,20,051,"Kansas","Ellis County",5,2,264,120,144
050,20,051,"Kansas","Ellis County",5,3,310,176,134
050,20,051,"Kansas","Ellis County",5,4,303,156,147
050,20,051,"Kansas","Ellis County",5,5,285,136,149
050,20,051,"Kansas","Ellis County",5,6,295,170,125
050,20,051,"Kansas","Ellis County",5,7,320,162,158
050,20,051,"Kansas","Ellis County",5,8,340,172,168
050,20,051,"Kansas","Ellis County",5,9,319,171,148
050,20,051,"Kansas","Ellis County",5,10,331,176,155
050,20,051,"Kansas","Ellis County",5,11,343,183,160
050,20,051,"Kansas","Ellis County",5,12,339,174,165
050,20,051,"Kansas","Ellis County",5,13,354,182,172
050,20,051,"Kansas","Ellis County",5,14,342,171,171
050,20,051,"Kansas","Ellis County",5,15,361,189,172
050,20,051,"Kansas","Ellis County",5,16,356,198,158
050,20,051,"Kansas","Ellis County",5,17,352,182,170
050,20,051,"Kansas","Ellis County",5,18,621,298,323
050,20,051,"Kansas","Ellis County",5,19,1101,546,555
050,20,051,"Kansas","Ellis County",5,20,1106,539,567
050,20,051,"Kansas","Ellis County",5,21,777,388,389
050,20,051,"Kansas","Ellis County",5,22,797,424,373
050,20,051,"Kansas","Ellis County",5,23,711,362,349
050,20,051,"Kansas","Ellis County",5,24,537,288,249
050,20,051,"Kansas","Ellis County",5,25,442,237,205
050,20,051,"Kansas","Ellis County",5,26,368,207,161
050,20,051,"Kansas","Ellis County",5,27,364,201,163
050,20,051,"Kansas","Ellis County",5,28,325,178,147
050,20,051,"Kansas","Ellis County",5,29,315,166,149
050,20,051,"Kansas","Ellis County",5,30,346,175,171
050,20,051,"Kansas","Ellis County",5,31,291,151,140
050,20,051,"Kansas","Ellis County",5,32,319,170,149
050,20,051,"Kansas","Ellis County",5,33,306,151,155
050,20,051,"Kansas","Ellis County",5,34,336,160,176
050,20,051,"Kansas","Ellis County",5,35,322,162,160
050,20,051,"Kansas","Ellis County",5,36,321,170,151
050,20,051,"Kansas","Ellis County",5,37,338,180,158
050,20,051,"Kansas","Ellis County",5,38,382,189,193
050,20,051,"Kansas","Ellis County",5,39,348,158,190
050,20,051,"Kansas","Ellis County",5,40,381,196,185
050,20,051,"Kansas","Ellis County",5,41,356,190,166
050,20,051,"Kansas","Ellis County",5,42,325,178,147
050,20,051,"Kansas","Ellis County",5,43,331,167,164
050,20,051,"Kansas","Ellis County",5,44,308,156,152
050,20,051,"Kansas","Ellis County",5,45,299,151,148
050,20,051,"Kansas","Ellis County",5,46,295,150,145
050,20,051,"Kansas","Ellis County",5,47,278,134,144
050,20,051,"Kansas","Ellis County",5,48,269,136,133
050,20,051,"Kansas","Ellis County",5,49,259,133,126
050,20,051,"Kansas","Ellis County",5,50,235,117,118
050,20,051,"Kansas","Ellis County",5,51,261,147,114
050,20,051,"Kansas","Ellis County",5,52,279,163,116
050,20,051,"Kansas","Ellis County",5,53,290,156,134
050,20,051,"Kansas","Ellis County",5,54,276,146,130
050,20,051,"Kansas","Ellis County",5,55,266,132,134
050,20,051,"Kansas","Ellis County",5,56,267,126,141
050,20,051,"Kansas","Ellis County",5,57,263,128,135
050,20,051,"Kansas","Ellis County",5,58,292,139,153
050,20,051,"Kansas","Ellis County",5,59,295,150,145
050,20,051,"Kansas","Ellis County",5,60,309,159,150
050,20,051,"Kansas","Ellis County",5,61,309,155,154
050,20,051,"Kansas","Ellis County",5,62,324,160,164
050,20,051,"Kansas","Ellis County",5,63,305,152,153
050,20,051,"Kansas","Ellis County",5,64,300,144,156
050,20,051,"Kansas","Ellis County",5,65,320,155,165
050,20,051,"Kansas","Ellis County",5,66,355,173,182
050,20,051,"Kansas","Ellis County",5,67,357,175,182
050,20,051,"Kansas","Ellis County",5,68,335,170,165
050,20,051,"Kansas","Ellis County",5,69,314,160,154
050,20,051,"Kansas","Ellis County",5,70,293,148,145
050,20,051,"Kansas","Ellis County",5,71,285,138,147
050,20,051,"Kansas","Ellis County",5,72,268,122,146
050,20,051,"Kansas","Ellis County",5,73,229,101,128
050,20,051,"Kansas","Ellis County",5,74,237,112,125
050,20,051,"Kansas","Ellis County",5,75,223,102,121
050,20,051,"Kansas","Ellis County",5,76,219,107,112
050,20,051,"Kansas","Ellis County",5,77,152,67,85
050,20,051,"Kansas","Ellis County",5,78,156,71,85
050,20,051,"Kansas","Ellis County",5,79,142,57,85
050,20,051,"Kansas","Ellis County",5,80,135,58,77
050,20,051,"Kansas","Ellis County",5,81,116,48,68
050,20,051,"Kansas","Ellis County",5,82,116,54,62
050,20,051,"Kansas","Ellis County",5,83,92,42,50
050,20,051,"Kansas","Ellis County",5,84,76,41,35
050,20,051,"Kansas","Ellis County",5,85,506,221,285
050,20,053,"Kansas","Ellsworth County",1,0,48,25,23
050,20,053,"Kansas","Ellsworth County",1,1,49,25,24
050,20,053,"Kansas","Ellsworth County",1,2,59,28,31
050,20,053,"Kansas","Ellsworth County",1,3,59,26,33
050,20,053,"Kansas","Ellsworth County",1,4,56,27,29
050,20,053,"Kansas","Ellsworth County",1,5,60,33,27
050,20,053,"Kansas","Ellsworth County",1,6,57,28,29
050,20,053,"Kansas","Ellsworth County",1,7,62,31,31
050,20,053,"Kansas","Ellsworth County",1,8,64,33,31
050,20,053,"Kansas","Ellsworth County",1,9,74,37,37
050,20,053,"Kansas","Ellsworth County",1,10,71,35,36
050,20,053,"Kansas","Ellsworth County",1,11,60,32,28
050,20,053,"Kansas","Ellsworth County",1,12,78,40,38
050,20,053,"Kansas","Ellsworth County",1,13,72,37,35
050,20,053,"Kansas","Ellsworth County",1,14,59,31,28
050,20,053,"Kansas","Ellsworth County",1,15,57,32,25
050,20,053,"Kansas","Ellsworth County",1,16,58,29,29
050,20,053,"Kansas","Ellsworth County",1,17,61,32,29
050,20,053,"Kansas","Ellsworth County",1,18,56,34,22
050,20,053,"Kansas","Ellsworth County",1,19,53,33,20
050,20,053,"Kansas","Ellsworth County",1,20,58,41,17
050,20,053,"Kansas","Ellsworth County",1,21,75,57,18
050,20,053,"Kansas","Ellsworth County",1,22,71,58,13
050,20,053,"Kansas","Ellsworth County",1,23,104,80,24
050,20,053,"Kansas","Ellsworth County",1,24,99,71,28
050,20,053,"Kansas","Ellsworth County",1,25,72,48,24
050,20,053,"Kansas","Ellsworth County",1,26,85,59,26
050,20,053,"Kansas","Ellsworth County",1,27,101,69,32
050,20,053,"Kansas","Ellsworth County",1,28,94,65,29
050,20,053,"Kansas","Ellsworth County",1,29,75,55,20
050,20,053,"Kansas","Ellsworth County",1,30,80,51,29
050,20,053,"Kansas","Ellsworth County",1,31,87,60,27
050,20,053,"Kansas","Ellsworth County",1,32,98,70,28
050,20,053,"Kansas","Ellsworth County",1,33,73,43,30
050,20,053,"Kansas","Ellsworth County",1,34,77,51,26
050,20,053,"Kansas","Ellsworth County",1,35,95,64,31
050,20,053,"Kansas","Ellsworth County",1,36,96,54,42
050,20,053,"Kansas","Ellsworth County",1,37,92,58,34
050,20,053,"Kansas","Ellsworth County",1,38,86,53,33
050,20,053,"Kansas","Ellsworth County",1,39,80,49,31
050,20,053,"Kansas","Ellsworth County",1,40,92,64,28
050,20,053,"Kansas","Ellsworth County",1,41,76,50,26
050,20,053,"Kansas","Ellsworth County",1,42,71,45,26
050,20,053,"Kansas","Ellsworth County",1,43,79,47,32
050,20,053,"Kansas","Ellsworth County",1,44,79,52,27
050,20,053,"Kansas","Ellsworth County",1,45,81,54,27
050,20,053,"Kansas","Ellsworth County",1,46,68,43,25
050,20,053,"Kansas","Ellsworth County",1,47,70,44,26
050,20,053,"Kansas","Ellsworth County",1,48,76,55,21
050,20,053,"Kansas","Ellsworth County",1,49,77,55,22
050,20,053,"Kansas","Ellsworth County",1,50,67,44,23
050,20,053,"Kansas","Ellsworth County",1,51,63,39,24
050,20,053,"Kansas","Ellsworth County",1,52,53,29,24
050,20,053,"Kansas","Ellsworth County",1,53,81,54,27
050,20,053,"Kansas","Ellsworth County",1,54,91,55,36
050,20,053,"Kansas","Ellsworth County",1,55,87,47,40
050,20,053,"Kansas","Ellsworth County",1,56,85,48,37
050,20,053,"Kansas","Ellsworth County",1,57,85,45,40
050,20,053,"Kansas","Ellsworth County",1,58,89,43,46
050,20,053,"Kansas","Ellsworth County",1,59,84,43,41
050,20,053,"Kansas","Ellsworth County",1,60,86,46,40
050,20,053,"Kansas","Ellsworth County",1,61,93,44,49
050,20,053,"Kansas","Ellsworth County",1,62,95,44,51
050,20,053,"Kansas","Ellsworth County",1,63,100,53,47
050,20,053,"Kansas","Ellsworth County",1,64,92,45,47
050,20,053,"Kansas","Ellsworth County",1,65,87,42,45
050,20,053,"Kansas","Ellsworth County",1,66,82,42,40
050,20,053,"Kansas","Ellsworth County",1,67,85,44,41
050,20,053,"Kansas","Ellsworth County",1,68,91,45,46
050,20,053,"Kansas","Ellsworth County",1,69,77,41,36
050,20,053,"Kansas","Ellsworth County",1,70,84,44,40
050,20,053,"Kansas","Ellsworth County",1,71,66,31,35
050,20,053,"Kansas","Ellsworth County",1,72,67,37,30
050,20,053,"Kansas","Ellsworth County",1,73,61,33,28
050,20,053,"Kansas","Ellsworth County",1,74,50,22,28
050,20,053,"Kansas","Ellsworth County",1,75,45,22,23
050,20,053,"Kansas","Ellsworth County",1,76,46,21,25
050,20,053,"Kansas","Ellsworth County",1,77,46,19,27
050,20,053,"Kansas","Ellsworth County",1,78,45,23,22
050,20,053,"Kansas","Ellsworth County",1,79,40,22,18
050,20,053,"Kansas","Ellsworth County",1,80,47,18,29
050,20,053,"Kansas","Ellsworth County",1,81,47,20,27
050,20,053,"Kansas","Ellsworth County",1,82,39,17,22
050,20,053,"Kansas","Ellsworth County",1,83,39,20,19
050,20,053,"Kansas","Ellsworth County",1,84,32,10,22
050,20,053,"Kansas","Ellsworth County",1,85,275,78,197
050,20,053,"Kansas","Ellsworth County",2,0,52,29,23
050,20,053,"Kansas","Ellsworth County",2,1,48,25,23
050,20,053,"Kansas","Ellsworth County",2,2,57,27,30
050,20,053,"Kansas","Ellsworth County",2,3,60,27,33
050,20,053,"Kansas","Ellsworth County",2,4,58,28,30
050,20,053,"Kansas","Ellsworth County",2,5,59,32,27
050,20,053,"Kansas","Ellsworth County",2,6,57,29,28
050,20,053,"Kansas","Ellsworth County",2,7,61,30,31
050,20,053,"Kansas","Ellsworth County",2,8,63,32,31
050,20,053,"Kansas","Ellsworth County",2,9,72,37,35
050,20,053,"Kansas","Ellsworth County",2,10,71,36,35
050,20,053,"Kansas","Ellsworth County",2,11,61,32,29
050,20,053,"Kansas","Ellsworth County",2,12,74,37,37
050,20,053,"Kansas","Ellsworth County",2,13,72,37,35
050,20,053,"Kansas","Ellsworth County",2,14,61,32,29
050,20,053,"Kansas","Ellsworth County",2,15,58,33,25
050,20,053,"Kansas","Ellsworth County",2,16,57,30,27
050,20,053,"Kansas","Ellsworth County",2,17,61,32,29
050,20,053,"Kansas","Ellsworth County",2,18,54,32,22
050,20,053,"Kansas","Ellsworth County",2,19,51,33,18
050,20,053,"Kansas","Ellsworth County",2,20,60,42,18
050,20,053,"Kansas","Ellsworth County",2,21,71,54,17
050,20,053,"Kansas","Ellsworth County",2,22,74,59,15
050,20,053,"Kansas","Ellsworth County",2,23,103,80,23
050,20,053,"Kansas","Ellsworth County",2,24,97,70,27
050,20,053,"Kansas","Ellsworth County",2,25,75,49,26
050,20,053,"Kansas","Ellsworth County",2,26,83,58,25
050,20,053,"Kansas","Ellsworth County",2,27,99,69,30
050,20,053,"Kansas","Ellsworth County",2,28,93,65,28
050,20,053,"Kansas","Ellsworth County",2,29,77,53,24
050,20,053,"Kansas","Ellsworth County",2,30,83,54,29
050,20,053,"Kansas","Ellsworth County",2,31,86,59,27
050,20,053,"Kansas","Ellsworth County",2,32,97,69,28
050,20,053,"Kansas","Ellsworth County",2,33,77,46,31
050,20,053,"Kansas","Ellsworth County",2,34,75,48,27
050,20,053,"Kansas","Ellsworth County",2,35,93,63,30
050,20,053,"Kansas","Ellsworth County",2,36,94,56,38
050,20,053,"Kansas","Ellsworth County",2,37,93,57,36
050,20,053,"Kansas","Ellsworth County",2,38,83,51,32
050,20,053,"Kansas","Ellsworth County",2,39,84,52,32
050,20,053,"Kansas","Ellsworth County",2,40,94,64,30
050,20,053,"Kansas","Ellsworth County",2,41,76,51,25
050,20,053,"Kansas","Ellsworth County",2,42,70,44,26
050,20,053,"Kansas","Ellsworth County",2,43,79,49,30
050,20,053,"Kansas","Ellsworth County",2,44,80,52,28
050,20,053,"Kansas","Ellsworth County",2,45,82,54,28
050,20,053,"Kansas","Ellsworth County",2,46,70,44,26
050,20,053,"Kansas","Ellsworth County",2,47,68,43,25
050,20,053,"Kansas","Ellsworth County",2,48,76,54,22
050,20,053,"Kansas","Ellsworth County",2,49,77,55,22
050,20,053,"Kansas","Ellsworth County",2,50,68,45,23
050,20,053,"Kansas","Ellsworth County",2,51,64,41,23
050,20,053,"Kansas","Ellsworth County",2,52,53,29,24
050,20,053,"Kansas","Ellsworth County",2,53,75,49,26
050,20,053,"Kansas","Ellsworth County",2,54,87,53,34
050,20,053,"Kansas","Ellsworth County",2,55,89,49,40
050,20,053,"Kansas","Ellsworth County",2,56,85,47,38
050,20,053,"Kansas","Ellsworth County",2,57,83,44,39
050,20,053,"Kansas","Ellsworth County",2,58,88,44,44
050,20,053,"Kansas","Ellsworth County",2,59,87,44,43
050,20,053,"Kansas","Ellsworth County",2,60,85,45,40
050,20,053,"Kansas","Ellsworth County",2,61,90,44,46
050,20,053,"Kansas","Ellsworth County",2,62,94,44,50
050,20,053,"Kansas","Ellsworth County",2,63,98,51,47
050,20,053,"Kansas","Ellsworth County",2,64,92,46,46
050,20,053,"Kansas","Ellsworth County",2,65,89,44,45
050,20,053,"Kansas","Ellsworth County",2,66,84,43,41
050,20,053,"Kansas","Ellsworth County",2,67,85,45,40
050,20,053,"Kansas","Ellsworth County",2,68,88,43,45
050,20,053,"Kansas","Ellsworth County",2,69,77,41,36
050,20,053,"Kansas","Ellsworth County",2,70,81,42,39
050,20,053,"Kansas","Ellsworth County",2,71,69,33,36
050,20,053,"Kansas","Ellsworth County",2,72,66,35,31
050,20,053,"Kansas","Ellsworth County",2,73,64,36,28
050,20,053,"Kansas","Ellsworth County",2,74,50,22,28
050,20,053,"Kansas","Ellsworth County",2,75,45,22,23
050,20,053,"Kansas","Ellsworth County",2,76,45,22,23
050,20,053,"Kansas","Ellsworth County",2,77,48,20,28
050,20,053,"Kansas","Ellsworth County",2,78,44,23,21
050,20,053,"Kansas","Ellsworth County",2,79,41,22,19
050,20,053,"Kansas","Ellsworth County",2,80,46,18,28
050,20,053,"Kansas","Ellsworth County",2,81,46,20,26
050,20,053,"Kansas","Ellsworth County",2,82,40,18,22
050,20,053,"Kansas","Ellsworth County",2,83,37,19,18
050,20,053,"Kansas","Ellsworth County",2,84,34,12,22
050,20,053,"Kansas","Ellsworth County",2,85,276,78,198
050,20,053,"Kansas","Ellsworth County",3,0,57,33,24
050,20,053,"Kansas","Ellsworth County",3,1,55,31,24
050,20,053,"Kansas","Ellsworth County",3,2,46,27,19
050,20,053,"Kansas","Ellsworth County",3,3,61,31,30
050,20,053,"Kansas","Ellsworth County",3,4,54,25,29
050,20,053,"Kansas","Ellsworth County",3,5,53,26,27
050,20,053,"Kansas","Ellsworth County",3,6,65,35,30
050,20,053,"Kansas","Ellsworth County",3,7,57,27,30
050,20,053,"Kansas","Ellsworth County",3,8,60,31,29
050,20,053,"Kansas","Ellsworth County",3,9,59,30,29
050,20,053,"Kansas","Ellsworth County",3,10,71,40,31
050,20,053,"Kansas","Ellsworth County",3,11,70,36,34
050,20,053,"Kansas","Ellsworth County",3,12,56,30,26
050,20,053,"Kansas","Ellsworth County",3,13,76,39,37
050,20,053,"Kansas","Ellsworth County",3,14,71,35,36
050,20,053,"Kansas","Ellsworth County",3,15,65,31,34
050,20,053,"Kansas","Ellsworth County",3,16,60,36,24
050,20,053,"Kansas","Ellsworth County",3,17,53,30,23
050,20,053,"Kansas","Ellsworth County",3,18,56,33,23
050,20,053,"Kansas","Ellsworth County",3,19,48,33,15
050,20,053,"Kansas","Ellsworth County",3,20,67,47,20
050,20,053,"Kansas","Ellsworth County",3,21,76,58,18
050,20,053,"Kansas","Ellsworth County",3,22,75,59,16
050,20,053,"Kansas","Ellsworth County",3,23,108,86,22
050,20,053,"Kansas","Ellsworth County",3,24,86,66,20
050,20,053,"Kansas","Ellsworth County",3,25,77,54,23
050,20,053,"Kansas","Ellsworth County",3,26,84,62,22
050,20,053,"Kansas","Ellsworth County",3,27,98,71,27
050,20,053,"Kansas","Ellsworth County",3,28,101,71,30
050,20,053,"Kansas","Ellsworth County",3,29,76,49,27
050,20,053,"Kansas","Ellsworth County",3,30,85,56,29
050,20,053,"Kansas","Ellsworth County",3,31,83,55,28
050,20,053,"Kansas","Ellsworth County",3,32,91,65,26
050,20,053,"Kansas","Ellsworth County",3,33,81,53,28
050,20,053,"Kansas","Ellsworth County",3,34,72,43,29
050,20,053,"Kansas","Ellsworth County",3,35,71,48,23
050,20,053,"Kansas","Ellsworth County",3,36,95,64,31
050,20,053,"Kansas","Ellsworth County",3,37,89,56,33
050,20,053,"Kansas","Ellsworth County",3,38,85,49,36
050,20,053,"Kansas","Ellsworth County",3,39,95,59,36
050,20,053,"Kansas","Ellsworth County",3,40,94,61,33
050,20,053,"Kansas","Ellsworth County",3,41,83,54,29
050,20,053,"Kansas","Ellsworth County",3,42,73,47,26
050,20,053,"Kansas","Ellsworth County",3,43,79,52,27
050,20,053,"Kansas","Ellsworth County",3,44,79,49,30
050,20,053,"Kansas","Ellsworth County",3,45,79,51,28
050,20,053,"Kansas","Ellsworth County",3,46,75,46,29
050,20,053,"Kansas","Ellsworth County",3,47,68,42,26
050,20,053,"Kansas","Ellsworth County",3,48,74,49,25
050,20,053,"Kansas","Ellsworth County",3,49,79,55,24
050,20,053,"Kansas","Ellsworth County",3,50,71,48,23
050,20,053,"Kansas","Ellsworth County",3,51,69,47,22
050,20,053,"Kansas","Ellsworth County",3,52,50,29,21
050,20,053,"Kansas","Ellsworth County",3,53,57,35,22
050,20,053,"Kansas","Ellsworth County",3,54,73,47,26
050,20,053,"Kansas","Ellsworth County",3,55,83,49,34
050,20,053,"Kansas","Ellsworth County",3,56,84,47,37
050,20,053,"Kansas","Ellsworth County",3,57,84,47,37
050,20,053,"Kansas","Ellsworth County",3,58,85,47,38
050,20,053,"Kansas","Ellsworth County",3,59,87,44,43
050,20,053,"Kansas","Ellsworth County",3,60,86,45,41
050,20,053,"Kansas","Ellsworth County",3,61,87,49,38
050,20,053,"Kansas","Ellsworth County",3,62,86,41,45
050,20,053,"Kansas","Ellsworth County",3,63,99,43,56
050,20,053,"Kansas","Ellsworth County",3,64,90,48,42
050,20,053,"Kansas","Ellsworth County",3,65,87,43,44
050,20,053,"Kansas","Ellsworth County",3,66,90,44,46
050,20,053,"Kansas","Ellsworth County",3,67,88,48,40
050,20,053,"Kansas","Ellsworth County",3,68,86,42,44
050,20,053,"Kansas","Ellsworth County",3,69,73,37,36
050,20,053,"Kansas","Ellsworth County",3,70,76,41,35
050,20,053,"Kansas","Ellsworth County",3,71,76,38,38
050,20,053,"Kansas","Ellsworth County",3,72,65,33,32
050,20,053,"Kansas","Ellsworth County",3,73,67,36,31
050,20,053,"Kansas","Ellsworth County",3,74,62,31,31
050,20,053,"Kansas","Ellsworth County",3,75,49,21,28
050,20,053,"Kansas","Ellsworth County",3,76,38,20,18
050,20,053,"Kansas","Ellsworth County",3,77,45,20,25
050,20,053,"Kansas","Ellsworth County",3,78,47,24,23
050,20,053,"Kansas","Ellsworth County",3,79,39,21,18
050,20,053,"Kansas","Ellsworth County",3,80,41,16,25
050,20,053,"Kansas","Ellsworth County",3,81,44,17,27
050,20,053,"Kansas","Ellsworth County",3,82,44,21,23
050,20,053,"Kansas","Ellsworth County",3,83,35,17,18
050,20,053,"Kansas","Ellsworth County",3,84,38,15,23
050,20,053,"Kansas","Ellsworth County",3,85,272,79,193
050,20,053,"Kansas","Ellsworth County",4,0,53,28,25
050,20,053,"Kansas","Ellsworth County",4,1,63,35,28
050,20,053,"Kansas","Ellsworth County",4,2,60,33,27
050,20,053,"Kansas","Ellsworth County",4,3,55,30,25
050,20,053,"Kansas","Ellsworth County",4,4,64,33,31
050,20,053,"Kansas","Ellsworth County",4,5,60,29,31
050,20,053,"Kansas","Ellsworth County",4,6,55,25,30
050,20,053,"Kansas","Ellsworth County",4,7,63,32,31
050,20,053,"Kansas","Ellsworth County",4,8,64,31,33
050,20,053,"Kansas","Ellsworth County",4,9,63,36,27
050,20,053,"Kansas","Ellsworth County",4,10,65,32,33
050,20,053,"Kansas","Ellsworth County",4,11,69,38,31
050,20,053,"Kansas","Ellsworth County",4,12,73,36,37
050,20,053,"Kansas","Ellsworth County",4,13,61,33,28
050,20,053,"Kansas","Ellsworth County",4,14,72,37,35
050,20,053,"Kansas","Ellsworth County",4,15,72,37,35
050,20,053,"Kansas","Ellsworth County",4,16,64,32,32
050,20,053,"Kansas","Ellsworth County",4,17,65,40,25
050,20,053,"Kansas","Ellsworth County",4,18,45,27,18
050,20,053,"Kansas","Ellsworth County",4,19,50,34,16
050,20,053,"Kansas","Ellsworth County",4,20,54,39,15
050,20,053,"Kansas","Ellsworth County",4,21,80,58,22
050,20,053,"Kansas","Ellsworth County",4,22,79,63,16
050,20,053,"Kansas","Ellsworth County",4,23,109,85,24
050,20,053,"Kansas","Ellsworth County",4,24,96,76,20
050,20,053,"Kansas","Ellsworth County",4,25,70,47,23
050,20,053,"Kansas","Ellsworth County",4,26,79,55,24
050,20,053,"Kansas","Ellsworth County",4,27,103,74,29
050,20,053,"Kansas","Ellsworth County",4,28,102,75,27
050,20,053,"Kansas","Ellsworth County",4,29,86,57,29
050,20,053,"Kansas","Ellsworth County",4,30,76,50,26
050,20,053,"Kansas","Ellsworth County",4,31,91,58,33
050,20,053,"Kansas","Ellsworth County",4,32,90,62,28
050,20,053,"Kansas","Ellsworth County",4,33,75,51,24
050,20,053,"Kansas","Ellsworth County",4,34,78,48,30
050,20,053,"Kansas","Ellsworth County",4,35,76,46,30
050,20,053,"Kansas","Ellsworth County",4,36,77,51,26
050,20,053,"Kansas","Ellsworth County",4,37,94,64,30
050,20,053,"Kansas","Ellsworth County",4,38,80,47,33
050,20,053,"Kansas","Ellsworth County",4,39,89,54,35
050,20,053,"Kansas","Ellsworth County",4,40,108,70,38
050,20,053,"Kansas","Ellsworth County",4,41,85,52,33
050,20,053,"Kansas","Ellsworth County",4,42,79,52,27
050,20,053,"Kansas","Ellsworth County",4,43,83,51,32
050,20,053,"Kansas","Ellsworth County",4,44,83,56,27
050,20,053,"Kansas","Ellsworth County",4,45,79,51,28
050,20,053,"Kansas","Ellsworth County",4,46,72,44,28
050,20,053,"Kansas","Ellsworth County",4,47,72,43,29
050,20,053,"Kansas","Ellsworth County",4,48,79,49,30
050,20,053,"Kansas","Ellsworth County",4,49,76,52,24
050,20,053,"Kansas","Ellsworth County",4,50,72,48,24
050,20,053,"Kansas","Ellsworth County",4,51,70,51,19
050,20,053,"Kansas","Ellsworth County",4,52,61,39,22
050,20,053,"Kansas","Ellsworth County",4,53,53,32,21
050,20,053,"Kansas","Ellsworth County",4,54,50,31,19
050,20,053,"Kansas","Ellsworth County",4,55,68,44,24
050,20,053,"Kansas","Ellsworth County",4,56,81,47,34
050,20,053,"Kansas","Ellsworth County",4,57,82,44,38
050,20,053,"Kansas","Ellsworth County",4,58,94,51,43
050,20,053,"Kansas","Ellsworth County",4,59,84,47,37
050,20,053,"Kansas","Ellsworth County",4,60,97,52,45
050,20,053,"Kansas","Ellsworth County",4,61,86,47,39
050,20,053,"Kansas","Ellsworth County",4,62,81,47,34
050,20,053,"Kansas","Ellsworth County",4,63,86,41,45
050,20,053,"Kansas","Ellsworth County",4,64,92,41,51
050,20,053,"Kansas","Ellsworth County",4,65,89,47,42
050,20,053,"Kansas","Ellsworth County",4,66,84,41,43
050,20,053,"Kansas","Ellsworth County",4,67,91,45,46
050,20,053,"Kansas","Ellsworth County",4,68,96,49,47
050,20,053,"Kansas","Ellsworth County",4,69,75,38,37
050,20,053,"Kansas","Ellsworth County",4,70,71,37,34
050,20,053,"Kansas","Ellsworth County",4,71,66,33,33
050,20,053,"Kansas","Ellsworth County",4,72,79,41,38
050,20,053,"Kansas","Ellsworth County",4,73,64,34,30
050,20,053,"Kansas","Ellsworth County",4,74,66,33,33
050,20,053,"Kansas","Ellsworth County",4,75,60,29,31
050,20,053,"Kansas","Ellsworth County",4,76,43,18,25
050,20,053,"Kansas","Ellsworth County",4,77,37,17,20
050,20,053,"Kansas","Ellsworth County",4,78,46,24,22
050,20,053,"Kansas","Ellsworth County",4,79,41,20,21
050,20,053,"Kansas","Ellsworth County",4,80,42,17,25
050,20,053,"Kansas","Ellsworth County",4,81,43,17,26
050,20,053,"Kansas","Ellsworth County",4,82,43,18,25
050,20,053,"Kansas","Ellsworth County",4,83,41,21,20
050,20,053,"Kansas","Ellsworth County",4,84,35,13,22
050,20,053,"Kansas","Ellsworth County",4,85,278,85,193
050,20,053,"Kansas","Ellsworth County",5,0,56,30,26
050,20,053,"Kansas","Ellsworth County",5,1,37,22,15
050,20,053,"Kansas","Ellsworth County",5,2,66,36,30
050,20,053,"Kansas","Ellsworth County",5,3,55,31,24
050,20,053,"Kansas","Ellsworth County",5,4,56,33,23
050,20,053,"Kansas","Ellsworth County",5,5,66,33,33
050,20,053,"Kansas","Ellsworth County",5,6,60,33,27
050,20,053,"Kansas","Ellsworth County",5,7,59,33,26
050,20,053,"Kansas","Ellsworth County",5,8,62,29,33
050,20,053,"Kansas","Ellsworth County",5,9,64,29,35
050,20,053,"Kansas","Ellsworth County",5,10,65,35,30
050,20,053,"Kansas","Ellsworth County",5,11,69,34,35
050,20,053,"Kansas","Ellsworth County",5,12,69,39,30
050,20,053,"Kansas","Ellsworth County",5,13,78,41,37
050,20,053,"Kansas","Ellsworth County",5,14,58,29,29
050,20,053,"Kansas","Ellsworth County",5,15,74,40,34
050,20,053,"Kansas","Ellsworth County",5,16,72,38,34
050,20,053,"Kansas","Ellsworth County",5,17,67,34,33
050,20,053,"Kansas","Ellsworth County",5,18,59,39,20
050,20,053,"Kansas","Ellsworth County",5,19,44,29,15
050,20,053,"Kansas","Ellsworth County",5,20,61,46,15
050,20,053,"Kansas","Ellsworth County",5,21,64,49,15
050,20,053,"Kansas","Ellsworth County",5,22,85,65,20
050,20,053,"Kansas","Ellsworth County",5,23,105,87,18
050,20,053,"Kansas","Ellsworth County",5,24,102,74,28
050,20,053,"Kansas","Ellsworth County",5,25,67,53,14
050,20,053,"Kansas","Ellsworth County",5,26,74,52,22
050,20,053,"Kansas","Ellsworth County",5,27,88,65,23
050,20,053,"Kansas","Ellsworth County",5,28,97,74,23
050,20,053,"Kansas","Ellsworth County",5,29,87,59,28
050,20,053,"Kansas","Ellsworth County",5,30,84,54,30
050,20,053,"Kansas","Ellsworth County",5,31,75,48,27
050,20,053,"Kansas","Ellsworth County",5,32,92,59,33
050,20,053,"Kansas","Ellsworth County",5,33,72,40,32
050,20,053,"Kansas","Ellsworth County",5,34,65,44,21
050,20,053,"Kansas","Ellsworth County",5,35,84,56,28
050,20,053,"Kansas","Ellsworth County",5,36,76,46,30
050,20,053,"Kansas","Ellsworth County",5,37,78,52,26
050,20,053,"Kansas","Ellsworth County",5,38,85,53,32
050,20,053,"Kansas","Ellsworth County",5,39,88,56,32
050,20,053,"Kansas","Ellsworth County",5,40,101,62,39
050,20,053,"Kansas","Ellsworth County",5,41,96,62,34
050,20,053,"Kansas","Ellsworth County",5,42,81,50,31
050,20,053,"Kansas","Ellsworth County",5,43,89,61,28
050,20,053,"Kansas","Ellsworth County",5,44,88,55,33
050,20,053,"Kansas","Ellsworth County",5,45,81,52,29
050,20,053,"Kansas","Ellsworth County",5,46,83,50,33
050,20,053,"Kansas","Ellsworth County",5,47,75,46,29
050,20,053,"Kansas","Ellsworth County",5,48,81,51,30
050,20,053,"Kansas","Ellsworth County",5,49,78,47,31
050,20,053,"Kansas","Ellsworth County",5,50,72,48,24
050,20,053,"Kansas","Ellsworth County",5,51,74,51,23
050,20,053,"Kansas","Ellsworth County",5,52,59,36,23
050,20,053,"Kansas","Ellsworth County",5,53,66,45,21
050,20,053,"Kansas","Ellsworth County",5,54,49,29,20
050,20,053,"Kansas","Ellsworth County",5,55,47,29,18
050,20,053,"Kansas","Ellsworth County",5,56,64,41,23
050,20,053,"Kansas","Ellsworth County",5,57,75,42,33
050,20,053,"Kansas","Ellsworth County",5,58,86,46,40
050,20,053,"Kansas","Ellsworth County",5,59,89,48,41
050,20,053,"Kansas","Ellsworth County",5,60,85,48,37
050,20,053,"Kansas","Ellsworth County",5,61,100,51,49
050,20,053,"Kansas","Ellsworth County",5,62,84,46,38
050,20,053,"Kansas","Ellsworth County",5,63,78,44,34
050,20,053,"Kansas","Ellsworth County",5,64,83,41,42
050,20,053,"Kansas","Ellsworth County",5,65,89,40,49
050,20,053,"Kansas","Ellsworth County",5,66,87,44,43
050,20,053,"Kansas","Ellsworth County",5,67,82,42,40
050,20,053,"Kansas","Ellsworth County",5,68,92,41,51
050,20,053,"Kansas","Ellsworth County",5,69,84,45,39
050,20,053,"Kansas","Ellsworth County",5,70,81,42,39
050,20,053,"Kansas","Ellsworth County",5,71,65,33,32
050,20,053,"Kansas","Ellsworth County",5,72,72,38,34
050,20,053,"Kansas","Ellsworth County",5,73,76,39,37
050,20,053,"Kansas","Ellsworth County",5,74,62,28,34
050,20,053,"Kansas","Ellsworth County",5,75,65,33,32
050,20,053,"Kansas","Ellsworth County",5,76,58,30,28
050,20,053,"Kansas","Ellsworth County",5,77,46,16,30
050,20,053,"Kansas","Ellsworth County",5,78,33,19,14
050,20,053,"Kansas","Ellsworth County",5,79,47,24,23
050,20,053,"Kansas","Ellsworth County",5,80,42,15,27
050,20,053,"Kansas","Ellsworth County",5,81,44,20,24
050,20,053,"Kansas","Ellsworth County",5,82,42,18,24
050,20,053,"Kansas","Ellsworth County",5,83,38,18,20
050,20,053,"Kansas","Ellsworth County",5,84,41,16,25
050,20,053,"Kansas","Ellsworth County",5,85,282,89,193
050,20,055,"Kansas","Finney County",1,0,638,331,307
050,20,055,"Kansas","Finney County",1,1,623,326,297
050,20,055,"Kansas","Finney County",1,2,639,316,323
050,20,055,"Kansas","Finney County",1,3,658,311,347
050,20,055,"Kansas","Finney County",1,4,685,330,355
050,20,055,"Kansas","Finney County",1,5,660,311,349
050,20,055,"Kansas","Finney County",1,6,642,337,305
050,20,055,"Kansas","Finney County",1,7,619,340,279
050,20,055,"Kansas","Finney County",1,8,614,337,277
050,20,055,"Kansas","Finney County",1,9,673,361,312
050,20,055,"Kansas","Finney County",1,10,647,308,339
050,20,055,"Kansas","Finney County",1,11,661,329,332
050,20,055,"Kansas","Finney County",1,12,685,329,356
050,20,055,"Kansas","Finney County",1,13,690,364,326
050,20,055,"Kansas","Finney County",1,14,683,361,322
050,20,055,"Kansas","Finney County",1,15,664,352,312
050,20,055,"Kansas","Finney County",1,16,609,310,299
050,20,055,"Kansas","Finney County",1,17,592,318,274
050,20,055,"Kansas","Finney County",1,18,596,327,269
050,20,055,"Kansas","Finney County",1,19,662,369,293
050,20,055,"Kansas","Finney County",1,20,608,338,270
050,20,055,"Kansas","Finney County",1,21,584,313,271
050,20,055,"Kansas","Finney County",1,22,550,284,266
050,20,055,"Kansas","Finney County",1,23,542,289,253
050,20,055,"Kansas","Finney County",1,24,563,308,255
050,20,055,"Kansas","Finney County",1,25,537,290,247
050,20,055,"Kansas","Finney County",1,26,534,287,247
050,20,055,"Kansas","Finney County",1,27,563,303,260
050,20,055,"Kansas","Finney County",1,28,564,291,273
050,20,055,"Kansas","Finney County",1,29,570,298,272
050,20,055,"Kansas","Finney County",1,30,512,275,237
050,20,055,"Kansas","Finney County",1,31,502,259,243
050,20,055,"Kansas","Finney County",1,32,534,284,250
050,20,055,"Kansas","Finney County",1,33,526,295,231
050,20,055,"Kansas","Finney County",1,34,515,285,230
050,20,055,"Kansas","Finney County",1,35,505,266,239
050,20,055,"Kansas","Finney County",1,36,463,234,229
050,20,055,"Kansas","Finney County",1,37,449,218,231
050,20,055,"Kansas","Finney County",1,38,493,273,220
050,20,055,"Kansas","Finney County",1,39,474,252,222
050,20,055,"Kansas","Finney County",1,40,481,258,223
050,20,055,"Kansas","Finney County",1,41,454,257,197
050,20,055,"Kansas","Finney County",1,42,453,242,211
050,20,055,"Kansas","Finney County",1,43,442,247,195
050,20,055,"Kansas","Finney County",1,44,427,228,199
050,20,055,"Kansas","Finney County",1,45,435,225,210
050,20,055,"Kansas","Finney County",1,46,413,203,210
050,20,055,"Kansas","Finney County",1,47,384,191,193
050,20,055,"Kansas","Finney County",1,48,381,191,190
050,20,055,"Kansas","Finney County",1,49,447,226,221
050,20,055,"Kansas","Finney County",1,50,426,216,210
050,20,055,"Kansas","Finney County",1,51,441,232,209
050,20,055,"Kansas","Finney County",1,52,447,223,224
050,20,055,"Kansas","Finney County",1,53,428,220,208
050,20,055,"Kansas","Finney County",1,54,428,215,213
050,20,055,"Kansas","Finney County",1,55,456,232,224
050,20,055,"Kansas","Finney County",1,56,437,232,205
050,20,055,"Kansas","Finney County",1,57,450,233,217
050,20,055,"Kansas","Finney County",1,58,460,230,230
050,20,055,"Kansas","Finney County",1,59,432,215,217
050,20,055,"Kansas","Finney County",1,60,423,223,200
050,20,055,"Kansas","Finney County",1,61,405,217,188
050,20,055,"Kansas","Finney County",1,62,387,204,183
050,20,055,"Kansas","Finney County",1,63,359,170,189
050,20,055,"Kansas","Finney County",1,64,336,165,171
050,20,055,"Kansas","Finney County",1,65,325,168,157
050,20,055,"Kansas","Finney County",1,66,313,165,148
050,20,055,"Kansas","Finney County",1,67,304,158,146
050,20,055,"Kansas","Finney County",1,68,302,152,150
050,20,055,"Kansas","Finney County",1,69,287,138,149
050,20,055,"Kansas","Finney County",1,70,262,127,135
050,20,055,"Kansas","Finney County",1,71,226,111,115
050,20,055,"Kansas","Finney County",1,72,212,93,119
050,20,055,"Kansas","Finney County",1,73,203,106,97
050,20,055,"Kansas","Finney County",1,74,163,85,78
050,20,055,"Kansas","Finney County",1,75,165,74,91
050,20,055,"Kansas","Finney County",1,76,159,70,89
050,20,055,"Kansas","Finney County",1,77,151,70,81
050,20,055,"Kansas","Finney County",1,78,137,62,75
050,20,055,"Kansas","Finney County",1,79,129,66,63
050,20,055,"Kansas","Finney County",1,80,110,54,56
050,20,055,"Kansas","Finney County",1,81,100,42,58
050,20,055,"Kansas","Finney County",1,82,97,48,49
050,20,055,"Kansas","Finney County",1,83,91,51,40
050,20,055,"Kansas","Finney County",1,84,67,37,30
050,20,055,"Kansas","Finney County",1,85,503,172,331
050,20,055,"Kansas","Finney County",2,0,601,309,292
050,20,055,"Kansas","Finney County",2,1,624,323,301
050,20,055,"Kansas","Finney County",2,2,630,314,316
050,20,055,"Kansas","Finney County",2,3,645,310,335
050,20,055,"Kansas","Finney County",2,4,678,325,353
050,20,055,"Kansas","Finney County",2,5,660,312,348
050,20,055,"Kansas","Finney County",2,6,642,329,313
050,20,055,"Kansas","Finney County",2,7,619,337,282
050,20,055,"Kansas","Finney County",2,8,610,336,274
050,20,055,"Kansas","Finney County",2,9,653,351,302
050,20,055,"Kansas","Finney County",2,10,648,317,331
050,20,055,"Kansas","Finney County",2,11,651,318,333
050,20,055,"Kansas","Finney County",2,12,681,329,352
050,20,055,"Kansas","Finney County",2,13,688,353,335
050,20,055,"Kansas","Finney County",2,14,681,359,322
050,20,055,"Kansas","Finney County",2,15,665,353,312
050,20,055,"Kansas","Finney County",2,16,617,318,299
050,20,055,"Kansas","Finney County",2,17,592,313,279
050,20,055,"Kansas","Finney County",2,18,589,326,263
050,20,055,"Kansas","Finney County",2,19,657,366,291
050,20,055,"Kansas","Finney County",2,20,612,341,271
050,20,055,"Kansas","Finney County",2,21,575,309,266
050,20,055,"Kansas","Finney County",2,22,558,288,270
050,20,055,"Kansas","Finney County",2,23,546,290,256
050,20,055,"Kansas","Finney County",2,24,559,307,252
050,20,055,"Kansas","Finney County",2,25,545,297,248
050,20,055,"Kansas","Finney County",2,26,534,286,248
050,20,055,"Kansas","Finney County",2,27,550,295,255
050,20,055,"Kansas","Finney County",2,28,562,291,271
050,20,055,"Kansas","Finney County",2,29,562,293,269
050,20,055,"Kansas","Finney County",2,30,520,277,243
050,20,055,"Kansas","Finney County",2,31,499,261,238
050,20,055,"Kansas","Finney County",2,32,520,275,245
050,20,055,"Kansas","Finney County",2,33,526,292,234
050,20,055,"Kansas","Finney County",2,34,511,283,228
050,20,055,"Kansas","Finney County",2,35,501,265,236
050,20,055,"Kansas","Finney County",2,36,467,239,228
050,20,055,"Kansas","Finney County",2,37,449,220,229
050,20,055,"Kansas","Finney County",2,38,482,258,224
050,20,055,"Kansas","Finney County",2,39,473,253,220
050,20,055,"Kansas","Finney County",2,40,481,259,222
050,20,055,"Kansas","Finney County",2,41,458,256,202
050,20,055,"Kansas","Finney County",2,42,449,243,206
050,20,055,"Kansas","Finney County",2,43,443,244,199
050,20,055,"Kansas","Finney County",2,44,425,229,196
050,20,055,"Kansas","Finney County",2,45,434,227,207
050,20,055,"Kansas","Finney County",2,46,416,208,208
050,20,055,"Kansas","Finney County",2,47,390,193,197
050,20,055,"Kansas","Finney County",2,48,382,190,192
050,20,055,"Kansas","Finney County",2,49,430,218,212
050,20,055,"Kansas","Finney County",2,50,430,220,210
050,20,055,"Kansas","Finney County",2,51,435,227,208
050,20,055,"Kansas","Finney County",2,52,443,224,219
050,20,055,"Kansas","Finney County",2,53,427,219,208
050,20,055,"Kansas","Finney County",2,54,423,213,210
050,20,055,"Kansas","Finney County",2,55,449,228,221
050,20,055,"Kansas","Finney County",2,56,440,230,210
050,20,055,"Kansas","Finney County",2,57,441,231,210
050,20,055,"Kansas","Finney County",2,58,454,228,226
050,20,055,"Kansas","Finney County",2,59,436,217,219
050,20,055,"Kansas","Finney County",2,60,421,218,203
050,20,055,"Kansas","Finney County",2,61,408,218,190
050,20,055,"Kansas","Finney County",2,62,386,205,181
050,20,055,"Kansas","Finney County",2,63,366,177,189
050,20,055,"Kansas","Finney County",2,64,335,165,170
050,20,055,"Kansas","Finney County",2,65,325,166,159
050,20,055,"Kansas","Finney County",2,66,312,164,148
050,20,055,"Kansas","Finney County",2,67,301,156,145
050,20,055,"Kansas","Finney County",2,68,298,151,147
050,20,055,"Kansas","Finney County",2,69,290,141,149
050,20,055,"Kansas","Finney County",2,70,264,125,139
050,20,055,"Kansas","Finney County",2,71,231,112,119
050,20,055,"Kansas","Finney County",2,72,213,96,117
050,20,055,"Kansas","Finney County",2,73,207,106,101
050,20,055,"Kansas","Finney County",2,74,161,84,77
050,20,055,"Kansas","Finney County",2,75,161,75,86
050,20,055,"Kansas","Finney County",2,76,157,68,89
050,20,055,"Kansas","Finney County",2,77,154,70,84
050,20,055,"Kansas","Finney County",2,78,138,63,75
050,20,055,"Kansas","Finney County",2,79,128,64,64
050,20,055,"Kansas","Finney County",2,80,115,56,59
050,20,055,"Kansas","Finney County",2,81,104,45,59
050,20,055,"Kansas","Finney County",2,82,98,48,50
050,20,055,"Kansas","Finney County",2,83,91,48,43
050,20,055,"Kansas","Finney County",2,84,70,38,32
050,20,055,"Kansas","Finney County",2,85,502,173,329
050,20,055,"Kansas","Finney County",3,0,549,284,265
050,20,055,"Kansas","Finney County",3,1,607,315,292
050,20,055,"Kansas","Finney County",3,2,622,324,298
050,20,055,"Kansas","Finney County",3,3,639,325,314
050,20,055,"Kansas","Finney County",3,4,653,317,336
050,20,055,"Kansas","Finney County",3,5,689,330,359
050,20,055,"Kansas","Finney County",3,6,670,320,350
050,20,055,"Kansas","Finney County",3,7,629,315,314
050,20,055,"Kansas","Finney County",3,8,630,345,285
050,20,055,"Kansas","Finney County",3,9,602,323,279
050,20,055,"Kansas","Finney County",3,10,637,341,296
050,20,055,"Kansas","Finney County",3,11,632,313,319
050,20,055,"Kansas","Finney County",3,12,653,315,338
050,20,055,"Kansas","Finney County",3,13,672,327,345
050,20,055,"Kansas","Finney County",3,14,669,343,326
050,20,055,"Kansas","Finney County",3,15,682,356,326
050,20,055,"Kansas","Finney County",3,16,662,351,311
050,20,055,"Kansas","Finney County",3,17,617,321,296
050,20,055,"Kansas","Finney County",3,18,600,324,276
050,20,055,"Kansas","Finney County",3,19,612,345,267
050,20,055,"Kansas","Finney County",3,20,595,322,273
050,20,055,"Kansas","Finney County",3,21,585,319,266
050,20,055,"Kansas","Finney County",3,22,562,290,272
050,20,055,"Kansas","Finney County",3,23,519,270,249
050,20,055,"Kansas","Finney County",3,24,543,278,265
050,20,055,"Kansas","Finney County",3,25,553,304,249
050,20,055,"Kansas","Finney County",3,26,530,281,249
050,20,055,"Kansas","Finney County",3,27,520,273,247
050,20,055,"Kansas","Finney County",3,28,535,282,253
050,20,055,"Kansas","Finney County",3,29,557,286,271
050,20,055,"Kansas","Finney County",3,30,559,291,268
050,20,055,"Kansas","Finney County",3,31,517,283,234
050,20,055,"Kansas","Finney County",3,32,493,262,231
050,20,055,"Kansas","Finney County",3,33,514,264,250
050,20,055,"Kansas","Finney County",3,34,519,294,225
050,20,055,"Kansas","Finney County",3,35,519,290,229
050,20,055,"Kansas","Finney County",3,36,476,252,224
050,20,055,"Kansas","Finney County",3,37,463,239,224
050,20,055,"Kansas","Finney County",3,38,457,231,226
050,20,055,"Kansas","Finney County",3,39,461,244,217
050,20,055,"Kansas","Finney County",3,40,461,243,218
050,20,055,"Kansas","Finney County",3,41,467,247,220
050,20,055,"Kansas","Finney County",3,42,442,246,196
050,20,055,"Kansas","Finney County",3,43,436,231,205
050,20,055,"Kansas","Finney County",3,44,450,250,200
050,20,055,"Kansas","Finney County",3,45,417,222,195
050,20,055,"Kansas","Finney County",3,46,436,231,205
050,20,055,"Kansas","Finney County",3,47,425,212,213
050,20,055,"Kansas","Finney County",3,48,379,180,199
050,20,055,"Kansas","Finney County",3,49,376,187,189
050,20,055,"Kansas","Finney County",3,50,416,207,209
050,20,055,"Kansas","Finney County",3,51,433,228,205
050,20,055,"Kansas","Finney County",3,52,417,209,208
050,20,055,"Kansas","Finney County",3,53,432,224,208
050,20,055,"Kansas","Finney County",3,54,402,209,193
050,20,055,"Kansas","Finney County",3,55,423,213,210
050,20,055,"Kansas","Finney County",3,56,435,219,216
050,20,055,"Kansas","Finney County",3,57,417,217,200
050,20,055,"Kansas","Finney County",3,58,428,220,208
050,20,055,"Kansas","Finney County",3,59,445,230,215
050,20,055,"Kansas","Finney County",3,60,406,196,210
050,20,055,"Kansas","Finney County",3,61,409,208,201
050,20,055,"Kansas","Finney County",3,62,399,212,187
050,20,055,"Kansas","Finney County",3,63,370,194,176
050,20,055,"Kansas","Finney County",3,64,348,171,177
050,20,055,"Kansas","Finney County",3,65,315,152,163
050,20,055,"Kansas","Finney County",3,66,313,158,155
050,20,055,"Kansas","Finney County",3,67,303,155,148
050,20,055,"Kansas","Finney County",3,68,288,153,135
050,20,055,"Kansas","Finney County",3,69,289,146,143
050,20,055,"Kansas","Finney County",3,70,288,140,148
050,20,055,"Kansas","Finney County",3,71,254,125,129
050,20,055,"Kansas","Finney County",3,72,221,108,113
050,20,055,"Kansas","Finney County",3,73,205,92,113
050,20,055,"Kansas","Finney County",3,74,197,101,96
050,20,055,"Kansas","Finney County",3,75,161,83,78
050,20,055,"Kansas","Finney County",3,76,160,75,85
050,20,055,"Kansas","Finney County",3,77,145,64,81
050,20,055,"Kansas","Finney County",3,78,157,70,87
050,20,055,"Kansas","Finney County",3,79,127,56,71
050,20,055,"Kansas","Finney County",3,80,123,59,64
050,20,055,"Kansas","Finney County",3,81,107,52,55
050,20,055,"Kansas","Finney County",3,82,91,37,54
050,20,055,"Kansas","Finney County",3,83,98,46,52
050,20,055,"Kansas","Finney County",3,84,80,40,40
050,20,055,"Kansas","Finney County",3,85,485,182,303
050,20,055,"Kansas","Finney County",4,0,544,264,280
050,20,055,"Kansas","Finney County",4,1,546,276,270
050,20,055,"Kansas","Finney County",4,2,578,307,271
050,20,055,"Kansas","Finney County",4,3,601,307,294
050,20,055,"Kansas","Finney County",4,4,624,317,307
050,20,055,"Kansas","Finney County",4,5,619,304,315
050,20,055,"Kansas","Finney County",4,6,660,313,347
050,20,055,"Kansas","Finney County",4,7,654,307,347
050,20,055,"Kansas","Finney County",4,8,617,307,310
050,20,055,"Kansas","Finney County",4,9,633,341,292
050,20,055,"Kansas","Finney County",4,10,597,325,272
050,20,055,"Kansas","Finney County",4,11,640,345,295
050,20,055,"Kansas","Finney County",4,12,647,321,326
050,20,055,"Kansas","Finney County",4,13,660,323,337
050,20,055,"Kansas","Finney County",4,14,660,313,347
050,20,055,"Kansas","Finney County",4,15,680,350,330
050,20,055,"Kansas","Finney County",4,16,688,361,327
050,20,055,"Kansas","Finney County",4,17,660,343,317
050,20,055,"Kansas","Finney County",4,18,604,326,278
050,20,055,"Kansas","Finney County",4,19,630,353,277
050,20,055,"Kansas","Finney County",4,20,545,311,234
050,20,055,"Kansas","Finney County",4,21,536,283,253
050,20,055,"Kansas","Finney County",4,22,547,295,252
050,20,055,"Kansas","Finney County",4,23,556,289,267
050,20,055,"Kansas","Finney County",4,24,534,278,256
050,20,055,"Kansas","Finney County",4,25,527,279,248
050,20,055,"Kansas","Finney County",4,26,522,280,242
050,20,055,"Kansas","Finney County",4,27,499,261,238
050,20,055,"Kansas","Finney County",4,28,515,278,237
050,20,055,"Kansas","Finney County",4,29,518,279,239
050,20,055,"Kansas","Finney County",4,30,528,267,261
050,20,055,"Kansas","Finney County",4,31,551,293,258
050,20,055,"Kansas","Finney County",4,32,505,272,233
050,20,055,"Kansas","Finney County",4,33,490,261,229
050,20,055,"Kansas","Finney County",4,34,513,259,254
050,20,055,"Kansas","Finney County",4,35,504,282,222
050,20,055,"Kansas","Finney County",4,36,520,294,226
050,20,055,"Kansas","Finney County",4,37,467,242,225
050,20,055,"Kansas","Finney County",4,38,466,244,222
050,20,055,"Kansas","Finney County",4,39,455,226,229
050,20,055,"Kansas","Finney County",4,40,464,242,222
050,20,055,"Kansas","Finney County",4,41,453,232,221
050,20,055,"Kansas","Finney County",4,42,461,245,216
050,20,055,"Kansas","Finney County",4,43,424,233,191
050,20,055,"Kansas","Finney County",4,44,430,224,206
050,20,055,"Kansas","Finney County",4,45,446,248,198
050,20,055,"Kansas","Finney County",4,46,423,236,187
050,20,055,"Kansas","Finney County",4,47,421,223,198
050,20,055,"Kansas","Finney County",4,48,419,211,208
050,20,055,"Kansas","Finney County",4,49,361,168,193
050,20,055,"Kansas","Finney County",4,50,364,187,177
050,20,055,"Kansas","Finney County",4,51,410,204,206
050,20,055,"Kansas","Finney County",4,52,419,211,208
050,20,055,"Kansas","Finney County",4,53,400,205,195
050,20,055,"Kansas","Finney County",4,54,416,216,200
050,20,055,"Kansas","Finney County",4,55,399,213,186
050,20,055,"Kansas","Finney County",4,56,412,206,206
050,20,055,"Kansas","Finney County",4,57,427,214,213
050,20,055,"Kansas","Finney County",4,58,407,210,197
050,20,055,"Kansas","Finney County",4,59,428,221,207
050,20,055,"Kansas","Finney County",4,60,415,217,198
050,20,055,"Kansas","Finney County",4,61,398,189,209
050,20,055,"Kansas","Finney County",4,62,394,201,193
050,20,055,"Kansas","Finney County",4,63,378,201,177
050,20,055,"Kansas","Finney County",4,64,354,188,166
050,20,055,"Kansas","Finney County",4,65,336,166,170
050,20,055,"Kansas","Finney County",4,66,303,142,161
050,20,055,"Kansas","Finney County",4,67,299,153,146
050,20,055,"Kansas","Finney County",4,68,298,154,144
050,20,055,"Kansas","Finney County",4,69,278,147,131
050,20,055,"Kansas","Finney County",4,70,289,147,142
050,20,055,"Kansas","Finney County",4,71,272,131,141
050,20,055,"Kansas","Finney County",4,72,246,124,122
050,20,055,"Kansas","Finney County",4,73,204,102,102
050,20,055,"Kansas","Finney County",4,74,194,88,106
050,20,055,"Kansas","Finney County",4,75,196,95,101
050,20,055,"Kansas","Finney County",4,76,160,86,74
050,20,055,"Kansas","Finney County",4,77,142,66,76
050,20,055,"Kansas","Finney County",4,78,139,60,79
050,20,055,"Kansas","Finney County",4,79,142,63,79
050,20,055,"Kansas","Finney County",4,80,112,44,68
050,20,055,"Kansas","Finney County",4,81,115,55,60
050,20,055,"Kansas","Finney County",4,82,100,48,52
050,20,055,"Kansas","Finney County",4,83,89,35,54
050,20,055,"Kansas","Finney County",4,84,83,36,47
050,20,055,"Kansas","Finney County",4,85,479,185,294
050,20,055,"Kansas","Finney County",5,0,553,264,289
050,20,055,"Kansas","Finney County",5,1,553,272,281
050,20,055,"Kansas","Finney County",5,2,547,273,274
050,20,055,"Kansas","Finney County",5,3,562,293,269
050,20,055,"Kansas","Finney County",5,4,593,306,287
050,20,055,"Kansas","Finney County",5,5,608,313,295
050,20,055,"Kansas","Finney County",5,6,618,308,310
050,20,055,"Kansas","Finney County",5,7,638,307,331
050,20,055,"Kansas","Finney County",5,8,652,313,339
050,20,055,"Kansas","Finney County",5,9,603,298,305
050,20,055,"Kansas","Finney County",5,10,632,338,294
050,20,055,"Kansas","Finney County",5,11,597,332,265
050,20,055,"Kansas","Finney County",5,12,654,350,304
050,20,055,"Kansas","Finney County",5,13,629,313,316
050,20,055,"Kansas","Finney County",5,14,650,324,326
050,20,055,"Kansas","Finney County",5,15,665,328,337
050,20,055,"Kansas","Finney County",5,16,696,351,345
050,20,055,"Kansas","Finney County",5,17,691,361,330
050,20,055,"Kansas","Finney County",5,18,642,349,293
050,20,055,"Kansas","Finney County",5,19,644,355,289
050,20,055,"Kansas","Finney County",5,20,570,330,240
050,20,055,"Kansas","Finney County",5,21,501,279,222
050,20,055,"Kansas","Finney County",5,22,525,271,254
050,20,055,"Kansas","Finney County",5,23,521,276,245
050,20,055,"Kansas","Finney County",5,24,555,279,276
050,20,055,"Kansas","Finney County",5,25,523,266,257
050,20,055,"Kansas","Finney County",5,26,527,276,251
050,20,055,"Kansas","Finney County",5,27,499,268,231
050,20,055,"Kansas","Finney County",5,28,485,254,231
050,20,055,"Kansas","Finney County",5,29,505,278,227
050,20,055,"Kansas","Finney County",5,30,509,272,237
050,20,055,"Kansas","Finney County",5,31,532,278,254
050,20,055,"Kansas","Finney County",5,32,541,293,248
050,20,055,"Kansas","Finney County",5,33,497,268,229
050,20,055,"Kansas","Finney County",5,34,487,253,234
050,20,055,"Kansas","Finney County",5,35,513,252,261
050,20,055,"Kansas","Finney County",5,36,506,279,227
050,20,055,"Kansas","Finney County",5,37,500,284,216
050,20,055,"Kansas","Finney County",5,38,457,236,221
050,20,055,"Kansas","Finney County",5,39,451,231,220
050,20,055,"Kansas","Finney County",5,40,468,231,237
050,20,055,"Kansas","Finney County",5,41,461,243,218
050,20,055,"Kansas","Finney County",5,42,448,223,225
050,20,055,"Kansas","Finney County",5,43,450,247,203
050,20,055,"Kansas","Finney County",5,44,423,227,196
050,20,055,"Kansas","Finney County",5,45,411,220,191
050,20,055,"Kansas","Finney County",5,46,434,239,195
050,20,055,"Kansas","Finney County",5,47,406,222,184
050,20,055,"Kansas","Finney County",5,48,414,213,201
050,20,055,"Kansas","Finney County",5,49,413,204,209
050,20,055,"Kansas","Finney County",5,50,350,162,188
050,20,055,"Kansas","Finney County",5,51,367,185,182
050,20,055,"Kansas","Finney County",5,52,410,200,210
050,20,055,"Kansas","Finney County",5,53,411,208,203
050,20,055,"Kansas","Finney County",5,54,386,194,192
050,20,055,"Kansas","Finney County",5,55,418,221,197
050,20,055,"Kansas","Finney County",5,56,397,218,179
050,20,055,"Kansas","Finney County",5,57,397,200,197
050,20,055,"Kansas","Finney County",5,58,413,208,205
050,20,055,"Kansas","Finney County",5,59,409,215,194
050,20,055,"Kansas","Finney County",5,60,416,207,209
050,20,055,"Kansas","Finney County",5,61,404,213,191
050,20,055,"Kansas","Finney County",5,62,396,189,207
050,20,055,"Kansas","Finney County",5,63,391,200,191
050,20,055,"Kansas","Finney County",5,64,364,195,169
050,20,055,"Kansas","Finney County",5,65,341,179,162
050,20,055,"Kansas","Finney County",5,66,324,157,167
050,20,055,"Kansas","Finney County",5,67,298,139,159
050,20,055,"Kansas","Finney County",5,68,297,153,144
050,20,055,"Kansas","Finney County",5,69,293,149,144
050,20,055,"Kansas","Finney County",5,70,266,141,125
050,20,055,"Kansas","Finney County",5,71,275,140,135
050,20,055,"Kansas","Finney County",5,72,261,124,137
050,20,055,"Kansas","Finney County",5,73,239,121,118
050,20,055,"Kansas","Finney County",5,74,192,95,97
050,20,055,"Kansas","Finney County",5,75,180,77,103
050,20,055,"Kansas","Finney County",5,76,192,95,97
050,20,055,"Kansas","Finney County",5,77,142,78,64
050,20,055,"Kansas","Finney County",5,78,138,62,76
050,20,055,"Kansas","Finney County",5,79,130,52,78
050,20,055,"Kansas","Finney County",5,80,135,53,82
050,20,055,"Kansas","Finney County",5,81,104,39,65
050,20,055,"Kansas","Finney County",5,82,107,51,56
050,20,055,"Kansas","Finney County",5,83,98,48,50
050,20,055,"Kansas","Finney County",5,84,74,25,49
050,20,055,"Kansas","Finney County",5,85,492,196,296
050,20,057,"Kansas","Ford County",1,0,578,294,284
050,20,057,"Kansas","Ford County",1,1,565,294,271
050,20,057,"Kansas","Ford County",1,2,564,297,267
050,20,057,"Kansas","Ford County",1,3,635,328,307
050,20,057,"Kansas","Ford County",1,4,571,281,290
050,20,057,"Kansas","Ford County",1,5,584,290,294
050,20,057,"Kansas","Ford County",1,6,581,266,315
050,20,057,"Kansas","Ford County",1,7,562,274,288
050,20,057,"Kansas","Ford County",1,8,582,303,279
050,20,057,"Kansas","Ford County",1,9,551,287,264
050,20,057,"Kansas","Ford County",1,10,598,322,276
050,20,057,"Kansas","Ford County",1,11,608,330,278
050,20,057,"Kansas","Ford County",1,12,603,316,287
050,20,057,"Kansas","Ford County",1,13,551,284,267
050,20,057,"Kansas","Ford County",1,14,562,295,267
050,20,057,"Kansas","Ford County",1,15,565,294,271
050,20,057,"Kansas","Ford County",1,16,564,290,274
050,20,057,"Kansas","Ford County",1,17,536,280,256
050,20,057,"Kansas","Ford County",1,18,524,293,231
050,20,057,"Kansas","Ford County",1,19,581,343,238
050,20,057,"Kansas","Ford County",1,20,563,332,231
050,20,057,"Kansas","Ford County",1,21,504,291,213
050,20,057,"Kansas","Ford County",1,22,463,242,221
050,20,057,"Kansas","Ford County",1,23,456,243,213
050,20,057,"Kansas","Ford County",1,24,485,256,229
050,20,057,"Kansas","Ford County",1,25,487,269,218
050,20,057,"Kansas","Ford County",1,26,480,254,226
050,20,057,"Kansas","Ford County",1,27,523,271,252
050,20,057,"Kansas","Ford County",1,28,523,291,232
050,20,057,"Kansas","Ford County",1,29,476,259,217
050,20,057,"Kansas","Ford County",1,30,473,267,206
050,20,057,"Kansas","Ford County",1,31,441,257,184
050,20,057,"Kansas","Ford County",1,32,413,208,205
050,20,057,"Kansas","Ford County",1,33,433,220,213
050,20,057,"Kansas","Ford County",1,34,436,232,204
050,20,057,"Kansas","Ford County",1,35,418,234,184
050,20,057,"Kansas","Ford County",1,36,447,244,203
050,20,057,"Kansas","Ford County",1,37,444,254,190
050,20,057,"Kansas","Ford County",1,38,414,229,185
050,20,057,"Kansas","Ford County",1,39,438,250,188
050,20,057,"Kansas","Ford County",1,40,407,222,185
050,20,057,"Kansas","Ford County",1,41,423,227,196
050,20,057,"Kansas","Ford County",1,42,403,219,184
050,20,057,"Kansas","Ford County",1,43,376,195,181
050,20,057,"Kansas","Ford County",1,44,409,218,191
050,20,057,"Kansas","Ford County",1,45,402,213,189
050,20,057,"Kansas","Ford County",1,46,384,187,197
050,20,057,"Kansas","Ford County",1,47,398,179,219
050,20,057,"Kansas","Ford County",1,48,398,192,206
050,20,057,"Kansas","Ford County",1,49,414,217,197
050,20,057,"Kansas","Ford County",1,50,400,216,184
050,20,057,"Kansas","Ford County",1,51,397,215,182
050,20,057,"Kansas","Ford County",1,52,370,199,171
050,20,057,"Kansas","Ford County",1,53,368,179,189
050,20,057,"Kansas","Ford County",1,54,402,198,204
050,20,057,"Kansas","Ford County",1,55,399,195,204
050,20,057,"Kansas","Ford County",1,56,386,192,194
050,20,057,"Kansas","Ford County",1,57,363,191,172
050,20,057,"Kansas","Ford County",1,58,378,207,171
050,20,057,"Kansas","Ford County",1,59,395,192,203
050,20,057,"Kansas","Ford County",1,60,411,209,202
050,20,057,"Kansas","Ford County",1,61,370,192,178
050,20,057,"Kansas","Ford County",1,62,347,175,172
050,20,057,"Kansas","Ford County",1,63,322,162,160
050,20,057,"Kansas","Ford County",1,64,331,184,147
050,20,057,"Kansas","Ford County",1,65,319,174,145
050,20,057,"Kansas","Ford County",1,66,269,144,125
050,20,057,"Kansas","Ford County",1,67,270,138,132
050,20,057,"Kansas","Ford County",1,68,246,128,118
050,20,057,"Kansas","Ford County",1,69,225,108,117
050,20,057,"Kansas","Ford County",1,70,201,95,106
050,20,057,"Kansas","Ford County",1,71,196,102,94
050,20,057,"Kansas","Ford County",1,72,218,104,114
050,20,057,"Kansas","Ford County",1,73,188,90,98
050,20,057,"Kansas","Ford County",1,74,125,64,61
050,20,057,"Kansas","Ford County",1,75,128,64,64
050,20,057,"Kansas","Ford County",1,76,114,53,61
050,20,057,"Kansas","Ford County",1,77,111,43,68
050,20,057,"Kansas","Ford County",1,78,106,54,52
050,20,057,"Kansas","Ford County",1,79,111,51,60
050,20,057,"Kansas","Ford County",1,80,101,51,50
050,20,057,"Kansas","Ford County",1,81,91,40,51
050,20,057,"Kansas","Ford County",1,82,95,41,54
050,20,057,"Kansas","Ford County",1,83,101,39,62
050,20,057,"Kansas","Ford County",1,84,84,32,52
050,20,057,"Kansas","Ford County",1,85,554,199,355
050,20,057,"Kansas","Ford County",2,0,578,300,278
050,20,057,"Kansas","Ford County",2,1,569,296,273
050,20,057,"Kansas","Ford County",2,2,563,297,266
050,20,057,"Kansas","Ford County",2,3,613,317,296
050,20,057,"Kansas","Ford County",2,4,585,291,294
050,20,057,"Kansas","Ford County",2,5,579,287,292
050,20,057,"Kansas","Ford County",2,6,580,271,309
050,20,057,"Kansas","Ford County",2,7,562,270,292
050,20,057,"Kansas","Ford County",2,8,571,293,278
050,20,057,"Kansas","Ford County",2,9,554,288,266
050,20,057,"Kansas","Ford County",2,10,586,313,273
050,20,057,"Kansas","Ford County",2,11,602,326,276
050,20,057,"Kansas","Ford County",2,12,600,319,281
050,20,057,"Kansas","Ford County",2,13,561,291,270
050,20,057,"Kansas","Ford County",2,14,553,287,266
050,20,057,"Kansas","Ford County",2,15,563,292,271
050,20,057,"Kansas","Ford County",2,16,562,288,274
050,20,057,"Kansas","Ford County",2,17,540,281,259
050,20,057,"Kansas","Ford County",2,18,520,289,231
050,20,057,"Kansas","Ford County",2,19,575,341,234
050,20,057,"Kansas","Ford County",2,20,557,326,231
050,20,057,"Kansas","Ford County",2,21,505,291,214
050,20,057,"Kansas","Ford County",2,22,472,251,221
050,20,057,"Kansas","Ford County",2,23,457,244,213
050,20,057,"Kansas","Ford County",2,24,471,250,221
050,20,057,"Kansas","Ford County",2,25,480,261,219
050,20,057,"Kansas","Ford County",2,26,480,256,224
050,20,057,"Kansas","Ford County",2,27,513,268,245
050,20,057,"Kansas","Ford County",2,28,521,285,236
050,20,057,"Kansas","Ford County",2,29,487,268,219
050,20,057,"Kansas","Ford County",2,30,473,264,209
050,20,057,"Kansas","Ford County",2,31,444,258,186
050,20,057,"Kansas","Ford County",2,32,422,221,201
050,20,057,"Kansas","Ford County",2,33,425,215,210
050,20,057,"Kansas","Ford County",2,34,434,227,207
050,20,057,"Kansas","Ford County",2,35,423,234,189
050,20,057,"Kansas","Ford County",2,36,434,240,194
050,20,057,"Kansas","Ford County",2,37,442,249,193
050,20,057,"Kansas","Ford County",2,38,419,234,185
050,20,057,"Kansas","Ford County",2,39,431,247,184
050,20,057,"Kansas","Ford County",2,40,416,231,185
050,20,057,"Kansas","Ford County",2,41,415,224,191
050,20,057,"Kansas","Ford County",2,42,404,219,185
050,20,057,"Kansas","Ford County",2,43,385,203,182
050,20,057,"Kansas","Ford County",2,44,399,212,187
050,20,057,"Kansas","Ford County",2,45,405,214,191
050,20,057,"Kansas","Ford County",2,46,387,195,192
050,20,057,"Kansas","Ford County",2,47,391,180,211
050,20,057,"Kansas","Ford County",2,48,396,188,208
050,20,057,"Kansas","Ford County",2,49,407,207,200
050,20,057,"Kansas","Ford County",2,50,401,214,187
050,20,057,"Kansas","Ford County",2,51,396,211,185
050,20,057,"Kansas","Ford County",2,52,377,202,175
050,20,057,"Kansas","Ford County",2,53,366,182,184
050,20,057,"Kansas","Ford County",2,54,391,193,198
050,20,057,"Kansas","Ford County",2,55,401,196,205
050,20,057,"Kansas","Ford County",2,56,389,192,197
050,20,057,"Kansas","Ford County",2,57,366,189,177
050,20,057,"Kansas","Ford County",2,58,373,202,171
050,20,057,"Kansas","Ford County",2,59,385,193,192
050,20,057,"Kansas","Ford County",2,60,407,205,202
050,20,057,"Kansas","Ford County",2,61,378,193,185
050,20,057,"Kansas","Ford County",2,62,348,177,171
050,20,057,"Kansas","Ford County",2,63,327,164,163
050,20,057,"Kansas","Ford County",2,64,327,179,148
050,20,057,"Kansas","Ford County",2,65,319,175,144
050,20,057,"Kansas","Ford County",2,66,281,151,130
050,20,057,"Kansas","Ford County",2,67,268,138,130
050,20,057,"Kansas","Ford County",2,68,249,128,121
050,20,057,"Kansas","Ford County",2,69,225,111,114
050,20,057,"Kansas","Ford County",2,70,203,98,105
050,20,057,"Kansas","Ford County",2,71,196,101,95
050,20,057,"Kansas","Ford County",2,72,207,100,107
050,20,057,"Kansas","Ford County",2,73,201,95,106
050,20,057,"Kansas","Ford County",2,74,131,66,65
050,20,057,"Kansas","Ford County",2,75,125,63,62
050,20,057,"Kansas","Ford County",2,76,117,56,61
050,20,057,"Kansas","Ford County",2,77,112,45,67
050,20,057,"Kansas","Ford County",2,78,105,51,54
050,20,057,"Kansas","Ford County",2,79,108,50,58
050,20,057,"Kansas","Ford County",2,80,101,49,52
050,20,057,"Kansas","Ford County",2,81,92,42,50
050,20,057,"Kansas","Ford County",2,82,95,42,53
050,20,057,"Kansas","Ford County",2,83,97,38,59
050,20,057,"Kansas","Ford County",2,84,83,30,53
050,20,057,"Kansas","Ford County",2,85,557,201,356
050,20,057,"Kansas","Ford County",3,0,585,308,277
050,20,057,"Kansas","Ford County",3,1,582,300,282
050,20,057,"Kansas","Ford County",3,2,565,288,277
050,20,057,"Kansas","Ford County",3,3,555,287,268
050,20,057,"Kansas","Ford County",3,4,633,336,297
050,20,057,"Kansas","Ford County",3,5,569,280,289
050,20,057,"Kansas","Ford County",3,6,562,278,284
050,20,057,"Kansas","Ford County",3,7,581,270,311
050,20,057,"Kansas","Ford County",3,8,555,262,293
050,20,057,"Kansas","Ford County",3,9,583,298,285
050,20,057,"Kansas","Ford County",3,10,558,288,270
050,20,057,"Kansas","Ford County",3,11,574,305,269
050,20,057,"Kansas","Ford County",3,12,598,316,282
050,20,057,"Kansas","Ford County",3,13,575,303,272
050,20,057,"Kansas","Ford County",3,14,563,297,266
050,20,057,"Kansas","Ford County",3,15,540,281,259
050,20,057,"Kansas","Ford County",3,16,566,299,267
050,20,057,"Kansas","Ford County",3,17,561,287,274
050,20,057,"Kansas","Ford County",3,18,524,287,237
050,20,057,"Kansas","Ford County",3,19,560,336,224
050,20,057,"Kansas","Ford County",3,20,539,303,236
050,20,057,"Kansas","Ford County",3,21,523,302,221
050,20,057,"Kansas","Ford County",3,22,496,283,213
050,20,057,"Kansas","Ford County",3,23,470,256,214
050,20,057,"Kansas","Ford County",3,24,458,242,216
050,20,057,"Kansas","Ford County",3,25,468,250,218
050,20,057,"Kansas","Ford County",3,26,482,257,225
050,20,057,"Kansas","Ford County",3,27,486,256,230
050,20,057,"Kansas","Ford County",3,28,509,265,244
050,20,057,"Kansas","Ford County",3,29,513,271,242
050,20,057,"Kansas","Ford County",3,30,475,255,220
050,20,057,"Kansas","Ford County",3,31,470,268,202
050,20,057,"Kansas","Ford County",3,32,439,262,177
050,20,057,"Kansas","Ford County",3,33,415,219,196
050,20,057,"Kansas","Ford County",3,34,418,213,205
050,20,057,"Kansas","Ford County",3,35,419,218,201
050,20,057,"Kansas","Ford County",3,36,422,236,186
050,20,057,"Kansas","Ford County",3,37,421,232,189
050,20,057,"Kansas","Ford County",3,38,431,233,198
050,20,057,"Kansas","Ford County",3,39,411,238,173
050,20,057,"Kansas","Ford County",3,40,429,251,178
050,20,057,"Kansas","Ford County",3,41,407,229,178
050,20,057,"Kansas","Ford County",3,42,410,226,184
050,20,057,"Kansas","Ford County",3,43,399,218,181
050,20,057,"Kansas","Ford County",3,44,380,198,182
050,20,057,"Kansas","Ford County",3,45,395,208,187
050,20,057,"Kansas","Ford County",3,46,395,205,190
050,20,057,"Kansas","Ford County",3,47,381,187,194
050,20,057,"Kansas","Ford County",3,48,387,179,208
050,20,057,"Kansas","Ford County",3,49,385,173,212
050,20,057,"Kansas","Ford County",3,50,406,216,190
050,20,057,"Kansas","Ford County",3,51,394,210,184
050,20,057,"Kansas","Ford County",3,52,394,208,186
050,20,057,"Kansas","Ford County",3,53,387,205,182
050,20,057,"Kansas","Ford County",3,54,365,176,189
050,20,057,"Kansas","Ford County",3,55,384,190,194
050,20,057,"Kansas","Ford County",3,56,407,198,209
050,20,057,"Kansas","Ford County",3,57,381,190,191
050,20,057,"Kansas","Ford County",3,58,369,192,177
050,20,057,"Kansas","Ford County",3,59,356,195,161
050,20,057,"Kansas","Ford County",3,60,369,188,181
050,20,057,"Kansas","Ford County",3,61,395,203,192
050,20,057,"Kansas","Ford County",3,62,369,187,182
050,20,057,"Kansas","Ford County",3,63,344,179,165
050,20,057,"Kansas","Ford County",3,64,311,157,154
050,20,057,"Kansas","Ford County",3,65,322,178,144
050,20,057,"Kansas","Ford County",3,66,305,165,140
050,20,057,"Kansas","Ford County",3,67,271,147,124
050,20,057,"Kansas","Ford County",3,68,264,136,128
050,20,057,"Kansas","Ford County",3,69,238,120,118
050,20,057,"Kansas","Ford County",3,70,216,105,111
050,20,057,"Kansas","Ford County",3,71,201,97,104
050,20,057,"Kansas","Ford County",3,72,179,89,90
050,20,057,"Kansas","Ford County",3,73,199,91,108
050,20,057,"Kansas","Ford County",3,74,184,87,97
050,20,057,"Kansas","Ford County",3,75,119,59,60
050,20,057,"Kansas","Ford County",3,76,121,62,59
050,20,057,"Kansas","Ford County",3,77,106,48,58
050,20,057,"Kansas","Ford County",3,78,105,39,66
050,20,057,"Kansas","Ford County",3,79,101,44,57
050,20,057,"Kansas","Ford County",3,80,97,49,48
050,20,057,"Kansas","Ford County",3,81,95,41,54
050,20,057,"Kansas","Ford County",3,82,92,45,47
050,20,057,"Kansas","Ford County",3,83,91,39,52
050,20,057,"Kansas","Ford County",3,84,84,31,53
050,20,057,"Kansas","Ford County",3,85,543,189,354
050,20,057,"Kansas","Ford County",4,0,593,295,298
050,20,057,"Kansas","Ford County",4,1,560,289,271
050,20,057,"Kansas","Ford County",4,2,582,294,288
050,20,057,"Kansas","Ford County",4,3,534,265,269
050,20,057,"Kansas","Ford County",4,4,546,291,255
050,20,057,"Kansas","Ford County",4,5,616,325,291
050,20,057,"Kansas","Ford County",4,6,563,276,287
050,20,057,"Kansas","Ford County",4,7,555,274,281
050,20,057,"Kansas","Ford County",4,8,566,257,309
050,20,057,"Kansas","Ford County",4,9,546,261,285
050,20,057,"Kansas","Ford County",4,10,564,288,276
050,20,057,"Kansas","Ford County",4,11,564,296,268
050,20,057,"Kansas","Ford County",4,12,560,289,271
050,20,057,"Kansas","Ford County",4,13,581,307,274
050,20,057,"Kansas","Ford County",4,14,567,296,271
050,20,057,"Kansas","Ford County",4,15,554,289,265
050,20,057,"Kansas","Ford County",4,16,531,273,258
050,20,057,"Kansas","Ford County",4,17,561,299,262
050,20,057,"Kansas","Ford County",4,18,561,302,259
050,20,057,"Kansas","Ford County",4,19,587,343,244
050,20,057,"Kansas","Ford County",4,20,499,292,207
050,20,057,"Kansas","Ford County",4,21,484,273,211
050,20,057,"Kansas","Ford County",4,22,527,306,221
050,20,057,"Kansas","Ford County",4,23,486,287,199
050,20,057,"Kansas","Ford County",4,24,458,249,209
050,20,057,"Kansas","Ford County",4,25,428,224,204
050,20,057,"Kansas","Ford County",4,26,457,235,222
050,20,057,"Kansas","Ford County",4,27,466,256,210
050,20,057,"Kansas","Ford County",4,28,467,256,211
050,20,057,"Kansas","Ford County",4,29,488,253,235
050,20,057,"Kansas","Ford County",4,30,503,251,252
050,20,057,"Kansas","Ford County",4,31,463,251,212
050,20,057,"Kansas","Ford County",4,32,465,264,201
050,20,057,"Kansas","Ford County",4,33,413,241,172
050,20,057,"Kansas","Ford County",4,34,413,216,197
050,20,057,"Kansas","Ford County",4,35,417,208,209
050,20,057,"Kansas","Ford County",4,36,416,232,184
050,20,057,"Kansas","Ford County",4,37,421,240,181
050,20,057,"Kansas","Ford County",4,38,405,218,187
050,20,057,"Kansas","Ford County",4,39,424,232,192
050,20,057,"Kansas","Ford County",4,40,396,230,166
050,20,057,"Kansas","Ford County",4,41,415,243,172
050,20,057,"Kansas","Ford County",4,42,404,226,178
050,20,057,"Kansas","Ford County",4,43,418,228,190
050,20,057,"Kansas","Ford County",4,44,385,205,180
050,20,057,"Kansas","Ford County",4,45,385,198,187
050,20,057,"Kansas","Ford County",4,46,384,206,178
050,20,057,"Kansas","Ford County",4,47,388,198,190
050,20,057,"Kansas","Ford County",4,48,382,185,197
050,20,057,"Kansas","Ford County",4,49,383,173,210
050,20,057,"Kansas","Ford County",4,50,382,171,211
050,20,057,"Kansas","Ford County",4,51,408,213,195
050,20,057,"Kansas","Ford County",4,52,390,211,179
050,20,057,"Kansas","Ford County",4,53,393,206,187
050,20,057,"Kansas","Ford County",4,54,376,200,176
050,20,057,"Kansas","Ford County",4,55,355,176,179
050,20,057,"Kansas","Ford County",4,56,371,182,189
050,20,057,"Kansas","Ford County",4,57,395,186,209
050,20,057,"Kansas","Ford County",4,58,377,187,190
050,20,057,"Kansas","Ford County",4,59,359,186,173
050,20,057,"Kansas","Ford County",4,60,357,192,165
050,20,057,"Kansas","Ford County",4,61,367,185,182
050,20,057,"Kansas","Ford County",4,62,392,200,192
050,20,057,"Kansas","Ford County",4,63,354,183,171
050,20,057,"Kansas","Ford County",4,64,340,177,163
050,20,057,"Kansas","Ford County",4,65,301,153,148
050,20,057,"Kansas","Ford County",4,66,300,163,137
050,20,057,"Kansas","Ford County",4,67,295,160,135
050,20,057,"Kansas","Ford County",4,68,248,133,115
050,20,057,"Kansas","Ford County",4,69,247,125,122
050,20,057,"Kansas","Ford County",4,70,219,113,106
050,20,057,"Kansas","Ford County",4,71,212,102,110
050,20,057,"Kansas","Ford County",4,72,186,89,97
050,20,057,"Kansas","Ford County",4,73,177,87,90
050,20,057,"Kansas","Ford County",4,74,187,88,99
050,20,057,"Kansas","Ford County",4,75,175,84,91
050,20,057,"Kansas","Ford County",4,76,118,59,59
050,20,057,"Kansas","Ford County",4,77,112,55,57
050,20,057,"Kansas","Ford County",4,78,102,45,57
050,20,057,"Kansas","Ford County",4,79,104,36,68
050,20,057,"Kansas","Ford County",4,80,98,46,52
050,20,057,"Kansas","Ford County",4,81,91,41,50
050,20,057,"Kansas","Ford County",4,82,93,46,47
050,20,057,"Kansas","Ford County",4,83,94,41,53
050,20,057,"Kansas","Ford County",4,84,71,26,45
050,20,057,"Kansas","Ford County",4,85,547,191,356
050,20,057,"Kansas","Ford County",5,0,598,296,302
050,20,057,"Kansas","Ford County",5,1,591,291,300
050,20,057,"Kansas","Ford County",5,2,570,294,276
050,20,057,"Kansas","Ford County",5,3,586,292,294
050,20,057,"Kansas","Ford County",5,4,552,273,279
050,20,057,"Kansas","Ford County",5,5,533,281,252
050,20,057,"Kansas","Ford County",5,6,608,321,287
050,20,057,"Kansas","Ford County",5,7,568,277,291
050,20,057,"Kansas","Ford County",5,8,555,271,284
050,20,057,"Kansas","Ford County",5,9,569,257,312
050,20,057,"Kansas","Ford County",5,10,551,264,287
050,20,057,"Kansas","Ford County",5,11,572,302,270
050,20,057,"Kansas","Ford County",5,12,564,292,272
050,20,057,"Kansas","Ford County",5,13,559,290,269
050,20,057,"Kansas","Ford County",5,14,589,308,281
050,20,057,"Kansas","Ford County",5,15,560,290,270
050,20,057,"Kansas","Ford County",5,16,539,288,251
050,20,057,"Kansas","Ford County",5,17,537,275,262
050,20,057,"Kansas","Ford County",5,18,559,311,248
050,20,057,"Kansas","Ford County",5,19,586,342,244
050,20,057,"Kansas","Ford County",5,20,520,293,227
050,20,057,"Kansas","Ford County",5,21,462,263,199
050,20,057,"Kansas","Ford County",5,22,476,264,212
050,20,057,"Kansas","Ford County",5,23,541,310,231
050,20,057,"Kansas","Ford County",5,24,480,284,196
050,20,057,"Kansas","Ford County",5,25,461,246,215
050,20,057,"Kansas","Ford County",5,26,424,224,200
050,20,057,"Kansas","Ford County",5,27,444,224,220
050,20,057,"Kansas","Ford County",5,28,466,251,215
050,20,057,"Kansas","Ford County",5,29,444,237,207
050,20,057,"Kansas","Ford County",5,30,484,248,236
050,20,057,"Kansas","Ford County",5,31,505,264,241
050,20,057,"Kansas","Ford County",5,32,460,247,213
050,20,057,"Kansas","Ford County",5,33,458,262,196
050,20,057,"Kansas","Ford County",5,34,410,235,175
050,20,057,"Kansas","Ford County",5,35,409,210,199
050,20,057,"Kansas","Ford County",5,36,435,225,210
050,20,057,"Kansas","Ford County",5,37,427,243,184
050,20,057,"Kansas","Ford County",5,38,412,234,178
050,20,057,"Kansas","Ford County",5,39,405,227,178
050,20,057,"Kansas","Ford County",5,40,395,218,177
050,20,057,"Kansas","Ford County",5,41,401,228,173
050,20,057,"Kansas","Ford County",5,42,397,229,168
050,20,057,"Kansas","Ford County",5,43,399,221,178
050,20,057,"Kansas","Ford County",5,44,397,216,181
050,20,057,"Kansas","Ford County",5,45,381,202,179
050,20,057,"Kansas","Ford County",5,46,383,198,185
050,20,057,"Kansas","Ford County",5,47,375,196,179
050,20,057,"Kansas","Ford County",5,48,380,195,185
050,20,057,"Kansas","Ford County",5,49,380,188,192
050,20,057,"Kansas","Ford County",5,50,375,168,207
050,20,057,"Kansas","Ford County",5,51,374,167,207
050,20,057,"Kansas","Ford County",5,52,406,213,193
050,20,057,"Kansas","Ford County",5,53,377,203,174
050,20,057,"Kansas","Ford County",5,54,387,202,185
050,20,057,"Kansas","Ford County",5,55,373,197,176
050,20,057,"Kansas","Ford County",5,56,359,179,180
050,20,057,"Kansas","Ford County",5,57,366,178,188
050,20,057,"Kansas","Ford County",5,58,394,187,207
050,20,057,"Kansas","Ford County",5,59,363,176,187
050,20,057,"Kansas","Ford County",5,60,357,190,167
050,20,057,"Kansas","Ford County",5,61,342,182,160
050,20,057,"Kansas","Ford County",5,62,355,176,179
050,20,057,"Kansas","Ford County",5,63,375,187,188
050,20,057,"Kansas","Ford County",5,64,344,177,167
050,20,057,"Kansas","Ford County",5,65,321,172,149
050,20,057,"Kansas","Ford County",5,66,284,143,141
050,20,057,"Kansas","Ford County",5,67,293,159,134
050,20,057,"Kansas","Ford County",5,68,279,153,126
050,20,057,"Kansas","Ford County",5,69,241,130,111
050,20,057,"Kansas","Ford County",5,70,244,124,120
050,20,057,"Kansas","Ford County",5,71,211,109,102
050,20,057,"Kansas","Ford County",5,72,200,95,105
050,20,057,"Kansas","Ford County",5,73,184,84,100
050,20,057,"Kansas","Ford County",5,74,167,83,84
050,20,057,"Kansas","Ford County",5,75,174,77,97
050,20,057,"Kansas","Ford County",5,76,171,81,90
050,20,057,"Kansas","Ford County",5,77,115,56,59
050,20,057,"Kansas","Ford County",5,78,108,50,58
050,20,057,"Kansas","Ford County",5,79,99,42,57
050,20,057,"Kansas","Ford County",5,80,97,37,60
050,20,057,"Kansas","Ford County",5,81,91,37,54
050,20,057,"Kansas","Ford County",5,82,87,46,41
050,20,057,"Kansas","Ford County",5,83,94,41,53
050,20,057,"Kansas","Ford County",5,84,77,30,47
050,20,057,"Kansas","Ford County",5,85,539,193,346
050,20,059,"Kansas","Franklin County",1,0,290,147,143
050,20,059,"Kansas","Franklin County",1,1,306,155,151
050,20,059,"Kansas","Franklin County",1,2,323,164,159
050,20,059,"Kansas","Franklin County",1,3,311,155,156
050,20,059,"Kansas","Franklin County",1,4,332,155,177
050,20,059,"Kansas","Franklin County",1,5,350,182,168
050,20,059,"Kansas","Franklin County",1,6,301,158,143
050,20,059,"Kansas","Franklin County",1,7,320,160,160
050,20,059,"Kansas","Franklin County",1,8,347,178,169
050,20,059,"Kansas","Franklin County",1,9,348,167,181
050,20,059,"Kansas","Franklin County",1,10,353,172,181
050,20,059,"Kansas","Franklin County",1,11,353,193,160
050,20,059,"Kansas","Franklin County",1,12,353,196,157
050,20,059,"Kansas","Franklin County",1,13,384,194,190
050,20,059,"Kansas","Franklin County",1,14,389,196,193
050,20,059,"Kansas","Franklin County",1,15,378,192,186
050,20,059,"Kansas","Franklin County",1,16,379,192,187
050,20,059,"Kansas","Franklin County",1,17,344,179,165
050,20,059,"Kansas","Franklin County",1,18,360,190,170
050,20,059,"Kansas","Franklin County",1,19,390,213,177
050,20,059,"Kansas","Franklin County",1,20,350,198,152
050,20,059,"Kansas","Franklin County",1,21,302,160,142
050,20,059,"Kansas","Franklin County",1,22,259,136,123
050,20,059,"Kansas","Franklin County",1,23,281,151,130
050,20,059,"Kansas","Franklin County",1,24,284,134,150
050,20,059,"Kansas","Franklin County",1,25,314,160,154
050,20,059,"Kansas","Franklin County",1,26,295,142,153
050,20,059,"Kansas","Franklin County",1,27,313,159,154
050,20,059,"Kansas","Franklin County",1,28,323,151,172
050,20,059,"Kansas","Franklin County",1,29,312,152,160
050,20,059,"Kansas","Franklin County",1,30,332,164,168
050,20,059,"Kansas","Franklin County",1,31,312,164,148
050,20,059,"Kansas","Franklin County",1,32,290,147,143
050,20,059,"Kansas","Franklin County",1,33,301,141,160
050,20,059,"Kansas","Franklin County",1,34,320,164,156
050,20,059,"Kansas","Franklin County",1,35,320,158,162
050,20,059,"Kansas","Franklin County",1,36,323,167,156
050,20,059,"Kansas","Franklin County",1,37,330,166,164
050,20,059,"Kansas","Franklin County",1,38,309,158,151
050,20,059,"Kansas","Franklin County",1,39,310,167,143
050,20,059,"Kansas","Franklin County",1,40,319,164,155
050,20,059,"Kansas","Franklin County",1,41,307,162,145
050,20,059,"Kansas","Franklin County",1,42,296,158,138
050,20,059,"Kansas","Franklin County",1,43,294,165,129
050,20,059,"Kansas","Franklin County",1,44,284,145,139
050,20,059,"Kansas","Franklin County",1,45,269,126,143
050,20,059,"Kansas","Franklin County",1,46,264,127,137
050,20,059,"Kansas","Franklin County",1,47,287,154,133
050,20,059,"Kansas","Franklin County",1,48,331,162,169
050,20,059,"Kansas","Franklin County",1,49,353,184,169
050,20,059,"Kansas","Franklin County",1,50,304,161,143
050,20,059,"Kansas","Franklin County",1,51,317,166,151
050,20,059,"Kansas","Franklin County",1,52,296,159,137
050,20,059,"Kansas","Franklin County",1,53,333,179,154
050,20,059,"Kansas","Franklin County",1,54,340,170,170
050,20,059,"Kansas","Franklin County",1,55,352,166,186
050,20,059,"Kansas","Franklin County",1,56,391,200,191
050,20,059,"Kansas","Franklin County",1,57,411,208,203
050,20,059,"Kansas","Franklin County",1,58,427,215,212
050,20,059,"Kansas","Franklin County",1,59,417,213,204
050,20,059,"Kansas","Franklin County",1,60,400,195,205
050,20,059,"Kansas","Franklin County",1,61,365,182,183
050,20,059,"Kansas","Franklin County",1,62,361,190,171
050,20,059,"Kansas","Franklin County",1,63,355,192,163
050,20,059,"Kansas","Franklin County",1,64,359,186,173
050,20,059,"Kansas","Franklin County",1,65,348,182,166
050,20,059,"Kansas","Franklin County",1,66,299,147,152
050,20,059,"Kansas","Franklin County",1,67,285,139,146
050,20,059,"Kansas","Franklin County",1,68,298,142,156
050,20,059,"Kansas","Franklin County",1,69,265,124,141
050,20,059,"Kansas","Franklin County",1,70,264,126,138
050,20,059,"Kansas","Franklin County",1,71,235,116,119
050,20,059,"Kansas","Franklin County",1,72,236,115,121
050,20,059,"Kansas","Franklin County",1,73,256,131,125
050,20,059,"Kansas","Franklin County",1,74,171,86,85
050,20,059,"Kansas","Franklin County",1,75,175,79,96
050,20,059,"Kansas","Franklin County",1,76,171,77,94
050,20,059,"Kansas","Franklin County",1,77,195,83,112
050,20,059,"Kansas","Franklin County",1,78,146,61,85
050,20,059,"Kansas","Franklin County",1,79,140,72,68
050,20,059,"Kansas","Franklin County",1,80,127,59,68
050,20,059,"Kansas","Franklin County",1,81,110,44,66
050,20,059,"Kansas","Franklin County",1,82,107,42,65
050,20,059,"Kansas","Franklin County",1,83,104,44,60
050,20,059,"Kansas","Franklin County",1,84,88,44,44
050,20,059,"Kansas","Franklin County",1,85,440,152,288
050,20,059,"Kansas","Franklin County",2,0,285,147,138
050,20,059,"Kansas","Franklin County",2,1,303,155,148
050,20,059,"Kansas","Franklin County",2,2,322,164,158
050,20,059,"Kansas","Franklin County",2,3,314,155,159
050,20,059,"Kansas","Franklin County",2,4,331,157,174
050,20,059,"Kansas","Franklin County",2,5,344,176,168
050,20,059,"Kansas","Franklin County",2,6,313,163,150
050,20,059,"Kansas","Franklin County",2,7,315,159,156
050,20,059,"Kansas","Franklin County",2,8,337,170,167
050,20,059,"Kansas","Franklin County",2,9,347,170,177
050,20,059,"Kansas","Franklin County",2,10,349,170,179
050,20,059,"Kansas","Franklin County",2,11,348,185,163
050,20,059,"Kansas","Franklin County",2,12,357,197,160
050,20,059,"Kansas","Franklin County",2,13,377,194,183
050,20,059,"Kansas","Franklin County",2,14,392,198,194
050,20,059,"Kansas","Franklin County",2,15,384,194,190
050,20,059,"Kansas","Franklin County",2,16,379,192,187
050,20,059,"Kansas","Franklin County",2,17,352,181,171
050,20,059,"Kansas","Franklin County",2,18,351,186,165
050,20,059,"Kansas","Franklin County",2,19,394,214,180
050,20,059,"Kansas","Franklin County",2,20,351,197,154
050,20,059,"Kansas","Franklin County",2,21,307,162,145
050,20,059,"Kansas","Franklin County",2,22,262,140,122
050,20,059,"Kansas","Franklin County",2,23,277,147,130
050,20,059,"Kansas","Franklin County",2,24,285,141,144
050,20,059,"Kansas","Franklin County",2,25,308,155,153
050,20,059,"Kansas","Franklin County",2,26,303,148,155
050,20,059,"Kansas","Franklin County",2,27,310,156,154
050,20,059,"Kansas","Franklin County",2,28,325,155,170
050,20,059,"Kansas","Franklin County",2,29,318,154,164
050,20,059,"Kansas","Franklin County",2,30,332,166,166
050,20,059,"Kansas","Franklin County",2,31,317,164,153
050,20,059,"Kansas","Franklin County",2,32,297,152,145
050,20,059,"Kansas","Franklin County",2,33,297,142,155
050,20,059,"Kansas","Franklin County",2,34,317,159,158
050,20,059,"Kansas","Franklin County",2,35,324,161,163
050,20,059,"Kansas","Franklin County",2,36,318,163,155
050,20,059,"Kansas","Franklin County",2,37,330,167,163
050,20,059,"Kansas","Franklin County",2,38,315,160,155
050,20,059,"Kansas","Franklin County",2,39,312,166,146
050,20,059,"Kansas","Franklin County",2,40,319,165,154
050,20,059,"Kansas","Franklin County",2,41,308,161,147
050,20,059,"Kansas","Franklin County",2,42,294,158,136
050,20,059,"Kansas","Franklin County",2,43,296,164,132
050,20,059,"Kansas","Franklin County",2,44,283,148,135
050,20,059,"Kansas","Franklin County",2,45,274,131,143
050,20,059,"Kansas","Franklin County",2,46,265,126,139
050,20,059,"Kansas","Franklin County",2,47,280,148,132
050,20,059,"Kansas","Franklin County",2,48,319,161,158
050,20,059,"Kansas","Franklin County",2,49,348,180,168
050,20,059,"Kansas","Franklin County",2,50,315,166,149
050,20,059,"Kansas","Franklin County",2,51,315,165,150
050,20,059,"Kansas","Franklin County",2,52,300,160,140
050,20,059,"Kansas","Franklin County",2,53,326,174,152
050,20,059,"Kansas","Franklin County",2,54,338,172,166
050,20,059,"Kansas","Franklin County",2,55,349,166,183
050,20,059,"Kansas","Franklin County",2,56,384,194,190
050,20,059,"Kansas","Franklin County",2,57,407,206,201
050,20,059,"Kansas","Franklin County",2,58,420,211,209
050,20,059,"Kansas","Franklin County",2,59,417,211,206
050,20,059,"Kansas","Franklin County",2,60,402,198,204
050,20,059,"Kansas","Franklin County",2,61,367,182,185
050,20,059,"Kansas","Franklin County",2,62,363,188,175
050,20,059,"Kansas","Franklin County",2,63,358,190,168
050,20,059,"Kansas","Franklin County",2,64,353,186,167
050,20,059,"Kansas","Franklin County",2,65,351,185,166
050,20,059,"Kansas","Franklin County",2,66,310,156,154
050,20,059,"Kansas","Franklin County",2,67,285,140,145
050,20,059,"Kansas","Franklin County",2,68,293,142,151
050,20,059,"Kansas","Franklin County",2,69,275,128,147
050,20,059,"Kansas","Franklin County",2,70,261,124,137
050,20,059,"Kansas","Franklin County",2,71,241,120,121
050,20,059,"Kansas","Franklin County",2,72,229,112,117
050,20,059,"Kansas","Franklin County",2,73,262,133,129
050,20,059,"Kansas","Franklin County",2,74,178,90,88
050,20,059,"Kansas","Franklin County",2,75,171,79,92
050,20,059,"Kansas","Franklin County",2,76,170,76,94
050,20,059,"Kansas","Franklin County",2,77,195,83,112
050,20,059,"Kansas","Franklin County",2,78,151,63,88
050,20,059,"Kansas","Franklin County",2,79,141,69,72
050,20,059,"Kansas","Franklin County",2,80,127,59,68
050,20,059,"Kansas","Franklin County",2,81,111,45,66
050,20,059,"Kansas","Franklin County",2,82,107,42,65
050,20,059,"Kansas","Franklin County",2,83,105,44,61
050,20,059,"Kansas","Franklin County",2,84,89,42,47
050,20,059,"Kansas","Franklin County",2,85,449,158,291
050,20,059,"Kansas","Franklin County",3,0,273,144,129
050,20,059,"Kansas","Franklin County",3,1,288,153,135
050,20,059,"Kansas","Franklin County",3,2,302,161,141
050,20,059,"Kansas","Franklin County",3,3,339,172,167
050,20,059,"Kansas","Franklin County",3,4,325,163,162
050,20,059,"Kansas","Franklin County",3,5,336,158,178
050,20,059,"Kansas","Franklin County",3,6,351,182,169
050,20,059,"Kansas","Franklin County",3,7,322,166,156
050,20,059,"Kansas","Franklin County",3,8,317,153,164
050,20,059,"Kansas","Franklin County",3,9,336,170,166
050,20,059,"Kansas","Franklin County",3,10,336,161,175
050,20,059,"Kansas","Franklin County",3,11,353,167,186
050,20,059,"Kansas","Franklin County",3,12,350,178,172
050,20,059,"Kansas","Franklin County",3,13,358,191,167
050,20,059,"Kansas","Franklin County",3,14,372,189,183
050,20,059,"Kansas","Franklin County",3,15,390,202,188
050,20,059,"Kansas","Franklin County",3,16,371,191,180
050,20,059,"Kansas","Franklin County",3,17,372,190,182
050,20,059,"Kansas","Franklin County",3,18,345,175,170
050,20,059,"Kansas","Franklin County",3,19,380,212,168
050,20,059,"Kansas","Franklin County",3,20,355,192,163
050,20,059,"Kansas","Franklin County",3,21,307,161,146
050,20,059,"Kansas","Franklin County",3,22,276,152,124
050,20,059,"Kansas","Franklin County",3,23,304,166,138
050,20,059,"Kansas","Franklin County",3,24,280,149,131
050,20,059,"Kansas","Franklin County",3,25,284,134,150
050,20,059,"Kansas","Franklin County",3,26,295,152,143
050,20,059,"Kansas","Franklin County",3,27,313,145,168
050,20,059,"Kansas","Franklin County",3,28,325,165,160
050,20,059,"Kansas","Franklin County",3,29,330,154,176
050,20,059,"Kansas","Franklin County",3,30,328,153,175
050,20,059,"Kansas","Franklin County",3,31,340,161,179
050,20,059,"Kansas","Franklin County",3,32,316,170,146
050,20,059,"Kansas","Franklin County",3,33,295,151,144
050,20,059,"Kansas","Franklin County",3,34,292,137,155
050,20,059,"Kansas","Franklin County",3,35,344,174,170
050,20,059,"Kansas","Franklin County",3,36,320,155,165
050,20,059,"Kansas","Franklin County",3,37,312,162,150
050,20,059,"Kansas","Franklin County",3,38,332,167,165
050,20,059,"Kansas","Franklin County",3,39,319,165,154
050,20,059,"Kansas","Franklin County",3,40,308,168,140
050,20,059,"Kansas","Franklin County",3,41,310,162,148
050,20,059,"Kansas","Franklin County",3,42,315,163,152
050,20,059,"Kansas","Franklin County",3,43,292,155,137
050,20,059,"Kansas","Franklin County",3,44,290,159,131
050,20,059,"Kansas","Franklin County",3,45,287,151,136
050,20,059,"Kansas","Franklin County",3,46,282,135,147
050,20,059,"Kansas","Franklin County",3,47,263,131,132
050,20,059,"Kansas","Franklin County",3,48,291,149,142
050,20,059,"Kansas","Franklin County",3,49,313,155,158
050,20,059,"Kansas","Franklin County",3,50,356,184,172
050,20,059,"Kansas","Franklin County",3,51,322,166,156
050,20,059,"Kansas","Franklin County",3,52,312,164,148
050,20,059,"Kansas","Franklin County",3,53,295,166,129
050,20,059,"Kansas","Franklin County",3,54,319,170,149
050,20,059,"Kansas","Franklin County",3,55,323,163,160
050,20,059,"Kansas","Franklin County",3,56,336,165,171
050,20,059,"Kansas","Franklin County",3,57,386,189,197
050,20,059,"Kansas","Franklin County",3,58,412,207,205
050,20,059,"Kansas","Franklin County",3,59,418,211,207
050,20,059,"Kansas","Franklin County",3,60,427,215,212
050,20,059,"Kansas","Franklin County",3,61,397,197,200
050,20,059,"Kansas","Franklin County",3,62,364,176,188
050,20,059,"Kansas","Franklin County",3,63,357,185,172
050,20,059,"Kansas","Franklin County",3,64,356,189,167
050,20,059,"Kansas","Franklin County",3,65,351,187,164
050,20,059,"Kansas","Franklin County",3,66,341,180,161
050,20,059,"Kansas","Franklin County",3,67,299,151,148
050,20,059,"Kansas","Franklin County",3,68,285,140,145
050,20,059,"Kansas","Franklin County",3,69,281,134,147
050,20,059,"Kansas","Franklin County",3,70,264,123,141
050,20,059,"Kansas","Franklin County",3,71,247,121,126
050,20,059,"Kansas","Franklin County",3,72,230,115,115
050,20,059,"Kansas","Franklin County",3,73,217,104,113
050,20,059,"Kansas","Franklin County",3,74,252,127,125
050,20,059,"Kansas","Franklin County",3,75,164,78,86
050,20,059,"Kansas","Franklin County",3,76,173,79,94
050,20,059,"Kansas","Franklin County",3,77,167,71,96
050,20,059,"Kansas","Franklin County",3,78,179,81,98
050,20,059,"Kansas","Franklin County",3,79,152,65,87
050,20,059,"Kansas","Franklin County",3,80,139,65,74
050,20,059,"Kansas","Franklin County",3,81,117,51,66
050,20,059,"Kansas","Franklin County",3,82,101,42,59
050,20,059,"Kansas","Franklin County",3,83,103,43,60
050,20,059,"Kansas","Franklin County",3,84,92,39,53
050,20,059,"Kansas","Franklin County",3,85,434,163,271
050,20,059,"Kansas","Franklin County",4,0,281,150,131
050,20,059,"Kansas","Franklin County",4,1,277,138,139
050,20,059,"Kansas","Franklin County",4,2,298,154,144
050,20,059,"Kansas","Franklin County",4,3,313,169,144
050,20,059,"Kansas","Franklin County",4,4,323,165,158
050,20,059,"Kansas","Franklin County",4,5,320,168,152
050,20,059,"Kansas","Franklin County",4,6,315,150,165
050,20,059,"Kansas","Franklin County",4,7,353,183,170
050,20,059,"Kansas","Franklin County",4,8,315,157,158
050,20,059,"Kansas","Franklin County",4,9,329,154,175
050,20,059,"Kansas","Franklin County",4,10,325,159,166
050,20,059,"Kansas","Franklin County",4,11,329,156,173
050,20,059,"Kansas","Franklin County",4,12,346,169,177
050,20,059,"Kansas","Franklin County",4,13,350,180,170
050,20,059,"Kansas","Franklin County",4,14,345,185,160
050,20,059,"Kansas","Franklin County",4,15,383,193,190
050,20,059,"Kansas","Franklin County",4,16,393,209,184
050,20,059,"Kansas","Franklin County",4,17,380,200,180
050,20,059,"Kansas","Franklin County",4,18,335,174,161
050,20,059,"Kansas","Franklin County",4,19,379,206,173
050,20,059,"Kansas","Franklin County",4,20,341,189,152
050,20,059,"Kansas","Franklin County",4,21,320,158,162
050,20,059,"Kansas","Franklin County",4,22,270,142,128
050,20,059,"Kansas","Franklin County",4,23,297,163,134
050,20,059,"Kansas","Franklin County",4,24,294,161,133
050,20,059,"Kansas","Franklin County",4,25,292,155,137
050,20,059,"Kansas","Franklin County",4,26,289,149,140
050,20,059,"Kansas","Franklin County",4,27,299,148,151
050,20,059,"Kansas","Franklin County",4,28,320,142,178
050,20,059,"Kansas","Franklin County",4,29,309,156,153
050,20,059,"Kansas","Franklin County",4,30,329,159,170
050,20,059,"Kansas","Franklin County",4,31,341,166,175
050,20,059,"Kansas","Franklin County",4,32,337,165,172
050,20,059,"Kansas","Franklin County",4,33,309,166,143
050,20,059,"Kansas","Franklin County",4,34,294,147,147
050,20,059,"Kansas","Franklin County",4,35,291,141,150
050,20,059,"Kansas","Franklin County",4,36,343,179,164
050,20,059,"Kansas","Franklin County",4,37,328,163,165
050,20,059,"Kansas","Franklin County",4,38,324,174,150
050,20,059,"Kansas","Franklin County",4,39,340,165,175
050,20,059,"Kansas","Franklin County",4,40,311,159,152
050,20,059,"Kansas","Franklin County",4,41,313,170,143
050,20,059,"Kansas","Franklin County",4,42,302,157,145
050,20,059,"Kansas","Franklin County",4,43,314,162,152
050,20,059,"Kansas","Franklin County",4,44,292,154,138
050,20,059,"Kansas","Franklin County",4,45,288,159,129
050,20,059,"Kansas","Franklin County",4,46,297,156,141
050,20,059,"Kansas","Franklin County",4,47,280,134,146
050,20,059,"Kansas","Franklin County",4,48,261,126,135
050,20,059,"Kansas","Franklin County",4,49,280,149,131
050,20,059,"Kansas","Franklin County",4,50,320,161,159
050,20,059,"Kansas","Franklin County",4,51,357,185,172
050,20,059,"Kansas","Franklin County",4,52,314,159,155
050,20,059,"Kansas","Franklin County",4,53,319,172,147
050,20,059,"Kansas","Franklin County",4,54,295,170,125
050,20,059,"Kansas","Franklin County",4,55,324,168,156
050,20,059,"Kansas","Franklin County",4,56,325,160,165
050,20,059,"Kansas","Franklin County",4,57,354,177,177
050,20,059,"Kansas","Franklin County",4,58,378,192,186
050,20,059,"Kansas","Franklin County",4,59,401,200,201
050,20,059,"Kansas","Franklin County",4,60,426,206,220
050,20,059,"Kansas","Franklin County",4,61,424,217,207
050,20,059,"Kansas","Franklin County",4,62,399,202,197
050,20,059,"Kansas","Franklin County",4,63,367,174,193
050,20,059,"Kansas","Franklin County",4,64,368,196,172
050,20,059,"Kansas","Franklin County",4,65,352,194,158
050,20,059,"Kansas","Franklin County",4,66,347,183,164
050,20,059,"Kansas","Franklin County",4,67,329,173,156
050,20,059,"Kansas","Franklin County",4,68,304,153,151
050,20,059,"Kansas","Franklin County",4,69,278,138,140
050,20,059,"Kansas","Franklin County",4,70,276,129,147
050,20,059,"Kansas","Franklin County",4,71,256,120,136
050,20,059,"Kansas","Franklin County",4,72,235,115,120
050,20,059,"Kansas","Franklin County",4,73,224,117,107
050,20,059,"Kansas","Franklin County",4,74,204,102,102
050,20,059,"Kansas","Franklin County",4,75,246,123,123
050,20,059,"Kansas","Franklin County",4,76,158,74,84
050,20,059,"Kansas","Franklin County",4,77,167,72,95
050,20,059,"Kansas","Franklin County",4,78,158,69,89
050,20,059,"Kansas","Franklin County",4,79,168,75,93
050,20,059,"Kansas","Franklin County",4,80,141,58,83
050,20,059,"Kansas","Franklin County",4,81,121,55,66
050,20,059,"Kansas","Franklin County",4,82,104,45,59
050,20,059,"Kansas","Franklin County",4,83,98,43,55
050,20,059,"Kansas","Franklin County",4,84,90,38,52
050,20,059,"Kansas","Franklin County",4,85,438,162,276
050,20,059,"Kansas","Franklin County",5,0,280,148,132
050,20,059,"Kansas","Franklin County",5,1,280,158,122
050,20,059,"Kansas","Franklin County",5,2,297,145,152
050,20,059,"Kansas","Franklin County",5,3,302,159,143
050,20,059,"Kansas","Franklin County",5,4,311,176,135
050,20,059,"Kansas","Franklin County",5,5,329,164,165
050,20,059,"Kansas","Franklin County",5,6,326,170,156
050,20,059,"Kansas","Franklin County",5,7,317,151,166
050,20,059,"Kansas","Franklin County",5,8,353,184,169
050,20,059,"Kansas","Franklin County",5,9,315,156,159
050,20,059,"Kansas","Franklin County",5,10,337,164,173
050,20,059,"Kansas","Franklin County",5,11,338,171,167
050,20,059,"Kansas","Franklin County",5,12,338,162,176
050,20,059,"Kansas","Franklin County",5,13,341,159,182
050,20,059,"Kansas","Franklin County",5,14,350,172,178
050,20,059,"Kansas","Franklin County",5,15,361,195,166
050,20,059,"Kansas","Franklin County",5,16,385,199,186
050,20,059,"Kansas","Franklin County",5,17,389,207,182
050,20,059,"Kansas","Franklin County",5,18,353,191,162
050,20,059,"Kansas","Franklin County",5,19,367,196,171
050,20,059,"Kansas","Franklin County",5,20,341,188,153
050,20,059,"Kansas","Franklin County",5,21,307,170,137
050,20,059,"Kansas","Franklin County",5,22,292,143,149
050,20,059,"Kansas","Franklin County",5,23,305,157,148
050,20,059,"Kansas","Franklin County",5,24,291,167,124
050,20,059,"Kansas","Franklin County",5,25,305,164,141
050,20,059,"Kansas","Franklin County",5,26,307,167,140
050,20,059,"Kansas","Franklin County",5,27,291,145,146
050,20,059,"Kansas","Franklin County",5,28,303,153,150
050,20,059,"Kansas","Franklin County",5,29,332,150,182
050,20,059,"Kansas","Franklin County",5,30,322,168,154
050,20,059,"Kansas","Franklin County",5,31,345,170,175
050,20,059,"Kansas","Franklin County",5,32,364,180,184
050,20,059,"Kansas","Franklin County",5,33,342,165,177
050,20,059,"Kansas","Franklin County",5,34,329,172,157
050,20,059,"Kansas","Franklin County",5,35,292,143,149
050,20,059,"Kansas","Franklin County",5,36,309,149,160
050,20,059,"Kansas","Franklin County",5,37,346,175,171
050,20,059,"Kansas","Franklin County",5,38,321,165,156
050,20,059,"Kansas","Franklin County",5,39,330,176,154
050,20,059,"Kansas","Franklin County",5,40,339,169,170
050,20,059,"Kansas","Franklin County",5,41,311,160,151
050,20,059,"Kansas","Franklin County",5,42,320,172,148
050,20,059,"Kansas","Franklin County",5,43,295,151,144
050,20,059,"Kansas","Franklin County",5,44,307,160,147
050,20,059,"Kansas","Franklin County",5,45,280,150,130
050,20,059,"Kansas","Franklin County",5,46,299,164,135
050,20,059,"Kansas","Franklin County",5,47,298,160,138
050,20,059,"Kansas","Franklin County",5,48,282,133,149
050,20,059,"Kansas","Franklin County",5,49,259,128,131
050,20,059,"Kansas","Franklin County",5,50,277,143,134
050,20,059,"Kansas","Franklin County",5,51,332,166,166
050,20,059,"Kansas","Franklin County",5,52,357,181,176
050,20,059,"Kansas","Franklin County",5,53,317,162,155
050,20,059,"Kansas","Franklin County",5,54,314,171,143
050,20,059,"Kansas","Franklin County",5,55,295,165,130
050,20,059,"Kansas","Franklin County",5,56,325,167,158
050,20,059,"Kansas","Franklin County",5,57,333,162,171
050,20,059,"Kansas","Franklin County",5,58,345,175,170
050,20,059,"Kansas","Franklin County",5,59,382,193,189
050,20,059,"Kansas","Franklin County",5,60,408,205,203
050,20,059,"Kansas","Franklin County",5,61,410,195,215
050,20,059,"Kansas","Franklin County",5,62,420,210,210
050,20,059,"Kansas","Franklin County",5,63,390,195,195
050,20,059,"Kansas","Franklin County",5,64,367,178,189
050,20,059,"Kansas","Franklin County",5,65,377,205,172
050,20,059,"Kansas","Franklin County",5,66,346,188,158
050,20,059,"Kansas","Franklin County",5,67,342,178,164
050,20,059,"Kansas","Franklin County",5,68,325,167,158
050,20,059,"Kansas","Franklin County",5,69,302,153,149
050,20,059,"Kansas","Franklin County",5,70,271,131,140
050,20,059,"Kansas","Franklin County",5,71,264,126,138
050,20,059,"Kansas","Franklin County",5,72,242,114,128
050,20,059,"Kansas","Franklin County",5,73,225,109,116
050,20,059,"Kansas","Franklin County",5,74,216,115,101
050,20,059,"Kansas","Franklin County",5,75,202,98,104
050,20,059,"Kansas","Franklin County",5,76,237,119,118
050,20,059,"Kansas","Franklin County",5,77,150,67,83
050,20,059,"Kansas","Franklin County",5,78,155,68,87
050,20,059,"Kansas","Franklin County",5,79,150,62,88
050,20,059,"Kansas","Franklin County",5,80,160,74,86
050,20,059,"Kansas","Franklin County",5,81,129,53,76
050,20,059,"Kansas","Franklin County",5,82,112,52,60
050,20,059,"Kansas","Franklin County",5,83,94,39,55
050,20,059,"Kansas","Franklin County",5,84,84,39,45
050,20,059,"Kansas","Franklin County",5,85,437,161,276
050,20,061,"Kansas","Geary County",1,0,918,474,444
050,20,061,"Kansas","Geary County",1,1,942,491,451
050,20,061,"Kansas","Geary County",1,2,869,437,432
050,20,061,"Kansas","Geary County",1,3,825,412,413
050,20,061,"Kansas","Geary County",1,4,824,422,402
050,20,061,"Kansas","Geary County",1,5,784,410,374
050,20,061,"Kansas","Geary County",1,6,731,378,353
050,20,061,"Kansas","Geary County",1,7,668,333,335
050,20,061,"Kansas","Geary County",1,8,635,304,331
050,20,061,"Kansas","Geary County",1,9,636,329,307
050,20,061,"Kansas","Geary County",1,10,591,307,284
050,20,061,"Kansas","Geary County",1,11,553,294,259
050,20,061,"Kansas","Geary County",1,12,507,264,243
050,20,061,"Kansas","Geary County",1,13,484,258,226
050,20,061,"Kansas","Geary County",1,14,419,238,181
050,20,061,"Kansas","Geary County",1,15,400,227,173
050,20,061,"Kansas","Geary County",1,16,358,194,164
050,20,061,"Kansas","Geary County",1,17,350,191,159
050,20,061,"Kansas","Geary County",1,18,307,165,142
050,20,061,"Kansas","Geary County",1,19,437,250,187
050,20,061,"Kansas","Geary County",1,20,744,448,296
050,20,061,"Kansas","Geary County",1,21,957,598,359
050,20,061,"Kansas","Geary County",1,22,1009,609,400
050,20,061,"Kansas","Geary County",1,23,923,546,377
050,20,061,"Kansas","Geary County",1,24,970,565,405
050,20,061,"Kansas","Geary County",1,25,938,524,414
050,20,061,"Kansas","Geary County",1,26,930,556,374
050,20,061,"Kansas","Geary County",1,27,900,515,385
050,20,061,"Kansas","Geary County",1,28,873,499,374
050,20,061,"Kansas","Geary County",1,29,792,392,400
050,20,061,"Kansas","Geary County",1,30,767,409,358
050,20,061,"Kansas","Geary County",1,31,736,393,343
050,20,061,"Kansas","Geary County",1,32,678,371,307
050,20,061,"Kansas","Geary County",1,33,673,351,322
050,20,061,"Kansas","Geary County",1,34,644,336,308
050,20,061,"Kansas","Geary County",1,35,597,332,265
050,20,061,"Kansas","Geary County",1,36,537,303,234
050,20,061,"Kansas","Geary County",1,37,531,282,249
050,20,061,"Kansas","Geary County",1,38,500,268,232
050,20,061,"Kansas","Geary County",1,39,468,245,223
050,20,061,"Kansas","Geary County",1,40,427,238,189
050,20,061,"Kansas","Geary County",1,41,370,199,171
050,20,061,"Kansas","Geary County",1,42,340,170,170
050,20,061,"Kansas","Geary County",1,43,320,166,154
050,20,061,"Kansas","Geary County",1,44,283,142,141
050,20,061,"Kansas","Geary County",1,45,263,141,122
050,20,061,"Kansas","Geary County",1,46,239,131,108
050,20,061,"Kansas","Geary County",1,47,232,117,115
050,20,061,"Kansas","Geary County",1,48,256,136,120
050,20,061,"Kansas","Geary County",1,49,234,119,115
050,20,061,"Kansas","Geary County",1,50,209,105,104
050,20,061,"Kansas","Geary County",1,51,203,104,99
050,20,061,"Kansas","Geary County",1,52,196,97,99
050,20,061,"Kansas","Geary County",1,53,223,106,117
050,20,061,"Kansas","Geary County",1,54,224,100,124
050,20,061,"Kansas","Geary County",1,55,228,111,117
050,20,061,"Kansas","Geary County",1,56,221,109,112
050,20,061,"Kansas","Geary County",1,57,216,106,110
050,20,061,"Kansas","Geary County",1,58,228,114,114
050,20,061,"Kansas","Geary County",1,59,204,97,107
050,20,061,"Kansas","Geary County",1,60,201,91,110
050,20,061,"Kansas","Geary County",1,61,201,91,110
050,20,061,"Kansas","Geary County",1,62,196,92,104
050,20,061,"Kansas","Geary County",1,63,190,96,94
050,20,061,"Kansas","Geary County",1,64,183,94,89
050,20,061,"Kansas","Geary County",1,65,185,96,89
050,20,061,"Kansas","Geary County",1,66,205,104,101
050,20,061,"Kansas","Geary County",1,67,219,103,116
050,20,061,"Kansas","Geary County",1,68,183,77,106
050,20,061,"Kansas","Geary County",1,69,163,71,92
050,20,061,"Kansas","Geary County",1,70,187,80,107
050,20,061,"Kansas","Geary County",1,71,197,90,107
050,20,061,"Kansas","Geary County",1,72,180,86,94
050,20,061,"Kansas","Geary County",1,73,190,87,103
050,20,061,"Kansas","Geary County",1,74,133,66,67
050,20,061,"Kansas","Geary County",1,75,133,59,74
050,20,061,"Kansas","Geary County",1,76,137,66,71
050,20,061,"Kansas","Geary County",1,77,122,54,68
050,20,061,"Kansas","Geary County",1,78,108,45,63
050,20,061,"Kansas","Geary County",1,79,101,50,51
050,20,061,"Kansas","Geary County",1,80,90,39,51
050,20,061,"Kansas","Geary County",1,81,90,43,47
050,20,061,"Kansas","Geary County",1,82,79,29,50
050,20,061,"Kansas","Geary County",1,83,81,26,55
050,20,061,"Kansas","Geary County",1,84,63,27,36
050,20,061,"Kansas","Geary County",1,85,397,126,271
050,20,061,"Kansas","Geary County",2,0,891,471,420
050,20,061,"Kansas","Geary County",2,1,930,485,445
050,20,061,"Kansas","Geary County",2,2,880,447,433
050,20,061,"Kansas","Geary County",2,3,829,413,416
050,20,061,"Kansas","Geary County",2,4,820,416,404
050,20,061,"Kansas","Geary County",2,5,788,410,378
050,20,061,"Kansas","Geary County",2,6,736,384,352
050,20,061,"Kansas","Geary County",2,7,676,339,337
050,20,061,"Kansas","Geary County",2,8,635,308,327
050,20,061,"Kansas","Geary County",2,9,628,318,310
050,20,061,"Kansas","Geary County",2,10,595,308,287
050,20,061,"Kansas","Geary County",2,11,548,288,260
050,20,061,"Kansas","Geary County",2,12,516,272,244
050,20,061,"Kansas","Geary County",2,13,480,255,225
050,20,061,"Kansas","Geary County",2,14,427,240,187
050,20,061,"Kansas","Geary County",2,15,400,228,172
050,20,061,"Kansas","Geary County",2,16,367,202,165
050,20,061,"Kansas","Geary County",2,17,352,193,159
050,20,061,"Kansas","Geary County",2,18,329,179,150
050,20,061,"Kansas","Geary County",2,19,452,261,191
050,20,061,"Kansas","Geary County",2,20,724,435,289
050,20,061,"Kansas","Geary County",2,21,930,578,352
050,20,061,"Kansas","Geary County",2,22,996,606,390
050,20,061,"Kansas","Geary County",2,23,949,562,387
050,20,061,"Kansas","Geary County",2,24,952,552,400
050,20,061,"Kansas","Geary County",2,25,932,527,405
050,20,061,"Kansas","Geary County",2,26,932,548,384
050,20,061,"Kansas","Geary County",2,27,900,520,380
050,20,061,"Kansas","Geary County",2,28,875,497,378
050,20,061,"Kansas","Geary County",2,29,808,416,392
050,20,061,"Kansas","Geary County",2,30,778,410,368
050,20,061,"Kansas","Geary County",2,31,738,392,346
050,20,061,"Kansas","Geary County",2,32,688,376,312
050,20,061,"Kansas","Geary County",2,33,673,355,318
050,20,061,"Kansas","Geary County",2,34,651,344,307
050,20,061,"Kansas","Geary County",2,35,608,335,273
050,20,061,"Kansas","Geary County",2,36,543,305,238
050,20,061,"Kansas","Geary County",2,37,525,285,240
050,20,061,"Kansas","Geary County",2,38,504,269,235
050,20,061,"Kansas","Geary County",2,39,464,245,219
050,20,061,"Kansas","Geary County",2,40,428,235,193
050,20,061,"Kansas","Geary County",2,41,377,205,172
050,20,061,"Kansas","Geary County",2,42,339,173,166
050,20,061,"Kansas","Geary County",2,43,320,164,156
050,20,061,"Kansas","Geary County",2,44,286,143,143
050,20,061,"Kansas","Geary County",2,45,266,139,127
050,20,061,"Kansas","Geary County",2,46,235,129,106
050,20,061,"Kansas","Geary County",2,47,230,119,111
050,20,061,"Kansas","Geary County",2,48,249,130,119
050,20,061,"Kansas","Geary County",2,49,237,122,115
050,20,061,"Kansas","Geary County",2,50,213,107,106
050,20,061,"Kansas","Geary County",2,51,202,104,98
050,20,061,"Kansas","Geary County",2,52,192,97,95
050,20,061,"Kansas","Geary County",2,53,214,101,113
050,20,061,"Kansas","Geary County",2,54,223,100,123
050,20,061,"Kansas","Geary County",2,55,226,108,118
050,20,061,"Kansas","Geary County",2,56,220,108,112
050,20,061,"Kansas","Geary County",2,57,215,104,111
050,20,061,"Kansas","Geary County",2,58,223,111,112
050,20,061,"Kansas","Geary County",2,59,211,101,110
050,20,061,"Kansas","Geary County",2,60,198,90,108
050,20,061,"Kansas","Geary County",2,61,196,89,107
050,20,061,"Kansas","Geary County",2,62,195,91,104
050,20,061,"Kansas","Geary County",2,63,193,95,98
050,20,061,"Kansas","Geary County",2,64,176,89,87
050,20,061,"Kansas","Geary County",2,65,181,94,87
050,20,061,"Kansas","Geary County",2,66,200,101,99
050,20,061,"Kansas","Geary County",2,67,216,103,113
050,20,061,"Kansas","Geary County",2,68,189,83,106
050,20,061,"Kansas","Geary County",2,69,168,73,95
050,20,061,"Kansas","Geary County",2,70,182,77,105
050,20,061,"Kansas","Geary County",2,71,193,86,107
050,20,061,"Kansas","Geary County",2,72,182,85,97
050,20,061,"Kansas","Geary County",2,73,189,87,102
050,20,061,"Kansas","Geary County",2,74,139,67,72
050,20,061,"Kansas","Geary County",2,75,133,62,71
050,20,061,"Kansas","Geary County",2,76,134,64,70
050,20,061,"Kansas","Geary County",2,77,127,58,69
050,20,061,"Kansas","Geary County",2,78,108,46,62
050,20,061,"Kansas","Geary County",2,79,100,47,53
050,20,061,"Kansas","Geary County",2,80,91,41,50
050,20,061,"Kansas","Geary County",2,81,88,41,47
050,20,061,"Kansas","Geary County",2,82,82,31,51
050,20,061,"Kansas","Geary County",2,83,79,26,53
050,20,061,"Kansas","Geary County",2,84,63,23,40
050,20,061,"Kansas","Geary County",2,85,403,132,271
050,20,061,"Kansas","Geary County",3,0,1003,520,483
050,20,061,"Kansas","Geary County",3,1,822,426,396
050,20,061,"Kansas","Geary County",3,2,833,439,394
050,20,061,"Kansas","Geary County",3,3,838,417,421
050,20,061,"Kansas","Geary County",3,4,777,402,375
050,20,061,"Kansas","Geary County",3,5,766,400,366
050,20,061,"Kansas","Geary County",3,6,723,364,359
050,20,061,"Kansas","Geary County",3,7,687,355,332
050,20,061,"Kansas","Geary County",3,8,604,303,301
050,20,061,"Kansas","Geary County",3,9,601,303,298
050,20,061,"Kansas","Geary County",3,10,554,273,281
050,20,061,"Kansas","Geary County",3,11,562,291,271
050,20,061,"Kansas","Geary County",3,12,503,257,246
050,20,061,"Kansas","Geary County",3,13,488,258,230
050,20,061,"Kansas","Geary County",3,14,485,254,231
050,20,061,"Kansas","Geary County",3,15,404,228,176
050,20,061,"Kansas","Geary County",3,16,408,229,179
050,20,061,"Kansas","Geary County",3,17,353,199,154
050,20,061,"Kansas","Geary County",3,18,324,173,151
050,20,061,"Kansas","Geary County",3,19,427,262,165
050,20,061,"Kansas","Geary County",3,20,718,422,296
050,20,061,"Kansas","Geary County",3,21,903,550,353
050,20,061,"Kansas","Geary County",3,22,916,579,337
050,20,061,"Kansas","Geary County",3,23,954,568,386
050,20,061,"Kansas","Geary County",3,24,888,511,377
050,20,061,"Kansas","Geary County",3,25,882,492,390
050,20,061,"Kansas","Geary County",3,26,870,490,380
050,20,061,"Kansas","Geary County",3,27,836,479,357
050,20,061,"Kansas","Geary County",3,28,837,484,353
050,20,061,"Kansas","Geary County",3,29,789,434,355
050,20,061,"Kansas","Geary County",3,30,744,414,330
050,20,061,"Kansas","Geary County",3,31,680,359,321
050,20,061,"Kansas","Geary County",3,32,680,363,317
050,20,061,"Kansas","Geary County",3,33,656,337,319
050,20,061,"Kansas","Geary County",3,34,635,329,306
050,20,061,"Kansas","Geary County",3,35,629,339,290
050,20,061,"Kansas","Geary County",3,36,591,325,266
050,20,061,"Kansas","Geary County",3,37,496,281,215
050,20,061,"Kansas","Geary County",3,38,468,251,217
050,20,061,"Kansas","Geary County",3,39,497,269,228
050,20,061,"Kansas","Geary County",3,40,414,214,200
050,20,061,"Kansas","Geary County",3,41,427,234,193
050,20,061,"Kansas","Geary County",3,42,332,166,166
050,20,061,"Kansas","Geary County",3,43,310,156,154
050,20,061,"Kansas","Geary County",3,44,305,158,147
050,20,061,"Kansas","Geary County",3,45,269,137,132
050,20,061,"Kansas","Geary County",3,46,238,123,115
050,20,061,"Kansas","Geary County",3,47,230,127,103
050,20,061,"Kansas","Geary County",3,48,221,125,96
050,20,061,"Kansas","Geary County",3,49,237,118,119
050,20,061,"Kansas","Geary County",3,50,225,116,109
050,20,061,"Kansas","Geary County",3,51,218,106,112
050,20,061,"Kansas","Geary County",3,52,192,96,96
050,20,061,"Kansas","Geary County",3,53,194,93,101
050,20,061,"Kansas","Geary County",3,54,206,93,113
050,20,061,"Kansas","Geary County",3,55,210,92,118
050,20,061,"Kansas","Geary County",3,56,219,105,114
050,20,061,"Kansas","Geary County",3,57,215,101,114
050,20,061,"Kansas","Geary County",3,58,209,105,104
050,20,061,"Kansas","Geary County",3,59,212,102,110
050,20,061,"Kansas","Geary County",3,60,196,92,104
050,20,061,"Kansas","Geary County",3,61,195,96,99
050,20,061,"Kansas","Geary County",3,62,189,89,100
050,20,061,"Kansas","Geary County",3,63,186,85,101
050,20,061,"Kansas","Geary County",3,64,180,86,94
050,20,061,"Kansas","Geary County",3,65,183,90,93
050,20,061,"Kansas","Geary County",3,66,166,87,79
050,20,061,"Kansas","Geary County",3,67,195,98,97
050,20,061,"Kansas","Geary County",3,68,212,100,112
050,20,061,"Kansas","Geary County",3,69,186,83,103
050,20,061,"Kansas","Geary County",3,70,166,70,96
050,20,061,"Kansas","Geary County",3,71,175,69,106
050,20,061,"Kansas","Geary County",3,72,188,83,105
050,20,061,"Kansas","Geary County",3,73,175,80,95
050,20,061,"Kansas","Geary County",3,74,185,83,102
050,20,061,"Kansas","Geary County",3,75,135,57,78
050,20,061,"Kansas","Geary County",3,76,133,60,73
050,20,061,"Kansas","Geary County",3,77,132,62,70
050,20,061,"Kansas","Geary County",3,78,111,52,59
050,20,061,"Kansas","Geary County",3,79,108,48,60
050,20,061,"Kansas","Geary County",3,80,90,39,51
050,20,061,"Kansas","Geary County",3,81,86,40,46
050,20,061,"Kansas","Geary County",3,82,82,36,46
050,20,061,"Kansas","Geary County",3,83,73,27,46
050,20,061,"Kansas","Geary County",3,84,72,22,50
050,20,061,"Kansas","Geary County",3,85,403,132,271
050,20,061,"Kansas","Geary County",4,0,904,476,428
050,20,061,"Kansas","Geary County",4,1,847,445,402
050,20,061,"Kansas","Geary County",4,2,792,403,389
050,20,061,"Kansas","Geary County",4,3,789,417,372
050,20,061,"Kansas","Geary County",4,4,765,383,382
050,20,061,"Kansas","Geary County",4,5,721,378,343
050,20,061,"Kansas","Geary County",4,6,721,351,370
050,20,061,"Kansas","Geary County",4,7,695,344,351
050,20,061,"Kansas","Geary County",4,8,648,346,302
050,20,061,"Kansas","Geary County",4,9,623,321,302
050,20,061,"Kansas","Geary County",4,10,550,281,269
050,20,061,"Kansas","Geary County",4,11,566,273,293
050,20,061,"Kansas","Geary County",4,12,516,273,243
050,20,061,"Kansas","Geary County",4,13,480,237,243
050,20,061,"Kansas","Geary County",4,14,484,233,251
050,20,061,"Kansas","Geary County",4,15,465,251,214
050,20,061,"Kansas","Geary County",4,16,383,219,164
050,20,061,"Kansas","Geary County",4,17,391,221,170
050,20,061,"Kansas","Geary County",4,18,298,166,132
050,20,061,"Kansas","Geary County",4,19,382,230,152
050,20,061,"Kansas","Geary County",4,20,605,379,226
050,20,061,"Kansas","Geary County",4,21,826,503,323
050,20,061,"Kansas","Geary County",4,22,854,511,343
050,20,061,"Kansas","Geary County",4,23,867,508,359
050,20,061,"Kansas","Geary County",4,24,892,531,361
050,20,061,"Kansas","Geary County",4,25,843,474,369
050,20,061,"Kansas","Geary County",4,26,850,463,387
050,20,061,"Kansas","Geary County",4,27,821,450,371
050,20,061,"Kansas","Geary County",4,28,773,418,355
050,20,061,"Kansas","Geary County",4,29,781,452,329
050,20,061,"Kansas","Geary County",4,30,759,415,344
050,20,061,"Kansas","Geary County",4,31,722,402,320
050,20,061,"Kansas","Geary County",4,32,691,374,317
050,20,061,"Kansas","Geary County",4,33,632,327,305
050,20,061,"Kansas","Geary County",4,34,647,345,302
050,20,061,"Kansas","Geary County",4,35,577,292,285
050,20,061,"Kansas","Geary County",4,36,617,342,275
050,20,061,"Kansas","Geary County",4,37,553,302,251
050,20,061,"Kansas","Geary County",4,38,462,263,199
050,20,061,"Kansas","Geary County",4,39,459,246,213
050,20,061,"Kansas","Geary County",4,40,450,233,217
050,20,061,"Kansas","Geary County",4,41,404,199,205
050,20,061,"Kansas","Geary County",4,42,411,224,187
050,20,061,"Kansas","Geary County",4,43,323,154,169
050,20,061,"Kansas","Geary County",4,44,288,154,134
050,20,061,"Kansas","Geary County",4,45,288,139,149
050,20,061,"Kansas","Geary County",4,46,237,123,114
050,20,061,"Kansas","Geary County",4,47,229,120,109
050,20,061,"Kansas","Geary County",4,48,223,125,98
050,20,061,"Kansas","Geary County",4,49,198,109,89
050,20,061,"Kansas","Geary County",4,50,225,113,112
050,20,061,"Kansas","Geary County",4,51,209,106,103
050,20,061,"Kansas","Geary County",4,52,193,90,103
050,20,061,"Kansas","Geary County",4,53,194,100,94
050,20,061,"Kansas","Geary County",4,54,183,86,97
050,20,061,"Kansas","Geary County",4,55,203,90,113
050,20,061,"Kansas","Geary County",4,56,198,85,113
050,20,061,"Kansas","Geary County",4,57,210,98,112
050,20,061,"Kansas","Geary County",4,58,214,106,108
050,20,061,"Kansas","Geary County",4,59,201,105,96
050,20,061,"Kansas","Geary County",4,60,198,95,103
050,20,061,"Kansas","Geary County",4,61,183,84,99
050,20,061,"Kansas","Geary County",4,62,187,96,91
050,20,061,"Kansas","Geary County",4,63,191,89,102
050,20,061,"Kansas","Geary County",4,64,191,80,111
050,20,061,"Kansas","Geary County",4,65,178,89,89
050,20,061,"Kansas","Geary County",4,66,181,87,94
050,20,061,"Kansas","Geary County",4,67,168,86,82
050,20,061,"Kansas","Geary County",4,68,191,93,98
050,20,061,"Kansas","Geary County",4,69,208,96,112
050,20,061,"Kansas","Geary County",4,70,183,83,100
050,20,061,"Kansas","Geary County",4,71,159,63,96
050,20,061,"Kansas","Geary County",4,72,175,74,101
050,20,061,"Kansas","Geary County",4,73,181,76,105
050,20,061,"Kansas","Geary County",4,74,173,77,96
050,20,061,"Kansas","Geary County",4,75,169,74,95
050,20,061,"Kansas","Geary County",4,76,128,56,72
050,20,061,"Kansas","Geary County",4,77,129,59,70
050,20,061,"Kansas","Geary County",4,78,119,55,64
050,20,061,"Kansas","Geary County",4,79,104,56,48
050,20,061,"Kansas","Geary County",4,80,97,43,54
050,20,061,"Kansas","Geary County",4,81,83,35,48
050,20,061,"Kansas","Geary County",4,82,76,34,42
050,20,061,"Kansas","Geary County",4,83,75,35,40
050,20,061,"Kansas","Geary County",4,84,58,19,39
050,20,061,"Kansas","Geary County",4,85,412,131,281
050,20,061,"Kansas","Geary County",5,0,915,482,433
050,20,061,"Kansas","Geary County",5,1,831,440,391
050,20,061,"Kansas","Geary County",5,2,763,397,366
050,20,061,"Kansas","Geary County",5,3,733,382,351
050,20,061,"Kansas","Geary County",5,4,768,405,363
050,20,061,"Kansas","Geary County",5,5,706,362,344
050,20,061,"Kansas","Geary County",5,6,674,354,320
050,20,061,"Kansas","Geary County",5,7,682,324,358
050,20,061,"Kansas","Geary County",5,8,668,336,332
050,20,061,"Kansas","Geary County",5,9,617,334,283
050,20,061,"Kansas","Geary County",5,10,579,307,272
050,20,061,"Kansas","Geary County",5,11,532,284,248
050,20,061,"Kansas","Geary County",5,12,519,269,250
050,20,061,"Kansas","Geary County",5,13,500,247,253
050,20,061,"Kansas","Geary County",5,14,476,241,235
050,20,061,"Kansas","Geary County",5,15,490,243,247
050,20,061,"Kansas","Geary County",5,16,466,242,224
050,20,061,"Kansas","Geary County",5,17,402,228,174
050,20,061,"Kansas","Geary County",5,18,338,186,152
050,20,061,"Kansas","Geary County",5,19,329,197,132
050,20,061,"Kansas","Geary County",5,20,518,316,202
050,20,061,"Kansas","Geary County",5,21,727,467,260
050,20,061,"Kansas","Geary County",5,22,815,486,329
050,20,061,"Kansas","Geary County",5,23,808,454,354
050,20,061,"Kansas","Geary County",5,24,829,484,345
050,20,061,"Kansas","Geary County",5,25,785,458,327
050,20,061,"Kansas","Geary County",5,26,785,452,333
050,20,061,"Kansas","Geary County",5,27,795,400,395
050,20,061,"Kansas","Geary County",5,28,803,460,343
050,20,061,"Kansas","Geary County",5,29,745,399,346
050,20,061,"Kansas","Geary County",5,30,789,461,328
050,20,061,"Kansas","Geary County",5,31,745,402,343
050,20,061,"Kansas","Geary County",5,32,706,395,311
050,20,061,"Kansas","Geary County",5,33,686,381,305
050,20,061,"Kansas","Geary County",5,34,611,311,300
050,20,061,"Kansas","Geary County",5,35,637,328,309
050,20,061,"Kansas","Geary County",5,36,560,281,279
050,20,061,"Kansas","Geary County",5,37,570,321,249
050,20,061,"Kansas","Geary County",5,38,527,300,227
050,20,061,"Kansas","Geary County",5,39,439,239,200
050,20,061,"Kansas","Geary County",5,40,429,217,212
050,20,061,"Kansas","Geary County",5,41,438,230,208
050,20,061,"Kansas","Geary County",5,42,376,187,189
050,20,061,"Kansas","Geary County",5,43,355,185,170
050,20,061,"Kansas","Geary County",5,44,292,145,147
050,20,061,"Kansas","Geary County",5,45,279,145,134
050,20,061,"Kansas","Geary County",5,46,264,127,137
050,20,061,"Kansas","Geary County",5,47,223,110,113
050,20,061,"Kansas","Geary County",5,48,231,122,109
050,20,061,"Kansas","Geary County",5,49,202,113,89
050,20,061,"Kansas","Geary County",5,50,189,103,86
050,20,061,"Kansas","Geary County",5,51,209,99,110
050,20,061,"Kansas","Geary County",5,52,203,106,97
050,20,061,"Kansas","Geary County",5,53,181,83,98
050,20,061,"Kansas","Geary County",5,54,186,92,94
050,20,061,"Kansas","Geary County",5,55,179,83,96
050,20,061,"Kansas","Geary County",5,56,197,81,116
050,20,061,"Kansas","Geary County",5,57,193,79,114
050,20,061,"Kansas","Geary County",5,58,196,93,103
050,20,061,"Kansas","Geary County",5,59,212,103,109
050,20,061,"Kansas","Geary County",5,60,188,98,90
050,20,061,"Kansas","Geary County",5,61,191,91,100
050,20,061,"Kansas","Geary County",5,62,172,80,92
050,20,061,"Kansas","Geary County",5,63,185,99,86
050,20,061,"Kansas","Geary County",5,64,175,82,93
050,20,061,"Kansas","Geary County",5,65,184,77,107
050,20,061,"Kansas","Geary County",5,66,179,91,88
050,20,061,"Kansas","Geary County",5,67,183,86,97
050,20,061,"Kansas","Geary County",5,68,165,83,82
050,20,061,"Kansas","Geary County",5,69,179,86,93
050,20,061,"Kansas","Geary County",5,70,203,92,111
050,20,061,"Kansas","Geary County",5,71,178,76,102
050,20,061,"Kansas","Geary County",5,72,149,66,83
050,20,061,"Kansas","Geary County",5,73,167,71,96
050,20,061,"Kansas","Geary County",5,74,175,72,103
050,20,061,"Kansas","Geary County",5,75,160,69,91
050,20,061,"Kansas","Geary County",5,76,166,76,90
050,20,061,"Kansas","Geary County",5,77,124,53,71
050,20,061,"Kansas","Geary County",5,78,120,56,64
050,20,061,"Kansas","Geary County",5,79,112,56,56
050,20,061,"Kansas","Geary County",5,80,93,49,44
050,20,061,"Kansas","Geary County",5,81,88,39,49
050,20,061,"Kansas","Geary County",5,82,78,31,47
050,20,061,"Kansas","Geary County",5,83,73,31,42
050,20,061,"Kansas","Geary County",5,84,59,26,33
050,20,061,"Kansas","Geary County",5,85,399,124,275
050,20,063,"Kansas","Gove County",1,0,43,22,21
050,20,063,"Kansas","Gove County",1,1,46,26,20
050,20,063,"Kansas","Gove County",1,2,28,17,11
050,20,063,"Kansas","Gove County",1,3,32,17,15
050,20,063,"Kansas","Gove County",1,4,33,14,19
050,20,063,"Kansas","Gove County",1,5,36,17,19
050,20,063,"Kansas","Gove County",1,6,37,19,18
050,20,063,"Kansas","Gove County",1,7,35,21,14
050,20,063,"Kansas","Gove County",1,8,39,21,18
050,20,063,"Kansas","Gove County",1,9,43,26,17
050,20,063,"Kansas","Gove County",1,10,45,26,19
050,20,063,"Kansas","Gove County",1,11,41,22,19
050,20,063,"Kansas","Gove County",1,12,43,21,22
050,20,063,"Kansas","Gove County",1,13,40,15,25
050,20,063,"Kansas","Gove County",1,14,37,16,21
050,20,063,"Kansas","Gove County",1,15,35,17,18
050,20,063,"Kansas","Gove County",1,16,34,16,18
050,20,063,"Kansas","Gove County",1,17,34,17,17
050,20,063,"Kansas","Gove County",1,18,29,16,13
050,20,063,"Kansas","Gove County",1,19,24,12,12
050,20,063,"Kansas","Gove County",1,20,27,14,13
050,20,063,"Kansas","Gove County",1,21,21,10,11
050,20,063,"Kansas","Gove County",1,22,24,11,13
050,20,063,"Kansas","Gove County",1,23,27,14,13
050,20,063,"Kansas","Gove County",1,24,21,10,11
050,20,063,"Kansas","Gove County",1,25,26,15,11
050,20,063,"Kansas","Gove County",1,26,26,16,10
050,20,063,"Kansas","Gove County",1,27,23,12,11
050,20,063,"Kansas","Gove County",1,28,22,9,13
050,20,063,"Kansas","Gove County",1,29,21,11,10
050,20,063,"Kansas","Gove County",1,30,20,8,12
050,20,063,"Kansas","Gove County",1,31,16,11,5
050,20,063,"Kansas","Gove County",1,32,28,16,12
050,20,063,"Kansas","Gove County",1,33,35,17,18
050,20,063,"Kansas","Gove County",1,34,32,18,14
050,20,063,"Kansas","Gove County",1,35,35,20,15
050,20,063,"Kansas","Gove County",1,36,31,17,14
050,20,063,"Kansas","Gove County",1,37,38,21,17
050,20,063,"Kansas","Gove County",1,38,32,14,18
050,20,063,"Kansas","Gove County",1,39,25,12,13
050,20,063,"Kansas","Gove County",1,40,27,13,14
050,20,063,"Kansas","Gove County",1,41,27,14,13
050,20,063,"Kansas","Gove County",1,42,27,15,12
050,20,063,"Kansas","Gove County",1,43,25,12,13
050,20,063,"Kansas","Gove County",1,44,36,19,17
050,20,063,"Kansas","Gove County",1,45,34,21,13
050,20,063,"Kansas","Gove County",1,46,27,18,9
050,20,063,"Kansas","Gove County",1,47,26,17,9
050,20,063,"Kansas","Gove County",1,48,28,13,15
050,20,063,"Kansas","Gove County",1,49,24,11,13
050,20,063,"Kansas","Gove County",1,50,22,10,12
050,20,063,"Kansas","Gove County",1,51,23,13,10
050,20,063,"Kansas","Gove County",1,52,23,11,12
050,20,063,"Kansas","Gove County",1,53,27,15,12
050,20,063,"Kansas","Gove County",1,54,29,13,16
050,20,063,"Kansas","Gove County",1,55,29,17,12
050,20,063,"Kansas","Gove County",1,56,33,17,16
050,20,063,"Kansas","Gove County",1,57,34,17,17
050,20,063,"Kansas","Gove County",1,58,42,24,18
050,20,063,"Kansas","Gove County",1,59,38,21,17
050,20,063,"Kansas","Gove County",1,60,50,23,27
050,20,063,"Kansas","Gove County",1,61,43,22,21
050,20,063,"Kansas","Gove County",1,62,51,26,25
050,20,063,"Kansas","Gove County",1,63,44,22,22
050,20,063,"Kansas","Gove County",1,64,38,18,20
050,20,063,"Kansas","Gove County",1,65,40,22,18
050,20,063,"Kansas","Gove County",1,66,37,19,18
050,20,063,"Kansas","Gove County",1,67,40,20,20
050,20,063,"Kansas","Gove County",1,68,33,16,17
050,20,063,"Kansas","Gove County",1,69,30,17,13
050,20,063,"Kansas","Gove County",1,70,32,17,15
050,20,063,"Kansas","Gove County",1,71,32,17,15
050,20,063,"Kansas","Gove County",1,72,33,16,17
050,20,063,"Kansas","Gove County",1,73,31,15,16
050,20,063,"Kansas","Gove County",1,74,24,12,12
050,20,063,"Kansas","Gove County",1,75,25,14,11
050,20,063,"Kansas","Gove County",1,76,24,11,13
050,20,063,"Kansas","Gove County",1,77,22,9,13
050,20,063,"Kansas","Gove County",1,78,16,8,8
050,20,063,"Kansas","Gove County",1,79,20,8,12
050,20,063,"Kansas","Gove County",1,80,20,7,13
050,20,063,"Kansas","Gove County",1,81,22,8,14
050,20,063,"Kansas","Gove County",1,82,23,11,12
050,20,063,"Kansas","Gove County",1,83,17,7,10
050,20,063,"Kansas","Gove County",1,84,12,3,9
050,20,063,"Kansas","Gove County",1,85,118,45,73
050,20,063,"Kansas","Gove County",2,0,42,22,20
050,20,063,"Kansas","Gove County",2,1,45,25,20
050,20,063,"Kansas","Gove County",2,2,32,19,13
050,20,063,"Kansas","Gove County",2,3,31,17,14
050,20,063,"Kansas","Gove County",2,4,33,15,18
050,20,063,"Kansas","Gove County",2,5,35,16,19
050,20,063,"Kansas","Gove County",2,6,36,18,18
050,20,063,"Kansas","Gove County",2,7,36,21,15
050,20,063,"Kansas","Gove County",2,8,38,21,17
050,20,063,"Kansas","Gove County",2,9,42,25,17
050,20,063,"Kansas","Gove County",2,10,42,24,18
050,20,063,"Kansas","Gove County",2,11,42,23,19
050,20,063,"Kansas","Gove County",2,12,43,22,21
050,20,063,"Kansas","Gove County",2,13,41,17,24
050,20,063,"Kansas","Gove County",2,14,38,16,22
050,20,063,"Kansas","Gove County",2,15,35,16,19
050,20,063,"Kansas","Gove County",2,16,35,16,19
050,20,063,"Kansas","Gove County",2,17,33,17,16
050,20,063,"Kansas","Gove County",2,18,28,15,13
050,20,063,"Kansas","Gove County",2,19,26,14,12
050,20,063,"Kansas","Gove County",2,20,25,13,12
050,20,063,"Kansas","Gove County",2,21,23,11,12
050,20,063,"Kansas","Gove County",2,22,23,10,13
050,20,063,"Kansas","Gove County",2,23,27,14,13
050,20,063,"Kansas","Gove County",2,24,22,11,11
050,20,063,"Kansas","Gove County",2,25,24,14,10
050,20,063,"Kansas","Gove County",2,26,26,15,11
050,20,063,"Kansas","Gove County",2,27,24,13,11
050,20,063,"Kansas","Gove County",2,28,22,10,12
050,20,063,"Kansas","Gove County",2,29,21,10,11
050,20,063,"Kansas","Gove County",2,30,20,9,11
050,20,063,"Kansas","Gove County",2,31,17,11,6
050,20,063,"Kansas","Gove County",2,32,25,15,10
050,20,063,"Kansas","Gove County",2,33,33,16,17
050,20,063,"Kansas","Gove County",2,34,32,17,15
050,20,063,"Kansas","Gove County",2,35,35,20,15
050,20,063,"Kansas","Gove County",2,36,31,17,14
050,20,063,"Kansas","Gove County",2,37,37,20,17
050,20,063,"Kansas","Gove County",2,38,33,16,17
050,20,063,"Kansas","Gove County",2,39,27,13,14
050,20,063,"Kansas","Gove County",2,40,26,12,14
050,20,063,"Kansas","Gove County",2,41,28,14,14
050,20,063,"Kansas","Gove County",2,42,28,15,13
050,20,063,"Kansas","Gove County",2,43,26,13,13
050,20,063,"Kansas","Gove County",2,44,33,17,16
050,20,063,"Kansas","Gove County",2,45,35,21,14
050,20,063,"Kansas","Gove County",2,46,28,19,9
050,20,063,"Kansas","Gove County",2,47,26,17,9
050,20,063,"Kansas","Gove County",2,48,28,14,14
050,20,063,"Kansas","Gove County",2,49,25,11,14
050,20,063,"Kansas","Gove County",2,50,22,10,12
050,20,063,"Kansas","Gove County",2,51,22,12,10
050,20,063,"Kansas","Gove County",2,52,23,11,12
050,20,063,"Kansas","Gove County",2,53,26,14,12
050,20,063,"Kansas","Gove County",2,54,29,14,15
050,20,063,"Kansas","Gove County",2,55,29,16,13
050,20,063,"Kansas","Gove County",2,56,32,17,15
050,20,063,"Kansas","Gove County",2,57,33,17,16
050,20,063,"Kansas","Gove County",2,58,40,22,18
050,20,063,"Kansas","Gove County",2,59,39,22,17
050,20,063,"Kansas","Gove County",2,60,47,22,25
050,20,063,"Kansas","Gove County",2,61,43,21,22
050,20,063,"Kansas","Gove County",2,62,48,24,24
050,20,063,"Kansas","Gove County",2,63,46,23,23
050,20,063,"Kansas","Gove County",2,64,40,19,21
050,20,063,"Kansas","Gove County",2,65,40,21,19
050,20,063,"Kansas","Gove County",2,66,38,20,18
050,20,063,"Kansas","Gove County",2,67,39,20,19
050,20,063,"Kansas","Gove County",2,68,35,17,18
050,20,063,"Kansas","Gove County",2,69,31,17,14
050,20,063,"Kansas","Gove County",2,70,30,16,14
050,20,063,"Kansas","Gove County",2,71,32,17,15
050,20,063,"Kansas","Gove County",2,72,32,16,16
050,20,063,"Kansas","Gove County",2,73,33,16,17
050,20,063,"Kansas","Gove County",2,74,24,12,12
050,20,063,"Kansas","Gove County",2,75,25,14,11
050,20,063,"Kansas","Gove County",2,76,25,12,13
050,20,063,"Kansas","Gove County",2,77,23,10,13
050,20,063,"Kansas","Gove County",2,78,17,8,9
050,20,063,"Kansas","Gove County",2,79,20,8,12
050,20,063,"Kansas","Gove County",2,80,19,7,12
050,20,063,"Kansas","Gove County",2,81,22,8,14
050,20,063,"Kansas","Gove County",2,82,22,10,12
050,20,063,"Kansas","Gove County",2,83,18,8,10
050,20,063,"Kansas","Gove County",2,84,13,4,9
050,20,063,"Kansas","Gove County",2,85,114,44,70
050,20,063,"Kansas","Gove County",3,0,36,18,18
050,20,063,"Kansas","Gove County",3,1,50,25,25
050,20,063,"Kansas","Gove County",3,2,46,27,19
050,20,063,"Kansas","Gove County",3,3,36,20,16
050,20,063,"Kansas","Gove County",3,4,35,19,16
050,20,063,"Kansas","Gove County",3,5,37,18,19
050,20,063,"Kansas","Gove County",3,6,37,18,19
050,20,063,"Kansas","Gove County",3,7,34,17,17
050,20,063,"Kansas","Gove County",3,8,38,22,16
050,20,063,"Kansas","Gove County",3,9,40,20,20
050,20,063,"Kansas","Gove County",3,10,42,26,16
050,20,063,"Kansas","Gove County",3,11,41,23,18
050,20,063,"Kansas","Gove County",3,12,44,24,20
050,20,063,"Kansas","Gove County",3,13,44,23,21
050,20,063,"Kansas","Gove County",3,14,39,17,22
050,20,063,"Kansas","Gove County",3,15,43,17,26
050,20,063,"Kansas","Gove County",3,16,37,19,18
050,20,063,"Kansas","Gove County",3,17,35,16,19
050,20,063,"Kansas","Gove County",3,18,33,17,16
050,20,063,"Kansas","Gove County",3,19,26,12,14
050,20,063,"Kansas","Gove County",3,20,25,12,13
050,20,063,"Kansas","Gove County",3,21,25,12,13
050,20,063,"Kansas","Gove County",3,22,25,12,13
050,20,063,"Kansas","Gove County",3,23,20,11,9
050,20,063,"Kansas","Gove County",3,24,27,12,15
050,20,063,"Kansas","Gove County",3,25,21,10,11
050,20,063,"Kansas","Gove County",3,26,32,20,12
050,20,063,"Kansas","Gove County",3,27,25,12,13
050,20,063,"Kansas","Gove County",3,28,32,19,13
050,20,063,"Kansas","Gove County",3,29,24,10,14
050,20,063,"Kansas","Gove County",3,30,21,11,10
050,20,063,"Kansas","Gove County",3,31,24,10,14
050,20,063,"Kansas","Gove County",3,32,16,10,6
050,20,063,"Kansas","Gove County",3,33,27,17,10
050,20,063,"Kansas","Gove County",3,34,35,17,18
050,20,063,"Kansas","Gove County",3,35,29,17,12
050,20,063,"Kansas","Gove County",3,36,35,21,14
050,20,063,"Kansas","Gove County",3,37,31,16,15
050,20,063,"Kansas","Gove County",3,38,41,21,20
050,20,063,"Kansas","Gove County",3,39,34,16,18
050,20,063,"Kansas","Gove County",3,40,29,14,15
050,20,063,"Kansas","Gove County",3,41,25,12,13
050,20,063,"Kansas","Gove County",3,42,27,13,14
050,20,063,"Kansas","Gove County",3,43,30,17,13
050,20,063,"Kansas","Gove County",3,44,27,13,14
050,20,063,"Kansas","Gove County",3,45,32,17,15
050,20,063,"Kansas","Gove County",3,46,37,21,16
050,20,063,"Kansas","Gove County",3,47,29,19,10
050,20,063,"Kansas","Gove County",3,48,25,16,9
050,20,063,"Kansas","Gove County",3,49,28,14,14
050,20,063,"Kansas","Gove County",3,50,25,13,12
050,20,063,"Kansas","Gove County",3,51,18,7,11
050,20,063,"Kansas","Gove County",3,52,20,10,10
050,20,063,"Kansas","Gove County",3,53,25,12,13
050,20,063,"Kansas","Gove County",3,54,27,14,13
050,20,063,"Kansas","Gove County",3,55,30,14,16
050,20,063,"Kansas","Gove County",3,56,30,16,14
050,20,063,"Kansas","Gove County",3,57,32,17,15
050,20,063,"Kansas","Gove County",3,58,33,17,16
050,20,063,"Kansas","Gove County",3,59,38,21,17
050,20,063,"Kansas","Gove County",3,60,38,21,17
050,20,063,"Kansas","Gove County",3,61,47,22,25
050,20,063,"Kansas","Gove County",3,62,46,21,25
050,20,063,"Kansas","Gove County",3,63,44,20,24
050,20,063,"Kansas","Gove County",3,64,47,23,24
050,20,063,"Kansas","Gove County",3,65,39,18,21
050,20,063,"Kansas","Gove County",3,66,40,21,19
050,20,063,"Kansas","Gove County",3,67,37,20,17
050,20,063,"Kansas","Gove County",3,68,39,20,19
050,20,063,"Kansas","Gove County",3,69,33,16,17
050,20,063,"Kansas","Gove County",3,70,29,17,12
050,20,063,"Kansas","Gove County",3,71,28,16,12
050,20,063,"Kansas","Gove County",3,72,27,15,12
050,20,063,"Kansas","Gove County",3,73,30,15,15
050,20,063,"Kansas","Gove County",3,74,31,15,16
050,20,063,"Kansas","Gove County",3,75,22,12,10
050,20,063,"Kansas","Gove County",3,76,24,13,11
050,20,063,"Kansas","Gove County",3,77,22,10,12
050,20,063,"Kansas","Gove County",3,78,18,7,11
050,20,063,"Kansas","Gove County",3,79,19,9,10
050,20,063,"Kansas","Gove County",3,80,19,7,12
050,20,063,"Kansas","Gove County",3,81,17,5,12
050,20,063,"Kansas","Gove County",3,82,19,7,12
050,20,063,"Kansas","Gove County",3,83,21,10,11
050,20,063,"Kansas","Gove County",3,84,16,6,10
050,20,063,"Kansas","Gove County",3,85,106,38,68
050,20,063,"Kansas","Gove County",4,0,33,19,14
050,20,063,"Kansas","Gove County",4,1,39,20,19
050,20,063,"Kansas","Gove County",4,2,52,25,27
050,20,063,"Kansas","Gove County",4,3,46,27,19
050,20,063,"Kansas","Gove County",4,4,35,19,16
050,20,063,"Kansas","Gove County",4,5,35,19,16
050,20,063,"Kansas","Gove County",4,6,36,16,20
050,20,063,"Kansas","Gove County",4,7,38,18,20
050,20,063,"Kansas","Gove County",4,8,33,17,16
050,20,063,"Kansas","Gove County",4,9,39,22,17
050,20,063,"Kansas","Gove County",4,10,39,19,20
050,20,063,"Kansas","Gove County",4,11,43,26,17
050,20,063,"Kansas","Gove County",4,12,41,23,18
050,20,063,"Kansas","Gove County",4,13,41,20,21
050,20,063,"Kansas","Gove County",4,14,42,21,21
050,20,063,"Kansas","Gove County",4,15,40,18,22
050,20,063,"Kansas","Gove County",4,16,40,18,22
050,20,063,"Kansas","Gove County",4,17,35,17,18
050,20,063,"Kansas","Gove County",4,18,29,15,14
050,20,063,"Kansas","Gove County",4,19,23,15,8
050,20,063,"Kansas","Gove County",4,20,26,13,13
050,20,063,"Kansas","Gove County",4,21,25,12,13
050,20,063,"Kansas","Gove County",4,22,25,12,13
050,20,063,"Kansas","Gove County",4,23,28,11,17
050,20,063,"Kansas","Gove County",4,24,25,13,12
050,20,063,"Kansas","Gove County",4,25,27,11,16
050,20,063,"Kansas","Gove County",4,26,23,11,12
050,20,063,"Kansas","Gove County",4,27,34,20,14
050,20,063,"Kansas","Gove County",4,28,26,14,12
050,20,063,"Kansas","Gove County",4,29,31,18,13
050,20,063,"Kansas","Gove County",4,30,26,11,15
050,20,063,"Kansas","Gove County",4,31,21,11,10
050,20,063,"Kansas","Gove County",4,32,25,10,15
050,20,063,"Kansas","Gove County",4,33,18,12,6
050,20,063,"Kansas","Gove County",4,34,31,20,11
050,20,063,"Kansas","Gove County",4,35,35,17,18
050,20,063,"Kansas","Gove County",4,36,29,17,12
050,20,063,"Kansas","Gove County",4,37,35,21,14
050,20,063,"Kansas","Gove County",4,38,29,15,14
050,20,063,"Kansas","Gove County",4,39,39,19,20
050,20,063,"Kansas","Gove County",4,40,34,17,17
050,20,063,"Kansas","Gove County",4,41,30,15,15
050,20,063,"Kansas","Gove County",4,42,23,13,10
050,20,063,"Kansas","Gove County",4,43,26,12,14
050,20,063,"Kansas","Gove County",4,44,30,17,13
050,20,063,"Kansas","Gove County",4,45,27,13,14
050,20,063,"Kansas","Gove County",4,46,32,17,15
050,20,063,"Kansas","Gove County",4,47,41,25,16
050,20,063,"Kansas","Gove County",4,48,30,19,11
050,20,063,"Kansas","Gove County",4,49,26,17,9
050,20,063,"Kansas","Gove County",4,50,29,15,14
050,20,063,"Kansas","Gove County",4,51,26,14,12
050,20,063,"Kansas","Gove County",4,52,15,6,9
050,20,063,"Kansas","Gove County",4,53,21,10,11
050,20,063,"Kansas","Gove County",4,54,24,12,12
050,20,063,"Kansas","Gove County",4,55,30,16,14
050,20,063,"Kansas","Gove County",4,56,29,13,16
050,20,063,"Kansas","Gove County",4,57,31,16,15
050,20,063,"Kansas","Gove County",4,58,32,17,15
050,20,063,"Kansas","Gove County",4,59,31,17,14
050,20,063,"Kansas","Gove County",4,60,38,20,18
050,20,063,"Kansas","Gove County",4,61,36,20,16
050,20,063,"Kansas","Gove County",4,62,47,22,25
050,20,063,"Kansas","Gove County",4,63,44,19,25
050,20,063,"Kansas","Gove County",4,64,46,21,25
050,20,063,"Kansas","Gove County",4,65,45,21,24
050,20,063,"Kansas","Gove County",4,66,40,18,22
050,20,063,"Kansas","Gove County",4,67,42,22,20
050,20,063,"Kansas","Gove County",4,68,37,20,17
050,20,063,"Kansas","Gove County",4,69,38,19,19
050,20,063,"Kansas","Gove County",4,70,32,16,16
050,20,063,"Kansas","Gove County",4,71,28,15,13
050,20,063,"Kansas","Gove County",4,72,25,13,12
050,20,063,"Kansas","Gove County",4,73,27,15,12
050,20,063,"Kansas","Gove County",4,74,30,14,16
050,20,063,"Kansas","Gove County",4,75,31,15,16
050,20,063,"Kansas","Gove County",4,76,21,12,9
050,20,063,"Kansas","Gove County",4,77,23,12,11
050,20,063,"Kansas","Gove County",4,78,19,10,9
050,20,063,"Kansas","Gove County",4,79,21,9,12
050,20,063,"Kansas","Gove County",4,80,17,8,9
050,20,063,"Kansas","Gove County",4,81,14,3,11
050,20,063,"Kansas","Gove County",4,82,14,5,9
050,20,063,"Kansas","Gove County",4,83,20,8,12
050,20,063,"Kansas","Gove County",4,84,19,8,11
050,20,063,"Kansas","Gove County",4,85,104,35,69
050,20,063,"Kansas","Gove County",5,0,34,19,15
050,20,063,"Kansas","Gove County",5,1,38,19,19
050,20,063,"Kansas","Gove County",5,2,38,17,21
050,20,063,"Kansas","Gove County",5,3,46,20,26
050,20,063,"Kansas","Gove County",5,4,46,25,21
050,20,063,"Kansas","Gove County",5,5,37,19,18
050,20,063,"Kansas","Gove County",5,6,35,19,16
050,20,063,"Kansas","Gove County",5,7,33,15,18
050,20,063,"Kansas","Gove County",5,8,36,17,19
050,20,063,"Kansas","Gove County",5,9,34,17,17
050,20,063,"Kansas","Gove County",5,10,39,20,19
050,20,063,"Kansas","Gove County",5,11,39,19,20
050,20,063,"Kansas","Gove County",5,12,45,28,17
050,20,063,"Kansas","Gove County",5,13,42,23,19
050,20,063,"Kansas","Gove County",5,14,44,22,22
050,20,063,"Kansas","Gove County",5,15,36,17,19
050,20,063,"Kansas","Gove County",5,16,36,15,21
050,20,063,"Kansas","Gove County",5,17,39,17,22
050,20,063,"Kansas","Gove County",5,18,29,17,12
050,20,063,"Kansas","Gove County",5,19,19,8,11
050,20,063,"Kansas","Gove County",5,20,22,15,7
050,20,063,"Kansas","Gove County",5,21,25,10,15
050,20,063,"Kansas","Gove County",5,22,24,14,10
050,20,063,"Kansas","Gove County",5,23,26,13,13
050,20,063,"Kansas","Gove County",5,24,25,10,15
050,20,063,"Kansas","Gove County",5,25,28,14,14
050,20,063,"Kansas","Gove County",5,26,27,12,15
050,20,063,"Kansas","Gove County",5,27,23,11,12
050,20,063,"Kansas","Gove County",5,28,35,22,13
050,20,063,"Kansas","Gove County",5,29,29,15,14
050,20,063,"Kansas","Gove County",5,30,36,19,17
050,20,063,"Kansas","Gove County",5,31,26,11,15
050,20,063,"Kansas","Gove County",5,32,22,11,11
050,20,063,"Kansas","Gove County",5,33,29,11,18
050,20,063,"Kansas","Gove County",5,34,20,13,7
050,20,063,"Kansas","Gove County",5,35,24,15,9
050,20,063,"Kansas","Gove County",5,36,37,17,20
050,20,063,"Kansas","Gove County",5,37,28,16,12
050,20,063,"Kansas","Gove County",5,38,35,21,14
050,20,063,"Kansas","Gove County",5,39,30,15,15
050,20,063,"Kansas","Gove County",5,40,36,20,16
050,20,063,"Kansas","Gove County",5,41,37,18,19
050,20,063,"Kansas","Gove County",5,42,30,15,15
050,20,063,"Kansas","Gove County",5,43,21,10,11
050,20,063,"Kansas","Gove County",5,44,31,15,16
050,20,063,"Kansas","Gove County",5,45,27,16,11
050,20,063,"Kansas","Gove County",5,46,30,14,16
050,20,063,"Kansas","Gove County",5,47,34,18,16
050,20,063,"Kansas","Gove County",5,48,39,24,15
050,20,063,"Kansas","Gove County",5,49,33,22,11
050,20,063,"Kansas","Gove County",5,50,25,16,9
050,20,063,"Kansas","Gove County",5,51,29,15,14
050,20,063,"Kansas","Gove County",5,52,25,13,12
050,20,063,"Kansas","Gove County",5,53,15,6,9
050,20,063,"Kansas","Gove County",5,54,21,10,11
050,20,063,"Kansas","Gove County",5,55,24,12,12
050,20,063,"Kansas","Gove County",5,56,29,15,14
050,20,063,"Kansas","Gove County",5,57,30,14,16
050,20,063,"Kansas","Gove County",5,58,30,17,13
050,20,063,"Kansas","Gove County",5,59,31,17,14
050,20,063,"Kansas","Gove County",5,60,36,19,17
050,20,063,"Kansas","Gove County",5,61,40,21,19
050,20,063,"Kansas","Gove County",5,62,36,20,16
050,20,063,"Kansas","Gove County",5,63,46,20,26
050,20,063,"Kansas","Gove County",5,64,47,19,28
050,20,063,"Kansas","Gove County",5,65,45,18,27
050,20,063,"Kansas","Gove County",5,66,46,21,25
050,20,063,"Kansas","Gove County",5,67,39,17,22
050,20,063,"Kansas","Gove County",5,68,42,23,19
050,20,063,"Kansas","Gove County",5,69,35,17,18
050,20,063,"Kansas","Gove County",5,70,38,18,20
050,20,063,"Kansas","Gove County",5,71,30,14,16
050,20,063,"Kansas","Gove County",5,72,28,15,13
050,20,063,"Kansas","Gove County",5,73,26,13,13
050,20,063,"Kansas","Gove County",5,74,27,15,12
050,20,063,"Kansas","Gove County",5,75,29,14,15
050,20,063,"Kansas","Gove County",5,76,30,15,15
050,20,063,"Kansas","Gove County",5,77,18,8,10
050,20,063,"Kansas","Gove County",5,78,23,13,10
050,20,063,"Kansas","Gove County",5,79,21,11,10
050,20,063,"Kansas","Gove County",5,80,19,8,11
050,20,063,"Kansas","Gove County",5,81,11,4,7
050,20,063,"Kansas","Gove County",5,82,12,3,9
050,20,063,"Kansas","Gove County",5,83,16,6,10
050,20,063,"Kansas","Gove County",5,84,18,6,12
050,20,063,"Kansas","Gove County",5,85,104,34,70
050,20,065,"Kansas","Graham County",1,0,23,12,11
050,20,065,"Kansas","Graham County",1,1,22,10,12
050,20,065,"Kansas","Graham County",1,2,16,8,8
050,20,065,"Kansas","Graham County",1,3,16,7,9
050,20,065,"Kansas","Graham County",1,4,18,6,12
050,20,065,"Kansas","Graham County",1,5,29,15,14
050,20,065,"Kansas","Graham County",1,6,30,16,14
050,20,065,"Kansas","Graham County",1,7,28,15,13
050,20,065,"Kansas","Graham County",1,8,38,23,15
050,20,065,"Kansas","Graham County",1,9,30,14,16
050,20,065,"Kansas","Graham County",1,10,33,16,17
050,20,065,"Kansas","Graham County",1,11,31,20,11
050,20,065,"Kansas","Graham County",1,12,37,20,17
050,20,065,"Kansas","Graham County",1,13,31,18,13
050,20,065,"Kansas","Graham County",1,14,32,15,17
050,20,065,"Kansas","Graham County",1,15,30,14,16
050,20,065,"Kansas","Graham County",1,16,33,16,17
050,20,065,"Kansas","Graham County",1,17,37,20,17
050,20,065,"Kansas","Graham County",1,18,20,13,7
050,20,065,"Kansas","Graham County",1,19,13,9,4
050,20,065,"Kansas","Graham County",1,20,14,6,8
050,20,065,"Kansas","Graham County",1,21,19,8,11
050,20,065,"Kansas","Graham County",1,22,18,10,8
050,20,065,"Kansas","Graham County",1,23,21,11,10
050,20,065,"Kansas","Graham County",1,24,23,6,17
050,20,065,"Kansas","Graham County",1,25,18,9,9
050,20,065,"Kansas","Graham County",1,26,24,10,14
050,20,065,"Kansas","Graham County",1,27,25,12,13
050,20,065,"Kansas","Graham County",1,28,19,9,10
050,20,065,"Kansas","Graham County",1,29,19,9,10
050,20,065,"Kansas","Graham County",1,30,15,9,6
050,20,065,"Kansas","Graham County",1,31,24,13,11
050,20,065,"Kansas","Graham County",1,32,22,10,12
050,20,065,"Kansas","Graham County",1,33,17,7,10
050,20,065,"Kansas","Graham County",1,34,26,10,16
050,20,065,"Kansas","Graham County",1,35,27,12,15
050,20,065,"Kansas","Graham County",1,36,26,15,11
050,20,065,"Kansas","Graham County",1,37,30,21,9
050,20,065,"Kansas","Graham County",1,38,26,15,11
050,20,065,"Kansas","Graham County",1,39,30,16,14
050,20,065,"Kansas","Graham County",1,40,25,12,13
050,20,065,"Kansas","Graham County",1,41,22,11,11
050,20,065,"Kansas","Graham County",1,42,34,16,18
050,20,065,"Kansas","Graham County",1,43,27,14,13
050,20,065,"Kansas","Graham County",1,44,23,13,10
050,20,065,"Kansas","Graham County",1,45,22,11,11
050,20,065,"Kansas","Graham County",1,46,18,8,10
050,20,065,"Kansas","Graham County",1,47,19,10,9
050,20,065,"Kansas","Graham County",1,48,18,11,7
050,20,065,"Kansas","Graham County",1,49,27,13,14
050,20,065,"Kansas","Graham County",1,50,26,9,17
050,20,065,"Kansas","Graham County",1,51,24,15,9
050,20,065,"Kansas","Graham County",1,52,24,12,12
050,20,065,"Kansas","Graham County",1,53,28,17,11
050,20,065,"Kansas","Graham County",1,54,27,16,11
050,20,065,"Kansas","Graham County",1,55,28,16,12
050,20,065,"Kansas","Graham County",1,56,36,17,19
050,20,065,"Kansas","Graham County",1,57,43,17,26
050,20,065,"Kansas","Graham County",1,58,51,21,30
050,20,065,"Kansas","Graham County",1,59,43,19,24
050,20,065,"Kansas","Graham County",1,60,39,18,21
050,20,065,"Kansas","Graham County",1,61,40,18,22
050,20,065,"Kansas","Graham County",1,62,40,22,18
050,20,065,"Kansas","Graham County",1,63,48,24,24
050,20,065,"Kansas","Graham County",1,64,43,19,24
050,20,065,"Kansas","Graham County",1,65,47,27,20
050,20,065,"Kansas","Graham County",1,66,46,23,23
050,20,065,"Kansas","Graham County",1,67,41,21,20
050,20,065,"Kansas","Graham County",1,68,30,12,18
050,20,065,"Kansas","Graham County",1,69,27,13,14
050,20,065,"Kansas","Graham County",1,70,25,9,16
050,20,065,"Kansas","Graham County",1,71,21,6,15
050,20,065,"Kansas","Graham County",1,72,18,7,11
050,20,065,"Kansas","Graham County",1,73,37,16,21
050,20,065,"Kansas","Graham County",1,74,23,13,10
050,20,065,"Kansas","Graham County",1,75,24,12,12
050,20,065,"Kansas","Graham County",1,76,21,10,11
050,20,065,"Kansas","Graham County",1,77,27,13,14
050,20,065,"Kansas","Graham County",1,78,24,13,11
050,20,065,"Kansas","Graham County",1,79,24,11,13
050,20,065,"Kansas","Graham County",1,80,25,13,12
050,20,065,"Kansas","Graham County",1,81,20,11,9
050,20,065,"Kansas","Graham County",1,82,26,13,13
050,20,065,"Kansas","Graham County",1,83,24,14,10
050,20,065,"Kansas","Graham County",1,84,18,7,11
050,20,065,"Kansas","Graham County",1,85,99,44,55
050,20,065,"Kansas","Graham County",2,0,24,13,11
050,20,065,"Kansas","Graham County",2,1,21,10,11
050,20,065,"Kansas","Graham County",2,2,18,9,9
050,20,065,"Kansas","Graham County",2,3,17,7,10
050,20,065,"Kansas","Graham County",2,4,17,6,11
050,20,065,"Kansas","Graham County",2,5,27,13,14
050,20,065,"Kansas","Graham County",2,6,31,16,15
050,20,065,"Kansas","Graham County",2,7,28,15,13
050,20,065,"Kansas","Graham County",2,8,35,21,14
050,20,065,"Kansas","Graham County",2,9,31,16,15
050,20,065,"Kansas","Graham County",2,10,31,15,16
050,20,065,"Kansas","Graham County",2,11,30,19,11
050,20,065,"Kansas","Graham County",2,12,35,19,16
050,20,065,"Kansas","Graham County",2,13,32,19,13
050,20,065,"Kansas","Graham County",2,14,32,16,16
050,20,065,"Kansas","Graham County",2,15,30,14,16
050,20,065,"Kansas","Graham County",2,16,35,17,18
050,20,065,"Kansas","Graham County",2,17,36,19,17
050,20,065,"Kansas","Graham County",2,18,22,13,9
050,20,065,"Kansas","Graham County",2,19,13,9,4
050,20,065,"Kansas","Graham County",2,20,14,6,8
050,20,065,"Kansas","Graham County",2,21,18,8,10
050,20,065,"Kansas","Graham County",2,22,18,9,9
050,20,065,"Kansas","Graham County",2,23,21,11,10
050,20,065,"Kansas","Graham County",2,24,22,7,15
050,20,065,"Kansas","Graham County",2,25,20,9,11
050,20,065,"Kansas","Graham County",2,26,24,10,14
050,20,065,"Kansas","Graham County",2,27,26,12,14
050,20,065,"Kansas","Graham County",2,28,20,9,11
050,20,065,"Kansas","Graham County",2,29,19,9,10
050,20,065,"Kansas","Graham County",2,30,15,9,6
050,20,065,"Kansas","Graham County",2,31,22,12,10
050,20,065,"Kansas","Graham County",2,32,23,11,12
050,20,065,"Kansas","Graham County",2,33,18,8,10
050,20,065,"Kansas","Graham County",2,34,24,9,15
050,20,065,"Kansas","Graham County",2,35,26,12,14
050,20,065,"Kansas","Graham County",2,36,26,14,12
050,20,065,"Kansas","Graham County",2,37,29,20,9
050,20,065,"Kansas","Graham County",2,38,27,17,10
050,20,065,"Kansas","Graham County",2,39,29,16,13
050,20,065,"Kansas","Graham County",2,40,27,13,14
050,20,065,"Kansas","Graham County",2,41,22,11,11
050,20,065,"Kansas","Graham County",2,42,31,15,16
050,20,065,"Kansas","Graham County",2,43,30,15,15
050,20,065,"Kansas","Graham County",2,44,24,13,11
050,20,065,"Kansas","Graham County",2,45,22,11,11
050,20,065,"Kansas","Graham County",2,46,20,9,11
050,20,065,"Kansas","Graham County",2,47,18,9,9
050,20,065,"Kansas","Graham County",2,48,19,12,7
050,20,065,"Kansas","Graham County",2,49,24,12,12
050,20,065,"Kansas","Graham County",2,50,27,10,17
050,20,065,"Kansas","Graham County",2,51,25,14,11
050,20,065,"Kansas","Graham County",2,52,24,12,12
050,20,065,"Kansas","Graham County",2,53,27,16,11
050,20,065,"Kansas","Graham County",2,54,28,16,12
050,20,065,"Kansas","Graham County",2,55,27,16,11
050,20,065,"Kansas","Graham County",2,56,32,15,17
050,20,065,"Kansas","Graham County",2,57,41,17,24
050,20,065,"Kansas","Graham County",2,58,49,20,29
050,20,065,"Kansas","Graham County",2,59,45,20,25
050,20,065,"Kansas","Graham County",2,60,40,18,22
050,20,065,"Kansas","Graham County",2,61,38,17,21
050,20,065,"Kansas","Graham County",2,62,40,21,19
050,20,065,"Kansas","Graham County",2,63,46,23,23
050,20,065,"Kansas","Graham County",2,64,43,20,23
050,20,065,"Kansas","Graham County",2,65,45,25,20
050,20,065,"Kansas","Graham County",2,66,46,23,23
050,20,065,"Kansas","Graham County",2,67,42,21,21
050,20,065,"Kansas","Graham County",2,68,32,14,18
050,20,065,"Kansas","Graham County",2,69,28,13,15
050,20,065,"Kansas","Graham County",2,70,26,10,16
050,20,065,"Kansas","Graham County",2,71,22,7,15
050,20,065,"Kansas","Graham County",2,72,19,7,12
050,20,065,"Kansas","Graham County",2,73,35,15,20
050,20,065,"Kansas","Graham County",2,74,25,14,11
050,20,065,"Kansas","Graham County",2,75,24,12,12
050,20,065,"Kansas","Graham County",2,76,21,10,11
050,20,065,"Kansas","Graham County",2,77,27,12,15
050,20,065,"Kansas","Graham County",2,78,21,12,9
050,20,065,"Kansas","Graham County",2,79,22,10,12
050,20,065,"Kansas","Graham County",2,80,25,13,12
050,20,065,"Kansas","Graham County",2,81,21,11,10
050,20,065,"Kansas","Graham County",2,82,25,13,12
050,20,065,"Kansas","Graham County",2,83,23,13,10
050,20,065,"Kansas","Graham County",2,84,19,9,10
050,20,065,"Kansas","Graham County",2,85,100,44,56
050,20,065,"Kansas","Graham County",3,0,25,13,12
050,20,065,"Kansas","Graham County",3,1,28,15,13
050,20,065,"Kansas","Graham County",3,2,25,14,11
050,20,065,"Kansas","Graham County",3,3,20,9,11
050,20,065,"Kansas","Graham County",3,4,22,12,10
050,20,065,"Kansas","Graham County",3,5,15,4,11
050,20,065,"Kansas","Graham County",3,6,29,14,15
050,20,065,"Kansas","Graham County",3,7,31,17,14
050,20,065,"Kansas","Graham County",3,8,29,16,13
050,20,065,"Kansas","Graham County",3,9,34,20,14
050,20,065,"Kansas","Graham County",3,10,30,14,16
050,20,065,"Kansas","Graham County",3,11,30,16,14
050,20,065,"Kansas","Graham County",3,12,30,19,11
050,20,065,"Kansas","Graham County",3,13,32,15,17
050,20,065,"Kansas","Graham County",3,14,30,20,10
050,20,065,"Kansas","Graham County",3,15,33,17,16
050,20,065,"Kansas","Graham County",3,16,29,15,14
050,20,065,"Kansas","Graham County",3,17,37,17,20
050,20,065,"Kansas","Graham County",3,18,31,17,14
050,20,065,"Kansas","Graham County",3,19,17,10,7
050,20,065,"Kansas","Graham County",3,20,14,9,5
050,20,065,"Kansas","Graham County",3,21,14,6,8
050,20,065,"Kansas","Graham County",3,22,18,8,10
050,20,065,"Kansas","Graham County",3,23,20,11,9
050,20,065,"Kansas","Graham County",3,24,24,13,11
050,20,065,"Kansas","Graham County",3,25,22,8,14
050,20,065,"Kansas","Graham County",3,26,26,14,12
050,20,065,"Kansas","Graham County",3,27,27,11,16
050,20,065,"Kansas","Graham County",3,28,26,15,11
050,20,065,"Kansas","Graham County",3,29,19,8,11
050,20,065,"Kansas","Graham County",3,30,26,14,12
050,20,065,"Kansas","Graham County",3,31,18,11,7
050,20,065,"Kansas","Graham County",3,32,23,12,11
050,20,065,"Kansas","Graham County",3,33,23,12,11
050,20,065,"Kansas","Graham County",3,34,18,9,9
050,20,065,"Kansas","Graham County",3,35,25,9,16
050,20,065,"Kansas","Graham County",3,36,26,13,13
050,20,065,"Kansas","Graham County",3,37,28,16,12
050,20,065,"Kansas","Graham County",3,38,29,20,9
050,20,065,"Kansas","Graham County",3,39,25,16,9
050,20,065,"Kansas","Graham County",3,40,30,17,13
050,20,065,"Kansas","Graham County",3,41,29,16,13
050,20,065,"Kansas","Graham County",3,42,20,11,9
050,20,065,"Kansas","Graham County",3,43,32,15,17
050,20,065,"Kansas","Graham County",3,44,33,15,18
050,20,065,"Kansas","Graham County",3,45,21,12,9
050,20,065,"Kansas","Graham County",3,46,23,11,12
050,20,065,"Kansas","Graham County",3,47,20,9,11
050,20,065,"Kansas","Graham County",3,48,18,9,9
050,20,065,"Kansas","Graham County",3,49,16,10,6
050,20,065,"Kansas","Graham County",3,50,22,9,13
050,20,065,"Kansas","Graham County",3,51,27,10,17
050,20,065,"Kansas","Graham County",3,52,25,15,10
050,20,065,"Kansas","Graham County",3,53,23,11,12
050,20,065,"Kansas","Graham County",3,54,28,17,11
050,20,065,"Kansas","Graham County",3,55,27,15,12
050,20,065,"Kansas","Graham County",3,56,27,16,11
050,20,065,"Kansas","Graham County",3,57,33,15,18
050,20,065,"Kansas","Graham County",3,58,41,16,25
050,20,065,"Kansas","Graham County",3,59,47,19,28
050,20,065,"Kansas","Graham County",3,60,43,19,24
050,20,065,"Kansas","Graham County",3,61,38,16,22
050,20,065,"Kansas","Graham County",3,62,39,17,22
050,20,065,"Kansas","Graham County",3,63,40,21,19
050,20,065,"Kansas","Graham County",3,64,44,23,21
050,20,065,"Kansas","Graham County",3,65,45,20,25
050,20,065,"Kansas","Graham County",3,66,48,26,22
050,20,065,"Kansas","Graham County",3,67,42,23,19
050,20,065,"Kansas","Graham County",3,68,37,19,18
050,20,065,"Kansas","Graham County",3,69,29,12,17
050,20,065,"Kansas","Graham County",3,70,27,12,15
050,20,065,"Kansas","Graham County",3,71,27,11,16
050,20,065,"Kansas","Graham County",3,72,21,7,14
050,20,065,"Kansas","Graham County",3,73,16,7,9
050,20,065,"Kansas","Graham County",3,74,34,15,19
050,20,065,"Kansas","Graham County",3,75,22,12,10
050,20,065,"Kansas","Graham County",3,76,22,11,11
050,20,065,"Kansas","Graham County",3,77,22,9,13
050,20,065,"Kansas","Graham County",3,78,22,11,11
050,20,065,"Kansas","Graham County",3,79,19,10,9
050,20,065,"Kansas","Graham County",3,80,23,11,12
050,20,065,"Kansas","Graham County",3,81,23,13,10
050,20,065,"Kansas","Graham County",3,82,22,11,11
050,20,065,"Kansas","Graham County",3,83,22,11,11
050,20,065,"Kansas","Graham County",3,84,21,13,8
050,20,065,"Kansas","Graham County",3,85,102,47,55
050,20,065,"Kansas","Graham County",4,0,25,11,14
050,20,065,"Kansas","Graham County",4,1,29,17,12
050,20,065,"Kansas","Graham County",4,2,28,15,13
050,20,065,"Kansas","Graham County",4,3,24,11,13
050,20,065,"Kansas","Graham County",4,4,22,11,11
050,20,065,"Kansas","Graham County",4,5,20,10,10
050,20,065,"Kansas","Graham County",4,6,18,8,10
050,20,065,"Kansas","Graham County",4,7,27,14,13
050,20,065,"Kansas","Graham County",4,8,26,16,10
050,20,065,"Kansas","Graham County",4,9,25,13,12
050,20,065,"Kansas","Graham County",4,10,37,24,13
050,20,065,"Kansas","Graham County",4,11,29,13,16
050,20,065,"Kansas","Graham County",4,12,31,17,14
050,20,065,"Kansas","Graham County",4,13,32,21,11
050,20,065,"Kansas","Graham County",4,14,33,17,16
050,20,065,"Kansas","Graham County",4,15,37,24,13
050,20,065,"Kansas","Graham County",4,16,33,15,18
050,20,065,"Kansas","Graham County",4,17,32,16,16
050,20,065,"Kansas","Graham County",4,18,33,17,16
050,20,065,"Kansas","Graham County",4,19,22,12,10
050,20,065,"Kansas","Graham County",4,20,17,9,8
050,20,065,"Kansas","Graham County",4,21,14,9,5
050,20,065,"Kansas","Graham County",4,22,11,5,6
050,20,065,"Kansas","Graham County",4,23,21,12,9
050,20,065,"Kansas","Graham County",4,24,21,10,11
050,20,065,"Kansas","Graham County",4,25,21,10,11
050,20,065,"Kansas","Graham County",4,26,26,11,15
050,20,065,"Kansas","Graham County",4,27,22,11,11
050,20,065,"Kansas","Graham County",4,28,25,12,13
050,20,065,"Kansas","Graham County",4,29,29,15,14
050,20,065,"Kansas","Graham County",4,30,21,10,11
050,20,065,"Kansas","Graham County",4,31,27,14,13
050,20,065,"Kansas","Graham County",4,32,18,12,6
050,20,065,"Kansas","Graham County",4,33,19,11,8
050,20,065,"Kansas","Graham County",4,34,19,9,10
050,20,065,"Kansas","Graham County",4,35,19,9,10
050,20,065,"Kansas","Graham County",4,36,25,9,16
050,20,065,"Kansas","Graham County",4,37,29,13,16
050,20,065,"Kansas","Graham County",4,38,28,16,12
050,20,065,"Kansas","Graham County",4,39,28,19,9
050,20,065,"Kansas","Graham County",4,40,23,15,8
050,20,065,"Kansas","Graham County",4,41,30,17,13
050,20,065,"Kansas","Graham County",4,42,31,19,12
050,20,065,"Kansas","Graham County",4,43,22,12,10
050,20,065,"Kansas","Graham County",4,44,35,16,19
050,20,065,"Kansas","Graham County",4,45,28,12,16
050,20,065,"Kansas","Graham County",4,46,20,11,9
050,20,065,"Kansas","Graham County",4,47,23,11,12
050,20,065,"Kansas","Graham County",4,48,21,9,12
050,20,065,"Kansas","Graham County",4,49,18,9,9
050,20,065,"Kansas","Graham County",4,50,16,10,6
050,20,065,"Kansas","Graham County",4,51,22,9,13
050,20,065,"Kansas","Graham County",4,52,25,8,17
050,20,065,"Kansas","Graham County",4,53,26,16,10
050,20,065,"Kansas","Graham County",4,54,26,14,12
050,20,065,"Kansas","Graham County",4,55,28,17,11
050,20,065,"Kansas","Graham County",4,56,27,15,12
050,20,065,"Kansas","Graham County",4,57,31,17,14
050,20,065,"Kansas","Graham County",4,58,33,15,18
050,20,065,"Kansas","Graham County",4,59,39,13,26
050,20,065,"Kansas","Graham County",4,60,46,17,29
050,20,065,"Kansas","Graham County",4,61,43,19,24
050,20,065,"Kansas","Graham County",4,62,36,14,22
050,20,065,"Kansas","Graham County",4,63,45,20,25
050,20,065,"Kansas","Graham County",4,64,44,25,19
050,20,065,"Kansas","Graham County",4,65,45,23,22
050,20,065,"Kansas","Graham County",4,66,48,21,27
050,20,065,"Kansas","Graham County",4,67,45,26,19
050,20,065,"Kansas","Graham County",4,68,44,24,20
050,20,065,"Kansas","Graham County",4,69,37,19,18
050,20,065,"Kansas","Graham County",4,70,28,11,17
050,20,065,"Kansas","Graham County",4,71,23,11,12
050,20,065,"Kansas","Graham County",4,72,26,11,15
050,20,065,"Kansas","Graham County",4,73,21,8,13
050,20,065,"Kansas","Graham County",4,74,16,9,7
050,20,065,"Kansas","Graham County",4,75,35,15,20
050,20,065,"Kansas","Graham County",4,76,21,12,9
050,20,065,"Kansas","Graham County",4,77,25,11,14
050,20,065,"Kansas","Graham County",4,78,19,10,9
050,20,065,"Kansas","Graham County",4,79,21,11,10
050,20,065,"Kansas","Graham County",4,80,16,8,8
050,20,065,"Kansas","Graham County",4,81,20,10,10
050,20,065,"Kansas","Graham County",4,82,25,14,11
050,20,065,"Kansas","Graham County",4,83,19,10,9
050,20,065,"Kansas","Graham County",4,84,21,10,11
050,20,065,"Kansas","Graham County",4,85,101,52,49
050,20,065,"Kansas","Graham County",5,0,27,11,16
050,20,065,"Kansas","Graham County",5,1,23,11,12
050,20,065,"Kansas","Graham County",5,2,31,16,15
050,20,065,"Kansas","Graham County",5,3,19,12,7
050,20,065,"Kansas","Graham County",5,4,30,14,16
050,20,065,"Kansas","Graham County",5,5,22,9,13
050,20,065,"Kansas","Graham County",5,6,15,7,8
050,20,065,"Kansas","Graham County",5,7,15,7,8
050,20,065,"Kansas","Graham County",5,8,29,17,12
050,20,065,"Kansas","Graham County",5,9,23,14,9
050,20,065,"Kansas","Graham County",5,10,24,14,10
050,20,065,"Kansas","Graham County",5,11,36,23,13
050,20,065,"Kansas","Graham County",5,12,29,13,16
050,20,065,"Kansas","Graham County",5,13,33,18,15
050,20,065,"Kansas","Graham County",5,14,36,21,15
050,20,065,"Kansas","Graham County",5,15,34,17,17
050,20,065,"Kansas","Graham County",5,16,31,20,11
050,20,065,"Kansas","Graham County",5,17,33,16,17
050,20,065,"Kansas","Graham County",5,18,27,16,11
050,20,065,"Kansas","Graham County",5,19,27,14,13
050,20,065,"Kansas","Graham County",5,20,23,12,11
050,20,065,"Kansas","Graham County",5,21,23,13,10
050,20,065,"Kansas","Graham County",5,22,19,11,8
050,20,065,"Kansas","Graham County",5,23,18,9,9
050,20,065,"Kansas","Graham County",5,24,27,14,13
050,20,065,"Kansas","Graham County",5,25,21,9,12
050,20,065,"Kansas","Graham County",5,26,19,8,11
050,20,065,"Kansas","Graham County",5,27,21,9,12
050,20,065,"Kansas","Graham County",5,28,21,12,9
050,20,065,"Kansas","Graham County",5,29,24,13,11
050,20,065,"Kansas","Graham County",5,30,22,13,9
050,20,065,"Kansas","Graham County",5,31,22,11,11
050,20,065,"Kansas","Graham County",5,32,27,14,13
050,20,065,"Kansas","Graham County",5,33,20,12,8
050,20,065,"Kansas","Graham County",5,34,19,12,7
050,20,065,"Kansas","Graham County",5,35,17,8,9
050,20,065,"Kansas","Graham County",5,36,23,11,12
050,20,065,"Kansas","Graham County",5,37,27,12,15
050,20,065,"Kansas","Graham County",5,38,29,13,16
050,20,065,"Kansas","Graham County",5,39,28,16,12
050,20,065,"Kansas","Graham County",5,40,23,15,8
050,20,065,"Kansas","Graham County",5,41,26,16,10
050,20,065,"Kansas","Graham County",5,42,29,16,13
050,20,065,"Kansas","Graham County",5,43,30,18,12
050,20,065,"Kansas","Graham County",5,44,24,14,10
050,20,065,"Kansas","Graham County",5,45,30,13,17
050,20,065,"Kansas","Graham County",5,46,24,10,14
050,20,065,"Kansas","Graham County",5,47,21,11,10
050,20,065,"Kansas","Graham County",5,48,22,11,11
050,20,065,"Kansas","Graham County",5,49,20,9,11
050,20,065,"Kansas","Graham County",5,50,18,9,9
050,20,065,"Kansas","Graham County",5,51,16,9,7
050,20,065,"Kansas","Graham County",5,52,23,9,14
050,20,065,"Kansas","Graham County",5,53,28,8,20
050,20,065,"Kansas","Graham County",5,54,25,14,11
050,20,065,"Kansas","Graham County",5,55,25,14,11
050,20,065,"Kansas","Graham County",5,56,26,15,11
050,20,065,"Kansas","Graham County",5,57,26,13,13
050,20,065,"Kansas","Graham County",5,58,31,17,14
050,20,065,"Kansas","Graham County",5,59,33,14,19
050,20,065,"Kansas","Graham County",5,60,38,13,25
050,20,065,"Kansas","Graham County",5,61,50,22,28
050,20,065,"Kansas","Graham County",5,62,42,17,25
050,20,065,"Kansas","Graham County",5,63,36,14,22
050,20,065,"Kansas","Graham County",5,64,46,20,26
050,20,065,"Kansas","Graham County",5,65,43,24,19
050,20,065,"Kansas","Graham County",5,66,47,24,23
050,20,065,"Kansas","Graham County",5,67,44,20,24
050,20,065,"Kansas","Graham County",5,68,43,25,18
050,20,065,"Kansas","Graham County",5,69,43,24,19
050,20,065,"Kansas","Graham County",5,70,36,17,19
050,20,065,"Kansas","Graham County",5,71,26,10,16
050,20,065,"Kansas","Graham County",5,72,25,12,13
050,20,065,"Kansas","Graham County",5,73,26,11,15
050,20,065,"Kansas","Graham County",5,74,22,10,12
050,20,065,"Kansas","Graham County",5,75,15,7,8
050,20,065,"Kansas","Graham County",5,76,35,15,20
050,20,065,"Kansas","Graham County",5,77,24,11,13
050,20,065,"Kansas","Graham County",5,78,21,12,9
050,20,065,"Kansas","Graham County",5,79,16,10,6
050,20,065,"Kansas","Graham County",5,80,21,11,10
050,20,065,"Kansas","Graham County",5,81,16,10,6
050,20,065,"Kansas","Graham County",5,82,21,11,10
050,20,065,"Kansas","Graham County",5,83,22,13,9
050,20,065,"Kansas","Graham County",5,84,16,8,8
050,20,065,"Kansas","Graham County",5,85,108,58,50
050,20,067,"Kansas","Grant County",1,0,125,63,62
050,20,067,"Kansas","Grant County",1,1,130,65,65
050,20,067,"Kansas","Grant County",1,2,114,63,51
050,20,067,"Kansas","Grant County",1,3,104,52,52
050,20,067,"Kansas","Grant County",1,4,111,55,56
050,20,067,"Kansas","Grant County",1,5,116,63,53
050,20,067,"Kansas","Grant County",1,6,130,67,63
050,20,067,"Kansas","Grant County",1,7,118,59,59
050,20,067,"Kansas","Grant County",1,8,110,63,47
050,20,067,"Kansas","Grant County",1,9,124,59,65
050,20,067,"Kansas","Grant County",1,10,139,73,66
050,20,067,"Kansas","Grant County",1,11,153,71,82
050,20,067,"Kansas","Grant County",1,12,152,69,83
050,20,067,"Kansas","Grant County",1,13,141,67,74
050,20,067,"Kansas","Grant County",1,14,127,69,58
050,20,067,"Kansas","Grant County",1,15,127,68,59
050,20,067,"Kansas","Grant County",1,16,124,62,62
050,20,067,"Kansas","Grant County",1,17,141,80,61
050,20,067,"Kansas","Grant County",1,18,116,66,50
050,20,067,"Kansas","Grant County",1,19,108,62,46
050,20,067,"Kansas","Grant County",1,20,104,53,51
050,20,067,"Kansas","Grant County",1,21,87,43,44
050,20,067,"Kansas","Grant County",1,22,92,48,44
050,20,067,"Kansas","Grant County",1,23,91,45,46
050,20,067,"Kansas","Grant County",1,24,91,47,44
050,20,067,"Kansas","Grant County",1,25,78,39,39
050,20,067,"Kansas","Grant County",1,26,82,40,42
050,20,067,"Kansas","Grant County",1,27,97,53,44
050,20,067,"Kansas","Grant County",1,28,101,52,49
050,20,067,"Kansas","Grant County",1,29,77,39,38
050,20,067,"Kansas","Grant County",1,30,89,52,37
050,20,067,"Kansas","Grant County",1,31,73,36,37
050,20,067,"Kansas","Grant County",1,32,86,53,33
050,20,067,"Kansas","Grant County",1,33,73,42,31
050,20,067,"Kansas","Grant County",1,34,81,41,40
050,20,067,"Kansas","Grant County",1,35,84,38,46
050,20,067,"Kansas","Grant County",1,36,95,47,48
050,20,067,"Kansas","Grant County",1,37,84,39,45
050,20,067,"Kansas","Grant County",1,38,79,37,42
050,20,067,"Kansas","Grant County",1,39,88,37,51
050,20,067,"Kansas","Grant County",1,40,81,40,41
050,20,067,"Kansas","Grant County",1,41,91,46,45
050,20,067,"Kansas","Grant County",1,42,106,48,58
050,20,067,"Kansas","Grant County",1,43,90,52,38
050,20,067,"Kansas","Grant County",1,44,101,62,39
050,20,067,"Kansas","Grant County",1,45,87,50,37
050,20,067,"Kansas","Grant County",1,46,76,40,36
050,20,067,"Kansas","Grant County",1,47,76,41,35
050,20,067,"Kansas","Grant County",1,48,81,39,42
050,20,067,"Kansas","Grant County",1,49,80,39,41
050,20,067,"Kansas","Grant County",1,50,84,40,44
050,20,067,"Kansas","Grant County",1,51,88,42,46
050,20,067,"Kansas","Grant County",1,52,76,42,34
050,20,067,"Kansas","Grant County",1,53,69,38,31
050,20,067,"Kansas","Grant County",1,54,68,38,30
050,20,067,"Kansas","Grant County",1,55,71,37,34
050,20,067,"Kansas","Grant County",1,56,74,34,40
050,20,067,"Kansas","Grant County",1,57,90,49,41
050,20,067,"Kansas","Grant County",1,58,97,50,47
050,20,067,"Kansas","Grant County",1,59,101,50,51
050,20,067,"Kansas","Grant County",1,60,94,49,45
050,20,067,"Kansas","Grant County",1,61,87,50,37
050,20,067,"Kansas","Grant County",1,62,84,43,41
050,20,067,"Kansas","Grant County",1,63,82,42,40
050,20,067,"Kansas","Grant County",1,64,76,41,35
050,20,067,"Kansas","Grant County",1,65,80,46,34
050,20,067,"Kansas","Grant County",1,66,85,42,43
050,20,067,"Kansas","Grant County",1,67,58,27,31
050,20,067,"Kansas","Grant County",1,68,48,20,28
050,20,067,"Kansas","Grant County",1,69,57,30,27
050,20,067,"Kansas","Grant County",1,70,72,38,34
050,20,067,"Kansas","Grant County",1,71,72,31,41
050,20,067,"Kansas","Grant County",1,72,54,25,29
050,20,067,"Kansas","Grant County",1,73,50,27,23
050,20,067,"Kansas","Grant County",1,74,39,16,23
050,20,067,"Kansas","Grant County",1,75,37,17,20
050,20,067,"Kansas","Grant County",1,76,37,17,20
050,20,067,"Kansas","Grant County",1,77,43,21,22
050,20,067,"Kansas","Grant County",1,78,24,13,11
050,20,067,"Kansas","Grant County",1,79,28,13,15
050,20,067,"Kansas","Grant County",1,80,24,14,10
050,20,067,"Kansas","Grant County",1,81,27,13,14
050,20,067,"Kansas","Grant County",1,82,28,10,18
050,20,067,"Kansas","Grant County",1,83,17,6,11
050,20,067,"Kansas","Grant County",1,84,16,5,11
050,20,067,"Kansas","Grant County",1,85,104,30,74
050,20,067,"Kansas","Grant County",2,0,113,55,58
050,20,067,"Kansas","Grant County",2,1,129,65,64
050,20,067,"Kansas","Grant County",2,2,118,64,54
050,20,067,"Kansas","Grant County",2,3,106,55,51
050,20,067,"Kansas","Grant County",2,4,110,54,56
050,20,067,"Kansas","Grant County",2,5,114,61,53
050,20,067,"Kansas","Grant County",2,6,125,66,59
050,20,067,"Kansas","Grant County",2,7,121,62,59
050,20,067,"Kansas","Grant County",2,8,112,62,50
050,20,067,"Kansas","Grant County",2,9,120,60,60
050,20,067,"Kansas","Grant County",2,10,135,70,65
050,20,067,"Kansas","Grant County",2,11,148,71,77
050,20,067,"Kansas","Grant County",2,12,152,70,82
050,20,067,"Kansas","Grant County",2,13,142,66,76
050,20,067,"Kansas","Grant County",2,14,131,69,62
050,20,067,"Kansas","Grant County",2,15,125,66,59
050,20,067,"Kansas","Grant County",2,16,124,63,61
050,20,067,"Kansas","Grant County",2,17,137,76,61
050,20,067,"Kansas","Grant County",2,18,116,67,49
050,20,067,"Kansas","Grant County",2,19,104,59,45
050,20,067,"Kansas","Grant County",2,20,105,55,50
050,20,067,"Kansas","Grant County",2,21,92,46,46
050,20,067,"Kansas","Grant County",2,22,90,47,43
050,20,067,"Kansas","Grant County",2,23,92,46,46
050,20,067,"Kansas","Grant County",2,24,88,44,44
050,20,067,"Kansas","Grant County",2,25,81,41,40
050,20,067,"Kansas","Grant County",2,26,84,41,43
050,20,067,"Kansas","Grant County",2,27,93,50,43
050,20,067,"Kansas","Grant County",2,28,99,52,47
050,20,067,"Kansas","Grant County",2,29,82,42,40
050,20,067,"Kansas","Grant County",2,30,87,50,37
050,20,067,"Kansas","Grant County",2,31,76,39,37
050,20,067,"Kansas","Grant County",2,32,82,49,33
050,20,067,"Kansas","Grant County",2,33,76,45,31
050,20,067,"Kansas","Grant County",2,34,79,41,38
050,20,067,"Kansas","Grant County",2,35,83,39,44
050,20,067,"Kansas","Grant County",2,36,91,44,47
050,20,067,"Kansas","Grant County",2,37,86,41,45
050,20,067,"Kansas","Grant County",2,38,81,37,44
050,20,067,"Kansas","Grant County",2,39,88,38,50
050,20,067,"Kansas","Grant County",2,40,83,40,43
050,20,067,"Kansas","Grant County",2,41,87,43,44
050,20,067,"Kansas","Grant County",2,42,100,46,54
050,20,067,"Kansas","Grant County",2,43,93,51,42
050,20,067,"Kansas","Grant County",2,44,98,60,38
050,20,067,"Kansas","Grant County",2,45,90,53,37
050,20,067,"Kansas","Grant County",2,46,80,43,37
050,20,067,"Kansas","Grant County",2,47,76,40,36
050,20,067,"Kansas","Grant County",2,48,81,41,40
050,20,067,"Kansas","Grant County",2,49,79,37,42
050,20,067,"Kansas","Grant County",2,50,84,41,43
050,20,067,"Kansas","Grant County",2,51,86,41,45
050,20,067,"Kansas","Grant County",2,52,77,41,36
050,20,067,"Kansas","Grant County",2,53,71,39,32
050,20,067,"Kansas","Grant County",2,54,68,38,30
050,20,067,"Kansas","Grant County",2,55,70,37,33
050,20,067,"Kansas","Grant County",2,56,72,34,38
050,20,067,"Kansas","Grant County",2,57,86,45,41
050,20,067,"Kansas","Grant County",2,58,94,49,45
050,20,067,"Kansas","Grant County",2,59,100,50,50
050,20,067,"Kansas","Grant County",2,60,95,50,45
050,20,067,"Kansas","Grant County",2,61,88,50,38
050,20,067,"Kansas","Grant County",2,62,83,44,39
050,20,067,"Kansas","Grant County",2,63,83,43,40
050,20,067,"Kansas","Grant County",2,64,77,41,36
050,20,067,"Kansas","Grant County",2,65,78,44,34
050,20,067,"Kansas","Grant County",2,66,83,43,40
050,20,067,"Kansas","Grant County",2,67,64,30,34
050,20,067,"Kansas","Grant County",2,68,50,21,29
050,20,067,"Kansas","Grant County",2,69,54,27,27
050,20,067,"Kansas","Grant County",2,70,69,36,33
050,20,067,"Kansas","Grant County",2,71,73,33,40
050,20,067,"Kansas","Grant County",2,72,57,26,31
050,20,067,"Kansas","Grant County",2,73,54,28,26
050,20,067,"Kansas","Grant County",2,74,37,16,21
050,20,067,"Kansas","Grant County",2,75,35,17,18
050,20,067,"Kansas","Grant County",2,76,38,17,21
050,20,067,"Kansas","Grant County",2,77,40,19,21
050,20,067,"Kansas","Grant County",2,78,30,16,14
050,20,067,"Kansas","Grant County",2,79,26,12,14
050,20,067,"Kansas","Grant County",2,80,25,14,11
050,20,067,"Kansas","Grant County",2,81,27,14,13
050,20,067,"Kansas","Grant County",2,82,28,11,17
050,20,067,"Kansas","Grant County",2,83,19,7,12
050,20,067,"Kansas","Grant County",2,84,16,5,11
050,20,067,"Kansas","Grant County",2,85,105,31,74
050,20,067,"Kansas","Grant County",3,0,109,51,58
050,20,067,"Kansas","Grant County",3,1,115,61,54
050,20,067,"Kansas","Grant County",3,2,128,66,62
050,20,067,"Kansas","Grant County",3,3,111,57,54
050,20,067,"Kansas","Grant County",3,4,104,55,49
050,20,067,"Kansas","Grant County",3,5,113,56,57
050,20,067,"Kansas","Grant County",3,6,115,62,53
050,20,067,"Kansas","Grant County",3,7,137,67,70
050,20,067,"Kansas","Grant County",3,8,115,59,56
050,20,067,"Kansas","Grant County",3,9,114,62,52
050,20,067,"Kansas","Grant County",3,10,124,63,61
050,20,067,"Kansas","Grant County",3,11,144,73,71
050,20,067,"Kansas","Grant County",3,12,148,71,77
050,20,067,"Kansas","Grant County",3,13,153,70,83
050,20,067,"Kansas","Grant County",3,14,143,64,79
050,20,067,"Kansas","Grant County",3,15,132,68,64
050,20,067,"Kansas","Grant County",3,16,124,67,57
050,20,067,"Kansas","Grant County",3,17,125,61,64
050,20,067,"Kansas","Grant County",3,18,123,71,52
050,20,067,"Kansas","Grant County",3,19,102,57,45
050,20,067,"Kansas","Grant County",3,20,107,62,45
050,20,067,"Kansas","Grant County",3,21,99,53,46
050,20,067,"Kansas","Grant County",3,22,81,37,44
050,20,067,"Kansas","Grant County",3,23,81,45,36
050,20,067,"Kansas","Grant County",3,24,94,49,45
050,20,067,"Kansas","Grant County",3,25,89,48,41
050,20,067,"Kansas","Grant County",3,26,85,46,39
050,20,067,"Kansas","Grant County",3,27,82,40,42
050,20,067,"Kansas","Grant County",3,28,96,53,43
050,20,067,"Kansas","Grant County",3,29,104,57,47
050,20,067,"Kansas","Grant County",3,30,85,49,36
050,20,067,"Kansas","Grant County",3,31,89,49,40
050,20,067,"Kansas","Grant County",3,32,65,30,35
050,20,067,"Kansas","Grant County",3,33,82,52,30
050,20,067,"Kansas","Grant County",3,34,80,46,34
050,20,067,"Kansas","Grant County",3,35,69,40,29
050,20,067,"Kansas","Grant County",3,36,81,35,46
050,20,067,"Kansas","Grant County",3,37,97,48,49
050,20,067,"Kansas","Grant County",3,38,91,45,46
050,20,067,"Kansas","Grant County",3,39,72,33,39
050,20,067,"Kansas","Grant County",3,40,94,40,54
050,20,067,"Kansas","Grant County",3,41,90,47,43
050,20,067,"Kansas","Grant County",3,42,89,42,47
050,20,067,"Kansas","Grant County",3,43,100,47,53
050,20,067,"Kansas","Grant County",3,44,92,52,40
050,20,067,"Kansas","Grant County",3,45,99,61,38
050,20,067,"Kansas","Grant County",3,46,88,54,34
050,20,067,"Kansas","Grant County",3,47,78,43,35
050,20,067,"Kansas","Grant County",3,48,74,41,33
050,20,067,"Kansas","Grant County",3,49,78,42,36
050,20,067,"Kansas","Grant County",3,50,79,36,43
050,20,067,"Kansas","Grant County",3,51,83,38,45
050,20,067,"Kansas","Grant County",3,52,82,40,42
050,20,067,"Kansas","Grant County",3,53,84,48,36
050,20,067,"Kansas","Grant County",3,54,72,39,33
050,20,067,"Kansas","Grant County",3,55,60,31,29
050,20,067,"Kansas","Grant County",3,56,74,40,34
050,20,067,"Kansas","Grant County",3,57,69,30,39
050,20,067,"Kansas","Grant County",3,58,85,45,40
050,20,067,"Kansas","Grant County",3,59,92,51,41
050,20,067,"Kansas","Grant County",3,60,96,47,49
050,20,067,"Kansas","Grant County",3,61,92,49,43
050,20,067,"Kansas","Grant County",3,62,89,49,40
050,20,067,"Kansas","Grant County",3,63,80,44,36
050,20,067,"Kansas","Grant County",3,64,79,41,38
050,20,067,"Kansas","Grant County",3,65,76,40,36
050,20,067,"Kansas","Grant County",3,66,77,43,34
050,20,067,"Kansas","Grant County",3,67,82,42,40
050,20,067,"Kansas","Grant County",3,68,63,29,34
050,20,067,"Kansas","Grant County",3,69,49,19,30
050,20,067,"Kansas","Grant County",3,70,53,27,26
050,20,067,"Kansas","Grant County",3,71,66,35,31
050,20,067,"Kansas","Grant County",3,72,72,33,39
050,20,067,"Kansas","Grant County",3,73,51,23,28
050,20,067,"Kansas","Grant County",3,74,54,28,26
050,20,067,"Kansas","Grant County",3,75,32,14,18
050,20,067,"Kansas","Grant County",3,76,34,18,16
050,20,067,"Kansas","Grant County",3,77,35,15,20
050,20,067,"Kansas","Grant County",3,78,38,18,20
050,20,067,"Kansas","Grant County",3,79,27,13,14
050,20,067,"Kansas","Grant County",3,80,25,12,13
050,20,067,"Kansas","Grant County",3,81,24,15,9
050,20,067,"Kansas","Grant County",3,82,28,13,15
050,20,067,"Kansas","Grant County",3,83,21,10,11
050,20,067,"Kansas","Grant County",3,84,18,6,12
050,20,067,"Kansas","Grant County",3,85,102,28,74
050,20,067,"Kansas","Grant County",4,0,114,59,55
050,20,067,"Kansas","Grant County",4,1,103,49,54
050,20,067,"Kansas","Grant County",4,2,114,59,55
050,20,067,"Kansas","Grant County",4,3,127,64,63
050,20,067,"Kansas","Grant County",4,4,111,60,51
050,20,067,"Kansas","Grant County",4,5,112,58,54
050,20,067,"Kansas","Grant County",4,6,109,55,54
050,20,067,"Kansas","Grant County",4,7,127,60,67
050,20,067,"Kansas","Grant County",4,8,146,75,71
050,20,067,"Kansas","Grant County",4,9,115,53,62
050,20,067,"Kansas","Grant County",4,10,114,60,54
050,20,067,"Kansas","Grant County",4,11,119,59,60
050,20,067,"Kansas","Grant County",4,12,135,74,61
050,20,067,"Kansas","Grant County",4,13,137,66,71
050,20,067,"Kansas","Grant County",4,14,146,72,74
050,20,067,"Kansas","Grant County",4,15,141,62,79
050,20,067,"Kansas","Grant County",4,16,124,61,63
050,20,067,"Kansas","Grant County",4,17,114,60,54
050,20,067,"Kansas","Grant County",4,18,115,59,56
050,20,067,"Kansas","Grant County",4,19,95,58,37
050,20,067,"Kansas","Grant County",4,20,99,54,45
050,20,067,"Kansas","Grant County",4,21,100,54,46
050,20,067,"Kansas","Grant County",4,22,97,48,49
050,20,067,"Kansas","Grant County",4,23,81,37,44
050,20,067,"Kansas","Grant County",4,24,84,45,39
050,20,067,"Kansas","Grant County",4,25,99,57,42
050,20,067,"Kansas","Grant County",4,26,81,44,37
050,20,067,"Kansas","Grant County",4,27,95,50,45
050,20,067,"Kansas","Grant County",4,28,75,38,37
050,20,067,"Kansas","Grant County",4,29,98,57,41
050,20,067,"Kansas","Grant County",4,30,94,50,44
050,20,067,"Kansas","Grant County",4,31,80,45,35
050,20,067,"Kansas","Grant County",4,32,83,44,39
050,20,067,"Kansas","Grant County",4,33,61,28,33
050,20,067,"Kansas","Grant County",4,34,85,54,31
050,20,067,"Kansas","Grant County",4,35,72,41,31
050,20,067,"Kansas","Grant County",4,36,74,42,32
050,20,067,"Kansas","Grant County",4,37,77,34,43
050,20,067,"Kansas","Grant County",4,38,93,48,45
050,20,067,"Kansas","Grant County",4,39,84,42,42
050,20,067,"Kansas","Grant County",4,40,68,29,39
050,20,067,"Kansas","Grant County",4,41,97,45,52
050,20,067,"Kansas","Grant County",4,42,87,44,43
050,20,067,"Kansas","Grant County",4,43,85,45,40
050,20,067,"Kansas","Grant County",4,44,99,49,50
050,20,067,"Kansas","Grant County",4,45,87,50,37
050,20,067,"Kansas","Grant County",4,46,91,57,34
050,20,067,"Kansas","Grant County",4,47,87,52,35
050,20,067,"Kansas","Grant County",4,48,73,42,31
050,20,067,"Kansas","Grant County",4,49,73,39,34
050,20,067,"Kansas","Grant County",4,50,78,42,36
050,20,067,"Kansas","Grant County",4,51,78,33,45
050,20,067,"Kansas","Grant County",4,52,79,38,41
050,20,067,"Kansas","Grant County",4,53,104,61,43
050,20,067,"Kansas","Grant County",4,54,82,48,34
050,20,067,"Kansas","Grant County",4,55,75,42,33
050,20,067,"Kansas","Grant County",4,56,60,31,29
050,20,067,"Kansas","Grant County",4,57,75,40,35
050,20,067,"Kansas","Grant County",4,58,67,29,38
050,20,067,"Kansas","Grant County",4,59,86,45,41
050,20,067,"Kansas","Grant County",4,60,89,50,39
050,20,067,"Kansas","Grant County",4,61,95,48,47
050,20,067,"Kansas","Grant County",4,62,91,46,45
050,20,067,"Kansas","Grant County",4,63,85,49,36
050,20,067,"Kansas","Grant County",4,64,77,42,35
050,20,067,"Kansas","Grant County",4,65,80,43,37
050,20,067,"Kansas","Grant County",4,66,73,40,33
050,20,067,"Kansas","Grant County",4,67,71,38,33
050,20,067,"Kansas","Grant County",4,68,81,40,41
050,20,067,"Kansas","Grant County",4,69,61,28,33
050,20,067,"Kansas","Grant County",4,70,50,19,31
050,20,067,"Kansas","Grant County",4,71,52,26,26
050,20,067,"Kansas","Grant County",4,72,61,33,28
050,20,067,"Kansas","Grant County",4,73,69,32,37
050,20,067,"Kansas","Grant County",4,74,50,24,26
050,20,067,"Kansas","Grant County",4,75,50,28,22
050,20,067,"Kansas","Grant County",4,76,32,15,17
050,20,067,"Kansas","Grant County",4,77,34,17,17
050,20,067,"Kansas","Grant County",4,78,28,11,17
050,20,067,"Kansas","Grant County",4,79,34,16,18
050,20,067,"Kansas","Grant County",4,80,26,12,14
050,20,067,"Kansas","Grant County",4,81,24,13,11
050,20,067,"Kansas","Grant County",4,82,26,13,13
050,20,067,"Kansas","Grant County",4,83,26,15,11
050,20,067,"Kansas","Grant County",4,84,22,10,12
050,20,067,"Kansas","Grant County",4,85,102,29,73
050,20,067,"Kansas","Grant County",5,0,115,59,56
050,20,067,"Kansas","Grant County",5,1,109,51,58
050,20,067,"Kansas","Grant County",5,2,104,49,55
050,20,067,"Kansas","Grant County",5,3,107,55,52
050,20,067,"Kansas","Grant County",5,4,126,63,63
050,20,067,"Kansas","Grant County",5,5,107,56,51
050,20,067,"Kansas","Grant County",5,6,110,55,55
050,20,067,"Kansas","Grant County",5,7,123,52,71
050,20,067,"Kansas","Grant County",5,8,121,55,66
050,20,067,"Kansas","Grant County",5,9,137,68,69
050,20,067,"Kansas","Grant County",5,10,116,55,61
050,20,067,"Kansas","Grant County",5,11,111,59,52
050,20,067,"Kansas","Grant County",5,12,113,56,57
050,20,067,"Kansas","Grant County",5,13,126,70,56
050,20,067,"Kansas","Grant County",5,14,137,67,70
050,20,067,"Kansas","Grant County",5,15,142,70,72
050,20,067,"Kansas","Grant County",5,16,140,61,79
050,20,067,"Kansas","Grant County",5,17,124,61,63
050,20,067,"Kansas","Grant County",5,18,106,60,46
050,20,067,"Kansas","Grant County",5,19,94,48,46
050,20,067,"Kansas","Grant County",5,20,94,56,38
050,20,067,"Kansas","Grant County",5,21,97,53,44
050,20,067,"Kansas","Grant County",5,22,95,50,45
050,20,067,"Kansas","Grant County",5,23,100,50,50
050,20,067,"Kansas","Grant County",5,24,79,33,46
050,20,067,"Kansas","Grant County",5,25,84,48,36
050,20,067,"Kansas","Grant County",5,26,84,46,38
050,20,067,"Kansas","Grant County",5,27,83,43,40
050,20,067,"Kansas","Grant County",5,28,94,49,45
050,20,067,"Kansas","Grant County",5,29,80,43,37
050,20,067,"Kansas","Grant County",5,30,92,54,38
050,20,067,"Kansas","Grant County",5,31,92,49,43
050,20,067,"Kansas","Grant County",5,32,81,44,37
050,20,067,"Kansas","Grant County",5,33,77,41,36
050,20,067,"Kansas","Grant County",5,34,65,29,36
050,20,067,"Kansas","Grant County",5,35,82,51,31
050,20,067,"Kansas","Grant County",5,36,67,40,27
050,20,067,"Kansas","Grant County",5,37,70,38,32
050,20,067,"Kansas","Grant County",5,38,74,32,42
050,20,067,"Kansas","Grant County",5,39,96,53,43
050,20,067,"Kansas","Grant County",5,40,83,42,41
050,20,067,"Kansas","Grant County",5,41,64,25,39
050,20,067,"Kansas","Grant County",5,42,92,44,48
050,20,067,"Kansas","Grant County",5,43,86,44,42
050,20,067,"Kansas","Grant County",5,44,80,40,40
050,20,067,"Kansas","Grant County",5,45,92,48,44
050,20,067,"Kansas","Grant County",5,46,85,51,34
050,20,067,"Kansas","Grant County",5,47,86,54,32
050,20,067,"Kansas","Grant County",5,48,83,49,34
050,20,067,"Kansas","Grant County",5,49,72,43,29
050,20,067,"Kansas","Grant County",5,50,71,36,35
050,20,067,"Kansas","Grant County",5,51,74,39,35
050,20,067,"Kansas","Grant County",5,52,79,35,44
050,20,067,"Kansas","Grant County",5,53,85,47,38
050,20,067,"Kansas","Grant County",5,54,97,54,43
050,20,067,"Kansas","Grant County",5,55,79,47,32
050,20,067,"Kansas","Grant County",5,56,74,40,34
050,20,067,"Kansas","Grant County",5,57,66,35,31
050,20,067,"Kansas","Grant County",5,58,73,39,34
050,20,067,"Kansas","Grant County",5,59,66,28,38
050,20,067,"Kansas","Grant County",5,60,81,43,38
050,20,067,"Kansas","Grant County",5,61,87,51,36
050,20,067,"Kansas","Grant County",5,62,89,43,46
050,20,067,"Kansas","Grant County",5,63,88,44,44
050,20,067,"Kansas","Grant County",5,64,83,49,34
050,20,067,"Kansas","Grant County",5,65,76,42,34
050,20,067,"Kansas","Grant County",5,66,77,43,34
050,20,067,"Kansas","Grant County",5,67,68,35,33
050,20,067,"Kansas","Grant County",5,68,66,35,31
050,20,067,"Kansas","Grant County",5,69,75,37,38
050,20,067,"Kansas","Grant County",5,70,58,25,33
050,20,067,"Kansas","Grant County",5,71,48,17,31
050,20,067,"Kansas","Grant County",5,72,51,26,25
050,20,067,"Kansas","Grant County",5,73,59,31,28
050,20,067,"Kansas","Grant County",5,74,68,31,37
050,20,067,"Kansas","Grant County",5,75,47,23,24
050,20,067,"Kansas","Grant County",5,76,52,29,23
050,20,067,"Kansas","Grant County",5,77,33,15,18
050,20,067,"Kansas","Grant County",5,78,29,14,15
050,20,067,"Kansas","Grant County",5,79,25,9,16
050,20,067,"Kansas","Grant County",5,80,37,18,19
050,20,067,"Kansas","Grant County",5,81,27,13,14
050,20,067,"Kansas","Grant County",5,82,25,11,14
050,20,067,"Kansas","Grant County",5,83,23,14,9
050,20,067,"Kansas","Grant County",5,84,24,14,10
050,20,067,"Kansas","Grant County",5,85,110,35,75
050,20,069,"Kansas","Gray County",1,0,70,37,33
050,20,069,"Kansas","Gray County",1,1,70,35,35
050,20,069,"Kansas","Gray County",1,2,82,45,37
050,20,069,"Kansas","Gray County",1,3,85,45,40
050,20,069,"Kansas","Gray County",1,4,91,42,49
050,20,069,"Kansas","Gray County",1,5,93,45,48
050,20,069,"Kansas","Gray County",1,6,88,43,45
050,20,069,"Kansas","Gray County",1,7,86,49,37
050,20,069,"Kansas","Gray County",1,8,86,45,41
050,20,069,"Kansas","Gray County",1,9,80,49,31
050,20,069,"Kansas","Gray County",1,10,104,65,39
050,20,069,"Kansas","Gray County",1,11,102,59,43
050,20,069,"Kansas","Gray County",1,12,104,53,51
050,20,069,"Kansas","Gray County",1,13,105,52,53
050,20,069,"Kansas","Gray County",1,14,96,47,49
050,20,069,"Kansas","Gray County",1,15,88,47,41
050,20,069,"Kansas","Gray County",1,16,96,52,44
050,20,069,"Kansas","Gray County",1,17,101,49,52
050,20,069,"Kansas","Gray County",1,18,72,38,34
050,20,069,"Kansas","Gray County",1,19,69,36,33
050,20,069,"Kansas","Gray County",1,20,76,38,38
050,20,069,"Kansas","Gray County",1,21,75,33,42
050,20,069,"Kansas","Gray County",1,22,61,32,29
050,20,069,"Kansas","Gray County",1,23,67,36,31
050,20,069,"Kansas","Gray County",1,24,69,38,31
050,20,069,"Kansas","Gray County",1,25,73,38,35
050,20,069,"Kansas","Gray County",1,26,70,36,34
050,20,069,"Kansas","Gray County",1,27,51,21,30
050,20,069,"Kansas","Gray County",1,28,65,30,35
050,20,069,"Kansas","Gray County",1,29,52,24,28
050,20,069,"Kansas","Gray County",1,30,52,22,30
050,20,069,"Kansas","Gray County",1,31,64,38,26
050,20,069,"Kansas","Gray County",1,32,52,32,20
050,20,069,"Kansas","Gray County",1,33,53,23,30
050,20,069,"Kansas","Gray County",1,34,70,34,36
050,20,069,"Kansas","Gray County",1,35,68,36,32
050,20,069,"Kansas","Gray County",1,36,65,35,30
050,20,069,"Kansas","Gray County",1,37,77,38,39
050,20,069,"Kansas","Gray County",1,38,67,30,37
050,20,069,"Kansas","Gray County",1,39,66,28,38
050,20,069,"Kansas","Gray County",1,40,63,33,30
050,20,069,"Kansas","Gray County",1,41,65,31,34
050,20,069,"Kansas","Gray County",1,42,68,37,31
050,20,069,"Kansas","Gray County",1,43,81,45,36
050,20,069,"Kansas","Gray County",1,44,78,39,39
050,20,069,"Kansas","Gray County",1,45,65,32,33
050,20,069,"Kansas","Gray County",1,46,71,37,34
050,20,069,"Kansas","Gray County",1,47,55,30,25
050,20,069,"Kansas","Gray County",1,48,54,33,21
050,20,069,"Kansas","Gray County",1,49,55,31,24
050,20,069,"Kansas","Gray County",1,50,55,31,24
050,20,069,"Kansas","Gray County",1,51,51,29,22
050,20,069,"Kansas","Gray County",1,52,67,37,30
050,20,069,"Kansas","Gray County",1,53,64,35,29
050,20,069,"Kansas","Gray County",1,54,68,35,33
050,20,069,"Kansas","Gray County",1,55,61,32,29
050,20,069,"Kansas","Gray County",1,56,59,32,27
050,20,069,"Kansas","Gray County",1,57,88,44,44
050,20,069,"Kansas","Gray County",1,58,77,34,43
050,20,069,"Kansas","Gray County",1,59,83,35,48
050,20,069,"Kansas","Gray County",1,60,78,37,41
050,20,069,"Kansas","Gray County",1,61,67,40,27
050,20,069,"Kansas","Gray County",1,62,77,41,36
050,20,069,"Kansas","Gray County",1,63,65,36,29
050,20,069,"Kansas","Gray County",1,64,59,33,26
050,20,069,"Kansas","Gray County",1,65,55,27,28
050,20,069,"Kansas","Gray County",1,66,63,33,30
050,20,069,"Kansas","Gray County",1,67,70,38,32
050,20,069,"Kansas","Gray County",1,68,56,30,26
050,20,069,"Kansas","Gray County",1,69,52,29,23
050,20,069,"Kansas","Gray County",1,70,47,22,25
050,20,069,"Kansas","Gray County",1,71,46,25,21
050,20,069,"Kansas","Gray County",1,72,46,25,21
050,20,069,"Kansas","Gray County",1,73,39,17,22
050,20,069,"Kansas","Gray County",1,74,33,13,20
050,20,069,"Kansas","Gray County",1,75,34,17,17
050,20,069,"Kansas","Gray County",1,76,33,12,21
050,20,069,"Kansas","Gray County",1,77,33,15,18
050,20,069,"Kansas","Gray County",1,78,28,13,15
050,20,069,"Kansas","Gray County",1,79,28,13,15
050,20,069,"Kansas","Gray County",1,80,23,10,13
050,20,069,"Kansas","Gray County",1,81,20,9,11
050,20,069,"Kansas","Gray County",1,82,25,16,9
050,20,069,"Kansas","Gray County",1,83,31,13,18
050,20,069,"Kansas","Gray County",1,84,25,8,17
050,20,069,"Kansas","Gray County",1,85,133,53,80
050,20,069,"Kansas","Gray County",2,0,74,43,31
050,20,069,"Kansas","Gray County",2,1,69,35,34
050,20,069,"Kansas","Gray County",2,2,79,43,36
050,20,069,"Kansas","Gray County",2,3,83,44,39
050,20,069,"Kansas","Gray County",2,4,89,42,47
050,20,069,"Kansas","Gray County",2,5,94,45,49
050,20,069,"Kansas","Gray County",2,6,90,44,46
050,20,069,"Kansas","Gray County",2,7,88,48,40
050,20,069,"Kansas","Gray County",2,8,86,46,40
050,20,069,"Kansas","Gray County",2,9,82,48,34
050,20,069,"Kansas","Gray County",2,10,99,61,38
050,20,069,"Kansas","Gray County",2,11,102,60,42
050,20,069,"Kansas","Gray County",2,12,104,54,50
050,20,069,"Kansas","Gray County",2,13,105,53,52
050,20,069,"Kansas","Gray County",2,14,99,49,50
050,20,069,"Kansas","Gray County",2,15,87,46,41
050,20,069,"Kansas","Gray County",2,16,93,50,43
050,20,069,"Kansas","Gray County",2,17,101,50,51
050,20,069,"Kansas","Gray County",2,18,76,39,37
050,20,069,"Kansas","Gray County",2,19,67,35,32
050,20,069,"Kansas","Gray County",2,20,76,38,38
050,20,069,"Kansas","Gray County",2,21,75,35,40
050,20,069,"Kansas","Gray County",2,22,64,32,32
050,20,069,"Kansas","Gray County",2,23,66,36,30
050,20,069,"Kansas","Gray County",2,24,69,38,31
050,20,069,"Kansas","Gray County",2,25,74,39,35
050,20,069,"Kansas","Gray County",2,26,66,34,32
050,20,069,"Kansas","Gray County",2,27,55,24,31
050,20,069,"Kansas","Gray County",2,28,60,27,33
050,20,069,"Kansas","Gray County",2,29,55,26,29
050,20,069,"Kansas","Gray County",2,30,52,22,30
050,20,069,"Kansas","Gray County",2,31,62,35,27
050,20,069,"Kansas","Gray County",2,32,53,31,22
050,20,069,"Kansas","Gray County",2,33,55,27,28
050,20,069,"Kansas","Gray County",2,34,67,32,35
050,20,069,"Kansas","Gray County",2,35,69,36,33
050,20,069,"Kansas","Gray County",2,36,63,35,28
050,20,069,"Kansas","Gray County",2,37,74,38,36
050,20,069,"Kansas","Gray County",2,38,71,33,38
050,20,069,"Kansas","Gray County",2,39,65,28,37
050,20,069,"Kansas","Gray County",2,40,64,32,32
050,20,069,"Kansas","Gray County",2,41,64,31,33
050,20,069,"Kansas","Gray County",2,42,66,35,31
050,20,069,"Kansas","Gray County",2,43,77,42,35
050,20,069,"Kansas","Gray County",2,44,78,40,38
050,20,069,"Kansas","Gray County",2,45,69,34,35
050,20,069,"Kansas","Gray County",2,46,68,35,33
050,20,069,"Kansas","Gray County",2,47,59,31,28
050,20,069,"Kansas","Gray County",2,48,54,32,22
050,20,069,"Kansas","Gray County",2,49,56,32,24
050,20,069,"Kansas","Gray County",2,50,55,30,25
050,20,069,"Kansas","Gray County",2,51,51,29,22
050,20,069,"Kansas","Gray County",2,52,64,35,29
050,20,069,"Kansas","Gray County",2,53,64,35,29
050,20,069,"Kansas","Gray County",2,54,67,35,32
050,20,069,"Kansas","Gray County",2,55,61,32,29
050,20,069,"Kansas","Gray County",2,56,59,32,27
050,20,069,"Kansas","Gray County",2,57,81,41,40
050,20,069,"Kansas","Gray County",2,58,77,35,42
050,20,069,"Kansas","Gray County",2,59,81,34,47
050,20,069,"Kansas","Gray County",2,60,78,36,42
050,20,069,"Kansas","Gray County",2,61,68,39,29
050,20,069,"Kansas","Gray County",2,62,75,41,34
050,20,069,"Kansas","Gray County",2,63,69,38,31
050,20,069,"Kansas","Gray County",2,64,59,33,26
050,20,069,"Kansas","Gray County",2,65,55,28,27
050,20,069,"Kansas","Gray County",2,66,60,31,29
050,20,069,"Kansas","Gray County",2,67,68,37,31
050,20,069,"Kansas","Gray County",2,68,58,31,27
050,20,069,"Kansas","Gray County",2,69,54,30,24
050,20,069,"Kansas","Gray County",2,70,47,23,24
050,20,069,"Kansas","Gray County",2,71,46,24,22
050,20,069,"Kansas","Gray County",2,72,46,25,21
050,20,069,"Kansas","Gray County",2,73,42,20,22
050,20,069,"Kansas","Gray County",2,74,34,14,20
050,20,069,"Kansas","Gray County",2,75,33,16,17
050,20,069,"Kansas","Gray County",2,76,33,13,20
050,20,069,"Kansas","Gray County",2,77,34,15,19
050,20,069,"Kansas","Gray County",2,78,30,14,16
050,20,069,"Kansas","Gray County",2,79,27,13,14
050,20,069,"Kansas","Gray County",2,80,24,11,13
050,20,069,"Kansas","Gray County",2,81,20,9,11
050,20,069,"Kansas","Gray County",2,82,23,14,9
050,20,069,"Kansas","Gray County",2,83,31,14,17
050,20,069,"Kansas","Gray County",2,84,27,9,18
050,20,069,"Kansas","Gray County",2,85,133,55,78
050,20,069,"Kansas","Gray County",3,0,84,36,48
050,20,069,"Kansas","Gray County",3,1,80,49,31
050,20,069,"Kansas","Gray County",3,2,75,35,40
050,20,069,"Kansas","Gray County",3,3,78,45,33
050,20,069,"Kansas","Gray County",3,4,84,47,37
050,20,069,"Kansas","Gray County",3,5,89,42,47
050,20,069,"Kansas","Gray County",3,6,97,49,48
050,20,069,"Kansas","Gray County",3,7,93,48,45
050,20,069,"Kansas","Gray County",3,8,93,59,34
050,20,069,"Kansas","Gray County",3,9,85,45,40
050,20,069,"Kansas","Gray County",3,10,86,52,34
050,20,069,"Kansas","Gray County",3,11,96,58,38
050,20,069,"Kansas","Gray County",3,12,103,61,42
050,20,069,"Kansas","Gray County",3,13,101,52,49
050,20,069,"Kansas","Gray County",3,14,107,55,52
050,20,069,"Kansas","Gray County",3,15,101,52,49
050,20,069,"Kansas","Gray County",3,16,89,48,41
050,20,069,"Kansas","Gray County",3,17,91,48,43
050,20,069,"Kansas","Gray County",3,18,80,41,39
050,20,069,"Kansas","Gray County",3,19,59,32,27
050,20,069,"Kansas","Gray County",3,20,70,36,34
050,20,069,"Kansas","Gray County",3,21,79,42,37
050,20,069,"Kansas","Gray County",3,22,71,34,37
050,20,069,"Kansas","Gray County",3,23,61,28,33
050,20,069,"Kansas","Gray County",3,24,67,34,33
050,20,069,"Kansas","Gray County",3,25,74,39,35
050,20,069,"Kansas","Gray County",3,26,72,35,37
050,20,069,"Kansas","Gray County",3,27,69,34,35
050,20,069,"Kansas","Gray County",3,28,62,26,36
050,20,069,"Kansas","Gray County",3,29,65,29,36
050,20,069,"Kansas","Gray County",3,30,61,29,32
050,20,069,"Kansas","Gray County",3,31,53,23,30
050,20,069,"Kansas","Gray County",3,32,71,36,35
050,20,069,"Kansas","Gray County",3,33,53,32,21
050,20,069,"Kansas","Gray County",3,34,51,25,26
050,20,069,"Kansas","Gray County",3,35,66,32,34
050,20,069,"Kansas","Gray County",3,36,77,39,38
050,20,069,"Kansas","Gray County",3,37,66,37,29
050,20,069,"Kansas","Gray County",3,38,70,35,35
050,20,069,"Kansas","Gray County",3,39,68,32,36
050,20,069,"Kansas","Gray County",3,40,69,29,40
050,20,069,"Kansas","Gray County",3,41,62,31,31
050,20,069,"Kansas","Gray County",3,42,63,32,31
050,20,069,"Kansas","Gray County",3,43,62,32,30
050,20,069,"Kansas","Gray County",3,44,72,38,34
050,20,069,"Kansas","Gray County",3,45,77,39,38
050,20,069,"Kansas","Gray County",3,46,72,39,33
050,20,069,"Kansas","Gray County",3,47,66,34,32
050,20,069,"Kansas","Gray County",3,48,62,31,31
050,20,069,"Kansas","Gray County",3,49,53,31,22
050,20,069,"Kansas","Gray County",3,50,57,30,27
050,20,069,"Kansas","Gray County",3,51,54,29,25
050,20,069,"Kansas","Gray County",3,52,51,29,22
050,20,069,"Kansas","Gray County",3,53,67,38,29
050,20,069,"Kansas","Gray County",3,54,64,35,29
050,20,069,"Kansas","Gray County",3,55,72,36,36
050,20,069,"Kansas","Gray County",3,56,59,29,30
050,20,069,"Kansas","Gray County",3,57,62,34,28
050,20,069,"Kansas","Gray County",3,58,81,41,40
050,20,069,"Kansas","Gray County",3,59,73,33,40
050,20,069,"Kansas","Gray County",3,60,81,34,47
050,20,069,"Kansas","Gray County",3,61,76,36,40
050,20,069,"Kansas","Gray County",3,62,66,38,28
050,20,069,"Kansas","Gray County",3,63,72,39,33
050,20,069,"Kansas","Gray County",3,64,68,37,31
050,20,069,"Kansas","Gray County",3,65,56,33,23
050,20,069,"Kansas","Gray County",3,66,50,25,25
050,20,069,"Kansas","Gray County",3,67,56,27,29
050,20,069,"Kansas","Gray County",3,68,63,34,29
050,20,069,"Kansas","Gray County",3,69,58,31,27
050,20,069,"Kansas","Gray County",3,70,53,28,25
050,20,069,"Kansas","Gray County",3,71,40,20,20
050,20,069,"Kansas","Gray County",3,72,46,24,22
050,20,069,"Kansas","Gray County",3,73,46,26,20
050,20,069,"Kansas","Gray County",3,74,36,17,19
050,20,069,"Kansas","Gray County",3,75,34,13,21
050,20,069,"Kansas","Gray County",3,76,29,13,16
050,20,069,"Kansas","Gray County",3,77,31,13,18
050,20,069,"Kansas","Gray County",3,78,34,14,20
050,20,069,"Kansas","Gray County",3,79,26,12,14
050,20,069,"Kansas","Gray County",3,80,27,14,13
050,20,069,"Kansas","Gray County",3,81,21,6,15
050,20,069,"Kansas","Gray County",3,82,15,8,7
050,20,069,"Kansas","Gray County",3,83,26,13,13
050,20,069,"Kansas","Gray County",3,84,27,10,17
050,20,069,"Kansas","Gray County",3,85,132,58,74
050,20,069,"Kansas","Gray County",4,0,86,38,48
050,20,069,"Kansas","Gray County",4,1,97,43,54
050,20,069,"Kansas","Gray County",4,2,80,51,29
050,20,069,"Kansas","Gray County",4,3,79,38,41
050,20,069,"Kansas","Gray County",4,4,78,42,36
050,20,069,"Kansas","Gray County",4,5,84,45,39
050,20,069,"Kansas","Gray County",4,6,94,44,50
050,20,069,"Kansas","Gray County",4,7,97,48,49
050,20,069,"Kansas","Gray County",4,8,92,51,41
050,20,069,"Kansas","Gray County",4,9,98,60,38
050,20,069,"Kansas","Gray County",4,10,82,44,38
050,20,069,"Kansas","Gray County",4,11,88,51,37
050,20,069,"Kansas","Gray County",4,12,100,59,41
050,20,069,"Kansas","Gray County",4,13,98,57,41
050,20,069,"Kansas","Gray County",4,14,102,53,49
050,20,069,"Kansas","Gray County",4,15,101,53,48
050,20,069,"Kansas","Gray County",4,16,100,52,48
050,20,069,"Kansas","Gray County",4,17,90,51,39
050,20,069,"Kansas","Gray County",4,18,79,45,34
050,20,069,"Kansas","Gray County",4,19,65,34,31
050,20,069,"Kansas","Gray County",4,20,58,32,26
050,20,069,"Kansas","Gray County",4,21,74,38,36
050,20,069,"Kansas","Gray County",4,22,70,35,35
050,20,069,"Kansas","Gray County",4,23,80,44,36
050,20,069,"Kansas","Gray County",4,24,62,28,34
050,20,069,"Kansas","Gray County",4,25,66,32,34
050,20,069,"Kansas","Gray County",4,26,79,41,38
050,20,069,"Kansas","Gray County",4,27,85,41,44
050,20,069,"Kansas","Gray County",4,28,75,31,44
050,20,069,"Kansas","Gray County",4,29,59,25,34
050,20,069,"Kansas","Gray County",4,30,68,31,37
050,20,069,"Kansas","Gray County",4,31,68,32,36
050,20,069,"Kansas","Gray County",4,32,53,23,30
050,20,069,"Kansas","Gray County",4,33,75,39,36
050,20,069,"Kansas","Gray County",4,34,51,31,20
050,20,069,"Kansas","Gray County",4,35,53,26,27
050,20,069,"Kansas","Gray County",4,36,69,35,34
050,20,069,"Kansas","Gray County",4,37,77,37,40
050,20,069,"Kansas","Gray County",4,38,67,37,30
050,20,069,"Kansas","Gray County",4,39,72,36,36
050,20,069,"Kansas","Gray County",4,40,69,31,38
050,20,069,"Kansas","Gray County",4,41,69,29,40
050,20,069,"Kansas","Gray County",4,42,65,31,34
050,20,069,"Kansas","Gray County",4,43,65,32,33
050,20,069,"Kansas","Gray County",4,44,60,32,28
050,20,069,"Kansas","Gray County",4,45,74,40,34
050,20,069,"Kansas","Gray County",4,46,76,38,38
050,20,069,"Kansas","Gray County",4,47,77,46,31
050,20,069,"Kansas","Gray County",4,48,65,34,31
050,20,069,"Kansas","Gray County",4,49,61,31,30
050,20,069,"Kansas","Gray County",4,50,52,30,22
050,20,069,"Kansas","Gray County",4,51,56,28,28
050,20,069,"Kansas","Gray County",4,52,53,29,24
050,20,069,"Kansas","Gray County",4,53,48,27,21
050,20,069,"Kansas","Gray County",4,54,64,34,30
050,20,069,"Kansas","Gray County",4,55,61,33,28
050,20,069,"Kansas","Gray County",4,56,67,35,32
050,20,069,"Kansas","Gray County",4,57,58,28,30
050,20,069,"Kansas","Gray County",4,58,62,36,26
050,20,069,"Kansas","Gray County",4,59,79,40,39
050,20,069,"Kansas","Gray County",4,60,69,29,40
050,20,069,"Kansas","Gray County",4,61,79,33,46
050,20,069,"Kansas","Gray County",4,62,72,34,38
050,20,069,"Kansas","Gray County",4,63,65,40,25
050,20,069,"Kansas","Gray County",4,64,71,38,33
050,20,069,"Kansas","Gray County",4,65,63,34,29
050,20,069,"Kansas","Gray County",4,66,52,29,23
050,20,069,"Kansas","Gray County",4,67,50,24,26
050,20,069,"Kansas","Gray County",4,68,54,26,28
050,20,069,"Kansas","Gray County",4,69,67,39,28
050,20,069,"Kansas","Gray County",4,70,57,28,29
050,20,069,"Kansas","Gray County",4,71,50,27,23
050,20,069,"Kansas","Gray County",4,72,39,18,21
050,20,069,"Kansas","Gray County",4,73,44,23,21
050,20,069,"Kansas","Gray County",4,74,43,25,18
050,20,069,"Kansas","Gray County",4,75,33,16,17
050,20,069,"Kansas","Gray County",4,76,31,11,20
050,20,069,"Kansas","Gray County",4,77,26,13,13
050,20,069,"Kansas","Gray County",4,78,28,10,18
050,20,069,"Kansas","Gray County",4,79,32,12,20
050,20,069,"Kansas","Gray County",4,80,26,14,12
050,20,069,"Kansas","Gray County",4,81,23,9,14
050,20,069,"Kansas","Gray County",4,82,18,6,12
050,20,069,"Kansas","Gray County",4,83,21,11,10
050,20,069,"Kansas","Gray County",4,84,27,11,16
050,20,069,"Kansas","Gray County",4,85,139,64,75
050,20,069,"Kansas","Gray County",5,0,85,39,46
050,20,069,"Kansas","Gray County",5,1,94,44,50
050,20,069,"Kansas","Gray County",5,2,96,45,51
050,20,069,"Kansas","Gray County",5,3,78,48,30
050,20,069,"Kansas","Gray County",5,4,80,42,38
050,20,069,"Kansas","Gray County",5,5,80,44,36
050,20,069,"Kansas","Gray County",5,6,87,47,40
050,20,069,"Kansas","Gray County",5,7,93,43,50
050,20,069,"Kansas","Gray County",5,8,100,52,48
050,20,069,"Kansas","Gray County",5,9,94,52,42
050,20,069,"Kansas","Gray County",5,10,102,59,43
050,20,069,"Kansas","Gray County",5,11,85,46,39
050,20,069,"Kansas","Gray County",5,12,89,52,37
050,20,069,"Kansas","Gray County",5,13,103,58,45
050,20,069,"Kansas","Gray County",5,14,102,63,39
050,20,069,"Kansas","Gray County",5,15,101,52,49
050,20,069,"Kansas","Gray County",5,16,98,53,45
050,20,069,"Kansas","Gray County",5,17,100,51,49
050,20,069,"Kansas","Gray County",5,18,77,42,35
050,20,069,"Kansas","Gray County",5,19,64,36,28
050,20,069,"Kansas","Gray County",5,20,70,35,35
050,20,069,"Kansas","Gray County",5,21,62,30,32
050,20,069,"Kansas","Gray County",5,22,65,33,32
050,20,069,"Kansas","Gray County",5,23,71,36,35
050,20,069,"Kansas","Gray County",5,24,75,39,36
050,20,069,"Kansas","Gray County",5,25,69,33,36
050,20,069,"Kansas","Gray County",5,26,65,29,36
050,20,069,"Kansas","Gray County",5,27,81,40,41
050,20,069,"Kansas","Gray County",5,28,79,38,41
050,20,069,"Kansas","Gray County",5,29,77,35,42
050,20,069,"Kansas","Gray County",5,30,59,28,31
050,20,069,"Kansas","Gray County",5,31,71,33,38
050,20,069,"Kansas","Gray County",5,32,66,30,36
050,20,069,"Kansas","Gray County",5,33,62,24,38
050,20,069,"Kansas","Gray County",5,34,80,42,38
050,20,069,"Kansas","Gray County",5,35,54,34,20
050,20,069,"Kansas","Gray County",5,36,54,28,26
050,20,069,"Kansas","Gray County",5,37,70,34,36
050,20,069,"Kansas","Gray County",5,38,80,38,42
050,20,069,"Kansas","Gray County",5,39,70,38,32
050,20,069,"Kansas","Gray County",5,40,71,37,34
050,20,069,"Kansas","Gray County",5,41,66,28,38
050,20,069,"Kansas","Gray County",5,42,69,29,40
050,20,069,"Kansas","Gray County",5,43,67,32,35
050,20,069,"Kansas","Gray County",5,44,67,33,34
050,20,069,"Kansas","Gray County",5,45,59,31,28
050,20,069,"Kansas","Gray County",5,46,71,40,31
050,20,069,"Kansas","Gray County",5,47,78,37,41
050,20,069,"Kansas","Gray County",5,48,68,41,27
050,20,069,"Kansas","Gray County",5,49,66,32,34
050,20,069,"Kansas","Gray County",5,50,62,33,29
050,20,069,"Kansas","Gray County",5,51,54,33,21
050,20,069,"Kansas","Gray County",5,52,54,28,26
050,20,069,"Kansas","Gray County",5,53,54,29,25
050,20,069,"Kansas","Gray County",5,54,45,25,20
050,20,069,"Kansas","Gray County",5,55,60,31,29
050,20,069,"Kansas","Gray County",5,56,58,32,26
050,20,069,"Kansas","Gray County",5,57,65,32,33
050,20,069,"Kansas","Gray County",5,58,59,29,30
050,20,069,"Kansas","Gray County",5,59,60,37,23
050,20,069,"Kansas","Gray County",5,60,78,40,38
050,20,069,"Kansas","Gray County",5,61,68,30,38
050,20,069,"Kansas","Gray County",5,62,72,30,42
050,20,069,"Kansas","Gray County",5,63,73,35,38
050,20,069,"Kansas","Gray County",5,64,65,39,26
050,20,069,"Kansas","Gray County",5,65,69,36,33
050,20,069,"Kansas","Gray County",5,66,58,31,27
050,20,069,"Kansas","Gray County",5,67,55,29,26
050,20,069,"Kansas","Gray County",5,68,48,22,26
050,20,069,"Kansas","Gray County",5,69,54,29,25
050,20,069,"Kansas","Gray County",5,70,66,37,29
050,20,069,"Kansas","Gray County",5,71,53,27,26
050,20,069,"Kansas","Gray County",5,72,49,26,23
050,20,069,"Kansas","Gray County",5,73,39,18,21
050,20,069,"Kansas","Gray County",5,74,41,23,18
050,20,069,"Kansas","Gray County",5,75,44,26,18
050,20,069,"Kansas","Gray County",5,76,29,14,15
050,20,069,"Kansas","Gray County",5,77,29,10,19
050,20,069,"Kansas","Gray County",5,78,28,13,15
050,20,069,"Kansas","Gray County",5,79,24,8,16
050,20,069,"Kansas","Gray County",5,80,31,13,18
050,20,069,"Kansas","Gray County",5,81,22,9,13
050,20,069,"Kansas","Gray County",5,82,20,9,11
050,20,069,"Kansas","Gray County",5,83,23,6,17
050,20,069,"Kansas","Gray County",5,84,21,9,12
050,20,069,"Kansas","Gray County",5,85,143,69,74
050,20,071,"Kansas","Greeley County",1,0,14,7,7
050,20,071,"Kansas","Greeley County",1,1,18,9,9
050,20,071,"Kansas","Greeley County",1,2,25,15,10
050,20,071,"Kansas","Greeley County",1,3,14,10,4
050,20,071,"Kansas","Greeley County",1,4,13,10,3
050,20,071,"Kansas","Greeley County",1,5,18,10,8
050,20,071,"Kansas","Greeley County",1,6,21,9,12
050,20,071,"Kansas","Greeley County",1,7,21,10,11
050,20,071,"Kansas","Greeley County",1,8,20,10,10
050,20,071,"Kansas","Greeley County",1,9,23,11,12
050,20,071,"Kansas","Greeley County",1,10,25,9,16
050,20,071,"Kansas","Greeley County",1,11,17,8,9
050,20,071,"Kansas","Greeley County",1,12,16,7,9
050,20,071,"Kansas","Greeley County",1,13,24,13,11
050,20,071,"Kansas","Greeley County",1,14,17,9,8
050,20,071,"Kansas","Greeley County",1,15,21,9,12
050,20,071,"Kansas","Greeley County",1,16,15,7,8
050,20,071,"Kansas","Greeley County",1,17,15,9,6
050,20,071,"Kansas","Greeley County",1,18,13,8,5
050,20,071,"Kansas","Greeley County",1,19,8,4,4
050,20,071,"Kansas","Greeley County",1,20,12,8,4
050,20,071,"Kansas","Greeley County",1,21,12,4,8
050,20,071,"Kansas","Greeley County",1,22,6,3,3
050,20,071,"Kansas","Greeley County",1,23,12,7,5
050,20,071,"Kansas","Greeley County",1,24,9,3,6
050,20,071,"Kansas","Greeley County",1,25,11,5,6
050,20,071,"Kansas","Greeley County",1,26,6,3,3
050,20,071,"Kansas","Greeley County",1,27,14,7,7
050,20,071,"Kansas","Greeley County",1,28,10,7,3
050,20,071,"Kansas","Greeley County",1,29,18,12,6
050,20,071,"Kansas","Greeley County",1,30,16,8,8
050,20,071,"Kansas","Greeley County",1,31,16,7,9
050,20,071,"Kansas","Greeley County",1,32,14,3,11
050,20,071,"Kansas","Greeley County",1,33,13,4,9
050,20,071,"Kansas","Greeley County",1,34,20,7,13
050,20,071,"Kansas","Greeley County",1,35,20,11,9
050,20,071,"Kansas","Greeley County",1,36,19,12,7
050,20,071,"Kansas","Greeley County",1,37,19,9,10
050,20,071,"Kansas","Greeley County",1,38,17,8,9
050,20,071,"Kansas","Greeley County",1,39,16,8,8
050,20,071,"Kansas","Greeley County",1,40,21,9,12
050,20,071,"Kansas","Greeley County",1,41,18,9,9
050,20,071,"Kansas","Greeley County",1,42,14,6,8
050,20,071,"Kansas","Greeley County",1,43,15,8,7
050,20,071,"Kansas","Greeley County",1,44,10,8,2
050,20,071,"Kansas","Greeley County",1,45,10,7,3
050,20,071,"Kansas","Greeley County",1,46,9,4,5
050,20,071,"Kansas","Greeley County",1,47,9,5,4
050,20,071,"Kansas","Greeley County",1,48,14,9,5
050,20,071,"Kansas","Greeley County",1,49,6,3,3
050,20,071,"Kansas","Greeley County",1,50,5,4,1
050,20,071,"Kansas","Greeley County",1,51,5,2,3
050,20,071,"Kansas","Greeley County",1,52,11,6,5
050,20,071,"Kansas","Greeley County",1,53,8,2,6
050,20,071,"Kansas","Greeley County",1,54,18,9,9
050,20,071,"Kansas","Greeley County",1,55,23,11,12
050,20,071,"Kansas","Greeley County",1,56,18,8,10
050,20,071,"Kansas","Greeley County",1,57,16,9,7
050,20,071,"Kansas","Greeley County",1,58,23,13,10
050,20,071,"Kansas","Greeley County",1,59,22,13,9
050,20,071,"Kansas","Greeley County",1,60,25,15,10
050,20,071,"Kansas","Greeley County",1,61,23,8,15
050,20,071,"Kansas","Greeley County",1,62,20,10,10
050,20,071,"Kansas","Greeley County",1,63,25,13,12
050,20,071,"Kansas","Greeley County",1,64,25,14,11
050,20,071,"Kansas","Greeley County",1,65,21,10,11
050,20,071,"Kansas","Greeley County",1,66,10,6,4
050,20,071,"Kansas","Greeley County",1,67,19,10,9
050,20,071,"Kansas","Greeley County",1,68,15,8,7
050,20,071,"Kansas","Greeley County",1,69,10,6,4
050,20,071,"Kansas","Greeley County",1,70,12,5,7
050,20,071,"Kansas","Greeley County",1,71,15,9,6
050,20,071,"Kansas","Greeley County",1,72,14,7,7
050,20,071,"Kansas","Greeley County",1,73,11,8,3
050,20,071,"Kansas","Greeley County",1,74,7,3,4
050,20,071,"Kansas","Greeley County",1,75,5,2,3
050,20,071,"Kansas","Greeley County",1,76,3,1,2
050,20,071,"Kansas","Greeley County",1,77,6,2,4
050,20,071,"Kansas","Greeley County",1,78,13,8,5
050,20,071,"Kansas","Greeley County",1,79,9,3,6
050,20,071,"Kansas","Greeley County",1,80,8,2,6
050,20,071,"Kansas","Greeley County",1,81,6,4,2
050,20,071,"Kansas","Greeley County",1,82,6,3,3
050,20,071,"Kansas","Greeley County",1,83,8,5,3
050,20,071,"Kansas","Greeley County",1,84,7,2,5
050,20,071,"Kansas","Greeley County",1,85,46,15,31
050,20,071,"Kansas","Greeley County",2,0,15,9,6
050,20,071,"Kansas","Greeley County",2,1,17,9,8
050,20,071,"Kansas","Greeley County",2,2,23,13,10
050,20,071,"Kansas","Greeley County",2,3,17,12,5
050,20,071,"Kansas","Greeley County",2,4,13,10,3
050,20,071,"Kansas","Greeley County",2,5,17,10,7
050,20,071,"Kansas","Greeley County",2,6,21,10,11
050,20,071,"Kansas","Greeley County",2,7,21,10,11
050,20,071,"Kansas","Greeley County",2,8,20,10,10
050,20,071,"Kansas","Greeley County",2,9,22,11,11
050,20,071,"Kansas","Greeley County",2,10,24,9,15
050,20,071,"Kansas","Greeley County",2,11,19,8,11
050,20,071,"Kansas","Greeley County",2,12,15,7,8
050,20,071,"Kansas","Greeley County",2,13,22,12,10
050,20,071,"Kansas","Greeley County",2,14,18,10,8
050,20,071,"Kansas","Greeley County",2,15,20,8,12
050,20,071,"Kansas","Greeley County",2,16,16,8,8
050,20,071,"Kansas","Greeley County",2,17,15,8,7
050,20,071,"Kansas","Greeley County",2,18,13,8,5
050,20,071,"Kansas","Greeley County",2,19,9,5,4
050,20,071,"Kansas","Greeley County",2,20,11,7,4
050,20,071,"Kansas","Greeley County",2,21,12,5,7
050,20,071,"Kansas","Greeley County",2,22,7,3,4
050,20,071,"Kansas","Greeley County",2,23,12,7,5
050,20,071,"Kansas","Greeley County",2,24,10,4,6
050,20,071,"Kansas","Greeley County",2,25,10,5,5
050,20,071,"Kansas","Greeley County",2,26,8,4,4
050,20,071,"Kansas","Greeley County",2,27,12,6,6
050,20,071,"Kansas","Greeley County",2,28,11,7,4
050,20,071,"Kansas","Greeley County",2,29,17,11,6
050,20,071,"Kansas","Greeley County",2,30,17,9,8
050,20,071,"Kansas","Greeley County",2,31,16,7,9
050,20,071,"Kansas","Greeley County",2,32,14,3,11
050,20,071,"Kansas","Greeley County",2,33,12,3,9
050,20,071,"Kansas","Greeley County",2,34,18,6,12
050,20,071,"Kansas","Greeley County",2,35,21,11,10
050,20,071,"Kansas","Greeley County",2,36,20,12,8
050,20,071,"Kansas","Greeley County",2,37,19,9,10
050,20,071,"Kansas","Greeley County",2,38,17,8,9
050,20,071,"Kansas","Greeley County",2,39,16,8,8
050,20,071,"Kansas","Greeley County",2,40,20,9,11
050,20,071,"Kansas","Greeley County",2,41,18,9,9
050,20,071,"Kansas","Greeley County",2,42,15,7,8
050,20,071,"Kansas","Greeley County",2,43,16,8,8
050,20,071,"Kansas","Greeley County",2,44,11,8,3
050,20,071,"Kansas","Greeley County",2,45,10,7,3
050,20,071,"Kansas","Greeley County",2,46,10,5,5
050,20,071,"Kansas","Greeley County",2,47,9,5,4
050,20,071,"Kansas","Greeley County",2,48,13,8,5
050,20,071,"Kansas","Greeley County",2,49,7,4,3
050,20,071,"Kansas","Greeley County",2,50,5,4,1
050,20,071,"Kansas","Greeley County",2,51,4,2,2
050,20,071,"Kansas","Greeley County",2,52,10,5,5
050,20,071,"Kansas","Greeley County",2,53,8,3,5
050,20,071,"Kansas","Greeley County",2,54,15,7,8
050,20,071,"Kansas","Greeley County",2,55,21,10,11
050,20,071,"Kansas","Greeley County",2,56,19,8,11
050,20,071,"Kansas","Greeley County",2,57,16,9,7
050,20,071,"Kansas","Greeley County",2,58,22,12,10
050,20,071,"Kansas","Greeley County",2,59,21,13,8
050,20,071,"Kansas","Greeley County",2,60,25,15,10
050,20,071,"Kansas","Greeley County",2,61,22,9,13
050,20,071,"Kansas","Greeley County",2,62,21,10,11
050,20,071,"Kansas","Greeley County",2,63,24,12,12
050,20,071,"Kansas","Greeley County",2,64,25,14,11
050,20,071,"Kansas","Greeley County",2,65,22,11,11
050,20,071,"Kansas","Greeley County",2,66,12,7,5
050,20,071,"Kansas","Greeley County",2,67,17,9,8
050,20,071,"Kansas","Greeley County",2,68,15,8,7
050,20,071,"Kansas","Greeley County",2,69,12,7,5
050,20,071,"Kansas","Greeley County",2,70,12,6,6
050,20,071,"Kansas","Greeley County",2,71,13,7,6
050,20,071,"Kansas","Greeley County",2,72,14,8,6
050,20,071,"Kansas","Greeley County",2,73,12,8,4
050,20,071,"Kansas","Greeley County",2,74,8,4,4
050,20,071,"Kansas","Greeley County",2,75,4,2,2
050,20,071,"Kansas","Greeley County",2,76,3,1,2
050,20,071,"Kansas","Greeley County",2,77,6,2,4
050,20,071,"Kansas","Greeley County",2,78,10,7,3
050,20,071,"Kansas","Greeley County",2,79,7,3,4
050,20,071,"Kansas","Greeley County",2,80,8,2,6
050,20,071,"Kansas","Greeley County",2,81,7,4,3
050,20,071,"Kansas","Greeley County",2,82,6,3,3
050,20,071,"Kansas","Greeley County",2,83,8,5,3
050,20,071,"Kansas","Greeley County",2,84,8,3,5
050,20,071,"Kansas","Greeley County",2,85,46,15,31
050,20,071,"Kansas","Greeley County",3,0,15,7,8
050,20,071,"Kansas","Greeley County",3,1,17,11,6
050,20,071,"Kansas","Greeley County",3,2,17,8,9
050,20,071,"Kansas","Greeley County",3,3,25,16,9
050,20,071,"Kansas","Greeley County",3,4,17,12,5
050,20,071,"Kansas","Greeley County",3,5,15,12,3
050,20,071,"Kansas","Greeley County",3,6,19,11,8
050,20,071,"Kansas","Greeley County",3,7,22,10,12
050,20,071,"Kansas","Greeley County",3,8,19,8,11
050,20,071,"Kansas","Greeley County",3,9,19,10,9
050,20,071,"Kansas","Greeley County",3,10,22,11,11
050,20,071,"Kansas","Greeley County",3,11,22,8,14
050,20,071,"Kansas","Greeley County",3,12,19,7,12
050,20,071,"Kansas","Greeley County",3,13,17,8,9
050,20,071,"Kansas","Greeley County",3,14,22,13,9
050,20,071,"Kansas","Greeley County",3,15,20,11,9
050,20,071,"Kansas","Greeley County",3,16,20,9,11
050,20,071,"Kansas","Greeley County",3,17,17,8,9
050,20,071,"Kansas","Greeley County",3,18,14,8,6
050,20,071,"Kansas","Greeley County",3,19,8,5,3
050,20,071,"Kansas","Greeley County",3,20,11,5,6
050,20,071,"Kansas","Greeley County",3,21,10,6,4
050,20,071,"Kansas","Greeley County",3,22,10,4,6
050,20,071,"Kansas","Greeley County",3,23,8,3,5
050,20,071,"Kansas","Greeley County",3,24,9,8,1
050,20,071,"Kansas","Greeley County",3,25,10,3,7
050,20,071,"Kansas","Greeley County",3,26,16,9,7
050,20,071,"Kansas","Greeley County",3,27,9,4,5
050,20,071,"Kansas","Greeley County",3,28,13,4,9
050,20,071,"Kansas","Greeley County",3,29,14,8,6
050,20,071,"Kansas","Greeley County",3,30,15,11,4
050,20,071,"Kansas","Greeley County",3,31,17,9,8
050,20,071,"Kansas","Greeley County",3,32,14,5,9
050,20,071,"Kansas","Greeley County",3,33,18,6,12
050,20,071,"Kansas","Greeley County",3,34,13,3,10
050,20,071,"Kansas","Greeley County",3,35,18,6,12
050,20,071,"Kansas","Greeley County",3,36,26,15,11
050,20,071,"Kansas","Greeley County",3,37,21,15,6
050,20,071,"Kansas","Greeley County",3,38,16,7,9
050,20,071,"Kansas","Greeley County",3,39,18,10,8
050,20,071,"Kansas","Greeley County",3,40,16,8,8
050,20,071,"Kansas","Greeley County",3,41,20,9,11
050,20,071,"Kansas","Greeley County",3,42,18,9,9
050,20,071,"Kansas","Greeley County",3,43,15,7,8
050,20,071,"Kansas","Greeley County",3,44,14,6,8
050,20,071,"Kansas","Greeley County",3,45,12,8,4
050,20,071,"Kansas","Greeley County",3,46,10,7,3
050,20,071,"Kansas","Greeley County",3,47,11,5,6
050,20,071,"Kansas","Greeley County",3,48,9,5,4
050,20,071,"Kansas","Greeley County",3,49,13,8,5
050,20,071,"Kansas","Greeley County",3,50,7,4,3
050,20,071,"Kansas","Greeley County",3,51,5,4,1
050,20,071,"Kansas","Greeley County",3,52,4,2,2
050,20,071,"Kansas","Greeley County",3,53,10,5,5
050,20,071,"Kansas","Greeley County",3,54,10,5,5
050,20,071,"Kansas","Greeley County",3,55,19,10,9
050,20,071,"Kansas","Greeley County",3,56,21,10,11
050,20,071,"Kansas","Greeley County",3,57,19,8,11
050,20,071,"Kansas","Greeley County",3,58,17,9,8
050,20,071,"Kansas","Greeley County",3,59,21,11,10
050,20,071,"Kansas","Greeley County",3,60,21,13,8
050,20,071,"Kansas","Greeley County",3,61,28,17,11
050,20,071,"Kansas","Greeley County",3,62,22,8,14
050,20,071,"Kansas","Greeley County",3,63,21,10,11
050,20,071,"Kansas","Greeley County",3,64,24,12,12
050,20,071,"Kansas","Greeley County",3,65,23,13,10
050,20,071,"Kansas","Greeley County",3,66,20,10,10
050,20,071,"Kansas","Greeley County",3,67,12,8,4
050,20,071,"Kansas","Greeley County",3,68,16,8,8
050,20,071,"Kansas","Greeley County",3,69,13,7,6
050,20,071,"Kansas","Greeley County",3,70,14,8,6
050,20,071,"Kansas","Greeley County",3,71,9,3,6
050,20,071,"Kansas","Greeley County",3,72,14,8,6
050,20,071,"Kansas","Greeley County",3,73,13,7,6
050,20,071,"Kansas","Greeley County",3,74,11,8,3
050,20,071,"Kansas","Greeley County",3,75,8,4,4
050,20,071,"Kansas","Greeley County",3,76,2,0,2
050,20,071,"Kansas","Greeley County",3,77,2,1,1
050,20,071,"Kansas","Greeley County",3,78,7,3,4
050,20,071,"Kansas","Greeley County",3,79,7,5,2
050,20,071,"Kansas","Greeley County",3,80,6,1,5
050,20,071,"Kansas","Greeley County",3,81,7,2,5
050,20,071,"Kansas","Greeley County",3,82,7,3,4
050,20,071,"Kansas","Greeley County",3,83,5,4,1
050,20,071,"Kansas","Greeley County",3,84,8,4,4
050,20,071,"Kansas","Greeley County",3,85,39,12,27
050,20,071,"Kansas","Greeley County",4,0,17,9,8
050,20,071,"Kansas","Greeley County",4,1,12,5,7
050,20,071,"Kansas","Greeley County",4,2,15,8,7
050,20,071,"Kansas","Greeley County",4,3,16,6,10
050,20,071,"Kansas","Greeley County",4,4,25,15,10
050,20,071,"Kansas","Greeley County",4,5,17,11,6
050,20,071,"Kansas","Greeley County",4,6,15,11,4
050,20,071,"Kansas","Greeley County",4,7,18,10,8
050,20,071,"Kansas","Greeley County",4,8,19,9,10
050,20,071,"Kansas","Greeley County",4,9,19,7,12
050,20,071,"Kansas","Greeley County",4,10,20,10,10
050,20,071,"Kansas","Greeley County",4,11,23,12,11
050,20,071,"Kansas","Greeley County",4,12,21,7,14
050,20,071,"Kansas","Greeley County",4,13,20,10,10
050,20,071,"Kansas","Greeley County",4,14,16,7,9
050,20,071,"Kansas","Greeley County",4,15,24,13,11
050,20,071,"Kansas","Greeley County",4,16,17,8,9
050,20,071,"Kansas","Greeley County",4,17,19,9,10
050,20,071,"Kansas","Greeley County",4,18,13,7,6
050,20,071,"Kansas","Greeley County",4,19,11,6,5
050,20,071,"Kansas","Greeley County",4,20,7,3,4
050,20,071,"Kansas","Greeley County",4,21,8,4,4
050,20,071,"Kansas","Greeley County",4,22,10,5,5
050,20,071,"Kansas","Greeley County",4,23,12,5,7
050,20,071,"Kansas","Greeley County",4,24,10,4,6
050,20,071,"Kansas","Greeley County",4,25,7,5,2
050,20,071,"Kansas","Greeley County",4,26,8,2,6
050,20,071,"Kansas","Greeley County",4,27,7,4,3
050,20,071,"Kansas","Greeley County",4,28,10,5,5
050,20,071,"Kansas","Greeley County",4,29,12,2,10
050,20,071,"Kansas","Greeley County",4,30,18,11,7
050,20,071,"Kansas","Greeley County",4,31,17,14,3
050,20,071,"Kansas","Greeley County",4,32,21,10,11
050,20,071,"Kansas","Greeley County",4,33,12,4,8
050,20,071,"Kansas","Greeley County",4,34,18,6,12
050,20,071,"Kansas","Greeley County",4,35,17,6,11
050,20,071,"Kansas","Greeley County",4,36,18,6,12
050,20,071,"Kansas","Greeley County",4,37,25,14,11
050,20,071,"Kansas","Greeley County",4,38,20,14,6
050,20,071,"Kansas","Greeley County",4,39,14,6,8
050,20,071,"Kansas","Greeley County",4,40,18,10,8
050,20,071,"Kansas","Greeley County",4,41,15,7,8
050,20,071,"Kansas","Greeley County",4,42,18,8,10
050,20,071,"Kansas","Greeley County",4,43,17,8,9
050,20,071,"Kansas","Greeley County",4,44,14,6,8
050,20,071,"Kansas","Greeley County",4,45,15,7,8
050,20,071,"Kansas","Greeley County",4,46,11,7,4
050,20,071,"Kansas","Greeley County",4,47,12,8,4
050,20,071,"Kansas","Greeley County",4,48,11,5,6
050,20,071,"Kansas","Greeley County",4,49,9,5,4
050,20,071,"Kansas","Greeley County",4,50,13,8,5
050,20,071,"Kansas","Greeley County",4,51,7,4,3
050,20,071,"Kansas","Greeley County",4,52,5,4,1
050,20,071,"Kansas","Greeley County",4,53,4,2,2
050,20,071,"Kansas","Greeley County",4,54,9,5,4
050,20,071,"Kansas","Greeley County",4,55,10,5,5
050,20,071,"Kansas","Greeley County",4,56,19,10,9
050,20,071,"Kansas","Greeley County",4,57,21,10,11
050,20,071,"Kansas","Greeley County",4,58,16,7,9
050,20,071,"Kansas","Greeley County",4,59,15,7,8
050,20,071,"Kansas","Greeley County",4,60,20,11,9
050,20,071,"Kansas","Greeley County",4,61,14,7,7
050,20,071,"Kansas","Greeley County",4,62,26,14,12
050,20,071,"Kansas","Greeley County",4,63,21,8,13
050,20,071,"Kansas","Greeley County",4,64,20,10,10
050,20,071,"Kansas","Greeley County",4,65,22,11,11
050,20,071,"Kansas","Greeley County",4,66,21,12,9
050,20,071,"Kansas","Greeley County",4,67,18,8,10
050,20,071,"Kansas","Greeley County",4,68,11,7,4
050,20,071,"Kansas","Greeley County",4,69,16,8,8
050,20,071,"Kansas","Greeley County",4,70,15,9,6
050,20,071,"Kansas","Greeley County",4,71,10,5,5
050,20,071,"Kansas","Greeley County",4,72,10,4,6
050,20,071,"Kansas","Greeley County",4,73,11,6,5
050,20,071,"Kansas","Greeley County",4,74,12,6,6
050,20,071,"Kansas","Greeley County",4,75,12,9,3
050,20,071,"Kansas","Greeley County",4,76,5,2,3
050,20,071,"Kansas","Greeley County",4,77,3,1,2
050,20,071,"Kansas","Greeley County",4,78,3,2,1
050,20,071,"Kansas","Greeley County",4,79,5,1,4
050,20,071,"Kansas","Greeley County",4,80,7,4,3
050,20,071,"Kansas","Greeley County",4,81,4,1,3
050,20,071,"Kansas","Greeley County",4,82,7,1,6
050,20,071,"Kansas","Greeley County",4,83,6,4,2
050,20,071,"Kansas","Greeley County",4,84,6,4,2
050,20,071,"Kansas","Greeley County",4,85,40,12,28
050,20,071,"Kansas","Greeley County",5,0,17,9,8
050,20,071,"Kansas","Greeley County",5,1,17,9,8
050,20,071,"Kansas","Greeley County",5,2,12,5,7
050,20,071,"Kansas","Greeley County",5,3,14,7,7
050,20,071,"Kansas","Greeley County",5,4,17,7,10
050,20,071,"Kansas","Greeley County",5,5,24,15,9
050,20,071,"Kansas","Greeley County",5,6,17,11,6
050,20,071,"Kansas","Greeley County",5,7,13,10,3
050,20,071,"Kansas","Greeley County",5,8,18,10,8
050,20,071,"Kansas","Greeley County",5,9,15,8,7
050,20,071,"Kansas","Greeley County",5,10,20,8,12
050,20,071,"Kansas","Greeley County",5,11,19,10,9
050,20,071,"Kansas","Greeley County",5,12,22,11,11
050,20,071,"Kansas","Greeley County",5,13,21,6,15
050,20,071,"Kansas","Greeley County",5,14,20,10,10
050,20,071,"Kansas","Greeley County",5,15,15,6,9
050,20,071,"Kansas","Greeley County",5,16,22,12,10
050,20,071,"Kansas","Greeley County",5,17,17,8,9
050,20,071,"Kansas","Greeley County",5,18,17,8,9
050,20,071,"Kansas","Greeley County",5,19,9,5,4
050,20,071,"Kansas","Greeley County",5,20,12,7,5
050,20,071,"Kansas","Greeley County",5,21,9,6,3
050,20,071,"Kansas","Greeley County",5,22,7,4,3
050,20,071,"Kansas","Greeley County",5,23,10,6,4
050,20,071,"Kansas","Greeley County",5,24,17,9,8
050,20,071,"Kansas","Greeley County",5,25,6,2,4
050,20,071,"Kansas","Greeley County",5,26,5,4,1
050,20,071,"Kansas","Greeley County",5,27,7,2,5
050,20,071,"Kansas","Greeley County",5,28,7,4,3
050,20,071,"Kansas","Greeley County",5,29,9,4,5
050,20,071,"Kansas","Greeley County",5,30,8,2,6
050,20,071,"Kansas","Greeley County",5,31,17,10,7
050,20,071,"Kansas","Greeley County",5,32,16,13,3
050,20,071,"Kansas","Greeley County",5,33,21,10,11
050,20,071,"Kansas","Greeley County",5,34,10,3,7
050,20,071,"Kansas","Greeley County",5,35,13,6,7
050,20,071,"Kansas","Greeley County",5,36,16,6,10
050,20,071,"Kansas","Greeley County",5,37,19,6,13
050,20,071,"Kansas","Greeley County",5,38,22,12,10
050,20,071,"Kansas","Greeley County",5,39,17,12,5
050,20,071,"Kansas","Greeley County",5,40,14,6,8
050,20,071,"Kansas","Greeley County",5,41,15,7,8
050,20,071,"Kansas","Greeley County",5,42,16,7,9
050,20,071,"Kansas","Greeley County",5,43,18,7,11
050,20,071,"Kansas","Greeley County",5,44,16,7,9
050,20,071,"Kansas","Greeley County",5,45,14,6,8
050,20,071,"Kansas","Greeley County",5,46,13,5,8
050,20,071,"Kansas","Greeley County",5,47,10,7,3
050,20,071,"Kansas","Greeley County",5,48,12,8,4
050,20,071,"Kansas","Greeley County",5,49,7,3,4
050,20,071,"Kansas","Greeley County",5,50,10,6,4
050,20,071,"Kansas","Greeley County",5,51,13,8,5
050,20,071,"Kansas","Greeley County",5,52,7,4,3
050,20,071,"Kansas","Greeley County",5,53,7,6,1
050,20,071,"Kansas","Greeley County",5,54,4,2,2
050,20,071,"Kansas","Greeley County",5,55,9,5,4
050,20,071,"Kansas","Greeley County",5,56,10,5,5
050,20,071,"Kansas","Greeley County",5,57,19,10,9
050,20,071,"Kansas","Greeley County",5,58,21,10,11
050,20,071,"Kansas","Greeley County",5,59,17,7,10
050,20,071,"Kansas","Greeley County",5,60,15,7,8
050,20,071,"Kansas","Greeley County",5,61,18,11,7
050,20,071,"Kansas","Greeley County",5,62,14,6,8
050,20,071,"Kansas","Greeley County",5,63,26,14,12
050,20,071,"Kansas","Greeley County",5,64,20,8,12
050,20,071,"Kansas","Greeley County",5,65,17,9,8
050,20,071,"Kansas","Greeley County",5,66,19,9,10
050,20,071,"Kansas","Greeley County",5,67,20,11,9
050,20,071,"Kansas","Greeley County",5,68,17,7,10
050,20,071,"Kansas","Greeley County",5,69,11,7,4
050,20,071,"Kansas","Greeley County",5,70,19,10,9
050,20,071,"Kansas","Greeley County",5,71,11,6,5
050,20,071,"Kansas","Greeley County",5,72,11,6,5
050,20,071,"Kansas","Greeley County",5,73,9,3,6
050,20,071,"Kansas","Greeley County",5,74,11,6,5
050,20,071,"Kansas","Greeley County",5,75,12,6,6
050,20,071,"Kansas","Greeley County",5,76,11,7,4
050,20,071,"Kansas","Greeley County",5,77,6,3,3
050,20,071,"Kansas","Greeley County",5,78,4,2,2
050,20,071,"Kansas","Greeley County",5,79,1,0,1
050,20,071,"Kansas","Greeley County",5,80,6,0,6
050,20,071,"Kansas","Greeley County",5,81,5,4,1
050,20,071,"Kansas","Greeley County",5,82,3,0,3
050,20,071,"Kansas","Greeley County",5,83,6,2,4
050,20,071,"Kansas","Greeley County",5,84,6,3,3
050,20,071,"Kansas","Greeley County",5,85,37,12,25
050,20,073,"Kansas","Greenwood County",1,0,54,28,26
050,20,073,"Kansas","Greenwood County",1,1,60,37,23
050,20,073,"Kansas","Greenwood County",1,2,54,30,24
050,20,073,"Kansas","Greenwood County",1,3,69,37,32
050,20,073,"Kansas","Greenwood County",1,4,57,22,35
050,20,073,"Kansas","Greenwood County",1,5,83,34,49
050,20,073,"Kansas","Greenwood County",1,6,64,38,26
050,20,073,"Kansas","Greenwood County",1,7,65,35,30
050,20,073,"Kansas","Greenwood County",1,8,70,38,32
050,20,073,"Kansas","Greenwood County",1,9,76,39,37
050,20,073,"Kansas","Greenwood County",1,10,71,36,35
050,20,073,"Kansas","Greenwood County",1,11,76,43,33
050,20,073,"Kansas","Greenwood County",1,12,86,43,43
050,20,073,"Kansas","Greenwood County",1,13,79,38,41
050,20,073,"Kansas","Greenwood County",1,14,92,51,41
050,20,073,"Kansas","Greenwood County",1,15,85,51,34
050,20,073,"Kansas","Greenwood County",1,16,82,42,40
050,20,073,"Kansas","Greenwood County",1,17,82,49,33
050,20,073,"Kansas","Greenwood County",1,18,69,41,28
050,20,073,"Kansas","Greenwood County",1,19,51,31,20
050,20,073,"Kansas","Greenwood County",1,20,48,27,21
050,20,073,"Kansas","Greenwood County",1,21,44,23,21
050,20,073,"Kansas","Greenwood County",1,22,60,38,22
050,20,073,"Kansas","Greenwood County",1,23,53,22,31
050,20,073,"Kansas","Greenwood County",1,24,47,21,26
050,20,073,"Kansas","Greenwood County",1,25,62,32,30
050,20,073,"Kansas","Greenwood County",1,26,45,27,18
050,20,073,"Kansas","Greenwood County",1,27,40,18,22
050,20,073,"Kansas","Greenwood County",1,28,50,22,28
050,20,073,"Kansas","Greenwood County",1,29,42,21,21
050,20,073,"Kansas","Greenwood County",1,30,48,25,23
050,20,073,"Kansas","Greenwood County",1,31,54,23,31
050,20,073,"Kansas","Greenwood County",1,32,64,34,30
050,20,073,"Kansas","Greenwood County",1,33,55,27,28
050,20,073,"Kansas","Greenwood County",1,34,52,27,25
050,20,073,"Kansas","Greenwood County",1,35,62,25,37
050,20,073,"Kansas","Greenwood County",1,36,61,31,30
050,20,073,"Kansas","Greenwood County",1,37,60,34,26
050,20,073,"Kansas","Greenwood County",1,38,66,34,32
050,20,073,"Kansas","Greenwood County",1,39,55,24,31
050,20,073,"Kansas","Greenwood County",1,40,62,27,35
050,20,073,"Kansas","Greenwood County",1,41,66,30,36
050,20,073,"Kansas","Greenwood County",1,42,72,30,42
050,20,073,"Kansas","Greenwood County",1,43,67,33,34
050,20,073,"Kansas","Greenwood County",1,44,60,33,27
050,20,073,"Kansas","Greenwood County",1,45,57,37,20
050,20,073,"Kansas","Greenwood County",1,46,51,25,26
050,20,073,"Kansas","Greenwood County",1,47,74,39,35
050,20,073,"Kansas","Greenwood County",1,48,77,44,33
050,20,073,"Kansas","Greenwood County",1,49,62,33,29
050,20,073,"Kansas","Greenwood County",1,50,47,24,23
050,20,073,"Kansas","Greenwood County",1,51,74,35,39
050,20,073,"Kansas","Greenwood County",1,52,75,40,35
050,20,073,"Kansas","Greenwood County",1,53,80,42,38
050,20,073,"Kansas","Greenwood County",1,54,79,40,39
050,20,073,"Kansas","Greenwood County",1,55,85,46,39
050,20,073,"Kansas","Greenwood County",1,56,78,42,36
050,20,073,"Kansas","Greenwood County",1,57,97,48,49
050,20,073,"Kansas","Greenwood County",1,58,102,56,46
050,20,073,"Kansas","Greenwood County",1,59,126,62,64
050,20,073,"Kansas","Greenwood County",1,60,91,49,42
050,20,073,"Kansas","Greenwood County",1,61,105,46,59
050,20,073,"Kansas","Greenwood County",1,62,91,42,49
050,20,073,"Kansas","Greenwood County",1,63,107,56,51
050,20,073,"Kansas","Greenwood County",1,64,100,53,47
050,20,073,"Kansas","Greenwood County",1,65,93,45,48
050,20,073,"Kansas","Greenwood County",1,66,110,48,62
050,20,073,"Kansas","Greenwood County",1,67,109,60,49
050,20,073,"Kansas","Greenwood County",1,68,89,44,45
050,20,073,"Kansas","Greenwood County",1,69,83,42,41
050,20,073,"Kansas","Greenwood County",1,70,87,45,42
050,20,073,"Kansas","Greenwood County",1,71,88,45,43
050,20,073,"Kansas","Greenwood County",1,72,93,46,47
050,20,073,"Kansas","Greenwood County",1,73,85,51,34
050,20,073,"Kansas","Greenwood County",1,74,62,34,28
050,20,073,"Kansas","Greenwood County",1,75,71,33,38
050,20,073,"Kansas","Greenwood County",1,76,60,32,28
050,20,073,"Kansas","Greenwood County",1,77,63,34,29
050,20,073,"Kansas","Greenwood County",1,78,52,27,25
050,20,073,"Kansas","Greenwood County",1,79,44,18,26
050,20,073,"Kansas","Greenwood County",1,80,45,18,27
050,20,073,"Kansas","Greenwood County",1,81,44,23,21
050,20,073,"Kansas","Greenwood County",1,82,39,20,19
050,20,073,"Kansas","Greenwood County",1,83,21,11,10
050,20,073,"Kansas","Greenwood County",1,84,21,8,13
050,20,073,"Kansas","Greenwood County",1,85,181,65,116
050,20,073,"Kansas","Greenwood County",2,0,55,29,26
050,20,073,"Kansas","Greenwood County",2,1,58,34,24
050,20,073,"Kansas","Greenwood County",2,2,54,31,23
050,20,073,"Kansas","Greenwood County",2,3,65,35,30
050,20,073,"Kansas","Greenwood County",2,4,61,26,35
050,20,073,"Kansas","Greenwood County",2,5,76,32,44
050,20,073,"Kansas","Greenwood County",2,6,69,37,32
050,20,073,"Kansas","Greenwood County",2,7,65,37,28
050,20,073,"Kansas","Greenwood County",2,8,69,38,31
050,20,073,"Kansas","Greenwood County",2,9,72,37,35
050,20,073,"Kansas","Greenwood County",2,10,69,36,33
050,20,073,"Kansas","Greenwood County",2,11,74,40,34
050,20,073,"Kansas","Greenwood County",2,12,82,42,40
050,20,073,"Kansas","Greenwood County",2,13,80,39,41
050,20,073,"Kansas","Greenwood County",2,14,88,48,40
050,20,073,"Kansas","Greenwood County",2,15,85,50,35
050,20,073,"Kansas","Greenwood County",2,16,81,43,38
050,20,073,"Kansas","Greenwood County",2,17,84,49,35
050,20,073,"Kansas","Greenwood County",2,18,67,40,27
050,20,073,"Kansas","Greenwood County",2,19,52,31,21
050,20,073,"Kansas","Greenwood County",2,20,50,29,21
050,20,073,"Kansas","Greenwood County",2,21,44,24,20
050,20,073,"Kansas","Greenwood County",2,22,56,34,22
050,20,073,"Kansas","Greenwood County",2,23,55,25,30
050,20,073,"Kansas","Greenwood County",2,24,50,22,28
050,20,073,"Kansas","Greenwood County",2,25,58,30,28
050,20,073,"Kansas","Greenwood County",2,26,48,27,21
050,20,073,"Kansas","Greenwood County",2,27,43,21,22
050,20,073,"Kansas","Greenwood County",2,28,48,21,27
050,20,073,"Kansas","Greenwood County",2,29,43,20,23
050,20,073,"Kansas","Greenwood County",2,30,47,24,23
050,20,073,"Kansas","Greenwood County",2,31,52,23,29
050,20,073,"Kansas","Greenwood County",2,32,61,31,30
050,20,073,"Kansas","Greenwood County",2,33,55,29,26
050,20,073,"Kansas","Greenwood County",2,34,52,26,26
050,20,073,"Kansas","Greenwood County",2,35,60,26,34
050,20,073,"Kansas","Greenwood County",2,36,59,29,30
050,20,073,"Kansas","Greenwood County",2,37,59,32,27
050,20,073,"Kansas","Greenwood County",2,38,65,34,31
050,20,073,"Kansas","Greenwood County",2,39,57,26,31
050,20,073,"Kansas","Greenwood County",2,40,60,26,34
050,20,073,"Kansas","Greenwood County",2,41,64,28,36
050,20,073,"Kansas","Greenwood County",2,42,70,29,41
050,20,073,"Kansas","Greenwood County",2,43,68,33,35
050,20,073,"Kansas","Greenwood County",2,44,60,32,28
050,20,073,"Kansas","Greenwood County",2,45,59,37,22
050,20,073,"Kansas","Greenwood County",2,46,53,28,25
050,20,073,"Kansas","Greenwood County",2,47,68,36,32
050,20,073,"Kansas","Greenwood County",2,48,74,42,32
050,20,073,"Kansas","Greenwood County",2,49,65,35,30
050,20,073,"Kansas","Greenwood County",2,50,50,26,24
050,20,073,"Kansas","Greenwood County",2,51,68,33,35
050,20,073,"Kansas","Greenwood County",2,52,74,39,35
050,20,073,"Kansas","Greenwood County",2,53,78,41,37
050,20,073,"Kansas","Greenwood County",2,54,79,41,38
050,20,073,"Kansas","Greenwood County",2,55,84,45,39
050,20,073,"Kansas","Greenwood County",2,56,80,44,36
050,20,073,"Kansas","Greenwood County",2,57,94,47,47
050,20,073,"Kansas","Greenwood County",2,58,100,54,46
050,20,073,"Kansas","Greenwood County",2,59,121,61,60
050,20,073,"Kansas","Greenwood County",2,60,100,53,47
050,20,073,"Kansas","Greenwood County",2,61,101,46,55
050,20,073,"Kansas","Greenwood County",2,62,93,43,50
050,20,073,"Kansas","Greenwood County",2,63,106,54,52
050,20,073,"Kansas","Greenwood County",2,64,99,52,47
050,20,073,"Kansas","Greenwood County",2,65,95,46,49
050,20,073,"Kansas","Greenwood County",2,66,107,48,59
050,20,073,"Kansas","Greenwood County",2,67,110,58,52
050,20,073,"Kansas","Greenwood County",2,68,92,47,45
050,20,073,"Kansas","Greenwood County",2,69,84,43,41
050,20,073,"Kansas","Greenwood County",2,70,84,44,40
050,20,073,"Kansas","Greenwood County",2,71,88,45,43
050,20,073,"Kansas","Greenwood County",2,72,90,45,45
050,20,073,"Kansas","Greenwood County",2,73,90,52,38
050,20,073,"Kansas","Greenwood County",2,74,62,35,27
050,20,073,"Kansas","Greenwood County",2,75,68,33,35
050,20,073,"Kansas","Greenwood County",2,76,62,31,31
050,20,073,"Kansas","Greenwood County",2,77,63,34,29
050,20,073,"Kansas","Greenwood County",2,78,54,28,26
050,20,073,"Kansas","Greenwood County",2,79,43,18,25
050,20,073,"Kansas","Greenwood County",2,80,43,17,26
050,20,073,"Kansas","Greenwood County",2,81,42,20,22
050,20,073,"Kansas","Greenwood County",2,82,40,21,19
050,20,073,"Kansas","Greenwood County",2,83,25,13,12
050,20,073,"Kansas","Greenwood County",2,84,21,9,12
050,20,073,"Kansas","Greenwood County",2,85,178,63,115
050,20,073,"Kansas","Greenwood County",3,0,42,23,19
050,20,073,"Kansas","Greenwood County",3,1,49,26,23
050,20,073,"Kansas","Greenwood County",3,2,58,34,24
050,20,073,"Kansas","Greenwood County",3,3,51,30,21
050,20,073,"Kansas","Greenwood County",3,4,64,36,28
050,20,073,"Kansas","Greenwood County",3,5,61,24,37
050,20,073,"Kansas","Greenwood County",3,6,81,37,44
050,20,073,"Kansas","Greenwood County",3,7,74,37,37
050,20,073,"Kansas","Greenwood County",3,8,64,40,24
050,20,073,"Kansas","Greenwood County",3,9,75,41,34
050,20,073,"Kansas","Greenwood County",3,10,69,35,34
050,20,073,"Kansas","Greenwood County",3,11,71,35,36
050,20,073,"Kansas","Greenwood County",3,12,75,42,33
050,20,073,"Kansas","Greenwood County",3,13,87,48,39
050,20,073,"Kansas","Greenwood County",3,14,82,42,40
050,20,073,"Kansas","Greenwood County",3,15,93,47,46
050,20,073,"Kansas","Greenwood County",3,16,81,45,36
050,20,073,"Kansas","Greenwood County",3,17,77,43,34
050,20,073,"Kansas","Greenwood County",3,18,66,39,27
050,20,073,"Kansas","Greenwood County",3,19,48,29,19
050,20,073,"Kansas","Greenwood County",3,20,53,32,21
050,20,073,"Kansas","Greenwood County",3,21,49,25,24
050,20,073,"Kansas","Greenwood County",3,22,41,24,17
050,20,073,"Kansas","Greenwood County",3,23,58,35,23
050,20,073,"Kansas","Greenwood County",3,24,57,27,30
050,20,073,"Kansas","Greenwood County",3,25,49,26,23
050,20,073,"Kansas","Greenwood County",3,26,50,28,22
050,20,073,"Kansas","Greenwood County",3,27,52,26,26
050,20,073,"Kansas","Greenwood County",3,28,47,26,21
050,20,073,"Kansas","Greenwood County",3,29,47,22,25
050,20,073,"Kansas","Greenwood County",3,30,45,19,26
050,20,073,"Kansas","Greenwood County",3,31,45,25,20
050,20,073,"Kansas","Greenwood County",3,32,63,25,38
050,20,073,"Kansas","Greenwood County",3,33,58,28,30
050,20,073,"Kansas","Greenwood County",3,34,55,30,25
050,20,073,"Kansas","Greenwood County",3,35,55,27,28
050,20,073,"Kansas","Greenwood County",3,36,59,24,35
050,20,073,"Kansas","Greenwood County",3,37,58,29,29
050,20,073,"Kansas","Greenwood County",3,38,60,32,28
050,20,073,"Kansas","Greenwood County",3,39,68,38,30
050,20,073,"Kansas","Greenwood County",3,40,60,26,34
050,20,073,"Kansas","Greenwood County",3,41,58,25,33
050,20,073,"Kansas","Greenwood County",3,42,64,28,36
050,20,073,"Kansas","Greenwood County",3,43,76,30,46
050,20,073,"Kansas","Greenwood County",3,44,67,33,34
050,20,073,"Kansas","Greenwood County",3,45,58,32,26
050,20,073,"Kansas","Greenwood County",3,46,59,38,21
050,20,073,"Kansas","Greenwood County",3,47,50,26,24
050,20,073,"Kansas","Greenwood County",3,48,64,33,31
050,20,073,"Kansas","Greenwood County",3,49,74,43,31
050,20,073,"Kansas","Greenwood County",3,50,64,36,28
050,20,073,"Kansas","Greenwood County",3,51,53,28,25
050,20,073,"Kansas","Greenwood County",3,52,66,34,32
050,20,073,"Kansas","Greenwood County",3,53,71,38,33
050,20,073,"Kansas","Greenwood County",3,54,76,39,37
050,20,073,"Kansas","Greenwood County",3,55,80,42,38
050,20,073,"Kansas","Greenwood County",3,56,84,43,41
050,20,073,"Kansas","Greenwood County",3,57,80,41,39
050,20,073,"Kansas","Greenwood County",3,58,92,46,46
050,20,073,"Kansas","Greenwood County",3,59,94,51,43
050,20,073,"Kansas","Greenwood County",3,60,121,61,60
050,20,073,"Kansas","Greenwood County",3,61,100,53,47
050,20,073,"Kansas","Greenwood County",3,62,106,49,57
050,20,073,"Kansas","Greenwood County",3,63,95,42,53
050,20,073,"Kansas","Greenwood County",3,64,110,57,53
050,20,073,"Kansas","Greenwood County",3,65,99,53,46
050,20,073,"Kansas","Greenwood County",3,66,95,47,48
050,20,073,"Kansas","Greenwood County",3,67,111,51,60
050,20,073,"Kansas","Greenwood County",3,68,109,57,52
050,20,073,"Kansas","Greenwood County",3,69,86,43,43
050,20,073,"Kansas","Greenwood County",3,70,84,43,41
050,20,073,"Kansas","Greenwood County",3,71,84,45,39
050,20,073,"Kansas","Greenwood County",3,72,85,42,43
050,20,073,"Kansas","Greenwood County",3,73,82,40,42
050,20,073,"Kansas","Greenwood County",3,74,88,50,38
050,20,073,"Kansas","Greenwood County",3,75,63,37,26
050,20,073,"Kansas","Greenwood County",3,76,67,31,36
050,20,073,"Kansas","Greenwood County",3,77,63,30,33
050,20,073,"Kansas","Greenwood County",3,78,60,33,27
050,20,073,"Kansas","Greenwood County",3,79,46,21,25
050,20,073,"Kansas","Greenwood County",3,80,43,18,25
050,20,073,"Kansas","Greenwood County",3,81,40,18,22
050,20,073,"Kansas","Greenwood County",3,82,36,17,19
050,20,073,"Kansas","Greenwood County",3,83,34,18,16
050,20,073,"Kansas","Greenwood County",3,84,20,11,9
050,20,073,"Kansas","Greenwood County",3,85,167,63,104
050,20,073,"Kansas","Greenwood County",4,0,50,25,25
050,20,073,"Kansas","Greenwood County",4,1,52,24,28
050,20,073,"Kansas","Greenwood County",4,2,53,27,26
050,20,073,"Kansas","Greenwood County",4,3,55,33,22
050,20,073,"Kansas","Greenwood County",4,4,59,37,22
050,20,073,"Kansas","Greenwood County",4,5,70,38,32
050,20,073,"Kansas","Greenwood County",4,6,67,28,39
050,20,073,"Kansas","Greenwood County",4,7,86,35,51
050,20,073,"Kansas","Greenwood County",4,8,77,40,37
050,20,073,"Kansas","Greenwood County",4,9,67,41,26
050,20,073,"Kansas","Greenwood County",4,10,80,45,35
050,20,073,"Kansas","Greenwood County",4,11,69,34,35
050,20,073,"Kansas","Greenwood County",4,12,67,31,36
050,20,073,"Kansas","Greenwood County",4,13,79,42,37
050,20,073,"Kansas","Greenwood County",4,14,92,48,44
050,20,073,"Kansas","Greenwood County",4,15,79,41,38
050,20,073,"Kansas","Greenwood County",4,16,92,48,44
050,20,073,"Kansas","Greenwood County",4,17,83,45,38
050,20,073,"Kansas","Greenwood County",4,18,67,39,28
050,20,073,"Kansas","Greenwood County",4,19,52,29,23
050,20,073,"Kansas","Greenwood County",4,20,45,28,17
050,20,073,"Kansas","Greenwood County",4,21,48,28,20
050,20,073,"Kansas","Greenwood County",4,22,56,28,28
050,20,073,"Kansas","Greenwood County",4,23,35,19,16
050,20,073,"Kansas","Greenwood County",4,24,61,33,28
050,20,073,"Kansas","Greenwood County",4,25,53,25,28
050,20,073,"Kansas","Greenwood County",4,26,48,26,22
050,20,073,"Kansas","Greenwood County",4,27,58,31,27
050,20,073,"Kansas","Greenwood County",4,28,49,25,24
050,20,073,"Kansas","Greenwood County",4,29,49,28,21
050,20,073,"Kansas","Greenwood County",4,30,53,24,29
050,20,073,"Kansas","Greenwood County",4,31,56,26,30
050,20,073,"Kansas","Greenwood County",4,32,53,31,22
050,20,073,"Kansas","Greenwood County",4,33,73,30,43
050,20,073,"Kansas","Greenwood County",4,34,57,28,29
050,20,073,"Kansas","Greenwood County",4,35,52,28,24
050,20,073,"Kansas","Greenwood County",4,36,55,26,29
050,20,073,"Kansas","Greenwood County",4,37,60,25,35
050,20,073,"Kansas","Greenwood County",4,38,65,34,31
050,20,073,"Kansas","Greenwood County",4,39,64,34,30
050,20,073,"Kansas","Greenwood County",4,40,68,38,30
050,20,073,"Kansas","Greenwood County",4,41,64,28,36
050,20,073,"Kansas","Greenwood County",4,42,59,23,36
050,20,073,"Kansas","Greenwood County",4,43,66,27,39
050,20,073,"Kansas","Greenwood County",4,44,74,30,44
050,20,073,"Kansas","Greenwood County",4,45,65,31,34
050,20,073,"Kansas","Greenwood County",4,46,55,28,27
050,20,073,"Kansas","Greenwood County",4,47,60,40,20
050,20,073,"Kansas","Greenwood County",4,48,45,22,23
050,20,073,"Kansas","Greenwood County",4,49,65,34,31
050,20,073,"Kansas","Greenwood County",4,50,73,41,32
050,20,073,"Kansas","Greenwood County",4,51,65,38,27
050,20,073,"Kansas","Greenwood County",4,52,62,36,26
050,20,073,"Kansas","Greenwood County",4,53,65,34,31
050,20,073,"Kansas","Greenwood County",4,54,73,39,34
050,20,073,"Kansas","Greenwood County",4,55,79,44,35
050,20,073,"Kansas","Greenwood County",4,56,81,43,38
050,20,073,"Kansas","Greenwood County",4,57,85,42,43
050,20,073,"Kansas","Greenwood County",4,58,73,37,36
050,20,073,"Kansas","Greenwood County",4,59,92,45,47
050,20,073,"Kansas","Greenwood County",4,60,96,53,43
050,20,073,"Kansas","Greenwood County",4,61,123,61,62
050,20,073,"Kansas","Greenwood County",4,62,99,53,46
050,20,073,"Kansas","Greenwood County",4,63,106,50,56
050,20,073,"Kansas","Greenwood County",4,64,92,39,53
050,20,073,"Kansas","Greenwood County",4,65,110,57,53
050,20,073,"Kansas","Greenwood County",4,66,96,50,46
050,20,073,"Kansas","Greenwood County",4,67,92,47,45
050,20,073,"Kansas","Greenwood County",4,68,111,52,59
050,20,073,"Kansas","Greenwood County",4,69,100,51,49
050,20,073,"Kansas","Greenwood County",4,70,86,43,43
050,20,073,"Kansas","Greenwood County",4,71,82,42,40
050,20,073,"Kansas","Greenwood County",4,72,85,48,37
050,20,073,"Kansas","Greenwood County",4,73,74,36,38
050,20,073,"Kansas","Greenwood County",4,74,72,34,38
050,20,073,"Kansas","Greenwood County",4,75,81,48,33
050,20,073,"Kansas","Greenwood County",4,76,60,33,27
050,20,073,"Kansas","Greenwood County",4,77,61,26,35
050,20,073,"Kansas","Greenwood County",4,78,57,28,29
050,20,073,"Kansas","Greenwood County",4,79,55,32,23
050,20,073,"Kansas","Greenwood County",4,80,42,20,22
050,20,073,"Kansas","Greenwood County",4,81,38,18,20
050,20,073,"Kansas","Greenwood County",4,82,30,11,19
050,20,073,"Kansas","Greenwood County",4,83,30,15,15
050,20,073,"Kansas","Greenwood County",4,84,32,16,16
050,20,073,"Kansas","Greenwood County",4,85,143,60,83
050,20,073,"Kansas","Greenwood County",5,0,52,25,27
050,20,073,"Kansas","Greenwood County",5,1,50,24,26
050,20,073,"Kansas","Greenwood County",5,2,52,28,24
050,20,073,"Kansas","Greenwood County",5,3,58,29,29
050,20,073,"Kansas","Greenwood County",5,4,63,38,25
050,20,073,"Kansas","Greenwood County",5,5,66,37,29
050,20,073,"Kansas","Greenwood County",5,6,75,37,38
050,20,073,"Kansas","Greenwood County",5,7,67,29,38
050,20,073,"Kansas","Greenwood County",5,8,91,37,54
050,20,073,"Kansas","Greenwood County",5,9,81,42,39
050,20,073,"Kansas","Greenwood County",5,10,66,40,26
050,20,073,"Kansas","Greenwood County",5,11,82,43,39
050,20,073,"Kansas","Greenwood County",5,12,65,34,31
050,20,073,"Kansas","Greenwood County",5,13,70,33,37
050,20,073,"Kansas","Greenwood County",5,14,71,41,30
050,20,073,"Kansas","Greenwood County",5,15,86,48,38
050,20,073,"Kansas","Greenwood County",5,16,79,41,38
050,20,073,"Kansas","Greenwood County",5,17,86,46,40
050,20,073,"Kansas","Greenwood County",5,18,68,40,28
050,20,073,"Kansas","Greenwood County",5,19,51,27,24
050,20,073,"Kansas","Greenwood County",5,20,55,30,25
050,20,073,"Kansas","Greenwood County",5,21,44,28,16
050,20,073,"Kansas","Greenwood County",5,22,59,32,27
050,20,073,"Kansas","Greenwood County",5,23,55,28,27
050,20,073,"Kansas","Greenwood County",5,24,43,27,16
050,20,073,"Kansas","Greenwood County",5,25,54,29,25
050,20,073,"Kansas","Greenwood County",5,26,47,23,24
050,20,073,"Kansas","Greenwood County",5,27,56,28,28
050,20,073,"Kansas","Greenwood County",5,28,62,35,27
050,20,073,"Kansas","Greenwood County",5,29,52,29,23
050,20,073,"Kansas","Greenwood County",5,30,48,26,22
050,20,073,"Kansas","Greenwood County",5,31,53,25,28
050,20,073,"Kansas","Greenwood County",5,32,50,24,26
050,20,073,"Kansas","Greenwood County",5,33,53,31,22
050,20,073,"Kansas","Greenwood County",5,34,75,30,45
050,20,073,"Kansas","Greenwood County",5,35,57,28,29
050,20,073,"Kansas","Greenwood County",5,36,58,31,27
050,20,073,"Kansas","Greenwood County",5,37,54,26,28
050,20,073,"Kansas","Greenwood County",5,38,61,21,40
050,20,073,"Kansas","Greenwood County",5,39,59,30,29
050,20,073,"Kansas","Greenwood County",5,40,65,34,31
050,20,073,"Kansas","Greenwood County",5,41,70,38,32
050,20,073,"Kansas","Greenwood County",5,42,64,29,35
050,20,073,"Kansas","Greenwood County",5,43,59,26,33
050,20,073,"Kansas","Greenwood County",5,44,68,31,37
050,20,073,"Kansas","Greenwood County",5,45,78,29,49
050,20,073,"Kansas","Greenwood County",5,46,64,30,34
050,20,073,"Kansas","Greenwood County",5,47,55,30,25
050,20,073,"Kansas","Greenwood County",5,48,59,39,20
050,20,073,"Kansas","Greenwood County",5,49,49,22,27
050,20,073,"Kansas","Greenwood County",5,50,63,33,30
050,20,073,"Kansas","Greenwood County",5,51,73,41,32
050,20,073,"Kansas","Greenwood County",5,52,72,41,31
050,20,073,"Kansas","Greenwood County",5,53,57,31,26
050,20,073,"Kansas","Greenwood County",5,54,63,32,31
050,20,073,"Kansas","Greenwood County",5,55,70,37,33
050,20,073,"Kansas","Greenwood County",5,56,80,43,37
050,20,073,"Kansas","Greenwood County",5,57,77,40,37
050,20,073,"Kansas","Greenwood County",5,58,86,43,43
050,20,073,"Kansas","Greenwood County",5,59,73,35,38
050,20,073,"Kansas","Greenwood County",5,60,95,51,44
050,20,073,"Kansas","Greenwood County",5,61,98,57,41
050,20,073,"Kansas","Greenwood County",5,62,119,59,60
050,20,073,"Kansas","Greenwood County",5,63,98,50,48
050,20,073,"Kansas","Greenwood County",5,64,105,48,57
050,20,073,"Kansas","Greenwood County",5,65,90,39,51
050,20,073,"Kansas","Greenwood County",5,66,112,55,57
050,20,073,"Kansas","Greenwood County",5,67,88,48,40
050,20,073,"Kansas","Greenwood County",5,68,90,46,44
050,20,073,"Kansas","Greenwood County",5,69,104,47,57
050,20,073,"Kansas","Greenwood County",5,70,100,53,47
050,20,073,"Kansas","Greenwood County",5,71,86,45,41
050,20,073,"Kansas","Greenwood County",5,72,81,43,38
050,20,073,"Kansas","Greenwood County",5,73,76,42,34
050,20,073,"Kansas","Greenwood County",5,74,72,33,39
050,20,073,"Kansas","Greenwood County",5,75,68,33,35
050,20,073,"Kansas","Greenwood County",5,76,77,45,32
050,20,073,"Kansas","Greenwood County",5,77,59,30,29
050,20,073,"Kansas","Greenwood County",5,78,58,24,34
050,20,073,"Kansas","Greenwood County",5,79,52,24,28
050,20,073,"Kansas","Greenwood County",5,80,50,31,19
050,20,073,"Kansas","Greenwood County",5,81,44,22,22
050,20,073,"Kansas","Greenwood County",5,82,32,15,17
050,20,073,"Kansas","Greenwood County",5,83,24,8,16
050,20,073,"Kansas","Greenwood County",5,84,29,14,15
050,20,073,"Kansas","Greenwood County",5,85,144,67,77
050,20,075,"Kansas","Hamilton County",1,0,29,15,14
050,20,075,"Kansas","Hamilton County",1,1,31,15,16
050,20,075,"Kansas","Hamilton County",1,2,32,14,18
050,20,075,"Kansas","Hamilton County",1,3,35,18,17
050,20,075,"Kansas","Hamilton County",1,4,32,20,12
050,20,075,"Kansas","Hamilton County",1,5,42,24,18
050,20,075,"Kansas","Hamilton County",1,6,43,20,23
050,20,075,"Kansas","Hamilton County",1,7,41,22,19
050,20,075,"Kansas","Hamilton County",1,8,45,25,20
050,20,075,"Kansas","Hamilton County",1,9,40,23,17
050,20,075,"Kansas","Hamilton County",1,10,57,33,24
050,20,075,"Kansas","Hamilton County",1,11,51,25,26
050,20,075,"Kansas","Hamilton County",1,12,47,24,23
050,20,075,"Kansas","Hamilton County",1,13,46,29,17
050,20,075,"Kansas","Hamilton County",1,14,35,20,15
050,20,075,"Kansas","Hamilton County",1,15,41,23,18
050,20,075,"Kansas","Hamilton County",1,16,38,18,20
050,20,075,"Kansas","Hamilton County",1,17,33,18,15
050,20,075,"Kansas","Hamilton County",1,18,32,21,11
050,20,075,"Kansas","Hamilton County",1,19,29,16,13
050,20,075,"Kansas","Hamilton County",1,20,27,14,13
050,20,075,"Kansas","Hamilton County",1,21,31,19,12
050,20,075,"Kansas","Hamilton County",1,22,25,13,12
050,20,075,"Kansas","Hamilton County",1,23,27,18,9
050,20,075,"Kansas","Hamilton County",1,24,19,15,4
050,20,075,"Kansas","Hamilton County",1,25,29,18,11
050,20,075,"Kansas","Hamilton County",1,26,35,19,16
050,20,075,"Kansas","Hamilton County",1,27,39,24,15
050,20,075,"Kansas","Hamilton County",1,28,35,21,14
050,20,075,"Kansas","Hamilton County",1,29,32,20,12
050,20,075,"Kansas","Hamilton County",1,30,38,17,21
050,20,075,"Kansas","Hamilton County",1,31,40,16,24
050,20,075,"Kansas","Hamilton County",1,32,30,13,17
050,20,075,"Kansas","Hamilton County",1,33,33,18,15
050,20,075,"Kansas","Hamilton County",1,34,33,17,16
050,20,075,"Kansas","Hamilton County",1,35,36,16,20
050,20,075,"Kansas","Hamilton County",1,36,32,15,17
050,20,075,"Kansas","Hamilton County",1,37,29,17,12
050,20,075,"Kansas","Hamilton County",1,38,27,8,19
050,20,075,"Kansas","Hamilton County",1,39,40,15,25
050,20,075,"Kansas","Hamilton County",1,40,37,16,21
050,20,075,"Kansas","Hamilton County",1,41,38,20,18
050,20,075,"Kansas","Hamilton County",1,42,31,20,11
050,20,075,"Kansas","Hamilton County",1,43,30,18,12
050,20,075,"Kansas","Hamilton County",1,44,24,12,12
050,20,075,"Kansas","Hamilton County",1,45,25,11,14
050,20,075,"Kansas","Hamilton County",1,46,28,14,14
050,20,075,"Kansas","Hamilton County",1,47,32,18,14
050,20,075,"Kansas","Hamilton County",1,48,36,19,17
050,20,075,"Kansas","Hamilton County",1,49,29,14,15
050,20,075,"Kansas","Hamilton County",1,50,27,11,16
050,20,075,"Kansas","Hamilton County",1,51,30,18,12
050,20,075,"Kansas","Hamilton County",1,52,27,14,13
050,20,075,"Kansas","Hamilton County",1,53,21,11,10
050,20,075,"Kansas","Hamilton County",1,54,23,12,11
050,20,075,"Kansas","Hamilton County",1,55,36,19,17
050,20,075,"Kansas","Hamilton County",1,56,34,19,15
050,20,075,"Kansas","Hamilton County",1,57,40,22,18
050,20,075,"Kansas","Hamilton County",1,58,42,21,21
050,20,075,"Kansas","Hamilton County",1,59,34,16,18
050,20,075,"Kansas","Hamilton County",1,60,26,15,11
050,20,075,"Kansas","Hamilton County",1,61,22,14,8
050,20,075,"Kansas","Hamilton County",1,62,26,11,15
050,20,075,"Kansas","Hamilton County",1,63,34,16,18
050,20,075,"Kansas","Hamilton County",1,64,31,16,15
050,20,075,"Kansas","Hamilton County",1,65,23,8,15
050,20,075,"Kansas","Hamilton County",1,66,25,10,15
050,20,075,"Kansas","Hamilton County",1,67,22,14,8
050,20,075,"Kansas","Hamilton County",1,68,25,16,9
050,20,075,"Kansas","Hamilton County",1,69,20,13,7
050,20,075,"Kansas","Hamilton County",1,70,23,11,12
050,20,075,"Kansas","Hamilton County",1,71,18,7,11
050,20,075,"Kansas","Hamilton County",1,72,16,7,9
050,20,075,"Kansas","Hamilton County",1,73,20,8,12
050,20,075,"Kansas","Hamilton County",1,74,13,9,4
050,20,075,"Kansas","Hamilton County",1,75,8,6,2
050,20,075,"Kansas","Hamilton County",1,76,15,7,8
050,20,075,"Kansas","Hamilton County",1,77,18,7,11
050,20,075,"Kansas","Hamilton County",1,78,13,5,8
050,20,075,"Kansas","Hamilton County",1,79,11,6,5
050,20,075,"Kansas","Hamilton County",1,80,13,7,6
050,20,075,"Kansas","Hamilton County",1,81,9,6,3
050,20,075,"Kansas","Hamilton County",1,82,8,5,3
050,20,075,"Kansas","Hamilton County",1,83,7,3,4
050,20,075,"Kansas","Hamilton County",1,84,7,3,4
050,20,075,"Kansas","Hamilton County",1,85,24,7,17
050,20,075,"Kansas","Hamilton County",2,0,30,18,12
050,20,075,"Kansas","Hamilton County",2,1,31,15,16
050,20,075,"Kansas","Hamilton County",2,2,32,14,18
050,20,075,"Kansas","Hamilton County",2,3,34,17,17
050,20,075,"Kansas","Hamilton County",2,4,30,18,12
050,20,075,"Kansas","Hamilton County",2,5,39,22,17
050,20,075,"Kansas","Hamilton County",2,6,41,20,21
050,20,075,"Kansas","Hamilton County",2,7,39,21,18
050,20,075,"Kansas","Hamilton County",2,8,43,24,19
050,20,075,"Kansas","Hamilton County",2,9,42,24,18
050,20,075,"Kansas","Hamilton County",2,10,52,30,22
050,20,075,"Kansas","Hamilton County",2,11,51,26,25
050,20,075,"Kansas","Hamilton County",2,12,46,23,23
050,20,075,"Kansas","Hamilton County",2,13,45,27,18
050,20,075,"Kansas","Hamilton County",2,14,38,22,16
050,20,075,"Kansas","Hamilton County",2,15,39,22,17
050,20,075,"Kansas","Hamilton County",2,16,38,19,19
050,20,075,"Kansas","Hamilton County",2,17,35,19,16
050,20,075,"Kansas","Hamilton County",2,18,31,20,11
050,20,075,"Kansas","Hamilton County",2,19,28,16,12
050,20,075,"Kansas","Hamilton County",2,20,27,14,13
050,20,075,"Kansas","Hamilton County",2,21,28,16,12
050,20,075,"Kansas","Hamilton County",2,22,27,15,12
050,20,075,"Kansas","Hamilton County",2,23,25,16,9
050,20,075,"Kansas","Hamilton County",2,24,22,16,6
050,20,075,"Kansas","Hamilton County",2,25,26,17,9
050,20,075,"Kansas","Hamilton County",2,26,33,19,14
050,20,075,"Kansas","Hamilton County",2,27,38,23,15
050,20,075,"Kansas","Hamilton County",2,28,36,22,14
050,20,075,"Kansas","Hamilton County",2,29,31,19,12
050,20,075,"Kansas","Hamilton County",2,30,34,16,18
050,20,075,"Kansas","Hamilton County",2,31,39,16,23
050,20,075,"Kansas","Hamilton County",2,32,31,13,18
050,20,075,"Kansas","Hamilton County",2,33,32,17,15
050,20,075,"Kansas","Hamilton County",2,34,31,16,15
050,20,075,"Kansas","Hamilton County",2,35,35,16,19
050,20,075,"Kansas","Hamilton County",2,36,32,15,17
050,20,075,"Kansas","Hamilton County",2,37,29,16,13
050,20,075,"Kansas","Hamilton County",2,38,27,10,17
050,20,075,"Kansas","Hamilton County",2,39,37,14,23
050,20,075,"Kansas","Hamilton County",2,40,39,16,23
050,20,075,"Kansas","Hamilton County",2,41,37,18,19
050,20,075,"Kansas","Hamilton County",2,42,33,20,13
050,20,075,"Kansas","Hamilton County",2,43,30,18,12
050,20,075,"Kansas","Hamilton County",2,44,24,13,11
050,20,075,"Kansas","Hamilton County",2,45,26,12,14
050,20,075,"Kansas","Hamilton County",2,46,26,13,13
050,20,075,"Kansas","Hamilton County",2,47,32,17,15
050,20,075,"Kansas","Hamilton County",2,48,34,18,16
050,20,075,"Kansas","Hamilton County",2,49,31,16,15
050,20,075,"Kansas","Hamilton County",2,50,27,11,16
050,20,075,"Kansas","Hamilton County",2,51,29,16,13
050,20,075,"Kansas","Hamilton County",2,52,27,15,12
050,20,075,"Kansas","Hamilton County",2,53,22,11,11
050,20,075,"Kansas","Hamilton County",2,54,22,12,10
050,20,075,"Kansas","Hamilton County",2,55,33,18,15
050,20,075,"Kansas","Hamilton County",2,56,35,20,15
050,20,075,"Kansas","Hamilton County",2,57,39,21,18
050,20,075,"Kansas","Hamilton County",2,58,42,22,20
050,20,075,"Kansas","Hamilton County",2,59,37,18,19
050,20,075,"Kansas","Hamilton County",2,60,27,14,13
050,20,075,"Kansas","Hamilton County",2,61,23,14,9
050,20,075,"Kansas","Hamilton County",2,62,25,12,13
050,20,075,"Kansas","Hamilton County",2,63,33,15,18
050,20,075,"Kansas","Hamilton County",2,64,31,15,16
050,20,075,"Kansas","Hamilton County",2,65,25,10,15
050,20,075,"Kansas","Hamilton County",2,66,25,9,16
050,20,075,"Kansas","Hamilton County",2,67,23,13,10
050,20,075,"Kansas","Hamilton County",2,68,23,15,8
050,20,075,"Kansas","Hamilton County",2,69,21,13,8
050,20,075,"Kansas","Hamilton County",2,70,22,11,11
050,20,075,"Kansas","Hamilton County",2,71,19,8,11
050,20,075,"Kansas","Hamilton County",2,72,16,7,9
050,20,075,"Kansas","Hamilton County",2,73,20,8,12
050,20,075,"Kansas","Hamilton County",2,74,15,9,6
050,20,075,"Kansas","Hamilton County",2,75,8,6,2
050,20,075,"Kansas","Hamilton County",2,76,12,6,6
050,20,075,"Kansas","Hamilton County",2,77,18,7,11
050,20,075,"Kansas","Hamilton County",2,78,14,5,9
050,20,075,"Kansas","Hamilton County",2,79,10,5,5
050,20,075,"Kansas","Hamilton County",2,80,13,7,6
050,20,075,"Kansas","Hamilton County",2,81,10,6,4
050,20,075,"Kansas","Hamilton County",2,82,9,6,3
050,20,075,"Kansas","Hamilton County",2,83,7,3,4
050,20,075,"Kansas","Hamilton County",2,84,6,2,4
050,20,075,"Kansas","Hamilton County",2,85,23,6,17
050,20,075,"Kansas","Hamilton County",3,0,38,23,15
050,20,075,"Kansas","Hamilton County",3,1,27,15,12
050,20,075,"Kansas","Hamilton County",3,2,28,13,15
050,20,075,"Kansas","Hamilton County",3,3,36,15,21
050,20,075,"Kansas","Hamilton County",3,4,31,15,16
050,20,075,"Kansas","Hamilton County",3,5,27,15,12
050,20,075,"Kansas","Hamilton County",3,6,36,21,15
050,20,075,"Kansas","Hamilton County",3,7,42,23,19
050,20,075,"Kansas","Hamilton County",3,8,40,20,20
050,20,075,"Kansas","Hamilton County",3,9,41,25,16
050,20,075,"Kansas","Hamilton County",3,10,36,20,16
050,20,075,"Kansas","Hamilton County",3,11,47,29,18
050,20,075,"Kansas","Hamilton County",3,12,50,25,25
050,20,075,"Kansas","Hamilton County",3,13,42,20,22
050,20,075,"Kansas","Hamilton County",3,14,51,32,19
050,20,075,"Kansas","Hamilton County",3,15,43,26,17
050,20,075,"Kansas","Hamilton County",3,16,34,21,13
050,20,075,"Kansas","Hamilton County",3,17,37,18,19
050,20,075,"Kansas","Hamilton County",3,18,29,16,13
050,20,075,"Kansas","Hamilton County",3,19,29,17,12
050,20,075,"Kansas","Hamilton County",3,20,33,19,14
050,20,075,"Kansas","Hamilton County",3,21,27,12,15
050,20,075,"Kansas","Hamilton County",3,22,30,17,13
050,20,075,"Kansas","Hamilton County",3,23,33,17,16
050,20,075,"Kansas","Hamilton County",3,24,25,15,10
050,20,075,"Kansas","Hamilton County",3,25,17,8,9
050,20,075,"Kansas","Hamilton County",3,26,27,23,4
050,20,075,"Kansas","Hamilton County",3,27,36,19,17
050,20,075,"Kansas","Hamilton County",3,28,40,23,17
050,20,075,"Kansas","Hamilton County",3,29,40,24,16
050,20,075,"Kansas","Hamilton County",3,30,33,22,11
050,20,075,"Kansas","Hamilton County",3,31,34,18,16
050,20,075,"Kansas","Hamilton County",3,32,38,14,24
050,20,075,"Kansas","Hamilton County",3,33,28,11,17
050,20,075,"Kansas","Hamilton County",3,34,33,18,15
050,20,075,"Kansas","Hamilton County",3,35,31,15,16
050,20,075,"Kansas","Hamilton County",3,36,38,20,18
050,20,075,"Kansas","Hamilton County",3,37,31,15,16
050,20,075,"Kansas","Hamilton County",3,38,29,14,15
050,20,075,"Kansas","Hamilton County",3,39,25,9,16
050,20,075,"Kansas","Hamilton County",3,40,35,12,23
050,20,075,"Kansas","Hamilton County",3,41,36,15,21
050,20,075,"Kansas","Hamilton County",3,42,30,16,14
050,20,075,"Kansas","Hamilton County",3,43,36,22,14
050,20,075,"Kansas","Hamilton County",3,44,27,14,13
050,20,075,"Kansas","Hamilton County",3,45,24,13,11
050,20,075,"Kansas","Hamilton County",3,46,26,12,14
050,20,075,"Kansas","Hamilton County",3,47,27,13,14
050,20,075,"Kansas","Hamilton County",3,48,32,17,15
050,20,075,"Kansas","Hamilton County",3,49,34,18,16
050,20,075,"Kansas","Hamilton County",3,50,31,16,15
050,20,075,"Kansas","Hamilton County",3,51,26,11,15
050,20,075,"Kansas","Hamilton County",3,52,29,16,13
050,20,075,"Kansas","Hamilton County",3,53,26,14,12
050,20,075,"Kansas","Hamilton County",3,54,22,11,11
050,20,075,"Kansas","Hamilton County",3,55,22,12,10
050,20,075,"Kansas","Hamilton County",3,56,33,18,15
050,20,075,"Kansas","Hamilton County",3,57,34,20,14
050,20,075,"Kansas","Hamilton County",3,58,39,21,18
050,20,075,"Kansas","Hamilton County",3,59,45,25,20
050,20,075,"Kansas","Hamilton County",3,60,31,12,19
050,20,075,"Kansas","Hamilton County",3,61,26,14,12
050,20,075,"Kansas","Hamilton County",3,62,24,15,9
050,20,075,"Kansas","Hamilton County",3,63,25,12,13
050,20,075,"Kansas","Hamilton County",3,64,33,15,18
050,20,075,"Kansas","Hamilton County",3,65,31,15,16
050,20,075,"Kansas","Hamilton County",3,66,23,10,13
050,20,075,"Kansas","Hamilton County",3,67,25,9,16
050,20,075,"Kansas","Hamilton County",3,68,21,12,9
050,20,075,"Kansas","Hamilton County",3,69,24,16,8
050,20,075,"Kansas","Hamilton County",3,70,21,13,8
050,20,075,"Kansas","Hamilton County",3,71,22,11,11
050,20,075,"Kansas","Hamilton County",3,72,18,8,10
050,20,075,"Kansas","Hamilton County",3,73,16,7,9
050,20,075,"Kansas","Hamilton County",3,74,19,8,11
050,20,075,"Kansas","Hamilton County",3,75,14,8,6
050,20,075,"Kansas","Hamilton County",3,76,8,6,2
050,20,075,"Kansas","Hamilton County",3,77,12,6,6
050,20,075,"Kansas","Hamilton County",3,78,19,7,12
050,20,075,"Kansas","Hamilton County",3,79,13,5,8
050,20,075,"Kansas","Hamilton County",3,80,10,5,5
050,20,075,"Kansas","Hamilton County",3,81,9,5,4
050,20,075,"Kansas","Hamilton County",3,82,10,6,4
050,20,075,"Kansas","Hamilton County",3,83,8,6,2
050,20,075,"Kansas","Hamilton County",3,84,6,3,3
050,20,075,"Kansas","Hamilton County",3,85,24,7,17
050,20,075,"Kansas","Hamilton County",4,0,44,23,21
050,20,075,"Kansas","Hamilton County",4,1,38,23,15
050,20,075,"Kansas","Hamilton County",4,2,30,17,13
050,20,075,"Kansas","Hamilton County",4,3,28,17,11
050,20,075,"Kansas","Hamilton County",4,4,37,15,22
050,20,075,"Kansas","Hamilton County",4,5,30,15,15
050,20,075,"Kansas","Hamilton County",4,6,28,16,12
050,20,075,"Kansas","Hamilton County",4,7,40,21,19
050,20,075,"Kansas","Hamilton County",4,8,46,24,22
050,20,075,"Kansas","Hamilton County",4,9,38,20,18
050,20,075,"Kansas","Hamilton County",4,10,46,24,22
050,20,075,"Kansas","Hamilton County",4,11,36,20,16
050,20,075,"Kansas","Hamilton County",4,12,55,35,20
050,20,075,"Kansas","Hamilton County",4,13,48,24,24
050,20,075,"Kansas","Hamilton County",4,14,40,20,20
050,20,075,"Kansas","Hamilton County",4,15,45,30,15
050,20,075,"Kansas","Hamilton County",4,16,39,21,18
050,20,075,"Kansas","Hamilton County",4,17,34,20,14
050,20,075,"Kansas","Hamilton County",4,18,30,16,14
050,20,075,"Kansas","Hamilton County",4,19,23,13,10
050,20,075,"Kansas","Hamilton County",4,20,28,15,13
050,20,075,"Kansas","Hamilton County",4,21,27,17,10
050,20,075,"Kansas","Hamilton County",4,22,21,10,11
050,20,075,"Kansas","Hamilton County",4,23,33,18,15
050,20,075,"Kansas","Hamilton County",4,24,27,16,11
050,20,075,"Kansas","Hamilton County",4,25,19,13,6
050,20,075,"Kansas","Hamilton County",4,26,17,9,8
050,20,075,"Kansas","Hamilton County",4,27,25,21,4
050,20,075,"Kansas","Hamilton County",4,28,36,18,18
050,20,075,"Kansas","Hamilton County",4,29,42,25,17
050,20,075,"Kansas","Hamilton County",4,30,44,27,17
050,20,075,"Kansas","Hamilton County",4,31,32,21,11
050,20,075,"Kansas","Hamilton County",4,32,33,19,14
050,20,075,"Kansas","Hamilton County",4,33,37,13,24
050,20,075,"Kansas","Hamilton County",4,34,25,11,14
050,20,075,"Kansas","Hamilton County",4,35,31,17,14
050,20,075,"Kansas","Hamilton County",4,36,34,19,15
050,20,075,"Kansas","Hamilton County",4,37,35,17,18
050,20,075,"Kansas","Hamilton County",4,38,30,15,15
050,20,075,"Kansas","Hamilton County",4,39,27,14,13
050,20,075,"Kansas","Hamilton County",4,40,24,8,16
050,20,075,"Kansas","Hamilton County",4,41,36,13,23
050,20,075,"Kansas","Hamilton County",4,42,35,14,21
050,20,075,"Kansas","Hamilton County",4,43,26,13,13
050,20,075,"Kansas","Hamilton County",4,44,34,22,12
050,20,075,"Kansas","Hamilton County",4,45,28,14,14
050,20,075,"Kansas","Hamilton County",4,46,24,13,11
050,20,075,"Kansas","Hamilton County",4,47,26,13,13
050,20,075,"Kansas","Hamilton County",4,48,26,12,14
050,20,075,"Kansas","Hamilton County",4,49,28,16,12
050,20,075,"Kansas","Hamilton County",4,50,28,18,10
050,20,075,"Kansas","Hamilton County",4,51,30,15,15
050,20,075,"Kansas","Hamilton County",4,52,28,12,16
050,20,075,"Kansas","Hamilton County",4,53,30,17,13
050,20,075,"Kansas","Hamilton County",4,54,26,14,12
050,20,075,"Kansas","Hamilton County",4,55,18,10,8
050,20,075,"Kansas","Hamilton County",4,56,22,12,10
050,20,075,"Kansas","Hamilton County",4,57,32,19,13
050,20,075,"Kansas","Hamilton County",4,58,35,20,15
050,20,075,"Kansas","Hamilton County",4,59,41,20,21
050,20,075,"Kansas","Hamilton County",4,60,45,24,21
050,20,075,"Kansas","Hamilton County",4,61,31,12,19
050,20,075,"Kansas","Hamilton County",4,62,28,16,12
050,20,075,"Kansas","Hamilton County",4,63,24,15,9
050,20,075,"Kansas","Hamilton County",4,64,25,12,13
050,20,075,"Kansas","Hamilton County",4,65,34,16,18
050,20,075,"Kansas","Hamilton County",4,66,31,15,16
050,20,075,"Kansas","Hamilton County",4,67,21,10,11
050,20,075,"Kansas","Hamilton County",4,68,24,9,15
050,20,075,"Kansas","Hamilton County",4,69,20,11,9
050,20,075,"Kansas","Hamilton County",4,70,23,15,8
050,20,075,"Kansas","Hamilton County",4,71,20,13,7
050,20,075,"Kansas","Hamilton County",4,72,21,10,11
050,20,075,"Kansas","Hamilton County",4,73,18,8,10
050,20,075,"Kansas","Hamilton County",4,74,16,7,9
050,20,075,"Kansas","Hamilton County",4,75,17,7,10
050,20,075,"Kansas","Hamilton County",4,76,13,7,6
050,20,075,"Kansas","Hamilton County",4,77,8,6,2
050,20,075,"Kansas","Hamilton County",4,78,11,6,5
050,20,075,"Kansas","Hamilton County",4,79,19,7,12
050,20,075,"Kansas","Hamilton County",4,80,14,5,9
050,20,075,"Kansas","Hamilton County",4,81,7,4,3
050,20,075,"Kansas","Hamilton County",4,82,9,5,4
050,20,075,"Kansas","Hamilton County",4,83,9,5,4
050,20,075,"Kansas","Hamilton County",4,84,7,6,1
050,20,075,"Kansas","Hamilton County",4,85,22,7,15
050,20,075,"Kansas","Hamilton County",5,0,45,23,22
050,20,075,"Kansas","Hamilton County",5,1,46,25,21
050,20,075,"Kansas","Hamilton County",5,2,38,23,15
050,20,075,"Kansas","Hamilton County",5,3,32,19,13
050,20,075,"Kansas","Hamilton County",5,4,27,15,12
050,20,075,"Kansas","Hamilton County",5,5,40,14,26
050,20,075,"Kansas","Hamilton County",5,6,30,16,14
050,20,075,"Kansas","Hamilton County",5,7,24,13,11
050,20,075,"Kansas","Hamilton County",5,8,42,23,19
050,20,075,"Kansas","Hamilton County",5,9,44,23,21
050,20,075,"Kansas","Hamilton County",5,10,38,20,18
050,20,075,"Kansas","Hamilton County",5,11,44,23,21
050,20,075,"Kansas","Hamilton County",5,12,38,21,17
050,20,075,"Kansas","Hamilton County",5,13,51,31,20
050,20,075,"Kansas","Hamilton County",5,14,49,24,25
050,20,075,"Kansas","Hamilton County",5,15,42,23,19
050,20,075,"Kansas","Hamilton County",5,16,39,24,15
050,20,075,"Kansas","Hamilton County",5,17,38,22,16
050,20,075,"Kansas","Hamilton County",5,18,30,19,11
050,20,075,"Kansas","Hamilton County",5,19,25,15,10
050,20,075,"Kansas","Hamilton County",5,20,21,11,10
050,20,075,"Kansas","Hamilton County",5,21,27,14,13
050,20,075,"Kansas","Hamilton County",5,22,23,14,9
050,20,075,"Kansas","Hamilton County",5,23,26,11,15
050,20,075,"Kansas","Hamilton County",5,24,28,15,13
050,20,075,"Kansas","Hamilton County",5,25,24,13,11
050,20,075,"Kansas","Hamilton County",5,26,20,14,6
050,20,075,"Kansas","Hamilton County",5,27,19,11,8
050,20,075,"Kansas","Hamilton County",5,28,28,22,6
050,20,075,"Kansas","Hamilton County",5,29,44,25,19
050,20,075,"Kansas","Hamilton County",5,30,35,20,15
050,20,075,"Kansas","Hamilton County",5,31,45,31,14
050,20,075,"Kansas","Hamilton County",5,32,32,20,12
050,20,075,"Kansas","Hamilton County",5,33,29,17,12
050,20,075,"Kansas","Hamilton County",5,34,42,16,26
050,20,075,"Kansas","Hamilton County",5,35,27,12,15
050,20,075,"Kansas","Hamilton County",5,36,32,16,16
050,20,075,"Kansas","Hamilton County",5,37,35,20,15
050,20,075,"Kansas","Hamilton County",5,38,33,16,17
050,20,075,"Kansas","Hamilton County",5,39,30,15,15
050,20,075,"Kansas","Hamilton County",5,40,25,15,10
050,20,075,"Kansas","Hamilton County",5,41,27,8,19
050,20,075,"Kansas","Hamilton County",5,42,35,12,23
050,20,075,"Kansas","Hamilton County",5,43,35,14,21
050,20,075,"Kansas","Hamilton County",5,44,29,16,13
050,20,075,"Kansas","Hamilton County",5,45,31,19,12
050,20,075,"Kansas","Hamilton County",5,46,29,15,14
050,20,075,"Kansas","Hamilton County",5,47,24,14,10
050,20,075,"Kansas","Hamilton County",5,48,22,13,9
050,20,075,"Kansas","Hamilton County",5,49,24,10,14
050,20,075,"Kansas","Hamilton County",5,50,29,17,12
050,20,075,"Kansas","Hamilton County",5,51,28,18,10
050,20,075,"Kansas","Hamilton County",5,52,30,15,15
050,20,075,"Kansas","Hamilton County",5,53,27,12,15
050,20,075,"Kansas","Hamilton County",5,54,30,17,13
050,20,075,"Kansas","Hamilton County",5,55,25,13,12
050,20,075,"Kansas","Hamilton County",5,56,17,9,8
050,20,075,"Kansas","Hamilton County",5,57,22,14,8
050,20,075,"Kansas","Hamilton County",5,58,31,18,13
050,20,075,"Kansas","Hamilton County",5,59,29,13,16
050,20,075,"Kansas","Hamilton County",5,60,35,18,17
050,20,075,"Kansas","Hamilton County",5,61,44,22,22
050,20,075,"Kansas","Hamilton County",5,62,30,11,19
050,20,075,"Kansas","Hamilton County",5,63,23,15,8
050,20,075,"Kansas","Hamilton County",5,64,25,15,10
050,20,075,"Kansas","Hamilton County",5,65,25,12,13
050,20,075,"Kansas","Hamilton County",5,66,32,15,17
050,20,075,"Kansas","Hamilton County",5,67,28,15,13
050,20,075,"Kansas","Hamilton County",5,68,23,11,12
050,20,075,"Kansas","Hamilton County",5,69,23,9,14
050,20,075,"Kansas","Hamilton County",5,70,19,11,8
050,20,075,"Kansas","Hamilton County",5,71,24,15,9
050,20,075,"Kansas","Hamilton County",5,72,18,11,7
050,20,075,"Kansas","Hamilton County",5,73,21,10,11
050,20,075,"Kansas","Hamilton County",5,74,19,8,11
050,20,075,"Kansas","Hamilton County",5,75,14,6,8
050,20,075,"Kansas","Hamilton County",5,76,14,6,8
050,20,075,"Kansas","Hamilton County",5,77,14,8,6
050,20,075,"Kansas","Hamilton County",5,78,9,7,2
050,20,075,"Kansas","Hamilton County",5,79,10,6,4
050,20,075,"Kansas","Hamilton County",5,80,19,8,11
050,20,075,"Kansas","Hamilton County",5,81,11,4,7
050,20,075,"Kansas","Hamilton County",5,82,7,4,3
050,20,075,"Kansas","Hamilton County",5,83,9,5,4
050,20,075,"Kansas","Hamilton County",5,84,8,5,3
050,20,075,"Kansas","Hamilton County",5,85,22,10,12
050,20,077,"Kansas","Harper County",1,0,70,35,35
050,20,077,"Kansas","Harper County",1,1,60,31,29
050,20,077,"Kansas","Harper County",1,2,61,30,31
050,20,077,"Kansas","Harper County",1,3,78,39,39
050,20,077,"Kansas","Harper County",1,4,83,42,41
050,20,077,"Kansas","Harper County",1,5,82,36,46
050,20,077,"Kansas","Harper County",1,6,79,41,38
050,20,077,"Kansas","Harper County",1,7,84,44,40
050,20,077,"Kansas","Harper County",1,8,81,46,35
050,20,077,"Kansas","Harper County",1,9,79,41,38
050,20,077,"Kansas","Harper County",1,10,84,48,36
050,20,077,"Kansas","Harper County",1,11,86,45,41
050,20,077,"Kansas","Harper County",1,12,86,45,41
050,20,077,"Kansas","Harper County",1,13,90,42,48
050,20,077,"Kansas","Harper County",1,14,79,43,36
050,20,077,"Kansas","Harper County",1,15,73,35,38
050,20,077,"Kansas","Harper County",1,16,76,40,36
050,20,077,"Kansas","Harper County",1,17,79,47,32
050,20,077,"Kansas","Harper County",1,18,68,39,29
050,20,077,"Kansas","Harper County",1,19,49,30,19
050,20,077,"Kansas","Harper County",1,20,46,31,15
050,20,077,"Kansas","Harper County",1,21,49,32,17
050,20,077,"Kansas","Harper County",1,22,53,31,22
050,20,077,"Kansas","Harper County",1,23,42,22,20
050,20,077,"Kansas","Harper County",1,24,51,24,27
050,20,077,"Kansas","Harper County",1,25,52,29,23
050,20,077,"Kansas","Harper County",1,26,55,30,25
050,20,077,"Kansas","Harper County",1,27,53,30,23
050,20,077,"Kansas","Harper County",1,28,55,32,23
050,20,077,"Kansas","Harper County",1,29,58,32,26
050,20,077,"Kansas","Harper County",1,30,57,29,28
050,20,077,"Kansas","Harper County",1,31,58,22,36
050,20,077,"Kansas","Harper County",1,32,63,33,30
050,20,077,"Kansas","Harper County",1,33,55,30,25
050,20,077,"Kansas","Harper County",1,34,77,46,31
050,20,077,"Kansas","Harper County",1,35,63,40,23
050,20,077,"Kansas","Harper County",1,36,60,29,31
050,20,077,"Kansas","Harper County",1,37,51,21,30
050,20,077,"Kansas","Harper County",1,38,60,29,31
050,20,077,"Kansas","Harper County",1,39,68,37,31
050,20,077,"Kansas","Harper County",1,40,76,38,38
050,20,077,"Kansas","Harper County",1,41,59,36,23
050,20,077,"Kansas","Harper County",1,42,56,33,23
050,20,077,"Kansas","Harper County",1,43,58,30,28
050,20,077,"Kansas","Harper County",1,44,62,36,26
050,20,077,"Kansas","Harper County",1,45,69,40,29
050,20,077,"Kansas","Harper County",1,46,57,35,22
050,20,077,"Kansas","Harper County",1,47,62,35,27
050,20,077,"Kansas","Harper County",1,48,58,25,33
050,20,077,"Kansas","Harper County",1,49,46,24,22
050,20,077,"Kansas","Harper County",1,50,59,29,30
050,20,077,"Kansas","Harper County",1,51,60,27,33
050,20,077,"Kansas","Harper County",1,52,60,32,28
050,20,077,"Kansas","Harper County",1,53,68,39,29
050,20,077,"Kansas","Harper County",1,54,56,27,29
050,20,077,"Kansas","Harper County",1,55,58,23,35
050,20,077,"Kansas","Harper County",1,56,58,30,28
050,20,077,"Kansas","Harper County",1,57,65,37,28
050,20,077,"Kansas","Harper County",1,58,73,40,33
050,20,077,"Kansas","Harper County",1,59,85,44,41
050,20,077,"Kansas","Harper County",1,60,87,48,39
050,20,077,"Kansas","Harper County",1,61,83,41,42
050,20,077,"Kansas","Harper County",1,62,74,32,42
050,20,077,"Kansas","Harper County",1,63,84,42,42
050,20,077,"Kansas","Harper County",1,64,73,39,34
050,20,077,"Kansas","Harper County",1,65,82,46,36
050,20,077,"Kansas","Harper County",1,66,93,53,40
050,20,077,"Kansas","Harper County",1,67,78,43,35
050,20,077,"Kansas","Harper County",1,68,65,28,37
050,20,077,"Kansas","Harper County",1,69,69,32,37
050,20,077,"Kansas","Harper County",1,70,63,28,35
050,20,077,"Kansas","Harper County",1,71,62,29,33
050,20,077,"Kansas","Harper County",1,72,65,25,40
050,20,077,"Kansas","Harper County",1,73,55,24,31
050,20,077,"Kansas","Harper County",1,74,40,20,20
050,20,077,"Kansas","Harper County",1,75,46,19,27
050,20,077,"Kansas","Harper County",1,76,47,20,27
050,20,077,"Kansas","Harper County",1,77,43,19,24
050,20,077,"Kansas","Harper County",1,78,32,13,19
050,20,077,"Kansas","Harper County",1,79,40,18,22
050,20,077,"Kansas","Harper County",1,80,40,20,20
050,20,077,"Kansas","Harper County",1,81,38,19,19
050,20,077,"Kansas","Harper County",1,82,31,16,15
050,20,077,"Kansas","Harper County",1,83,24,11,13
050,20,077,"Kansas","Harper County",1,84,27,15,12
050,20,077,"Kansas","Harper County",1,85,151,52,99
050,20,077,"Kansas","Harper County",2,0,73,42,31
050,20,077,"Kansas","Harper County",2,1,59,30,29
050,20,077,"Kansas","Harper County",2,2,60,29,31
050,20,077,"Kansas","Harper County",2,3,74,37,37
050,20,077,"Kansas","Harper County",2,4,80,40,40
050,20,077,"Kansas","Harper County",2,5,83,38,45
050,20,077,"Kansas","Harper County",2,6,80,40,40
050,20,077,"Kansas","Harper County",2,7,85,44,41
050,20,077,"Kansas","Harper County",2,8,80,45,35
050,20,077,"Kansas","Harper County",2,9,79,41,38
050,20,077,"Kansas","Harper County",2,10,82,46,36
050,20,077,"Kansas","Harper County",2,11,86,45,41
050,20,077,"Kansas","Harper County",2,12,85,44,41
050,20,077,"Kansas","Harper County",2,13,90,43,47
050,20,077,"Kansas","Harper County",2,14,81,43,38
050,20,077,"Kansas","Harper County",2,15,73,36,37
050,20,077,"Kansas","Harper County",2,16,75,38,37
050,20,077,"Kansas","Harper County",2,17,78,45,33
050,20,077,"Kansas","Harper County",2,18,67,40,27
050,20,077,"Kansas","Harper County",2,19,49,30,19
050,20,077,"Kansas","Harper County",2,20,47,31,16
050,20,077,"Kansas","Harper County",2,21,48,32,16
050,20,077,"Kansas","Harper County",2,22,51,30,21
050,20,077,"Kansas","Harper County",2,23,45,25,20
050,20,077,"Kansas","Harper County",2,24,49,24,25
050,20,077,"Kansas","Harper County",2,25,53,28,25
050,20,077,"Kansas","Harper County",2,26,55,30,25
050,20,077,"Kansas","Harper County",2,27,53,30,23
050,20,077,"Kansas","Harper County",2,28,55,32,23
050,20,077,"Kansas","Harper County",2,29,57,31,26
050,20,077,"Kansas","Harper County",2,30,57,29,28
050,20,077,"Kansas","Harper County",2,31,56,23,33
050,20,077,"Kansas","Harper County",2,32,61,30,31
050,20,077,"Kansas","Harper County",2,33,55,30,25
050,20,077,"Kansas","Harper County",2,34,71,42,29
050,20,077,"Kansas","Harper County",2,35,66,41,25
050,20,077,"Kansas","Harper County",2,36,60,31,29
050,20,077,"Kansas","Harper County",2,37,54,24,30
050,20,077,"Kansas","Harper County",2,38,57,26,31
050,20,077,"Kansas","Harper County",2,39,68,37,31
050,20,077,"Kansas","Harper County",2,40,76,39,37
050,20,077,"Kansas","Harper County",2,41,64,37,27
050,20,077,"Kansas","Harper County",2,42,55,33,22
050,20,077,"Kansas","Harper County",2,43,59,31,28
050,20,077,"Kansas","Harper County",2,44,58,32,26
050,20,077,"Kansas","Harper County",2,45,69,40,29
050,20,077,"Kansas","Harper County",2,46,59,36,23
050,20,077,"Kansas","Harper County",2,47,60,34,26
050,20,077,"Kansas","Harper County",2,48,59,28,31
050,20,077,"Kansas","Harper County",2,49,50,25,25
050,20,077,"Kansas","Harper County",2,50,55,27,28
050,20,077,"Kansas","Harper County",2,51,59,27,32
050,20,077,"Kansas","Harper County",2,52,59,31,28
050,20,077,"Kansas","Harper County",2,53,67,38,29
050,20,077,"Kansas","Harper County",2,54,58,29,29
050,20,077,"Kansas","Harper County",2,55,57,24,33
050,20,077,"Kansas","Harper County",2,56,59,30,29
050,20,077,"Kansas","Harper County",2,57,61,33,28
050,20,077,"Kansas","Harper County",2,58,71,39,32
050,20,077,"Kansas","Harper County",2,59,83,44,39
050,20,077,"Kansas","Harper County",2,60,87,47,40
050,20,077,"Kansas","Harper County",2,61,84,42,42
050,20,077,"Kansas","Harper County",2,62,75,34,41
050,20,077,"Kansas","Harper County",2,63,83,40,43
050,20,077,"Kansas","Harper County",2,64,75,39,36
050,20,077,"Kansas","Harper County",2,65,80,45,35
050,20,077,"Kansas","Harper County",2,66,90,52,38
050,20,077,"Kansas","Harper County",2,67,81,45,36
050,20,077,"Kansas","Harper County",2,68,67,31,36
050,20,077,"Kansas","Harper County",2,69,68,32,36
050,20,077,"Kansas","Harper County",2,70,65,29,36
050,20,077,"Kansas","Harper County",2,71,62,28,34
050,20,077,"Kansas","Harper County",2,72,63,25,38
050,20,077,"Kansas","Harper County",2,73,61,26,35
050,20,077,"Kansas","Harper County",2,74,39,19,20
050,20,077,"Kansas","Harper County",2,75,45,19,26
050,20,077,"Kansas","Harper County",2,76,45,18,27
050,20,077,"Kansas","Harper County",2,77,46,20,26
050,20,077,"Kansas","Harper County",2,78,33,13,20
050,20,077,"Kansas","Harper County",2,79,38,17,21
050,20,077,"Kansas","Harper County",2,80,38,19,19
050,20,077,"Kansas","Harper County",2,81,38,19,19
050,20,077,"Kansas","Harper County",2,82,32,16,16
050,20,077,"Kansas","Harper County",2,83,26,12,14
050,20,077,"Kansas","Harper County",2,84,26,15,11
050,20,077,"Kansas","Harper County",2,85,150,52,98
050,20,077,"Kansas","Harper County",3,0,68,30,38
050,20,077,"Kansas","Harper County",3,1,70,42,28
050,20,077,"Kansas","Harper County",3,2,58,29,29
050,20,077,"Kansas","Harper County",3,3,56,27,29
050,20,077,"Kansas","Harper County",3,4,76,41,35
050,20,077,"Kansas","Harper County",3,5,69,39,30
050,20,077,"Kansas","Harper County",3,6,75,33,42
050,20,077,"Kansas","Harper County",3,7,79,40,39
050,20,077,"Kansas","Harper County",3,8,79,38,41
050,20,077,"Kansas","Harper County",3,9,80,45,35
050,20,077,"Kansas","Harper County",3,10,84,42,42
050,20,077,"Kansas","Harper County",3,11,80,44,36
050,20,077,"Kansas","Harper County",3,12,85,45,40
050,20,077,"Kansas","Harper County",3,13,83,42,41
050,20,077,"Kansas","Harper County",3,14,88,43,45
050,20,077,"Kansas","Harper County",3,15,77,41,36
050,20,077,"Kansas","Harper County",3,16,71,36,35
050,20,077,"Kansas","Harper County",3,17,77,43,34
050,20,077,"Kansas","Harper County",3,18,68,40,28
050,20,077,"Kansas","Harper County",3,19,51,33,18
050,20,077,"Kansas","Harper County",3,20,47,27,20
050,20,077,"Kansas","Harper County",3,21,46,32,14
050,20,077,"Kansas","Harper County",3,22,48,31,17
050,20,077,"Kansas","Harper County",3,23,50,32,18
050,20,077,"Kansas","Harper County",3,24,43,24,19
050,20,077,"Kansas","Harper County",3,25,45,24,21
050,20,077,"Kansas","Harper County",3,26,51,22,29
050,20,077,"Kansas","Harper County",3,27,51,27,24
050,20,077,"Kansas","Harper County",3,28,51,26,25
050,20,077,"Kansas","Harper County",3,29,47,32,15
050,20,077,"Kansas","Harper County",3,30,56,28,28
050,20,077,"Kansas","Harper County",3,31,60,32,28
050,20,077,"Kansas","Harper County",3,32,55,24,31
050,20,077,"Kansas","Harper County",3,33,61,31,30
050,20,077,"Kansas","Harper County",3,34,53,29,24
050,20,077,"Kansas","Harper County",3,35,71,43,28
050,20,077,"Kansas","Harper County",3,36,69,40,29
050,20,077,"Kansas","Harper County",3,37,64,34,30
050,20,077,"Kansas","Harper County",3,38,52,22,30
050,20,077,"Kansas","Harper County",3,39,56,25,31
050,20,077,"Kansas","Harper County",3,40,64,33,31
050,20,077,"Kansas","Harper County",3,41,73,39,34
050,20,077,"Kansas","Harper County",3,42,63,36,27
050,20,077,"Kansas","Harper County",3,43,56,32,24
050,20,077,"Kansas","Harper County",3,44,57,31,26
050,20,077,"Kansas","Harper County",3,45,60,33,27
050,20,077,"Kansas","Harper County",3,46,69,38,31
050,20,077,"Kansas","Harper County",3,47,56,34,22
050,20,077,"Kansas","Harper County",3,48,59,34,25
050,20,077,"Kansas","Harper County",3,49,59,28,31
050,20,077,"Kansas","Harper County",3,50,46,24,22
050,20,077,"Kansas","Harper County",3,51,55,25,30
050,20,077,"Kansas","Harper County",3,52,64,32,32
050,20,077,"Kansas","Harper County",3,53,60,32,28
050,20,077,"Kansas","Harper County",3,54,68,38,30
050,20,077,"Kansas","Harper County",3,55,56,27,29
050,20,077,"Kansas","Harper County",3,56,58,25,33
050,20,077,"Kansas","Harper County",3,57,61,32,29
050,20,077,"Kansas","Harper County",3,58,61,33,28
050,20,077,"Kansas","Harper County",3,59,62,32,30
050,20,077,"Kansas","Harper County",3,60,85,47,38
050,20,077,"Kansas","Harper County",3,61,88,47,41
050,20,077,"Kansas","Harper County",3,62,83,42,41
050,20,077,"Kansas","Harper County",3,63,75,34,41
050,20,077,"Kansas","Harper County",3,64,81,39,42
050,20,077,"Kansas","Harper County",3,65,73,38,35
050,20,077,"Kansas","Harper County",3,66,76,39,37
050,20,077,"Kansas","Harper County",3,67,84,47,37
050,20,077,"Kansas","Harper County",3,68,86,47,39
050,20,077,"Kansas","Harper County",3,69,63,30,33
050,20,077,"Kansas","Harper County",3,70,67,30,37
050,20,077,"Kansas","Harper County",3,71,60,26,34
050,20,077,"Kansas","Harper County",3,72,62,29,33
050,20,077,"Kansas","Harper County",3,73,60,24,36
050,20,077,"Kansas","Harper County",3,74,61,28,33
050,20,077,"Kansas","Harper County",3,75,40,18,22
050,20,077,"Kansas","Harper County",3,76,42,15,27
050,20,077,"Kansas","Harper County",3,77,44,17,27
050,20,077,"Kansas","Harper County",3,78,42,17,25
050,20,077,"Kansas","Harper County",3,79,30,12,18
050,20,077,"Kansas","Harper County",3,80,34,16,18
050,20,077,"Kansas","Harper County",3,81,34,16,18
050,20,077,"Kansas","Harper County",3,82,35,18,17
050,20,077,"Kansas","Harper County",3,83,29,13,16
050,20,077,"Kansas","Harper County",3,84,22,11,11
050,20,077,"Kansas","Harper County",3,85,142,48,94
050,20,077,"Kansas","Harper County",4,0,79,37,42
050,20,077,"Kansas","Harper County",4,1,59,21,38
050,20,077,"Kansas","Harper County",4,2,74,44,30
050,20,077,"Kansas","Harper County",4,3,63,31,32
050,20,077,"Kansas","Harper County",4,4,57,27,30
050,20,077,"Kansas","Harper County",4,5,78,46,32
050,20,077,"Kansas","Harper County",4,6,79,44,35
050,20,077,"Kansas","Harper County",4,7,77,41,36
050,20,077,"Kansas","Harper County",4,8,78,39,39
050,20,077,"Kansas","Harper County",4,9,90,47,43
050,20,077,"Kansas","Harper County",4,10,78,44,34
050,20,077,"Kansas","Harper County",4,11,82,39,43
050,20,077,"Kansas","Harper County",4,12,89,50,39
050,20,077,"Kansas","Harper County",4,13,81,42,39
050,20,077,"Kansas","Harper County",4,14,85,42,43
050,20,077,"Kansas","Harper County",4,15,93,42,51
050,20,077,"Kansas","Harper County",4,16,82,46,36
050,20,077,"Kansas","Harper County",4,17,70,35,35
050,20,077,"Kansas","Harper County",4,18,64,35,29
050,20,077,"Kansas","Harper County",4,19,50,32,18
050,20,077,"Kansas","Harper County",4,20,53,35,18
050,20,077,"Kansas","Harper County",4,21,50,30,20
050,20,077,"Kansas","Harper County",4,22,52,36,16
050,20,077,"Kansas","Harper County",4,23,50,32,18
050,20,077,"Kansas","Harper County",4,24,49,30,19
050,20,077,"Kansas","Harper County",4,25,48,23,25
050,20,077,"Kansas","Harper County",4,26,47,26,21
050,20,077,"Kansas","Harper County",4,27,46,24,22
050,20,077,"Kansas","Harper County",4,28,58,28,30
050,20,077,"Kansas","Harper County",4,29,48,24,24
050,20,077,"Kansas","Harper County",4,30,48,33,15
050,20,077,"Kansas","Harper County",4,31,57,29,28
050,20,077,"Kansas","Harper County",4,32,59,33,26
050,20,077,"Kansas","Harper County",4,33,52,21,31
050,20,077,"Kansas","Harper County",4,34,61,31,30
050,20,077,"Kansas","Harper County",4,35,55,32,23
050,20,077,"Kansas","Harper County",4,36,71,45,26
050,20,077,"Kansas","Harper County",4,37,70,36,34
050,20,077,"Kansas","Harper County",4,38,70,40,30
050,20,077,"Kansas","Harper County",4,39,53,23,30
050,20,077,"Kansas","Harper County",4,40,52,23,29
050,20,077,"Kansas","Harper County",4,41,60,32,28
050,20,077,"Kansas","Harper County",4,42,68,38,30
050,20,077,"Kansas","Harper County",4,43,65,39,26
050,20,077,"Kansas","Harper County",4,44,56,33,23
050,20,077,"Kansas","Harper County",4,45,59,32,27
050,20,077,"Kansas","Harper County",4,46,60,31,29
050,20,077,"Kansas","Harper County",4,47,71,41,30
050,20,077,"Kansas","Harper County",4,48,58,34,24
050,20,077,"Kansas","Harper County",4,49,60,33,27
050,20,077,"Kansas","Harper County",4,50,59,30,29
050,20,077,"Kansas","Harper County",4,51,48,26,22
050,20,077,"Kansas","Harper County",4,52,54,24,30
050,20,077,"Kansas","Harper County",4,53,62,32,30
050,20,077,"Kansas","Harper County",4,54,58,29,29
050,20,077,"Kansas","Harper County",4,55,69,38,31
050,20,077,"Kansas","Harper County",4,56,58,28,30
050,20,077,"Kansas","Harper County",4,57,61,29,32
050,20,077,"Kansas","Harper County",4,58,60,31,29
050,20,077,"Kansas","Harper County",4,59,57,28,29
050,20,077,"Kansas","Harper County",4,60,64,32,32
050,20,077,"Kansas","Harper County",4,61,90,50,40
050,20,077,"Kansas","Harper County",4,62,87,45,42
050,20,077,"Kansas","Harper County",4,63,78,37,41
050,20,077,"Kansas","Harper County",4,64,67,27,40
050,20,077,"Kansas","Harper County",4,65,79,37,42
050,20,077,"Kansas","Harper County",4,66,70,37,33
050,20,077,"Kansas","Harper County",4,67,72,38,34
050,20,077,"Kansas","Harper County",4,68,84,46,38
050,20,077,"Kansas","Harper County",4,69,85,46,39
050,20,077,"Kansas","Harper County",4,70,60,28,32
050,20,077,"Kansas","Harper County",4,71,64,27,37
050,20,077,"Kansas","Harper County",4,72,59,24,35
050,20,077,"Kansas","Harper County",4,73,62,30,32
050,20,077,"Kansas","Harper County",4,74,60,25,35
050,20,077,"Kansas","Harper County",4,75,61,28,33
050,20,077,"Kansas","Harper County",4,76,37,16,21
050,20,077,"Kansas","Harper County",4,77,39,12,27
050,20,077,"Kansas","Harper County",4,78,41,16,25
050,20,077,"Kansas","Harper County",4,79,40,17,23
050,20,077,"Kansas","Harper County",4,80,31,13,18
050,20,077,"Kansas","Harper County",4,81,33,14,19
050,20,077,"Kansas","Harper County",4,82,30,13,17
050,20,077,"Kansas","Harper County",4,83,34,16,18
050,20,077,"Kansas","Harper County",4,84,29,15,14
050,20,077,"Kansas","Harper County",4,85,144,47,97
050,20,077,"Kansas","Harper County",5,0,80,37,43
050,20,077,"Kansas","Harper County",5,1,83,39,44
050,20,077,"Kansas","Harper County",5,2,59,23,36
050,20,077,"Kansas","Harper County",5,3,77,45,32
050,20,077,"Kansas","Harper County",5,4,68,33,35
050,20,077,"Kansas","Harper County",5,5,58,29,29
050,20,077,"Kansas","Harper County",5,6,81,48,33
050,20,077,"Kansas","Harper County",5,7,77,43,34
050,20,077,"Kansas","Harper County",5,8,80,42,38
050,20,077,"Kansas","Harper County",5,9,76,39,37
050,20,077,"Kansas","Harper County",5,10,90,46,44
050,20,077,"Kansas","Harper County",5,11,82,47,35
050,20,077,"Kansas","Harper County",5,12,81,40,41
050,20,077,"Kansas","Harper County",5,13,91,53,38
050,20,077,"Kansas","Harper County",5,14,76,40,36
050,20,077,"Kansas","Harper County",5,15,84,42,42
050,20,077,"Kansas","Harper County",5,16,91,43,48
050,20,077,"Kansas","Harper County",5,17,83,46,37
050,20,077,"Kansas","Harper County",5,18,58,31,27
050,20,077,"Kansas","Harper County",5,19,53,31,22
050,20,077,"Kansas","Harper County",5,20,56,37,19
050,20,077,"Kansas","Harper County",5,21,48,30,18
050,20,077,"Kansas","Harper County",5,22,54,33,21
050,20,077,"Kansas","Harper County",5,23,53,38,15
050,20,077,"Kansas","Harper County",5,24,43,26,17
050,20,077,"Kansas","Harper County",5,25,52,32,20
050,20,077,"Kansas","Harper County",5,26,48,23,25
050,20,077,"Kansas","Harper County",5,27,53,30,23
050,20,077,"Kansas","Harper County",5,28,48,21,27
050,20,077,"Kansas","Harper County",5,29,58,30,28
050,20,077,"Kansas","Harper County",5,30,51,22,29
050,20,077,"Kansas","Harper County",5,31,53,37,16
050,20,077,"Kansas","Harper County",5,32,59,30,29
050,20,077,"Kansas","Harper County",5,33,59,34,25
050,20,077,"Kansas","Harper County",5,34,53,22,31
050,20,077,"Kansas","Harper County",5,35,63,32,31
050,20,077,"Kansas","Harper County",5,36,57,32,25
050,20,077,"Kansas","Harper County",5,37,70,43,27
050,20,077,"Kansas","Harper County",5,38,68,35,33
050,20,077,"Kansas","Harper County",5,39,72,42,30
050,20,077,"Kansas","Harper County",5,40,56,26,30
050,20,077,"Kansas","Harper County",5,41,55,26,29
050,20,077,"Kansas","Harper County",5,42,64,33,31
050,20,077,"Kansas","Harper County",5,43,70,39,31
050,20,077,"Kansas","Harper County",5,44,68,45,23
050,20,077,"Kansas","Harper County",5,45,62,36,26
050,20,077,"Kansas","Harper County",5,46,58,30,28
050,20,077,"Kansas","Harper County",5,47,60,31,29
050,20,077,"Kansas","Harper County",5,48,70,41,29
050,20,077,"Kansas","Harper County",5,49,60,35,25
050,20,077,"Kansas","Harper County",5,50,59,31,28
050,20,077,"Kansas","Harper County",5,51,57,29,28
050,20,077,"Kansas","Harper County",5,52,45,23,22
050,20,077,"Kansas","Harper County",5,53,55,24,31
050,20,077,"Kansas","Harper County",5,54,60,34,26
050,20,077,"Kansas","Harper County",5,55,62,31,31
050,20,077,"Kansas","Harper County",5,56,70,39,31
050,20,077,"Kansas","Harper County",5,57,52,26,26
050,20,077,"Kansas","Harper County",5,58,60,27,33
050,20,077,"Kansas","Harper County",5,59,57,29,28
050,20,077,"Kansas","Harper County",5,60,58,27,31
050,20,077,"Kansas","Harper County",5,61,64,32,32
050,20,077,"Kansas","Harper County",5,62,84,45,39
050,20,077,"Kansas","Harper County",5,63,87,44,43
050,20,077,"Kansas","Harper County",5,64,77,36,41
050,20,077,"Kansas","Harper County",5,65,70,29,41
050,20,077,"Kansas","Harper County",5,66,73,33,40
050,20,077,"Kansas","Harper County",5,67,65,34,31
050,20,077,"Kansas","Harper County",5,68,73,37,36
050,20,077,"Kansas","Harper County",5,69,81,45,36
050,20,077,"Kansas","Harper County",5,70,78,41,37
050,20,077,"Kansas","Harper County",5,71,59,25,34
050,20,077,"Kansas","Harper County",5,72,62,26,36
050,20,077,"Kansas","Harper County",5,73,60,24,36
050,20,077,"Kansas","Harper County",5,74,64,33,31
050,20,077,"Kansas","Harper County",5,75,59,24,35
050,20,077,"Kansas","Harper County",5,76,58,25,33
050,20,077,"Kansas","Harper County",5,77,36,14,22
050,20,077,"Kansas","Harper County",5,78,34,10,24
050,20,077,"Kansas","Harper County",5,79,40,17,23
050,20,077,"Kansas","Harper County",5,80,39,17,22
050,20,077,"Kansas","Harper County",5,81,28,9,19
050,20,077,"Kansas","Harper County",5,82,29,13,16
050,20,077,"Kansas","Harper County",5,83,28,10,18
050,20,077,"Kansas","Harper County",5,84,35,18,17
050,20,077,"Kansas","Harper County",5,85,148,51,97
050,20,079,"Kansas","Harvey County",1,0,375,193,182
050,20,079,"Kansas","Harvey County",1,1,367,194,173
050,20,079,"Kansas","Harvey County",1,2,362,202,160
050,20,079,"Kansas","Harvey County",1,3,392,204,188
050,20,079,"Kansas","Harvey County",1,4,396,203,193
050,20,079,"Kansas","Harvey County",1,5,462,225,237
050,20,079,"Kansas","Harvey County",1,6,440,215,225
050,20,079,"Kansas","Harvey County",1,7,456,235,221
050,20,079,"Kansas","Harvey County",1,8,454,230,224
050,20,079,"Kansas","Harvey County",1,9,476,241,235
050,20,079,"Kansas","Harvey County",1,10,530,256,274
050,20,079,"Kansas","Harvey County",1,11,479,232,247
050,20,079,"Kansas","Harvey County",1,12,507,255,252
050,20,079,"Kansas","Harvey County",1,13,523,267,256
050,20,079,"Kansas","Harvey County",1,14,508,257,251
050,20,079,"Kansas","Harvey County",1,15,505,262,243
050,20,079,"Kansas","Harvey County",1,16,539,303,236
050,20,079,"Kansas","Harvey County",1,17,516,278,238
050,20,079,"Kansas","Harvey County",1,18,458,248,210
050,20,079,"Kansas","Harvey County",1,19,471,266,205
050,20,079,"Kansas","Harvey County",1,20,492,274,218
050,20,079,"Kansas","Harvey County",1,21,421,235,186
050,20,079,"Kansas","Harvey County",1,22,389,198,191
050,20,079,"Kansas","Harvey County",1,23,381,196,185
050,20,079,"Kansas","Harvey County",1,24,365,199,166
050,20,079,"Kansas","Harvey County",1,25,363,193,170
050,20,079,"Kansas","Harvey County",1,26,354,175,179
050,20,079,"Kansas","Harvey County",1,27,410,204,206
050,20,079,"Kansas","Harvey County",1,28,387,197,190
050,20,079,"Kansas","Harvey County",1,29,387,204,183
050,20,079,"Kansas","Harvey County",1,30,375,190,185
050,20,079,"Kansas","Harvey County",1,31,363,190,173
050,20,079,"Kansas","Harvey County",1,32,349,176,173
050,20,079,"Kansas","Harvey County",1,33,367,180,187
050,20,079,"Kansas","Harvey County",1,34,395,190,205
050,20,079,"Kansas","Harvey County",1,35,413,203,210
050,20,079,"Kansas","Harvey County",1,36,413,229,184
050,20,079,"Kansas","Harvey County",1,37,424,214,210
050,20,079,"Kansas","Harvey County",1,38,443,221,222
050,20,079,"Kansas","Harvey County",1,39,431,208,223
050,20,079,"Kansas","Harvey County",1,40,397,194,203
050,20,079,"Kansas","Harvey County",1,41,433,225,208
050,20,079,"Kansas","Harvey County",1,42,411,202,209
050,20,079,"Kansas","Harvey County",1,43,423,205,218
050,20,079,"Kansas","Harvey County",1,44,380,191,189
050,20,079,"Kansas","Harvey County",1,45,357,184,173
050,20,079,"Kansas","Harvey County",1,46,331,158,173
050,20,079,"Kansas","Harvey County",1,47,324,164,160
050,20,079,"Kansas","Harvey County",1,48,368,189,179
050,20,079,"Kansas","Harvey County",1,49,389,200,189
050,20,079,"Kansas","Harvey County",1,50,354,172,182
050,20,079,"Kansas","Harvey County",1,51,340,168,172
050,20,079,"Kansas","Harvey County",1,52,333,164,169
050,20,079,"Kansas","Harvey County",1,53,352,162,190
050,20,079,"Kansas","Harvey County",1,54,394,200,194
050,20,079,"Kansas","Harvey County",1,55,406,202,204
050,20,079,"Kansas","Harvey County",1,56,416,203,213
050,20,079,"Kansas","Harvey County",1,57,450,227,223
050,20,079,"Kansas","Harvey County",1,58,459,228,231
050,20,079,"Kansas","Harvey County",1,59,467,224,243
050,20,079,"Kansas","Harvey County",1,60,470,230,240
050,20,079,"Kansas","Harvey County",1,61,497,241,256
050,20,079,"Kansas","Harvey County",1,62,470,239,231
050,20,079,"Kansas","Harvey County",1,63,473,229,244
050,20,079,"Kansas","Harvey County",1,64,445,233,212
050,20,079,"Kansas","Harvey County",1,65,415,207,208
050,20,079,"Kansas","Harvey County",1,66,419,202,217
050,20,079,"Kansas","Harvey County",1,67,387,191,196
050,20,079,"Kansas","Harvey County",1,68,387,184,203
050,20,079,"Kansas","Harvey County",1,69,354,178,176
050,20,079,"Kansas","Harvey County",1,70,339,168,171
050,20,079,"Kansas","Harvey County",1,71,319,154,165
050,20,079,"Kansas","Harvey County",1,72,324,147,177
050,20,079,"Kansas","Harvey County",1,73,342,161,181
050,20,079,"Kansas","Harvey County",1,74,234,109,125
050,20,079,"Kansas","Harvey County",1,75,256,121,135
050,20,079,"Kansas","Harvey County",1,76,262,121,141
050,20,079,"Kansas","Harvey County",1,77,233,105,128
050,20,079,"Kansas","Harvey County",1,78,210,95,115
050,20,079,"Kansas","Harvey County",1,79,199,85,114
050,20,079,"Kansas","Harvey County",1,80,204,86,118
050,20,079,"Kansas","Harvey County",1,81,196,88,108
050,20,079,"Kansas","Harvey County",1,82,193,81,112
050,20,079,"Kansas","Harvey County",1,83,175,77,98
050,20,079,"Kansas","Harvey County",1,84,161,69,92
050,20,079,"Kansas","Harvey County",1,85,1133,410,723
050,20,079,"Kansas","Harvey County",2,0,368,191,177
050,20,079,"Kansas","Harvey County",2,1,365,192,173
050,20,079,"Kansas","Harvey County",2,2,365,202,163
050,20,079,"Kansas","Harvey County",2,3,384,205,179
050,20,079,"Kansas","Harvey County",2,4,399,205,194
050,20,079,"Kansas","Harvey County",2,5,443,218,225
050,20,079,"Kansas","Harvey County",2,6,442,217,225
050,20,079,"Kansas","Harvey County",2,7,453,230,223
050,20,079,"Kansas","Harvey County",2,8,455,230,225
050,20,079,"Kansas","Harvey County",2,9,474,239,235
050,20,079,"Kansas","Harvey County",2,10,514,250,264
050,20,079,"Kansas","Harvey County",2,11,486,237,249
050,20,079,"Kansas","Harvey County",2,12,508,255,253
050,20,079,"Kansas","Harvey County",2,13,519,265,254
050,20,079,"Kansas","Harvey County",2,14,513,262,251
050,20,079,"Kansas","Harvey County",2,15,504,262,242
050,20,079,"Kansas","Harvey County",2,16,531,293,238
050,20,079,"Kansas","Harvey County",2,17,523,287,236
050,20,079,"Kansas","Harvey County",2,18,464,253,211
050,20,079,"Kansas","Harvey County",2,19,471,265,206
050,20,079,"Kansas","Harvey County",2,20,490,275,215
050,20,079,"Kansas","Harvey County",2,21,424,237,187
050,20,079,"Kansas","Harvey County",2,22,390,203,187
050,20,079,"Kansas","Harvey County",2,23,382,198,184
050,20,079,"Kansas","Harvey County",2,24,366,200,166
050,20,079,"Kansas","Harvey County",2,25,360,191,169
050,20,079,"Kansas","Harvey County",2,26,360,181,179
050,20,079,"Kansas","Harvey County",2,27,396,196,200
050,20,079,"Kansas","Harvey County",2,28,393,196,197
050,20,079,"Kansas","Harvey County",2,29,387,201,186
050,20,079,"Kansas","Harvey County",2,30,378,195,183
050,20,079,"Kansas","Harvey County",2,31,362,189,173
050,20,079,"Kansas","Harvey County",2,32,352,177,175
050,20,079,"Kansas","Harvey County",2,33,360,178,182
050,20,079,"Kansas","Harvey County",2,34,390,189,201
050,20,079,"Kansas","Harvey County",2,35,411,201,210
050,20,079,"Kansas","Harvey County",2,36,410,223,187
050,20,079,"Kansas","Harvey County",2,37,425,219,206
050,20,079,"Kansas","Harvey County",2,38,446,223,223
050,20,079,"Kansas","Harvey County",2,39,431,211,220
050,20,079,"Kansas","Harvey County",2,40,407,197,210
050,20,079,"Kansas","Harvey County",2,41,423,217,206
050,20,079,"Kansas","Harvey County",2,42,416,206,210
050,20,079,"Kansas","Harvey County",2,43,423,206,217
050,20,079,"Kansas","Harvey County",2,44,386,193,193
050,20,079,"Kansas","Harvey County",2,45,362,185,177
050,20,079,"Kansas","Harvey County",2,46,333,163,170
050,20,079,"Kansas","Harvey County",2,47,324,162,162
050,20,079,"Kansas","Harvey County",2,48,357,184,173
050,20,079,"Kansas","Harvey County",2,49,386,198,188
050,20,079,"Kansas","Harvey County",2,50,360,178,182
050,20,079,"Kansas","Harvey County",2,51,339,167,172
050,20,079,"Kansas","Harvey County",2,52,332,163,169
050,20,079,"Kansas","Harvey County",2,53,346,162,184
050,20,079,"Kansas","Harvey County",2,54,380,189,191
050,20,079,"Kansas","Harvey County",2,55,404,200,204
050,20,079,"Kansas","Harvey County",2,56,412,201,211
050,20,079,"Kansas","Harvey County",2,57,442,223,219
050,20,079,"Kansas","Harvey County",2,58,455,225,230
050,20,079,"Kansas","Harvey County",2,59,461,222,239
050,20,079,"Kansas","Harvey County",2,60,470,227,243
050,20,079,"Kansas","Harvey County",2,61,488,238,250
050,20,079,"Kansas","Harvey County",2,62,474,238,236
050,20,079,"Kansas","Harvey County",2,63,480,234,246
050,20,079,"Kansas","Harvey County",2,64,443,228,215
050,20,079,"Kansas","Harvey County",2,65,420,214,206
050,20,079,"Kansas","Harvey County",2,66,416,202,214
050,20,079,"Kansas","Harvey County",2,67,393,192,201
050,20,079,"Kansas","Harvey County",2,68,384,184,200
050,20,079,"Kansas","Harvey County",2,69,361,180,181
050,20,079,"Kansas","Harvey County",2,70,342,168,174
050,20,079,"Kansas","Harvey County",2,71,323,156,167
050,20,079,"Kansas","Harvey County",2,72,318,146,172
050,20,079,"Kansas","Harvey County",2,73,352,165,187
050,20,079,"Kansas","Harvey County",2,74,243,112,131
050,20,079,"Kansas","Harvey County",2,75,250,119,131
050,20,079,"Kansas","Harvey County",2,76,260,121,139
050,20,079,"Kansas","Harvey County",2,77,246,112,134
050,20,079,"Kansas","Harvey County",2,78,209,95,114
050,20,079,"Kansas","Harvey County",2,79,199,86,113
050,20,079,"Kansas","Harvey County",2,80,206,86,120
050,20,079,"Kansas","Harvey County",2,81,196,89,107
050,20,079,"Kansas","Harvey County",2,82,191,81,110
050,20,079,"Kansas","Harvey County",2,83,177,78,99
050,20,079,"Kansas","Harvey County",2,84,164,71,93
050,20,079,"Kansas","Harvey County",2,85,1139,413,726
050,20,079,"Kansas","Harvey County",3,0,356,187,169
050,20,079,"Kansas","Harvey County",3,1,367,195,172
050,20,079,"Kansas","Harvey County",3,2,372,196,176
050,20,079,"Kansas","Harvey County",3,3,358,197,161
050,20,079,"Kansas","Harvey County",3,4,402,220,182
050,20,079,"Kansas","Harvey County",3,5,401,196,205
050,20,079,"Kansas","Harvey County",3,6,430,207,223
050,20,079,"Kansas","Harvey County",3,7,440,218,222
050,20,079,"Kansas","Harvey County",3,8,453,232,221
050,20,079,"Kansas","Harvey County",3,9,448,228,220
050,20,079,"Kansas","Harvey County",3,10,476,244,232
050,20,079,"Kansas","Harvey County",3,11,521,253,268
050,20,079,"Kansas","Harvey County",3,12,484,236,248
050,20,079,"Kansas","Harvey County",3,13,530,265,265
050,20,079,"Kansas","Harvey County",3,14,506,253,253
050,20,079,"Kansas","Harvey County",3,15,506,259,247
050,20,079,"Kansas","Harvey County",3,16,498,251,247
050,20,079,"Kansas","Harvey County",3,17,521,283,238
050,20,079,"Kansas","Harvey County",3,18,485,268,217
050,20,079,"Kansas","Harvey County",3,19,486,266,220
050,20,079,"Kansas","Harvey County",3,20,472,261,211
050,20,079,"Kansas","Harvey County",3,21,439,258,181
050,20,079,"Kansas","Harvey County",3,22,394,220,174
050,20,079,"Kansas","Harvey County",3,23,367,183,184
050,20,079,"Kansas","Harvey County",3,24,368,199,169
050,20,079,"Kansas","Harvey County",3,25,354,199,155
050,20,079,"Kansas","Harvey County",3,26,372,191,181
050,20,079,"Kansas","Harvey County",3,27,357,183,174
050,20,079,"Kansas","Harvey County",3,28,396,194,202
050,20,079,"Kansas","Harvey County",3,29,404,201,203
050,20,079,"Kansas","Harvey County",3,30,374,199,175
050,20,079,"Kansas","Harvey County",3,31,391,209,182
050,20,079,"Kansas","Harvey County",3,32,358,182,176
050,20,079,"Kansas","Harvey County",3,33,348,177,171
050,20,079,"Kansas","Harvey County",3,34,373,184,189
050,20,079,"Kansas","Harvey County",3,35,397,185,212
050,20,079,"Kansas","Harvey County",3,36,397,204,193
050,20,079,"Kansas","Harvey County",3,37,402,214,188
050,20,079,"Kansas","Harvey County",3,38,429,222,207
050,20,079,"Kansas","Harvey County",3,39,454,234,220
050,20,079,"Kansas","Harvey County",3,40,417,196,221
050,20,079,"Kansas","Harvey County",3,41,417,200,217
050,20,079,"Kansas","Harvey County",3,42,418,217,201
050,20,079,"Kansas","Harvey County",3,43,422,209,213
050,20,079,"Kansas","Harvey County",3,44,428,211,217
050,20,079,"Kansas","Harvey County",3,45,375,187,188
050,20,079,"Kansas","Harvey County",3,46,364,186,178
050,20,079,"Kansas","Harvey County",3,47,325,162,163
050,20,079,"Kansas","Harvey County",3,48,312,159,153
050,20,079,"Kansas","Harvey County",3,49,372,188,184
050,20,079,"Kansas","Harvey County",3,50,380,200,180
050,20,079,"Kansas","Harvey County",3,51,365,184,181
050,20,079,"Kansas","Harvey County",3,52,333,164,169
050,20,079,"Kansas","Harvey County",3,53,335,159,176
050,20,079,"Kansas","Harvey County",3,54,343,160,183
050,20,079,"Kansas","Harvey County",3,55,372,187,185
050,20,079,"Kansas","Harvey County",3,56,410,203,207
050,20,079,"Kansas","Harvey County",3,57,413,213,200
050,20,079,"Kansas","Harvey County",3,58,439,213,226
050,20,079,"Kansas","Harvey County",3,59,454,227,227
050,20,079,"Kansas","Harvey County",3,60,454,217,237
050,20,079,"Kansas","Harvey County",3,61,474,233,241
050,20,079,"Kansas","Harvey County",3,62,475,230,245
050,20,079,"Kansas","Harvey County",3,63,474,234,240
050,20,079,"Kansas","Harvey County",3,64,459,228,231
050,20,079,"Kansas","Harvey County",3,65,434,228,206
050,20,079,"Kansas","Harvey County",3,66,414,205,209
050,20,079,"Kansas","Harvey County",3,67,415,202,213
050,20,079,"Kansas","Harvey County",3,68,384,184,200
050,20,079,"Kansas","Harvey County",3,69,375,182,193
050,20,079,"Kansas","Harvey County",3,70,347,170,177
050,20,079,"Kansas","Harvey County",3,71,316,157,159
050,20,079,"Kansas","Harvey County",3,72,314,148,166
050,20,079,"Kansas","Harvey County",3,73,317,142,175
050,20,079,"Kansas","Harvey County",3,74,335,157,178
050,20,079,"Kansas","Harvey County",3,75,235,107,128
050,20,079,"Kansas","Harvey County",3,76,252,119,133
050,20,079,"Kansas","Harvey County",3,77,247,111,136
050,20,079,"Kansas","Harvey County",3,78,234,103,131
050,20,079,"Kansas","Harvey County",3,79,195,84,111
050,20,079,"Kansas","Harvey County",3,80,191,77,114
050,20,079,"Kansas","Harvey County",3,81,202,91,111
050,20,079,"Kansas","Harvey County",3,82,185,77,108
050,20,079,"Kansas","Harvey County",3,83,170,74,96
050,20,079,"Kansas","Harvey County",3,84,159,68,91
050,20,079,"Kansas","Harvey County",3,85,1151,418,733
050,20,079,"Kansas","Harvey County",4,0,336,163,173
050,20,079,"Kansas","Harvey County",4,1,384,198,186
050,20,079,"Kansas","Harvey County",4,2,369,206,163
050,20,079,"Kansas","Harvey County",4,3,376,204,172
050,20,079,"Kansas","Harvey County",4,4,354,188,166
050,20,079,"Kansas","Harvey County",4,5,403,217,186
050,20,079,"Kansas","Harvey County",4,6,408,201,207
050,20,079,"Kansas","Harvey County",4,7,435,209,226
050,20,079,"Kansas","Harvey County",4,8,453,223,230
050,20,079,"Kansas","Harvey County",4,9,468,238,230
050,20,079,"Kansas","Harvey County",4,10,453,237,216
050,20,079,"Kansas","Harvey County",4,11,473,253,220
050,20,079,"Kansas","Harvey County",4,12,516,258,258
050,20,079,"Kansas","Harvey County",4,13,483,241,242
050,20,079,"Kansas","Harvey County",4,14,520,258,262
050,20,079,"Kansas","Harvey County",4,15,518,265,253
050,20,079,"Kansas","Harvey County",4,16,497,245,252
050,20,079,"Kansas","Harvey County",4,17,501,259,242
050,20,079,"Kansas","Harvey County",4,18,475,270,205
050,20,079,"Kansas","Harvey County",4,19,485,270,215
050,20,079,"Kansas","Harvey County",4,20,477,263,214
050,20,079,"Kansas","Harvey County",4,21,404,226,178
050,20,079,"Kansas","Harvey County",4,22,424,246,178
050,20,079,"Kansas","Harvey County",4,23,393,219,174
050,20,079,"Kansas","Harvey County",4,24,392,193,199
050,20,079,"Kansas","Harvey County",4,25,372,207,165
050,20,079,"Kansas","Harvey County",4,26,374,205,169
050,20,079,"Kansas","Harvey County",4,27,366,182,184
050,20,079,"Kansas","Harvey County",4,28,364,176,188
050,20,079,"Kansas","Harvey County",4,29,408,205,203
050,20,079,"Kansas","Harvey County",4,30,400,200,200
050,20,079,"Kansas","Harvey County",4,31,388,212,176
050,20,079,"Kansas","Harvey County",4,32,397,207,190
050,20,079,"Kansas","Harvey County",4,33,352,179,173
050,20,079,"Kansas","Harvey County",4,34,363,189,174
050,20,079,"Kansas","Harvey County",4,35,381,185,196
050,20,079,"Kansas","Harvey County",4,36,398,190,208
050,20,079,"Kansas","Harvey County",4,37,380,192,188
050,20,079,"Kansas","Harvey County",4,38,414,209,205
050,20,079,"Kansas","Harvey County",4,39,432,226,206
050,20,079,"Kansas","Harvey County",4,40,444,226,218
050,20,079,"Kansas","Harvey County",4,41,415,202,213
050,20,079,"Kansas","Harvey County",4,42,404,190,214
050,20,079,"Kansas","Harvey County",4,43,417,211,206
050,20,079,"Kansas","Harvey County",4,44,414,206,208
050,20,079,"Kansas","Harvey County",4,45,415,213,202
050,20,079,"Kansas","Harvey County",4,46,378,190,188
050,20,079,"Kansas","Harvey County",4,47,353,181,172
050,20,079,"Kansas","Harvey County",4,48,330,166,164
050,20,079,"Kansas","Harvey County",4,49,321,168,153
050,20,079,"Kansas","Harvey County",4,50,374,183,191
050,20,079,"Kansas","Harvey County",4,51,370,201,169
050,20,079,"Kansas","Harvey County",4,52,368,184,184
050,20,079,"Kansas","Harvey County",4,53,330,160,170
050,20,079,"Kansas","Harvey County",4,54,334,162,172
050,20,079,"Kansas","Harvey County",4,55,348,162,186
050,20,079,"Kansas","Harvey County",4,56,362,181,181
050,20,079,"Kansas","Harvey County",4,57,414,214,200
050,20,079,"Kansas","Harvey County",4,58,420,215,205
050,20,079,"Kansas","Harvey County",4,59,424,204,220
050,20,079,"Kansas","Harvey County",4,60,448,222,226
050,20,079,"Kansas","Harvey County",4,61,449,218,231
050,20,079,"Kansas","Harvey County",4,62,466,229,237
050,20,079,"Kansas","Harvey County",4,63,477,230,247
050,20,079,"Kansas","Harvey County",4,64,455,225,230
050,20,079,"Kansas","Harvey County",4,65,451,225,226
050,20,079,"Kansas","Harvey County",4,66,413,214,199
050,20,079,"Kansas","Harvey County",4,67,411,202,209
050,20,079,"Kansas","Harvey County",4,68,402,193,209
050,20,079,"Kansas","Harvey County",4,69,380,178,202
050,20,079,"Kansas","Harvey County",4,70,370,176,194
050,20,079,"Kansas","Harvey County",4,71,331,163,168
050,20,079,"Kansas","Harvey County",4,72,303,145,158
050,20,079,"Kansas","Harvey County",4,73,317,142,175
050,20,079,"Kansas","Harvey County",4,74,299,139,160
050,20,079,"Kansas","Harvey County",4,75,326,149,177
050,20,079,"Kansas","Harvey County",4,76,237,107,130
050,20,079,"Kansas","Harvey County",4,77,236,116,120
050,20,079,"Kansas","Harvey County",4,78,230,98,132
050,20,079,"Kansas","Harvey County",4,79,218,95,123
050,20,079,"Kansas","Harvey County",4,80,187,72,115
050,20,079,"Kansas","Harvey County",4,81,187,79,108
050,20,079,"Kansas","Harvey County",4,82,204,88,116
050,20,079,"Kansas","Harvey County",4,83,167,76,91
050,20,079,"Kansas","Harvey County",4,84,150,64,86
050,20,079,"Kansas","Harvey County",4,85,1136,410,726
050,20,079,"Kansas","Harvey County",5,0,341,167,174
050,20,079,"Kansas","Harvey County",5,1,350,170,180
050,20,079,"Kansas","Harvey County",5,2,382,197,185
050,20,079,"Kansas","Harvey County",5,3,391,217,174
050,20,079,"Kansas","Harvey County",5,4,369,208,161
050,20,079,"Kansas","Harvey County",5,5,363,193,170
050,20,079,"Kansas","Harvey County",5,6,389,203,186
050,20,079,"Kansas","Harvey County",5,7,416,203,213
050,20,079,"Kansas","Harvey County",5,8,432,206,226
050,20,079,"Kansas","Harvey County",5,9,458,226,232
050,20,079,"Kansas","Harvey County",5,10,467,226,241
050,20,079,"Kansas","Harvey County",5,11,453,239,214
050,20,079,"Kansas","Harvey County",5,12,479,254,225
050,20,079,"Kansas","Harvey County",5,13,513,261,252
050,20,079,"Kansas","Harvey County",5,14,479,240,239
050,20,079,"Kansas","Harvey County",5,15,512,257,255
050,20,079,"Kansas","Harvey County",5,16,524,255,269
050,20,079,"Kansas","Harvey County",5,17,491,244,247
050,20,079,"Kansas","Harvey County",5,18,455,230,225
050,20,079,"Kansas","Harvey County",5,19,477,273,204
050,20,079,"Kansas","Harvey County",5,20,482,269,213
050,20,079,"Kansas","Harvey County",5,21,412,227,185
050,20,079,"Kansas","Harvey County",5,22,389,211,178
050,20,079,"Kansas","Harvey County",5,23,418,246,172
050,20,079,"Kansas","Harvey County",5,24,363,210,153
050,20,079,"Kansas","Harvey County",5,25,378,185,193
050,20,079,"Kansas","Harvey County",5,26,365,193,172
050,20,079,"Kansas","Harvey County",5,27,397,211,186
050,20,079,"Kansas","Harvey County",5,28,366,182,184
050,20,079,"Kansas","Harvey County",5,29,355,168,187
050,20,079,"Kansas","Harvey County",5,30,404,205,199
050,20,079,"Kansas","Harvey County",5,31,408,213,195
050,20,079,"Kansas","Harvey County",5,32,392,221,171
050,20,079,"Kansas","Harvey County",5,33,380,193,187
050,20,079,"Kansas","Harvey County",5,34,360,181,179
050,20,079,"Kansas","Harvey County",5,35,362,179,183
050,20,079,"Kansas","Harvey County",5,36,385,194,191
050,20,079,"Kansas","Harvey County",5,37,396,180,216
050,20,079,"Kansas","Harvey County",5,38,400,209,191
050,20,079,"Kansas","Harvey County",5,39,425,218,207
050,20,079,"Kansas","Harvey County",5,40,437,223,214
050,20,079,"Kansas","Harvey County",5,41,441,232,209
050,20,079,"Kansas","Harvey County",5,42,406,193,213
050,20,079,"Kansas","Harvey County",5,43,404,190,214
050,20,079,"Kansas","Harvey County",5,44,407,207,200
050,20,079,"Kansas","Harvey County",5,45,397,204,193
050,20,079,"Kansas","Harvey County",5,46,414,205,209
050,20,079,"Kansas","Harvey County",5,47,389,197,192
050,20,079,"Kansas","Harvey County",5,48,355,185,170
050,20,079,"Kansas","Harvey County",5,49,331,171,160
050,20,079,"Kansas","Harvey County",5,50,307,161,146
050,20,079,"Kansas","Harvey County",5,51,362,173,189
050,20,079,"Kansas","Harvey County",5,52,365,201,164
050,20,079,"Kansas","Harvey County",5,53,374,186,188
050,20,079,"Kansas","Harvey County",5,54,333,166,167
050,20,079,"Kansas","Harvey County",5,55,338,168,170
050,20,079,"Kansas","Harvey County",5,56,341,157,184
050,20,079,"Kansas","Harvey County",5,57,360,185,175
050,20,079,"Kansas","Harvey County",5,58,415,213,202
050,20,079,"Kansas","Harvey County",5,59,411,212,199
050,20,079,"Kansas","Harvey County",5,60,415,202,213
050,20,079,"Kansas","Harvey County",5,61,436,218,218
050,20,079,"Kansas","Harvey County",5,62,437,207,230
050,20,079,"Kansas","Harvey County",5,63,472,227,245
050,20,079,"Kansas","Harvey County",5,64,473,226,247
050,20,079,"Kansas","Harvey County",5,65,441,219,222
050,20,079,"Kansas","Harvey County",5,66,446,217,229
050,20,079,"Kansas","Harvey County",5,67,412,212,200
050,20,079,"Kansas","Harvey County",5,68,402,196,206
050,20,079,"Kansas","Harvey County",5,69,398,191,207
050,20,079,"Kansas","Harvey County",5,70,374,172,202
050,20,079,"Kansas","Harvey County",5,71,353,166,187
050,20,079,"Kansas","Harvey County",5,72,331,159,172
050,20,079,"Kansas","Harvey County",5,73,303,139,164
050,20,079,"Kansas","Harvey County",5,74,310,138,172
050,20,079,"Kansas","Harvey County",5,75,292,134,158
050,20,079,"Kansas","Harvey County",5,76,327,152,175
050,20,079,"Kansas","Harvey County",5,77,222,101,121
050,20,079,"Kansas","Harvey County",5,78,228,110,118
050,20,079,"Kansas","Harvey County",5,79,216,87,129
050,20,079,"Kansas","Harvey County",5,80,215,89,126
050,20,079,"Kansas","Harvey County",5,81,188,79,109
050,20,079,"Kansas","Harvey County",5,82,176,69,107
050,20,079,"Kansas","Harvey County",5,83,182,84,98
050,20,079,"Kansas","Harvey County",5,84,150,69,81
050,20,079,"Kansas","Harvey County",5,85,1140,409,731
050,20,081,"Kansas","Haskell County",1,0,59,30,29
050,20,081,"Kansas","Haskell County",1,1,51,25,26
050,20,081,"Kansas","Haskell County",1,2,53,17,36
050,20,081,"Kansas","Haskell County",1,3,52,23,29
050,20,081,"Kansas","Haskell County",1,4,57,30,27
050,20,081,"Kansas","Haskell County",1,5,61,27,34
050,20,081,"Kansas","Haskell County",1,6,57,34,23
050,20,081,"Kansas","Haskell County",1,7,47,24,23
050,20,081,"Kansas","Haskell County",1,8,57,26,31
050,20,081,"Kansas","Haskell County",1,9,56,27,29
050,20,081,"Kansas","Haskell County",1,10,61,36,25
050,20,081,"Kansas","Haskell County",1,11,62,34,28
050,20,081,"Kansas","Haskell County",1,12,65,37,28
050,20,081,"Kansas","Haskell County",1,13,60,33,27
050,20,081,"Kansas","Haskell County",1,14,66,38,28
050,20,081,"Kansas","Haskell County",1,15,73,41,32
050,20,081,"Kansas","Haskell County",1,16,63,34,29
050,20,081,"Kansas","Haskell County",1,17,67,39,28
050,20,081,"Kansas","Haskell County",1,18,56,31,25
050,20,081,"Kansas","Haskell County",1,19,53,30,23
050,20,081,"Kansas","Haskell County",1,20,45,21,24
050,20,081,"Kansas","Haskell County",1,21,43,18,25
050,20,081,"Kansas","Haskell County",1,22,51,25,26
050,20,081,"Kansas","Haskell County",1,23,54,28,26
050,20,081,"Kansas","Haskell County",1,24,43,19,24
050,20,081,"Kansas","Haskell County",1,25,51,25,26
050,20,081,"Kansas","Haskell County",1,26,49,28,21
050,20,081,"Kansas","Haskell County",1,27,56,31,25
050,20,081,"Kansas","Haskell County",1,28,43,25,18
050,20,081,"Kansas","Haskell County",1,29,41,21,20
050,20,081,"Kansas","Haskell County",1,30,40,22,18
050,20,081,"Kansas","Haskell County",1,31,43,20,23
050,20,081,"Kansas","Haskell County",1,32,49,23,26
050,20,081,"Kansas","Haskell County",1,33,42,27,15
050,20,081,"Kansas","Haskell County",1,34,46,21,25
050,20,081,"Kansas","Haskell County",1,35,40,17,23
050,20,081,"Kansas","Haskell County",1,36,33,19,14
050,20,081,"Kansas","Haskell County",1,37,34,19,15
050,20,081,"Kansas","Haskell County",1,38,43,22,21
050,20,081,"Kansas","Haskell County",1,39,44,17,27
050,20,081,"Kansas","Haskell County",1,40,45,22,23
050,20,081,"Kansas","Haskell County",1,41,44,22,22
050,20,081,"Kansas","Haskell County",1,42,46,26,20
050,20,081,"Kansas","Haskell County",1,43,40,23,17
050,20,081,"Kansas","Haskell County",1,44,40,22,18
050,20,081,"Kansas","Haskell County",1,45,44,24,20
050,20,081,"Kansas","Haskell County",1,46,41,20,21
050,20,081,"Kansas","Haskell County",1,47,44,20,24
050,20,081,"Kansas","Haskell County",1,48,53,25,28
050,20,081,"Kansas","Haskell County",1,49,39,18,21
050,20,081,"Kansas","Haskell County",1,50,39,21,18
050,20,081,"Kansas","Haskell County",1,51,44,20,24
050,20,081,"Kansas","Haskell County",1,52,43,22,21
050,20,081,"Kansas","Haskell County",1,53,40,20,20
050,20,081,"Kansas","Haskell County",1,54,40,19,21
050,20,081,"Kansas","Haskell County",1,55,42,19,23
050,20,081,"Kansas","Haskell County",1,56,44,22,22
050,20,081,"Kansas","Haskell County",1,57,59,29,30
050,20,081,"Kansas","Haskell County",1,58,44,17,27
050,20,081,"Kansas","Haskell County",1,59,45,21,24
050,20,081,"Kansas","Haskell County",1,60,44,24,20
050,20,081,"Kansas","Haskell County",1,61,54,31,23
050,20,081,"Kansas","Haskell County",1,62,50,28,22
050,20,081,"Kansas","Haskell County",1,63,49,25,24
050,20,081,"Kansas","Haskell County",1,64,46,21,25
050,20,081,"Kansas","Haskell County",1,65,45,18,27
050,20,081,"Kansas","Haskell County",1,66,41,17,24
050,20,081,"Kansas","Haskell County",1,67,40,22,18
050,20,081,"Kansas","Haskell County",1,68,46,29,17
050,20,081,"Kansas","Haskell County",1,69,39,20,19
050,20,081,"Kansas","Haskell County",1,70,37,23,14
050,20,081,"Kansas","Haskell County",1,71,35,21,14
050,20,081,"Kansas","Haskell County",1,72,31,14,17
050,20,081,"Kansas","Haskell County",1,73,29,11,18
050,20,081,"Kansas","Haskell County",1,74,20,10,10
050,20,081,"Kansas","Haskell County",1,75,18,9,9
050,20,081,"Kansas","Haskell County",1,76,17,8,9
050,20,081,"Kansas","Haskell County",1,77,19,11,8
050,20,081,"Kansas","Haskell County",1,78,19,9,10
050,20,081,"Kansas","Haskell County",1,79,24,12,12
050,20,081,"Kansas","Haskell County",1,80,15,6,9
050,20,081,"Kansas","Haskell County",1,81,15,6,9
050,20,081,"Kansas","Haskell County",1,82,11,6,5
050,20,081,"Kansas","Haskell County",1,83,11,5,6
050,20,081,"Kansas","Haskell County",1,84,12,5,7
050,20,081,"Kansas","Haskell County",1,85,72,20,52
050,20,081,"Kansas","Haskell County",2,0,52,26,26
050,20,081,"Kansas","Haskell County",2,1,52,26,26
050,20,081,"Kansas","Haskell County",2,2,52,18,34
050,20,081,"Kansas","Haskell County",2,3,52,22,30
050,20,081,"Kansas","Haskell County",2,4,57,28,29
050,20,081,"Kansas","Haskell County",2,5,59,28,31
050,20,081,"Kansas","Haskell County",2,6,55,31,24
050,20,081,"Kansas","Haskell County",2,7,48,25,23
050,20,081,"Kansas","Haskell County",2,8,54,25,29
050,20,081,"Kansas","Haskell County",2,9,56,27,29
050,20,081,"Kansas","Haskell County",2,10,60,34,26
050,20,081,"Kansas","Haskell County",2,11,62,35,27
050,20,081,"Kansas","Haskell County",2,12,64,37,27
050,20,081,"Kansas","Haskell County",2,13,60,35,25
050,20,081,"Kansas","Haskell County",2,14,64,37,27
050,20,081,"Kansas","Haskell County",2,15,73,40,33
050,20,081,"Kansas","Haskell County",2,16,65,36,29
050,20,081,"Kansas","Haskell County",2,17,66,38,28
050,20,081,"Kansas","Haskell County",2,18,57,32,25
050,20,081,"Kansas","Haskell County",2,19,51,29,22
050,20,081,"Kansas","Haskell County",2,20,48,23,25
050,20,081,"Kansas","Haskell County",2,21,44,18,26
050,20,081,"Kansas","Haskell County",2,22,50,24,26
050,20,081,"Kansas","Haskell County",2,23,54,28,26
050,20,081,"Kansas","Haskell County",2,24,44,20,24
050,20,081,"Kansas","Haskell County",2,25,50,25,25
050,20,081,"Kansas","Haskell County",2,26,49,28,21
050,20,081,"Kansas","Haskell County",2,27,53,29,24
050,20,081,"Kansas","Haskell County",2,28,47,27,20
050,20,081,"Kansas","Haskell County",2,29,41,21,20
050,20,081,"Kansas","Haskell County",2,30,39,21,18
050,20,081,"Kansas","Haskell County",2,31,43,20,23
050,20,081,"Kansas","Haskell County",2,32,46,22,24
050,20,081,"Kansas","Haskell County",2,33,44,26,18
050,20,081,"Kansas","Haskell County",2,34,45,22,23
050,20,081,"Kansas","Haskell County",2,35,42,19,23
050,20,081,"Kansas","Haskell County",2,36,33,18,15
050,20,081,"Kansas","Haskell County",2,37,34,19,15
050,20,081,"Kansas","Haskell County",2,38,41,22,19
050,20,081,"Kansas","Haskell County",2,39,44,18,26
050,20,081,"Kansas","Haskell County",2,40,47,22,25
050,20,081,"Kansas","Haskell County",2,41,43,22,21
050,20,081,"Kansas","Haskell County",2,42,44,25,19
050,20,081,"Kansas","Haskell County",2,43,41,23,18
050,20,081,"Kansas","Haskell County",2,44,39,22,17
050,20,081,"Kansas","Haskell County",2,45,43,24,19
050,20,081,"Kansas","Haskell County",2,46,40,20,20
050,20,081,"Kansas","Haskell County",2,47,43,20,23
050,20,081,"Kansas","Haskell County",2,48,50,24,26
050,20,081,"Kansas","Haskell County",2,49,43,20,23
050,20,081,"Kansas","Haskell County",2,50,39,20,19
050,20,081,"Kansas","Haskell County",2,51,42,20,22
050,20,081,"Kansas","Haskell County",2,52,44,22,22
050,20,081,"Kansas","Haskell County",2,53,41,20,21
050,20,081,"Kansas","Haskell County",2,54,39,19,20
050,20,081,"Kansas","Haskell County",2,55,41,18,23
050,20,081,"Kansas","Haskell County",2,56,44,22,22
050,20,081,"Kansas","Haskell County",2,57,54,27,27
050,20,081,"Kansas","Haskell County",2,58,48,20,28
050,20,081,"Kansas","Haskell County",2,59,45,20,25
050,20,081,"Kansas","Haskell County",2,60,45,23,22
050,20,081,"Kansas","Haskell County",2,61,51,29,22
050,20,081,"Kansas","Haskell County",2,62,49,27,22
050,20,081,"Kansas","Haskell County",2,63,49,26,23
050,20,081,"Kansas","Haskell County",2,64,46,21,25
050,20,081,"Kansas","Haskell County",2,65,45,19,26
050,20,081,"Kansas","Haskell County",2,66,39,15,24
050,20,081,"Kansas","Haskell County",2,67,40,21,19
050,20,081,"Kansas","Haskell County",2,68,44,27,17
050,20,081,"Kansas","Haskell County",2,69,41,22,19
050,20,081,"Kansas","Haskell County",2,70,37,22,15
050,20,081,"Kansas","Haskell County",2,71,36,22,14
050,20,081,"Kansas","Haskell County",2,72,32,16,16
050,20,081,"Kansas","Haskell County",2,73,31,12,19
050,20,081,"Kansas","Haskell County",2,74,20,10,10
050,20,081,"Kansas","Haskell County",2,75,19,9,10
050,20,081,"Kansas","Haskell County",2,76,16,8,8
050,20,081,"Kansas","Haskell County",2,77,20,12,8
050,20,081,"Kansas","Haskell County",2,78,19,9,10
050,20,081,"Kansas","Haskell County",2,79,24,12,12
050,20,081,"Kansas","Haskell County",2,80,15,7,8
050,20,081,"Kansas","Haskell County",2,81,17,7,10
050,20,081,"Kansas","Haskell County",2,82,12,6,6
050,20,081,"Kansas","Haskell County",2,83,10,5,5
050,20,081,"Kansas","Haskell County",2,84,12,5,7
050,20,081,"Kansas","Haskell County",2,85,71,20,51
050,20,081,"Kansas","Haskell County",3,0,49,24,25
050,20,081,"Kansas","Haskell County",3,1,50,26,24
050,20,081,"Kansas","Haskell County",3,2,52,25,27
050,20,081,"Kansas","Haskell County",3,3,53,19,34
050,20,081,"Kansas","Haskell County",3,4,47,20,27
050,20,081,"Kansas","Haskell County",3,5,53,25,28
050,20,081,"Kansas","Haskell County",3,6,54,23,31
050,20,081,"Kansas","Haskell County",3,7,52,32,20
050,20,081,"Kansas","Haskell County",3,8,51,25,26
050,20,081,"Kansas","Haskell County",3,9,45,21,24
050,20,081,"Kansas","Haskell County",3,10,50,23,27
050,20,081,"Kansas","Haskell County",3,11,57,31,26
050,20,081,"Kansas","Haskell County",3,12,65,38,27
050,20,081,"Kansas","Haskell County",3,13,61,36,25
050,20,081,"Kansas","Haskell County",3,14,53,31,22
050,20,081,"Kansas","Haskell County",3,15,61,35,26
050,20,081,"Kansas","Haskell County",3,16,71,38,33
050,20,081,"Kansas","Haskell County",3,17,58,32,26
050,20,081,"Kansas","Haskell County",3,18,52,32,20
050,20,081,"Kansas","Haskell County",3,19,46,27,19
050,20,081,"Kansas","Haskell County",3,20,50,30,20
050,20,081,"Kansas","Haskell County",3,21,44,20,24
050,20,081,"Kansas","Haskell County",3,22,43,17,26
050,20,081,"Kansas","Haskell County",3,23,52,27,25
050,20,081,"Kansas","Haskell County",3,24,50,26,24
050,20,081,"Kansas","Haskell County",3,25,42,16,26
050,20,081,"Kansas","Haskell County",3,26,51,24,27
050,20,081,"Kansas","Haskell County",3,27,46,27,19
050,20,081,"Kansas","Haskell County",3,28,48,29,19
050,20,081,"Kansas","Haskell County",3,29,44,25,19
050,20,081,"Kansas","Haskell County",3,30,42,21,21
050,20,081,"Kansas","Haskell County",3,31,37,21,16
050,20,081,"Kansas","Haskell County",3,32,35,14,21
050,20,081,"Kansas","Haskell County",3,33,44,22,22
050,20,081,"Kansas","Haskell County",3,34,43,26,17
050,20,081,"Kansas","Haskell County",3,35,42,20,22
050,20,081,"Kansas","Haskell County",3,36,40,19,21
050,20,081,"Kansas","Haskell County",3,37,35,19,16
050,20,081,"Kansas","Haskell County",3,38,37,19,18
050,20,081,"Kansas","Haskell County",3,39,48,28,20
050,20,081,"Kansas","Haskell County",3,40,43,17,26
050,20,081,"Kansas","Haskell County",3,41,47,23,24
050,20,081,"Kansas","Haskell County",3,42,45,23,22
050,20,081,"Kansas","Haskell County",3,43,37,23,14
050,20,081,"Kansas","Haskell County",3,44,38,20,18
050,20,081,"Kansas","Haskell County",3,45,39,22,17
050,20,081,"Kansas","Haskell County",3,46,44,24,20
050,20,081,"Kansas","Haskell County",3,47,35,17,18
050,20,081,"Kansas","Haskell County",3,48,42,20,22
050,20,081,"Kansas","Haskell County",3,49,48,23,25
050,20,081,"Kansas","Haskell County",3,50,44,21,23
050,20,081,"Kansas","Haskell County",3,51,35,19,16
050,20,081,"Kansas","Haskell County",3,52,38,17,21
050,20,081,"Kansas","Haskell County",3,53,41,20,21
050,20,081,"Kansas","Haskell County",3,54,43,22,21
050,20,081,"Kansas","Haskell County",3,55,39,19,20
050,20,081,"Kansas","Haskell County",3,56,40,17,23
050,20,081,"Kansas","Haskell County",3,57,45,22,23
050,20,081,"Kansas","Haskell County",3,58,54,27,27
050,20,081,"Kansas","Haskell County",3,59,48,20,28
050,20,081,"Kansas","Haskell County",3,60,47,21,26
050,20,081,"Kansas","Haskell County",3,61,44,23,21
050,20,081,"Kansas","Haskell County",3,62,48,29,19
050,20,081,"Kansas","Haskell County",3,63,46,24,22
050,20,081,"Kansas","Haskell County",3,64,48,26,22
050,20,081,"Kansas","Haskell County",3,65,45,20,25
050,20,081,"Kansas","Haskell County",3,66,42,18,24
050,20,081,"Kansas","Haskell County",3,67,36,12,24
050,20,081,"Kansas","Haskell County",3,68,42,23,19
050,20,081,"Kansas","Haskell County",3,69,40,24,16
050,20,081,"Kansas","Haskell County",3,70,41,22,19
050,20,081,"Kansas","Haskell County",3,71,36,22,14
050,20,081,"Kansas","Haskell County",3,72,34,21,13
050,20,081,"Kansas","Haskell County",3,73,32,15,17
050,20,081,"Kansas","Haskell County",3,74,29,13,16
050,20,081,"Kansas","Haskell County",3,75,21,10,11
050,20,081,"Kansas","Haskell County",3,76,20,8,12
050,20,081,"Kansas","Haskell County",3,77,17,10,7
050,20,081,"Kansas","Haskell County",3,78,18,10,8
050,20,081,"Kansas","Haskell County",3,79,25,12,13
050,20,081,"Kansas","Haskell County",3,80,16,9,7
050,20,081,"Kansas","Haskell County",3,81,16,7,9
050,20,081,"Kansas","Haskell County",3,82,13,5,8
050,20,081,"Kansas","Haskell County",3,83,11,6,5
050,20,081,"Kansas","Haskell County",3,84,11,6,5
050,20,081,"Kansas","Haskell County",3,85,76,23,53
050,20,081,"Kansas","Haskell County",4,0,58,30,28
050,20,081,"Kansas","Haskell County",4,1,40,18,22
050,20,081,"Kansas","Haskell County",4,2,48,23,25
050,20,081,"Kansas","Haskell County",4,3,49,27,22
050,20,081,"Kansas","Haskell County",4,4,53,21,32
050,20,081,"Kansas","Haskell County",4,5,49,21,28
050,20,081,"Kansas","Haskell County",4,6,55,25,30
050,20,081,"Kansas","Haskell County",4,7,48,19,29
050,20,081,"Kansas","Haskell County",4,8,53,34,19
050,20,081,"Kansas","Haskell County",4,9,54,27,27
050,20,081,"Kansas","Haskell County",4,10,42,17,25
050,20,081,"Kansas","Haskell County",4,11,48,20,28
050,20,081,"Kansas","Haskell County",4,12,56,30,26
050,20,081,"Kansas","Haskell County",4,13,58,32,26
050,20,081,"Kansas","Haskell County",4,14,56,32,24
050,20,081,"Kansas","Haskell County",4,15,52,33,19
050,20,081,"Kansas","Haskell County",4,16,60,34,26
050,20,081,"Kansas","Haskell County",4,17,68,36,32
050,20,081,"Kansas","Haskell County",4,18,48,23,25
050,20,081,"Kansas","Haskell County",4,19,40,24,16
050,20,081,"Kansas","Haskell County",4,20,45,26,19
050,20,081,"Kansas","Haskell County",4,21,50,28,22
050,20,081,"Kansas","Haskell County",4,22,42,21,21
050,20,081,"Kansas","Haskell County",4,23,49,18,31
050,20,081,"Kansas","Haskell County",4,24,52,24,28
050,20,081,"Kansas","Haskell County",4,25,50,27,23
050,20,081,"Kansas","Haskell County",4,26,46,22,24
050,20,081,"Kansas","Haskell County",4,27,50,23,27
050,20,081,"Kansas","Haskell County",4,28,46,26,20
050,20,081,"Kansas","Haskell County",4,29,44,25,19
050,20,081,"Kansas","Haskell County",4,30,46,26,20
050,20,081,"Kansas","Haskell County",4,31,45,22,23
050,20,081,"Kansas","Haskell County",4,32,40,21,19
050,20,081,"Kansas","Haskell County",4,33,35,14,21
050,20,081,"Kansas","Haskell County",4,34,48,26,22
050,20,081,"Kansas","Haskell County",4,35,44,27,17
050,20,081,"Kansas","Haskell County",4,36,42,19,23
050,20,081,"Kansas","Haskell County",4,37,35,18,17
050,20,081,"Kansas","Haskell County",4,38,36,19,17
050,20,081,"Kansas","Haskell County",4,39,35,18,17
050,20,081,"Kansas","Haskell County",4,40,46,27,19
050,20,081,"Kansas","Haskell County",4,41,38,15,23
050,20,081,"Kansas","Haskell County",4,42,42,22,20
050,20,081,"Kansas","Haskell County",4,43,38,17,21
050,20,081,"Kansas","Haskell County",4,44,41,26,15
050,20,081,"Kansas","Haskell County",4,45,35,18,17
050,20,081,"Kansas","Haskell County",4,46,31,13,18
050,20,081,"Kansas","Haskell County",4,47,46,25,21
050,20,081,"Kansas","Haskell County",4,48,33,15,18
050,20,081,"Kansas","Haskell County",4,49,43,20,23
050,20,081,"Kansas","Haskell County",4,50,47,23,24
050,20,081,"Kansas","Haskell County",4,51,42,21,21
050,20,081,"Kansas","Haskell County",4,52,36,20,16
050,20,081,"Kansas","Haskell County",4,53,37,17,20
050,20,081,"Kansas","Haskell County",4,54,43,20,23
050,20,081,"Kansas","Haskell County",4,55,41,18,23
050,20,081,"Kansas","Haskell County",4,56,38,18,20
050,20,081,"Kansas","Haskell County",4,57,40,17,23
050,20,081,"Kansas","Haskell County",4,58,44,21,23
050,20,081,"Kansas","Haskell County",4,59,53,26,27
050,20,081,"Kansas","Haskell County",4,60,49,20,29
050,20,081,"Kansas","Haskell County",4,61,46,20,26
050,20,081,"Kansas","Haskell County",4,62,41,22,19
050,20,081,"Kansas","Haskell County",4,63,49,29,20
050,20,081,"Kansas","Haskell County",4,64,46,24,22
050,20,081,"Kansas","Haskell County",4,65,45,26,19
050,20,081,"Kansas","Haskell County",4,66,45,21,24
050,20,081,"Kansas","Haskell County",4,67,40,17,23
050,20,081,"Kansas","Haskell County",4,68,36,13,23
050,20,081,"Kansas","Haskell County",4,69,36,19,17
050,20,081,"Kansas","Haskell County",4,70,39,24,15
050,20,081,"Kansas","Haskell County",4,71,42,23,19
050,20,081,"Kansas","Haskell County",4,72,36,22,14
050,20,081,"Kansas","Haskell County",4,73,33,19,14
050,20,081,"Kansas","Haskell County",4,74,29,16,13
050,20,081,"Kansas","Haskell County",4,75,30,13,17
050,20,081,"Kansas","Haskell County",4,76,17,8,9
050,20,081,"Kansas","Haskell County",4,77,21,10,11
050,20,081,"Kansas","Haskell County",4,78,19,9,10
050,20,081,"Kansas","Haskell County",4,79,25,14,11
050,20,081,"Kansas","Haskell County",4,80,17,8,9
050,20,081,"Kansas","Haskell County",4,81,15,9,6
050,20,081,"Kansas","Haskell County",4,82,12,5,7
050,20,081,"Kansas","Haskell County",4,83,13,5,8
050,20,081,"Kansas","Haskell County",4,84,11,6,5
050,20,081,"Kansas","Haskell County",4,85,74,24,50
050,20,081,"Kansas","Haskell County",5,0,59,31,28
050,20,081,"Kansas","Haskell County",5,1,60,32,28
050,20,081,"Kansas","Haskell County",5,2,44,20,24
050,20,081,"Kansas","Haskell County",5,3,47,27,20
050,20,081,"Kansas","Haskell County",5,4,54,28,26
050,20,081,"Kansas","Haskell County",5,5,51,19,32
050,20,081,"Kansas","Haskell County",5,6,49,20,29
050,20,081,"Kansas","Haskell County",5,7,57,28,29
050,20,081,"Kansas","Haskell County",5,8,52,20,32
050,20,081,"Kansas","Haskell County",5,9,57,34,23
050,20,081,"Kansas","Haskell County",5,10,54,27,27
050,20,081,"Kansas","Haskell County",5,11,44,19,25
050,20,081,"Kansas","Haskell County",5,12,48,21,27
050,20,081,"Kansas","Haskell County",5,13,58,30,28
050,20,081,"Kansas","Haskell County",5,14,61,34,27
050,20,081,"Kansas","Haskell County",5,15,57,33,24
050,20,081,"Kansas","Haskell County",5,16,55,34,21
050,20,081,"Kansas","Haskell County",5,17,63,36,27
050,20,081,"Kansas","Haskell County",5,18,64,33,31
050,20,081,"Kansas","Haskell County",5,19,39,20,19
050,20,081,"Kansas","Haskell County",5,20,39,22,17
050,20,081,"Kansas","Haskell County",5,21,46,28,18
050,20,081,"Kansas","Haskell County",5,22,57,32,25
050,20,081,"Kansas","Haskell County",5,23,46,26,20
050,20,081,"Kansas","Haskell County",5,24,52,20,32
050,20,081,"Kansas","Haskell County",5,25,46,25,21
050,20,081,"Kansas","Haskell County",5,26,51,25,26
050,20,081,"Kansas","Haskell County",5,27,50,23,27
050,20,081,"Kansas","Haskell County",5,28,56,27,29
050,20,081,"Kansas","Haskell County",5,29,48,29,19
050,20,081,"Kansas","Haskell County",5,30,47,27,20
050,20,081,"Kansas","Haskell County",5,31,51,29,22
050,20,081,"Kansas","Haskell County",5,32,45,20,25
050,20,081,"Kansas","Haskell County",5,33,38,19,19
050,20,081,"Kansas","Haskell County",5,34,38,17,21
050,20,081,"Kansas","Haskell County",5,35,48,26,22
050,20,081,"Kansas","Haskell County",5,36,44,27,17
050,20,081,"Kansas","Haskell County",5,37,41,18,23
050,20,081,"Kansas","Haskell County",5,38,35,17,18
050,20,081,"Kansas","Haskell County",5,39,31,18,13
050,20,081,"Kansas","Haskell County",5,40,32,17,15
050,20,081,"Kansas","Haskell County",5,41,44,25,19
050,20,081,"Kansas","Haskell County",5,42,40,17,23
050,20,081,"Kansas","Haskell County",5,43,40,20,20
050,20,081,"Kansas","Haskell County",5,44,40,17,23
050,20,081,"Kansas","Haskell County",5,45,43,27,16
050,20,081,"Kansas","Haskell County",5,46,37,20,17
050,20,081,"Kansas","Haskell County",5,47,34,16,18
050,20,081,"Kansas","Haskell County",5,48,43,24,19
050,20,081,"Kansas","Haskell County",5,49,33,15,18
050,20,081,"Kansas","Haskell County",5,50,39,20,19
050,20,081,"Kansas","Haskell County",5,51,46,22,24
050,20,081,"Kansas","Haskell County",5,52,40,21,19
050,20,081,"Kansas","Haskell County",5,53,33,20,13
050,20,081,"Kansas","Haskell County",5,54,37,17,20
050,20,081,"Kansas","Haskell County",5,55,44,21,23
050,20,081,"Kansas","Haskell County",5,56,41,18,23
050,20,081,"Kansas","Haskell County",5,57,36,18,18
050,20,081,"Kansas","Haskell County",5,58,37,16,21
050,20,081,"Kansas","Haskell County",5,59,44,21,23
050,20,081,"Kansas","Haskell County",5,60,51,24,27
050,20,081,"Kansas","Haskell County",5,61,45,18,27
050,20,081,"Kansas","Haskell County",5,62,43,18,25
050,20,081,"Kansas","Haskell County",5,63,41,22,19
050,20,081,"Kansas","Haskell County",5,64,46,29,17
050,20,081,"Kansas","Haskell County",5,65,44,24,20
050,20,081,"Kansas","Haskell County",5,66,43,26,17
050,20,081,"Kansas","Haskell County",5,67,42,20,22
050,20,081,"Kansas","Haskell County",5,68,41,19,22
050,20,081,"Kansas","Haskell County",5,69,30,8,22
050,20,081,"Kansas","Haskell County",5,70,36,19,17
050,20,081,"Kansas","Haskell County",5,71,39,24,15
050,20,081,"Kansas","Haskell County",5,72,42,23,19
050,20,081,"Kansas","Haskell County",5,73,35,20,15
050,20,081,"Kansas","Haskell County",5,74,30,20,10
050,20,081,"Kansas","Haskell County",5,75,30,16,14
050,20,081,"Kansas","Haskell County",5,76,26,11,15
050,20,081,"Kansas","Haskell County",5,77,18,10,8
050,20,081,"Kansas","Haskell County",5,78,20,9,11
050,20,081,"Kansas","Haskell County",5,79,22,10,12
050,20,081,"Kansas","Haskell County",5,80,19,10,9
050,20,081,"Kansas","Haskell County",5,81,16,8,8
050,20,081,"Kansas","Haskell County",5,82,10,7,3
050,20,081,"Kansas","Haskell County",5,83,11,4,7
050,20,081,"Kansas","Haskell County",5,84,12,5,7
050,20,081,"Kansas","Haskell County",5,85,73,24,49
050,20,083,"Kansas","Hodgeman County",1,0,16,9,7
050,20,083,"Kansas","Hodgeman County",1,1,16,7,9
050,20,083,"Kansas","Hodgeman County",1,2,21,14,7
050,20,083,"Kansas","Hodgeman County",1,3,24,13,11
050,20,083,"Kansas","Hodgeman County",1,4,26,15,11
050,20,083,"Kansas","Hodgeman County",1,5,32,18,14
050,20,083,"Kansas","Hodgeman County",1,6,27,17,10
050,20,083,"Kansas","Hodgeman County",1,7,26,14,12
050,20,083,"Kansas","Hodgeman County",1,8,11,3,8
050,20,083,"Kansas","Hodgeman County",1,9,19,6,13
050,20,083,"Kansas","Hodgeman County",1,10,18,7,11
050,20,083,"Kansas","Hodgeman County",1,11,22,11,11
050,20,083,"Kansas","Hodgeman County",1,12,24,11,13
050,20,083,"Kansas","Hodgeman County",1,13,23,12,11
050,20,083,"Kansas","Hodgeman County",1,14,26,11,15
050,20,083,"Kansas","Hodgeman County",1,15,20,7,13
050,20,083,"Kansas","Hodgeman County",1,16,23,10,13
050,20,083,"Kansas","Hodgeman County",1,17,25,14,11
050,20,083,"Kansas","Hodgeman County",1,18,18,10,8
050,20,083,"Kansas","Hodgeman County",1,19,16,6,10
050,20,083,"Kansas","Hodgeman County",1,20,14,6,8
050,20,083,"Kansas","Hodgeman County",1,21,14,6,8
050,20,083,"Kansas","Hodgeman County",1,22,18,9,9
050,20,083,"Kansas","Hodgeman County",1,23,17,7,10
050,20,083,"Kansas","Hodgeman County",1,24,16,8,8
050,20,083,"Kansas","Hodgeman County",1,25,15,11,4
050,20,083,"Kansas","Hodgeman County",1,26,21,11,10
050,20,083,"Kansas","Hodgeman County",1,27,14,7,7
050,20,083,"Kansas","Hodgeman County",1,28,19,11,8
050,20,083,"Kansas","Hodgeman County",1,29,20,10,10
050,20,083,"Kansas","Hodgeman County",1,30,17,11,6
050,20,083,"Kansas","Hodgeman County",1,31,19,14,5
050,20,083,"Kansas","Hodgeman County",1,32,19,7,12
050,20,083,"Kansas","Hodgeman County",1,33,20,10,10
050,20,083,"Kansas","Hodgeman County",1,34,21,13,8
050,20,083,"Kansas","Hodgeman County",1,35,20,10,10
050,20,083,"Kansas","Hodgeman County",1,36,21,10,11
050,20,083,"Kansas","Hodgeman County",1,37,22,9,13
050,20,083,"Kansas","Hodgeman County",1,38,18,11,7
050,20,083,"Kansas","Hodgeman County",1,39,18,10,8
050,20,083,"Kansas","Hodgeman County",1,40,14,10,4
050,20,083,"Kansas","Hodgeman County",1,41,14,8,6
050,20,083,"Kansas","Hodgeman County",1,42,18,6,12
050,20,083,"Kansas","Hodgeman County",1,43,18,8,10
050,20,083,"Kansas","Hodgeman County",1,44,12,7,5
050,20,083,"Kansas","Hodgeman County",1,45,16,8,8
050,20,083,"Kansas","Hodgeman County",1,46,15,8,7
050,20,083,"Kansas","Hodgeman County",1,47,21,13,8
050,20,083,"Kansas","Hodgeman County",1,48,17,8,9
050,20,083,"Kansas","Hodgeman County",1,49,16,7,9
050,20,083,"Kansas","Hodgeman County",1,50,16,9,7
050,20,083,"Kansas","Hodgeman County",1,51,18,9,9
050,20,083,"Kansas","Hodgeman County",1,52,20,9,11
050,20,083,"Kansas","Hodgeman County",1,53,20,12,8
050,20,083,"Kansas","Hodgeman County",1,54,18,13,5
050,20,083,"Kansas","Hodgeman County",1,55,23,11,12
050,20,083,"Kansas","Hodgeman County",1,56,21,8,13
050,20,083,"Kansas","Hodgeman County",1,57,25,9,16
050,20,083,"Kansas","Hodgeman County",1,58,27,12,15
050,20,083,"Kansas","Hodgeman County",1,59,37,22,15
050,20,083,"Kansas","Hodgeman County",1,60,32,17,15
050,20,083,"Kansas","Hodgeman County",1,61,34,16,18
050,20,083,"Kansas","Hodgeman County",1,62,37,23,14
050,20,083,"Kansas","Hodgeman County",1,63,32,19,13
050,20,083,"Kansas","Hodgeman County",1,64,27,18,9
050,20,083,"Kansas","Hodgeman County",1,65,21,13,8
050,20,083,"Kansas","Hodgeman County",1,66,21,10,11
050,20,083,"Kansas","Hodgeman County",1,67,23,14,9
050,20,083,"Kansas","Hodgeman County",1,68,18,12,6
050,20,083,"Kansas","Hodgeman County",1,69,23,13,10
050,20,083,"Kansas","Hodgeman County",1,70,21,14,7
050,20,083,"Kansas","Hodgeman County",1,71,18,9,9
050,20,083,"Kansas","Hodgeman County",1,72,15,8,7
050,20,083,"Kansas","Hodgeman County",1,73,20,7,13
050,20,083,"Kansas","Hodgeman County",1,74,13,9,4
050,20,083,"Kansas","Hodgeman County",1,75,12,8,4
050,20,083,"Kansas","Hodgeman County",1,76,13,7,6
050,20,083,"Kansas","Hodgeman County",1,77,12,5,7
050,20,083,"Kansas","Hodgeman County",1,78,12,3,9
050,20,083,"Kansas","Hodgeman County",1,79,15,8,7
050,20,083,"Kansas","Hodgeman County",1,80,14,4,10
050,20,083,"Kansas","Hodgeman County",1,81,18,6,12
050,20,083,"Kansas","Hodgeman County",1,82,15,6,9
050,20,083,"Kansas","Hodgeman County",1,83,11,4,7
050,20,083,"Kansas","Hodgeman County",1,84,5,2,3
050,20,083,"Kansas","Hodgeman County",1,85,57,33,24
050,20,083,"Kansas","Hodgeman County",2,0,21,8,13
050,20,083,"Kansas","Hodgeman County",2,1,16,8,8
050,20,083,"Kansas","Hodgeman County",2,2,21,12,9
050,20,083,"Kansas","Hodgeman County",2,3,24,14,10
050,20,083,"Kansas","Hodgeman County",2,4,27,15,12
050,20,083,"Kansas","Hodgeman County",2,5,31,18,13
050,20,083,"Kansas","Hodgeman County",2,6,29,18,11
050,20,083,"Kansas","Hodgeman County",2,7,26,14,12
050,20,083,"Kansas","Hodgeman County",2,8,14,5,9
050,20,083,"Kansas","Hodgeman County",2,9,17,5,12
050,20,083,"Kansas","Hodgeman County",2,10,19,7,12
050,20,083,"Kansas","Hodgeman County",2,11,20,9,11
050,20,083,"Kansas","Hodgeman County",2,12,24,11,13
050,20,083,"Kansas","Hodgeman County",2,13,22,11,11
050,20,083,"Kansas","Hodgeman County",2,14,24,10,14
050,20,083,"Kansas","Hodgeman County",2,15,22,8,14
050,20,083,"Kansas","Hodgeman County",2,16,24,10,14
050,20,083,"Kansas","Hodgeman County",2,17,24,13,11
050,20,083,"Kansas","Hodgeman County",2,18,18,9,9
050,20,083,"Kansas","Hodgeman County",2,19,15,6,9
050,20,083,"Kansas","Hodgeman County",2,20,15,7,8
050,20,083,"Kansas","Hodgeman County",2,21,14,6,8
050,20,083,"Kansas","Hodgeman County",2,22,18,8,10
050,20,083,"Kansas","Hodgeman County",2,23,19,8,11
050,20,083,"Kansas","Hodgeman County",2,24,15,8,7
050,20,083,"Kansas","Hodgeman County",2,25,17,11,6
050,20,083,"Kansas","Hodgeman County",2,26,19,10,9
050,20,083,"Kansas","Hodgeman County",2,27,17,9,8
050,20,083,"Kansas","Hodgeman County",2,28,18,10,8
050,20,083,"Kansas","Hodgeman County",2,29,20,10,10
050,20,083,"Kansas","Hodgeman County",2,30,19,12,7
050,20,083,"Kansas","Hodgeman County",2,31,18,13,5
050,20,083,"Kansas","Hodgeman County",2,32,18,8,10
050,20,083,"Kansas","Hodgeman County",2,33,19,9,10
050,20,083,"Kansas","Hodgeman County",2,34,20,12,8
050,20,083,"Kansas","Hodgeman County",2,35,21,11,10
050,20,083,"Kansas","Hodgeman County",2,36,21,10,11
050,20,083,"Kansas","Hodgeman County",2,37,23,10,13
050,20,083,"Kansas","Hodgeman County",2,38,19,11,8
050,20,083,"Kansas","Hodgeman County",2,39,19,11,8
050,20,083,"Kansas","Hodgeman County",2,40,15,10,5
050,20,083,"Kansas","Hodgeman County",2,41,14,9,5
050,20,083,"Kansas","Hodgeman County",2,42,17,6,11
050,20,083,"Kansas","Hodgeman County",2,43,19,8,11
050,20,083,"Kansas","Hodgeman County",2,44,13,7,6
050,20,083,"Kansas","Hodgeman County",2,45,15,8,7
050,20,083,"Kansas","Hodgeman County",2,46,15,8,7
050,20,083,"Kansas","Hodgeman County",2,47,20,12,8
050,20,083,"Kansas","Hodgeman County",2,48,18,10,8
050,20,083,"Kansas","Hodgeman County",2,49,16,7,9
050,20,083,"Kansas","Hodgeman County",2,50,16,8,8
050,20,083,"Kansas","Hodgeman County",2,51,17,9,8
050,20,083,"Kansas","Hodgeman County",2,52,21,10,11
050,20,083,"Kansas","Hodgeman County",2,53,20,11,9
050,20,083,"Kansas","Hodgeman County",2,54,18,13,5
050,20,083,"Kansas","Hodgeman County",2,55,21,11,10
050,20,083,"Kansas","Hodgeman County",2,56,21,8,13
050,20,083,"Kansas","Hodgeman County",2,57,25,9,16
050,20,083,"Kansas","Hodgeman County",2,58,26,11,15
050,20,083,"Kansas","Hodgeman County",2,59,36,21,15
050,20,083,"Kansas","Hodgeman County",2,60,33,18,15
050,20,083,"Kansas","Hodgeman County",2,61,34,16,18
050,20,083,"Kansas","Hodgeman County",2,62,37,22,15
050,20,083,"Kansas","Hodgeman County",2,63,34,20,14
050,20,083,"Kansas","Hodgeman County",2,64,27,18,9
050,20,083,"Kansas","Hodgeman County",2,65,22,14,8
050,20,083,"Kansas","Hodgeman County",2,66,21,11,10
050,20,083,"Kansas","Hodgeman County",2,67,23,13,10
050,20,083,"Kansas","Hodgeman County",2,68,19,12,7
050,20,083,"Kansas","Hodgeman County",2,69,22,13,9
050,20,083,"Kansas","Hodgeman County",2,70,22,14,8
050,20,083,"Kansas","Hodgeman County",2,71,19,10,9
050,20,083,"Kansas","Hodgeman County",2,72,15,8,7
050,20,083,"Kansas","Hodgeman County",2,73,20,8,12
050,20,083,"Kansas","Hodgeman County",2,74,14,8,6
050,20,083,"Kansas","Hodgeman County",2,75,12,8,4
050,20,083,"Kansas","Hodgeman County",2,76,13,7,6
050,20,083,"Kansas","Hodgeman County",2,77,12,5,7
050,20,083,"Kansas","Hodgeman County",2,78,11,3,8
050,20,083,"Kansas","Hodgeman County",2,79,14,7,7
050,20,083,"Kansas","Hodgeman County",2,80,14,5,9
050,20,083,"Kansas","Hodgeman County",2,81,17,5,12
050,20,083,"Kansas","Hodgeman County",2,82,16,6,10
050,20,083,"Kansas","Hodgeman County",2,83,11,4,7
050,20,083,"Kansas","Hodgeman County",2,84,7,3,4
050,20,083,"Kansas","Hodgeman County",2,85,58,34,24
050,20,083,"Kansas","Hodgeman County",3,0,13,6,7
050,20,083,"Kansas","Hodgeman County",3,1,22,10,12
050,20,083,"Kansas","Hodgeman County",3,2,16,8,8
050,20,083,"Kansas","Hodgeman County",3,3,20,11,9
050,20,083,"Kansas","Hodgeman County",3,4,21,12,9
050,20,083,"Kansas","Hodgeman County",3,5,28,15,13
050,20,083,"Kansas","Hodgeman County",3,6,26,17,9
050,20,083,"Kansas","Hodgeman County",3,7,26,16,10
050,20,083,"Kansas","Hodgeman County",3,8,26,13,13
050,20,083,"Kansas","Hodgeman County",3,9,15,5,10
050,20,083,"Kansas","Hodgeman County",3,10,16,5,11
050,20,083,"Kansas","Hodgeman County",3,11,20,8,12
050,20,083,"Kansas","Hodgeman County",3,12,20,9,11
050,20,083,"Kansas","Hodgeman County",3,13,27,13,14
050,20,083,"Kansas","Hodgeman County",3,14,22,11,11
050,20,083,"Kansas","Hodgeman County",3,15,23,10,13
050,20,083,"Kansas","Hodgeman County",3,16,25,9,16
050,20,083,"Kansas","Hodgeman County",3,17,26,12,14
050,20,083,"Kansas","Hodgeman County",3,18,21,13,8
050,20,083,"Kansas","Hodgeman County",3,19,17,10,7
050,20,083,"Kansas","Hodgeman County",3,20,13,5,8
050,20,083,"Kansas","Hodgeman County",3,21,15,7,8
050,20,083,"Kansas","Hodgeman County",3,22,14,6,8
050,20,083,"Kansas","Hodgeman County",3,23,21,10,11
050,20,083,"Kansas","Hodgeman County",3,24,16,6,10
050,20,083,"Kansas","Hodgeman County",3,25,13,8,5
050,20,083,"Kansas","Hodgeman County",3,26,22,11,11
050,20,083,"Kansas","Hodgeman County",3,27,17,9,8
050,20,083,"Kansas","Hodgeman County",3,28,16,9,7
050,20,083,"Kansas","Hodgeman County",3,29,17,9,8
050,20,083,"Kansas","Hodgeman County",3,30,21,9,12
050,20,083,"Kansas","Hodgeman County",3,31,18,12,6
050,20,083,"Kansas","Hodgeman County",3,32,18,12,6
050,20,083,"Kansas","Hodgeman County",3,33,19,9,10
050,20,083,"Kansas","Hodgeman County",3,34,22,10,12
050,20,083,"Kansas","Hodgeman County",3,35,21,12,9
050,20,083,"Kansas","Hodgeman County",3,36,22,11,11
050,20,083,"Kansas","Hodgeman County",3,37,21,9,12
050,20,083,"Kansas","Hodgeman County",3,38,23,10,13
050,20,083,"Kansas","Hodgeman County",3,39,18,11,7
050,20,083,"Kansas","Hodgeman County",3,40,19,11,8
050,20,083,"Kansas","Hodgeman County",3,41,15,9,6
050,20,083,"Kansas","Hodgeman County",3,42,14,9,5
050,20,083,"Kansas","Hodgeman County",3,43,19,7,12
050,20,083,"Kansas","Hodgeman County",3,44,17,7,10
050,20,083,"Kansas","Hodgeman County",3,45,13,7,6
050,20,083,"Kansas","Hodgeman County",3,46,15,8,7
050,20,083,"Kansas","Hodgeman County",3,47,16,8,8
050,20,083,"Kansas","Hodgeman County",3,48,20,13,7
050,20,083,"Kansas","Hodgeman County",3,49,18,10,8
050,20,083,"Kansas","Hodgeman County",3,50,18,8,10
050,20,083,"Kansas","Hodgeman County",3,51,15,7,8
050,20,083,"Kansas","Hodgeman County",3,52,20,11,9
050,20,083,"Kansas","Hodgeman County",3,53,19,9,10
050,20,083,"Kansas","Hodgeman County",3,54,21,12,9
050,20,083,"Kansas","Hodgeman County",3,55,20,15,5
050,20,083,"Kansas","Hodgeman County",3,56,20,10,10
050,20,083,"Kansas","Hodgeman County",3,57,21,8,13
050,20,083,"Kansas","Hodgeman County",3,58,29,10,19
050,20,083,"Kansas","Hodgeman County",3,59,29,13,16
050,20,083,"Kansas","Hodgeman County",3,60,37,22,15
050,20,083,"Kansas","Hodgeman County",3,61,31,17,14
050,20,083,"Kansas","Hodgeman County",3,62,31,15,16
050,20,083,"Kansas","Hodgeman County",3,63,36,21,15
050,20,083,"Kansas","Hodgeman County",3,64,31,18,13
050,20,083,"Kansas","Hodgeman County",3,65,28,19,9
050,20,083,"Kansas","Hodgeman County",3,66,23,14,9
050,20,083,"Kansas","Hodgeman County",3,67,21,11,10
050,20,083,"Kansas","Hodgeman County",3,68,20,10,10
050,20,083,"Kansas","Hodgeman County",3,69,19,11,8
050,20,083,"Kansas","Hodgeman County",3,70,20,13,7
050,20,083,"Kansas","Hodgeman County",3,71,21,13,8
050,20,083,"Kansas","Hodgeman County",3,72,19,11,8
050,20,083,"Kansas","Hodgeman County",3,73,12,7,5
050,20,083,"Kansas","Hodgeman County",3,74,21,8,13
050,20,083,"Kansas","Hodgeman County",3,75,12,6,6
050,20,083,"Kansas","Hodgeman County",3,76,10,6,4
050,20,083,"Kansas","Hodgeman County",3,77,13,7,6
050,20,083,"Kansas","Hodgeman County",3,78,12,6,6
050,20,083,"Kansas","Hodgeman County",3,79,11,3,8
050,20,083,"Kansas","Hodgeman County",3,80,13,6,7
050,20,083,"Kansas","Hodgeman County",3,81,10,4,6
050,20,083,"Kansas","Hodgeman County",3,82,16,5,11
050,20,083,"Kansas","Hodgeman County",3,83,16,6,10
050,20,083,"Kansas","Hodgeman County",3,84,9,2,7
050,20,083,"Kansas","Hodgeman County",3,85,57,32,25
050,20,083,"Kansas","Hodgeman County",4,0,11,8,3
050,20,083,"Kansas","Hodgeman County",4,1,17,10,7
050,20,083,"Kansas","Hodgeman County",4,2,22,10,12
050,20,083,"Kansas","Hodgeman County",4,3,18,9,9
050,20,083,"Kansas","Hodgeman County",4,4,22,13,9
050,20,083,"Kansas","Hodgeman County",4,5,22,13,9
050,20,083,"Kansas","Hodgeman County",4,6,30,14,16
050,20,083,"Kansas","Hodgeman County",4,7,30,17,13
050,20,083,"Kansas","Hodgeman County",4,8,29,18,11
050,20,083,"Kansas","Hodgeman County",4,9,28,16,12
050,20,083,"Kansas","Hodgeman County",4,10,18,6,12
050,20,083,"Kansas","Hodgeman County",4,11,21,9,12
050,20,083,"Kansas","Hodgeman County",4,12,19,7,12
050,20,083,"Kansas","Hodgeman County",4,13,22,10,12
050,20,083,"Kansas","Hodgeman County",4,14,26,13,13
050,20,083,"Kansas","Hodgeman County",4,15,22,11,11
050,20,083,"Kansas","Hodgeman County",4,16,24,11,13
050,20,083,"Kansas","Hodgeman County",4,17,22,7,15
050,20,083,"Kansas","Hodgeman County",4,18,22,10,12
050,20,083,"Kansas","Hodgeman County",4,19,12,8,4
050,20,083,"Kansas","Hodgeman County",4,20,19,11,8
050,20,083,"Kansas","Hodgeman County",4,21,13,7,6
050,20,083,"Kansas","Hodgeman County",4,22,15,7,8
050,20,083,"Kansas","Hodgeman County",4,23,10,6,4
050,20,083,"Kansas","Hodgeman County",4,24,17,8,9
050,20,083,"Kansas","Hodgeman County",4,25,10,3,7
050,20,083,"Kansas","Hodgeman County",4,26,13,8,5
050,20,083,"Kansas","Hodgeman County",4,27,19,11,8
050,20,083,"Kansas","Hodgeman County",4,28,15,9,6
050,20,083,"Kansas","Hodgeman County",4,29,19,9,10
050,20,083,"Kansas","Hodgeman County",4,30,22,10,12
050,20,083,"Kansas","Hodgeman County",4,31,23,10,13
050,20,083,"Kansas","Hodgeman County",4,32,18,11,7
050,20,083,"Kansas","Hodgeman County",4,33,18,11,7
050,20,083,"Kansas","Hodgeman County",4,34,23,13,10
050,20,083,"Kansas","Hodgeman County",4,35,22,10,12
050,20,083,"Kansas","Hodgeman County",4,36,20,12,8
050,20,083,"Kansas","Hodgeman County",4,37,21,11,10
050,20,083,"Kansas","Hodgeman County",4,38,22,9,13
050,20,083,"Kansas","Hodgeman County",4,39,26,12,14
050,20,083,"Kansas","Hodgeman County",4,40,19,11,8
050,20,083,"Kansas","Hodgeman County",4,41,21,12,9
050,20,083,"Kansas","Hodgeman County",4,42,16,9,7
050,20,083,"Kansas","Hodgeman County",4,43,15,10,5
050,20,083,"Kansas","Hodgeman County",4,44,16,4,12
050,20,083,"Kansas","Hodgeman County",4,45,20,10,10
050,20,083,"Kansas","Hodgeman County",4,46,13,7,6
050,20,083,"Kansas","Hodgeman County",4,47,14,7,7
050,20,083,"Kansas","Hodgeman County",4,48,17,9,8
050,20,083,"Kansas","Hodgeman County",4,49,21,14,7
050,20,083,"Kansas","Hodgeman County",4,50,18,10,8
050,20,083,"Kansas","Hodgeman County",4,51,17,7,10
050,20,083,"Kansas","Hodgeman County",4,52,15,7,8
050,20,083,"Kansas","Hodgeman County",4,53,19,10,9
050,20,083,"Kansas","Hodgeman County",4,54,20,10,10
050,20,083,"Kansas","Hodgeman County",4,55,21,12,9
050,20,083,"Kansas","Hodgeman County",4,56,19,14,5
050,20,083,"Kansas","Hodgeman County",4,57,18,10,8
050,20,083,"Kansas","Hodgeman County",4,58,23,9,14
050,20,083,"Kansas","Hodgeman County",4,59,27,9,18
050,20,083,"Kansas","Hodgeman County",4,60,29,13,16
050,20,083,"Kansas","Hodgeman County",4,61,37,22,15
050,20,083,"Kansas","Hodgeman County",4,62,32,17,15
050,20,083,"Kansas","Hodgeman County",4,63,29,14,15
050,20,083,"Kansas","Hodgeman County",4,64,36,21,15
050,20,083,"Kansas","Hodgeman County",4,65,32,21,11
050,20,083,"Kansas","Hodgeman County",4,66,26,19,7
050,20,083,"Kansas","Hodgeman County",4,67,21,12,9
050,20,083,"Kansas","Hodgeman County",4,68,20,10,10
050,20,083,"Kansas","Hodgeman County",4,69,18,9,9
050,20,083,"Kansas","Hodgeman County",4,70,19,11,8
050,20,083,"Kansas","Hodgeman County",4,71,16,10,6
050,20,083,"Kansas","Hodgeman County",4,72,20,12,8
050,20,083,"Kansas","Hodgeman County",4,73,18,11,7
050,20,083,"Kansas","Hodgeman County",4,74,11,6,5
050,20,083,"Kansas","Hodgeman County",4,75,19,6,13
050,20,083,"Kansas","Hodgeman County",4,76,9,4,5
050,20,083,"Kansas","Hodgeman County",4,77,7,5,2
050,20,083,"Kansas","Hodgeman County",4,78,9,6,3
050,20,083,"Kansas","Hodgeman County",4,79,11,6,5
050,20,083,"Kansas","Hodgeman County",4,80,9,2,7
050,20,083,"Kansas","Hodgeman County",4,81,12,6,6
050,20,083,"Kansas","Hodgeman County",4,82,8,2,6
050,20,083,"Kansas","Hodgeman County",4,83,15,5,10
050,20,083,"Kansas","Hodgeman County",4,84,14,5,9
050,20,083,"Kansas","Hodgeman County",4,85,49,28,21
050,20,083,"Kansas","Hodgeman County",5,0,11,8,3
050,20,083,"Kansas","Hodgeman County",5,1,15,12,3
050,20,083,"Kansas","Hodgeman County",5,2,16,10,6
050,20,083,"Kansas","Hodgeman County",5,3,21,10,11
050,20,083,"Kansas","Hodgeman County",5,4,17,9,8
050,20,083,"Kansas","Hodgeman County",5,5,21,12,9
050,20,083,"Kansas","Hodgeman County",5,6,25,14,11
050,20,083,"Kansas","Hodgeman County",5,7,28,13,15
050,20,083,"Kansas","Hodgeman County",5,8,28,15,13
050,20,083,"Kansas","Hodgeman County",5,9,29,18,11
050,20,083,"Kansas","Hodgeman County",5,10,28,15,13
050,20,083,"Kansas","Hodgeman County",5,11,18,6,12
050,20,083,"Kansas","Hodgeman County",5,12,20,9,11
050,20,083,"Kansas","Hodgeman County",5,13,16,5,11
050,20,083,"Kansas","Hodgeman County",5,14,23,10,13
050,20,083,"Kansas","Hodgeman County",5,15,28,15,13
050,20,083,"Kansas","Hodgeman County",5,16,23,12,11
050,20,083,"Kansas","Hodgeman County",5,17,23,10,13
050,20,083,"Kansas","Hodgeman County",5,18,20,8,12
050,20,083,"Kansas","Hodgeman County",5,19,15,7,8
050,20,083,"Kansas","Hodgeman County",5,20,14,10,4
050,20,083,"Kansas","Hodgeman County",5,21,16,10,6
050,20,083,"Kansas","Hodgeman County",5,22,16,8,8
050,20,083,"Kansas","Hodgeman County",5,23,16,8,8
050,20,083,"Kansas","Hodgeman County",5,24,12,6,6
050,20,083,"Kansas","Hodgeman County",5,25,13,5,8
050,20,083,"Kansas","Hodgeman County",5,26,9,3,6
050,20,083,"Kansas","Hodgeman County",5,27,15,8,7
050,20,083,"Kansas","Hodgeman County",5,28,20,11,9
050,20,083,"Kansas","Hodgeman County",5,29,18,12,6
050,20,083,"Kansas","Hodgeman County",5,30,18,7,11
050,20,083,"Kansas","Hodgeman County",5,31,20,9,11
050,20,083,"Kansas","Hodgeman County",5,32,20,9,11
050,20,083,"Kansas","Hodgeman County",5,33,18,11,7
050,20,083,"Kansas","Hodgeman County",5,34,24,16,8
050,20,083,"Kansas","Hodgeman County",5,35,23,13,10
050,20,083,"Kansas","Hodgeman County",5,36,22,10,12
050,20,083,"Kansas","Hodgeman County",5,37,19,10,9
050,20,083,"Kansas","Hodgeman County",5,38,23,12,11
050,20,083,"Kansas","Hodgeman County",5,39,24,11,13
050,20,083,"Kansas","Hodgeman County",5,40,23,11,12
050,20,083,"Kansas","Hodgeman County",5,41,19,11,8
050,20,083,"Kansas","Hodgeman County",5,42,21,11,10
050,20,083,"Kansas","Hodgeman County",5,43,18,9,9
050,20,083,"Kansas","Hodgeman County",5,44,14,9,5
050,20,083,"Kansas","Hodgeman County",5,45,17,5,12
050,20,083,"Kansas","Hodgeman County",5,46,20,10,10
050,20,083,"Kansas","Hodgeman County",5,47,12,6,6
050,20,083,"Kansas","Hodgeman County",5,48,16,9,7
050,20,083,"Kansas","Hodgeman County",5,49,14,8,6
050,20,083,"Kansas","Hodgeman County",5,50,22,13,9
050,20,083,"Kansas","Hodgeman County",5,51,18,10,8
050,20,083,"Kansas","Hodgeman County",5,52,19,8,11
050,20,083,"Kansas","Hodgeman County",5,53,12,6,6
050,20,083,"Kansas","Hodgeman County",5,54,20,11,9
050,20,083,"Kansas","Hodgeman County",5,55,20,10,10
050,20,083,"Kansas","Hodgeman County",5,56,17,8,9
050,20,083,"Kansas","Hodgeman County",5,57,18,14,4
050,20,083,"Kansas","Hodgeman County",5,58,19,11,8
050,20,083,"Kansas","Hodgeman County",5,59,21,8,13
050,20,083,"Kansas","Hodgeman County",5,60,26,9,17
050,20,083,"Kansas","Hodgeman County",5,61,26,13,13
050,20,083,"Kansas","Hodgeman County",5,62,35,20,15
050,20,083,"Kansas","Hodgeman County",5,63,29,15,14
050,20,083,"Kansas","Hodgeman County",5,64,30,15,15
050,20,083,"Kansas","Hodgeman County",5,65,35,21,14
050,20,083,"Kansas","Hodgeman County",5,66,32,21,11
050,20,083,"Kansas","Hodgeman County",5,67,24,17,7
050,20,083,"Kansas","Hodgeman County",5,68,21,12,9
050,20,083,"Kansas","Hodgeman County",5,69,18,10,8
050,20,083,"Kansas","Hodgeman County",5,70,18,9,9
050,20,083,"Kansas","Hodgeman County",5,71,18,10,8
050,20,083,"Kansas","Hodgeman County",5,72,18,10,8
050,20,083,"Kansas","Hodgeman County",5,73,16,10,6
050,20,083,"Kansas","Hodgeman County",5,74,19,11,8
050,20,083,"Kansas","Hodgeman County",5,75,8,4,4
050,20,083,"Kansas","Hodgeman County",5,76,17,4,13
050,20,083,"Kansas","Hodgeman County",5,77,8,3,5
050,20,083,"Kansas","Hodgeman County",5,78,5,4,1
050,20,083,"Kansas","Hodgeman County",5,79,9,6,3
050,20,083,"Kansas","Hodgeman County",5,80,10,5,5
050,20,083,"Kansas","Hodgeman County",5,81,8,2,6
050,20,083,"Kansas","Hodgeman County",5,82,9,4,5
050,20,083,"Kansas","Hodgeman County",5,83,8,2,6
050,20,083,"Kansas","Hodgeman County",5,84,13,4,9
050,20,083,"Kansas","Hodgeman County",5,85,50,28,22
050,20,085,"Kansas","Jackson County",1,0,159,80,79
050,20,085,"Kansas","Jackson County",1,1,169,84,85
050,20,085,"Kansas","Jackson County",1,2,176,100,76
050,20,085,"Kansas","Jackson County",1,3,180,104,76
050,20,085,"Kansas","Jackson County",1,4,184,91,93
050,20,085,"Kansas","Jackson County",1,5,171,87,84
050,20,085,"Kansas","Jackson County",1,6,170,74,96
050,20,085,"Kansas","Jackson County",1,7,184,84,100
050,20,085,"Kansas","Jackson County",1,8,186,95,91
050,20,085,"Kansas","Jackson County",1,9,167,93,74
050,20,085,"Kansas","Jackson County",1,10,182,96,86
050,20,085,"Kansas","Jackson County",1,11,185,98,87
050,20,085,"Kansas","Jackson County",1,12,199,99,100
050,20,085,"Kansas","Jackson County",1,13,200,106,94
050,20,085,"Kansas","Jackson County",1,14,218,115,103
050,20,085,"Kansas","Jackson County",1,15,189,103,86
050,20,085,"Kansas","Jackson County",1,16,207,111,96
050,20,085,"Kansas","Jackson County",1,17,196,109,87
050,20,085,"Kansas","Jackson County",1,18,171,95,76
050,20,085,"Kansas","Jackson County",1,19,140,75,65
050,20,085,"Kansas","Jackson County",1,20,137,79,58
050,20,085,"Kansas","Jackson County",1,21,126,68,58
050,20,085,"Kansas","Jackson County",1,22,138,63,75
050,20,085,"Kansas","Jackson County",1,23,147,75,72
050,20,085,"Kansas","Jackson County",1,24,149,85,64
050,20,085,"Kansas","Jackson County",1,25,130,69,61
050,20,085,"Kansas","Jackson County",1,26,120,61,59
050,20,085,"Kansas","Jackson County",1,27,128,65,63
050,20,085,"Kansas","Jackson County",1,28,126,58,68
050,20,085,"Kansas","Jackson County",1,29,137,66,71
050,20,085,"Kansas","Jackson County",1,30,133,73,60
050,20,085,"Kansas","Jackson County",1,31,121,55,66
050,20,085,"Kansas","Jackson County",1,32,151,72,79
050,20,085,"Kansas","Jackson County",1,33,139,79,60
050,20,085,"Kansas","Jackson County",1,34,151,79,72
050,20,085,"Kansas","Jackson County",1,35,162,72,90
050,20,085,"Kansas","Jackson County",1,36,144,76,68
050,20,085,"Kansas","Jackson County",1,37,152,82,70
050,20,085,"Kansas","Jackson County",1,38,145,74,71
050,20,085,"Kansas","Jackson County",1,39,150,73,77
050,20,085,"Kansas","Jackson County",1,40,149,77,72
050,20,085,"Kansas","Jackson County",1,41,145,73,72
050,20,085,"Kansas","Jackson County",1,42,160,84,76
050,20,085,"Kansas","Jackson County",1,43,146,73,73
050,20,085,"Kansas","Jackson County",1,44,140,66,74
050,20,085,"Kansas","Jackson County",1,45,153,87,66
050,20,085,"Kansas","Jackson County",1,46,138,64,74
050,20,085,"Kansas","Jackson County",1,47,149,74,75
050,20,085,"Kansas","Jackson County",1,48,150,76,74
050,20,085,"Kansas","Jackson County",1,49,182,98,84
050,20,085,"Kansas","Jackson County",1,50,199,98,101
050,20,085,"Kansas","Jackson County",1,51,180,84,96
050,20,085,"Kansas","Jackson County",1,52,168,82,86
050,20,085,"Kansas","Jackson County",1,53,164,89,75
050,20,085,"Kansas","Jackson County",1,54,166,85,81
050,20,085,"Kansas","Jackson County",1,55,197,97,100
050,20,085,"Kansas","Jackson County",1,56,202,105,97
050,20,085,"Kansas","Jackson County",1,57,199,102,97
050,20,085,"Kansas","Jackson County",1,58,175,86,89
050,20,085,"Kansas","Jackson County",1,59,190,98,92
050,20,085,"Kansas","Jackson County",1,60,180,101,79
050,20,085,"Kansas","Jackson County",1,61,175,92,83
050,20,085,"Kansas","Jackson County",1,62,188,94,94
050,20,085,"Kansas","Jackson County",1,63,195,92,103
050,20,085,"Kansas","Jackson County",1,64,180,88,92
050,20,085,"Kansas","Jackson County",1,65,166,90,76
050,20,085,"Kansas","Jackson County",1,66,159,84,75
050,20,085,"Kansas","Jackson County",1,67,151,76,75
050,20,085,"Kansas","Jackson County",1,68,171,79,92
050,20,085,"Kansas","Jackson County",1,69,156,80,76
050,20,085,"Kansas","Jackson County",1,70,149,74,75
050,20,085,"Kansas","Jackson County",1,71,138,64,74
050,20,085,"Kansas","Jackson County",1,72,152,67,85
050,20,085,"Kansas","Jackson County",1,73,135,63,72
050,20,085,"Kansas","Jackson County",1,74,101,48,53
050,20,085,"Kansas","Jackson County",1,75,108,51,57
050,20,085,"Kansas","Jackson County",1,76,124,56,68
050,20,085,"Kansas","Jackson County",1,77,111,51,60
050,20,085,"Kansas","Jackson County",1,78,86,44,42
050,20,085,"Kansas","Jackson County",1,79,76,38,38
050,20,085,"Kansas","Jackson County",1,80,62,28,34
050,20,085,"Kansas","Jackson County",1,81,61,27,34
050,20,085,"Kansas","Jackson County",1,82,63,28,35
050,20,085,"Kansas","Jackson County",1,83,45,19,26
050,20,085,"Kansas","Jackson County",1,84,44,17,27
050,20,085,"Kansas","Jackson County",1,85,284,119,165
050,20,085,"Kansas","Jackson County",2,0,155,73,82
050,20,085,"Kansas","Jackson County",2,1,167,84,83
050,20,085,"Kansas","Jackson County",2,2,175,97,78
050,20,085,"Kansas","Jackson County",2,3,178,102,76
050,20,085,"Kansas","Jackson County",2,4,181,94,87
050,20,085,"Kansas","Jackson County",2,5,179,91,88
050,20,085,"Kansas","Jackson County",2,6,171,78,93
050,20,085,"Kansas","Jackson County",2,7,181,81,100
050,20,085,"Kansas","Jackson County",2,8,185,92,93
050,20,085,"Kansas","Jackson County",2,9,174,94,80
050,20,085,"Kansas","Jackson County",2,10,180,96,84
050,20,085,"Kansas","Jackson County",2,11,185,98,87
050,20,085,"Kansas","Jackson County",2,12,197,100,97
050,20,085,"Kansas","Jackson County",2,13,202,105,97
050,20,085,"Kansas","Jackson County",2,14,211,112,99
050,20,085,"Kansas","Jackson County",2,15,199,108,91
050,20,085,"Kansas","Jackson County",2,16,201,109,92
050,20,085,"Kansas","Jackson County",2,17,198,109,89
050,20,085,"Kansas","Jackson County",2,18,168,94,74
050,20,085,"Kansas","Jackson County",2,19,140,75,65
050,20,085,"Kansas","Jackson County",2,20,140,79,61
050,20,085,"Kansas","Jackson County",2,21,130,70,60
050,20,085,"Kansas","Jackson County",2,22,138,64,74
050,20,085,"Kansas","Jackson County",2,23,145,72,73
050,20,085,"Kansas","Jackson County",2,24,146,81,65
050,20,085,"Kansas","Jackson County",2,25,137,74,63
050,20,085,"Kansas","Jackson County",2,26,124,64,60
050,20,085,"Kansas","Jackson County",2,27,124,64,60
050,20,085,"Kansas","Jackson County",2,28,129,60,69
050,20,085,"Kansas","Jackson County",2,29,134,64,70
050,20,085,"Kansas","Jackson County",2,30,135,72,63
050,20,085,"Kansas","Jackson County",2,31,123,58,65
050,20,085,"Kansas","Jackson County",2,32,144,69,75
050,20,085,"Kansas","Jackson County",2,33,142,78,64
050,20,085,"Kansas","Jackson County",2,34,148,79,69
050,20,085,"Kansas","Jackson County",2,35,162,75,87
050,20,085,"Kansas","Jackson County",2,36,146,74,72
050,20,085,"Kansas","Jackson County",2,37,153,83,70
050,20,085,"Kansas","Jackson County",2,38,149,76,73
050,20,085,"Kansas","Jackson County",2,39,149,74,75
050,20,085,"Kansas","Jackson County",2,40,150,76,74
050,20,085,"Kansas","Jackson County",2,41,147,75,72
050,20,085,"Kansas","Jackson County",2,42,157,82,75
050,20,085,"Kansas","Jackson County",2,43,153,77,76
050,20,085,"Kansas","Jackson County",2,44,139,67,72
050,20,085,"Kansas","Jackson County",2,45,150,82,68
050,20,085,"Kansas","Jackson County",2,46,138,67,71
050,20,085,"Kansas","Jackson County",2,47,146,71,75
050,20,085,"Kansas","Jackson County",2,48,150,75,75
050,20,085,"Kansas","Jackson County",2,49,178,95,83
050,20,085,"Kansas","Jackson County",2,50,196,99,97
050,20,085,"Kansas","Jackson County",2,51,183,86,97
050,20,085,"Kansas","Jackson County",2,52,170,83,87
050,20,085,"Kansas","Jackson County",2,53,164,88,76
050,20,085,"Kansas","Jackson County",2,54,166,85,81
050,20,085,"Kansas","Jackson County",2,55,189,93,96
050,20,085,"Kansas","Jackson County",2,56,200,102,98
050,20,085,"Kansas","Jackson County",2,57,202,104,98
050,20,085,"Kansas","Jackson County",2,58,180,89,91
050,20,085,"Kansas","Jackson County",2,59,190,97,93
050,20,085,"Kansas","Jackson County",2,60,180,100,80
050,20,085,"Kansas","Jackson County",2,61,174,93,81
050,20,085,"Kansas","Jackson County",2,62,184,92,92
050,20,085,"Kansas","Jackson County",2,63,195,93,102
050,20,085,"Kansas","Jackson County",2,64,180,88,92
050,20,085,"Kansas","Jackson County",2,65,171,90,81
050,20,085,"Kansas","Jackson County",2,66,161,86,75
050,20,085,"Kansas","Jackson County",2,67,151,77,74
050,20,085,"Kansas","Jackson County",2,68,163,77,86
050,20,085,"Kansas","Jackson County",2,69,160,80,80
050,20,085,"Kansas","Jackson County",2,70,147,74,73
050,20,085,"Kansas","Jackson County",2,71,141,67,74
050,20,085,"Kansas","Jackson County",2,72,145,65,80
050,20,085,"Kansas","Jackson County",2,73,145,67,78
050,20,085,"Kansas","Jackson County",2,74,103,48,55
050,20,085,"Kansas","Jackson County",2,75,104,49,55
050,20,085,"Kansas","Jackson County",2,76,119,54,65
050,20,085,"Kansas","Jackson County",2,77,117,53,64
050,20,085,"Kansas","Jackson County",2,78,90,45,45
050,20,085,"Kansas","Jackson County",2,79,77,38,39
050,20,085,"Kansas","Jackson County",2,80,66,31,35
050,20,085,"Kansas","Jackson County",2,81,59,26,33
050,20,085,"Kansas","Jackson County",2,82,60,26,34
050,20,085,"Kansas","Jackson County",2,83,49,20,29
050,20,085,"Kansas","Jackson County",2,84,42,18,24
050,20,085,"Kansas","Jackson County",2,85,283,118,165
050,20,085,"Kansas","Jackson County",3,0,159,86,73
050,20,085,"Kansas","Jackson County",3,1,150,70,80
050,20,085,"Kansas","Jackson County",3,2,179,91,88
050,20,085,"Kansas","Jackson County",3,3,180,94,86
050,20,085,"Kansas","Jackson County",3,4,189,103,86
050,20,085,"Kansas","Jackson County",3,5,173,90,83
050,20,085,"Kansas","Jackson County",3,6,170,91,79
050,20,085,"Kansas","Jackson County",3,7,173,78,95
050,20,085,"Kansas","Jackson County",3,8,187,86,101
050,20,085,"Kansas","Jackson County",3,9,192,99,93
050,20,085,"Kansas","Jackson County",3,10,162,90,72
050,20,085,"Kansas","Jackson County",3,11,185,100,85
050,20,085,"Kansas","Jackson County",3,12,191,102,89
050,20,085,"Kansas","Jackson County",3,13,196,101,95
050,20,085,"Kansas","Jackson County",3,14,202,105,97
050,20,085,"Kansas","Jackson County",3,15,214,115,99
050,20,085,"Kansas","Jackson County",3,16,198,108,90
050,20,085,"Kansas","Jackson County",3,17,200,108,92
050,20,085,"Kansas","Jackson County",3,18,174,98,76
050,20,085,"Kansas","Jackson County",3,19,135,76,59
050,20,085,"Kansas","Jackson County",3,20,143,79,64
050,20,085,"Kansas","Jackson County",3,21,138,76,62
050,20,085,"Kansas","Jackson County",3,22,129,66,63
050,20,085,"Kansas","Jackson County",3,23,147,72,75
050,20,085,"Kansas","Jackson County",3,24,151,70,81
050,20,085,"Kansas","Jackson County",3,25,136,78,58
050,20,085,"Kansas","Jackson County",3,26,135,73,62
050,20,085,"Kansas","Jackson County",3,27,125,61,64
050,20,085,"Kansas","Jackson County",3,28,129,60,69
050,20,085,"Kansas","Jackson County",3,29,136,69,67
050,20,085,"Kansas","Jackson County",3,30,143,75,68
050,20,085,"Kansas","Jackson County",3,31,143,75,68
050,20,085,"Kansas","Jackson County",3,32,135,67,68
050,20,085,"Kansas","Jackson County",3,33,155,73,82
050,20,085,"Kansas","Jackson County",3,34,152,82,70
050,20,085,"Kansas","Jackson County",3,35,149,77,72
050,20,085,"Kansas","Jackson County",3,36,166,80,86
050,20,085,"Kansas","Jackson County",3,37,154,81,73
050,20,085,"Kansas","Jackson County",3,38,148,79,69
050,20,085,"Kansas","Jackson County",3,39,150,81,69
050,20,085,"Kansas","Jackson County",3,40,150,71,79
050,20,085,"Kansas","Jackson County",3,41,146,69,77
050,20,085,"Kansas","Jackson County",3,42,154,88,66
050,20,085,"Kansas","Jackson County",3,43,158,84,74
050,20,085,"Kansas","Jackson County",3,44,156,79,77
050,20,085,"Kansas","Jackson County",3,45,146,73,73
050,20,085,"Kansas","Jackson County",3,46,144,79,65
050,20,085,"Kansas","Jackson County",3,47,132,59,73
050,20,085,"Kansas","Jackson County",3,48,149,73,76
050,20,085,"Kansas","Jackson County",3,49,147,75,72
050,20,085,"Kansas","Jackson County",3,50,180,99,81
050,20,085,"Kansas","Jackson County",3,51,188,94,94
050,20,085,"Kansas","Jackson County",3,52,177,78,99
050,20,085,"Kansas","Jackson County",3,53,169,83,86
050,20,085,"Kansas","Jackson County",3,54,162,90,72
050,20,085,"Kansas","Jackson County",3,55,167,88,79
050,20,085,"Kansas","Jackson County",3,56,185,90,95
050,20,085,"Kansas","Jackson County",3,57,203,105,98
050,20,085,"Kansas","Jackson County",3,58,197,99,98
050,20,085,"Kansas","Jackson County",3,59,176,89,87
050,20,085,"Kansas","Jackson County",3,60,187,96,91
050,20,085,"Kansas","Jackson County",3,61,174,99,75
050,20,085,"Kansas","Jackson County",3,62,171,91,80
050,20,085,"Kansas","Jackson County",3,63,179,87,92
050,20,085,"Kansas","Jackson County",3,64,193,93,100
050,20,085,"Kansas","Jackson County",3,65,183,89,94
050,20,085,"Kansas","Jackson County",3,66,163,86,77
050,20,085,"Kansas","Jackson County",3,67,154,80,74
050,20,085,"Kansas","Jackson County",3,68,143,71,72
050,20,085,"Kansas","Jackson County",3,69,160,77,83
050,20,085,"Kansas","Jackson County",3,70,159,81,78
050,20,085,"Kansas","Jackson County",3,71,142,73,69
050,20,085,"Kansas","Jackson County",3,72,139,67,72
050,20,085,"Kansas","Jackson County",3,73,135,61,74
050,20,085,"Kansas","Jackson County",3,74,142,65,77
050,20,085,"Kansas","Jackson County",3,75,97,48,49
050,20,085,"Kansas","Jackson County",3,76,101,46,55
050,20,085,"Kansas","Jackson County",3,77,119,55,64
050,20,085,"Kansas","Jackson County",3,78,113,50,63
050,20,085,"Kansas","Jackson County",3,79,84,40,44
050,20,085,"Kansas","Jackson County",3,80,74,37,37
050,20,085,"Kansas","Jackson County",3,81,61,27,34
050,20,085,"Kansas","Jackson County",3,82,49,20,29
050,20,085,"Kansas","Jackson County",3,83,63,27,36
050,20,085,"Kansas","Jackson County",3,84,45,20,25
050,20,085,"Kansas","Jackson County",3,85,274,113,161
050,20,085,"Kansas","Jackson County",4,0,178,101,77
050,20,085,"Kansas","Jackson County",4,1,161,84,77
050,20,085,"Kansas","Jackson County",4,2,157,75,82
050,20,085,"Kansas","Jackson County",4,3,197,102,95
050,20,085,"Kansas","Jackson County",4,4,195,101,94
050,20,085,"Kansas","Jackson County",4,5,196,106,90
050,20,085,"Kansas","Jackson County",4,6,181,96,85
050,20,085,"Kansas","Jackson County",4,7,165,90,75
050,20,085,"Kansas","Jackson County",4,8,172,77,95
050,20,085,"Kansas","Jackson County",4,9,187,86,101
050,20,085,"Kansas","Jackson County",4,10,197,100,97
050,20,085,"Kansas","Jackson County",4,11,164,91,73
050,20,085,"Kansas","Jackson County",4,12,190,105,85
050,20,085,"Kansas","Jackson County",4,13,180,98,82
050,20,085,"Kansas","Jackson County",4,14,199,102,97
050,20,085,"Kansas","Jackson County",4,15,196,97,99
050,20,085,"Kansas","Jackson County",4,16,204,107,97
050,20,085,"Kansas","Jackson County",4,17,199,111,88
050,20,085,"Kansas","Jackson County",4,18,174,100,74
050,20,085,"Kansas","Jackson County",4,19,144,82,62
050,20,085,"Kansas","Jackson County",4,20,142,78,64
050,20,085,"Kansas","Jackson County",4,21,129,71,58
050,20,085,"Kansas","Jackson County",4,22,131,69,62
050,20,085,"Kansas","Jackson County",4,23,124,66,58
050,20,085,"Kansas","Jackson County",4,24,140,67,73
050,20,085,"Kansas","Jackson County",4,25,152,65,87
050,20,085,"Kansas","Jackson County",4,26,130,77,53
050,20,085,"Kansas","Jackson County",4,27,143,72,71
050,20,085,"Kansas","Jackson County",4,28,136,69,67
050,20,085,"Kansas","Jackson County",4,29,127,63,64
050,20,085,"Kansas","Jackson County",4,30,139,69,70
050,20,085,"Kansas","Jackson County",4,31,149,75,74
050,20,085,"Kansas","Jackson County",4,32,143,78,65
050,20,085,"Kansas","Jackson County",4,33,140,72,68
050,20,085,"Kansas","Jackson County",4,34,163,79,84
050,20,085,"Kansas","Jackson County",4,35,146,75,71
050,20,085,"Kansas","Jackson County",4,36,159,84,75
050,20,085,"Kansas","Jackson County",4,37,174,84,90
050,20,085,"Kansas","Jackson County",4,38,149,76,73
050,20,085,"Kansas","Jackson County",4,39,157,85,72
050,20,085,"Kansas","Jackson County",4,40,146,76,70
050,20,085,"Kansas","Jackson County",4,41,142,72,70
050,20,085,"Kansas","Jackson County",4,42,147,74,73
050,20,085,"Kansas","Jackson County",4,43,150,80,70
050,20,085,"Kansas","Jackson County",4,44,155,83,72
050,20,085,"Kansas","Jackson County",4,45,162,83,79
050,20,085,"Kansas","Jackson County",4,46,140,70,70
050,20,085,"Kansas","Jackson County",4,47,142,80,62
050,20,085,"Kansas","Jackson County",4,48,135,64,71
050,20,085,"Kansas","Jackson County",4,49,153,78,75
050,20,085,"Kansas","Jackson County",4,50,165,85,80
050,20,085,"Kansas","Jackson County",4,51,181,96,85
050,20,085,"Kansas","Jackson County",4,52,184,90,94
050,20,085,"Kansas","Jackson County",4,53,175,74,101
050,20,085,"Kansas","Jackson County",4,54,165,80,85
050,20,085,"Kansas","Jackson County",4,55,164,94,70
050,20,085,"Kansas","Jackson County",4,56,166,86,80
050,20,085,"Kansas","Jackson County",4,57,178,87,91
050,20,085,"Kansas","Jackson County",4,58,199,99,100
050,20,085,"Kansas","Jackson County",4,59,199,98,101
050,20,085,"Kansas","Jackson County",4,60,179,89,90
050,20,085,"Kansas","Jackson County",4,61,178,90,88
050,20,085,"Kansas","Jackson County",4,62,173,97,76
050,20,085,"Kansas","Jackson County",4,63,173,91,82
050,20,085,"Kansas","Jackson County",4,64,179,87,92
050,20,085,"Kansas","Jackson County",4,65,194,94,100
050,20,085,"Kansas","Jackson County",4,66,183,90,93
050,20,085,"Kansas","Jackson County",4,67,161,86,75
050,20,085,"Kansas","Jackson County",4,68,143,73,70
050,20,085,"Kansas","Jackson County",4,69,137,66,71
050,20,085,"Kansas","Jackson County",4,70,159,77,82
050,20,085,"Kansas","Jackson County",4,71,151,79,72
050,20,085,"Kansas","Jackson County",4,72,139,71,68
050,20,085,"Kansas","Jackson County",4,73,127,63,64
050,20,085,"Kansas","Jackson County",4,74,128,60,68
050,20,085,"Kansas","Jackson County",4,75,126,56,70
050,20,085,"Kansas","Jackson County",4,76,94,44,50
050,20,085,"Kansas","Jackson County",4,77,102,48,54
050,20,085,"Kansas","Jackson County",4,78,115,52,63
050,20,085,"Kansas","Jackson County",4,79,107,48,59
050,20,085,"Kansas","Jackson County",4,80,81,40,41
050,20,085,"Kansas","Jackson County",4,81,64,31,33
050,20,085,"Kansas","Jackson County",4,82,57,23,34
050,20,085,"Kansas","Jackson County",4,83,47,18,29
050,20,085,"Kansas","Jackson County",4,84,62,25,37
050,20,085,"Kansas","Jackson County",4,85,276,113,163
050,20,085,"Kansas","Jackson County",5,0,183,105,78
050,20,085,"Kansas","Jackson County",5,1,179,98,81
050,20,085,"Kansas","Jackson County",5,2,165,88,77
050,20,085,"Kansas","Jackson County",5,3,159,80,79
050,20,085,"Kansas","Jackson County",5,4,199,107,92
050,20,085,"Kansas","Jackson County",5,5,193,100,93
050,20,085,"Kansas","Jackson County",5,6,207,112,95
050,20,085,"Kansas","Jackson County",5,7,174,91,83
050,20,085,"Kansas","Jackson County",5,8,165,90,75
050,20,085,"Kansas","Jackson County",5,9,183,82,101
050,20,085,"Kansas","Jackson County",5,10,191,91,100
050,20,085,"Kansas","Jackson County",5,11,203,101,102
050,20,085,"Kansas","Jackson County",5,12,168,92,76
050,20,085,"Kansas","Jackson County",5,13,192,101,91
050,20,085,"Kansas","Jackson County",5,14,182,100,82
050,20,085,"Kansas","Jackson County",5,15,205,113,92
050,20,085,"Kansas","Jackson County",5,16,199,100,99
050,20,085,"Kansas","Jackson County",5,17,209,109,100
050,20,085,"Kansas","Jackson County",5,18,170,102,68
050,20,085,"Kansas","Jackson County",5,19,132,81,51
050,20,085,"Kansas","Jackson County",5,20,143,79,64
050,20,085,"Kansas","Jackson County",5,21,149,77,72
050,20,085,"Kansas","Jackson County",5,22,119,66,53
050,20,085,"Kansas","Jackson County",5,23,126,63,63
050,20,085,"Kansas","Jackson County",5,24,123,64,59
050,20,085,"Kansas","Jackson County",5,25,146,70,76
050,20,085,"Kansas","Jackson County",5,26,144,61,83
050,20,085,"Kansas","Jackson County",5,27,146,86,60
050,20,085,"Kansas","Jackson County",5,28,147,71,76
050,20,085,"Kansas","Jackson County",5,29,139,72,67
050,20,085,"Kansas","Jackson County",5,30,129,68,61
050,20,085,"Kansas","Jackson County",5,31,143,69,74
050,20,085,"Kansas","Jackson County",5,32,139,70,69
050,20,085,"Kansas","Jackson County",5,33,144,76,68
050,20,085,"Kansas","Jackson County",5,34,145,71,74
050,20,085,"Kansas","Jackson County",5,35,159,79,80
050,20,085,"Kansas","Jackson County",5,36,150,76,74
050,20,085,"Kansas","Jackson County",5,37,169,91,78
050,20,085,"Kansas","Jackson County",5,38,168,80,88
050,20,085,"Kansas","Jackson County",5,39,160,85,75
050,20,085,"Kansas","Jackson County",5,40,157,85,72
050,20,085,"Kansas","Jackson County",5,41,147,74,73
050,20,085,"Kansas","Jackson County",5,42,152,82,70
050,20,085,"Kansas","Jackson County",5,43,145,75,70
050,20,085,"Kansas","Jackson County",5,44,154,83,71
050,20,085,"Kansas","Jackson County",5,45,159,86,73
050,20,085,"Kansas","Jackson County",5,46,159,81,78
050,20,085,"Kansas","Jackson County",5,47,128,60,68
050,20,085,"Kansas","Jackson County",5,48,144,79,65
050,20,085,"Kansas","Jackson County",5,49,137,68,69
050,20,085,"Kansas","Jackson County",5,50,161,88,73
050,20,085,"Kansas","Jackson County",5,51,155,79,76
050,20,085,"Kansas","Jackson County",5,52,183,91,92
050,20,085,"Kansas","Jackson County",5,53,176,85,91
050,20,085,"Kansas","Jackson County",5,54,176,75,101
050,20,085,"Kansas","Jackson County",5,55,170,82,88
050,20,085,"Kansas","Jackson County",5,56,164,94,70
050,20,085,"Kansas","Jackson County",5,57,172,90,82
050,20,085,"Kansas","Jackson County",5,58,179,84,95
050,20,085,"Kansas","Jackson County",5,59,201,104,97
050,20,085,"Kansas","Jackson County",5,60,208,106,102
050,20,085,"Kansas","Jackson County",5,61,175,85,90
050,20,085,"Kansas","Jackson County",5,62,174,88,86
050,20,085,"Kansas","Jackson County",5,63,165,94,71
050,20,085,"Kansas","Jackson County",5,64,173,88,85
050,20,085,"Kansas","Jackson County",5,65,184,88,96
050,20,085,"Kansas","Jackson County",5,66,196,94,102
050,20,085,"Kansas","Jackson County",5,67,179,84,95
050,20,085,"Kansas","Jackson County",5,68,154,81,73
050,20,085,"Kansas","Jackson County",5,69,137,74,63
050,20,085,"Kansas","Jackson County",5,70,134,64,70
050,20,085,"Kansas","Jackson County",5,71,155,75,80
050,20,085,"Kansas","Jackson County",5,72,156,81,75
050,20,085,"Kansas","Jackson County",5,73,131,67,64
050,20,085,"Kansas","Jackson County",5,74,119,59,60
050,20,085,"Kansas","Jackson County",5,75,116,56,60
050,20,085,"Kansas","Jackson County",5,76,117,50,67
050,20,085,"Kansas","Jackson County",5,77,95,45,50
050,20,085,"Kansas","Jackson County",5,78,97,44,53
050,20,085,"Kansas","Jackson County",5,79,107,45,62
050,20,085,"Kansas","Jackson County",5,80,99,45,54
050,20,085,"Kansas","Jackson County",5,81,74,36,38
050,20,085,"Kansas","Jackson County",5,82,59,25,34
050,20,085,"Kansas","Jackson County",5,83,56,22,34
050,20,085,"Kansas","Jackson County",5,84,42,14,28
050,20,085,"Kansas","Jackson County",5,85,301,122,179
050,20,087,"Kansas","Jefferson County",1,0,185,94,91
050,20,087,"Kansas","Jefferson County",1,1,195,94,101
050,20,087,"Kansas","Jefferson County",1,2,199,96,103
050,20,087,"Kansas","Jefferson County",1,3,194,106,88
050,20,087,"Kansas","Jefferson County",1,4,204,108,96
050,20,087,"Kansas","Jefferson County",1,5,196,110,86
050,20,087,"Kansas","Jefferson County",1,6,233,121,112
050,20,087,"Kansas","Jefferson County",1,7,218,111,107
050,20,087,"Kansas","Jefferson County",1,8,226,125,101
050,20,087,"Kansas","Jefferson County",1,9,235,130,105
050,20,087,"Kansas","Jefferson County",1,10,240,119,121
050,20,087,"Kansas","Jefferson County",1,11,248,126,122
050,20,087,"Kansas","Jefferson County",1,12,254,125,129
050,20,087,"Kansas","Jefferson County",1,13,265,133,132
050,20,087,"Kansas","Jefferson County",1,14,261,134,127
050,20,087,"Kansas","Jefferson County",1,15,265,130,135
050,20,087,"Kansas","Jefferson County",1,16,306,161,145
050,20,087,"Kansas","Jefferson County",1,17,286,159,127
050,20,087,"Kansas","Jefferson County",1,18,203,108,95
050,20,087,"Kansas","Jefferson County",1,19,164,93,71
050,20,087,"Kansas","Jefferson County",1,20,170,96,74
050,20,087,"Kansas","Jefferson County",1,21,177,97,80
050,20,087,"Kansas","Jefferson County",1,22,172,89,83
050,20,087,"Kansas","Jefferson County",1,23,166,76,90
050,20,087,"Kansas","Jefferson County",1,24,201,105,96
050,20,087,"Kansas","Jefferson County",1,25,179,92,87
050,20,087,"Kansas","Jefferson County",1,26,179,101,78
050,20,087,"Kansas","Jefferson County",1,27,200,109,91
050,20,087,"Kansas","Jefferson County",1,28,189,114,75
050,20,087,"Kansas","Jefferson County",1,29,190,93,97
050,20,087,"Kansas","Jefferson County",1,30,194,90,104
050,20,087,"Kansas","Jefferson County",1,31,173,87,86
050,20,087,"Kansas","Jefferson County",1,32,186,91,95
050,20,087,"Kansas","Jefferson County",1,33,199,98,101
050,20,087,"Kansas","Jefferson County",1,34,208,90,118
050,20,087,"Kansas","Jefferson County",1,35,218,103,115
050,20,087,"Kansas","Jefferson County",1,36,208,111,97
050,20,087,"Kansas","Jefferson County",1,37,230,115,115
050,20,087,"Kansas","Jefferson County",1,38,221,118,103
050,20,087,"Kansas","Jefferson County",1,39,233,119,114
050,20,087,"Kansas","Jefferson County",1,40,214,119,95
050,20,087,"Kansas","Jefferson County",1,41,212,113,99
050,20,087,"Kansas","Jefferson County",1,42,213,101,112
050,20,087,"Kansas","Jefferson County",1,43,205,109,96
050,20,087,"Kansas","Jefferson County",1,44,191,108,83
050,20,087,"Kansas","Jefferson County",1,45,246,122,124
050,20,087,"Kansas","Jefferson County",1,46,220,106,114
050,20,087,"Kansas","Jefferson County",1,47,197,97,100
050,20,087,"Kansas","Jefferson County",1,48,222,116,106
050,20,087,"Kansas","Jefferson County",1,49,239,122,117
050,20,087,"Kansas","Jefferson County",1,50,228,121,107
050,20,087,"Kansas","Jefferson County",1,51,255,125,130
050,20,087,"Kansas","Jefferson County",1,52,235,120,115
050,20,087,"Kansas","Jefferson County",1,53,237,122,115
050,20,087,"Kansas","Jefferson County",1,54,264,134,130
050,20,087,"Kansas","Jefferson County",1,55,291,155,136
050,20,087,"Kansas","Jefferson County",1,56,305,156,149
050,20,087,"Kansas","Jefferson County",1,57,335,173,162
050,20,087,"Kansas","Jefferson County",1,58,329,175,154
050,20,087,"Kansas","Jefferson County",1,59,322,166,156
050,20,087,"Kansas","Jefferson County",1,60,290,143,147
050,20,087,"Kansas","Jefferson County",1,61,303,174,129
050,20,087,"Kansas","Jefferson County",1,62,282,152,130
050,20,087,"Kansas","Jefferson County",1,63,263,127,136
050,20,087,"Kansas","Jefferson County",1,64,270,133,137
050,20,087,"Kansas","Jefferson County",1,65,269,130,139
050,20,087,"Kansas","Jefferson County",1,66,267,137,130
050,20,087,"Kansas","Jefferson County",1,67,263,127,136
050,20,087,"Kansas","Jefferson County",1,68,220,111,109
050,20,087,"Kansas","Jefferson County",1,69,194,98,96
050,20,087,"Kansas","Jefferson County",1,70,185,93,92
050,20,087,"Kansas","Jefferson County",1,71,194,98,96
050,20,087,"Kansas","Jefferson County",1,72,191,104,87
050,20,087,"Kansas","Jefferson County",1,73,204,106,98
050,20,087,"Kansas","Jefferson County",1,74,143,75,68
050,20,087,"Kansas","Jefferson County",1,75,146,68,78
050,20,087,"Kansas","Jefferson County",1,76,131,57,74
050,20,087,"Kansas","Jefferson County",1,77,126,65,61
050,20,087,"Kansas","Jefferson County",1,78,125,62,63
050,20,087,"Kansas","Jefferson County",1,79,111,59,52
050,20,087,"Kansas","Jefferson County",1,80,90,44,46
050,20,087,"Kansas","Jefferson County",1,81,97,44,53
050,20,087,"Kansas","Jefferson County",1,82,82,39,43
050,20,087,"Kansas","Jefferson County",1,83,60,30,30
050,20,087,"Kansas","Jefferson County",1,84,62,31,31
050,20,087,"Kansas","Jefferson County",1,85,362,152,210
050,20,087,"Kansas","Jefferson County",2,0,185,93,92
050,20,087,"Kansas","Jefferson County",2,1,191,93,98
050,20,087,"Kansas","Jefferson County",2,2,197,94,103
050,20,087,"Kansas","Jefferson County",2,3,198,104,94
050,20,087,"Kansas","Jefferson County",2,4,201,108,93
050,20,087,"Kansas","Jefferson County",2,5,198,110,88
050,20,087,"Kansas","Jefferson County",2,6,226,119,107
050,20,087,"Kansas","Jefferson County",2,7,220,114,106
050,20,087,"Kansas","Jefferson County",2,8,222,120,102
050,20,087,"Kansas","Jefferson County",2,9,234,129,105
050,20,087,"Kansas","Jefferson County",2,10,237,122,115
050,20,087,"Kansas","Jefferson County",2,11,244,123,121
050,20,087,"Kansas","Jefferson County",2,12,255,126,129
050,20,087,"Kansas","Jefferson County",2,13,261,130,131
050,20,087,"Kansas","Jefferson County",2,14,261,132,129
050,20,087,"Kansas","Jefferson County",2,15,265,131,134
050,20,087,"Kansas","Jefferson County",2,16,295,153,142
050,20,087,"Kansas","Jefferson County",2,17,288,158,130
050,20,087,"Kansas","Jefferson County",2,18,210,115,95
050,20,087,"Kansas","Jefferson County",2,19,162,92,70
050,20,087,"Kansas","Jefferson County",2,20,170,96,74
050,20,087,"Kansas","Jefferson County",2,21,177,98,79
050,20,087,"Kansas","Jefferson County",2,22,174,90,84
050,20,087,"Kansas","Jefferson County",2,23,173,81,92
050,20,087,"Kansas","Jefferson County",2,24,193,97,96
050,20,087,"Kansas","Jefferson County",2,25,180,93,87
050,20,087,"Kansas","Jefferson County",2,26,182,101,81
050,20,087,"Kansas","Jefferson County",2,27,194,108,86
050,20,087,"Kansas","Jefferson County",2,28,193,114,79
050,20,087,"Kansas","Jefferson County",2,29,192,98,94
050,20,087,"Kansas","Jefferson County",2,30,194,92,102
050,20,087,"Kansas","Jefferson County",2,31,177,86,91
050,20,087,"Kansas","Jefferson County",2,32,183,91,92
050,20,087,"Kansas","Jefferson County",2,33,193,94,99
050,20,087,"Kansas","Jefferson County",2,34,206,91,115
050,20,087,"Kansas","Jefferson County",2,35,213,99,114
050,20,087,"Kansas","Jefferson County",2,36,210,109,101
050,20,087,"Kansas","Jefferson County",2,37,224,114,110
050,20,087,"Kansas","Jefferson County",2,38,225,118,107
050,20,087,"Kansas","Jefferson County",2,39,231,119,112
050,20,087,"Kansas","Jefferson County",2,40,218,119,99
050,20,087,"Kansas","Jefferson County",2,41,211,112,99
050,20,087,"Kansas","Jefferson County",2,42,211,102,109
050,20,087,"Kansas","Jefferson County",2,43,206,107,99
050,20,087,"Kansas","Jefferson County",2,44,195,109,86
050,20,087,"Kansas","Jefferson County",2,45,236,120,116
050,20,087,"Kansas","Jefferson County",2,46,222,107,115
050,20,087,"Kansas","Jefferson County",2,47,200,99,101
050,20,087,"Kansas","Jefferson County",2,48,217,112,105
050,20,087,"Kansas","Jefferson County",2,49,237,123,114
050,20,087,"Kansas","Jefferson County",2,50,229,121,108
050,20,087,"Kansas","Jefferson County",2,51,249,125,124
050,20,087,"Kansas","Jefferson County",2,52,239,121,118
050,20,087,"Kansas","Jefferson County",2,53,236,122,114
050,20,087,"Kansas","Jefferson County",2,54,257,131,126
050,20,087,"Kansas","Jefferson County",2,55,285,151,134
050,20,087,"Kansas","Jefferson County",2,56,300,155,145
050,20,087,"Kansas","Jefferson County",2,57,328,168,160
050,20,087,"Kansas","Jefferson County",2,58,331,175,156
050,20,087,"Kansas","Jefferson County",2,59,319,166,153
050,20,087,"Kansas","Jefferson County",2,60,294,146,148
050,20,087,"Kansas","Jefferson County",2,61,296,164,132
050,20,087,"Kansas","Jefferson County",2,62,284,153,131
050,20,087,"Kansas","Jefferson County",2,63,270,134,136
050,20,087,"Kansas","Jefferson County",2,64,268,132,136
050,20,087,"Kansas","Jefferson County",2,65,270,131,139
050,20,087,"Kansas","Jefferson County",2,66,264,135,129
050,20,087,"Kansas","Jefferson County",2,67,264,129,135
050,20,087,"Kansas","Jefferson County",2,68,227,113,114
050,20,087,"Kansas","Jefferson County",2,69,199,101,98
050,20,087,"Kansas","Jefferson County",2,70,185,92,93
050,20,087,"Kansas","Jefferson County",2,71,191,96,95
050,20,087,"Kansas","Jefferson County",2,72,187,101,86
050,20,087,"Kansas","Jefferson County",2,73,210,111,99
050,20,087,"Kansas","Jefferson County",2,74,148,77,71
050,20,087,"Kansas","Jefferson County",2,75,146,69,77
050,20,087,"Kansas","Jefferson County",2,76,134,59,75
050,20,087,"Kansas","Jefferson County",2,77,132,65,67
050,20,087,"Kansas","Jefferson County",2,78,124,62,62
050,20,087,"Kansas","Jefferson County",2,79,114,60,54
050,20,087,"Kansas","Jefferson County",2,80,95,47,48
050,20,087,"Kansas","Jefferson County",2,81,96,44,52
050,20,087,"Kansas","Jefferson County",2,82,84,39,45
050,20,087,"Kansas","Jefferson County",2,83,61,30,31
050,20,087,"Kansas","Jefferson County",2,84,63,31,32
050,20,087,"Kansas","Jefferson County",2,85,357,150,207
050,20,087,"Kansas","Jefferson County",3,0,169,84,85
050,20,087,"Kansas","Jefferson County",3,1,203,93,110
050,20,087,"Kansas","Jefferson County",3,2,204,102,102
050,20,087,"Kansas","Jefferson County",3,3,203,100,103
050,20,087,"Kansas","Jefferson County",3,4,197,99,98
050,20,087,"Kansas","Jefferson County",3,5,210,111,99
050,20,087,"Kansas","Jefferson County",3,6,217,117,100
050,20,087,"Kansas","Jefferson County",3,7,234,123,111
050,20,087,"Kansas","Jefferson County",3,8,230,119,111
050,20,087,"Kansas","Jefferson County",3,9,217,120,97
050,20,087,"Kansas","Jefferson County",3,10,240,128,112
050,20,087,"Kansas","Jefferson County",3,11,230,116,114
050,20,087,"Kansas","Jefferson County",3,12,249,120,129
050,20,087,"Kansas","Jefferson County",3,13,249,123,126
050,20,087,"Kansas","Jefferson County",3,14,253,124,129
050,20,087,"Kansas","Jefferson County",3,15,268,136,132
050,20,087,"Kansas","Jefferson County",3,16,256,128,128
050,20,087,"Kansas","Jefferson County",3,17,299,156,143
050,20,087,"Kansas","Jefferson County",3,18,241,139,102
050,20,087,"Kansas","Jefferson County",3,19,160,88,72
050,20,087,"Kansas","Jefferson County",3,20,166,93,73
050,20,087,"Kansas","Jefferson County",3,21,165,94,71
050,20,087,"Kansas","Jefferson County",3,22,185,98,87
050,20,087,"Kansas","Jefferson County",3,23,187,94,93
050,20,087,"Kansas","Jefferson County",3,24,187,90,97
050,20,087,"Kansas","Jefferson County",3,25,198,102,96
050,20,087,"Kansas","Jefferson County",3,26,169,91,78
050,20,087,"Kansas","Jefferson County",3,27,201,106,95
050,20,087,"Kansas","Jefferson County",3,28,177,95,82
050,20,087,"Kansas","Jefferson County",3,29,197,119,78
050,20,087,"Kansas","Jefferson County",3,30,189,96,93
050,20,087,"Kansas","Jefferson County",3,31,203,99,104
050,20,087,"Kansas","Jefferson County",3,32,187,93,94
050,20,087,"Kansas","Jefferson County",3,33,188,100,88
050,20,087,"Kansas","Jefferson County",3,34,194,93,101
050,20,087,"Kansas","Jefferson County",3,35,203,88,115
050,20,087,"Kansas","Jefferson County",3,36,221,97,124
050,20,087,"Kansas","Jefferson County",3,37,219,119,100
050,20,087,"Kansas","Jefferson County",3,38,232,121,111
050,20,087,"Kansas","Jefferson County",3,39,227,125,102
050,20,087,"Kansas","Jefferson County",3,40,233,117,116
050,20,087,"Kansas","Jefferson County",3,41,222,126,96
050,20,087,"Kansas","Jefferson County",3,42,218,113,105
050,20,087,"Kansas","Jefferson County",3,43,221,103,118
050,20,087,"Kansas","Jefferson County",3,44,217,114,103
050,20,087,"Kansas","Jefferson County",3,45,194,113,81
050,20,087,"Kansas","Jefferson County",3,46,238,122,116
050,20,087,"Kansas","Jefferson County",3,47,221,106,115
050,20,087,"Kansas","Jefferson County",3,48,207,100,107
050,20,087,"Kansas","Jefferson County",3,49,217,113,104
050,20,087,"Kansas","Jefferson County",3,50,238,122,116
050,20,087,"Kansas","Jefferson County",3,51,239,126,113
050,20,087,"Kansas","Jefferson County",3,52,260,135,125
050,20,087,"Kansas","Jefferson County",3,53,234,121,113
050,20,087,"Kansas","Jefferson County",3,54,242,123,119
050,20,087,"Kansas","Jefferson County",3,55,260,133,127
050,20,087,"Kansas","Jefferson County",3,56,281,148,133
050,20,087,"Kansas","Jefferson County",3,57,306,155,151
050,20,087,"Kansas","Jefferson County",3,58,324,169,155
050,20,087,"Kansas","Jefferson County",3,59,325,179,146
050,20,087,"Kansas","Jefferson County",3,60,310,165,145
050,20,087,"Kansas","Jefferson County",3,61,288,144,144
050,20,087,"Kansas","Jefferson County",3,62,296,160,136
050,20,087,"Kansas","Jefferson County",3,63,291,155,136
050,20,087,"Kansas","Jefferson County",3,64,267,135,132
050,20,087,"Kansas","Jefferson County",3,65,265,127,138
050,20,087,"Kansas","Jefferson County",3,66,264,129,135
050,20,087,"Kansas","Jefferson County",3,67,252,126,126
050,20,087,"Kansas","Jefferson County",3,68,254,122,132
050,20,087,"Kansas","Jefferson County",3,69,224,110,114
050,20,087,"Kansas","Jefferson County",3,70,194,100,94
050,20,087,"Kansas","Jefferson County",3,71,185,88,97
050,20,087,"Kansas","Jefferson County",3,72,191,97,94
050,20,087,"Kansas","Jefferson County",3,73,184,98,86
050,20,087,"Kansas","Jefferson County",3,74,206,105,101
050,20,087,"Kansas","Jefferson County",3,75,148,75,73
050,20,087,"Kansas","Jefferson County",3,76,137,63,74
050,20,087,"Kansas","Jefferson County",3,77,123,54,69
050,20,087,"Kansas","Jefferson County",3,78,123,61,62
050,20,087,"Kansas","Jefferson County",3,79,120,60,60
050,20,087,"Kansas","Jefferson County",3,80,107,55,52
050,20,087,"Kansas","Jefferson County",3,81,91,44,47
050,20,087,"Kansas","Jefferson County",3,82,84,37,47
050,20,087,"Kansas","Jefferson County",3,83,77,38,39
050,20,087,"Kansas","Jefferson County",3,84,58,26,32
050,20,087,"Kansas","Jefferson County",3,85,369,156,213
050,20,087,"Kansas","Jefferson County",4,0,159,77,82
050,20,087,"Kansas","Jefferson County",4,1,195,95,100
050,20,087,"Kansas","Jefferson County",4,2,192,87,105
050,20,087,"Kansas","Jefferson County",4,3,216,107,109
050,20,087,"Kansas","Jefferson County",4,4,187,90,97
050,20,087,"Kansas","Jefferson County",4,5,207,110,97
050,20,087,"Kansas","Jefferson County",4,6,213,111,102
050,20,087,"Kansas","Jefferson County",4,7,213,116,97
050,20,087,"Kansas","Jefferson County",4,8,237,132,105
050,20,087,"Kansas","Jefferson County",4,9,216,107,109
050,20,087,"Kansas","Jefferson County",4,10,218,124,94
050,20,087,"Kansas","Jefferson County",4,11,232,124,108
050,20,087,"Kansas","Jefferson County",4,12,237,117,120
050,20,087,"Kansas","Jefferson County",4,13,250,123,127
050,20,087,"Kansas","Jefferson County",4,14,250,121,129
050,20,087,"Kansas","Jefferson County",4,15,262,131,131
050,20,087,"Kansas","Jefferson County",4,16,263,129,134
050,20,087,"Kansas","Jefferson County",4,17,255,126,129
050,20,087,"Kansas","Jefferson County",4,18,233,129,104
050,20,087,"Kansas","Jefferson County",4,19,175,103,72
050,20,087,"Kansas","Jefferson County",4,20,164,94,70
050,20,087,"Kansas","Jefferson County",4,21,170,92,78
050,20,087,"Kansas","Jefferson County",4,22,183,100,83
050,20,087,"Kansas","Jefferson County",4,23,191,101,90
050,20,087,"Kansas","Jefferson County",4,24,184,89,95
050,20,087,"Kansas","Jefferson County",4,25,192,91,101
050,20,087,"Kansas","Jefferson County",4,26,192,101,91
050,20,087,"Kansas","Jefferson County",4,27,170,92,78
050,20,087,"Kansas","Jefferson County",4,28,204,97,107
050,20,087,"Kansas","Jefferson County",4,29,187,103,84
050,20,087,"Kansas","Jefferson County",4,30,197,117,80
050,20,087,"Kansas","Jefferson County",4,31,174,83,91
050,20,087,"Kansas","Jefferson County",4,32,199,96,103
050,20,087,"Kansas","Jefferson County",4,33,188,98,90
050,20,087,"Kansas","Jefferson County",4,34,205,108,97
050,20,087,"Kansas","Jefferson County",4,35,192,94,98
050,20,087,"Kansas","Jefferson County",4,36,201,91,110
050,20,087,"Kansas","Jefferson County",4,37,239,107,132
050,20,087,"Kansas","Jefferson County",4,38,217,116,101
050,20,087,"Kansas","Jefferson County",4,39,250,129,121
050,20,087,"Kansas","Jefferson County",4,40,227,121,106
050,20,087,"Kansas","Jefferson County",4,41,231,114,117
050,20,087,"Kansas","Jefferson County",4,42,226,122,104
050,20,087,"Kansas","Jefferson County",4,43,219,111,108
050,20,087,"Kansas","Jefferson County",4,44,210,105,105
050,20,087,"Kansas","Jefferson County",4,45,212,107,105
050,20,087,"Kansas","Jefferson County",4,46,189,111,78
050,20,087,"Kansas","Jefferson County",4,47,226,113,113
050,20,087,"Kansas","Jefferson County",4,48,232,112,120
050,20,087,"Kansas","Jefferson County",4,49,209,110,99
050,20,087,"Kansas","Jefferson County",4,50,209,106,103
050,20,087,"Kansas","Jefferson County",4,51,237,124,113
050,20,087,"Kansas","Jefferson County",4,52,241,128,113
050,20,087,"Kansas","Jefferson County",4,53,256,131,125
050,20,087,"Kansas","Jefferson County",4,54,237,119,118
050,20,087,"Kansas","Jefferson County",4,55,250,130,120
050,20,087,"Kansas","Jefferson County",4,56,257,128,129
050,20,087,"Kansas","Jefferson County",4,57,285,147,138
050,20,087,"Kansas","Jefferson County",4,58,310,158,152
050,20,087,"Kansas","Jefferson County",4,59,318,165,153
050,20,087,"Kansas","Jefferson County",4,60,329,182,147
050,20,087,"Kansas","Jefferson County",4,61,316,169,147
050,20,087,"Kansas","Jefferson County",4,62,286,140,146
050,20,087,"Kansas","Jefferson County",4,63,289,159,130
050,20,087,"Kansas","Jefferson County",4,64,293,156,137
050,20,087,"Kansas","Jefferson County",4,65,274,141,133
050,20,087,"Kansas","Jefferson County",4,66,261,125,136
050,20,087,"Kansas","Jefferson County",4,67,261,128,133
050,20,087,"Kansas","Jefferson County",4,68,255,127,128
050,20,087,"Kansas","Jefferson County",4,69,249,122,127
050,20,087,"Kansas","Jefferson County",4,70,211,104,107
050,20,087,"Kansas","Jefferson County",4,71,188,97,91
050,20,087,"Kansas","Jefferson County",4,72,185,89,96
050,20,087,"Kansas","Jefferson County",4,73,184,93,91
050,20,087,"Kansas","Jefferson County",4,74,175,94,81
050,20,087,"Kansas","Jefferson County",4,75,191,96,95
050,20,087,"Kansas","Jefferson County",4,76,146,72,74
050,20,087,"Kansas","Jefferson County",4,77,134,63,71
050,20,087,"Kansas","Jefferson County",4,78,117,51,66
050,20,087,"Kansas","Jefferson County",4,79,117,55,62
050,20,087,"Kansas","Jefferson County",4,80,113,54,59
050,20,087,"Kansas","Jefferson County",4,81,101,51,50
050,20,087,"Kansas","Jefferson County",4,82,77,37,40
050,20,087,"Kansas","Jefferson County",4,83,71,32,39
050,20,087,"Kansas","Jefferson County",4,84,74,35,39
050,20,087,"Kansas","Jefferson County",4,85,367,153,214
050,20,087,"Kansas","Jefferson County",5,0,165,81,84
050,20,087,"Kansas","Jefferson County",5,1,161,85,76
050,20,087,"Kansas","Jefferson County",5,2,203,110,93
050,20,087,"Kansas","Jefferson County",5,3,192,84,108
050,20,087,"Kansas","Jefferson County",5,4,213,105,108
050,20,087,"Kansas","Jefferson County",5,5,191,89,102
050,20,087,"Kansas","Jefferson County",5,6,217,118,99
050,20,087,"Kansas","Jefferson County",5,7,210,114,96
050,20,087,"Kansas","Jefferson County",5,8,207,110,97
050,20,087,"Kansas","Jefferson County",5,9,234,128,106
050,20,087,"Kansas","Jefferson County",5,10,227,116,111
050,20,087,"Kansas","Jefferson County",5,11,225,125,100
050,20,087,"Kansas","Jefferson County",5,12,234,118,116
050,20,087,"Kansas","Jefferson County",5,13,236,116,120
050,20,087,"Kansas","Jefferson County",5,14,251,122,129
050,20,087,"Kansas","Jefferson County",5,15,245,121,124
050,20,087,"Kansas","Jefferson County",5,16,252,125,127
050,20,087,"Kansas","Jefferson County",5,17,245,123,122
050,20,087,"Kansas","Jefferson County",5,18,201,104,97
050,20,087,"Kansas","Jefferson County",5,19,170,97,73
050,20,087,"Kansas","Jefferson County",5,20,179,103,76
050,20,087,"Kansas","Jefferson County",5,21,160,93,67
050,20,087,"Kansas","Jefferson County",5,22,188,102,86
050,20,087,"Kansas","Jefferson County",5,23,196,102,94
050,20,087,"Kansas","Jefferson County",5,24,193,100,93
050,20,087,"Kansas","Jefferson County",5,25,188,93,95
050,20,087,"Kansas","Jefferson County",5,26,179,89,90
050,20,087,"Kansas","Jefferson County",5,27,192,105,87
050,20,087,"Kansas","Jefferson County",5,28,175,98,77
050,20,087,"Kansas","Jefferson County",5,29,217,107,110
050,20,087,"Kansas","Jefferson County",5,30,179,96,83
050,20,087,"Kansas","Jefferson County",5,31,211,117,94
050,20,087,"Kansas","Jefferson County",5,32,169,82,87
050,20,087,"Kansas","Jefferson County",5,33,192,91,101
050,20,087,"Kansas","Jefferson County",5,34,196,101,95
050,20,087,"Kansas","Jefferson County",5,35,207,108,99
050,20,087,"Kansas","Jefferson County",5,36,186,89,97
050,20,087,"Kansas","Jefferson County",5,37,208,94,114
050,20,087,"Kansas","Jefferson County",5,38,239,104,135
050,20,087,"Kansas","Jefferson County",5,39,230,121,109
050,20,087,"Kansas","Jefferson County",5,40,253,130,123
050,20,087,"Kansas","Jefferson County",5,41,223,122,101
050,20,087,"Kansas","Jefferson County",5,42,237,118,119
050,20,087,"Kansas","Jefferson County",5,43,220,120,100
050,20,087,"Kansas","Jefferson County",5,44,227,116,111
050,20,087,"Kansas","Jefferson County",5,45,211,106,105
050,20,087,"Kansas","Jefferson County",5,46,202,100,102
050,20,087,"Kansas","Jefferson County",5,47,188,109,79
050,20,087,"Kansas","Jefferson County",5,48,227,113,114
050,20,087,"Kansas","Jefferson County",5,49,236,110,126
050,20,087,"Kansas","Jefferson County",5,50,218,110,108
050,20,087,"Kansas","Jefferson County",5,51,217,113,104
050,20,087,"Kansas","Jefferson County",5,52,241,126,115
050,20,087,"Kansas","Jefferson County",5,53,237,125,112
050,20,087,"Kansas","Jefferson County",5,54,254,132,122
050,20,087,"Kansas","Jefferson County",5,55,240,124,116
050,20,087,"Kansas","Jefferson County",5,56,245,126,119
050,20,087,"Kansas","Jefferson County",5,57,250,121,129
050,20,087,"Kansas","Jefferson County",5,58,281,148,133
050,20,087,"Kansas","Jefferson County",5,59,311,158,153
050,20,087,"Kansas","Jefferson County",5,60,320,170,150
050,20,087,"Kansas","Jefferson County",5,61,334,182,152
050,20,087,"Kansas","Jefferson County",5,62,306,162,144
050,20,087,"Kansas","Jefferson County",5,63,290,144,146
050,20,087,"Kansas","Jefferson County",5,64,292,161,131
050,20,087,"Kansas","Jefferson County",5,65,293,154,139
050,20,087,"Kansas","Jefferson County",5,66,266,137,129
050,20,087,"Kansas","Jefferson County",5,67,266,124,142
050,20,087,"Kansas","Jefferson County",5,68,258,128,130
050,20,087,"Kansas","Jefferson County",5,69,254,126,128
050,20,087,"Kansas","Jefferson County",5,70,247,119,128
050,20,087,"Kansas","Jefferson County",5,71,210,100,110
050,20,087,"Kansas","Jefferson County",5,72,185,95,90
050,20,087,"Kansas","Jefferson County",5,73,177,81,96
050,20,087,"Kansas","Jefferson County",5,74,176,89,87
050,20,087,"Kansas","Jefferson County",5,75,170,93,77
050,20,087,"Kansas","Jefferson County",5,76,188,91,97
050,20,087,"Kansas","Jefferson County",5,77,141,73,68
050,20,087,"Kansas","Jefferson County",5,78,128,60,68
050,20,087,"Kansas","Jefferson County",5,79,112,46,66
050,20,087,"Kansas","Jefferson County",5,80,110,50,60
050,20,087,"Kansas","Jefferson County",5,81,107,49,58
050,20,087,"Kansas","Jefferson County",5,82,92,47,45
050,20,087,"Kansas","Jefferson County",5,83,68,35,33
050,20,087,"Kansas","Jefferson County",5,84,69,29,40
050,20,087,"Kansas","Jefferson County",5,85,387,165,222
050,20,089,"Kansas","Jewell County",1,0,23,12,11
050,20,089,"Kansas","Jewell County",1,1,25,14,11
050,20,089,"Kansas","Jewell County",1,2,33,22,11
050,20,089,"Kansas","Jewell County",1,3,39,20,19
050,20,089,"Kansas","Jewell County",1,4,38,23,15
050,20,089,"Kansas","Jewell County",1,5,32,17,15
050,20,089,"Kansas","Jewell County",1,6,38,16,22
050,20,089,"Kansas","Jewell County",1,7,28,14,14
050,20,089,"Kansas","Jewell County",1,8,32,18,14
050,20,089,"Kansas","Jewell County",1,9,42,21,21
050,20,089,"Kansas","Jewell County",1,10,34,17,17
050,20,089,"Kansas","Jewell County",1,11,39,28,11
050,20,089,"Kansas","Jewell County",1,12,34,16,18
050,20,089,"Kansas","Jewell County",1,13,38,18,20
050,20,089,"Kansas","Jewell County",1,14,33,15,18
050,20,089,"Kansas","Jewell County",1,15,35,16,19
050,20,089,"Kansas","Jewell County",1,16,34,21,13
050,20,089,"Kansas","Jewell County",1,17,32,16,16
050,20,089,"Kansas","Jewell County",1,18,28,16,12
050,20,089,"Kansas","Jewell County",1,19,18,10,8
050,20,089,"Kansas","Jewell County",1,20,24,12,12
050,20,089,"Kansas","Jewell County",1,21,26,13,13
050,20,089,"Kansas","Jewell County",1,22,23,12,11
050,20,089,"Kansas","Jewell County",1,23,30,15,15
050,20,089,"Kansas","Jewell County",1,24,28,18,10
050,20,089,"Kansas","Jewell County",1,25,29,18,11
050,20,089,"Kansas","Jewell County",1,26,22,13,9
050,20,089,"Kansas","Jewell County",1,27,28,16,12
050,20,089,"Kansas","Jewell County",1,28,26,12,14
050,20,089,"Kansas","Jewell County",1,29,20,10,10
050,20,089,"Kansas","Jewell County",1,30,21,11,10
050,20,089,"Kansas","Jewell County",1,31,32,20,12
050,20,089,"Kansas","Jewell County",1,32,30,15,15
050,20,089,"Kansas","Jewell County",1,33,27,14,13
050,20,089,"Kansas","Jewell County",1,34,29,17,12
050,20,089,"Kansas","Jewell County",1,35,32,21,11
050,20,089,"Kansas","Jewell County",1,36,33,18,15
050,20,089,"Kansas","Jewell County",1,37,28,14,14
050,20,089,"Kansas","Jewell County",1,38,29,14,15
050,20,089,"Kansas","Jewell County",1,39,19,10,9
050,20,089,"Kansas","Jewell County",1,40,19,11,8
050,20,089,"Kansas","Jewell County",1,41,28,17,11
050,20,089,"Kansas","Jewell County",1,42,29,17,12
050,20,089,"Kansas","Jewell County",1,43,22,14,8
050,20,089,"Kansas","Jewell County",1,44,27,18,9
050,20,089,"Kansas","Jewell County",1,45,26,14,12
050,20,089,"Kansas","Jewell County",1,46,24,11,13
050,20,089,"Kansas","Jewell County",1,47,24,11,13
050,20,089,"Kansas","Jewell County",1,48,28,13,15
050,20,089,"Kansas","Jewell County",1,49,22,13,9
050,20,089,"Kansas","Jewell County",1,50,24,11,13
050,20,089,"Kansas","Jewell County",1,51,27,13,14
050,20,089,"Kansas","Jewell County",1,52,25,12,13
050,20,089,"Kansas","Jewell County",1,53,28,14,14
050,20,089,"Kansas","Jewell County",1,54,34,17,17
050,20,089,"Kansas","Jewell County",1,55,34,20,14
050,20,089,"Kansas","Jewell County",1,56,40,20,20
050,20,089,"Kansas","Jewell County",1,57,51,25,26
050,20,089,"Kansas","Jewell County",1,58,46,21,25
050,20,089,"Kansas","Jewell County",1,59,44,22,22
050,20,089,"Kansas","Jewell County",1,60,45,20,25
050,20,089,"Kansas","Jewell County",1,61,46,23,23
050,20,089,"Kansas","Jewell County",1,62,47,20,27
050,20,089,"Kansas","Jewell County",1,63,59,31,28
050,20,089,"Kansas","Jewell County",1,64,57,29,28
050,20,089,"Kansas","Jewell County",1,65,64,37,27
050,20,089,"Kansas","Jewell County",1,66,60,36,24
050,20,089,"Kansas","Jewell County",1,67,53,26,27
050,20,089,"Kansas","Jewell County",1,68,52,28,24
050,20,089,"Kansas","Jewell County",1,69,47,26,21
050,20,089,"Kansas","Jewell County",1,70,47,26,21
050,20,089,"Kansas","Jewell County",1,71,36,17,19
050,20,089,"Kansas","Jewell County",1,72,46,25,21
050,20,089,"Kansas","Jewell County",1,73,46,26,20
050,20,089,"Kansas","Jewell County",1,74,29,14,15
050,20,089,"Kansas","Jewell County",1,75,28,18,10
050,20,089,"Kansas","Jewell County",1,76,33,16,17
050,20,089,"Kansas","Jewell County",1,77,36,20,16
050,20,089,"Kansas","Jewell County",1,78,27,12,15
050,20,089,"Kansas","Jewell County",1,79,30,13,17
050,20,089,"Kansas","Jewell County",1,80,30,14,16
050,20,089,"Kansas","Jewell County",1,81,21,9,12
050,20,089,"Kansas","Jewell County",1,82,30,13,17
050,20,089,"Kansas","Jewell County",1,83,17,7,10
050,20,089,"Kansas","Jewell County",1,84,19,9,10
050,20,089,"Kansas","Jewell County",1,85,131,48,83
050,20,089,"Kansas","Jewell County",2,0,29,16,13
050,20,089,"Kansas","Jewell County",2,1,24,14,10
050,20,089,"Kansas","Jewell County",2,2,30,19,11
050,20,089,"Kansas","Jewell County",2,3,37,20,17
050,20,089,"Kansas","Jewell County",2,4,39,23,16
050,20,089,"Kansas","Jewell County",2,5,34,18,16
050,20,089,"Kansas","Jewell County",2,6,37,16,21
050,20,089,"Kansas","Jewell County",2,7,31,15,16
050,20,089,"Kansas","Jewell County",2,8,31,17,14
050,20,089,"Kansas","Jewell County",2,9,40,20,20
050,20,089,"Kansas","Jewell County",2,10,35,18,17
050,20,089,"Kansas","Jewell County",2,11,38,25,13
050,20,089,"Kansas","Jewell County",2,12,34,18,16
050,20,089,"Kansas","Jewell County",2,13,39,18,21
050,20,089,"Kansas","Jewell County",2,14,33,15,18
050,20,089,"Kansas","Jewell County",2,15,35,16,19
050,20,089,"Kansas","Jewell County",2,16,35,20,15
050,20,089,"Kansas","Jewell County",2,17,33,17,16
050,20,089,"Kansas","Jewell County",2,18,28,15,13
050,20,089,"Kansas","Jewell County",2,19,19,10,9
050,20,089,"Kansas","Jewell County",2,20,23,11,12
050,20,089,"Kansas","Jewell County",2,21,26,13,13
050,20,089,"Kansas","Jewell County",2,22,23,12,11
050,20,089,"Kansas","Jewell County",2,23,28,14,14
050,20,089,"Kansas","Jewell County",2,24,29,18,11
050,20,089,"Kansas","Jewell County",2,25,30,19,11
050,20,089,"Kansas","Jewell County",2,26,23,14,9
050,20,089,"Kansas","Jewell County",2,27,26,15,11
050,20,089,"Kansas","Jewell County",2,28,25,12,13
050,20,089,"Kansas","Jewell County",2,29,21,10,11
050,20,089,"Kansas","Jewell County",2,30,21,11,10
050,20,089,"Kansas","Jewell County",2,31,30,18,12
050,20,089,"Kansas","Jewell County",2,32,31,16,15
050,20,089,"Kansas","Jewell County",2,33,28,14,14
050,20,089,"Kansas","Jewell County",2,34,28,16,12
050,20,089,"Kansas","Jewell County",2,35,31,20,11
050,20,089,"Kansas","Jewell County",2,36,32,18,14
050,20,089,"Kansas","Jewell County",2,37,29,15,14
050,20,089,"Kansas","Jewell County",2,38,30,15,15
050,20,089,"Kansas","Jewell County",2,39,21,11,10
050,20,089,"Kansas","Jewell County",2,40,19,11,8
050,20,089,"Kansas","Jewell County",2,41,26,16,10
050,20,089,"Kansas","Jewell County",2,42,29,17,12
050,20,089,"Kansas","Jewell County",2,43,24,15,9
050,20,089,"Kansas","Jewell County",2,44,25,17,8
050,20,089,"Kansas","Jewell County",2,45,26,15,11
050,20,089,"Kansas","Jewell County",2,46,25,12,13
050,20,089,"Kansas","Jewell County",2,47,23,10,13
050,20,089,"Kansas","Jewell County",2,48,25,12,13
050,20,089,"Kansas","Jewell County",2,49,23,13,10
050,20,089,"Kansas","Jewell County",2,50,23,11,12
050,20,089,"Kansas","Jewell County",2,51,27,13,14
050,20,089,"Kansas","Jewell County",2,52,25,12,13
050,20,089,"Kansas","Jewell County",2,53,27,14,13
050,20,089,"Kansas","Jewell County",2,54,32,16,16
050,20,089,"Kansas","Jewell County",2,55,34,19,15
050,20,089,"Kansas","Jewell County",2,56,40,21,19
050,20,089,"Kansas","Jewell County",2,57,48,24,24
050,20,089,"Kansas","Jewell County",2,58,48,23,25
050,20,089,"Kansas","Jewell County",2,59,46,22,24
050,20,089,"Kansas","Jewell County",2,60,45,21,24
050,20,089,"Kansas","Jewell County",2,61,45,22,23
050,20,089,"Kansas","Jewell County",2,62,47,21,26
050,20,089,"Kansas","Jewell County",2,63,56,28,28
050,20,089,"Kansas","Jewell County",2,64,56,28,28
050,20,089,"Kansas","Jewell County",2,65,61,34,27
050,20,089,"Kansas","Jewell County",2,66,62,37,25
050,20,089,"Kansas","Jewell County",2,67,54,28,26
050,20,089,"Kansas","Jewell County",2,68,52,27,25
050,20,089,"Kansas","Jewell County",2,69,49,27,22
050,20,089,"Kansas","Jewell County",2,70,47,25,22
050,20,089,"Kansas","Jewell County",2,71,39,20,19
050,20,089,"Kansas","Jewell County",2,72,43,23,20
050,20,089,"Kansas","Jewell County",2,73,48,27,21
050,20,089,"Kansas","Jewell County",2,74,31,16,15
050,20,089,"Kansas","Jewell County",2,75,28,17,11
050,20,089,"Kansas","Jewell County",2,76,31,16,15
050,20,089,"Kansas","Jewell County",2,77,36,19,17
050,20,089,"Kansas","Jewell County",2,78,28,13,15
050,20,089,"Kansas","Jewell County",2,79,29,13,16
050,20,089,"Kansas","Jewell County",2,80,30,14,16
050,20,089,"Kansas","Jewell County",2,81,23,11,12
050,20,089,"Kansas","Jewell County",2,82,28,12,16
050,20,089,"Kansas","Jewell County",2,83,19,8,11
050,20,089,"Kansas","Jewell County",2,84,19,9,10
050,20,089,"Kansas","Jewell County",2,85,130,49,81
050,20,089,"Kansas","Jewell County",3,0,24,10,14
050,20,089,"Kansas","Jewell County",3,1,21,14,7
050,20,089,"Kansas","Jewell County",3,2,27,12,15
050,20,089,"Kansas","Jewell County",3,3,33,20,13
050,20,089,"Kansas","Jewell County",3,4,34,16,18
050,20,089,"Kansas","Jewell County",3,5,40,24,16
050,20,089,"Kansas","Jewell County",3,6,36,19,17
050,20,089,"Kansas","Jewell County",3,7,42,22,20
050,20,089,"Kansas","Jewell County",3,8,33,18,15
050,20,089,"Kansas","Jewell County",3,9,30,16,14
050,20,089,"Kansas","Jewell County",3,10,48,25,23
050,20,089,"Kansas","Jewell County",3,11,29,15,14
050,20,089,"Kansas","Jewell County",3,12,40,23,17
050,20,089,"Kansas","Jewell County",3,13,37,18,19
050,20,089,"Kansas","Jewell County",3,14,39,20,19
050,20,089,"Kansas","Jewell County",3,15,37,19,18
050,20,089,"Kansas","Jewell County",3,16,40,19,21
050,20,089,"Kansas","Jewell County",3,17,35,22,13
050,20,089,"Kansas","Jewell County",3,18,29,16,13
050,20,089,"Kansas","Jewell County",3,19,17,9,8
050,20,089,"Kansas","Jewell County",3,20,19,11,8
050,20,089,"Kansas","Jewell County",3,21,25,13,12
050,20,089,"Kansas","Jewell County",3,22,27,15,12
050,20,089,"Kansas","Jewell County",3,23,23,12,11
050,20,089,"Kansas","Jewell County",3,24,26,14,12
050,20,089,"Kansas","Jewell County",3,25,26,15,11
050,20,089,"Kansas","Jewell County",3,26,31,19,12
050,20,089,"Kansas","Jewell County",3,27,22,13,9
050,20,089,"Kansas","Jewell County",3,28,27,14,13
050,20,089,"Kansas","Jewell County",3,29,27,15,12
050,20,089,"Kansas","Jewell County",3,30,18,8,10
050,20,089,"Kansas","Jewell County",3,31,22,11,11
050,20,089,"Kansas","Jewell County",3,32,30,18,12
050,20,089,"Kansas","Jewell County",3,33,30,16,14
050,20,089,"Kansas","Jewell County",3,34,28,14,14
050,20,089,"Kansas","Jewell County",3,35,31,18,13
050,20,089,"Kansas","Jewell County",3,36,34,21,13
050,20,089,"Kansas","Jewell County",3,37,34,18,16
050,20,089,"Kansas","Jewell County",3,38,30,15,15
050,20,089,"Kansas","Jewell County",3,39,31,16,15
050,20,089,"Kansas","Jewell County",3,40,20,11,9
050,20,089,"Kansas","Jewell County",3,41,21,13,8
050,20,089,"Kansas","Jewell County",3,42,26,17,9
050,20,089,"Kansas","Jewell County",3,43,31,19,12
050,20,089,"Kansas","Jewell County",3,44,25,15,10
050,20,089,"Kansas","Jewell County",3,45,24,15,9
050,20,089,"Kansas","Jewell County",3,46,26,15,11
050,20,089,"Kansas","Jewell County",3,47,25,12,13
050,20,089,"Kansas","Jewell County",3,48,24,11,13
050,20,089,"Kansas","Jewell County",3,49,25,12,13
050,20,089,"Kansas","Jewell County",3,50,23,13,10
050,20,089,"Kansas","Jewell County",3,51,27,12,15
050,20,089,"Kansas","Jewell County",3,52,32,16,16
050,20,089,"Kansas","Jewell County",3,53,26,13,13
050,20,089,"Kansas","Jewell County",3,54,28,15,13
050,20,089,"Kansas","Jewell County",3,55,32,16,16
050,20,089,"Kansas","Jewell County",3,56,35,19,16
050,20,089,"Kansas","Jewell County",3,57,45,24,21
050,20,089,"Kansas","Jewell County",3,58,50,24,26
050,20,089,"Kansas","Jewell County",3,59,47,22,25
050,20,089,"Kansas","Jewell County",3,60,44,22,22
050,20,089,"Kansas","Jewell County",3,61,45,21,24
050,20,089,"Kansas","Jewell County",3,62,44,21,23
050,20,089,"Kansas","Jewell County",3,63,49,22,27
050,20,089,"Kansas","Jewell County",3,64,54,27,27
050,20,089,"Kansas","Jewell County",3,65,55,27,28
050,20,089,"Kansas","Jewell County",3,66,64,35,29
050,20,089,"Kansas","Jewell County",3,67,60,35,25
050,20,089,"Kansas","Jewell County",3,68,55,28,27
050,20,089,"Kansas","Jewell County",3,69,50,27,23
050,20,089,"Kansas","Jewell County",3,70,47,28,19
050,20,089,"Kansas","Jewell County",3,71,47,26,21
050,20,089,"Kansas","Jewell County",3,72,35,19,16
050,20,089,"Kansas","Jewell County",3,73,43,23,20
050,20,089,"Kansas","Jewell County",3,74,46,26,20
050,20,089,"Kansas","Jewell County",3,75,29,15,14
050,20,089,"Kansas","Jewell County",3,76,29,17,12
050,20,089,"Kansas","Jewell County",3,77,29,14,15
050,20,089,"Kansas","Jewell County",3,78,36,19,17
050,20,089,"Kansas","Jewell County",3,79,26,13,13
050,20,089,"Kansas","Jewell County",3,80,29,12,17
050,20,089,"Kansas","Jewell County",3,81,29,14,15
050,20,089,"Kansas","Jewell County",3,82,21,11,10
050,20,089,"Kansas","Jewell County",3,83,24,9,15
050,20,089,"Kansas","Jewell County",3,84,19,8,11
050,20,089,"Kansas","Jewell County",3,85,129,46,83
050,20,089,"Kansas","Jewell County",4,0,31,16,15
050,20,089,"Kansas","Jewell County",4,1,24,10,14
050,20,089,"Kansas","Jewell County",4,2,23,15,8
050,20,089,"Kansas","Jewell County",4,3,26,12,14
050,20,089,"Kansas","Jewell County",4,4,30,18,12
050,20,089,"Kansas","Jewell County",4,5,33,16,17
050,20,089,"Kansas","Jewell County",4,6,40,25,15
050,20,089,"Kansas","Jewell County",4,7,35,15,20
050,20,089,"Kansas","Jewell County",4,8,39,20,19
050,20,089,"Kansas","Jewell County",4,9,34,19,15
050,20,089,"Kansas","Jewell County",4,10,31,17,14
050,20,089,"Kansas","Jewell County",4,11,48,25,23
050,20,089,"Kansas","Jewell County",4,12,31,14,17
050,20,089,"Kansas","Jewell County",4,13,35,22,13
050,20,089,"Kansas","Jewell County",4,14,37,19,18
050,20,089,"Kansas","Jewell County",4,15,38,18,20
050,20,089,"Kansas","Jewell County",4,16,40,19,21
050,20,089,"Kansas","Jewell County",4,17,40,18,22
050,20,089,"Kansas","Jewell County",4,18,30,17,13
050,20,089,"Kansas","Jewell County",4,19,20,11,9
050,20,089,"Kansas","Jewell County",4,20,17,9,8
050,20,089,"Kansas","Jewell County",4,21,20,11,9
050,20,089,"Kansas","Jewell County",4,22,25,15,10
050,20,089,"Kansas","Jewell County",4,23,23,14,9
050,20,089,"Kansas","Jewell County",4,24,28,15,13
050,20,089,"Kansas","Jewell County",4,25,28,14,14
050,20,089,"Kansas","Jewell County",4,26,23,15,8
050,20,089,"Kansas","Jewell County",4,27,30,19,11
050,20,089,"Kansas","Jewell County",4,28,23,14,9
050,20,089,"Kansas","Jewell County",4,29,27,14,13
050,20,089,"Kansas","Jewell County",4,30,24,11,13
050,20,089,"Kansas","Jewell County",4,31,18,10,8
050,20,089,"Kansas","Jewell County",4,32,22,10,12
050,20,089,"Kansas","Jewell County",4,33,30,18,12
050,20,089,"Kansas","Jewell County",4,34,29,15,14
050,20,089,"Kansas","Jewell County",4,35,29,15,14
050,20,089,"Kansas","Jewell County",4,36,31,18,13
050,20,089,"Kansas","Jewell County",4,37,32,20,12
050,20,089,"Kansas","Jewell County",4,38,30,18,12
050,20,089,"Kansas","Jewell County",4,39,28,15,13
050,20,089,"Kansas","Jewell County",4,40,27,14,13
050,20,089,"Kansas","Jewell County",4,41,21,12,9
050,20,089,"Kansas","Jewell County",4,42,21,13,8
050,20,089,"Kansas","Jewell County",4,43,25,16,9
050,20,089,"Kansas","Jewell County",4,44,27,16,11
050,20,089,"Kansas","Jewell County",4,45,26,16,10
050,20,089,"Kansas","Jewell County",4,46,25,15,10
050,20,089,"Kansas","Jewell County",4,47,28,16,12
050,20,089,"Kansas","Jewell County",4,48,23,12,11
050,20,089,"Kansas","Jewell County",4,49,22,10,12
050,20,089,"Kansas","Jewell County",4,50,24,12,12
050,20,089,"Kansas","Jewell County",4,51,23,13,10
050,20,089,"Kansas","Jewell County",4,52,29,12,17
050,20,089,"Kansas","Jewell County",4,53,32,16,16
050,20,089,"Kansas","Jewell County",4,54,27,13,14
050,20,089,"Kansas","Jewell County",4,55,28,15,13
050,20,089,"Kansas","Jewell County",4,56,33,16,17
050,20,089,"Kansas","Jewell County",4,57,38,19,19
050,20,089,"Kansas","Jewell County",4,58,44,23,21
050,20,089,"Kansas","Jewell County",4,59,49,24,25
050,20,089,"Kansas","Jewell County",4,60,44,20,24
050,20,089,"Kansas","Jewell County",4,61,43,21,22
050,20,089,"Kansas","Jewell County",4,62,45,21,24
050,20,089,"Kansas","Jewell County",4,63,42,20,22
050,20,089,"Kansas","Jewell County",4,64,49,22,27
050,20,089,"Kansas","Jewell County",4,65,53,26,27
050,20,089,"Kansas","Jewell County",4,66,56,26,30
050,20,089,"Kansas","Jewell County",4,67,63,34,29
050,20,089,"Kansas","Jewell County",4,68,60,36,24
050,20,089,"Kansas","Jewell County",4,69,58,29,29
050,20,089,"Kansas","Jewell County",4,70,49,27,22
050,20,089,"Kansas","Jewell County",4,71,47,28,19
050,20,089,"Kansas","Jewell County",4,72,45,26,19
050,20,089,"Kansas","Jewell County",4,73,33,17,16
050,20,089,"Kansas","Jewell County",4,74,41,22,19
050,20,089,"Kansas","Jewell County",4,75,45,24,21
050,20,089,"Kansas","Jewell County",4,76,29,15,14
050,20,089,"Kansas","Jewell County",4,77,28,16,12
050,20,089,"Kansas","Jewell County",4,78,28,14,14
050,20,089,"Kansas","Jewell County",4,79,33,17,16
050,20,089,"Kansas","Jewell County",4,80,24,10,14
050,20,089,"Kansas","Jewell County",4,81,26,10,16
050,20,089,"Kansas","Jewell County",4,82,26,13,13
050,20,089,"Kansas","Jewell County",4,83,19,10,9
050,20,089,"Kansas","Jewell County",4,84,23,8,15
050,20,089,"Kansas","Jewell County",4,85,122,43,79
050,20,089,"Kansas","Jewell County",5,0,28,16,12
050,20,089,"Kansas","Jewell County",5,1,27,15,12
050,20,089,"Kansas","Jewell County",5,2,29,13,16
050,20,089,"Kansas","Jewell County",5,3,22,13,9
050,20,089,"Kansas","Jewell County",5,4,24,13,11
050,20,089,"Kansas","Jewell County",5,5,33,21,12
050,20,089,"Kansas","Jewell County",5,6,35,17,18
050,20,089,"Kansas","Jewell County",5,7,42,26,16
050,20,089,"Kansas","Jewell County",5,8,34,14,20
050,20,089,"Kansas","Jewell County",5,9,40,20,20
050,20,089,"Kansas","Jewell County",5,10,35,17,18
050,20,089,"Kansas","Jewell County",5,11,30,15,15
050,20,089,"Kansas","Jewell County",5,12,49,24,25
050,20,089,"Kansas","Jewell County",5,13,29,12,17
050,20,089,"Kansas","Jewell County",5,14,38,22,16
050,20,089,"Kansas","Jewell County",5,15,35,17,18
050,20,089,"Kansas","Jewell County",5,16,34,19,15
050,20,089,"Kansas","Jewell County",5,17,39,18,21
050,20,089,"Kansas","Jewell County",5,18,34,16,18
050,20,089,"Kansas","Jewell County",5,19,17,10,7
050,20,089,"Kansas","Jewell County",5,20,17,9,8
050,20,089,"Kansas","Jewell County",5,21,21,11,10
050,20,089,"Kansas","Jewell County",5,22,21,10,11
050,20,089,"Kansas","Jewell County",5,23,29,14,15
050,20,089,"Kansas","Jewell County",5,24,25,15,10
050,20,089,"Kansas","Jewell County",5,25,27,14,13
050,20,089,"Kansas","Jewell County",5,26,27,12,15
050,20,089,"Kansas","Jewell County",5,27,25,15,10
050,20,089,"Kansas","Jewell County",5,28,26,16,10
050,20,089,"Kansas","Jewell County",5,29,23,14,9
050,20,089,"Kansas","Jewell County",5,30,23,12,11
050,20,089,"Kansas","Jewell County",5,31,28,15,13
050,20,089,"Kansas","Jewell County",5,32,17,9,8
050,20,089,"Kansas","Jewell County",5,33,21,9,12
050,20,089,"Kansas","Jewell County",5,34,32,19,13
050,20,089,"Kansas","Jewell County",5,35,30,16,14
050,20,089,"Kansas","Jewell County",5,36,28,14,14
050,20,089,"Kansas","Jewell County",5,37,32,22,10
050,20,089,"Kansas","Jewell County",5,38,32,20,12
050,20,089,"Kansas","Jewell County",5,39,29,17,12
050,20,089,"Kansas","Jewell County",5,40,32,15,17
050,20,089,"Kansas","Jewell County",5,41,25,14,11
050,20,089,"Kansas","Jewell County",5,42,21,12,9
050,20,089,"Kansas","Jewell County",5,43,22,14,8
050,20,089,"Kansas","Jewell County",5,44,26,17,9
050,20,089,"Kansas","Jewell County",5,45,27,16,11
050,20,089,"Kansas","Jewell County",5,46,26,16,10
050,20,089,"Kansas","Jewell County",5,47,27,15,12
050,20,089,"Kansas","Jewell County",5,48,28,15,13
050,20,089,"Kansas","Jewell County",5,49,28,15,13
050,20,089,"Kansas","Jewell County",5,50,22,10,12
050,20,089,"Kansas","Jewell County",5,51,25,13,12
050,20,089,"Kansas","Jewell County",5,52,26,16,10
050,20,089,"Kansas","Jewell County",5,53,27,10,17
050,20,089,"Kansas","Jewell County",5,54,31,16,15
050,20,089,"Kansas","Jewell County",5,55,26,12,14
050,20,089,"Kansas","Jewell County",5,56,28,15,13
050,20,089,"Kansas","Jewell County",5,57,32,16,16
050,20,089,"Kansas","Jewell County",5,58,33,15,18
050,20,089,"Kansas","Jewell County",5,59,42,21,21
050,20,089,"Kansas","Jewell County",5,60,48,24,24
050,20,089,"Kansas","Jewell County",5,61,45,21,24
050,20,089,"Kansas","Jewell County",5,62,43,21,22
050,20,089,"Kansas","Jewell County",5,63,47,21,26
050,20,089,"Kansas","Jewell County",5,64,39,18,21
050,20,089,"Kansas","Jewell County",5,65,51,23,28
050,20,089,"Kansas","Jewell County",5,66,51,24,27
050,20,089,"Kansas","Jewell County",5,67,54,25,29
050,20,089,"Kansas","Jewell County",5,68,62,33,29
050,20,089,"Kansas","Jewell County",5,69,62,38,24
050,20,089,"Kansas","Jewell County",5,70,59,31,28
050,20,089,"Kansas","Jewell County",5,71,47,25,22
050,20,089,"Kansas","Jewell County",5,72,48,29,19
050,20,089,"Kansas","Jewell County",5,73,47,26,21
050,20,089,"Kansas","Jewell County",5,74,33,17,16
050,20,089,"Kansas","Jewell County",5,75,39,21,18
050,20,089,"Kansas","Jewell County",5,76,43,23,20
050,20,089,"Kansas","Jewell County",5,77,27,14,13
050,20,089,"Kansas","Jewell County",5,78,26,16,10
050,20,089,"Kansas","Jewell County",5,79,24,11,13
050,20,089,"Kansas","Jewell County",5,80,30,14,16
050,20,089,"Kansas","Jewell County",5,81,22,8,14
050,20,089,"Kansas","Jewell County",5,82,22,9,13
050,20,089,"Kansas","Jewell County",5,83,23,12,11
050,20,089,"Kansas","Jewell County",5,84,13,6,7
050,20,089,"Kansas","Jewell County",5,85,121,40,81
050,20,091,"Kansas","Johnson County",1,0,7043,3611,3432
050,20,091,"Kansas","Johnson County",1,1,7228,3665,3563
050,20,091,"Kansas","Johnson County",1,2,7544,3836,3708
050,20,091,"Kansas","Johnson County",1,3,7709,3921,3788
050,20,091,"Kansas","Johnson County",1,4,7902,4010,3892
050,20,091,"Kansas","Johnson County",1,5,8059,4034,4025
050,20,091,"Kansas","Johnson County",1,6,8069,4062,4007
050,20,091,"Kansas","Johnson County",1,7,8058,4102,3956
050,20,091,"Kansas","Johnson County",1,8,8094,4075,4019
050,20,091,"Kansas","Johnson County",1,9,8187,4141,4046
050,20,091,"Kansas","Johnson County",1,10,8457,4320,4137
050,20,091,"Kansas","Johnson County",1,11,8560,4389,4171
050,20,091,"Kansas","Johnson County",1,12,8878,4559,4319
050,20,091,"Kansas","Johnson County",1,13,8943,4591,4352
050,20,091,"Kansas","Johnson County",1,14,8822,4595,4227
050,20,091,"Kansas","Johnson County",1,15,8699,4504,4195
050,20,091,"Kansas","Johnson County",1,16,8911,4600,4311
050,20,091,"Kansas","Johnson County",1,17,8779,4519,4260
050,20,091,"Kansas","Johnson County",1,18,7412,3943,3469
050,20,091,"Kansas","Johnson County",1,19,6110,3182,2928
050,20,091,"Kansas","Johnson County",1,20,6388,3250,3138
050,20,091,"Kansas","Johnson County",1,21,6539,3314,3225
050,20,091,"Kansas","Johnson County",1,22,6777,3356,3421
050,20,091,"Kansas","Johnson County",1,23,7283,3637,3646
050,20,091,"Kansas","Johnson County",1,24,7655,3799,3856
050,20,091,"Kansas","Johnson County",1,25,8009,4034,3975
050,20,091,"Kansas","Johnson County",1,26,8016,4114,3902
050,20,091,"Kansas","Johnson County",1,27,8277,4261,4016
050,20,091,"Kansas","Johnson County",1,28,8403,4336,4067
050,20,091,"Kansas","Johnson County",1,29,8143,4101,4042
050,20,091,"Kansas","Johnson County",1,30,8020,4071,3949
050,20,091,"Kansas","Johnson County",1,31,8194,4223,3971
050,20,091,"Kansas","Johnson County",1,32,8214,4174,4040
050,20,091,"Kansas","Johnson County",1,33,8487,4200,4287
050,20,091,"Kansas","Johnson County",1,34,8683,4301,4382
050,20,091,"Kansas","Johnson County",1,35,9100,4528,4572
050,20,091,"Kansas","Johnson County",1,36,9214,4563,4651
050,20,091,"Kansas","Johnson County",1,37,9153,4568,4585
050,20,091,"Kansas","Johnson County",1,38,9205,4618,4587
050,20,091,"Kansas","Johnson County",1,39,9155,4649,4506
050,20,091,"Kansas","Johnson County",1,40,8918,4530,4388
050,20,091,"Kansas","Johnson County",1,41,8590,4302,4288
050,20,091,"Kansas","Johnson County",1,42,8418,4209,4209
050,20,091,"Kansas","Johnson County",1,43,8092,4041,4051
050,20,091,"Kansas","Johnson County",1,44,7804,3866,3938
050,20,091,"Kansas","Johnson County",1,45,7857,3932,3925
050,20,091,"Kansas","Johnson County",1,46,7618,3829,3789
050,20,091,"Kansas","Johnson County",1,47,7518,3767,3751
050,20,091,"Kansas","Johnson County",1,48,7956,4019,3937
050,20,091,"Kansas","Johnson County",1,49,8477,4243,4234
050,20,091,"Kansas","Johnson County",1,50,8140,4078,4062
050,20,091,"Kansas","Johnson County",1,51,7697,3857,3840
050,20,091,"Kansas","Johnson County",1,52,7293,3621,3672
050,20,091,"Kansas","Johnson County",1,53,7318,3675,3643
050,20,091,"Kansas","Johnson County",1,54,7522,3721,3801
050,20,091,"Kansas","Johnson County",1,55,7814,3815,3999
050,20,091,"Kansas","Johnson County",1,56,8018,3919,4099
050,20,091,"Kansas","Johnson County",1,57,7927,3851,4076
050,20,091,"Kansas","Johnson County",1,58,7921,3848,4073
050,20,091,"Kansas","Johnson County",1,59,7744,3770,3974
050,20,091,"Kansas","Johnson County",1,60,7513,3567,3946
050,20,091,"Kansas","Johnson County",1,61,7436,3514,3922
050,20,091,"Kansas","Johnson County",1,62,7264,3478,3786
050,20,091,"Kansas","Johnson County",1,63,7097,3368,3729
050,20,091,"Kansas","Johnson County",1,64,6946,3313,3633
050,20,091,"Kansas","Johnson County",1,65,6720,3243,3477
050,20,091,"Kansas","Johnson County",1,66,6469,3045,3424
050,20,091,"Kansas","Johnson County",1,67,6140,2872,3268
050,20,091,"Kansas","Johnson County",1,68,6134,2808,3326
050,20,091,"Kansas","Johnson County",1,69,5701,2644,3057
050,20,091,"Kansas","Johnson County",1,70,5404,2579,2825
050,20,091,"Kansas","Johnson County",1,71,5094,2389,2705
050,20,091,"Kansas","Johnson County",1,72,5226,2433,2793
050,20,091,"Kansas","Johnson County",1,73,5229,2442,2787
050,20,091,"Kansas","Johnson County",1,74,3490,1635,1855
050,20,091,"Kansas","Johnson County",1,75,3428,1582,1846
050,20,091,"Kansas","Johnson County",1,76,3350,1475,1875
050,20,091,"Kansas","Johnson County",1,77,3178,1406,1772
050,20,091,"Kansas","Johnson County",1,78,2640,1156,1484
050,20,091,"Kansas","Johnson County",1,79,2440,1081,1359
050,20,091,"Kansas","Johnson County",1,80,2105,934,1171
050,20,091,"Kansas","Johnson County",1,81,2046,902,1144
050,20,091,"Kansas","Johnson County",1,82,1919,815,1104
050,20,091,"Kansas","Johnson County",1,83,1698,704,994
050,20,091,"Kansas","Johnson County",1,84,1665,686,979
050,20,091,"Kansas","Johnson County",1,85,10524,3742,6782
050,20,091,"Kansas","Johnson County",2,0,7043,3607,3436
050,20,091,"Kansas","Johnson County",2,1,7210,3664,3546
050,20,091,"Kansas","Johnson County",2,2,7509,3821,3688
050,20,091,"Kansas","Johnson County",2,3,7677,3911,3766
050,20,091,"Kansas","Johnson County",2,4,7901,4007,3894
050,20,091,"Kansas","Johnson County",2,5,8037,4033,4004
050,20,091,"Kansas","Johnson County",2,6,8085,4077,4008
050,20,091,"Kansas","Johnson County",2,7,8060,4089,3971
050,20,091,"Kansas","Johnson County",2,8,8069,4072,3997
050,20,091,"Kansas","Johnson County",2,9,8169,4125,4044
050,20,091,"Kansas","Johnson County",2,10,8393,4275,4118
050,20,091,"Kansas","Johnson County",2,11,8526,4366,4160
050,20,091,"Kansas","Johnson County",2,12,8832,4530,4302
050,20,091,"Kansas","Johnson County",2,13,8919,4578,4341
050,20,091,"Kansas","Johnson County",2,14,8851,4596,4255
050,20,091,"Kansas","Johnson County",2,15,8730,4524,4206
050,20,091,"Kansas","Johnson County",2,16,8873,4587,4286
050,20,091,"Kansas","Johnson County",2,17,8817,4549,4268
050,20,091,"Kansas","Johnson County",2,18,7409,3935,3474
050,20,091,"Kansas","Johnson County",2,19,6160,3220,2940
050,20,091,"Kansas","Johnson County",2,20,6488,3319,3169
050,20,091,"Kansas","Johnson County",2,21,6589,3333,3256
050,20,091,"Kansas","Johnson County",2,22,6857,3407,3450
050,20,091,"Kansas","Johnson County",2,23,7289,3635,3654
050,20,091,"Kansas","Johnson County",2,24,7654,3823,3831
050,20,091,"Kansas","Johnson County",2,25,7985,4017,3968
050,20,091,"Kansas","Johnson County",2,26,8055,4114,3941
050,20,091,"Kansas","Johnson County",2,27,8246,4251,3995
050,20,091,"Kansas","Johnson County",2,28,8392,4324,4068
050,20,091,"Kansas","Johnson County",2,29,8235,4174,4061
050,20,091,"Kansas","Johnson County",2,30,8106,4109,3997
050,20,091,"Kansas","Johnson County",2,31,8147,4188,3959
050,20,091,"Kansas","Johnson County",2,32,8223,4183,4040
050,20,091,"Kansas","Johnson County",2,33,8430,4190,4240
050,20,091,"Kansas","Johnson County",2,34,8667,4304,4363
050,20,091,"Kansas","Johnson County",2,35,9060,4495,4565
050,20,091,"Kansas","Johnson County",2,36,9170,4538,4632
050,20,091,"Kansas","Johnson County",2,37,9194,4574,4620
050,20,091,"Kansas","Johnson County",2,38,9230,4630,4600
050,20,091,"Kansas","Johnson County",2,39,9152,4632,4520
050,20,091,"Kansas","Johnson County",2,40,9027,4587,4440
050,20,091,"Kansas","Johnson County",2,41,8672,4352,4320
050,20,091,"Kansas","Johnson County",2,42,8416,4212,4204
050,20,091,"Kansas","Johnson County",2,43,8217,4109,4108
050,20,091,"Kansas","Johnson County",2,44,7814,3884,3930
050,20,091,"Kansas","Johnson County",2,45,7888,3943,3945
050,20,091,"Kansas","Johnson County",2,46,7660,3851,3809
050,20,091,"Kansas","Johnson County",2,47,7521,3771,3750
050,20,091,"Kansas","Johnson County",2,48,7826,3941,3885
050,20,091,"Kansas","Johnson County",2,49,8372,4203,4169
050,20,091,"Kansas","Johnson County",2,50,8243,4124,4119
050,20,091,"Kansas","Johnson County",2,51,7782,3899,3883
050,20,091,"Kansas","Johnson County",2,52,7359,3658,3701
050,20,091,"Kansas","Johnson County",2,53,7303,3650,3653
050,20,091,"Kansas","Johnson County",2,54,7430,3693,3737
050,20,091,"Kansas","Johnson County",2,55,7735,3787,3948
050,20,091,"Kansas","Johnson County",2,56,7962,3888,4074
050,20,091,"Kansas","Johnson County",2,57,7947,3866,4081
050,20,091,"Kansas","Johnson County",2,58,7894,3837,4057
050,20,091,"Kansas","Johnson County",2,59,7816,3798,4018
050,20,091,"Kansas","Johnson County",2,60,7531,3593,3938
050,20,091,"Kansas","Johnson County",2,61,7415,3501,3914
050,20,091,"Kansas","Johnson County",2,62,7283,3473,3810
050,20,091,"Kansas","Johnson County",2,63,7175,3411,3764
050,20,091,"Kansas","Johnson County",2,64,6941,3310,3631
050,20,091,"Kansas","Johnson County",2,65,6747,3244,3503
050,20,091,"Kansas","Johnson County",2,66,6513,3085,3428
050,20,091,"Kansas","Johnson County",2,67,6180,2890,3290
050,20,091,"Kansas","Johnson County",2,68,6077,2796,3281
050,20,091,"Kansas","Johnson County",2,69,5825,2688,3137
050,20,091,"Kansas","Johnson County",2,70,5445,2578,2867
050,20,091,"Kansas","Johnson County",2,71,5160,2424,2736
050,20,091,"Kansas","Johnson County",2,72,5095,2367,2728
050,20,091,"Kansas","Johnson County",2,73,5472,2553,2919
050,20,091,"Kansas","Johnson County",2,74,3669,1713,1956
050,20,091,"Kansas","Johnson County",2,75,3440,1591,1849
050,20,091,"Kansas","Johnson County",2,76,3334,1479,1855
050,20,091,"Kansas","Johnson County",2,77,3274,1445,1829
050,20,091,"Kansas","Johnson County",2,78,2703,1186,1517
050,20,091,"Kansas","Johnson County",2,79,2471,1094,1377
050,20,091,"Kansas","Johnson County",2,80,2166,956,1210
050,20,091,"Kansas","Johnson County",2,81,2030,893,1137
050,20,091,"Kansas","Johnson County",2,82,1940,826,1114
050,20,091,"Kansas","Johnson County",2,83,1708,705,1003
050,20,091,"Kansas","Johnson County",2,84,1654,683,971
050,20,091,"Kansas","Johnson County",2,85,10578,3753,6825
050,20,091,"Kansas","Johnson County",3,0,6893,3530,3363
050,20,091,"Kansas","Johnson County",3,1,7171,3668,3503
050,20,091,"Kansas","Johnson County",3,2,7251,3662,3589
050,20,091,"Kansas","Johnson County",3,3,7563,3844,3719
050,20,091,"Kansas","Johnson County",3,4,7695,3898,3797
050,20,091,"Kansas","Johnson County",3,5,7976,4053,3923
050,20,091,"Kansas","Johnson County",3,6,8090,4069,4021
050,20,091,"Kansas","Johnson County",3,7,8133,4126,4007
050,20,091,"Kansas","Johnson County",3,8,8129,4086,4043
050,20,091,"Kansas","Johnson County",3,9,8110,4073,4037
050,20,091,"Kansas","Johnson County",3,10,8185,4160,4025
050,20,091,"Kansas","Johnson County",3,11,8455,4295,4160
050,20,091,"Kansas","Johnson County",3,12,8564,4386,4178
050,20,091,"Kansas","Johnson County",3,13,8863,4560,4303
050,20,091,"Kansas","Johnson County",3,14,8946,4581,4365
050,20,091,"Kansas","Johnson County",3,15,8786,4579,4207
050,20,091,"Kansas","Johnson County",3,16,8710,4517,4193
050,20,091,"Kansas","Johnson County",3,17,8831,4570,4261
050,20,091,"Kansas","Johnson County",3,18,7562,4000,3562
050,20,091,"Kansas","Johnson County",3,19,6160,3240,2920
050,20,091,"Kansas","Johnson County",3,20,6654,3475,3179
050,20,091,"Kansas","Johnson County",3,21,6778,3438,3340
050,20,091,"Kansas","Johnson County",3,22,7012,3433,3579
050,20,091,"Kansas","Johnson County",3,23,7326,3714,3612
050,20,091,"Kansas","Johnson County",3,24,7697,3877,3820
050,20,091,"Kansas","Johnson County",3,25,7959,4016,3943
050,20,091,"Kansas","Johnson County",3,26,8184,4163,4021
050,20,091,"Kansas","Johnson County",3,27,8195,4169,4026
050,20,091,"Kansas","Johnson County",3,28,8330,4269,4061
050,20,091,"Kansas","Johnson County",3,29,8523,4344,4179
050,20,091,"Kansas","Johnson County",3,30,8424,4290,4134
050,20,091,"Kansas","Johnson County",3,31,8324,4250,4074
050,20,091,"Kansas","Johnson County",3,32,8291,4261,4030
050,20,091,"Kansas","Johnson County",3,33,8347,4215,4132
050,20,091,"Kansas","Johnson County",3,34,8503,4265,4238
050,20,091,"Kansas","Johnson County",3,35,8734,4300,4434
050,20,091,"Kansas","Johnson County",3,36,9173,4522,4651
050,20,091,"Kansas","Johnson County",3,37,9234,4613,4621
050,20,091,"Kansas","Johnson County",3,38,9230,4632,4598
050,20,091,"Kansas","Johnson County",3,39,9209,4634,4575
050,20,091,"Kansas","Johnson County",3,40,9218,4691,4527
050,20,091,"Kansas","Johnson County",3,41,9063,4609,4454
050,20,091,"Kansas","Johnson County",3,42,8618,4331,4287
050,20,091,"Kansas","Johnson County",3,43,8384,4198,4186
050,20,091,"Kansas","Johnson County",3,44,8228,4129,4099
050,20,091,"Kansas","Johnson County",3,45,7759,3862,3897
050,20,091,"Kansas","Johnson County",3,46,7909,3939,3970
050,20,091,"Kansas","Johnson County",3,47,7562,3804,3758
050,20,091,"Kansas","Johnson County",3,48,7501,3762,3739
050,20,091,"Kansas","Johnson County",3,49,7785,3928,3857
050,20,091,"Kansas","Johnson County",3,50,8270,4148,4122
050,20,091,"Kansas","Johnson County",3,51,8174,4099,4075
050,20,091,"Kansas","Johnson County",3,52,7741,3875,3866
050,20,091,"Kansas","Johnson County",3,53,7300,3638,3662
050,20,091,"Kansas","Johnson County",3,54,7175,3599,3576
050,20,091,"Kansas","Johnson County",3,55,7352,3646,3706
050,20,091,"Kansas","Johnson County",3,56,7607,3706,3901
050,20,091,"Kansas","Johnson County",3,57,7926,3856,4070
050,20,091,"Kansas","Johnson County",3,58,7801,3805,3996
050,20,091,"Kansas","Johnson County",3,59,7808,3759,4049
050,20,091,"Kansas","Johnson County",3,60,7685,3724,3961
050,20,091,"Kansas","Johnson County",3,61,7408,3519,3889
050,20,091,"Kansas","Johnson County",3,62,7322,3421,3901
050,20,091,"Kansas","Johnson County",3,63,7139,3398,3741
050,20,091,"Kansas","Johnson County",3,64,7053,3335,3718
050,20,091,"Kansas","Johnson County",3,65,6864,3252,3612
050,20,091,"Kansas","Johnson County",3,66,6650,3167,3483
050,20,091,"Kansas","Johnson County",3,67,6404,3012,3392
050,20,091,"Kansas","Johnson County",3,68,6075,2834,3241
050,20,091,"Kansas","Johnson County",3,69,6009,2754,3255
050,20,091,"Kansas","Johnson County",3,70,5710,2628,3082
050,20,091,"Kansas","Johnson County",3,71,5372,2515,2857
050,20,091,"Kansas","Johnson County",3,72,5132,2371,2761
050,20,091,"Kansas","Johnson County",3,73,5008,2333,2675
050,20,091,"Kansas","Johnson County",3,74,5406,2520,2886
050,20,091,"Kansas","Johnson County",3,75,3589,1661,1928
050,20,091,"Kansas","Johnson County",3,76,3374,1538,1836
050,20,091,"Kansas","Johnson County",3,77,3248,1436,1812
050,20,091,"Kansas","Johnson County",3,78,3124,1375,1749
050,20,091,"Kansas","Johnson County",3,79,2618,1138,1480
050,20,091,"Kansas","Johnson County",3,80,2354,1032,1322
050,20,091,"Kansas","Johnson County",3,81,2078,911,1167
050,20,091,"Kansas","Johnson County",3,82,1949,852,1097
050,20,091,"Kansas","Johnson County",3,83,1843,748,1095
050,20,091,"Kansas","Johnson County",3,84,1628,660,968
050,20,091,"Kansas","Johnson County",3,85,10466,3771,6695
050,20,091,"Kansas","Johnson County",4,0,6982,3509,3473
050,20,091,"Kansas","Johnson County",4,1,7010,3564,3446
050,20,091,"Kansas","Johnson County",4,2,7264,3732,3532
050,20,091,"Kansas","Johnson County",4,3,7357,3738,3619
050,20,091,"Kansas","Johnson County",4,4,7630,3857,3773
050,20,091,"Kansas","Johnson County",4,5,7763,3914,3849
050,20,091,"Kansas","Johnson County",4,6,8041,4082,3959
050,20,091,"Kansas","Johnson County",4,7,8189,4108,4081
050,20,091,"Kansas","Johnson County",4,8,8232,4161,4071
050,20,091,"Kansas","Johnson County",4,9,8194,4091,4103
050,20,091,"Kansas","Johnson County",4,10,8113,4076,4037
050,20,091,"Kansas","Johnson County",4,11,8295,4190,4105
050,20,091,"Kansas","Johnson County",4,12,8464,4301,4163
050,20,091,"Kansas","Johnson County",4,13,8577,4414,4163
050,20,091,"Kansas","Johnson County",4,14,8910,4584,4326
050,20,091,"Kansas","Johnson County",4,15,8965,4585,4380
050,20,091,"Kansas","Johnson County",4,16,8804,4598,4206
050,20,091,"Kansas","Johnson County",4,17,8762,4538,4224
050,20,091,"Kansas","Johnson County",4,18,7517,3997,3520
050,20,091,"Kansas","Johnson County",4,19,6150,3257,2893
050,20,091,"Kansas","Johnson County",4,20,6451,3374,3077
050,20,091,"Kansas","Johnson County",4,21,6874,3528,3346
050,20,091,"Kansas","Johnson County",4,22,7107,3548,3559
050,20,091,"Kansas","Johnson County",4,23,7377,3665,3712
050,20,091,"Kansas","Johnson County",4,24,7656,3922,3734
050,20,091,"Kansas","Johnson County",4,25,7941,3998,3943
050,20,091,"Kansas","Johnson County",4,26,8160,4156,4004
050,20,091,"Kansas","Johnson County",4,27,8302,4239,4063
050,20,091,"Kansas","Johnson County",4,28,8227,4187,4040
050,20,091,"Kansas","Johnson County",4,29,8351,4210,4141
050,20,091,"Kansas","Johnson County",4,30,8715,4440,4275
050,20,091,"Kansas","Johnson County",4,31,8557,4394,4163
050,20,091,"Kansas","Johnson County",4,32,8470,4320,4150
050,20,091,"Kansas","Johnson County",4,33,8401,4267,4134
050,20,091,"Kansas","Johnson County",4,34,8409,4256,4153
050,20,091,"Kansas","Johnson County",4,35,8539,4278,4261
050,20,091,"Kansas","Johnson County",4,36,8881,4391,4490
050,20,091,"Kansas","Johnson County",4,37,9233,4578,4655
050,20,091,"Kansas","Johnson County",4,38,9257,4608,4649
050,20,091,"Kansas","Johnson County",4,39,9241,4646,4595
050,20,091,"Kansas","Johnson County",4,40,9261,4658,4603
050,20,091,"Kansas","Johnson County",4,41,9281,4730,4551
050,20,091,"Kansas","Johnson County",4,42,9056,4635,4421
050,20,091,"Kansas","Johnson County",4,43,8610,4342,4268
050,20,091,"Kansas","Johnson County",4,44,8372,4205,4167
050,20,091,"Kansas","Johnson County",4,45,8200,4103,4097
050,20,091,"Kansas","Johnson County",4,46,7809,3850,3959
050,20,091,"Kansas","Johnson County",4,47,7839,3897,3942
050,20,091,"Kansas","Johnson County",4,48,7518,3774,3744
050,20,091,"Kansas","Johnson County",4,49,7497,3742,3755
050,20,091,"Kansas","Johnson County",4,50,7735,3911,3824
050,20,091,"Kansas","Johnson County",4,51,8264,4163,4101
050,20,091,"Kansas","Johnson County",4,52,8117,4075,4042
050,20,091,"Kansas","Johnson County",4,53,7691,3858,3833
050,20,091,"Kansas","Johnson County",4,54,7194,3578,3616
050,20,091,"Kansas","Johnson County",4,55,7148,3579,3569
050,20,091,"Kansas","Johnson County",4,56,7282,3608,3674
050,20,091,"Kansas","Johnson County",4,57,7556,3684,3872
050,20,091,"Kansas","Johnson County",4,58,7816,3812,4004
050,20,091,"Kansas","Johnson County",4,59,7775,3807,3968
050,20,091,"Kansas","Johnson County",4,60,7724,3710,4014
050,20,091,"Kansas","Johnson County",4,61,7592,3674,3918
050,20,091,"Kansas","Johnson County",4,62,7309,3451,3858
050,20,091,"Kansas","Johnson County",4,63,7207,3355,3852
050,20,091,"Kansas","Johnson County",4,64,7045,3342,3703
050,20,091,"Kansas","Johnson County",4,65,6944,3272,3672
050,20,091,"Kansas","Johnson County",4,66,6788,3212,3576
050,20,091,"Kansas","Johnson County",4,67,6606,3147,3459
050,20,091,"Kansas","Johnson County",4,68,6315,2945,3370
050,20,091,"Kansas","Johnson County",4,69,5958,2745,3213
050,20,091,"Kansas","Johnson County",4,70,5946,2713,3233
050,20,091,"Kansas","Johnson County",4,71,5637,2571,3066
050,20,091,"Kansas","Johnson County",4,72,5284,2443,2841
050,20,091,"Kansas","Johnson County",4,73,5056,2335,2721
050,20,091,"Kansas","Johnson County",4,74,4930,2282,2648
050,20,091,"Kansas","Johnson County",4,75,5310,2450,2860
050,20,091,"Kansas","Johnson County",4,76,3557,1634,1923
050,20,091,"Kansas","Johnson County",4,77,3278,1489,1789
050,20,091,"Kansas","Johnson County",4,78,3172,1408,1764
050,20,091,"Kansas","Johnson County",4,79,3056,1335,1721
050,20,091,"Kansas","Johnson County",4,80,2513,1079,1434
050,20,091,"Kansas","Johnson County",4,81,2266,974,1292
050,20,091,"Kansas","Johnson County",4,82,2036,870,1166
050,20,091,"Kansas","Johnson County",4,83,1844,785,1059
050,20,091,"Kansas","Johnson County",4,84,1774,725,1049
050,20,091,"Kansas","Johnson County",4,85,10555,3823,6732
050,20,091,"Kansas","Johnson County",5,0,7005,3516,3489
050,20,091,"Kansas","Johnson County",5,1,6943,3487,3456
050,20,091,"Kansas","Johnson County",5,2,7063,3601,3462
050,20,091,"Kansas","Johnson County",5,3,7367,3764,3603
050,20,091,"Kansas","Johnson County",5,4,7388,3738,3650
050,20,091,"Kansas","Johnson County",5,5,7631,3885,3746
050,20,091,"Kansas","Johnson County",5,6,7824,3995,3829
050,20,091,"Kansas","Johnson County",5,7,8088,4109,3979
050,20,091,"Kansas","Johnson County",5,8,8199,4107,4092
050,20,091,"Kansas","Johnson County",5,9,8278,4185,4093
050,20,091,"Kansas","Johnson County",5,10,8256,4116,4140
050,20,091,"Kansas","Johnson County",5,11,8163,4086,4077
050,20,091,"Kansas","Johnson County",5,12,8260,4199,4061
050,20,091,"Kansas","Johnson County",5,13,8535,4320,4215
050,20,091,"Kansas","Johnson County",5,14,8629,4466,4163
050,20,091,"Kansas","Johnson County",5,15,8913,4583,4330
050,20,091,"Kansas","Johnson County",5,16,8963,4577,4386
050,20,091,"Kansas","Johnson County",5,17,8873,4655,4218
050,20,091,"Kansas","Johnson County",5,18,7432,3956,3476
050,20,091,"Kansas","Johnson County",5,19,6121,3252,2869
050,20,091,"Kansas","Johnson County",5,20,6662,3451,3211
050,20,091,"Kansas","Johnson County",5,21,6812,3515,3297
050,20,091,"Kansas","Johnson County",5,22,7257,3622,3635
050,20,091,"Kansas","Johnson County",5,23,7589,3814,3775
050,20,091,"Kansas","Johnson County",5,24,7744,3854,3890
050,20,091,"Kansas","Johnson County",5,25,7866,4025,3841
050,20,091,"Kansas","Johnson County",5,26,7904,3941,3963
050,20,091,"Kansas","Johnson County",5,27,8203,4186,4017
050,20,091,"Kansas","Johnson County",5,28,8281,4227,4054
050,20,091,"Kansas","Johnson County",5,29,8245,4202,4043
050,20,091,"Kansas","Johnson County",5,30,8353,4197,4156
050,20,091,"Kansas","Johnson County",5,31,8705,4426,4279
050,20,091,"Kansas","Johnson County",5,32,8541,4350,4191
050,20,091,"Kansas","Johnson County",5,33,8533,4300,4233
050,20,091,"Kansas","Johnson County",5,34,8436,4312,4124
050,20,091,"Kansas","Johnson County",5,35,8494,4307,4187
050,20,091,"Kansas","Johnson County",5,36,8580,4271,4309
050,20,091,"Kansas","Johnson County",5,37,8907,4419,4488
050,20,091,"Kansas","Johnson County",5,38,9276,4610,4666
050,20,091,"Kansas","Johnson County",5,39,9296,4611,4685
050,20,091,"Kansas","Johnson County",5,40,9307,4671,4636
050,20,091,"Kansas","Johnson County",5,41,9229,4650,4579
050,20,091,"Kansas","Johnson County",5,42,9274,4713,4561
050,20,091,"Kansas","Johnson County",5,43,9030,4615,4415
050,20,091,"Kansas","Johnson County",5,44,8597,4346,4251
050,20,091,"Kansas","Johnson County",5,45,8344,4194,4150
050,20,091,"Kansas","Johnson County",5,46,8184,4106,4078
050,20,091,"Kansas","Johnson County",5,47,7728,3784,3944
050,20,091,"Kansas","Johnson County",5,48,7875,3923,3952
050,20,091,"Kansas","Johnson County",5,49,7485,3771,3714
050,20,091,"Kansas","Johnson County",5,50,7452,3722,3730
050,20,091,"Kansas","Johnson County",5,51,7642,3870,3772
050,20,091,"Kansas","Johnson County",5,52,8190,4123,4067
050,20,091,"Kansas","Johnson County",5,53,8066,4070,3996
050,20,091,"Kansas","Johnson County",5,54,7616,3819,3797
050,20,091,"Kansas","Johnson County",5,55,7115,3550,3565
050,20,091,"Kansas","Johnson County",5,56,7076,3544,3532
050,20,091,"Kansas","Johnson County",5,57,7173,3562,3611
050,20,091,"Kansas","Johnson County",5,58,7483,3671,3812
050,20,091,"Kansas","Johnson County",5,59,7784,3790,3994
050,20,091,"Kansas","Johnson County",5,60,7663,3717,3946
050,20,091,"Kansas","Johnson County",5,61,7622,3692,3930
050,20,091,"Kansas","Johnson County",5,62,7528,3622,3906
050,20,091,"Kansas","Johnson County",5,63,7213,3394,3819
050,20,091,"Kansas","Johnson County",5,64,7094,3287,3807
050,20,091,"Kansas","Johnson County",5,65,6959,3298,3661
050,20,091,"Kansas","Johnson County",5,66,6851,3192,3659
050,20,091,"Kansas","Johnson County",5,67,6721,3179,3542
050,20,091,"Kansas","Johnson County",5,68,6497,3075,3422
050,20,091,"Kansas","Johnson County",5,69,6261,2890,3371
050,20,091,"Kansas","Johnson County",5,70,5898,2715,3183
050,20,091,"Kansas","Johnson County",5,71,5878,2663,3215
050,20,091,"Kansas","Johnson County",5,72,5592,2535,3057
050,20,091,"Kansas","Johnson County",5,73,5219,2411,2808
050,20,091,"Kansas","Johnson County",5,74,4995,2302,2693
050,20,091,"Kansas","Johnson County",5,75,4838,2216,2622
050,20,091,"Kansas","Johnson County",5,76,5239,2403,2836
050,20,091,"Kansas","Johnson County",5,77,3479,1589,1890
050,20,091,"Kansas","Johnson County",5,78,3177,1437,1740
050,20,091,"Kansas","Johnson County",5,79,3109,1377,1732
050,20,091,"Kansas","Johnson County",5,80,2930,1261,1669
050,20,091,"Kansas","Johnson County",5,81,2442,1037,1405
050,20,091,"Kansas","Johnson County",5,82,2208,943,1265
050,20,091,"Kansas","Johnson County",5,83,1926,807,1119
050,20,091,"Kansas","Johnson County",5,84,1789,760,1029
050,20,091,"Kansas","Johnson County",5,85,10844,3989,6855
050,20,093,"Kansas","Kearny County",1,0,59,30,29
050,20,093,"Kansas","Kearny County",1,1,58,25,33
050,20,093,"Kansas","Kearny County",1,2,58,27,31
050,20,093,"Kansas","Kearny County",1,3,70,36,34
050,20,093,"Kansas","Kearny County",1,4,55,29,26
050,20,093,"Kansas","Kearny County",1,5,65,38,27
050,20,093,"Kansas","Kearny County",1,6,68,39,29
050,20,093,"Kansas","Kearny County",1,7,69,36,33
050,20,093,"Kansas","Kearny County",1,8,80,43,37
050,20,093,"Kansas","Kearny County",1,9,72,34,38
050,20,093,"Kansas","Kearny County",1,10,72,34,38
050,20,093,"Kansas","Kearny County",1,11,60,29,31
050,20,093,"Kansas","Kearny County",1,12,78,47,31
050,20,093,"Kansas","Kearny County",1,13,81,48,33
050,20,093,"Kansas","Kearny County",1,14,61,29,32
050,20,093,"Kansas","Kearny County",1,15,61,31,30
050,20,093,"Kansas","Kearny County",1,16,64,34,30
050,20,093,"Kansas","Kearny County",1,17,56,35,21
050,20,093,"Kansas","Kearny County",1,18,55,34,21
050,20,093,"Kansas","Kearny County",1,19,36,16,20
050,20,093,"Kansas","Kearny County",1,20,38,21,17
050,20,093,"Kansas","Kearny County",1,21,54,31,23
050,20,093,"Kansas","Kearny County",1,22,51,28,23
050,20,093,"Kansas","Kearny County",1,23,47,23,24
050,20,093,"Kansas","Kearny County",1,24,45,24,21
050,20,093,"Kansas","Kearny County",1,25,50,29,21
050,20,093,"Kansas","Kearny County",1,26,52,34,18
050,20,093,"Kansas","Kearny County",1,27,39,18,21
050,20,093,"Kansas","Kearny County",1,28,49,25,24
050,20,093,"Kansas","Kearny County",1,29,51,26,25
050,20,093,"Kansas","Kearny County",1,30,55,29,26
050,20,093,"Kansas","Kearny County",1,31,53,27,26
050,20,093,"Kansas","Kearny County",1,32,57,24,33
050,20,093,"Kansas","Kearny County",1,33,51,17,34
050,20,093,"Kansas","Kearny County",1,34,61,27,34
050,20,093,"Kansas","Kearny County",1,35,55,33,22
050,20,093,"Kansas","Kearny County",1,36,48,25,23
050,20,093,"Kansas","Kearny County",1,37,38,23,15
050,20,093,"Kansas","Kearny County",1,38,48,27,21
050,20,093,"Kansas","Kearny County",1,39,60,25,35
050,20,093,"Kansas","Kearny County",1,40,53,30,23
050,20,093,"Kansas","Kearny County",1,41,37,17,20
050,20,093,"Kansas","Kearny County",1,42,39,16,23
050,20,093,"Kansas","Kearny County",1,43,34,14,20
050,20,093,"Kansas","Kearny County",1,44,45,21,24
050,20,093,"Kansas","Kearny County",1,45,47,22,25
050,20,093,"Kansas","Kearny County",1,46,40,21,19
050,20,093,"Kansas","Kearny County",1,47,34,16,18
050,20,093,"Kansas","Kearny County",1,48,42,24,18
050,20,093,"Kansas","Kearny County",1,49,39,23,16
050,20,093,"Kansas","Kearny County",1,50,41,20,21
050,20,093,"Kansas","Kearny County",1,51,38,17,21
050,20,093,"Kansas","Kearny County",1,52,34,16,18
050,20,093,"Kansas","Kearny County",1,53,45,21,24
050,20,093,"Kansas","Kearny County",1,54,52,24,28
050,20,093,"Kansas","Kearny County",1,55,54,23,31
050,20,093,"Kansas","Kearny County",1,56,48,24,24
050,20,093,"Kansas","Kearny County",1,57,47,21,26
050,20,093,"Kansas","Kearny County",1,58,47,23,24
050,20,093,"Kansas","Kearny County",1,59,50,25,25
050,20,093,"Kansas","Kearny County",1,60,49,25,24
050,20,093,"Kansas","Kearny County",1,61,47,26,21
050,20,093,"Kansas","Kearny County",1,62,35,18,17
050,20,093,"Kansas","Kearny County",1,63,42,25,17
050,20,093,"Kansas","Kearny County",1,64,44,26,18
050,20,093,"Kansas","Kearny County",1,65,45,21,24
050,20,093,"Kansas","Kearny County",1,66,43,23,20
050,20,093,"Kansas","Kearny County",1,67,34,13,21
050,20,093,"Kansas","Kearny County",1,68,30,14,16
050,20,093,"Kansas","Kearny County",1,69,36,21,15
050,20,093,"Kansas","Kearny County",1,70,37,19,18
050,20,093,"Kansas","Kearny County",1,71,28,9,19
050,20,093,"Kansas","Kearny County",1,72,30,13,17
050,20,093,"Kansas","Kearny County",1,73,31,18,13
050,20,093,"Kansas","Kearny County",1,74,26,16,10
050,20,093,"Kansas","Kearny County",1,75,20,8,12
050,20,093,"Kansas","Kearny County",1,76,22,9,13
050,20,093,"Kansas","Kearny County",1,77,16,3,13
050,20,093,"Kansas","Kearny County",1,78,21,9,12
050,20,093,"Kansas","Kearny County",1,79,23,9,14
050,20,093,"Kansas","Kearny County",1,80,17,5,12
050,20,093,"Kansas","Kearny County",1,81,15,9,6
050,20,093,"Kansas","Kearny County",1,82,23,12,11
050,20,093,"Kansas","Kearny County",1,83,15,8,7
050,20,093,"Kansas","Kearny County",1,84,17,9,8
050,20,093,"Kansas","Kearny County",1,85,90,28,62
050,20,093,"Kansas","Kearny County",2,0,55,30,25
050,20,093,"Kansas","Kearny County",2,1,56,25,31
050,20,093,"Kansas","Kearny County",2,2,57,26,31
050,20,093,"Kansas","Kearny County",2,3,67,33,34
050,20,093,"Kansas","Kearny County",2,4,56,29,27
050,20,093,"Kansas","Kearny County",2,5,63,37,26
050,20,093,"Kansas","Kearny County",2,6,68,38,30
050,20,093,"Kansas","Kearny County",2,7,68,37,31
050,20,093,"Kansas","Kearny County",2,8,76,41,35
050,20,093,"Kansas","Kearny County",2,9,74,36,38
050,20,093,"Kansas","Kearny County",2,10,72,33,39
050,20,093,"Kansas","Kearny County",2,11,63,31,32
050,20,093,"Kansas","Kearny County",2,12,75,44,31
050,20,093,"Kansas","Kearny County",2,13,80,47,33
050,20,093,"Kansas","Kearny County",2,14,66,33,33
050,20,093,"Kansas","Kearny County",2,15,63,32,31
050,20,093,"Kansas","Kearny County",2,16,64,33,31
050,20,093,"Kansas","Kearny County",2,17,57,34,23
050,20,093,"Kansas","Kearny County",2,18,52,32,20
050,20,093,"Kansas","Kearny County",2,19,38,19,19
050,20,093,"Kansas","Kearny County",2,20,39,21,18
050,20,093,"Kansas","Kearny County",2,21,51,29,22
050,20,093,"Kansas","Kearny County",2,22,52,29,23
050,20,093,"Kansas","Kearny County",2,23,48,24,24
050,20,093,"Kansas","Kearny County",2,24,46,24,22
050,20,093,"Kansas","Kearny County",2,25,48,27,21
050,20,093,"Kansas","Kearny County",2,26,48,30,18
050,20,093,"Kansas","Kearny County",2,27,42,22,20
050,20,093,"Kansas","Kearny County",2,28,46,24,22
050,20,093,"Kansas","Kearny County",2,29,50,26,24
050,20,093,"Kansas","Kearny County",2,30,53,28,25
050,20,093,"Kansas","Kearny County",2,31,56,28,28
050,20,093,"Kansas","Kearny County",2,32,56,24,32
050,20,093,"Kansas","Kearny County",2,33,52,18,34
050,20,093,"Kansas","Kearny County",2,34,59,25,34
050,20,093,"Kansas","Kearny County",2,35,57,32,25
050,20,093,"Kansas","Kearny County",2,36,50,27,23
050,20,093,"Kansas","Kearny County",2,37,41,24,17
050,20,093,"Kansas","Kearny County",2,38,44,25,19
050,20,093,"Kansas","Kearny County",2,39,57,25,32
050,20,093,"Kansas","Kearny County",2,40,53,28,25
050,20,093,"Kansas","Kearny County",2,41,39,19,20
050,20,093,"Kansas","Kearny County",2,42,37,15,22
050,20,093,"Kansas","Kearny County",2,43,36,15,21
050,20,093,"Kansas","Kearny County",2,44,42,18,24
050,20,093,"Kansas","Kearny County",2,45,46,21,25
050,20,093,"Kansas","Kearny County",2,46,42,21,21
050,20,093,"Kansas","Kearny County",2,47,34,16,18
050,20,093,"Kansas","Kearny County",2,48,40,22,18
050,20,093,"Kansas","Kearny County",2,49,40,24,16
050,20,093,"Kansas","Kearny County",2,50,41,20,21
050,20,093,"Kansas","Kearny County",2,51,37,17,20
050,20,093,"Kansas","Kearny County",2,52,34,16,18
050,20,093,"Kansas","Kearny County",2,53,42,20,22
050,20,093,"Kansas","Kearny County",2,54,49,22,27
050,20,093,"Kansas","Kearny County",2,55,53,24,29
050,20,093,"Kansas","Kearny County",2,56,49,24,25
050,20,093,"Kansas","Kearny County",2,57,47,21,26
050,20,093,"Kansas","Kearny County",2,58,47,23,24
050,20,093,"Kansas","Kearny County",2,59,50,25,25
050,20,093,"Kansas","Kearny County",2,60,49,24,25
050,20,093,"Kansas","Kearny County",2,61,46,25,21
050,20,093,"Kansas","Kearny County",2,62,38,20,18
050,20,093,"Kansas","Kearny County",2,63,40,23,17
050,20,093,"Kansas","Kearny County",2,64,42,25,17
050,20,093,"Kansas","Kearny County",2,65,45,23,22
050,20,093,"Kansas","Kearny County",2,66,44,23,21
050,20,093,"Kansas","Kearny County",2,67,36,15,21
050,20,093,"Kansas","Kearny County",2,68,30,14,16
050,20,093,"Kansas","Kearny County",2,69,35,19,16
050,20,093,"Kansas","Kearny County",2,70,37,20,17
050,20,093,"Kansas","Kearny County",2,71,29,11,18
050,20,093,"Kansas","Kearny County",2,72,29,12,17
050,20,093,"Kansas","Kearny County",2,73,32,17,15
050,20,093,"Kansas","Kearny County",2,74,26,16,10
050,20,093,"Kansas","Kearny County",2,75,21,10,11
050,20,093,"Kansas","Kearny County",2,76,21,8,13
050,20,093,"Kansas","Kearny County",2,77,18,5,13
050,20,093,"Kansas","Kearny County",2,78,20,8,12
050,20,093,"Kansas","Kearny County",2,79,23,9,14
050,20,093,"Kansas","Kearny County",2,80,18,6,12
050,20,093,"Kansas","Kearny County",2,81,15,8,7
050,20,093,"Kansas","Kearny County",2,82,22,12,10
050,20,093,"Kansas","Kearny County",2,83,16,8,8
050,20,093,"Kansas","Kearny County",2,84,14,7,7
050,20,093,"Kansas","Kearny County",2,85,93,30,63
050,20,093,"Kansas","Kearny County",3,0,57,26,31
050,20,093,"Kansas","Kearny County",3,1,45,26,19
050,20,093,"Kansas","Kearny County",3,2,49,23,26
050,20,093,"Kansas","Kearny County",3,3,60,32,28
050,20,093,"Kansas","Kearny County",3,4,65,30,35
050,20,093,"Kansas","Kearny County",3,5,51,29,22
050,20,093,"Kansas","Kearny County",3,6,63,37,26
050,20,093,"Kansas","Kearny County",3,7,61,35,26
050,20,093,"Kansas","Kearny County",3,8,66,40,26
050,20,093,"Kansas","Kearny County",3,9,75,42,33
050,20,093,"Kansas","Kearny County",3,10,70,33,37
050,20,093,"Kansas","Kearny County",3,11,74,35,39
050,20,093,"Kansas","Kearny County",3,12,67,31,36
050,20,093,"Kansas","Kearny County",3,13,72,41,31
050,20,093,"Kansas","Kearny County",3,14,73,40,33
050,20,093,"Kansas","Kearny County",3,15,67,32,35
050,20,093,"Kansas","Kearny County",3,16,61,32,29
050,20,093,"Kansas","Kearny County",3,17,61,28,33
050,20,093,"Kansas","Kearny County",3,18,49,31,18
050,20,093,"Kansas","Kearny County",3,19,39,24,15
050,20,093,"Kansas","Kearny County",3,20,36,17,19
050,20,093,"Kansas","Kearny County",3,21,39,21,18
050,20,093,"Kansas","Kearny County",3,22,38,19,19
050,20,093,"Kansas","Kearny County",3,23,53,29,24
050,20,093,"Kansas","Kearny County",3,24,50,23,27
050,20,093,"Kansas","Kearny County",3,25,40,21,19
050,20,093,"Kansas","Kearny County",3,26,44,26,18
050,20,093,"Kansas","Kearny County",3,27,58,32,26
050,20,093,"Kansas","Kearny County",3,28,46,25,21
050,20,093,"Kansas","Kearny County",3,29,52,29,23
050,20,093,"Kansas","Kearny County",3,30,49,24,25
050,20,093,"Kansas","Kearny County",3,31,54,28,26
050,20,093,"Kansas","Kearny County",3,32,50,27,23
050,20,093,"Kansas","Kearny County",3,33,48,21,27
050,20,093,"Kansas","Kearny County",3,34,47,18,29
050,20,093,"Kansas","Kearny County",3,35,57,26,31
050,20,093,"Kansas","Kearny County",3,36,61,35,26
050,20,093,"Kansas","Kearny County",3,37,49,25,24
050,20,093,"Kansas","Kearny County",3,38,46,25,21
050,20,093,"Kansas","Kearny County",3,39,45,31,14
050,20,093,"Kansas","Kearny County",3,40,54,25,29
050,20,093,"Kansas","Kearny County",3,41,53,27,26
050,20,093,"Kansas","Kearny County",3,42,40,20,20
050,20,093,"Kansas","Kearny County",3,43,35,15,20
050,20,093,"Kansas","Kearny County",3,44,36,18,18
050,20,093,"Kansas","Kearny County",3,45,39,16,23
050,20,093,"Kansas","Kearny County",3,46,48,23,25
050,20,093,"Kansas","Kearny County",3,47,43,20,23
050,20,093,"Kansas","Kearny County",3,48,33,18,15
050,20,093,"Kansas","Kearny County",3,49,37,20,17
050,20,093,"Kansas","Kearny County",3,50,39,23,16
050,20,093,"Kansas","Kearny County",3,51,42,22,20
050,20,093,"Kansas","Kearny County",3,52,33,16,17
050,20,093,"Kansas","Kearny County",3,53,36,18,18
050,20,093,"Kansas","Kearny County",3,54,45,22,23
050,20,093,"Kansas","Kearny County",3,55,45,21,24
050,20,093,"Kansas","Kearny County",3,56,52,25,27
050,20,093,"Kansas","Kearny County",3,57,51,26,25
050,20,093,"Kansas","Kearny County",3,58,47,21,26
050,20,093,"Kansas","Kearny County",3,59,44,21,23
050,20,093,"Kansas","Kearny County",3,60,49,24,25
050,20,093,"Kansas","Kearny County",3,61,50,25,25
050,20,093,"Kansas","Kearny County",3,62,46,26,20
050,20,093,"Kansas","Kearny County",3,63,38,20,18
050,20,093,"Kansas","Kearny County",3,64,39,22,17
050,20,093,"Kansas","Kearny County",3,65,41,24,17
050,20,093,"Kansas","Kearny County",3,66,47,23,24
050,20,093,"Kansas","Kearny County",3,67,43,22,21
050,20,093,"Kansas","Kearny County",3,68,33,14,19
050,20,093,"Kansas","Kearny County",3,69,28,14,14
050,20,093,"Kansas","Kearny County",3,70,36,20,16
050,20,093,"Kansas","Kearny County",3,71,34,17,17
050,20,093,"Kansas","Kearny County",3,72,29,10,19
050,20,093,"Kansas","Kearny County",3,73,29,12,17
050,20,093,"Kansas","Kearny County",3,74,33,17,16
050,20,093,"Kansas","Kearny County",3,75,26,16,10
050,20,093,"Kansas","Kearny County",3,76,23,10,13
050,20,093,"Kansas","Kearny County",3,77,18,8,10
050,20,093,"Kansas","Kearny County",3,78,19,7,12
050,20,093,"Kansas","Kearny County",3,79,20,6,14
050,20,093,"Kansas","Kearny County",3,80,19,8,11
050,20,093,"Kansas","Kearny County",3,81,15,6,9
050,20,093,"Kansas","Kearny County",3,82,17,9,8
050,20,093,"Kansas","Kearny County",3,83,17,9,8
050,20,093,"Kansas","Kearny County",3,84,16,8,8
050,20,093,"Kansas","Kearny County",3,85,93,31,62
050,20,093,"Kansas","Kearny County",4,0,72,32,40
050,20,093,"Kansas","Kearny County",4,1,67,29,38
050,20,093,"Kansas","Kearny County",4,2,48,28,20
050,20,093,"Kansas","Kearny County",4,3,49,25,24
050,20,093,"Kansas","Kearny County",4,4,51,28,23
050,20,093,"Kansas","Kearny County",4,5,67,30,37
050,20,093,"Kansas","Kearny County",4,6,49,29,20
050,20,093,"Kansas","Kearny County",4,7,56,33,23
050,20,093,"Kansas","Kearny County",4,8,58,33,25
050,20,093,"Kansas","Kearny County",4,9,64,35,29
050,20,093,"Kansas","Kearny County",4,10,76,42,34
050,20,093,"Kansas","Kearny County",4,11,63,30,33
050,20,093,"Kansas","Kearny County",4,12,70,32,38
050,20,093,"Kansas","Kearny County",4,13,62,28,34
050,20,093,"Kansas","Kearny County",4,14,67,37,30
050,20,093,"Kansas","Kearny County",4,15,74,40,34
050,20,093,"Kansas","Kearny County",4,16,68,34,34
050,20,093,"Kansas","Kearny County",4,17,60,30,30
050,20,093,"Kansas","Kearny County",4,18,57,30,27
050,20,093,"Kansas","Kearny County",4,19,44,26,18
050,20,093,"Kansas","Kearny County",4,20,44,26,18
050,20,093,"Kansas","Kearny County",4,21,32,17,15
050,20,093,"Kansas","Kearny County",4,22,41,20,21
050,20,093,"Kansas","Kearny County",4,23,45,29,16
050,20,093,"Kansas","Kearny County",4,24,58,33,25
050,20,093,"Kansas","Kearny County",4,25,50,23,27
050,20,093,"Kansas","Kearny County",4,26,41,24,17
050,20,093,"Kansas","Kearny County",4,27,46,23,23
050,20,093,"Kansas","Kearny County",4,28,51,28,23
050,20,093,"Kansas","Kearny County",4,29,46,24,22
050,20,093,"Kansas","Kearny County",4,30,48,28,20
050,20,093,"Kansas","Kearny County",4,31,43,19,24
050,20,093,"Kansas","Kearny County",4,32,54,33,21
050,20,093,"Kansas","Kearny County",4,33,51,26,25
050,20,093,"Kansas","Kearny County",4,34,45,20,25
050,20,093,"Kansas","Kearny County",4,35,47,18,29
050,20,093,"Kansas","Kearny County",4,36,52,22,30
050,20,093,"Kansas","Kearny County",4,37,59,35,24
050,20,093,"Kansas","Kearny County",4,38,51,25,26
050,20,093,"Kansas","Kearny County",4,39,44,29,15
050,20,093,"Kansas","Kearny County",4,40,41,30,11
050,20,093,"Kansas","Kearny County",4,41,52,24,28
050,20,093,"Kansas","Kearny County",4,42,51,25,26
050,20,093,"Kansas","Kearny County",4,43,36,18,18
050,20,093,"Kansas","Kearny County",4,44,34,14,20
050,20,093,"Kansas","Kearny County",4,45,29,13,16
050,20,093,"Kansas","Kearny County",4,46,42,19,23
050,20,093,"Kansas","Kearny County",4,47,49,24,25
050,20,093,"Kansas","Kearny County",4,48,41,18,23
050,20,093,"Kansas","Kearny County",4,49,32,18,14
050,20,093,"Kansas","Kearny County",4,50,37,20,17
050,20,093,"Kansas","Kearny County",4,51,39,22,17
050,20,093,"Kansas","Kearny County",4,52,39,21,18
050,20,093,"Kansas","Kearny County",4,53,30,14,16
050,20,093,"Kansas","Kearny County",4,54,36,18,18
050,20,093,"Kansas","Kearny County",4,55,46,23,23
050,20,093,"Kansas","Kearny County",4,56,47,22,25
050,20,093,"Kansas","Kearny County",4,57,54,24,30
050,20,093,"Kansas","Kearny County",4,58,51,26,25
050,20,093,"Kansas","Kearny County",4,59,49,23,26
050,20,093,"Kansas","Kearny County",4,60,46,22,24
050,20,093,"Kansas","Kearny County",4,61,45,23,22
050,20,093,"Kansas","Kearny County",4,62,49,24,25
050,20,093,"Kansas","Kearny County",4,63,45,25,20
050,20,093,"Kansas","Kearny County",4,64,39,21,18
050,20,093,"Kansas","Kearny County",4,65,38,22,16
050,20,093,"Kansas","Kearny County",4,66,40,22,18
050,20,093,"Kansas","Kearny County",4,67,45,22,23
050,20,093,"Kansas","Kearny County",4,68,42,22,20
050,20,093,"Kansas","Kearny County",4,69,33,14,19
050,20,093,"Kansas","Kearny County",4,70,30,15,15
050,20,093,"Kansas","Kearny County",4,71,33,17,16
050,20,093,"Kansas","Kearny County",4,72,35,18,17
050,20,093,"Kansas","Kearny County",4,73,28,10,18
050,20,093,"Kansas","Kearny County",4,74,27,12,15
050,20,093,"Kansas","Kearny County",4,75,31,16,15
050,20,093,"Kansas","Kearny County",4,76,27,16,11
050,20,093,"Kansas","Kearny County",4,77,18,10,8
050,20,093,"Kansas","Kearny County",4,78,19,9,10
050,20,093,"Kansas","Kearny County",4,79,19,6,13
050,20,093,"Kansas","Kearny County",4,80,13,1,12
050,20,093,"Kansas","Kearny County",4,81,16,8,8
050,20,093,"Kansas","Kearny County",4,82,19,8,11
050,20,093,"Kansas","Kearny County",4,83,12,6,6
050,20,093,"Kansas","Kearny County",4,84,17,9,8
050,20,093,"Kansas","Kearny County",4,85,94,37,57
050,20,093,"Kansas","Kearny County",5,0,74,32,42
050,20,093,"Kansas","Kearny County",5,1,63,32,31
050,20,093,"Kansas","Kearny County",5,2,67,32,35
050,20,093,"Kansas","Kearny County",5,3,50,29,21
050,20,093,"Kansas","Kearny County",5,4,48,24,24
050,20,093,"Kansas","Kearny County",5,5,54,29,25
050,20,093,"Kansas","Kearny County",5,6,68,32,36
050,20,093,"Kansas","Kearny County",5,7,50,30,20
050,20,093,"Kansas","Kearny County",5,8,59,35,24
050,20,093,"Kansas","Kearny County",5,9,62,33,29
050,20,093,"Kansas","Kearny County",5,10,59,31,28
050,20,093,"Kansas","Kearny County",5,11,74,41,33
050,20,093,"Kansas","Kearny County",5,12,59,27,32
050,20,093,"Kansas","Kearny County",5,13,70,34,36
050,20,093,"Kansas","Kearny County",5,14,68,31,37
050,20,093,"Kansas","Kearny County",5,15,70,39,31
050,20,093,"Kansas","Kearny County",5,16,77,42,35
050,20,093,"Kansas","Kearny County",5,17,59,26,33
050,20,093,"Kansas","Kearny County",5,18,53,29,24
050,20,093,"Kansas","Kearny County",5,19,51,25,26
050,20,093,"Kansas","Kearny County",5,20,40,24,16
050,20,093,"Kansas","Kearny County",5,21,43,23,20
050,20,093,"Kansas","Kearny County",5,22,34,20,14
050,20,093,"Kansas","Kearny County",5,23,35,16,19
050,20,093,"Kansas","Kearny County",5,24,36,20,16
050,20,093,"Kansas","Kearny County",5,25,48,26,22
050,20,093,"Kansas","Kearny County",5,26,46,20,26
050,20,093,"Kansas","Kearny County",5,27,38,22,16
050,20,093,"Kansas","Kearny County",5,28,48,24,24
050,20,093,"Kansas","Kearny County",5,29,48,26,22
050,20,093,"Kansas","Kearny County",5,30,44,25,19
050,20,093,"Kansas","Kearny County",5,31,48,27,21
050,20,093,"Kansas","Kearny County",5,32,46,20,26
050,20,093,"Kansas","Kearny County",5,33,57,36,21
050,20,093,"Kansas","Kearny County",5,34,50,26,24
050,20,093,"Kansas","Kearny County",5,35,45,21,24
050,20,093,"Kansas","Kearny County",5,36,52,18,34
050,20,093,"Kansas","Kearny County",5,37,53,22,31
050,20,093,"Kansas","Kearny County",5,38,60,35,25
050,20,093,"Kansas","Kearny County",5,39,53,29,24
050,20,093,"Kansas","Kearny County",5,40,42,28,14
050,20,093,"Kansas","Kearny County",5,41,42,31,11
050,20,093,"Kansas","Kearny County",5,42,52,23,29
050,20,093,"Kansas","Kearny County",5,43,46,23,23
050,20,093,"Kansas","Kearny County",5,44,36,18,18
050,20,093,"Kansas","Kearny County",5,45,35,14,21
050,20,093,"Kansas","Kearny County",5,46,29,13,16
050,20,093,"Kansas","Kearny County",5,47,36,18,18
050,20,093,"Kansas","Kearny County",5,48,44,20,24
050,20,093,"Kansas","Kearny County",5,49,40,18,22
050,20,093,"Kansas","Kearny County",5,50,31,18,13
050,20,093,"Kansas","Kearny County",5,51,39,19,20
050,20,093,"Kansas","Kearny County",5,52,35,19,16
050,20,093,"Kansas","Kearny County",5,53,35,20,15
050,20,093,"Kansas","Kearny County",5,54,31,15,16
050,20,093,"Kansas","Kearny County",5,55,33,15,18
050,20,093,"Kansas","Kearny County",5,56,50,24,26
050,20,093,"Kansas","Kearny County",5,57,42,19,23
050,20,093,"Kansas","Kearny County",5,58,54,24,30
050,20,093,"Kansas","Kearny County",5,59,52,27,25
050,20,093,"Kansas","Kearny County",5,60,47,23,24
050,20,093,"Kansas","Kearny County",5,61,46,22,24
050,20,093,"Kansas","Kearny County",5,62,41,22,19
050,20,093,"Kansas","Kearny County",5,63,45,20,25
050,20,093,"Kansas","Kearny County",5,64,45,25,20
050,20,093,"Kansas","Kearny County",5,65,39,22,17
050,20,093,"Kansas","Kearny County",5,66,34,17,17
050,20,093,"Kansas","Kearny County",5,67,38,21,17
050,20,093,"Kansas","Kearny County",5,68,41,20,21
050,20,093,"Kansas","Kearny County",5,69,42,23,19
050,20,093,"Kansas","Kearny County",5,70,34,15,19
050,20,093,"Kansas","Kearny County",5,71,28,14,14
050,20,093,"Kansas","Kearny County",5,72,34,17,17
050,20,093,"Kansas","Kearny County",5,73,35,18,17
050,20,093,"Kansas","Kearny County",5,74,26,10,16
050,20,093,"Kansas","Kearny County",5,75,28,13,15
050,20,093,"Kansas","Kearny County",5,76,30,15,15
050,20,093,"Kansas","Kearny County",5,77,24,16,8
050,20,093,"Kansas","Kearny County",5,78,19,12,7
050,20,093,"Kansas","Kearny County",5,79,20,6,14
050,20,093,"Kansas","Kearny County",5,80,11,1,10
050,20,093,"Kansas","Kearny County",5,81,10,2,8
050,20,093,"Kansas","Kearny County",5,82,20,10,10
050,20,093,"Kansas","Kearny County",5,83,14,5,9
050,20,093,"Kansas","Kearny County",5,84,12,6,6
050,20,093,"Kansas","Kearny County",5,85,97,43,54
050,20,095,"Kansas","Kingman County",1,0,72,38,34
050,20,095,"Kansas","Kingman County",1,1,80,49,31
050,20,095,"Kansas","Kingman County",1,2,71,43,28
050,20,095,"Kansas","Kingman County",1,3,90,52,38
050,20,095,"Kansas","Kingman County",1,4,91,51,40
050,20,095,"Kansas","Kingman County",1,5,90,47,43
050,20,095,"Kansas","Kingman County",1,6,87,47,40
050,20,095,"Kansas","Kingman County",1,7,79,50,29
050,20,095,"Kansas","Kingman County",1,8,87,53,34
050,20,095,"Kansas","Kingman County",1,9,95,50,45
050,20,095,"Kansas","Kingman County",1,10,102,58,44
050,20,095,"Kansas","Kingman County",1,11,105,51,54
050,20,095,"Kansas","Kingman County",1,12,94,50,44
050,20,095,"Kansas","Kingman County",1,13,93,45,48
050,20,095,"Kansas","Kingman County",1,14,100,54,46
050,20,095,"Kansas","Kingman County",1,15,104,57,47
050,20,095,"Kansas","Kingman County",1,16,93,42,51
050,20,095,"Kansas","Kingman County",1,17,93,49,44
050,20,095,"Kansas","Kingman County",1,18,92,52,40
050,20,095,"Kansas","Kingman County",1,19,71,42,29
050,20,095,"Kansas","Kingman County",1,20,74,33,41
050,20,095,"Kansas","Kingman County",1,21,68,35,33
050,20,095,"Kansas","Kingman County",1,22,68,31,37
050,20,095,"Kansas","Kingman County",1,23,85,44,41
050,20,095,"Kansas","Kingman County",1,24,73,41,32
050,20,095,"Kansas","Kingman County",1,25,59,31,28
050,20,095,"Kansas","Kingman County",1,26,79,36,43
050,20,095,"Kansas","Kingman County",1,27,66,36,30
050,20,095,"Kansas","Kingman County",1,28,95,50,45
050,20,095,"Kansas","Kingman County",1,29,77,41,36
050,20,095,"Kansas","Kingman County",1,30,72,41,31
050,20,095,"Kansas","Kingman County",1,31,67,34,33
050,20,095,"Kansas","Kingman County",1,32,75,38,37
050,20,095,"Kansas","Kingman County",1,33,93,42,51
050,20,095,"Kansas","Kingman County",1,34,90,44,46
050,20,095,"Kansas","Kingman County",1,35,86,45,41
050,20,095,"Kansas","Kingman County",1,36,85,48,37
050,20,095,"Kansas","Kingman County",1,37,90,48,42
050,20,095,"Kansas","Kingman County",1,38,94,43,51
050,20,095,"Kansas","Kingman County",1,39,85,39,46
050,20,095,"Kansas","Kingman County",1,40,92,44,48
050,20,095,"Kansas","Kingman County",1,41,80,38,42
050,20,095,"Kansas","Kingman County",1,42,75,41,34
050,20,095,"Kansas","Kingman County",1,43,91,50,41
050,20,095,"Kansas","Kingman County",1,44,96,45,51
050,20,095,"Kansas","Kingman County",1,45,86,43,43
050,20,095,"Kansas","Kingman County",1,46,66,36,30
050,20,095,"Kansas","Kingman County",1,47,74,31,43
050,20,095,"Kansas","Kingman County",1,48,74,41,33
050,20,095,"Kansas","Kingman County",1,49,96,52,44
050,20,095,"Kansas","Kingman County",1,50,96,48,48
050,20,095,"Kansas","Kingman County",1,51,80,38,42
050,20,095,"Kansas","Kingman County",1,52,84,41,43
050,20,095,"Kansas","Kingman County",1,53,99,46,53
050,20,095,"Kansas","Kingman County",1,54,96,55,41
050,20,095,"Kansas","Kingman County",1,55,101,47,54
050,20,095,"Kansas","Kingman County",1,56,116,54,62
050,20,095,"Kansas","Kingman County",1,57,119,62,57
050,20,095,"Kansas","Kingman County",1,58,134,68,66
050,20,095,"Kansas","Kingman County",1,59,134,68,66
050,20,095,"Kansas","Kingman County",1,60,141,67,74
050,20,095,"Kansas","Kingman County",1,61,139,74,65
050,20,095,"Kansas","Kingman County",1,62,137,67,70
050,20,095,"Kansas","Kingman County",1,63,127,62,65
050,20,095,"Kansas","Kingman County",1,64,120,62,58
050,20,095,"Kansas","Kingman County",1,65,123,68,55
050,20,095,"Kansas","Kingman County",1,66,111,61,50
050,20,095,"Kansas","Kingman County",1,67,94,43,51
050,20,095,"Kansas","Kingman County",1,68,91,50,41
050,20,095,"Kansas","Kingman County",1,69,89,48,41
050,20,095,"Kansas","Kingman County",1,70,84,43,41
050,20,095,"Kansas","Kingman County",1,71,74,33,41
050,20,095,"Kansas","Kingman County",1,72,59,30,29
050,20,095,"Kansas","Kingman County",1,73,74,37,37
050,20,095,"Kansas","Kingman County",1,74,61,29,32
050,20,095,"Kansas","Kingman County",1,75,63,31,32
050,20,095,"Kansas","Kingman County",1,76,55,27,28
050,20,095,"Kansas","Kingman County",1,77,53,23,30
050,20,095,"Kansas","Kingman County",1,78,46,20,26
050,20,095,"Kansas","Kingman County",1,79,49,23,26
050,20,095,"Kansas","Kingman County",1,80,49,27,22
050,20,095,"Kansas","Kingman County",1,81,48,17,31
050,20,095,"Kansas","Kingman County",1,82,45,18,27
050,20,095,"Kansas","Kingman County",1,83,46,21,25
050,20,095,"Kansas","Kingman County",1,84,42,16,26
050,20,095,"Kansas","Kingman County",1,85,194,76,118
050,20,095,"Kansas","Kingman County",2,0,70,34,36
050,20,095,"Kansas","Kingman County",2,1,78,46,32
050,20,095,"Kansas","Kingman County",2,2,72,44,28
050,20,095,"Kansas","Kingman County",2,3,84,49,35
050,20,095,"Kansas","Kingman County",2,4,91,52,39
050,20,095,"Kansas","Kingman County",2,5,90,47,43
050,20,095,"Kansas","Kingman County",2,6,86,47,39
050,20,095,"Kansas","Kingman County",2,7,81,49,32
050,20,095,"Kansas","Kingman County",2,8,85,52,33
050,20,095,"Kansas","Kingman County",2,9,94,52,42
050,20,095,"Kansas","Kingman County",2,10,101,56,45
050,20,095,"Kansas","Kingman County",2,11,102,52,50
050,20,095,"Kansas","Kingman County",2,12,96,50,46
050,20,095,"Kansas","Kingman County",2,13,93,46,47
050,20,095,"Kansas","Kingman County",2,14,98,51,47
050,20,095,"Kansas","Kingman County",2,15,102,55,47
050,20,095,"Kansas","Kingman County",2,16,95,45,50
050,20,095,"Kansas","Kingman County",2,17,93,47,46
050,20,095,"Kansas","Kingman County",2,18,89,50,39
050,20,095,"Kansas","Kingman County",2,19,71,41,30
050,20,095,"Kansas","Kingman County",2,20,74,35,39
050,20,095,"Kansas","Kingman County",2,21,71,35,36
050,20,095,"Kansas","Kingman County",2,22,70,33,37
050,20,095,"Kansas","Kingman County",2,23,80,41,39
050,20,095,"Kansas","Kingman County",2,24,72,41,31
050,20,095,"Kansas","Kingman County",2,25,63,34,29
050,20,095,"Kansas","Kingman County",2,26,72,34,38
050,20,095,"Kansas","Kingman County",2,27,71,38,33
050,20,095,"Kansas","Kingman County",2,28,89,48,41
050,20,095,"Kansas","Kingman County",2,29,80,42,38
050,20,095,"Kansas","Kingman County",2,30,74,41,33
050,20,095,"Kansas","Kingman County",2,31,67,35,32
050,20,095,"Kansas","Kingman County",2,32,72,37,35
050,20,095,"Kansas","Kingman County",2,33,88,42,46
050,20,095,"Kansas","Kingman County",2,34,90,43,47
050,20,095,"Kansas","Kingman County",2,35,88,45,43
050,20,095,"Kansas","Kingman County",2,36,84,47,37
050,20,095,"Kansas","Kingman County",2,37,89,48,41
050,20,095,"Kansas","Kingman County",2,38,93,44,49
050,20,095,"Kansas","Kingman County",2,39,87,40,47
050,20,095,"Kansas","Kingman County",2,40,91,43,48
050,20,095,"Kansas","Kingman County",2,41,81,39,42
050,20,095,"Kansas","Kingman County",2,42,77,41,36
050,20,095,"Kansas","Kingman County",2,43,88,48,40
050,20,095,"Kansas","Kingman County",2,44,94,46,48
050,20,095,"Kansas","Kingman County",2,45,90,45,45
050,20,095,"Kansas","Kingman County",2,46,70,36,34
050,20,095,"Kansas","Kingman County",2,47,71,32,39
050,20,095,"Kansas","Kingman County",2,48,73,38,35
050,20,095,"Kansas","Kingman County",2,49,90,49,41
050,20,095,"Kansas","Kingman County",2,50,94,48,46
050,20,095,"Kansas","Kingman County",2,51,83,40,43
050,20,095,"Kansas","Kingman County",2,52,84,41,43
050,20,095,"Kansas","Kingman County",2,53,96,45,51
050,20,095,"Kansas","Kingman County",2,54,97,53,44
050,20,095,"Kansas","Kingman County",2,55,100,49,51
050,20,095,"Kansas","Kingman County",2,56,111,51,60
050,20,095,"Kansas","Kingman County",2,57,118,60,58
050,20,095,"Kansas","Kingman County",2,58,131,67,64
050,20,095,"Kansas","Kingman County",2,59,134,69,65
050,20,095,"Kansas","Kingman County",2,60,138,68,70
050,20,095,"Kansas","Kingman County",2,61,138,72,66
050,20,095,"Kansas","Kingman County",2,62,138,69,69
050,20,095,"Kansas","Kingman County",2,63,127,63,64
050,20,095,"Kansas","Kingman County",2,64,121,62,59
050,20,095,"Kansas","Kingman County",2,65,120,65,55
050,20,095,"Kansas","Kingman County",2,66,113,63,50
050,20,095,"Kansas","Kingman County",2,67,98,47,51
050,20,095,"Kansas","Kingman County",2,68,92,49,43
050,20,095,"Kansas","Kingman County",2,69,90,48,42
050,20,095,"Kansas","Kingman County",2,70,83,43,40
050,20,095,"Kansas","Kingman County",2,71,75,35,40
050,20,095,"Kansas","Kingman County",2,72,59,29,30
050,20,095,"Kansas","Kingman County",2,73,72,36,36
050,20,095,"Kansas","Kingman County",2,74,60,29,31
050,20,095,"Kansas","Kingman County",2,75,63,30,33
050,20,095,"Kansas","Kingman County",2,76,55,27,28
050,20,095,"Kansas","Kingman County",2,77,53,24,29
050,20,095,"Kansas","Kingman County",2,78,46,20,26
050,20,095,"Kansas","Kingman County",2,79,49,23,26
050,20,095,"Kansas","Kingman County",2,80,46,24,22
050,20,095,"Kansas","Kingman County",2,81,49,19,30
050,20,095,"Kansas","Kingman County",2,82,43,18,25
050,20,095,"Kansas","Kingman County",2,83,46,20,26
050,20,095,"Kansas","Kingman County",2,84,40,15,25
050,20,095,"Kansas","Kingman County",2,85,193,75,118
050,20,095,"Kansas","Kingman County",3,0,72,40,32
050,20,095,"Kansas","Kingman County",3,1,74,38,36
050,20,095,"Kansas","Kingman County",3,2,86,49,37
050,20,095,"Kansas","Kingman County",3,3,85,50,35
050,20,095,"Kansas","Kingman County",3,4,90,48,42
050,20,095,"Kansas","Kingman County",3,5,91,52,39
050,20,095,"Kansas","Kingman County",3,6,89,44,45
050,20,095,"Kansas","Kingman County",3,7,88,45,43
050,20,095,"Kansas","Kingman County",3,8,78,51,27
050,20,095,"Kansas","Kingman County",3,9,86,51,35
050,20,095,"Kansas","Kingman County",3,10,96,54,42
050,20,095,"Kansas","Kingman County",3,11,100,54,46
050,20,095,"Kansas","Kingman County",3,12,100,52,48
050,20,095,"Kansas","Kingman County",3,13,96,47,49
050,20,095,"Kansas","Kingman County",3,14,94,47,47
050,20,095,"Kansas","Kingman County",3,15,101,52,49
050,20,095,"Kansas","Kingman County",3,16,101,53,48
050,20,095,"Kansas","Kingman County",3,17,97,49,48
050,20,095,"Kansas","Kingman County",3,18,79,42,37
050,20,095,"Kansas","Kingman County",3,19,68,38,30
050,20,095,"Kansas","Kingman County",3,20,70,38,32
050,20,095,"Kansas","Kingman County",3,21,72,37,35
050,20,095,"Kansas","Kingman County",3,22,71,35,36
050,20,095,"Kansas","Kingman County",3,23,67,34,33
050,20,095,"Kansas","Kingman County",3,24,80,41,39
050,20,095,"Kansas","Kingman County",3,25,82,47,35
050,20,095,"Kansas","Kingman County",3,26,73,37,36
050,20,095,"Kansas","Kingman County",3,27,82,37,45
050,20,095,"Kansas","Kingman County",3,28,79,41,38
050,20,095,"Kansas","Kingman County",3,29,89,48,41
050,20,095,"Kansas","Kingman County",3,30,80,42,38
050,20,095,"Kansas","Kingman County",3,31,79,45,34
050,20,095,"Kansas","Kingman County",3,32,67,34,33
050,20,095,"Kansas","Kingman County",3,33,73,36,37
050,20,095,"Kansas","Kingman County",3,34,91,44,47
050,20,095,"Kansas","Kingman County",3,35,90,44,46
050,20,095,"Kansas","Kingman County",3,36,80,41,39
050,20,095,"Kansas","Kingman County",3,37,87,48,39
050,20,095,"Kansas","Kingman County",3,38,93,52,41
050,20,095,"Kansas","Kingman County",3,39,91,45,46
050,20,095,"Kansas","Kingman County",3,40,83,41,42
050,20,095,"Kansas","Kingman County",3,41,90,43,47
050,20,095,"Kansas","Kingman County",3,42,80,38,42
050,20,095,"Kansas","Kingman County",3,43,69,36,33
050,20,095,"Kansas","Kingman County",3,44,89,46,43
050,20,095,"Kansas","Kingman County",3,45,91,43,48
050,20,095,"Kansas","Kingman County",3,46,88,46,42
050,20,095,"Kansas","Kingman County",3,47,72,35,37
050,20,095,"Kansas","Kingman County",3,48,65,29,36
050,20,095,"Kansas","Kingman County",3,49,73,41,32
050,20,095,"Kansas","Kingman County",3,50,95,51,44
050,20,095,"Kansas","Kingman County",3,51,97,49,48
050,20,095,"Kansas","Kingman County",3,52,82,39,43
050,20,095,"Kansas","Kingman County",3,53,79,39,40
050,20,095,"Kansas","Kingman County",3,54,90,44,46
050,20,095,"Kansas","Kingman County",3,55,99,53,46
050,20,095,"Kansas","Kingman County",3,56,96,46,50
050,20,095,"Kansas","Kingman County",3,57,110,54,56
050,20,095,"Kansas","Kingman County",3,58,112,57,55
050,20,095,"Kansas","Kingman County",3,59,129,64,65
050,20,095,"Kansas","Kingman County",3,60,126,62,64
050,20,095,"Kansas","Kingman County",3,61,131,62,69
050,20,095,"Kansas","Kingman County",3,62,130,68,62
050,20,095,"Kansas","Kingman County",3,63,135,70,65
050,20,095,"Kansas","Kingman County",3,64,128,63,65
050,20,095,"Kansas","Kingman County",3,65,113,57,56
050,20,095,"Kansas","Kingman County",3,66,110,59,51
050,20,095,"Kansas","Kingman County",3,67,103,60,43
050,20,095,"Kansas","Kingman County",3,68,93,45,48
050,20,095,"Kansas","Kingman County",3,69,88,46,42
050,20,095,"Kansas","Kingman County",3,70,81,41,40
050,20,095,"Kansas","Kingman County",3,71,78,39,39
050,20,095,"Kansas","Kingman County",3,72,69,33,36
050,20,095,"Kansas","Kingman County",3,73,54,26,28
050,20,095,"Kansas","Kingman County",3,74,68,31,37
050,20,095,"Kansas","Kingman County",3,75,55,26,29
050,20,095,"Kansas","Kingman County",3,76,57,28,29
050,20,095,"Kansas","Kingman County",3,77,52,22,30
050,20,095,"Kansas","Kingman County",3,78,45,20,25
050,20,095,"Kansas","Kingman County",3,79,41,17,24
050,20,095,"Kansas","Kingman County",3,80,39,17,22
050,20,095,"Kansas","Kingman County",3,81,46,23,23
050,20,095,"Kansas","Kingman County",3,82,40,17,23
050,20,095,"Kansas","Kingman County",3,83,41,15,26
050,20,095,"Kansas","Kingman County",3,84,38,17,21
050,20,095,"Kansas","Kingman County",3,85,174,67,107
050,20,095,"Kansas","Kingman County",4,0,75,35,40
050,20,095,"Kansas","Kingman County",4,1,65,38,27
050,20,095,"Kansas","Kingman County",4,2,78,39,39
050,20,095,"Kansas","Kingman County",4,3,92,50,42
050,20,095,"Kansas","Kingman County",4,4,76,48,28
050,20,095,"Kansas","Kingman County",4,5,91,49,42
050,20,095,"Kansas","Kingman County",4,6,99,55,44
050,20,095,"Kansas","Kingman County",4,7,88,42,46
050,20,095,"Kansas","Kingman County",4,8,86,43,43
050,20,095,"Kansas","Kingman County",4,9,81,48,33
050,20,095,"Kansas","Kingman County",4,10,92,54,38
050,20,095,"Kansas","Kingman County",4,11,104,57,47
050,20,095,"Kansas","Kingman County",4,12,106,62,44
050,20,095,"Kansas","Kingman County",4,13,109,57,52
050,20,095,"Kansas","Kingman County",4,14,105,54,51
050,20,095,"Kansas","Kingman County",4,15,98,54,44
050,20,095,"Kansas","Kingman County",4,16,108,53,55
050,20,095,"Kansas","Kingman County",4,17,97,53,44
050,20,095,"Kansas","Kingman County",4,18,82,38,44
050,20,095,"Kansas","Kingman County",4,19,60,31,29
050,20,095,"Kansas","Kingman County",4,20,69,39,30
050,20,095,"Kansas","Kingman County",4,21,67,37,30
050,20,095,"Kansas","Kingman County",4,22,72,37,35
050,20,095,"Kansas","Kingman County",4,23,73,38,35
050,20,095,"Kansas","Kingman County",4,24,62,33,29
050,20,095,"Kansas","Kingman County",4,25,81,45,36
050,20,095,"Kansas","Kingman County",4,26,75,44,31
050,20,095,"Kansas","Kingman County",4,27,74,36,38
050,20,095,"Kansas","Kingman County",4,28,76,36,40
050,20,095,"Kansas","Kingman County",4,29,76,42,34
050,20,095,"Kansas","Kingman County",4,30,92,48,44
050,20,095,"Kansas","Kingman County",4,31,85,46,39
050,20,095,"Kansas","Kingman County",4,32,77,42,35
050,20,095,"Kansas","Kingman County",4,33,70,35,35
050,20,095,"Kansas","Kingman County",4,34,73,38,35
050,20,095,"Kansas","Kingman County",4,35,96,45,51
050,20,095,"Kansas","Kingman County",4,36,93,47,46
050,20,095,"Kansas","Kingman County",4,37,77,38,39
050,20,095,"Kansas","Kingman County",4,38,86,47,39
050,20,095,"Kansas","Kingman County",4,39,89,48,41
050,20,095,"Kansas","Kingman County",4,40,87,43,44
050,20,095,"Kansas","Kingman County",4,41,93,51,42
050,20,095,"Kansas","Kingman County",4,42,100,48,52
050,20,095,"Kansas","Kingman County",4,43,77,35,42
050,20,095,"Kansas","Kingman County",4,44,70,35,35
050,20,095,"Kansas","Kingman County",4,45,86,48,38
050,20,095,"Kansas","Kingman County",4,46,94,48,46
050,20,095,"Kansas","Kingman County",4,47,87,43,44
050,20,095,"Kansas","Kingman County",4,48,72,34,38
050,20,095,"Kansas","Kingman County",4,49,64,28,36
050,20,095,"Kansas","Kingman County",4,50,74,43,31
050,20,095,"Kansas","Kingman County",4,51,94,49,45
050,20,095,"Kansas","Kingman County",4,52,93,48,45
050,20,095,"Kansas","Kingman County",4,53,82,38,44
050,20,095,"Kansas","Kingman County",4,54,88,44,44
050,20,095,"Kansas","Kingman County",4,55,95,45,50
050,20,095,"Kansas","Kingman County",4,56,96,50,46
050,20,095,"Kansas","Kingman County",4,57,95,45,50
050,20,095,"Kansas","Kingman County",4,58,107,55,52
050,20,095,"Kansas","Kingman County",4,59,104,52,52
050,20,095,"Kansas","Kingman County",4,60,129,65,64
050,20,095,"Kansas","Kingman County",4,61,123,61,62
050,20,095,"Kansas","Kingman County",4,62,130,60,70
050,20,095,"Kansas","Kingman County",4,63,123,63,60
050,20,095,"Kansas","Kingman County",4,64,129,66,63
050,20,095,"Kansas","Kingman County",4,65,121,58,63
050,20,095,"Kansas","Kingman County",4,66,101,49,52
050,20,095,"Kansas","Kingman County",4,67,104,54,50
050,20,095,"Kansas","Kingman County",4,68,101,60,41
050,20,095,"Kansas","Kingman County",4,69,85,39,46
050,20,095,"Kansas","Kingman County",4,70,81,44,37
050,20,095,"Kansas","Kingman County",4,71,75,38,37
050,20,095,"Kansas","Kingman County",4,72,73,38,35
050,20,095,"Kansas","Kingman County",4,73,59,26,33
050,20,095,"Kansas","Kingman County",4,74,50,24,26
050,20,095,"Kansas","Kingman County",4,75,64,29,35
050,20,095,"Kansas","Kingman County",4,76,50,24,26
050,20,095,"Kansas","Kingman County",4,77,53,25,28
050,20,095,"Kansas","Kingman County",4,78,46,20,26
050,20,095,"Kansas","Kingman County",4,79,43,17,26
050,20,095,"Kansas","Kingman County",4,80,31,14,17
050,20,095,"Kansas","Kingman County",4,81,39,17,22
050,20,095,"Kansas","Kingman County",4,82,32,19,13
050,20,095,"Kansas","Kingman County",4,83,42,15,27
050,20,095,"Kansas","Kingman County",4,84,34,13,21
050,20,095,"Kansas","Kingman County",4,85,143,56,87
050,20,095,"Kansas","Kingman County",5,0,74,34,40
050,20,095,"Kansas","Kingman County",5,1,74,38,36
050,20,095,"Kansas","Kingman County",5,2,73,42,31
050,20,095,"Kansas","Kingman County",5,3,79,43,36
050,20,095,"Kansas","Kingman County",5,4,97,55,42
050,20,095,"Kansas","Kingman County",5,5,81,50,31
050,20,095,"Kansas","Kingman County",5,6,100,52,48
050,20,095,"Kansas","Kingman County",5,7,99,57,42
050,20,095,"Kansas","Kingman County",5,8,92,49,43
050,20,095,"Kansas","Kingman County",5,9,84,39,45
050,20,095,"Kansas","Kingman County",5,10,87,49,38
050,20,095,"Kansas","Kingman County",5,11,100,53,47
050,20,095,"Kansas","Kingman County",5,12,100,52,48
050,20,095,"Kansas","Kingman County",5,13,109,63,46
050,20,095,"Kansas","Kingman County",5,14,111,55,56
050,20,095,"Kansas","Kingman County",5,15,102,52,50
050,20,095,"Kansas","Kingman County",5,16,97,49,48
050,20,095,"Kansas","Kingman County",5,17,101,50,51
050,20,095,"Kansas","Kingman County",5,18,81,47,34
050,20,095,"Kansas","Kingman County",5,19,59,28,31
050,20,095,"Kansas","Kingman County",5,20,61,34,27
050,20,095,"Kansas","Kingman County",5,21,79,46,33
050,20,095,"Kansas","Kingman County",5,22,64,32,32
050,20,095,"Kansas","Kingman County",5,23,73,35,38
050,20,095,"Kansas","Kingman County",5,24,67,32,35
050,20,095,"Kansas","Kingman County",5,25,71,37,34
050,20,095,"Kansas","Kingman County",5,26,83,42,41
050,20,095,"Kansas","Kingman County",5,27,70,40,30
050,20,095,"Kansas","Kingman County",5,28,84,42,42
050,20,095,"Kansas","Kingman County",5,29,82,37,45
050,20,095,"Kansas","Kingman County",5,30,71,40,31
050,20,095,"Kansas","Kingman County",5,31,94,50,44
050,20,095,"Kansas","Kingman County",5,32,83,44,39
050,20,095,"Kansas","Kingman County",5,33,79,40,39
050,20,095,"Kansas","Kingman County",5,34,70,35,35
050,20,095,"Kansas","Kingman County",5,35,70,34,36
050,20,095,"Kansas","Kingman County",5,36,99,46,53
050,20,095,"Kansas","Kingman County",5,37,95,47,48
050,20,095,"Kansas","Kingman County",5,38,81,39,42
050,20,095,"Kansas","Kingman County",5,39,88,51,37
050,20,095,"Kansas","Kingman County",5,40,91,52,39
050,20,095,"Kansas","Kingman County",5,41,90,45,45
050,20,095,"Kansas","Kingman County",5,42,93,50,43
050,20,095,"Kansas","Kingman County",5,43,93,45,48
050,20,095,"Kansas","Kingman County",5,44,81,41,40
050,20,095,"Kansas","Kingman County",5,45,69,34,35
050,20,095,"Kansas","Kingman County",5,46,85,47,38
050,20,095,"Kansas","Kingman County",5,47,94,48,46
050,20,095,"Kansas","Kingman County",5,48,89,43,46
050,20,095,"Kansas","Kingman County",5,49,74,35,39
050,20,095,"Kansas","Kingman County",5,50,65,29,36
050,20,095,"Kansas","Kingman County",5,51,76,44,32
050,20,095,"Kansas","Kingman County",5,52,93,48,45
050,20,095,"Kansas","Kingman County",5,53,90,46,44
050,20,095,"Kansas","Kingman County",5,54,79,38,41
050,20,095,"Kansas","Kingman County",5,55,90,44,46
050,20,095,"Kansas","Kingman County",5,56,92,46,46
050,20,095,"Kansas","Kingman County",5,57,92,47,45
050,20,095,"Kansas","Kingman County",5,58,93,46,47
050,20,095,"Kansas","Kingman County",5,59,110,55,55
050,20,095,"Kansas","Kingman County",5,60,105,54,51
050,20,095,"Kansas","Kingman County",5,61,124,60,64
050,20,095,"Kansas","Kingman County",5,62,120,58,62
050,20,095,"Kansas","Kingman County",5,63,127,61,66
050,20,095,"Kansas","Kingman County",5,64,125,63,62
050,20,095,"Kansas","Kingman County",5,65,121,62,59
050,20,095,"Kansas","Kingman County",5,66,104,49,55
050,20,095,"Kansas","Kingman County",5,67,89,44,45
050,20,095,"Kansas","Kingman County",5,68,94,51,43
050,20,095,"Kansas","Kingman County",5,69,96,55,41
050,20,095,"Kansas","Kingman County",5,70,78,35,43
050,20,095,"Kansas","Kingman County",5,71,71,39,32
050,20,095,"Kansas","Kingman County",5,72,66,35,31
050,20,095,"Kansas","Kingman County",5,73,64,30,34
050,20,095,"Kansas","Kingman County",5,74,56,25,31
050,20,095,"Kansas","Kingman County",5,75,41,19,22
050,20,095,"Kansas","Kingman County",5,76,57,25,32
050,20,095,"Kansas","Kingman County",5,77,51,23,28
050,20,095,"Kansas","Kingman County",5,78,47,23,24
050,20,095,"Kansas","Kingman County",5,79,41,16,25
050,20,095,"Kansas","Kingman County",5,80,33,12,21
050,20,095,"Kansas","Kingman County",5,81,32,13,19
050,20,095,"Kansas","Kingman County",5,82,29,14,15
050,20,095,"Kansas","Kingman County",5,83,32,17,15
050,20,095,"Kansas","Kingman County",5,84,33,14,19
050,20,095,"Kansas","Kingman County",5,85,127,49,78
050,20,097,"Kansas","Kiowa County",1,0,38,19,19
050,20,097,"Kansas","Kiowa County",1,1,35,19,16
050,20,097,"Kansas","Kiowa County",1,2,30,19,11
050,20,097,"Kansas","Kiowa County",1,3,28,9,19
050,20,097,"Kansas","Kiowa County",1,4,35,12,23
050,20,097,"Kansas","Kiowa County",1,5,32,17,15
050,20,097,"Kansas","Kiowa County",1,6,33,17,16
050,20,097,"Kansas","Kiowa County",1,7,32,17,15
050,20,097,"Kansas","Kiowa County",1,8,28,16,12
050,20,097,"Kansas","Kiowa County",1,9,42,22,20
050,20,097,"Kansas","Kiowa County",1,10,32,18,14
050,20,097,"Kansas","Kiowa County",1,11,31,12,19
050,20,097,"Kansas","Kiowa County",1,12,31,16,15
050,20,097,"Kansas","Kiowa County",1,13,32,18,14
050,20,097,"Kansas","Kiowa County",1,14,35,15,20
050,20,097,"Kansas","Kiowa County",1,15,35,18,17
050,20,097,"Kansas","Kiowa County",1,16,30,15,15
050,20,097,"Kansas","Kiowa County",1,17,27,13,14
050,20,097,"Kansas","Kiowa County",1,18,47,18,29
050,20,097,"Kansas","Kiowa County",1,19,60,26,34
050,20,097,"Kansas","Kiowa County",1,20,47,22,25
050,20,097,"Kansas","Kiowa County",1,21,26,13,13
050,20,097,"Kansas","Kiowa County",1,22,21,12,9
050,20,097,"Kansas","Kiowa County",1,23,25,13,12
050,20,097,"Kansas","Kiowa County",1,24,26,10,16
050,20,097,"Kansas","Kiowa County",1,25,29,17,12
050,20,097,"Kansas","Kiowa County",1,26,27,13,14
050,20,097,"Kansas","Kiowa County",1,27,20,10,10
050,20,097,"Kansas","Kiowa County",1,28,31,14,17
050,20,097,"Kansas","Kiowa County",1,29,27,11,16
050,20,097,"Kansas","Kiowa County",1,30,21,10,11
050,20,097,"Kansas","Kiowa County",1,31,21,10,11
050,20,097,"Kansas","Kiowa County",1,32,19,9,10
050,20,097,"Kansas","Kiowa County",1,33,24,11,13
050,20,097,"Kansas","Kiowa County",1,34,28,13,15
050,20,097,"Kansas","Kiowa County",1,35,27,13,14
050,20,097,"Kansas","Kiowa County",1,36,27,15,12
050,20,097,"Kansas","Kiowa County",1,37,15,7,8
050,20,097,"Kansas","Kiowa County",1,38,20,10,10
050,20,097,"Kansas","Kiowa County",1,39,28,16,12
050,20,097,"Kansas","Kiowa County",1,40,30,17,13
050,20,097,"Kansas","Kiowa County",1,41,28,13,15
050,20,097,"Kansas","Kiowa County",1,42,23,14,9
050,20,097,"Kansas","Kiowa County",1,43,20,11,9
050,20,097,"Kansas","Kiowa County",1,44,24,10,14
050,20,097,"Kansas","Kiowa County",1,45,32,21,11
050,20,097,"Kansas","Kiowa County",1,46,26,18,8
050,20,097,"Kansas","Kiowa County",1,47,26,14,12
050,20,097,"Kansas","Kiowa County",1,48,24,15,9
050,20,097,"Kansas","Kiowa County",1,49,23,11,12
050,20,097,"Kansas","Kiowa County",1,50,22,8,14
050,20,097,"Kansas","Kiowa County",1,51,25,13,12
050,20,097,"Kansas","Kiowa County",1,52,15,7,8
050,20,097,"Kansas","Kiowa County",1,53,33,17,16
050,20,097,"Kansas","Kiowa County",1,54,28,14,14
050,20,097,"Kansas","Kiowa County",1,55,33,18,15
050,20,097,"Kansas","Kiowa County",1,56,32,16,16
050,20,097,"Kansas","Kiowa County",1,57,33,16,17
050,20,097,"Kansas","Kiowa County",1,58,35,21,14
050,20,097,"Kansas","Kiowa County",1,59,29,18,11
050,20,097,"Kansas","Kiowa County",1,60,33,20,13
050,20,097,"Kansas","Kiowa County",1,61,40,23,17
050,20,097,"Kansas","Kiowa County",1,62,28,14,14
050,20,097,"Kansas","Kiowa County",1,63,31,13,18
050,20,097,"Kansas","Kiowa County",1,64,41,22,19
050,20,097,"Kansas","Kiowa County",1,65,39,24,15
050,20,097,"Kansas","Kiowa County",1,66,43,27,16
050,20,097,"Kansas","Kiowa County",1,67,39,20,19
050,20,097,"Kansas","Kiowa County",1,68,31,16,15
050,20,097,"Kansas","Kiowa County",1,69,34,19,15
050,20,097,"Kansas","Kiowa County",1,70,32,15,17
050,20,097,"Kansas","Kiowa County",1,71,27,11,16
050,20,097,"Kansas","Kiowa County",1,72,27,11,16
050,20,097,"Kansas","Kiowa County",1,73,26,14,12
050,20,097,"Kansas","Kiowa County",1,74,19,11,8
050,20,097,"Kansas","Kiowa County",1,75,21,10,11
050,20,097,"Kansas","Kiowa County",1,76,18,9,9
050,20,097,"Kansas","Kiowa County",1,77,14,5,9
050,20,097,"Kansas","Kiowa County",1,78,10,2,8
050,20,097,"Kansas","Kiowa County",1,79,10,5,5
050,20,097,"Kansas","Kiowa County",1,80,14,5,9
050,20,097,"Kansas","Kiowa County",1,81,14,6,8
050,20,097,"Kansas","Kiowa County",1,82,15,5,10
050,20,097,"Kansas","Kiowa County",1,83,17,6,11
050,20,097,"Kansas","Kiowa County",1,84,15,4,11
050,20,097,"Kansas","Kiowa County",1,85,80,29,51
050,20,097,"Kansas","Kiowa County",2,0,35,20,15
050,20,097,"Kansas","Kiowa County",2,1,36,20,16
050,20,097,"Kansas","Kiowa County",2,2,30,18,12
050,20,097,"Kansas","Kiowa County",2,3,28,11,17
050,20,097,"Kansas","Kiowa County",2,4,32,11,21
050,20,097,"Kansas","Kiowa County",2,5,32,16,16
050,20,097,"Kansas","Kiowa County",2,6,35,18,17
050,20,097,"Kansas","Kiowa County",2,7,32,17,15
050,20,097,"Kansas","Kiowa County",2,8,28,16,12
050,20,097,"Kansas","Kiowa County",2,9,39,21,18
050,20,097,"Kansas","Kiowa County",2,10,35,19,16
050,20,097,"Kansas","Kiowa County",2,11,31,13,18
050,20,097,"Kansas","Kiowa County",2,12,30,15,15
050,20,097,"Kansas","Kiowa County",2,13,32,18,14
050,20,097,"Kansas","Kiowa County",2,14,35,16,19
050,20,097,"Kansas","Kiowa County",2,15,36,17,19
050,20,097,"Kansas","Kiowa County",2,16,31,15,16
050,20,097,"Kansas","Kiowa County",2,17,27,13,14
050,20,097,"Kansas","Kiowa County",2,18,46,18,28
050,20,097,"Kansas","Kiowa County",2,19,60,26,34
050,20,097,"Kansas","Kiowa County",2,20,47,22,25
050,20,097,"Kansas","Kiowa County",2,21,25,12,13
050,20,097,"Kansas","Kiowa County",2,22,21,11,10
050,20,097,"Kansas","Kiowa County",2,23,26,13,13
050,20,097,"Kansas","Kiowa County",2,24,24,9,15
050,20,097,"Kansas","Kiowa County",2,25,27,14,13
050,20,097,"Kansas","Kiowa County",2,26,26,14,12
050,20,097,"Kansas","Kiowa County",2,27,21,10,11
050,20,097,"Kansas","Kiowa County",2,28,30,14,16
050,20,097,"Kansas","Kiowa County",2,29,28,12,16
050,20,097,"Kansas","Kiowa County",2,30,23,10,13
050,20,097,"Kansas","Kiowa County",2,31,21,10,11
050,20,097,"Kansas","Kiowa County",2,32,19,9,10
050,20,097,"Kansas","Kiowa County",2,33,23,11,12
050,20,097,"Kansas","Kiowa County",2,34,28,13,15
050,20,097,"Kansas","Kiowa County",2,35,27,13,14
050,20,097,"Kansas","Kiowa County",2,36,28,15,13
050,20,097,"Kansas","Kiowa County",2,37,18,9,9
050,20,097,"Kansas","Kiowa County",2,38,19,10,9
050,20,097,"Kansas","Kiowa County",2,39,26,14,12
050,20,097,"Kansas","Kiowa County",2,40,31,18,13
050,20,097,"Kansas","Kiowa County",2,41,26,12,14
050,20,097,"Kansas","Kiowa County",2,42,25,14,11
050,20,097,"Kansas","Kiowa County",2,43,21,12,9
050,20,097,"Kansas","Kiowa County",2,44,23,10,13
050,20,097,"Kansas","Kiowa County",2,45,31,19,12
050,20,097,"Kansas","Kiowa County",2,46,26,18,8
050,20,097,"Kansas","Kiowa County",2,47,26,15,11
050,20,097,"Kansas","Kiowa County",2,48,24,14,10
050,20,097,"Kansas","Kiowa County",2,49,23,12,11
050,20,097,"Kansas","Kiowa County",2,50,22,8,14
050,20,097,"Kansas","Kiowa County",2,51,24,12,12
050,20,097,"Kansas","Kiowa County",2,52,16,7,9
050,20,097,"Kansas","Kiowa County",2,53,30,16,14
050,20,097,"Kansas","Kiowa County",2,54,29,15,14
050,20,097,"Kansas","Kiowa County",2,55,33,17,16
050,20,097,"Kansas","Kiowa County",2,56,32,16,16
050,20,097,"Kansas","Kiowa County",2,57,32,16,16
050,20,097,"Kansas","Kiowa County",2,58,35,20,15
050,20,097,"Kansas","Kiowa County",2,59,30,19,11
050,20,097,"Kansas","Kiowa County",2,60,31,19,12
050,20,097,"Kansas","Kiowa County",2,61,38,23,15
050,20,097,"Kansas","Kiowa County",2,62,30,16,14
050,20,097,"Kansas","Kiowa County",2,63,31,14,17
050,20,097,"Kansas","Kiowa County",2,64,38,19,19
050,20,097,"Kansas","Kiowa County",2,65,40,24,16
050,20,097,"Kansas","Kiowa County",2,66,42,26,16
050,20,097,"Kansas","Kiowa County",2,67,40,22,18
050,20,097,"Kansas","Kiowa County",2,68,33,17,16
050,20,097,"Kansas","Kiowa County",2,69,33,18,15
050,20,097,"Kansas","Kiowa County",2,70,32,16,16
050,20,097,"Kansas","Kiowa County",2,71,28,12,16
050,20,097,"Kansas","Kiowa County",2,72,27,11,16
050,20,097,"Kansas","Kiowa County",2,73,28,14,14
050,20,097,"Kansas","Kiowa County",2,74,20,11,9
050,20,097,"Kansas","Kiowa County",2,75,20,10,10
050,20,097,"Kansas","Kiowa County",2,76,19,9,10
050,20,097,"Kansas","Kiowa County",2,77,15,6,9
050,20,097,"Kansas","Kiowa County",2,78,10,2,8
050,20,097,"Kansas","Kiowa County",2,79,10,4,6
050,20,097,"Kansas","Kiowa County",2,80,13,5,8
050,20,097,"Kansas","Kiowa County",2,81,14,6,8
050,20,097,"Kansas","Kiowa County",2,82,15,5,10
050,20,097,"Kansas","Kiowa County",2,83,17,6,11
050,20,097,"Kansas","Kiowa County",2,84,16,5,11
050,20,097,"Kansas","Kiowa County",2,85,79,29,50
050,20,097,"Kansas","Kiowa County",3,0,28,12,16
050,20,097,"Kansas","Kiowa County",3,1,35,20,15
050,20,097,"Kansas","Kiowa County",3,2,33,18,15
050,20,097,"Kansas","Kiowa County",3,3,27,17,10
050,20,097,"Kansas","Kiowa County",3,4,27,10,17
050,20,097,"Kansas","Kiowa County",3,5,32,14,18
050,20,097,"Kansas","Kiowa County",3,6,33,16,17
050,20,097,"Kansas","Kiowa County",3,7,34,16,18
050,20,097,"Kansas","Kiowa County",3,8,32,18,14
050,20,097,"Kansas","Kiowa County",3,9,28,16,12
050,20,097,"Kansas","Kiowa County",3,10,39,21,18
050,20,097,"Kansas","Kiowa County",3,11,35,19,16
050,20,097,"Kansas","Kiowa County",3,12,30,13,17
050,20,097,"Kansas","Kiowa County",3,13,30,15,15
050,20,097,"Kansas","Kiowa County",3,14,31,17,14
050,20,097,"Kansas","Kiowa County",3,15,34,16,18
050,20,097,"Kansas","Kiowa County",3,16,35,16,19
050,20,097,"Kansas","Kiowa County",3,17,30,15,15
050,20,097,"Kansas","Kiowa County",3,18,45,19,26
050,20,097,"Kansas","Kiowa County",3,19,60,25,35
050,20,097,"Kansas","Kiowa County",3,20,48,22,26
050,20,097,"Kansas","Kiowa County",3,21,28,14,14
050,20,097,"Kansas","Kiowa County",3,22,20,6,14
050,20,097,"Kansas","Kiowa County",3,23,23,12,11
050,20,097,"Kansas","Kiowa County",3,24,22,12,10
050,20,097,"Kansas","Kiowa County",3,25,24,13,11
050,20,097,"Kansas","Kiowa County",3,26,29,13,16
050,20,097,"Kansas","Kiowa County",3,27,22,12,10
050,20,097,"Kansas","Kiowa County",3,28,23,12,11
050,20,097,"Kansas","Kiowa County",3,29,31,14,17
050,20,097,"Kansas","Kiowa County",3,30,24,9,15
050,20,097,"Kansas","Kiowa County",3,31,22,10,12
050,20,097,"Kansas","Kiowa County",3,32,24,10,14
050,20,097,"Kansas","Kiowa County",3,33,17,8,9
050,20,097,"Kansas","Kiowa County",3,34,26,12,14
050,20,097,"Kansas","Kiowa County",3,35,27,11,16
050,20,097,"Kansas","Kiowa County",3,36,26,13,13
050,20,097,"Kansas","Kiowa County",3,37,24,13,11
050,20,097,"Kansas","Kiowa County",3,38,19,10,9
050,20,097,"Kansas","Kiowa County",3,39,18,9,9
050,20,097,"Kansas","Kiowa County",3,40,28,16,12
050,20,097,"Kansas","Kiowa County",3,41,29,15,14
050,20,097,"Kansas","Kiowa County",3,42,24,12,12
050,20,097,"Kansas","Kiowa County",3,43,25,15,10
050,20,097,"Kansas","Kiowa County",3,44,20,11,9
050,20,097,"Kansas","Kiowa County",3,45,26,13,13
050,20,097,"Kansas","Kiowa County",3,46,27,17,10
050,20,097,"Kansas","Kiowa County",3,47,28,19,9
050,20,097,"Kansas","Kiowa County",3,48,24,13,11
050,20,097,"Kansas","Kiowa County",3,49,22,14,8
050,20,097,"Kansas","Kiowa County",3,50,22,10,12
050,20,097,"Kansas","Kiowa County",3,51,21,8,13
050,20,097,"Kansas","Kiowa County",3,52,21,9,12
050,20,097,"Kansas","Kiowa County",3,53,21,12,9
050,20,097,"Kansas","Kiowa County",3,54,29,16,13
050,20,097,"Kansas","Kiowa County",3,55,28,14,14
050,20,097,"Kansas","Kiowa County",3,56,28,12,16
050,20,097,"Kansas","Kiowa County",3,57,31,15,16
050,20,097,"Kansas","Kiowa County",3,58,31,14,17
050,20,097,"Kansas","Kiowa County",3,59,31,19,12
050,20,097,"Kansas","Kiowa County",3,60,27,16,11
050,20,097,"Kansas","Kiowa County",3,61,38,21,17
050,20,097,"Kansas","Kiowa County",3,62,36,22,14
050,20,097,"Kansas","Kiowa County",3,63,28,17,11
050,20,097,"Kansas","Kiowa County",3,64,30,13,17
050,20,097,"Kansas","Kiowa County",3,65,40,21,19
050,20,097,"Kansas","Kiowa County",3,66,34,21,13
050,20,097,"Kansas","Kiowa County",3,67,42,27,15
050,20,097,"Kansas","Kiowa County",3,68,38,20,18
050,20,097,"Kansas","Kiowa County",3,69,34,19,15
050,20,097,"Kansas","Kiowa County",3,70,29,17,12
050,20,097,"Kansas","Kiowa County",3,71,35,19,16
050,20,097,"Kansas","Kiowa County",3,72,28,11,17
050,20,097,"Kansas","Kiowa County",3,73,27,11,16
050,20,097,"Kansas","Kiowa County",3,74,29,15,14
050,20,097,"Kansas","Kiowa County",3,75,19,10,9
050,20,097,"Kansas","Kiowa County",3,76,18,8,10
050,20,097,"Kansas","Kiowa County",3,77,17,8,9
050,20,097,"Kansas","Kiowa County",3,78,14,5,9
050,20,097,"Kansas","Kiowa County",3,79,9,2,7
050,20,097,"Kansas","Kiowa County",3,80,10,4,6
050,20,097,"Kansas","Kiowa County",3,81,12,5,7
050,20,097,"Kansas","Kiowa County",3,82,14,6,8
050,20,097,"Kansas","Kiowa County",3,83,13,3,10
050,20,097,"Kansas","Kiowa County",3,84,16,5,11
050,20,097,"Kansas","Kiowa County",3,85,81,28,53
050,20,097,"Kansas","Kiowa County",4,0,29,15,14
050,20,097,"Kansas","Kiowa County",4,1,32,16,16
050,20,097,"Kansas","Kiowa County",4,2,34,18,16
050,20,097,"Kansas","Kiowa County",4,3,32,17,15
050,20,097,"Kansas","Kiowa County",4,4,26,17,9
050,20,097,"Kansas","Kiowa County",4,5,26,10,16
050,20,097,"Kansas","Kiowa County",4,6,35,13,22
050,20,097,"Kansas","Kiowa County",4,7,32,15,17
050,20,097,"Kansas","Kiowa County",4,8,34,16,18
050,20,097,"Kansas","Kiowa County",4,9,32,18,14
050,20,097,"Kansas","Kiowa County",4,10,29,17,12
050,20,097,"Kansas","Kiowa County",4,11,38,21,17
050,20,097,"Kansas","Kiowa County",4,12,34,20,14
050,20,097,"Kansas","Kiowa County",4,13,32,13,19
050,20,097,"Kansas","Kiowa County",4,14,28,13,15
050,20,097,"Kansas","Kiowa County",4,15,31,17,14
050,20,097,"Kansas","Kiowa County",4,16,34,18,16
050,20,097,"Kansas","Kiowa County",4,17,31,16,15
050,20,097,"Kansas","Kiowa County",4,18,45,19,26
050,20,097,"Kansas","Kiowa County",4,19,56,26,30
050,20,097,"Kansas","Kiowa County",4,20,46,22,24
050,20,097,"Kansas","Kiowa County",4,21,36,17,19
050,20,097,"Kansas","Kiowa County",4,22,19,7,12
050,20,097,"Kansas","Kiowa County",4,23,24,10,14
050,20,097,"Kansas","Kiowa County",4,24,29,14,15
050,20,097,"Kansas","Kiowa County",4,25,25,13,12
050,20,097,"Kansas","Kiowa County",4,26,24,14,10
050,20,097,"Kansas","Kiowa County",4,27,27,14,13
050,20,097,"Kansas","Kiowa County",4,28,25,15,10
050,20,097,"Kansas","Kiowa County",4,29,23,13,10
050,20,097,"Kansas","Kiowa County",4,30,25,10,15
050,20,097,"Kansas","Kiowa County",4,31,26,11,15
050,20,097,"Kansas","Kiowa County",4,32,27,10,17
050,20,097,"Kansas","Kiowa County",4,33,22,10,12
050,20,097,"Kansas","Kiowa County",4,34,17,8,9
050,20,097,"Kansas","Kiowa County",4,35,27,13,14
050,20,097,"Kansas","Kiowa County",4,36,26,11,15
050,20,097,"Kansas","Kiowa County",4,37,26,13,13
050,20,097,"Kansas","Kiowa County",4,38,25,14,11
050,20,097,"Kansas","Kiowa County",4,39,20,11,9
050,20,097,"Kansas","Kiowa County",4,40,20,12,8
050,20,097,"Kansas","Kiowa County",4,41,23,12,11
050,20,097,"Kansas","Kiowa County",4,42,29,15,14
050,20,097,"Kansas","Kiowa County",4,43,26,13,13
050,20,097,"Kansas","Kiowa County",4,44,22,12,10
050,20,097,"Kansas","Kiowa County",4,45,22,13,9
050,20,097,"Kansas","Kiowa County",4,46,23,10,13
050,20,097,"Kansas","Kiowa County",4,47,33,19,14
050,20,097,"Kansas","Kiowa County",4,48,28,19,9
050,20,097,"Kansas","Kiowa County",4,49,27,16,11
050,20,097,"Kansas","Kiowa County",4,50,21,14,7
050,20,097,"Kansas","Kiowa County",4,51,20,11,9
050,20,097,"Kansas","Kiowa County",4,52,18,5,13
050,20,097,"Kansas","Kiowa County",4,53,23,12,11
050,20,097,"Kansas","Kiowa County",4,54,20,11,9
050,20,097,"Kansas","Kiowa County",4,55,29,15,14
050,20,097,"Kansas","Kiowa County",4,56,27,12,15
050,20,097,"Kansas","Kiowa County",4,57,25,11,14
050,20,097,"Kansas","Kiowa County",4,58,35,16,19
050,20,097,"Kansas","Kiowa County",4,59,29,15,14
050,20,097,"Kansas","Kiowa County",4,60,29,17,12
050,20,097,"Kansas","Kiowa County",4,61,30,17,13
050,20,097,"Kansas","Kiowa County",4,62,34,18,16
050,20,097,"Kansas","Kiowa County",4,63,36,24,12
050,20,097,"Kansas","Kiowa County",4,64,28,16,12
050,20,097,"Kansas","Kiowa County",4,65,32,15,17
050,20,097,"Kansas","Kiowa County",4,66,37,19,18
050,20,097,"Kansas","Kiowa County",4,67,33,21,12
050,20,097,"Kansas","Kiowa County",4,68,40,21,19
050,20,097,"Kansas","Kiowa County",4,69,38,19,19
050,20,097,"Kansas","Kiowa County",4,70,34,19,15
050,20,097,"Kansas","Kiowa County",4,71,29,17,12
050,20,097,"Kansas","Kiowa County",4,72,36,19,17
050,20,097,"Kansas","Kiowa County",4,73,27,11,16
050,20,097,"Kansas","Kiowa County",4,74,27,11,16
050,20,097,"Kansas","Kiowa County",4,75,28,14,14
050,20,097,"Kansas","Kiowa County",4,76,16,10,6
050,20,097,"Kansas","Kiowa County",4,77,17,8,9
050,20,097,"Kansas","Kiowa County",4,78,15,7,8
050,20,097,"Kansas","Kiowa County",4,79,10,3,7
050,20,097,"Kansas","Kiowa County",4,80,9,1,8
050,20,097,"Kansas","Kiowa County",4,81,10,4,6
050,20,097,"Kansas","Kiowa County",4,82,14,7,7
050,20,097,"Kansas","Kiowa County",4,83,15,6,9
050,20,097,"Kansas","Kiowa County",4,84,7,3,4
050,20,097,"Kansas","Kiowa County",4,85,85,27,58
050,20,097,"Kansas","Kiowa County",5,0,29,15,14
050,20,097,"Kansas","Kiowa County",5,1,35,17,18
050,20,097,"Kansas","Kiowa County",5,2,34,16,18
050,20,097,"Kansas","Kiowa County",5,3,35,18,17
050,20,097,"Kansas","Kiowa County",5,4,27,14,13
050,20,097,"Kansas","Kiowa County",5,5,29,19,10
050,20,097,"Kansas","Kiowa County",5,6,26,9,17
050,20,097,"Kansas","Kiowa County",5,7,32,13,19
050,20,097,"Kansas","Kiowa County",5,8,32,15,17
050,20,097,"Kansas","Kiowa County",5,9,35,17,18
050,20,097,"Kansas","Kiowa County",5,10,35,19,16
050,20,097,"Kansas","Kiowa County",5,11,29,19,10
050,20,097,"Kansas","Kiowa County",5,12,38,22,16
050,20,097,"Kansas","Kiowa County",5,13,35,20,15
050,20,097,"Kansas","Kiowa County",5,14,26,12,14
050,20,097,"Kansas","Kiowa County",5,15,29,13,16
050,20,097,"Kansas","Kiowa County",5,16,32,20,12
050,20,097,"Kansas","Kiowa County",5,17,34,17,17
050,20,097,"Kansas","Kiowa County",5,18,50,22,28
050,20,097,"Kansas","Kiowa County",5,19,58,26,32
050,20,097,"Kansas","Kiowa County",5,20,46,22,24
050,20,097,"Kansas","Kiowa County",5,21,23,12,11
050,20,097,"Kansas","Kiowa County",5,22,27,10,17
050,20,097,"Kansas","Kiowa County",5,23,20,10,10
050,20,097,"Kansas","Kiowa County",5,24,26,9,17
050,20,097,"Kansas","Kiowa County",5,25,25,12,13
050,20,097,"Kansas","Kiowa County",5,26,20,9,11
050,20,097,"Kansas","Kiowa County",5,27,19,9,10
050,20,097,"Kansas","Kiowa County",5,28,27,13,14
050,20,097,"Kansas","Kiowa County",5,29,25,15,10
050,20,097,"Kansas","Kiowa County",5,30,24,13,11
050,20,097,"Kansas","Kiowa County",5,31,26,10,16
050,20,097,"Kansas","Kiowa County",5,32,26,11,15
050,20,097,"Kansas","Kiowa County",5,33,24,10,14
050,20,097,"Kansas","Kiowa County",5,34,24,11,13
050,20,097,"Kansas","Kiowa County",5,35,17,8,9
050,20,097,"Kansas","Kiowa County",5,36,24,11,13
050,20,097,"Kansas","Kiowa County",5,37,24,11,13
050,20,097,"Kansas","Kiowa County",5,38,25,13,12
050,20,097,"Kansas","Kiowa County",5,39,21,10,11
050,20,097,"Kansas","Kiowa County",5,40,23,15,8
050,20,097,"Kansas","Kiowa County",5,41,18,11,7
050,20,097,"Kansas","Kiowa County",5,42,29,14,15
050,20,097,"Kansas","Kiowa County",5,43,27,16,11
050,20,097,"Kansas","Kiowa County",5,44,24,12,12
050,20,097,"Kansas","Kiowa County",5,45,27,14,13
050,20,097,"Kansas","Kiowa County",5,46,21,12,9
050,20,097,"Kansas","Kiowa County",5,47,24,11,13
050,20,097,"Kansas","Kiowa County",5,48,27,15,12
050,20,097,"Kansas","Kiowa County",5,49,27,20,7
050,20,097,"Kansas","Kiowa County",5,50,29,16,13
050,20,097,"Kansas","Kiowa County",5,51,21,17,4
050,20,097,"Kansas","Kiowa County",5,52,17,8,9
050,20,097,"Kansas","Kiowa County",5,53,23,9,14
050,20,097,"Kansas","Kiowa County",5,54,22,11,11
050,20,097,"Kansas","Kiowa County",5,55,18,8,10
050,20,097,"Kansas","Kiowa County",5,56,29,13,16
050,20,097,"Kansas","Kiowa County",5,57,25,11,14
050,20,097,"Kansas","Kiowa County",5,58,26,11,15
050,20,097,"Kansas","Kiowa County",5,59,34,18,16
050,20,097,"Kansas","Kiowa County",5,60,26,13,13
050,20,097,"Kansas","Kiowa County",5,61,32,18,14
050,20,097,"Kansas","Kiowa County",5,62,26,13,13
050,20,097,"Kansas","Kiowa County",5,63,31,18,13
050,20,097,"Kansas","Kiowa County",5,64,33,21,12
050,20,097,"Kansas","Kiowa County",5,65,28,18,10
050,20,097,"Kansas","Kiowa County",5,66,28,13,15
050,20,097,"Kansas","Kiowa County",5,67,37,19,18
050,20,097,"Kansas","Kiowa County",5,68,31,19,12
050,20,097,"Kansas","Kiowa County",5,69,40,21,19
050,20,097,"Kansas","Kiowa County",5,70,40,20,20
050,20,097,"Kansas","Kiowa County",5,71,35,20,15
050,20,097,"Kansas","Kiowa County",5,72,30,17,13
050,20,097,"Kansas","Kiowa County",5,73,34,19,15
050,20,097,"Kansas","Kiowa County",5,74,25,10,15
050,20,097,"Kansas","Kiowa County",5,75,27,11,16
050,20,097,"Kansas","Kiowa County",5,76,27,13,14
050,20,097,"Kansas","Kiowa County",5,77,14,9,5
050,20,097,"Kansas","Kiowa County",5,78,17,7,10
050,20,097,"Kansas","Kiowa County",5,79,14,7,7
050,20,097,"Kansas","Kiowa County",5,80,8,2,6
050,20,097,"Kansas","Kiowa County",5,81,9,1,8
050,20,097,"Kansas","Kiowa County",5,82,11,5,6
050,20,097,"Kansas","Kiowa County",5,83,13,6,7
050,20,097,"Kansas","Kiowa County",5,84,14,6,8
050,20,097,"Kansas","Kiowa County",5,85,80,26,54
050,20,099,"Kansas","Labette County",1,0,255,132,123
050,20,099,"Kansas","Labette County",1,1,276,149,127
050,20,099,"Kansas","Labette County",1,2,253,145,108
050,20,099,"Kansas","Labette County",1,3,265,148,117
050,20,099,"Kansas","Labette County",1,4,282,153,129
050,20,099,"Kansas","Labette County",1,5,272,137,135
050,20,099,"Kansas","Labette County",1,6,266,138,128
050,20,099,"Kansas","Labette County",1,7,270,151,119
050,20,099,"Kansas","Labette County",1,8,255,117,138
050,20,099,"Kansas","Labette County",1,9,268,126,142
050,20,099,"Kansas","Labette County",1,10,276,137,139
050,20,099,"Kansas","Labette County",1,11,298,149,149
050,20,099,"Kansas","Labette County",1,12,305,152,153
050,20,099,"Kansas","Labette County",1,13,302,146,156
050,20,099,"Kansas","Labette County",1,14,303,154,149
050,20,099,"Kansas","Labette County",1,15,285,158,127
050,20,099,"Kansas","Labette County",1,16,281,161,120
050,20,099,"Kansas","Labette County",1,17,282,153,129
050,20,099,"Kansas","Labette County",1,18,227,119,108
050,20,099,"Kansas","Labette County",1,19,191,104,87
050,20,099,"Kansas","Labette County",1,20,202,107,95
050,20,099,"Kansas","Labette County",1,21,199,96,103
050,20,099,"Kansas","Labette County",1,22,200,104,96
050,20,099,"Kansas","Labette County",1,23,215,121,94
050,20,099,"Kansas","Labette County",1,24,233,130,103
050,20,099,"Kansas","Labette County",1,25,227,114,113
050,20,099,"Kansas","Labette County",1,26,222,113,109
050,20,099,"Kansas","Labette County",1,27,227,117,110
050,20,099,"Kansas","Labette County",1,28,243,120,123
050,20,099,"Kansas","Labette County",1,29,249,126,123
050,20,099,"Kansas","Labette County",1,30,237,136,101
050,20,099,"Kansas","Labette County",1,31,228,125,103
050,20,099,"Kansas","Labette County",1,32,233,116,117
050,20,099,"Kansas","Labette County",1,33,208,104,104
050,20,099,"Kansas","Labette County",1,34,247,128,119
050,20,099,"Kansas","Labette County",1,35,246,125,121
050,20,099,"Kansas","Labette County",1,36,209,103,106
050,20,099,"Kansas","Labette County",1,37,218,104,114
050,20,099,"Kansas","Labette County",1,38,231,116,115
050,20,099,"Kansas","Labette County",1,39,250,126,124
050,20,099,"Kansas","Labette County",1,40,225,120,105
050,20,099,"Kansas","Labette County",1,41,212,113,99
050,20,099,"Kansas","Labette County",1,42,188,92,96
050,20,099,"Kansas","Labette County",1,43,193,97,96
050,20,099,"Kansas","Labette County",1,44,201,103,98
050,20,099,"Kansas","Labette County",1,45,187,90,97
050,20,099,"Kansas","Labette County",1,46,199,100,99
050,20,099,"Kansas","Labette County",1,47,227,115,112
050,20,099,"Kansas","Labette County",1,48,249,129,120
050,20,099,"Kansas","Labette County",1,49,261,134,127
050,20,099,"Kansas","Labette County",1,50,259,132,127
050,20,099,"Kansas","Labette County",1,51,233,107,126
050,20,099,"Kansas","Labette County",1,52,216,114,102
050,20,099,"Kansas","Labette County",1,53,241,126,115
050,20,099,"Kansas","Labette County",1,54,269,131,138
050,20,099,"Kansas","Labette County",1,55,306,150,156
050,20,099,"Kansas","Labette County",1,56,304,159,145
050,20,099,"Kansas","Labette County",1,57,291,152,139
050,20,099,"Kansas","Labette County",1,58,303,158,145
050,20,099,"Kansas","Labette County",1,59,334,159,175
050,20,099,"Kansas","Labette County",1,60,293,156,137
050,20,099,"Kansas","Labette County",1,61,288,151,137
050,20,099,"Kansas","Labette County",1,62,279,150,129
050,20,099,"Kansas","Labette County",1,63,275,133,142
050,20,099,"Kansas","Labette County",1,64,292,143,149
050,20,099,"Kansas","Labette County",1,65,273,131,142
050,20,099,"Kansas","Labette County",1,66,246,122,124
050,20,099,"Kansas","Labette County",1,67,239,118,121
050,20,099,"Kansas","Labette County",1,68,235,106,129
050,20,099,"Kansas","Labette County",1,69,222,110,112
050,20,099,"Kansas","Labette County",1,70,217,98,119
050,20,099,"Kansas","Labette County",1,71,207,98,109
050,20,099,"Kansas","Labette County",1,72,229,111,118
050,20,099,"Kansas","Labette County",1,73,222,102,120
050,20,099,"Kansas","Labette County",1,74,153,77,76
050,20,099,"Kansas","Labette County",1,75,154,71,83
050,20,099,"Kansas","Labette County",1,76,174,89,85
050,20,099,"Kansas","Labette County",1,77,157,77,80
050,20,099,"Kansas","Labette County",1,78,124,58,66
050,20,099,"Kansas","Labette County",1,79,114,53,61
050,20,099,"Kansas","Labette County",1,80,102,41,61
050,20,099,"Kansas","Labette County",1,81,108,52,56
050,20,099,"Kansas","Labette County",1,82,92,42,50
050,20,099,"Kansas","Labette County",1,83,85,35,50
050,20,099,"Kansas","Labette County",1,84,80,32,48
050,20,099,"Kansas","Labette County",1,85,497,157,340
050,20,099,"Kansas","Labette County",2,0,257,134,123
050,20,099,"Kansas","Labette County",2,1,271,144,127
050,20,099,"Kansas","Labette County",2,2,259,146,113
050,20,099,"Kansas","Labette County",2,3,261,147,114
050,20,099,"Kansas","Labette County",2,4,280,152,128
050,20,099,"Kansas","Labette County",2,5,276,143,133
050,20,099,"Kansas","Labette County",2,6,270,141,129
050,20,099,"Kansas","Labette County",2,7,269,149,120
050,20,099,"Kansas","Labette County",2,8,259,126,133
050,20,099,"Kansas","Labette County",2,9,265,124,141
050,20,099,"Kansas","Labette County",2,10,276,135,141
050,20,099,"Kansas","Labette County",2,11,291,145,146
050,20,099,"Kansas","Labette County",2,12,306,153,153
050,20,099,"Kansas","Labette County",2,13,302,148,154
050,20,099,"Kansas","Labette County",2,14,303,152,151
050,20,099,"Kansas","Labette County",2,15,290,157,133
050,20,099,"Kansas","Labette County",2,16,283,161,122
050,20,099,"Kansas","Labette County",2,17,282,155,127
050,20,099,"Kansas","Labette County",2,18,227,121,106
050,20,099,"Kansas","Labette County",2,19,187,100,87
050,20,099,"Kansas","Labette County",2,20,205,109,96
050,20,099,"Kansas","Labette County",2,21,203,100,103
050,20,099,"Kansas","Labette County",2,22,201,102,99
050,20,099,"Kansas","Labette County",2,23,212,118,94
050,20,099,"Kansas","Labette County",2,24,230,129,101
050,20,099,"Kansas","Labette County",2,25,226,116,110
050,20,099,"Kansas","Labette County",2,26,225,114,111
050,20,099,"Kansas","Labette County",2,27,227,116,111
050,20,099,"Kansas","Labette County",2,28,239,119,120
050,20,099,"Kansas","Labette County",2,29,251,127,124
050,20,099,"Kansas","Labette County",2,30,243,135,108
050,20,099,"Kansas","Labette County",2,31,229,126,103
050,20,099,"Kansas","Labette County",2,32,232,118,114
050,20,099,"Kansas","Labette County",2,33,212,108,104
050,20,099,"Kansas","Labette County",2,34,236,121,115
050,20,099,"Kansas","Labette County",2,35,247,126,121
050,20,099,"Kansas","Labette County",2,36,215,106,109
050,20,099,"Kansas","Labette County",2,37,216,104,112
050,20,099,"Kansas","Labette County",2,38,229,113,116
050,20,099,"Kansas","Labette County",2,39,246,124,122
050,20,099,"Kansas","Labette County",2,40,233,120,113
050,20,099,"Kansas","Labette County",2,41,215,113,102
050,20,099,"Kansas","Labette County",2,42,190,95,95
050,20,099,"Kansas","Labette County",2,43,191,96,95
050,20,099,"Kansas","Labette County",2,44,195,100,95
050,20,099,"Kansas","Labette County",2,45,190,93,97
050,20,099,"Kansas","Labette County",2,46,193,95,98
050,20,099,"Kansas","Labette County",2,47,219,111,108
050,20,099,"Kansas","Labette County",2,48,243,124,119
050,20,099,"Kansas","Labette County",2,49,260,133,127
050,20,099,"Kansas","Labette County",2,50,258,133,125
050,20,099,"Kansas","Labette County",2,51,234,111,123
050,20,099,"Kansas","Labette County",2,52,220,113,107
050,20,099,"Kansas","Labette County",2,53,235,123,112
050,20,099,"Kansas","Labette County",2,54,260,128,132
050,20,099,"Kansas","Labette County",2,55,297,147,150
050,20,099,"Kansas","Labette County",2,56,303,157,146
050,20,099,"Kansas","Labette County",2,57,294,153,141
050,20,099,"Kansas","Labette County",2,58,299,154,145
050,20,099,"Kansas","Labette County",2,59,326,159,167
050,20,099,"Kansas","Labette County",2,60,300,158,142
050,20,099,"Kansas","Labette County",2,61,287,151,136
050,20,099,"Kansas","Labette County",2,62,282,150,132
050,20,099,"Kansas","Labette County",2,63,276,137,139
050,20,099,"Kansas","Labette County",2,64,285,138,147
050,20,099,"Kansas","Labette County",2,65,279,135,144
050,20,099,"Kansas","Labette County",2,66,252,122,130
050,20,099,"Kansas","Labette County",2,67,242,119,123
050,20,099,"Kansas","Labette County",2,68,233,107,126
050,20,099,"Kansas","Labette County",2,69,222,110,112
050,20,099,"Kansas","Labette County",2,70,215,99,116
050,20,099,"Kansas","Labette County",2,71,207,96,111
050,20,099,"Kansas","Labette County",2,72,215,105,110
050,20,099,"Kansas","Labette County",2,73,233,108,125
050,20,099,"Kansas","Labette County",2,74,158,77,81
050,20,099,"Kansas","Labette County",2,75,153,73,80
050,20,099,"Kansas","Labette County",2,76,167,84,83
050,20,099,"Kansas","Labette County",2,77,166,82,84
050,20,099,"Kansas","Labette County",2,78,130,61,69
050,20,099,"Kansas","Labette County",2,79,116,54,62
050,20,099,"Kansas","Labette County",2,80,103,42,61
050,20,099,"Kansas","Labette County",2,81,106,51,55
050,20,099,"Kansas","Labette County",2,82,94,42,52
050,20,099,"Kansas","Labette County",2,83,84,35,49
050,20,099,"Kansas","Labette County",2,84,80,32,48
050,20,099,"Kansas","Labette County",2,85,492,155,337
050,20,099,"Kansas","Labette County",3,0,219,119,100
050,20,099,"Kansas","Labette County",3,1,255,140,115
050,20,099,"Kansas","Labette County",3,2,278,148,130
050,20,099,"Kansas","Labette County",3,3,258,142,116
050,20,099,"Kansas","Labette County",3,4,272,155,117
050,20,099,"Kansas","Labette County",3,5,285,153,132
050,20,099,"Kansas","Labette County",3,6,278,150,128
050,20,099,"Kansas","Labette County",3,7,274,145,129
050,20,099,"Kansas","Labette County",3,8,267,151,116
050,20,099,"Kansas","Labette County",3,9,257,128,129
050,20,099,"Kansas","Labette County",3,10,258,120,138
050,20,099,"Kansas","Labette County",3,11,273,130,143
050,20,099,"Kansas","Labette County",3,12,281,144,137
050,20,099,"Kansas","Labette County",3,13,283,144,139
050,20,099,"Kansas","Labette County",3,14,299,146,153
050,20,099,"Kansas","Labette County",3,15,287,141,146
050,20,099,"Kansas","Labette County",3,16,286,159,127
050,20,099,"Kansas","Labette County",3,17,283,165,118
050,20,099,"Kansas","Labette County",3,18,239,137,102
050,20,099,"Kansas","Labette County",3,19,179,92,87
050,20,099,"Kansas","Labette County",3,20,188,95,93
050,20,099,"Kansas","Labette County",3,21,214,118,96
050,20,099,"Kansas","Labette County",3,22,210,93,117
050,20,099,"Kansas","Labette County",3,23,199,100,99
050,20,099,"Kansas","Labette County",3,24,228,125,103
050,20,099,"Kansas","Labette County",3,25,217,122,95
050,20,099,"Kansas","Labette County",3,26,226,120,106
050,20,099,"Kansas","Labette County",3,27,219,112,107
050,20,099,"Kansas","Labette County",3,28,220,112,108
050,20,099,"Kansas","Labette County",3,29,224,108,116
050,20,099,"Kansas","Labette County",3,30,260,132,128
050,20,099,"Kansas","Labette County",3,31,237,130,107
050,20,099,"Kansas","Labette County",3,32,229,124,105
050,20,099,"Kansas","Labette County",3,33,231,114,117
050,20,099,"Kansas","Labette County",3,34,207,105,102
050,20,099,"Kansas","Labette County",3,35,233,122,111
050,20,099,"Kansas","Labette County",3,36,243,122,121
050,20,099,"Kansas","Labette County",3,37,219,104,115
050,20,099,"Kansas","Labette County",3,38,229,111,118
050,20,099,"Kansas","Labette County",3,39,233,118,115
050,20,099,"Kansas","Labette County",3,40,237,115,122
050,20,099,"Kansas","Labette County",3,41,223,110,113
050,20,099,"Kansas","Labette County",3,42,214,116,98
050,20,099,"Kansas","Labette County",3,43,186,92,94
050,20,099,"Kansas","Labette County",3,44,192,96,96
050,20,099,"Kansas","Labette County",3,45,192,97,95
050,20,099,"Kansas","Labette County",3,46,186,90,96
050,20,099,"Kansas","Labette County",3,47,192,99,93
050,20,099,"Kansas","Labette County",3,48,218,113,105
050,20,099,"Kansas","Labette County",3,49,232,114,118
050,20,099,"Kansas","Labette County",3,50,264,133,131
050,20,099,"Kansas","Labette County",3,51,247,128,119
050,20,099,"Kansas","Labette County",3,52,235,113,122
050,20,099,"Kansas","Labette County",3,53,221,115,106
050,20,099,"Kansas","Labette County",3,54,218,109,109
050,20,099,"Kansas","Labette County",3,55,257,128,129
050,20,099,"Kansas","Labette County",3,56,299,148,151
050,20,099,"Kansas","Labette County",3,57,297,154,143
050,20,099,"Kansas","Labette County",3,58,293,151,142
050,20,099,"Kansas","Labette County",3,59,302,153,149
050,20,099,"Kansas","Labette County",3,60,326,157,169
050,20,099,"Kansas","Labette County",3,61,299,158,141
050,20,099,"Kansas","Labette County",3,62,282,149,133
050,20,099,"Kansas","Labette County",3,63,276,148,128
050,20,099,"Kansas","Labette County",3,64,262,130,132
050,20,099,"Kansas","Labette County",3,65,276,138,138
050,20,099,"Kansas","Labette County",3,66,270,127,143
050,20,099,"Kansas","Labette County",3,67,251,122,129
050,20,099,"Kansas","Labette County",3,68,236,112,124
050,20,099,"Kansas","Labette County",3,69,224,105,119
050,20,099,"Kansas","Labette County",3,70,211,107,104
050,20,099,"Kansas","Labette County",3,71,211,98,113
050,20,099,"Kansas","Labette County",3,72,191,90,101
050,20,099,"Kansas","Labette County",3,73,207,101,106
050,20,099,"Kansas","Labette County",3,74,217,100,117
050,20,099,"Kansas","Labette County",3,75,147,69,78
050,20,099,"Kansas","Labette County",3,76,144,66,78
050,20,099,"Kansas","Labette County",3,77,157,81,76
050,20,099,"Kansas","Labette County",3,78,158,79,79
050,20,099,"Kansas","Labette County",3,79,123,57,66
050,20,099,"Kansas","Labette County",3,80,112,51,61
050,20,099,"Kansas","Labette County",3,81,98,39,59
050,20,099,"Kansas","Labette County",3,82,95,45,50
050,20,099,"Kansas","Labette County",3,83,92,40,52
050,20,099,"Kansas","Labette County",3,84,79,33,46
050,20,099,"Kansas","Labette County",3,85,488,150,338
050,20,099,"Kansas","Labette County",4,0,214,115,99
050,20,099,"Kansas","Labette County",4,1,237,128,109
050,20,099,"Kansas","Labette County",4,2,245,136,109
050,20,099,"Kansas","Labette County",4,3,257,138,119
050,20,099,"Kansas","Labette County",4,4,253,143,110
050,20,099,"Kansas","Labette County",4,5,262,148,114
050,20,099,"Kansas","Labette County",4,6,288,162,126
050,20,099,"Kansas","Labette County",4,7,268,144,124
050,20,099,"Kansas","Labette County",4,8,270,141,129
050,20,099,"Kansas","Labette County",4,9,261,147,114
050,20,099,"Kansas","Labette County",4,10,246,123,123
050,20,099,"Kansas","Labette County",4,11,264,128,136
050,20,099,"Kansas","Labette County",4,12,264,129,135
050,20,099,"Kansas","Labette County",4,13,285,145,140
050,20,099,"Kansas","Labette County",4,14,290,143,147
050,20,099,"Kansas","Labette County",4,15,290,138,152
050,20,099,"Kansas","Labette County",4,16,289,155,134
050,20,099,"Kansas","Labette County",4,17,304,164,140
050,20,099,"Kansas","Labette County",4,18,236,139,97
050,20,099,"Kansas","Labette County",4,19,189,109,80
050,20,099,"Kansas","Labette County",4,20,192,103,89
050,20,099,"Kansas","Labette County",4,21,194,92,102
050,20,099,"Kansas","Labette County",4,22,214,112,102
050,20,099,"Kansas","Labette County",4,23,212,100,112
050,20,099,"Kansas","Labette County",4,24,209,111,98
050,20,099,"Kansas","Labette County",4,25,220,121,99
050,20,099,"Kansas","Labette County",4,26,209,117,92
050,20,099,"Kansas","Labette County",4,27,215,123,92
050,20,099,"Kansas","Labette County",4,28,209,106,103
050,20,099,"Kansas","Labette County",4,29,216,108,108
050,20,099,"Kansas","Labette County",4,30,224,108,116
050,20,099,"Kansas","Labette County",4,31,256,121,135
050,20,099,"Kansas","Labette County",4,32,236,132,104
050,20,099,"Kansas","Labette County",4,33,229,126,103
050,20,099,"Kansas","Labette County",4,34,235,123,112
050,20,099,"Kansas","Labette County",4,35,200,100,100
050,20,099,"Kansas","Labette County",4,36,232,121,111
050,20,099,"Kansas","Labette County",4,37,240,118,122
050,20,099,"Kansas","Labette County",4,38,225,106,119
050,20,099,"Kansas","Labette County",4,39,232,118,114
050,20,099,"Kansas","Labette County",4,40,235,121,114
050,20,099,"Kansas","Labette County",4,41,232,115,117
050,20,099,"Kansas","Labette County",4,42,228,118,110
050,20,099,"Kansas","Labette County",4,43,219,119,100
050,20,099,"Kansas","Labette County",4,44,196,99,97
050,20,099,"Kansas","Labette County",4,45,192,97,95
050,20,099,"Kansas","Labette County",4,46,185,93,92
050,20,099,"Kansas","Labette County",4,47,184,91,93
050,20,099,"Kansas","Labette County",4,48,184,92,92
050,20,099,"Kansas","Labette County",4,49,226,118,108
050,20,099,"Kansas","Labette County",4,50,225,107,118
050,20,099,"Kansas","Labette County",4,51,261,133,128
050,20,099,"Kansas","Labette County",4,52,258,130,128
050,20,099,"Kansas","Labette County",4,53,242,120,122
050,20,099,"Kansas","Labette County",4,54,214,112,102
050,20,099,"Kansas","Labette County",4,55,218,108,110
050,20,099,"Kansas","Labette County",4,56,255,127,128
050,20,099,"Kansas","Labette County",4,57,300,149,151
050,20,099,"Kansas","Labette County",4,58,297,155,142
050,20,099,"Kansas","Labette County",4,59,291,148,143
050,20,099,"Kansas","Labette County",4,60,293,148,145
050,20,099,"Kansas","Labette County",4,61,317,156,161
050,20,099,"Kansas","Labette County",4,62,289,154,135
050,20,099,"Kansas","Labette County",4,63,278,143,135
050,20,099,"Kansas","Labette County",4,64,272,144,128
050,20,099,"Kansas","Labette County",4,65,256,127,129
050,20,099,"Kansas","Labette County",4,66,268,133,135
050,20,099,"Kansas","Labette County",4,67,258,118,140
050,20,099,"Kansas","Labette County",4,68,244,116,128
050,20,099,"Kansas","Labette County",4,69,226,106,120
050,20,099,"Kansas","Labette County",4,70,224,103,121
050,20,099,"Kansas","Labette County",4,71,209,107,102
050,20,099,"Kansas","Labette County",4,72,202,90,112
050,20,099,"Kansas","Labette County",4,73,189,89,100
050,20,099,"Kansas","Labette County",4,74,200,98,102
050,20,099,"Kansas","Labette County",4,75,201,89,112
050,20,099,"Kansas","Labette County",4,76,138,61,77
050,20,099,"Kansas","Labette County",4,77,134,61,73
050,20,099,"Kansas","Labette County",4,78,149,77,72
050,20,099,"Kansas","Labette County",4,79,149,71,78
050,20,099,"Kansas","Labette County",4,80,115,51,64
050,20,099,"Kansas","Labette County",4,81,109,53,56
050,20,099,"Kansas","Labette County",4,82,90,34,56
050,20,099,"Kansas","Labette County",4,83,86,36,50
050,20,099,"Kansas","Labette County",4,84,86,38,48
050,20,099,"Kansas","Labette County",4,85,467,147,320
050,20,099,"Kansas","Labette County",5,0,207,111,96
050,20,099,"Kansas","Labette County",5,1,213,113,100
050,20,099,"Kansas","Labette County",5,2,258,139,119
050,20,099,"Kansas","Labette County",5,3,245,134,111
050,20,099,"Kansas","Labette County",5,4,260,138,122
050,20,099,"Kansas","Labette County",5,5,258,148,110
050,20,099,"Kansas","Labette County",5,6,252,140,112
050,20,099,"Kansas","Labette County",5,7,293,168,125
050,20,099,"Kansas","Labette County",5,8,261,142,119
050,20,099,"Kansas","Labette County",5,9,279,144,135
050,20,099,"Kansas","Labette County",5,10,264,147,117
050,20,099,"Kansas","Labette County",5,11,255,123,132
050,20,099,"Kansas","Labette County",5,12,269,133,136
050,20,099,"Kansas","Labette County",5,13,272,137,135
050,20,099,"Kansas","Labette County",5,14,286,145,141
050,20,099,"Kansas","Labette County",5,15,296,144,152
050,20,099,"Kansas","Labette County",5,16,303,145,158
050,20,099,"Kansas","Labette County",5,17,292,151,141
050,20,099,"Kansas","Labette County",5,18,257,143,114
050,20,099,"Kansas","Labette County",5,19,180,106,74
050,20,099,"Kansas","Labette County",5,20,198,113,85
050,20,099,"Kansas","Labette County",5,21,190,101,89
050,20,099,"Kansas","Labette County",5,22,210,97,113
050,20,099,"Kansas","Labette County",5,23,222,119,103
050,20,099,"Kansas","Labette County",5,24,224,113,111
050,20,099,"Kansas","Labette County",5,25,200,103,97
050,20,099,"Kansas","Labette County",5,26,227,129,98
050,20,099,"Kansas","Labette County",5,27,208,121,87
050,20,099,"Kansas","Labette County",5,28,204,111,93
050,20,099,"Kansas","Labette County",5,29,212,105,107
050,20,099,"Kansas","Labette County",5,30,221,108,113
050,20,099,"Kansas","Labette County",5,31,226,114,112
050,20,099,"Kansas","Labette County",5,32,254,123,131
050,20,099,"Kansas","Labette County",5,33,242,139,103
050,20,099,"Kansas","Labette County",5,34,239,128,111
050,20,099,"Kansas","Labette County",5,35,241,124,117
050,20,099,"Kansas","Labette County",5,36,206,104,102
050,20,099,"Kansas","Labette County",5,37,248,124,124
050,20,099,"Kansas","Labette County",5,38,238,116,122
050,20,099,"Kansas","Labette County",5,39,227,112,115
050,20,099,"Kansas","Labette County",5,40,228,114,114
050,20,099,"Kansas","Labette County",5,41,229,121,108
050,20,099,"Kansas","Labette County",5,42,235,116,119
050,20,099,"Kansas","Labette County",5,43,227,114,113
050,20,099,"Kansas","Labette County",5,44,226,121,105
050,20,099,"Kansas","Labette County",5,45,198,102,96
050,20,099,"Kansas","Labette County",5,46,195,99,96
050,20,099,"Kansas","Labette County",5,47,187,96,91
050,20,099,"Kansas","Labette County",5,48,186,91,95
050,20,099,"Kansas","Labette County",5,49,192,94,98
050,20,099,"Kansas","Labette County",5,50,230,122,108
050,20,099,"Kansas","Labette County",5,51,228,109,119
050,20,099,"Kansas","Labette County",5,52,265,136,129
050,20,099,"Kansas","Labette County",5,53,265,138,127
050,20,099,"Kansas","Labette County",5,54,236,119,117
050,20,099,"Kansas","Labette County",5,55,223,115,108
050,20,099,"Kansas","Labette County",5,56,208,105,103
050,20,099,"Kansas","Labette County",5,57,251,126,125
050,20,099,"Kansas","Labette County",5,58,291,144,147
050,20,099,"Kansas","Labette County",5,59,298,151,147
050,20,099,"Kansas","Labette County",5,60,290,149,141
050,20,099,"Kansas","Labette County",5,61,288,145,143
050,20,099,"Kansas","Labette County",5,62,313,154,159
050,20,099,"Kansas","Labette County",5,63,284,149,135
050,20,099,"Kansas","Labette County",5,64,273,142,131
050,20,099,"Kansas","Labette County",5,65,261,137,124
050,20,099,"Kansas","Labette County",5,66,248,122,126
050,20,099,"Kansas","Labette County",5,67,259,127,132
050,20,099,"Kansas","Labette County",5,68,251,114,137
050,20,099,"Kansas","Labette County",5,69,242,112,130
050,20,099,"Kansas","Labette County",5,70,214,103,111
050,20,099,"Kansas","Labette County",5,71,218,100,118
050,20,099,"Kansas","Labette County",5,72,201,104,97
050,20,099,"Kansas","Labette County",5,73,201,90,111
050,20,099,"Kansas","Labette County",5,74,179,87,92
050,20,099,"Kansas","Labette County",5,75,187,89,98
050,20,099,"Kansas","Labette County",5,76,187,78,109
050,20,099,"Kansas","Labette County",5,77,134,57,77
050,20,099,"Kansas","Labette County",5,78,131,59,72
050,20,099,"Kansas","Labette County",5,79,143,72,71
050,20,099,"Kansas","Labette County",5,80,139,64,75
050,20,099,"Kansas","Labette County",5,81,113,53,60
050,20,099,"Kansas","Labette County",5,82,103,48,55
050,20,099,"Kansas","Labette County",5,83,81,27,54
050,20,099,"Kansas","Labette County",5,84,82,31,51
050,20,099,"Kansas","Labette County",5,85,471,155,316
050,20,101,"Kansas","Lane County",1,0,19,10,9
050,20,101,"Kansas","Lane County",1,1,17,9,8
050,20,101,"Kansas","Lane County",1,2,16,9,7
050,20,101,"Kansas","Lane County",1,3,19,10,9
050,20,101,"Kansas","Lane County",1,4,23,16,7
050,20,101,"Kansas","Lane County",1,5,22,12,10
050,20,101,"Kansas","Lane County",1,6,29,12,17
050,20,101,"Kansas","Lane County",1,7,25,18,7
050,20,101,"Kansas","Lane County",1,8,23,17,6
050,20,101,"Kansas","Lane County",1,9,22,13,9
050,20,101,"Kansas","Lane County",1,10,15,10,5
050,20,101,"Kansas","Lane County",1,11,27,13,14
050,20,101,"Kansas","Lane County",1,12,19,7,12
050,20,101,"Kansas","Lane County",1,13,18,10,8
050,20,101,"Kansas","Lane County",1,14,17,6,11
050,20,101,"Kansas","Lane County",1,15,14,6,8
050,20,101,"Kansas","Lane County",1,16,18,6,12
050,20,101,"Kansas","Lane County",1,17,22,8,14
050,20,101,"Kansas","Lane County",1,18,12,5,7
050,20,101,"Kansas","Lane County",1,19,13,6,7
050,20,101,"Kansas","Lane County",1,20,12,7,5
050,20,101,"Kansas","Lane County",1,21,13,7,6
050,20,101,"Kansas","Lane County",1,22,13,4,9
050,20,101,"Kansas","Lane County",1,23,15,6,9
050,20,101,"Kansas","Lane County",1,24,18,7,11
050,20,101,"Kansas","Lane County",1,25,13,10,3
050,20,101,"Kansas","Lane County",1,26,11,5,6
050,20,101,"Kansas","Lane County",1,27,14,8,6
050,20,101,"Kansas","Lane County",1,28,20,10,10
050,20,101,"Kansas","Lane County",1,29,15,9,6
050,20,101,"Kansas","Lane County",1,30,14,7,7
050,20,101,"Kansas","Lane County",1,31,18,9,9
050,20,101,"Kansas","Lane County",1,32,19,11,8
050,20,101,"Kansas","Lane County",1,33,19,7,12
050,20,101,"Kansas","Lane County",1,34,21,9,12
050,20,101,"Kansas","Lane County",1,35,17,7,10
050,20,101,"Kansas","Lane County",1,36,13,8,5
050,20,101,"Kansas","Lane County",1,37,7,4,3
050,20,101,"Kansas","Lane County",1,38,13,5,8
050,20,101,"Kansas","Lane County",1,39,9,6,3
050,20,101,"Kansas","Lane County",1,40,13,7,6
050,20,101,"Kansas","Lane County",1,41,18,7,11
050,20,101,"Kansas","Lane County",1,42,12,5,7
050,20,101,"Kansas","Lane County",1,43,14,6,8
050,20,101,"Kansas","Lane County",1,44,19,9,10
050,20,101,"Kansas","Lane County",1,45,13,5,8
050,20,101,"Kansas","Lane County",1,46,17,11,6
050,20,101,"Kansas","Lane County",1,47,18,13,5
050,20,101,"Kansas","Lane County",1,48,16,12,4
050,20,101,"Kansas","Lane County",1,49,17,8,9
050,20,101,"Kansas","Lane County",1,50,19,8,11
050,20,101,"Kansas","Lane County",1,51,23,10,13
050,20,101,"Kansas","Lane County",1,52,21,11,10
050,20,101,"Kansas","Lane County",1,53,26,15,11
050,20,101,"Kansas","Lane County",1,54,23,13,10
050,20,101,"Kansas","Lane County",1,55,17,9,8
050,20,101,"Kansas","Lane County",1,56,21,11,10
050,20,101,"Kansas","Lane County",1,57,24,13,11
050,20,101,"Kansas","Lane County",1,58,31,15,16
050,20,101,"Kansas","Lane County",1,59,28,15,13
050,20,101,"Kansas","Lane County",1,60,19,10,9
050,20,101,"Kansas","Lane County",1,61,21,8,13
050,20,101,"Kansas","Lane County",1,62,28,12,16
050,20,101,"Kansas","Lane County",1,63,32,18,14
050,20,101,"Kansas","Lane County",1,64,27,18,9
050,20,101,"Kansas","Lane County",1,65,27,13,14
050,20,101,"Kansas","Lane County",1,66,19,8,11
050,20,101,"Kansas","Lane County",1,67,19,11,8
050,20,101,"Kansas","Lane County",1,68,21,10,11
050,20,101,"Kansas","Lane County",1,69,19,9,10
050,20,101,"Kansas","Lane County",1,70,16,6,10
050,20,101,"Kansas","Lane County",1,71,18,8,10
050,20,101,"Kansas","Lane County",1,72,25,11,14
050,20,101,"Kansas","Lane County",1,73,16,7,9
050,20,101,"Kansas","Lane County",1,74,17,8,9
050,20,101,"Kansas","Lane County",1,75,18,12,6
050,20,101,"Kansas","Lane County",1,76,11,6,5
050,20,101,"Kansas","Lane County",1,77,13,7,6
050,20,101,"Kansas","Lane County",1,78,9,6,3
050,20,101,"Kansas","Lane County",1,79,9,4,5
050,20,101,"Kansas","Lane County",1,80,8,3,5
050,20,101,"Kansas","Lane County",1,81,8,1,7
050,20,101,"Kansas","Lane County",1,82,14,4,10
050,20,101,"Kansas","Lane County",1,83,18,11,7
050,20,101,"Kansas","Lane County",1,84,13,6,7
050,20,101,"Kansas","Lane County",1,85,54,17,37
050,20,101,"Kansas","Lane County",2,0,16,8,8
050,20,101,"Kansas","Lane County",2,1,17,10,7
050,20,101,"Kansas","Lane County",2,2,16,9,7
050,20,101,"Kansas","Lane County",2,3,18,9,9
050,20,101,"Kansas","Lane County",2,4,21,14,7
050,20,101,"Kansas","Lane County",2,5,22,12,10
050,20,101,"Kansas","Lane County",2,6,26,12,14
050,20,101,"Kansas","Lane County",2,7,26,17,9
050,20,101,"Kansas","Lane County",2,8,24,18,6
050,20,101,"Kansas","Lane County",2,9,22,13,9
050,20,101,"Kansas","Lane County",2,10,17,11,6
050,20,101,"Kansas","Lane County",2,11,25,12,13
050,20,101,"Kansas","Lane County",2,12,21,9,12
050,20,101,"Kansas","Lane County",2,13,18,9,9
050,20,101,"Kansas","Lane County",2,14,17,7,10
050,20,101,"Kansas","Lane County",2,15,15,6,9
050,20,101,"Kansas","Lane County",2,16,17,6,11
050,20,101,"Kansas","Lane County",2,17,22,8,14
050,20,101,"Kansas","Lane County",2,18,13,5,8
050,20,101,"Kansas","Lane County",2,19,13,6,7
050,20,101,"Kansas","Lane County",2,20,11,6,5
050,20,101,"Kansas","Lane County",2,21,13,7,6
050,20,101,"Kansas","Lane County",2,22,12,4,8
050,20,101,"Kansas","Lane County",2,23,15,6,9
050,20,101,"Kansas","Lane County",2,24,16,6,10
050,20,101,"Kansas","Lane County",2,25,15,10,5
050,20,101,"Kansas","Lane County",2,26,12,6,6
050,20,101,"Kansas","Lane County",2,27,15,9,6
050,20,101,"Kansas","Lane County",2,28,19,10,9
050,20,101,"Kansas","Lane County",2,29,16,9,7
050,20,101,"Kansas","Lane County",2,30,14,7,7
050,20,101,"Kansas","Lane County",2,31,17,8,9
050,20,101,"Kansas","Lane County",2,32,18,10,8
050,20,101,"Kansas","Lane County",2,33,20,8,12
050,20,101,"Kansas","Lane County",2,34,20,9,11
050,20,101,"Kansas","Lane County",2,35,17,7,10
050,20,101,"Kansas","Lane County",2,36,13,7,6
050,20,101,"Kansas","Lane County",2,37,9,5,4
050,20,101,"Kansas","Lane County",2,38,12,5,7
050,20,101,"Kansas","Lane County",2,39,10,6,4
050,20,101,"Kansas","Lane County",2,40,13,7,6
050,20,101,"Kansas","Lane County",2,41,16,7,9
050,20,101,"Kansas","Lane County",2,42,13,6,7
050,20,101,"Kansas","Lane County",2,43,15,7,8
050,20,101,"Kansas","Lane County",2,44,17,8,9
050,20,101,"Kansas","Lane County",2,45,15,6,9
050,20,101,"Kansas","Lane County",2,46,16,10,6
050,20,101,"Kansas","Lane County",2,47,17,12,5
050,20,101,"Kansas","Lane County",2,48,16,12,4
050,20,101,"Kansas","Lane County",2,49,16,8,8
050,20,101,"Kansas","Lane County",2,50,17,7,10
050,20,101,"Kansas","Lane County",2,51,22,10,12
050,20,101,"Kansas","Lane County",2,52,23,12,11
050,20,101,"Kansas","Lane County",2,53,25,14,11
050,20,101,"Kansas","Lane County",2,54,23,13,10
050,20,101,"Kansas","Lane County",2,55,19,10,9
050,20,101,"Kansas","Lane County",2,56,19,10,9
050,20,101,"Kansas","Lane County",2,57,23,12,11
050,20,101,"Kansas","Lane County",2,58,29,14,15
050,20,101,"Kansas","Lane County",2,59,28,15,13
050,20,101,"Kansas","Lane County",2,60,22,12,10
050,20,101,"Kansas","Lane County",2,61,20,8,12
050,20,101,"Kansas","Lane County",2,62,26,11,15
050,20,101,"Kansas","Lane County",2,63,31,17,14
050,20,101,"Kansas","Lane County",2,64,28,18,10
050,20,101,"Kansas","Lane County",2,65,27,14,13
050,20,101,"Kansas","Lane County",2,66,21,9,12
050,20,101,"Kansas","Lane County",2,67,19,10,9
050,20,101,"Kansas","Lane County",2,68,21,10,11
050,20,101,"Kansas","Lane County",2,69,20,10,10
050,20,101,"Kansas","Lane County",2,70,17,7,10
050,20,101,"Kansas","Lane County",2,71,19,8,11
050,20,101,"Kansas","Lane County",2,72,23,10,13
050,20,101,"Kansas","Lane County",2,73,19,8,11
050,20,101,"Kansas","Lane County",2,74,15,7,8
050,20,101,"Kansas","Lane County",2,75,19,12,7
050,20,101,"Kansas","Lane County",2,76,12,7,5
050,20,101,"Kansas","Lane County",2,77,13,7,6
050,20,101,"Kansas","Lane County",2,78,10,6,4
050,20,101,"Kansas","Lane County",2,79,8,4,4
050,20,101,"Kansas","Lane County",2,80,8,3,5
050,20,101,"Kansas","Lane County",2,81,9,2,7
050,20,101,"Kansas","Lane County",2,82,12,3,9
050,20,101,"Kansas","Lane County",2,83,17,9,8
050,20,101,"Kansas","Lane County",2,84,14,7,7
050,20,101,"Kansas","Lane County",2,85,56,17,39
050,20,101,"Kansas","Lane County",3,0,14,6,8
050,20,101,"Kansas","Lane County",3,1,17,7,10
050,20,101,"Kansas","Lane County",3,2,20,13,7
050,20,101,"Kansas","Lane County",3,3,19,10,9
050,20,101,"Kansas","Lane County",3,4,18,9,9
050,20,101,"Kansas","Lane County",3,5,20,13,7
050,20,101,"Kansas","Lane County",3,6,22,12,10
050,20,101,"Kansas","Lane County",3,7,28,15,13
050,20,101,"Kansas","Lane County",3,8,29,20,9
050,20,101,"Kansas","Lane County",3,9,22,15,7
050,20,101,"Kansas","Lane County",3,10,19,11,8
050,20,101,"Kansas","Lane County",3,11,19,14,5
050,20,101,"Kansas","Lane County",3,12,25,11,14
050,20,101,"Kansas","Lane County",3,13,15,6,9
050,20,101,"Kansas","Lane County",3,14,18,9,9
050,20,101,"Kansas","Lane County",3,15,16,7,9
050,20,101,"Kansas","Lane County",3,16,18,7,11
050,20,101,"Kansas","Lane County",3,17,22,11,11
050,20,101,"Kansas","Lane County",3,18,19,9,10
050,20,101,"Kansas","Lane County",3,19,11,4,7
050,20,101,"Kansas","Lane County",3,20,16,8,8
050,20,101,"Kansas","Lane County",3,21,13,5,8
050,20,101,"Kansas","Lane County",3,22,14,8,6
050,20,101,"Kansas","Lane County",3,23,14,5,9
050,20,101,"Kansas","Lane County",3,24,16,6,10
050,20,101,"Kansas","Lane County",3,25,12,4,8
050,20,101,"Kansas","Lane County",3,26,13,8,5
050,20,101,"Kansas","Lane County",3,27,11,5,6
050,20,101,"Kansas","Lane County",3,28,17,10,7
050,20,101,"Kansas","Lane County",3,29,28,11,17
050,20,101,"Kansas","Lane County",3,30,18,11,7
050,20,101,"Kansas","Lane County",3,31,13,7,6
050,20,101,"Kansas","Lane County",3,32,17,9,8
050,20,101,"Kansas","Lane County",3,33,19,12,7
050,20,101,"Kansas","Lane County",3,34,19,7,12
050,20,101,"Kansas","Lane County",3,35,19,9,10
050,20,101,"Kansas","Lane County",3,36,15,6,9
050,20,101,"Kansas","Lane County",3,37,13,7,6
050,20,101,"Kansas","Lane County",3,38,10,6,4
050,20,101,"Kansas","Lane County",3,39,12,5,7
050,20,101,"Kansas","Lane County",3,40,13,9,4
050,20,101,"Kansas","Lane County",3,41,14,8,6
050,20,101,"Kansas","Lane County",3,42,17,7,10
050,20,101,"Kansas","Lane County",3,43,14,7,7
050,20,101,"Kansas","Lane County",3,44,15,7,8
050,20,101,"Kansas","Lane County",3,45,17,7,10
050,20,101,"Kansas","Lane County",3,46,16,6,10
050,20,101,"Kansas","Lane County",3,47,16,10,6
050,20,101,"Kansas","Lane County",3,48,17,12,5
050,20,101,"Kansas","Lane County",3,49,17,12,5
050,20,101,"Kansas","Lane County",3,50,16,8,8
050,20,101,"Kansas","Lane County",3,51,16,6,10
050,20,101,"Kansas","Lane County",3,52,22,10,12
050,20,101,"Kansas","Lane County",3,53,22,12,10
050,20,101,"Kansas","Lane County",3,54,24,13,11
050,20,101,"Kansas","Lane County",3,55,23,13,10
050,20,101,"Kansas","Lane County",3,56,16,7,9
050,20,101,"Kansas","Lane County",3,57,18,8,10
050,20,101,"Kansas","Lane County",3,58,22,12,10
050,20,101,"Kansas","Lane County",3,59,29,14,15
050,20,101,"Kansas","Lane County",3,60,27,14,13
050,20,101,"Kansas","Lane County",3,61,22,12,10
050,20,101,"Kansas","Lane County",3,62,18,7,11
050,20,101,"Kansas","Lane County",3,63,25,11,14
050,20,101,"Kansas","Lane County",3,64,33,18,15
050,20,101,"Kansas","Lane County",3,65,27,17,10
050,20,101,"Kansas","Lane County",3,66,27,14,13
050,20,101,"Kansas","Lane County",3,67,20,8,12
050,20,101,"Kansas","Lane County",3,68,20,11,9
050,20,101,"Kansas","Lane County",3,69,21,11,10
050,20,101,"Kansas","Lane County",3,70,16,6,10
050,20,101,"Kansas","Lane County",3,71,16,6,10
050,20,101,"Kansas","Lane County",3,72,17,6,11
050,20,101,"Kansas","Lane County",3,73,23,10,13
050,20,101,"Kansas","Lane County",3,74,19,8,11
050,20,101,"Kansas","Lane County",3,75,14,6,8
050,20,101,"Kansas","Lane County",3,76,17,10,7
050,20,101,"Kansas","Lane County",3,77,14,7,7
050,20,101,"Kansas","Lane County",3,78,11,7,4
050,20,101,"Kansas","Lane County",3,79,10,5,5
050,20,101,"Kansas","Lane County",3,80,8,4,4
050,20,101,"Kansas","Lane County",3,81,8,3,5
050,20,101,"Kansas","Lane County",3,82,8,2,6
050,20,101,"Kansas","Lane County",3,83,9,1,8
050,20,101,"Kansas","Lane County",3,84,13,7,6
050,20,101,"Kansas","Lane County",3,85,54,18,36
050,20,101,"Kansas","Lane County",4,0,17,6,11
050,20,101,"Kansas","Lane County",4,1,12,9,3
050,20,101,"Kansas","Lane County",4,2,17,8,9
050,20,101,"Kansas","Lane County",4,3,17,12,5
050,20,101,"Kansas","Lane County",4,4,19,10,9
050,20,101,"Kansas","Lane County",4,5,18,9,9
050,20,101,"Kansas","Lane County",4,6,19,13,6
050,20,101,"Kansas","Lane County",4,7,21,12,9
050,20,101,"Kansas","Lane County",4,8,27,14,13
050,20,101,"Kansas","Lane County",4,9,30,20,10
050,20,101,"Kansas","Lane County",4,10,25,16,9
050,20,101,"Kansas","Lane County",4,11,21,13,8
050,20,101,"Kansas","Lane County",4,12,19,15,4
050,20,101,"Kansas","Lane County",4,13,26,12,14
050,20,101,"Kansas","Lane County",4,14,19,10,9
050,20,101,"Kansas","Lane County",4,15,19,9,10
050,20,101,"Kansas","Lane County",4,16,17,7,10
050,20,101,"Kansas","Lane County",4,17,21,9,12
050,20,101,"Kansas","Lane County",4,18,17,8,9
050,20,101,"Kansas","Lane County",4,19,14,8,6
050,20,101,"Kansas","Lane County",4,20,12,4,8
050,20,101,"Kansas","Lane County",4,21,16,8,8
050,20,101,"Kansas","Lane County",4,22,15,8,7
050,20,101,"Kansas","Lane County",4,23,17,9,8
050,20,101,"Kansas","Lane County",4,24,11,3,8
050,20,101,"Kansas","Lane County",4,25,17,6,11
050,20,101,"Kansas","Lane County",4,26,8,3,5
050,20,101,"Kansas","Lane County",4,27,12,9,3
050,20,101,"Kansas","Lane County",4,28,11,5,6
050,20,101,"Kansas","Lane County",4,29,16,8,8
050,20,101,"Kansas","Lane County",4,30,24,11,13
050,20,101,"Kansas","Lane County",4,31,17,10,7
050,20,101,"Kansas","Lane County",4,32,14,7,7
050,20,101,"Kansas","Lane County",4,33,13,7,6
050,20,101,"Kansas","Lane County",4,34,22,13,9
050,20,101,"Kansas","Lane County",4,35,19,7,12
050,20,101,"Kansas","Lane County",4,36,18,8,10
050,20,101,"Kansas","Lane County",4,37,14,6,8
050,20,101,"Kansas","Lane County",4,38,12,6,6
050,20,101,"Kansas","Lane County",4,39,12,7,5
050,20,101,"Kansas","Lane County",4,40,12,6,6
050,20,101,"Kansas","Lane County",4,41,16,8,8
050,20,101,"Kansas","Lane County",4,42,18,9,9
050,20,101,"Kansas","Lane County",4,43,16,7,9
050,20,101,"Kansas","Lane County",4,44,14,6,8
050,20,101,"Kansas","Lane County",4,45,19,8,11
050,20,101,"Kansas","Lane County",4,46,16,7,9
050,20,101,"Kansas","Lane County",4,47,16,6,10
050,20,101,"Kansas","Lane County",4,48,16,10,6
050,20,101,"Kansas","Lane County",4,49,18,13,5
050,20,101,"Kansas","Lane County",4,50,17,12,5
050,20,101,"Kansas","Lane County",4,51,18,9,9
050,20,101,"Kansas","Lane County",4,52,15,6,9
050,20,101,"Kansas","Lane County",4,53,22,11,11
050,20,101,"Kansas","Lane County",4,54,18,8,10
050,20,101,"Kansas","Lane County",4,55,24,13,11
050,20,101,"Kansas","Lane County",4,56,21,11,10
050,20,101,"Kansas","Lane County",4,57,17,7,10
050,20,101,"Kansas","Lane County",4,58,18,8,10
050,20,101,"Kansas","Lane County",4,59,20,12,8
050,20,101,"Kansas","Lane County",4,60,30,15,15
050,20,101,"Kansas","Lane County",4,61,28,14,14
050,20,101,"Kansas","Lane County",4,62,21,12,9
050,20,101,"Kansas","Lane County",4,63,18,7,11
050,20,101,"Kansas","Lane County",4,64,23,11,12
050,20,101,"Kansas","Lane County",4,65,31,17,14
050,20,101,"Kansas","Lane County",4,66,24,14,10
050,20,101,"Kansas","Lane County",4,67,27,13,14
050,20,101,"Kansas","Lane County",4,68,19,8,11
050,20,101,"Kansas","Lane County",4,69,19,10,9
050,20,101,"Kansas","Lane County",4,70,19,9,10
050,20,101,"Kansas","Lane County",4,71,14,3,11
050,20,101,"Kansas","Lane County",4,72,15,5,10
050,20,101,"Kansas","Lane County",4,73,17,6,11
050,20,101,"Kansas","Lane County",4,74,23,10,13
050,20,101,"Kansas","Lane County",4,75,19,7,12
050,20,101,"Kansas","Lane County",4,76,13,5,8
050,20,101,"Kansas","Lane County",4,77,18,10,8
050,20,101,"Kansas","Lane County",4,78,14,8,6
050,20,101,"Kansas","Lane County",4,79,12,7,5
050,20,101,"Kansas","Lane County",4,80,10,5,5
050,20,101,"Kansas","Lane County",4,81,8,4,4
050,20,101,"Kansas","Lane County",4,82,8,3,5
050,20,101,"Kansas","Lane County",4,83,6,2,4
050,20,101,"Kansas","Lane County",4,84,7,1,6
050,20,101,"Kansas","Lane County",4,85,55,21,34
050,20,101,"Kansas","Lane County",5,0,17,6,11
050,20,101,"Kansas","Lane County",5,1,19,6,13
050,20,101,"Kansas","Lane County",5,2,16,12,4
050,20,101,"Kansas","Lane County",5,3,16,8,8
050,20,101,"Kansas","Lane County",5,4,17,13,4
050,20,101,"Kansas","Lane County",5,5,23,14,9
050,20,101,"Kansas","Lane County",5,6,18,9,9
050,20,101,"Kansas","Lane County",5,7,20,13,7
050,20,101,"Kansas","Lane County",5,8,23,13,10
050,20,101,"Kansas","Lane County",5,9,26,13,13
050,20,101,"Kansas","Lane County",5,10,32,23,9
050,20,101,"Kansas","Lane County",5,11,22,14,8
050,20,101,"Kansas","Lane County",5,12,21,12,9
050,20,101,"Kansas","Lane County",5,13,17,13,4
050,20,101,"Kansas","Lane County",5,14,27,11,16
050,20,101,"Kansas","Lane County",5,15,18,9,9
050,20,101,"Kansas","Lane County",5,16,18,9,9
050,20,101,"Kansas","Lane County",5,17,20,7,13
050,20,101,"Kansas","Lane County",5,18,17,7,10
050,20,101,"Kansas","Lane County",5,19,16,7,9
050,20,101,"Kansas","Lane County",5,20,14,8,6
050,20,101,"Kansas","Lane County",5,21,15,5,10
050,20,101,"Kansas","Lane County",5,22,16,8,8
050,20,101,"Kansas","Lane County",5,23,13,8,5
050,20,101,"Kansas","Lane County",5,24,15,8,7
050,20,101,"Kansas","Lane County",5,25,12,4,8
050,20,101,"Kansas","Lane County",5,26,13,6,7
050,20,101,"Kansas","Lane County",5,27,12,5,7
050,20,101,"Kansas","Lane County",5,28,12,9,3
050,20,101,"Kansas","Lane County",5,29,12,5,7
050,20,101,"Kansas","Lane County",5,30,12,5,7
050,20,101,"Kansas","Lane County",5,31,24,12,12
050,20,101,"Kansas","Lane County",5,32,19,11,8
050,20,101,"Kansas","Lane County",5,33,13,6,7
050,20,101,"Kansas","Lane County",5,34,14,8,6
050,20,101,"Kansas","Lane County",5,35,20,11,9
050,20,101,"Kansas","Lane County",5,36,18,7,11
050,20,101,"Kansas","Lane County",5,37,20,10,10
050,20,101,"Kansas","Lane County",5,38,16,7,9
050,20,101,"Kansas","Lane County",5,39,14,7,7
050,20,101,"Kansas","Lane County",5,40,10,5,5
050,20,101,"Kansas","Lane County",5,41,12,6,6
050,20,101,"Kansas","Lane County",5,42,13,7,6
050,20,101,"Kansas","Lane County",5,43,18,9,9
050,20,101,"Kansas","Lane County",5,44,16,7,9
050,20,101,"Kansas","Lane County",5,45,15,6,9
050,20,101,"Kansas","Lane County",5,46,18,7,11
050,20,101,"Kansas","Lane County",5,47,16,7,9
050,20,101,"Kansas","Lane County",5,48,14,4,10
050,20,101,"Kansas","Lane County",5,49,16,10,6
050,20,101,"Kansas","Lane County",5,50,18,13,5
050,20,101,"Kansas","Lane County",5,51,16,11,5
050,20,101,"Kansas","Lane County",5,52,16,9,7
050,20,101,"Kansas","Lane County",5,53,14,6,8
050,20,101,"Kansas","Lane County",5,54,20,9,11
050,20,101,"Kansas","Lane County",5,55,17,8,9
050,20,101,"Kansas","Lane County",5,56,25,13,12
050,20,101,"Kansas","Lane County",5,57,20,10,10
050,20,101,"Kansas","Lane County",5,58,19,9,10
050,20,101,"Kansas","Lane County",5,59,18,8,10
050,20,101,"Kansas","Lane County",5,60,23,14,9
050,20,101,"Kansas","Lane County",5,61,30,15,15
050,20,101,"Kansas","Lane County",5,62,25,14,11
050,20,101,"Kansas","Lane County",5,63,23,14,9
050,20,101,"Kansas","Lane County",5,64,20,10,10
050,20,101,"Kansas","Lane County",5,65,20,11,9
050,20,101,"Kansas","Lane County",5,66,29,16,13
050,20,101,"Kansas","Lane County",5,67,23,12,11
050,20,101,"Kansas","Lane County",5,68,27,13,14
050,20,101,"Kansas","Lane County",5,69,19,8,11
050,20,101,"Kansas","Lane County",5,70,17,8,9
050,20,101,"Kansas","Lane County",5,71,16,6,10
050,20,101,"Kansas","Lane County",5,72,11,2,9
050,20,101,"Kansas","Lane County",5,73,13,5,8
050,20,101,"Kansas","Lane County",5,74,17,6,11
050,20,101,"Kansas","Lane County",5,75,23,9,14
050,20,101,"Kansas","Lane County",5,76,18,6,12
050,20,101,"Kansas","Lane County",5,77,13,4,9
050,20,101,"Kansas","Lane County",5,78,18,11,7
050,20,101,"Kansas","Lane County",5,79,14,6,8
050,20,101,"Kansas","Lane County",5,80,14,7,7
050,20,101,"Kansas","Lane County",5,81,10,5,5
050,20,101,"Kansas","Lane County",5,82,8,4,4
050,20,101,"Kansas","Lane County",5,83,4,2,2
050,20,101,"Kansas","Lane County",5,84,6,3,3
050,20,101,"Kansas","Lane County",5,85,50,17,33
050,20,103,"Kansas","Leavenworth County",1,0,975,496,479
050,20,103,"Kansas","Leavenworth County",1,1,1014,517,497
050,20,103,"Kansas","Leavenworth County",1,2,998,527,471
050,20,103,"Kansas","Leavenworth County",1,3,1070,590,480
050,20,103,"Kansas","Leavenworth County",1,4,1156,595,561
050,20,103,"Kansas","Leavenworth County",1,5,1135,597,538
050,20,103,"Kansas","Leavenworth County",1,6,1114,576,538
050,20,103,"Kansas","Leavenworth County",1,7,1075,553,522
050,20,103,"Kansas","Leavenworth County",1,8,1110,578,532
050,20,103,"Kansas","Leavenworth County",1,9,1093,552,541
050,20,103,"Kansas","Leavenworth County",1,10,1090,556,534
050,20,103,"Kansas","Leavenworth County",1,11,1114,572,542
050,20,103,"Kansas","Leavenworth County",1,12,1121,580,541
050,20,103,"Kansas","Leavenworth County",1,13,1128,595,533
050,20,103,"Kansas","Leavenworth County",1,14,1118,560,558
050,20,103,"Kansas","Leavenworth County",1,15,1096,556,540
050,20,103,"Kansas","Leavenworth County",1,16,1069,565,504
050,20,103,"Kansas","Leavenworth County",1,17,1052,543,509
050,20,103,"Kansas","Leavenworth County",1,18,909,479,430
050,20,103,"Kansas","Leavenworth County",1,19,844,479,365
050,20,103,"Kansas","Leavenworth County",1,20,901,525,376
050,20,103,"Kansas","Leavenworth County",1,21,930,531,399
050,20,103,"Kansas","Leavenworth County",1,22,956,549,407
050,20,103,"Kansas","Leavenworth County",1,23,992,572,420
050,20,103,"Kansas","Leavenworth County",1,24,983,577,406
050,20,103,"Kansas","Leavenworth County",1,25,986,586,400
050,20,103,"Kansas","Leavenworth County",1,26,1000,595,405
050,20,103,"Kansas","Leavenworth County",1,27,1048,643,405
050,20,103,"Kansas","Leavenworth County",1,28,1060,620,440
050,20,103,"Kansas","Leavenworth County",1,29,1062,630,432
050,20,103,"Kansas","Leavenworth County",1,30,1034,579,455
050,20,103,"Kansas","Leavenworth County",1,31,1043,590,453
050,20,103,"Kansas","Leavenworth County",1,32,1134,616,518
050,20,103,"Kansas","Leavenworth County",1,33,1303,755,548
050,20,103,"Kansas","Leavenworth County",1,34,1318,762,556
050,20,103,"Kansas","Leavenworth County",1,35,1285,734,551
050,20,103,"Kansas","Leavenworth County",1,36,1262,720,542
050,20,103,"Kansas","Leavenworth County",1,37,1236,677,559
050,20,103,"Kansas","Leavenworth County",1,38,1253,695,558
050,20,103,"Kansas","Leavenworth County",1,39,1252,722,530
050,20,103,"Kansas","Leavenworth County",1,40,1266,693,573
050,20,103,"Kansas","Leavenworth County",1,41,1166,673,493
050,20,103,"Kansas","Leavenworth County",1,42,1132,640,492
050,20,103,"Kansas","Leavenworth County",1,43,1083,591,492
050,20,103,"Kansas","Leavenworth County",1,44,1005,567,438
050,20,103,"Kansas","Leavenworth County",1,45,986,562,424
050,20,103,"Kansas","Leavenworth County",1,46,983,542,441
050,20,103,"Kansas","Leavenworth County",1,47,991,531,460
050,20,103,"Kansas","Leavenworth County",1,48,1083,614,469
050,20,103,"Kansas","Leavenworth County",1,49,1089,607,482
050,20,103,"Kansas","Leavenworth County",1,50,996,530,466
050,20,103,"Kansas","Leavenworth County",1,51,972,531,441
050,20,103,"Kansas","Leavenworth County",1,52,934,528,406
050,20,103,"Kansas","Leavenworth County",1,53,1012,549,463
050,20,103,"Kansas","Leavenworth County",1,54,983,521,462
050,20,103,"Kansas","Leavenworth County",1,55,1029,552,477
050,20,103,"Kansas","Leavenworth County",1,56,1061,562,499
050,20,103,"Kansas","Leavenworth County",1,57,1119,568,551
050,20,103,"Kansas","Leavenworth County",1,58,1120,569,551
050,20,103,"Kansas","Leavenworth County",1,59,1107,550,557
050,20,103,"Kansas","Leavenworth County",1,60,1100,559,541
050,20,103,"Kansas","Leavenworth County",1,61,1068,534,534
050,20,103,"Kansas","Leavenworth County",1,62,1036,532,504
050,20,103,"Kansas","Leavenworth County",1,63,974,490,484
050,20,103,"Kansas","Leavenworth County",1,64,939,488,451
050,20,103,"Kansas","Leavenworth County",1,65,969,495,474
050,20,103,"Kansas","Leavenworth County",1,66,883,440,443
050,20,103,"Kansas","Leavenworth County",1,67,827,406,421
050,20,103,"Kansas","Leavenworth County",1,68,823,413,410
050,20,103,"Kansas","Leavenworth County",1,69,772,362,410
050,20,103,"Kansas","Leavenworth County",1,70,736,360,376
050,20,103,"Kansas","Leavenworth County",1,71,706,338,368
050,20,103,"Kansas","Leavenworth County",1,72,702,350,352
050,20,103,"Kansas","Leavenworth County",1,73,719,352,367
050,20,103,"Kansas","Leavenworth County",1,74,500,240,260
050,20,103,"Kansas","Leavenworth County",1,75,497,240,257
050,20,103,"Kansas","Leavenworth County",1,76,471,237,234
050,20,103,"Kansas","Leavenworth County",1,77,428,200,228
050,20,103,"Kansas","Leavenworth County",1,78,385,170,215
050,20,103,"Kansas","Leavenworth County",1,79,338,141,197
050,20,103,"Kansas","Leavenworth County",1,80,291,133,158
050,20,103,"Kansas","Leavenworth County",1,81,298,127,171
050,20,103,"Kansas","Leavenworth County",1,82,271,120,151
050,20,103,"Kansas","Leavenworth County",1,83,247,99,148
050,20,103,"Kansas","Leavenworth County",1,84,212,81,131
050,20,103,"Kansas","Leavenworth County",1,85,1273,444,829
050,20,103,"Kansas","Leavenworth County",2,0,949,497,452
050,20,103,"Kansas","Leavenworth County",2,1,1005,510,495
050,20,103,"Kansas","Leavenworth County",2,2,1012,533,479
050,20,103,"Kansas","Leavenworth County",2,3,1057,576,481
050,20,103,"Kansas","Leavenworth County",2,4,1143,600,543
050,20,103,"Kansas","Leavenworth County",2,5,1146,600,546
050,20,103,"Kansas","Leavenworth County",2,6,1116,577,539
050,20,103,"Kansas","Leavenworth County",2,7,1085,557,528
050,20,103,"Kansas","Leavenworth County",2,8,1101,569,532
050,20,103,"Kansas","Leavenworth County",2,9,1088,555,533
050,20,103,"Kansas","Leavenworth County",2,10,1087,554,533
050,20,103,"Kansas","Leavenworth County",2,11,1107,568,539
050,20,103,"Kansas","Leavenworth County",2,12,1125,582,543
050,20,103,"Kansas","Leavenworth County",2,13,1126,589,537
050,20,103,"Kansas","Leavenworth County",2,14,1117,563,554
050,20,103,"Kansas","Leavenworth County",2,15,1101,556,545
050,20,103,"Kansas","Leavenworth County",2,16,1076,564,512
050,20,103,"Kansas","Leavenworth County",2,17,1053,548,505
050,20,103,"Kansas","Leavenworth County",2,18,920,486,434
050,20,103,"Kansas","Leavenworth County",2,19,851,485,366
050,20,103,"Kansas","Leavenworth County",2,20,912,527,385
050,20,103,"Kansas","Leavenworth County",2,21,932,537,395
050,20,103,"Kansas","Leavenworth County",2,22,955,546,409
050,20,103,"Kansas","Leavenworth County",2,23,989,569,420
050,20,103,"Kansas","Leavenworth County",2,24,982,576,406
050,20,103,"Kansas","Leavenworth County",2,25,988,586,402
050,20,103,"Kansas","Leavenworth County",2,26,1004,602,402
050,20,103,"Kansas","Leavenworth County",2,27,1045,638,407
050,20,103,"Kansas","Leavenworth County",2,28,1050,620,430
050,20,103,"Kansas","Leavenworth County",2,29,1068,629,439
050,20,103,"Kansas","Leavenworth County",2,30,1046,593,453
050,20,103,"Kansas","Leavenworth County",2,31,1054,592,462
050,20,103,"Kansas","Leavenworth County",2,32,1152,636,516
050,20,103,"Kansas","Leavenworth County",2,33,1270,726,544
050,20,103,"Kansas","Leavenworth County",2,34,1305,755,550
050,20,103,"Kansas","Leavenworth County",2,35,1289,737,552
050,20,103,"Kansas","Leavenworth County",2,36,1256,717,539
050,20,103,"Kansas","Leavenworth County",2,37,1244,687,557
050,20,103,"Kansas","Leavenworth County",2,38,1250,692,558
050,20,103,"Kansas","Leavenworth County",2,39,1253,712,541
050,20,103,"Kansas","Leavenworth County",2,40,1266,701,565
050,20,103,"Kansas","Leavenworth County",2,41,1185,677,508
050,20,103,"Kansas","Leavenworth County",2,42,1127,640,487
050,20,103,"Kansas","Leavenworth County",2,43,1100,604,496
050,20,103,"Kansas","Leavenworth County",2,44,1008,561,447
050,20,103,"Kansas","Leavenworth County",2,45,989,563,426
050,20,103,"Kansas","Leavenworth County",2,46,979,547,432
050,20,103,"Kansas","Leavenworth County",2,47,981,528,453
050,20,103,"Kansas","Leavenworth County",2,48,1059,599,460
050,20,103,"Kansas","Leavenworth County",2,49,1086,607,479
050,20,103,"Kansas","Leavenworth County",2,50,1016,541,475
050,20,103,"Kansas","Leavenworth County",2,51,981,535,446
050,20,103,"Kansas","Leavenworth County",2,52,946,527,419
050,20,103,"Kansas","Leavenworth County",2,53,992,542,450
050,20,103,"Kansas","Leavenworth County",2,54,983,519,464
050,20,103,"Kansas","Leavenworth County",2,55,1010,538,472
050,20,103,"Kansas","Leavenworth County",2,56,1047,558,489
050,20,103,"Kansas","Leavenworth County",2,57,1099,563,536
050,20,103,"Kansas","Leavenworth County",2,58,1117,568,549
050,20,103,"Kansas","Leavenworth County",2,59,1109,552,557
050,20,103,"Kansas","Leavenworth County",2,60,1098,556,542
050,20,103,"Kansas","Leavenworth County",2,61,1066,534,532
050,20,103,"Kansas","Leavenworth County",2,62,1041,529,512
050,20,103,"Kansas","Leavenworth County",2,63,988,499,489
050,20,103,"Kansas","Leavenworth County",2,64,941,487,454
050,20,103,"Kansas","Leavenworth County",2,65,959,491,468
050,20,103,"Kansas","Leavenworth County",2,66,904,452,452
050,20,103,"Kansas","Leavenworth County",2,67,834,409,425
050,20,103,"Kansas","Leavenworth County",2,68,819,408,411
050,20,103,"Kansas","Leavenworth County",2,69,787,374,413
050,20,103,"Kansas","Leavenworth County",2,70,743,360,383
050,20,103,"Kansas","Leavenworth County",2,71,710,340,370
050,20,103,"Kansas","Leavenworth County",2,72,688,339,349
050,20,103,"Kansas","Leavenworth County",2,73,740,364,376
050,20,103,"Kansas","Leavenworth County",2,74,518,249,269
050,20,103,"Kansas","Leavenworth County",2,75,494,239,255
050,20,103,"Kansas","Leavenworth County",2,76,470,232,238
050,20,103,"Kansas","Leavenworth County",2,77,445,212,233
050,20,103,"Kansas","Leavenworth County",2,78,383,171,212
050,20,103,"Kansas","Leavenworth County",2,79,341,144,197
050,20,103,"Kansas","Leavenworth County",2,80,299,132,167
050,20,103,"Kansas","Leavenworth County",2,81,296,126,170
050,20,103,"Kansas","Leavenworth County",2,82,273,119,154
050,20,103,"Kansas","Leavenworth County",2,83,247,100,147
050,20,103,"Kansas","Leavenworth County",2,84,216,84,132
050,20,103,"Kansas","Leavenworth County",2,85,1277,441,836
050,20,103,"Kansas","Leavenworth County",3,0,906,474,432
050,20,103,"Kansas","Leavenworth County",3,1,1014,497,517
050,20,103,"Kansas","Leavenworth County",3,2,1040,521,519
050,20,103,"Kansas","Leavenworth County",3,3,1044,561,483
050,20,103,"Kansas","Leavenworth County",3,4,1075,581,494
050,20,103,"Kansas","Leavenworth County",3,5,1142,609,533
050,20,103,"Kansas","Leavenworth County",3,6,1123,580,543
050,20,103,"Kansas","Leavenworth County",3,7,1127,577,550
050,20,103,"Kansas","Leavenworth County",3,8,1119,594,525
050,20,103,"Kansas","Leavenworth County",3,9,1108,583,525
050,20,103,"Kansas","Leavenworth County",3,10,1092,552,540
050,20,103,"Kansas","Leavenworth County",3,11,1071,557,514
050,20,103,"Kansas","Leavenworth County",3,12,1103,557,546
050,20,103,"Kansas","Leavenworth County",3,13,1134,596,538
050,20,103,"Kansas","Leavenworth County",3,14,1119,589,530
050,20,103,"Kansas","Leavenworth County",3,15,1136,580,556
050,20,103,"Kansas","Leavenworth County",3,16,1117,560,557
050,20,103,"Kansas","Leavenworth County",3,17,1074,558,516
050,20,103,"Kansas","Leavenworth County",3,18,978,520,458
050,20,103,"Kansas","Leavenworth County",3,19,841,460,381
050,20,103,"Kansas","Leavenworth County",3,20,931,534,397
050,20,103,"Kansas","Leavenworth County",3,21,936,556,380
050,20,103,"Kansas","Leavenworth County",3,22,960,554,406
050,20,103,"Kansas","Leavenworth County",3,23,948,570,378
050,20,103,"Kansas","Leavenworth County",3,24,959,554,405
050,20,103,"Kansas","Leavenworth County",3,25,954,566,388
050,20,103,"Kansas","Leavenworth County",3,26,991,607,384
050,20,103,"Kansas","Leavenworth County",3,27,1050,644,406
050,20,103,"Kansas","Leavenworth County",3,28,1016,615,401
050,20,103,"Kansas","Leavenworth County",3,29,1064,620,444
050,20,103,"Kansas","Leavenworth County",3,30,1077,628,449
050,20,103,"Kansas","Leavenworth County",3,31,1074,593,481
050,20,103,"Kansas","Leavenworth County",3,32,1184,674,510
050,20,103,"Kansas","Leavenworth County",3,33,1296,734,562
050,20,103,"Kansas","Leavenworth County",3,34,1335,776,559
050,20,103,"Kansas","Leavenworth County",3,35,1244,711,533
050,20,103,"Kansas","Leavenworth County",3,36,1233,703,530
050,20,103,"Kansas","Leavenworth County",3,37,1264,709,555
050,20,103,"Kansas","Leavenworth County",3,38,1247,710,537
050,20,103,"Kansas","Leavenworth County",3,39,1269,710,559
050,20,103,"Kansas","Leavenworth County",3,40,1253,715,538
050,20,103,"Kansas","Leavenworth County",3,41,1222,666,556
050,20,103,"Kansas","Leavenworth County",3,42,1155,639,516
050,20,103,"Kansas","Leavenworth County",3,43,1137,651,486
050,20,103,"Kansas","Leavenworth County",3,44,1071,579,492
050,20,103,"Kansas","Leavenworth County",3,45,991,557,434
050,20,103,"Kansas","Leavenworth County",3,46,1009,588,421
050,20,103,"Kansas","Leavenworth County",3,47,969,539,430
050,20,103,"Kansas","Leavenworth County",3,48,968,527,441
050,20,103,"Kansas","Leavenworth County",3,49,1039,568,471
050,20,103,"Kansas","Leavenworth County",3,50,1075,597,478
050,20,103,"Kansas","Leavenworth County",3,51,1038,556,482
050,20,103,"Kansas","Leavenworth County",3,52,967,526,441
050,20,103,"Kansas","Leavenworth County",3,53,926,514,412
050,20,103,"Kansas","Leavenworth County",3,54,954,514,440
050,20,103,"Kansas","Leavenworth County",3,55,981,522,459
050,20,103,"Kansas","Leavenworth County",3,56,1005,536,469
050,20,103,"Kansas","Leavenworth County",3,57,1020,522,498
050,20,103,"Kansas","Leavenworth County",3,58,1083,566,517
050,20,103,"Kansas","Leavenworth County",3,59,1105,551,554
050,20,103,"Kansas","Leavenworth County",3,60,1103,559,544
050,20,103,"Kansas","Leavenworth County",3,61,1054,531,523
050,20,103,"Kansas","Leavenworth County",3,62,1040,518,522
050,20,103,"Kansas","Leavenworth County",3,63,1015,508,507
050,20,103,"Kansas","Leavenworth County",3,64,983,499,484
050,20,103,"Kansas","Leavenworth County",3,65,937,474,463
050,20,103,"Kansas","Leavenworth County",3,66,942,476,466
050,20,103,"Kansas","Leavenworth County",3,67,876,436,440
050,20,103,"Kansas","Leavenworth County",3,68,824,405,419
050,20,103,"Kansas","Leavenworth County",3,69,790,392,398
050,20,103,"Kansas","Leavenworth County",3,70,773,369,404
050,20,103,"Kansas","Leavenworth County",3,71,738,358,380
050,20,103,"Kansas","Leavenworth County",3,72,692,331,361
050,20,103,"Kansas","Leavenworth County",3,73,678,343,335
050,20,103,"Kansas","Leavenworth County",3,74,707,336,371
050,20,103,"Kansas","Leavenworth County",3,75,510,242,268
050,20,103,"Kansas","Leavenworth County",3,76,478,230,248
050,20,103,"Kansas","Leavenworth County",3,77,458,222,236
050,20,103,"Kansas","Leavenworth County",3,78,414,202,212
050,20,103,"Kansas","Leavenworth County",3,79,360,154,206
050,20,103,"Kansas","Leavenworth County",3,80,337,143,194
050,20,103,"Kansas","Leavenworth County",3,81,280,119,161
050,20,103,"Kansas","Leavenworth County",3,82,265,117,148
050,20,103,"Kansas","Leavenworth County",3,83,258,112,146
050,20,103,"Kansas","Leavenworth County",3,84,217,87,130
050,20,103,"Kansas","Leavenworth County",3,85,1306,446,860
050,20,103,"Kansas","Leavenworth County",4,0,892,441,451
050,20,103,"Kansas","Leavenworth County",4,1,933,519,414
050,20,103,"Kansas","Leavenworth County",4,2,1032,507,525
050,20,103,"Kansas","Leavenworth County",4,3,1080,552,528
050,20,103,"Kansas","Leavenworth County",4,4,1076,573,503
050,20,103,"Kansas","Leavenworth County",4,5,1104,598,506
050,20,103,"Kansas","Leavenworth County",4,6,1203,639,564
050,20,103,"Kansas","Leavenworth County",4,7,1161,600,561
050,20,103,"Kansas","Leavenworth County",4,8,1136,575,561
050,20,103,"Kansas","Leavenworth County",4,9,1124,608,516
050,20,103,"Kansas","Leavenworth County",4,10,1142,598,544
050,20,103,"Kansas","Leavenworth County",4,11,1067,552,515
050,20,103,"Kansas","Leavenworth County",4,12,1101,571,530
050,20,103,"Kansas","Leavenworth County",4,13,1104,552,552
050,20,103,"Kansas","Leavenworth County",4,14,1133,607,526
050,20,103,"Kansas","Leavenworth County",4,15,1128,606,522
050,20,103,"Kansas","Leavenworth County",4,16,1120,569,551
050,20,103,"Kansas","Leavenworth County",4,17,1115,559,556
050,20,103,"Kansas","Leavenworth County",4,18,938,501,437
050,20,103,"Kansas","Leavenworth County",4,19,836,480,356
050,20,103,"Kansas","Leavenworth County",4,20,879,491,388
050,20,103,"Kansas","Leavenworth County",4,21,964,560,404
050,20,103,"Kansas","Leavenworth County",4,22,929,530,399
050,20,103,"Kansas","Leavenworth County",4,23,964,551,413
050,20,103,"Kansas","Leavenworth County",4,24,946,561,385
050,20,103,"Kansas","Leavenworth County",4,25,925,546,379
050,20,103,"Kansas","Leavenworth County",4,26,981,586,395
050,20,103,"Kansas","Leavenworth County",4,27,1018,638,380
050,20,103,"Kansas","Leavenworth County",4,28,1031,620,411
050,20,103,"Kansas","Leavenworth County",4,29,1054,633,421
050,20,103,"Kansas","Leavenworth County",4,30,1091,621,470
050,20,103,"Kansas","Leavenworth County",4,31,1088,606,482
050,20,103,"Kansas","Leavenworth County",4,32,1164,649,515
050,20,103,"Kansas","Leavenworth County",4,33,1419,796,623
050,20,103,"Kansas","Leavenworth County",4,34,1400,804,596
050,20,103,"Kansas","Leavenworth County",4,35,1279,724,555
050,20,103,"Kansas","Leavenworth County",4,36,1212,693,519
050,20,103,"Kansas","Leavenworth County",4,37,1241,700,541
050,20,103,"Kansas","Leavenworth County",4,38,1218,678,540
050,20,103,"Kansas","Leavenworth County",4,39,1229,707,522
050,20,103,"Kansas","Leavenworth County",4,40,1293,716,577
050,20,103,"Kansas","Leavenworth County",4,41,1260,724,536
050,20,103,"Kansas","Leavenworth County",4,42,1213,656,557
050,20,103,"Kansas","Leavenworth County",4,43,1181,659,522
050,20,103,"Kansas","Leavenworth County",4,44,1079,600,479
050,20,103,"Kansas","Leavenworth County",4,45,1060,576,484
050,20,103,"Kansas","Leavenworth County",4,46,999,582,417
050,20,103,"Kansas","Leavenworth County",4,47,1001,575,426
050,20,103,"Kansas","Leavenworth County",4,48,985,556,429
050,20,103,"Kansas","Leavenworth County",4,49,951,508,443
050,20,103,"Kansas","Leavenworth County",4,50,1035,552,483
050,20,103,"Kansas","Leavenworth County",4,51,1094,603,491
050,20,103,"Kansas","Leavenworth County",4,52,1033,550,483
050,20,103,"Kansas","Leavenworth County",4,53,950,512,438
050,20,103,"Kansas","Leavenworth County",4,54,907,495,412
050,20,103,"Kansas","Leavenworth County",4,55,934,500,434
050,20,103,"Kansas","Leavenworth County",4,56,960,509,451
050,20,103,"Kansas","Leavenworth County",4,57,974,511,463
050,20,103,"Kansas","Leavenworth County",4,58,1009,515,494
050,20,103,"Kansas","Leavenworth County",4,59,1053,536,517
050,20,103,"Kansas","Leavenworth County",4,60,1088,544,544
050,20,103,"Kansas","Leavenworth County",4,61,1079,548,531
050,20,103,"Kansas","Leavenworth County",4,62,1014,503,511
050,20,103,"Kansas","Leavenworth County",4,63,1047,515,532
050,20,103,"Kansas","Leavenworth County",4,64,998,502,496
050,20,103,"Kansas","Leavenworth County",4,65,965,479,486
050,20,103,"Kansas","Leavenworth County",4,66,916,462,454
050,20,103,"Kansas","Leavenworth County",4,67,931,464,467
050,20,103,"Kansas","Leavenworth County",4,68,863,428,435
050,20,103,"Kansas","Leavenworth County",4,69,808,392,416
050,20,103,"Kansas","Leavenworth County",4,70,775,389,386
050,20,103,"Kansas","Leavenworth County",4,71,762,367,395
050,20,103,"Kansas","Leavenworth County",4,72,706,338,368
050,20,103,"Kansas","Leavenworth County",4,73,679,330,349
050,20,103,"Kansas","Leavenworth County",4,74,664,325,339
050,20,103,"Kansas","Leavenworth County",4,75,696,332,364
050,20,103,"Kansas","Leavenworth County",4,76,496,235,261
050,20,103,"Kansas","Leavenworth County",4,77,472,227,245
050,20,103,"Kansas","Leavenworth County",4,78,419,205,214
050,20,103,"Kansas","Leavenworth County",4,79,396,191,205
050,20,103,"Kansas","Leavenworth County",4,80,364,155,209
050,20,103,"Kansas","Leavenworth County",4,81,318,131,187
050,20,103,"Kansas","Leavenworth County",4,82,244,107,137
050,20,103,"Kansas","Leavenworth County",4,83,254,107,147
050,20,103,"Kansas","Leavenworth County",4,84,225,94,131
050,20,103,"Kansas","Leavenworth County",4,85,1315,449,866
050,20,103,"Kansas","Leavenworth County",5,0,883,441,442
050,20,103,"Kansas","Leavenworth County",5,1,957,488,469
050,20,103,"Kansas","Leavenworth County",5,2,956,539,417
050,20,103,"Kansas","Leavenworth County",5,3,1072,543,529
050,20,103,"Kansas","Leavenworth County",5,4,1131,582,549
050,20,103,"Kansas","Leavenworth County",5,5,1093,563,530
050,20,103,"Kansas","Leavenworth County",5,6,1085,591,494
050,20,103,"Kansas","Leavenworth County",5,7,1219,626,593
050,20,103,"Kansas","Leavenworth County",5,8,1144,586,558
050,20,103,"Kansas","Leavenworth County",5,9,1198,616,582
050,20,103,"Kansas","Leavenworth County",5,10,1112,597,515
050,20,103,"Kansas","Leavenworth County",5,11,1167,621,546
050,20,103,"Kansas","Leavenworth County",5,12,1086,568,518
050,20,103,"Kansas","Leavenworth County",5,13,1102,567,535
050,20,103,"Kansas","Leavenworth County",5,14,1110,553,557
050,20,103,"Kansas","Leavenworth County",5,15,1102,593,509
050,20,103,"Kansas","Leavenworth County",5,16,1134,595,539
050,20,103,"Kansas","Leavenworth County",5,17,1131,570,561
050,20,103,"Kansas","Leavenworth County",5,18,976,506,470
050,20,103,"Kansas","Leavenworth County",5,19,815,466,349
050,20,103,"Kansas","Leavenworth County",5,20,931,540,391
050,20,103,"Kansas","Leavenworth County",5,21,941,535,406
050,20,103,"Kansas","Leavenworth County",5,22,957,550,407
050,20,103,"Kansas","Leavenworth County",5,23,943,544,399
050,20,103,"Kansas","Leavenworth County",5,24,926,535,391
050,20,103,"Kansas","Leavenworth County",5,25,931,561,370
050,20,103,"Kansas","Leavenworth County",5,26,934,561,373
050,20,103,"Kansas","Leavenworth County",5,27,1018,631,387
050,20,103,"Kansas","Leavenworth County",5,28,1004,617,387
050,20,103,"Kansas","Leavenworth County",5,29,1066,643,423
050,20,103,"Kansas","Leavenworth County",5,30,1079,641,438
050,20,103,"Kansas","Leavenworth County",5,31,1088,610,478
050,20,103,"Kansas","Leavenworth County",5,32,1213,676,537
050,20,103,"Kansas","Leavenworth County",5,33,1311,714,597
050,20,103,"Kansas","Leavenworth County",5,34,1411,821,590
050,20,103,"Kansas","Leavenworth County",5,35,1338,752,586
050,20,103,"Kansas","Leavenworth County",5,36,1246,715,531
050,20,103,"Kansas","Leavenworth County",5,37,1232,685,547
050,20,103,"Kansas","Leavenworth County",5,38,1255,698,557
050,20,103,"Kansas","Leavenworth County",5,39,1260,697,563
050,20,103,"Kansas","Leavenworth County",5,40,1238,713,525
050,20,103,"Kansas","Leavenworth County",5,41,1251,700,551
050,20,103,"Kansas","Leavenworth County",5,42,1224,697,527
050,20,103,"Kansas","Leavenworth County",5,43,1193,658,535
050,20,103,"Kansas","Leavenworth County",5,44,1108,602,506
050,20,103,"Kansas","Leavenworth County",5,45,1082,603,479
050,20,103,"Kansas","Leavenworth County",5,46,1080,592,488
050,20,103,"Kansas","Leavenworth County",5,47,1014,582,432
050,20,103,"Kansas","Leavenworth County",5,48,1013,594,419
050,20,103,"Kansas","Leavenworth County",5,49,993,554,439
050,20,103,"Kansas","Leavenworth County",5,50,936,488,448
050,20,103,"Kansas","Leavenworth County",5,51,1038,557,481
050,20,103,"Kansas","Leavenworth County",5,52,1090,594,496
050,20,103,"Kansas","Leavenworth County",5,53,1016,535,481
050,20,103,"Kansas","Leavenworth County",5,54,927,486,441
050,20,103,"Kansas","Leavenworth County",5,55,903,490,413
050,20,103,"Kansas","Leavenworth County",5,56,923,489,434
050,20,103,"Kansas","Leavenworth County",5,57,962,493,469
050,20,103,"Kansas","Leavenworth County",5,58,977,511,466
050,20,103,"Kansas","Leavenworth County",5,59,1013,508,505
050,20,103,"Kansas","Leavenworth County",5,60,1042,534,508
050,20,103,"Kansas","Leavenworth County",5,61,1063,529,534
050,20,103,"Kansas","Leavenworth County",5,62,1051,531,520
050,20,103,"Kansas","Leavenworth County",5,63,1007,498,509
050,20,103,"Kansas","Leavenworth County",5,64,1029,503,526
050,20,103,"Kansas","Leavenworth County",5,65,992,488,504
050,20,103,"Kansas","Leavenworth County",5,66,953,472,481
050,20,103,"Kansas","Leavenworth County",5,67,879,442,437
050,20,103,"Kansas","Leavenworth County",5,68,930,468,462
050,20,103,"Kansas","Leavenworth County",5,69,841,415,426
050,20,103,"Kansas","Leavenworth County",5,70,792,386,406
050,20,103,"Kansas","Leavenworth County",5,71,765,388,377
050,20,103,"Kansas","Leavenworth County",5,72,744,352,392
050,20,103,"Kansas","Leavenworth County",5,73,689,338,351
050,20,103,"Kansas","Leavenworth County",5,74,670,318,352
050,20,103,"Kansas","Leavenworth County",5,75,645,315,330
050,20,103,"Kansas","Leavenworth County",5,76,677,323,354
050,20,103,"Kansas","Leavenworth County",5,77,484,225,259
050,20,103,"Kansas","Leavenworth County",5,78,451,220,231
050,20,103,"Kansas","Leavenworth County",5,79,402,195,207
050,20,103,"Kansas","Leavenworth County",5,80,403,191,212
050,20,103,"Kansas","Leavenworth County",5,81,366,146,220
050,20,103,"Kansas","Leavenworth County",5,82,280,115,165
050,20,103,"Kansas","Leavenworth County",5,83,239,103,136
050,20,103,"Kansas","Leavenworth County",5,84,225,91,134
050,20,103,"Kansas","Leavenworth County",5,85,1361,464,897
050,20,105,"Kansas","Lincoln County",1,0,24,12,12
050,20,105,"Kansas","Lincoln County",1,1,29,13,16
050,20,105,"Kansas","Lincoln County",1,2,27,16,11
050,20,105,"Kansas","Lincoln County",1,3,37,24,13
050,20,105,"Kansas","Lincoln County",1,4,34,19,15
050,20,105,"Kansas","Lincoln County",1,5,32,19,13
050,20,105,"Kansas","Lincoln County",1,6,28,16,12
050,20,105,"Kansas","Lincoln County",1,7,37,22,15
050,20,105,"Kansas","Lincoln County",1,8,42,22,20
050,20,105,"Kansas","Lincoln County",1,9,37,19,18
050,20,105,"Kansas","Lincoln County",1,10,42,22,20
050,20,105,"Kansas","Lincoln County",1,11,41,26,15
050,20,105,"Kansas","Lincoln County",1,12,45,19,26
050,20,105,"Kansas","Lincoln County",1,13,51,25,26
050,20,105,"Kansas","Lincoln County",1,14,37,22,15
050,20,105,"Kansas","Lincoln County",1,15,40,19,21
050,20,105,"Kansas","Lincoln County",1,16,43,23,20
050,20,105,"Kansas","Lincoln County",1,17,38,21,17
050,20,105,"Kansas","Lincoln County",1,18,33,13,20
050,20,105,"Kansas","Lincoln County",1,19,29,15,14
050,20,105,"Kansas","Lincoln County",1,20,30,19,11
050,20,105,"Kansas","Lincoln County",1,21,34,18,16
050,20,105,"Kansas","Lincoln County",1,22,32,16,16
050,20,105,"Kansas","Lincoln County",1,23,25,15,10
050,20,105,"Kansas","Lincoln County",1,24,25,14,11
050,20,105,"Kansas","Lincoln County",1,25,23,12,11
050,20,105,"Kansas","Lincoln County",1,26,24,15,9
050,20,105,"Kansas","Lincoln County",1,27,27,15,12
050,20,105,"Kansas","Lincoln County",1,28,22,11,11
050,20,105,"Kansas","Lincoln County",1,29,24,11,13
050,20,105,"Kansas","Lincoln County",1,30,28,14,14
050,20,105,"Kansas","Lincoln County",1,31,24,13,11
050,20,105,"Kansas","Lincoln County",1,32,24,14,10
050,20,105,"Kansas","Lincoln County",1,33,13,7,6
050,20,105,"Kansas","Lincoln County",1,34,19,10,9
050,20,105,"Kansas","Lincoln County",1,35,26,10,16
050,20,105,"Kansas","Lincoln County",1,36,34,12,22
050,20,105,"Kansas","Lincoln County",1,37,33,13,20
050,20,105,"Kansas","Lincoln County",1,38,42,21,21
050,20,105,"Kansas","Lincoln County",1,39,50,29,21
050,20,105,"Kansas","Lincoln County",1,40,38,22,16
050,20,105,"Kansas","Lincoln County",1,41,28,11,17
050,20,105,"Kansas","Lincoln County",1,42,34,18,16
050,20,105,"Kansas","Lincoln County",1,43,31,12,19
050,20,105,"Kansas","Lincoln County",1,44,28,14,14
050,20,105,"Kansas","Lincoln County",1,45,23,14,9
050,20,105,"Kansas","Lincoln County",1,46,24,14,10
050,20,105,"Kansas","Lincoln County",1,47,25,15,10
050,20,105,"Kansas","Lincoln County",1,48,34,23,11
050,20,105,"Kansas","Lincoln County",1,49,31,17,14
050,20,105,"Kansas","Lincoln County",1,50,36,16,20
050,20,105,"Kansas","Lincoln County",1,51,36,13,23
050,20,105,"Kansas","Lincoln County",1,52,30,14,16
050,20,105,"Kansas","Lincoln County",1,53,28,17,11
050,20,105,"Kansas","Lincoln County",1,54,41,20,21
050,20,105,"Kansas","Lincoln County",1,55,38,19,19
050,20,105,"Kansas","Lincoln County",1,56,46,24,22
050,20,105,"Kansas","Lincoln County",1,57,36,18,18
050,20,105,"Kansas","Lincoln County",1,58,40,23,17
050,20,105,"Kansas","Lincoln County",1,59,45,19,26
050,20,105,"Kansas","Lincoln County",1,60,53,24,29
050,20,105,"Kansas","Lincoln County",1,61,47,21,26
050,20,105,"Kansas","Lincoln County",1,62,52,29,23
050,20,105,"Kansas","Lincoln County",1,63,57,32,25
050,20,105,"Kansas","Lincoln County",1,64,54,25,29
050,20,105,"Kansas","Lincoln County",1,65,49,22,27
050,20,105,"Kansas","Lincoln County",1,66,44,18,26
050,20,105,"Kansas","Lincoln County",1,67,44,22,22
050,20,105,"Kansas","Lincoln County",1,68,49,28,21
050,20,105,"Kansas","Lincoln County",1,69,36,19,17
050,20,105,"Kansas","Lincoln County",1,70,40,25,15
050,20,105,"Kansas","Lincoln County",1,71,46,25,21
050,20,105,"Kansas","Lincoln County",1,72,48,28,20
050,20,105,"Kansas","Lincoln County",1,73,41,23,18
050,20,105,"Kansas","Lincoln County",1,74,25,13,12
050,20,105,"Kansas","Lincoln County",1,75,18,10,8
050,20,105,"Kansas","Lincoln County",1,76,25,11,14
050,20,105,"Kansas","Lincoln County",1,77,23,5,18
050,20,105,"Kansas","Lincoln County",1,78,14,4,10
050,20,105,"Kansas","Lincoln County",1,79,16,8,8
050,20,105,"Kansas","Lincoln County",1,80,14,7,7
050,20,105,"Kansas","Lincoln County",1,81,17,8,9
050,20,105,"Kansas","Lincoln County",1,82,13,6,7
050,20,105,"Kansas","Lincoln County",1,83,19,10,9
050,20,105,"Kansas","Lincoln County",1,84,13,6,7
050,20,105,"Kansas","Lincoln County",1,85,126,41,85
050,20,105,"Kansas","Lincoln County",2,0,28,15,13
050,20,105,"Kansas","Lincoln County",2,1,26,12,14
050,20,105,"Kansas","Lincoln County",2,2,28,16,12
050,20,105,"Kansas","Lincoln County",2,3,34,22,12
050,20,105,"Kansas","Lincoln County",2,4,36,21,15
050,20,105,"Kansas","Lincoln County",2,5,33,19,14
050,20,105,"Kansas","Lincoln County",2,6,30,17,13
050,20,105,"Kansas","Lincoln County",2,7,35,21,14
050,20,105,"Kansas","Lincoln County",2,8,40,21,19
050,20,105,"Kansas","Lincoln County",2,9,39,20,19
050,20,105,"Kansas","Lincoln County",2,10,41,21,20
050,20,105,"Kansas","Lincoln County",2,11,41,24,17
050,20,105,"Kansas","Lincoln County",2,12,45,21,24
050,20,105,"Kansas","Lincoln County",2,13,49,24,25
050,20,105,"Kansas","Lincoln County",2,14,40,23,17
050,20,105,"Kansas","Lincoln County",2,15,39,19,20
050,20,105,"Kansas","Lincoln County",2,16,42,22,20
050,20,105,"Kansas","Lincoln County",2,17,40,22,18
050,20,105,"Kansas","Lincoln County",2,18,32,15,17
050,20,105,"Kansas","Lincoln County",2,19,29,14,15
050,20,105,"Kansas","Lincoln County",2,20,31,19,12
050,20,105,"Kansas","Lincoln County",2,21,34,18,16
050,20,105,"Kansas","Lincoln County",2,22,32,16,16
050,20,105,"Kansas","Lincoln County",2,23,27,16,11
050,20,105,"Kansas","Lincoln County",2,24,24,13,11
050,20,105,"Kansas","Lincoln County",2,25,24,13,11
050,20,105,"Kansas","Lincoln County",2,26,25,15,10
050,20,105,"Kansas","Lincoln County",2,27,26,15,11
050,20,105,"Kansas","Lincoln County",2,28,23,12,11
050,20,105,"Kansas","Lincoln County",2,29,25,12,13
050,20,105,"Kansas","Lincoln County",2,30,27,13,14
050,20,105,"Kansas","Lincoln County",2,31,26,14,12
050,20,105,"Kansas","Lincoln County",2,32,24,14,10
050,20,105,"Kansas","Lincoln County",2,33,15,8,7
050,20,105,"Kansas","Lincoln County",2,34,19,10,9
050,20,105,"Kansas","Lincoln County",2,35,26,11,15
050,20,105,"Kansas","Lincoln County",2,36,32,12,20
050,20,105,"Kansas","Lincoln County",2,37,34,13,21
050,20,105,"Kansas","Lincoln County",2,38,41,20,21
050,20,105,"Kansas","Lincoln County",2,39,49,28,21
050,20,105,"Kansas","Lincoln County",2,40,41,23,18
050,20,105,"Kansas","Lincoln County",2,41,30,13,17
050,20,105,"Kansas","Lincoln County",2,42,32,16,16
050,20,105,"Kansas","Lincoln County",2,43,33,14,19
050,20,105,"Kansas","Lincoln County",2,44,27,13,14
050,20,105,"Kansas","Lincoln County",2,45,23,14,9
050,20,105,"Kansas","Lincoln County",2,46,24,14,10
050,20,105,"Kansas","Lincoln County",2,47,25,15,10
050,20,105,"Kansas","Lincoln County",2,48,33,22,11
050,20,105,"Kansas","Lincoln County",2,49,31,18,13
050,20,105,"Kansas","Lincoln County",2,50,34,16,18
050,20,105,"Kansas","Lincoln County",2,51,36,14,22
050,20,105,"Kansas","Lincoln County",2,52,32,14,18
050,20,105,"Kansas","Lincoln County",2,53,29,16,13
050,20,105,"Kansas","Lincoln County",2,54,39,20,19
050,20,105,"Kansas","Lincoln County",2,55,38,19,19
050,20,105,"Kansas","Lincoln County",2,56,44,23,21
050,20,105,"Kansas","Lincoln County",2,57,38,20,18
050,20,105,"Kansas","Lincoln County",2,58,39,22,17
050,20,105,"Kansas","Lincoln County",2,59,45,21,24
050,20,105,"Kansas","Lincoln County",2,60,51,23,28
050,20,105,"Kansas","Lincoln County",2,61,47,21,26
050,20,105,"Kansas","Lincoln County",2,62,51,27,24
050,20,105,"Kansas","Lincoln County",2,63,56,31,25
050,20,105,"Kansas","Lincoln County",2,64,55,27,28
050,20,105,"Kansas","Lincoln County",2,65,51,23,28
050,20,105,"Kansas","Lincoln County",2,66,46,19,27
050,20,105,"Kansas","Lincoln County",2,67,45,21,24
050,20,105,"Kansas","Lincoln County",2,68,47,26,21
050,20,105,"Kansas","Lincoln County",2,69,40,22,18
050,20,105,"Kansas","Lincoln County",2,70,37,22,15
050,20,105,"Kansas","Lincoln County",2,71,44,24,20
050,20,105,"Kansas","Lincoln County",2,72,47,27,20
050,20,105,"Kansas","Lincoln County",2,73,46,26,20
050,20,105,"Kansas","Lincoln County",2,74,27,14,13
050,20,105,"Kansas","Lincoln County",2,75,20,11,9
050,20,105,"Kansas","Lincoln County",2,76,23,11,12
050,20,105,"Kansas","Lincoln County",2,77,23,6,17
050,20,105,"Kansas","Lincoln County",2,78,17,5,12
050,20,105,"Kansas","Lincoln County",2,79,14,6,8
050,20,105,"Kansas","Lincoln County",2,80,14,8,6
050,20,105,"Kansas","Lincoln County",2,81,16,7,9
050,20,105,"Kansas","Lincoln County",2,82,14,7,7
050,20,105,"Kansas","Lincoln County",2,83,17,9,8
050,20,105,"Kansas","Lincoln County",2,84,13,6,7
050,20,105,"Kansas","Lincoln County",2,85,124,40,84
050,20,105,"Kansas","Lincoln County",3,0,22,11,11
050,20,105,"Kansas","Lincoln County",3,1,25,16,9
050,20,105,"Kansas","Lincoln County",3,2,28,14,14
050,20,105,"Kansas","Lincoln County",3,3,24,14,10
050,20,105,"Kansas","Lincoln County",3,4,35,21,14
050,20,105,"Kansas","Lincoln County",3,5,34,19,15
050,20,105,"Kansas","Lincoln County",3,6,35,20,15
050,20,105,"Kansas","Lincoln County",3,7,30,18,12
050,20,105,"Kansas","Lincoln County",3,8,33,18,15
050,20,105,"Kansas","Lincoln County",3,9,40,21,19
050,20,105,"Kansas","Lincoln County",3,10,40,21,19
050,20,105,"Kansas","Lincoln County",3,11,45,25,20
050,20,105,"Kansas","Lincoln County",3,12,39,23,16
050,20,105,"Kansas","Lincoln County",3,13,42,20,22
050,20,105,"Kansas","Lincoln County",3,14,50,25,25
050,20,105,"Kansas","Lincoln County",3,15,41,26,15
050,20,105,"Kansas","Lincoln County",3,16,40,21,19
050,20,105,"Kansas","Lincoln County",3,17,42,22,20
050,20,105,"Kansas","Lincoln County",3,18,34,18,16
050,20,105,"Kansas","Lincoln County",3,19,22,9,13
050,20,105,"Kansas","Lincoln County",3,20,31,16,15
050,20,105,"Kansas","Lincoln County",3,21,31,16,15
050,20,105,"Kansas","Lincoln County",3,22,33,16,17
050,20,105,"Kansas","Lincoln County",3,23,29,15,14
050,20,105,"Kansas","Lincoln County",3,24,37,24,13
050,20,105,"Kansas","Lincoln County",3,25,23,10,13
050,20,105,"Kansas","Lincoln County",3,26,17,9,8
050,20,105,"Kansas","Lincoln County",3,27,23,11,12
050,20,105,"Kansas","Lincoln County",3,28,24,13,11
050,20,105,"Kansas","Lincoln County",3,29,29,16,13
050,20,105,"Kansas","Lincoln County",3,30,24,12,12
050,20,105,"Kansas","Lincoln County",3,31,29,15,14
050,20,105,"Kansas","Lincoln County",3,32,27,14,13
050,20,105,"Kansas","Lincoln County",3,33,24,14,10
050,20,105,"Kansas","Lincoln County",3,34,13,6,7
050,20,105,"Kansas","Lincoln County",3,35,21,12,9
050,20,105,"Kansas","Lincoln County",3,36,23,11,12
050,20,105,"Kansas","Lincoln County",3,37,30,11,19
050,20,105,"Kansas","Lincoln County",3,38,36,13,23
050,20,105,"Kansas","Lincoln County",3,39,40,20,20
050,20,105,"Kansas","Lincoln County",3,40,51,28,23
050,20,105,"Kansas","Lincoln County",3,41,39,21,18
050,20,105,"Kansas","Lincoln County",3,42,31,14,17
050,20,105,"Kansas","Lincoln County",3,43,31,15,16
050,20,105,"Kansas","Lincoln County",3,44,34,15,19
050,20,105,"Kansas","Lincoln County",3,45,24,12,12
050,20,105,"Kansas","Lincoln County",3,46,26,17,9
050,20,105,"Kansas","Lincoln County",3,47,25,13,12
050,20,105,"Kansas","Lincoln County",3,48,23,13,10
050,20,105,"Kansas","Lincoln County",3,49,31,22,9
050,20,105,"Kansas","Lincoln County",3,50,28,17,11
050,20,105,"Kansas","Lincoln County",3,51,33,15,18
050,20,105,"Kansas","Lincoln County",3,52,36,14,22
050,20,105,"Kansas","Lincoln County",3,53,32,14,18
050,20,105,"Kansas","Lincoln County",3,54,28,16,12
050,20,105,"Kansas","Lincoln County",3,55,42,23,19
050,20,105,"Kansas","Lincoln County",3,56,38,19,19
050,20,105,"Kansas","Lincoln County",3,57,44,23,21
050,20,105,"Kansas","Lincoln County",3,58,37,20,17
050,20,105,"Kansas","Lincoln County",3,59,42,25,17
050,20,105,"Kansas","Lincoln County",3,60,41,17,24
050,20,105,"Kansas","Lincoln County",3,61,47,20,27
050,20,105,"Kansas","Lincoln County",3,62,46,19,27
050,20,105,"Kansas","Lincoln County",3,63,52,28,24
050,20,105,"Kansas","Lincoln County",3,64,54,29,25
050,20,105,"Kansas","Lincoln County",3,65,54,26,28
050,20,105,"Kansas","Lincoln County",3,66,50,22,28
050,20,105,"Kansas","Lincoln County",3,67,46,19,27
050,20,105,"Kansas","Lincoln County",3,68,43,18,25
050,20,105,"Kansas","Lincoln County",3,69,50,26,24
050,20,105,"Kansas","Lincoln County",3,70,43,23,20
050,20,105,"Kansas","Lincoln County",3,71,37,21,16
050,20,105,"Kansas","Lincoln County",3,72,44,25,19
050,20,105,"Kansas","Lincoln County",3,73,44,28,16
050,20,105,"Kansas","Lincoln County",3,74,45,26,19
050,20,105,"Kansas","Lincoln County",3,75,28,15,13
050,20,105,"Kansas","Lincoln County",3,76,21,12,9
050,20,105,"Kansas","Lincoln County",3,77,18,8,10
050,20,105,"Kansas","Lincoln County",3,78,22,7,15
050,20,105,"Kansas","Lincoln County",3,79,13,4,9
050,20,105,"Kansas","Lincoln County",3,80,15,6,9
050,20,105,"Kansas","Lincoln County",3,81,12,6,6
050,20,105,"Kansas","Lincoln County",3,82,16,8,8
050,20,105,"Kansas","Lincoln County",3,83,12,6,6
050,20,105,"Kansas","Lincoln County",3,84,16,9,7
050,20,105,"Kansas","Lincoln County",3,85,121,36,85
050,20,105,"Kansas","Lincoln County",4,0,29,13,16
050,20,105,"Kansas","Lincoln County",4,1,29,18,11
050,20,105,"Kansas","Lincoln County",4,2,24,14,10
050,20,105,"Kansas","Lincoln County",4,3,26,12,14
050,20,105,"Kansas","Lincoln County",4,4,23,12,11
050,20,105,"Kansas","Lincoln County",4,5,31,19,12
050,20,105,"Kansas","Lincoln County",4,6,35,23,12
050,20,105,"Kansas","Lincoln County",4,7,31,18,13
050,20,105,"Kansas","Lincoln County",4,8,31,18,13
050,20,105,"Kansas","Lincoln County",4,9,32,19,13
050,20,105,"Kansas","Lincoln County",4,10,38,20,18
050,20,105,"Kansas","Lincoln County",4,11,42,23,19
050,20,105,"Kansas","Lincoln County",4,12,45,24,21
050,20,105,"Kansas","Lincoln County",4,13,41,24,17
050,20,105,"Kansas","Lincoln County",4,14,42,18,24
050,20,105,"Kansas","Lincoln County",4,15,51,26,25
050,20,105,"Kansas","Lincoln County",4,16,42,27,15
050,20,105,"Kansas","Lincoln County",4,17,43,23,20
050,20,105,"Kansas","Lincoln County",4,18,34,18,16
050,20,105,"Kansas","Lincoln County",4,19,28,17,11
050,20,105,"Kansas","Lincoln County",4,20,25,11,14
050,20,105,"Kansas","Lincoln County",4,21,30,12,18
050,20,105,"Kansas","Lincoln County",4,22,26,14,12
050,20,105,"Kansas","Lincoln County",4,23,34,15,19
050,20,105,"Kansas","Lincoln County",4,24,25,14,11
050,20,105,"Kansas","Lincoln County",4,25,29,19,10
050,20,105,"Kansas","Lincoln County",4,26,23,11,12
050,20,105,"Kansas","Lincoln County",4,27,17,9,8
050,20,105,"Kansas","Lincoln County",4,28,23,10,13
050,20,105,"Kansas","Lincoln County",4,29,29,19,10
050,20,105,"Kansas","Lincoln County",4,30,33,16,17
050,20,105,"Kansas","Lincoln County",4,31,24,12,12
050,20,105,"Kansas","Lincoln County",4,32,30,15,15
050,20,105,"Kansas","Lincoln County",4,33,26,13,13
050,20,105,"Kansas","Lincoln County",4,34,26,15,11
050,20,105,"Kansas","Lincoln County",4,35,18,10,8
050,20,105,"Kansas","Lincoln County",4,36,23,13,10
050,20,105,"Kansas","Lincoln County",4,37,26,14,12
050,20,105,"Kansas","Lincoln County",4,38,28,10,18
050,20,105,"Kansas","Lincoln County",4,39,36,13,23
050,20,105,"Kansas","Lincoln County",4,40,37,17,20
050,20,105,"Kansas","Lincoln County",4,41,47,26,21
050,20,105,"Kansas","Lincoln County",4,42,40,22,18
050,20,105,"Kansas","Lincoln County",4,43,32,16,16
050,20,105,"Kansas","Lincoln County",4,44,31,15,16
050,20,105,"Kansas","Lincoln County",4,45,40,18,22
050,20,105,"Kansas","Lincoln County",4,46,23,12,11
050,20,105,"Kansas","Lincoln County",4,47,26,17,9
050,20,105,"Kansas","Lincoln County",4,48,26,13,13
050,20,105,"Kansas","Lincoln County",4,49,23,13,10
050,20,105,"Kansas","Lincoln County",4,50,31,21,10
050,20,105,"Kansas","Lincoln County",4,51,33,22,11
050,20,105,"Kansas","Lincoln County",4,52,32,15,17
050,20,105,"Kansas","Lincoln County",4,53,34,13,21
050,20,105,"Kansas","Lincoln County",4,54,29,13,16
050,20,105,"Kansas","Lincoln County",4,55,31,19,12
050,20,105,"Kansas","Lincoln County",4,56,39,19,20
050,20,105,"Kansas","Lincoln County",4,57,38,19,19
050,20,105,"Kansas","Lincoln County",4,58,45,24,21
050,20,105,"Kansas","Lincoln County",4,59,41,20,21
050,20,105,"Kansas","Lincoln County",4,60,41,25,16
050,20,105,"Kansas","Lincoln County",4,61,41,17,24
050,20,105,"Kansas","Lincoln County",4,62,48,20,28
050,20,105,"Kansas","Lincoln County",4,63,44,18,26
050,20,105,"Kansas","Lincoln County",4,64,52,27,25
050,20,105,"Kansas","Lincoln County",4,65,54,28,26
050,20,105,"Kansas","Lincoln County",4,66,54,27,27
050,20,105,"Kansas","Lincoln County",4,67,51,23,28
050,20,105,"Kansas","Lincoln County",4,68,44,18,26
050,20,105,"Kansas","Lincoln County",4,69,42,18,24
050,20,105,"Kansas","Lincoln County",4,70,49,26,23
050,20,105,"Kansas","Lincoln County",4,71,46,25,21
050,20,105,"Kansas","Lincoln County",4,72,36,21,15
050,20,105,"Kansas","Lincoln County",4,73,45,26,19
050,20,105,"Kansas","Lincoln County",4,74,45,29,16
050,20,105,"Kansas","Lincoln County",4,75,41,24,17
050,20,105,"Kansas","Lincoln County",4,76,28,15,13
050,20,105,"Kansas","Lincoln County",4,77,17,10,7
050,20,105,"Kansas","Lincoln County",4,78,19,9,10
050,20,105,"Kansas","Lincoln County",4,79,21,6,15
050,20,105,"Kansas","Lincoln County",4,80,17,5,12
050,20,105,"Kansas","Lincoln County",4,81,14,5,9
050,20,105,"Kansas","Lincoln County",4,82,14,8,6
050,20,105,"Kansas","Lincoln County",4,83,15,7,8
050,20,105,"Kansas","Lincoln County",4,84,12,6,6
050,20,105,"Kansas","Lincoln County",4,85,115,36,79
050,20,105,"Kansas","Lincoln County",5,0,29,13,16
050,20,105,"Kansas","Lincoln County",5,1,34,16,18
050,20,105,"Kansas","Lincoln County",5,2,25,15,10
050,20,105,"Kansas","Lincoln County",5,3,24,14,10
050,20,105,"Kansas","Lincoln County",5,4,25,14,11
050,20,105,"Kansas","Lincoln County",5,5,22,12,10
050,20,105,"Kansas","Lincoln County",5,6,34,20,14
050,20,105,"Kansas","Lincoln County",5,7,34,23,11
050,20,105,"Kansas","Lincoln County",5,8,38,23,15
050,20,105,"Kansas","Lincoln County",5,9,29,18,11
050,20,105,"Kansas","Lincoln County",5,10,32,19,13
050,20,105,"Kansas","Lincoln County",5,11,41,19,22
050,20,105,"Kansas","Lincoln County",5,12,40,20,20
050,20,105,"Kansas","Lincoln County",5,13,44,25,19
050,20,105,"Kansas","Lincoln County",5,14,42,23,19
050,20,105,"Kansas","Lincoln County",5,15,43,20,23
050,20,105,"Kansas","Lincoln County",5,16,51,25,26
050,20,105,"Kansas","Lincoln County",5,17,47,29,18
050,20,105,"Kansas","Lincoln County",5,18,36,21,15
050,20,105,"Kansas","Lincoln County",5,19,27,14,13
050,20,105,"Kansas","Lincoln County",5,20,33,20,13
050,20,105,"Kansas","Lincoln County",5,21,24,13,11
050,20,105,"Kansas","Lincoln County",5,22,33,16,17
050,20,105,"Kansas","Lincoln County",5,23,24,15,9
050,20,105,"Kansas","Lincoln County",5,24,26,12,14
050,20,105,"Kansas","Lincoln County",5,25,29,15,14
050,20,105,"Kansas","Lincoln County",5,26,27,17,10
050,20,105,"Kansas","Lincoln County",5,27,21,10,11
050,20,105,"Kansas","Lincoln County",5,28,20,12,8
050,20,105,"Kansas","Lincoln County",5,29,19,10,9
050,20,105,"Kansas","Lincoln County",5,30,28,18,10
050,20,105,"Kansas","Lincoln County",5,31,39,18,21
050,20,105,"Kansas","Lincoln County",5,32,23,10,13
050,20,105,"Kansas","Lincoln County",5,33,30,15,15
050,20,105,"Kansas","Lincoln County",5,34,28,14,14
050,20,105,"Kansas","Lincoln County",5,35,28,16,12
050,20,105,"Kansas","Lincoln County",5,36,21,12,9
050,20,105,"Kansas","Lincoln County",5,37,22,12,10
050,20,105,"Kansas","Lincoln County",5,38,25,15,10
050,20,105,"Kansas","Lincoln County",5,39,30,11,19
050,20,105,"Kansas","Lincoln County",5,40,36,15,21
050,20,105,"Kansas","Lincoln County",5,41,37,18,19
050,20,105,"Kansas","Lincoln County",5,42,48,28,20
050,20,105,"Kansas","Lincoln County",5,43,42,20,22
050,20,105,"Kansas","Lincoln County",5,44,33,16,17
050,20,105,"Kansas","Lincoln County",5,45,32,15,17
050,20,105,"Kansas","Lincoln County",5,46,41,18,23
050,20,105,"Kansas","Lincoln County",5,47,24,12,12
050,20,105,"Kansas","Lincoln County",5,48,26,16,10
050,20,105,"Kansas","Lincoln County",5,49,26,13,13
050,20,105,"Kansas","Lincoln County",5,50,20,12,8
050,20,105,"Kansas","Lincoln County",5,51,30,20,10
050,20,105,"Kansas","Lincoln County",5,52,32,21,11
050,20,105,"Kansas","Lincoln County",5,53,33,15,18
050,20,105,"Kansas","Lincoln County",5,54,36,16,20
050,20,105,"Kansas","Lincoln County",5,55,32,15,17
050,20,105,"Kansas","Lincoln County",5,56,32,20,12
050,20,105,"Kansas","Lincoln County",5,57,39,19,20
050,20,105,"Kansas","Lincoln County",5,58,37,19,18
050,20,105,"Kansas","Lincoln County",5,59,44,22,22
050,20,105,"Kansas","Lincoln County",5,60,40,20,20
050,20,105,"Kansas","Lincoln County",5,61,40,25,15
050,20,105,"Kansas","Lincoln County",5,62,41,19,22
050,20,105,"Kansas","Lincoln County",5,63,48,20,28
050,20,105,"Kansas","Lincoln County",5,64,41,17,24
050,20,105,"Kansas","Lincoln County",5,65,51,26,25
050,20,105,"Kansas","Lincoln County",5,66,55,28,27
050,20,105,"Kansas","Lincoln County",5,67,53,27,26
050,20,105,"Kansas","Lincoln County",5,68,52,23,29
050,20,105,"Kansas","Lincoln County",5,69,43,19,24
050,20,105,"Kansas","Lincoln County",5,70,43,18,25
050,20,105,"Kansas","Lincoln County",5,71,48,26,22
050,20,105,"Kansas","Lincoln County",5,72,48,27,21
050,20,105,"Kansas","Lincoln County",5,73,37,21,16
050,20,105,"Kansas","Lincoln County",5,74,43,25,18
050,20,105,"Kansas","Lincoln County",5,75,43,29,14
050,20,105,"Kansas","Lincoln County",5,76,37,20,17
050,20,105,"Kansas","Lincoln County",5,77,24,13,11
050,20,105,"Kansas","Lincoln County",5,78,18,11,7
050,20,105,"Kansas","Lincoln County",5,79,17,8,9
050,20,105,"Kansas","Lincoln County",5,80,23,7,16
050,20,105,"Kansas","Lincoln County",5,81,19,6,13
050,20,105,"Kansas","Lincoln County",5,82,15,6,9
050,20,105,"Kansas","Lincoln County",5,83,13,7,6
050,20,105,"Kansas","Lincoln County",5,84,15,7,8
050,20,105,"Kansas","Lincoln County",5,85,106,33,73
050,20,107,"Kansas","Linn County",1,0,94,48,46
050,20,107,"Kansas","Linn County",1,1,99,50,49
050,20,107,"Kansas","Linn County",1,2,95,50,45
050,20,107,"Kansas","Linn County",1,3,95,54,41
050,20,107,"Kansas","Linn County",1,4,92,44,48
050,20,107,"Kansas","Linn County",1,5,110,65,45
050,20,107,"Kansas","Linn County",1,6,119,70,49
050,20,107,"Kansas","Linn County",1,7,91,47,44
050,20,107,"Kansas","Linn County",1,8,113,62,51
050,20,107,"Kansas","Linn County",1,9,120,66,54
050,20,107,"Kansas","Linn County",1,10,127,59,68
050,20,107,"Kansas","Linn County",1,11,126,62,64
050,20,107,"Kansas","Linn County",1,12,145,71,74
050,20,107,"Kansas","Linn County",1,13,137,70,67
050,20,107,"Kansas","Linn County",1,14,129,65,64
050,20,107,"Kansas","Linn County",1,15,135,69,66
050,20,107,"Kansas","Linn County",1,16,139,62,77
050,20,107,"Kansas","Linn County",1,17,141,72,69
050,20,107,"Kansas","Linn County",1,18,126,67,59
050,20,107,"Kansas","Linn County",1,19,90,49,41
050,20,107,"Kansas","Linn County",1,20,95,56,39
050,20,107,"Kansas","Linn County",1,21,97,45,52
050,20,107,"Kansas","Linn County",1,22,88,43,45
050,20,107,"Kansas","Linn County",1,23,82,46,36
050,20,107,"Kansas","Linn County",1,24,73,41,32
050,20,107,"Kansas","Linn County",1,25,82,44,38
050,20,107,"Kansas","Linn County",1,26,77,49,28
050,20,107,"Kansas","Linn County",1,27,74,44,30
050,20,107,"Kansas","Linn County",1,28,72,38,34
050,20,107,"Kansas","Linn County",1,29,94,46,48
050,20,107,"Kansas","Linn County",1,30,94,43,51
050,20,107,"Kansas","Linn County",1,31,89,44,45
050,20,107,"Kansas","Linn County",1,32,85,44,41
050,20,107,"Kansas","Linn County",1,33,90,47,43
050,20,107,"Kansas","Linn County",1,34,97,43,54
050,20,107,"Kansas","Linn County",1,35,84,35,49
050,20,107,"Kansas","Linn County",1,36,97,44,53
050,20,107,"Kansas","Linn County",1,37,105,56,49
050,20,107,"Kansas","Linn County",1,38,111,56,55
050,20,107,"Kansas","Linn County",1,39,119,66,53
050,20,107,"Kansas","Linn County",1,40,109,58,51
050,20,107,"Kansas","Linn County",1,41,110,60,50
050,20,107,"Kansas","Linn County",1,42,114,57,57
050,20,107,"Kansas","Linn County",1,43,115,59,56
050,20,107,"Kansas","Linn County",1,44,142,73,69
050,20,107,"Kansas","Linn County",1,45,110,57,53
050,20,107,"Kansas","Linn County",1,46,111,63,48
050,20,107,"Kansas","Linn County",1,47,101,53,48
050,20,107,"Kansas","Linn County",1,48,116,60,56
050,20,107,"Kansas","Linn County",1,49,119,58,61
050,20,107,"Kansas","Linn County",1,50,129,63,66
050,20,107,"Kansas","Linn County",1,51,109,56,53
050,20,107,"Kansas","Linn County",1,52,120,58,62
050,20,107,"Kansas","Linn County",1,53,128,61,67
050,20,107,"Kansas","Linn County",1,54,138,66,72
050,20,107,"Kansas","Linn County",1,55,155,83,72
050,20,107,"Kansas","Linn County",1,56,151,79,72
050,20,107,"Kansas","Linn County",1,57,156,66,90
050,20,107,"Kansas","Linn County",1,58,181,92,89
050,20,107,"Kansas","Linn County",1,59,176,101,75
050,20,107,"Kansas","Linn County",1,60,170,97,73
050,20,107,"Kansas","Linn County",1,61,144,86,58
050,20,107,"Kansas","Linn County",1,62,146,81,65
050,20,107,"Kansas","Linn County",1,63,142,72,70
050,20,107,"Kansas","Linn County",1,64,132,66,66
050,20,107,"Kansas","Linn County",1,65,131,61,70
050,20,107,"Kansas","Linn County",1,66,136,63,73
050,20,107,"Kansas","Linn County",1,67,145,72,73
050,20,107,"Kansas","Linn County",1,68,149,76,73
050,20,107,"Kansas","Linn County",1,69,128,76,52
050,20,107,"Kansas","Linn County",1,70,110,51,59
050,20,107,"Kansas","Linn County",1,71,139,61,78
050,20,107,"Kansas","Linn County",1,72,139,76,63
050,20,107,"Kansas","Linn County",1,73,121,63,58
050,20,107,"Kansas","Linn County",1,74,84,42,42
050,20,107,"Kansas","Linn County",1,75,86,41,45
050,20,107,"Kansas","Linn County",1,76,91,49,42
050,20,107,"Kansas","Linn County",1,77,92,54,38
050,20,107,"Kansas","Linn County",1,78,68,37,31
050,20,107,"Kansas","Linn County",1,79,61,30,31
050,20,107,"Kansas","Linn County",1,80,61,26,35
050,20,107,"Kansas","Linn County",1,81,60,26,34
050,20,107,"Kansas","Linn County",1,82,36,16,20
050,20,107,"Kansas","Linn County",1,83,35,18,17
050,20,107,"Kansas","Linn County",1,84,43,22,21
050,20,107,"Kansas","Linn County",1,85,225,105,120
050,20,107,"Kansas","Linn County",2,0,97,48,49
050,20,107,"Kansas","Linn County",2,1,98,50,48
050,20,107,"Kansas","Linn County",2,2,96,50,46
050,20,107,"Kansas","Linn County",2,3,93,51,42
050,20,107,"Kansas","Linn County",2,4,95,48,47
050,20,107,"Kansas","Linn County",2,5,105,59,46
050,20,107,"Kansas","Linn County",2,6,117,69,48
050,20,107,"Kansas","Linn County",2,7,98,52,46
050,20,107,"Kansas","Linn County",2,8,108,59,49
050,20,107,"Kansas","Linn County",2,9,119,65,54
050,20,107,"Kansas","Linn County",2,10,124,60,64
050,20,107,"Kansas","Linn County",2,11,127,62,65
050,20,107,"Kansas","Linn County",2,12,139,68,71
050,20,107,"Kansas","Linn County",2,13,136,69,67
050,20,107,"Kansas","Linn County",2,14,131,67,64
050,20,107,"Kansas","Linn County",2,15,134,69,65
050,20,107,"Kansas","Linn County",2,16,138,62,76
050,20,107,"Kansas","Linn County",2,17,141,70,71
050,20,107,"Kansas","Linn County",2,18,121,64,57
050,20,107,"Kansas","Linn County",2,19,93,50,43
050,20,107,"Kansas","Linn County",2,20,96,54,42
050,20,107,"Kansas","Linn County",2,21,96,47,49
050,20,107,"Kansas","Linn County",2,22,92,46,46
050,20,107,"Kansas","Linn County",2,23,82,45,37
050,20,107,"Kansas","Linn County",2,24,75,42,33
050,20,107,"Kansas","Linn County",2,25,79,44,35
050,20,107,"Kansas","Linn County",2,26,78,47,31
050,20,107,"Kansas","Linn County",2,27,74,45,29
050,20,107,"Kansas","Linn County",2,28,73,40,33
050,20,107,"Kansas","Linn County",2,29,88,44,44
050,20,107,"Kansas","Linn County",2,30,95,44,51
050,20,107,"Kansas","Linn County",2,31,93,45,48
050,20,107,"Kansas","Linn County",2,32,86,45,41
050,20,107,"Kansas","Linn County",2,33,87,47,40
050,20,107,"Kansas","Linn County",2,34,97,46,51
050,20,107,"Kansas","Linn County",2,35,88,38,50
050,20,107,"Kansas","Linn County",2,36,92,41,51
050,20,107,"Kansas","Linn County",2,37,102,53,49
050,20,107,"Kansas","Linn County",2,38,109,56,53
050,20,107,"Kansas","Linn County",2,39,116,63,53
050,20,107,"Kansas","Linn County",2,40,112,61,51
050,20,107,"Kansas","Linn County",2,41,109,59,50
050,20,107,"Kansas","Linn County",2,42,112,57,55
050,20,107,"Kansas","Linn County",2,43,117,59,58
050,20,107,"Kansas","Linn County",2,44,133,68,65
050,20,107,"Kansas","Linn County",2,45,118,62,56
050,20,107,"Kansas","Linn County",2,46,111,62,49
050,20,107,"Kansas","Linn County",2,47,103,55,48
050,20,107,"Kansas","Linn County",2,48,113,59,54
050,20,107,"Kansas","Linn County",2,49,120,60,60
050,20,107,"Kansas","Linn County",2,50,127,62,65
050,20,107,"Kansas","Linn County",2,51,113,57,56
050,20,107,"Kansas","Linn County",2,52,120,58,62
050,20,107,"Kansas","Linn County",2,53,125,60,65
050,20,107,"Kansas","Linn County",2,54,137,67,70
050,20,107,"Kansas","Linn County",2,55,152,79,73
050,20,107,"Kansas","Linn County",2,56,153,80,73
050,20,107,"Kansas","Linn County",2,57,158,71,87
050,20,107,"Kansas","Linn County",2,58,176,87,89
050,20,107,"Kansas","Linn County",2,59,180,101,79
050,20,107,"Kansas","Linn County",2,60,173,97,76
050,20,107,"Kansas","Linn County",2,61,148,89,59
050,20,107,"Kansas","Linn County",2,62,146,83,63
050,20,107,"Kansas","Linn County",2,63,146,76,70
050,20,107,"Kansas","Linn County",2,64,133,67,66
050,20,107,"Kansas","Linn County",2,65,131,62,69
050,20,107,"Kansas","Linn County",2,66,133,63,70
050,20,107,"Kansas","Linn County",2,67,143,70,73
050,20,107,"Kansas","Linn County",2,68,148,75,73
050,20,107,"Kansas","Linn County",2,69,134,77,57
050,20,107,"Kansas","Linn County",2,70,113,56,57
050,20,107,"Kansas","Linn County",2,71,132,59,73
050,20,107,"Kansas","Linn County",2,72,134,70,64
050,20,107,"Kansas","Linn County",2,73,131,69,62
050,20,107,"Kansas","Linn County",2,74,88,45,43
050,20,107,"Kansas","Linn County",2,75,84,40,44
050,20,107,"Kansas","Linn County",2,76,88,46,42
050,20,107,"Kansas","Linn County",2,77,93,54,39
050,20,107,"Kansas","Linn County",2,78,71,40,31
050,20,107,"Kansas","Linn County",2,79,61,31,30
050,20,107,"Kansas","Linn County",2,80,59,26,33
050,20,107,"Kansas","Linn County",2,81,58,25,33
050,20,107,"Kansas","Linn County",2,82,41,18,23
050,20,107,"Kansas","Linn County",2,83,32,16,16
050,20,107,"Kansas","Linn County",2,84,42,22,20
050,20,107,"Kansas","Linn County",2,85,228,107,121
050,20,107,"Kansas","Linn County",3,0,99,47,52
050,20,107,"Kansas","Linn County",3,1,106,51,55
050,20,107,"Kansas","Linn County",3,2,106,51,55
050,20,107,"Kansas","Linn County",3,3,104,54,50
050,20,107,"Kansas","Linn County",3,4,98,48,50
050,20,107,"Kansas","Linn County",3,5,98,50,48
050,20,107,"Kansas","Linn County",3,6,121,61,60
050,20,107,"Kansas","Linn County",3,7,121,70,51
050,20,107,"Kansas","Linn County",3,8,107,63,44
050,20,107,"Kansas","Linn County",3,9,114,60,54
050,20,107,"Kansas","Linn County",3,10,120,67,53
050,20,107,"Kansas","Linn County",3,11,128,61,67
050,20,107,"Kansas","Linn County",3,12,133,65,68
050,20,107,"Kansas","Linn County",3,13,143,66,77
050,20,107,"Kansas","Linn County",3,14,136,69,67
050,20,107,"Kansas","Linn County",3,15,143,71,72
050,20,107,"Kansas","Linn County",3,16,130,63,67
050,20,107,"Kansas","Linn County",3,17,136,63,73
050,20,107,"Kansas","Linn County",3,18,120,61,59
050,20,107,"Kansas","Linn County",3,19,91,49,42
050,20,107,"Kansas","Linn County",3,20,90,51,39
050,20,107,"Kansas","Linn County",3,21,97,52,45
050,20,107,"Kansas","Linn County",3,22,110,54,56
050,20,107,"Kansas","Linn County",3,23,98,48,50
050,20,107,"Kansas","Linn County",3,24,80,41,39
050,20,107,"Kansas","Linn County",3,25,90,51,39
050,20,107,"Kansas","Linn County",3,26,84,39,45
050,20,107,"Kansas","Linn County",3,27,78,45,33
050,20,107,"Kansas","Linn County",3,28,74,42,32
050,20,107,"Kansas","Linn County",3,29,89,47,42
050,20,107,"Kansas","Linn County",3,30,89,43,46
050,20,107,"Kansas","Linn County",3,31,100,44,56
050,20,107,"Kansas","Linn County",3,32,93,44,49
050,20,107,"Kansas","Linn County",3,33,91,48,43
050,20,107,"Kansas","Linn County",3,34,89,50,39
050,20,107,"Kansas","Linn County",3,35,100,49,51
050,20,107,"Kansas","Linn County",3,36,107,47,60
050,20,107,"Kansas","Linn County",3,37,96,43,53
050,20,107,"Kansas","Linn County",3,38,101,53,48
050,20,107,"Kansas","Linn County",3,39,114,58,56
050,20,107,"Kansas","Linn County",3,40,112,65,47
050,20,107,"Kansas","Linn County",3,41,112,61,51
050,20,107,"Kansas","Linn County",3,42,112,57,55
050,20,107,"Kansas","Linn County",3,43,116,58,58
050,20,107,"Kansas","Linn County",3,44,125,60,65
050,20,107,"Kansas","Linn County",3,45,133,70,63
050,20,107,"Kansas","Linn County",3,46,121,61,60
050,20,107,"Kansas","Linn County",3,47,113,64,49
050,20,107,"Kansas","Linn County",3,48,105,58,47
050,20,107,"Kansas","Linn County",3,49,119,61,58
050,20,107,"Kansas","Linn County",3,50,124,60,64
050,20,107,"Kansas","Linn County",3,51,126,65,61
050,20,107,"Kansas","Linn County",3,52,114,57,57
050,20,107,"Kansas","Linn County",3,53,114,55,59
050,20,107,"Kansas","Linn County",3,54,127,66,61
050,20,107,"Kansas","Linn County",3,55,134,64,70
050,20,107,"Kansas","Linn County",3,56,155,78,77
050,20,107,"Kansas","Linn County",3,57,153,81,72
050,20,107,"Kansas","Linn County",3,58,169,75,94
050,20,107,"Kansas","Linn County",3,59,179,86,93
050,20,107,"Kansas","Linn County",3,60,183,102,81
050,20,107,"Kansas","Linn County",3,61,172,96,76
050,20,107,"Kansas","Linn County",3,62,143,85,58
050,20,107,"Kansas","Linn County",3,63,149,79,70
050,20,107,"Kansas","Linn County",3,64,150,80,70
050,20,107,"Kansas","Linn County",3,65,137,68,69
050,20,107,"Kansas","Linn County",3,66,137,69,68
050,20,107,"Kansas","Linn County",3,67,133,62,71
050,20,107,"Kansas","Linn County",3,68,138,62,76
050,20,107,"Kansas","Linn County",3,69,141,72,69
050,20,107,"Kansas","Linn County",3,70,125,71,54
050,20,107,"Kansas","Linn County",3,71,102,53,49
050,20,107,"Kansas","Linn County",3,72,124,54,70
050,20,107,"Kansas","Linn County",3,73,125,63,62
050,20,107,"Kansas","Linn County",3,74,127,67,60
050,20,107,"Kansas","Linn County",3,75,77,38,39
050,20,107,"Kansas","Linn County",3,76,79,37,42
050,20,107,"Kansas","Linn County",3,77,80,44,36
050,20,107,"Kansas","Linn County",3,78,88,49,39
050,20,107,"Kansas","Linn County",3,79,66,37,29
050,20,107,"Kansas","Linn County",3,80,60,31,29
050,20,107,"Kansas","Linn County",3,81,56,24,32
050,20,107,"Kansas","Linn County",3,82,55,24,31
050,20,107,"Kansas","Linn County",3,83,40,17,23
050,20,107,"Kansas","Linn County",3,84,28,13,15
050,20,107,"Kansas","Linn County",3,85,238,114,124
050,20,107,"Kansas","Linn County",4,0,87,48,39
050,20,107,"Kansas","Linn County",4,1,116,62,54
050,20,107,"Kansas","Linn County",4,2,109,52,57
050,20,107,"Kansas","Linn County",4,3,119,58,61
050,20,107,"Kansas","Linn County",4,4,108,58,50
050,20,107,"Kansas","Linn County",4,5,99,53,46
050,20,107,"Kansas","Linn County",4,6,108,58,50
050,20,107,"Kansas","Linn County",4,7,120,64,56
050,20,107,"Kansas","Linn County",4,8,118,70,48
050,20,107,"Kansas","Linn County",4,9,109,60,49
050,20,107,"Kansas","Linn County",4,10,120,64,56
050,20,107,"Kansas","Linn County",4,11,114,69,45
050,20,107,"Kansas","Linn County",4,12,129,60,69
050,20,107,"Kansas","Linn County",4,13,131,62,69
050,20,107,"Kansas","Linn County",4,14,147,71,76
050,20,107,"Kansas","Linn County",4,15,138,72,66
050,20,107,"Kansas","Linn County",4,16,147,74,73
050,20,107,"Kansas","Linn County",4,17,133,64,69
050,20,107,"Kansas","Linn County",4,18,112,54,58
050,20,107,"Kansas","Linn County",4,19,91,46,45
050,20,107,"Kansas","Linn County",4,20,83,45,38
050,20,107,"Kansas","Linn County",4,21,94,50,44
050,20,107,"Kansas","Linn County",4,22,102,50,52
050,20,107,"Kansas","Linn County",4,23,111,53,58
050,20,107,"Kansas","Linn County",4,24,98,44,54
050,20,107,"Kansas","Linn County",4,25,85,40,45
050,20,107,"Kansas","Linn County",4,26,99,60,39
050,20,107,"Kansas","Linn County",4,27,68,29,39
050,20,107,"Kansas","Linn County",4,28,86,49,37
050,20,107,"Kansas","Linn County",4,29,77,41,36
050,20,107,"Kansas","Linn County",4,30,89,48,41
050,20,107,"Kansas","Linn County",4,31,97,50,47
050,20,107,"Kansas","Linn County",4,32,105,44,61
050,20,107,"Kansas","Linn County",4,33,100,44,56
050,20,107,"Kansas","Linn County",4,34,90,48,42
050,20,107,"Kansas","Linn County",4,35,103,56,47
050,20,107,"Kansas","Linn County",4,36,103,52,51
050,20,107,"Kansas","Linn County",4,37,99,44,55
050,20,107,"Kansas","Linn County",4,38,93,40,53
050,20,107,"Kansas","Linn County",4,39,104,53,51
050,20,107,"Kansas","Linn County",4,40,114,58,56
050,20,107,"Kansas","Linn County",4,41,120,69,51
050,20,107,"Kansas","Linn County",4,42,115,62,53
050,20,107,"Kansas","Linn County",4,43,116,56,60
050,20,107,"Kansas","Linn County",4,44,114,53,61
050,20,107,"Kansas","Linn County",4,45,125,60,65
050,20,107,"Kansas","Linn County",4,46,134,71,63
050,20,107,"Kansas","Linn County",4,47,119,59,60
050,20,107,"Kansas","Linn County",4,48,113,65,48
050,20,107,"Kansas","Linn County",4,49,105,61,44
050,20,107,"Kansas","Linn County",4,50,124,64,60
050,20,107,"Kansas","Linn County",4,51,121,65,56
050,20,107,"Kansas","Linn County",4,52,129,68,61
050,20,107,"Kansas","Linn County",4,53,112,54,58
050,20,107,"Kansas","Linn County",4,54,116,55,61
050,20,107,"Kansas","Linn County",4,55,133,75,58
050,20,107,"Kansas","Linn County",4,56,134,62,72
050,20,107,"Kansas","Linn County",4,57,156,75,81
050,20,107,"Kansas","Linn County",4,58,158,85,73
050,20,107,"Kansas","Linn County",4,59,171,78,93
050,20,107,"Kansas","Linn County",4,60,180,83,97
050,20,107,"Kansas","Linn County",4,61,168,88,80
050,20,107,"Kansas","Linn County",4,62,173,96,77
050,20,107,"Kansas","Linn County",4,63,148,93,55
050,20,107,"Kansas","Linn County",4,64,146,77,69
050,20,107,"Kansas","Linn County",4,65,155,81,74
050,20,107,"Kansas","Linn County",4,66,140,67,73
050,20,107,"Kansas","Linn County",4,67,138,65,73
050,20,107,"Kansas","Linn County",4,68,132,62,70
050,20,107,"Kansas","Linn County",4,69,139,63,76
050,20,107,"Kansas","Linn County",4,70,130,63,67
050,20,107,"Kansas","Linn County",4,71,121,65,56
050,20,107,"Kansas","Linn County",4,72,103,52,51
050,20,107,"Kansas","Linn County",4,73,115,48,67
050,20,107,"Kansas","Linn County",4,74,121,62,59
050,20,107,"Kansas","Linn County",4,75,116,60,56
050,20,107,"Kansas","Linn County",4,76,69,35,34
050,20,107,"Kansas","Linn County",4,77,79,37,42
050,20,107,"Kansas","Linn County",4,78,75,43,32
050,20,107,"Kansas","Linn County",4,79,79,42,37
050,20,107,"Kansas","Linn County",4,80,63,34,29
050,20,107,"Kansas","Linn County",4,81,57,29,28
050,20,107,"Kansas","Linn County",4,82,53,21,32
050,20,107,"Kansas","Linn County",4,83,48,20,28
050,20,107,"Kansas","Linn County",4,84,42,19,23
050,20,107,"Kansas","Linn County",4,85,217,101,116
050,20,107,"Kansas","Linn County",5,0,87,48,39
050,20,107,"Kansas","Linn County",5,1,94,55,39
050,20,107,"Kansas","Linn County",5,2,119,63,56
050,20,107,"Kansas","Linn County",5,3,108,54,54
050,20,107,"Kansas","Linn County",5,4,116,62,54
050,20,107,"Kansas","Linn County",5,5,116,61,55
050,20,107,"Kansas","Linn County",5,6,104,53,51
050,20,107,"Kansas","Linn County",5,7,113,58,55
050,20,107,"Kansas","Linn County",5,8,131,72,59
050,20,107,"Kansas","Linn County",5,9,121,72,49
050,20,107,"Kansas","Linn County",5,10,111,59,52
050,20,107,"Kansas","Linn County",5,11,128,68,60
050,20,107,"Kansas","Linn County",5,12,113,66,47
050,20,107,"Kansas","Linn County",5,13,144,66,78
050,20,107,"Kansas","Linn County",5,14,132,64,68
050,20,107,"Kansas","Linn County",5,15,142,65,77
050,20,107,"Kansas","Linn County",5,16,144,75,69
050,20,107,"Kansas","Linn County",5,17,144,73,71
050,20,107,"Kansas","Linn County",5,18,111,57,54
050,20,107,"Kansas","Linn County",5,19,88,46,42
050,20,107,"Kansas","Linn County",5,20,93,48,45
050,20,107,"Kansas","Linn County",5,21,85,42,43
050,20,107,"Kansas","Linn County",5,22,95,47,48
050,20,107,"Kansas","Linn County",5,23,90,48,42
050,20,107,"Kansas","Linn County",5,24,103,48,55
050,20,107,"Kansas","Linn County",5,25,99,44,55
050,20,107,"Kansas","Linn County",5,26,90,39,51
050,20,107,"Kansas","Linn County",5,27,96,57,39
050,20,107,"Kansas","Linn County",5,28,77,34,43
050,20,107,"Kansas","Linn County",5,29,86,49,37
050,20,107,"Kansas","Linn County",5,30,84,42,42
050,20,107,"Kansas","Linn County",5,31,94,51,43
050,20,107,"Kansas","Linn County",5,32,105,56,49
050,20,107,"Kansas","Linn County",5,33,103,43,60
050,20,107,"Kansas","Linn County",5,34,108,51,57
050,20,107,"Kansas","Linn County",5,35,91,55,36
050,20,107,"Kansas","Linn County",5,36,99,52,47
050,20,107,"Kansas","Linn County",5,37,103,51,52
050,20,107,"Kansas","Linn County",5,38,103,44,59
050,20,107,"Kansas","Linn County",5,39,95,45,50
050,20,107,"Kansas","Linn County",5,40,101,52,49
050,20,107,"Kansas","Linn County",5,41,116,58,58
050,20,107,"Kansas","Linn County",5,42,129,74,55
050,20,107,"Kansas","Linn County",5,43,118,62,56
050,20,107,"Kansas","Linn County",5,44,119,60,59
050,20,107,"Kansas","Linn County",5,45,114,53,61
050,20,107,"Kansas","Linn County",5,46,140,64,76
050,20,107,"Kansas","Linn County",5,47,136,70,66
050,20,107,"Kansas","Linn County",5,48,118,57,61
050,20,107,"Kansas","Linn County",5,49,113,65,48
050,20,107,"Kansas","Linn County",5,50,108,64,44
050,20,107,"Kansas","Linn County",5,51,123,60,63
050,20,107,"Kansas","Linn County",5,52,128,70,58
050,20,107,"Kansas","Linn County",5,53,131,67,64
050,20,107,"Kansas","Linn County",5,54,111,58,53
050,20,107,"Kansas","Linn County",5,55,123,56,67
050,20,107,"Kansas","Linn County",5,56,133,72,61
050,20,107,"Kansas","Linn County",5,57,143,66,77
050,20,107,"Kansas","Linn County",5,58,159,77,82
050,20,107,"Kansas","Linn County",5,59,160,89,71
050,20,107,"Kansas","Linn County",5,60,175,80,95
050,20,107,"Kansas","Linn County",5,61,177,80,97
050,20,107,"Kansas","Linn County",5,62,164,89,75
050,20,107,"Kansas","Linn County",5,63,180,95,85
050,20,107,"Kansas","Linn County",5,64,152,92,60
050,20,107,"Kansas","Linn County",5,65,146,77,69
050,20,107,"Kansas","Linn County",5,66,154,81,73
050,20,107,"Kansas","Linn County",5,67,134,65,69
050,20,107,"Kansas","Linn County",5,68,134,60,74
050,20,107,"Kansas","Linn County",5,69,131,59,72
050,20,107,"Kansas","Linn County",5,70,132,61,71
050,20,107,"Kansas","Linn County",5,71,129,61,68
050,20,107,"Kansas","Linn County",5,72,116,59,57
050,20,107,"Kansas","Linn County",5,73,97,48,49
050,20,107,"Kansas","Linn County",5,74,114,47,67
050,20,107,"Kansas","Linn County",5,75,110,55,55
050,20,107,"Kansas","Linn County",5,76,112,61,51
050,20,107,"Kansas","Linn County",5,77,68,34,34
050,20,107,"Kansas","Linn County",5,78,74,35,39
050,20,107,"Kansas","Linn County",5,79,67,37,30
050,20,107,"Kansas","Linn County",5,80,79,41,38
050,20,107,"Kansas","Linn County",5,81,60,32,28
050,20,107,"Kansas","Linn County",5,82,53,26,27
050,20,107,"Kansas","Linn County",5,83,51,20,31
050,20,107,"Kansas","Linn County",5,84,47,21,26
050,20,107,"Kansas","Linn County",5,85,216,101,115
050,20,109,"Kansas","Logan County",1,0,48,25,23
050,20,109,"Kansas","Logan County",1,1,50,25,25
050,20,109,"Kansas","Logan County",1,2,47,22,25
050,20,109,"Kansas","Logan County",1,3,41,21,20
050,20,109,"Kansas","Logan County",1,4,43,23,20
050,20,109,"Kansas","Logan County",1,5,33,19,14
050,20,109,"Kansas","Logan County",1,6,36,23,13
050,20,109,"Kansas","Logan County",1,7,32,18,14
050,20,109,"Kansas","Logan County",1,8,37,17,20
050,20,109,"Kansas","Logan County",1,9,39,20,19
050,20,109,"Kansas","Logan County",1,10,32,11,21
050,20,109,"Kansas","Logan County",1,11,41,26,15
050,20,109,"Kansas","Logan County",1,12,36,18,18
050,20,109,"Kansas","Logan County",1,13,38,17,21
050,20,109,"Kansas","Logan County",1,14,38,19,19
050,20,109,"Kansas","Logan County",1,15,34,17,17
050,20,109,"Kansas","Logan County",1,16,37,19,18
050,20,109,"Kansas","Logan County",1,17,36,16,20
050,20,109,"Kansas","Logan County",1,18,34,18,16
050,20,109,"Kansas","Logan County",1,19,21,14,7
050,20,109,"Kansas","Logan County",1,20,18,10,8
050,20,109,"Kansas","Logan County",1,21,28,16,12
050,20,109,"Kansas","Logan County",1,22,26,15,11
050,20,109,"Kansas","Logan County",1,23,27,13,14
050,20,109,"Kansas","Logan County",1,24,24,11,13
050,20,109,"Kansas","Logan County",1,25,35,18,17
050,20,109,"Kansas","Logan County",1,26,43,22,21
050,20,109,"Kansas","Logan County",1,27,31,12,19
050,20,109,"Kansas","Logan County",1,28,35,18,17
050,20,109,"Kansas","Logan County",1,29,40,19,21
050,20,109,"Kansas","Logan County",1,30,40,23,17
050,20,109,"Kansas","Logan County",1,31,29,15,14
050,20,109,"Kansas","Logan County",1,32,29,20,9
050,20,109,"Kansas","Logan County",1,33,31,14,17
050,20,109,"Kansas","Logan County",1,34,29,15,14
050,20,109,"Kansas","Logan County",1,35,30,21,9
050,20,109,"Kansas","Logan County",1,36,28,15,13
050,20,109,"Kansas","Logan County",1,37,31,16,15
050,20,109,"Kansas","Logan County",1,38,35,20,15
050,20,109,"Kansas","Logan County",1,39,36,22,14
050,20,109,"Kansas","Logan County",1,40,32,14,18
050,20,109,"Kansas","Logan County",1,41,27,14,13
050,20,109,"Kansas","Logan County",1,42,28,15,13
050,20,109,"Kansas","Logan County",1,43,33,16,17
050,20,109,"Kansas","Logan County",1,44,32,17,15
050,20,109,"Kansas","Logan County",1,45,36,20,16
050,20,109,"Kansas","Logan County",1,46,30,18,12
050,20,109,"Kansas","Logan County",1,47,20,12,8
050,20,109,"Kansas","Logan County",1,48,25,15,10
050,20,109,"Kansas","Logan County",1,49,19,12,7
050,20,109,"Kansas","Logan County",1,50,21,11,10
050,20,109,"Kansas","Logan County",1,51,19,8,11
050,20,109,"Kansas","Logan County",1,52,25,11,14
050,20,109,"Kansas","Logan County",1,53,29,18,11
050,20,109,"Kansas","Logan County",1,54,26,14,12
050,20,109,"Kansas","Logan County",1,55,30,18,12
050,20,109,"Kansas","Logan County",1,56,33,17,16
050,20,109,"Kansas","Logan County",1,57,38,18,20
050,20,109,"Kansas","Logan County",1,58,51,21,30
050,20,109,"Kansas","Logan County",1,59,41,19,22
050,20,109,"Kansas","Logan County",1,60,46,23,23
050,20,109,"Kansas","Logan County",1,61,48,23,25
050,20,109,"Kansas","Logan County",1,62,50,27,23
050,20,109,"Kansas","Logan County",1,63,42,22,20
050,20,109,"Kansas","Logan County",1,64,41,23,18
050,20,109,"Kansas","Logan County",1,65,47,29,18
050,20,109,"Kansas","Logan County",1,66,35,18,17
050,20,109,"Kansas","Logan County",1,67,35,18,17
050,20,109,"Kansas","Logan County",1,68,39,21,18
050,20,109,"Kansas","Logan County",1,69,35,19,16
050,20,109,"Kansas","Logan County",1,70,31,16,15
050,20,109,"Kansas","Logan County",1,71,26,15,11
050,20,109,"Kansas","Logan County",1,72,28,13,15
050,20,109,"Kansas","Logan County",1,73,19,10,9
050,20,109,"Kansas","Logan County",1,74,14,6,8
050,20,109,"Kansas","Logan County",1,75,19,8,11
050,20,109,"Kansas","Logan County",1,76,22,9,13
050,20,109,"Kansas","Logan County",1,77,20,11,9
050,20,109,"Kansas","Logan County",1,78,17,7,10
050,20,109,"Kansas","Logan County",1,79,17,7,10
050,20,109,"Kansas","Logan County",1,80,16,5,11
050,20,109,"Kansas","Logan County",1,81,15,4,11
050,20,109,"Kansas","Logan County",1,82,14,4,10
050,20,109,"Kansas","Logan County",1,83,13,6,7
050,20,109,"Kansas","Logan County",1,84,13,6,7
050,20,109,"Kansas","Logan County",1,85,83,26,57
050,20,109,"Kansas","Logan County",2,0,46,26,20
050,20,109,"Kansas","Logan County",2,1,49,25,24
050,20,109,"Kansas","Logan County",2,2,47,22,25
050,20,109,"Kansas","Logan County",2,3,42,21,21
050,20,109,"Kansas","Logan County",2,4,43,23,20
050,20,109,"Kansas","Logan County",2,5,35,20,15
050,20,109,"Kansas","Logan County",2,6,34,21,13
050,20,109,"Kansas","Logan County",2,7,31,18,13
050,20,109,"Kansas","Logan County",2,8,37,18,19
050,20,109,"Kansas","Logan County",2,9,37,18,19
050,20,109,"Kansas","Logan County",2,10,34,13,21
050,20,109,"Kansas","Logan County",2,11,39,22,17
050,20,109,"Kansas","Logan County",2,12,38,20,18
050,20,109,"Kansas","Logan County",2,13,37,17,20
050,20,109,"Kansas","Logan County",2,14,38,19,19
050,20,109,"Kansas","Logan County",2,15,35,17,18
050,20,109,"Kansas","Logan County",2,16,36,19,17
050,20,109,"Kansas","Logan County",2,17,36,17,19
050,20,109,"Kansas","Logan County",2,18,33,17,16
050,20,109,"Kansas","Logan County",2,19,23,14,9
050,20,109,"Kansas","Logan County",2,20,19,11,8
050,20,109,"Kansas","Logan County",2,21,26,14,12
050,20,109,"Kansas","Logan County",2,22,27,16,11
050,20,109,"Kansas","Logan County",2,23,27,13,14
050,20,109,"Kansas","Logan County",2,24,24,11,13
050,20,109,"Kansas","Logan County",2,25,35,19,16
050,20,109,"Kansas","Logan County",2,26,40,20,20
050,20,109,"Kansas","Logan County",2,27,32,14,18
050,20,109,"Kansas","Logan County",2,28,34,17,17
050,20,109,"Kansas","Logan County",2,29,38,18,20
050,20,109,"Kansas","Logan County",2,30,41,23,18
050,20,109,"Kansas","Logan County",2,31,30,16,14
050,20,109,"Kansas","Logan County",2,32,29,19,10
050,20,109,"Kansas","Logan County",2,33,30,15,15
050,20,109,"Kansas","Logan County",2,34,30,15,15
050,20,109,"Kansas","Logan County",2,35,30,20,10
050,20,109,"Kansas","Logan County",2,36,29,17,12
050,20,109,"Kansas","Logan County",2,37,29,15,14
050,20,109,"Kansas","Logan County",2,38,35,20,15
050,20,109,"Kansas","Logan County",2,39,35,21,14
050,20,109,"Kansas","Logan County",2,40,32,15,17
050,20,109,"Kansas","Logan County",2,41,28,14,14
050,20,109,"Kansas","Logan County",2,42,27,15,12
050,20,109,"Kansas","Logan County",2,43,31,15,16
050,20,109,"Kansas","Logan County",2,44,32,16,16
050,20,109,"Kansas","Logan County",2,45,35,20,15
050,20,109,"Kansas","Logan County",2,46,30,18,12
050,20,109,"Kansas","Logan County",2,47,22,13,9
050,20,109,"Kansas","Logan County",2,48,25,15,10
050,20,109,"Kansas","Logan County",2,49,20,13,7
050,20,109,"Kansas","Logan County",2,50,20,11,9
050,20,109,"Kansas","Logan County",2,51,20,9,11
050,20,109,"Kansas","Logan County",2,52,24,10,14
050,20,109,"Kansas","Logan County",2,53,28,16,12
050,20,109,"Kansas","Logan County",2,54,26,15,11
050,20,109,"Kansas","Logan County",2,55,29,17,12
050,20,109,"Kansas","Logan County",2,56,32,17,15
050,20,109,"Kansas","Logan County",2,57,36,18,18
050,20,109,"Kansas","Logan County",2,58,47,19,28
050,20,109,"Kansas","Logan County",2,59,43,19,24
050,20,109,"Kansas","Logan County",2,60,44,22,22
050,20,109,"Kansas","Logan County",2,61,47,22,25
050,20,109,"Kansas","Logan County",2,62,49,26,23
050,20,109,"Kansas","Logan County",2,63,46,24,22
050,20,109,"Kansas","Logan County",2,64,40,22,18
050,20,109,"Kansas","Logan County",2,65,45,27,18
050,20,109,"Kansas","Logan County",2,66,38,21,17
050,20,109,"Kansas","Logan County",2,67,34,18,16
050,20,109,"Kansas","Logan County",2,68,37,20,17
050,20,109,"Kansas","Logan County",2,69,35,19,16
050,20,109,"Kansas","Logan County",2,70,31,16,15
050,20,109,"Kansas","Logan County",2,71,26,15,11
050,20,109,"Kansas","Logan County",2,72,28,14,14
050,20,109,"Kansas","Logan County",2,73,21,11,10
050,20,109,"Kansas","Logan County",2,74,15,7,8
050,20,109,"Kansas","Logan County",2,75,18,8,10
050,20,109,"Kansas","Logan County",2,76,21,9,12
050,20,109,"Kansas","Logan County",2,77,21,11,10
050,20,109,"Kansas","Logan County",2,78,18,8,10
050,20,109,"Kansas","Logan County",2,79,17,7,10
050,20,109,"Kansas","Logan County",2,80,16,5,11
050,20,109,"Kansas","Logan County",2,81,15,4,11
050,20,109,"Kansas","Logan County",2,82,14,4,10
050,20,109,"Kansas","Logan County",2,83,12,5,7
050,20,109,"Kansas","Logan County",2,84,12,5,7
050,20,109,"Kansas","Logan County",2,85,82,26,56
050,20,109,"Kansas","Logan County",3,0,36,21,15
050,20,109,"Kansas","Logan County",3,1,41,26,15
050,20,109,"Kansas","Logan County",3,2,48,24,24
050,20,109,"Kansas","Logan County",3,3,52,26,26
050,20,109,"Kansas","Logan County",3,4,44,22,22
050,20,109,"Kansas","Logan County",3,5,39,20,19
050,20,109,"Kansas","Logan County",3,6,39,26,13
050,20,109,"Kansas","Logan County",3,7,35,22,13
050,20,109,"Kansas","Logan County",3,8,28,17,11
050,20,109,"Kansas","Logan County",3,9,35,17,18
050,20,109,"Kansas","Logan County",3,10,36,19,17
050,20,109,"Kansas","Logan County",3,11,34,15,19
050,20,109,"Kansas","Logan County",3,12,39,22,17
050,20,109,"Kansas","Logan County",3,13,34,17,17
050,20,109,"Kansas","Logan County",3,14,33,15,18
050,20,109,"Kansas","Logan County",3,15,36,18,18
050,20,109,"Kansas","Logan County",3,16,36,18,18
050,20,109,"Kansas","Logan County",3,17,39,22,17
050,20,109,"Kansas","Logan County",3,18,33,17,16
050,20,109,"Kansas","Logan County",3,19,23,11,12
050,20,109,"Kansas","Logan County",3,20,25,17,8
050,20,109,"Kansas","Logan County",3,21,23,13,10
050,20,109,"Kansas","Logan County",3,22,27,11,16
050,20,109,"Kansas","Logan County",3,23,30,19,11
050,20,109,"Kansas","Logan County",3,24,26,16,10
050,20,109,"Kansas","Logan County",3,25,27,12,15
050,20,109,"Kansas","Logan County",3,26,37,18,19
050,20,109,"Kansas","Logan County",3,27,36,18,18
050,20,109,"Kansas","Logan County",3,28,33,16,17
050,20,109,"Kansas","Logan County",3,29,34,17,17
050,20,109,"Kansas","Logan County",3,30,40,18,22
050,20,109,"Kansas","Logan County",3,31,40,23,17
050,20,109,"Kansas","Logan County",3,32,28,18,10
050,20,109,"Kansas","Logan County",3,33,24,16,8
050,20,109,"Kansas","Logan County",3,34,31,16,15
050,20,109,"Kansas","Logan County",3,35,30,15,15
050,20,109,"Kansas","Logan County",3,36,30,21,9
050,20,109,"Kansas","Logan County",3,37,27,14,13
050,20,109,"Kansas","Logan County",3,38,26,11,15
050,20,109,"Kansas","Logan County",3,39,36,20,16
050,20,109,"Kansas","Logan County",3,40,33,19,14
050,20,109,"Kansas","Logan County",3,41,33,16,17
050,20,109,"Kansas","Logan County",3,42,28,14,14
050,20,109,"Kansas","Logan County",3,43,28,14,14
050,20,109,"Kansas","Logan County",3,44,31,15,16
050,20,109,"Kansas","Logan County",3,45,33,16,17
050,20,109,"Kansas","Logan County",3,46,33,19,14
050,20,109,"Kansas","Logan County",3,47,31,18,13
050,20,109,"Kansas","Logan County",3,48,20,11,9
050,20,109,"Kansas","Logan County",3,49,23,13,10
050,20,109,"Kansas","Logan County",3,50,19,12,7
050,20,109,"Kansas","Logan County",3,51,20,11,9
050,20,109,"Kansas","Logan County",3,52,20,9,11
050,20,109,"Kansas","Logan County",3,53,24,10,14
050,20,109,"Kansas","Logan County",3,54,28,15,13
050,20,109,"Kansas","Logan County",3,55,29,14,15
050,20,109,"Kansas","Logan County",3,56,27,15,12
050,20,109,"Kansas","Logan County",3,57,32,17,15
050,20,109,"Kansas","Logan County",3,58,36,17,19
050,20,109,"Kansas","Logan County",3,59,44,18,26
050,20,109,"Kansas","Logan County",3,60,43,19,24
050,20,109,"Kansas","Logan County",3,61,44,22,22
050,20,109,"Kansas","Logan County",3,62,44,22,22
050,20,109,"Kansas","Logan County",3,63,47,24,23
050,20,109,"Kansas","Logan County",3,64,44,23,21
050,20,109,"Kansas","Logan County",3,65,40,22,18
050,20,109,"Kansas","Logan County",3,66,44,26,18
050,20,109,"Kansas","Logan County",3,67,36,21,15
050,20,109,"Kansas","Logan County",3,68,36,19,17
050,20,109,"Kansas","Logan County",3,69,35,19,16
050,20,109,"Kansas","Logan County",3,70,36,19,17
050,20,109,"Kansas","Logan County",3,71,30,17,13
050,20,109,"Kansas","Logan County",3,72,23,13,10
050,20,109,"Kansas","Logan County",3,73,28,14,14
050,20,109,"Kansas","Logan County",3,74,23,11,12
050,20,109,"Kansas","Logan County",3,75,15,7,8
050,20,109,"Kansas","Logan County",3,76,19,9,10
050,20,109,"Kansas","Logan County",3,77,21,10,11
050,20,109,"Kansas","Logan County",3,78,20,10,10
050,20,109,"Kansas","Logan County",3,79,16,8,8
050,20,109,"Kansas","Logan County",3,80,15,5,10
050,20,109,"Kansas","Logan County",3,81,15,4,11
050,20,109,"Kansas","Logan County",3,82,12,4,8
050,20,109,"Kansas","Logan County",3,83,13,4,9
050,20,109,"Kansas","Logan County",3,84,8,2,6
050,20,109,"Kansas","Logan County",3,85,81,26,55
050,20,109,"Kansas","Logan County",4,0,37,21,16
050,20,109,"Kansas","Logan County",4,1,37,22,15
050,20,109,"Kansas","Logan County",4,2,37,22,15
050,20,109,"Kansas","Logan County",4,3,41,19,22
050,20,109,"Kansas","Logan County",4,4,50,24,26
050,20,109,"Kansas","Logan County",4,5,47,25,22
050,20,109,"Kansas","Logan County",4,6,42,22,20
050,20,109,"Kansas","Logan County",4,7,42,28,14
050,20,109,"Kansas","Logan County",4,8,35,21,14
050,20,109,"Kansas","Logan County",4,9,31,18,13
050,20,109,"Kansas","Logan County",4,10,37,17,20
050,20,109,"Kansas","Logan County",4,11,34,18,16
050,20,109,"Kansas","Logan County",4,12,37,18,19
050,20,109,"Kansas","Logan County",4,13,41,23,18
050,20,109,"Kansas","Logan County",4,14,33,18,15
050,20,109,"Kansas","Logan County",4,15,35,16,19
050,20,109,"Kansas","Logan County",4,16,37,18,19
050,20,109,"Kansas","Logan County",4,17,37,20,17
050,20,109,"Kansas","Logan County",4,18,34,20,14
050,20,109,"Kansas","Logan County",4,19,26,13,13
050,20,109,"Kansas","Logan County",4,20,23,12,11
050,20,109,"Kansas","Logan County",4,21,24,14,10
050,20,109,"Kansas","Logan County",4,22,22,10,12
050,20,109,"Kansas","Logan County",4,23,26,13,13
050,20,109,"Kansas","Logan County",4,24,28,17,11
050,20,109,"Kansas","Logan County",4,25,22,12,10
050,20,109,"Kansas","Logan County",4,26,30,14,16
050,20,109,"Kansas","Logan County",4,27,32,16,16
050,20,109,"Kansas","Logan County",4,28,34,18,16
050,20,109,"Kansas","Logan County",4,29,32,15,17
050,20,109,"Kansas","Logan County",4,30,35,18,17
050,20,109,"Kansas","Logan County",4,31,41,18,23
050,20,109,"Kansas","Logan County",4,32,42,25,17
050,20,109,"Kansas","Logan County",4,33,29,18,11
050,20,109,"Kansas","Logan County",4,34,23,15,8
050,20,109,"Kansas","Logan County",4,35,31,16,15
050,20,109,"Kansas","Logan County",4,36,31,14,17
050,20,109,"Kansas","Logan County",4,37,32,23,9
050,20,109,"Kansas","Logan County",4,38,33,19,14
050,20,109,"Kansas","Logan County",4,39,30,14,16
050,20,109,"Kansas","Logan County",4,40,38,20,18
050,20,109,"Kansas","Logan County",4,41,32,20,12
050,20,109,"Kansas","Logan County",4,42,37,15,22
050,20,109,"Kansas","Logan County",4,43,33,15,18
050,20,109,"Kansas","Logan County",4,44,26,13,13
050,20,109,"Kansas","Logan County",4,45,29,15,14
050,20,109,"Kansas","Logan County",4,46,37,19,18
050,20,109,"Kansas","Logan County",4,47,34,20,14
050,20,109,"Kansas","Logan County",4,48,30,18,12
050,20,109,"Kansas","Logan County",4,49,20,11,9
050,20,109,"Kansas","Logan County",4,50,25,16,9
050,20,109,"Kansas","Logan County",4,51,19,12,7
050,20,109,"Kansas","Logan County",4,52,19,11,8
050,20,109,"Kansas","Logan County",4,53,17,8,9
050,20,109,"Kansas","Logan County",4,54,25,11,14
050,20,109,"Kansas","Logan County",4,55,26,13,13
050,20,109,"Kansas","Logan County",4,56,27,13,14
050,20,109,"Kansas","Logan County",4,57,27,15,12
050,20,109,"Kansas","Logan County",4,58,32,16,16
050,20,109,"Kansas","Logan County",4,59,33,14,19
050,20,109,"Kansas","Logan County",4,60,46,19,27
050,20,109,"Kansas","Logan County",4,61,46,21,25
050,20,109,"Kansas","Logan County",4,62,45,23,22
050,20,109,"Kansas","Logan County",4,63,40,21,19
050,20,109,"Kansas","Logan County",4,64,46,22,24
050,20,109,"Kansas","Logan County",4,65,44,22,22
050,20,109,"Kansas","Logan County",4,66,36,21,15
050,20,109,"Kansas","Logan County",4,67,45,26,19
050,20,109,"Kansas","Logan County",4,68,37,22,15
050,20,109,"Kansas","Logan County",4,69,32,18,14
050,20,109,"Kansas","Logan County",4,70,31,15,16
050,20,109,"Kansas","Logan County",4,71,34,19,15
050,20,109,"Kansas","Logan County",4,72,30,16,14
050,20,109,"Kansas","Logan County",4,73,21,12,9
050,20,109,"Kansas","Logan County",4,74,22,10,12
050,20,109,"Kansas","Logan County",4,75,23,12,11
050,20,109,"Kansas","Logan County",4,76,15,7,8
050,20,109,"Kansas","Logan County",4,77,18,10,8
050,20,109,"Kansas","Logan County",4,78,20,8,12
050,20,109,"Kansas","Logan County",4,79,18,10,8
050,20,109,"Kansas","Logan County",4,80,15,8,7
050,20,109,"Kansas","Logan County",4,81,16,5,11
050,20,109,"Kansas","Logan County",4,82,12,4,8
050,20,109,"Kansas","Logan County",4,83,11,4,7
050,20,109,"Kansas","Logan County",4,84,10,3,7
050,20,109,"Kansas","Logan County",4,85,74,22,52
050,20,109,"Kansas","Logan County",5,0,35,19,16
050,20,109,"Kansas","Logan County",5,1,34,18,16
050,20,109,"Kansas","Logan County",5,2,42,24,18
050,20,109,"Kansas","Logan County",5,3,40,24,16
050,20,109,"Kansas","Logan County",5,4,43,20,23
050,20,109,"Kansas","Logan County",5,5,52,23,29
050,20,109,"Kansas","Logan County",5,6,45,23,22
050,20,109,"Kansas","Logan County",5,7,39,18,21
050,20,109,"Kansas","Logan County",5,8,39,27,12
050,20,109,"Kansas","Logan County",5,9,36,22,14
050,20,109,"Kansas","Logan County",5,10,33,20,13
050,20,109,"Kansas","Logan County",5,11,36,16,20
050,20,109,"Kansas","Logan County",5,12,33,17,16
050,20,109,"Kansas","Logan County",5,13,30,14,16
050,20,109,"Kansas","Logan County",5,14,41,23,18
050,20,109,"Kansas","Logan County",5,15,31,19,12
050,20,109,"Kansas","Logan County",5,16,35,17,18
050,20,109,"Kansas","Logan County",5,17,37,18,19
050,20,109,"Kansas","Logan County",5,18,33,17,16
050,20,109,"Kansas","Logan County",5,19,28,16,12
050,20,109,"Kansas","Logan County",5,20,26,14,12
050,20,109,"Kansas","Logan County",5,21,27,15,12
050,20,109,"Kansas","Logan County",5,22,31,17,14
050,20,109,"Kansas","Logan County",5,23,23,11,12
050,20,109,"Kansas","Logan County",5,24,28,17,11
050,20,109,"Kansas","Logan County",5,25,29,18,11
050,20,109,"Kansas","Logan County",5,26,20,10,10
050,20,109,"Kansas","Logan County",5,27,26,13,13
050,20,109,"Kansas","Logan County",5,28,24,10,14
050,20,109,"Kansas","Logan County",5,29,32,17,15
050,20,109,"Kansas","Logan County",5,30,32,14,18
050,20,109,"Kansas","Logan County",5,31,36,19,17
050,20,109,"Kansas","Logan County",5,32,38,21,17
050,20,109,"Kansas","Logan County",5,33,42,25,17
050,20,109,"Kansas","Logan County",5,34,31,20,11
050,20,109,"Kansas","Logan County",5,35,22,15,7
050,20,109,"Kansas","Logan County",5,36,31,15,16
050,20,109,"Kansas","Logan County",5,37,31,14,17
050,20,109,"Kansas","Logan County",5,38,33,23,10
050,20,109,"Kansas","Logan County",5,39,28,14,14
050,20,109,"Kansas","Logan County",5,40,31,15,16
050,20,109,"Kansas","Logan County",5,41,42,25,17
050,20,109,"Kansas","Logan County",5,42,29,19,10
050,20,109,"Kansas","Logan County",5,43,39,17,22
050,20,109,"Kansas","Logan County",5,44,33,15,18
050,20,109,"Kansas","Logan County",5,45,27,13,14
050,20,109,"Kansas","Logan County",5,46,27,14,13
050,20,109,"Kansas","Logan County",5,47,36,18,18
050,20,109,"Kansas","Logan County",5,48,34,20,14
050,20,109,"Kansas","Logan County",5,49,30,17,13
050,20,109,"Kansas","Logan County",5,50,20,11,9
050,20,109,"Kansas","Logan County",5,51,23,15,8
050,20,109,"Kansas","Logan County",5,52,18,11,7
050,20,109,"Kansas","Logan County",5,53,15,7,8
050,20,109,"Kansas","Logan County",5,54,17,6,11
050,20,109,"Kansas","Logan County",5,55,22,9,13
050,20,109,"Kansas","Logan County",5,56,24,13,11
050,20,109,"Kansas","Logan County",5,57,27,13,14
050,20,109,"Kansas","Logan County",5,58,30,15,15
050,20,109,"Kansas","Logan County",5,59,31,15,16
050,20,109,"Kansas","Logan County",5,60,34,14,20
050,20,109,"Kansas","Logan County",5,61,45,20,25
050,20,109,"Kansas","Logan County",5,62,45,21,24
050,20,109,"Kansas","Logan County",5,63,42,22,20
050,20,109,"Kansas","Logan County",5,64,39,20,19
050,20,109,"Kansas","Logan County",5,65,44,21,23
050,20,109,"Kansas","Logan County",5,66,42,21,21
050,20,109,"Kansas","Logan County",5,67,35,20,15
050,20,109,"Kansas","Logan County",5,68,47,28,19
050,20,109,"Kansas","Logan County",5,69,35,19,16
050,20,109,"Kansas","Logan County",5,70,30,15,15
050,20,109,"Kansas","Logan County",5,71,29,15,14
050,20,109,"Kansas","Logan County",5,72,36,19,17
050,20,109,"Kansas","Logan County",5,73,29,15,14
050,20,109,"Kansas","Logan County",5,74,17,9,8
050,20,109,"Kansas","Logan County",5,75,21,10,11
050,20,109,"Kansas","Logan County",5,76,22,11,11
050,20,109,"Kansas","Logan County",5,77,14,8,6
050,20,109,"Kansas","Logan County",5,78,18,8,10
050,20,109,"Kansas","Logan County",5,79,19,8,11
050,20,109,"Kansas","Logan County",5,80,17,9,8
050,20,109,"Kansas","Logan County",5,81,15,8,7
050,20,109,"Kansas","Logan County",5,82,13,5,8
050,20,109,"Kansas","Logan County",5,83,11,4,7
050,20,109,"Kansas","Logan County",5,84,8,3,5
050,20,109,"Kansas","Logan County",5,85,71,19,52
050,20,111,"Kansas","Lyon County",1,0,385,199,186
050,20,111,"Kansas","Lyon County",1,1,367,189,178
050,20,111,"Kansas","Lyon County",1,2,399,190,209
050,20,111,"Kansas","Lyon County",1,3,393,197,196
050,20,111,"Kansas","Lyon County",1,4,380,189,191
050,20,111,"Kansas","Lyon County",1,5,388,199,189
050,20,111,"Kansas","Lyon County",1,6,394,201,193
050,20,111,"Kansas","Lyon County",1,7,387,201,186
050,20,111,"Kansas","Lyon County",1,8,391,203,188
050,20,111,"Kansas","Lyon County",1,9,387,205,182
050,20,111,"Kansas","Lyon County",1,10,405,204,201
050,20,111,"Kansas","Lyon County",1,11,429,217,212
050,20,111,"Kansas","Lyon County",1,12,438,231,207
050,20,111,"Kansas","Lyon County",1,13,437,223,214
050,20,111,"Kansas","Lyon County",1,14,432,217,215
050,20,111,"Kansas","Lyon County",1,15,419,207,212
050,20,111,"Kansas","Lyon County",1,16,420,203,217
050,20,111,"Kansas","Lyon County",1,17,421,212,209
050,20,111,"Kansas","Lyon County",1,18,547,234,313
050,20,111,"Kansas","Lyon County",1,19,812,362,450
050,20,111,"Kansas","Lyon County",1,20,967,424,543
050,20,111,"Kansas","Lyon County",1,21,972,459,513
050,20,111,"Kansas","Lyon County",1,22,793,362,431
050,20,111,"Kansas","Lyon County",1,23,770,314,456
050,20,111,"Kansas","Lyon County",1,24,590,312,278
050,20,111,"Kansas","Lyon County",1,25,560,269,291
050,20,111,"Kansas","Lyon County",1,26,484,258,226
050,20,111,"Kansas","Lyon County",1,27,395,217,178
050,20,111,"Kansas","Lyon County",1,28,420,212,208
050,20,111,"Kansas","Lyon County",1,29,355,176,179
050,20,111,"Kansas","Lyon County",1,30,353,184,169
050,20,111,"Kansas","Lyon County",1,31,358,188,170
050,20,111,"Kansas","Lyon County",1,32,351,196,155
050,20,111,"Kansas","Lyon County",1,33,361,181,180
050,20,111,"Kansas","Lyon County",1,34,377,193,184
050,20,111,"Kansas","Lyon County",1,35,354,182,172
050,20,111,"Kansas","Lyon County",1,36,374,174,200
050,20,111,"Kansas","Lyon County",1,37,380,189,191
050,20,111,"Kansas","Lyon County",1,38,351,169,182
050,20,111,"Kansas","Lyon County",1,39,347,175,172
050,20,111,"Kansas","Lyon County",1,40,374,189,185
050,20,111,"Kansas","Lyon County",1,41,322,160,162
050,20,111,"Kansas","Lyon County",1,42,329,177,152
050,20,111,"Kansas","Lyon County",1,43,307,148,159
050,20,111,"Kansas","Lyon County",1,44,301,137,164
050,20,111,"Kansas","Lyon County",1,45,301,157,144
050,20,111,"Kansas","Lyon County",1,46,296,151,145
050,20,111,"Kansas","Lyon County",1,47,307,170,137
050,20,111,"Kansas","Lyon County",1,48,317,158,159
050,20,111,"Kansas","Lyon County",1,49,334,181,153
050,20,111,"Kansas","Lyon County",1,50,330,179,151
050,20,111,"Kansas","Lyon County",1,51,311,172,139
050,20,111,"Kansas","Lyon County",1,52,315,160,155
050,20,111,"Kansas","Lyon County",1,53,327,159,168
050,20,111,"Kansas","Lyon County",1,54,319,159,160
050,20,111,"Kansas","Lyon County",1,55,351,174,177
050,20,111,"Kansas","Lyon County",1,56,372,190,182
050,20,111,"Kansas","Lyon County",1,57,377,194,183
050,20,111,"Kansas","Lyon County",1,58,384,179,205
050,20,111,"Kansas","Lyon County",1,59,385,192,193
050,20,111,"Kansas","Lyon County",1,60,396,188,208
050,20,111,"Kansas","Lyon County",1,61,371,183,188
050,20,111,"Kansas","Lyon County",1,62,408,199,209
050,20,111,"Kansas","Lyon County",1,63,415,201,214
050,20,111,"Kansas","Lyon County",1,64,399,212,187
050,20,111,"Kansas","Lyon County",1,65,372,193,179
050,20,111,"Kansas","Lyon County",1,66,357,173,184
050,20,111,"Kansas","Lyon County",1,67,350,170,180
050,20,111,"Kansas","Lyon County",1,68,311,151,160
050,20,111,"Kansas","Lyon County",1,69,294,149,145
050,20,111,"Kansas","Lyon County",1,70,299,152,147
050,20,111,"Kansas","Lyon County",1,71,279,136,143
050,20,111,"Kansas","Lyon County",1,72,261,141,120
050,20,111,"Kansas","Lyon County",1,73,242,120,122
050,20,111,"Kansas","Lyon County",1,74,182,89,93
050,20,111,"Kansas","Lyon County",1,75,187,85,102
050,20,111,"Kansas","Lyon County",1,76,187,79,108
050,20,111,"Kansas","Lyon County",1,77,186,83,103
050,20,111,"Kansas","Lyon County",1,78,157,68,89
050,20,111,"Kansas","Lyon County",1,79,136,58,78
050,20,111,"Kansas","Lyon County",1,80,129,58,71
050,20,111,"Kansas","Lyon County",1,81,107,46,61
050,20,111,"Kansas","Lyon County",1,82,116,53,63
050,20,111,"Kansas","Lyon County",1,83,98,32,66
050,20,111,"Kansas","Lyon County",1,84,103,39,64
050,20,111,"Kansas","Lyon County",1,85,634,234,400
050,20,111,"Kansas","Lyon County",2,0,368,190,178
050,20,111,"Kansas","Lyon County",2,1,371,191,180
050,20,111,"Kansas","Lyon County",2,2,393,189,204
050,20,111,"Kansas","Lyon County",2,3,391,193,198
050,20,111,"Kansas","Lyon County",2,4,385,194,191
050,20,111,"Kansas","Lyon County",2,5,385,194,191
050,20,111,"Kansas","Lyon County",2,6,393,200,193
050,20,111,"Kansas","Lyon County",2,7,387,200,187
050,20,111,"Kansas","Lyon County",2,8,390,202,188
050,20,111,"Kansas","Lyon County",2,9,385,203,182
050,20,111,"Kansas","Lyon County",2,10,401,206,195
050,20,111,"Kansas","Lyon County",2,11,421,212,209
050,20,111,"Kansas","Lyon County",2,12,437,227,210
050,20,111,"Kansas","Lyon County",2,13,436,224,212
050,20,111,"Kansas","Lyon County",2,14,431,219,212
050,20,111,"Kansas","Lyon County",2,15,422,211,211
050,20,111,"Kansas","Lyon County",2,16,420,205,215
050,20,111,"Kansas","Lyon County",2,17,424,210,214
050,20,111,"Kansas","Lyon County",2,18,545,231,314
050,20,111,"Kansas","Lyon County",2,19,808,361,447
050,20,111,"Kansas","Lyon County",2,20,979,430,549
050,20,111,"Kansas","Lyon County",2,21,972,457,515
050,20,111,"Kansas","Lyon County",2,22,794,362,432
050,20,111,"Kansas","Lyon County",2,23,773,318,455
050,20,111,"Kansas","Lyon County",2,24,584,307,277
050,20,111,"Kansas","Lyon County",2,25,544,267,277
050,20,111,"Kansas","Lyon County",2,26,478,250,228
050,20,111,"Kansas","Lyon County",2,27,403,220,183
050,20,111,"Kansas","Lyon County",2,28,411,213,198
050,20,111,"Kansas","Lyon County",2,29,367,184,183
050,20,111,"Kansas","Lyon County",2,30,352,181,171
050,20,111,"Kansas","Lyon County",2,31,350,184,166
050,20,111,"Kansas","Lyon County",2,32,350,192,158
050,20,111,"Kansas","Lyon County",2,33,361,187,174
050,20,111,"Kansas","Lyon County",2,34,369,189,180
050,20,111,"Kansas","Lyon County",2,35,360,185,175
050,20,111,"Kansas","Lyon County",2,36,368,175,193
050,20,111,"Kansas","Lyon County",2,37,377,185,192
050,20,111,"Kansas","Lyon County",2,38,360,176,184
050,20,111,"Kansas","Lyon County",2,39,349,173,176
050,20,111,"Kansas","Lyon County",2,40,371,188,183
050,20,111,"Kansas","Lyon County",2,41,335,168,167
050,20,111,"Kansas","Lyon County",2,42,326,172,154
050,20,111,"Kansas","Lyon County",2,43,314,155,159
050,20,111,"Kansas","Lyon County",2,44,300,139,161
050,20,111,"Kansas","Lyon County",2,45,300,151,149
050,20,111,"Kansas","Lyon County",2,46,295,151,144
050,20,111,"Kansas","Lyon County",2,47,304,166,138
050,20,111,"Kansas","Lyon County",2,48,314,160,154
050,20,111,"Kansas","Lyon County",2,49,330,175,155
050,20,111,"Kansas","Lyon County",2,50,330,179,151
050,20,111,"Kansas","Lyon County",2,51,310,170,140
050,20,111,"Kansas","Lyon County",2,52,314,163,151
050,20,111,"Kansas","Lyon County",2,53,322,157,165
050,20,111,"Kansas","Lyon County",2,54,321,160,161
050,20,111,"Kansas","Lyon County",2,55,340,169,171
050,20,111,"Kansas","Lyon County",2,56,369,188,181
050,20,111,"Kansas","Lyon County",2,57,373,190,183
050,20,111,"Kansas","Lyon County",2,58,380,181,199
050,20,111,"Kansas","Lyon County",2,59,385,189,196
050,20,111,"Kansas","Lyon County",2,60,389,186,203
050,20,111,"Kansas","Lyon County",2,61,376,182,194
050,20,111,"Kansas","Lyon County",2,62,400,193,207
050,20,111,"Kansas","Lyon County",2,63,417,201,216
050,20,111,"Kansas","Lyon County",2,64,400,207,193
050,20,111,"Kansas","Lyon County",2,65,375,196,179
050,20,111,"Kansas","Lyon County",2,66,360,177,183
050,20,111,"Kansas","Lyon County",2,67,346,167,179
050,20,111,"Kansas","Lyon County",2,68,316,153,163
050,20,111,"Kansas","Lyon County",2,69,298,150,148
050,20,111,"Kansas","Lyon County",2,70,298,152,146
050,20,111,"Kansas","Lyon County",2,71,281,139,142
050,20,111,"Kansas","Lyon County",2,72,259,135,124
050,20,111,"Kansas","Lyon County",2,73,258,132,126
050,20,111,"Kansas","Lyon County",2,74,181,90,91
050,20,111,"Kansas","Lyon County",2,75,185,85,100
050,20,111,"Kansas","Lyon County",2,76,186,80,106
050,20,111,"Kansas","Lyon County",2,77,187,83,104
050,20,111,"Kansas","Lyon County",2,78,157,66,91
050,20,111,"Kansas","Lyon County",2,79,140,59,81
050,20,111,"Kansas","Lyon County",2,80,124,55,69
050,20,111,"Kansas","Lyon County",2,81,109,48,61
050,20,111,"Kansas","Lyon County",2,82,113,50,63
050,20,111,"Kansas","Lyon County",2,83,98,34,64
050,20,111,"Kansas","Lyon County",2,84,103,39,64
050,20,111,"Kansas","Lyon County",2,85,630,230,400
050,20,111,"Kansas","Lyon County",3,0,344,185,159
050,20,111,"Kansas","Lyon County",3,1,366,192,174
050,20,111,"Kansas","Lyon County",3,2,376,194,182
050,20,111,"Kansas","Lyon County",3,3,388,187,201
050,20,111,"Kansas","Lyon County",3,4,381,193,188
050,20,111,"Kansas","Lyon County",3,5,373,188,185
050,20,111,"Kansas","Lyon County",3,6,384,192,192
050,20,111,"Kansas","Lyon County",3,7,404,208,196
050,20,111,"Kansas","Lyon County",3,8,386,200,186
050,20,111,"Kansas","Lyon County",3,9,383,191,192
050,20,111,"Kansas","Lyon County",3,10,390,214,176
050,20,111,"Kansas","Lyon County",3,11,398,197,201
050,20,111,"Kansas","Lyon County",3,12,436,217,219
050,20,111,"Kansas","Lyon County",3,13,446,224,222
050,20,111,"Kansas","Lyon County",3,14,444,231,213
050,20,111,"Kansas","Lyon County",3,15,421,213,208
050,20,111,"Kansas","Lyon County",3,16,413,209,204
050,20,111,"Kansas","Lyon County",3,17,422,209,213
050,20,111,"Kansas","Lyon County",3,18,549,229,320
050,20,111,"Kansas","Lyon County",3,19,804,363,441
050,20,111,"Kansas","Lyon County",3,20,998,442,556
050,20,111,"Kansas","Lyon County",3,21,978,446,532
050,20,111,"Kansas","Lyon County",3,22,808,360,448
050,20,111,"Kansas","Lyon County",3,23,770,317,453
050,20,111,"Kansas","Lyon County",3,24,562,294,268
050,20,111,"Kansas","Lyon County",3,25,486,255,231
050,20,111,"Kansas","Lyon County",3,26,449,228,221
050,20,111,"Kansas","Lyon County",3,27,424,226,198
050,20,111,"Kansas","Lyon County",3,28,392,207,185
050,20,111,"Kansas","Lyon County",3,29,401,211,190
050,20,111,"Kansas","Lyon County",3,30,381,197,184
050,20,111,"Kansas","Lyon County",3,31,338,163,175
050,20,111,"Kansas","Lyon County",3,32,356,194,162
050,20,111,"Kansas","Lyon County",3,33,344,187,157
050,20,111,"Kansas","Lyon County",3,34,356,188,168
050,20,111,"Kansas","Lyon County",3,35,363,183,180
050,20,111,"Kansas","Lyon County",3,36,371,192,179
050,20,111,"Kansas","Lyon County",3,37,364,167,197
050,20,111,"Kansas","Lyon County",3,38,368,185,183
050,20,111,"Kansas","Lyon County",3,39,362,174,188
050,20,111,"Kansas","Lyon County",3,40,339,165,174
050,20,111,"Kansas","Lyon County",3,41,371,193,178
050,20,111,"Kansas","Lyon County",3,42,339,171,168
050,20,111,"Kansas","Lyon County",3,43,320,171,149
050,20,111,"Kansas","Lyon County",3,44,318,156,162
050,20,111,"Kansas","Lyon County",3,45,303,143,160
050,20,111,"Kansas","Lyon County",3,46,304,150,154
050,20,111,"Kansas","Lyon County",3,47,301,153,148
050,20,111,"Kansas","Lyon County",3,48,298,165,133
050,20,111,"Kansas","Lyon County",3,49,310,157,153
050,20,111,"Kansas","Lyon County",3,50,335,173,162
050,20,111,"Kansas","Lyon County",3,51,318,169,149
050,20,111,"Kansas","Lyon County",3,52,314,168,146
050,20,111,"Kansas","Lyon County",3,53,312,159,153
050,20,111,"Kansas","Lyon County",3,54,340,164,176
050,20,111,"Kansas","Lyon County",3,55,322,161,161
050,20,111,"Kansas","Lyon County",3,56,341,175,166
050,20,111,"Kansas","Lyon County",3,57,356,181,175
050,20,111,"Kansas","Lyon County",3,58,363,185,178
050,20,111,"Kansas","Lyon County",3,59,385,189,196
050,20,111,"Kansas","Lyon County",3,60,386,190,196
050,20,111,"Kansas","Lyon County",3,61,385,185,200
050,20,111,"Kansas","Lyon County",3,62,367,177,190
050,20,111,"Kansas","Lyon County",3,63,392,189,203
050,20,111,"Kansas","Lyon County",3,64,408,200,208
050,20,111,"Kansas","Lyon County",3,65,398,207,191
050,20,111,"Kansas","Lyon County",3,66,365,190,175
050,20,111,"Kansas","Lyon County",3,67,350,170,180
050,20,111,"Kansas","Lyon County",3,68,344,164,180
050,20,111,"Kansas","Lyon County",3,69,305,146,159
050,20,111,"Kansas","Lyon County",3,70,289,142,147
050,20,111,"Kansas","Lyon County",3,71,289,144,145
050,20,111,"Kansas","Lyon County",3,72,271,136,135
050,20,111,"Kansas","Lyon County",3,73,251,132,119
050,20,111,"Kansas","Lyon County",3,74,250,127,123
050,20,111,"Kansas","Lyon County",3,75,162,79,83
050,20,111,"Kansas","Lyon County",3,76,177,78,99
050,20,111,"Kansas","Lyon County",3,77,180,79,101
050,20,111,"Kansas","Lyon County",3,78,174,78,96
050,20,111,"Kansas","Lyon County",3,79,148,63,85
050,20,111,"Kansas","Lyon County",3,80,129,54,75
050,20,111,"Kansas","Lyon County",3,81,114,50,64
050,20,111,"Kansas","Lyon County",3,82,100,43,57
050,20,111,"Kansas","Lyon County",3,83,112,46,66
050,20,111,"Kansas","Lyon County",3,84,92,30,62
050,20,111,"Kansas","Lyon County",3,85,622,218,404
050,20,111,"Kansas","Lyon County",4,0,363,184,179
050,20,111,"Kansas","Lyon County",4,1,333,178,155
050,20,111,"Kansas","Lyon County",4,2,369,194,175
050,20,111,"Kansas","Lyon County",4,3,382,197,185
050,20,111,"Kansas","Lyon County",4,4,410,190,220
050,20,111,"Kansas","Lyon County",4,5,378,188,190
050,20,111,"Kansas","Lyon County",4,6,364,183,181
050,20,111,"Kansas","Lyon County",4,7,381,194,187
050,20,111,"Kansas","Lyon County",4,8,392,203,189
050,20,111,"Kansas","Lyon County",4,9,393,202,191
050,20,111,"Kansas","Lyon County",4,10,397,209,188
050,20,111,"Kansas","Lyon County",4,11,381,208,173
050,20,111,"Kansas","Lyon County",4,12,420,208,212
050,20,111,"Kansas","Lyon County",4,13,440,214,226
050,20,111,"Kansas","Lyon County",4,14,459,228,231
050,20,111,"Kansas","Lyon County",4,15,448,232,216
050,20,111,"Kansas","Lyon County",4,16,430,220,210
050,20,111,"Kansas","Lyon County",4,17,405,207,198
050,20,111,"Kansas","Lyon County",4,18,549,227,322
050,20,111,"Kansas","Lyon County",4,19,811,361,450
050,20,111,"Kansas","Lyon County",4,20,971,436,535
050,20,111,"Kansas","Lyon County",4,21,1011,469,542
050,20,111,"Kansas","Lyon County",4,22,808,361,447
050,20,111,"Kansas","Lyon County",4,23,766,323,443
050,20,111,"Kansas","Lyon County",4,24,553,290,263
050,20,111,"Kansas","Lyon County",4,25,477,241,236
050,20,111,"Kansas","Lyon County",4,26,409,210,199
050,20,111,"Kansas","Lyon County",4,27,397,212,185
050,20,111,"Kansas","Lyon County",4,28,409,220,189
050,20,111,"Kansas","Lyon County",4,29,394,216,178
050,20,111,"Kansas","Lyon County",4,30,421,214,207
050,20,111,"Kansas","Lyon County",4,31,370,191,179
050,20,111,"Kansas","Lyon County",4,32,342,167,175
050,20,111,"Kansas","Lyon County",4,33,350,194,156
050,20,111,"Kansas","Lyon County",4,34,344,184,160
050,20,111,"Kansas","Lyon County",4,35,360,183,177
050,20,111,"Kansas","Lyon County",4,36,379,180,199
050,20,111,"Kansas","Lyon County",4,37,371,177,194
050,20,111,"Kansas","Lyon County",4,38,362,173,189
050,20,111,"Kansas","Lyon County",4,39,373,184,189
050,20,111,"Kansas","Lyon County",4,40,359,172,187
050,20,111,"Kansas","Lyon County",4,41,340,169,171
050,20,111,"Kansas","Lyon County",4,42,371,197,174
050,20,111,"Kansas","Lyon County",4,43,319,157,162
050,20,111,"Kansas","Lyon County",4,44,315,168,147
050,20,111,"Kansas","Lyon County",4,45,321,163,158
050,20,111,"Kansas","Lyon County",4,46,305,143,162
050,20,111,"Kansas","Lyon County",4,47,305,150,155
050,20,111,"Kansas","Lyon County",4,48,286,145,141
050,20,111,"Kansas","Lyon County",4,49,288,164,124
050,20,111,"Kansas","Lyon County",4,50,317,161,156
050,20,111,"Kansas","Lyon County",4,51,322,170,152
050,20,111,"Kansas","Lyon County",4,52,315,163,152
050,20,111,"Kansas","Lyon County",4,53,320,174,146
050,20,111,"Kansas","Lyon County",4,54,312,160,152
050,20,111,"Kansas","Lyon County",4,55,323,156,167
050,20,111,"Kansas","Lyon County",4,56,324,164,160
050,20,111,"Kansas","Lyon County",4,57,339,171,168
050,20,111,"Kansas","Lyon County",4,58,347,173,174
050,20,111,"Kansas","Lyon County",4,59,365,187,178
050,20,111,"Kansas","Lyon County",4,60,379,182,197
050,20,111,"Kansas","Lyon County",4,61,381,186,195
050,20,111,"Kansas","Lyon County",4,62,385,185,200
050,20,111,"Kansas","Lyon County",4,63,363,175,188
050,20,111,"Kansas","Lyon County",4,64,380,182,198
050,20,111,"Kansas","Lyon County",4,65,396,191,205
050,20,111,"Kansas","Lyon County",4,66,388,199,189
050,20,111,"Kansas","Lyon County",4,67,364,187,177
050,20,111,"Kansas","Lyon County",4,68,349,167,182
050,20,111,"Kansas","Lyon County",4,69,337,161,176
050,20,111,"Kansas","Lyon County",4,70,295,135,160
050,20,111,"Kansas","Lyon County",4,71,268,130,138
050,20,111,"Kansas","Lyon County",4,72,290,147,143
050,20,111,"Kansas","Lyon County",4,73,262,128,134
050,20,111,"Kansas","Lyon County",4,74,245,130,115
050,20,111,"Kansas","Lyon County",4,75,243,120,123
050,20,111,"Kansas","Lyon County",4,76,158,78,80
050,20,111,"Kansas","Lyon County",4,77,170,78,92
050,20,111,"Kansas","Lyon County",4,78,174,72,102
050,20,111,"Kansas","Lyon County",4,79,162,70,92
050,20,111,"Kansas","Lyon County",4,80,140,63,77
050,20,111,"Kansas","Lyon County",4,81,123,53,70
050,20,111,"Kansas","Lyon County",4,82,108,45,63
050,20,111,"Kansas","Lyon County",4,83,102,41,61
050,20,111,"Kansas","Lyon County",4,84,110,46,64
050,20,111,"Kansas","Lyon County",4,85,594,197,397
050,20,111,"Kansas","Lyon County",5,0,367,185,182
050,20,111,"Kansas","Lyon County",5,1,341,171,170
050,20,111,"Kansas","Lyon County",5,2,340,178,162
050,20,111,"Kansas","Lyon County",5,3,361,189,172
050,20,111,"Kansas","Lyon County",5,4,395,205,190
050,20,111,"Kansas","Lyon County",5,5,404,187,217
050,20,111,"Kansas","Lyon County",5,6,386,192,194
050,20,111,"Kansas","Lyon County",5,7,369,186,183
050,20,111,"Kansas","Lyon County",5,8,391,198,193
050,20,111,"Kansas","Lyon County",5,9,402,200,202
050,20,111,"Kansas","Lyon County",5,10,395,213,182
050,20,111,"Kansas","Lyon County",5,11,400,214,186
050,20,111,"Kansas","Lyon County",5,12,395,208,187
050,20,111,"Kansas","Lyon County",5,13,433,202,231
050,20,111,"Kansas","Lyon County",5,14,448,211,237
050,20,111,"Kansas","Lyon County",5,15,471,233,238
050,20,111,"Kansas","Lyon County",5,16,450,236,214
050,20,111,"Kansas","Lyon County",5,17,444,229,215
050,20,111,"Kansas","Lyon County",5,18,533,215,318
050,20,111,"Kansas","Lyon County",5,19,823,359,464
050,20,111,"Kansas","Lyon County",5,20,972,427,545
050,20,111,"Kansas","Lyon County",5,21,991,472,519
050,20,111,"Kansas","Lyon County",5,22,828,373,455
050,20,111,"Kansas","Lyon County",5,23,794,329,465
050,20,111,"Kansas","Lyon County",5,24,548,299,249
050,20,111,"Kansas","Lyon County",5,25,487,246,241
050,20,111,"Kansas","Lyon County",5,26,439,229,210
050,20,111,"Kansas","Lyon County",5,27,375,199,176
050,20,111,"Kansas","Lyon County",5,28,396,211,185
050,20,111,"Kansas","Lyon County",5,29,381,214,167
050,20,111,"Kansas","Lyon County",5,30,406,217,189
050,20,111,"Kansas","Lyon County",5,31,405,200,205
050,20,111,"Kansas","Lyon County",5,32,376,195,181
050,20,111,"Kansas","Lyon County",5,33,347,174,173
050,20,111,"Kansas","Lyon County",5,34,340,188,152
050,20,111,"Kansas","Lyon County",5,35,343,184,159
050,20,111,"Kansas","Lyon County",5,36,359,175,184
050,20,111,"Kansas","Lyon County",5,37,377,176,201
050,20,111,"Kansas","Lyon County",5,38,367,183,184
050,20,111,"Kansas","Lyon County",5,39,369,176,193
050,20,111,"Kansas","Lyon County",5,40,368,184,184
050,20,111,"Kansas","Lyon County",5,41,362,176,186
050,20,111,"Kansas","Lyon County",5,42,340,171,169
050,20,111,"Kansas","Lyon County",5,43,360,187,173
050,20,111,"Kansas","Lyon County",5,44,320,155,165
050,20,111,"Kansas","Lyon County",5,45,319,168,151
050,20,111,"Kansas","Lyon County",5,46,332,178,154
050,20,111,"Kansas","Lyon County",5,47,311,149,162
050,20,111,"Kansas","Lyon County",5,48,309,153,156
050,20,111,"Kansas","Lyon County",5,49,288,149,139
050,20,111,"Kansas","Lyon County",5,50,298,169,129
050,20,111,"Kansas","Lyon County",5,51,314,157,157
050,20,111,"Kansas","Lyon County",5,52,330,171,159
050,20,111,"Kansas","Lyon County",5,53,312,163,149
050,20,111,"Kansas","Lyon County",5,54,321,174,147
050,20,111,"Kansas","Lyon County",5,55,303,156,147
050,20,111,"Kansas","Lyon County",5,56,328,159,169
050,20,111,"Kansas","Lyon County",5,57,323,161,162
050,20,111,"Kansas","Lyon County",5,58,335,169,166
050,20,111,"Kansas","Lyon County",5,59,348,182,166
050,20,111,"Kansas","Lyon County",5,60,359,183,176
050,20,111,"Kansas","Lyon County",5,61,369,180,189
050,20,111,"Kansas","Lyon County",5,62,373,179,194
050,20,111,"Kansas","Lyon County",5,63,375,184,191
050,20,111,"Kansas","Lyon County",5,64,353,167,186
050,20,111,"Kansas","Lyon County",5,65,372,179,193
050,20,111,"Kansas","Lyon County",5,66,380,182,198
050,20,111,"Kansas","Lyon County",5,67,376,189,187
050,20,111,"Kansas","Lyon County",5,68,352,176,176
050,20,111,"Kansas","Lyon County",5,69,337,164,173
050,20,111,"Kansas","Lyon County",5,70,325,154,171
050,20,111,"Kansas","Lyon County",5,71,279,125,154
050,20,111,"Kansas","Lyon County",5,72,268,130,138
050,20,111,"Kansas","Lyon County",5,73,283,139,144
050,20,111,"Kansas","Lyon County",5,74,264,132,132
050,20,111,"Kansas","Lyon County",5,75,234,122,112
050,20,111,"Kansas","Lyon County",5,76,232,116,116
050,20,111,"Kansas","Lyon County",5,77,149,79,70
050,20,111,"Kansas","Lyon County",5,78,168,76,92
050,20,111,"Kansas","Lyon County",5,79,163,64,99
050,20,111,"Kansas","Lyon County",5,80,150,65,85
050,20,111,"Kansas","Lyon County",5,81,130,62,68
050,20,111,"Kansas","Lyon County",5,82,116,50,66
050,20,111,"Kansas","Lyon County",5,83,107,41,66
050,20,111,"Kansas","Lyon County",5,84,97,40,57
050,20,111,"Kansas","Lyon County",5,85,592,191,401
050,20,113,"Kansas","McPherson County",1,0,297,156,141
050,20,113,"Kansas","McPherson County",1,1,295,157,138
050,20,113,"Kansas","McPherson County",1,2,337,174,163
050,20,113,"Kansas","McPherson County",1,3,331,159,172
050,20,113,"Kansas","McPherson County",1,4,357,177,180
050,20,113,"Kansas","McPherson County",1,5,347,156,191
050,20,113,"Kansas","McPherson County",1,6,344,164,180
050,20,113,"Kansas","McPherson County",1,7,363,181,182
050,20,113,"Kansas","McPherson County",1,8,361,183,178
050,20,113,"Kansas","McPherson County",1,9,362,170,192
050,20,113,"Kansas","McPherson County",1,10,410,220,190
050,20,113,"Kansas","McPherson County",1,11,427,225,202
050,20,113,"Kansas","McPherson County",1,12,417,226,191
050,20,113,"Kansas","McPherson County",1,13,414,209,205
050,20,113,"Kansas","McPherson County",1,14,414,191,223
050,20,113,"Kansas","McPherson County",1,15,405,212,193
050,20,113,"Kansas","McPherson County",1,16,432,215,217
050,20,113,"Kansas","McPherson County",1,17,421,210,211
050,20,113,"Kansas","McPherson County",1,18,483,232,251
050,20,113,"Kansas","McPherson County",1,19,647,323,324
050,20,113,"Kansas","McPherson County",1,20,622,345,277
050,20,113,"Kansas","McPherson County",1,21,462,228,234
050,20,113,"Kansas","McPherson County",1,22,391,191,200
050,20,113,"Kansas","McPherson County",1,23,353,198,155
050,20,113,"Kansas","McPherson County",1,24,350,177,173
050,20,113,"Kansas","McPherson County",1,25,333,175,158
050,20,113,"Kansas","McPherson County",1,26,306,168,138
050,20,113,"Kansas","McPherson County",1,27,333,185,148
050,20,113,"Kansas","McPherson County",1,28,362,202,160
050,20,113,"Kansas","McPherson County",1,29,347,191,156
050,20,113,"Kansas","McPherson County",1,30,356,197,159
050,20,113,"Kansas","McPherson County",1,31,327,172,155
050,20,113,"Kansas","McPherson County",1,32,322,162,160
050,20,113,"Kansas","McPherson County",1,33,340,173,167
050,20,113,"Kansas","McPherson County",1,34,354,179,175
050,20,113,"Kansas","McPherson County",1,35,372,178,194
050,20,113,"Kansas","McPherson County",1,36,395,174,221
050,20,113,"Kansas","McPherson County",1,37,410,188,222
050,20,113,"Kansas","McPherson County",1,38,372,194,178
050,20,113,"Kansas","McPherson County",1,39,383,189,194
050,20,113,"Kansas","McPherson County",1,40,372,177,195
050,20,113,"Kansas","McPherson County",1,41,348,183,165
050,20,113,"Kansas","McPherson County",1,42,347,175,172
050,20,113,"Kansas","McPherson County",1,43,323,156,167
050,20,113,"Kansas","McPherson County",1,44,314,163,151
050,20,113,"Kansas","McPherson County",1,45,323,161,162
050,20,113,"Kansas","McPherson County",1,46,289,142,147
050,20,113,"Kansas","McPherson County",1,47,289,146,143
050,20,113,"Kansas","McPherson County",1,48,295,161,134
050,20,113,"Kansas","McPherson County",1,49,318,167,151
050,20,113,"Kansas","McPherson County",1,50,302,160,142
050,20,113,"Kansas","McPherson County",1,51,304,152,152
050,20,113,"Kansas","McPherson County",1,52,298,153,145
050,20,113,"Kansas","McPherson County",1,53,309,170,139
050,20,113,"Kansas","McPherson County",1,54,320,161,159
050,20,113,"Kansas","McPherson County",1,55,379,194,185
050,20,113,"Kansas","McPherson County",1,56,407,207,200
050,20,113,"Kansas","McPherson County",1,57,395,182,213
050,20,113,"Kansas","McPherson County",1,58,412,196,216
050,20,113,"Kansas","McPherson County",1,59,451,221,230
050,20,113,"Kansas","McPherson County",1,60,453,240,213
050,20,113,"Kansas","McPherson County",1,61,435,221,214
050,20,113,"Kansas","McPherson County",1,62,418,209,209
050,20,113,"Kansas","McPherson County",1,63,415,218,197
050,20,113,"Kansas","McPherson County",1,64,418,196,222
050,20,113,"Kansas","McPherson County",1,65,391,191,200
050,20,113,"Kansas","McPherson County",1,66,384,195,189
050,20,113,"Kansas","McPherson County",1,67,365,186,179
050,20,113,"Kansas","McPherson County",1,68,342,173,169
050,20,113,"Kansas","McPherson County",1,69,312,137,175
050,20,113,"Kansas","McPherson County",1,70,299,148,151
050,20,113,"Kansas","McPherson County",1,71,281,129,152
050,20,113,"Kansas","McPherson County",1,72,278,129,149
050,20,113,"Kansas","McPherson County",1,73,290,144,146
050,20,113,"Kansas","McPherson County",1,74,208,105,103
050,20,113,"Kansas","McPherson County",1,75,231,115,116
050,20,113,"Kansas","McPherson County",1,76,217,104,113
050,20,113,"Kansas","McPherson County",1,77,203,92,111
050,20,113,"Kansas","McPherson County",1,78,163,66,97
050,20,113,"Kansas","McPherson County",1,79,174,72,102
050,20,113,"Kansas","McPherson County",1,80,157,70,87
050,20,113,"Kansas","McPherson County",1,81,172,74,98
050,20,113,"Kansas","McPherson County",1,82,152,65,87
050,20,113,"Kansas","McPherson County",1,83,131,49,82
050,20,113,"Kansas","McPherson County",1,84,122,51,71
050,20,113,"Kansas","McPherson County",1,85,1061,364,697
050,20,113,"Kansas","McPherson County",2,0,293,149,144
050,20,113,"Kansas","McPherson County",2,1,295,155,140
050,20,113,"Kansas","McPherson County",2,2,328,169,159
050,20,113,"Kansas","McPherson County",2,3,330,162,168
050,20,113,"Kansas","McPherson County",2,4,349,171,178
050,20,113,"Kansas","McPherson County",2,5,353,163,190
050,20,113,"Kansas","McPherson County",2,6,349,165,184
050,20,113,"Kansas","McPherson County",2,7,360,179,181
050,20,113,"Kansas","McPherson County",2,8,362,181,181
050,20,113,"Kansas","McPherson County",2,9,363,175,188
050,20,113,"Kansas","McPherson County",2,10,396,207,189
050,20,113,"Kansas","McPherson County",2,11,418,222,196
050,20,113,"Kansas","McPherson County",2,12,423,227,196
050,20,113,"Kansas","McPherson County",2,13,414,210,204
050,20,113,"Kansas","McPherson County",2,14,413,195,218
050,20,113,"Kansas","McPherson County",2,15,412,210,202
050,20,113,"Kansas","McPherson County",2,16,427,216,211
050,20,113,"Kansas","McPherson County",2,17,421,211,210
050,20,113,"Kansas","McPherson County",2,18,486,233,253
050,20,113,"Kansas","McPherson County",2,19,643,321,322
050,20,113,"Kansas","McPherson County",2,20,628,350,278
050,20,113,"Kansas","McPherson County",2,21,469,231,238
050,20,113,"Kansas","McPherson County",2,22,390,191,199
050,20,113,"Kansas","McPherson County",2,23,355,197,158
050,20,113,"Kansas","McPherson County",2,24,342,177,165
050,20,113,"Kansas","McPherson County",2,25,332,174,158
050,20,113,"Kansas","McPherson County",2,26,311,168,143
050,20,113,"Kansas","McPherson County",2,27,329,183,146
050,20,113,"Kansas","McPherson County",2,28,356,198,158
050,20,113,"Kansas","McPherson County",2,29,350,194,156
050,20,113,"Kansas","McPherson County",2,30,354,195,159
050,20,113,"Kansas","McPherson County",2,31,332,178,154
050,20,113,"Kansas","McPherson County",2,32,324,164,160
050,20,113,"Kansas","McPherson County",2,33,335,170,165
050,20,113,"Kansas","McPherson County",2,34,354,177,177
050,20,113,"Kansas","McPherson County",2,35,371,181,190
050,20,113,"Kansas","McPherson County",2,36,386,173,213
050,20,113,"Kansas","McPherson County",2,37,414,187,227
050,20,113,"Kansas","McPherson County",2,38,384,195,189
050,20,113,"Kansas","McPherson County",2,39,378,190,188
050,20,113,"Kansas","McPherson County",2,40,375,181,194
050,20,113,"Kansas","McPherson County",2,41,357,182,175
050,20,113,"Kansas","McPherson County",2,42,339,173,166
050,20,113,"Kansas","McPherson County",2,43,328,160,168
050,20,113,"Kansas","McPherson County",2,44,314,160,154
050,20,113,"Kansas","McPherson County",2,45,325,164,161
050,20,113,"Kansas","McPherson County",2,46,295,146,149
050,20,113,"Kansas","McPherson County",2,47,286,142,144
050,20,113,"Kansas","McPherson County",2,48,293,157,136
050,20,113,"Kansas","McPherson County",2,49,313,167,146
050,20,113,"Kansas","McPherson County",2,50,307,163,144
050,20,113,"Kansas","McPherson County",2,51,302,152,150
050,20,113,"Kansas","McPherson County",2,52,299,152,147
050,20,113,"Kansas","McPherson County",2,53,307,167,140
050,20,113,"Kansas","McPherson County",2,54,318,163,155
050,20,113,"Kansas","McPherson County",2,55,367,185,182
050,20,113,"Kansas","McPherson County",2,56,400,204,196
050,20,113,"Kansas","McPherson County",2,57,396,187,209
050,20,113,"Kansas","McPherson County",2,58,405,190,215
050,20,113,"Kansas","McPherson County",2,59,441,216,225
050,20,113,"Kansas","McPherson County",2,60,449,234,215
050,20,113,"Kansas","McPherson County",2,61,437,225,212
050,20,113,"Kansas","McPherson County",2,62,420,213,207
050,20,113,"Kansas","McPherson County",2,63,416,216,200
050,20,113,"Kansas","McPherson County",2,64,411,197,214
050,20,113,"Kansas","McPherson County",2,65,397,192,205
050,20,113,"Kansas","McPherson County",2,66,382,194,188
050,20,113,"Kansas","McPherson County",2,67,368,186,182
050,20,113,"Kansas","McPherson County",2,68,343,173,170
050,20,113,"Kansas","McPherson County",2,69,316,144,172
050,20,113,"Kansas","McPherson County",2,70,301,146,155
050,20,113,"Kansas","McPherson County",2,71,285,132,153
050,20,113,"Kansas","McPherson County",2,72,272,125,147
050,20,113,"Kansas","McPherson County",2,73,301,147,154
050,20,113,"Kansas","McPherson County",2,74,212,107,105
050,20,113,"Kansas","McPherson County",2,75,225,110,115
050,20,113,"Kansas","McPherson County",2,76,212,103,109
050,20,113,"Kansas","McPherson County",2,77,208,93,115
050,20,113,"Kansas","McPherson County",2,78,164,69,95
050,20,113,"Kansas","McPherson County",2,79,171,70,101
050,20,113,"Kansas","McPherson County",2,80,160,71,89
050,20,113,"Kansas","McPherson County",2,81,171,74,97
050,20,113,"Kansas","McPherson County",2,82,153,67,86
050,20,113,"Kansas","McPherson County",2,83,135,50,85
050,20,113,"Kansas","McPherson County",2,84,123,51,72
050,20,113,"Kansas","McPherson County",2,85,1056,363,693
050,20,113,"Kansas","McPherson County",3,0,297,152,145
050,20,113,"Kansas","McPherson County",3,1,305,151,154
050,20,113,"Kansas","McPherson County",3,2,314,172,142
050,20,113,"Kansas","McPherson County",3,3,328,166,162
050,20,113,"Kansas","McPherson County",3,4,327,163,164
050,20,113,"Kansas","McPherson County",3,5,354,172,182
050,20,113,"Kansas","McPherson County",3,6,354,168,186
050,20,113,"Kansas","McPherson County",3,7,363,169,194
050,20,113,"Kansas","McPherson County",3,8,359,180,179
050,20,113,"Kansas","McPherson County",3,9,363,184,179
050,20,113,"Kansas","McPherson County",3,10,364,172,192
050,20,113,"Kansas","McPherson County",3,11,400,209,191
050,20,113,"Kansas","McPherson County",3,12,422,223,199
050,20,113,"Kansas","McPherson County",3,13,433,235,198
050,20,113,"Kansas","McPherson County",3,14,416,213,203
050,20,113,"Kansas","McPherson County",3,15,419,204,215
050,20,113,"Kansas","McPherson County",3,16,401,209,192
050,20,113,"Kansas","McPherson County",3,17,432,216,216
050,20,113,"Kansas","McPherson County",3,18,509,237,272
050,20,113,"Kansas","McPherson County",3,19,639,314,325
050,20,113,"Kansas","McPherson County",3,20,615,345,270
050,20,113,"Kansas","McPherson County",3,21,501,247,254
050,20,113,"Kansas","McPherson County",3,22,396,197,199
050,20,113,"Kansas","McPherson County",3,23,358,209,149
050,20,113,"Kansas","McPherson County",3,24,327,183,144
050,20,113,"Kansas","McPherson County",3,25,337,179,158
050,20,113,"Kansas","McPherson County",3,26,325,158,167
050,20,113,"Kansas","McPherson County",3,27,317,180,137
050,20,113,"Kansas","McPherson County",3,28,350,182,168
050,20,113,"Kansas","McPherson County",3,29,355,199,156
050,20,113,"Kansas","McPherson County",3,30,353,192,161
050,20,113,"Kansas","McPherson County",3,31,362,199,163
050,20,113,"Kansas","McPherson County",3,32,328,170,158
050,20,113,"Kansas","McPherson County",3,33,350,186,164
050,20,113,"Kansas","McPherson County",3,34,329,157,172
050,20,113,"Kansas","McPherson County",3,35,358,184,174
050,20,113,"Kansas","McPherson County",3,36,367,173,194
050,20,113,"Kansas","McPherson County",3,37,392,173,219
050,20,113,"Kansas","McPherson County",3,38,406,182,224
050,20,113,"Kansas","McPherson County",3,39,377,198,179
050,20,113,"Kansas","McPherson County",3,40,374,183,191
050,20,113,"Kansas","McPherson County",3,41,388,185,203
050,20,113,"Kansas","McPherson County",3,42,343,176,167
050,20,113,"Kansas","McPherson County",3,43,339,179,160
050,20,113,"Kansas","McPherson County",3,44,329,157,172
050,20,113,"Kansas","McPherson County",3,45,310,155,155
050,20,113,"Kansas","McPherson County",3,46,327,170,157
050,20,113,"Kansas","McPherson County",3,47,304,148,156
050,20,113,"Kansas","McPherson County",3,48,293,148,145
050,20,113,"Kansas","McPherson County",3,49,295,160,135
050,20,113,"Kansas","McPherson County",3,50,317,169,148
050,20,113,"Kansas","McPherson County",3,51,312,163,149
050,20,113,"Kansas","McPherson County",3,52,305,157,148
050,20,113,"Kansas","McPherson County",3,53,301,154,147
050,20,113,"Kansas","McPherson County",3,54,307,166,141
050,20,113,"Kansas","McPherson County",3,55,316,156,160
050,20,113,"Kansas","McPherson County",3,56,356,185,171
050,20,113,"Kansas","McPherson County",3,57,396,198,198
050,20,113,"Kansas","McPherson County",3,58,397,195,202
050,20,113,"Kansas","McPherson County",3,59,410,191,219
050,20,113,"Kansas","McPherson County",3,60,437,218,219
050,20,113,"Kansas","McPherson County",3,61,444,224,220
050,20,113,"Kansas","McPherson County",3,62,419,226,193
050,20,113,"Kansas","McPherson County",3,63,419,205,214
050,20,113,"Kansas","McPherson County",3,64,413,214,199
050,20,113,"Kansas","McPherson County",3,65,398,184,214
050,20,113,"Kansas","McPherson County",3,66,384,187,197
050,20,113,"Kansas","McPherson County",3,67,377,191,186
050,20,113,"Kansas","McPherson County",3,68,354,184,170
050,20,113,"Kansas","McPherson County",3,69,327,157,170
050,20,113,"Kansas","McPherson County",3,70,308,143,165
050,20,113,"Kansas","McPherson County",3,71,293,139,154
050,20,113,"Kansas","McPherson County",3,72,280,127,153
050,20,113,"Kansas","McPherson County",3,73,267,120,147
050,20,113,"Kansas","McPherson County",3,74,291,143,148
050,20,113,"Kansas","McPherson County",3,75,200,95,105
050,20,113,"Kansas","McPherson County",3,76,202,104,98
050,20,113,"Kansas","McPherson County",3,77,209,97,112
050,20,113,"Kansas","McPherson County",3,78,185,86,99
050,20,113,"Kansas","McPherson County",3,79,165,64,101
050,20,113,"Kansas","McPherson County",3,80,157,68,89
050,20,113,"Kansas","McPherson County",3,81,152,63,89
050,20,113,"Kansas","McPherson County",3,82,158,74,84
050,20,113,"Kansas","McPherson County",3,83,150,58,92
050,20,113,"Kansas","McPherson County",3,84,122,49,73
050,20,113,"Kansas","McPherson County",3,85,1032,345,687
050,20,113,"Kansas","McPherson County",4,0,324,172,152
050,20,113,"Kansas","McPherson County",4,1,293,149,144
050,20,113,"Kansas","McPherson County",4,2,322,155,167
050,20,113,"Kansas","McPherson County",4,3,318,171,147
050,20,113,"Kansas","McPherson County",4,4,334,173,161
050,20,113,"Kansas","McPherson County",4,5,338,171,167
050,20,113,"Kansas","McPherson County",4,6,371,186,185
050,20,113,"Kansas","McPherson County",4,7,361,168,193
050,20,113,"Kansas","McPherson County",4,8,362,169,193
050,20,113,"Kansas","McPherson County",4,9,358,182,176
050,20,113,"Kansas","McPherson County",4,10,360,181,179
050,20,113,"Kansas","McPherson County",4,11,367,168,199
050,20,113,"Kansas","McPherson County",4,12,396,201,195
050,20,113,"Kansas","McPherson County",4,13,415,219,196
050,20,113,"Kansas","McPherson County",4,14,433,230,203
050,20,113,"Kansas","McPherson County",4,15,429,218,211
050,20,113,"Kansas","McPherson County",4,16,421,212,209
050,20,113,"Kansas","McPherson County",4,17,405,210,195
050,20,113,"Kansas","McPherson County",4,18,501,240,261
050,20,113,"Kansas","McPherson County",4,19,649,323,326
050,20,113,"Kansas","McPherson County",4,20,612,343,269
050,20,113,"Kansas","McPherson County",4,21,483,236,247
050,20,113,"Kansas","McPherson County",4,22,420,195,225
050,20,113,"Kansas","McPherson County",4,23,353,198,155
050,20,113,"Kansas","McPherson County",4,24,325,186,139
050,20,113,"Kansas","McPherson County",4,25,311,178,133
050,20,113,"Kansas","McPherson County",4,26,322,167,155
050,20,113,"Kansas","McPherson County",4,27,332,167,165
050,20,113,"Kansas","McPherson County",4,28,310,170,140
050,20,113,"Kansas","McPherson County",4,29,361,194,167
050,20,113,"Kansas","McPherson County",4,30,362,193,169
050,20,113,"Kansas","McPherson County",4,31,365,196,169
050,20,113,"Kansas","McPherson County",4,32,358,197,161
050,20,113,"Kansas","McPherson County",4,33,344,190,154
050,20,113,"Kansas","McPherson County",4,34,342,174,168
050,20,113,"Kansas","McPherson County",4,35,332,158,174
050,20,113,"Kansas","McPherson County",4,36,366,178,188
050,20,113,"Kansas","McPherson County",4,37,369,170,199
050,20,113,"Kansas","McPherson County",4,38,383,170,213
050,20,113,"Kansas","McPherson County",4,39,416,194,222
050,20,113,"Kansas","McPherson County",4,40,374,195,179
050,20,113,"Kansas","McPherson County",4,41,387,189,198
050,20,113,"Kansas","McPherson County",4,42,364,170,194
050,20,113,"Kansas","McPherson County",4,43,346,179,167
050,20,113,"Kansas","McPherson County",4,44,333,171,162
050,20,113,"Kansas","McPherson County",4,45,346,172,174
050,20,113,"Kansas","McPherson County",4,46,304,159,145
050,20,113,"Kansas","McPherson County",4,47,316,158,158
050,20,113,"Kansas","McPherson County",4,48,298,144,154
050,20,113,"Kansas","McPherson County",4,49,290,147,143
050,20,113,"Kansas","McPherson County",4,50,288,157,131
050,20,113,"Kansas","McPherson County",4,51,307,160,147
050,20,113,"Kansas","McPherson County",4,52,312,164,148
050,20,113,"Kansas","McPherson County",4,53,305,169,136
050,20,113,"Kansas","McPherson County",4,54,303,155,148
050,20,113,"Kansas","McPherson County",4,55,302,158,144
050,20,113,"Kansas","McPherson County",4,56,307,155,152
050,20,113,"Kansas","McPherson County",4,57,353,180,173
050,20,113,"Kansas","McPherson County",4,58,384,195,189
050,20,113,"Kansas","McPherson County",4,59,386,191,195
050,20,113,"Kansas","McPherson County",4,60,400,179,221
050,20,113,"Kansas","McPherson County",4,61,443,222,221
050,20,113,"Kansas","McPherson County",4,62,441,229,212
050,20,113,"Kansas","McPherson County",4,63,422,219,203
050,20,113,"Kansas","McPherson County",4,64,410,199,211
050,20,113,"Kansas","McPherson County",4,65,404,200,204
050,20,113,"Kansas","McPherson County",4,66,381,178,203
050,20,113,"Kansas","McPherson County",4,67,374,182,192
050,20,113,"Kansas","McPherson County",4,68,366,187,179
050,20,113,"Kansas","McPherson County",4,69,343,171,172
050,20,113,"Kansas","McPherson County",4,70,317,155,162
050,20,113,"Kansas","McPherson County",4,71,303,141,162
050,20,113,"Kansas","McPherson County",4,72,278,129,149
050,20,113,"Kansas","McPherson County",4,73,277,129,148
050,20,113,"Kansas","McPherson County",4,74,257,115,142
050,20,113,"Kansas","McPherson County",4,75,280,132,148
050,20,113,"Kansas","McPherson County",4,76,177,87,90
050,20,113,"Kansas","McPherson County",4,77,206,102,104
050,20,113,"Kansas","McPherson County",4,78,190,90,100
050,20,113,"Kansas","McPherson County",4,79,186,84,102
050,20,113,"Kansas","McPherson County",4,80,159,65,94
050,20,113,"Kansas","McPherson County",4,81,155,66,89
050,20,113,"Kansas","McPherson County",4,82,137,60,77
050,20,113,"Kansas","McPherson County",4,83,150,64,86
050,20,113,"Kansas","McPherson County",4,84,142,60,82
050,20,113,"Kansas","McPherson County",4,85,1037,349,688
050,20,113,"Kansas","McPherson County",5,0,329,174,155
050,20,113,"Kansas","McPherson County",5,1,308,159,149
050,20,113,"Kansas","McPherson County",5,2,305,153,152
050,20,113,"Kansas","McPherson County",5,3,330,155,175
050,20,113,"Kansas","McPherson County",5,4,314,166,148
050,20,113,"Kansas","McPherson County",5,5,332,165,167
050,20,113,"Kansas","McPherson County",5,6,355,177,178
050,20,113,"Kansas","McPherson County",5,7,368,184,184
050,20,113,"Kansas","McPherson County",5,8,376,179,197
050,20,113,"Kansas","McPherson County",5,9,379,181,198
050,20,113,"Kansas","McPherson County",5,10,368,188,180
050,20,113,"Kansas","McPherson County",5,11,365,182,183
050,20,113,"Kansas","McPherson County",5,12,365,170,195
050,20,113,"Kansas","McPherson County",5,13,407,207,200
050,20,113,"Kansas","McPherson County",5,14,431,222,209
050,20,113,"Kansas","McPherson County",5,15,437,232,205
050,20,113,"Kansas","McPherson County",5,16,422,212,210
050,20,113,"Kansas","McPherson County",5,17,411,212,199
050,20,113,"Kansas","McPherson County",5,18,492,247,245
050,20,113,"Kansas","McPherson County",5,19,644,322,322
050,20,113,"Kansas","McPherson County",5,20,637,355,282
050,20,113,"Kansas","McPherson County",5,21,472,239,233
050,20,113,"Kansas","McPherson County",5,22,415,200,215
050,20,113,"Kansas","McPherson County",5,23,363,200,163
050,20,113,"Kansas","McPherson County",5,24,328,180,148
050,20,113,"Kansas","McPherson County",5,25,327,185,142
050,20,113,"Kansas","McPherson County",5,26,308,169,139
050,20,113,"Kansas","McPherson County",5,27,324,166,158
050,20,113,"Kansas","McPherson County",5,28,340,179,161
050,20,113,"Kansas","McPherson County",5,29,304,165,139
050,20,113,"Kansas","McPherson County",5,30,362,190,172
050,20,113,"Kansas","McPherson County",5,31,356,190,166
050,20,113,"Kansas","McPherson County",5,32,375,195,180
050,20,113,"Kansas","McPherson County",5,33,366,205,161
050,20,113,"Kansas","McPherson County",5,34,340,181,159
050,20,113,"Kansas","McPherson County",5,35,342,178,164
050,20,113,"Kansas","McPherson County",5,36,334,161,173
050,20,113,"Kansas","McPherson County",5,37,370,183,187
050,20,113,"Kansas","McPherson County",5,38,368,168,200
050,20,113,"Kansas","McPherson County",5,39,389,179,210
050,20,113,"Kansas","McPherson County",5,40,413,194,219
050,20,113,"Kansas","McPherson County",5,41,408,213,195
050,20,113,"Kansas","McPherson County",5,42,377,184,193
050,20,113,"Kansas","McPherson County",5,43,367,176,191
050,20,113,"Kansas","McPherson County",5,44,348,178,170
050,20,113,"Kansas","McPherson County",5,45,339,175,164
050,20,113,"Kansas","McPherson County",5,46,340,173,167
050,20,113,"Kansas","McPherson County",5,47,300,152,148
050,20,113,"Kansas","McPherson County",5,48,316,158,158
050,20,113,"Kansas","McPherson County",5,49,292,142,150
050,20,113,"Kansas","McPherson County",5,50,297,151,146
050,20,113,"Kansas","McPherson County",5,51,289,155,134
050,20,113,"Kansas","McPherson County",5,52,312,160,152
050,20,113,"Kansas","McPherson County",5,53,313,165,148
050,20,113,"Kansas","McPherson County",5,54,324,181,143
050,20,113,"Kansas","McPherson County",5,55,305,153,152
050,20,113,"Kansas","McPherson County",5,56,290,149,141
050,20,113,"Kansas","McPherson County",5,57,315,156,159
050,20,113,"Kansas","McPherson County",5,58,349,179,170
050,20,113,"Kansas","McPherson County",5,59,375,187,188
050,20,113,"Kansas","McPherson County",5,60,381,187,194
050,20,113,"Kansas","McPherson County",5,61,396,176,220
050,20,113,"Kansas","McPherson County",5,62,425,222,203
050,20,113,"Kansas","McPherson County",5,63,440,219,221
050,20,113,"Kansas","McPherson County",5,64,418,216,202
050,20,113,"Kansas","McPherson County",5,65,402,190,212
050,20,113,"Kansas","McPherson County",5,66,391,196,195
050,20,113,"Kansas","McPherson County",5,67,379,176,203
050,20,113,"Kansas","McPherson County",5,68,360,177,183
050,20,113,"Kansas","McPherson County",5,69,350,171,179
050,20,113,"Kansas","McPherson County",5,70,331,170,161
050,20,113,"Kansas","McPherson County",5,71,313,158,155
050,20,113,"Kansas","McPherson County",5,72,292,134,158
050,20,113,"Kansas","McPherson County",5,73,273,126,147
050,20,113,"Kansas","McPherson County",5,74,266,122,144
050,20,113,"Kansas","McPherson County",5,75,256,111,145
050,20,113,"Kansas","McPherson County",5,76,244,117,127
050,20,113,"Kansas","McPherson County",5,77,174,81,93
050,20,113,"Kansas","McPherson County",5,78,188,96,92
050,20,113,"Kansas","McPherson County",5,79,190,86,104
050,20,113,"Kansas","McPherson County",5,80,174,81,93
050,20,113,"Kansas","McPherson County",5,81,156,62,94
050,20,113,"Kansas","McPherson County",5,82,141,64,77
050,20,113,"Kansas","McPherson County",5,83,132,50,82
050,20,113,"Kansas","McPherson County",5,84,145,67,78
050,20,113,"Kansas","McPherson County",5,85,1047,352,695
050,20,115,"Kansas","Marion County",1,0,110,57,53
050,20,115,"Kansas","Marion County",1,1,112,63,49
050,20,115,"Kansas","Marion County",1,2,112,58,54
050,20,115,"Kansas","Marion County",1,3,120,59,61
050,20,115,"Kansas","Marion County",1,4,111,55,56
050,20,115,"Kansas","Marion County",1,5,133,65,68
050,20,115,"Kansas","Marion County",1,6,141,77,64
050,20,115,"Kansas","Marion County",1,7,148,76,72
050,20,115,"Kansas","Marion County",1,8,141,70,71
050,20,115,"Kansas","Marion County",1,9,154,78,76
050,20,115,"Kansas","Marion County",1,10,165,86,79
050,20,115,"Kansas","Marion County",1,11,155,82,73
050,20,115,"Kansas","Marion County",1,12,135,75,60
050,20,115,"Kansas","Marion County",1,13,152,76,76
050,20,115,"Kansas","Marion County",1,14,161,76,85
050,20,115,"Kansas","Marion County",1,15,160,83,77
050,20,115,"Kansas","Marion County",1,16,163,90,73
050,20,115,"Kansas","Marion County",1,17,160,86,74
050,20,115,"Kansas","Marion County",1,18,170,86,84
050,20,115,"Kansas","Marion County",1,19,201,102,99
050,20,115,"Kansas","Marion County",1,20,200,102,98
050,20,115,"Kansas","Marion County",1,21,192,97,95
050,20,115,"Kansas","Marion County",1,22,168,89,79
050,20,115,"Kansas","Marion County",1,23,125,73,52
050,20,115,"Kansas","Marion County",1,24,119,62,57
050,20,115,"Kansas","Marion County",1,25,118,61,57
050,20,115,"Kansas","Marion County",1,26,94,54,40
050,20,115,"Kansas","Marion County",1,27,115,52,63
050,20,115,"Kansas","Marion County",1,28,108,55,53
050,20,115,"Kansas","Marion County",1,29,105,51,54
050,20,115,"Kansas","Marion County",1,30,104,59,45
050,20,115,"Kansas","Marion County",1,31,113,50,63
050,20,115,"Kansas","Marion County",1,32,104,57,47
050,20,115,"Kansas","Marion County",1,33,108,59,49
050,20,115,"Kansas","Marion County",1,34,124,56,68
050,20,115,"Kansas","Marion County",1,35,130,62,68
050,20,115,"Kansas","Marion County",1,36,117,54,63
050,20,115,"Kansas","Marion County",1,37,121,67,54
050,20,115,"Kansas","Marion County",1,38,128,63,65
050,20,115,"Kansas","Marion County",1,39,137,71,66
050,20,115,"Kansas","Marion County",1,40,133,71,62
050,20,115,"Kansas","Marion County",1,41,134,70,64
050,20,115,"Kansas","Marion County",1,42,123,65,58
050,20,115,"Kansas","Marion County",1,43,119,59,60
050,20,115,"Kansas","Marion County",1,44,104,46,58
050,20,115,"Kansas","Marion County",1,45,121,57,64
050,20,115,"Kansas","Marion County",1,46,98,49,49
050,20,115,"Kansas","Marion County",1,47,107,60,47
050,20,115,"Kansas","Marion County",1,48,131,72,59
050,20,115,"Kansas","Marion County",1,49,128,66,62
050,20,115,"Kansas","Marion County",1,50,119,55,64
050,20,115,"Kansas","Marion County",1,51,131,63,68
050,20,115,"Kansas","Marion County",1,52,133,65,68
050,20,115,"Kansas","Marion County",1,53,136,72,64
050,20,115,"Kansas","Marion County",1,54,149,77,72
050,20,115,"Kansas","Marion County",1,55,151,84,67
050,20,115,"Kansas","Marion County",1,56,176,92,84
050,20,115,"Kansas","Marion County",1,57,182,80,102
050,20,115,"Kansas","Marion County",1,58,192,92,100
050,20,115,"Kansas","Marion County",1,59,187,102,85
050,20,115,"Kansas","Marion County",1,60,179,97,82
050,20,115,"Kansas","Marion County",1,61,194,108,86
050,20,115,"Kansas","Marion County",1,62,200,105,95
050,20,115,"Kansas","Marion County",1,63,181,88,93
050,20,115,"Kansas","Marion County",1,64,176,84,92
050,20,115,"Kansas","Marion County",1,65,178,92,86
050,20,115,"Kansas","Marion County",1,66,167,82,85
050,20,115,"Kansas","Marion County",1,67,159,81,78
050,20,115,"Kansas","Marion County",1,68,151,76,75
050,20,115,"Kansas","Marion County",1,69,149,73,76
050,20,115,"Kansas","Marion County",1,70,139,75,64
050,20,115,"Kansas","Marion County",1,71,130,59,71
050,20,115,"Kansas","Marion County",1,72,121,61,60
050,20,115,"Kansas","Marion County",1,73,148,67,81
050,20,115,"Kansas","Marion County",1,74,111,53,58
050,20,115,"Kansas","Marion County",1,75,109,54,55
050,20,115,"Kansas","Marion County",1,76,104,54,50
050,20,115,"Kansas","Marion County",1,77,106,51,55
050,20,115,"Kansas","Marion County",1,78,84,42,42
050,20,115,"Kansas","Marion County",1,79,83,38,45
050,20,115,"Kansas","Marion County",1,80,83,37,46
050,20,115,"Kansas","Marion County",1,81,80,40,40
050,20,115,"Kansas","Marion County",1,82,69,33,36
050,20,115,"Kansas","Marion County",1,83,61,31,30
050,20,115,"Kansas","Marion County",1,84,58,25,33
050,20,115,"Kansas","Marion County",1,85,426,149,277
050,20,115,"Kansas","Marion County",2,0,113,56,57
050,20,115,"Kansas","Marion County",2,1,109,60,49
050,20,115,"Kansas","Marion County",2,2,114,60,54
050,20,115,"Kansas","Marion County",2,3,118,58,60
050,20,115,"Kansas","Marion County",2,4,113,55,58
050,20,115,"Kansas","Marion County",2,5,128,62,66
050,20,115,"Kansas","Marion County",2,6,139,74,65
050,20,115,"Kansas","Marion County",2,7,145,75,70
050,20,115,"Kansas","Marion County",2,8,141,70,71
050,20,115,"Kansas","Marion County",2,9,151,77,74
050,20,115,"Kansas","Marion County",2,10,161,83,78
050,20,115,"Kansas","Marion County",2,11,155,82,73
050,20,115,"Kansas","Marion County",2,12,140,77,63
050,20,115,"Kansas","Marion County",2,13,147,75,72
050,20,115,"Kansas","Marion County",2,14,159,77,82
050,20,115,"Kansas","Marion County",2,15,160,82,78
050,20,115,"Kansas","Marion County",2,16,162,88,74
050,20,115,"Kansas","Marion County",2,17,159,86,73
050,20,115,"Kansas","Marion County",2,18,170,89,81
050,20,115,"Kansas","Marion County",2,19,198,100,98
050,20,115,"Kansas","Marion County",2,20,201,100,101
050,20,115,"Kansas","Marion County",2,21,191,98,93
050,20,115,"Kansas","Marion County",2,22,166,89,77
050,20,115,"Kansas","Marion County",2,23,124,72,52
050,20,115,"Kansas","Marion County",2,24,119,63,56
050,20,115,"Kansas","Marion County",2,25,116,60,56
050,20,115,"Kansas","Marion County",2,26,101,56,45
050,20,115,"Kansas","Marion County",2,27,111,53,58
050,20,115,"Kansas","Marion County",2,28,108,53,55
050,20,115,"Kansas","Marion County",2,29,104,52,52
050,20,115,"Kansas","Marion County",2,30,105,57,48
050,20,115,"Kansas","Marion County",2,31,112,53,59
050,20,115,"Kansas","Marion County",2,32,107,57,50
050,20,115,"Kansas","Marion County",2,33,108,59,49
050,20,115,"Kansas","Marion County",2,34,119,56,63
050,20,115,"Kansas","Marion County",2,35,130,61,69
050,20,115,"Kansas","Marion County",2,36,119,57,62
050,20,115,"Kansas","Marion County",2,37,119,63,56
050,20,115,"Kansas","Marion County",2,38,127,63,64
050,20,115,"Kansas","Marion County",2,39,134,69,65
050,20,115,"Kansas","Marion County",2,40,133,71,62
050,20,115,"Kansas","Marion County",2,41,135,71,64
050,20,115,"Kansas","Marion County",2,42,126,66,60
050,20,115,"Kansas","Marion County",2,43,121,61,60
050,20,115,"Kansas","Marion County",2,44,106,49,57
050,20,115,"Kansas","Marion County",2,45,119,56,63
050,20,115,"Kansas","Marion County",2,46,102,50,52
050,20,115,"Kansas","Marion County",2,47,104,57,47
050,20,115,"Kansas","Marion County",2,48,125,69,56
050,20,115,"Kansas","Marion County",2,49,132,69,63
050,20,115,"Kansas","Marion County",2,50,121,58,63
050,20,115,"Kansas","Marion County",2,51,127,62,65
050,20,115,"Kansas","Marion County",2,52,131,64,67
050,20,115,"Kansas","Marion County",2,53,137,71,66
050,20,115,"Kansas","Marion County",2,54,145,76,69
050,20,115,"Kansas","Marion County",2,55,150,82,68
050,20,115,"Kansas","Marion County",2,56,172,91,81
050,20,115,"Kansas","Marion County",2,57,181,83,98
050,20,115,"Kansas","Marion County",2,58,188,89,99
050,20,115,"Kansas","Marion County",2,59,188,100,88
050,20,115,"Kansas","Marion County",2,60,180,98,82
050,20,115,"Kansas","Marion County",2,61,187,104,83
050,20,115,"Kansas","Marion County",2,62,198,106,92
050,20,115,"Kansas","Marion County",2,63,185,91,94
050,20,115,"Kansas","Marion County",2,64,176,84,92
050,20,115,"Kansas","Marion County",2,65,177,90,87
050,20,115,"Kansas","Marion County",2,66,170,85,85
050,20,115,"Kansas","Marion County",2,67,158,80,78
050,20,115,"Kansas","Marion County",2,68,151,76,75
050,20,115,"Kansas","Marion County",2,69,147,73,74
050,20,115,"Kansas","Marion County",2,70,141,74,67
050,20,115,"Kansas","Marion County",2,71,131,63,68
050,20,115,"Kansas","Marion County",2,72,119,58,61
050,20,115,"Kansas","Marion County",2,73,147,68,79
050,20,115,"Kansas","Marion County",2,74,112,53,59
050,20,115,"Kansas","Marion County",2,75,109,53,56
050,20,115,"Kansas","Marion County",2,76,104,54,50
050,20,115,"Kansas","Marion County",2,77,107,52,55
050,20,115,"Kansas","Marion County",2,78,86,43,43
050,20,115,"Kansas","Marion County",2,79,83,39,44
050,20,115,"Kansas","Marion County",2,80,83,37,46
050,20,115,"Kansas","Marion County",2,81,78,39,39
050,20,115,"Kansas","Marion County",2,82,74,36,38
050,20,115,"Kansas","Marion County",2,83,62,31,31
050,20,115,"Kansas","Marion County",2,84,56,25,31
050,20,115,"Kansas","Marion County",2,85,426,148,278
050,20,115,"Kansas","Marion County",3,0,108,54,54
050,20,115,"Kansas","Marion County",3,1,124,65,59
050,20,115,"Kansas","Marion County",3,2,113,59,54
050,20,115,"Kansas","Marion County",3,3,109,57,52
050,20,115,"Kansas","Marion County",3,4,120,55,65
050,20,115,"Kansas","Marion County",3,5,112,54,58
050,20,115,"Kansas","Marion County",3,6,130,65,65
050,20,115,"Kansas","Marion County",3,7,139,77,62
050,20,115,"Kansas","Marion County",3,8,155,78,77
050,20,115,"Kansas","Marion County",3,9,134,64,70
050,20,115,"Kansas","Marion County",3,10,158,84,74
050,20,115,"Kansas","Marion County",3,11,162,85,77
050,20,115,"Kansas","Marion County",3,12,153,80,73
050,20,115,"Kansas","Marion County",3,13,139,76,63
050,20,115,"Kansas","Marion County",3,14,141,72,69
050,20,115,"Kansas","Marion County",3,15,162,79,83
050,20,115,"Kansas","Marion County",3,16,156,82,74
050,20,115,"Kansas","Marion County",3,17,158,82,76
050,20,115,"Kansas","Marion County",3,18,182,103,79
050,20,115,"Kansas","Marion County",3,19,194,101,93
050,20,115,"Kansas","Marion County",3,20,202,96,106
050,20,115,"Kansas","Marion County",3,21,196,96,100
050,20,115,"Kansas","Marion County",3,22,156,82,74
050,20,115,"Kansas","Marion County",3,23,132,81,51
050,20,115,"Kansas","Marion County",3,24,122,66,56
050,20,115,"Kansas","Marion County",3,25,107,54,53
050,20,115,"Kansas","Marion County",3,26,106,58,48
050,20,115,"Kansas","Marion County",3,27,102,58,44
050,20,115,"Kansas","Marion County",3,28,117,63,54
050,20,115,"Kansas","Marion County",3,29,111,58,53
050,20,115,"Kansas","Marion County",3,30,109,54,55
050,20,115,"Kansas","Marion County",3,31,109,56,53
050,20,115,"Kansas","Marion County",3,32,114,56,58
050,20,115,"Kansas","Marion County",3,33,114,61,53
050,20,115,"Kansas","Marion County",3,34,104,56,48
050,20,115,"Kansas","Marion County",3,35,123,56,67
050,20,115,"Kansas","Marion County",3,36,136,62,74
050,20,115,"Kansas","Marion County",3,37,117,56,61
050,20,115,"Kansas","Marion County",3,38,118,66,52
050,20,115,"Kansas","Marion County",3,39,129,66,63
050,20,115,"Kansas","Marion County",3,40,136,74,62
050,20,115,"Kansas","Marion County",3,41,131,70,61
050,20,115,"Kansas","Marion County",3,42,129,65,64
050,20,115,"Kansas","Marion County",3,43,123,64,59
050,20,115,"Kansas","Marion County",3,44,116,55,61
050,20,115,"Kansas","Marion County",3,45,111,51,60
050,20,115,"Kansas","Marion County",3,46,117,52,65
050,20,115,"Kansas","Marion County",3,47,99,50,49
050,20,115,"Kansas","Marion County",3,48,111,58,53
050,20,115,"Kansas","Marion County",3,49,132,75,57
050,20,115,"Kansas","Marion County",3,50,132,69,63
050,20,115,"Kansas","Marion County",3,51,115,53,62
050,20,115,"Kansas","Marion County",3,52,125,61,64
050,20,115,"Kansas","Marion County",3,53,138,69,69
050,20,115,"Kansas","Marion County",3,54,132,67,65
050,20,115,"Kansas","Marion County",3,55,148,76,72
050,20,115,"Kansas","Marion County",3,56,146,78,68
050,20,115,"Kansas","Marion County",3,57,170,92,78
050,20,115,"Kansas","Marion County",3,58,188,84,104
050,20,115,"Kansas","Marion County",3,59,192,90,102
050,20,115,"Kansas","Marion County",3,60,182,97,85
050,20,115,"Kansas","Marion County",3,61,175,92,83
050,20,115,"Kansas","Marion County",3,62,192,106,86
050,20,115,"Kansas","Marion County",3,63,195,107,88
050,20,115,"Kansas","Marion County",3,64,184,91,93
050,20,115,"Kansas","Marion County",3,65,176,86,90
050,20,115,"Kansas","Marion County",3,66,177,93,84
050,20,115,"Kansas","Marion County",3,67,171,85,86
050,20,115,"Kansas","Marion County",3,68,162,78,84
050,20,115,"Kansas","Marion County",3,69,142,71,71
050,20,115,"Kansas","Marion County",3,70,145,72,73
050,20,115,"Kansas","Marion County",3,71,138,73,65
050,20,115,"Kansas","Marion County",3,72,116,55,61
050,20,115,"Kansas","Marion County",3,73,120,57,63
050,20,115,"Kansas","Marion County",3,74,143,68,75
050,20,115,"Kansas","Marion County",3,75,102,47,55
050,20,115,"Kansas","Marion County",3,76,110,53,57
050,20,115,"Kansas","Marion County",3,77,99,52,47
050,20,115,"Kansas","Marion County",3,78,98,48,50
050,20,115,"Kansas","Marion County",3,79,84,43,41
050,20,115,"Kansas","Marion County",3,80,84,37,47
050,20,115,"Kansas","Marion County",3,81,70,32,38
050,20,115,"Kansas","Marion County",3,82,77,37,40
050,20,115,"Kansas","Marion County",3,83,71,33,38
050,20,115,"Kansas","Marion County",3,84,59,30,29
050,20,115,"Kansas","Marion County",3,85,414,147,267
050,20,115,"Kansas","Marion County",4,0,113,56,57
050,20,115,"Kansas","Marion County",4,1,115,61,54
050,20,115,"Kansas","Marion County",4,2,132,67,65
050,20,115,"Kansas","Marion County",4,3,124,60,64
050,20,115,"Kansas","Marion County",4,4,117,65,52
050,20,115,"Kansas","Marion County",4,5,122,56,66
050,20,115,"Kansas","Marion County",4,6,117,59,58
050,20,115,"Kansas","Marion County",4,7,139,69,70
050,20,115,"Kansas","Marion County",4,8,145,77,68
050,20,115,"Kansas","Marion County",4,9,157,77,80
050,20,115,"Kansas","Marion County",4,10,141,68,73
050,20,115,"Kansas","Marion County",4,11,155,78,77
050,20,115,"Kansas","Marion County",4,12,160,88,72
050,20,115,"Kansas","Marion County",4,13,169,88,81
050,20,115,"Kansas","Marion County",4,14,145,76,69
050,20,115,"Kansas","Marion County",4,15,149,79,70
050,20,115,"Kansas","Marion County",4,16,158,77,81
050,20,115,"Kansas","Marion County",4,17,159,80,79
050,20,115,"Kansas","Marion County",4,18,180,100,80
050,20,115,"Kansas","Marion County",4,19,205,114,91
050,20,115,"Kansas","Marion County",4,20,200,96,104
050,20,115,"Kansas","Marion County",4,21,195,96,99
050,20,115,"Kansas","Marion County",4,22,171,91,80
050,20,115,"Kansas","Marion County",4,23,130,69,61
050,20,115,"Kansas","Marion County",4,24,111,66,45
050,20,115,"Kansas","Marion County",4,25,119,64,55
050,20,115,"Kansas","Marion County",4,26,107,55,52
050,20,115,"Kansas","Marion County",4,27,104,54,50
050,20,115,"Kansas","Marion County",4,28,101,57,44
050,20,115,"Kansas","Marion County",4,29,114,63,51
050,20,115,"Kansas","Marion County",4,30,125,65,60
050,20,115,"Kansas","Marion County",4,31,107,51,56
050,20,115,"Kansas","Marion County",4,32,117,58,59
050,20,115,"Kansas","Marion County",4,33,130,65,65
050,20,115,"Kansas","Marion County",4,34,111,60,51
050,20,115,"Kansas","Marion County",4,35,104,55,49
050,20,115,"Kansas","Marion County",4,36,135,60,75
050,20,115,"Kansas","Marion County",4,37,138,61,77
050,20,115,"Kansas","Marion County",4,38,131,64,67
050,20,115,"Kansas","Marion County",4,39,112,61,51
050,20,115,"Kansas","Marion County",4,40,127,65,62
050,20,115,"Kansas","Marion County",4,41,133,71,62
050,20,115,"Kansas","Marion County",4,42,132,69,63
050,20,115,"Kansas","Marion County",4,43,133,66,67
050,20,115,"Kansas","Marion County",4,44,127,67,60
050,20,115,"Kansas","Marion County",4,45,116,57,59
050,20,115,"Kansas","Marion County",4,46,111,48,63
050,20,115,"Kansas","Marion County",4,47,114,53,61
050,20,115,"Kansas","Marion County",4,48,103,54,49
050,20,115,"Kansas","Marion County",4,49,112,55,57
050,20,115,"Kansas","Marion County",4,50,132,73,59
050,20,115,"Kansas","Marion County",4,51,134,67,67
050,20,115,"Kansas","Marion County",4,52,112,52,60
050,20,115,"Kansas","Marion County",4,53,132,65,67
050,20,115,"Kansas","Marion County",4,54,134,67,67
050,20,115,"Kansas","Marion County",4,55,129,65,64
050,20,115,"Kansas","Marion County",4,56,149,79,70
050,20,115,"Kansas","Marion County",4,57,151,81,70
050,20,115,"Kansas","Marion County",4,58,170,92,78
050,20,115,"Kansas","Marion County",4,59,192,87,105
050,20,115,"Kansas","Marion County",4,60,181,85,96
050,20,115,"Kansas","Marion County",4,61,179,92,87
050,20,115,"Kansas","Marion County",4,62,173,89,84
050,20,115,"Kansas","Marion County",4,63,185,100,85
050,20,115,"Kansas","Marion County",4,64,192,109,83
050,20,115,"Kansas","Marion County",4,65,181,91,90
050,20,115,"Kansas","Marion County",4,66,173,82,91
050,20,115,"Kansas","Marion County",4,67,174,90,84
050,20,115,"Kansas","Marion County",4,68,169,84,85
050,20,115,"Kansas","Marion County",4,69,152,72,80
050,20,115,"Kansas","Marion County",4,70,138,69,69
050,20,115,"Kansas","Marion County",4,71,139,66,73
050,20,115,"Kansas","Marion County",4,72,131,70,61
050,20,115,"Kansas","Marion County",4,73,119,55,64
050,20,115,"Kansas","Marion County",4,74,120,57,63
050,20,115,"Kansas","Marion County",4,75,136,64,72
050,20,115,"Kansas","Marion County",4,76,96,45,51
050,20,115,"Kansas","Marion County",4,77,105,50,55
050,20,115,"Kansas","Marion County",4,78,95,51,44
050,20,115,"Kansas","Marion County",4,79,93,47,46
050,20,115,"Kansas","Marion County",4,80,80,37,43
050,20,115,"Kansas","Marion County",4,81,69,30,39
050,20,115,"Kansas","Marion County",4,82,65,27,38
050,20,115,"Kansas","Marion County",4,83,65,30,35
050,20,115,"Kansas","Marion County",4,84,70,32,38
050,20,115,"Kansas","Marion County",4,85,396,144,252
050,20,115,"Kansas","Marion County",5,0,115,57,58
050,20,115,"Kansas","Marion County",5,1,115,63,52
050,20,115,"Kansas","Marion County",5,2,114,65,49
050,20,115,"Kansas","Marion County",5,3,130,72,58
050,20,115,"Kansas","Marion County",5,4,125,64,61
050,20,115,"Kansas","Marion County",5,5,110,57,53
050,20,115,"Kansas","Marion County",5,6,130,63,67
050,20,115,"Kansas","Marion County",5,7,119,61,58
050,20,115,"Kansas","Marion County",5,8,144,70,74
050,20,115,"Kansas","Marion County",5,9,143,74,69
050,20,115,"Kansas","Marion County",5,10,157,82,75
050,20,115,"Kansas","Marion County",5,11,131,62,69
050,20,115,"Kansas","Marion County",5,12,152,73,79
050,20,115,"Kansas","Marion County",5,13,164,92,72
050,20,115,"Kansas","Marion County",5,14,166,86,80
050,20,115,"Kansas","Marion County",5,15,147,76,71
050,20,115,"Kansas","Marion County",5,16,148,78,70
050,20,115,"Kansas","Marion County",5,17,163,78,85
050,20,115,"Kansas","Marion County",5,18,177,93,84
050,20,115,"Kansas","Marion County",5,19,199,105,94
050,20,115,"Kansas","Marion County",5,20,219,116,103
050,20,115,"Kansas","Marion County",5,21,192,94,98
050,20,115,"Kansas","Marion County",5,22,176,85,91
050,20,115,"Kansas","Marion County",5,23,127,72,55
050,20,115,"Kansas","Marion County",5,24,124,66,58
050,20,115,"Kansas","Marion County",5,25,104,51,53
050,20,115,"Kansas","Marion County",5,26,119,69,50
050,20,115,"Kansas","Marion County",5,27,103,60,43
050,20,115,"Kansas","Marion County",5,28,99,47,52
050,20,115,"Kansas","Marion County",5,29,111,58,53
050,20,115,"Kansas","Marion County",5,30,120,69,51
050,20,115,"Kansas","Marion County",5,31,120,67,53
050,20,115,"Kansas","Marion County",5,32,113,52,61
050,20,115,"Kansas","Marion County",5,33,122,63,59
050,20,115,"Kansas","Marion County",5,34,131,64,67
050,20,115,"Kansas","Marion County",5,35,111,60,51
050,20,115,"Kansas","Marion County",5,36,102,57,45
050,20,115,"Kansas","Marion County",5,37,142,66,76
050,20,115,"Kansas","Marion County",5,38,137,61,76
050,20,115,"Kansas","Marion County",5,39,126,59,67
050,20,115,"Kansas","Marion County",5,40,107,58,49
050,20,115,"Kansas","Marion County",5,41,125,65,60
050,20,115,"Kansas","Marion County",5,42,136,74,62
050,20,115,"Kansas","Marion County",5,43,137,70,67
050,20,115,"Kansas","Marion County",5,44,143,72,71
050,20,115,"Kansas","Marion County",5,45,125,69,56
050,20,115,"Kansas","Marion County",5,46,122,56,66
050,20,115,"Kansas","Marion County",5,47,105,45,60
050,20,115,"Kansas","Marion County",5,48,111,55,56
050,20,115,"Kansas","Marion County",5,49,107,54,53
050,20,115,"Kansas","Marion County",5,50,113,57,56
050,20,115,"Kansas","Marion County",5,51,123,70,53
050,20,115,"Kansas","Marion County",5,52,133,65,68
050,20,115,"Kansas","Marion County",5,53,114,52,62
050,20,115,"Kansas","Marion County",5,54,125,63,62
050,20,115,"Kansas","Marion County",5,55,127,60,67
050,20,115,"Kansas","Marion County",5,56,130,68,62
050,20,115,"Kansas","Marion County",5,57,154,79,75
050,20,115,"Kansas","Marion County",5,58,150,79,71
050,20,115,"Kansas","Marion County",5,59,169,91,78
050,20,115,"Kansas","Marion County",5,60,185,82,103
050,20,115,"Kansas","Marion County",5,61,178,83,95
050,20,115,"Kansas","Marion County",5,62,188,101,87
050,20,115,"Kansas","Marion County",5,63,170,87,83
050,20,115,"Kansas","Marion County",5,64,189,105,84
050,20,115,"Kansas","Marion County",5,65,190,108,82
050,20,115,"Kansas","Marion County",5,66,176,87,89
050,20,115,"Kansas","Marion County",5,67,170,80,90
050,20,115,"Kansas","Marion County",5,68,172,88,84
050,20,115,"Kansas","Marion County",5,69,166,83,83
050,20,115,"Kansas","Marion County",5,70,155,75,80
050,20,115,"Kansas","Marion County",5,71,134,67,67
050,20,115,"Kansas","Marion County",5,72,126,60,66
050,20,115,"Kansas","Marion County",5,73,128,66,62
050,20,115,"Kansas","Marion County",5,74,115,54,61
050,20,115,"Kansas","Marion County",5,75,109,54,55
050,20,115,"Kansas","Marion County",5,76,128,58,70
050,20,115,"Kansas","Marion County",5,77,90,42,48
050,20,115,"Kansas","Marion County",5,78,95,46,49
050,20,115,"Kansas","Marion County",5,79,93,52,41
050,20,115,"Kansas","Marion County",5,80,88,39,49
050,20,115,"Kansas","Marion County",5,81,63,28,35
050,20,115,"Kansas","Marion County",5,82,65,26,39
050,20,115,"Kansas","Marion County",5,83,55,22,33
050,20,115,"Kansas","Marion County",5,84,64,29,35
050,20,115,"Kansas","Marion County",5,85,395,145,250
050,20,117,"Kansas","Marshall County",1,0,119,59,60
050,20,117,"Kansas","Marshall County",1,1,121,57,64
050,20,117,"Kansas","Marshall County",1,2,133,62,71
050,20,117,"Kansas","Marshall County",1,3,137,76,61
050,20,117,"Kansas","Marshall County",1,4,141,75,66
050,20,117,"Kansas","Marshall County",1,5,144,72,72
050,20,117,"Kansas","Marshall County",1,6,132,67,65
050,20,117,"Kansas","Marshall County",1,7,141,70,71
050,20,117,"Kansas","Marshall County",1,8,135,71,64
050,20,117,"Kansas","Marshall County",1,9,129,64,65
050,20,117,"Kansas","Marshall County",1,10,133,65,68
050,20,117,"Kansas","Marshall County",1,11,154,81,73
050,20,117,"Kansas","Marshall County",1,12,153,70,83
050,20,117,"Kansas","Marshall County",1,13,151,79,72
050,20,117,"Kansas","Marshall County",1,14,130,66,64
050,20,117,"Kansas","Marshall County",1,15,129,63,66
050,20,117,"Kansas","Marshall County",1,16,124,60,64
050,20,117,"Kansas","Marshall County",1,17,140,75,65
050,20,117,"Kansas","Marshall County",1,18,132,70,62
050,20,117,"Kansas","Marshall County",1,19,98,50,48
050,20,117,"Kansas","Marshall County",1,20,91,42,49
050,20,117,"Kansas","Marshall County",1,21,98,52,46
050,20,117,"Kansas","Marshall County",1,22,92,46,46
050,20,117,"Kansas","Marshall County",1,23,86,46,40
050,20,117,"Kansas","Marshall County",1,24,88,49,39
050,20,117,"Kansas","Marshall County",1,25,87,42,45
050,20,117,"Kansas","Marshall County",1,26,89,46,43
050,20,117,"Kansas","Marshall County",1,27,79,41,38
050,20,117,"Kansas","Marshall County",1,28,95,48,47
050,20,117,"Kansas","Marshall County",1,29,105,59,46
050,20,117,"Kansas","Marshall County",1,30,97,48,49
050,20,117,"Kansas","Marshall County",1,31,104,52,52
050,20,117,"Kansas","Marshall County",1,32,96,48,48
050,20,117,"Kansas","Marshall County",1,33,112,60,52
050,20,117,"Kansas","Marshall County",1,34,110,58,52
050,20,117,"Kansas","Marshall County",1,35,115,51,64
050,20,117,"Kansas","Marshall County",1,36,121,65,56
050,20,117,"Kansas","Marshall County",1,37,125,64,61
050,20,117,"Kansas","Marshall County",1,38,129,63,66
050,20,117,"Kansas","Marshall County",1,39,135,64,71
050,20,117,"Kansas","Marshall County",1,40,120,61,59
050,20,117,"Kansas","Marshall County",1,41,118,65,53
050,20,117,"Kansas","Marshall County",1,42,124,69,55
050,20,117,"Kansas","Marshall County",1,43,120,68,52
050,20,117,"Kansas","Marshall County",1,44,104,55,49
050,20,117,"Kansas","Marshall County",1,45,100,51,49
050,20,117,"Kansas","Marshall County",1,46,96,51,45
050,20,117,"Kansas","Marshall County",1,47,85,48,37
050,20,117,"Kansas","Marshall County",1,48,107,56,51
050,20,117,"Kansas","Marshall County",1,49,110,57,53
050,20,117,"Kansas","Marshall County",1,50,109,55,54
050,20,117,"Kansas","Marshall County",1,51,97,52,45
050,20,117,"Kansas","Marshall County",1,52,81,46,35
050,20,117,"Kansas","Marshall County",1,53,107,54,53
050,20,117,"Kansas","Marshall County",1,54,116,58,58
050,20,117,"Kansas","Marshall County",1,55,136,63,73
050,20,117,"Kansas","Marshall County",1,56,135,67,68
050,20,117,"Kansas","Marshall County",1,57,143,68,75
050,20,117,"Kansas","Marshall County",1,58,158,77,81
050,20,117,"Kansas","Marshall County",1,59,160,83,77
050,20,117,"Kansas","Marshall County",1,60,163,84,79
050,20,117,"Kansas","Marshall County",1,61,173,86,87
050,20,117,"Kansas","Marshall County",1,62,159,81,78
050,20,117,"Kansas","Marshall County",1,63,158,82,76
050,20,117,"Kansas","Marshall County",1,64,174,85,89
050,20,117,"Kansas","Marshall County",1,65,177,92,85
050,20,117,"Kansas","Marshall County",1,66,158,90,68
050,20,117,"Kansas","Marshall County",1,67,142,72,70
050,20,117,"Kansas","Marshall County",1,68,123,66,57
050,20,117,"Kansas","Marshall County",1,69,104,45,59
050,20,117,"Kansas","Marshall County",1,70,103,53,50
050,20,117,"Kansas","Marshall County",1,71,110,61,49
050,20,117,"Kansas","Marshall County",1,72,99,55,44
050,20,117,"Kansas","Marshall County",1,73,102,52,50
050,20,117,"Kansas","Marshall County",1,74,71,36,35
050,20,117,"Kansas","Marshall County",1,75,83,43,40
050,20,117,"Kansas","Marshall County",1,76,90,41,49
050,20,117,"Kansas","Marshall County",1,77,89,41,48
050,20,117,"Kansas","Marshall County",1,78,71,31,40
050,20,117,"Kansas","Marshall County",1,79,52,17,35
050,20,117,"Kansas","Marshall County",1,80,57,26,31
050,20,117,"Kansas","Marshall County",1,81,55,24,31
050,20,117,"Kansas","Marshall County",1,82,56,25,31
050,20,117,"Kansas","Marshall County",1,83,52,22,30
050,20,117,"Kansas","Marshall County",1,84,49,27,22
050,20,117,"Kansas","Marshall County",1,85,308,129,179
050,20,117,"Kansas","Marshall County",2,0,118,59,59
050,20,117,"Kansas","Marshall County",2,1,119,56,63
050,20,117,"Kansas","Marshall County",2,2,130,62,68
050,20,117,"Kansas","Marshall County",2,3,135,74,61
050,20,117,"Kansas","Marshall County",2,4,139,75,64
050,20,117,"Kansas","Marshall County",2,5,143,73,70
050,20,117,"Kansas","Marshall County",2,6,135,69,66
050,20,117,"Kansas","Marshall County",2,7,138,70,68
050,20,117,"Kansas","Marshall County",2,8,138,71,67
050,20,117,"Kansas","Marshall County",2,9,129,66,63
050,20,117,"Kansas","Marshall County",2,10,134,65,69
050,20,117,"Kansas","Marshall County",2,11,148,77,71
050,20,117,"Kansas","Marshall County",2,12,153,73,80
050,20,117,"Kansas","Marshall County",2,13,152,77,75
050,20,117,"Kansas","Marshall County",2,14,136,70,66
050,20,117,"Kansas","Marshall County",2,15,130,64,66
050,20,117,"Kansas","Marshall County",2,16,126,61,65
050,20,117,"Kansas","Marshall County",2,17,137,72,65
050,20,117,"Kansas","Marshall County",2,18,129,69,60
050,20,117,"Kansas","Marshall County",2,19,101,52,49
050,20,117,"Kansas","Marshall County",2,20,96,45,51
050,20,117,"Kansas","Marshall County",2,21,97,50,47
050,20,117,"Kansas","Marshall County",2,22,95,48,47
050,20,117,"Kansas","Marshall County",2,23,88,46,42
050,20,117,"Kansas","Marshall County",2,24,85,47,38
050,20,117,"Kansas","Marshall County",2,25,88,45,43
050,20,117,"Kansas","Marshall County",2,26,88,45,43
050,20,117,"Kansas","Marshall County",2,27,81,42,39
050,20,117,"Kansas","Marshall County",2,28,93,47,46
050,20,117,"Kansas","Marshall County",2,29,102,55,47
050,20,117,"Kansas","Marshall County",2,30,99,50,49
050,20,117,"Kansas","Marshall County",2,31,103,52,51
050,20,117,"Kansas","Marshall County",2,32,99,50,49
050,20,117,"Kansas","Marshall County",2,33,108,57,51
050,20,117,"Kansas","Marshall County",2,34,109,58,51
050,20,117,"Kansas","Marshall County",2,35,115,53,62
050,20,117,"Kansas","Marshall County",2,36,118,61,57
050,20,117,"Kansas","Marshall County",2,37,126,65,61
050,20,117,"Kansas","Marshall County",2,38,128,63,65
050,20,117,"Kansas","Marshall County",2,39,133,64,69
050,20,117,"Kansas","Marshall County",2,40,124,62,62
050,20,117,"Kansas","Marshall County",2,41,120,65,55
050,20,117,"Kansas","Marshall County",2,42,121,67,54
050,20,117,"Kansas","Marshall County",2,43,123,69,54
050,20,117,"Kansas","Marshall County",2,44,107,57,50
050,20,117,"Kansas","Marshall County",2,45,101,52,49
050,20,117,"Kansas","Marshall County",2,46,96,50,46
050,20,117,"Kansas","Marshall County",2,47,88,49,39
050,20,117,"Kansas","Marshall County",2,48,103,55,48
050,20,117,"Kansas","Marshall County",2,49,111,58,53
050,20,117,"Kansas","Marshall County",2,50,109,55,54
050,20,117,"Kansas","Marshall County",2,51,98,52,46
050,20,117,"Kansas","Marshall County",2,52,84,47,37
050,20,117,"Kansas","Marshall County",2,53,102,52,50
050,20,117,"Kansas","Marshall County",2,54,112,57,55
050,20,117,"Kansas","Marshall County",2,55,130,61,69
050,20,117,"Kansas","Marshall County",2,56,136,66,70
050,20,117,"Kansas","Marshall County",2,57,140,67,73
050,20,117,"Kansas","Marshall County",2,58,152,74,78
050,20,117,"Kansas","Marshall County",2,59,159,82,77
050,20,117,"Kansas","Marshall County",2,60,162,84,78
050,20,117,"Kansas","Marshall County",2,61,169,85,84
050,20,117,"Kansas","Marshall County",2,62,162,81,81
050,20,117,"Kansas","Marshall County",2,63,160,83,77
050,20,117,"Kansas","Marshall County",2,64,168,83,85
050,20,117,"Kansas","Marshall County",2,65,176,90,86
050,20,117,"Kansas","Marshall County",2,66,162,91,71
050,20,117,"Kansas","Marshall County",2,67,146,77,69
050,20,117,"Kansas","Marshall County",2,68,127,67,60
050,20,117,"Kansas","Marshall County",2,69,108,50,58
050,20,117,"Kansas","Marshall County",2,70,102,50,52
050,20,117,"Kansas","Marshall County",2,71,108,59,49
050,20,117,"Kansas","Marshall County",2,72,100,56,44
050,20,117,"Kansas","Marshall County",2,73,108,57,51
050,20,117,"Kansas","Marshall County",2,74,73,37,36
050,20,117,"Kansas","Marshall County",2,75,78,40,38
050,20,117,"Kansas","Marshall County",2,76,85,40,45
050,20,117,"Kansas","Marshall County",2,77,92,42,50
050,20,117,"Kansas","Marshall County",2,78,73,33,40
050,20,117,"Kansas","Marshall County",2,79,56,19,37
050,20,117,"Kansas","Marshall County",2,80,56,24,32
050,20,117,"Kansas","Marshall County",2,81,54,24,30
050,20,117,"Kansas","Marshall County",2,82,57,25,32
050,20,117,"Kansas","Marshall County",2,83,53,23,30
050,20,117,"Kansas","Marshall County",2,84,49,25,24
050,20,117,"Kansas","Marshall County",2,85,302,126,176
050,20,117,"Kansas","Marshall County",3,0,117,61,56
050,20,117,"Kansas","Marshall County",3,1,122,56,66
050,20,117,"Kansas","Marshall County",3,2,127,63,64
050,20,117,"Kansas","Marshall County",3,3,126,60,66
050,20,117,"Kansas","Marshall County",3,4,133,76,57
050,20,117,"Kansas","Marshall County",3,5,137,72,65
050,20,117,"Kansas","Marshall County",3,6,141,72,69
050,20,117,"Kansas","Marshall County",3,7,139,69,70
050,20,117,"Kansas","Marshall County",3,8,139,68,71
050,20,117,"Kansas","Marshall County",3,9,143,74,69
050,20,117,"Kansas","Marshall County",3,10,125,69,56
050,20,117,"Kansas","Marshall County",3,11,134,65,69
050,20,117,"Kansas","Marshall County",3,12,137,74,63
050,20,117,"Kansas","Marshall County",3,13,155,74,81
050,20,117,"Kansas","Marshall County",3,14,158,81,77
050,20,117,"Kansas","Marshall County",3,15,139,72,67
050,20,117,"Kansas","Marshall County",3,16,120,57,63
050,20,117,"Kansas","Marshall County",3,17,126,58,68
050,20,117,"Kansas","Marshall County",3,18,114,62,52
050,20,117,"Kansas","Marshall County",3,19,102,56,46
050,20,117,"Kansas","Marshall County",3,20,104,51,53
050,20,117,"Kansas","Marshall County",3,21,93,42,51
050,20,117,"Kansas","Marshall County",3,22,102,56,46
050,20,117,"Kansas","Marshall County",3,23,99,50,49
050,20,117,"Kansas","Marshall County",3,24,92,49,43
050,20,117,"Kansas","Marshall County",3,25,84,47,37
050,20,117,"Kansas","Marshall County",3,26,101,51,50
050,20,117,"Kansas","Marshall County",3,27,89,48,41
050,20,117,"Kansas","Marshall County",3,28,94,45,49
050,20,117,"Kansas","Marshall County",3,29,103,51,52
050,20,117,"Kansas","Marshall County",3,30,99,56,43
050,20,117,"Kansas","Marshall County",3,31,105,59,46
050,20,117,"Kansas","Marshall County",3,32,107,53,54
050,20,117,"Kansas","Marshall County",3,33,100,51,49
050,20,117,"Kansas","Marshall County",3,34,108,58,50
050,20,117,"Kansas","Marshall County",3,35,108,58,50
050,20,117,"Kansas","Marshall County",3,36,122,58,64
050,20,117,"Kansas","Marshall County",3,37,120,62,58
050,20,117,"Kansas","Marshall County",3,38,126,64,62
050,20,117,"Kansas","Marshall County",3,39,128,65,63
050,20,117,"Kansas","Marshall County",3,40,130,63,67
050,20,117,"Kansas","Marshall County",3,41,125,60,65
050,20,117,"Kansas","Marshall County",3,42,119,63,56
050,20,117,"Kansas","Marshall County",3,43,120,66,54
050,20,117,"Kansas","Marshall County",3,44,125,68,57
050,20,117,"Kansas","Marshall County",3,45,112,58,54
050,20,117,"Kansas","Marshall County",3,46,98,53,45
050,20,117,"Kansas","Marshall County",3,47,98,52,46
050,20,117,"Kansas","Marshall County",3,48,87,49,38
050,20,117,"Kansas","Marshall County",3,49,102,56,46
050,20,117,"Kansas","Marshall County",3,50,101,53,48
050,20,117,"Kansas","Marshall County",3,51,111,57,54
050,20,117,"Kansas","Marshall County",3,52,96,50,46
050,20,117,"Kansas","Marshall County",3,53,85,45,40
050,20,117,"Kansas","Marshall County",3,54,102,53,49
050,20,117,"Kansas","Marshall County",3,55,113,57,56
050,20,117,"Kansas","Marshall County",3,56,130,60,70
050,20,117,"Kansas","Marshall County",3,57,134,67,67
050,20,117,"Kansas","Marshall County",3,58,137,65,72
050,20,117,"Kansas","Marshall County",3,59,145,72,73
050,20,117,"Kansas","Marshall County",3,60,157,80,77
050,20,117,"Kansas","Marshall County",3,61,156,82,74
050,20,117,"Kansas","Marshall County",3,62,171,86,85
050,20,117,"Kansas","Marshall County",3,63,161,80,81
050,20,117,"Kansas","Marshall County",3,64,162,87,75
050,20,117,"Kansas","Marshall County",3,65,164,80,84
050,20,117,"Kansas","Marshall County",3,66,175,90,85
050,20,117,"Kansas","Marshall County",3,67,155,85,70
050,20,117,"Kansas","Marshall County",3,68,143,76,67
050,20,117,"Kansas","Marshall County",3,69,125,65,60
050,20,117,"Kansas","Marshall County",3,70,110,51,59
050,20,117,"Kansas","Marshall County",3,71,91,45,46
050,20,117,"Kansas","Marshall County",3,72,106,56,50
050,20,117,"Kansas","Marshall County",3,73,103,56,47
050,20,117,"Kansas","Marshall County",3,74,103,58,45
050,20,117,"Kansas","Marshall County",3,75,71,36,35
050,20,117,"Kansas","Marshall County",3,76,72,37,35
050,20,117,"Kansas","Marshall County",3,77,78,37,41
050,20,117,"Kansas","Marshall County",3,78,92,40,52
050,20,117,"Kansas","Marshall County",3,79,73,32,41
050,20,117,"Kansas","Marshall County",3,80,55,20,35
050,20,117,"Kansas","Marshall County",3,81,54,23,31
050,20,117,"Kansas","Marshall County",3,82,53,21,32
050,20,117,"Kansas","Marshall County",3,83,55,25,30
050,20,117,"Kansas","Marshall County",3,84,45,20,25
050,20,117,"Kansas","Marshall County",3,85,303,137,166
050,20,117,"Kansas","Marshall County",4,0,104,53,51
050,20,117,"Kansas","Marshall County",4,1,97,51,46
050,20,117,"Kansas","Marshall County",4,2,128,60,68
050,20,117,"Kansas","Marshall County",4,3,126,65,61
050,20,117,"Kansas","Marshall County",4,4,131,64,67
050,20,117,"Kansas","Marshall County",4,5,138,74,64
050,20,117,"Kansas","Marshall County",4,6,139,75,64
050,20,117,"Kansas","Marshall County",4,7,134,67,67
050,20,117,"Kansas","Marshall County",4,8,140,68,72
050,20,117,"Kansas","Marshall County",4,9,134,62,72
050,20,117,"Kansas","Marshall County",4,10,139,72,67
050,20,117,"Kansas","Marshall County",4,11,134,72,62
050,20,117,"Kansas","Marshall County",4,12,134,66,68
050,20,117,"Kansas","Marshall County",4,13,145,79,66
050,20,117,"Kansas","Marshall County",4,14,163,79,84
050,20,117,"Kansas","Marshall County",4,15,150,75,75
050,20,117,"Kansas","Marshall County",4,16,136,68,68
050,20,117,"Kansas","Marshall County",4,17,124,61,63
050,20,117,"Kansas","Marshall County",4,18,104,48,56
050,20,117,"Kansas","Marshall County",4,19,91,48,43
050,20,117,"Kansas","Marshall County",4,20,106,58,48
050,20,117,"Kansas","Marshall County",4,21,92,41,51
050,20,117,"Kansas","Marshall County",4,22,105,52,53
050,20,117,"Kansas","Marshall County",4,23,99,55,44
050,20,117,"Kansas","Marshall County",4,24,99,54,45
050,20,117,"Kansas","Marshall County",4,25,93,51,42
050,20,117,"Kansas","Marshall County",4,26,85,51,34
050,20,117,"Kansas","Marshall County",4,27,105,52,53
050,20,117,"Kansas","Marshall County",4,28,94,48,46
050,20,117,"Kansas","Marshall County",4,29,91,47,44
050,20,117,"Kansas","Marshall County",4,30,108,56,52
050,20,117,"Kansas","Marshall County",4,31,94,51,43
050,20,117,"Kansas","Marshall County",4,32,110,58,52
050,20,117,"Kansas","Marshall County",4,33,109,52,57
050,20,117,"Kansas","Marshall County",4,34,101,49,52
050,20,117,"Kansas","Marshall County",4,35,107,58,49
050,20,117,"Kansas","Marshall County",4,36,107,56,51
050,20,117,"Kansas","Marshall County",4,37,120,57,63
050,20,117,"Kansas","Marshall County",4,38,123,64,59
050,20,117,"Kansas","Marshall County",4,39,129,64,65
050,20,117,"Kansas","Marshall County",4,40,131,65,66
050,20,117,"Kansas","Marshall County",4,41,128,61,67
050,20,117,"Kansas","Marshall County",4,42,124,59,65
050,20,117,"Kansas","Marshall County",4,43,115,61,54
050,20,117,"Kansas","Marshall County",4,44,120,66,54
050,20,117,"Kansas","Marshall County",4,45,127,70,57
050,20,117,"Kansas","Marshall County",4,46,112,59,53
050,20,117,"Kansas","Marshall County",4,47,99,52,47
050,20,117,"Kansas","Marshall County",4,48,99,53,46
050,20,117,"Kansas","Marshall County",4,49,86,50,36
050,20,117,"Kansas","Marshall County",4,50,98,50,48
050,20,117,"Kansas","Marshall County",4,51,101,53,48
050,20,117,"Kansas","Marshall County",4,52,108,54,54
050,20,117,"Kansas","Marshall County",4,53,95,51,44
050,20,117,"Kansas","Marshall County",4,54,90,47,43
050,20,117,"Kansas","Marshall County",4,55,106,53,53
050,20,117,"Kansas","Marshall County",4,56,113,58,55
050,20,117,"Kansas","Marshall County",4,57,129,60,69
050,20,117,"Kansas","Marshall County",4,58,137,69,68
050,20,117,"Kansas","Marshall County",4,59,137,66,71
050,20,117,"Kansas","Marshall County",4,60,149,74,75
050,20,117,"Kansas","Marshall County",4,61,162,84,78
050,20,117,"Kansas","Marshall County",4,62,154,79,75
050,20,117,"Kansas","Marshall County",4,63,176,93,83
050,20,117,"Kansas","Marshall County",4,64,160,77,83
050,20,117,"Kansas","Marshall County",4,65,163,85,78
050,20,117,"Kansas","Marshall County",4,66,163,81,82
050,20,117,"Kansas","Marshall County",4,67,166,85,81
050,20,117,"Kansas","Marshall County",4,68,150,81,69
050,20,117,"Kansas","Marshall County",4,69,138,74,64
050,20,117,"Kansas","Marshall County",4,70,122,60,62
050,20,117,"Kansas","Marshall County",4,71,107,48,59
050,20,117,"Kansas","Marshall County",4,72,86,41,45
050,20,117,"Kansas","Marshall County",4,73,104,56,48
050,20,117,"Kansas","Marshall County",4,74,99,57,42
050,20,117,"Kansas","Marshall County",4,75,100,57,43
050,20,117,"Kansas","Marshall County",4,76,66,32,34
050,20,117,"Kansas","Marshall County",4,77,68,36,32
050,20,117,"Kansas","Marshall County",4,78,77,34,43
050,20,117,"Kansas","Marshall County",4,79,86,36,50
050,20,117,"Kansas","Marshall County",4,80,68,30,38
050,20,117,"Kansas","Marshall County",4,81,51,20,31
050,20,117,"Kansas","Marshall County",4,82,52,20,32
050,20,117,"Kansas","Marshall County",4,83,52,22,30
050,20,117,"Kansas","Marshall County",4,84,49,22,27
050,20,117,"Kansas","Marshall County",4,85,301,142,159
050,20,117,"Kansas","Marshall County",5,0,99,51,48
050,20,117,"Kansas","Marshall County",5,1,96,47,49
050,20,117,"Kansas","Marshall County",5,2,98,54,44
050,20,117,"Kansas","Marshall County",5,3,128,60,68
050,20,117,"Kansas","Marshall County",5,4,127,66,61
050,20,117,"Kansas","Marshall County",5,5,129,64,65
050,20,117,"Kansas","Marshall County",5,6,138,74,64
050,20,117,"Kansas","Marshall County",5,7,141,77,64
050,20,117,"Kansas","Marshall County",5,8,144,72,72
050,20,117,"Kansas","Marshall County",5,9,143,73,70
050,20,117,"Kansas","Marshall County",5,10,143,66,77
050,20,117,"Kansas","Marshall County",5,11,144,73,71
050,20,117,"Kansas","Marshall County",5,12,128,70,58
050,20,117,"Kansas","Marshall County",5,13,137,66,71
050,20,117,"Kansas","Marshall County",5,14,143,76,67
050,20,117,"Kansas","Marshall County",5,15,161,78,83
050,20,117,"Kansas","Marshall County",5,16,147,74,73
050,20,117,"Kansas","Marshall County",5,17,138,71,67
050,20,117,"Kansas","Marshall County",5,18,97,49,48
050,20,117,"Kansas","Marshall County",5,19,81,42,39
050,20,117,"Kansas","Marshall County",5,20,90,47,43
050,20,117,"Kansas","Marshall County",5,21,103,56,47
050,20,117,"Kansas","Marshall County",5,22,101,45,56
050,20,117,"Kansas","Marshall County",5,23,93,48,45
050,20,117,"Kansas","Marshall County",5,24,91,49,42
050,20,117,"Kansas","Marshall County",5,25,100,58,42
050,20,117,"Kansas","Marshall County",5,26,96,52,44
050,20,117,"Kansas","Marshall County",5,27,82,47,35
050,20,117,"Kansas","Marshall County",5,28,107,53,54
050,20,117,"Kansas","Marshall County",5,29,96,48,48
050,20,117,"Kansas","Marshall County",5,30,88,42,46
050,20,117,"Kansas","Marshall County",5,31,104,54,50
050,20,117,"Kansas","Marshall County",5,32,92,48,44
050,20,117,"Kansas","Marshall County",5,33,110,57,53
050,20,117,"Kansas","Marshall County",5,34,108,51,57
050,20,117,"Kansas","Marshall County",5,35,98,48,50
050,20,117,"Kansas","Marshall County",5,36,108,59,49
050,20,117,"Kansas","Marshall County",5,37,108,54,54
050,20,117,"Kansas","Marshall County",5,38,120,56,64
050,20,117,"Kansas","Marshall County",5,39,128,68,60
050,20,117,"Kansas","Marshall County",5,40,136,65,71
050,20,117,"Kansas","Marshall County",5,41,134,68,66
050,20,117,"Kansas","Marshall County",5,42,122,60,62
050,20,117,"Kansas","Marshall County",5,43,123,62,61
050,20,117,"Kansas","Marshall County",5,44,114,60,54
050,20,117,"Kansas","Marshall County",5,45,122,71,51
050,20,117,"Kansas","Marshall County",5,46,127,71,56
050,20,117,"Kansas","Marshall County",5,47,108,57,51
050,20,117,"Kansas","Marshall County",5,48,95,49,46
050,20,117,"Kansas","Marshall County",5,49,98,54,44
050,20,117,"Kansas","Marshall County",5,50,85,50,35
050,20,117,"Kansas","Marshall County",5,51,90,46,44
050,20,117,"Kansas","Marshall County",5,52,99,52,47
050,20,117,"Kansas","Marshall County",5,53,106,58,48
050,20,117,"Kansas","Marshall County",5,54,94,49,45
050,20,117,"Kansas","Marshall County",5,55,92,48,44
050,20,117,"Kansas","Marshall County",5,56,109,54,55
050,20,117,"Kansas","Marshall County",5,57,115,60,55
050,20,117,"Kansas","Marshall County",5,58,125,58,67
050,20,117,"Kansas","Marshall County",5,59,144,71,73
050,20,117,"Kansas","Marshall County",5,60,139,68,71
050,20,117,"Kansas","Marshall County",5,61,145,74,71
050,20,117,"Kansas","Marshall County",5,62,163,84,79
050,20,117,"Kansas","Marshall County",5,63,152,77,75
050,20,117,"Kansas","Marshall County",5,64,177,93,84
050,20,117,"Kansas","Marshall County",5,65,159,75,84
050,20,117,"Kansas","Marshall County",5,66,160,84,76
050,20,117,"Kansas","Marshall County",5,67,162,83,79
050,20,117,"Kansas","Marshall County",5,68,167,85,82
050,20,117,"Kansas","Marshall County",5,69,149,80,69
050,20,117,"Kansas","Marshall County",5,70,135,70,65
050,20,117,"Kansas","Marshall County",5,71,119,57,62
050,20,117,"Kansas","Marshall County",5,72,103,45,58
050,20,117,"Kansas","Marshall County",5,73,89,44,45
050,20,117,"Kansas","Marshall County",5,74,100,56,44
050,20,117,"Kansas","Marshall County",5,75,95,55,40
050,20,117,"Kansas","Marshall County",5,76,95,53,42
050,20,117,"Kansas","Marshall County",5,77,60,30,30
050,20,117,"Kansas","Marshall County",5,78,65,34,31
050,20,117,"Kansas","Marshall County",5,79,68,29,39
050,20,117,"Kansas","Marshall County",5,80,83,34,49
050,20,117,"Kansas","Marshall County",5,81,64,29,35
050,20,117,"Kansas","Marshall County",5,82,51,19,32
050,20,117,"Kansas","Marshall County",5,83,52,22,30
050,20,117,"Kansas","Marshall County",5,84,47,20,27
050,20,117,"Kansas","Marshall County",5,85,311,149,162
050,20,119,"Kansas","Meade County",1,0,52,25,27
050,20,119,"Kansas","Meade County",1,1,63,25,38
050,20,119,"Kansas","Meade County",1,2,61,32,29
050,20,119,"Kansas","Meade County",1,3,54,31,23
050,20,119,"Kansas","Meade County",1,4,51,27,24
050,20,119,"Kansas","Meade County",1,5,64,37,27
050,20,119,"Kansas","Meade County",1,6,48,23,25
050,20,119,"Kansas","Meade County",1,7,71,35,36
050,20,119,"Kansas","Meade County",1,8,70,40,30
050,20,119,"Kansas","Meade County",1,9,56,29,27
050,20,119,"Kansas","Meade County",1,10,55,32,23
050,20,119,"Kansas","Meade County",1,11,67,35,32
050,20,119,"Kansas","Meade County",1,12,74,46,28
050,20,119,"Kansas","Meade County",1,13,59,37,22
050,20,119,"Kansas","Meade County",1,14,61,34,27
050,20,119,"Kansas","Meade County",1,15,51,28,23
050,20,119,"Kansas","Meade County",1,16,55,30,25
050,20,119,"Kansas","Meade County",1,17,59,31,28
050,20,119,"Kansas","Meade County",1,18,48,24,24
050,20,119,"Kansas","Meade County",1,19,49,22,27
050,20,119,"Kansas","Meade County",1,20,50,30,20
050,20,119,"Kansas","Meade County",1,21,50,29,21
050,20,119,"Kansas","Meade County",1,22,47,22,25
050,20,119,"Kansas","Meade County",1,23,46,25,21
050,20,119,"Kansas","Meade County",1,24,46,20,26
050,20,119,"Kansas","Meade County",1,25,57,24,33
050,20,119,"Kansas","Meade County",1,26,58,31,27
050,20,119,"Kansas","Meade County",1,27,62,33,29
050,20,119,"Kansas","Meade County",1,28,49,25,24
050,20,119,"Kansas","Meade County",1,29,38,21,17
050,20,119,"Kansas","Meade County",1,30,47,21,26
050,20,119,"Kansas","Meade County",1,31,32,19,13
050,20,119,"Kansas","Meade County",1,32,33,18,15
050,20,119,"Kansas","Meade County",1,33,47,23,24
050,20,119,"Kansas","Meade County",1,34,51,28,23
050,20,119,"Kansas","Meade County",1,35,39,23,16
050,20,119,"Kansas","Meade County",1,36,44,25,19
050,20,119,"Kansas","Meade County",1,37,52,32,20
050,20,119,"Kansas","Meade County",1,38,38,18,20
050,20,119,"Kansas","Meade County",1,39,37,18,19
050,20,119,"Kansas","Meade County",1,40,42,16,26
050,20,119,"Kansas","Meade County",1,41,37,20,17
050,20,119,"Kansas","Meade County",1,42,50,22,28
050,20,119,"Kansas","Meade County",1,43,43,20,23
050,20,119,"Kansas","Meade County",1,44,41,25,16
050,20,119,"Kansas","Meade County",1,45,30,16,14
050,20,119,"Kansas","Meade County",1,46,31,11,20
050,20,119,"Kansas","Meade County",1,47,42,18,24
050,20,119,"Kansas","Meade County",1,48,47,19,28
050,20,119,"Kansas","Meade County",1,49,57,27,30
050,20,119,"Kansas","Meade County",1,50,65,35,30
050,20,119,"Kansas","Meade County",1,51,60,31,29
050,20,119,"Kansas","Meade County",1,52,55,26,29
050,20,119,"Kansas","Meade County",1,53,52,30,22
050,20,119,"Kansas","Meade County",1,54,39,18,21
050,20,119,"Kansas","Meade County",1,55,36,14,22
050,20,119,"Kansas","Meade County",1,56,55,28,27
050,20,119,"Kansas","Meade County",1,57,55,29,26
050,20,119,"Kansas","Meade County",1,58,58,29,29
050,20,119,"Kansas","Meade County",1,59,58,29,29
050,20,119,"Kansas","Meade County",1,60,55,27,28
050,20,119,"Kansas","Meade County",1,61,60,34,26
050,20,119,"Kansas","Meade County",1,62,64,36,28
050,20,119,"Kansas","Meade County",1,63,50,26,24
050,20,119,"Kansas","Meade County",1,64,47,19,28
050,20,119,"Kansas","Meade County",1,65,47,23,24
050,20,119,"Kansas","Meade County",1,66,46,30,16
050,20,119,"Kansas","Meade County",1,67,55,33,22
050,20,119,"Kansas","Meade County",1,68,42,23,19
050,20,119,"Kansas","Meade County",1,69,45,25,20
050,20,119,"Kansas","Meade County",1,70,38,19,19
050,20,119,"Kansas","Meade County",1,71,29,17,12
050,20,119,"Kansas","Meade County",1,72,37,21,16
050,20,119,"Kansas","Meade County",1,73,39,20,19
050,20,119,"Kansas","Meade County",1,74,23,11,12
050,20,119,"Kansas","Meade County",1,75,25,14,11
050,20,119,"Kansas","Meade County",1,76,24,15,9
050,20,119,"Kansas","Meade County",1,77,21,10,11
050,20,119,"Kansas","Meade County",1,78,26,7,19
050,20,119,"Kansas","Meade County",1,79,22,5,17
050,20,119,"Kansas","Meade County",1,80,20,9,11
050,20,119,"Kansas","Meade County",1,81,24,9,15
050,20,119,"Kansas","Meade County",1,82,22,8,14
050,20,119,"Kansas","Meade County",1,83,16,7,9
050,20,119,"Kansas","Meade County",1,84,12,9,3
050,20,119,"Kansas","Meade County",1,85,129,60,69
050,20,119,"Kansas","Meade County",2,0,56,27,29
050,20,119,"Kansas","Meade County",2,1,60,24,36
050,20,119,"Kansas","Meade County",2,2,60,29,31
050,20,119,"Kansas","Meade County",2,3,56,31,25
050,20,119,"Kansas","Meade County",2,4,53,29,24
050,20,119,"Kansas","Meade County",2,5,61,34,27
050,20,119,"Kansas","Meade County",2,6,52,26,26
050,20,119,"Kansas","Meade County",2,7,67,33,34
050,20,119,"Kansas","Meade County",2,8,70,37,33
050,20,119,"Kansas","Meade County",2,9,59,32,27
050,20,119,"Kansas","Meade County",2,10,55,31,24
050,20,119,"Kansas","Meade County",2,11,64,34,30
050,20,119,"Kansas","Meade County",2,12,72,43,29
050,20,119,"Kansas","Meade County",2,13,62,39,23
050,20,119,"Kansas","Meade County",2,14,59,34,25
050,20,119,"Kansas","Meade County",2,15,53,30,23
050,20,119,"Kansas","Meade County",2,16,55,30,25
050,20,119,"Kansas","Meade County",2,17,58,30,28
050,20,119,"Kansas","Meade County",2,18,50,26,24
050,20,119,"Kansas","Meade County",2,19,47,22,25
050,20,119,"Kansas","Meade County",2,20,51,29,22
050,20,119,"Kansas","Meade County",2,21,48,27,21
050,20,119,"Kansas","Meade County",2,22,48,24,24
050,20,119,"Kansas","Meade County",2,23,44,24,20
050,20,119,"Kansas","Meade County",2,24,47,22,25
050,20,119,"Kansas","Meade County",2,25,54,24,30
050,20,119,"Kansas","Meade County",2,26,58,30,28
050,20,119,"Kansas","Meade County",2,27,60,32,28
050,20,119,"Kansas","Meade County",2,28,54,28,26
050,20,119,"Kansas","Meade County",2,29,44,23,21
050,20,119,"Kansas","Meade County",2,30,44,21,23
050,20,119,"Kansas","Meade County",2,31,36,20,16
050,20,119,"Kansas","Meade County",2,32,32,18,14
050,20,119,"Kansas","Meade County",2,33,46,23,23
050,20,119,"Kansas","Meade County",2,34,49,26,23
050,20,119,"Kansas","Meade County",2,35,41,25,16
050,20,119,"Kansas","Meade County",2,36,42,25,17
050,20,119,"Kansas","Meade County",2,37,50,30,20
050,20,119,"Kansas","Meade County",2,38,42,22,20
050,20,119,"Kansas","Meade County",2,39,38,19,19
050,20,119,"Kansas","Meade County",2,40,40,16,24
050,20,119,"Kansas","Meade County",2,41,38,19,19
050,20,119,"Kansas","Meade County",2,42,47,22,25
050,20,119,"Kansas","Meade County",2,43,44,20,24
050,20,119,"Kansas","Meade County",2,44,40,23,17
050,20,119,"Kansas","Meade County",2,45,32,17,15
050,20,119,"Kansas","Meade County",2,46,32,13,19
050,20,119,"Kansas","Meade County",2,47,40,16,24
050,20,119,"Kansas","Meade County",2,48,46,18,28
050,20,119,"Kansas","Meade County",2,49,55,26,29
050,20,119,"Kansas","Meade County",2,50,63,33,30
050,20,119,"Kansas","Meade County",2,51,60,31,29
050,20,119,"Kansas","Meade County",2,52,55,27,28
050,20,119,"Kansas","Meade County",2,53,53,29,24
050,20,119,"Kansas","Meade County",2,54,42,21,21
050,20,119,"Kansas","Meade County",2,55,37,16,21
050,20,119,"Kansas","Meade County",2,56,50,24,26
050,20,119,"Kansas","Meade County",2,57,55,29,26
050,20,119,"Kansas","Meade County",2,58,56,29,27
050,20,119,"Kansas","Meade County",2,59,58,29,29
050,20,119,"Kansas","Meade County",2,60,55,27,28
050,20,119,"Kansas","Meade County",2,61,60,33,27
050,20,119,"Kansas","Meade County",2,62,64,36,28
050,20,119,"Kansas","Meade County",2,63,52,28,24
050,20,119,"Kansas","Meade County",2,64,48,21,27
050,20,119,"Kansas","Meade County",2,65,47,22,25
050,20,119,"Kansas","Meade County",2,66,46,28,18
050,20,119,"Kansas","Meade County",2,67,53,32,21
050,20,119,"Kansas","Meade County",2,68,44,25,19
050,20,119,"Kansas","Meade County",2,69,43,24,19
050,20,119,"Kansas","Meade County",2,70,38,19,19
050,20,119,"Kansas","Meade County",2,71,31,18,13
050,20,119,"Kansas","Meade County",2,72,33,19,14
050,20,119,"Kansas","Meade County",2,73,39,20,19
050,20,119,"Kansas","Meade County",2,74,26,13,13
050,20,119,"Kansas","Meade County",2,75,25,14,11
050,20,119,"Kansas","Meade County",2,76,24,14,10
050,20,119,"Kansas","Meade County",2,77,23,12,11
050,20,119,"Kansas","Meade County",2,78,25,8,17
050,20,119,"Kansas","Meade County",2,79,23,5,18
050,20,119,"Kansas","Meade County",2,80,20,8,12
050,20,119,"Kansas","Meade County",2,81,22,7,15
050,20,119,"Kansas","Meade County",2,82,22,8,14
050,20,119,"Kansas","Meade County",2,83,17,8,9
050,20,119,"Kansas","Meade County",2,84,12,8,4
050,20,119,"Kansas","Meade County",2,85,129,60,69
050,20,119,"Kansas","Meade County",3,0,57,23,34
050,20,119,"Kansas","Meade County",3,1,48,26,22
050,20,119,"Kansas","Meade County",3,2,60,23,37
050,20,119,"Kansas","Meade County",3,3,53,27,26
050,20,119,"Kansas","Meade County",3,4,51,26,25
050,20,119,"Kansas","Meade County",3,5,48,27,21
050,20,119,"Kansas","Meade County",3,6,59,33,26
050,20,119,"Kansas","Meade County",3,7,56,27,29
050,20,119,"Kansas","Meade County",3,8,72,35,37
050,20,119,"Kansas","Meade County",3,9,67,34,33
050,20,119,"Kansas","Meade County",3,10,63,34,29
050,20,119,"Kansas","Meade County",3,11,56,32,24
050,20,119,"Kansas","Meade County",3,12,64,36,28
050,20,119,"Kansas","Meade County",3,13,68,40,28
050,20,119,"Kansas","Meade County",3,14,60,37,23
050,20,119,"Kansas","Meade County",3,15,59,36,23
050,20,119,"Kansas","Meade County",3,16,53,28,25
050,20,119,"Kansas","Meade County",3,17,58,30,28
050,20,119,"Kansas","Meade County",3,18,50,28,22
050,20,119,"Kansas","Meade County",3,19,40,21,19
050,20,119,"Kansas","Meade County",3,20,46,24,22
050,20,119,"Kansas","Meade County",3,21,52,29,23
050,20,119,"Kansas","Meade County",3,22,45,27,18
050,20,119,"Kansas","Meade County",3,23,48,25,23
050,20,119,"Kansas","Meade County",3,24,40,23,17
050,20,119,"Kansas","Meade County",3,25,49,24,25
050,20,119,"Kansas","Meade County",3,26,50,25,25
050,20,119,"Kansas","Meade County",3,27,57,30,27
050,20,119,"Kansas","Meade County",3,28,60,33,27
050,20,119,"Kansas","Meade County",3,29,47,29,18
050,20,119,"Kansas","Meade County",3,30,42,20,22
050,20,119,"Kansas","Meade County",3,31,46,22,24
050,20,119,"Kansas","Meade County",3,32,31,17,14
050,20,119,"Kansas","Meade County",3,33,36,21,15
050,20,119,"Kansas","Meade County",3,34,48,23,25
050,20,119,"Kansas","Meade County",3,35,52,27,25
050,20,119,"Kansas","Meade County",3,36,39,24,15
050,20,119,"Kansas","Meade County",3,37,38,22,16
050,20,119,"Kansas","Meade County",3,38,49,27,22
050,20,119,"Kansas","Meade County",3,39,47,26,21
050,20,119,"Kansas","Meade County",3,40,42,23,19
050,20,119,"Kansas","Meade County",3,41,42,17,25
050,20,119,"Kansas","Meade County",3,42,39,22,17
050,20,119,"Kansas","Meade County",3,43,47,23,24
050,20,119,"Kansas","Meade County",3,44,44,19,25
050,20,119,"Kansas","Meade County",3,45,37,21,16
050,20,119,"Kansas","Meade County",3,46,38,21,17
050,20,119,"Kansas","Meade County",3,47,29,11,18
050,20,119,"Kansas","Meade County",3,48,37,15,22
050,20,119,"Kansas","Meade County",3,49,47,20,27
050,20,119,"Kansas","Meade County",3,50,51,26,25
050,20,119,"Kansas","Meade County",3,51,63,32,31
050,20,119,"Kansas","Meade County",3,52,57,28,29
050,20,119,"Kansas","Meade County",3,53,51,27,24
050,20,119,"Kansas","Meade County",3,54,51,28,23
050,20,119,"Kansas","Meade County",3,55,44,21,23
050,20,119,"Kansas","Meade County",3,56,35,12,23
050,20,119,"Kansas","Meade County",3,57,46,20,26
050,20,119,"Kansas","Meade County",3,58,56,32,24
050,20,119,"Kansas","Meade County",3,59,56,28,28
050,20,119,"Kansas","Meade County",3,60,60,28,32
050,20,119,"Kansas","Meade County",3,61,56,26,30
050,20,119,"Kansas","Meade County",3,62,59,33,26
050,20,119,"Kansas","Meade County",3,63,63,37,26
050,20,119,"Kansas","Meade County",3,64,53,29,24
050,20,119,"Kansas","Meade County",3,65,47,22,25
050,20,119,"Kansas","Meade County",3,66,44,22,22
050,20,119,"Kansas","Meade County",3,67,44,27,17
050,20,119,"Kansas","Meade County",3,68,49,31,18
050,20,119,"Kansas","Meade County",3,69,42,23,19
050,20,119,"Kansas","Meade County",3,70,38,22,16
050,20,119,"Kansas","Meade County",3,71,34,15,19
050,20,119,"Kansas","Meade County",3,72,29,17,12
050,20,119,"Kansas","Meade County",3,73,31,17,14
050,20,119,"Kansas","Meade County",3,74,39,19,20
050,20,119,"Kansas","Meade County",3,75,28,14,14
050,20,119,"Kansas","Meade County",3,76,23,12,11
050,20,119,"Kansas","Meade County",3,77,24,14,10
050,20,119,"Kansas","Meade County",3,78,22,12,10
050,20,119,"Kansas","Meade County",3,79,25,6,19
050,20,119,"Kansas","Meade County",3,80,17,5,12
050,20,119,"Kansas","Meade County",3,81,20,6,14
050,20,119,"Kansas","Meade County",3,82,22,7,15
050,20,119,"Kansas","Meade County",3,83,20,9,11
050,20,119,"Kansas","Meade County",3,84,13,5,8
050,20,119,"Kansas","Meade County",3,85,119,56,63
050,20,119,"Kansas","Meade County",4,0,51,30,21
050,20,119,"Kansas","Meade County",4,1,50,18,32
050,20,119,"Kansas","Meade County",4,2,47,24,23
050,20,119,"Kansas","Meade County",4,3,56,24,32
050,20,119,"Kansas","Meade County",4,4,55,28,27
050,20,119,"Kansas","Meade County",4,5,49,24,25
050,20,119,"Kansas","Meade County",4,6,45,28,17
050,20,119,"Kansas","Meade County",4,7,62,37,25
050,20,119,"Kansas","Meade County",4,8,61,31,30
050,20,119,"Kansas","Meade County",4,9,67,30,37
050,20,119,"Kansas","Meade County",4,10,72,38,34
050,20,119,"Kansas","Meade County",4,11,61,31,30
050,20,119,"Kansas","Meade County",4,12,57,31,26
050,20,119,"Kansas","Meade County",4,13,61,34,27
050,20,119,"Kansas","Meade County",4,14,68,40,28
050,20,119,"Kansas","Meade County",4,15,61,40,21
050,20,119,"Kansas","Meade County",4,16,59,35,24
050,20,119,"Kansas","Meade County",4,17,53,29,24
050,20,119,"Kansas","Meade County",4,18,52,29,23
050,20,119,"Kansas","Meade County",4,19,38,21,17
050,20,119,"Kansas","Meade County",4,20,35,19,16
050,20,119,"Kansas","Meade County",4,21,41,22,19
050,20,119,"Kansas","Meade County",4,22,51,26,25
050,20,119,"Kansas","Meade County",4,23,50,29,21
050,20,119,"Kansas","Meade County",4,24,42,17,25
050,20,119,"Kansas","Meade County",4,25,32,19,13
050,20,119,"Kansas","Meade County",4,26,52,30,22
050,20,119,"Kansas","Meade County",4,27,49,24,25
050,20,119,"Kansas","Meade County",4,28,50,25,25
050,20,119,"Kansas","Meade County",4,29,55,28,27
050,20,119,"Kansas","Meade County",4,30,46,30,16
050,20,119,"Kansas","Meade County",4,31,45,22,23
050,20,119,"Kansas","Meade County",4,32,45,22,23
050,20,119,"Kansas","Meade County",4,33,33,18,15
050,20,119,"Kansas","Meade County",4,34,36,22,14
050,20,119,"Kansas","Meade County",4,35,42,19,23
050,20,119,"Kansas","Meade County",4,36,52,27,25
050,20,119,"Kansas","Meade County",4,37,41,23,18
050,20,119,"Kansas","Meade County",4,38,36,22,14
050,20,119,"Kansas","Meade County",4,39,48,28,20
050,20,119,"Kansas","Meade County",4,40,45,23,22
050,20,119,"Kansas","Meade County",4,41,45,26,19
050,20,119,"Kansas","Meade County",4,42,42,17,25
050,20,119,"Kansas","Meade County",4,43,39,21,18
050,20,119,"Kansas","Meade County",4,44,49,24,25
050,20,119,"Kansas","Meade County",4,45,41,18,23
050,20,119,"Kansas","Meade County",4,46,38,21,17
050,20,119,"Kansas","Meade County",4,47,41,23,18
050,20,119,"Kansas","Meade County",4,48,32,14,18
050,20,119,"Kansas","Meade County",4,49,37,18,19
050,20,119,"Kansas","Meade County",4,50,48,21,27
050,20,119,"Kansas","Meade County",4,51,45,21,24
050,20,119,"Kansas","Meade County",4,52,63,32,31
050,20,119,"Kansas","Meade County",4,53,60,30,30
050,20,119,"Kansas","Meade County",4,54,48,24,24
050,20,119,"Kansas","Meade County",4,55,53,28,25
050,20,119,"Kansas","Meade County",4,56,44,21,23
050,20,119,"Kansas","Meade County",4,57,36,11,25
050,20,119,"Kansas","Meade County",4,58,46,21,25
050,20,119,"Kansas","Meade County",4,59,58,33,25
050,20,119,"Kansas","Meade County",4,60,53,27,26
050,20,119,"Kansas","Meade County",4,61,61,28,33
050,20,119,"Kansas","Meade County",4,62,52,25,27
050,20,119,"Kansas","Meade County",4,63,58,33,25
050,20,119,"Kansas","Meade County",4,64,64,37,27
050,20,119,"Kansas","Meade County",4,65,54,29,25
050,20,119,"Kansas","Meade County",4,66,45,21,24
050,20,119,"Kansas","Meade County",4,67,43,22,21
050,20,119,"Kansas","Meade County",4,68,40,26,14
050,20,119,"Kansas","Meade County",4,69,48,30,18
050,20,119,"Kansas","Meade County",4,70,38,23,15
050,20,119,"Kansas","Meade County",4,71,36,20,16
050,20,119,"Kansas","Meade County",4,72,34,16,18
050,20,119,"Kansas","Meade County",4,73,25,14,11
050,20,119,"Kansas","Meade County",4,74,29,16,13
050,20,119,"Kansas","Meade County",4,75,39,20,19
050,20,119,"Kansas","Meade County",4,76,27,13,14
050,20,119,"Kansas","Meade County",4,77,23,12,11
050,20,119,"Kansas","Meade County",4,78,20,11,9
050,20,119,"Kansas","Meade County",4,79,22,11,11
050,20,119,"Kansas","Meade County",4,80,20,6,14
050,20,119,"Kansas","Meade County",4,81,13,1,12
050,20,119,"Kansas","Meade County",4,82,15,5,10
050,20,119,"Kansas","Meade County",4,83,15,6,9
050,20,119,"Kansas","Meade County",4,84,17,7,10
050,20,119,"Kansas","Meade County",4,85,106,51,55
050,20,119,"Kansas","Meade County",5,0,50,30,20
050,20,119,"Kansas","Meade County",5,1,44,32,12
050,20,119,"Kansas","Meade County",5,2,51,22,29
050,20,119,"Kansas","Meade County",5,3,56,30,26
050,20,119,"Kansas","Meade County",5,4,59,25,34
050,20,119,"Kansas","Meade County",5,5,48,27,21
050,20,119,"Kansas","Meade County",5,6,49,25,24
050,20,119,"Kansas","Meade County",5,7,45,29,16
050,20,119,"Kansas","Meade County",5,8,56,34,22
050,20,119,"Kansas","Meade County",5,9,60,29,31
050,20,119,"Kansas","Meade County",5,10,70,31,39
050,20,119,"Kansas","Meade County",5,11,74,38,36
050,20,119,"Kansas","Meade County",5,12,64,31,33
050,20,119,"Kansas","Meade County",5,13,60,32,28
050,20,119,"Kansas","Meade County",5,14,61,29,32
050,20,119,"Kansas","Meade County",5,15,73,43,30
050,20,119,"Kansas","Meade County",5,16,58,39,19
050,20,119,"Kansas","Meade County",5,17,58,31,27
050,20,119,"Kansas","Meade County",5,18,53,31,22
050,20,119,"Kansas","Meade County",5,19,39,22,17
050,20,119,"Kansas","Meade County",5,20,40,21,19
050,20,119,"Kansas","Meade County",5,21,30,17,13
050,20,119,"Kansas","Meade County",5,22,45,22,23
050,20,119,"Kansas","Meade County",5,23,46,25,21
050,20,119,"Kansas","Meade County",5,24,46,26,20
050,20,119,"Kansas","Meade County",5,25,45,23,22
050,20,119,"Kansas","Meade County",5,26,40,20,20
050,20,119,"Kansas","Meade County",5,27,55,28,27
050,20,119,"Kansas","Meade County",5,28,51,23,28
050,20,119,"Kansas","Meade County",5,29,50,24,26
050,20,119,"Kansas","Meade County",5,30,55,29,26
050,20,119,"Kansas","Meade County",5,31,49,26,23
050,20,119,"Kansas","Meade County",5,32,54,26,28
050,20,119,"Kansas","Meade County",5,33,44,23,21
050,20,119,"Kansas","Meade County",5,34,32,18,14
050,20,119,"Kansas","Meade County",5,35,35,20,15
050,20,119,"Kansas","Meade County",5,36,48,25,23
050,20,119,"Kansas","Meade County",5,37,51,27,24
050,20,119,"Kansas","Meade County",5,38,44,25,19
050,20,119,"Kansas","Meade County",5,39,36,22,14
050,20,119,"Kansas","Meade County",5,40,42,24,18
050,20,119,"Kansas","Meade County",5,41,48,25,23
050,20,119,"Kansas","Meade County",5,42,52,31,21
050,20,119,"Kansas","Meade County",5,43,43,18,25
050,20,119,"Kansas","Meade County",5,44,35,20,15
050,20,119,"Kansas","Meade County",5,45,46,22,24
050,20,119,"Kansas","Meade County",5,46,43,17,26
050,20,119,"Kansas","Meade County",5,47,37,21,16
050,20,119,"Kansas","Meade County",5,48,39,22,17
050,20,119,"Kansas","Meade County",5,49,28,15,13
050,20,119,"Kansas","Meade County",5,50,36,18,18
050,20,119,"Kansas","Meade County",5,51,47,20,27
050,20,119,"Kansas","Meade County",5,52,46,22,24
050,20,119,"Kansas","Meade County",5,53,64,34,30
050,20,119,"Kansas","Meade County",5,54,59,29,30
050,20,119,"Kansas","Meade County",5,55,45,21,24
050,20,119,"Kansas","Meade County",5,56,51,28,23
050,20,119,"Kansas","Meade County",5,57,43,20,23
050,20,119,"Kansas","Meade County",5,58,32,9,23
050,20,119,"Kansas","Meade County",5,59,48,22,26
050,20,119,"Kansas","Meade County",5,60,56,31,25
050,20,119,"Kansas","Meade County",5,61,54,28,26
050,20,119,"Kansas","Meade County",5,62,58,27,31
050,20,119,"Kansas","Meade County",5,63,52,25,27
050,20,119,"Kansas","Meade County",5,64,58,33,25
050,20,119,"Kansas","Meade County",5,65,64,37,27
050,20,119,"Kansas","Meade County",5,66,50,25,25
050,20,119,"Kansas","Meade County",5,67,44,19,25
050,20,119,"Kansas","Meade County",5,68,41,22,19
050,20,119,"Kansas","Meade County",5,69,39,26,13
050,20,119,"Kansas","Meade County",5,70,45,28,17
050,20,119,"Kansas","Meade County",5,71,35,21,14
050,20,119,"Kansas","Meade County",5,72,35,20,15
050,20,119,"Kansas","Meade County",5,73,31,13,18
050,20,119,"Kansas","Meade County",5,74,23,13,10
050,20,119,"Kansas","Meade County",5,75,30,16,14
050,20,119,"Kansas","Meade County",5,76,37,19,18
050,20,119,"Kansas","Meade County",5,77,26,13,13
050,20,119,"Kansas","Meade County",5,78,20,10,10
050,20,119,"Kansas","Meade County",5,79,21,10,11
050,20,119,"Kansas","Meade County",5,80,18,11,7
050,20,119,"Kansas","Meade County",5,81,20,5,15
050,20,119,"Kansas","Meade County",5,82,11,0,11
050,20,119,"Kansas","Meade County",5,83,16,6,10
050,20,119,"Kansas","Meade County",5,84,12,4,8
050,20,119,"Kansas","Meade County",5,85,107,52,55
050,20,121,"Kansas","Miami County",1,0,369,188,181
050,20,121,"Kansas","Miami County",1,1,387,197,190
050,20,121,"Kansas","Miami County",1,2,423,226,197
050,20,121,"Kansas","Miami County",1,3,400,207,193
050,20,121,"Kansas","Miami County",1,4,429,228,201
050,20,121,"Kansas","Miami County",1,5,432,208,224
050,20,121,"Kansas","Miami County",1,6,455,241,214
050,20,121,"Kansas","Miami County",1,7,466,245,221
050,20,121,"Kansas","Miami County",1,8,469,240,229
050,20,121,"Kansas","Miami County",1,9,458,221,237
050,20,121,"Kansas","Miami County",1,10,494,241,253
050,20,121,"Kansas","Miami County",1,11,497,257,240
050,20,121,"Kansas","Miami County",1,12,493,260,233
050,20,121,"Kansas","Miami County",1,13,519,273,246
050,20,121,"Kansas","Miami County",1,14,491,243,248
050,20,121,"Kansas","Miami County",1,15,525,259,266
050,20,121,"Kansas","Miami County",1,16,572,287,285
050,20,121,"Kansas","Miami County",1,17,516,260,256
050,20,121,"Kansas","Miami County",1,18,427,232,195
050,20,121,"Kansas","Miami County",1,19,346,193,153
050,20,121,"Kansas","Miami County",1,20,348,175,173
050,20,121,"Kansas","Miami County",1,21,351,180,171
050,20,121,"Kansas","Miami County",1,22,346,181,165
050,20,121,"Kansas","Miami County",1,23,336,176,160
050,20,121,"Kansas","Miami County",1,24,358,178,180
050,20,121,"Kansas","Miami County",1,25,340,175,165
050,20,121,"Kansas","Miami County",1,26,331,169,162
050,20,121,"Kansas","Miami County",1,27,338,173,165
050,20,121,"Kansas","Miami County",1,28,315,166,149
050,20,121,"Kansas","Miami County",1,29,349,183,166
050,20,121,"Kansas","Miami County",1,30,392,207,185
050,20,121,"Kansas","Miami County",1,31,365,177,188
050,20,121,"Kansas","Miami County",1,32,345,170,175
050,20,121,"Kansas","Miami County",1,33,361,178,183
050,20,121,"Kansas","Miami County",1,34,398,194,204
050,20,121,"Kansas","Miami County",1,35,430,215,215
050,20,121,"Kansas","Miami County",1,36,420,215,205
050,20,121,"Kansas","Miami County",1,37,439,223,216
050,20,121,"Kansas","Miami County",1,38,443,228,215
050,20,121,"Kansas","Miami County",1,39,472,246,226
050,20,121,"Kansas","Miami County",1,40,468,237,231
050,20,121,"Kansas","Miami County",1,41,429,211,218
050,20,121,"Kansas","Miami County",1,42,416,216,200
050,20,121,"Kansas","Miami County",1,43,427,220,207
050,20,121,"Kansas","Miami County",1,44,397,203,194
050,20,121,"Kansas","Miami County",1,45,435,216,219
050,20,121,"Kansas","Miami County",1,46,423,213,210
050,20,121,"Kansas","Miami County",1,47,395,190,205
050,20,121,"Kansas","Miami County",1,48,428,221,207
050,20,121,"Kansas","Miami County",1,49,457,245,212
050,20,121,"Kansas","Miami County",1,50,447,228,219
050,20,121,"Kansas","Miami County",1,51,448,235,213
050,20,121,"Kansas","Miami County",1,52,492,255,237
050,20,121,"Kansas","Miami County",1,53,478,243,235
050,20,121,"Kansas","Miami County",1,54,475,233,242
050,20,121,"Kansas","Miami County",1,55,521,255,266
050,20,121,"Kansas","Miami County",1,56,544,286,258
050,20,121,"Kansas","Miami County",1,57,543,285,258
050,20,121,"Kansas","Miami County",1,58,536,272,264
050,20,121,"Kansas","Miami County",1,59,533,271,262
050,20,121,"Kansas","Miami County",1,60,516,276,240
050,20,121,"Kansas","Miami County",1,61,488,261,227
050,20,121,"Kansas","Miami County",1,62,460,216,244
050,20,121,"Kansas","Miami County",1,63,471,232,239
050,20,121,"Kansas","Miami County",1,64,466,234,232
050,20,121,"Kansas","Miami County",1,65,460,216,244
050,20,121,"Kansas","Miami County",1,66,409,204,205
050,20,121,"Kansas","Miami County",1,67,349,169,180
050,20,121,"Kansas","Miami County",1,68,355,177,178
050,20,121,"Kansas","Miami County",1,69,347,177,170
050,20,121,"Kansas","Miami County",1,70,332,175,157
050,20,121,"Kansas","Miami County",1,71,314,151,163
050,20,121,"Kansas","Miami County",1,72,303,148,155
050,20,121,"Kansas","Miami County",1,73,313,151,162
050,20,121,"Kansas","Miami County",1,74,219,109,110
050,20,121,"Kansas","Miami County",1,75,219,107,112
050,20,121,"Kansas","Miami County",1,76,219,101,118
050,20,121,"Kansas","Miami County",1,77,230,107,123
050,20,121,"Kansas","Miami County",1,78,202,100,102
050,20,121,"Kansas","Miami County",1,79,196,93,103
050,20,121,"Kansas","Miami County",1,80,170,76,94
050,20,121,"Kansas","Miami County",1,81,146,57,89
050,20,121,"Kansas","Miami County",1,82,152,57,95
050,20,121,"Kansas","Miami County",1,83,113,44,69
050,20,121,"Kansas","Miami County",1,84,108,56,52
050,20,121,"Kansas","Miami County",1,85,699,248,451
050,20,121,"Kansas","Miami County",2,0,361,177,184
050,20,121,"Kansas","Miami County",2,1,384,198,186
050,20,121,"Kansas","Miami County",2,2,409,216,193
050,20,121,"Kansas","Miami County",2,3,406,213,193
050,20,121,"Kansas","Miami County",2,4,425,224,201
050,20,121,"Kansas","Miami County",2,5,432,214,218
050,20,121,"Kansas","Miami County",2,6,455,237,218
050,20,121,"Kansas","Miami County",2,7,466,246,220
050,20,121,"Kansas","Miami County",2,8,468,241,227
050,20,121,"Kansas","Miami County",2,9,462,227,235
050,20,121,"Kansas","Miami County",2,10,487,237,250
050,20,121,"Kansas","Miami County",2,11,493,254,239
050,20,121,"Kansas","Miami County",2,12,498,261,237
050,20,121,"Kansas","Miami County",2,13,512,270,242
050,20,121,"Kansas","Miami County",2,14,498,249,249
050,20,121,"Kansas","Miami County",2,15,518,256,262
050,20,121,"Kansas","Miami County",2,16,560,280,280
050,20,121,"Kansas","Miami County",2,17,530,269,261
050,20,121,"Kansas","Miami County",2,18,426,229,197
050,20,121,"Kansas","Miami County",2,19,343,190,153
050,20,121,"Kansas","Miami County",2,20,357,182,175
050,20,121,"Kansas","Miami County",2,21,349,178,171
050,20,121,"Kansas","Miami County",2,22,345,179,166
050,20,121,"Kansas","Miami County",2,23,337,175,162
050,20,121,"Kansas","Miami County",2,24,349,177,172
050,20,121,"Kansas","Miami County",2,25,347,178,169
050,20,121,"Kansas","Miami County",2,26,334,171,163
050,20,121,"Kansas","Miami County",2,27,334,170,164
050,20,121,"Kansas","Miami County",2,28,324,169,155
050,20,121,"Kansas","Miami County",2,29,346,181,165
050,20,121,"Kansas","Miami County",2,30,387,202,185
050,20,121,"Kansas","Miami County",2,31,370,183,187
050,20,121,"Kansas","Miami County",2,32,351,172,179
050,20,121,"Kansas","Miami County",2,33,357,176,181
050,20,121,"Kansas","Miami County",2,34,394,193,201
050,20,121,"Kansas","Miami County",2,35,427,212,215
050,20,121,"Kansas","Miami County",2,36,422,215,207
050,20,121,"Kansas","Miami County",2,37,438,224,214
050,20,121,"Kansas","Miami County",2,38,448,230,218
050,20,121,"Kansas","Miami County",2,39,469,245,224
050,20,121,"Kansas","Miami County",2,40,467,239,228
050,20,121,"Kansas","Miami County",2,41,438,218,220
050,20,121,"Kansas","Miami County",2,42,414,213,201
050,20,121,"Kansas","Miami County",2,43,428,222,206
050,20,121,"Kansas","Miami County",2,44,402,205,197
050,20,121,"Kansas","Miami County",2,45,428,214,214
050,20,121,"Kansas","Miami County",2,46,425,213,212
050,20,121,"Kansas","Miami County",2,47,400,196,204
050,20,121,"Kansas","Miami County",2,48,420,213,207
050,20,121,"Kansas","Miami County",2,49,452,239,213
050,20,121,"Kansas","Miami County",2,50,449,232,217
050,20,121,"Kansas","Miami County",2,51,446,233,213
050,20,121,"Kansas","Miami County",2,52,481,251,230
050,20,121,"Kansas","Miami County",2,53,482,246,236
050,20,121,"Kansas","Miami County",2,54,473,235,238
050,20,121,"Kansas","Miami County",2,55,511,250,261
050,20,121,"Kansas","Miami County",2,56,539,279,260
050,20,121,"Kansas","Miami County",2,57,541,285,256
050,20,121,"Kansas","Miami County",2,58,535,276,259
050,20,121,"Kansas","Miami County",2,59,534,270,264
050,20,121,"Kansas","Miami County",2,60,517,273,244
050,20,121,"Kansas","Miami County",2,61,491,262,229
050,20,121,"Kansas","Miami County",2,62,469,228,241
050,20,121,"Kansas","Miami County",2,63,471,230,241
050,20,121,"Kansas","Miami County",2,64,462,229,233
050,20,121,"Kansas","Miami County",2,65,463,222,241
050,20,121,"Kansas","Miami County",2,66,420,206,214
050,20,121,"Kansas","Miami County",2,67,364,179,185
050,20,121,"Kansas","Miami County",2,68,351,174,177
050,20,121,"Kansas","Miami County",2,69,353,179,174
050,20,121,"Kansas","Miami County",2,70,335,175,160
050,20,121,"Kansas","Miami County",2,71,319,156,163
050,20,121,"Kansas","Miami County",2,72,303,148,155
050,20,121,"Kansas","Miami County",2,73,324,156,168
050,20,121,"Kansas","Miami County",2,74,226,111,115
050,20,121,"Kansas","Miami County",2,75,219,107,112
050,20,121,"Kansas","Miami County",2,76,216,103,113
050,20,121,"Kansas","Miami County",2,77,227,104,123
050,20,121,"Kansas","Miami County",2,78,206,100,106
050,20,121,"Kansas","Miami County",2,79,198,96,102
050,20,121,"Kansas","Miami County",2,80,178,79,99
050,20,121,"Kansas","Miami County",2,81,150,63,87
050,20,121,"Kansas","Miami County",2,82,148,56,92
050,20,121,"Kansas","Miami County",2,83,118,48,70
050,20,121,"Kansas","Miami County",2,84,110,54,56
050,20,121,"Kansas","Miami County",2,85,703,254,449
050,20,121,"Kansas","Miami County",3,0,346,173,173
050,20,121,"Kansas","Miami County",3,1,359,180,179
050,20,121,"Kansas","Miami County",3,2,404,209,195
050,20,121,"Kansas","Miami County",3,3,416,219,197
050,20,121,"Kansas","Miami County",3,4,426,219,207
050,20,121,"Kansas","Miami County",3,5,430,230,200
050,20,121,"Kansas","Miami County",3,6,449,222,227
050,20,121,"Kansas","Miami County",3,7,456,234,222
050,20,121,"Kansas","Miami County",3,8,460,242,218
050,20,121,"Kansas","Miami County",3,9,477,242,235
050,20,121,"Kansas","Miami County",3,10,471,226,245
050,20,121,"Kansas","Miami County",3,11,481,231,250
050,20,121,"Kansas","Miami County",3,12,511,266,245
050,20,121,"Kansas","Miami County",3,13,512,259,253
050,20,121,"Kansas","Miami County",3,14,529,278,251
050,20,121,"Kansas","Miami County",3,15,523,261,262
050,20,121,"Kansas","Miami County",3,16,540,271,269
050,20,121,"Kansas","Miami County",3,17,568,278,290
050,20,121,"Kansas","Miami County",3,18,453,234,219
050,20,121,"Kansas","Miami County",3,19,338,183,155
050,20,121,"Kansas","Miami County",3,20,373,201,172
050,20,121,"Kansas","Miami County",3,21,369,193,176
050,20,121,"Kansas","Miami County",3,22,382,192,190
050,20,121,"Kansas","Miami County",3,23,343,175,168
050,20,121,"Kansas","Miami County",3,24,336,173,163
050,20,121,"Kansas","Miami County",3,25,357,191,166
050,20,121,"Kansas","Miami County",3,26,356,177,179
050,20,121,"Kansas","Miami County",3,27,341,167,174
050,20,121,"Kansas","Miami County",3,28,338,168,170
050,20,121,"Kansas","Miami County",3,29,346,177,169
050,20,121,"Kansas","Miami County",3,30,364,196,168
050,20,121,"Kansas","Miami County",3,31,395,205,190
050,20,121,"Kansas","Miami County",3,32,379,184,195
050,20,121,"Kansas","Miami County",3,33,367,185,182
050,20,121,"Kansas","Miami County",3,34,385,191,194
050,20,121,"Kansas","Miami County",3,35,402,200,202
050,20,121,"Kansas","Miami County",3,36,443,207,236
050,20,121,"Kansas","Miami County",3,37,436,231,205
050,20,121,"Kansas","Miami County",3,38,450,226,224
050,20,121,"Kansas","Miami County",3,39,467,244,223
050,20,121,"Kansas","Miami County",3,40,462,238,224
050,20,121,"Kansas","Miami County",3,41,476,242,234
050,20,121,"Kansas","Miami County",3,42,450,221,229
050,20,121,"Kansas","Miami County",3,43,422,215,207
050,20,121,"Kansas","Miami County",3,44,428,220,208
050,20,121,"Kansas","Miami County",3,45,413,213,200
050,20,121,"Kansas","Miami County",3,46,421,210,211
050,20,121,"Kansas","Miami County",3,47,436,223,213
050,20,121,"Kansas","Miami County",3,48,406,205,201
050,20,121,"Kansas","Miami County",3,49,424,218,206
050,20,121,"Kansas","Miami County",3,50,444,236,208
050,20,121,"Kansas","Miami County",3,51,451,227,224
050,20,121,"Kansas","Miami County",3,52,460,238,222
050,20,121,"Kansas","Miami County",3,53,491,252,239
050,20,121,"Kansas","Miami County",3,54,482,239,243
050,20,121,"Kansas","Miami County",3,55,460,225,235
050,20,121,"Kansas","Miami County",3,56,516,255,261
050,20,121,"Kansas","Miami County",3,57,535,276,259
050,20,121,"Kansas","Miami County",3,58,540,285,255
050,20,121,"Kansas","Miami County",3,59,529,269,260
050,20,121,"Kansas","Miami County",3,60,536,271,265
050,20,121,"Kansas","Miami County",3,61,517,278,239
050,20,121,"Kansas","Miami County",3,62,501,271,230
050,20,121,"Kansas","Miami County",3,63,468,230,238
050,20,121,"Kansas","Miami County",3,64,476,235,241
050,20,121,"Kansas","Miami County",3,65,452,226,226
050,20,121,"Kansas","Miami County",3,66,451,211,240
050,20,121,"Kansas","Miami County",3,67,409,202,207
050,20,121,"Kansas","Miami County",3,68,348,174,174
050,20,121,"Kansas","Miami County",3,69,355,174,181
050,20,121,"Kansas","Miami County",3,70,340,174,166
050,20,121,"Kansas","Miami County",3,71,329,167,162
050,20,121,"Kansas","Miami County",3,72,308,149,159
050,20,121,"Kansas","Miami County",3,73,301,148,153
050,20,121,"Kansas","Miami County",3,74,325,153,172
050,20,121,"Kansas","Miami County",3,75,227,106,121
050,20,121,"Kansas","Miami County",3,76,209,99,110
050,20,121,"Kansas","Miami County",3,77,206,103,103
050,20,121,"Kansas","Miami County",3,78,215,97,118
050,20,121,"Kansas","Miami County",3,79,193,92,101
050,20,121,"Kansas","Miami County",3,80,191,86,105
050,20,121,"Kansas","Miami County",3,81,173,76,97
050,20,121,"Kansas","Miami County",3,82,141,58,83
050,20,121,"Kansas","Miami County",3,83,132,52,80
050,20,121,"Kansas","Miami County",3,84,113,45,68
050,20,121,"Kansas","Miami County",3,85,701,245,456
050,20,121,"Kansas","Miami County",4,0,363,174,189
050,20,121,"Kansas","Miami County",4,1,379,200,179
050,20,121,"Kansas","Miami County",4,2,371,195,176
050,20,121,"Kansas","Miami County",4,3,403,207,196
050,20,121,"Kansas","Miami County",4,4,415,217,198
050,20,121,"Kansas","Miami County",4,5,431,228,203
050,20,121,"Kansas","Miami County",4,6,416,218,198
050,20,121,"Kansas","Miami County",4,7,452,222,230
050,20,121,"Kansas","Miami County",4,8,466,240,226
050,20,121,"Kansas","Miami County",4,9,467,252,215
050,20,121,"Kansas","Miami County",4,10,474,244,230
050,20,121,"Kansas","Miami County",4,11,488,237,251
050,20,121,"Kansas","Miami County",4,12,499,238,261
050,20,121,"Kansas","Miami County",4,13,518,265,253
050,20,121,"Kansas","Miami County",4,14,501,251,250
050,20,121,"Kansas","Miami County",4,15,521,271,250
050,20,121,"Kansas","Miami County",4,16,525,260,265
050,20,121,"Kansas","Miami County",4,17,537,275,262
050,20,121,"Kansas","Miami County",4,18,487,252,235
050,20,121,"Kansas","Miami County",4,19,344,180,164
050,20,121,"Kansas","Miami County",4,20,340,176,164
050,20,121,"Kansas","Miami County",4,21,372,201,171
050,20,121,"Kansas","Miami County",4,22,394,208,186
050,20,121,"Kansas","Miami County",4,23,377,195,182
050,20,121,"Kansas","Miami County",4,24,350,177,173
050,20,121,"Kansas","Miami County",4,25,347,183,164
050,20,121,"Kansas","Miami County",4,26,354,180,174
050,20,121,"Kansas","Miami County",4,27,359,187,172
050,20,121,"Kansas","Miami County",4,28,334,167,167
050,20,121,"Kansas","Miami County",4,29,365,181,184
050,20,121,"Kansas","Miami County",4,30,376,199,177
050,20,121,"Kansas","Miami County",4,31,365,193,172
050,20,121,"Kansas","Miami County",4,32,394,196,198
050,20,121,"Kansas","Miami County",4,33,409,205,204
050,20,121,"Kansas","Miami County",4,34,389,200,189
050,20,121,"Kansas","Miami County",4,35,386,189,197
050,20,121,"Kansas","Miami County",4,36,420,211,209
050,20,121,"Kansas","Miami County",4,37,451,215,236
050,20,121,"Kansas","Miami County",4,38,448,231,217
050,20,121,"Kansas","Miami County",4,39,470,240,230
050,20,121,"Kansas","Miami County",4,40,465,244,221
050,20,121,"Kansas","Miami County",4,41,486,254,232
050,20,121,"Kansas","Miami County",4,42,458,231,227
050,20,121,"Kansas","Miami County",4,43,461,229,232
050,20,121,"Kansas","Miami County",4,44,423,222,201
050,20,121,"Kansas","Miami County",4,45,438,224,214
050,20,121,"Kansas","Miami County",4,46,413,208,205
050,20,121,"Kansas","Miami County",4,47,433,217,216
050,20,121,"Kansas","Miami County",4,48,439,225,214
050,20,121,"Kansas","Miami County",4,49,404,202,202
050,20,121,"Kansas","Miami County",4,50,424,223,201
050,20,121,"Kansas","Miami County",4,51,448,234,214
050,20,121,"Kansas","Miami County",4,52,448,227,221
050,20,121,"Kansas","Miami County",4,53,459,234,225
050,20,121,"Kansas","Miami County",4,54,483,250,233
050,20,121,"Kansas","Miami County",4,55,472,230,242
050,20,121,"Kansas","Miami County",4,56,460,232,228
050,20,121,"Kansas","Miami County",4,57,508,249,259
050,20,121,"Kansas","Miami County",4,58,543,276,267
050,20,121,"Kansas","Miami County",4,59,532,276,256
050,20,121,"Kansas","Miami County",4,60,536,274,262
050,20,121,"Kansas","Miami County",4,61,521,267,254
050,20,121,"Kansas","Miami County",4,62,515,269,246
050,20,121,"Kansas","Miami County",4,63,499,271,228
050,20,121,"Kansas","Miami County",4,64,469,234,235
050,20,121,"Kansas","Miami County",4,65,474,230,244
050,20,121,"Kansas","Miami County",4,66,447,224,223
050,20,121,"Kansas","Miami County",4,67,434,205,229
050,20,121,"Kansas","Miami County",4,68,409,196,213
050,20,121,"Kansas","Miami County",4,69,340,171,169
050,20,121,"Kansas","Miami County",4,70,340,166,174
050,20,121,"Kansas","Miami County",4,71,338,169,169
050,20,121,"Kansas","Miami County",4,72,323,163,160
050,20,121,"Kansas","Miami County",4,73,293,143,150
050,20,121,"Kansas","Miami County",4,74,296,144,152
050,20,121,"Kansas","Miami County",4,75,317,148,169
050,20,121,"Kansas","Miami County",4,76,217,103,114
050,20,121,"Kansas","Miami County",4,77,199,96,103
050,20,121,"Kansas","Miami County",4,78,190,94,96
050,20,121,"Kansas","Miami County",4,79,206,90,116
050,20,121,"Kansas","Miami County",4,80,194,89,105
050,20,121,"Kansas","Miami County",4,81,183,91,92
050,20,121,"Kansas","Miami County",4,82,156,72,84
050,20,121,"Kansas","Miami County",4,83,126,57,69
050,20,121,"Kansas","Miami County",4,84,132,47,85
050,20,121,"Kansas","Miami County",4,85,683,229,454
050,20,121,"Kansas","Miami County",5,0,362,175,187
050,20,121,"Kansas","Miami County",5,1,395,197,198
050,20,121,"Kansas","Miami County",5,2,389,213,176
050,20,121,"Kansas","Miami County",5,3,401,206,195
050,20,121,"Kansas","Miami County",5,4,442,220,222
050,20,121,"Kansas","Miami County",5,5,421,220,201
050,20,121,"Kansas","Miami County",5,6,451,242,209
050,20,121,"Kansas","Miami County",5,7,424,221,203
050,20,121,"Kansas","Miami County",5,8,458,225,233
050,20,121,"Kansas","Miami County",5,9,477,251,226
050,20,121,"Kansas","Miami County",5,10,467,250,217
050,20,121,"Kansas","Miami County",5,11,476,247,229
050,20,121,"Kansas","Miami County",5,12,486,230,256
050,20,121,"Kansas","Miami County",5,13,496,231,265
050,20,121,"Kansas","Miami County",5,14,521,273,248
050,20,121,"Kansas","Miami County",5,15,493,248,245
050,20,121,"Kansas","Miami County",5,16,526,275,251
050,20,121,"Kansas","Miami County",5,17,512,252,260
050,20,121,"Kansas","Miami County",5,18,437,233,204
050,20,121,"Kansas","Miami County",5,19,363,190,173
050,20,121,"Kansas","Miami County",5,20,374,189,185
050,20,121,"Kansas","Miami County",5,21,357,186,171
050,20,121,"Kansas","Miami County",5,22,405,218,187
050,20,121,"Kansas","Miami County",5,23,413,226,187
050,20,121,"Kansas","Miami County",5,24,375,197,178
050,20,121,"Kansas","Miami County",5,25,342,166,176
050,20,121,"Kansas","Miami County",5,26,366,185,181
050,20,121,"Kansas","Miami County",5,27,379,199,180
050,20,121,"Kansas","Miami County",5,28,399,207,192
050,20,121,"Kansas","Miami County",5,29,353,172,181
050,20,121,"Kansas","Miami County",5,30,382,195,187
050,20,121,"Kansas","Miami County",5,31,419,221,198
050,20,121,"Kansas","Miami County",5,32,380,194,186
050,20,121,"Kansas","Miami County",5,33,437,218,219
050,20,121,"Kansas","Miami County",5,34,420,205,215
050,20,121,"Kansas","Miami County",5,35,396,203,193
050,20,121,"Kansas","Miami County",5,36,421,209,212
050,20,121,"Kansas","Miami County",5,37,447,230,217
050,20,121,"Kansas","Miami County",5,38,456,211,245
050,20,121,"Kansas","Miami County",5,39,471,244,227
050,20,121,"Kansas","Miami County",5,40,465,241,224
050,20,121,"Kansas","Miami County",5,41,493,256,237
050,20,121,"Kansas","Miami County",5,42,470,243,227
050,20,121,"Kansas","Miami County",5,43,464,235,229
050,20,121,"Kansas","Miami County",5,44,466,237,229
050,20,121,"Kansas","Miami County",5,45,419,224,195
050,20,121,"Kansas","Miami County",5,46,420,208,212
050,20,121,"Kansas","Miami County",5,47,429,225,204
050,20,121,"Kansas","Miami County",5,48,438,223,215
050,20,121,"Kansas","Miami County",5,49,455,231,224
050,20,121,"Kansas","Miami County",5,50,397,196,201
050,20,121,"Kansas","Miami County",5,51,423,220,203
050,20,121,"Kansas","Miami County",5,52,452,237,215
050,20,121,"Kansas","Miami County",5,53,454,231,223
050,20,121,"Kansas","Miami County",5,54,464,235,229
050,20,121,"Kansas","Miami County",5,55,481,251,230
050,20,121,"Kansas","Miami County",5,56,476,231,245
050,20,121,"Kansas","Miami County",5,57,452,224,228
050,20,121,"Kansas","Miami County",5,58,503,245,258
050,20,121,"Kansas","Miami County",5,59,545,276,269
050,20,121,"Kansas","Miami County",5,60,540,286,254
050,20,121,"Kansas","Miami County",5,61,529,269,260
050,20,121,"Kansas","Miami County",5,62,525,266,259
050,20,121,"Kansas","Miami County",5,63,532,278,254
050,20,121,"Kansas","Miami County",5,64,501,269,232
050,20,121,"Kansas","Miami County",5,65,468,233,235
050,20,121,"Kansas","Miami County",5,66,476,233,243
050,20,121,"Kansas","Miami County",5,67,435,214,221
050,20,121,"Kansas","Miami County",5,68,436,204,232
050,20,121,"Kansas","Miami County",5,69,412,199,213
050,20,121,"Kansas","Miami County",5,70,331,170,161
050,20,121,"Kansas","Miami County",5,71,337,164,173
050,20,121,"Kansas","Miami County",5,72,339,172,167
050,20,121,"Kansas","Miami County",5,73,313,162,151
050,20,121,"Kansas","Miami County",5,74,288,137,151
050,20,121,"Kansas","Miami County",5,75,288,139,149
050,20,121,"Kansas","Miami County",5,76,315,146,169
050,20,121,"Kansas","Miami County",5,77,207,95,112
050,20,121,"Kansas","Miami County",5,78,190,94,96
050,20,121,"Kansas","Miami County",5,79,180,89,91
050,20,121,"Kansas","Miami County",5,80,210,85,125
050,20,121,"Kansas","Miami County",5,81,180,85,95
050,20,121,"Kansas","Miami County",5,82,177,88,89
050,20,121,"Kansas","Miami County",5,83,138,66,72
050,20,121,"Kansas","Miami County",5,84,123,55,68
050,20,121,"Kansas","Miami County",5,85,695,216,479
050,20,123,"Kansas","Mitchell County",1,0,74,37,37
050,20,123,"Kansas","Mitchell County",1,1,71,35,36
050,20,123,"Kansas","Mitchell County",1,2,75,41,34
050,20,123,"Kansas","Mitchell County",1,3,72,36,36
050,20,123,"Kansas","Mitchell County",1,4,73,34,39
050,20,123,"Kansas","Mitchell County",1,5,81,44,37
050,20,123,"Kansas","Mitchell County",1,6,81,46,35
050,20,123,"Kansas","Mitchell County",1,7,84,44,40
050,20,123,"Kansas","Mitchell County",1,8,74,38,36
050,20,123,"Kansas","Mitchell County",1,9,75,38,37
050,20,123,"Kansas","Mitchell County",1,10,83,43,40
050,20,123,"Kansas","Mitchell County",1,11,77,38,39
050,20,123,"Kansas","Mitchell County",1,12,75,39,36
050,20,123,"Kansas","Mitchell County",1,13,75,39,36
050,20,123,"Kansas","Mitchell County",1,14,82,42,40
050,20,123,"Kansas","Mitchell County",1,15,76,33,43
050,20,123,"Kansas","Mitchell County",1,16,77,31,46
050,20,123,"Kansas","Mitchell County",1,17,83,46,37
050,20,123,"Kansas","Mitchell County",1,18,71,38,33
050,20,123,"Kansas","Mitchell County",1,19,75,54,21
050,20,123,"Kansas","Mitchell County",1,20,69,36,33
050,20,123,"Kansas","Mitchell County",1,21,56,27,29
050,20,123,"Kansas","Mitchell County",1,22,60,28,32
050,20,123,"Kansas","Mitchell County",1,23,58,27,31
050,20,123,"Kansas","Mitchell County",1,24,63,35,28
050,20,123,"Kansas","Mitchell County",1,25,62,28,34
050,20,123,"Kansas","Mitchell County",1,26,55,33,22
050,20,123,"Kansas","Mitchell County",1,27,63,28,35
050,20,123,"Kansas","Mitchell County",1,28,50,24,26
050,20,123,"Kansas","Mitchell County",1,29,48,28,20
050,20,123,"Kansas","Mitchell County",1,30,46,21,25
050,20,123,"Kansas","Mitchell County",1,31,54,25,29
050,20,123,"Kansas","Mitchell County",1,32,52,23,29
050,20,123,"Kansas","Mitchell County",1,33,47,22,25
050,20,123,"Kansas","Mitchell County",1,34,48,25,23
050,20,123,"Kansas","Mitchell County",1,35,68,38,30
050,20,123,"Kansas","Mitchell County",1,36,70,40,30
050,20,123,"Kansas","Mitchell County",1,37,74,41,33
050,20,123,"Kansas","Mitchell County",1,38,75,43,32
050,20,123,"Kansas","Mitchell County",1,39,69,40,29
050,20,123,"Kansas","Mitchell County",1,40,64,30,34
050,20,123,"Kansas","Mitchell County",1,41,53,25,28
050,20,123,"Kansas","Mitchell County",1,42,64,30,34
050,20,123,"Kansas","Mitchell County",1,43,57,31,26
050,20,123,"Kansas","Mitchell County",1,44,63,33,30
050,20,123,"Kansas","Mitchell County",1,45,60,31,29
050,20,123,"Kansas","Mitchell County",1,46,55,31,24
050,20,123,"Kansas","Mitchell County",1,47,67,27,40
050,20,123,"Kansas","Mitchell County",1,48,67,30,37
050,20,123,"Kansas","Mitchell County",1,49,60,34,26
050,20,123,"Kansas","Mitchell County",1,50,59,36,23
050,20,123,"Kansas","Mitchell County",1,51,59,34,25
050,20,123,"Kansas","Mitchell County",1,52,54,30,24
050,20,123,"Kansas","Mitchell County",1,53,63,35,28
050,20,123,"Kansas","Mitchell County",1,54,64,29,35
050,20,123,"Kansas","Mitchell County",1,55,79,38,41
050,20,123,"Kansas","Mitchell County",1,56,84,44,40
050,20,123,"Kansas","Mitchell County",1,57,88,48,40
050,20,123,"Kansas","Mitchell County",1,58,86,48,38
050,20,123,"Kansas","Mitchell County",1,59,71,40,31
050,20,123,"Kansas","Mitchell County",1,60,84,44,40
050,20,123,"Kansas","Mitchell County",1,61,85,41,44
050,20,123,"Kansas","Mitchell County",1,62,97,48,49
050,20,123,"Kansas","Mitchell County",1,63,83,42,41
050,20,123,"Kansas","Mitchell County",1,64,83,45,38
050,20,123,"Kansas","Mitchell County",1,65,77,38,39
050,20,123,"Kansas","Mitchell County",1,66,84,38,46
050,20,123,"Kansas","Mitchell County",1,67,77,40,37
050,20,123,"Kansas","Mitchell County",1,68,78,44,34
050,20,123,"Kansas","Mitchell County",1,69,69,40,29
050,20,123,"Kansas","Mitchell County",1,70,79,43,36
050,20,123,"Kansas","Mitchell County",1,71,76,39,37
050,20,123,"Kansas","Mitchell County",1,72,77,41,36
050,20,123,"Kansas","Mitchell County",1,73,74,37,37
050,20,123,"Kansas","Mitchell County",1,74,51,25,26
050,20,123,"Kansas","Mitchell County",1,75,55,30,25
050,20,123,"Kansas","Mitchell County",1,76,43,19,24
050,20,123,"Kansas","Mitchell County",1,77,42,17,25
050,20,123,"Kansas","Mitchell County",1,78,45,19,26
050,20,123,"Kansas","Mitchell County",1,79,45,19,26
050,20,123,"Kansas","Mitchell County",1,80,41,18,23
050,20,123,"Kansas","Mitchell County",1,81,40,21,19
050,20,123,"Kansas","Mitchell County",1,82,33,18,15
050,20,123,"Kansas","Mitchell County",1,83,28,15,13
050,20,123,"Kansas","Mitchell County",1,84,29,9,20
050,20,123,"Kansas","Mitchell County",1,85,179,61,118
050,20,123,"Kansas","Mitchell County",2,0,70,35,35
050,20,123,"Kansas","Mitchell County",2,1,70,35,35
050,20,123,"Kansas","Mitchell County",2,2,75,41,34
050,20,123,"Kansas","Mitchell County",2,3,71,36,35
050,20,123,"Kansas","Mitchell County",2,4,73,35,38
050,20,123,"Kansas","Mitchell County",2,5,79,42,37
050,20,123,"Kansas","Mitchell County",2,6,81,44,37
050,20,123,"Kansas","Mitchell County",2,7,82,43,39
050,20,123,"Kansas","Mitchell County",2,8,75,39,36
050,20,123,"Kansas","Mitchell County",2,9,75,39,36
050,20,123,"Kansas","Mitchell County",2,10,81,43,38
050,20,123,"Kansas","Mitchell County",2,11,78,40,38
050,20,123,"Kansas","Mitchell County",2,12,76,39,37
050,20,123,"Kansas","Mitchell County",2,13,75,39,36
050,20,123,"Kansas","Mitchell County",2,14,80,42,38
050,20,123,"Kansas","Mitchell County",2,15,79,36,43
050,20,123,"Kansas","Mitchell County",2,16,77,32,45
050,20,123,"Kansas","Mitchell County",2,17,83,44,39
050,20,123,"Kansas","Mitchell County",2,18,69,37,32
050,20,123,"Kansas","Mitchell County",2,19,75,53,22
050,20,123,"Kansas","Mitchell County",2,20,69,36,33
050,20,123,"Kansas","Mitchell County",2,21,57,28,29
050,20,123,"Kansas","Mitchell County",2,22,57,27,30
050,20,123,"Kansas","Mitchell County",2,23,60,27,33
050,20,123,"Kansas","Mitchell County",2,24,60,33,27
050,20,123,"Kansas","Mitchell County",2,25,62,29,33
050,20,123,"Kansas","Mitchell County",2,26,58,33,25
050,20,123,"Kansas","Mitchell County",2,27,62,31,31
050,20,123,"Kansas","Mitchell County",2,28,52,25,27
050,20,123,"Kansas","Mitchell County",2,29,49,27,22
050,20,123,"Kansas","Mitchell County",2,30,47,23,24
050,20,123,"Kansas","Mitchell County",2,31,51,24,27
050,20,123,"Kansas","Mitchell County",2,32,53,23,30
050,20,123,"Kansas","Mitchell County",2,33,48,22,26
050,20,123,"Kansas","Mitchell County",2,34,48,25,23
050,20,123,"Kansas","Mitchell County",2,35,63,35,28
050,20,123,"Kansas","Mitchell County",2,36,67,38,29
050,20,123,"Kansas","Mitchell County",2,37,74,40,34
050,20,123,"Kansas","Mitchell County",2,38,74,42,32
050,20,123,"Kansas","Mitchell County",2,39,69,40,29
050,20,123,"Kansas","Mitchell County",2,40,66,33,33
050,20,123,"Kansas","Mitchell County",2,41,58,27,31
050,20,123,"Kansas","Mitchell County",2,42,61,29,32
050,20,123,"Kansas","Mitchell County",2,43,59,31,28
050,20,123,"Kansas","Mitchell County",2,44,61,32,29
050,20,123,"Kansas","Mitchell County",2,45,61,32,29
050,20,123,"Kansas","Mitchell County",2,46,57,31,26
050,20,123,"Kansas","Mitchell County",2,47,64,27,37
050,20,123,"Kansas","Mitchell County",2,48,66,29,37
050,20,123,"Kansas","Mitchell County",2,49,63,34,29
050,20,123,"Kansas","Mitchell County",2,50,58,35,23
050,20,123,"Kansas","Mitchell County",2,51,58,34,24
050,20,123,"Kansas","Mitchell County",2,52,55,30,25
050,20,123,"Kansas","Mitchell County",2,53,61,34,27
050,20,123,"Kansas","Mitchell County",2,54,62,29,33
050,20,123,"Kansas","Mitchell County",2,55,76,36,40
050,20,123,"Kansas","Mitchell County",2,56,84,44,40
050,20,123,"Kansas","Mitchell County",2,57,88,48,40
050,20,123,"Kansas","Mitchell County",2,58,85,47,38
050,20,123,"Kansas","Mitchell County",2,59,75,43,32
050,20,123,"Kansas","Mitchell County",2,60,79,42,37
050,20,123,"Kansas","Mitchell County",2,61,84,41,43
050,20,123,"Kansas","Mitchell County",2,62,95,46,49
050,20,123,"Kansas","Mitchell County",2,63,86,44,42
050,20,123,"Kansas","Mitchell County",2,64,82,44,38
050,20,123,"Kansas","Mitchell County",2,65,78,39,39
050,20,123,"Kansas","Mitchell County",2,66,81,37,44
050,20,123,"Kansas","Mitchell County",2,67,79,40,39
050,20,123,"Kansas","Mitchell County",2,68,77,42,35
050,20,123,"Kansas","Mitchell County",2,69,72,41,31
050,20,123,"Kansas","Mitchell County",2,70,77,43,34
050,20,123,"Kansas","Mitchell County",2,71,75,38,37
050,20,123,"Kansas","Mitchell County",2,72,77,41,36
050,20,123,"Kansas","Mitchell County",2,73,79,40,39
050,20,123,"Kansas","Mitchell County",2,74,51,26,25
050,20,123,"Kansas","Mitchell County",2,75,53,28,25
050,20,123,"Kansas","Mitchell County",2,76,46,22,24
050,20,123,"Kansas","Mitchell County",2,77,43,18,25
050,20,123,"Kansas","Mitchell County",2,78,44,19,25
050,20,123,"Kansas","Mitchell County",2,79,45,19,26
050,20,123,"Kansas","Mitchell County",2,80,41,18,23
050,20,123,"Kansas","Mitchell County",2,81,41,21,20
050,20,123,"Kansas","Mitchell County",2,82,35,19,16
050,20,123,"Kansas","Mitchell County",2,83,26,13,13
050,20,123,"Kansas","Mitchell County",2,84,29,11,18
050,20,123,"Kansas","Mitchell County",2,85,176,61,115
050,20,123,"Kansas","Mitchell County",3,0,67,34,33
050,20,123,"Kansas","Mitchell County",3,1,75,42,33
050,20,123,"Kansas","Mitchell County",3,2,62,31,31
050,20,123,"Kansas","Mitchell County",3,3,78,42,36
050,20,123,"Kansas","Mitchell County",3,4,74,38,36
050,20,123,"Kansas","Mitchell County",3,5,70,37,33
050,20,123,"Kansas","Mitchell County",3,6,76,40,36
050,20,123,"Kansas","Mitchell County",3,7,84,46,38
050,20,123,"Kansas","Mitchell County",3,8,78,43,35
050,20,123,"Kansas","Mitchell County",3,9,78,39,39
050,20,123,"Kansas","Mitchell County",3,10,77,41,36
050,20,123,"Kansas","Mitchell County",3,11,86,44,42
050,20,123,"Kansas","Mitchell County",3,12,78,41,37
050,20,123,"Kansas","Mitchell County",3,13,77,41,36
050,20,123,"Kansas","Mitchell County",3,14,77,43,34
050,20,123,"Kansas","Mitchell County",3,15,83,39,44
050,20,123,"Kansas","Mitchell County",3,16,80,35,45
050,20,123,"Kansas","Mitchell County",3,17,81,34,47
050,20,123,"Kansas","Mitchell County",3,18,75,38,37
050,20,123,"Kansas","Mitchell County",3,19,88,60,28
050,20,123,"Kansas","Mitchell County",3,20,72,39,33
050,20,123,"Kansas","Mitchell County",3,21,54,32,22
050,20,123,"Kansas","Mitchell County",3,22,53,30,23
050,20,123,"Kansas","Mitchell County",3,23,58,24,34
050,20,123,"Kansas","Mitchell County",3,24,52,28,24
050,20,123,"Kansas","Mitchell County",3,25,46,21,25
050,20,123,"Kansas","Mitchell County",3,26,59,29,30
050,20,123,"Kansas","Mitchell County",3,27,54,31,23
050,20,123,"Kansas","Mitchell County",3,28,62,28,34
050,20,123,"Kansas","Mitchell County",3,29,56,31,25
050,20,123,"Kansas","Mitchell County",3,30,49,26,23
050,20,123,"Kansas","Mitchell County",3,31,48,26,22
050,20,123,"Kansas","Mitchell County",3,32,51,25,26
050,20,123,"Kansas","Mitchell County",3,33,55,24,31
050,20,123,"Kansas","Mitchell County",3,34,53,26,27
050,20,123,"Kansas","Mitchell County",3,35,44,21,23
050,20,123,"Kansas","Mitchell County",3,36,66,36,30
050,20,123,"Kansas","Mitchell County",3,37,68,41,27
050,20,123,"Kansas","Mitchell County",3,38,77,43,34
050,20,123,"Kansas","Mitchell County",3,39,76,43,33
050,20,123,"Kansas","Mitchell County",3,40,75,43,32
050,20,123,"Kansas","Mitchell County",3,41,70,35,35
050,20,123,"Kansas","Mitchell County",3,42,59,27,32
050,20,123,"Kansas","Mitchell County",3,43,64,28,36
050,20,123,"Kansas","Mitchell County",3,44,62,33,29
050,20,123,"Kansas","Mitchell County",3,45,64,33,31
050,20,123,"Kansas","Mitchell County",3,46,64,32,32
050,20,123,"Kansas","Mitchell County",3,47,61,34,27
050,20,123,"Kansas","Mitchell County",3,48,60,27,33
050,20,123,"Kansas","Mitchell County",3,49,68,32,36
050,20,123,"Kansas","Mitchell County",3,50,61,34,27
050,20,123,"Kansas","Mitchell County",3,51,59,36,23
050,20,123,"Kansas","Mitchell County",3,52,57,35,22
050,20,123,"Kansas","Mitchell County",3,53,55,30,25
050,20,123,"Kansas","Mitchell County",3,54,57,32,25
050,20,123,"Kansas","Mitchell County",3,55,64,30,34
050,20,123,"Kansas","Mitchell County",3,56,73,33,40
050,20,123,"Kansas","Mitchell County",3,57,83,42,41
050,20,123,"Kansas","Mitchell County",3,58,89,49,40
050,20,123,"Kansas","Mitchell County",3,59,87,47,40
050,20,123,"Kansas","Mitchell County",3,60,75,43,32
050,20,123,"Kansas","Mitchell County",3,61,81,43,38
050,20,123,"Kansas","Mitchell County",3,62,80,38,42
050,20,123,"Kansas","Mitchell County",3,63,91,43,48
050,20,123,"Kansas","Mitchell County",3,64,85,44,41
050,20,123,"Kansas","Mitchell County",3,65,83,43,40
050,20,123,"Kansas","Mitchell County",3,66,75,36,39
050,20,123,"Kansas","Mitchell County",3,67,82,41,41
050,20,123,"Kansas","Mitchell County",3,68,79,40,39
050,20,123,"Kansas","Mitchell County",3,69,72,37,35
050,20,123,"Kansas","Mitchell County",3,70,71,40,31
050,20,123,"Kansas","Mitchell County",3,71,74,40,34
050,20,123,"Kansas","Mitchell County",3,72,74,38,36
050,20,123,"Kansas","Mitchell County",3,73,71,40,31
050,20,123,"Kansas","Mitchell County",3,74,76,40,36
050,20,123,"Kansas","Mitchell County",3,75,48,25,23
050,20,123,"Kansas","Mitchell County",3,76,46,23,23
050,20,123,"Kansas","Mitchell County",3,77,43,21,22
050,20,123,"Kansas","Mitchell County",3,78,41,17,24
050,20,123,"Kansas","Mitchell County",3,79,43,17,26
050,20,123,"Kansas","Mitchell County",3,80,43,19,24
050,20,123,"Kansas","Mitchell County",3,81,36,15,21
050,20,123,"Kansas","Mitchell County",3,82,40,20,20
050,20,123,"Kansas","Mitchell County",3,83,30,15,15
050,20,123,"Kansas","Mitchell County",3,84,25,14,11
050,20,123,"Kansas","Mitchell County",3,85,151,54,97
050,20,123,"Kansas","Mitchell County",4,0,71,31,40
050,20,123,"Kansas","Mitchell County",4,1,65,34,31
050,20,123,"Kansas","Mitchell County",4,2,82,44,38
050,20,123,"Kansas","Mitchell County",4,3,64,31,33
050,20,123,"Kansas","Mitchell County",4,4,76,41,35
050,20,123,"Kansas","Mitchell County",4,5,74,37,37
050,20,123,"Kansas","Mitchell County",4,6,72,37,35
050,20,123,"Kansas","Mitchell County",4,7,78,42,36
050,20,123,"Kansas","Mitchell County",4,8,86,47,39
050,20,123,"Kansas","Mitchell County",4,9,80,41,39
050,20,123,"Kansas","Mitchell County",4,10,78,40,38
050,20,123,"Kansas","Mitchell County",4,11,76,39,37
050,20,123,"Kansas","Mitchell County",4,12,87,45,42
050,20,123,"Kansas","Mitchell County",4,13,86,46,40
050,20,123,"Kansas","Mitchell County",4,14,76,40,36
050,20,123,"Kansas","Mitchell County",4,15,73,38,35
050,20,123,"Kansas","Mitchell County",4,16,86,42,44
050,20,123,"Kansas","Mitchell County",4,17,82,37,45
050,20,123,"Kansas","Mitchell County",4,18,75,32,43
050,20,123,"Kansas","Mitchell County",4,19,83,59,24
050,20,123,"Kansas","Mitchell County",4,20,80,42,38
050,20,123,"Kansas","Mitchell County",4,21,55,28,27
050,20,123,"Kansas","Mitchell County",4,22,54,30,24
050,20,123,"Kansas","Mitchell County",4,23,58,32,26
050,20,123,"Kansas","Mitchell County",4,24,54,28,26
050,20,123,"Kansas","Mitchell County",4,25,52,24,28
050,20,123,"Kansas","Mitchell County",4,26,46,22,24
050,20,123,"Kansas","Mitchell County",4,27,56,28,28
050,20,123,"Kansas","Mitchell County",4,28,59,36,23
050,20,123,"Kansas","Mitchell County",4,29,66,32,34
050,20,123,"Kansas","Mitchell County",4,30,50,26,24
050,20,123,"Kansas","Mitchell County",4,31,53,28,25
050,20,123,"Kansas","Mitchell County",4,32,47,27,20
050,20,123,"Kansas","Mitchell County",4,33,51,24,27
050,20,123,"Kansas","Mitchell County",4,34,56,25,31
050,20,123,"Kansas","Mitchell County",4,35,52,27,25
050,20,123,"Kansas","Mitchell County",4,36,47,22,25
050,20,123,"Kansas","Mitchell County",4,37,63,31,32
050,20,123,"Kansas","Mitchell County",4,38,73,40,33
050,20,123,"Kansas","Mitchell County",4,39,76,44,32
050,20,123,"Kansas","Mitchell County",4,40,78,44,34
050,20,123,"Kansas","Mitchell County",4,41,74,42,32
050,20,123,"Kansas","Mitchell County",4,42,65,31,34
050,20,123,"Kansas","Mitchell County",4,43,61,30,31
050,20,123,"Kansas","Mitchell County",4,44,62,28,34
050,20,123,"Kansas","Mitchell County",4,45,70,35,35
050,20,123,"Kansas","Mitchell County",4,46,62,33,29
050,20,123,"Kansas","Mitchell County",4,47,61,30,31
050,20,123,"Kansas","Mitchell County",4,48,65,35,30
050,20,123,"Kansas","Mitchell County",4,49,61,28,33
050,20,123,"Kansas","Mitchell County",4,50,65,29,36
050,20,123,"Kansas","Mitchell County",4,51,62,34,28
050,20,123,"Kansas","Mitchell County",4,52,63,37,26
050,20,123,"Kansas","Mitchell County",4,53,54,31,23
050,20,123,"Kansas","Mitchell County",4,54,57,31,26
050,20,123,"Kansas","Mitchell County",4,55,58,33,25
050,20,123,"Kansas","Mitchell County",4,56,62,28,34
050,20,123,"Kansas","Mitchell County",4,57,78,38,40
050,20,123,"Kansas","Mitchell County",4,58,84,42,42
050,20,123,"Kansas","Mitchell County",4,59,87,48,39
050,20,123,"Kansas","Mitchell County",4,60,90,49,41
050,20,123,"Kansas","Mitchell County",4,61,77,45,32
050,20,123,"Kansas","Mitchell County",4,62,78,41,37
050,20,123,"Kansas","Mitchell County",4,63,78,38,40
050,20,123,"Kansas","Mitchell County",4,64,88,43,45
050,20,123,"Kansas","Mitchell County",4,65,83,44,39
050,20,123,"Kansas","Mitchell County",4,66,81,41,40
050,20,123,"Kansas","Mitchell County",4,67,73,36,37
050,20,123,"Kansas","Mitchell County",4,68,81,39,42
050,20,123,"Kansas","Mitchell County",4,69,74,34,40
050,20,123,"Kansas","Mitchell County",4,70,70,36,34
050,20,123,"Kansas","Mitchell County",4,71,66,38,28
050,20,123,"Kansas","Mitchell County",4,72,72,39,33
050,20,123,"Kansas","Mitchell County",4,73,72,38,34
050,20,123,"Kansas","Mitchell County",4,74,69,37,32
050,20,123,"Kansas","Mitchell County",4,75,75,40,35
050,20,123,"Kansas","Mitchell County",4,76,49,24,25
050,20,123,"Kansas","Mitchell County",4,77,39,20,19
050,20,123,"Kansas","Mitchell County",4,78,44,22,22
050,20,123,"Kansas","Mitchell County",4,79,41,16,25
050,20,123,"Kansas","Mitchell County",4,80,39,17,22
050,20,123,"Kansas","Mitchell County",4,81,39,16,23
050,20,123,"Kansas","Mitchell County",4,82,34,13,21
050,20,123,"Kansas","Mitchell County",4,83,34,17,17
050,20,123,"Kansas","Mitchell County",4,84,27,14,13
050,20,123,"Kansas","Mitchell County",4,85,130,51,79
050,20,123,"Kansas","Mitchell County",5,0,71,31,40
050,20,123,"Kansas","Mitchell County",5,1,73,32,41
050,20,123,"Kansas","Mitchell County",5,2,65,38,27
050,20,123,"Kansas","Mitchell County",5,3,84,48,36
050,20,123,"Kansas","Mitchell County",5,4,71,33,38
050,20,123,"Kansas","Mitchell County",5,5,79,44,35
050,20,123,"Kansas","Mitchell County",5,6,72,37,35
050,20,123,"Kansas","Mitchell County",5,7,69,36,33
050,20,123,"Kansas","Mitchell County",5,8,80,42,38
050,20,123,"Kansas","Mitchell County",5,9,84,49,35
050,20,123,"Kansas","Mitchell County",5,10,86,43,43
050,20,123,"Kansas","Mitchell County",5,11,78,39,39
050,20,123,"Kansas","Mitchell County",5,12,77,41,36
050,20,123,"Kansas","Mitchell County",5,13,86,44,42
050,20,123,"Kansas","Mitchell County",5,14,87,48,39
050,20,123,"Kansas","Mitchell County",5,15,79,42,37
050,20,123,"Kansas","Mitchell County",5,16,81,41,40
050,20,123,"Kansas","Mitchell County",5,17,85,40,45
050,20,123,"Kansas","Mitchell County",5,18,76,35,41
050,20,123,"Kansas","Mitchell County",5,19,83,54,29
050,20,123,"Kansas","Mitchell County",5,20,77,43,34
050,20,123,"Kansas","Mitchell County",5,21,63,31,32
050,20,123,"Kansas","Mitchell County",5,22,51,30,21
050,20,123,"Kansas","Mitchell County",5,23,58,31,27
050,20,123,"Kansas","Mitchell County",5,24,58,36,22
050,20,123,"Kansas","Mitchell County",5,25,56,24,32
050,20,123,"Kansas","Mitchell County",5,26,57,30,27
050,20,123,"Kansas","Mitchell County",5,27,45,23,22
050,20,123,"Kansas","Mitchell County",5,28,58,27,31
050,20,123,"Kansas","Mitchell County",5,29,66,43,23
050,20,123,"Kansas","Mitchell County",5,30,63,31,32
050,20,123,"Kansas","Mitchell County",5,31,49,25,24
050,20,123,"Kansas","Mitchell County",5,32,57,29,28
050,20,123,"Kansas","Mitchell County",5,33,45,22,23
050,20,123,"Kansas","Mitchell County",5,34,48,23,25
050,20,123,"Kansas","Mitchell County",5,35,55,23,32
050,20,123,"Kansas","Mitchell County",5,36,54,28,26
050,20,123,"Kansas","Mitchell County",5,37,47,22,25
050,20,123,"Kansas","Mitchell County",5,38,59,29,30
050,20,123,"Kansas","Mitchell County",5,39,74,41,33
050,20,123,"Kansas","Mitchell County",5,40,78,46,32
050,20,123,"Kansas","Mitchell County",5,41,77,43,34
050,20,123,"Kansas","Mitchell County",5,42,76,43,33
050,20,123,"Kansas","Mitchell County",5,43,67,32,35
050,20,123,"Kansas","Mitchell County",5,44,60,29,31
050,20,123,"Kansas","Mitchell County",5,45,66,32,34
050,20,123,"Kansas","Mitchell County",5,46,70,37,33
050,20,123,"Kansas","Mitchell County",5,47,64,33,31
050,20,123,"Kansas","Mitchell County",5,48,59,29,30
050,20,123,"Kansas","Mitchell County",5,49,68,36,32
050,20,123,"Kansas","Mitchell County",5,50,60,30,30
050,20,123,"Kansas","Mitchell County",5,51,64,29,35
050,20,123,"Kansas","Mitchell County",5,52,60,34,26
050,20,123,"Kansas","Mitchell County",5,53,63,37,26
050,20,123,"Kansas","Mitchell County",5,54,51,28,23
050,20,123,"Kansas","Mitchell County",5,55,59,32,27
050,20,123,"Kansas","Mitchell County",5,56,56,31,25
050,20,123,"Kansas","Mitchell County",5,57,61,28,33
050,20,123,"Kansas","Mitchell County",5,58,74,34,40
050,20,123,"Kansas","Mitchell County",5,59,84,42,42
050,20,123,"Kansas","Mitchell County",5,60,83,46,37
050,20,123,"Kansas","Mitchell County",5,61,95,53,42
050,20,123,"Kansas","Mitchell County",5,62,75,43,32
050,20,123,"Kansas","Mitchell County",5,63,77,42,35
050,20,123,"Kansas","Mitchell County",5,64,77,37,40
050,20,123,"Kansas","Mitchell County",5,65,90,44,46
050,20,123,"Kansas","Mitchell County",5,66,79,40,39
050,20,123,"Kansas","Mitchell County",5,67,78,40,38
050,20,123,"Kansas","Mitchell County",5,68,65,31,34
050,20,123,"Kansas","Mitchell County",5,69,74,33,41
050,20,123,"Kansas","Mitchell County",5,70,74,33,41
050,20,123,"Kansas","Mitchell County",5,71,65,32,33
050,20,123,"Kansas","Mitchell County",5,72,62,35,27
050,20,123,"Kansas","Mitchell County",5,73,72,39,33
050,20,123,"Kansas","Mitchell County",5,74,71,38,33
050,20,123,"Kansas","Mitchell County",5,75,68,38,30
050,20,123,"Kansas","Mitchell County",5,76,75,38,37
050,20,123,"Kansas","Mitchell County",5,77,46,24,22
050,20,123,"Kansas","Mitchell County",5,78,40,20,20
050,20,123,"Kansas","Mitchell County",5,79,40,19,21
050,20,123,"Kansas","Mitchell County",5,80,40,17,23
050,20,123,"Kansas","Mitchell County",5,81,34,14,20
050,20,123,"Kansas","Mitchell County",5,82,36,15,21
050,20,123,"Kansas","Mitchell County",5,83,28,10,18
050,20,123,"Kansas","Mitchell County",5,84,34,19,15
050,20,123,"Kansas","Mitchell County",5,85,118,50,68
050,20,125,"Kansas","Montgomery County",1,0,352,178,174
050,20,125,"Kansas","Montgomery County",1,1,355,181,174
050,20,125,"Kansas","Montgomery County",1,2,362,186,176
050,20,125,"Kansas","Montgomery County",1,3,384,196,188
050,20,125,"Kansas","Montgomery County",1,4,407,210,197
050,20,125,"Kansas","Montgomery County",1,5,429,219,210
050,20,125,"Kansas","Montgomery County",1,6,402,202,200
050,20,125,"Kansas","Montgomery County",1,7,417,210,207
050,20,125,"Kansas","Montgomery County",1,8,427,206,221
050,20,125,"Kansas","Montgomery County",1,9,426,212,214
050,20,125,"Kansas","Montgomery County",1,10,455,243,212
050,20,125,"Kansas","Montgomery County",1,11,435,236,199
050,20,125,"Kansas","Montgomery County",1,12,460,239,221
050,20,125,"Kansas","Montgomery County",1,13,472,231,241
050,20,125,"Kansas","Montgomery County",1,14,478,228,250
050,20,125,"Kansas","Montgomery County",1,15,469,246,223
050,20,125,"Kansas","Montgomery County",1,16,444,240,204
050,20,125,"Kansas","Montgomery County",1,17,454,249,205
050,20,125,"Kansas","Montgomery County",1,18,452,251,201
050,20,125,"Kansas","Montgomery County",1,19,511,306,205
050,20,125,"Kansas","Montgomery County",1,20,408,233,175
050,20,125,"Kansas","Montgomery County",1,21,332,204,128
050,20,125,"Kansas","Montgomery County",1,22,309,174,135
050,20,125,"Kansas","Montgomery County",1,23,314,173,141
050,20,125,"Kansas","Montgomery County",1,24,303,158,145
050,20,125,"Kansas","Montgomery County",1,25,323,159,164
050,20,125,"Kansas","Montgomery County",1,26,281,149,132
050,20,125,"Kansas","Montgomery County",1,27,319,171,148
050,20,125,"Kansas","Montgomery County",1,28,322,156,166
050,20,125,"Kansas","Montgomery County",1,29,340,151,189
050,20,125,"Kansas","Montgomery County",1,30,370,182,188
050,20,125,"Kansas","Montgomery County",1,31,380,184,196
050,20,125,"Kansas","Montgomery County",1,32,343,173,170
050,20,125,"Kansas","Montgomery County",1,33,359,175,184
050,20,125,"Kansas","Montgomery County",1,34,364,182,182
050,20,125,"Kansas","Montgomery County",1,35,380,197,183
050,20,125,"Kansas","Montgomery County",1,36,398,200,198
050,20,125,"Kansas","Montgomery County",1,37,391,206,185
050,20,125,"Kansas","Montgomery County",1,38,377,185,192
050,20,125,"Kansas","Montgomery County",1,39,383,181,202
050,20,125,"Kansas","Montgomery County",1,40,343,157,186
050,20,125,"Kansas","Montgomery County",1,41,327,166,161
050,20,125,"Kansas","Montgomery County",1,42,347,184,163
050,20,125,"Kansas","Montgomery County",1,43,312,160,152
050,20,125,"Kansas","Montgomery County",1,44,326,168,158
050,20,125,"Kansas","Montgomery County",1,45,329,175,154
050,20,125,"Kansas","Montgomery County",1,46,334,163,171
050,20,125,"Kansas","Montgomery County",1,47,349,189,160
050,20,125,"Kansas","Montgomery County",1,48,348,176,172
050,20,125,"Kansas","Montgomery County",1,49,369,179,190
050,20,125,"Kansas","Montgomery County",1,50,345,170,175
050,20,125,"Kansas","Montgomery County",1,51,354,175,179
050,20,125,"Kansas","Montgomery County",1,52,346,173,173
050,20,125,"Kansas","Montgomery County",1,53,362,175,187
050,20,125,"Kansas","Montgomery County",1,54,361,168,193
050,20,125,"Kansas","Montgomery County",1,55,408,187,221
050,20,125,"Kansas","Montgomery County",1,56,426,206,220
050,20,125,"Kansas","Montgomery County",1,57,446,229,217
050,20,125,"Kansas","Montgomery County",1,58,459,235,224
050,20,125,"Kansas","Montgomery County",1,59,473,213,260
050,20,125,"Kansas","Montgomery County",1,60,452,214,238
050,20,125,"Kansas","Montgomery County",1,61,444,227,217
050,20,125,"Kansas","Montgomery County",1,62,472,243,229
050,20,125,"Kansas","Montgomery County",1,63,448,226,222
050,20,125,"Kansas","Montgomery County",1,64,424,218,206
050,20,125,"Kansas","Montgomery County",1,65,413,201,212
050,20,125,"Kansas","Montgomery County",1,66,418,204,214
050,20,125,"Kansas","Montgomery County",1,67,413,211,202
050,20,125,"Kansas","Montgomery County",1,68,396,198,198
050,20,125,"Kansas","Montgomery County",1,69,352,178,174
050,20,125,"Kansas","Montgomery County",1,70,335,160,175
050,20,125,"Kansas","Montgomery County",1,71,342,160,182
050,20,125,"Kansas","Montgomery County",1,72,350,167,183
050,20,125,"Kansas","Montgomery County",1,73,346,186,160
050,20,125,"Kansas","Montgomery County",1,74,233,115,118
050,20,125,"Kansas","Montgomery County",1,75,248,106,142
050,20,125,"Kansas","Montgomery County",1,76,242,116,126
050,20,125,"Kansas","Montgomery County",1,77,259,111,148
050,20,125,"Kansas","Montgomery County",1,78,211,85,126
050,20,125,"Kansas","Montgomery County",1,79,214,90,124
050,20,125,"Kansas","Montgomery County",1,80,192,88,104
050,20,125,"Kansas","Montgomery County",1,81,162,75,87
050,20,125,"Kansas","Montgomery County",1,82,143,61,82
050,20,125,"Kansas","Montgomery County",1,83,139,58,81
050,20,125,"Kansas","Montgomery County",1,84,142,57,85
050,20,125,"Kansas","Montgomery County",1,85,751,255,496
050,20,125,"Kansas","Montgomery County",2,0,349,176,173
050,20,125,"Kansas","Montgomery County",2,1,355,179,176
050,20,125,"Kansas","Montgomery County",2,2,362,184,178
050,20,125,"Kansas","Montgomery County",2,3,373,192,181
050,20,125,"Kansas","Montgomery County",2,4,401,207,194
050,20,125,"Kansas","Montgomery County",2,5,423,215,208
050,20,125,"Kansas","Montgomery County",2,6,408,205,203
050,20,125,"Kansas","Montgomery County",2,7,412,207,205
050,20,125,"Kansas","Montgomery County",2,8,420,204,216
050,20,125,"Kansas","Montgomery County",2,9,423,209,214
050,20,125,"Kansas","Montgomery County",2,10,442,233,209
050,20,125,"Kansas","Montgomery County",2,11,438,236,202
050,20,125,"Kansas","Montgomery County",2,12,452,236,216
050,20,125,"Kansas","Montgomery County",2,13,465,229,236
050,20,125,"Kansas","Montgomery County",2,14,478,229,249
050,20,125,"Kansas","Montgomery County",2,15,468,240,228
050,20,125,"Kansas","Montgomery County",2,16,452,242,210
050,20,125,"Kansas","Montgomery County",2,17,452,246,206
050,20,125,"Kansas","Montgomery County",2,18,455,254,201
050,20,125,"Kansas","Montgomery County",2,19,510,304,206
050,20,125,"Kansas","Montgomery County",2,20,412,237,175
050,20,125,"Kansas","Montgomery County",2,21,329,199,130
050,20,125,"Kansas","Montgomery County",2,22,306,175,131
050,20,125,"Kansas","Montgomery County",2,23,316,173,143
050,20,125,"Kansas","Montgomery County",2,24,303,160,143
050,20,125,"Kansas","Montgomery County",2,25,317,157,160
050,20,125,"Kansas","Montgomery County",2,26,293,152,141
050,20,125,"Kansas","Montgomery County",2,27,312,168,144
050,20,125,"Kansas","Montgomery County",2,28,320,160,160
050,20,125,"Kansas","Montgomery County",2,29,335,153,182
050,20,125,"Kansas","Montgomery County",2,30,363,174,189
050,20,125,"Kansas","Montgomery County",2,31,375,184,191
050,20,125,"Kansas","Montgomery County",2,32,352,175,177
050,20,125,"Kansas","Montgomery County",2,33,355,175,180
050,20,125,"Kansas","Montgomery County",2,34,364,181,183
050,20,125,"Kansas","Montgomery County",2,35,381,196,185
050,20,125,"Kansas","Montgomery County",2,36,390,198,192
050,20,125,"Kansas","Montgomery County",2,37,394,206,188
050,20,125,"Kansas","Montgomery County",2,38,381,190,191
050,20,125,"Kansas","Montgomery County",2,39,377,181,196
050,20,125,"Kansas","Montgomery County",2,40,351,162,189
050,20,125,"Kansas","Montgomery County",2,41,331,164,167
050,20,125,"Kansas","Montgomery County",2,42,341,179,162
050,20,125,"Kansas","Montgomery County",2,43,324,168,156
050,20,125,"Kansas","Montgomery County",2,44,317,164,153
050,20,125,"Kansas","Montgomery County",2,45,332,176,156
050,20,125,"Kansas","Montgomery County",2,46,331,167,164
050,20,125,"Kansas","Montgomery County",2,47,342,181,161
050,20,125,"Kansas","Montgomery County",2,48,351,181,170
050,20,125,"Kansas","Montgomery County",2,49,368,182,186
050,20,125,"Kansas","Montgomery County",2,50,350,172,178
050,20,125,"Kansas","Montgomery County",2,51,349,172,177
050,20,125,"Kansas","Montgomery County",2,52,344,171,173
050,20,125,"Kansas","Montgomery County",2,53,358,173,185
050,20,125,"Kansas","Montgomery County",2,54,359,169,190
050,20,125,"Kansas","Montgomery County",2,55,396,180,216
050,20,125,"Kansas","Montgomery County",2,56,421,202,219
050,20,125,"Kansas","Montgomery County",2,57,440,222,218
050,20,125,"Kansas","Montgomery County",2,58,457,233,224
050,20,125,"Kansas","Montgomery County",2,59,473,219,254
050,20,125,"Kansas","Montgomery County",2,60,456,214,242
050,20,125,"Kansas","Montgomery County",2,61,445,224,221
050,20,125,"Kansas","Montgomery County",2,62,464,238,226
050,20,125,"Kansas","Montgomery County",2,63,456,231,225
050,20,125,"Kansas","Montgomery County",2,64,425,218,207
050,20,125,"Kansas","Montgomery County",2,65,415,204,211
050,20,125,"Kansas","Montgomery County",2,66,414,200,214
050,20,125,"Kansas","Montgomery County",2,67,413,211,202
050,20,125,"Kansas","Montgomery County",2,68,396,203,193
050,20,125,"Kansas","Montgomery County",2,69,363,183,180
050,20,125,"Kansas","Montgomery County",2,70,331,159,172
050,20,125,"Kansas","Montgomery County",2,71,338,158,180
050,20,125,"Kansas","Montgomery County",2,72,341,162,179
050,20,125,"Kansas","Montgomery County",2,73,363,189,174
050,20,125,"Kansas","Montgomery County",2,74,242,122,120
050,20,125,"Kansas","Montgomery County",2,75,246,109,137
050,20,125,"Kansas","Montgomery County",2,76,234,109,125
050,20,125,"Kansas","Montgomery County",2,77,259,114,145
050,20,125,"Kansas","Montgomery County",2,78,215,87,128
050,20,125,"Kansas","Montgomery County",2,79,210,88,122
050,20,125,"Kansas","Montgomery County",2,80,194,87,107
050,20,125,"Kansas","Montgomery County",2,81,162,75,87
050,20,125,"Kansas","Montgomery County",2,82,146,62,84
050,20,125,"Kansas","Montgomery County",2,83,137,58,79
050,20,125,"Kansas","Montgomery County",2,84,140,57,83
050,20,125,"Kansas","Montgomery County",2,85,751,251,500
050,20,125,"Kansas","Montgomery County",3,0,346,170,176
050,20,125,"Kansas","Montgomery County",3,1,347,167,180
050,20,125,"Kansas","Montgomery County",3,2,359,182,177
050,20,125,"Kansas","Montgomery County",3,3,355,176,179
050,20,125,"Kansas","Montgomery County",3,4,369,187,182
050,20,125,"Kansas","Montgomery County",3,5,388,199,189
050,20,125,"Kansas","Montgomery County",3,6,432,216,216
050,20,125,"Kansas","Montgomery County",3,7,391,205,186
050,20,125,"Kansas","Montgomery County",3,8,404,202,202
050,20,125,"Kansas","Montgomery County",3,9,412,201,211
050,20,125,"Kansas","Montgomery County",3,10,432,220,212
050,20,125,"Kansas","Montgomery County",3,11,461,244,217
050,20,125,"Kansas","Montgomery County",3,12,443,235,208
050,20,125,"Kansas","Montgomery County",3,13,451,234,217
050,20,125,"Kansas","Montgomery County",3,14,481,241,240
050,20,125,"Kansas","Montgomery County",3,15,491,241,250
050,20,125,"Kansas","Montgomery County",3,16,463,235,228
050,20,125,"Kansas","Montgomery County",3,17,450,241,209
050,20,125,"Kansas","Montgomery County",3,18,464,260,204
050,20,125,"Kansas","Montgomery County",3,19,522,315,207
050,20,125,"Kansas","Montgomery County",3,20,422,247,175
050,20,125,"Kansas","Montgomery County",3,21,341,193,148
050,20,125,"Kansas","Montgomery County",3,22,303,176,127
050,20,125,"Kansas","Montgomery County",3,23,307,172,135
050,20,125,"Kansas","Montgomery County",3,24,319,176,143
050,20,125,"Kansas","Montgomery County",3,25,315,166,149
050,20,125,"Kansas","Montgomery County",3,26,317,156,161
050,20,125,"Kansas","Montgomery County",3,27,304,163,141
050,20,125,"Kansas","Montgomery County",3,28,309,165,144
050,20,125,"Kansas","Montgomery County",3,29,325,166,159
050,20,125,"Kansas","Montgomery County",3,30,333,151,182
050,20,125,"Kansas","Montgomery County",3,31,378,180,198
050,20,125,"Kansas","Montgomery County",3,32,364,177,187
050,20,125,"Kansas","Montgomery County",3,33,361,186,175
050,20,125,"Kansas","Montgomery County",3,34,358,177,181
050,20,125,"Kansas","Montgomery County",3,35,360,180,180
050,20,125,"Kansas","Montgomery County",3,36,389,198,191
050,20,125,"Kansas","Montgomery County",3,37,390,203,187
050,20,125,"Kansas","Montgomery County",3,38,393,200,193
050,20,125,"Kansas","Montgomery County",3,39,378,184,194
050,20,125,"Kansas","Montgomery County",3,40,357,170,187
050,20,125,"Kansas","Montgomery County",3,41,353,163,190
050,20,125,"Kansas","Montgomery County",3,42,309,154,155
050,20,125,"Kansas","Montgomery County",3,43,344,180,164
050,20,125,"Kansas","Montgomery County",3,44,317,158,159
050,20,125,"Kansas","Montgomery County",3,45,313,165,148
050,20,125,"Kansas","Montgomery County",3,46,321,172,149
050,20,125,"Kansas","Montgomery County",3,47,313,156,157
050,20,125,"Kansas","Montgomery County",3,48,357,182,175
050,20,125,"Kansas","Montgomery County",3,49,345,182,163
050,20,125,"Kansas","Montgomery County",3,50,364,180,184
050,20,125,"Kansas","Montgomery County",3,51,340,165,175
050,20,125,"Kansas","Montgomery County",3,52,342,175,167
050,20,125,"Kansas","Montgomery County",3,53,349,171,178
050,20,125,"Kansas","Montgomery County",3,54,356,174,182
050,20,125,"Kansas","Montgomery County",3,55,366,166,200
050,20,125,"Kansas","Montgomery County",3,56,397,184,213
050,20,125,"Kansas","Montgomery County",3,57,409,203,206
050,20,125,"Kansas","Montgomery County",3,58,439,223,216
050,20,125,"Kansas","Montgomery County",3,59,461,240,221
050,20,125,"Kansas","Montgomery County",3,60,467,219,248
050,20,125,"Kansas","Montgomery County",3,61,448,206,242
050,20,125,"Kansas","Montgomery County",3,62,445,224,221
050,20,125,"Kansas","Montgomery County",3,63,449,229,220
050,20,125,"Kansas","Montgomery County",3,64,464,236,228
050,20,125,"Kansas","Montgomery County",3,65,416,211,205
050,20,125,"Kansas","Montgomery County",3,66,404,199,205
050,20,125,"Kansas","Montgomery County",3,67,400,194,206
050,20,125,"Kansas","Montgomery County",3,68,400,207,193
050,20,125,"Kansas","Montgomery County",3,69,380,187,193
050,20,125,"Kansas","Montgomery County",3,70,341,170,171
050,20,125,"Kansas","Montgomery County",3,71,318,154,164
050,20,125,"Kansas","Montgomery County",3,72,329,154,175
050,20,125,"Kansas","Montgomery County",3,73,324,153,171
050,20,125,"Kansas","Montgomery County",3,74,350,181,169
050,20,125,"Kansas","Montgomery County",3,75,231,118,113
050,20,125,"Kansas","Montgomery County",3,76,222,95,127
050,20,125,"Kansas","Montgomery County",3,77,221,102,119
050,20,125,"Kansas","Montgomery County",3,78,251,109,142
050,20,125,"Kansas","Montgomery County",3,79,200,83,117
050,20,125,"Kansas","Montgomery County",3,80,194,75,119
050,20,125,"Kansas","Montgomery County",3,81,166,72,94
050,20,125,"Kansas","Montgomery County",3,82,157,71,86
050,20,125,"Kansas","Montgomery County",3,83,138,62,76
050,20,125,"Kansas","Montgomery County",3,84,133,56,77
050,20,125,"Kansas","Montgomery County",3,85,754,252,502
050,20,125,"Kansas","Montgomery County",4,0,315,166,149
050,20,125,"Kansas","Montgomery County",4,1,364,183,181
050,20,125,"Kansas","Montgomery County",4,2,341,165,176
050,20,125,"Kansas","Montgomery County",4,3,367,186,181
050,20,125,"Kansas","Montgomery County",4,4,353,170,183
050,20,125,"Kansas","Montgomery County",4,5,358,181,177
050,20,125,"Kansas","Montgomery County",4,6,398,206,192
050,20,125,"Kansas","Montgomery County",4,7,439,224,215
050,20,125,"Kansas","Montgomery County",4,8,409,212,197
050,20,125,"Kansas","Montgomery County",4,9,409,205,204
050,20,125,"Kansas","Montgomery County",4,10,417,202,215
050,20,125,"Kansas","Montgomery County",4,11,420,211,209
050,20,125,"Kansas","Montgomery County",4,12,457,253,204
050,20,125,"Kansas","Montgomery County",4,13,439,234,205
050,20,125,"Kansas","Montgomery County",4,14,451,238,213
050,20,125,"Kansas","Montgomery County",4,15,471,237,234
050,20,125,"Kansas","Montgomery County",4,16,492,241,251
050,20,125,"Kansas","Montgomery County",4,17,462,237,225
050,20,125,"Kansas","Montgomery County",4,18,477,265,212
050,20,125,"Kansas","Montgomery County",4,19,509,309,200
050,20,125,"Kansas","Montgomery County",4,20,417,230,187
050,20,125,"Kansas","Montgomery County",4,21,337,192,145
050,20,125,"Kansas","Montgomery County",4,22,310,177,133
050,20,125,"Kansas","Montgomery County",4,23,299,173,126
050,20,125,"Kansas","Montgomery County",4,24,308,168,140
050,20,125,"Kansas","Montgomery County",4,25,305,159,146
050,20,125,"Kansas","Montgomery County",4,26,289,158,131
050,20,125,"Kansas","Montgomery County",4,27,322,160,162
050,20,125,"Kansas","Montgomery County",4,28,312,171,141
050,20,125,"Kansas","Montgomery County",4,29,300,151,149
050,20,125,"Kansas","Montgomery County",4,30,325,165,160
050,20,125,"Kansas","Montgomery County",4,31,345,160,185
050,20,125,"Kansas","Montgomery County",4,32,381,186,195
050,20,125,"Kansas","Montgomery County",4,33,365,173,192
050,20,125,"Kansas","Montgomery County",4,34,375,191,184
050,20,125,"Kansas","Montgomery County",4,35,357,181,176
050,20,125,"Kansas","Montgomery County",4,36,362,181,181
050,20,125,"Kansas","Montgomery County",4,37,390,202,188
050,20,125,"Kansas","Montgomery County",4,38,377,195,182
050,20,125,"Kansas","Montgomery County",4,39,368,183,185
050,20,125,"Kansas","Montgomery County",4,40,395,190,205
050,20,125,"Kansas","Montgomery County",4,41,352,172,180
050,20,125,"Kansas","Montgomery County",4,42,357,164,193
050,20,125,"Kansas","Montgomery County",4,43,314,152,162
050,20,125,"Kansas","Montgomery County",4,44,326,163,163
050,20,125,"Kansas","Montgomery County",4,45,324,162,162
050,20,125,"Kansas","Montgomery County",4,46,312,165,147
050,20,125,"Kansas","Montgomery County",4,47,312,165,147
050,20,125,"Kansas","Montgomery County",4,48,314,150,164
050,20,125,"Kansas","Montgomery County",4,49,351,184,167
050,20,125,"Kansas","Montgomery County",4,50,351,185,166
050,20,125,"Kansas","Montgomery County",4,51,355,180,175
050,20,125,"Kansas","Montgomery County",4,52,337,163,174
050,20,125,"Kansas","Montgomery County",4,53,345,175,170
050,20,125,"Kansas","Montgomery County",4,54,351,168,183
050,20,125,"Kansas","Montgomery County",4,55,370,181,189
050,20,125,"Kansas","Montgomery County",4,56,381,171,210
050,20,125,"Kansas","Montgomery County",4,57,386,187,199
050,20,125,"Kansas","Montgomery County",4,58,400,198,202
050,20,125,"Kansas","Montgomery County",4,59,432,216,216
050,20,125,"Kansas","Montgomery County",4,60,461,241,220
050,20,125,"Kansas","Montgomery County",4,61,454,206,248
050,20,125,"Kansas","Montgomery County",4,62,445,206,239
050,20,125,"Kansas","Montgomery County",4,63,421,211,210
050,20,125,"Kansas","Montgomery County",4,64,445,228,217
050,20,125,"Kansas","Montgomery County",4,65,460,234,226
050,20,125,"Kansas","Montgomery County",4,66,411,200,211
050,20,125,"Kansas","Montgomery County",4,67,395,195,200
050,20,125,"Kansas","Montgomery County",4,68,388,187,201
050,20,125,"Kansas","Montgomery County",4,69,388,200,188
050,20,125,"Kansas","Montgomery County",4,70,367,179,188
050,20,125,"Kansas","Montgomery County",4,71,338,165,173
050,20,125,"Kansas","Montgomery County",4,72,306,148,158
050,20,125,"Kansas","Montgomery County",4,73,313,141,172
050,20,125,"Kansas","Montgomery County",4,74,302,145,157
050,20,125,"Kansas","Montgomery County",4,75,338,172,166
050,20,125,"Kansas","Montgomery County",4,76,207,101,106
050,20,125,"Kansas","Montgomery County",4,77,210,88,122
050,20,125,"Kansas","Montgomery County",4,78,213,92,121
050,20,125,"Kansas","Montgomery County",4,79,235,104,131
050,20,125,"Kansas","Montgomery County",4,80,190,78,112
050,20,125,"Kansas","Montgomery County",4,81,168,62,106
050,20,125,"Kansas","Montgomery County",4,82,153,64,89
050,20,125,"Kansas","Montgomery County",4,83,143,66,77
050,20,125,"Kansas","Montgomery County",4,84,130,57,73
050,20,125,"Kansas","Montgomery County",4,85,715,241,474
050,20,125,"Kansas","Montgomery County",5,0,301,160,141
050,20,125,"Kansas","Montgomery County",5,1,319,184,135
050,20,125,"Kansas","Montgomery County",5,2,351,169,182
050,20,125,"Kansas","Montgomery County",5,3,344,172,172
050,20,125,"Kansas","Montgomery County",5,4,367,181,186
050,20,125,"Kansas","Montgomery County",5,5,358,177,181
050,20,125,"Kansas","Montgomery County",5,6,371,185,186
050,20,125,"Kansas","Montgomery County",5,7,407,208,199
050,20,125,"Kansas","Montgomery County",5,8,434,208,226
050,20,125,"Kansas","Montgomery County",5,9,388,202,186
050,20,125,"Kansas","Montgomery County",5,10,410,209,201
050,20,125,"Kansas","Montgomery County",5,11,385,179,206
050,20,125,"Kansas","Montgomery County",5,12,418,208,210
050,20,125,"Kansas","Montgomery County",5,13,468,252,216
050,20,125,"Kansas","Montgomery County",5,14,441,230,211
050,20,125,"Kansas","Montgomery County",5,15,458,241,217
050,20,125,"Kansas","Montgomery County",5,16,472,230,242
050,20,125,"Kansas","Montgomery County",5,17,492,235,257
050,20,125,"Kansas","Montgomery County",5,18,470,254,216
050,20,125,"Kansas","Montgomery County",5,19,534,317,217
050,20,125,"Kansas","Montgomery County",5,20,424,254,170
050,20,125,"Kansas","Montgomery County",5,21,356,196,160
050,20,125,"Kansas","Montgomery County",5,22,323,176,147
050,20,125,"Kansas","Montgomery County",5,23,322,182,140
050,20,125,"Kansas","Montgomery County",5,24,300,167,133
050,20,125,"Kansas","Montgomery County",5,25,303,165,138
050,20,125,"Kansas","Montgomery County",5,26,289,144,145
050,20,125,"Kansas","Montgomery County",5,27,293,163,130
050,20,125,"Kansas","Montgomery County",5,28,325,165,160
050,20,125,"Kansas","Montgomery County",5,29,307,167,140
050,20,125,"Kansas","Montgomery County",5,30,298,145,153
050,20,125,"Kansas","Montgomery County",5,31,312,155,157
050,20,125,"Kansas","Montgomery County",5,32,330,147,183
050,20,125,"Kansas","Montgomery County",5,33,383,182,201
050,20,125,"Kansas","Montgomery County",5,34,363,172,191
050,20,125,"Kansas","Montgomery County",5,35,371,194,177
050,20,125,"Kansas","Montgomery County",5,36,350,181,169
050,20,125,"Kansas","Montgomery County",5,37,350,178,172
050,20,125,"Kansas","Montgomery County",5,38,393,207,186
050,20,125,"Kansas","Montgomery County",5,39,384,195,189
050,20,125,"Kansas","Montgomery County",5,40,381,189,192
050,20,125,"Kansas","Montgomery County",5,41,402,191,211
050,20,125,"Kansas","Montgomery County",5,42,356,176,180
050,20,125,"Kansas","Montgomery County",5,43,356,169,187
050,20,125,"Kansas","Montgomery County",5,44,313,149,164
050,20,125,"Kansas","Montgomery County",5,45,330,163,167
050,20,125,"Kansas","Montgomery County",5,46,320,166,154
050,20,125,"Kansas","Montgomery County",5,47,322,168,154
050,20,125,"Kansas","Montgomery County",5,48,324,169,155
050,20,125,"Kansas","Montgomery County",5,49,308,151,157
050,20,125,"Kansas","Montgomery County",5,50,344,177,167
050,20,125,"Kansas","Montgomery County",5,51,360,191,169
050,20,125,"Kansas","Montgomery County",5,52,349,179,170
050,20,125,"Kansas","Montgomery County",5,53,337,164,173
050,20,125,"Kansas","Montgomery County",5,54,342,175,167
050,20,125,"Kansas","Montgomery County",5,55,350,174,176
050,20,125,"Kansas","Montgomery County",5,56,369,178,191
050,20,125,"Kansas","Montgomery County",5,57,379,173,206
050,20,125,"Kansas","Montgomery County",5,58,388,188,200
050,20,125,"Kansas","Montgomery County",5,59,388,188,200
050,20,125,"Kansas","Montgomery County",5,60,422,209,213
050,20,125,"Kansas","Montgomery County",5,61,455,239,216
050,20,125,"Kansas","Montgomery County",5,62,443,202,241
050,20,125,"Kansas","Montgomery County",5,63,440,206,234
050,20,125,"Kansas","Montgomery County",5,64,416,209,207
050,20,125,"Kansas","Montgomery County",5,65,433,215,218
050,20,125,"Kansas","Montgomery County",5,66,454,228,226
050,20,125,"Kansas","Montgomery County",5,67,403,193,210
050,20,125,"Kansas","Montgomery County",5,68,382,190,192
050,20,125,"Kansas","Montgomery County",5,69,381,181,200
050,20,125,"Kansas","Montgomery County",5,70,382,191,191
050,20,125,"Kansas","Montgomery County",5,71,361,178,183
050,20,125,"Kansas","Montgomery County",5,72,328,159,169
050,20,125,"Kansas","Montgomery County",5,73,285,135,150
050,20,125,"Kansas","Montgomery County",5,74,308,135,173
050,20,125,"Kansas","Montgomery County",5,75,283,136,147
050,20,125,"Kansas","Montgomery County",5,76,316,161,155
050,20,125,"Kansas","Montgomery County",5,77,191,92,99
050,20,125,"Kansas","Montgomery County",5,78,201,77,124
050,20,125,"Kansas","Montgomery County",5,79,194,86,108
050,20,125,"Kansas","Montgomery County",5,80,216,97,119
050,20,125,"Kansas","Montgomery County",5,81,165,64,101
050,20,125,"Kansas","Montgomery County",5,82,153,54,99
050,20,125,"Kansas","Montgomery County",5,83,140,63,77
050,20,125,"Kansas","Montgomery County",5,84,140,61,79
050,20,125,"Kansas","Montgomery County",5,85,694,234,460
050,20,127,"Kansas","Morris County",1,0,64,32,32
050,20,127,"Kansas","Morris County",1,1,58,27,31
050,20,127,"Kansas","Morris County",1,2,59,31,28
050,20,127,"Kansas","Morris County",1,3,67,34,33
050,20,127,"Kansas","Morris County",1,4,45,25,20
050,20,127,"Kansas","Morris County",1,5,59,27,32
050,20,127,"Kansas","Morris County",1,6,58,35,23
050,20,127,"Kansas","Morris County",1,7,61,31,30
050,20,127,"Kansas","Morris County",1,8,58,30,28
050,20,127,"Kansas","Morris County",1,9,59,27,32
050,20,127,"Kansas","Morris County",1,10,62,31,31
050,20,127,"Kansas","Morris County",1,11,67,36,31
050,20,127,"Kansas","Morris County",1,12,82,43,39
050,20,127,"Kansas","Morris County",1,13,68,42,26
050,20,127,"Kansas","Morris County",1,14,67,30,37
050,20,127,"Kansas","Morris County",1,15,69,33,36
050,20,127,"Kansas","Morris County",1,16,59,32,27
050,20,127,"Kansas","Morris County",1,17,60,31,29
050,20,127,"Kansas","Morris County",1,18,49,24,25
050,20,127,"Kansas","Morris County",1,19,43,20,23
050,20,127,"Kansas","Morris County",1,20,44,23,21
050,20,127,"Kansas","Morris County",1,21,43,24,19
050,20,127,"Kansas","Morris County",1,22,45,23,22
050,20,127,"Kansas","Morris County",1,23,42,24,18
050,20,127,"Kansas","Morris County",1,24,45,25,20
050,20,127,"Kansas","Morris County",1,25,53,29,24
050,20,127,"Kansas","Morris County",1,26,52,26,26
050,20,127,"Kansas","Morris County",1,27,60,32,28
050,20,127,"Kansas","Morris County",1,28,62,31,31
050,20,127,"Kansas","Morris County",1,29,47,22,25
050,20,127,"Kansas","Morris County",1,30,56,26,30
050,20,127,"Kansas","Morris County",1,31,64,32,32
050,20,127,"Kansas","Morris County",1,32,52,22,30
050,20,127,"Kansas","Morris County",1,33,50,29,21
050,20,127,"Kansas","Morris County",1,34,66,36,30
050,20,127,"Kansas","Morris County",1,35,61,32,29
050,20,127,"Kansas","Morris County",1,36,61,30,31
050,20,127,"Kansas","Morris County",1,37,72,38,34
050,20,127,"Kansas","Morris County",1,38,76,41,35
050,20,127,"Kansas","Morris County",1,39,58,39,19
050,20,127,"Kansas","Morris County",1,40,65,39,26
050,20,127,"Kansas","Morris County",1,41,57,33,24
050,20,127,"Kansas","Morris County",1,42,54,28,26
050,20,127,"Kansas","Morris County",1,43,49,23,26
050,20,127,"Kansas","Morris County",1,44,52,26,26
050,20,127,"Kansas","Morris County",1,45,43,22,21
050,20,127,"Kansas","Morris County",1,46,49,26,23
050,20,127,"Kansas","Morris County",1,47,53,28,25
050,20,127,"Kansas","Morris County",1,48,51,25,26
050,20,127,"Kansas","Morris County",1,49,49,27,22
050,20,127,"Kansas","Morris County",1,50,53,25,28
050,20,127,"Kansas","Morris County",1,51,57,28,29
050,20,127,"Kansas","Morris County",1,52,61,35,26
050,20,127,"Kansas","Morris County",1,53,79,35,44
050,20,127,"Kansas","Morris County",1,54,70,32,38
050,20,127,"Kansas","Morris County",1,55,76,38,38
050,20,127,"Kansas","Morris County",1,56,69,38,31
050,20,127,"Kansas","Morris County",1,57,83,43,40
050,20,127,"Kansas","Morris County",1,58,95,51,44
050,20,127,"Kansas","Morris County",1,59,93,43,50
050,20,127,"Kansas","Morris County",1,60,85,41,44
050,20,127,"Kansas","Morris County",1,61,98,52,46
050,20,127,"Kansas","Morris County",1,62,102,51,51
050,20,127,"Kansas","Morris County",1,63,92,42,50
050,20,127,"Kansas","Morris County",1,64,94,48,46
050,20,127,"Kansas","Morris County",1,65,91,40,51
050,20,127,"Kansas","Morris County",1,66,84,40,44
050,20,127,"Kansas","Morris County",1,67,94,43,51
050,20,127,"Kansas","Morris County",1,68,77,38,39
050,20,127,"Kansas","Morris County",1,69,72,37,35
050,20,127,"Kansas","Morris County",1,70,67,37,30
050,20,127,"Kansas","Morris County",1,71,78,44,34
050,20,127,"Kansas","Morris County",1,72,75,41,34
050,20,127,"Kansas","Morris County",1,73,59,27,32
050,20,127,"Kansas","Morris County",1,74,46,22,24
050,20,127,"Kansas","Morris County",1,75,47,22,25
050,20,127,"Kansas","Morris County",1,76,57,24,33
050,20,127,"Kansas","Morris County",1,77,56,26,30
050,20,127,"Kansas","Morris County",1,78,47,22,25
050,20,127,"Kansas","Morris County",1,79,41,20,21
050,20,127,"Kansas","Morris County",1,80,38,22,16
050,20,127,"Kansas","Morris County",1,81,32,12,20
050,20,127,"Kansas","Morris County",1,82,28,9,19
050,20,127,"Kansas","Morris County",1,83,28,9,19
050,20,127,"Kansas","Morris County",1,84,28,14,14
050,20,127,"Kansas","Morris County",1,85,194,77,117
050,20,127,"Kansas","Morris County",2,0,61,31,30
050,20,127,"Kansas","Morris County",2,1,59,28,31
050,20,127,"Kansas","Morris County",2,2,58,29,29
050,20,127,"Kansas","Morris County",2,3,64,33,31
050,20,127,"Kansas","Morris County",2,4,50,26,24
050,20,127,"Kansas","Morris County",2,5,54,26,28
050,20,127,"Kansas","Morris County",2,6,58,33,25
050,20,127,"Kansas","Morris County",2,7,59,32,27
050,20,127,"Kansas","Morris County",2,8,57,30,27
050,20,127,"Kansas","Morris County",2,9,60,28,32
050,20,127,"Kansas","Morris County",2,10,62,30,32
050,20,127,"Kansas","Morris County",2,11,66,35,31
050,20,127,"Kansas","Morris County",2,12,82,45,37
050,20,127,"Kansas","Morris County",2,13,70,42,28
050,20,127,"Kansas","Morris County",2,14,67,32,35
050,20,127,"Kansas","Morris County",2,15,69,32,37
050,20,127,"Kansas","Morris County",2,16,61,32,29
050,20,127,"Kansas","Morris County",2,17,61,32,29
050,20,127,"Kansas","Morris County",2,18,48,25,23
050,20,127,"Kansas","Morris County",2,19,42,19,23
050,20,127,"Kansas","Morris County",2,20,43,23,20
050,20,127,"Kansas","Morris County",2,21,43,24,19
050,20,127,"Kansas","Morris County",2,22,44,23,21
050,20,127,"Kansas","Morris County",2,23,44,24,20
050,20,127,"Kansas","Morris County",2,24,44,24,20
050,20,127,"Kansas","Morris County",2,25,51,27,24
050,20,127,"Kansas","Morris County",2,26,52,26,26
050,20,127,"Kansas","Morris County",2,27,59,31,28
050,20,127,"Kansas","Morris County",2,28,60,31,29
050,20,127,"Kansas","Morris County",2,29,51,24,27
050,20,127,"Kansas","Morris County",2,30,54,25,29
050,20,127,"Kansas","Morris County",2,31,61,30,31
050,20,127,"Kansas","Morris County",2,32,54,24,30
050,20,127,"Kansas","Morris County",2,33,50,27,23
050,20,127,"Kansas","Morris County",2,34,62,34,28
050,20,127,"Kansas","Morris County",2,35,63,34,29
050,20,127,"Kansas","Morris County",2,36,60,30,30
050,20,127,"Kansas","Morris County",2,37,69,36,33
050,20,127,"Kansas","Morris County",2,38,74,39,35
050,20,127,"Kansas","Morris County",2,39,63,40,23
050,20,127,"Kansas","Morris County",2,40,63,39,24
050,20,127,"Kansas","Morris County",2,41,59,34,25
050,20,127,"Kansas","Morris County",2,42,54,28,26
050,20,127,"Kansas","Morris County",2,43,51,25,26
050,20,127,"Kansas","Morris County",2,44,50,25,25
050,20,127,"Kansas","Morris County",2,45,45,23,22
050,20,127,"Kansas","Morris County",2,46,47,24,23
050,20,127,"Kansas","Morris County",2,47,52,27,25
050,20,127,"Kansas","Morris County",2,48,52,26,26
050,20,127,"Kansas","Morris County",2,49,50,27,23
050,20,127,"Kansas","Morris County",2,50,53,26,27
050,20,127,"Kansas","Morris County",2,51,56,27,29
050,20,127,"Kansas","Morris County",2,52,60,33,27
050,20,127,"Kansas","Morris County",2,53,75,36,39
050,20,127,"Kansas","Morris County",2,54,72,33,39
050,20,127,"Kansas","Morris County",2,55,74,36,38
050,20,127,"Kansas","Morris County",2,56,70,37,33
050,20,127,"Kansas","Morris County",2,57,79,42,37
050,20,127,"Kansas","Morris County",2,58,92,49,43
050,20,127,"Kansas","Morris County",2,59,93,45,48
050,20,127,"Kansas","Morris County",2,60,87,42,45
050,20,127,"Kansas","Morris County",2,61,95,49,46
050,20,127,"Kansas","Morris County",2,62,102,51,51
050,20,127,"Kansas","Morris County",2,63,96,45,51
050,20,127,"Kansas","Morris County",2,64,90,45,45
050,20,127,"Kansas","Morris County",2,65,92,42,50
050,20,127,"Kansas","Morris County",2,66,86,40,46
050,20,127,"Kansas","Morris County",2,67,90,42,48
050,20,127,"Kansas","Morris County",2,68,80,39,41
050,20,127,"Kansas","Morris County",2,69,74,38,36
050,20,127,"Kansas","Morris County",2,70,68,37,31
050,20,127,"Kansas","Morris County",2,71,76,43,33
050,20,127,"Kansas","Morris County",2,72,75,41,34
050,20,127,"Kansas","Morris County",2,73,67,33,34
050,20,127,"Kansas","Morris County",2,74,46,22,24
050,20,127,"Kansas","Morris County",2,75,47,22,25
050,20,127,"Kansas","Morris County",2,76,54,23,31
050,20,127,"Kansas","Morris County",2,77,57,26,31
050,20,127,"Kansas","Morris County",2,78,47,22,25
050,20,127,"Kansas","Morris County",2,79,41,19,22
050,20,127,"Kansas","Morris County",2,80,39,22,17
050,20,127,"Kansas","Morris County",2,81,31,14,17
050,20,127,"Kansas","Morris County",2,82,27,10,17
050,20,127,"Kansas","Morris County",2,83,27,9,18
050,20,127,"Kansas","Morris County",2,84,28,13,15
050,20,127,"Kansas","Morris County",2,85,191,75,116
050,20,127,"Kansas","Morris County",3,0,55,27,28
050,20,127,"Kansas","Morris County",3,1,66,34,32
050,20,127,"Kansas","Morris County",3,2,62,28,34
050,20,127,"Kansas","Morris County",3,3,61,33,28
050,20,127,"Kansas","Morris County",3,4,55,28,27
050,20,127,"Kansas","Morris County",3,5,52,29,23
050,20,127,"Kansas","Morris County",3,6,47,23,24
050,20,127,"Kansas","Morris County",3,7,62,32,30
050,20,127,"Kansas","Morris County",3,8,64,33,31
050,20,127,"Kansas","Morris County",3,9,61,33,28
050,20,127,"Kansas","Morris County",3,10,58,27,31
050,20,127,"Kansas","Morris County",3,11,66,33,33
050,20,127,"Kansas","Morris County",3,12,66,35,31
050,20,127,"Kansas","Morris County",3,13,79,46,33
050,20,127,"Kansas","Morris County",3,14,68,41,27
050,20,127,"Kansas","Morris County",3,15,69,34,35
050,20,127,"Kansas","Morris County",3,16,70,33,37
050,20,127,"Kansas","Morris County",3,17,58,32,26
050,20,127,"Kansas","Morris County",3,18,55,30,25
050,20,127,"Kansas","Morris County",3,19,34,18,16
050,20,127,"Kansas","Morris County",3,20,47,21,26
050,20,127,"Kansas","Morris County",3,21,50,28,22
050,20,127,"Kansas","Morris County",3,22,48,24,24
050,20,127,"Kansas","Morris County",3,23,53,32,21
050,20,127,"Kansas","Morris County",3,24,46,27,19
050,20,127,"Kansas","Morris County",3,25,46,25,21
050,20,127,"Kansas","Morris County",3,26,54,30,24
050,20,127,"Kansas","Morris County",3,27,50,26,24
050,20,127,"Kansas","Morris County",3,28,54,26,28
050,20,127,"Kansas","Morris County",3,29,72,37,35
050,20,127,"Kansas","Morris County",3,30,56,25,31
050,20,127,"Kansas","Morris County",3,31,52,24,28
050,20,127,"Kansas","Morris County",3,32,59,26,33
050,20,127,"Kansas","Morris County",3,33,51,22,29
050,20,127,"Kansas","Morris County",3,34,52,28,24
050,20,127,"Kansas","Morris County",3,35,64,34,30
050,20,127,"Kansas","Morris County",3,36,64,35,29
050,20,127,"Kansas","Morris County",3,37,60,28,32
050,20,127,"Kansas","Morris County",3,38,68,34,34
050,20,127,"Kansas","Morris County",3,39,73,41,32
050,20,127,"Kansas","Morris County",3,40,63,39,24
050,20,127,"Kansas","Morris County",3,41,63,38,25
050,20,127,"Kansas","Morris County",3,42,58,33,25
050,20,127,"Kansas","Morris County",3,43,60,34,26
050,20,127,"Kansas","Morris County",3,44,53,27,26
050,20,127,"Kansas","Morris County",3,45,49,24,25
050,20,127,"Kansas","Morris County",3,46,43,21,22
050,20,127,"Kansas","Morris County",3,47,42,22,20
050,20,127,"Kansas","Morris County",3,48,54,28,26
050,20,127,"Kansas","Morris County",3,49,47,21,26
050,20,127,"Kansas","Morris County",3,50,52,28,24
050,20,127,"Kansas","Morris County",3,51,52,26,26
050,20,127,"Kansas","Morris County",3,52,57,29,28
050,20,127,"Kansas","Morris County",3,53,60,33,27
050,20,127,"Kansas","Morris County",3,54,70,34,36
050,20,127,"Kansas","Morris County",3,55,71,32,39
050,20,127,"Kansas","Morris County",3,56,76,38,38
050,20,127,"Kansas","Morris County",3,57,67,37,30
050,20,127,"Kansas","Morris County",3,58,84,44,40
050,20,127,"Kansas","Morris County",3,59,90,47,43
050,20,127,"Kansas","Morris County",3,60,91,44,47
050,20,127,"Kansas","Morris County",3,61,90,45,45
050,20,127,"Kansas","Morris County",3,62,98,49,49
050,20,127,"Kansas","Morris County",3,63,100,49,51
050,20,127,"Kansas","Morris County",3,64,93,43,50
050,20,127,"Kansas","Morris County",3,65,91,43,48
050,20,127,"Kansas","Morris County",3,66,93,41,52
050,20,127,"Kansas","Morris County",3,67,89,43,46
050,20,127,"Kansas","Morris County",3,68,90,43,47
050,20,127,"Kansas","Morris County",3,69,76,36,40
050,20,127,"Kansas","Morris County",3,70,76,39,37
050,20,127,"Kansas","Morris County",3,71,65,33,32
050,20,127,"Kansas","Morris County",3,72,73,42,31
050,20,127,"Kansas","Morris County",3,73,72,38,34
050,20,127,"Kansas","Morris County",3,74,67,35,32
050,20,127,"Kansas","Morris County",3,75,45,20,25
050,20,127,"Kansas","Morris County",3,76,47,20,27
050,20,127,"Kansas","Morris County",3,77,54,24,30
050,20,127,"Kansas","Morris County",3,78,55,26,29
050,20,127,"Kansas","Morris County",3,79,45,21,24
050,20,127,"Kansas","Morris County",3,80,42,20,22
050,20,127,"Kansas","Morris County",3,81,32,17,15
050,20,127,"Kansas","Morris County",3,82,33,16,17
050,20,127,"Kansas","Morris County",3,83,24,8,16
050,20,127,"Kansas","Morris County",3,84,24,8,16
050,20,127,"Kansas","Morris County",3,85,183,73,110
050,20,127,"Kansas","Morris County",4,0,54,27,27
050,20,127,"Kansas","Morris County",4,1,55,19,36
050,20,127,"Kansas","Morris County",4,2,66,34,32
050,20,127,"Kansas","Morris County",4,3,61,26,35
050,20,127,"Kansas","Morris County",4,4,54,27,27
050,20,127,"Kansas","Morris County",4,5,63,36,27
050,20,127,"Kansas","Morris County",4,6,54,31,23
050,20,127,"Kansas","Morris County",4,7,51,25,26
050,20,127,"Kansas","Morris County",4,8,59,32,27
050,20,127,"Kansas","Morris County",4,9,67,34,33
050,20,127,"Kansas","Morris County",4,10,67,33,34
050,20,127,"Kansas","Morris County",4,11,64,30,34
050,20,127,"Kansas","Morris County",4,12,70,35,35
050,20,127,"Kansas","Morris County",4,13,64,33,31
050,20,127,"Kansas","Morris County",4,14,76,44,32
050,20,127,"Kansas","Morris County",4,15,70,42,28
050,20,127,"Kansas","Morris County",4,16,65,34,31
050,20,127,"Kansas","Morris County",4,17,69,32,37
050,20,127,"Kansas","Morris County",4,18,43,21,22
050,20,127,"Kansas","Morris County",4,19,41,20,21
050,20,127,"Kansas","Morris County",4,20,33,16,17
050,20,127,"Kansas","Morris County",4,21,45,22,23
050,20,127,"Kansas","Morris County",4,22,47,22,25
050,20,127,"Kansas","Morris County",4,23,51,29,22
050,20,127,"Kansas","Morris County",4,24,55,31,24
050,20,127,"Kansas","Morris County",4,25,49,29,20
050,20,127,"Kansas","Morris County",4,26,48,28,20
050,20,127,"Kansas","Morris County",4,27,57,34,23
050,20,127,"Kansas","Morris County",4,28,47,23,24
050,20,127,"Kansas","Morris County",4,29,52,26,26
050,20,127,"Kansas","Morris County",4,30,63,33,30
050,20,127,"Kansas","Morris County",4,31,61,25,36
050,20,127,"Kansas","Morris County",4,32,52,22,30
050,20,127,"Kansas","Morris County",4,33,65,33,32
050,20,127,"Kansas","Morris County",4,34,59,28,31
050,20,127,"Kansas","Morris County",4,35,54,29,25
050,20,127,"Kansas","Morris County",4,36,66,36,30
050,20,127,"Kansas","Morris County",4,37,66,36,30
050,20,127,"Kansas","Morris County",4,38,61,25,36
050,20,127,"Kansas","Morris County",4,39,70,36,34
050,20,127,"Kansas","Morris County",4,40,73,40,33
050,20,127,"Kansas","Morris County",4,41,64,40,24
050,20,127,"Kansas","Morris County",4,42,66,39,27
050,20,127,"Kansas","Morris County",4,43,63,34,29
050,20,127,"Kansas","Morris County",4,44,53,30,23
050,20,127,"Kansas","Morris County",4,45,56,31,25
050,20,127,"Kansas","Morris County",4,46,47,23,24
050,20,127,"Kansas","Morris County",4,47,45,23,22
050,20,127,"Kansas","Morris County",4,48,43,24,19
050,20,127,"Kansas","Morris County",4,49,57,28,29
050,20,127,"Kansas","Morris County",4,50,48,22,26
050,20,127,"Kansas","Morris County",4,51,49,24,25
050,20,127,"Kansas","Morris County",4,52,57,30,27
050,20,127,"Kansas","Morris County",4,53,54,27,27
050,20,127,"Kansas","Morris County",4,54,64,34,30
050,20,127,"Kansas","Morris County",4,55,71,34,37
050,20,127,"Kansas","Morris County",4,56,70,31,39
050,20,127,"Kansas","Morris County",4,57,74,38,36
050,20,127,"Kansas","Morris County",4,58,72,38,34
050,20,127,"Kansas","Morris County",4,59,83,42,41
050,20,127,"Kansas","Morris County",4,60,90,50,40
050,20,127,"Kansas","Morris County",4,61,89,44,45
050,20,127,"Kansas","Morris County",4,62,92,45,47
050,20,127,"Kansas","Morris County",4,63,94,46,48
050,20,127,"Kansas","Morris County",4,64,100,52,48
050,20,127,"Kansas","Morris County",4,65,95,43,52
050,20,127,"Kansas","Morris County",4,66,84,40,44
050,20,127,"Kansas","Morris County",4,67,91,40,51
050,20,127,"Kansas","Morris County",4,68,88,44,44
050,20,127,"Kansas","Morris County",4,69,88,42,46
050,20,127,"Kansas","Morris County",4,70,73,36,37
050,20,127,"Kansas","Morris County",4,71,80,39,41
050,20,127,"Kansas","Morris County",4,72,58,30,28
050,20,127,"Kansas","Morris County",4,73,72,43,29
050,20,127,"Kansas","Morris County",4,74,68,39,29
050,20,127,"Kansas","Morris County",4,75,65,33,32
050,20,127,"Kansas","Morris County",4,76,44,18,26
050,20,127,"Kansas","Morris County",4,77,47,20,27
050,20,127,"Kansas","Morris County",4,78,54,23,31
050,20,127,"Kansas","Morris County",4,79,52,24,28
050,20,127,"Kansas","Morris County",4,80,48,23,25
050,20,127,"Kansas","Morris County",4,81,37,16,21
050,20,127,"Kansas","Morris County",4,82,32,15,17
050,20,127,"Kansas","Morris County",4,83,32,16,16
050,20,127,"Kansas","Morris County",4,84,24,10,14
050,20,127,"Kansas","Morris County",4,85,180,68,112
050,20,127,"Kansas","Morris County",5,0,54,27,27
050,20,127,"Kansas","Morris County",5,1,48,26,22
050,20,127,"Kansas","Morris County",5,2,55,23,32
050,20,127,"Kansas","Morris County",5,3,68,33,35
050,20,127,"Kansas","Morris County",5,4,59,27,32
050,20,127,"Kansas","Morris County",5,5,57,30,27
050,20,127,"Kansas","Morris County",5,6,56,32,24
050,20,127,"Kansas","Morris County",5,7,57,31,26
050,20,127,"Kansas","Morris County",5,8,49,26,23
050,20,127,"Kansas","Morris County",5,9,61,33,28
050,20,127,"Kansas","Morris County",5,10,61,32,29
050,20,127,"Kansas","Morris County",5,11,69,34,35
050,20,127,"Kansas","Morris County",5,12,63,31,32
050,20,127,"Kansas","Morris County",5,13,74,40,34
050,20,127,"Kansas","Morris County",5,14,63,31,32
050,20,127,"Kansas","Morris County",5,15,77,44,33
050,20,127,"Kansas","Morris County",5,16,65,38,27
050,20,127,"Kansas","Morris County",5,17,62,32,30
050,20,127,"Kansas","Morris County",5,18,54,26,28
050,20,127,"Kansas","Morris County",5,19,34,17,17
050,20,127,"Kansas","Morris County",5,20,40,19,21
050,20,127,"Kansas","Morris County",5,21,33,18,15
050,20,127,"Kansas","Morris County",5,22,52,26,26
050,20,127,"Kansas","Morris County",5,23,45,21,24
050,20,127,"Kansas","Morris County",5,24,51,28,23
050,20,127,"Kansas","Morris County",5,25,49,28,21
050,20,127,"Kansas","Morris County",5,26,37,21,16
050,20,127,"Kansas","Morris County",5,27,55,31,24
050,20,127,"Kansas","Morris County",5,28,56,31,25
050,20,127,"Kansas","Morris County",5,29,46,26,20
050,20,127,"Kansas","Morris County",5,30,54,26,28
050,20,127,"Kansas","Morris County",5,31,53,29,24
050,20,127,"Kansas","Morris County",5,32,52,20,32
050,20,127,"Kansas","Morris County",5,33,51,21,30
050,20,127,"Kansas","Morris County",5,34,64,30,34
050,20,127,"Kansas","Morris County",5,35,57,28,29
050,20,127,"Kansas","Morris County",5,36,56,30,26
050,20,127,"Kansas","Morris County",5,37,68,34,34
050,20,127,"Kansas","Morris County",5,38,65,36,29
050,20,127,"Kansas","Morris County",5,39,64,27,37
050,20,127,"Kansas","Morris County",5,40,62,31,31
050,20,127,"Kansas","Morris County",5,41,74,41,33
050,20,127,"Kansas","Morris County",5,42,68,43,25
050,20,127,"Kansas","Morris County",5,43,64,38,26
050,20,127,"Kansas","Morris County",5,44,60,30,30
050,20,127,"Kansas","Morris County",5,45,53,31,22
050,20,127,"Kansas","Morris County",5,46,56,30,26
050,20,127,"Kansas","Morris County",5,47,47,23,24
050,20,127,"Kansas","Morris County",5,48,47,24,23
050,20,127,"Kansas","Morris County",5,49,49,23,26
050,20,127,"Kansas","Morris County",5,50,63,30,33
050,20,127,"Kansas","Morris County",5,51,50,21,29
050,20,127,"Kansas","Morris County",5,52,48,23,25
050,20,127,"Kansas","Morris County",5,53,58,31,27
050,20,127,"Kansas","Morris County",5,54,56,32,24
050,20,127,"Kansas","Morris County",5,55,68,34,34
050,20,127,"Kansas","Morris County",5,56,71,33,38
050,20,127,"Kansas","Morris County",5,57,70,30,40
050,20,127,"Kansas","Morris County",5,58,76,39,37
050,20,127,"Kansas","Morris County",5,59,71,36,35
050,20,127,"Kansas","Morris County",5,60,80,42,38
050,20,127,"Kansas","Morris County",5,61,87,49,38
050,20,127,"Kansas","Morris County",5,62,86,41,45
050,20,127,"Kansas","Morris County",5,63,86,41,45
050,20,127,"Kansas","Morris County",5,64,94,47,47
050,20,127,"Kansas","Morris County",5,65,100,52,48
050,20,127,"Kansas","Morris County",5,66,92,44,48
050,20,127,"Kansas","Morris County",5,67,80,37,43
050,20,127,"Kansas","Morris County",5,68,88,39,49
050,20,127,"Kansas","Morris County",5,69,85,40,45
050,20,127,"Kansas","Morris County",5,70,88,42,46
050,20,127,"Kansas","Morris County",5,71,71,34,37
050,20,127,"Kansas","Morris County",5,72,71,37,34
050,20,127,"Kansas","Morris County",5,73,54,29,25
050,20,127,"Kansas","Morris County",5,74,71,43,28
050,20,127,"Kansas","Morris County",5,75,67,38,29
050,20,127,"Kansas","Morris County",5,76,60,28,32
050,20,127,"Kansas","Morris County",5,77,43,18,25
050,20,127,"Kansas","Morris County",5,78,45,19,26
050,20,127,"Kansas","Morris County",5,79,54,22,32
050,20,127,"Kansas","Morris County",5,80,57,26,31
050,20,127,"Kansas","Morris County",5,81,42,20,22
050,20,127,"Kansas","Morris County",5,82,38,15,23
050,20,127,"Kansas","Morris County",5,83,30,14,16
050,20,127,"Kansas","Morris County",5,84,31,17,14
050,20,127,"Kansas","Morris County",5,85,189,72,117
050,20,129,"Kansas","Morton County",1,0,22,11,11
050,20,129,"Kansas","Morton County",1,1,26,12,14
050,20,129,"Kansas","Morton County",1,2,30,12,18
050,20,129,"Kansas","Morton County",1,3,28,18,10
050,20,129,"Kansas","Morton County",1,4,45,17,28
050,20,129,"Kansas","Morton County",1,5,24,11,13
050,20,129,"Kansas","Morton County",1,6,33,16,17
050,20,129,"Kansas","Morton County",1,7,45,21,24
050,20,129,"Kansas","Morton County",1,8,40,17,23
050,20,129,"Kansas","Morton County",1,9,35,21,14
050,20,129,"Kansas","Morton County",1,10,44,22,22
050,20,129,"Kansas","Morton County",1,11,31,17,14
050,20,129,"Kansas","Morton County",1,12,39,16,23
050,20,129,"Kansas","Morton County",1,13,40,21,19
050,20,129,"Kansas","Morton County",1,14,45,24,21
050,20,129,"Kansas","Morton County",1,15,45,23,22
050,20,129,"Kansas","Morton County",1,16,35,19,16
050,20,129,"Kansas","Morton County",1,17,38,17,21
050,20,129,"Kansas","Morton County",1,18,42,21,21
050,20,129,"Kansas","Morton County",1,19,31,15,16
050,20,129,"Kansas","Morton County",1,20,31,16,15
050,20,129,"Kansas","Morton County",1,21,30,15,15
050,20,129,"Kansas","Morton County",1,22,24,15,9
050,20,129,"Kansas","Morton County",1,23,25,16,9
050,20,129,"Kansas","Morton County",1,24,18,5,13
050,20,129,"Kansas","Morton County",1,25,31,15,16
050,20,129,"Kansas","Morton County",1,26,33,18,15
050,20,129,"Kansas","Morton County",1,27,23,15,8
050,20,129,"Kansas","Morton County",1,28,23,14,9
050,20,129,"Kansas","Morton County",1,29,22,18,4
050,20,129,"Kansas","Morton County",1,30,19,15,4
050,20,129,"Kansas","Morton County",1,31,23,11,12
050,20,129,"Kansas","Morton County",1,32,24,13,11
050,20,129,"Kansas","Morton County",1,33,25,13,12
050,20,129,"Kansas","Morton County",1,34,28,15,13
050,20,129,"Kansas","Morton County",1,35,37,20,17
050,20,129,"Kansas","Morton County",1,36,25,14,11
050,20,129,"Kansas","Morton County",1,37,32,13,19
050,20,129,"Kansas","Morton County",1,38,35,20,15
050,20,129,"Kansas","Morton County",1,39,35,17,18
050,20,129,"Kansas","Morton County",1,40,34,14,20
050,20,129,"Kansas","Morton County",1,41,25,12,13
050,20,129,"Kansas","Morton County",1,42,26,12,14
050,20,129,"Kansas","Morton County",1,43,31,17,14
050,20,129,"Kansas","Morton County",1,44,33,20,13
050,20,129,"Kansas","Morton County",1,45,35,20,15
050,20,129,"Kansas","Morton County",1,46,36,16,20
050,20,129,"Kansas","Morton County",1,47,35,20,15
050,20,129,"Kansas","Morton County",1,48,37,16,21
050,20,129,"Kansas","Morton County",1,49,37,19,18
050,20,129,"Kansas","Morton County",1,50,29,12,17
050,20,129,"Kansas","Morton County",1,51,22,9,13
050,20,129,"Kansas","Morton County",1,52,27,12,15
050,20,129,"Kansas","Morton County",1,53,36,19,17
050,20,129,"Kansas","Morton County",1,54,31,21,10
050,20,129,"Kansas","Morton County",1,55,34,20,14
050,20,129,"Kansas","Morton County",1,56,49,25,24
050,20,129,"Kansas","Morton County",1,57,46,24,22
050,20,129,"Kansas","Morton County",1,58,47,26,21
050,20,129,"Kansas","Morton County",1,59,38,18,20
050,20,129,"Kansas","Morton County",1,60,47,24,23
050,20,129,"Kansas","Morton County",1,61,35,18,17
050,20,129,"Kansas","Morton County",1,62,35,17,18
050,20,129,"Kansas","Morton County",1,63,43,19,24
050,20,129,"Kansas","Morton County",1,64,40,21,19
050,20,129,"Kansas","Morton County",1,65,45,23,22
050,20,129,"Kansas","Morton County",1,66,41,22,19
050,20,129,"Kansas","Morton County",1,67,25,13,12
050,20,129,"Kansas","Morton County",1,68,27,15,12
050,20,129,"Kansas","Morton County",1,69,26,14,12
050,20,129,"Kansas","Morton County",1,70,31,17,14
050,20,129,"Kansas","Morton County",1,71,29,16,13
050,20,129,"Kansas","Morton County",1,72,25,13,12
050,20,129,"Kansas","Morton County",1,73,21,10,11
050,20,129,"Kansas","Morton County",1,74,22,10,12
050,20,129,"Kansas","Morton County",1,75,22,10,12
050,20,129,"Kansas","Morton County",1,76,17,10,7
050,20,129,"Kansas","Morton County",1,77,20,10,10
050,20,129,"Kansas","Morton County",1,78,24,15,9
050,20,129,"Kansas","Morton County",1,79,22,11,11
050,20,129,"Kansas","Morton County",1,80,13,6,7
050,20,129,"Kansas","Morton County",1,81,14,7,7
050,20,129,"Kansas","Morton County",1,82,13,3,10
050,20,129,"Kansas","Morton County",1,83,12,2,10
050,20,129,"Kansas","Morton County",1,84,13,3,10
050,20,129,"Kansas","Morton County",1,85,89,27,62
050,20,129,"Kansas","Morton County",2,0,25,11,14
050,20,129,"Kansas","Morton County",2,1,25,11,14
050,20,129,"Kansas","Morton County",2,2,28,11,17
050,20,129,"Kansas","Morton County",2,3,30,17,13
050,20,129,"Kansas","Morton County",2,4,41,16,25
050,20,129,"Kansas","Morton County",2,5,29,12,17
050,20,129,"Kansas","Morton County",2,6,32,16,16
050,20,129,"Kansas","Morton County",2,7,43,20,23
050,20,129,"Kansas","Morton County",2,8,42,19,23
050,20,129,"Kansas","Morton County",2,9,35,19,16
050,20,129,"Kansas","Morton County",2,10,41,21,20
050,20,129,"Kansas","Morton County",2,11,33,18,15
050,20,129,"Kansas","Morton County",2,12,37,16,21
050,20,129,"Kansas","Morton County",2,13,42,20,22
050,20,129,"Kansas","Morton County",2,14,44,24,20
050,20,129,"Kansas","Morton County",2,15,45,22,23
050,20,129,"Kansas","Morton County",2,16,37,20,17
050,20,129,"Kansas","Morton County",2,17,38,18,20
050,20,129,"Kansas","Morton County",2,18,39,19,20
050,20,129,"Kansas","Morton County",2,19,31,15,16
050,20,129,"Kansas","Morton County",2,20,32,16,16
050,20,129,"Kansas","Morton County",2,21,30,15,15
050,20,129,"Kansas","Morton County",2,22,26,16,10
050,20,129,"Kansas","Morton County",2,23,24,15,9
050,20,129,"Kansas","Morton County",2,24,21,8,13
050,20,129,"Kansas","Morton County",2,25,30,14,16
050,20,129,"Kansas","Morton County",2,26,34,19,15
050,20,129,"Kansas","Morton County",2,27,25,16,9
050,20,129,"Kansas","Morton County",2,28,23,14,9
050,20,129,"Kansas","Morton County",2,29,23,18,5
050,20,129,"Kansas","Morton County",2,30,21,17,4
050,20,129,"Kansas","Morton County",2,31,23,12,11
050,20,129,"Kansas","Morton County",2,32,23,12,11
050,20,129,"Kansas","Morton County",2,33,26,14,12
050,20,129,"Kansas","Morton County",2,34,27,14,13
050,20,129,"Kansas","Morton County",2,35,34,18,16
050,20,129,"Kansas","Morton County",2,36,28,15,13
050,20,129,"Kansas","Morton County",2,37,31,13,18
050,20,129,"Kansas","Morton County",2,38,33,18,15
050,20,129,"Kansas","Morton County",2,39,34,17,17
050,20,129,"Kansas","Morton County",2,40,34,15,19
050,20,129,"Kansas","Morton County",2,41,27,13,14
050,20,129,"Kansas","Morton County",2,42,25,12,13
050,20,129,"Kansas","Morton County",2,43,30,16,14
050,20,129,"Kansas","Morton County",2,44,32,19,13
050,20,129,"Kansas","Morton County",2,45,35,20,15
050,20,129,"Kansas","Morton County",2,46,36,17,19
050,20,129,"Kansas","Morton County",2,47,35,19,16
050,20,129,"Kansas","Morton County",2,48,36,16,20
050,20,129,"Kansas","Morton County",2,49,37,18,19
050,20,129,"Kansas","Morton County",2,50,31,14,17
050,20,129,"Kansas","Morton County",2,51,23,9,14
050,20,129,"Kansas","Morton County",2,52,25,11,14
050,20,129,"Kansas","Morton County",2,53,34,18,16
050,20,129,"Kansas","Morton County",2,54,33,21,12
050,20,129,"Kansas","Morton County",2,55,33,20,13
050,20,129,"Kansas","Morton County",2,56,45,24,21
050,20,129,"Kansas","Morton County",2,57,46,23,23
050,20,129,"Kansas","Morton County",2,58,46,25,21
050,20,129,"Kansas","Morton County",2,59,41,21,20
050,20,129,"Kansas","Morton County",2,60,45,23,22
050,20,129,"Kansas","Morton County",2,61,37,19,18
050,20,129,"Kansas","Morton County",2,62,34,17,17
050,20,129,"Kansas","Morton County",2,63,43,20,23
050,20,129,"Kansas","Morton County",2,64,41,21,20
050,20,129,"Kansas","Morton County",2,65,43,22,21
050,20,129,"Kansas","Morton County",2,66,42,22,20
050,20,129,"Kansas","Morton County",2,67,29,15,14
050,20,129,"Kansas","Morton County",2,68,25,13,12
050,20,129,"Kansas","Morton County",2,69,26,14,12
050,20,129,"Kansas","Morton County",2,70,30,16,14
050,20,129,"Kansas","Morton County",2,71,30,16,14
050,20,129,"Kansas","Morton County",2,72,24,13,11
050,20,129,"Kansas","Morton County",2,73,23,12,11
050,20,129,"Kansas","Morton County",2,74,20,9,11
050,20,129,"Kansas","Morton County",2,75,22,9,13
050,20,129,"Kansas","Morton County",2,76,18,10,8
050,20,129,"Kansas","Morton County",2,77,20,11,9
050,20,129,"Kansas","Morton County",2,78,22,13,9
050,20,129,"Kansas","Morton County",2,79,22,12,10
050,20,129,"Kansas","Morton County",2,80,15,7,8
050,20,129,"Kansas","Morton County",2,81,14,7,7
050,20,129,"Kansas","Morton County",2,82,13,4,9
050,20,129,"Kansas","Morton County",2,83,13,2,11
050,20,129,"Kansas","Morton County",2,84,12,3,9
050,20,129,"Kansas","Morton County",2,85,88,26,62
050,20,129,"Kansas","Morton County",3,0,28,14,14
050,20,129,"Kansas","Morton County",3,1,29,16,13
050,20,129,"Kansas","Morton County",3,2,25,10,15
050,20,129,"Kansas","Morton County",3,3,25,13,12
050,20,129,"Kansas","Morton County",3,4,33,19,14
050,20,129,"Kansas","Morton County",3,5,39,17,22
050,20,129,"Kansas","Morton County",3,6,31,13,18
050,20,129,"Kansas","Morton County",3,7,35,16,19
050,20,129,"Kansas","Morton County",3,8,46,20,26
050,20,129,"Kansas","Morton County",3,9,39,19,20
050,20,129,"Kansas","Morton County",3,10,36,20,16
050,20,129,"Kansas","Morton County",3,11,37,18,19
050,20,129,"Kansas","Morton County",3,12,37,24,13
050,20,129,"Kansas","Morton County",3,13,36,19,17
050,20,129,"Kansas","Morton County",3,14,41,18,23
050,20,129,"Kansas","Morton County",3,15,49,25,24
050,20,129,"Kansas","Morton County",3,16,45,21,24
050,20,129,"Kansas","Morton County",3,17,38,21,17
050,20,129,"Kansas","Morton County",3,18,32,14,18
050,20,129,"Kansas","Morton County",3,19,31,17,14
050,20,129,"Kansas","Morton County",3,20,33,15,18
050,20,129,"Kansas","Morton County",3,21,29,13,16
050,20,129,"Kansas","Morton County",3,22,32,17,15
050,20,129,"Kansas","Morton County",3,23,26,19,7
050,20,129,"Kansas","Morton County",3,24,22,12,10
050,20,129,"Kansas","Morton County",3,25,25,10,15
050,20,129,"Kansas","Morton County",3,26,31,16,15
050,20,129,"Kansas","Morton County",3,27,31,18,13
050,20,129,"Kansas","Morton County",3,28,23,14,9
050,20,129,"Kansas","Morton County",3,29,28,17,11
050,20,129,"Kansas","Morton County",3,30,25,20,5
050,20,129,"Kansas","Morton County",3,31,21,15,6
050,20,129,"Kansas","Morton County",3,32,20,8,12
050,20,129,"Kansas","Morton County",3,33,27,14,13
050,20,129,"Kansas","Morton County",3,34,25,13,12
050,20,129,"Kansas","Morton County",3,35,30,15,15
050,20,129,"Kansas","Morton County",3,36,33,18,15
050,20,129,"Kansas","Morton County",3,37,26,15,11
050,20,129,"Kansas","Morton County",3,38,31,13,18
050,20,129,"Kansas","Morton County",3,39,31,16,15
050,20,129,"Kansas","Morton County",3,40,33,16,17
050,20,129,"Kansas","Morton County",3,41,31,12,19
050,20,129,"Kansas","Morton County",3,42,35,16,19
050,20,129,"Kansas","Morton County",3,43,27,14,13
050,20,129,"Kansas","Morton County",3,44,30,18,12
050,20,129,"Kansas","Morton County",3,45,29,16,13
050,20,129,"Kansas","Morton County",3,46,36,20,16
050,20,129,"Kansas","Morton County",3,47,34,16,18
050,20,129,"Kansas","Morton County",3,48,30,18,12
050,20,129,"Kansas","Morton County",3,49,34,15,19
050,20,129,"Kansas","Morton County",3,50,36,17,19
050,20,129,"Kansas","Morton County",3,51,34,16,18
050,20,129,"Kansas","Morton County",3,52,23,9,14
050,20,129,"Kansas","Morton County",3,53,26,11,15
050,20,129,"Kansas","Morton County",3,54,31,17,14
050,20,129,"Kansas","Morton County",3,55,30,20,10
050,20,129,"Kansas","Morton County",3,56,33,20,13
050,20,129,"Kansas","Morton County",3,57,37,20,17
050,20,129,"Kansas","Morton County",3,58,44,23,21
050,20,129,"Kansas","Morton County",3,59,46,25,21
050,20,129,"Kansas","Morton County",3,60,40,21,19
050,20,129,"Kansas","Morton County",3,61,44,22,22
050,20,129,"Kansas","Morton County",3,62,34,18,16
050,20,129,"Kansas","Morton County",3,63,35,17,18
050,20,129,"Kansas","Morton County",3,64,37,17,20
050,20,129,"Kansas","Morton County",3,65,37,20,17
050,20,129,"Kansas","Morton County",3,66,38,20,18
050,20,129,"Kansas","Morton County",3,67,42,21,21
050,20,129,"Kansas","Morton County",3,68,31,16,15
050,20,129,"Kansas","Morton County",3,69,22,11,11
050,20,129,"Kansas","Morton County",3,70,27,13,14
050,20,129,"Kansas","Morton County",3,71,30,15,15
050,20,129,"Kansas","Morton County",3,72,32,18,14
050,20,129,"Kansas","Morton County",3,73,19,11,8
050,20,129,"Kansas","Morton County",3,74,23,11,12
050,20,129,"Kansas","Morton County",3,75,21,9,12
050,20,129,"Kansas","Morton County",3,76,22,9,13
050,20,129,"Kansas","Morton County",3,77,17,10,7
050,20,129,"Kansas","Morton County",3,78,19,11,8
050,20,129,"Kansas","Morton County",3,79,18,11,7
050,20,129,"Kansas","Morton County",3,80,21,11,10
050,20,129,"Kansas","Morton County",3,81,15,6,9
050,20,129,"Kansas","Morton County",3,82,12,7,5
050,20,129,"Kansas","Morton County",3,83,11,3,8
050,20,129,"Kansas","Morton County",3,84,11,2,9
050,20,129,"Kansas","Morton County",3,85,93,26,67
050,20,129,"Kansas","Morton County",4,0,30,15,15
050,20,129,"Kansas","Morton County",4,1,31,17,14
050,20,129,"Kansas","Morton County",4,2,28,15,13
050,20,129,"Kansas","Morton County",4,3,27,11,16
050,20,129,"Kansas","Morton County",4,4,27,14,13
050,20,129,"Kansas","Morton County",4,5,27,17,10
050,20,129,"Kansas","Morton County",4,6,42,19,23
050,20,129,"Kansas","Morton County",4,7,33,16,17
050,20,129,"Kansas","Morton County",4,8,35,14,21
050,20,129,"Kansas","Morton County",4,9,49,22,27
050,20,129,"Kansas","Morton County",4,10,38,18,20
050,20,129,"Kansas","Morton County",4,11,40,21,19
050,20,129,"Kansas","Morton County",4,12,38,19,19
050,20,129,"Kansas","Morton County",4,13,37,24,13
050,20,129,"Kansas","Morton County",4,14,36,18,18
050,20,129,"Kansas","Morton County",4,15,39,17,22
050,20,129,"Kansas","Morton County",4,16,46,22,24
050,20,129,"Kansas","Morton County",4,17,37,18,19
050,20,129,"Kansas","Morton County",4,18,34,20,14
050,20,129,"Kansas","Morton County",4,19,20,9,11
050,20,129,"Kansas","Morton County",4,20,27,14,13
050,20,129,"Kansas","Morton County",4,21,30,16,14
050,20,129,"Kansas","Morton County",4,22,31,14,17
050,20,129,"Kansas","Morton County",4,23,30,15,15
050,20,129,"Kansas","Morton County",4,24,23,14,9
050,20,129,"Kansas","Morton County",4,25,22,14,8
050,20,129,"Kansas","Morton County",4,26,25,12,13
050,20,129,"Kansas","Morton County",4,27,30,15,15
050,20,129,"Kansas","Morton County",4,28,29,17,12
050,20,129,"Kansas","Morton County",4,29,28,16,12
050,20,129,"Kansas","Morton County",4,30,31,19,12
050,20,129,"Kansas","Morton County",4,31,27,21,6
050,20,129,"Kansas","Morton County",4,32,22,13,9
050,20,129,"Kansas","Morton County",4,33,17,8,9
050,20,129,"Kansas","Morton County",4,34,29,16,13
050,20,129,"Kansas","Morton County",4,35,24,12,12
050,20,129,"Kansas","Morton County",4,36,27,12,15
050,20,129,"Kansas","Morton County",4,37,31,19,12
050,20,129,"Kansas","Morton County",4,38,27,15,12
050,20,129,"Kansas","Morton County",4,39,32,13,19
050,20,129,"Kansas","Morton County",4,40,26,13,13
050,20,129,"Kansas","Morton County",4,41,33,16,17
050,20,129,"Kansas","Morton County",4,42,25,7,18
050,20,129,"Kansas","Morton County",4,43,33,14,19
050,20,129,"Kansas","Morton County",4,44,27,14,13
050,20,129,"Kansas","Morton County",4,45,30,17,13
050,20,129,"Kansas","Morton County",4,46,30,17,13
050,20,129,"Kansas","Morton County",4,47,32,18,14
050,20,129,"Kansas","Morton County",4,48,32,16,16
050,20,129,"Kansas","Morton County",4,49,28,16,12
050,20,129,"Kansas","Morton County",4,50,35,16,19
050,20,129,"Kansas","Morton County",4,51,33,17,16
050,20,129,"Kansas","Morton County",4,52,34,15,19
050,20,129,"Kansas","Morton County",4,53,25,9,16
050,20,129,"Kansas","Morton County",4,54,24,10,14
050,20,129,"Kansas","Morton County",4,55,28,14,14
050,20,129,"Kansas","Morton County",4,56,33,22,11
050,20,129,"Kansas","Morton County",4,57,33,20,13
050,20,129,"Kansas","Morton County",4,58,34,17,17
050,20,129,"Kansas","Morton County",4,59,39,23,16
050,20,129,"Kansas","Morton County",4,60,46,25,21
050,20,129,"Kansas","Morton County",4,61,42,22,20
050,20,129,"Kansas","Morton County",4,62,41,22,19
050,20,129,"Kansas","Morton County",4,63,34,18,16
050,20,129,"Kansas","Morton County",4,64,34,16,18
050,20,129,"Kansas","Morton County",4,65,35,15,20
050,20,129,"Kansas","Morton County",4,66,31,17,14
050,20,129,"Kansas","Morton County",4,67,36,20,16
050,20,129,"Kansas","Morton County",4,68,43,21,22
050,20,129,"Kansas","Morton County",4,69,28,14,14
050,20,129,"Kansas","Morton County",4,70,22,11,11
050,20,129,"Kansas","Morton County",4,71,24,10,14
050,20,129,"Kansas","Morton County",4,72,29,14,15
050,20,129,"Kansas","Morton County",4,73,27,16,11
050,20,129,"Kansas","Morton County",4,74,15,9,6
050,20,129,"Kansas","Morton County",4,75,23,10,13
050,20,129,"Kansas","Morton County",4,76,24,10,14
050,20,129,"Kansas","Morton County",4,77,20,9,11
050,20,129,"Kansas","Morton County",4,78,16,8,8
050,20,129,"Kansas","Morton County",4,79,16,10,6
050,20,129,"Kansas","Morton County",4,80,12,6,6
050,20,129,"Kansas","Morton County",4,81,19,8,11
050,20,129,"Kansas","Morton County",4,82,14,7,7
050,20,129,"Kansas","Morton County",4,83,14,6,8
050,20,129,"Kansas","Morton County",4,84,9,3,6
050,20,129,"Kansas","Morton County",4,85,97,25,72
050,20,129,"Kansas","Morton County",5,0,31,16,15
050,20,129,"Kansas","Morton County",5,1,25,10,15
050,20,129,"Kansas","Morton County",5,2,33,20,13
050,20,129,"Kansas","Morton County",5,3,32,18,14
050,20,129,"Kansas","Morton County",5,4,28,9,19
050,20,129,"Kansas","Morton County",5,5,30,15,15
050,20,129,"Kansas","Morton County",5,6,27,16,11
050,20,129,"Kansas","Morton County",5,7,44,19,25
050,20,129,"Kansas","Morton County",5,8,35,16,19
050,20,129,"Kansas","Morton County",5,9,35,14,21
050,20,129,"Kansas","Morton County",5,10,45,18,27
050,20,129,"Kansas","Morton County",5,11,41,19,22
050,20,129,"Kansas","Morton County",5,12,38,19,19
050,20,129,"Kansas","Morton County",5,13,32,17,15
050,20,129,"Kansas","Morton County",5,14,32,19,13
050,20,129,"Kansas","Morton County",5,15,35,18,17
050,20,129,"Kansas","Morton County",5,16,39,17,22
050,20,129,"Kansas","Morton County",5,17,46,23,23
050,20,129,"Kansas","Morton County",5,18,33,16,17
050,20,129,"Kansas","Morton County",5,19,25,14,11
050,20,129,"Kansas","Morton County",5,20,25,13,12
050,20,129,"Kansas","Morton County",5,21,23,11,12
050,20,129,"Kansas","Morton County",5,22,33,17,16
050,20,129,"Kansas","Morton County",5,23,31,15,16
050,20,129,"Kansas","Morton County",5,24,32,14,18
050,20,129,"Kansas","Morton County",5,25,24,13,11
050,20,129,"Kansas","Morton County",5,26,19,14,5
050,20,129,"Kansas","Morton County",5,27,28,9,19
050,20,129,"Kansas","Morton County",5,28,26,16,10
050,20,129,"Kansas","Morton County",5,29,32,20,12
050,20,129,"Kansas","Morton County",5,30,25,13,12
050,20,129,"Kansas","Morton County",5,31,28,17,11
050,20,129,"Kansas","Morton County",5,32,29,20,9
050,20,129,"Kansas","Morton County",5,33,23,12,11
050,20,129,"Kansas","Morton County",5,34,16,7,9
050,20,129,"Kansas","Morton County",5,35,29,17,12
050,20,129,"Kansas","Morton County",5,36,23,12,11
050,20,129,"Kansas","Morton County",5,37,29,12,17
050,20,129,"Kansas","Morton County",5,38,32,19,13
050,20,129,"Kansas","Morton County",5,39,25,16,9
050,20,129,"Kansas","Morton County",5,40,32,12,20
050,20,129,"Kansas","Morton County",5,41,26,13,13
050,20,129,"Kansas","Morton County",5,42,31,14,17
050,20,129,"Kansas","Morton County",5,43,27,9,18
050,20,129,"Kansas","Morton County",5,44,36,16,20
050,20,129,"Kansas","Morton County",5,45,25,15,10
050,20,129,"Kansas","Morton County",5,46,31,19,12
050,20,129,"Kansas","Morton County",5,47,30,17,13
050,20,129,"Kansas","Morton County",5,48,31,18,13
050,20,129,"Kansas","Morton County",5,49,31,15,16
050,20,129,"Kansas","Morton County",5,50,31,18,13
050,20,129,"Kansas","Morton County",5,51,33,14,19
050,20,129,"Kansas","Morton County",5,52,33,17,16
050,20,129,"Kansas","Morton County",5,53,37,17,20
050,20,129,"Kansas","Morton County",5,54,24,10,14
050,20,129,"Kansas","Morton County",5,55,22,9,13
050,20,129,"Kansas","Morton County",5,56,26,12,14
050,20,129,"Kansas","Morton County",5,57,32,22,10
050,20,129,"Kansas","Morton County",5,58,29,17,12
050,20,129,"Kansas","Morton County",5,59,36,20,16
050,20,129,"Kansas","Morton County",5,60,38,22,16
050,20,129,"Kansas","Morton County",5,61,48,26,22
050,20,129,"Kansas","Morton County",5,62,49,24,25
050,20,129,"Kansas","Morton County",5,63,40,22,18
050,20,129,"Kansas","Morton County",5,64,31,15,16
050,20,129,"Kansas","Morton County",5,65,35,17,18
050,20,129,"Kansas","Morton County",5,66,33,14,19
050,20,129,"Kansas","Morton County",5,67,28,15,13
050,20,129,"Kansas","Morton County",5,68,38,22,16
050,20,129,"Kansas","Morton County",5,69,40,20,20
050,20,129,"Kansas","Morton County",5,70,27,15,12
050,20,129,"Kansas","Morton County",5,71,20,8,12
050,20,129,"Kansas","Morton County",5,72,23,9,14
050,20,129,"Kansas","Morton County",5,73,25,11,14
050,20,129,"Kansas","Morton County",5,74,24,13,11
050,20,129,"Kansas","Morton County",5,75,13,7,6
050,20,129,"Kansas","Morton County",5,76,27,12,15
050,20,129,"Kansas","Morton County",5,77,23,10,13
050,20,129,"Kansas","Morton County",5,78,21,9,12
050,20,129,"Kansas","Morton County",5,79,13,7,6
050,20,129,"Kansas","Morton County",5,80,11,6,5
050,20,129,"Kansas","Morton County",5,81,14,7,7
050,20,129,"Kansas","Morton County",5,82,17,8,9
050,20,129,"Kansas","Morton County",5,83,10,3,7
050,20,129,"Kansas","Morton County",5,84,14,6,8
050,20,129,"Kansas","Morton County",5,85,97,24,73
050,20,131,"Kansas","Nemaha County",1,0,149,76,73
050,20,131,"Kansas","Nemaha County",1,1,145,77,68
050,20,131,"Kansas","Nemaha County",1,2,146,79,67
050,20,131,"Kansas","Nemaha County",1,3,156,81,75
050,20,131,"Kansas","Nemaha County",1,4,162,84,78
050,20,131,"Kansas","Nemaha County",1,5,166,85,81
050,20,131,"Kansas","Nemaha County",1,6,157,87,70
050,20,131,"Kansas","Nemaha County",1,7,157,89,68
050,20,131,"Kansas","Nemaha County",1,8,135,73,62
050,20,131,"Kansas","Nemaha County",1,9,158,79,79
050,20,131,"Kansas","Nemaha County",1,10,189,85,104
050,20,131,"Kansas","Nemaha County",1,11,170,85,85
050,20,131,"Kansas","Nemaha County",1,12,152,82,70
050,20,131,"Kansas","Nemaha County",1,13,156,87,69
050,20,131,"Kansas","Nemaha County",1,14,148,87,61
050,20,131,"Kansas","Nemaha County",1,15,148,76,72
050,20,131,"Kansas","Nemaha County",1,16,156,81,75
050,20,131,"Kansas","Nemaha County",1,17,139,76,63
050,20,131,"Kansas","Nemaha County",1,18,132,65,67
050,20,131,"Kansas","Nemaha County",1,19,92,51,41
050,20,131,"Kansas","Nemaha County",1,20,114,62,52
050,20,131,"Kansas","Nemaha County",1,21,120,67,53
050,20,131,"Kansas","Nemaha County",1,22,119,62,57
050,20,131,"Kansas","Nemaha County",1,23,106,54,52
050,20,131,"Kansas","Nemaha County",1,24,104,56,48
050,20,131,"Kansas","Nemaha County",1,25,124,65,59
050,20,131,"Kansas","Nemaha County",1,26,102,54,48
050,20,131,"Kansas","Nemaha County",1,27,97,53,44
050,20,131,"Kansas","Nemaha County",1,28,96,52,44
050,20,131,"Kansas","Nemaha County",1,29,98,58,40
050,20,131,"Kansas","Nemaha County",1,30,108,54,54
050,20,131,"Kansas","Nemaha County",1,31,117,58,59
050,20,131,"Kansas","Nemaha County",1,32,102,50,52
050,20,131,"Kansas","Nemaha County",1,33,112,55,57
050,20,131,"Kansas","Nemaha County",1,34,122,67,55
050,20,131,"Kansas","Nemaha County",1,35,134,70,64
050,20,131,"Kansas","Nemaha County",1,36,124,65,59
050,20,131,"Kansas","Nemaha County",1,37,120,63,57
050,20,131,"Kansas","Nemaha County",1,38,115,59,56
050,20,131,"Kansas","Nemaha County",1,39,115,62,53
050,20,131,"Kansas","Nemaha County",1,40,120,66,54
050,20,131,"Kansas","Nemaha County",1,41,109,60,49
050,20,131,"Kansas","Nemaha County",1,42,87,43,44
050,20,131,"Kansas","Nemaha County",1,43,101,53,48
050,20,131,"Kansas","Nemaha County",1,44,87,46,41
050,20,131,"Kansas","Nemaha County",1,45,108,60,48
050,20,131,"Kansas","Nemaha County",1,46,98,52,46
050,20,131,"Kansas","Nemaha County",1,47,95,51,44
050,20,131,"Kansas","Nemaha County",1,48,103,52,51
050,20,131,"Kansas","Nemaha County",1,49,114,58,56
050,20,131,"Kansas","Nemaha County",1,50,114,60,54
050,20,131,"Kansas","Nemaha County",1,51,111,59,52
050,20,131,"Kansas","Nemaha County",1,52,101,55,46
050,20,131,"Kansas","Nemaha County",1,53,106,51,55
050,20,131,"Kansas","Nemaha County",1,54,118,61,57
050,20,131,"Kansas","Nemaha County",1,55,124,64,60
050,20,131,"Kansas","Nemaha County",1,56,149,84,65
050,20,131,"Kansas","Nemaha County",1,57,147,76,71
050,20,131,"Kansas","Nemaha County",1,58,158,82,76
050,20,131,"Kansas","Nemaha County",1,59,153,78,75
050,20,131,"Kansas","Nemaha County",1,60,157,84,73
050,20,131,"Kansas","Nemaha County",1,61,131,71,60
050,20,131,"Kansas","Nemaha County",1,62,131,71,60
050,20,131,"Kansas","Nemaha County",1,63,152,77,75
050,20,131,"Kansas","Nemaha County",1,64,128,69,59
050,20,131,"Kansas","Nemaha County",1,65,121,62,59
050,20,131,"Kansas","Nemaha County",1,66,118,57,61
050,20,131,"Kansas","Nemaha County",1,67,116,65,51
050,20,131,"Kansas","Nemaha County",1,68,116,61,55
050,20,131,"Kansas","Nemaha County",1,69,93,47,46
050,20,131,"Kansas","Nemaha County",1,70,91,45,46
050,20,131,"Kansas","Nemaha County",1,71,94,49,45
050,20,131,"Kansas","Nemaha County",1,72,85,38,47
050,20,131,"Kansas","Nemaha County",1,73,82,37,45
050,20,131,"Kansas","Nemaha County",1,74,73,34,39
050,20,131,"Kansas","Nemaha County",1,75,66,32,34
050,20,131,"Kansas","Nemaha County",1,76,69,33,36
050,20,131,"Kansas","Nemaha County",1,77,70,36,34
050,20,131,"Kansas","Nemaha County",1,78,63,24,39
050,20,131,"Kansas","Nemaha County",1,79,66,24,42
050,20,131,"Kansas","Nemaha County",1,80,60,30,30
050,20,131,"Kansas","Nemaha County",1,81,58,26,32
050,20,131,"Kansas","Nemaha County",1,82,56,26,30
050,20,131,"Kansas","Nemaha County",1,83,58,28,30
050,20,131,"Kansas","Nemaha County",1,84,54,18,36
050,20,131,"Kansas","Nemaha County",1,85,401,146,255
050,20,131,"Kansas","Nemaha County",2,0,153,82,71
050,20,131,"Kansas","Nemaha County",2,1,143,75,68
050,20,131,"Kansas","Nemaha County",2,2,145,78,67
050,20,131,"Kansas","Nemaha County",2,3,152,79,73
050,20,131,"Kansas","Nemaha County",2,4,162,83,79
050,20,131,"Kansas","Nemaha County",2,5,165,85,80
050,20,131,"Kansas","Nemaha County",2,6,156,85,71
050,20,131,"Kansas","Nemaha County",2,7,154,87,67
050,20,131,"Kansas","Nemaha County",2,8,141,77,64
050,20,131,"Kansas","Nemaha County",2,9,152,77,75
050,20,131,"Kansas","Nemaha County",2,10,181,83,98
050,20,131,"Kansas","Nemaha County",2,11,174,85,89
050,20,131,"Kansas","Nemaha County",2,12,157,82,75
050,20,131,"Kansas","Nemaha County",2,13,155,85,70
050,20,131,"Kansas","Nemaha County",2,14,149,86,63
050,20,131,"Kansas","Nemaha County",2,15,147,78,69
050,20,131,"Kansas","Nemaha County",2,16,155,80,75
050,20,131,"Kansas","Nemaha County",2,17,141,76,65
050,20,131,"Kansas","Nemaha County",2,18,127,65,62
050,20,131,"Kansas","Nemaha County",2,19,95,52,43
050,20,131,"Kansas","Nemaha County",2,20,111,60,51
050,20,131,"Kansas","Nemaha County",2,21,118,66,52
050,20,131,"Kansas","Nemaha County",2,22,119,63,56
050,20,131,"Kansas","Nemaha County",2,23,110,57,53
050,20,131,"Kansas","Nemaha County",2,24,107,57,50
050,20,131,"Kansas","Nemaha County",2,25,119,64,55
050,20,131,"Kansas","Nemaha County",2,26,107,57,50
050,20,131,"Kansas","Nemaha County",2,27,97,54,43
050,20,131,"Kansas","Nemaha County",2,28,95,52,43
050,20,131,"Kansas","Nemaha County",2,29,96,55,41
050,20,131,"Kansas","Nemaha County",2,30,106,56,50
050,20,131,"Kansas","Nemaha County",2,31,113,57,56
050,20,131,"Kansas","Nemaha County",2,32,106,51,55
050,20,131,"Kansas","Nemaha County",2,33,111,54,57
050,20,131,"Kansas","Nemaha County",2,34,120,65,55
050,20,131,"Kansas","Nemaha County",2,35,132,69,63
050,20,131,"Kansas","Nemaha County",2,36,127,66,61
050,20,131,"Kansas","Nemaha County",2,37,121,64,57
050,20,131,"Kansas","Nemaha County",2,38,116,60,56
050,20,131,"Kansas","Nemaha County",2,39,114,61,53
050,20,131,"Kansas","Nemaha County",2,40,119,65,54
050,20,131,"Kansas","Nemaha County",2,41,111,61,50
050,20,131,"Kansas","Nemaha County",2,42,93,48,45
050,20,131,"Kansas","Nemaha County",2,43,99,52,47
050,20,131,"Kansas","Nemaha County",2,44,89,47,42
050,20,131,"Kansas","Nemaha County",2,45,104,57,47
050,20,131,"Kansas","Nemaha County",2,46,100,54,46
050,20,131,"Kansas","Nemaha County",2,47,94,50,44
050,20,131,"Kansas","Nemaha County",2,48,101,52,49
050,20,131,"Kansas","Nemaha County",2,49,111,56,55
050,20,131,"Kansas","Nemaha County",2,50,113,59,54
050,20,131,"Kansas","Nemaha County",2,51,111,59,52
050,20,131,"Kansas","Nemaha County",2,52,103,56,47
050,20,131,"Kansas","Nemaha County",2,53,104,52,52
050,20,131,"Kansas","Nemaha County",2,54,116,59,57
050,20,131,"Kansas","Nemaha County",2,55,123,63,60
050,20,131,"Kansas","Nemaha County",2,56,143,80,63
050,20,131,"Kansas","Nemaha County",2,57,148,78,70
050,20,131,"Kansas","Nemaha County",2,58,155,80,75
050,20,131,"Kansas","Nemaha County",2,59,156,80,76
050,20,131,"Kansas","Nemaha County",2,60,156,82,74
050,20,131,"Kansas","Nemaha County",2,61,137,74,63
050,20,131,"Kansas","Nemaha County",2,62,130,71,59
050,20,131,"Kansas","Nemaha County",2,63,149,76,73
050,20,131,"Kansas","Nemaha County",2,64,133,71,62
050,20,131,"Kansas","Nemaha County",2,65,122,64,58
050,20,131,"Kansas","Nemaha County",2,66,119,58,61
050,20,131,"Kansas","Nemaha County",2,67,115,64,51
050,20,131,"Kansas","Nemaha County",2,68,116,62,54
050,20,131,"Kansas","Nemaha County",2,69,98,50,48
050,20,131,"Kansas","Nemaha County",2,70,90,45,45
050,20,131,"Kansas","Nemaha County",2,71,93,47,46
050,20,131,"Kansas","Nemaha County",2,72,86,40,46
050,20,131,"Kansas","Nemaha County",2,73,88,40,48
050,20,131,"Kansas","Nemaha County",2,74,69,31,38
050,20,131,"Kansas","Nemaha County",2,75,68,33,35
050,20,131,"Kansas","Nemaha County",2,76,69,33,36
050,20,131,"Kansas","Nemaha County",2,77,70,36,34
050,20,131,"Kansas","Nemaha County",2,78,62,26,36
050,20,131,"Kansas","Nemaha County",2,79,66,24,42
050,20,131,"Kansas","Nemaha County",2,80,61,29,32
050,20,131,"Kansas","Nemaha County",2,81,58,26,32
050,20,131,"Kansas","Nemaha County",2,82,56,27,29
050,20,131,"Kansas","Nemaha County",2,83,57,28,29
050,20,131,"Kansas","Nemaha County",2,84,52,18,34
050,20,131,"Kansas","Nemaha County",2,85,400,144,256
050,20,131,"Kansas","Nemaha County",3,0,141,77,64
050,20,131,"Kansas","Nemaha County",3,1,157,86,71
050,20,131,"Kansas","Nemaha County",3,2,140,73,67
050,20,131,"Kansas","Nemaha County",3,3,142,77,65
050,20,131,"Kansas","Nemaha County",3,4,145,79,66
050,20,131,"Kansas","Nemaha County",3,5,168,88,80
050,20,131,"Kansas","Nemaha County",3,6,165,82,83
050,20,131,"Kansas","Nemaha County",3,7,155,89,66
050,20,131,"Kansas","Nemaha County",3,8,147,82,65
050,20,131,"Kansas","Nemaha County",3,9,144,79,65
050,20,131,"Kansas","Nemaha County",3,10,154,73,81
050,20,131,"Kansas","Nemaha County",3,11,186,88,98
050,20,131,"Kansas","Nemaha County",3,12,178,85,93
050,20,131,"Kansas","Nemaha County",3,13,155,82,73
050,20,131,"Kansas","Nemaha County",3,14,152,84,68
050,20,131,"Kansas","Nemaha County",3,15,147,84,63
050,20,131,"Kansas","Nemaha County",3,16,152,82,70
050,20,131,"Kansas","Nemaha County",3,17,153,79,74
050,20,131,"Kansas","Nemaha County",3,18,121,67,54
050,20,131,"Kansas","Nemaha County",3,19,94,48,46
050,20,131,"Kansas","Nemaha County",3,20,104,59,45
050,20,131,"Kansas","Nemaha County",3,21,116,60,56
050,20,131,"Kansas","Nemaha County",3,22,133,69,64
050,20,131,"Kansas","Nemaha County",3,23,123,62,61
050,20,131,"Kansas","Nemaha County",3,24,124,64,60
050,20,131,"Kansas","Nemaha County",3,25,104,59,45
050,20,131,"Kansas","Nemaha County",3,26,113,60,53
050,20,131,"Kansas","Nemaha County",3,27,114,58,56
050,20,131,"Kansas","Nemaha County",3,28,108,59,49
050,20,131,"Kansas","Nemaha County",3,29,97,52,45
050,20,131,"Kansas","Nemaha County",3,30,101,56,45
050,20,131,"Kansas","Nemaha County",3,31,106,54,52
050,20,131,"Kansas","Nemaha County",3,32,106,51,55
050,20,131,"Kansas","Nemaha County",3,33,107,53,54
050,20,131,"Kansas","Nemaha County",3,34,113,57,56
050,20,131,"Kansas","Nemaha County",3,35,118,62,56
050,20,131,"Kansas","Nemaha County",3,36,129,69,60
050,20,131,"Kansas","Nemaha County",3,37,127,67,60
050,20,131,"Kansas","Nemaha County",3,38,118,61,57
050,20,131,"Kansas","Nemaha County",3,39,118,61,57
050,20,131,"Kansas","Nemaha County",3,40,114,61,53
050,20,131,"Kansas","Nemaha County",3,41,119,64,55
050,20,131,"Kansas","Nemaha County",3,42,109,58,51
050,20,131,"Kansas","Nemaha County",3,43,95,50,45
050,20,131,"Kansas","Nemaha County",3,44,96,51,45
050,20,131,"Kansas","Nemaha County",3,45,88,46,42
050,20,131,"Kansas","Nemaha County",3,46,106,58,48
050,20,131,"Kansas","Nemaha County",3,47,92,50,42
050,20,131,"Kansas","Nemaha County",3,48,91,47,44
050,20,131,"Kansas","Nemaha County",3,49,104,51,53
050,20,131,"Kansas","Nemaha County",3,50,110,54,56
050,20,131,"Kansas","Nemaha County",3,51,117,64,53
050,20,131,"Kansas","Nemaha County",3,52,112,60,52
050,20,131,"Kansas","Nemaha County",3,53,103,56,47
050,20,131,"Kansas","Nemaha County",3,54,103,53,50
050,20,131,"Kansas","Nemaha County",3,55,120,59,61
050,20,131,"Kansas","Nemaha County",3,56,125,64,61
050,20,131,"Kansas","Nemaha County",3,57,145,85,60
050,20,131,"Kansas","Nemaha County",3,58,149,78,71
050,20,131,"Kansas","Nemaha County",3,59,150,79,71
050,20,131,"Kansas","Nemaha County",3,60,156,79,77
050,20,131,"Kansas","Nemaha County",3,61,148,77,71
050,20,131,"Kansas","Nemaha County",3,62,136,72,64
050,20,131,"Kansas","Nemaha County",3,63,125,68,57
050,20,131,"Kansas","Nemaha County",3,64,146,73,73
050,20,131,"Kansas","Nemaha County",3,65,128,66,62
050,20,131,"Kansas","Nemaha County",3,66,117,58,59
050,20,131,"Kansas","Nemaha County",3,67,116,59,57
050,20,131,"Kansas","Nemaha County",3,68,112,60,52
050,20,131,"Kansas","Nemaha County",3,69,113,57,56
050,20,131,"Kansas","Nemaha County",3,70,92,46,46
050,20,131,"Kansas","Nemaha County",3,71,84,42,42
050,20,131,"Kansas","Nemaha County",3,72,92,45,47
050,20,131,"Kansas","Nemaha County",3,73,85,39,46
050,20,131,"Kansas","Nemaha County",3,74,82,37,45
050,20,131,"Kansas","Nemaha County",3,75,65,29,36
050,20,131,"Kansas","Nemaha County",3,76,73,35,38
050,20,131,"Kansas","Nemaha County",3,77,65,32,33
050,20,131,"Kansas","Nemaha County",3,78,68,33,35
050,20,131,"Kansas","Nemaha County",3,79,58,23,35
050,20,131,"Kansas","Nemaha County",3,80,57,21,36
050,20,131,"Kansas","Nemaha County",3,81,63,28,35
050,20,131,"Kansas","Nemaha County",3,82,53,27,26
050,20,131,"Kansas","Nemaha County",3,83,52,26,26
050,20,131,"Kansas","Nemaha County",3,84,56,21,35
050,20,131,"Kansas","Nemaha County",3,85,361,131,230
050,20,131,"Kansas","Nemaha County",4,0,129,72,57
050,20,131,"Kansas","Nemaha County",4,1,135,74,61
050,20,131,"Kansas","Nemaha County",4,2,163,89,74
050,20,131,"Kansas","Nemaha County",4,3,139,74,65
050,20,131,"Kansas","Nemaha County",4,4,139,74,65
050,20,131,"Kansas","Nemaha County",4,5,148,82,66
050,20,131,"Kansas","Nemaha County",4,6,171,90,81
050,20,131,"Kansas","Nemaha County",4,7,158,82,76
050,20,131,"Kansas","Nemaha County",4,8,159,90,69
050,20,131,"Kansas","Nemaha County",4,9,149,86,63
050,20,131,"Kansas","Nemaha County",4,10,140,77,63
050,20,131,"Kansas","Nemaha County",4,11,154,76,78
050,20,131,"Kansas","Nemaha County",4,12,172,78,94
050,20,131,"Kansas","Nemaha County",4,13,169,82,87
050,20,131,"Kansas","Nemaha County",4,14,150,81,69
050,20,131,"Kansas","Nemaha County",4,15,152,84,68
050,20,131,"Kansas","Nemaha County",4,16,152,89,63
050,20,131,"Kansas","Nemaha County",4,17,147,77,70
050,20,131,"Kansas","Nemaha County",4,18,120,68,52
050,20,131,"Kansas","Nemaha County",4,19,90,51,39
050,20,131,"Kansas","Nemaha County",4,20,101,49,52
050,20,131,"Kansas","Nemaha County",4,21,108,61,47
050,20,131,"Kansas","Nemaha County",4,22,115,59,56
050,20,131,"Kansas","Nemaha County",4,23,139,76,63
050,20,131,"Kansas","Nemaha County",4,24,116,54,62
050,20,131,"Kansas","Nemaha County",4,25,122,61,61
050,20,131,"Kansas","Nemaha County",4,26,113,59,54
050,20,131,"Kansas","Nemaha County",4,27,110,58,52
050,20,131,"Kansas","Nemaha County",4,28,112,57,55
050,20,131,"Kansas","Nemaha County",4,29,105,56,49
050,20,131,"Kansas","Nemaha County",4,30,96,53,43
050,20,131,"Kansas","Nemaha County",4,31,103,56,47
050,20,131,"Kansas","Nemaha County",4,32,110,57,53
050,20,131,"Kansas","Nemaha County",4,33,107,52,55
050,20,131,"Kansas","Nemaha County",4,34,114,54,60
050,20,131,"Kansas","Nemaha County",4,35,112,57,55
050,20,131,"Kansas","Nemaha County",4,36,121,64,57
050,20,131,"Kansas","Nemaha County",4,37,136,74,62
050,20,131,"Kansas","Nemaha County",4,38,117,60,57
050,20,131,"Kansas","Nemaha County",4,39,118,62,56
050,20,131,"Kansas","Nemaha County",4,40,117,60,57
050,20,131,"Kansas","Nemaha County",4,41,112,61,51
050,20,131,"Kansas","Nemaha County",4,42,117,64,53
050,20,131,"Kansas","Nemaha County",4,43,109,58,51
050,20,131,"Kansas","Nemaha County",4,44,97,50,47
050,20,131,"Kansas","Nemaha County",4,45,94,52,42
050,20,131,"Kansas","Nemaha County",4,46,93,46,47
050,20,131,"Kansas","Nemaha County",4,47,95,50,45
050,20,131,"Kansas","Nemaha County",4,48,90,47,43
050,20,131,"Kansas","Nemaha County",4,49,89,47,42
050,20,131,"Kansas","Nemaha County",4,50,106,52,54
050,20,131,"Kansas","Nemaha County",4,51,108,54,54
050,20,131,"Kansas","Nemaha County",4,52,120,65,55
050,20,131,"Kansas","Nemaha County",4,53,110,59,51
050,20,131,"Kansas","Nemaha County",4,54,105,56,49
050,20,131,"Kansas","Nemaha County",4,55,107,52,55
050,20,131,"Kansas","Nemaha County",4,56,123,60,63
050,20,131,"Kansas","Nemaha County",4,57,126,66,60
050,20,131,"Kansas","Nemaha County",4,58,142,84,58
050,20,131,"Kansas","Nemaha County",4,59,146,75,71
050,20,131,"Kansas","Nemaha County",4,60,149,76,73
050,20,131,"Kansas","Nemaha County",4,61,156,81,75
050,20,131,"Kansas","Nemaha County",4,62,150,78,72
050,20,131,"Kansas","Nemaha County",4,63,134,72,62
050,20,131,"Kansas","Nemaha County",4,64,118,63,55
050,20,131,"Kansas","Nemaha County",4,65,139,70,69
050,20,131,"Kansas","Nemaha County",4,66,132,69,63
050,20,131,"Kansas","Nemaha County",4,67,115,60,55
050,20,131,"Kansas","Nemaha County",4,68,112,55,57
050,20,131,"Kansas","Nemaha County",4,69,110,57,53
050,20,131,"Kansas","Nemaha County",4,70,109,55,54
050,20,131,"Kansas","Nemaha County",4,71,89,43,46
050,20,131,"Kansas","Nemaha County",4,72,83,41,42
050,20,131,"Kansas","Nemaha County",4,73,91,43,48
050,20,131,"Kansas","Nemaha County",4,74,79,36,43
050,20,131,"Kansas","Nemaha County",4,75,81,38,43
050,20,131,"Kansas","Nemaha County",4,76,72,32,40
050,20,131,"Kansas","Nemaha County",4,77,67,34,33
050,20,131,"Kansas","Nemaha County",4,78,65,30,35
050,20,131,"Kansas","Nemaha County",4,79,65,30,35
050,20,131,"Kansas","Nemaha County",4,80,58,25,33
050,20,131,"Kansas","Nemaha County",4,81,61,21,40
050,20,131,"Kansas","Nemaha County",4,82,57,27,30
050,20,131,"Kansas","Nemaha County",4,83,55,30,25
050,20,131,"Kansas","Nemaha County",4,84,51,18,33
050,20,131,"Kansas","Nemaha County",4,85,349,131,218
050,20,131,"Kansas","Nemaha County",5,0,130,73,57
050,20,131,"Kansas","Nemaha County",5,1,125,70,55
050,20,131,"Kansas","Nemaha County",5,2,135,76,59
050,20,131,"Kansas","Nemaha County",5,3,158,84,74
050,20,131,"Kansas","Nemaha County",5,4,139,74,65
050,20,131,"Kansas","Nemaha County",5,5,139,74,65
050,20,131,"Kansas","Nemaha County",5,6,149,82,67
050,20,131,"Kansas","Nemaha County",5,7,173,92,81
050,20,131,"Kansas","Nemaha County",5,8,163,86,77
050,20,131,"Kansas","Nemaha County",5,9,152,86,66
050,20,131,"Kansas","Nemaha County",5,10,149,84,65
050,20,131,"Kansas","Nemaha County",5,11,141,77,64
050,20,131,"Kansas","Nemaha County",5,12,154,75,79
050,20,131,"Kansas","Nemaha County",5,13,175,80,95
050,20,131,"Kansas","Nemaha County",5,14,168,83,85
050,20,131,"Kansas","Nemaha County",5,15,149,80,69
050,20,131,"Kansas","Nemaha County",5,16,153,86,67
050,20,131,"Kansas","Nemaha County",5,17,148,84,64
050,20,131,"Kansas","Nemaha County",5,18,121,70,51
050,20,131,"Kansas","Nemaha County",5,19,91,51,40
050,20,131,"Kansas","Nemaha County",5,20,95,52,43
050,20,131,"Kansas","Nemaha County",5,21,102,49,53
050,20,131,"Kansas","Nemaha County",5,22,113,58,55
050,20,131,"Kansas","Nemaha County",5,23,129,65,64
050,20,131,"Kansas","Nemaha County",5,24,136,75,61
050,20,131,"Kansas","Nemaha County",5,25,114,54,60
050,20,131,"Kansas","Nemaha County",5,26,111,55,56
050,20,131,"Kansas","Nemaha County",5,27,109,57,52
050,20,131,"Kansas","Nemaha County",5,28,105,55,50
050,20,131,"Kansas","Nemaha County",5,29,107,58,49
050,20,131,"Kansas","Nemaha County",5,30,107,55,52
050,20,131,"Kansas","Nemaha County",5,31,102,56,46
050,20,131,"Kansas","Nemaha County",5,32,110,59,51
050,20,131,"Kansas","Nemaha County",5,33,98,49,49
050,20,131,"Kansas","Nemaha County",5,34,112,59,53
050,20,131,"Kansas","Nemaha County",5,35,111,51,60
050,20,131,"Kansas","Nemaha County",5,36,110,55,55
050,20,131,"Kansas","Nemaha County",5,37,123,63,60
050,20,131,"Kansas","Nemaha County",5,38,134,72,62
050,20,131,"Kansas","Nemaha County",5,39,121,63,58
050,20,131,"Kansas","Nemaha County",5,40,117,63,54
050,20,131,"Kansas","Nemaha County",5,41,118,58,60
050,20,131,"Kansas","Nemaha County",5,42,106,60,46
050,20,131,"Kansas","Nemaha County",5,43,108,59,49
050,20,131,"Kansas","Nemaha County",5,44,108,58,50
050,20,131,"Kansas","Nemaha County",5,45,96,48,48
050,20,131,"Kansas","Nemaha County",5,46,94,52,42
050,20,131,"Kansas","Nemaha County",5,47,95,49,46
050,20,131,"Kansas","Nemaha County",5,48,97,50,47
050,20,131,"Kansas","Nemaha County",5,49,90,47,43
050,20,131,"Kansas","Nemaha County",5,50,90,47,43
050,20,131,"Kansas","Nemaha County",5,51,105,50,55
050,20,131,"Kansas","Nemaha County",5,52,113,58,55
050,20,131,"Kansas","Nemaha County",5,53,117,63,54
050,20,131,"Kansas","Nemaha County",5,54,113,60,53
050,20,131,"Kansas","Nemaha County",5,55,105,56,49
050,20,131,"Kansas","Nemaha County",5,56,103,52,51
050,20,131,"Kansas","Nemaha County",5,57,119,59,60
050,20,131,"Kansas","Nemaha County",5,58,129,65,64
050,20,131,"Kansas","Nemaha County",5,59,139,81,58
050,20,131,"Kansas","Nemaha County",5,60,146,75,71
050,20,131,"Kansas","Nemaha County",5,61,150,76,74
050,20,131,"Kansas","Nemaha County",5,62,150,77,73
050,20,131,"Kansas","Nemaha County",5,63,150,79,71
050,20,131,"Kansas","Nemaha County",5,64,128,69,59
050,20,131,"Kansas","Nemaha County",5,65,113,60,53
050,20,131,"Kansas","Nemaha County",5,66,137,66,71
050,20,131,"Kansas","Nemaha County",5,67,130,68,62
050,20,131,"Kansas","Nemaha County",5,68,113,56,57
050,20,131,"Kansas","Nemaha County",5,69,110,53,57
050,20,131,"Kansas","Nemaha County",5,70,106,54,52
050,20,131,"Kansas","Nemaha County",5,71,106,53,53
050,20,131,"Kansas","Nemaha County",5,72,92,44,48
050,20,131,"Kansas","Nemaha County",5,73,82,40,42
050,20,131,"Kansas","Nemaha County",5,74,88,41,47
050,20,131,"Kansas","Nemaha County",5,75,78,37,41
050,20,131,"Kansas","Nemaha County",5,76,86,39,47
050,20,131,"Kansas","Nemaha County",5,77,63,29,34
050,20,131,"Kansas","Nemaha County",5,78,65,33,32
050,20,131,"Kansas","Nemaha County",5,79,63,28,35
050,20,131,"Kansas","Nemaha County",5,80,63,30,33
050,20,131,"Kansas","Nemaha County",5,81,60,24,36
050,20,131,"Kansas","Nemaha County",5,82,56,20,36
050,20,131,"Kansas","Nemaha County",5,83,57,28,29
050,20,131,"Kansas","Nemaha County",5,84,53,23,30
050,20,131,"Kansas","Nemaha County",5,85,346,130,216
050,20,133,"Kansas","Neosho County",1,0,163,85,78
050,20,133,"Kansas","Neosho County",1,1,180,99,81
050,20,133,"Kansas","Neosho County",1,2,189,96,93
050,20,133,"Kansas","Neosho County",1,3,222,122,100
050,20,133,"Kansas","Neosho County",1,4,228,120,108
050,20,133,"Kansas","Neosho County",1,5,218,105,113
050,20,133,"Kansas","Neosho County",1,6,233,129,104
050,20,133,"Kansas","Neosho County",1,7,218,115,103
050,20,133,"Kansas","Neosho County",1,8,222,114,108
050,20,133,"Kansas","Neosho County",1,9,217,110,107
050,20,133,"Kansas","Neosho County",1,10,205,111,94
050,20,133,"Kansas","Neosho County",1,11,217,113,104
050,20,133,"Kansas","Neosho County",1,12,235,116,119
050,20,133,"Kansas","Neosho County",1,13,264,134,130
050,20,133,"Kansas","Neosho County",1,14,251,126,125
050,20,133,"Kansas","Neosho County",1,15,219,115,104
050,20,133,"Kansas","Neosho County",1,16,227,119,108
050,20,133,"Kansas","Neosho County",1,17,218,106,112
050,20,133,"Kansas","Neosho County",1,18,214,101,113
050,20,133,"Kansas","Neosho County",1,19,251,136,115
050,20,133,"Kansas","Neosho County",1,20,245,133,112
050,20,133,"Kansas","Neosho County",1,21,177,98,79
050,20,133,"Kansas","Neosho County",1,22,161,84,77
050,20,133,"Kansas","Neosho County",1,23,160,83,77
050,20,133,"Kansas","Neosho County",1,24,156,90,66
050,20,133,"Kansas","Neosho County",1,25,159,68,91
050,20,133,"Kansas","Neosho County",1,26,172,85,87
050,20,133,"Kansas","Neosho County",1,27,194,108,86
050,20,133,"Kansas","Neosho County",1,28,180,107,73
050,20,133,"Kansas","Neosho County",1,29,179,95,84
050,20,133,"Kansas","Neosho County",1,30,165,83,82
050,20,133,"Kansas","Neosho County",1,31,171,90,81
050,20,133,"Kansas","Neosho County",1,32,184,87,97
050,20,133,"Kansas","Neosho County",1,33,171,82,89
050,20,133,"Kansas","Neosho County",1,34,169,82,87
050,20,133,"Kansas","Neosho County",1,35,180,89,91
050,20,133,"Kansas","Neosho County",1,36,187,98,89
050,20,133,"Kansas","Neosho County",1,37,191,96,95
050,20,133,"Kansas","Neosho County",1,38,182,91,91
050,20,133,"Kansas","Neosho County",1,39,173,78,95
050,20,133,"Kansas","Neosho County",1,40,173,78,95
050,20,133,"Kansas","Neosho County",1,41,177,82,95
050,20,133,"Kansas","Neosho County",1,42,181,91,90
050,20,133,"Kansas","Neosho County",1,43,190,98,92
050,20,133,"Kansas","Neosho County",1,44,181,95,86
050,20,133,"Kansas","Neosho County",1,45,171,84,87
050,20,133,"Kansas","Neosho County",1,46,146,80,66
050,20,133,"Kansas","Neosho County",1,47,150,78,72
050,20,133,"Kansas","Neosho County",1,48,175,101,74
050,20,133,"Kansas","Neosho County",1,49,184,101,83
050,20,133,"Kansas","Neosho County",1,50,182,95,87
050,20,133,"Kansas","Neosho County",1,51,177,98,79
050,20,133,"Kansas","Neosho County",1,52,179,94,85
050,20,133,"Kansas","Neosho County",1,53,194,98,96
050,20,133,"Kansas","Neosho County",1,54,196,97,99
050,20,133,"Kansas","Neosho County",1,55,181,88,93
050,20,133,"Kansas","Neosho County",1,56,205,105,100
050,20,133,"Kansas","Neosho County",1,57,225,116,109
050,20,133,"Kansas","Neosho County",1,58,234,105,129
050,20,133,"Kansas","Neosho County",1,59,225,108,117
050,20,133,"Kansas","Neosho County",1,60,233,127,106
050,20,133,"Kansas","Neosho County",1,61,224,125,99
050,20,133,"Kansas","Neosho County",1,62,236,118,118
050,20,133,"Kansas","Neosho County",1,63,240,119,121
050,20,133,"Kansas","Neosho County",1,64,210,110,100
050,20,133,"Kansas","Neosho County",1,65,216,108,108
050,20,133,"Kansas","Neosho County",1,66,210,99,111
050,20,133,"Kansas","Neosho County",1,67,195,94,101
050,20,133,"Kansas","Neosho County",1,68,172,86,86
050,20,133,"Kansas","Neosho County",1,69,183,92,91
050,20,133,"Kansas","Neosho County",1,70,166,87,79
050,20,133,"Kansas","Neosho County",1,71,165,79,86
050,20,133,"Kansas","Neosho County",1,72,171,78,93
050,20,133,"Kansas","Neosho County",1,73,165,73,92
050,20,133,"Kansas","Neosho County",1,74,121,57,64
050,20,133,"Kansas","Neosho County",1,75,113,56,57
050,20,133,"Kansas","Neosho County",1,76,112,50,62
050,20,133,"Kansas","Neosho County",1,77,118,48,70
050,20,133,"Kansas","Neosho County",1,78,107,41,66
050,20,133,"Kansas","Neosho County",1,79,91,46,45
050,20,133,"Kansas","Neosho County",1,80,93,40,53
050,20,133,"Kansas","Neosho County",1,81,84,40,44
050,20,133,"Kansas","Neosho County",1,82,72,31,41
050,20,133,"Kansas","Neosho County",1,83,68,24,44
050,20,133,"Kansas","Neosho County",1,84,64,25,39
050,20,133,"Kansas","Neosho County",1,85,398,146,252
050,20,133,"Kansas","Neosho County",2,0,170,98,72
050,20,133,"Kansas","Neosho County",2,1,174,95,79
050,20,133,"Kansas","Neosho County",2,2,186,97,89
050,20,133,"Kansas","Neosho County",2,3,210,114,96
050,20,133,"Kansas","Neosho County",2,4,227,120,107
050,20,133,"Kansas","Neosho County",2,5,221,109,112
050,20,133,"Kansas","Neosho County",2,6,232,125,107
050,20,133,"Kansas","Neosho County",2,7,223,118,105
050,20,133,"Kansas","Neosho County",2,8,222,115,107
050,20,133,"Kansas","Neosho County",2,9,219,111,108
050,20,133,"Kansas","Neosho County",2,10,207,109,98
050,20,133,"Kansas","Neosho County",2,11,213,112,101
050,20,133,"Kansas","Neosho County",2,12,229,115,114
050,20,133,"Kansas","Neosho County",2,13,255,128,127
050,20,133,"Kansas","Neosho County",2,14,256,128,128
050,20,133,"Kansas","Neosho County",2,15,226,118,108
050,20,133,"Kansas","Neosho County",2,16,226,119,107
050,20,133,"Kansas","Neosho County",2,17,219,108,111
050,20,133,"Kansas","Neosho County",2,18,214,103,111
050,20,133,"Kansas","Neosho County",2,19,254,136,118
050,20,133,"Kansas","Neosho County",2,20,246,133,113
050,20,133,"Kansas","Neosho County",2,21,178,98,80
050,20,133,"Kansas","Neosho County",2,22,160,82,78
050,20,133,"Kansas","Neosho County",2,23,161,86,75
050,20,133,"Kansas","Neosho County",2,24,157,88,69
050,20,133,"Kansas","Neosho County",2,25,157,73,84
050,20,133,"Kansas","Neosho County",2,26,170,82,88
050,20,133,"Kansas","Neosho County",2,27,192,105,87
050,20,133,"Kansas","Neosho County",2,28,184,107,77
050,20,133,"Kansas","Neosho County",2,29,182,98,84
050,20,133,"Kansas","Neosho County",2,30,170,86,84
050,20,133,"Kansas","Neosho County",2,31,171,90,81
050,20,133,"Kansas","Neosho County",2,32,183,89,94
050,20,133,"Kansas","Neosho County",2,33,173,83,90
050,20,133,"Kansas","Neosho County",2,34,169,82,87
050,20,133,"Kansas","Neosho County",2,35,176,88,88
050,20,133,"Kansas","Neosho County",2,36,182,95,87
050,20,133,"Kansas","Neosho County",2,37,189,96,93
050,20,133,"Kansas","Neosho County",2,38,185,92,93
050,20,133,"Kansas","Neosho County",2,39,176,81,95
050,20,133,"Kansas","Neosho County",2,40,176,80,96
050,20,133,"Kansas","Neosho County",2,41,175,81,94
050,20,133,"Kansas","Neosho County",2,42,179,88,91
050,20,133,"Kansas","Neosho County",2,43,191,99,92
050,20,133,"Kansas","Neosho County",2,44,180,95,85
050,20,133,"Kansas","Neosho County",2,45,176,87,89
050,20,133,"Kansas","Neosho County",2,46,152,81,71
050,20,133,"Kansas","Neosho County",2,47,146,76,70
050,20,133,"Kansas","Neosho County",2,48,167,95,72
050,20,133,"Kansas","Neosho County",2,49,183,102,81
050,20,133,"Kansas","Neosho County",2,50,181,96,85
050,20,133,"Kansas","Neosho County",2,51,178,97,81
050,20,133,"Kansas","Neosho County",2,52,177,94,83
050,20,133,"Kansas","Neosho County",2,53,193,99,94
050,20,133,"Kansas","Neosho County",2,54,193,97,96
050,20,133,"Kansas","Neosho County",2,55,185,92,93
050,20,133,"Kansas","Neosho County",2,56,200,100,100
050,20,133,"Kansas","Neosho County",2,57,219,112,107
050,20,133,"Kansas","Neosho County",2,58,232,107,125
050,20,133,"Kansas","Neosho County",2,59,224,107,117
050,20,133,"Kansas","Neosho County",2,60,233,124,109
050,20,133,"Kansas","Neosho County",2,61,226,126,100
050,20,133,"Kansas","Neosho County",2,62,232,119,113
050,20,133,"Kansas","Neosho County",2,63,242,119,123
050,20,133,"Kansas","Neosho County",2,64,215,111,104
050,20,133,"Kansas","Neosho County",2,65,214,108,106
050,20,133,"Kansas","Neosho County",2,66,212,101,111
050,20,133,"Kansas","Neosho County",2,67,197,94,103
050,20,133,"Kansas","Neosho County",2,68,176,87,89
050,20,133,"Kansas","Neosho County",2,69,181,91,90
050,20,133,"Kansas","Neosho County",2,70,167,86,81
050,20,133,"Kansas","Neosho County",2,71,169,82,87
050,20,133,"Kansas","Neosho County",2,72,165,77,88
050,20,133,"Kansas","Neosho County",2,73,173,76,97
050,20,133,"Kansas","Neosho County",2,74,124,57,67
050,20,133,"Kansas","Neosho County",2,75,117,58,59
050,20,133,"Kansas","Neosho County",2,76,110,49,61
050,20,133,"Kansas","Neosho County",2,77,117,48,69
050,20,133,"Kansas","Neosho County",2,78,107,42,65
050,20,133,"Kansas","Neosho County",2,79,94,44,50
050,20,133,"Kansas","Neosho County",2,80,92,41,51
050,20,133,"Kansas","Neosho County",2,81,84,40,44
050,20,133,"Kansas","Neosho County",2,82,73,31,42
050,20,133,"Kansas","Neosho County",2,83,68,25,43
050,20,133,"Kansas","Neosho County",2,84,64,25,39
050,20,133,"Kansas","Neosho County",2,85,402,149,253
050,20,133,"Kansas","Neosho County",3,0,186,106,80
050,20,133,"Kansas","Neosho County",3,1,181,101,80
050,20,133,"Kansas","Neosho County",3,2,164,88,76
050,20,133,"Kansas","Neosho County",3,3,189,94,95
050,20,133,"Kansas","Neosho County",3,4,212,110,102
050,20,133,"Kansas","Neosho County",3,5,234,123,111
050,20,133,"Kansas","Neosho County",3,6,215,110,105
050,20,133,"Kansas","Neosho County",3,7,231,118,113
050,20,133,"Kansas","Neosho County",3,8,230,122,108
050,20,133,"Kansas","Neosho County",3,9,228,114,114
050,20,133,"Kansas","Neosho County",3,10,216,111,105
050,20,133,"Kansas","Neosho County",3,11,208,106,102
050,20,133,"Kansas","Neosho County",3,12,198,106,92
050,20,133,"Kansas","Neosho County",3,13,226,113,113
050,20,133,"Kansas","Neosho County",3,14,255,127,128
050,20,133,"Kansas","Neosho County",3,15,256,128,128
050,20,133,"Kansas","Neosho County",3,16,232,120,112
050,20,133,"Kansas","Neosho County",3,17,237,120,117
050,20,133,"Kansas","Neosho County",3,18,224,115,109
050,20,133,"Kansas","Neosho County",3,19,254,132,122
050,20,133,"Kansas","Neosho County",3,20,234,128,106
050,20,133,"Kansas","Neosho County",3,21,181,95,86
050,20,133,"Kansas","Neosho County",3,22,170,84,86
050,20,133,"Kansas","Neosho County",3,23,147,79,68
050,20,133,"Kansas","Neosho County",3,24,154,79,75
050,20,133,"Kansas","Neosho County",3,25,151,83,68
050,20,133,"Kansas","Neosho County",3,26,158,75,83
050,20,133,"Kansas","Neosho County",3,27,163,85,78
050,20,133,"Kansas","Neosho County",3,28,182,93,89
050,20,133,"Kansas","Neosho County",3,29,189,103,86
050,20,133,"Kansas","Neosho County",3,30,183,99,84
050,20,133,"Kansas","Neosho County",3,31,169,85,84
050,20,133,"Kansas","Neosho County",3,32,182,96,86
050,20,133,"Kansas","Neosho County",3,33,181,92,89
050,20,133,"Kansas","Neosho County",3,34,168,81,87
050,20,133,"Kansas","Neosho County",3,35,163,74,89
050,20,133,"Kansas","Neosho County",3,36,182,92,90
050,20,133,"Kansas","Neosho County",3,37,183,98,85
050,20,133,"Kansas","Neosho County",3,38,183,93,90
050,20,133,"Kansas","Neosho County",3,39,190,91,99
050,20,133,"Kansas","Neosho County",3,40,165,80,85
050,20,133,"Kansas","Neosho County",3,41,184,79,105
050,20,133,"Kansas","Neosho County",3,42,173,81,92
050,20,133,"Kansas","Neosho County",3,43,183,89,94
050,20,133,"Kansas","Neosho County",3,44,190,99,91
050,20,133,"Kansas","Neosho County",3,45,183,95,88
050,20,133,"Kansas","Neosho County",3,46,174,81,93
050,20,133,"Kansas","Neosho County",3,47,146,79,67
050,20,133,"Kansas","Neosho County",3,48,146,80,66
050,20,133,"Kansas","Neosho County",3,49,173,98,75
050,20,133,"Kansas","Neosho County",3,50,180,99,81
050,20,133,"Kansas","Neosho County",3,51,181,94,87
050,20,133,"Kansas","Neosho County",3,52,182,98,84
050,20,133,"Kansas","Neosho County",3,53,172,91,81
050,20,133,"Kansas","Neosho County",3,54,193,96,97
050,20,133,"Kansas","Neosho County",3,55,195,98,97
050,20,133,"Kansas","Neosho County",3,56,187,96,91
050,20,133,"Kansas","Neosho County",3,57,197,96,101
050,20,133,"Kansas","Neosho County",3,58,214,110,104
050,20,133,"Kansas","Neosho County",3,59,226,104,122
050,20,133,"Kansas","Neosho County",3,60,224,110,114
050,20,133,"Kansas","Neosho County",3,61,229,122,107
050,20,133,"Kansas","Neosho County",3,62,217,121,96
050,20,133,"Kansas","Neosho County",3,63,229,117,112
050,20,133,"Kansas","Neosho County",3,64,232,109,123
050,20,133,"Kansas","Neosho County",3,65,210,106,104
050,20,133,"Kansas","Neosho County",3,66,210,105,105
050,20,133,"Kansas","Neosho County",3,67,201,96,105
050,20,133,"Kansas","Neosho County",3,68,185,89,96
050,20,133,"Kansas","Neosho County",3,69,172,86,86
050,20,133,"Kansas","Neosho County",3,70,169,85,84
050,20,133,"Kansas","Neosho County",3,71,163,83,80
050,20,133,"Kansas","Neosho County",3,72,165,82,83
050,20,133,"Kansas","Neosho County",3,73,159,72,87
050,20,133,"Kansas","Neosho County",3,74,166,70,96
050,20,133,"Kansas","Neosho County",3,75,117,54,63
050,20,133,"Kansas","Neosho County",3,76,114,56,58
050,20,133,"Kansas","Neosho County",3,77,108,49,59
050,20,133,"Kansas","Neosho County",3,78,108,39,69
050,20,133,"Kansas","Neosho County",3,79,101,37,64
050,20,133,"Kansas","Neosho County",3,80,81,40,41
050,20,133,"Kansas","Neosho County",3,81,84,40,44
050,20,133,"Kansas","Neosho County",3,82,81,39,42
050,20,133,"Kansas","Neosho County",3,83,68,26,42
050,20,133,"Kansas","Neosho County",3,84,63,23,40
050,20,133,"Kansas","Neosho County",3,85,398,148,250
050,20,133,"Kansas","Neosho County",4,0,182,94,88
050,20,133,"Kansas","Neosho County",4,1,202,118,84
050,20,133,"Kansas","Neosho County",4,2,192,100,92
050,20,133,"Kansas","Neosho County",4,3,164,86,78
050,20,133,"Kansas","Neosho County",4,4,185,95,90
050,20,133,"Kansas","Neosho County",4,5,207,104,103
050,20,133,"Kansas","Neosho County",4,6,210,109,101
050,20,133,"Kansas","Neosho County",4,7,218,113,105
050,20,133,"Kansas","Neosho County",4,8,226,120,106
050,20,133,"Kansas","Neosho County",4,9,215,113,102
050,20,133,"Kansas","Neosho County",4,10,220,116,104
050,20,133,"Kansas","Neosho County",4,11,219,107,112
050,20,133,"Kansas","Neosho County",4,12,210,107,103
050,20,133,"Kansas","Neosho County",4,13,195,107,88
050,20,133,"Kansas","Neosho County",4,14,227,116,111
050,20,133,"Kansas","Neosho County",4,15,249,124,125
050,20,133,"Kansas","Neosho County",4,16,238,116,122
050,20,133,"Kansas","Neosho County",4,17,221,115,106
050,20,133,"Kansas","Neosho County",4,18,233,125,108
050,20,133,"Kansas","Neosho County",4,19,257,142,115
050,20,133,"Kansas","Neosho County",4,20,233,126,107
050,20,133,"Kansas","Neosho County",4,21,171,88,83
050,20,133,"Kansas","Neosho County",4,22,171,78,93
050,20,133,"Kansas","Neosho County",4,23,182,88,94
050,20,133,"Kansas","Neosho County",4,24,158,84,74
050,20,133,"Kansas","Neosho County",4,25,153,82,71
050,20,133,"Kansas","Neosho County",4,26,145,81,64
050,20,133,"Kansas","Neosho County",4,27,157,76,81
050,20,133,"Kansas","Neosho County",4,28,152,72,80
050,20,133,"Kansas","Neosho County",4,29,182,94,88
050,20,133,"Kansas","Neosho County",4,30,182,96,86
050,20,133,"Kansas","Neosho County",4,31,183,103,80
050,20,133,"Kansas","Neosho County",4,32,174,90,84
050,20,133,"Kansas","Neosho County",4,33,179,95,84
050,20,133,"Kansas","Neosho County",4,34,171,86,85
050,20,133,"Kansas","Neosho County",4,35,160,77,83
050,20,133,"Kansas","Neosho County",4,36,166,73,93
050,20,133,"Kansas","Neosho County",4,37,185,99,86
050,20,133,"Kansas","Neosho County",4,38,185,92,93
050,20,133,"Kansas","Neosho County",4,39,190,93,97
050,20,133,"Kansas","Neosho County",4,40,191,90,101
050,20,133,"Kansas","Neosho County",4,41,162,81,81
050,20,133,"Kansas","Neosho County",4,42,181,82,99
050,20,133,"Kansas","Neosho County",4,43,180,88,92
050,20,133,"Kansas","Neosho County",4,44,180,94,86
050,20,133,"Kansas","Neosho County",4,45,190,98,92
050,20,133,"Kansas","Neosho County",4,46,177,92,85
050,20,133,"Kansas","Neosho County",4,47,168,80,88
050,20,133,"Kansas","Neosho County",4,48,140,75,65
050,20,133,"Kansas","Neosho County",4,49,151,85,66
050,20,133,"Kansas","Neosho County",4,50,171,96,75
050,20,133,"Kansas","Neosho County",4,51,179,95,84
050,20,133,"Kansas","Neosho County",4,52,175,95,80
050,20,133,"Kansas","Neosho County",4,53,180,93,87
050,20,133,"Kansas","Neosho County",4,54,170,89,81
050,20,133,"Kansas","Neosho County",4,55,188,93,95
050,20,133,"Kansas","Neosho County",4,56,187,93,94
050,20,133,"Kansas","Neosho County",4,57,175,88,87
050,20,133,"Kansas","Neosho County",4,58,200,99,101
050,20,133,"Kansas","Neosho County",4,59,208,107,101
050,20,133,"Kansas","Neosho County",4,60,227,105,122
050,20,133,"Kansas","Neosho County",4,61,215,107,108
050,20,133,"Kansas","Neosho County",4,62,225,121,104
050,20,133,"Kansas","Neosho County",4,63,214,120,94
050,20,133,"Kansas","Neosho County",4,64,220,113,107
050,20,133,"Kansas","Neosho County",4,65,228,107,121
050,20,133,"Kansas","Neosho County",4,66,202,100,102
050,20,133,"Kansas","Neosho County",4,67,208,106,102
050,20,133,"Kansas","Neosho County",4,68,195,95,100
050,20,133,"Kansas","Neosho County",4,69,182,88,94
050,20,133,"Kansas","Neosho County",4,70,167,81,86
050,20,133,"Kansas","Neosho County",4,71,165,80,85
050,20,133,"Kansas","Neosho County",4,72,157,80,77
050,20,133,"Kansas","Neosho County",4,73,164,81,83
050,20,133,"Kansas","Neosho County",4,74,158,72,86
050,20,133,"Kansas","Neosho County",4,75,153,66,87
050,20,133,"Kansas","Neosho County",4,76,109,48,61
050,20,133,"Kansas","Neosho County",4,77,114,57,57
050,20,133,"Kansas","Neosho County",4,78,102,44,58
050,20,133,"Kansas","Neosho County",4,79,102,35,67
050,20,133,"Kansas","Neosho County",4,80,97,34,63
050,20,133,"Kansas","Neosho County",4,81,70,36,34
050,20,133,"Kansas","Neosho County",4,82,79,39,40
050,20,133,"Kansas","Neosho County",4,83,76,35,41
050,20,133,"Kansas","Neosho County",4,84,60,23,37
050,20,133,"Kansas","Neosho County",4,85,392,140,252
050,20,133,"Kansas","Neosho County",5,0,188,95,93
050,20,133,"Kansas","Neosho County",5,1,182,86,96
050,20,133,"Kansas","Neosho County",5,2,192,118,74
050,20,133,"Kansas","Neosho County",5,3,193,100,93
050,20,133,"Kansas","Neosho County",5,4,155,84,71
050,20,133,"Kansas","Neosho County",5,5,179,91,88
050,20,133,"Kansas","Neosho County",5,6,199,103,96
050,20,133,"Kansas","Neosho County",5,7,224,121,103
050,20,133,"Kansas","Neosho County",5,8,216,115,101
050,20,133,"Kansas","Neosho County",5,9,225,119,106
050,20,133,"Kansas","Neosho County",5,10,218,113,105
050,20,133,"Kansas","Neosho County",5,11,214,112,102
050,20,133,"Kansas","Neosho County",5,12,225,112,113
050,20,133,"Kansas","Neosho County",5,13,204,105,99
050,20,133,"Kansas","Neosho County",5,14,192,104,88
050,20,133,"Kansas","Neosho County",5,15,229,115,114
050,20,133,"Kansas","Neosho County",5,16,251,120,131
050,20,133,"Kansas","Neosho County",5,17,236,114,122
050,20,133,"Kansas","Neosho County",5,18,217,112,105
050,20,133,"Kansas","Neosho County",5,19,251,138,113
050,20,133,"Kansas","Neosho County",5,20,241,133,108
050,20,133,"Kansas","Neosho County",5,21,171,90,81
050,20,133,"Kansas","Neosho County",5,22,157,75,82
050,20,133,"Kansas","Neosho County",5,23,189,99,90
050,20,133,"Kansas","Neosho County",5,24,169,77,92
050,20,133,"Kansas","Neosho County",5,25,156,80,76
050,20,133,"Kansas","Neosho County",5,26,147,77,70
050,20,133,"Kansas","Neosho County",5,27,147,87,60
050,20,133,"Kansas","Neosho County",5,28,169,84,85
050,20,133,"Kansas","Neosho County",5,29,166,83,83
050,20,133,"Kansas","Neosho County",5,30,172,90,82
050,20,133,"Kansas","Neosho County",5,31,176,99,77
050,20,133,"Kansas","Neosho County",5,32,193,109,84
050,20,133,"Kansas","Neosho County",5,33,181,94,87
050,20,133,"Kansas","Neosho County",5,34,161,90,71
050,20,133,"Kansas","Neosho County",5,35,166,81,85
050,20,133,"Kansas","Neosho County",5,36,168,82,86
050,20,133,"Kansas","Neosho County",5,37,166,75,91
050,20,133,"Kansas","Neosho County",5,38,181,93,88
050,20,133,"Kansas","Neosho County",5,39,179,90,89
050,20,133,"Kansas","Neosho County",5,40,185,91,94
050,20,133,"Kansas","Neosho County",5,41,192,90,102
050,20,133,"Kansas","Neosho County",5,42,155,79,76
050,20,133,"Kansas","Neosho County",5,43,179,82,97
050,20,133,"Kansas","Neosho County",5,44,172,89,83
050,20,133,"Kansas","Neosho County",5,45,178,90,88
050,20,133,"Kansas","Neosho County",5,46,189,96,93
050,20,133,"Kansas","Neosho County",5,47,164,84,80
050,20,133,"Kansas","Neosho County",5,48,164,78,86
050,20,133,"Kansas","Neosho County",5,49,140,78,62
050,20,133,"Kansas","Neosho County",5,50,153,88,65
050,20,133,"Kansas","Neosho County",5,51,173,95,78
050,20,133,"Kansas","Neosho County",5,52,180,94,86
050,20,133,"Kansas","Neosho County",5,53,170,95,75
050,20,133,"Kansas","Neosho County",5,54,184,91,93
050,20,133,"Kansas","Neosho County",5,55,166,87,79
050,20,133,"Kansas","Neosho County",5,56,193,100,93
050,20,133,"Kansas","Neosho County",5,57,183,91,92
050,20,133,"Kansas","Neosho County",5,58,165,82,83
050,20,133,"Kansas","Neosho County",5,59,202,101,101
050,20,133,"Kansas","Neosho County",5,60,206,106,100
050,20,133,"Kansas","Neosho County",5,61,221,104,117
050,20,133,"Kansas","Neosho County",5,62,212,103,109
050,20,133,"Kansas","Neosho County",5,63,225,120,105
050,20,133,"Kansas","Neosho County",5,64,208,115,93
050,20,133,"Kansas","Neosho County",5,65,212,109,103
050,20,133,"Kansas","Neosho County",5,66,221,101,120
050,20,133,"Kansas","Neosho County",5,67,199,97,102
050,20,133,"Kansas","Neosho County",5,68,203,103,100
050,20,133,"Kansas","Neosho County",5,69,193,95,98
050,20,133,"Kansas","Neosho County",5,70,179,87,92
050,20,133,"Kansas","Neosho County",5,71,164,79,85
050,20,133,"Kansas","Neosho County",5,72,161,73,88
050,20,133,"Kansas","Neosho County",5,73,150,77,73
050,20,133,"Kansas","Neosho County",5,74,161,81,80
050,20,133,"Kansas","Neosho County",5,75,147,66,81
050,20,133,"Kansas","Neosho County",5,76,138,59,79
050,20,133,"Kansas","Neosho County",5,77,109,49,60
050,20,133,"Kansas","Neosho County",5,78,107,50,57
050,20,133,"Kansas","Neosho County",5,79,97,40,57
050,20,133,"Kansas","Neosho County",5,80,90,30,60
050,20,133,"Kansas","Neosho County",5,81,89,31,58
050,20,133,"Kansas","Neosho County",5,82,67,36,31
050,20,133,"Kansas","Neosho County",5,83,75,35,40
050,20,133,"Kansas","Neosho County",5,84,69,33,36
050,20,133,"Kansas","Neosho County",5,85,385,132,253
050,20,135,"Kansas","Ness County",1,0,35,18,17
050,20,135,"Kansas","Ness County",1,1,35,18,17
050,20,135,"Kansas","Ness County",1,2,28,18,10
050,20,135,"Kansas","Ness County",1,3,26,16,10
050,20,135,"Kansas","Ness County",1,4,34,21,13
050,20,135,"Kansas","Ness County",1,5,33,19,14
050,20,135,"Kansas","Ness County",1,6,37,23,14
050,20,135,"Kansas","Ness County",1,7,37,18,19
050,20,135,"Kansas","Ness County",1,8,36,15,21
050,20,135,"Kansas","Ness County",1,9,30,13,17
050,20,135,"Kansas","Ness County",1,10,27,10,17
050,20,135,"Kansas","Ness County",1,11,33,11,22
050,20,135,"Kansas","Ness County",1,12,36,15,21
050,20,135,"Kansas","Ness County",1,13,31,16,15
050,20,135,"Kansas","Ness County",1,14,28,14,14
050,20,135,"Kansas","Ness County",1,15,35,17,18
050,20,135,"Kansas","Ness County",1,16,37,20,17
050,20,135,"Kansas","Ness County",1,17,33,15,18
050,20,135,"Kansas","Ness County",1,18,29,13,16
050,20,135,"Kansas","Ness County",1,19,27,13,14
050,20,135,"Kansas","Ness County",1,20,21,13,8
050,20,135,"Kansas","Ness County",1,21,26,15,11
050,20,135,"Kansas","Ness County",1,22,29,14,15
050,20,135,"Kansas","Ness County",1,23,25,12,13
050,20,135,"Kansas","Ness County",1,24,34,22,12
050,20,135,"Kansas","Ness County",1,25,33,18,15
050,20,135,"Kansas","Ness County",1,26,31,10,21
050,20,135,"Kansas","Ness County",1,27,32,14,18
050,20,135,"Kansas","Ness County",1,28,22,12,10
050,20,135,"Kansas","Ness County",1,29,23,10,13
050,20,135,"Kansas","Ness County",1,30,25,10,15
050,20,135,"Kansas","Ness County",1,31,28,16,12
050,20,135,"Kansas","Ness County",1,32,24,12,12
050,20,135,"Kansas","Ness County",1,33,26,11,15
050,20,135,"Kansas","Ness County",1,34,28,15,13
050,20,135,"Kansas","Ness County",1,35,28,17,11
050,20,135,"Kansas","Ness County",1,36,30,14,16
050,20,135,"Kansas","Ness County",1,37,23,11,12
050,20,135,"Kansas","Ness County",1,38,37,20,17
050,20,135,"Kansas","Ness County",1,39,34,19,15
050,20,135,"Kansas","Ness County",1,40,22,14,8
050,20,135,"Kansas","Ness County",1,41,24,15,9
050,20,135,"Kansas","Ness County",1,42,18,13,5
050,20,135,"Kansas","Ness County",1,43,20,12,8
050,20,135,"Kansas","Ness County",1,44,23,12,11
050,20,135,"Kansas","Ness County",1,45,27,12,15
050,20,135,"Kansas","Ness County",1,46,22,11,11
050,20,135,"Kansas","Ness County",1,47,29,20,9
050,20,135,"Kansas","Ness County",1,48,27,15,12
050,20,135,"Kansas","Ness County",1,49,24,13,11
050,20,135,"Kansas","Ness County",1,50,26,14,12
050,20,135,"Kansas","Ness County",1,51,22,8,14
050,20,135,"Kansas","Ness County",1,52,21,11,10
050,20,135,"Kansas","Ness County",1,53,23,11,12
050,20,135,"Kansas","Ness County",1,54,27,13,14
050,20,135,"Kansas","Ness County",1,55,27,14,13
050,20,135,"Kansas","Ness County",1,56,38,18,20
050,20,135,"Kansas","Ness County",1,57,48,23,25
050,20,135,"Kansas","Ness County",1,58,52,28,24
050,20,135,"Kansas","Ness County",1,59,54,29,25
050,20,135,"Kansas","Ness County",1,60,57,33,24
050,20,135,"Kansas","Ness County",1,61,46,24,22
050,20,135,"Kansas","Ness County",1,62,48,19,29
050,20,135,"Kansas","Ness County",1,63,47,22,25
050,20,135,"Kansas","Ness County",1,64,42,22,20
050,20,135,"Kansas","Ness County",1,65,40,23,17
050,20,135,"Kansas","Ness County",1,66,48,27,21
050,20,135,"Kansas","Ness County",1,67,46,22,24
050,20,135,"Kansas","Ness County",1,68,41,21,20
050,20,135,"Kansas","Ness County",1,69,41,22,19
050,20,135,"Kansas","Ness County",1,70,33,14,19
050,20,135,"Kansas","Ness County",1,71,28,14,14
050,20,135,"Kansas","Ness County",1,72,26,15,11
050,20,135,"Kansas","Ness County",1,73,29,14,15
050,20,135,"Kansas","Ness County",1,74,13,8,5
050,20,135,"Kansas","Ness County",1,75,16,8,8
050,20,135,"Kansas","Ness County",1,76,20,7,13
050,20,135,"Kansas","Ness County",1,77,23,8,15
050,20,135,"Kansas","Ness County",1,78,26,11,15
050,20,135,"Kansas","Ness County",1,79,23,7,16
050,20,135,"Kansas","Ness County",1,80,22,8,14
050,20,135,"Kansas","Ness County",1,81,18,10,8
050,20,135,"Kansas","Ness County",1,82,19,10,9
050,20,135,"Kansas","Ness County",1,83,16,9,7
050,20,135,"Kansas","Ness County",1,84,18,9,9
050,20,135,"Kansas","Ness County",1,85,116,34,82
050,20,135,"Kansas","Ness County",2,0,33,17,16
050,20,135,"Kansas","Ness County",2,1,34,17,17
050,20,135,"Kansas","Ness County",2,2,30,18,12
050,20,135,"Kansas","Ness County",2,3,26,17,9
050,20,135,"Kansas","Ness County",2,4,33,20,13
050,20,135,"Kansas","Ness County",2,5,33,19,14
050,20,135,"Kansas","Ness County",2,6,36,22,14
050,20,135,"Kansas","Ness County",2,7,38,20,18
050,20,135,"Kansas","Ness County",2,8,37,16,21
050,20,135,"Kansas","Ness County",2,9,31,13,18
050,20,135,"Kansas","Ness County",2,10,29,11,18
050,20,135,"Kansas","Ness County",2,11,30,9,21
050,20,135,"Kansas","Ness County",2,12,36,15,21
050,20,135,"Kansas","Ness County",2,13,31,15,16
050,20,135,"Kansas","Ness County",2,14,29,15,14
050,20,135,"Kansas","Ness County",2,15,32,16,16
050,20,135,"Kansas","Ness County",2,16,37,20,17
050,20,135,"Kansas","Ness County",2,17,33,16,17
050,20,135,"Kansas","Ness County",2,18,29,14,15
050,20,135,"Kansas","Ness County",2,19,25,11,14
050,20,135,"Kansas","Ness County",2,20,22,14,8
050,20,135,"Kansas","Ness County",2,21,27,15,12
050,20,135,"Kansas","Ness County",2,22,28,13,15
050,20,135,"Kansas","Ness County",2,23,26,13,13
050,20,135,"Kansas","Ness County",2,24,33,20,13
050,20,135,"Kansas","Ness County",2,25,33,19,14
050,20,135,"Kansas","Ness County",2,26,31,11,20
050,20,135,"Kansas","Ness County",2,27,32,13,19
050,20,135,"Kansas","Ness County",2,28,24,12,12
050,20,135,"Kansas","Ness County",2,29,22,10,12
050,20,135,"Kansas","Ness County",2,30,26,10,16
050,20,135,"Kansas","Ness County",2,31,26,14,12
050,20,135,"Kansas","Ness County",2,32,25,13,12
050,20,135,"Kansas","Ness County",2,33,26,11,15
050,20,135,"Kansas","Ness County",2,34,28,14,14
050,20,135,"Kansas","Ness County",2,35,27,16,11
050,20,135,"Kansas","Ness County",2,36,29,15,14
050,20,135,"Kansas","Ness County",2,37,24,11,13
050,20,135,"Kansas","Ness County",2,38,35,19,16
050,20,135,"Kansas","Ness County",2,39,34,19,15
050,20,135,"Kansas","Ness County",2,40,25,16,9
050,20,135,"Kansas","Ness County",2,41,24,15,9
050,20,135,"Kansas","Ness County",2,42,18,12,6
050,20,135,"Kansas","Ness County",2,43,20,12,8
050,20,135,"Kansas","Ness County",2,44,23,12,11
050,20,135,"Kansas","Ness County",2,45,25,12,13
050,20,135,"Kansas","Ness County",2,46,24,12,12
050,20,135,"Kansas","Ness County",2,47,27,18,9
050,20,135,"Kansas","Ness County",2,48,27,16,11
050,20,135,"Kansas","Ness County",2,49,25,14,11
050,20,135,"Kansas","Ness County",2,50,26,14,12
050,20,135,"Kansas","Ness County",2,51,22,9,13
050,20,135,"Kansas","Ness County",2,52,22,11,11
050,20,135,"Kansas","Ness County",2,53,23,11,12
050,20,135,"Kansas","Ness County",2,54,26,13,13
050,20,135,"Kansas","Ness County",2,55,27,14,13
050,20,135,"Kansas","Ness County",2,56,35,17,18
050,20,135,"Kansas","Ness County",2,57,45,21,24
050,20,135,"Kansas","Ness County",2,58,51,27,24
050,20,135,"Kansas","Ness County",2,59,54,29,25
050,20,135,"Kansas","Ness County",2,60,56,32,24
050,20,135,"Kansas","Ness County",2,61,48,26,22
050,20,135,"Kansas","Ness County",2,62,48,21,27
050,20,135,"Kansas","Ness County",2,63,46,21,25
050,20,135,"Kansas","Ness County",2,64,43,22,21
050,20,135,"Kansas","Ness County",2,65,41,23,18
050,20,135,"Kansas","Ness County",2,66,46,26,20
050,20,135,"Kansas","Ness County",2,67,46,23,23
050,20,135,"Kansas","Ness County",2,68,42,21,21
050,20,135,"Kansas","Ness County",2,69,41,22,19
050,20,135,"Kansas","Ness County",2,70,35,16,19
050,20,135,"Kansas","Ness County",2,71,30,14,16
050,20,135,"Kansas","Ness County",2,72,26,15,11
050,20,135,"Kansas","Ness County",2,73,27,13,14
050,20,135,"Kansas","Ness County",2,74,16,9,7
050,20,135,"Kansas","Ness County",2,75,15,8,7
050,20,135,"Kansas","Ness County",2,76,19,7,12
050,20,135,"Kansas","Ness County",2,77,23,8,15
050,20,135,"Kansas","Ness County",2,78,25,10,15
050,20,135,"Kansas","Ness County",2,79,22,6,16
050,20,135,"Kansas","Ness County",2,80,23,8,15
050,20,135,"Kansas","Ness County",2,81,18,9,9
050,20,135,"Kansas","Ness County",2,82,19,11,8
050,20,135,"Kansas","Ness County",2,83,17,9,8
050,20,135,"Kansas","Ness County",2,84,18,9,9
050,20,135,"Kansas","Ness County",2,85,114,32,82
050,20,135,"Kansas","Ness County",3,0,32,13,19
050,20,135,"Kansas","Ness County",3,1,37,21,16
050,20,135,"Kansas","Ness County",3,2,34,18,16
050,20,135,"Kansas","Ness County",3,3,29,18,11
050,20,135,"Kansas","Ness County",3,4,27,17,10
050,20,135,"Kansas","Ness County",3,5,31,17,14
050,20,135,"Kansas","Ness County",3,6,30,14,16
050,20,135,"Kansas","Ness County",3,7,38,23,15
050,20,135,"Kansas","Ness County",3,8,44,24,20
050,20,135,"Kansas","Ness County",3,9,37,14,23
050,20,135,"Kansas","Ness County",3,10,28,10,18
050,20,135,"Kansas","Ness County",3,11,31,13,18
050,20,135,"Kansas","Ness County",3,12,27,9,18
050,20,135,"Kansas","Ness County",3,13,37,15,22
050,20,135,"Kansas","Ness County",3,14,30,16,14
050,20,135,"Kansas","Ness County",3,15,30,16,14
050,20,135,"Kansas","Ness County",3,16,33,16,17
050,20,135,"Kansas","Ness County",3,17,36,20,16
050,20,135,"Kansas","Ness County",3,18,29,15,14
050,20,135,"Kansas","Ness County",3,19,24,12,12
050,20,135,"Kansas","Ness County",3,20,25,10,15
050,20,135,"Kansas","Ness County",3,21,22,14,8
050,20,135,"Kansas","Ness County",3,22,29,16,13
050,20,135,"Kansas","Ness County",3,23,28,13,15
050,20,135,"Kansas","Ness County",3,24,26,13,13
050,20,135,"Kansas","Ness County",3,25,31,19,12
050,20,135,"Kansas","Ness County",3,26,29,17,12
050,20,135,"Kansas","Ness County",3,27,31,12,19
050,20,135,"Kansas","Ness County",3,28,32,13,19
050,20,135,"Kansas","Ness County",3,29,25,13,12
050,20,135,"Kansas","Ness County",3,30,21,9,12
050,20,135,"Kansas","Ness County",3,31,19,8,11
050,20,135,"Kansas","Ness County",3,32,25,14,11
050,20,135,"Kansas","Ness County",3,33,26,13,13
050,20,135,"Kansas","Ness County",3,34,25,10,15
050,20,135,"Kansas","Ness County",3,35,29,15,14
050,20,135,"Kansas","Ness County",3,36,30,18,12
050,20,135,"Kansas","Ness County",3,37,32,18,14
050,20,135,"Kansas","Ness County",3,38,30,12,18
050,20,135,"Kansas","Ness County",3,39,38,20,18
050,20,135,"Kansas","Ness County",3,40,34,20,14
050,20,135,"Kansas","Ness County",3,41,23,15,8
050,20,135,"Kansas","Ness County",3,42,24,14,10
050,20,135,"Kansas","Ness County",3,43,19,12,7
050,20,135,"Kansas","Ness County",3,44,18,12,6
050,20,135,"Kansas","Ness County",3,45,23,12,11
050,20,135,"Kansas","Ness County",3,46,29,14,15
050,20,135,"Kansas","Ness County",3,47,24,11,13
050,20,135,"Kansas","Ness County",3,48,28,18,10
050,20,135,"Kansas","Ness County",3,49,28,16,12
050,20,135,"Kansas","Ness County",3,50,26,15,11
050,20,135,"Kansas","Ness County",3,51,25,14,11
050,20,135,"Kansas","Ness County",3,52,21,9,12
050,20,135,"Kansas","Ness County",3,53,23,12,11
050,20,135,"Kansas","Ness County",3,54,24,11,13
050,20,135,"Kansas","Ness County",3,55,28,13,15
050,20,135,"Kansas","Ness County",3,56,27,14,13
050,20,135,"Kansas","Ness County",3,57,34,16,18
050,20,135,"Kansas","Ness County",3,58,43,20,23
050,20,135,"Kansas","Ness County",3,59,54,30,24
050,20,135,"Kansas","Ness County",3,60,55,30,25
050,20,135,"Kansas","Ness County",3,61,54,31,23
050,20,135,"Kansas","Ness County",3,62,50,27,23
050,20,135,"Kansas","Ness County",3,63,47,22,25
050,20,135,"Kansas","Ness County",3,64,45,20,25
050,20,135,"Kansas","Ness County",3,65,43,22,21
050,20,135,"Kansas","Ness County",3,66,39,22,17
050,20,135,"Kansas","Ness County",3,67,45,26,19
050,20,135,"Kansas","Ness County",3,68,43,23,20
050,20,135,"Kansas","Ness County",3,69,39,19,20
050,20,135,"Kansas","Ness County",3,70,40,21,19
050,20,135,"Kansas","Ness County",3,71,35,15,20
050,20,135,"Kansas","Ness County",3,72,29,14,15
050,20,135,"Kansas","Ness County",3,73,23,13,10
050,20,135,"Kansas","Ness County",3,74,24,11,13
050,20,135,"Kansas","Ness County",3,75,15,9,6
050,20,135,"Kansas","Ness County",3,76,16,8,8
050,20,135,"Kansas","Ness County",3,77,17,7,10
050,20,135,"Kansas","Ness County",3,78,24,9,15
050,20,135,"Kansas","Ness County",3,79,21,8,13
050,20,135,"Kansas","Ness County",3,80,21,7,14
050,20,135,"Kansas","Ness County",3,81,20,5,15
050,20,135,"Kansas","Ness County",3,82,15,8,7
050,20,135,"Kansas","Ness County",3,83,19,9,10
050,20,135,"Kansas","Ness County",3,84,17,10,7
050,20,135,"Kansas","Ness County",3,85,103,28,75
050,20,135,"Kansas","Ness County",4,0,34,14,20
050,20,135,"Kansas","Ness County",4,1,30,11,19
050,20,135,"Kansas","Ness County",4,2,39,21,18
050,20,135,"Kansas","Ness County",4,3,35,19,16
050,20,135,"Kansas","Ness County",4,4,27,17,10
050,20,135,"Kansas","Ness County",4,5,28,16,12
050,20,135,"Kansas","Ness County",4,6,29,16,13
050,20,135,"Kansas","Ness County",4,7,29,16,13
050,20,135,"Kansas","Ness County",4,8,38,23,15
050,20,135,"Kansas","Ness County",4,9,43,24,19
050,20,135,"Kansas","Ness County",4,10,39,15,24
050,20,135,"Kansas","Ness County",4,11,32,14,18
050,20,135,"Kansas","Ness County",4,12,33,13,20
050,20,135,"Kansas","Ness County",4,13,30,11,19
050,20,135,"Kansas","Ness County",4,14,37,16,21
050,20,135,"Kansas","Ness County",4,15,28,16,12
050,20,135,"Kansas","Ness County",4,16,28,14,14
050,20,135,"Kansas","Ness County",4,17,34,16,18
050,20,135,"Kansas","Ness County",4,18,33,17,16
050,20,135,"Kansas","Ness County",4,19,21,12,9
050,20,135,"Kansas","Ness County",4,20,27,14,13
050,20,135,"Kansas","Ness County",4,21,29,12,17
050,20,135,"Kansas","Ness County",4,22,27,18,9
050,20,135,"Kansas","Ness County",4,23,29,16,13
050,20,135,"Kansas","Ness County",4,24,27,13,14
050,20,135,"Kansas","Ness County",4,25,23,12,11
050,20,135,"Kansas","Ness County",4,26,29,18,11
050,20,135,"Kansas","Ness County",4,27,33,18,15
050,20,135,"Kansas","Ness County",4,28,34,13,21
050,20,135,"Kansas","Ness County",4,29,30,14,16
050,20,135,"Kansas","Ness County",4,30,29,14,15
050,20,135,"Kansas","Ness County",4,31,20,7,13
050,20,135,"Kansas","Ness County",4,32,25,13,12
050,20,135,"Kansas","Ness County",4,33,25,14,11
050,20,135,"Kansas","Ness County",4,34,28,15,13
050,20,135,"Kansas","Ness County",4,35,23,8,15
050,20,135,"Kansas","Ness County",4,36,29,15,14
050,20,135,"Kansas","Ness County",4,37,30,18,12
050,20,135,"Kansas","Ness County",4,38,33,16,17
050,20,135,"Kansas","Ness County",4,39,28,12,16
050,20,135,"Kansas","Ness County",4,40,37,20,17
050,20,135,"Kansas","Ness County",4,41,36,24,12
050,20,135,"Kansas","Ness County",4,42,18,10,8
050,20,135,"Kansas","Ness County",4,43,22,13,9
050,20,135,"Kansas","Ness County",4,44,19,12,7
050,20,135,"Kansas","Ness County",4,45,19,12,7
050,20,135,"Kansas","Ness County",4,46,27,13,14
050,20,135,"Kansas","Ness County",4,47,29,11,18
050,20,135,"Kansas","Ness County",4,48,24,12,12
050,20,135,"Kansas","Ness County",4,49,27,17,10
050,20,135,"Kansas","Ness County",4,50,30,17,13
050,20,135,"Kansas","Ness County",4,51,24,13,11
050,20,135,"Kansas","Ness County",4,52,27,14,13
050,20,135,"Kansas","Ness County",4,53,22,11,11
050,20,135,"Kansas","Ness County",4,54,22,12,10
050,20,135,"Kansas","Ness County",4,55,25,14,11
050,20,135,"Kansas","Ness County",4,56,28,13,15
050,20,135,"Kansas","Ness County",4,57,27,14,13
050,20,135,"Kansas","Ness County",4,58,33,16,17
050,20,135,"Kansas","Ness County",4,59,41,19,22
050,20,135,"Kansas","Ness County",4,60,55,30,25
050,20,135,"Kansas","Ness County",4,61,52,29,23
050,20,135,"Kansas","Ness County",4,62,53,30,23
050,20,135,"Kansas","Ness County",4,63,50,28,22
050,20,135,"Kansas","Ness County",4,64,43,19,24
050,20,135,"Kansas","Ness County",4,65,43,19,24
050,20,135,"Kansas","Ness County",4,66,43,20,23
050,20,135,"Kansas","Ness County",4,67,40,21,19
050,20,135,"Kansas","Ness County",4,68,46,26,20
050,20,135,"Kansas","Ness County",4,69,41,22,19
050,20,135,"Kansas","Ness County",4,70,39,19,20
050,20,135,"Kansas","Ness County",4,71,41,20,21
050,20,135,"Kansas","Ness County",4,72,34,16,18
050,20,135,"Kansas","Ness County",4,73,29,12,17
050,20,135,"Kansas","Ness County",4,74,20,11,9
050,20,135,"Kansas","Ness County",4,75,25,12,13
050,20,135,"Kansas","Ness County",4,76,16,8,8
050,20,135,"Kansas","Ness County",4,77,17,8,9
050,20,135,"Kansas","Ness County",4,78,18,8,10
050,20,135,"Kansas","Ness County",4,79,20,7,13
050,20,135,"Kansas","Ness County",4,80,25,10,15
050,20,135,"Kansas","Ness County",4,81,19,4,15
050,20,135,"Kansas","Ness County",4,82,16,4,12
050,20,135,"Kansas","Ness County",4,83,15,6,9
050,20,135,"Kansas","Ness County",4,84,19,10,9
050,20,135,"Kansas","Ness County",4,85,96,27,69
050,20,135,"Kansas","Ness County",5,0,33,13,20
050,20,135,"Kansas","Ness County",5,1,38,15,23
050,20,135,"Kansas","Ness County",5,2,33,13,20
050,20,135,"Kansas","Ness County",5,3,38,18,20
050,20,135,"Kansas","Ness County",5,4,38,19,19
050,20,135,"Kansas","Ness County",5,5,27,18,9
050,20,135,"Kansas","Ness County",5,6,27,14,13
050,20,135,"Kansas","Ness County",5,7,31,17,14
050,20,135,"Kansas","Ness County",5,8,31,14,17
050,20,135,"Kansas","Ness County",5,9,34,23,11
050,20,135,"Kansas","Ness County",5,10,38,19,19
050,20,135,"Kansas","Ness County",5,11,35,13,22
050,20,135,"Kansas","Ness County",5,12,30,12,18
050,20,135,"Kansas","Ness County",5,13,35,16,19
050,20,135,"Kansas","Ness County",5,14,28,10,18
050,20,135,"Kansas","Ness County",5,15,37,17,20
050,20,135,"Kansas","Ness County",5,16,29,16,13
050,20,135,"Kansas","Ness County",5,17,26,14,12
050,20,135,"Kansas","Ness County",5,18,29,14,15
050,20,135,"Kansas","Ness County",5,19,24,14,10
050,20,135,"Kansas","Ness County",5,20,25,14,11
050,20,135,"Kansas","Ness County",5,21,27,12,15
050,20,135,"Kansas","Ness County",5,22,34,12,22
050,20,135,"Kansas","Ness County",5,23,28,18,10
050,20,135,"Kansas","Ness County",5,24,28,13,15
050,20,135,"Kansas","Ness County",5,25,25,13,12
050,20,135,"Kansas","Ness County",5,26,21,12,9
050,20,135,"Kansas","Ness County",5,27,32,21,11
050,20,135,"Kansas","Ness County",5,28,33,17,16
050,20,135,"Kansas","Ness County",5,29,33,14,19
050,20,135,"Kansas","Ness County",5,30,30,16,14
050,20,135,"Kansas","Ness County",5,31,27,14,13
050,20,135,"Kansas","Ness County",5,32,18,6,12
050,20,135,"Kansas","Ness County",5,33,25,13,12
050,20,135,"Kansas","Ness County",5,34,24,14,10
050,20,135,"Kansas","Ness County",5,35,25,13,12
050,20,135,"Kansas","Ness County",5,36,26,11,15
050,20,135,"Kansas","Ness County",5,37,29,15,14
050,20,135,"Kansas","Ness County",5,38,32,19,13
050,20,135,"Kansas","Ness County",5,39,32,16,16
050,20,135,"Kansas","Ness County",5,40,27,12,15
050,20,135,"Kansas","Ness County",5,41,35,17,18
050,20,135,"Kansas","Ness County",5,42,37,24,13
050,20,135,"Kansas","Ness County",5,43,16,10,6
050,20,135,"Kansas","Ness County",5,44,22,13,9
050,20,135,"Kansas","Ness County",5,45,15,9,6
050,20,135,"Kansas","Ness County",5,46,19,12,7
050,20,135,"Kansas","Ness County",5,47,22,10,12
050,20,135,"Kansas","Ness County",5,48,27,11,16
050,20,135,"Kansas","Ness County",5,49,21,10,11
050,20,135,"Kansas","Ness County",5,50,27,17,10
050,20,135,"Kansas","Ness County",5,51,31,18,13
050,20,135,"Kansas","Ness County",5,52,25,13,12
050,20,135,"Kansas","Ness County",5,53,30,17,13
050,20,135,"Kansas","Ness County",5,54,21,10,11
050,20,135,"Kansas","Ness County",5,55,22,12,10
050,20,135,"Kansas","Ness County",5,56,25,14,11
050,20,135,"Kansas","Ness County",5,57,28,12,16
050,20,135,"Kansas","Ness County",5,58,26,14,12
050,20,135,"Kansas","Ness County",5,59,33,16,17
050,20,135,"Kansas","Ness County",5,60,44,21,23
050,20,135,"Kansas","Ness County",5,61,53,29,24
050,20,135,"Kansas","Ness County",5,62,52,28,24
050,20,135,"Kansas","Ness County",5,63,51,30,21
050,20,135,"Kansas","Ness County",5,64,49,27,22
050,20,135,"Kansas","Ness County",5,65,44,19,25
050,20,135,"Kansas","Ness County",5,66,44,19,25
050,20,135,"Kansas","Ness County",5,67,41,20,21
050,20,135,"Kansas","Ness County",5,68,40,21,19
050,20,135,"Kansas","Ness County",5,69,44,25,19
050,20,135,"Kansas","Ness County",5,70,41,21,20
050,20,135,"Kansas","Ness County",5,71,38,18,20
050,20,135,"Kansas","Ness County",5,72,38,20,18
050,20,135,"Kansas","Ness County",5,73,30,13,17
050,20,135,"Kansas","Ness County",5,74,26,10,16
050,20,135,"Kansas","Ness County",5,75,21,12,9
050,20,135,"Kansas","Ness County",5,76,25,11,14
050,20,135,"Kansas","Ness County",5,77,14,6,8
050,20,135,"Kansas","Ness County",5,78,18,9,9
050,20,135,"Kansas","Ness County",5,79,14,5,9
050,20,135,"Kansas","Ness County",5,80,22,8,14
050,20,135,"Kansas","Ness County",5,81,21,7,14
050,20,135,"Kansas","Ness County",5,82,18,5,13
050,20,135,"Kansas","Ness County",5,83,16,2,14
050,20,135,"Kansas","Ness County",5,84,15,7,8
050,20,135,"Kansas","Ness County",5,85,95,27,68
050,20,137,"Kansas","Norton County",1,0,57,30,27
050,20,137,"Kansas","Norton County",1,1,54,28,26
050,20,137,"Kansas","Norton County",1,2,59,24,35
050,20,137,"Kansas","Norton County",1,3,51,25,26
050,20,137,"Kansas","Norton County",1,4,64,29,35
050,20,137,"Kansas","Norton County",1,5,51,27,24
050,20,137,"Kansas","Norton County",1,6,61,32,29
050,20,137,"Kansas","Norton County",1,7,57,33,24
050,20,137,"Kansas","Norton County",1,8,53,32,21
050,20,137,"Kansas","Norton County",1,9,54,32,22
050,20,137,"Kansas","Norton County",1,10,55,26,29
050,20,137,"Kansas","Norton County",1,11,64,31,33
050,20,137,"Kansas","Norton County",1,12,51,27,24
050,20,137,"Kansas","Norton County",1,13,55,28,27
050,20,137,"Kansas","Norton County",1,14,60,28,32
050,20,137,"Kansas","Norton County",1,15,65,37,28
050,20,137,"Kansas","Norton County",1,16,59,29,30
050,20,137,"Kansas","Norton County",1,17,62,25,37
050,20,137,"Kansas","Norton County",1,18,51,27,24
050,20,137,"Kansas","Norton County",1,19,45,29,16
050,20,137,"Kansas","Norton County",1,20,52,37,15
050,20,137,"Kansas","Norton County",1,21,61,43,18
050,20,137,"Kansas","Norton County",1,22,64,43,21
050,20,137,"Kansas","Norton County",1,23,72,55,17
050,20,137,"Kansas","Norton County",1,24,79,55,24
050,20,137,"Kansas","Norton County",1,25,81,57,24
050,20,137,"Kansas","Norton County",1,26,79,55,24
050,20,137,"Kansas","Norton County",1,27,84,62,22
050,20,137,"Kansas","Norton County",1,28,78,50,28
050,20,137,"Kansas","Norton County",1,29,78,57,21
050,20,137,"Kansas","Norton County",1,30,72,49,23
050,20,137,"Kansas","Norton County",1,31,75,47,28
050,20,137,"Kansas","Norton County",1,32,80,41,39
050,20,137,"Kansas","Norton County",1,33,85,56,29
050,20,137,"Kansas","Norton County",1,34,65,39,26
050,20,137,"Kansas","Norton County",1,35,73,47,26
050,20,137,"Kansas","Norton County",1,36,74,57,17
050,20,137,"Kansas","Norton County",1,37,78,58,20
050,20,137,"Kansas","Norton County",1,38,70,45,25
050,20,137,"Kansas","Norton County",1,39,79,46,33
050,20,137,"Kansas","Norton County",1,40,54,31,23
050,20,137,"Kansas","Norton County",1,41,62,45,17
050,20,137,"Kansas","Norton County",1,42,61,40,21
050,20,137,"Kansas","Norton County",1,43,66,44,22
050,20,137,"Kansas","Norton County",1,44,66,46,20
050,20,137,"Kansas","Norton County",1,45,68,51,17
050,20,137,"Kansas","Norton County",1,46,75,51,24
050,20,137,"Kansas","Norton County",1,47,69,44,25
050,20,137,"Kansas","Norton County",1,48,74,50,24
050,20,137,"Kansas","Norton County",1,49,95,56,39
050,20,137,"Kansas","Norton County",1,50,59,33,26
050,20,137,"Kansas","Norton County",1,51,56,34,22
050,20,137,"Kansas","Norton County",1,52,70,47,23
050,20,137,"Kansas","Norton County",1,53,93,63,30
050,20,137,"Kansas","Norton County",1,54,71,41,30
050,20,137,"Kansas","Norton County",1,55,62,31,31
050,20,137,"Kansas","Norton County",1,56,83,40,43
050,20,137,"Kansas","Norton County",1,57,85,41,44
050,20,137,"Kansas","Norton County",1,58,80,46,34
050,20,137,"Kansas","Norton County",1,59,60,32,28
050,20,137,"Kansas","Norton County",1,60,59,30,29
050,20,137,"Kansas","Norton County",1,61,72,34,38
050,20,137,"Kansas","Norton County",1,62,72,37,35
050,20,137,"Kansas","Norton County",1,63,70,36,34
050,20,137,"Kansas","Norton County",1,64,77,39,38
050,20,137,"Kansas","Norton County",1,65,64,38,26
050,20,137,"Kansas","Norton County",1,66,72,42,30
050,20,137,"Kansas","Norton County",1,67,56,25,31
050,20,137,"Kansas","Norton County",1,68,54,26,28
050,20,137,"Kansas","Norton County",1,69,50,26,24
050,20,137,"Kansas","Norton County",1,70,44,23,21
050,20,137,"Kansas","Norton County",1,71,48,22,26
050,20,137,"Kansas","Norton County",1,72,52,22,30
050,20,137,"Kansas","Norton County",1,73,59,28,31
050,20,137,"Kansas","Norton County",1,74,52,27,25
050,20,137,"Kansas","Norton County",1,75,48,25,23
050,20,137,"Kansas","Norton County",1,76,36,18,18
050,20,137,"Kansas","Norton County",1,77,43,18,25
050,20,137,"Kansas","Norton County",1,78,42,14,28
050,20,137,"Kansas","Norton County",1,79,34,17,17
050,20,137,"Kansas","Norton County",1,80,27,13,14
050,20,137,"Kansas","Norton County",1,81,25,17,8
050,20,137,"Kansas","Norton County",1,82,39,14,25
050,20,137,"Kansas","Norton County",1,83,29,13,16
050,20,137,"Kansas","Norton County",1,84,27,12,15
050,20,137,"Kansas","Norton County",1,85,190,62,128
050,20,137,"Kansas","Norton County",2,0,59,33,26
050,20,137,"Kansas","Norton County",2,1,55,28,27
050,20,137,"Kansas","Norton County",2,2,57,25,32
050,20,137,"Kansas","Norton County",2,3,53,25,28
050,20,137,"Kansas","Norton County",2,4,61,28,33
050,20,137,"Kansas","Norton County",2,5,55,28,27
050,20,137,"Kansas","Norton County",2,6,59,31,28
050,20,137,"Kansas","Norton County",2,7,59,33,26
050,20,137,"Kansas","Norton County",2,8,53,32,21
050,20,137,"Kansas","Norton County",2,9,55,33,22
050,20,137,"Kansas","Norton County",2,10,54,27,27
050,20,137,"Kansas","Norton County",2,11,62,29,33
050,20,137,"Kansas","Norton County",2,12,55,29,26
050,20,137,"Kansas","Norton County",2,13,55,28,27
050,20,137,"Kansas","Norton County",2,14,59,28,31
050,20,137,"Kansas","Norton County",2,15,64,36,28
050,20,137,"Kansas","Norton County",2,16,60,31,29
050,20,137,"Kansas","Norton County",2,17,60,25,35
050,20,137,"Kansas","Norton County",2,18,50,25,25
050,20,137,"Kansas","Norton County",2,19,47,30,17
050,20,137,"Kansas","Norton County",2,20,51,35,16
050,20,137,"Kansas","Norton County",2,21,62,44,18
050,20,137,"Kansas","Norton County",2,22,64,43,21
050,20,137,"Kansas","Norton County",2,23,72,53,19
050,20,137,"Kansas","Norton County",2,24,78,55,23
050,20,137,"Kansas","Norton County",2,25,79,55,24
050,20,137,"Kansas","Norton County",2,26,81,58,23
050,20,137,"Kansas","Norton County",2,27,85,62,23
050,20,137,"Kansas","Norton County",2,28,77,51,26
050,20,137,"Kansas","Norton County",2,29,79,56,23
050,20,137,"Kansas","Norton County",2,30,72,49,23
050,20,137,"Kansas","Norton County",2,31,75,47,28
050,20,137,"Kansas","Norton County",2,32,80,44,36
050,20,137,"Kansas","Norton County",2,33,86,55,31
050,20,137,"Kansas","Norton County",2,34,65,38,27
050,20,137,"Kansas","Norton County",2,35,73,47,26
050,20,137,"Kansas","Norton County",2,36,74,55,19
050,20,137,"Kansas","Norton County",2,37,78,59,19
050,20,137,"Kansas","Norton County",2,38,72,47,25
050,20,137,"Kansas","Norton County",2,39,76,45,31
050,20,137,"Kansas","Norton County",2,40,55,30,25
050,20,137,"Kansas","Norton County",2,41,65,46,19
050,20,137,"Kansas","Norton County",2,42,60,40,20
050,20,137,"Kansas","Norton County",2,43,65,43,22
050,20,137,"Kansas","Norton County",2,44,68,47,21
050,20,137,"Kansas","Norton County",2,45,68,50,18
050,20,137,"Kansas","Norton County",2,46,72,50,22
050,20,137,"Kansas","Norton County",2,47,67,43,24
050,20,137,"Kansas","Norton County",2,48,73,49,24
050,20,137,"Kansas","Norton County",2,49,90,55,35
050,20,137,"Kansas","Norton County",2,50,64,35,29
050,20,137,"Kansas","Norton County",2,51,57,35,22
050,20,137,"Kansas","Norton County",2,52,68,46,22
050,20,137,"Kansas","Norton County",2,53,91,63,28
050,20,137,"Kansas","Norton County",2,54,72,42,30
050,20,137,"Kansas","Norton County",2,55,63,33,30
050,20,137,"Kansas","Norton County",2,56,78,38,40
050,20,137,"Kansas","Norton County",2,57,85,41,44
050,20,137,"Kansas","Norton County",2,58,81,45,36
050,20,137,"Kansas","Norton County",2,59,63,34,29
050,20,137,"Kansas","Norton County",2,60,59,30,29
050,20,137,"Kansas","Norton County",2,61,70,33,37
050,20,137,"Kansas","Norton County",2,62,70,36,34
050,20,137,"Kansas","Norton County",2,63,71,36,35
050,20,137,"Kansas","Norton County",2,64,74,38,36
050,20,137,"Kansas","Norton County",2,65,68,39,29
050,20,137,"Kansas","Norton County",2,66,70,41,29
050,20,137,"Kansas","Norton County",2,67,58,28,30
050,20,137,"Kansas","Norton County",2,68,53,25,28
050,20,137,"Kansas","Norton County",2,69,53,27,26
050,20,137,"Kansas","Norton County",2,70,45,24,21
050,20,137,"Kansas","Norton County",2,71,48,23,25
050,20,137,"Kansas","Norton County",2,72,50,21,29
050,20,137,"Kansas","Norton County",2,73,60,28,32
050,20,137,"Kansas","Norton County",2,74,50,25,25
050,20,137,"Kansas","Norton County",2,75,49,25,24
050,20,137,"Kansas","Norton County",2,76,39,20,19
050,20,137,"Kansas","Norton County",2,77,42,18,24
050,20,137,"Kansas","Norton County",2,78,42,15,27
050,20,137,"Kansas","Norton County",2,79,32,14,18
050,20,137,"Kansas","Norton County",2,80,30,15,15
050,20,137,"Kansas","Norton County",2,81,24,15,9
050,20,137,"Kansas","Norton County",2,82,36,14,22
050,20,137,"Kansas","Norton County",2,83,29,12,17
050,20,137,"Kansas","Norton County",2,84,27,12,15
050,20,137,"Kansas","Norton County",2,85,188,61,127
050,20,137,"Kansas","Norton County",3,0,53,22,31
050,20,137,"Kansas","Norton County",3,1,63,37,26
050,20,137,"Kansas","Norton County",3,2,54,28,26
050,20,137,"Kansas","Norton County",3,3,55,26,29
050,20,137,"Kansas","Norton County",3,4,51,22,29
050,20,137,"Kansas","Norton County",3,5,63,28,35
050,20,137,"Kansas","Norton County",3,6,55,31,24
050,20,137,"Kansas","Norton County",3,7,56,26,30
050,20,137,"Kansas","Norton County",3,8,54,27,27
050,20,137,"Kansas","Norton County",3,9,44,25,19
050,20,137,"Kansas","Norton County",3,10,56,32,24
050,20,137,"Kansas","Norton County",3,11,56,29,27
050,20,137,"Kansas","Norton County",3,12,62,29,33
050,20,137,"Kansas","Norton County",3,13,56,30,26
050,20,137,"Kansas","Norton County",3,14,57,30,27
050,20,137,"Kansas","Norton County",3,15,56,29,27
050,20,137,"Kansas","Norton County",3,16,60,34,26
050,20,137,"Kansas","Norton County",3,17,59,30,29
050,20,137,"Kansas","Norton County",3,18,51,24,27
050,20,137,"Kansas","Norton County",3,19,48,28,20
050,20,137,"Kansas","Norton County",3,20,50,31,19
050,20,137,"Kansas","Norton County",3,21,61,47,14
050,20,137,"Kansas","Norton County",3,22,53,42,11
050,20,137,"Kansas","Norton County",3,23,80,56,24
050,20,137,"Kansas","Norton County",3,24,73,55,18
050,20,137,"Kansas","Norton County",3,25,69,45,24
050,20,137,"Kansas","Norton County",3,26,79,56,23
050,20,137,"Kansas","Norton County",3,27,82,61,21
050,20,137,"Kansas","Norton County",3,28,72,54,18
050,20,137,"Kansas","Norton County",3,29,75,52,23
050,20,137,"Kansas","Norton County",3,30,66,46,20
050,20,137,"Kansas","Norton County",3,31,77,50,27
050,20,137,"Kansas","Norton County",3,32,81,52,29
050,20,137,"Kansas","Norton County",3,33,87,50,37
050,20,137,"Kansas","Norton County",3,34,71,37,34
050,20,137,"Kansas","Norton County",3,35,71,46,25
050,20,137,"Kansas","Norton County",3,36,73,47,26
050,20,137,"Kansas","Norton County",3,37,80,59,21
050,20,137,"Kansas","Norton County",3,38,77,59,18
050,20,137,"Kansas","Norton County",3,39,78,51,27
050,20,137,"Kansas","Norton County",3,40,62,26,36
050,20,137,"Kansas","Norton County",3,41,71,49,22
050,20,137,"Kansas","Norton County",3,42,62,42,20
050,20,137,"Kansas","Norton County",3,43,61,42,19
050,20,137,"Kansas","Norton County",3,44,76,50,26
050,20,137,"Kansas","Norton County",3,45,70,49,21
050,20,137,"Kansas","Norton County",3,46,68,49,19
050,20,137,"Kansas","Norton County",3,47,61,41,20
050,20,137,"Kansas","Norton County",3,48,68,45,23
050,20,137,"Kansas","Norton County",3,49,75,52,23
050,20,137,"Kansas","Norton County",3,50,73,39,34
050,20,137,"Kansas","Norton County",3,51,64,35,29
050,20,137,"Kansas","Norton County",3,52,62,39,23
050,20,137,"Kansas","Norton County",3,53,79,57,22
050,20,137,"Kansas","Norton County",3,54,67,42,25
050,20,137,"Kansas","Norton County",3,55,72,41,31
050,20,137,"Kansas","Norton County",3,56,61,32,29
050,20,137,"Kansas","Norton County",3,57,78,36,42
050,20,137,"Kansas","Norton County",3,58,84,43,41
050,20,137,"Kansas","Norton County",3,59,71,34,37
050,20,137,"Kansas","Norton County",3,60,63,36,27
050,20,137,"Kansas","Norton County",3,61,61,29,32
050,20,137,"Kansas","Norton County",3,62,66,33,33
050,20,137,"Kansas","Norton County",3,63,69,35,34
050,20,137,"Kansas","Norton County",3,64,74,38,36
050,20,137,"Kansas","Norton County",3,65,76,40,36
050,20,137,"Kansas","Norton County",3,66,71,41,30
050,20,137,"Kansas","Norton County",3,67,68,40,28
050,20,137,"Kansas","Norton County",3,68,52,25,27
050,20,137,"Kansas","Norton County",3,69,59,28,31
050,20,137,"Kansas","Norton County",3,70,46,24,22
050,20,137,"Kansas","Norton County",3,71,46,25,21
050,20,137,"Kansas","Norton County",3,72,45,21,24
050,20,137,"Kansas","Norton County",3,73,46,20,26
050,20,137,"Kansas","Norton County",3,74,52,24,28
050,20,137,"Kansas","Norton County",3,75,48,24,24
050,20,137,"Kansas","Norton County",3,76,44,21,23
050,20,137,"Kansas","Norton County",3,77,38,18,20
050,20,137,"Kansas","Norton County",3,78,46,21,25
050,20,137,"Kansas","Norton County",3,79,32,11,21
050,20,137,"Kansas","Norton County",3,80,35,16,19
050,20,137,"Kansas","Norton County",3,81,22,11,11
050,20,137,"Kansas","Norton County",3,82,22,11,11
050,20,137,"Kansas","Norton County",3,83,33,16,17
050,20,137,"Kansas","Norton County",3,84,24,9,15
050,20,137,"Kansas","Norton County",3,85,182,57,125
050,20,137,"Kansas","Norton County",4,0,52,24,28
050,20,137,"Kansas","Norton County",4,1,54,21,33
050,20,137,"Kansas","Norton County",4,2,62,37,25
050,20,137,"Kansas","Norton County",4,3,55,27,28
050,20,137,"Kansas","Norton County",4,4,58,27,31
050,20,137,"Kansas","Norton County",4,5,49,24,25
050,20,137,"Kansas","Norton County",4,6,61,29,32
050,20,137,"Kansas","Norton County",4,7,52,28,24
050,20,137,"Kansas","Norton County",4,8,62,27,35
050,20,137,"Kansas","Norton County",4,9,52,27,25
050,20,137,"Kansas","Norton County",4,10,46,23,23
050,20,137,"Kansas","Norton County",4,11,62,35,27
050,20,137,"Kansas","Norton County",4,12,53,27,26
050,20,137,"Kansas","Norton County",4,13,63,29,34
050,20,137,"Kansas","Norton County",4,14,55,28,27
050,20,137,"Kansas","Norton County",4,15,61,30,31
050,20,137,"Kansas","Norton County",4,16,63,35,28
050,20,137,"Kansas","Norton County",4,17,60,33,27
050,20,137,"Kansas","Norton County",4,18,48,25,23
050,20,137,"Kansas","Norton County",4,19,48,28,20
050,20,137,"Kansas","Norton County",4,20,51,33,18
050,20,137,"Kansas","Norton County",4,21,62,42,20
050,20,137,"Kansas","Norton County",4,22,57,42,15
050,20,137,"Kansas","Norton County",4,23,65,49,16
050,20,137,"Kansas","Norton County",4,24,71,54,17
050,20,137,"Kansas","Norton County",4,25,68,51,17
050,20,137,"Kansas","Norton County",4,26,70,51,19
050,20,137,"Kansas","Norton County",4,27,83,60,23
050,20,137,"Kansas","Norton County",4,28,72,50,22
050,20,137,"Kansas","Norton County",4,29,72,56,16
050,20,137,"Kansas","Norton County",4,30,65,41,24
050,20,137,"Kansas","Norton County",4,31,64,41,23
050,20,137,"Kansas","Norton County",4,32,80,53,27
050,20,137,"Kansas","Norton County",4,33,84,56,28
050,20,137,"Kansas","Norton County",4,34,68,33,35
050,20,137,"Kansas","Norton County",4,35,80,44,36
050,20,137,"Kansas","Norton County",4,36,69,44,25
050,20,137,"Kansas","Norton County",4,37,84,58,26
050,20,137,"Kansas","Norton County",4,38,76,54,22
050,20,137,"Kansas","Norton County",4,39,76,57,19
050,20,137,"Kansas","Norton County",4,40,61,35,26
050,20,137,"Kansas","Norton County",4,41,78,42,36
050,20,137,"Kansas","Norton County",4,42,68,44,24
050,20,137,"Kansas","Norton County",4,43,63,43,20
050,20,137,"Kansas","Norton County",4,44,68,49,19
050,20,137,"Kansas","Norton County",4,45,79,52,27
050,20,137,"Kansas","Norton County",4,46,72,51,21
050,20,137,"Kansas","Norton County",4,47,59,40,19
050,20,137,"Kansas","Norton County",4,48,61,42,19
050,20,137,"Kansas","Norton County",4,49,70,48,22
050,20,137,"Kansas","Norton County",4,50,59,34,25
050,20,137,"Kansas","Norton County",4,51,75,42,33
050,20,137,"Kansas","Norton County",4,52,69,40,29
050,20,137,"Kansas","Norton County",4,53,74,51,23
050,20,137,"Kansas","Norton County",4,54,58,36,22
050,20,137,"Kansas","Norton County",4,55,58,33,25
050,20,137,"Kansas","Norton County",4,56,71,40,31
050,20,137,"Kansas","Norton County",4,57,57,30,27
050,20,137,"Kansas","Norton County",4,58,81,39,42
050,20,137,"Kansas","Norton County",4,59,86,42,44
050,20,137,"Kansas","Norton County",4,60,74,38,36
050,20,137,"Kansas","Norton County",4,61,66,35,31
050,20,137,"Kansas","Norton County",4,62,56,26,30
050,20,137,"Kansas","Norton County",4,63,65,32,33
050,20,137,"Kansas","Norton County",4,64,62,31,31
050,20,137,"Kansas","Norton County",4,65,78,40,38
050,20,137,"Kansas","Norton County",4,66,79,42,37
050,20,137,"Kansas","Norton County",4,67,69,38,31
050,20,137,"Kansas","Norton County",4,68,64,38,26
050,20,137,"Kansas","Norton County",4,69,56,27,29
050,20,137,"Kansas","Norton County",4,70,53,25,28
050,20,137,"Kansas","Norton County",4,71,44,24,20
050,20,137,"Kansas","Norton County",4,72,45,23,22
050,20,137,"Kansas","Norton County",4,73,44,23,21
050,20,137,"Kansas","Norton County",4,74,42,18,24
050,20,137,"Kansas","Norton County",4,75,47,21,26
050,20,137,"Kansas","Norton County",4,76,46,22,24
050,20,137,"Kansas","Norton County",4,77,42,21,21
050,20,137,"Kansas","Norton County",4,78,40,20,20
050,20,137,"Kansas","Norton County",4,79,39,16,23
050,20,137,"Kansas","Norton County",4,80,35,13,22
050,20,137,"Kansas","Norton County",4,81,31,13,18
050,20,137,"Kansas","Norton County",4,82,22,9,13
050,20,137,"Kansas","Norton County",4,83,18,11,7
050,20,137,"Kansas","Norton County",4,84,32,15,17
050,20,137,"Kansas","Norton County",4,85,176,51,125
050,20,137,"Kansas","Norton County",5,0,48,25,23
050,20,137,"Kansas","Norton County",5,1,60,26,34
050,20,137,"Kansas","Norton County",5,2,50,20,30
050,20,137,"Kansas","Norton County",5,3,60,35,25
050,20,137,"Kansas","Norton County",5,4,50,26,24
050,20,137,"Kansas","Norton County",5,5,59,29,30
050,20,137,"Kansas","Norton County",5,6,47,23,24
050,20,137,"Kansas","Norton County",5,7,58,26,32
050,20,137,"Kansas","Norton County",5,8,55,31,24
050,20,137,"Kansas","Norton County",5,9,61,30,31
050,20,137,"Kansas","Norton County",5,10,53,25,28
050,20,137,"Kansas","Norton County",5,11,46,24,22
050,20,137,"Kansas","Norton County",5,12,66,37,29
050,20,137,"Kansas","Norton County",5,13,62,31,31
050,20,137,"Kansas","Norton County",5,14,64,29,35
050,20,137,"Kansas","Norton County",5,15,57,29,28
050,20,137,"Kansas","Norton County",5,16,61,28,33
050,20,137,"Kansas","Norton County",5,17,63,33,30
050,20,137,"Kansas","Norton County",5,18,53,30,23
050,20,137,"Kansas","Norton County",5,19,42,24,18
050,20,137,"Kansas","Norton County",5,20,60,35,25
050,20,137,"Kansas","Norton County",5,21,63,44,19
050,20,137,"Kansas","Norton County",5,22,59,38,21
050,20,137,"Kansas","Norton County",5,23,65,49,16
050,20,137,"Kansas","Norton County",5,24,66,50,16
050,20,137,"Kansas","Norton County",5,25,65,52,13
050,20,137,"Kansas","Norton County",5,26,70,57,13
050,20,137,"Kansas","Norton County",5,27,80,55,25
050,20,137,"Kansas","Norton County",5,28,73,55,18
050,20,137,"Kansas","Norton County",5,29,77,55,22
050,20,137,"Kansas","Norton County",5,30,65,46,19
050,20,137,"Kansas","Norton County",5,31,68,41,27
050,20,137,"Kansas","Norton County",5,32,69,46,23
050,20,137,"Kansas","Norton County",5,33,85,61,24
050,20,137,"Kansas","Norton County",5,34,70,40,30
050,20,137,"Kansas","Norton County",5,35,76,41,35
050,20,137,"Kansas","Norton County",5,36,80,45,35
050,20,137,"Kansas","Norton County",5,37,81,56,25
050,20,137,"Kansas","Norton County",5,38,81,54,27
050,20,137,"Kansas","Norton County",5,39,82,57,25
050,20,137,"Kansas","Norton County",5,40,59,39,20
050,20,137,"Kansas","Norton County",5,41,82,55,27
050,20,137,"Kansas","Norton County",5,42,71,32,39
050,20,137,"Kansas","Norton County",5,43,69,47,22
050,20,137,"Kansas","Norton County",5,44,65,47,18
050,20,137,"Kansas","Norton County",5,45,71,54,17
050,20,137,"Kansas","Norton County",5,46,75,51,24
050,20,137,"Kansas","Norton County",5,47,55,38,17
050,20,137,"Kansas","Norton County",5,48,66,43,23
050,20,137,"Kansas","Norton County",5,49,67,46,21
050,20,137,"Kansas","Norton County",5,50,56,34,22
050,20,137,"Kansas","Norton County",5,51,62,37,25
050,20,137,"Kansas","Norton County",5,52,74,42,32
050,20,137,"Kansas","Norton County",5,53,78,52,26
050,20,137,"Kansas","Norton County",5,54,52,28,24
050,20,137,"Kansas","Norton County",5,55,60,36,24
050,20,137,"Kansas","Norton County",5,56,54,30,24
050,20,137,"Kansas","Norton County",5,57,68,36,32
050,20,137,"Kansas","Norton County",5,58,60,33,27
050,20,137,"Kansas","Norton County",5,59,80,36,44
050,20,137,"Kansas","Norton County",5,60,91,49,42
050,20,137,"Kansas","Norton County",5,61,78,38,40
050,20,137,"Kansas","Norton County",5,62,64,35,29
050,20,137,"Kansas","Norton County",5,63,56,26,30
050,20,137,"Kansas","Norton County",5,64,64,31,33
050,20,137,"Kansas","Norton County",5,65,63,32,31
050,20,137,"Kansas","Norton County",5,66,79,42,37
050,20,137,"Kansas","Norton County",5,67,78,40,38
050,20,137,"Kansas","Norton County",5,68,66,35,31
050,20,137,"Kansas","Norton County",5,69,67,41,26
050,20,137,"Kansas","Norton County",5,70,49,24,25
050,20,137,"Kansas","Norton County",5,71,54,27,27
050,20,137,"Kansas","Norton County",5,72,42,22,20
050,20,137,"Kansas","Norton County",5,73,45,23,22
050,20,137,"Kansas","Norton County",5,74,39,21,18
050,20,137,"Kansas","Norton County",5,75,44,20,24
050,20,137,"Kansas","Norton County",5,76,41,17,24
050,20,137,"Kansas","Norton County",5,77,45,22,23
050,20,137,"Kansas","Norton County",5,78,45,23,22
050,20,137,"Kansas","Norton County",5,79,35,18,17
050,20,137,"Kansas","Norton County",5,80,40,17,23
050,20,137,"Kansas","Norton County",5,81,27,10,17
050,20,137,"Kansas","Norton County",5,82,31,11,20
050,20,137,"Kansas","Norton County",5,83,19,11,8
050,20,137,"Kansas","Norton County",5,84,18,11,7
050,20,137,"Kansas","Norton County",5,85,176,50,126
050,20,139,"Kansas","Osage County",1,0,165,83,82
050,20,139,"Kansas","Osage County",1,1,178,85,93
050,20,139,"Kansas","Osage County",1,2,152,81,71
050,20,139,"Kansas","Osage County",1,3,173,96,77
050,20,139,"Kansas","Osage County",1,4,199,104,95
050,20,139,"Kansas","Osage County",1,5,170,91,79
050,20,139,"Kansas","Osage County",1,6,194,103,91
050,20,139,"Kansas","Osage County",1,7,192,89,103
050,20,139,"Kansas","Osage County",1,8,184,95,89
050,20,139,"Kansas","Osage County",1,9,193,93,100
050,20,139,"Kansas","Osage County",1,10,220,116,104
050,20,139,"Kansas","Osage County",1,11,221,105,116
050,20,139,"Kansas","Osage County",1,12,243,128,115
050,20,139,"Kansas","Osage County",1,13,227,115,112
050,20,139,"Kansas","Osage County",1,14,245,135,110
050,20,139,"Kansas","Osage County",1,15,223,125,98
050,20,139,"Kansas","Osage County",1,16,239,129,110
050,20,139,"Kansas","Osage County",1,17,245,126,119
050,20,139,"Kansas","Osage County",1,18,189,98,91
050,20,139,"Kansas","Osage County",1,19,150,84,66
050,20,139,"Kansas","Osage County",1,20,138,78,60
050,20,139,"Kansas","Osage County",1,21,150,88,62
050,20,139,"Kansas","Osage County",1,22,150,77,73
050,20,139,"Kansas","Osage County",1,23,164,81,83
050,20,139,"Kansas","Osage County",1,24,167,83,84
050,20,139,"Kansas","Osage County",1,25,152,77,75
050,20,139,"Kansas","Osage County",1,26,159,87,72
050,20,139,"Kansas","Osage County",1,27,166,99,67
050,20,139,"Kansas","Osage County",1,28,156,78,78
050,20,139,"Kansas","Osage County",1,29,160,69,91
050,20,139,"Kansas","Osage County",1,30,174,91,83
050,20,139,"Kansas","Osage County",1,31,158,78,80
050,20,139,"Kansas","Osage County",1,32,154,71,83
050,20,139,"Kansas","Osage County",1,33,148,70,78
050,20,139,"Kansas","Osage County",1,34,162,88,74
050,20,139,"Kansas","Osage County",1,35,193,91,102
050,20,139,"Kansas","Osage County",1,36,178,86,92
050,20,139,"Kansas","Osage County",1,37,172,86,86
050,20,139,"Kansas","Osage County",1,38,195,103,92
050,20,139,"Kansas","Osage County",1,39,213,108,105
050,20,139,"Kansas","Osage County",1,40,187,99,88
050,20,139,"Kansas","Osage County",1,41,173,89,84
050,20,139,"Kansas","Osage County",1,42,179,92,87
050,20,139,"Kansas","Osage County",1,43,170,81,89
050,20,139,"Kansas","Osage County",1,44,170,85,85
050,20,139,"Kansas","Osage County",1,45,177,86,91
050,20,139,"Kansas","Osage County",1,46,170,89,81
050,20,139,"Kansas","Osage County",1,47,174,78,96
050,20,139,"Kansas","Osage County",1,48,186,88,98
050,20,139,"Kansas","Osage County",1,49,216,102,114
050,20,139,"Kansas","Osage County",1,50,198,95,103
050,20,139,"Kansas","Osage County",1,51,174,91,83
050,20,139,"Kansas","Osage County",1,52,172,87,85
050,20,139,"Kansas","Osage County",1,53,172,96,76
050,20,139,"Kansas","Osage County",1,54,195,100,95
050,20,139,"Kansas","Osage County",1,55,231,116,115
050,20,139,"Kansas","Osage County",1,56,276,140,136
050,20,139,"Kansas","Osage County",1,57,260,125,135
050,20,139,"Kansas","Osage County",1,58,274,140,134
050,20,139,"Kansas","Osage County",1,59,281,136,145
050,20,139,"Kansas","Osage County",1,60,258,124,134
050,20,139,"Kansas","Osage County",1,61,256,136,120
050,20,139,"Kansas","Osage County",1,62,274,145,129
050,20,139,"Kansas","Osage County",1,63,241,115,126
050,20,139,"Kansas","Osage County",1,64,233,118,115
050,20,139,"Kansas","Osage County",1,65,227,110,117
050,20,139,"Kansas","Osage County",1,66,238,122,116
050,20,139,"Kansas","Osage County",1,67,221,105,116
050,20,139,"Kansas","Osage County",1,68,200,102,98
050,20,139,"Kansas","Osage County",1,69,187,101,86
050,20,139,"Kansas","Osage County",1,70,179,95,84
050,20,139,"Kansas","Osage County",1,71,175,91,84
050,20,139,"Kansas","Osage County",1,72,171,87,84
050,20,139,"Kansas","Osage County",1,73,171,83,88
050,20,139,"Kansas","Osage County",1,74,126,62,64
050,20,139,"Kansas","Osage County",1,75,117,56,61
050,20,139,"Kansas","Osage County",1,76,108,54,54
050,20,139,"Kansas","Osage County",1,77,114,47,67
050,20,139,"Kansas","Osage County",1,78,110,51,59
050,20,139,"Kansas","Osage County",1,79,92,40,52
050,20,139,"Kansas","Osage County",1,80,103,43,60
050,20,139,"Kansas","Osage County",1,81,86,40,46
050,20,139,"Kansas","Osage County",1,82,76,33,43
050,20,139,"Kansas","Osage County",1,83,60,29,31
050,20,139,"Kansas","Osage County",1,84,47,21,26
050,20,139,"Kansas","Osage County",1,85,349,159,190
050,20,139,"Kansas","Osage County",2,0,174,86,88
050,20,139,"Kansas","Osage County",2,1,174,85,89
050,20,139,"Kansas","Osage County",2,2,160,82,78
050,20,139,"Kansas","Osage County",2,3,170,94,76
050,20,139,"Kansas","Osage County",2,4,192,101,91
050,20,139,"Kansas","Osage County",2,5,178,95,83
050,20,139,"Kansas","Osage County",2,6,188,100,88
050,20,139,"Kansas","Osage County",2,7,192,92,100
050,20,139,"Kansas","Osage County",2,8,187,94,93
050,20,139,"Kansas","Osage County",2,9,190,94,96
050,20,139,"Kansas","Osage County",2,10,214,111,103
050,20,139,"Kansas","Osage County",2,11,222,109,113
050,20,139,"Kansas","Osage County",2,12,238,123,115
050,20,139,"Kansas","Osage County",2,13,230,117,113
050,20,139,"Kansas","Osage County",2,14,239,130,109
050,20,139,"Kansas","Osage County",2,15,226,127,99
050,20,139,"Kansas","Osage County",2,16,232,126,106
050,20,139,"Kansas","Osage County",2,17,239,125,114
050,20,139,"Kansas","Osage County",2,18,190,99,91
050,20,139,"Kansas","Osage County",2,19,149,82,67
050,20,139,"Kansas","Osage County",2,20,146,83,63
050,20,139,"Kansas","Osage County",2,21,147,87,60
050,20,139,"Kansas","Osage County",2,22,149,79,70
050,20,139,"Kansas","Osage County",2,23,162,81,81
050,20,139,"Kansas","Osage County",2,24,165,80,85
050,20,139,"Kansas","Osage County",2,25,156,78,78
050,20,139,"Kansas","Osage County",2,26,158,85,73
050,20,139,"Kansas","Osage County",2,27,164,95,69
050,20,139,"Kansas","Osage County",2,28,157,81,76
050,20,139,"Kansas","Osage County",2,29,159,72,87
050,20,139,"Kansas","Osage County",2,30,174,88,86
050,20,139,"Kansas","Osage County",2,31,162,82,80
050,20,139,"Kansas","Osage County",2,32,156,72,84
050,20,139,"Kansas","Osage County",2,33,149,71,78
050,20,139,"Kansas","Osage County",2,34,159,84,75
050,20,139,"Kansas","Osage County",2,35,186,91,95
050,20,139,"Kansas","Osage County",2,36,179,86,93
050,20,139,"Kansas","Osage County",2,37,176,86,90
050,20,139,"Kansas","Osage County",2,38,190,99,91
050,20,139,"Kansas","Osage County",2,39,208,106,102
050,20,139,"Kansas","Osage County",2,40,194,101,93
050,20,139,"Kansas","Osage County",2,41,177,92,85
050,20,139,"Kansas","Osage County",2,42,175,90,85
050,20,139,"Kansas","Osage County",2,43,172,84,88
050,20,139,"Kansas","Osage County",2,44,169,84,85
050,20,139,"Kansas","Osage County",2,45,175,85,90
050,20,139,"Kansas","Osage County",2,46,169,88,81
050,20,139,"Kansas","Osage County",2,47,175,82,93
050,20,139,"Kansas","Osage County",2,48,184,87,97
050,20,139,"Kansas","Osage County",2,49,209,99,110
050,20,139,"Kansas","Osage County",2,50,204,98,106
050,20,139,"Kansas","Osage County",2,51,179,91,88
050,20,139,"Kansas","Osage County",2,52,171,88,83
050,20,139,"Kansas","Osage County",2,53,172,95,77
050,20,139,"Kansas","Osage County",2,54,190,100,90
050,20,139,"Kansas","Osage County",2,55,224,114,110
050,20,139,"Kansas","Osage County",2,56,266,133,133
050,20,139,"Kansas","Osage County",2,57,265,129,136
050,20,139,"Kansas","Osage County",2,58,270,136,134
050,20,139,"Kansas","Osage County",2,59,281,139,142
050,20,139,"Kansas","Osage County",2,60,260,126,134
050,20,139,"Kansas","Osage County",2,61,255,134,121
050,20,139,"Kansas","Osage County",2,62,270,143,127
050,20,139,"Kansas","Osage County",2,63,251,124,127
050,20,139,"Kansas","Osage County",2,64,235,117,118
050,20,139,"Kansas","Osage County",2,65,227,112,115
050,20,139,"Kansas","Osage County",2,66,234,119,115
050,20,139,"Kansas","Osage County",2,67,224,109,115
050,20,139,"Kansas","Osage County",2,68,202,101,101
050,20,139,"Kansas","Osage County",2,69,191,101,90
050,20,139,"Kansas","Osage County",2,70,179,94,85
050,20,139,"Kansas","Osage County",2,71,176,91,85
050,20,139,"Kansas","Osage County",2,72,168,87,81
050,20,139,"Kansas","Osage County",2,73,180,88,92
050,20,139,"Kansas","Osage County",2,74,126,61,65
050,20,139,"Kansas","Osage County",2,75,116,55,61
050,20,139,"Kansas","Osage County",2,76,108,53,55
050,20,139,"Kansas","Osage County",2,77,113,49,64
050,20,139,"Kansas","Osage County",2,78,110,50,60
050,20,139,"Kansas","Osage County",2,79,95,42,53
050,20,139,"Kansas","Osage County",2,80,100,41,59
050,20,139,"Kansas","Osage County",2,81,86,40,46
050,20,139,"Kansas","Osage County",2,82,79,35,44
050,20,139,"Kansas","Osage County",2,83,62,29,33
050,20,139,"Kansas","Osage County",2,84,47,22,25
050,20,139,"Kansas","Osage County",2,85,340,155,185
050,20,139,"Kansas","Osage County",3,0,162,80,82
050,20,139,"Kansas","Osage County",3,1,180,96,84
050,20,139,"Kansas","Osage County",3,2,173,80,93
050,20,139,"Kansas","Osage County",3,3,174,88,86
050,20,139,"Kansas","Osage County",3,4,190,104,86
050,20,139,"Kansas","Osage County",3,5,194,101,93
050,20,139,"Kansas","Osage County",3,6,175,94,81
050,20,139,"Kansas","Osage County",3,7,191,102,89
050,20,139,"Kansas","Osage County",3,8,197,89,108
050,20,139,"Kansas","Osage County",3,9,189,96,93
050,20,139,"Kansas","Osage County",3,10,201,99,102
050,20,139,"Kansas","Osage County",3,11,210,111,99
050,20,139,"Kansas","Osage County",3,12,220,108,112
050,20,139,"Kansas","Osage County",3,13,231,117,114
050,20,139,"Kansas","Osage County",3,14,243,126,117
050,20,139,"Kansas","Osage County",3,15,239,130,109
050,20,139,"Kansas","Osage County",3,16,230,121,109
050,20,139,"Kansas","Osage County",3,17,224,120,104
050,20,139,"Kansas","Osage County",3,18,210,110,100
050,20,139,"Kansas","Osage County",3,19,137,72,65
050,20,139,"Kansas","Osage County",3,20,146,82,64
050,20,139,"Kansas","Osage County",3,21,171,100,71
050,20,139,"Kansas","Osage County",3,22,163,88,75
050,20,139,"Kansas","Osage County",3,23,146,76,70
050,20,139,"Kansas","Osage County",3,24,152,77,75
050,20,139,"Kansas","Osage County",3,25,164,80,84
050,20,139,"Kansas","Osage County",3,26,158,79,79
050,20,139,"Kansas","Osage County",3,27,164,92,72
050,20,139,"Kansas","Osage County",3,28,174,93,81
050,20,139,"Kansas","Osage County",3,29,163,85,78
050,20,139,"Kansas","Osage County",3,30,160,75,85
050,20,139,"Kansas","Osage County",3,31,165,81,84
050,20,139,"Kansas","Osage County",3,32,171,86,85
050,20,139,"Kansas","Osage County",3,33,162,77,85
050,20,139,"Kansas","Osage County",3,34,162,80,82
050,20,139,"Kansas","Osage County",3,35,159,76,83
050,20,139,"Kansas","Osage County",3,36,193,97,96
050,20,139,"Kansas","Osage County",3,37,186,91,95
050,20,139,"Kansas","Osage County",3,38,174,83,91
050,20,139,"Kansas","Osage County",3,39,200,111,89
050,20,139,"Kansas","Osage County",3,40,215,112,103
050,20,139,"Kansas","Osage County",3,41,188,98,90
050,20,139,"Kansas","Osage County",3,42,170,84,86
050,20,139,"Kansas","Osage County",3,43,171,93,78
050,20,139,"Kansas","Osage County",3,44,174,85,89
050,20,139,"Kansas","Osage County",3,45,171,85,86
050,20,139,"Kansas","Osage County",3,46,179,89,90
050,20,139,"Kansas","Osage County",3,47,172,86,86
050,20,139,"Kansas","Osage County",3,48,176,84,92
050,20,139,"Kansas","Osage County",3,49,192,92,100
050,20,139,"Kansas","Osage County",3,50,207,97,110
050,20,139,"Kansas","Osage County",3,51,207,102,105
050,20,139,"Kansas","Osage County",3,52,180,92,88
050,20,139,"Kansas","Osage County",3,53,170,91,79
050,20,139,"Kansas","Osage County",3,54,172,96,76
050,20,139,"Kansas","Osage County",3,55,188,99,89
050,20,139,"Kansas","Osage County",3,56,222,113,109
050,20,139,"Kansas","Osage County",3,57,274,136,138
050,20,139,"Kansas","Osage County",3,58,255,124,131
050,20,139,"Kansas","Osage County",3,59,269,136,133
050,20,139,"Kansas","Osage County",3,60,280,138,142
050,20,139,"Kansas","Osage County",3,61,257,119,138
050,20,139,"Kansas","Osage County",3,62,244,126,118
050,20,139,"Kansas","Osage County",3,63,265,138,127
050,20,139,"Kansas","Osage County",3,64,252,127,125
050,20,139,"Kansas","Osage County",3,65,232,119,113
050,20,139,"Kansas","Osage County",3,66,222,109,113
050,20,139,"Kansas","Osage County",3,67,229,117,112
050,20,139,"Kansas","Osage County",3,68,211,102,109
050,20,139,"Kansas","Osage County",3,69,198,100,98
050,20,139,"Kansas","Osage County",3,70,193,102,91
050,20,139,"Kansas","Osage County",3,71,171,91,80
050,20,139,"Kansas","Osage County",3,72,172,91,81
050,20,139,"Kansas","Osage County",3,73,156,84,72
050,20,139,"Kansas","Osage County",3,74,173,84,89
050,20,139,"Kansas","Osage County",3,75,124,59,65
050,20,139,"Kansas","Osage County",3,76,111,52,59
050,20,139,"Kansas","Osage County",3,77,106,52,54
050,20,139,"Kansas","Osage County",3,78,106,50,56
050,20,139,"Kansas","Osage County",3,79,96,46,50
050,20,139,"Kansas","Osage County",3,80,85,34,51
050,20,139,"Kansas","Osage County",3,81,89,36,53
050,20,139,"Kansas","Osage County",3,82,83,39,44
050,20,139,"Kansas","Osage County",3,83,64,29,35
050,20,139,"Kansas","Osage County",3,84,56,26,30
050,20,139,"Kansas","Osage County",3,85,322,148,174
050,20,139,"Kansas","Osage County",4,0,161,89,72
050,20,139,"Kansas","Osage County",4,1,156,75,81
050,20,139,"Kansas","Osage County",4,2,182,95,87
050,20,139,"Kansas","Osage County",4,3,170,76,94
050,20,139,"Kansas","Osage County",4,4,179,94,85
050,20,139,"Kansas","Osage County",4,5,190,99,91
050,20,139,"Kansas","Osage County",4,6,202,108,94
050,20,139,"Kansas","Osage County",4,7,178,95,83
050,20,139,"Kansas","Osage County",4,8,199,105,94
050,20,139,"Kansas","Osage County",4,9,204,96,108
050,20,139,"Kansas","Osage County",4,10,186,95,91
050,20,139,"Kansas","Osage County",4,11,218,105,113
050,20,139,"Kansas","Osage County",4,12,220,121,99
050,20,139,"Kansas","Osage County",4,13,219,107,112
050,20,139,"Kansas","Osage County",4,14,238,117,121
050,20,139,"Kansas","Osage County",4,15,235,121,114
050,20,139,"Kansas","Osage County",4,16,250,134,116
050,20,139,"Kansas","Osage County",4,17,242,132,110
050,20,139,"Kansas","Osage County",4,18,187,100,87
050,20,139,"Kansas","Osage County",4,19,150,78,72
050,20,139,"Kansas","Osage County",4,20,133,72,61
050,20,139,"Kansas","Osage County",4,21,150,81,69
050,20,139,"Kansas","Osage County",4,22,165,101,64
050,20,139,"Kansas","Osage County",4,23,154,88,66
050,20,139,"Kansas","Osage County",4,24,138,68,70
050,20,139,"Kansas","Osage County",4,25,153,73,80
050,20,139,"Kansas","Osage County",4,26,169,79,90
050,20,139,"Kansas","Osage County",4,27,173,91,82
050,20,139,"Kansas","Osage County",4,28,160,95,65
050,20,139,"Kansas","Osage County",4,29,172,88,84
050,20,139,"Kansas","Osage County",4,30,166,81,85
050,20,139,"Kansas","Osage County",4,31,160,77,83
050,20,139,"Kansas","Osage County",4,32,175,89,86
050,20,139,"Kansas","Osage County",4,33,177,90,87
050,20,139,"Kansas","Osage County",4,34,171,84,87
050,20,139,"Kansas","Osage County",4,35,156,76,80
050,20,139,"Kansas","Osage County",4,36,166,79,87
050,20,139,"Kansas","Osage County",4,37,192,92,100
050,20,139,"Kansas","Osage County",4,38,189,92,97
050,20,139,"Kansas","Osage County",4,39,172,79,93
050,20,139,"Kansas","Osage County",4,40,198,110,88
050,20,139,"Kansas","Osage County",4,41,220,120,100
050,20,139,"Kansas","Osage County",4,42,187,95,92
050,20,139,"Kansas","Osage County",4,43,180,89,91
050,20,139,"Kansas","Osage County",4,44,180,98,82
050,20,139,"Kansas","Osage County",4,45,172,81,91
050,20,139,"Kansas","Osage County",4,46,174,89,85
050,20,139,"Kansas","Osage County",4,47,192,95,97
050,20,139,"Kansas","Osage County",4,48,165,74,91
050,20,139,"Kansas","Osage County",4,49,178,85,93
050,20,139,"Kansas","Osage County",4,50,187,88,99
050,20,139,"Kansas","Osage County",4,51,207,98,109
050,20,139,"Kansas","Osage County",4,52,209,103,106
050,20,139,"Kansas","Osage County",4,53,179,96,83
050,20,139,"Kansas","Osage County",4,54,167,87,80
050,20,139,"Kansas","Osage County",4,55,170,98,72
050,20,139,"Kansas","Osage County",4,56,186,98,88
050,20,139,"Kansas","Osage County",4,57,218,109,109
050,20,139,"Kansas","Osage County",4,58,264,131,133
050,20,139,"Kansas","Osage County",4,59,251,124,127
050,20,139,"Kansas","Osage County",4,60,262,133,129
050,20,139,"Kansas","Osage County",4,61,270,138,132
050,20,139,"Kansas","Osage County",4,62,251,113,138
050,20,139,"Kansas","Osage County",4,63,239,122,117
050,20,139,"Kansas","Osage County",4,64,265,136,129
050,20,139,"Kansas","Osage County",4,65,259,130,129
050,20,139,"Kansas","Osage County",4,66,229,118,111
050,20,139,"Kansas","Osage County",4,67,227,109,118
050,20,139,"Kansas","Osage County",4,68,226,111,115
050,20,139,"Kansas","Osage County",4,69,198,95,103
050,20,139,"Kansas","Osage County",4,70,195,95,100
050,20,139,"Kansas","Osage County",4,71,183,96,87
050,20,139,"Kansas","Osage County",4,72,168,88,80
050,20,139,"Kansas","Osage County",4,73,165,89,76
050,20,139,"Kansas","Osage County",4,74,147,80,67
050,20,139,"Kansas","Osage County",4,75,165,78,87
050,20,139,"Kansas","Osage County",4,76,113,53,60
050,20,139,"Kansas","Osage County",4,77,105,48,57
050,20,139,"Kansas","Osage County",4,78,110,56,54
050,20,139,"Kansas","Osage County",4,79,91,45,46
050,20,139,"Kansas","Osage County",4,80,97,44,53
050,20,139,"Kansas","Osage County",4,81,71,29,42
050,20,139,"Kansas","Osage County",4,82,88,40,48
050,20,139,"Kansas","Osage County",4,83,70,31,39
050,20,139,"Kansas","Osage County",4,84,60,27,33
050,20,139,"Kansas","Osage County",4,85,310,145,165
050,20,139,"Kansas","Osage County",5,0,161,88,73
050,20,139,"Kansas","Osage County",5,1,155,87,68
050,20,139,"Kansas","Osage County",5,2,154,73,81
050,20,139,"Kansas","Osage County",5,3,193,103,90
050,20,139,"Kansas","Osage County",5,4,179,83,96
050,20,139,"Kansas","Osage County",5,5,188,102,86
050,20,139,"Kansas","Osage County",5,6,192,97,95
050,20,139,"Kansas","Osage County",5,7,211,112,99
050,20,139,"Kansas","Osage County",5,8,196,100,96
050,20,139,"Kansas","Osage County",5,9,200,104,96
050,20,139,"Kansas","Osage County",5,10,213,101,112
050,20,139,"Kansas","Osage County",5,11,193,101,92
050,20,139,"Kansas","Osage County",5,12,224,99,125
050,20,139,"Kansas","Osage County",5,13,227,124,103
050,20,139,"Kansas","Osage County",5,14,230,116,114
050,20,139,"Kansas","Osage County",5,15,248,128,120
050,20,139,"Kansas","Osage County",5,16,251,128,123
050,20,139,"Kansas","Osage County",5,17,237,130,107
050,20,139,"Kansas","Osage County",5,18,200,113,87
050,20,139,"Kansas","Osage County",5,19,142,80,62
050,20,139,"Kansas","Osage County",5,20,157,84,73
050,20,139,"Kansas","Osage County",5,21,137,71,66
050,20,139,"Kansas","Osage County",5,22,150,82,68
050,20,139,"Kansas","Osage County",5,23,148,91,57
050,20,139,"Kansas","Osage County",5,24,158,91,67
050,20,139,"Kansas","Osage County",5,25,142,77,65
050,20,139,"Kansas","Osage County",5,26,162,79,83
050,20,139,"Kansas","Osage County",5,27,172,78,94
050,20,139,"Kansas","Osage County",5,28,171,89,82
050,20,139,"Kansas","Osage County",5,29,153,85,68
050,20,139,"Kansas","Osage County",5,30,173,91,82
050,20,139,"Kansas","Osage County",5,31,165,78,87
050,20,139,"Kansas","Osage County",5,32,170,80,90
050,20,139,"Kansas","Osage County",5,33,170,86,84
050,20,139,"Kansas","Osage County",5,34,179,95,84
050,20,139,"Kansas","Osage County",5,35,182,86,96
050,20,139,"Kansas","Osage County",5,36,166,82,84
050,20,139,"Kansas","Osage County",5,37,164,83,81
050,20,139,"Kansas","Osage County",5,38,197,96,101
050,20,139,"Kansas","Osage County",5,39,192,97,95
050,20,139,"Kansas","Osage County",5,40,184,84,100
050,20,139,"Kansas","Osage County",5,41,206,108,98
050,20,139,"Kansas","Osage County",5,42,224,121,103
050,20,139,"Kansas","Osage County",5,43,191,94,97
050,20,139,"Kansas","Osage County",5,44,182,89,93
050,20,139,"Kansas","Osage County",5,45,176,94,82
050,20,139,"Kansas","Osage County",5,46,173,82,91
050,20,139,"Kansas","Osage County",5,47,180,94,86
050,20,139,"Kansas","Osage County",5,48,191,92,99
050,20,139,"Kansas","Osage County",5,49,168,76,92
050,20,139,"Kansas","Osage County",5,50,182,86,96
050,20,139,"Kansas","Osage County",5,51,188,89,99
050,20,139,"Kansas","Osage County",5,52,210,97,113
050,20,139,"Kansas","Osage County",5,53,204,100,104
050,20,139,"Kansas","Osage County",5,54,191,101,90
050,20,139,"Kansas","Osage County",5,55,160,84,76
050,20,139,"Kansas","Osage County",5,56,176,102,74
050,20,139,"Kansas","Osage County",5,57,185,96,89
050,20,139,"Kansas","Osage County",5,58,219,112,107
050,20,139,"Kansas","Osage County",5,59,260,129,131
050,20,139,"Kansas","Osage County",5,60,240,119,121
050,20,139,"Kansas","Osage County",5,61,265,134,131
050,20,139,"Kansas","Osage County",5,62,271,138,133
050,20,139,"Kansas","Osage County",5,63,254,116,138
050,20,139,"Kansas","Osage County",5,64,245,120,125
050,20,139,"Kansas","Osage County",5,65,264,136,128
050,20,139,"Kansas","Osage County",5,66,259,130,129
050,20,139,"Kansas","Osage County",5,67,234,120,114
050,20,139,"Kansas","Osage County",5,68,231,110,121
050,20,139,"Kansas","Osage County",5,69,217,109,108
050,20,139,"Kansas","Osage County",5,70,198,94,104
050,20,139,"Kansas","Osage County",5,71,189,91,98
050,20,139,"Kansas","Osage County",5,72,176,93,83
050,20,139,"Kansas","Osage County",5,73,163,88,75
050,20,139,"Kansas","Osage County",5,74,156,86,70
050,20,139,"Kansas","Osage County",5,75,142,75,67
050,20,139,"Kansas","Osage County",5,76,151,70,81
050,20,139,"Kansas","Osage County",5,77,107,49,58
050,20,139,"Kansas","Osage County",5,78,105,48,57
050,20,139,"Kansas","Osage County",5,79,103,56,47
050,20,139,"Kansas","Osage County",5,80,92,44,48
050,20,139,"Kansas","Osage County",5,81,81,39,42
050,20,139,"Kansas","Osage County",5,82,70,31,39
050,20,139,"Kansas","Osage County",5,83,77,35,42
050,20,139,"Kansas","Osage County",5,84,67,28,39
050,20,139,"Kansas","Osage County",5,85,315,150,165
050,20,141,"Kansas","Osborne County",1,0,42,23,19
050,20,141,"Kansas","Osborne County",1,1,42,22,20
050,20,141,"Kansas","Osborne County",1,2,37,16,21
050,20,141,"Kansas","Osborne County",1,3,35,16,19
050,20,141,"Kansas","Osborne County",1,4,54,32,22
050,20,141,"Kansas","Osborne County",1,5,36,22,14
050,20,141,"Kansas","Osborne County",1,6,43,25,18
050,20,141,"Kansas","Osborne County",1,7,41,28,13
050,20,141,"Kansas","Osborne County",1,8,41,24,17
050,20,141,"Kansas","Osborne County",1,9,48,22,26
050,20,141,"Kansas","Osborne County",1,10,45,23,22
050,20,141,"Kansas","Osborne County",1,11,38,19,19
050,20,141,"Kansas","Osborne County",1,12,44,19,25
050,20,141,"Kansas","Osborne County",1,13,43,21,22
050,20,141,"Kansas","Osborne County",1,14,42,19,23
050,20,141,"Kansas","Osborne County",1,15,36,20,16
050,20,141,"Kansas","Osborne County",1,16,40,21,19
050,20,141,"Kansas","Osborne County",1,17,41,21,20
050,20,141,"Kansas","Osborne County",1,18,35,23,12
050,20,141,"Kansas","Osborne County",1,19,22,13,9
050,20,141,"Kansas","Osborne County",1,20,29,16,13
050,20,141,"Kansas","Osborne County",1,21,33,18,15
050,20,141,"Kansas","Osborne County",1,22,31,17,14
050,20,141,"Kansas","Osborne County",1,23,33,12,21
050,20,141,"Kansas","Osborne County",1,24,37,19,18
050,20,141,"Kansas","Osborne County",1,25,30,18,12
050,20,141,"Kansas","Osborne County",1,26,38,19,19
050,20,141,"Kansas","Osborne County",1,27,41,21,20
050,20,141,"Kansas","Osborne County",1,28,39,19,20
050,20,141,"Kansas","Osborne County",1,29,38,18,20
050,20,141,"Kansas","Osborne County",1,30,39,28,11
050,20,141,"Kansas","Osborne County",1,31,40,21,19
050,20,141,"Kansas","Osborne County",1,32,33,17,16
050,20,141,"Kansas","Osborne County",1,33,33,13,20
050,20,141,"Kansas","Osborne County",1,34,35,20,15
050,20,141,"Kansas","Osborne County",1,35,44,25,19
050,20,141,"Kansas","Osborne County",1,36,38,18,20
050,20,141,"Kansas","Osborne County",1,37,38,22,16
050,20,141,"Kansas","Osborne County",1,38,37,19,18
050,20,141,"Kansas","Osborne County",1,39,36,22,14
050,20,141,"Kansas","Osborne County",1,40,36,18,18
050,20,141,"Kansas","Osborne County",1,41,36,15,21
050,20,141,"Kansas","Osborne County",1,42,38,17,21
050,20,141,"Kansas","Osborne County",1,43,36,18,18
050,20,141,"Kansas","Osborne County",1,44,39,22,17
050,20,141,"Kansas","Osborne County",1,45,29,18,11
050,20,141,"Kansas","Osborne County",1,46,24,14,10
050,20,141,"Kansas","Osborne County",1,47,23,13,10
050,20,141,"Kansas","Osborne County",1,48,32,18,14
050,20,141,"Kansas","Osborne County",1,49,28,14,14
050,20,141,"Kansas","Osborne County",1,50,30,14,16
050,20,141,"Kansas","Osborne County",1,51,41,19,22
050,20,141,"Kansas","Osborne County",1,52,40,19,21
050,20,141,"Kansas","Osborne County",1,53,43,27,16
050,20,141,"Kansas","Osborne County",1,54,40,21,19
050,20,141,"Kansas","Osborne County",1,55,54,29,25
050,20,141,"Kansas","Osborne County",1,56,55,31,24
050,20,141,"Kansas","Osborne County",1,57,54,22,32
050,20,141,"Kansas","Osborne County",1,58,65,29,36
050,20,141,"Kansas","Osborne County",1,59,54,22,32
050,20,141,"Kansas","Osborne County",1,60,56,28,28
050,20,141,"Kansas","Osborne County",1,61,57,32,25
050,20,141,"Kansas","Osborne County",1,62,61,31,30
050,20,141,"Kansas","Osborne County",1,63,63,35,28
050,20,141,"Kansas","Osborne County",1,64,59,34,25
050,20,141,"Kansas","Osborne County",1,65,56,33,23
050,20,141,"Kansas","Osborne County",1,66,50,30,20
050,20,141,"Kansas","Osborne County",1,67,54,30,24
050,20,141,"Kansas","Osborne County",1,68,47,25,22
050,20,141,"Kansas","Osborne County",1,69,40,17,23
050,20,141,"Kansas","Osborne County",1,70,36,19,17
050,20,141,"Kansas","Osborne County",1,71,43,25,18
050,20,141,"Kansas","Osborne County",1,72,46,22,24
050,20,141,"Kansas","Osborne County",1,73,36,17,19
050,20,141,"Kansas","Osborne County",1,74,23,12,11
050,20,141,"Kansas","Osborne County",1,75,29,16,13
050,20,141,"Kansas","Osborne County",1,76,38,18,20
050,20,141,"Kansas","Osborne County",1,77,45,15,30
050,20,141,"Kansas","Osborne County",1,78,30,12,18
050,20,141,"Kansas","Osborne County",1,79,32,15,17
050,20,141,"Kansas","Osborne County",1,80,22,10,12
050,20,141,"Kansas","Osborne County",1,81,19,10,9
050,20,141,"Kansas","Osborne County",1,82,29,12,17
050,20,141,"Kansas","Osborne County",1,83,26,11,15
050,20,141,"Kansas","Osborne County",1,84,22,9,13
050,20,141,"Kansas","Osborne County",1,85,151,50,101
050,20,141,"Kansas","Osborne County",2,0,44,26,18
050,20,141,"Kansas","Osborne County",2,1,41,21,20
050,20,141,"Kansas","Osborne County",2,2,39,17,22
050,20,141,"Kansas","Osborne County",2,3,35,16,19
050,20,141,"Kansas","Osborne County",2,4,49,27,22
050,20,141,"Kansas","Osborne County",2,5,39,23,16
050,20,141,"Kansas","Osborne County",2,6,41,25,16
050,20,141,"Kansas","Osborne County",2,7,42,28,14
050,20,141,"Kansas","Osborne County",2,8,41,25,16
050,20,141,"Kansas","Osborne County",2,9,48,24,24
050,20,141,"Kansas","Osborne County",2,10,46,23,23
050,20,141,"Kansas","Osborne County",2,11,39,19,20
050,20,141,"Kansas","Osborne County",2,12,44,19,25
050,20,141,"Kansas","Osborne County",2,13,43,21,22
050,20,141,"Kansas","Osborne County",2,14,42,19,23
050,20,141,"Kansas","Osborne County",2,15,36,20,16
050,20,141,"Kansas","Osborne County",2,16,38,20,18
050,20,141,"Kansas","Osborne County",2,17,40,21,19
050,20,141,"Kansas","Osborne County",2,18,35,22,13
050,20,141,"Kansas","Osborne County",2,19,23,14,9
050,20,141,"Kansas","Osborne County",2,20,30,17,13
050,20,141,"Kansas","Osborne County",2,21,32,18,14
050,20,141,"Kansas","Osborne County",2,22,32,17,15
050,20,141,"Kansas","Osborne County",2,23,33,13,20
050,20,141,"Kansas","Osborne County",2,24,36,18,18
050,20,141,"Kansas","Osborne County",2,25,31,17,14
050,20,141,"Kansas","Osborne County",2,26,38,20,18
050,20,141,"Kansas","Osborne County",2,27,40,19,21
050,20,141,"Kansas","Osborne County",2,28,40,19,21
050,20,141,"Kansas","Osborne County",2,29,40,20,20
050,20,141,"Kansas","Osborne County",2,30,38,25,13
050,20,141,"Kansas","Osborne County",2,31,40,23,17
050,20,141,"Kansas","Osborne County",2,32,34,17,17
050,20,141,"Kansas","Osborne County",2,33,33,14,19
050,20,141,"Kansas","Osborne County",2,34,34,18,16
050,20,141,"Kansas","Osborne County",2,35,41,23,18
050,20,141,"Kansas","Osborne County",2,36,39,20,19
050,20,141,"Kansas","Osborne County",2,37,38,21,17
050,20,141,"Kansas","Osborne County",2,38,38,20,18
050,20,141,"Kansas","Osborne County",2,39,35,21,14
050,20,141,"Kansas","Osborne County",2,40,37,19,18
050,20,141,"Kansas","Osborne County",2,41,36,16,20
050,20,141,"Kansas","Osborne County",2,42,37,16,21
050,20,141,"Kansas","Osborne County",2,43,37,18,19
050,20,141,"Kansas","Osborne County",2,44,38,21,17
050,20,141,"Kansas","Osborne County",2,45,32,19,13
050,20,141,"Kansas","Osborne County",2,46,24,15,9
050,20,141,"Kansas","Osborne County",2,47,24,14,10
050,20,141,"Kansas","Osborne County",2,48,30,17,13
050,20,141,"Kansas","Osborne County",2,49,29,14,15
050,20,141,"Kansas","Osborne County",2,50,29,14,15
050,20,141,"Kansas","Osborne County",2,51,39,18,21
050,20,141,"Kansas","Osborne County",2,52,41,20,21
050,20,141,"Kansas","Osborne County",2,53,43,25,18
050,20,141,"Kansas","Osborne County",2,54,40,22,18
050,20,141,"Kansas","Osborne County",2,55,52,28,24
050,20,141,"Kansas","Osborne County",2,56,54,30,24
050,20,141,"Kansas","Osborne County",2,57,54,24,30
050,20,141,"Kansas","Osborne County",2,58,62,27,35
050,20,141,"Kansas","Osborne County",2,59,57,24,33
050,20,141,"Kansas","Osborne County",2,60,55,27,28
050,20,141,"Kansas","Osborne County",2,61,57,31,26
050,20,141,"Kansas","Osborne County",2,62,59,31,28
050,20,141,"Kansas","Osborne County",2,63,64,35,29
050,20,141,"Kansas","Osborne County",2,64,58,33,25
050,20,141,"Kansas","Osborne County",2,65,57,33,24
050,20,141,"Kansas","Osborne County",2,66,51,31,20
050,20,141,"Kansas","Osborne County",2,67,53,30,23
050,20,141,"Kansas","Osborne County",2,68,48,25,23
050,20,141,"Kansas","Osborne County",2,69,42,19,23
050,20,141,"Kansas","Osborne County",2,70,36,18,18
050,20,141,"Kansas","Osborne County",2,71,42,24,18
050,20,141,"Kansas","Osborne County",2,72,44,22,22
050,20,141,"Kansas","Osborne County",2,73,40,19,21
050,20,141,"Kansas","Osborne County",2,74,24,12,12
050,20,141,"Kansas","Osborne County",2,75,26,15,11
050,20,141,"Kansas","Osborne County",2,76,35,17,18
050,20,141,"Kansas","Osborne County",2,77,45,17,28
050,20,141,"Kansas","Osborne County",2,78,31,11,20
050,20,141,"Kansas","Osborne County",2,79,31,14,17
050,20,141,"Kansas","Osborne County",2,80,24,11,13
050,20,141,"Kansas","Osborne County",2,81,20,10,10
050,20,141,"Kansas","Osborne County",2,82,28,12,16
050,20,141,"Kansas","Osborne County",2,83,25,11,14
050,20,141,"Kansas","Osborne County",2,84,23,10,13
050,20,141,"Kansas","Osborne County",2,85,150,50,100
050,20,141,"Kansas","Osborne County",3,0,40,19,21
050,20,141,"Kansas","Osborne County",3,1,48,28,20
050,20,141,"Kansas","Osborne County",3,2,44,23,21
050,20,141,"Kansas","Osborne County",3,3,39,17,22
050,20,141,"Kansas","Osborne County",3,4,36,18,18
050,20,141,"Kansas","Osborne County",3,5,48,27,21
050,20,141,"Kansas","Osborne County",3,6,42,22,20
050,20,141,"Kansas","Osborne County",3,7,44,28,16
050,20,141,"Kansas","Osborne County",3,8,47,32,15
050,20,141,"Kansas","Osborne County",3,9,39,25,14
050,20,141,"Kansas","Osborne County",3,10,48,22,26
050,20,141,"Kansas","Osborne County",3,11,43,22,21
050,20,141,"Kansas","Osborne County",3,12,42,18,24
050,20,141,"Kansas","Osborne County",3,13,44,19,25
050,20,141,"Kansas","Osborne County",3,14,46,22,24
050,20,141,"Kansas","Osborne County",3,15,47,22,25
050,20,141,"Kansas","Osborne County",3,16,38,22,16
050,20,141,"Kansas","Osborne County",3,17,37,20,17
050,20,141,"Kansas","Osborne County",3,18,40,21,19
050,20,141,"Kansas","Osborne County",3,19,24,15,9
050,20,141,"Kansas","Osborne County",3,20,23,14,9
050,20,141,"Kansas","Osborne County",3,21,32,17,15
050,20,141,"Kansas","Osborne County",3,22,27,17,10
050,20,141,"Kansas","Osborne County",3,23,34,16,18
050,20,141,"Kansas","Osborne County",3,24,24,8,16
050,20,141,"Kansas","Osborne County",3,25,35,17,18
050,20,141,"Kansas","Osborne County",3,26,31,21,10
050,20,141,"Kansas","Osborne County",3,27,37,22,15
050,20,141,"Kansas","Osborne County",3,28,44,19,25
050,20,141,"Kansas","Osborne County",3,29,39,18,21
050,20,141,"Kansas","Osborne County",3,30,39,19,20
050,20,141,"Kansas","Osborne County",3,31,42,23,19
050,20,141,"Kansas","Osborne County",3,32,36,18,18
050,20,141,"Kansas","Osborne County",3,33,32,17,15
050,20,141,"Kansas","Osborne County",3,34,34,16,18
050,20,141,"Kansas","Osborne County",3,35,40,23,17
050,20,141,"Kansas","Osborne County",3,36,38,23,15
050,20,141,"Kansas","Osborne County",3,37,35,17,18
050,20,141,"Kansas","Osborne County",3,38,43,25,18
050,20,141,"Kansas","Osborne County",3,39,37,19,18
050,20,141,"Kansas","Osborne County",3,40,36,22,14
050,20,141,"Kansas","Osborne County",3,41,36,19,17
050,20,141,"Kansas","Osborne County",3,42,36,16,20
050,20,141,"Kansas","Osborne County",3,43,36,15,21
050,20,141,"Kansas","Osborne County",3,44,37,18,19
050,20,141,"Kansas","Osborne County",3,45,39,23,16
050,20,141,"Kansas","Osborne County",3,46,32,18,14
050,20,141,"Kansas","Osborne County",3,47,25,16,9
050,20,141,"Kansas","Osborne County",3,48,24,14,10
050,20,141,"Kansas","Osborne County",3,49,25,12,13
050,20,141,"Kansas","Osborne County",3,50,29,15,14
050,20,141,"Kansas","Osborne County",3,51,27,12,15
050,20,141,"Kansas","Osborne County",3,52,38,19,19
050,20,141,"Kansas","Osborne County",3,53,40,20,20
050,20,141,"Kansas","Osborne County",3,54,37,21,16
050,20,141,"Kansas","Osborne County",3,55,43,24,19
050,20,141,"Kansas","Osborne County",3,56,50,26,24
050,20,141,"Kansas","Osborne County",3,57,53,30,23
050,20,141,"Kansas","Osborne County",3,58,50,22,28
050,20,141,"Kansas","Osborne County",3,59,64,27,37
050,20,141,"Kansas","Osborne County",3,60,57,24,33
050,20,141,"Kansas","Osborne County",3,61,56,27,29
050,20,141,"Kansas","Osborne County",3,62,56,30,26
050,20,141,"Kansas","Osborne County",3,63,61,33,28
050,20,141,"Kansas","Osborne County",3,64,62,33,29
050,20,141,"Kansas","Osborne County",3,65,55,31,24
050,20,141,"Kansas","Osborne County",3,66,59,34,25
050,20,141,"Kansas","Osborne County",3,67,52,30,22
050,20,141,"Kansas","Osborne County",3,68,54,31,23
050,20,141,"Kansas","Osborne County",3,69,48,23,25
050,20,141,"Kansas","Osborne County",3,70,41,20,21
050,20,141,"Kansas","Osborne County",3,71,38,19,19
050,20,141,"Kansas","Osborne County",3,72,42,24,18
050,20,141,"Kansas","Osborne County",3,73,44,23,21
050,20,141,"Kansas","Osborne County",3,74,40,18,22
050,20,141,"Kansas","Osborne County",3,75,24,11,13
050,20,141,"Kansas","Osborne County",3,76,24,13,11
050,20,141,"Kansas","Osborne County",3,77,36,17,19
050,20,141,"Kansas","Osborne County",3,78,41,16,25
050,20,141,"Kansas","Osborne County",3,79,33,12,21
050,20,141,"Kansas","Osborne County",3,80,28,12,16
050,20,141,"Kansas","Osborne County",3,81,24,11,13
050,20,141,"Kansas","Osborne County",3,82,24,12,12
050,20,141,"Kansas","Osborne County",3,83,21,9,12
050,20,141,"Kansas","Osborne County",3,84,24,12,12
050,20,141,"Kansas","Osborne County",3,85,146,49,97
050,20,141,"Kansas","Osborne County",4,0,36,15,21
050,20,141,"Kansas","Osborne County",4,1,37,16,21
050,20,141,"Kansas","Osborne County",4,2,52,32,20
050,20,141,"Kansas","Osborne County",4,3,45,24,21
050,20,141,"Kansas","Osborne County",4,4,40,16,24
050,20,141,"Kansas","Osborne County",4,5,44,20,24
050,20,141,"Kansas","Osborne County",4,6,50,28,22
050,20,141,"Kansas","Osborne County",4,7,46,26,20
050,20,141,"Kansas","Osborne County",4,8,48,25,23
050,20,141,"Kansas","Osborne County",4,9,47,33,14
050,20,141,"Kansas","Osborne County",4,10,38,26,12
050,20,141,"Kansas","Osborne County",4,11,49,22,27
050,20,141,"Kansas","Osborne County",4,12,48,26,22
050,20,141,"Kansas","Osborne County",4,13,47,18,29
050,20,141,"Kansas","Osborne County",4,14,46,20,26
050,20,141,"Kansas","Osborne County",4,15,47,22,25
050,20,141,"Kansas","Osborne County",4,16,49,25,24
050,20,141,"Kansas","Osborne County",4,17,36,20,16
050,20,141,"Kansas","Osborne County",4,18,32,19,13
050,20,141,"Kansas","Osborne County",4,19,27,15,12
050,20,141,"Kansas","Osborne County",4,20,23,13,10
050,20,141,"Kansas","Osborne County",4,21,23,13,10
050,20,141,"Kansas","Osborne County",4,22,29,13,16
050,20,141,"Kansas","Osborne County",4,23,27,17,10
050,20,141,"Kansas","Osborne County",4,24,33,17,16
050,20,141,"Kansas","Osborne County",4,25,18,6,12
050,20,141,"Kansas","Osborne County",4,26,36,18,18
050,20,141,"Kansas","Osborne County",4,27,32,22,10
050,20,141,"Kansas","Osborne County",4,28,32,18,14
050,20,141,"Kansas","Osborne County",4,29,38,15,23
050,20,141,"Kansas","Osborne County",4,30,38,16,22
050,20,141,"Kansas","Osborne County",4,31,43,22,21
050,20,141,"Kansas","Osborne County",4,32,41,22,19
050,20,141,"Kansas","Osborne County",4,33,38,18,20
050,20,141,"Kansas","Osborne County",4,34,35,19,16
050,20,141,"Kansas","Osborne County",4,35,40,17,23
050,20,141,"Kansas","Osborne County",4,36,39,21,18
050,20,141,"Kansas","Osborne County",4,37,35,21,14
050,20,141,"Kansas","Osborne County",4,38,37,20,17
050,20,141,"Kansas","Osborne County",4,39,42,24,18
050,20,141,"Kansas","Osborne County",4,40,43,25,18
050,20,141,"Kansas","Osborne County",4,41,37,24,13
050,20,141,"Kansas","Osborne County",4,42,37,19,18
050,20,141,"Kansas","Osborne County",4,43,36,16,20
050,20,141,"Kansas","Osborne County",4,44,34,14,20
050,20,141,"Kansas","Osborne County",4,45,36,18,18
050,20,141,"Kansas","Osborne County",4,46,38,22,16
050,20,141,"Kansas","Osborne County",4,47,33,19,14
050,20,141,"Kansas","Osborne County",4,48,23,14,9
050,20,141,"Kansas","Osborne County",4,49,26,13,13
050,20,141,"Kansas","Osborne County",4,50,34,16,18
050,20,141,"Kansas","Osborne County",4,51,27,14,13
050,20,141,"Kansas","Osborne County",4,52,30,14,16
050,20,141,"Kansas","Osborne County",4,53,40,20,20
050,20,141,"Kansas","Osborne County",4,54,37,19,18
050,20,141,"Kansas","Osborne County",4,55,39,22,17
050,20,141,"Kansas","Osborne County",4,56,41,21,20
050,20,141,"Kansas","Osborne County",4,57,49,26,23
050,20,141,"Kansas","Osborne County",4,58,55,31,24
050,20,141,"Kansas","Osborne County",4,59,51,22,29
050,20,141,"Kansas","Osborne County",4,60,62,27,35
050,20,141,"Kansas","Osborne County",4,61,58,24,34
050,20,141,"Kansas","Osborne County",4,62,52,26,26
050,20,141,"Kansas","Osborne County",4,63,55,31,24
050,20,141,"Kansas","Osborne County",4,64,59,31,28
050,20,141,"Kansas","Osborne County",4,65,59,30,29
050,20,141,"Kansas","Osborne County",4,66,54,33,21
050,20,141,"Kansas","Osborne County",4,67,56,31,25
050,20,141,"Kansas","Osborne County",4,68,50,30,20
050,20,141,"Kansas","Osborne County",4,69,53,29,24
050,20,141,"Kansas","Osborne County",4,70,46,23,23
050,20,141,"Kansas","Osborne County",4,71,45,22,23
050,20,141,"Kansas","Osborne County",4,72,37,18,19
050,20,141,"Kansas","Osborne County",4,73,41,24,17
050,20,141,"Kansas","Osborne County",4,74,45,22,23
050,20,141,"Kansas","Osborne County",4,75,37,20,17
050,20,141,"Kansas","Osborne County",4,76,24,10,14
050,20,141,"Kansas","Osborne County",4,77,25,13,12
050,20,141,"Kansas","Osborne County",4,78,32,16,16
050,20,141,"Kansas","Osborne County",4,79,43,17,26
050,20,141,"Kansas","Osborne County",4,80,28,10,18
050,20,141,"Kansas","Osborne County",4,81,25,10,15
050,20,141,"Kansas","Osborne County",4,82,29,14,15
050,20,141,"Kansas","Osborne County",4,83,20,10,10
050,20,141,"Kansas","Osborne County",4,84,22,11,11
050,20,141,"Kansas","Osborne County",4,85,135,48,87
050,20,141,"Kansas","Osborne County",5,0,36,15,21
050,20,141,"Kansas","Osborne County",5,1,37,16,21
050,20,141,"Kansas","Osborne County",5,2,33,14,19
050,20,141,"Kansas","Osborne County",5,3,51,32,19
050,20,141,"Kansas","Osborne County",5,4,46,22,24
050,20,141,"Kansas","Osborne County",5,5,47,19,28
050,20,141,"Kansas","Osborne County",5,6,40,17,23
050,20,141,"Kansas","Osborne County",5,7,53,28,25
050,20,141,"Kansas","Osborne County",5,8,46,26,20
050,20,141,"Kansas","Osborne County",5,9,50,29,21
050,20,141,"Kansas","Osborne County",5,10,48,31,17
050,20,141,"Kansas","Osborne County",5,11,39,27,12
050,20,141,"Kansas","Osborne County",5,12,51,24,27
050,20,141,"Kansas","Osborne County",5,13,46,25,21
050,20,141,"Kansas","Osborne County",5,14,44,18,26
050,20,141,"Kansas","Osborne County",5,15,44,18,26
050,20,141,"Kansas","Osborne County",5,16,47,22,25
050,20,141,"Kansas","Osborne County",5,17,50,25,25
050,20,141,"Kansas","Osborne County",5,18,32,19,13
050,20,141,"Kansas","Osborne County",5,19,22,12,10
050,20,141,"Kansas","Osborne County",5,20,28,16,12
050,20,141,"Kansas","Osborne County",5,21,26,14,12
050,20,141,"Kansas","Osborne County",5,22,23,12,11
050,20,141,"Kansas","Osborne County",5,23,28,14,14
050,20,141,"Kansas","Osborne County",5,24,25,15,10
050,20,141,"Kansas","Osborne County",5,25,24,16,8
050,20,141,"Kansas","Osborne County",5,26,19,7,12
050,20,141,"Kansas","Osborne County",5,27,37,18,19
050,20,141,"Kansas","Osborne County",5,28,35,21,14
050,20,141,"Kansas","Osborne County",5,29,35,19,16
050,20,141,"Kansas","Osborne County",5,30,37,12,25
050,20,141,"Kansas","Osborne County",5,31,42,19,23
050,20,141,"Kansas","Osborne County",5,32,38,19,19
050,20,141,"Kansas","Osborne County",5,33,39,20,19
050,20,141,"Kansas","Osborne County",5,34,39,19,20
050,20,141,"Kansas","Osborne County",5,35,33,15,18
050,20,141,"Kansas","Osborne County",5,36,38,15,23
050,20,141,"Kansas","Osborne County",5,37,39,20,19
050,20,141,"Kansas","Osborne County",5,38,36,22,14
050,20,141,"Kansas","Osborne County",5,39,35,19,16
050,20,141,"Kansas","Osborne County",5,40,39,22,17
050,20,141,"Kansas","Osborne County",5,41,41,23,18
050,20,141,"Kansas","Osborne County",5,42,36,23,13
050,20,141,"Kansas","Osborne County",5,43,37,19,18
050,20,141,"Kansas","Osborne County",5,44,34,15,19
050,20,141,"Kansas","Osborne County",5,45,36,15,21
050,20,141,"Kansas","Osborne County",5,46,37,18,19
050,20,141,"Kansas","Osborne County",5,47,37,23,14
050,20,141,"Kansas","Osborne County",5,48,33,19,14
050,20,141,"Kansas","Osborne County",5,49,22,13,9
050,20,141,"Kansas","Osborne County",5,50,28,15,13
050,20,141,"Kansas","Osborne County",5,51,31,14,17
050,20,141,"Kansas","Osborne County",5,52,27,15,12
050,20,141,"Kansas","Osborne County",5,53,31,15,16
050,20,141,"Kansas","Osborne County",5,54,38,18,20
050,20,141,"Kansas","Osborne County",5,55,36,18,18
050,20,141,"Kansas","Osborne County",5,56,38,20,18
050,20,141,"Kansas","Osborne County",5,57,40,21,19
050,20,141,"Kansas","Osborne County",5,58,52,29,23
050,20,141,"Kansas","Osborne County",5,59,55,30,25
050,20,141,"Kansas","Osborne County",5,60,49,22,27
050,20,141,"Kansas","Osborne County",5,61,61,25,36
050,20,141,"Kansas","Osborne County",5,62,53,22,31
050,20,141,"Kansas","Osborne County",5,63,49,26,23
050,20,141,"Kansas","Osborne County",5,64,53,29,24
050,20,141,"Kansas","Osborne County",5,65,57,29,28
050,20,141,"Kansas","Osborne County",5,66,56,31,25
050,20,141,"Kansas","Osborne County",5,67,50,30,20
050,20,141,"Kansas","Osborne County",5,68,56,33,23
050,20,141,"Kansas","Osborne County",5,69,52,29,23
050,20,141,"Kansas","Osborne County",5,70,50,29,21
050,20,141,"Kansas","Osborne County",5,71,48,23,25
050,20,141,"Kansas","Osborne County",5,72,44,21,23
050,20,141,"Kansas","Osborne County",5,73,35,18,17
050,20,141,"Kansas","Osborne County",5,74,40,23,17
050,20,141,"Kansas","Osborne County",5,75,45,23,22
050,20,141,"Kansas","Osborne County",5,76,36,18,18
050,20,141,"Kansas","Osborne County",5,77,25,10,15
050,20,141,"Kansas","Osborne County",5,78,22,12,10
050,20,141,"Kansas","Osborne County",5,79,32,15,17
050,20,141,"Kansas","Osborne County",5,80,37,14,23
050,20,141,"Kansas","Osborne County",5,81,25,8,17
050,20,141,"Kansas","Osborne County",5,82,28,12,16
050,20,141,"Kansas","Osborne County",5,83,26,12,14
050,20,141,"Kansas","Osborne County",5,84,20,10,10
050,20,141,"Kansas","Osborne County",5,85,132,49,83
050,20,143,"Kansas","Ottawa County",1,0,60,32,28
050,20,143,"Kansas","Ottawa County",1,1,61,35,26
050,20,143,"Kansas","Ottawa County",1,2,55,32,23
050,20,143,"Kansas","Ottawa County",1,3,55,33,22
050,20,143,"Kansas","Ottawa County",1,4,60,29,31
050,20,143,"Kansas","Ottawa County",1,5,67,30,37
050,20,143,"Kansas","Ottawa County",1,6,62,32,30
050,20,143,"Kansas","Ottawa County",1,7,61,34,27
050,20,143,"Kansas","Ottawa County",1,8,68,37,31
050,20,143,"Kansas","Ottawa County",1,9,77,39,38
050,20,143,"Kansas","Ottawa County",1,10,84,44,40
050,20,143,"Kansas","Ottawa County",1,11,85,47,38
050,20,143,"Kansas","Ottawa County",1,12,89,43,46
050,20,143,"Kansas","Ottawa County",1,13,95,47,48
050,20,143,"Kansas","Ottawa County",1,14,80,46,34
050,20,143,"Kansas","Ottawa County",1,15,73,45,28
050,20,143,"Kansas","Ottawa County",1,16,92,55,37
050,20,143,"Kansas","Ottawa County",1,17,89,47,42
050,20,143,"Kansas","Ottawa County",1,18,69,42,27
050,20,143,"Kansas","Ottawa County",1,19,57,34,23
050,20,143,"Kansas","Ottawa County",1,20,63,39,24
050,20,143,"Kansas","Ottawa County",1,21,57,33,24
050,20,143,"Kansas","Ottawa County",1,22,64,41,23
050,20,143,"Kansas","Ottawa County",1,23,67,40,27
050,20,143,"Kansas","Ottawa County",1,24,65,35,30
050,20,143,"Kansas","Ottawa County",1,25,56,31,25
050,20,143,"Kansas","Ottawa County",1,26,62,39,23
050,20,143,"Kansas","Ottawa County",1,27,53,32,21
050,20,143,"Kansas","Ottawa County",1,28,53,26,27
050,20,143,"Kansas","Ottawa County",1,29,49,27,22
050,20,143,"Kansas","Ottawa County",1,30,42,18,24
050,20,143,"Kansas","Ottawa County",1,31,49,26,23
050,20,143,"Kansas","Ottawa County",1,32,46,20,26
050,20,143,"Kansas","Ottawa County",1,33,64,33,31
050,20,143,"Kansas","Ottawa County",1,34,62,36,26
050,20,143,"Kansas","Ottawa County",1,35,63,33,30
050,20,143,"Kansas","Ottawa County",1,36,70,38,32
050,20,143,"Kansas","Ottawa County",1,37,62,33,29
050,20,143,"Kansas","Ottawa County",1,38,62,38,24
050,20,143,"Kansas","Ottawa County",1,39,64,33,31
050,20,143,"Kansas","Ottawa County",1,40,74,39,35
050,20,143,"Kansas","Ottawa County",1,41,65,35,30
050,20,143,"Kansas","Ottawa County",1,42,75,40,35
050,20,143,"Kansas","Ottawa County",1,43,78,41,37
050,20,143,"Kansas","Ottawa County",1,44,69,36,33
050,20,143,"Kansas","Ottawa County",1,45,75,40,35
050,20,143,"Kansas","Ottawa County",1,46,63,32,31
050,20,143,"Kansas","Ottawa County",1,47,64,31,33
050,20,143,"Kansas","Ottawa County",1,48,77,38,39
050,20,143,"Kansas","Ottawa County",1,49,88,47,41
050,20,143,"Kansas","Ottawa County",1,50,69,42,27
050,20,143,"Kansas","Ottawa County",1,51,54,25,29
050,20,143,"Kansas","Ottawa County",1,52,55,29,26
050,20,143,"Kansas","Ottawa County",1,53,64,34,30
050,20,143,"Kansas","Ottawa County",1,54,76,34,42
050,20,143,"Kansas","Ottawa County",1,55,81,39,42
050,20,143,"Kansas","Ottawa County",1,56,92,41,51
050,20,143,"Kansas","Ottawa County",1,57,101,54,47
050,20,143,"Kansas","Ottawa County",1,58,106,56,50
050,20,143,"Kansas","Ottawa County",1,59,91,46,45
050,20,143,"Kansas","Ottawa County",1,60,85,46,39
050,20,143,"Kansas","Ottawa County",1,61,82,40,42
050,20,143,"Kansas","Ottawa County",1,62,92,39,53
050,20,143,"Kansas","Ottawa County",1,63,90,47,43
050,20,143,"Kansas","Ottawa County",1,64,78,45,33
050,20,143,"Kansas","Ottawa County",1,65,77,44,33
050,20,143,"Kansas","Ottawa County",1,66,86,37,49
050,20,143,"Kansas","Ottawa County",1,67,82,43,39
050,20,143,"Kansas","Ottawa County",1,68,74,34,40
050,20,143,"Kansas","Ottawa County",1,69,72,36,36
050,20,143,"Kansas","Ottawa County",1,70,67,34,33
050,20,143,"Kansas","Ottawa County",1,71,63,34,29
050,20,143,"Kansas","Ottawa County",1,72,67,36,31
050,20,143,"Kansas","Ottawa County",1,73,52,28,24
050,20,143,"Kansas","Ottawa County",1,74,34,14,20
050,20,143,"Kansas","Ottawa County",1,75,42,21,21
050,20,143,"Kansas","Ottawa County",1,76,45,21,24
050,20,143,"Kansas","Ottawa County",1,77,52,23,29
050,20,143,"Kansas","Ottawa County",1,78,42,16,26
050,20,143,"Kansas","Ottawa County",1,79,41,17,24
050,20,143,"Kansas","Ottawa County",1,80,37,18,19
050,20,143,"Kansas","Ottawa County",1,81,35,19,16
050,20,143,"Kansas","Ottawa County",1,82,25,13,12
050,20,143,"Kansas","Ottawa County",1,83,24,9,15
050,20,143,"Kansas","Ottawa County",1,84,35,19,16
050,20,143,"Kansas","Ottawa County",1,85,121,49,72
050,20,143,"Kansas","Ottawa County",2,0,57,28,29
050,20,143,"Kansas","Ottawa County",2,1,60,34,26
050,20,143,"Kansas","Ottawa County",2,2,57,33,24
050,20,143,"Kansas","Ottawa County",2,3,55,33,22
050,20,143,"Kansas","Ottawa County",2,4,59,30,29
050,20,143,"Kansas","Ottawa County",2,5,65,29,36
050,20,143,"Kansas","Ottawa County",2,6,64,32,32
050,20,143,"Kansas","Ottawa County",2,7,63,34,29
050,20,143,"Kansas","Ottawa County",2,8,68,37,31
050,20,143,"Kansas","Ottawa County",2,9,74,38,36
050,20,143,"Kansas","Ottawa County",2,10,83,43,40
050,20,143,"Kansas","Ottawa County",2,11,85,47,38
050,20,143,"Kansas","Ottawa County",2,12,90,44,46
050,20,143,"Kansas","Ottawa County",2,13,95,46,49
050,20,143,"Kansas","Ottawa County",2,14,84,47,37
050,20,143,"Kansas","Ottawa County",2,15,76,46,30
050,20,143,"Kansas","Ottawa County",2,16,88,53,35
050,20,143,"Kansas","Ottawa County",2,17,90,49,41
050,20,143,"Kansas","Ottawa County",2,18,71,41,30
050,20,143,"Kansas","Ottawa County",2,19,55,33,22
050,20,143,"Kansas","Ottawa County",2,20,62,39,23
050,20,143,"Kansas","Ottawa County",2,21,59,35,24
050,20,143,"Kansas","Ottawa County",2,22,63,40,23
050,20,143,"Kansas","Ottawa County",2,23,66,41,25
050,20,143,"Kansas","Ottawa County",2,24,67,37,30
050,20,143,"Kansas","Ottawa County",2,25,60,33,27
050,20,143,"Kansas","Ottawa County",2,26,60,37,23
050,20,143,"Kansas","Ottawa County",2,27,56,34,22
050,20,143,"Kansas","Ottawa County",2,28,52,27,25
050,20,143,"Kansas","Ottawa County",2,29,52,28,24
050,20,143,"Kansas","Ottawa County",2,30,42,19,23
050,20,143,"Kansas","Ottawa County",2,31,48,24,24
050,20,143,"Kansas","Ottawa County",2,32,48,22,26
050,20,143,"Kansas","Ottawa County",2,33,61,31,30
050,20,143,"Kansas","Ottawa County",2,34,61,34,27
050,20,143,"Kansas","Ottawa County",2,35,62,33,29
050,20,143,"Kansas","Ottawa County",2,36,67,36,31
050,20,143,"Kansas","Ottawa County",2,37,63,34,29
050,20,143,"Kansas","Ottawa County",2,38,62,37,25
050,20,143,"Kansas","Ottawa County",2,39,62,34,28
050,20,143,"Kansas","Ottawa County",2,40,73,39,34
050,20,143,"Kansas","Ottawa County",2,41,67,36,31
050,20,143,"Kansas","Ottawa County",2,42,71,39,32
050,20,143,"Kansas","Ottawa County",2,43,80,42,38
050,20,143,"Kansas","Ottawa County",2,44,69,36,33
050,20,143,"Kansas","Ottawa County",2,45,72,38,34
050,20,143,"Kansas","Ottawa County",2,46,66,34,32
050,20,143,"Kansas","Ottawa County",2,47,65,32,33
050,20,143,"Kansas","Ottawa County",2,48,73,36,37
050,20,143,"Kansas","Ottawa County",2,49,86,46,40
050,20,143,"Kansas","Ottawa County",2,50,73,42,31
050,20,143,"Kansas","Ottawa County",2,51,57,29,28
050,20,143,"Kansas","Ottawa County",2,52,56,29,27
050,20,143,"Kansas","Ottawa County",2,53,63,33,30
050,20,143,"Kansas","Ottawa County",2,54,73,34,39
050,20,143,"Kansas","Ottawa County",2,55,80,38,42
050,20,143,"Kansas","Ottawa County",2,56,88,40,48
050,20,143,"Kansas","Ottawa County",2,57,99,51,48
050,20,143,"Kansas","Ottawa County",2,58,105,56,49
050,20,143,"Kansas","Ottawa County",2,59,96,50,46
050,20,143,"Kansas","Ottawa County",2,60,87,46,41
050,20,143,"Kansas","Ottawa County",2,61,84,42,42
050,20,143,"Kansas","Ottawa County",2,62,89,38,51
050,20,143,"Kansas","Ottawa County",2,63,90,45,45
050,20,143,"Kansas","Ottawa County",2,64,80,45,35
050,20,143,"Kansas","Ottawa County",2,65,76,43,33
050,20,143,"Kansas","Ottawa County",2,66,84,39,45
050,20,143,"Kansas","Ottawa County",2,67,83,42,41
050,20,143,"Kansas","Ottawa County",2,68,75,35,40
050,20,143,"Kansas","Ottawa County",2,69,73,36,37
050,20,143,"Kansas","Ottawa County",2,70,67,34,33
050,20,143,"Kansas","Ottawa County",2,71,62,33,29
050,20,143,"Kansas","Ottawa County",2,72,66,35,31
050,20,143,"Kansas","Ottawa County",2,73,57,31,26
050,20,143,"Kansas","Ottawa County",2,74,35,16,19
050,20,143,"Kansas","Ottawa County",2,75,41,20,21
050,20,143,"Kansas","Ottawa County",2,76,43,20,23
050,20,143,"Kansas","Ottawa County",2,77,50,23,27
050,20,143,"Kansas","Ottawa County",2,78,44,17,27
050,20,143,"Kansas","Ottawa County",2,79,41,17,24
050,20,143,"Kansas","Ottawa County",2,80,37,17,20
050,20,143,"Kansas","Ottawa County",2,81,35,19,16
050,20,143,"Kansas","Ottawa County",2,82,27,13,14
050,20,143,"Kansas","Ottawa County",2,83,24,10,14
050,20,143,"Kansas","Ottawa County",2,84,33,17,16
050,20,143,"Kansas","Ottawa County",2,85,122,51,71
050,20,143,"Kansas","Ottawa County",3,0,50,23,27
050,20,143,"Kansas","Ottawa County",3,1,67,37,30
050,20,143,"Kansas","Ottawa County",3,2,67,40,27
050,20,143,"Kansas","Ottawa County",3,3,61,37,24
050,20,143,"Kansas","Ottawa County",3,4,55,33,22
050,20,143,"Kansas","Ottawa County",3,5,63,33,30
050,20,143,"Kansas","Ottawa County",3,6,73,34,39
050,20,143,"Kansas","Ottawa County",3,7,68,37,31
050,20,143,"Kansas","Ottawa County",3,8,68,36,32
050,20,143,"Kansas","Ottawa County",3,9,73,43,30
050,20,143,"Kansas","Ottawa County",3,10,89,48,41
050,20,143,"Kansas","Ottawa County",3,11,89,46,43
050,20,143,"Kansas","Ottawa County",3,12,87,49,38
050,20,143,"Kansas","Ottawa County",3,13,88,44,44
050,20,143,"Kansas","Ottawa County",3,14,89,44,45
050,20,143,"Kansas","Ottawa County",3,15,80,44,36
050,20,143,"Kansas","Ottawa County",3,16,77,46,31
050,20,143,"Kansas","Ottawa County",3,17,81,49,32
050,20,143,"Kansas","Ottawa County",3,18,81,45,36
050,20,143,"Kansas","Ottawa County",3,19,55,32,23
050,20,143,"Kansas","Ottawa County",3,20,53,29,24
050,20,143,"Kansas","Ottawa County",3,21,69,37,32
050,20,143,"Kansas","Ottawa County",3,22,65,39,26
050,20,143,"Kansas","Ottawa County",3,23,69,45,24
050,20,143,"Kansas","Ottawa County",3,24,64,40,24
050,20,143,"Kansas","Ottawa County",3,25,79,43,36
050,20,143,"Kansas","Ottawa County",3,26,57,29,28
050,20,143,"Kansas","Ottawa County",3,27,72,44,28
050,20,143,"Kansas","Ottawa County",3,28,61,34,27
050,20,143,"Kansas","Ottawa County",3,29,64,34,30
050,20,143,"Kansas","Ottawa County",3,30,59,30,29
050,20,143,"Kansas","Ottawa County",3,31,45,20,25
050,20,143,"Kansas","Ottawa County",3,32,55,30,25
050,20,143,"Kansas","Ottawa County",3,33,50,23,27
050,20,143,"Kansas","Ottawa County",3,34,62,31,31
050,20,143,"Kansas","Ottawa County",3,35,63,34,29
050,20,143,"Kansas","Ottawa County",3,36,61,32,29
050,20,143,"Kansas","Ottawa County",3,37,67,36,31
050,20,143,"Kansas","Ottawa County",3,38,64,35,29
050,20,143,"Kansas","Ottawa County",3,39,65,40,25
050,20,143,"Kansas","Ottawa County",3,40,71,43,28
050,20,143,"Kansas","Ottawa County",3,41,73,38,35
050,20,143,"Kansas","Ottawa County",3,42,65,37,28
050,20,143,"Kansas","Ottawa County",3,43,69,38,31
050,20,143,"Kansas","Ottawa County",3,44,86,44,42
050,20,143,"Kansas","Ottawa County",3,45,67,34,33
050,20,143,"Kansas","Ottawa County",3,46,69,37,32
050,20,143,"Kansas","Ottawa County",3,47,67,35,32
050,20,143,"Kansas","Ottawa County",3,48,63,30,33
050,20,143,"Kansas","Ottawa County",3,49,73,36,37
050,20,143,"Kansas","Ottawa County",3,50,81,46,35
050,20,143,"Kansas","Ottawa County",3,51,73,41,32
050,20,143,"Kansas","Ottawa County",3,52,54,27,27
050,20,143,"Kansas","Ottawa County",3,53,55,29,26
050,20,143,"Kansas","Ottawa County",3,54,61,31,30
050,20,143,"Kansas","Ottawa County",3,55,75,35,40
050,20,143,"Kansas","Ottawa County",3,56,80,37,43
050,20,143,"Kansas","Ottawa County",3,57,84,38,46
050,20,143,"Kansas","Ottawa County",3,58,100,49,51
050,20,143,"Kansas","Ottawa County",3,59,101,53,48
050,20,143,"Kansas","Ottawa County",3,60,97,49,48
050,20,143,"Kansas","Ottawa County",3,61,87,48,39
050,20,143,"Kansas","Ottawa County",3,62,89,47,42
050,20,143,"Kansas","Ottawa County",3,63,91,37,54
050,20,143,"Kansas","Ottawa County",3,64,91,46,45
050,20,143,"Kansas","Ottawa County",3,65,77,43,34
050,20,143,"Kansas","Ottawa County",3,66,74,41,33
050,20,143,"Kansas","Ottawa County",3,67,87,40,47
050,20,143,"Kansas","Ottawa County",3,68,84,43,41
050,20,143,"Kansas","Ottawa County",3,69,76,36,40
050,20,143,"Kansas","Ottawa County",3,70,74,35,39
050,20,143,"Kansas","Ottawa County",3,71,67,34,33
050,20,143,"Kansas","Ottawa County",3,72,64,31,33
050,20,143,"Kansas","Ottawa County",3,73,63,34,29
050,20,143,"Kansas","Ottawa County",3,74,56,30,26
050,20,143,"Kansas","Ottawa County",3,75,36,18,18
050,20,143,"Kansas","Ottawa County",3,76,42,18,24
050,20,143,"Kansas","Ottawa County",3,77,39,19,20
050,20,143,"Kansas","Ottawa County",3,78,50,22,28
050,20,143,"Kansas","Ottawa County",3,79,42,17,25
050,20,143,"Kansas","Ottawa County",3,80,35,15,20
050,20,143,"Kansas","Ottawa County",3,81,36,16,20
050,20,143,"Kansas","Ottawa County",3,82,29,14,15
050,20,143,"Kansas","Ottawa County",3,83,24,12,12
050,20,143,"Kansas","Ottawa County",3,84,26,13,13
050,20,143,"Kansas","Ottawa County",3,85,122,52,70
050,20,143,"Kansas","Ottawa County",4,0,62,29,33
050,20,143,"Kansas","Ottawa County",4,1,55,27,28
050,20,143,"Kansas","Ottawa County",4,2,61,34,27
050,20,143,"Kansas","Ottawa County",4,3,63,38,25
050,20,143,"Kansas","Ottawa County",4,4,64,38,26
050,20,143,"Kansas","Ottawa County",4,5,52,32,20
050,20,143,"Kansas","Ottawa County",4,6,70,35,35
050,20,143,"Kansas","Ottawa County",4,7,69,34,35
050,20,143,"Kansas","Ottawa County",4,8,75,43,32
050,20,143,"Kansas","Ottawa County",4,9,69,38,31
050,20,143,"Kansas","Ottawa County",4,10,79,44,35
050,20,143,"Kansas","Ottawa County",4,11,91,49,42
050,20,143,"Kansas","Ottawa County",4,12,93,49,44
050,20,143,"Kansas","Ottawa County",4,13,92,49,43
050,20,143,"Kansas","Ottawa County",4,14,94,46,48
050,20,143,"Kansas","Ottawa County",4,15,91,48,43
050,20,143,"Kansas","Ottawa County",4,16,81,46,35
050,20,143,"Kansas","Ottawa County",4,17,81,52,29
050,20,143,"Kansas","Ottawa County",4,18,74,44,30
050,20,143,"Kansas","Ottawa County",4,19,61,35,26
050,20,143,"Kansas","Ottawa County",4,20,53,31,22
050,20,143,"Kansas","Ottawa County",4,21,52,28,24
050,20,143,"Kansas","Ottawa County",4,22,69,41,28
050,20,143,"Kansas","Ottawa County",4,23,68,40,28
050,20,143,"Kansas","Ottawa County",4,24,62,41,21
050,20,143,"Kansas","Ottawa County",4,25,53,28,25
050,20,143,"Kansas","Ottawa County",4,26,66,34,32
050,20,143,"Kansas","Ottawa County",4,27,65,33,32
050,20,143,"Kansas","Ottawa County",4,28,72,39,33
050,20,143,"Kansas","Ottawa County",4,29,72,40,32
050,20,143,"Kansas","Ottawa County",4,30,56,29,27
050,20,143,"Kansas","Ottawa County",4,31,62,31,31
050,20,143,"Kansas","Ottawa County",4,32,44,19,25
050,20,143,"Kansas","Ottawa County",4,33,54,29,25
050,20,143,"Kansas","Ottawa County",4,34,50,22,28
050,20,143,"Kansas","Ottawa County",4,35,58,29,29
050,20,143,"Kansas","Ottawa County",4,36,58,29,29
050,20,143,"Kansas","Ottawa County",4,37,68,37,31
050,20,143,"Kansas","Ottawa County",4,38,65,36,29
050,20,143,"Kansas","Ottawa County",4,39,65,35,30
050,20,143,"Kansas","Ottawa County",4,40,69,42,27
050,20,143,"Kansas","Ottawa County",4,41,72,42,30
050,20,143,"Kansas","Ottawa County",4,42,75,38,37
050,20,143,"Kansas","Ottawa County",4,43,70,39,31
050,20,143,"Kansas","Ottawa County",4,44,73,42,31
050,20,143,"Kansas","Ottawa County",4,45,87,45,42
050,20,143,"Kansas","Ottawa County",4,46,66,35,31
050,20,143,"Kansas","Ottawa County",4,47,72,39,33
050,20,143,"Kansas","Ottawa County",4,48,64,32,32
050,20,143,"Kansas","Ottawa County",4,49,71,34,37
050,20,143,"Kansas","Ottawa County",4,50,73,38,35
050,20,143,"Kansas","Ottawa County",4,51,77,43,34
050,20,143,"Kansas","Ottawa County",4,52,69,41,28
050,20,143,"Kansas","Ottawa County",4,53,53,27,26
050,20,143,"Kansas","Ottawa County",4,54,52,28,24
050,20,143,"Kansas","Ottawa County",4,55,60,31,29
050,20,143,"Kansas","Ottawa County",4,56,74,36,38
050,20,143,"Kansas","Ottawa County",4,57,76,35,41
050,20,143,"Kansas","Ottawa County",4,58,81,37,44
050,20,143,"Kansas","Ottawa County",4,59,97,48,49
050,20,143,"Kansas","Ottawa County",4,60,97,52,45
050,20,143,"Kansas","Ottawa County",4,61,97,49,48
050,20,143,"Kansas","Ottawa County",4,62,84,46,38
050,20,143,"Kansas","Ottawa County",4,63,87,46,41
050,20,143,"Kansas","Ottawa County",4,64,93,38,55
050,20,143,"Kansas","Ottawa County",4,65,86,43,43
050,20,143,"Kansas","Ottawa County",4,66,74,42,32
050,20,143,"Kansas","Ottawa County",4,67,77,41,36
050,20,143,"Kansas","Ottawa County",4,68,79,35,44
050,20,143,"Kansas","Ottawa County",4,69,82,42,40
050,20,143,"Kansas","Ottawa County",4,70,74,33,41
050,20,143,"Kansas","Ottawa County",4,71,71,33,38
050,20,143,"Kansas","Ottawa County",4,72,66,31,35
050,20,143,"Kansas","Ottawa County",4,73,57,30,27
050,20,143,"Kansas","Ottawa County",4,74,59,32,27
050,20,143,"Kansas","Ottawa County",4,75,59,33,26
050,20,143,"Kansas","Ottawa County",4,76,35,17,18
050,20,143,"Kansas","Ottawa County",4,77,38,16,22
050,20,143,"Kansas","Ottawa County",4,78,35,18,17
050,20,143,"Kansas","Ottawa County",4,79,53,23,30
050,20,143,"Kansas","Ottawa County",4,80,41,17,24
050,20,143,"Kansas","Ottawa County",4,81,34,14,20
050,20,143,"Kansas","Ottawa County",4,82,29,10,19
050,20,143,"Kansas","Ottawa County",4,83,25,11,14
050,20,143,"Kansas","Ottawa County",4,84,29,15,14
050,20,143,"Kansas","Ottawa County",4,85,125,50,75
050,20,143,"Kansas","Ottawa County",5,0,65,30,35
050,20,143,"Kansas","Ottawa County",5,1,74,33,41
050,20,143,"Kansas","Ottawa County",5,2,53,23,30
050,20,143,"Kansas","Ottawa County",5,3,68,37,31
050,20,143,"Kansas","Ottawa County",5,4,68,42,26
050,20,143,"Kansas","Ottawa County",5,5,63,37,26
050,20,143,"Kansas","Ottawa County",5,6,56,33,23
050,20,143,"Kansas","Ottawa County",5,7,74,39,35
050,20,143,"Kansas","Ottawa County",5,8,70,35,35
050,20,143,"Kansas","Ottawa County",5,9,76,43,33
050,20,143,"Kansas","Ottawa County",5,10,70,38,32
050,20,143,"Kansas","Ottawa County",5,11,79,42,37
050,20,143,"Kansas","Ottawa County",5,12,94,50,44
050,20,143,"Kansas","Ottawa County",5,13,102,55,47
050,20,143,"Kansas","Ottawa County",5,14,94,51,43
050,20,143,"Kansas","Ottawa County",5,15,88,44,44
050,20,143,"Kansas","Ottawa County",5,16,88,47,41
050,20,143,"Kansas","Ottawa County",5,17,85,48,37
050,20,143,"Kansas","Ottawa County",5,18,70,42,28
050,20,143,"Kansas","Ottawa County",5,19,59,37,22
050,20,143,"Kansas","Ottawa County",5,20,58,30,28
050,20,143,"Kansas","Ottawa County",5,21,48,29,19
050,20,143,"Kansas","Ottawa County",5,22,56,29,27
050,20,143,"Kansas","Ottawa County",5,23,71,41,30
050,20,143,"Kansas","Ottawa County",5,24,69,43,26
050,20,143,"Kansas","Ottawa County",5,25,53,39,14
050,20,143,"Kansas","Ottawa County",5,26,50,23,27
050,20,143,"Kansas","Ottawa County",5,27,62,32,30
050,20,143,"Kansas","Ottawa County",5,28,60,29,31
050,20,143,"Kansas","Ottawa County",5,29,72,43,29
050,20,143,"Kansas","Ottawa County",5,30,61,33,28
050,20,143,"Kansas","Ottawa County",5,31,54,26,28
050,20,143,"Kansas","Ottawa County",5,32,59,30,29
050,20,143,"Kansas","Ottawa County",5,33,49,24,25
050,20,143,"Kansas","Ottawa County",5,34,60,31,29
050,20,143,"Kansas","Ottawa County",5,35,49,21,28
050,20,143,"Kansas","Ottawa County",5,36,68,34,34
050,20,143,"Kansas","Ottawa County",5,37,62,30,32
050,20,143,"Kansas","Ottawa County",5,38,72,37,35
050,20,143,"Kansas","Ottawa County",5,39,67,37,30
050,20,143,"Kansas","Ottawa County",5,40,71,40,31
050,20,143,"Kansas","Ottawa County",5,41,69,37,32
050,20,143,"Kansas","Ottawa County",5,42,79,49,30
050,20,143,"Kansas","Ottawa County",5,43,80,41,39
050,20,143,"Kansas","Ottawa County",5,44,73,41,32
050,20,143,"Kansas","Ottawa County",5,45,75,40,35
050,20,143,"Kansas","Ottawa County",5,46,86,44,42
050,20,143,"Kansas","Ottawa County",5,47,67,36,31
050,20,143,"Kansas","Ottawa County",5,48,70,37,33
050,20,143,"Kansas","Ottawa County",5,49,71,38,33
050,20,143,"Kansas","Ottawa County",5,50,68,33,35
050,20,143,"Kansas","Ottawa County",5,51,72,37,35
050,20,143,"Kansas","Ottawa County",5,52,71,37,34
050,20,143,"Kansas","Ottawa County",5,53,63,38,25
050,20,143,"Kansas","Ottawa County",5,54,53,24,29
050,20,143,"Kansas","Ottawa County",5,55,49,29,20
050,20,143,"Kansas","Ottawa County",5,56,63,33,30
050,20,143,"Kansas","Ottawa County",5,57,77,36,41
050,20,143,"Kansas","Ottawa County",5,58,75,33,42
050,20,143,"Kansas","Ottawa County",5,59,80,36,44
050,20,143,"Kansas","Ottawa County",5,60,98,51,47
050,20,143,"Kansas","Ottawa County",5,61,92,51,41
050,20,143,"Kansas","Ottawa County",5,62,95,48,47
050,20,143,"Kansas","Ottawa County",5,63,79,44,35
050,20,143,"Kansas","Ottawa County",5,64,83,44,39
050,20,143,"Kansas","Ottawa County",5,65,89,36,53
050,20,143,"Kansas","Ottawa County",5,66,88,44,44
050,20,143,"Kansas","Ottawa County",5,67,76,43,33
050,20,143,"Kansas","Ottawa County",5,68,75,40,35
050,20,143,"Kansas","Ottawa County",5,69,75,33,42
050,20,143,"Kansas","Ottawa County",5,70,77,38,39
050,20,143,"Kansas","Ottawa County",5,71,72,33,39
050,20,143,"Kansas","Ottawa County",5,72,69,30,39
050,20,143,"Kansas","Ottawa County",5,73,61,29,32
050,20,143,"Kansas","Ottawa County",5,74,54,27,27
050,20,143,"Kansas","Ottawa County",5,75,59,33,26
050,20,143,"Kansas","Ottawa County",5,76,58,33,25
050,20,143,"Kansas","Ottawa County",5,77,32,16,16
050,20,143,"Kansas","Ottawa County",5,78,34,14,20
050,20,143,"Kansas","Ottawa County",5,79,38,22,16
050,20,143,"Kansas","Ottawa County",5,80,52,22,30
050,20,143,"Kansas","Ottawa County",5,81,38,16,22
050,20,143,"Kansas","Ottawa County",5,82,29,11,18
050,20,143,"Kansas","Ottawa County",5,83,26,8,18
050,20,143,"Kansas","Ottawa County",5,84,29,14,15
050,20,143,"Kansas","Ottawa County",5,85,132,52,80
050,20,145,"Kansas","Pawnee County",1,0,48,24,24
050,20,145,"Kansas","Pawnee County",1,1,48,25,23
050,20,145,"Kansas","Pawnee County",1,2,56,32,24
050,20,145,"Kansas","Pawnee County",1,3,66,38,28
050,20,145,"Kansas","Pawnee County",1,4,47,30,17
050,20,145,"Kansas","Pawnee County",1,5,45,25,20
050,20,145,"Kansas","Pawnee County",1,6,51,25,26
050,20,145,"Kansas","Pawnee County",1,7,53,25,28
050,20,145,"Kansas","Pawnee County",1,8,51,20,31
050,20,145,"Kansas","Pawnee County",1,9,53,29,24
050,20,145,"Kansas","Pawnee County",1,10,57,28,29
050,20,145,"Kansas","Pawnee County",1,11,56,30,26
050,20,145,"Kansas","Pawnee County",1,12,54,26,28
050,20,145,"Kansas","Pawnee County",1,13,48,21,27
050,20,145,"Kansas","Pawnee County",1,14,49,28,21
050,20,145,"Kansas","Pawnee County",1,15,42,21,21
050,20,145,"Kansas","Pawnee County",1,16,46,28,18
050,20,145,"Kansas","Pawnee County",1,17,55,34,21
050,20,145,"Kansas","Pawnee County",1,18,40,24,16
050,20,145,"Kansas","Pawnee County",1,19,45,26,19
050,20,145,"Kansas","Pawnee County",1,20,52,33,19
050,20,145,"Kansas","Pawnee County",1,21,67,44,23
050,20,145,"Kansas","Pawnee County",1,22,49,28,21
050,20,145,"Kansas","Pawnee County",1,23,73,39,34
050,20,145,"Kansas","Pawnee County",1,24,86,54,32
050,20,145,"Kansas","Pawnee County",1,25,64,39,25
050,20,145,"Kansas","Pawnee County",1,26,83,52,31
050,20,145,"Kansas","Pawnee County",1,27,82,49,33
050,20,145,"Kansas","Pawnee County",1,28,81,53,28
050,20,145,"Kansas","Pawnee County",1,29,92,62,30
050,20,145,"Kansas","Pawnee County",1,30,78,46,32
050,20,145,"Kansas","Pawnee County",1,31,96,63,33
050,20,145,"Kansas","Pawnee County",1,32,88,58,30
050,20,145,"Kansas","Pawnee County",1,33,76,50,26
050,20,145,"Kansas","Pawnee County",1,34,89,53,36
050,20,145,"Kansas","Pawnee County",1,35,93,54,39
050,20,145,"Kansas","Pawnee County",1,36,81,54,27
050,20,145,"Kansas","Pawnee County",1,37,86,55,31
050,20,145,"Kansas","Pawnee County",1,38,94,53,41
050,20,145,"Kansas","Pawnee County",1,39,99,65,34
050,20,145,"Kansas","Pawnee County",1,40,79,48,31
050,20,145,"Kansas","Pawnee County",1,41,93,56,37
050,20,145,"Kansas","Pawnee County",1,42,88,52,36
050,20,145,"Kansas","Pawnee County",1,43,89,48,41
050,20,145,"Kansas","Pawnee County",1,44,81,48,33
050,20,145,"Kansas","Pawnee County",1,45,81,44,37
050,20,145,"Kansas","Pawnee County",1,46,74,48,26
050,20,145,"Kansas","Pawnee County",1,47,74,45,29
050,20,145,"Kansas","Pawnee County",1,48,96,65,31
050,20,145,"Kansas","Pawnee County",1,49,104,70,34
050,20,145,"Kansas","Pawnee County",1,50,75,48,27
050,20,145,"Kansas","Pawnee County",1,51,79,47,32
050,20,145,"Kansas","Pawnee County",1,52,72,41,31
050,20,145,"Kansas","Pawnee County",1,53,68,37,31
050,20,145,"Kansas","Pawnee County",1,54,86,56,30
050,20,145,"Kansas","Pawnee County",1,55,96,60,36
050,20,145,"Kansas","Pawnee County",1,56,96,58,38
050,20,145,"Kansas","Pawnee County",1,57,109,63,46
050,20,145,"Kansas","Pawnee County",1,58,105,51,54
050,20,145,"Kansas","Pawnee County",1,59,103,51,52
050,20,145,"Kansas","Pawnee County",1,60,97,53,44
050,20,145,"Kansas","Pawnee County",1,61,95,45,50
050,20,145,"Kansas","Pawnee County",1,62,97,49,48
050,20,145,"Kansas","Pawnee County",1,63,97,54,43
050,20,145,"Kansas","Pawnee County",1,64,97,44,53
050,20,145,"Kansas","Pawnee County",1,65,108,51,57
050,20,145,"Kansas","Pawnee County",1,66,88,45,43
050,20,145,"Kansas","Pawnee County",1,67,87,49,38
050,20,145,"Kansas","Pawnee County",1,68,95,51,44
050,20,145,"Kansas","Pawnee County",1,69,82,43,39
050,20,145,"Kansas","Pawnee County",1,70,65,32,33
050,20,145,"Kansas","Pawnee County",1,71,76,35,41
050,20,145,"Kansas","Pawnee County",1,72,71,37,34
050,20,145,"Kansas","Pawnee County",1,73,70,36,34
050,20,145,"Kansas","Pawnee County",1,74,47,23,24
050,20,145,"Kansas","Pawnee County",1,75,41,16,25
050,20,145,"Kansas","Pawnee County",1,76,44,16,28
050,20,145,"Kansas","Pawnee County",1,77,50,19,31
050,20,145,"Kansas","Pawnee County",1,78,37,17,20
050,20,145,"Kansas","Pawnee County",1,79,48,18,30
050,20,145,"Kansas","Pawnee County",1,80,47,18,29
050,20,145,"Kansas","Pawnee County",1,81,23,10,13
050,20,145,"Kansas","Pawnee County",1,82,30,11,19
050,20,145,"Kansas","Pawnee County",1,83,34,14,20
050,20,145,"Kansas","Pawnee County",1,84,41,19,22
050,20,145,"Kansas","Pawnee County",1,85,220,71,149
050,20,145,"Kansas","Pawnee County",2,0,50,26,24
050,20,145,"Kansas","Pawnee County",2,1,47,25,22
050,20,145,"Kansas","Pawnee County",2,2,55,31,24
050,20,145,"Kansas","Pawnee County",2,3,63,36,27
050,20,145,"Kansas","Pawnee County",2,4,51,32,19
050,20,145,"Kansas","Pawnee County",2,5,47,27,20
050,20,145,"Kansas","Pawnee County",2,6,49,24,25
050,20,145,"Kansas","Pawnee County",2,7,53,24,29
050,20,145,"Kansas","Pawnee County",2,8,51,21,30
050,20,145,"Kansas","Pawnee County",2,9,54,28,26
050,20,145,"Kansas","Pawnee County",2,10,56,28,28
050,20,145,"Kansas","Pawnee County",2,11,56,29,27
050,20,145,"Kansas","Pawnee County",2,12,55,27,28
050,20,145,"Kansas","Pawnee County",2,13,51,23,28
050,20,145,"Kansas","Pawnee County",2,14,48,26,22
050,20,145,"Kansas","Pawnee County",2,15,43,23,20
050,20,145,"Kansas","Pawnee County",2,16,46,27,19
050,20,145,"Kansas","Pawnee County",2,17,52,32,20
050,20,145,"Kansas","Pawnee County",2,18,40,24,16
050,20,145,"Kansas","Pawnee County",2,19,44,25,19
050,20,145,"Kansas","Pawnee County",2,20,52,33,19
050,20,145,"Kansas","Pawnee County",2,21,66,44,22
050,20,145,"Kansas","Pawnee County",2,22,52,30,22
050,20,145,"Kansas","Pawnee County",2,23,71,39,32
050,20,145,"Kansas","Pawnee County",2,24,85,53,32
050,20,145,"Kansas","Pawnee County",2,25,67,40,27
050,20,145,"Kansas","Pawnee County",2,26,80,52,28
050,20,145,"Kansas","Pawnee County",2,27,79,49,30
050,20,145,"Kansas","Pawnee County",2,28,81,52,29
050,20,145,"Kansas","Pawnee County",2,29,91,60,31
050,20,145,"Kansas","Pawnee County",2,30,80,47,33
050,20,145,"Kansas","Pawnee County",2,31,96,64,32
050,20,145,"Kansas","Pawnee County",2,32,88,57,31
050,20,145,"Kansas","Pawnee County",2,33,80,53,27
050,20,145,"Kansas","Pawnee County",2,34,87,53,34
050,20,145,"Kansas","Pawnee County",2,35,91,53,38
050,20,145,"Kansas","Pawnee County",2,36,81,52,29
050,20,145,"Kansas","Pawnee County",2,37,87,57,30
050,20,145,"Kansas","Pawnee County",2,38,92,54,38
050,20,145,"Kansas","Pawnee County",2,39,96,62,34
050,20,145,"Kansas","Pawnee County",2,40,82,50,32
050,20,145,"Kansas","Pawnee County",2,41,88,53,35
050,20,145,"Kansas","Pawnee County",2,42,89,53,36
050,20,145,"Kansas","Pawnee County",2,43,91,50,41
050,20,145,"Kansas","Pawnee County",2,44,82,47,35
050,20,145,"Kansas","Pawnee County",2,45,80,44,36
050,20,145,"Kansas","Pawnee County",2,46,76,48,28
050,20,145,"Kansas","Pawnee County",2,47,72,44,28
050,20,145,"Kansas","Pawnee County",2,48,92,62,30
050,20,145,"Kansas","Pawnee County",2,49,103,70,33
050,20,145,"Kansas","Pawnee County",2,50,80,51,29
050,20,145,"Kansas","Pawnee County",2,51,80,49,31
050,20,145,"Kansas","Pawnee County",2,52,72,41,31
050,20,145,"Kansas","Pawnee County",2,53,68,37,31
050,20,145,"Kansas","Pawnee County",2,54,85,54,31
050,20,145,"Kansas","Pawnee County",2,55,92,57,35
050,20,145,"Kansas","Pawnee County",2,56,97,58,39
050,20,145,"Kansas","Pawnee County",2,57,106,61,45
050,20,145,"Kansas","Pawnee County",2,58,104,53,51
050,20,145,"Kansas","Pawnee County",2,59,104,51,53
050,20,145,"Kansas","Pawnee County",2,60,98,52,46
050,20,145,"Kansas","Pawnee County",2,61,96,47,49
050,20,145,"Kansas","Pawnee County",2,62,97,47,50
050,20,145,"Kansas","Pawnee County",2,63,98,53,45
050,20,145,"Kansas","Pawnee County",2,64,96,46,50
050,20,145,"Kansas","Pawnee County",2,65,108,51,57
050,20,145,"Kansas","Pawnee County",2,66,92,46,46
050,20,145,"Kansas","Pawnee County",2,67,87,47,40
050,20,145,"Kansas","Pawnee County",2,68,92,51,41
050,20,145,"Kansas","Pawnee County",2,69,82,42,40
050,20,145,"Kansas","Pawnee County",2,70,68,35,33
050,20,145,"Kansas","Pawnee County",2,71,73,34,39
050,20,145,"Kansas","Pawnee County",2,72,72,37,35
050,20,145,"Kansas","Pawnee County",2,73,74,38,36
050,20,145,"Kansas","Pawnee County",2,74,48,23,25
050,20,145,"Kansas","Pawnee County",2,75,43,18,25
050,20,145,"Kansas","Pawnee County",2,76,43,15,28
050,20,145,"Kansas","Pawnee County",2,77,49,19,30
050,20,145,"Kansas","Pawnee County",2,78,40,18,22
050,20,145,"Kansas","Pawnee County",2,79,47,18,29
050,20,145,"Kansas","Pawnee County",2,80,47,18,29
050,20,145,"Kansas","Pawnee County",2,81,29,12,17
050,20,145,"Kansas","Pawnee County",2,82,28,10,18
050,20,145,"Kansas","Pawnee County",2,83,33,13,20
050,20,145,"Kansas","Pawnee County",2,84,40,18,22
050,20,145,"Kansas","Pawnee County",2,85,220,73,147
050,20,145,"Kansas","Pawnee County",3,0,68,36,32
050,20,145,"Kansas","Pawnee County",3,1,55,27,28
050,20,145,"Kansas","Pawnee County",3,2,47,24,23
050,20,145,"Kansas","Pawnee County",3,3,51,27,24
050,20,145,"Kansas","Pawnee County",3,4,64,35,29
050,20,145,"Kansas","Pawnee County",3,5,52,29,23
050,20,145,"Kansas","Pawnee County",3,6,43,25,18
050,20,145,"Kansas","Pawnee County",3,7,53,29,24
050,20,145,"Kansas","Pawnee County",3,8,51,23,28
050,20,145,"Kansas","Pawnee County",3,9,56,24,32
050,20,145,"Kansas","Pawnee County",3,10,52,28,24
050,20,145,"Kansas","Pawnee County",3,11,60,30,30
050,20,145,"Kansas","Pawnee County",3,12,59,30,29
050,20,145,"Kansas","Pawnee County",3,13,56,29,27
050,20,145,"Kansas","Pawnee County",3,14,56,24,32
050,20,145,"Kansas","Pawnee County",3,15,47,22,25
050,20,145,"Kansas","Pawnee County",3,16,44,24,20
050,20,145,"Kansas","Pawnee County",3,17,46,27,19
050,20,145,"Kansas","Pawnee County",3,18,50,31,19
050,20,145,"Kansas","Pawnee County",3,19,35,25,10
050,20,145,"Kansas","Pawnee County",3,20,49,28,21
050,20,145,"Kansas","Pawnee County",3,21,61,42,19
050,20,145,"Kansas","Pawnee County",3,22,61,37,24
050,20,145,"Kansas","Pawnee County",3,23,66,41,25
050,20,145,"Kansas","Pawnee County",3,24,75,48,27
050,20,145,"Kansas","Pawnee County",3,25,69,43,26
050,20,145,"Kansas","Pawnee County",3,26,74,49,25
050,20,145,"Kansas","Pawnee County",3,27,87,57,30
050,20,145,"Kansas","Pawnee County",3,28,78,44,34
050,20,145,"Kansas","Pawnee County",3,29,82,51,31
050,20,145,"Kansas","Pawnee County",3,30,74,43,31
050,20,145,"Kansas","Pawnee County",3,31,98,66,32
050,20,145,"Kansas","Pawnee County",3,32,87,56,31
050,20,145,"Kansas","Pawnee County",3,33,97,66,31
050,20,145,"Kansas","Pawnee County",3,34,91,64,27
050,20,145,"Kansas","Pawnee County",3,35,84,52,32
050,20,145,"Kansas","Pawnee County",3,36,83,46,37
050,20,145,"Kansas","Pawnee County",3,37,83,54,29
050,20,145,"Kansas","Pawnee County",3,38,89,58,31
050,20,145,"Kansas","Pawnee County",3,39,88,54,34
050,20,145,"Kansas","Pawnee County",3,40,84,52,32
050,20,145,"Kansas","Pawnee County",3,41,76,47,29
050,20,145,"Kansas","Pawnee County",3,42,98,65,33
050,20,145,"Kansas","Pawnee County",3,43,93,58,35
050,20,145,"Kansas","Pawnee County",3,44,98,58,40
050,20,145,"Kansas","Pawnee County",3,45,83,47,36
050,20,145,"Kansas","Pawnee County",3,46,84,48,36
050,20,145,"Kansas","Pawnee County",3,47,63,38,25
050,20,145,"Kansas","Pawnee County",3,48,74,45,29
050,20,145,"Kansas","Pawnee County",3,49,101,69,32
050,20,145,"Kansas","Pawnee County",3,50,88,59,29
050,20,145,"Kansas","Pawnee County",3,51,81,54,27
050,20,145,"Kansas","Pawnee County",3,52,75,49,26
050,20,145,"Kansas","Pawnee County",3,53,67,35,32
050,20,145,"Kansas","Pawnee County",3,54,75,46,29
050,20,145,"Kansas","Pawnee County",3,55,76,45,31
050,20,145,"Kansas","Pawnee County",3,56,87,54,33
050,20,145,"Kansas","Pawnee County",3,57,91,55,36
050,20,145,"Kansas","Pawnee County",3,58,98,55,43
050,20,145,"Kansas","Pawnee County",3,59,104,51,53
050,20,145,"Kansas","Pawnee County",3,60,100,49,51
050,20,145,"Kansas","Pawnee County",3,61,93,49,44
050,20,145,"Kansas","Pawnee County",3,62,92,42,50
050,20,145,"Kansas","Pawnee County",3,63,100,52,48
050,20,145,"Kansas","Pawnee County",3,64,88,47,41
050,20,145,"Kansas","Pawnee County",3,65,101,51,50
050,20,145,"Kansas","Pawnee County",3,66,106,50,56
050,20,145,"Kansas","Pawnee County",3,67,87,43,44
050,20,145,"Kansas","Pawnee County",3,68,94,53,41
050,20,145,"Kansas","Pawnee County",3,69,88,47,41
050,20,145,"Kansas","Pawnee County",3,70,82,43,39
050,20,145,"Kansas","Pawnee County",3,71,64,34,30
050,20,145,"Kansas","Pawnee County",3,72,69,32,37
050,20,145,"Kansas","Pawnee County",3,73,73,36,37
050,20,145,"Kansas","Pawnee County",3,74,73,34,39
050,20,145,"Kansas","Pawnee County",3,75,43,21,22
050,20,145,"Kansas","Pawnee County",3,76,43,15,28
050,20,145,"Kansas","Pawnee County",3,77,42,15,27
050,20,145,"Kansas","Pawnee County",3,78,46,17,29
050,20,145,"Kansas","Pawnee County",3,79,39,18,21
050,20,145,"Kansas","Pawnee County",3,80,41,15,26
050,20,145,"Kansas","Pawnee County",3,81,46,17,29
050,20,145,"Kansas","Pawnee County",3,82,31,12,19
050,20,145,"Kansas","Pawnee County",3,83,31,12,19
050,20,145,"Kansas","Pawnee County",3,84,28,11,17
050,20,145,"Kansas","Pawnee County",3,85,230,79,151
050,20,145,"Kansas","Pawnee County",4,0,60,28,32
050,20,145,"Kansas","Pawnee County",4,1,65,35,30
050,20,145,"Kansas","Pawnee County",4,2,57,26,31
050,20,145,"Kansas","Pawnee County",4,3,49,28,21
050,20,145,"Kansas","Pawnee County",4,4,46,22,24
050,20,145,"Kansas","Pawnee County",4,5,67,38,29
050,20,145,"Kansas","Pawnee County",4,6,49,28,21
050,20,145,"Kansas","Pawnee County",4,7,45,25,20
050,20,145,"Kansas","Pawnee County",4,8,53,26,27
050,20,145,"Kansas","Pawnee County",4,9,50,24,26
050,20,145,"Kansas","Pawnee County",4,10,57,23,34
050,20,145,"Kansas","Pawnee County",4,11,55,29,26
050,20,145,"Kansas","Pawnee County",4,12,60,30,30
050,20,145,"Kansas","Pawnee County",4,13,60,31,29
050,20,145,"Kansas","Pawnee County",4,14,61,30,31
050,20,145,"Kansas","Pawnee County",4,15,57,26,31
050,20,145,"Kansas","Pawnee County",4,16,50,25,25
050,20,145,"Kansas","Pawnee County",4,17,41,22,19
050,20,145,"Kansas","Pawnee County",4,18,39,20,19
050,20,145,"Kansas","Pawnee County",4,19,44,26,18
050,20,145,"Kansas","Pawnee County",4,20,39,26,13
050,20,145,"Kansas","Pawnee County",4,21,52,33,19
050,20,145,"Kansas","Pawnee County",4,22,54,39,15
050,20,145,"Kansas","Pawnee County",4,23,59,38,21
050,20,145,"Kansas","Pawnee County",4,24,77,47,30
050,20,145,"Kansas","Pawnee County",4,25,67,38,29
050,20,145,"Kansas","Pawnee County",4,26,83,53,30
050,20,145,"Kansas","Pawnee County",4,27,75,48,27
050,20,145,"Kansas","Pawnee County",4,28,86,57,29
050,20,145,"Kansas","Pawnee County",4,29,70,42,28
050,20,145,"Kansas","Pawnee County",4,30,69,38,31
050,20,145,"Kansas","Pawnee County",4,31,91,60,31
050,20,145,"Kansas","Pawnee County",4,32,96,64,32
050,20,145,"Kansas","Pawnee County",4,33,80,48,32
050,20,145,"Kansas","Pawnee County",4,34,95,64,31
050,20,145,"Kansas","Pawnee County",4,35,94,65,29
050,20,145,"Kansas","Pawnee County",4,36,75,43,32
050,20,145,"Kansas","Pawnee County",4,37,90,52,38
050,20,145,"Kansas","Pawnee County",4,38,82,54,28
050,20,145,"Kansas","Pawnee County",4,39,93,60,33
050,20,145,"Kansas","Pawnee County",4,40,82,48,34
050,20,145,"Kansas","Pawnee County",4,41,82,50,32
050,20,145,"Kansas","Pawnee County",4,42,87,57,30
050,20,145,"Kansas","Pawnee County",4,43,97,66,31
050,20,145,"Kansas","Pawnee County",4,44,87,58,29
050,20,145,"Kansas","Pawnee County",4,45,96,57,39
050,20,145,"Kansas","Pawnee County",4,46,85,49,36
050,20,145,"Kansas","Pawnee County",4,47,72,38,34
050,20,145,"Kansas","Pawnee County",4,48,68,42,26
050,20,145,"Kansas","Pawnee County",4,49,81,52,29
050,20,145,"Kansas","Pawnee County",4,50,91,60,31
050,20,145,"Kansas","Pawnee County",4,51,88,63,25
050,20,145,"Kansas","Pawnee County",4,52,77,50,27
050,20,145,"Kansas","Pawnee County",4,53,68,44,24
050,20,145,"Kansas","Pawnee County",4,54,73,44,29
050,20,145,"Kansas","Pawnee County",4,55,62,35,27
050,20,145,"Kansas","Pawnee County",4,56,80,45,35
050,20,145,"Kansas","Pawnee County",4,57,87,52,35
050,20,145,"Kansas","Pawnee County",4,58,85,51,34
050,20,145,"Kansas","Pawnee County",4,59,98,60,38
050,20,145,"Kansas","Pawnee County",4,60,98,48,50
050,20,145,"Kansas","Pawnee County",4,61,100,46,54
050,20,145,"Kansas","Pawnee County",4,62,96,47,49
050,20,145,"Kansas","Pawnee County",4,63,94,44,50
050,20,145,"Kansas","Pawnee County",4,64,87,42,45
050,20,145,"Kansas","Pawnee County",4,65,96,51,45
050,20,145,"Kansas","Pawnee County",4,66,94,44,50
050,20,145,"Kansas","Pawnee County",4,67,104,47,57
050,20,145,"Kansas","Pawnee County",4,68,93,50,43
050,20,145,"Kansas","Pawnee County",4,69,86,48,38
050,20,145,"Kansas","Pawnee County",4,70,85,46,39
050,20,145,"Kansas","Pawnee County",4,71,80,42,38
050,20,145,"Kansas","Pawnee County",4,72,59,32,27
050,20,145,"Kansas","Pawnee County",4,73,66,29,37
050,20,145,"Kansas","Pawnee County",4,74,70,34,36
050,20,145,"Kansas","Pawnee County",4,75,66,33,33
050,20,145,"Kansas","Pawnee County",4,76,42,19,23
050,20,145,"Kansas","Pawnee County",4,77,40,14,26
050,20,145,"Kansas","Pawnee County",4,78,38,15,23
050,20,145,"Kansas","Pawnee County",4,79,42,15,27
050,20,145,"Kansas","Pawnee County",4,80,33,16,17
050,20,145,"Kansas","Pawnee County",4,81,40,16,24
050,20,145,"Kansas","Pawnee County",4,82,46,17,29
050,20,145,"Kansas","Pawnee County",4,83,34,14,20
050,20,145,"Kansas","Pawnee County",4,84,29,12,17
050,20,145,"Kansas","Pawnee County",4,85,232,81,151
050,20,145,"Kansas","Pawnee County",5,0,61,28,33
050,20,145,"Kansas","Pawnee County",5,1,55,28,27
050,20,145,"Kansas","Pawnee County",5,2,70,36,34
050,20,145,"Kansas","Pawnee County",5,3,51,25,26
050,20,145,"Kansas","Pawnee County",5,4,49,25,24
050,20,145,"Kansas","Pawnee County",5,5,49,24,25
050,20,145,"Kansas","Pawnee County",5,6,73,38,35
050,20,145,"Kansas","Pawnee County",5,7,46,28,18
050,20,145,"Kansas","Pawnee County",5,8,46,23,23
050,20,145,"Kansas","Pawnee County",5,9,54,26,28
050,20,145,"Kansas","Pawnee County",5,10,50,23,27
050,20,145,"Kansas","Pawnee County",5,11,54,23,31
050,20,145,"Kansas","Pawnee County",5,12,59,30,29
050,20,145,"Kansas","Pawnee County",5,13,61,29,32
050,20,145,"Kansas","Pawnee County",5,14,59,33,26
050,20,145,"Kansas","Pawnee County",5,15,63,32,31
050,20,145,"Kansas","Pawnee County",5,16,53,24,29
050,20,145,"Kansas","Pawnee County",5,17,46,23,23
050,20,145,"Kansas","Pawnee County",5,18,38,21,17
050,20,145,"Kansas","Pawnee County",5,19,34,20,14
050,20,145,"Kansas","Pawnee County",5,20,41,24,17
050,20,145,"Kansas","Pawnee County",5,21,44,32,12
050,20,145,"Kansas","Pawnee County",5,22,42,27,15
050,20,145,"Kansas","Pawnee County",5,23,67,49,18
050,20,145,"Kansas","Pawnee County",5,24,64,44,20
050,20,145,"Kansas","Pawnee County",5,25,65,35,30
050,20,145,"Kansas","Pawnee County",5,26,72,45,27
050,20,145,"Kansas","Pawnee County",5,27,86,54,32
050,20,145,"Kansas","Pawnee County",5,28,74,47,27
050,20,145,"Kansas","Pawnee County",5,29,90,61,29
050,20,145,"Kansas","Pawnee County",5,30,54,28,26
050,20,145,"Kansas","Pawnee County",5,31,84,55,29
050,20,145,"Kansas","Pawnee County",5,32,87,54,33
050,20,145,"Kansas","Pawnee County",5,33,94,63,31
050,20,145,"Kansas","Pawnee County",5,34,82,53,29
050,20,145,"Kansas","Pawnee County",5,35,96,63,33
050,20,145,"Kansas","Pawnee County",5,36,83,56,27
050,20,145,"Kansas","Pawnee County",5,37,83,48,35
050,20,145,"Kansas","Pawnee County",5,38,90,53,37
050,20,145,"Kansas","Pawnee County",5,39,78,52,26
050,20,145,"Kansas","Pawnee County",5,40,87,55,32
050,20,145,"Kansas","Pawnee County",5,41,82,47,35
050,20,145,"Kansas","Pawnee County",5,42,92,61,31
050,20,145,"Kansas","Pawnee County",5,43,92,61,31
050,20,145,"Kansas","Pawnee County",5,44,98,66,32
050,20,145,"Kansas","Pawnee County",5,45,89,57,32
050,20,145,"Kansas","Pawnee County",5,46,98,62,36
050,20,145,"Kansas","Pawnee County",5,47,76,38,38
050,20,145,"Kansas","Pawnee County",5,48,73,40,33
050,20,145,"Kansas","Pawnee County",5,49,73,49,24
050,20,145,"Kansas","Pawnee County",5,50,70,41,29
050,20,145,"Kansas","Pawnee County",5,51,90,61,29
050,20,145,"Kansas","Pawnee County",5,52,86,59,27
050,20,145,"Kansas","Pawnee County",5,53,67,39,28
050,20,145,"Kansas","Pawnee County",5,54,73,50,23
050,20,145,"Kansas","Pawnee County",5,55,66,36,30
050,20,145,"Kansas","Pawnee County",5,56,65,37,28
050,20,145,"Kansas","Pawnee County",5,57,74,44,30
050,20,145,"Kansas","Pawnee County",5,58,79,47,32
050,20,145,"Kansas","Pawnee County",5,59,82,49,33
050,20,145,"Kansas","Pawnee County",5,60,92,55,37
050,20,145,"Kansas","Pawnee County",5,61,91,42,49
050,20,145,"Kansas","Pawnee County",5,62,94,40,54
050,20,145,"Kansas","Pawnee County",5,63,95,47,48
050,20,145,"Kansas","Pawnee County",5,64,85,38,47
050,20,145,"Kansas","Pawnee County",5,65,94,46,48
050,20,145,"Kansas","Pawnee County",5,66,88,47,41
050,20,145,"Kansas","Pawnee County",5,67,93,43,50
050,20,145,"Kansas","Pawnee County",5,68,112,55,57
050,20,145,"Kansas","Pawnee County",5,69,90,45,45
050,20,145,"Kansas","Pawnee County",5,70,83,47,36
050,20,145,"Kansas","Pawnee County",5,71,83,44,39
050,20,145,"Kansas","Pawnee County",5,72,78,42,36
050,20,145,"Kansas","Pawnee County",5,73,58,31,27
050,20,145,"Kansas","Pawnee County",5,74,64,28,36
050,20,145,"Kansas","Pawnee County",5,75,63,32,31
050,20,145,"Kansas","Pawnee County",5,76,68,31,37
050,20,145,"Kansas","Pawnee County",5,77,41,19,22
050,20,145,"Kansas","Pawnee County",5,78,37,13,24
050,20,145,"Kansas","Pawnee County",5,79,36,14,22
050,20,145,"Kansas","Pawnee County",5,80,35,12,23
050,20,145,"Kansas","Pawnee County",5,81,34,15,19
050,20,145,"Kansas","Pawnee County",5,82,39,15,24
050,20,145,"Kansas","Pawnee County",5,83,49,20,29
050,20,145,"Kansas","Pawnee County",5,84,28,14,14
050,20,145,"Kansas","Pawnee County",5,85,237,84,153
050,20,147,"Kansas","Phillips County",1,0,61,32,29
050,20,147,"Kansas","Phillips County",1,1,66,38,28
050,20,147,"Kansas","Phillips County",1,2,60,30,30
050,20,147,"Kansas","Phillips County",1,3,48,27,21
050,20,147,"Kansas","Phillips County",1,4,59,34,25
050,20,147,"Kansas","Phillips County",1,5,64,34,30
050,20,147,"Kansas","Phillips County",1,6,66,37,29
050,20,147,"Kansas","Phillips County",1,7,58,27,31
050,20,147,"Kansas","Phillips County",1,8,62,33,29
050,20,147,"Kansas","Phillips County",1,9,69,36,33
050,20,147,"Kansas","Phillips County",1,10,64,38,26
050,20,147,"Kansas","Phillips County",1,11,62,33,29
050,20,147,"Kansas","Phillips County",1,12,63,31,32
050,20,147,"Kansas","Phillips County",1,13,73,36,37
050,20,147,"Kansas","Phillips County",1,14,65,33,32
050,20,147,"Kansas","Phillips County",1,15,62,33,29
050,20,147,"Kansas","Phillips County",1,16,69,36,33
050,20,147,"Kansas","Phillips County",1,17,70,39,31
050,20,147,"Kansas","Phillips County",1,18,55,30,25
050,20,147,"Kansas","Phillips County",1,19,46,23,23
050,20,147,"Kansas","Phillips County",1,20,56,24,32
050,20,147,"Kansas","Phillips County",1,21,43,15,28
050,20,147,"Kansas","Phillips County",1,22,40,18,22
050,20,147,"Kansas","Phillips County",1,23,45,25,20
050,20,147,"Kansas","Phillips County",1,24,57,27,30
050,20,147,"Kansas","Phillips County",1,25,53,24,29
050,20,147,"Kansas","Phillips County",1,26,47,22,25
050,20,147,"Kansas","Phillips County",1,27,57,30,27
050,20,147,"Kansas","Phillips County",1,28,48,26,22
050,20,147,"Kansas","Phillips County",1,29,50,26,24
050,20,147,"Kansas","Phillips County",1,30,46,25,21
050,20,147,"Kansas","Phillips County",1,31,52,31,21
050,20,147,"Kansas","Phillips County",1,32,50,27,23
050,20,147,"Kansas","Phillips County",1,33,38,16,22
050,20,147,"Kansas","Phillips County",1,34,50,25,25
050,20,147,"Kansas","Phillips County",1,35,58,27,31
050,20,147,"Kansas","Phillips County",1,36,50,26,24
050,20,147,"Kansas","Phillips County",1,37,62,34,28
050,20,147,"Kansas","Phillips County",1,38,57,29,28
050,20,147,"Kansas","Phillips County",1,39,51,27,24
050,20,147,"Kansas","Phillips County",1,40,58,32,26
050,20,147,"Kansas","Phillips County",1,41,48,31,17
050,20,147,"Kansas","Phillips County",1,42,39,18,21
050,20,147,"Kansas","Phillips County",1,43,43,21,22
050,20,147,"Kansas","Phillips County",1,44,53,25,28
050,20,147,"Kansas","Phillips County",1,45,54,27,27
050,20,147,"Kansas","Phillips County",1,46,41,20,21
050,20,147,"Kansas","Phillips County",1,47,52,28,24
050,20,147,"Kansas","Phillips County",1,48,55,28,27
050,20,147,"Kansas","Phillips County",1,49,55,26,29
050,20,147,"Kansas","Phillips County",1,50,51,29,22
050,20,147,"Kansas","Phillips County",1,51,48,24,24
050,20,147,"Kansas","Phillips County",1,52,55,28,27
050,20,147,"Kansas","Phillips County",1,53,55,24,31
050,20,147,"Kansas","Phillips County",1,54,48,21,27
050,20,147,"Kansas","Phillips County",1,55,67,31,36
050,20,147,"Kansas","Phillips County",1,56,73,35,38
050,20,147,"Kansas","Phillips County",1,57,83,39,44
050,20,147,"Kansas","Phillips County",1,58,82,39,43
050,20,147,"Kansas","Phillips County",1,59,87,43,44
050,20,147,"Kansas","Phillips County",1,60,76,34,42
050,20,147,"Kansas","Phillips County",1,61,69,35,34
050,20,147,"Kansas","Phillips County",1,62,69,37,32
050,20,147,"Kansas","Phillips County",1,63,72,40,32
050,20,147,"Kansas","Phillips County",1,64,75,41,34
050,20,147,"Kansas","Phillips County",1,65,78,46,32
050,20,147,"Kansas","Phillips County",1,66,80,45,35
050,20,147,"Kansas","Phillips County",1,67,78,38,40
050,20,147,"Kansas","Phillips County",1,68,72,35,37
050,20,147,"Kansas","Phillips County",1,69,72,36,36
050,20,147,"Kansas","Phillips County",1,70,74,37,37
050,20,147,"Kansas","Phillips County",1,71,78,44,34
050,20,147,"Kansas","Phillips County",1,72,76,38,38
050,20,147,"Kansas","Phillips County",1,73,60,36,24
050,20,147,"Kansas","Phillips County",1,74,46,25,21
050,20,147,"Kansas","Phillips County",1,75,49,23,26
050,20,147,"Kansas","Phillips County",1,76,40,17,23
050,20,147,"Kansas","Phillips County",1,77,35,12,23
050,20,147,"Kansas","Phillips County",1,78,37,19,18
050,20,147,"Kansas","Phillips County",1,79,29,18,11
050,20,147,"Kansas","Phillips County",1,80,33,18,15
050,20,147,"Kansas","Phillips County",1,81,34,16,18
050,20,147,"Kansas","Phillips County",1,82,31,12,19
050,20,147,"Kansas","Phillips County",1,83,31,12,19
050,20,147,"Kansas","Phillips County",1,84,23,13,10
050,20,147,"Kansas","Phillips County",1,85,157,51,106
050,20,147,"Kansas","Phillips County",2,0,67,36,31
050,20,147,"Kansas","Phillips County",2,1,64,36,28
050,20,147,"Kansas","Phillips County",2,2,61,32,29
050,20,147,"Kansas","Phillips County",2,3,50,27,23
050,20,147,"Kansas","Phillips County",2,4,57,33,24
050,20,147,"Kansas","Phillips County",2,5,61,33,28
050,20,147,"Kansas","Phillips County",2,6,66,37,29
050,20,147,"Kansas","Phillips County",2,7,60,29,31
050,20,147,"Kansas","Phillips County",2,8,61,31,30
050,20,147,"Kansas","Phillips County",2,9,66,34,32
050,20,147,"Kansas","Phillips County",2,10,65,37,28
050,20,147,"Kansas","Phillips County",2,11,62,33,29
050,20,147,"Kansas","Phillips County",2,12,63,32,31
050,20,147,"Kansas","Phillips County",2,13,69,34,35
050,20,147,"Kansas","Phillips County",2,14,66,33,33
050,20,147,"Kansas","Phillips County",2,15,63,33,30
050,20,147,"Kansas","Phillips County",2,16,67,35,32
050,20,147,"Kansas","Phillips County",2,17,69,38,31
050,20,147,"Kansas","Phillips County",2,18,56,31,25
050,20,147,"Kansas","Phillips County",2,19,45,23,22
050,20,147,"Kansas","Phillips County",2,20,56,25,31
050,20,147,"Kansas","Phillips County",2,21,46,17,29
050,20,147,"Kansas","Phillips County",2,22,39,17,22
050,20,147,"Kansas","Phillips County",2,23,45,23,22
050,20,147,"Kansas","Phillips County",2,24,53,26,27
050,20,147,"Kansas","Phillips County",2,25,54,25,29
050,20,147,"Kansas","Phillips County",2,26,50,24,26
050,20,147,"Kansas","Phillips County",2,27,53,26,27
050,20,147,"Kansas","Phillips County",2,28,50,26,24
050,20,147,"Kansas","Phillips County",2,29,48,26,22
050,20,147,"Kansas","Phillips County",2,30,47,25,22
050,20,147,"Kansas","Phillips County",2,31,49,29,20
050,20,147,"Kansas","Phillips County",2,32,50,28,22
050,20,147,"Kansas","Phillips County",2,33,41,19,22
050,20,147,"Kansas","Phillips County",2,34,47,23,24
050,20,147,"Kansas","Phillips County",2,35,55,26,29
050,20,147,"Kansas","Phillips County",2,36,52,26,26
050,20,147,"Kansas","Phillips County",2,37,59,32,27
050,20,147,"Kansas","Phillips County",2,38,58,30,28
050,20,147,"Kansas","Phillips County",2,39,53,28,25
050,20,147,"Kansas","Phillips County",2,40,57,31,26
050,20,147,"Kansas","Phillips County",2,41,50,31,19
050,20,147,"Kansas","Phillips County",2,42,41,21,20
050,20,147,"Kansas","Phillips County",2,43,41,20,21
050,20,147,"Kansas","Phillips County",2,44,50,24,26
050,20,147,"Kansas","Phillips County",2,45,54,27,27
050,20,147,"Kansas","Phillips County",2,46,44,22,22
050,20,147,"Kansas","Phillips County",2,47,49,26,23
050,20,147,"Kansas","Phillips County",2,48,55,28,27
050,20,147,"Kansas","Phillips County",2,49,55,26,29
050,20,147,"Kansas","Phillips County",2,50,53,29,24
050,20,147,"Kansas","Phillips County",2,51,48,25,23
050,20,147,"Kansas","Phillips County",2,52,54,27,27
050,20,147,"Kansas","Phillips County",2,53,55,25,30
050,20,147,"Kansas","Phillips County",2,54,47,21,26
050,20,147,"Kansas","Phillips County",2,55,63,29,34
050,20,147,"Kansas","Phillips County",2,56,70,33,37
050,20,147,"Kansas","Phillips County",2,57,81,38,43
050,20,147,"Kansas","Phillips County",2,58,82,39,43
050,20,147,"Kansas","Phillips County",2,59,87,42,45
050,20,147,"Kansas","Phillips County",2,60,77,35,42
050,20,147,"Kansas","Phillips County",2,61,71,35,36
050,20,147,"Kansas","Phillips County",2,62,69,37,32
050,20,147,"Kansas","Phillips County",2,63,72,39,33
050,20,147,"Kansas","Phillips County",2,64,75,41,34
050,20,147,"Kansas","Phillips County",2,65,76,44,32
050,20,147,"Kansas","Phillips County",2,66,79,44,35
050,20,147,"Kansas","Phillips County",2,67,77,38,39
050,20,147,"Kansas","Phillips County",2,68,72,35,37
050,20,147,"Kansas","Phillips County",2,69,73,36,37
050,20,147,"Kansas","Phillips County",2,70,73,36,37
050,20,147,"Kansas","Phillips County",2,71,77,42,35
050,20,147,"Kansas","Phillips County",2,72,76,39,37
050,20,147,"Kansas","Phillips County",2,73,67,39,28
050,20,147,"Kansas","Phillips County",2,74,46,26,20
050,20,147,"Kansas","Phillips County",2,75,48,23,25
050,20,147,"Kansas","Phillips County",2,76,41,18,23
050,20,147,"Kansas","Phillips County",2,77,38,14,24
050,20,147,"Kansas","Phillips County",2,78,37,18,19
050,20,147,"Kansas","Phillips County",2,79,32,19,13
050,20,147,"Kansas","Phillips County",2,80,31,17,14
050,20,147,"Kansas","Phillips County",2,81,33,16,17
050,20,147,"Kansas","Phillips County",2,82,32,13,19
050,20,147,"Kansas","Phillips County",2,83,30,12,18
050,20,147,"Kansas","Phillips County",2,84,25,13,12
050,20,147,"Kansas","Phillips County",2,85,155,50,105
050,20,147,"Kansas","Phillips County",3,0,45,17,28
050,20,147,"Kansas","Phillips County",3,1,62,27,35
050,20,147,"Kansas","Phillips County",3,2,63,35,28
050,20,147,"Kansas","Phillips County",3,3,56,29,27
050,20,147,"Kansas","Phillips County",3,4,50,26,24
050,20,147,"Kansas","Phillips County",3,5,50,26,24
050,20,147,"Kansas","Phillips County",3,6,61,32,29
050,20,147,"Kansas","Phillips County",3,7,66,38,28
050,20,147,"Kansas","Phillips County",3,8,55,28,27
050,20,147,"Kansas","Phillips County",3,9,57,28,29
050,20,147,"Kansas","Phillips County",3,10,63,32,31
050,20,147,"Kansas","Phillips County",3,11,60,34,26
050,20,147,"Kansas","Phillips County",3,12,63,35,28
050,20,147,"Kansas","Phillips County",3,13,60,34,26
050,20,147,"Kansas","Phillips County",3,14,70,34,36
050,20,147,"Kansas","Phillips County",3,15,69,35,34
050,20,147,"Kansas","Phillips County",3,16,64,34,30
050,20,147,"Kansas","Phillips County",3,17,66,34,32
050,20,147,"Kansas","Phillips County",3,18,59,33,26
050,20,147,"Kansas","Phillips County",3,19,42,23,19
050,20,147,"Kansas","Phillips County",3,20,46,22,24
050,20,147,"Kansas","Phillips County",3,21,52,23,29
050,20,147,"Kansas","Phillips County",3,22,49,20,29
050,20,147,"Kansas","Phillips County",3,23,43,20,23
050,20,147,"Kansas","Phillips County",3,24,44,23,21
050,20,147,"Kansas","Phillips County",3,25,46,26,20
050,20,147,"Kansas","Phillips County",3,26,55,26,29
050,20,147,"Kansas","Phillips County",3,27,49,20,29
050,20,147,"Kansas","Phillips County",3,28,50,23,27
050,20,147,"Kansas","Phillips County",3,29,47,23,24
050,20,147,"Kansas","Phillips County",3,30,45,24,21
050,20,147,"Kansas","Phillips County",3,31,51,25,26
050,20,147,"Kansas","Phillips County",3,32,44,26,18
050,20,147,"Kansas","Phillips County",3,33,47,27,20
050,20,147,"Kansas","Phillips County",3,34,40,19,21
050,20,147,"Kansas","Phillips County",3,35,50,26,24
050,20,147,"Kansas","Phillips County",3,36,51,22,29
050,20,147,"Kansas","Phillips County",3,37,47,25,22
050,20,147,"Kansas","Phillips County",3,38,59,31,28
050,20,147,"Kansas","Phillips County",3,39,58,30,28
050,20,147,"Kansas","Phillips County",3,40,51,27,24
050,20,147,"Kansas","Phillips County",3,41,56,31,25
050,20,147,"Kansas","Phillips County",3,42,51,32,19
050,20,147,"Kansas","Phillips County",3,43,39,21,18
050,20,147,"Kansas","Phillips County",3,44,41,20,21
050,20,147,"Kansas","Phillips County",3,45,50,24,26
050,20,147,"Kansas","Phillips County",3,46,52,27,25
050,20,147,"Kansas","Phillips County",3,47,43,21,22
050,20,147,"Kansas","Phillips County",3,48,48,27,21
050,20,147,"Kansas","Phillips County",3,49,55,26,29
050,20,147,"Kansas","Phillips County",3,50,55,26,29
050,20,147,"Kansas","Phillips County",3,51,53,29,24
050,20,147,"Kansas","Phillips County",3,52,48,25,23
050,20,147,"Kansas","Phillips County",3,53,51,26,25
050,20,147,"Kansas","Phillips County",3,54,54,23,31
050,20,147,"Kansas","Phillips County",3,55,48,22,26
050,20,147,"Kansas","Phillips County",3,56,59,27,32
050,20,147,"Kansas","Phillips County",3,57,69,32,37
050,20,147,"Kansas","Phillips County",3,58,82,38,44
050,20,147,"Kansas","Phillips County",3,59,81,38,43
050,20,147,"Kansas","Phillips County",3,60,85,43,42
050,20,147,"Kansas","Phillips County",3,61,78,34,44
050,20,147,"Kansas","Phillips County",3,62,69,35,34
050,20,147,"Kansas","Phillips County",3,63,70,38,32
050,20,147,"Kansas","Phillips County",3,64,71,38,33
050,20,147,"Kansas","Phillips County",3,65,74,42,32
050,20,147,"Kansas","Phillips County",3,66,75,45,30
050,20,147,"Kansas","Phillips County",3,67,74,40,34
050,20,147,"Kansas","Phillips County",3,68,75,37,38
050,20,147,"Kansas","Phillips County",3,69,70,33,37
050,20,147,"Kansas","Phillips County",3,70,72,36,36
050,20,147,"Kansas","Phillips County",3,71,68,32,36
050,20,147,"Kansas","Phillips County",3,72,77,41,36
050,20,147,"Kansas","Phillips County",3,73,72,38,34
050,20,147,"Kansas","Phillips County",3,74,63,38,25
050,20,147,"Kansas","Phillips County",3,75,45,26,19
050,20,147,"Kansas","Phillips County",3,76,45,22,23
050,20,147,"Kansas","Phillips County",3,77,37,16,21
050,20,147,"Kansas","Phillips County",3,78,34,13,21
050,20,147,"Kansas","Phillips County",3,79,35,17,18
050,20,147,"Kansas","Phillips County",3,80,28,17,11
050,20,147,"Kansas","Phillips County",3,81,31,17,14
050,20,147,"Kansas","Phillips County",3,82,31,14,17
050,20,147,"Kansas","Phillips County",3,83,27,12,15
050,20,147,"Kansas","Phillips County",3,84,29,12,17
050,20,147,"Kansas","Phillips County",3,85,144,49,95
050,20,147,"Kansas","Phillips County",4,0,53,31,22
050,20,147,"Kansas","Phillips County",4,1,50,16,34
050,20,147,"Kansas","Phillips County",4,2,54,25,29
050,20,147,"Kansas","Phillips County",4,3,62,34,28
050,20,147,"Kansas","Phillips County",4,4,51,26,25
050,20,147,"Kansas","Phillips County",4,5,51,26,25
050,20,147,"Kansas","Phillips County",4,6,47,25,22
050,20,147,"Kansas","Phillips County",4,7,60,32,28
050,20,147,"Kansas","Phillips County",4,8,68,40,28
050,20,147,"Kansas","Phillips County",4,9,57,29,28
050,20,147,"Kansas","Phillips County",4,10,58,28,30
050,20,147,"Kansas","Phillips County",4,11,60,29,31
050,20,147,"Kansas","Phillips County",4,12,61,36,25
050,20,147,"Kansas","Phillips County",4,13,63,34,29
050,20,147,"Kansas","Phillips County",4,14,63,35,28
050,20,147,"Kansas","Phillips County",4,15,72,36,36
050,20,147,"Kansas","Phillips County",4,16,69,37,32
050,20,147,"Kansas","Phillips County",4,17,63,33,30
050,20,147,"Kansas","Phillips County",4,18,55,30,25
050,20,147,"Kansas","Phillips County",4,19,47,27,20
050,20,147,"Kansas","Phillips County",4,20,44,25,19
050,20,147,"Kansas","Phillips County",4,21,44,25,19
050,20,147,"Kansas","Phillips County",4,22,54,22,32
050,20,147,"Kansas","Phillips County",4,23,55,20,35
050,20,147,"Kansas","Phillips County",4,24,36,17,19
050,20,147,"Kansas","Phillips County",4,25,40,22,18
050,20,147,"Kansas","Phillips County",4,26,42,24,18
050,20,147,"Kansas","Phillips County",4,27,46,22,24
050,20,147,"Kansas","Phillips County",4,28,49,20,29
050,20,147,"Kansas","Phillips County",4,29,46,20,26
050,20,147,"Kansas","Phillips County",4,30,49,27,22
050,20,147,"Kansas","Phillips County",4,31,46,24,22
050,20,147,"Kansas","Phillips County",4,32,47,21,26
050,20,147,"Kansas","Phillips County",4,33,41,25,16
050,20,147,"Kansas","Phillips County",4,34,45,25,20
050,20,147,"Kansas","Phillips County",4,35,40,20,20
050,20,147,"Kansas","Phillips County",4,36,51,25,26
050,20,147,"Kansas","Phillips County",4,37,54,24,30
050,20,147,"Kansas","Phillips County",4,38,54,30,24
050,20,147,"Kansas","Phillips County",4,39,57,31,26
050,20,147,"Kansas","Phillips County",4,40,59,31,28
050,20,147,"Kansas","Phillips County",4,41,52,28,24
050,20,147,"Kansas","Phillips County",4,42,57,32,25
050,20,147,"Kansas","Phillips County",4,43,49,30,19
050,20,147,"Kansas","Phillips County",4,44,43,24,19
050,20,147,"Kansas","Phillips County",4,45,42,21,21
050,20,147,"Kansas","Phillips County",4,46,50,24,26
050,20,147,"Kansas","Phillips County",4,47,54,29,25
050,20,147,"Kansas","Phillips County",4,48,44,21,23
050,20,147,"Kansas","Phillips County",4,49,53,30,23
050,20,147,"Kansas","Phillips County",4,50,53,25,28
050,20,147,"Kansas","Phillips County",4,51,52,25,27
050,20,147,"Kansas","Phillips County",4,52,53,28,25
050,20,147,"Kansas","Phillips County",4,53,46,28,18
050,20,147,"Kansas","Phillips County",4,54,50,25,25
050,20,147,"Kansas","Phillips County",4,55,53,22,31
050,20,147,"Kansas","Phillips County",4,56,54,25,29
050,20,147,"Kansas","Phillips County",4,57,58,25,33
050,20,147,"Kansas","Phillips County",4,58,73,35,38
050,20,147,"Kansas","Phillips County",4,59,79,37,42
050,20,147,"Kansas","Phillips County",4,60,86,41,45
050,20,147,"Kansas","Phillips County",4,61,87,43,44
050,20,147,"Kansas","Phillips County",4,62,85,40,45
050,20,147,"Kansas","Phillips County",4,63,69,35,34
050,20,147,"Kansas","Phillips County",4,64,69,36,33
050,20,147,"Kansas","Phillips County",4,65,75,40,35
050,20,147,"Kansas","Phillips County",4,66,74,41,33
050,20,147,"Kansas","Phillips County",4,67,71,42,29
050,20,147,"Kansas","Phillips County",4,68,73,41,32
050,20,147,"Kansas","Phillips County",4,69,68,32,36
050,20,147,"Kansas","Phillips County",4,70,69,33,36
050,20,147,"Kansas","Phillips County",4,71,68,34,34
050,20,147,"Kansas","Phillips County",4,72,70,32,38
050,20,147,"Kansas","Phillips County",4,73,69,40,29
050,20,147,"Kansas","Phillips County",4,74,68,37,31
050,20,147,"Kansas","Phillips County",4,75,64,37,27
050,20,147,"Kansas","Phillips County",4,76,41,24,17
050,20,147,"Kansas","Phillips County",4,77,44,19,25
050,20,147,"Kansas","Phillips County",4,78,34,15,19
050,20,147,"Kansas","Phillips County",4,79,32,12,20
050,20,147,"Kansas","Phillips County",4,80,36,18,18
050,20,147,"Kansas","Phillips County",4,81,29,17,12
050,20,147,"Kansas","Phillips County",4,82,31,16,15
050,20,147,"Kansas","Phillips County",4,83,28,13,15
050,20,147,"Kansas","Phillips County",4,84,24,11,13
050,20,147,"Kansas","Phillips County",4,85,141,47,94
050,20,147,"Kansas","Phillips County",5,0,52,31,21
050,20,147,"Kansas","Phillips County",5,1,55,31,24
050,20,147,"Kansas","Phillips County",5,2,47,14,33
050,20,147,"Kansas","Phillips County",5,3,57,26,31
050,20,147,"Kansas","Phillips County",5,4,62,32,30
050,20,147,"Kansas","Phillips County",5,5,55,28,27
050,20,147,"Kansas","Phillips County",5,6,53,26,27
050,20,147,"Kansas","Phillips County",5,7,47,23,24
050,20,147,"Kansas","Phillips County",5,8,61,30,31
050,20,147,"Kansas","Phillips County",5,9,64,36,28
050,20,147,"Kansas","Phillips County",5,10,56,30,26
050,20,147,"Kansas","Phillips County",5,11,57,26,31
050,20,147,"Kansas","Phillips County",5,12,63,32,31
050,20,147,"Kansas","Phillips County",5,13,61,37,24
050,20,147,"Kansas","Phillips County",5,14,67,37,30
050,20,147,"Kansas","Phillips County",5,15,62,35,27
050,20,147,"Kansas","Phillips County",5,16,74,37,37
050,20,147,"Kansas","Phillips County",5,17,73,39,34
050,20,147,"Kansas","Phillips County",5,18,55,30,25
050,20,147,"Kansas","Phillips County",5,19,44,24,20
050,20,147,"Kansas","Phillips County",5,20,47,27,20
050,20,147,"Kansas","Phillips County",5,21,46,26,20
050,20,147,"Kansas","Phillips County",5,22,40,25,15
050,20,147,"Kansas","Phillips County",5,23,56,23,33
050,20,147,"Kansas","Phillips County",5,24,48,21,27
050,20,147,"Kansas","Phillips County",5,25,40,18,22
050,20,147,"Kansas","Phillips County",5,26,39,24,15
050,20,147,"Kansas","Phillips County",5,27,42,23,19
050,20,147,"Kansas","Phillips County",5,28,49,25,24
050,20,147,"Kansas","Phillips County",5,29,57,22,35
050,20,147,"Kansas","Phillips County",5,30,50,23,27
050,20,147,"Kansas","Phillips County",5,31,51,28,23
050,20,147,"Kansas","Phillips County",5,32,45,23,22
050,20,147,"Kansas","Phillips County",5,33,52,22,30
050,20,147,"Kansas","Phillips County",5,34,44,26,18
050,20,147,"Kansas","Phillips County",5,35,47,29,18
050,20,147,"Kansas","Phillips County",5,36,42,22,20
050,20,147,"Kansas","Phillips County",5,37,50,23,27
050,20,147,"Kansas","Phillips County",5,38,48,20,28
050,20,147,"Kansas","Phillips County",5,39,55,30,25
050,20,147,"Kansas","Phillips County",5,40,58,32,26
050,20,147,"Kansas","Phillips County",5,41,56,31,25
050,20,147,"Kansas","Phillips County",5,42,52,28,24
050,20,147,"Kansas","Phillips County",5,43,56,32,24
050,20,147,"Kansas","Phillips County",5,44,51,31,20
050,20,147,"Kansas","Phillips County",5,45,49,29,20
050,20,147,"Kansas","Phillips County",5,46,40,19,21
050,20,147,"Kansas","Phillips County",5,47,53,25,28
050,20,147,"Kansas","Phillips County",5,48,52,28,24
050,20,147,"Kansas","Phillips County",5,49,44,20,24
050,20,147,"Kansas","Phillips County",5,50,47,27,20
050,20,147,"Kansas","Phillips County",5,51,52,26,26
050,20,147,"Kansas","Phillips County",5,52,51,26,25
050,20,147,"Kansas","Phillips County",5,53,54,29,25
050,20,147,"Kansas","Phillips County",5,54,42,24,18
050,20,147,"Kansas","Phillips County",5,55,53,25,28
050,20,147,"Kansas","Phillips County",5,56,52,22,30
050,20,147,"Kansas","Phillips County",5,57,51,22,29
050,20,147,"Kansas","Phillips County",5,58,59,25,34
050,20,147,"Kansas","Phillips County",5,59,72,35,37
050,20,147,"Kansas","Phillips County",5,60,79,36,43
050,20,147,"Kansas","Phillips County",5,61,82,38,44
050,20,147,"Kansas","Phillips County",5,62,85,45,40
050,20,147,"Kansas","Phillips County",5,63,86,42,44
050,20,147,"Kansas","Phillips County",5,64,64,33,31
050,20,147,"Kansas","Phillips County",5,65,71,36,35
050,20,147,"Kansas","Phillips County",5,66,78,43,35
050,20,147,"Kansas","Phillips County",5,67,70,40,30
050,20,147,"Kansas","Phillips County",5,68,67,39,28
050,20,147,"Kansas","Phillips County",5,69,68,40,28
050,20,147,"Kansas","Phillips County",5,70,65,31,34
050,20,147,"Kansas","Phillips County",5,71,64,30,34
050,20,147,"Kansas","Phillips County",5,72,68,32,36
050,20,147,"Kansas","Phillips County",5,73,65,33,32
050,20,147,"Kansas","Phillips County",5,74,65,38,27
050,20,147,"Kansas","Phillips County",5,75,65,33,32
050,20,147,"Kansas","Phillips County",5,76,60,35,25
050,20,147,"Kansas","Phillips County",5,77,40,22,18
050,20,147,"Kansas","Phillips County",5,78,40,18,22
050,20,147,"Kansas","Phillips County",5,79,31,13,18
050,20,147,"Kansas","Phillips County",5,80,30,11,19
050,20,147,"Kansas","Phillips County",5,81,37,18,19
050,20,147,"Kansas","Phillips County",5,82,29,16,13
050,20,147,"Kansas","Phillips County",5,83,30,15,15
050,20,147,"Kansas","Phillips County",5,84,25,10,15
050,20,147,"Kansas","Phillips County",5,85,140,46,94
050,20,149,"Kansas","Pottawatomie County",1,0,375,191,184
050,20,149,"Kansas","Pottawatomie County",1,1,392,195,197
050,20,149,"Kansas","Pottawatomie County",1,2,392,182,210
050,20,149,"Kansas","Pottawatomie County",1,3,382,180,202
050,20,149,"Kansas","Pottawatomie County",1,4,379,180,199
050,20,149,"Kansas","Pottawatomie County",1,5,375,185,190
050,20,149,"Kansas","Pottawatomie County",1,6,393,199,194
050,20,149,"Kansas","Pottawatomie County",1,7,425,216,209
050,20,149,"Kansas","Pottawatomie County",1,8,438,226,212
050,20,149,"Kansas","Pottawatomie County",1,9,435,206,229
050,20,149,"Kansas","Pottawatomie County",1,10,420,208,212
050,20,149,"Kansas","Pottawatomie County",1,11,418,210,208
050,20,149,"Kansas","Pottawatomie County",1,12,477,246,231
050,20,149,"Kansas","Pottawatomie County",1,13,456,246,210
050,20,149,"Kansas","Pottawatomie County",1,14,403,221,182
050,20,149,"Kansas","Pottawatomie County",1,15,419,209,210
050,20,149,"Kansas","Pottawatomie County",1,16,426,211,215
050,20,149,"Kansas","Pottawatomie County",1,17,412,206,206
050,20,149,"Kansas","Pottawatomie County",1,18,349,191,158
050,20,149,"Kansas","Pottawatomie County",1,19,291,147,144
050,20,149,"Kansas","Pottawatomie County",1,20,286,149,137
050,20,149,"Kansas","Pottawatomie County",1,21,292,152,140
050,20,149,"Kansas","Pottawatomie County",1,22,262,142,120
050,20,149,"Kansas","Pottawatomie County",1,23,268,136,132
050,20,149,"Kansas","Pottawatomie County",1,24,286,159,127
050,20,149,"Kansas","Pottawatomie County",1,25,271,134,137
050,20,149,"Kansas","Pottawatomie County",1,26,268,138,130
050,20,149,"Kansas","Pottawatomie County",1,27,300,149,151
050,20,149,"Kansas","Pottawatomie County",1,28,323,163,160
050,20,149,"Kansas","Pottawatomie County",1,29,297,151,146
050,20,149,"Kansas","Pottawatomie County",1,30,290,145,145
050,20,149,"Kansas","Pottawatomie County",1,31,324,154,170
050,20,149,"Kansas","Pottawatomie County",1,32,331,162,169
050,20,149,"Kansas","Pottawatomie County",1,33,303,141,162
050,20,149,"Kansas","Pottawatomie County",1,34,345,179,166
050,20,149,"Kansas","Pottawatomie County",1,35,343,169,174
050,20,149,"Kansas","Pottawatomie County",1,36,355,183,172
050,20,149,"Kansas","Pottawatomie County",1,37,376,189,187
050,20,149,"Kansas","Pottawatomie County",1,38,393,199,194
050,20,149,"Kansas","Pottawatomie County",1,39,367,187,180
050,20,149,"Kansas","Pottawatomie County",1,40,374,180,194
050,20,149,"Kansas","Pottawatomie County",1,41,343,190,153
050,20,149,"Kansas","Pottawatomie County",1,42,319,173,146
050,20,149,"Kansas","Pottawatomie County",1,43,331,178,153
050,20,149,"Kansas","Pottawatomie County",1,44,277,151,126
050,20,149,"Kansas","Pottawatomie County",1,45,274,138,136
050,20,149,"Kansas","Pottawatomie County",1,46,256,132,124
050,20,149,"Kansas","Pottawatomie County",1,47,259,134,125
050,20,149,"Kansas","Pottawatomie County",1,48,275,149,126
050,20,149,"Kansas","Pottawatomie County",1,49,265,137,128
050,20,149,"Kansas","Pottawatomie County",1,50,265,132,133
050,20,149,"Kansas","Pottawatomie County",1,51,273,130,143
050,20,149,"Kansas","Pottawatomie County",1,52,245,121,124
050,20,149,"Kansas","Pottawatomie County",1,53,244,121,123
050,20,149,"Kansas","Pottawatomie County",1,54,252,128,124
050,20,149,"Kansas","Pottawatomie County",1,55,277,144,133
050,20,149,"Kansas","Pottawatomie County",1,56,318,156,162
050,20,149,"Kansas","Pottawatomie County",1,57,314,158,156
050,20,149,"Kansas","Pottawatomie County",1,58,317,160,157
050,20,149,"Kansas","Pottawatomie County",1,59,346,175,171
050,20,149,"Kansas","Pottawatomie County",1,60,303,152,151
050,20,149,"Kansas","Pottawatomie County",1,61,301,149,152
050,20,149,"Kansas","Pottawatomie County",1,62,310,144,166
050,20,149,"Kansas","Pottawatomie County",1,63,291,140,151
050,20,149,"Kansas","Pottawatomie County",1,64,301,146,155
050,20,149,"Kansas","Pottawatomie County",1,65,266,134,132
050,20,149,"Kansas","Pottawatomie County",1,66,253,132,121
050,20,149,"Kansas","Pottawatomie County",1,67,249,118,131
050,20,149,"Kansas","Pottawatomie County",1,68,240,115,125
050,20,149,"Kansas","Pottawatomie County",1,69,225,111,114
050,20,149,"Kansas","Pottawatomie County",1,70,209,110,99
050,20,149,"Kansas","Pottawatomie County",1,71,210,111,99
050,20,149,"Kansas","Pottawatomie County",1,72,227,110,117
050,20,149,"Kansas","Pottawatomie County",1,73,191,100,91
050,20,149,"Kansas","Pottawatomie County",1,74,136,71,65
050,20,149,"Kansas","Pottawatomie County",1,75,128,68,60
050,20,149,"Kansas","Pottawatomie County",1,76,132,69,63
050,20,149,"Kansas","Pottawatomie County",1,77,134,56,78
050,20,149,"Kansas","Pottawatomie County",1,78,118,57,61
050,20,149,"Kansas","Pottawatomie County",1,79,102,41,61
050,20,149,"Kansas","Pottawatomie County",1,80,91,38,53
050,20,149,"Kansas","Pottawatomie County",1,81,94,43,51
050,20,149,"Kansas","Pottawatomie County",1,82,80,29,51
050,20,149,"Kansas","Pottawatomie County",1,83,69,27,42
050,20,149,"Kansas","Pottawatomie County",1,84,64,26,38
050,20,149,"Kansas","Pottawatomie County",1,85,458,155,303
050,20,149,"Kansas","Pottawatomie County",2,0,372,199,173
050,20,149,"Kansas","Pottawatomie County",2,1,383,192,191
050,20,149,"Kansas","Pottawatomie County",2,2,392,188,204
050,20,149,"Kansas","Pottawatomie County",2,3,382,179,203
050,20,149,"Kansas","Pottawatomie County",2,4,380,181,199
050,20,149,"Kansas","Pottawatomie County",2,5,378,186,192
050,20,149,"Kansas","Pottawatomie County",2,6,391,198,193
050,20,149,"Kansas","Pottawatomie County",2,7,419,214,205
050,20,149,"Kansas","Pottawatomie County",2,8,434,223,211
050,20,149,"Kansas","Pottawatomie County",2,9,434,210,224
050,20,149,"Kansas","Pottawatomie County",2,10,423,206,217
050,20,149,"Kansas","Pottawatomie County",2,11,421,210,211
050,20,149,"Kansas","Pottawatomie County",2,12,464,238,226
050,20,149,"Kansas","Pottawatomie County",2,13,460,246,214
050,20,149,"Kansas","Pottawatomie County",2,14,413,224,189
050,20,149,"Kansas","Pottawatomie County",2,15,418,213,205
050,20,149,"Kansas","Pottawatomie County",2,16,431,215,216
050,20,149,"Kansas","Pottawatomie County",2,17,419,209,210
050,20,149,"Kansas","Pottawatomie County",2,18,350,187,163
050,20,149,"Kansas","Pottawatomie County",2,19,293,151,142
050,20,149,"Kansas","Pottawatomie County",2,20,292,151,141
050,20,149,"Kansas","Pottawatomie County",2,21,291,152,139
050,20,149,"Kansas","Pottawatomie County",2,22,269,143,126
050,20,149,"Kansas","Pottawatomie County",2,23,269,139,130
050,20,149,"Kansas","Pottawatomie County",2,24,278,151,127
050,20,149,"Kansas","Pottawatomie County",2,25,273,139,134
050,20,149,"Kansas","Pottawatomie County",2,26,271,139,132
050,20,149,"Kansas","Pottawatomie County",2,27,297,149,148
050,20,149,"Kansas","Pottawatomie County",2,28,319,162,157
050,20,149,"Kansas","Pottawatomie County",2,29,303,155,148
050,20,149,"Kansas","Pottawatomie County",2,30,293,146,147
050,20,149,"Kansas","Pottawatomie County",2,31,317,152,165
050,20,149,"Kansas","Pottawatomie County",2,32,332,161,171
050,20,149,"Kansas","Pottawatomie County",2,33,311,148,163
050,20,149,"Kansas","Pottawatomie County",2,34,334,170,164
050,20,149,"Kansas","Pottawatomie County",2,35,350,174,176
050,20,149,"Kansas","Pottawatomie County",2,36,345,176,169
050,20,149,"Kansas","Pottawatomie County",2,37,372,187,185
050,20,149,"Kansas","Pottawatomie County",2,38,388,196,192
050,20,149,"Kansas","Pottawatomie County",2,39,376,191,185
050,20,149,"Kansas","Pottawatomie County",2,40,378,184,194
050,20,149,"Kansas","Pottawatomie County",2,41,351,187,164
050,20,149,"Kansas","Pottawatomie County",2,42,323,176,147
050,20,149,"Kansas","Pottawatomie County",2,43,328,177,151
050,20,149,"Kansas","Pottawatomie County",2,44,290,157,133
050,20,149,"Kansas","Pottawatomie County",2,45,278,142,136
050,20,149,"Kansas","Pottawatomie County",2,46,260,132,128
050,20,149,"Kansas","Pottawatomie County",2,47,260,135,125
050,20,149,"Kansas","Pottawatomie County",2,48,269,146,123
050,20,149,"Kansas","Pottawatomie County",2,49,267,140,127
050,20,149,"Kansas","Pottawatomie County",2,50,264,134,130
050,20,149,"Kansas","Pottawatomie County",2,51,269,129,140
050,20,149,"Kansas","Pottawatomie County",2,52,254,124,130
050,20,149,"Kansas","Pottawatomie County",2,53,241,119,122
050,20,149,"Kansas","Pottawatomie County",2,54,250,127,123
050,20,149,"Kansas","Pottawatomie County",2,55,273,141,132
050,20,149,"Kansas","Pottawatomie County",2,56,307,153,154
050,20,149,"Kansas","Pottawatomie County",2,57,316,158,158
050,20,149,"Kansas","Pottawatomie County",2,58,315,159,156
050,20,149,"Kansas","Pottawatomie County",2,59,342,172,170
050,20,149,"Kansas","Pottawatomie County",2,60,315,159,156
050,20,149,"Kansas","Pottawatomie County",2,61,301,150,151
050,20,149,"Kansas","Pottawatomie County",2,62,308,145,163
050,20,149,"Kansas","Pottawatomie County",2,63,297,141,156
050,20,149,"Kansas","Pottawatomie County",2,64,299,144,155
050,20,149,"Kansas","Pottawatomie County",2,65,275,137,138
050,20,149,"Kansas","Pottawatomie County",2,66,256,132,124
050,20,149,"Kansas","Pottawatomie County",2,67,249,121,128
050,20,149,"Kansas","Pottawatomie County",2,68,239,114,125
050,20,149,"Kansas","Pottawatomie County",2,69,231,113,118
050,20,149,"Kansas","Pottawatomie County",2,70,213,111,102
050,20,149,"Kansas","Pottawatomie County",2,71,210,109,101
050,20,149,"Kansas","Pottawatomie County",2,72,219,108,111
050,20,149,"Kansas","Pottawatomie County",2,73,211,108,103
050,20,149,"Kansas","Pottawatomie County",2,74,140,74,66
050,20,149,"Kansas","Pottawatomie County",2,75,129,68,61
050,20,149,"Kansas","Pottawatomie County",2,76,127,65,62
050,20,149,"Kansas","Pottawatomie County",2,77,135,60,75
050,20,149,"Kansas","Pottawatomie County",2,78,118,54,64
050,20,149,"Kansas","Pottawatomie County",2,79,105,44,61
050,20,149,"Kansas","Pottawatomie County",2,80,92,38,54
050,20,149,"Kansas","Pottawatomie County",2,81,91,42,49
050,20,149,"Kansas","Pottawatomie County",2,82,84,32,52
050,20,149,"Kansas","Pottawatomie County",2,83,71,27,44
050,20,149,"Kansas","Pottawatomie County",2,84,66,27,39
050,20,149,"Kansas","Pottawatomie County",2,85,458,155,303
050,20,149,"Kansas","Pottawatomie County",3,0,365,188,177
050,20,149,"Kansas","Pottawatomie County",3,1,366,191,175
050,20,149,"Kansas","Pottawatomie County",3,2,398,198,200
050,20,149,"Kansas","Pottawatomie County",3,3,408,201,207
050,20,149,"Kansas","Pottawatomie County",3,4,382,181,201
050,20,149,"Kansas","Pottawatomie County",3,5,408,189,219
050,20,149,"Kansas","Pottawatomie County",3,6,394,193,201
050,20,149,"Kansas","Pottawatomie County",3,7,394,196,198
050,20,149,"Kansas","Pottawatomie County",3,8,419,211,208
050,20,149,"Kansas","Pottawatomie County",3,9,443,222,221
050,20,149,"Kansas","Pottawatomie County",3,10,458,222,236
050,20,149,"Kansas","Pottawatomie County",3,11,442,217,225
050,20,149,"Kansas","Pottawatomie County",3,12,436,216,220
050,20,149,"Kansas","Pottawatomie County",3,13,461,234,227
050,20,149,"Kansas","Pottawatomie County",3,14,480,254,226
050,20,149,"Kansas","Pottawatomie County",3,15,426,230,196
050,20,149,"Kansas","Pottawatomie County",3,16,424,215,209
050,20,149,"Kansas","Pottawatomie County",3,17,434,219,215
050,20,149,"Kansas","Pottawatomie County",3,18,367,190,177
050,20,149,"Kansas","Pottawatomie County",3,19,304,165,139
050,20,149,"Kansas","Pottawatomie County",3,20,300,153,147
050,20,149,"Kansas","Pottawatomie County",3,21,286,149,137
050,20,149,"Kansas","Pottawatomie County",3,22,279,141,138
050,20,149,"Kansas","Pottawatomie County",3,23,284,161,123
050,20,149,"Kansas","Pottawatomie County",3,24,265,139,126
050,20,149,"Kansas","Pottawatomie County",3,25,268,146,122
050,20,149,"Kansas","Pottawatomie County",3,26,290,146,144
050,20,149,"Kansas","Pottawatomie County",3,27,265,139,126
050,20,149,"Kansas","Pottawatomie County",3,28,291,150,141
050,20,149,"Kansas","Pottawatomie County",3,29,331,166,165
050,20,149,"Kansas","Pottawatomie County",3,30,315,161,154
050,20,149,"Kansas","Pottawatomie County",3,31,283,142,141
050,20,149,"Kansas","Pottawatomie County",3,32,349,173,176
050,20,149,"Kansas","Pottawatomie County",3,33,341,165,176
050,20,149,"Kansas","Pottawatomie County",3,34,316,147,169
050,20,149,"Kansas","Pottawatomie County",3,35,350,179,171
050,20,149,"Kansas","Pottawatomie County",3,36,351,179,172
050,20,149,"Kansas","Pottawatomie County",3,37,350,183,167
050,20,149,"Kansas","Pottawatomie County",3,38,391,192,199
050,20,149,"Kansas","Pottawatomie County",3,39,393,195,198
050,20,149,"Kansas","Pottawatomie County",3,40,383,199,184
050,20,149,"Kansas","Pottawatomie County",3,41,379,185,194
050,20,149,"Kansas","Pottawatomie County",3,42,355,186,169
050,20,149,"Kansas","Pottawatomie County",3,43,329,181,148
050,20,149,"Kansas","Pottawatomie County",3,44,323,180,143
050,20,149,"Kansas","Pottawatomie County",3,45,280,156,124
050,20,149,"Kansas","Pottawatomie County",3,46,283,145,138
050,20,149,"Kansas","Pottawatomie County",3,47,265,136,129
050,20,149,"Kansas","Pottawatomie County",3,48,269,142,127
050,20,149,"Kansas","Pottawatomie County",3,49,279,147,132
050,20,149,"Kansas","Pottawatomie County",3,50,267,136,131
050,20,149,"Kansas","Pottawatomie County",3,51,261,133,128
050,20,149,"Kansas","Pottawatomie County",3,52,276,135,141
050,20,149,"Kansas","Pottawatomie County",3,53,251,123,128
050,20,149,"Kansas","Pottawatomie County",3,54,244,128,116
050,20,149,"Kansas","Pottawatomie County",3,55,259,131,128
050,20,149,"Kansas","Pottawatomie County",3,56,279,143,136
050,20,149,"Kansas","Pottawatomie County",3,57,303,151,152
050,20,149,"Kansas","Pottawatomie County",3,58,313,164,149
050,20,149,"Kansas","Pottawatomie County",3,59,311,155,156
050,20,149,"Kansas","Pottawatomie County",3,60,337,171,166
050,20,149,"Kansas","Pottawatomie County",3,61,321,162,159
050,20,149,"Kansas","Pottawatomie County",3,62,305,149,156
050,20,149,"Kansas","Pottawatomie County",3,63,313,149,164
050,20,149,"Kansas","Pottawatomie County",3,64,297,140,157
050,20,149,"Kansas","Pottawatomie County",3,65,298,144,154
050,20,149,"Kansas","Pottawatomie County",3,66,273,130,143
050,20,149,"Kansas","Pottawatomie County",3,67,269,139,130
050,20,149,"Kansas","Pottawatomie County",3,68,252,123,129
050,20,149,"Kansas","Pottawatomie County",3,69,231,108,123
050,20,149,"Kansas","Pottawatomie County",3,70,231,116,115
050,20,149,"Kansas","Pottawatomie County",3,71,204,102,102
050,20,149,"Kansas","Pottawatomie County",3,72,206,106,100
050,20,149,"Kansas","Pottawatomie County",3,73,215,105,110
050,20,149,"Kansas","Pottawatomie County",3,74,210,108,102
050,20,149,"Kansas","Pottawatomie County",3,75,141,73,68
050,20,149,"Kansas","Pottawatomie County",3,76,130,66,64
050,20,149,"Kansas","Pottawatomie County",3,77,120,60,60
050,20,149,"Kansas","Pottawatomie County",3,78,133,64,69
050,20,149,"Kansas","Pottawatomie County",3,79,112,48,64
050,20,149,"Kansas","Pottawatomie County",3,80,98,41,57
050,20,149,"Kansas","Pottawatomie County",3,81,87,37,50
050,20,149,"Kansas","Pottawatomie County",3,82,89,35,54
050,20,149,"Kansas","Pottawatomie County",3,83,71,23,48
050,20,149,"Kansas","Pottawatomie County",3,84,68,25,43
050,20,149,"Kansas","Pottawatomie County",3,85,446,148,298
050,20,149,"Kansas","Pottawatomie County",4,0,372,180,192
050,20,149,"Kansas","Pottawatomie County",4,1,386,210,176
050,20,149,"Kansas","Pottawatomie County",4,2,354,192,162
050,20,149,"Kansas","Pottawatomie County",4,3,399,203,196
050,20,149,"Kansas","Pottawatomie County",4,4,412,194,218
050,20,149,"Kansas","Pottawatomie County",4,5,388,181,207
050,20,149,"Kansas","Pottawatomie County",4,6,423,207,216
050,20,149,"Kansas","Pottawatomie County",4,7,406,203,203
050,20,149,"Kansas","Pottawatomie County",4,8,410,211,199
050,20,149,"Kansas","Pottawatomie County",4,9,418,208,210
050,20,149,"Kansas","Pottawatomie County",4,10,455,228,227
050,20,149,"Kansas","Pottawatomie County",4,11,462,222,240
050,20,149,"Kansas","Pottawatomie County",4,12,456,218,238
050,20,149,"Kansas","Pottawatomie County",4,13,455,217,238
050,20,149,"Kansas","Pottawatomie County",4,14,491,250,241
050,20,149,"Kansas","Pottawatomie County",4,15,478,251,227
050,20,149,"Kansas","Pottawatomie County",4,16,450,244,206
050,20,149,"Kansas","Pottawatomie County",4,17,447,227,220
050,20,149,"Kansas","Pottawatomie County",4,18,386,197,189
050,20,149,"Kansas","Pottawatomie County",4,19,310,161,149
050,20,149,"Kansas","Pottawatomie County",4,20,297,167,130
050,20,149,"Kansas","Pottawatomie County",4,21,286,145,141
050,20,149,"Kansas","Pottawatomie County",4,22,274,136,138
050,20,149,"Kansas","Pottawatomie County",4,23,282,141,141
050,20,149,"Kansas","Pottawatomie County",4,24,287,154,133
050,20,149,"Kansas","Pottawatomie County",4,25,285,148,137
050,20,149,"Kansas","Pottawatomie County",4,26,275,153,122
050,20,149,"Kansas","Pottawatomie County",4,27,287,139,148
050,20,149,"Kansas","Pottawatomie County",4,28,266,135,131
050,20,149,"Kansas","Pottawatomie County",4,29,290,147,143
050,20,149,"Kansas","Pottawatomie County",4,30,324,164,160
050,20,149,"Kansas","Pottawatomie County",4,31,328,169,159
050,20,149,"Kansas","Pottawatomie County",4,32,305,156,149
050,20,149,"Kansas","Pottawatomie County",4,33,363,179,184
050,20,149,"Kansas","Pottawatomie County",4,34,348,171,177
050,20,149,"Kansas","Pottawatomie County",4,35,327,159,168
050,20,149,"Kansas","Pottawatomie County",4,36,362,185,177
050,20,149,"Kansas","Pottawatomie County",4,37,351,176,175
050,20,149,"Kansas","Pottawatomie County",4,38,375,197,178
050,20,149,"Kansas","Pottawatomie County",4,39,401,200,201
050,20,149,"Kansas","Pottawatomie County",4,40,394,199,195
050,20,149,"Kansas","Pottawatomie County",4,41,380,199,181
050,20,149,"Kansas","Pottawatomie County",4,42,384,194,190
050,20,149,"Kansas","Pottawatomie County",4,43,361,183,178
050,20,149,"Kansas","Pottawatomie County",4,44,337,183,154
050,20,149,"Kansas","Pottawatomie County",4,45,316,178,138
050,20,149,"Kansas","Pottawatomie County",4,46,276,156,120
050,20,149,"Kansas","Pottawatomie County",4,47,283,151,132
050,20,149,"Kansas","Pottawatomie County",4,48,261,134,127
050,20,149,"Kansas","Pottawatomie County",4,49,273,142,131
050,20,149,"Kansas","Pottawatomie County",4,50,278,146,132
050,20,149,"Kansas","Pottawatomie County",4,51,270,135,135
050,20,149,"Kansas","Pottawatomie County",4,52,255,131,124
050,20,149,"Kansas","Pottawatomie County",4,53,284,141,143
050,20,149,"Kansas","Pottawatomie County",4,54,254,125,129
050,20,149,"Kansas","Pottawatomie County",4,55,244,125,119
050,20,149,"Kansas","Pottawatomie County",4,56,255,129,126
050,20,149,"Kansas","Pottawatomie County",4,57,281,150,131
050,20,149,"Kansas","Pottawatomie County",4,58,311,156,155
050,20,149,"Kansas","Pottawatomie County",4,59,320,165,155
050,20,149,"Kansas","Pottawatomie County",4,60,310,152,158
050,20,149,"Kansas","Pottawatomie County",4,61,332,166,166
050,20,149,"Kansas","Pottawatomie County",4,62,322,165,157
050,20,149,"Kansas","Pottawatomie County",4,63,301,144,157
050,20,149,"Kansas","Pottawatomie County",4,64,309,149,160
050,20,149,"Kansas","Pottawatomie County",4,65,300,142,158
050,20,149,"Kansas","Pottawatomie County",4,66,289,138,151
050,20,149,"Kansas","Pottawatomie County",4,67,265,124,141
050,20,149,"Kansas","Pottawatomie County",4,68,266,135,131
050,20,149,"Kansas","Pottawatomie County",4,69,246,117,129
050,20,149,"Kansas","Pottawatomie County",4,70,234,111,123
050,20,149,"Kansas","Pottawatomie County",4,71,218,105,113
050,20,149,"Kansas","Pottawatomie County",4,72,200,104,96
050,20,149,"Kansas","Pottawatomie County",4,73,198,101,97
050,20,149,"Kansas","Pottawatomie County",4,74,210,104,106
050,20,149,"Kansas","Pottawatomie County",4,75,204,107,97
050,20,149,"Kansas","Pottawatomie County",4,76,137,66,71
050,20,149,"Kansas","Pottawatomie County",4,77,126,64,62
050,20,149,"Kansas","Pottawatomie County",4,78,121,66,55
050,20,149,"Kansas","Pottawatomie County",4,79,134,60,74
050,20,149,"Kansas","Pottawatomie County",4,80,108,45,63
050,20,149,"Kansas","Pottawatomie County",4,81,98,42,56
050,20,149,"Kansas","Pottawatomie County",4,82,86,33,53
050,20,149,"Kansas","Pottawatomie County",4,83,84,32,52
050,20,149,"Kansas","Pottawatomie County",4,84,70,24,46
050,20,149,"Kansas","Pottawatomie County",4,85,436,148,288
050,20,149,"Kansas","Pottawatomie County",5,0,369,178,191
050,20,149,"Kansas","Pottawatomie County",5,1,395,187,208
050,20,149,"Kansas","Pottawatomie County",5,2,355,198,157
050,20,149,"Kansas","Pottawatomie County",5,3,363,209,154
050,20,149,"Kansas","Pottawatomie County",5,4,405,206,199
050,20,149,"Kansas","Pottawatomie County",5,5,404,192,212
050,20,149,"Kansas","Pottawatomie County",5,6,381,181,200
050,20,149,"Kansas","Pottawatomie County",5,7,423,207,216
050,20,149,"Kansas","Pottawatomie County",5,8,400,204,196
050,20,149,"Kansas","Pottawatomie County",5,9,412,206,206
050,20,149,"Kansas","Pottawatomie County",5,10,420,216,204
050,20,149,"Kansas","Pottawatomie County",5,11,448,230,218
050,20,149,"Kansas","Pottawatomie County",5,12,452,214,238
050,20,149,"Kansas","Pottawatomie County",5,13,457,217,240
050,20,149,"Kansas","Pottawatomie County",5,14,465,225,240
050,20,149,"Kansas","Pottawatomie County",5,15,486,248,238
050,20,149,"Kansas","Pottawatomie County",5,16,479,257,222
050,20,149,"Kansas","Pottawatomie County",5,17,433,233,200
050,20,149,"Kansas","Pottawatomie County",5,18,386,200,186
050,20,149,"Kansas","Pottawatomie County",5,19,315,159,156
050,20,149,"Kansas","Pottawatomie County",5,20,298,159,139
050,20,149,"Kansas","Pottawatomie County",5,21,286,155,131
050,20,149,"Kansas","Pottawatomie County",5,22,283,142,141
050,20,149,"Kansas","Pottawatomie County",5,23,287,155,132
050,20,149,"Kansas","Pottawatomie County",5,24,274,134,140
050,20,149,"Kansas","Pottawatomie County",5,25,305,168,137
050,20,149,"Kansas","Pottawatomie County",5,26,280,147,133
050,20,149,"Kansas","Pottawatomie County",5,27,284,148,136
050,20,149,"Kansas","Pottawatomie County",5,28,285,140,145
050,20,149,"Kansas","Pottawatomie County",5,29,270,131,139
050,20,149,"Kansas","Pottawatomie County",5,30,302,155,147
050,20,149,"Kansas","Pottawatomie County",5,31,313,159,154
050,20,149,"Kansas","Pottawatomie County",5,32,337,176,161
050,20,149,"Kansas","Pottawatomie County",5,33,307,151,156
050,20,149,"Kansas","Pottawatomie County",5,34,357,178,179
050,20,149,"Kansas","Pottawatomie County",5,35,358,171,187
050,20,149,"Kansas","Pottawatomie County",5,36,310,157,153
050,20,149,"Kansas","Pottawatomie County",5,37,364,187,177
050,20,149,"Kansas","Pottawatomie County",5,38,358,181,177
050,20,149,"Kansas","Pottawatomie County",5,39,369,196,173
050,20,149,"Kansas","Pottawatomie County",5,40,393,196,197
050,20,149,"Kansas","Pottawatomie County",5,41,398,202,196
050,20,149,"Kansas","Pottawatomie County",5,42,385,202,183
050,20,149,"Kansas","Pottawatomie County",5,43,381,197,184
050,20,149,"Kansas","Pottawatomie County",5,44,364,185,179
050,20,149,"Kansas","Pottawatomie County",5,45,338,179,159
050,20,149,"Kansas","Pottawatomie County",5,46,326,181,145
050,20,149,"Kansas","Pottawatomie County",5,47,283,157,126
050,20,149,"Kansas","Pottawatomie County",5,48,286,151,135
050,20,149,"Kansas","Pottawatomie County",5,49,264,130,134
050,20,149,"Kansas","Pottawatomie County",5,50,275,143,132
050,20,149,"Kansas","Pottawatomie County",5,51,280,148,132
050,20,149,"Kansas","Pottawatomie County",5,52,263,138,125
050,20,149,"Kansas","Pottawatomie County",5,53,256,134,122
050,20,149,"Kansas","Pottawatomie County",5,54,279,136,143
050,20,149,"Kansas","Pottawatomie County",5,55,253,122,131
050,20,149,"Kansas","Pottawatomie County",5,56,240,121,119
050,20,149,"Kansas","Pottawatomie County",5,57,247,129,118
050,20,149,"Kansas","Pottawatomie County",5,58,271,143,128
050,20,149,"Kansas","Pottawatomie County",5,59,313,155,158
050,20,149,"Kansas","Pottawatomie County",5,60,321,166,155
050,20,149,"Kansas","Pottawatomie County",5,61,306,150,156
050,20,149,"Kansas","Pottawatomie County",5,62,339,173,166
050,20,149,"Kansas","Pottawatomie County",5,63,323,168,155
050,20,149,"Kansas","Pottawatomie County",5,64,300,146,154
050,20,149,"Kansas","Pottawatomie County",5,65,307,150,157
050,20,149,"Kansas","Pottawatomie County",5,66,295,141,154
050,20,149,"Kansas","Pottawatomie County",5,67,284,134,150
050,20,149,"Kansas","Pottawatomie County",5,68,262,122,140
050,20,149,"Kansas","Pottawatomie County",5,69,264,138,126
050,20,149,"Kansas","Pottawatomie County",5,70,250,123,127
050,20,149,"Kansas","Pottawatomie County",5,71,232,110,122
050,20,149,"Kansas","Pottawatomie County",5,72,213,106,107
050,20,149,"Kansas","Pottawatomie County",5,73,197,101,96
050,20,149,"Kansas","Pottawatomie County",5,74,194,102,92
050,20,149,"Kansas","Pottawatomie County",5,75,211,106,105
050,20,149,"Kansas","Pottawatomie County",5,76,199,98,101
050,20,149,"Kansas","Pottawatomie County",5,77,134,64,70
050,20,149,"Kansas","Pottawatomie County",5,78,131,69,62
050,20,149,"Kansas","Pottawatomie County",5,79,119,59,60
050,20,149,"Kansas","Pottawatomie County",5,80,129,59,70
050,20,149,"Kansas","Pottawatomie County",5,81,110,50,60
050,20,149,"Kansas","Pottawatomie County",5,82,92,37,55
050,20,149,"Kansas","Pottawatomie County",5,83,81,32,49
050,20,149,"Kansas","Pottawatomie County",5,84,82,31,51
050,20,149,"Kansas","Pottawatomie County",5,85,437,148,289
050,20,151,"Kansas","Pratt County",1,0,108,56,52
050,20,151,"Kansas","Pratt County",1,1,103,52,51
050,20,151,"Kansas","Pratt County",1,2,109,50,59
050,20,151,"Kansas","Pratt County",1,3,113,53,60
050,20,151,"Kansas","Pratt County",1,4,126,63,63
050,20,151,"Kansas","Pratt County",1,5,134,61,73
050,20,151,"Kansas","Pratt County",1,6,134,73,61
050,20,151,"Kansas","Pratt County",1,7,133,69,64
050,20,151,"Kansas","Pratt County",1,8,133,70,63
050,20,151,"Kansas","Pratt County",1,9,126,64,62
050,20,151,"Kansas","Pratt County",1,10,122,58,64
050,20,151,"Kansas","Pratt County",1,11,114,60,54
050,20,151,"Kansas","Pratt County",1,12,123,63,60
050,20,151,"Kansas","Pratt County",1,13,128,66,62
050,20,151,"Kansas","Pratt County",1,14,122,55,67
050,20,151,"Kansas","Pratt County",1,15,133,71,62
050,20,151,"Kansas","Pratt County",1,16,137,78,59
050,20,151,"Kansas","Pratt County",1,17,130,74,56
050,20,151,"Kansas","Pratt County",1,18,139,87,52
050,20,151,"Kansas","Pratt County",1,19,223,134,89
050,20,151,"Kansas","Pratt County",1,20,168,111,57
050,20,151,"Kansas","Pratt County",1,21,108,66,42
050,20,151,"Kansas","Pratt County",1,22,98,54,44
050,20,151,"Kansas","Pratt County",1,23,103,53,50
050,20,151,"Kansas","Pratt County",1,24,99,54,45
050,20,151,"Kansas","Pratt County",1,25,89,47,42
050,20,151,"Kansas","Pratt County",1,26,98,52,46
050,20,151,"Kansas","Pratt County",1,27,101,47,54
050,20,151,"Kansas","Pratt County",1,28,95,47,48
050,20,151,"Kansas","Pratt County",1,29,108,58,50
050,20,151,"Kansas","Pratt County",1,30,109,51,58
050,20,151,"Kansas","Pratt County",1,31,82,39,43
050,20,151,"Kansas","Pratt County",1,32,94,52,42
050,20,151,"Kansas","Pratt County",1,33,108,57,51
050,20,151,"Kansas","Pratt County",1,34,108,54,54
050,20,151,"Kansas","Pratt County",1,35,101,51,50
050,20,151,"Kansas","Pratt County",1,36,121,58,63
050,20,151,"Kansas","Pratt County",1,37,116,55,61
050,20,151,"Kansas","Pratt County",1,38,110,56,54
050,20,151,"Kansas","Pratt County",1,39,105,56,49
050,20,151,"Kansas","Pratt County",1,40,110,60,50
050,20,151,"Kansas","Pratt County",1,41,96,49,47
050,20,151,"Kansas","Pratt County",1,42,96,47,49
050,20,151,"Kansas","Pratt County",1,43,108,53,55
050,20,151,"Kansas","Pratt County",1,44,91,44,47
050,20,151,"Kansas","Pratt County",1,45,85,41,44
050,20,151,"Kansas","Pratt County",1,46,84,38,46
050,20,151,"Kansas","Pratt County",1,47,72,31,41
050,20,151,"Kansas","Pratt County",1,48,94,48,46
050,20,151,"Kansas","Pratt County",1,49,98,47,51
050,20,151,"Kansas","Pratt County",1,50,92,52,40
050,20,151,"Kansas","Pratt County",1,51,78,36,42
050,20,151,"Kansas","Pratt County",1,52,76,40,36
050,20,151,"Kansas","Pratt County",1,53,85,45,40
050,20,151,"Kansas","Pratt County",1,54,82,43,39
050,20,151,"Kansas","Pratt County",1,55,85,40,45
050,20,151,"Kansas","Pratt County",1,56,111,58,53
050,20,151,"Kansas","Pratt County",1,57,120,59,61
050,20,151,"Kansas","Pratt County",1,58,126,61,65
050,20,151,"Kansas","Pratt County",1,59,122,59,63
050,20,151,"Kansas","Pratt County",1,60,120,59,61
050,20,151,"Kansas","Pratt County",1,61,134,71,63
050,20,151,"Kansas","Pratt County",1,62,140,68,72
050,20,151,"Kansas","Pratt County",1,63,144,63,81
050,20,151,"Kansas","Pratt County",1,64,138,67,71
050,20,151,"Kansas","Pratt County",1,65,131,67,64
050,20,151,"Kansas","Pratt County",1,66,120,58,62
050,20,151,"Kansas","Pratt County",1,67,130,68,62
050,20,151,"Kansas","Pratt County",1,68,117,56,61
050,20,151,"Kansas","Pratt County",1,69,102,56,46
050,20,151,"Kansas","Pratt County",1,70,98,48,50
050,20,151,"Kansas","Pratt County",1,71,86,42,44
050,20,151,"Kansas","Pratt County",1,72,78,40,38
050,20,151,"Kansas","Pratt County",1,73,80,42,38
050,20,151,"Kansas","Pratt County",1,74,57,26,31
050,20,151,"Kansas","Pratt County",1,75,71,34,37
050,20,151,"Kansas","Pratt County",1,76,60,24,36
050,20,151,"Kansas","Pratt County",1,77,57,24,33
050,20,151,"Kansas","Pratt County",1,78,59,26,33
050,20,151,"Kansas","Pratt County",1,79,55,24,31
050,20,151,"Kansas","Pratt County",1,80,53,28,25
050,20,151,"Kansas","Pratt County",1,81,54,24,30
050,20,151,"Kansas","Pratt County",1,82,34,14,20
050,20,151,"Kansas","Pratt County",1,83,44,21,23
050,20,151,"Kansas","Pratt County",1,84,41,19,22
050,20,151,"Kansas","Pratt County",1,85,328,102,226
050,20,151,"Kansas","Pratt County",2,0,107,58,49
050,20,151,"Kansas","Pratt County",2,1,105,53,52
050,20,151,"Kansas","Pratt County",2,2,110,52,58
050,20,151,"Kansas","Pratt County",2,3,111,51,60
050,20,151,"Kansas","Pratt County",2,4,123,60,63
050,20,151,"Kansas","Pratt County",2,5,132,62,70
050,20,151,"Kansas","Pratt County",2,6,135,70,65
050,20,151,"Kansas","Pratt County",2,7,133,70,63
050,20,151,"Kansas","Pratt County",2,8,130,68,62
050,20,151,"Kansas","Pratt County",2,9,129,66,63
050,20,151,"Kansas","Pratt County",2,10,123,59,64
050,20,151,"Kansas","Pratt County",2,11,117,60,57
050,20,151,"Kansas","Pratt County",2,12,121,61,60
050,20,151,"Kansas","Pratt County",2,13,128,65,63
050,20,151,"Kansas","Pratt County",2,14,123,56,67
050,20,151,"Kansas","Pratt County",2,15,132,67,65
050,20,151,"Kansas","Pratt County",2,16,137,77,60
050,20,151,"Kansas","Pratt County",2,17,129,73,56
050,20,151,"Kansas","Pratt County",2,18,140,86,54
050,20,151,"Kansas","Pratt County",2,19,222,135,87
050,20,151,"Kansas","Pratt County",2,20,171,113,58
050,20,151,"Kansas","Pratt County",2,21,107,64,43
050,20,151,"Kansas","Pratt County",2,22,100,57,43
050,20,151,"Kansas","Pratt County",2,23,100,51,49
050,20,151,"Kansas","Pratt County",2,24,99,53,46
050,20,151,"Kansas","Pratt County",2,25,91,48,43
050,20,151,"Kansas","Pratt County",2,26,99,52,47
050,20,151,"Kansas","Pratt County",2,27,100,49,51
050,20,151,"Kansas","Pratt County",2,28,97,48,49
050,20,151,"Kansas","Pratt County",2,29,106,55,51
050,20,151,"Kansas","Pratt County",2,30,108,53,55
050,20,151,"Kansas","Pratt County",2,31,91,43,48
050,20,151,"Kansas","Pratt County",2,32,92,50,42
050,20,151,"Kansas","Pratt County",2,33,103,55,48
050,20,151,"Kansas","Pratt County",2,34,109,56,53
050,20,151,"Kansas","Pratt County",2,35,103,52,51
050,20,151,"Kansas","Pratt County",2,36,116,56,60
050,20,151,"Kansas","Pratt County",2,37,118,57,61
050,20,151,"Kansas","Pratt County",2,38,112,56,56
050,20,151,"Kansas","Pratt County",2,39,106,57,49
050,20,151,"Kansas","Pratt County",2,40,109,58,51
050,20,151,"Kansas","Pratt County",2,41,99,51,48
050,20,151,"Kansas","Pratt County",2,42,96,47,49
050,20,151,"Kansas","Pratt County",2,43,105,52,53
050,20,151,"Kansas","Pratt County",2,44,93,45,48
050,20,151,"Kansas","Pratt County",2,45,87,42,45
050,20,151,"Kansas","Pratt County",2,46,82,37,45
050,20,151,"Kansas","Pratt County",2,47,73,32,41
050,20,151,"Kansas","Pratt County",2,48,88,43,45
050,20,151,"Kansas","Pratt County",2,49,100,49,51
050,20,151,"Kansas","Pratt County",2,50,94,52,42
050,20,151,"Kansas","Pratt County",2,51,80,39,41
050,20,151,"Kansas","Pratt County",2,52,77,39,38
050,20,151,"Kansas","Pratt County",2,53,83,44,39
050,20,151,"Kansas","Pratt County",2,54,82,44,38
050,20,151,"Kansas","Pratt County",2,55,84,41,43
050,20,151,"Kansas","Pratt County",2,56,106,55,51
050,20,151,"Kansas","Pratt County",2,57,118,57,61
050,20,151,"Kansas","Pratt County",2,58,122,59,63
050,20,151,"Kansas","Pratt County",2,59,122,60,62
050,20,151,"Kansas","Pratt County",2,60,121,60,61
050,20,151,"Kansas","Pratt County",2,61,130,68,62
050,20,151,"Kansas","Pratt County",2,62,137,68,69
050,20,151,"Kansas","Pratt County",2,63,146,65,81
050,20,151,"Kansas","Pratt County",2,64,139,66,73
050,20,151,"Kansas","Pratt County",2,65,134,67,67
050,20,151,"Kansas","Pratt County",2,66,122,60,62
050,20,151,"Kansas","Pratt County",2,67,127,66,61
050,20,151,"Kansas","Pratt County",2,68,117,57,60
050,20,151,"Kansas","Pratt County",2,69,106,57,49
050,20,151,"Kansas","Pratt County",2,70,97,48,49
050,20,151,"Kansas","Pratt County",2,71,88,42,46
050,20,151,"Kansas","Pratt County",2,72,78,39,39
050,20,151,"Kansas","Pratt County",2,73,81,43,38
050,20,151,"Kansas","Pratt County",2,74,58,28,30
050,20,151,"Kansas","Pratt County",2,75,68,32,36
050,20,151,"Kansas","Pratt County",2,76,59,24,35
050,20,151,"Kansas","Pratt County",2,77,57,23,34
050,20,151,"Kansas","Pratt County",2,78,58,26,32
050,20,151,"Kansas","Pratt County",2,79,56,24,32
050,20,151,"Kansas","Pratt County",2,80,51,27,24
050,20,151,"Kansas","Pratt County",2,81,53,24,29
050,20,151,"Kansas","Pratt County",2,82,39,17,22
050,20,151,"Kansas","Pratt County",2,83,43,20,23
050,20,151,"Kansas","Pratt County",2,84,40,20,20
050,20,151,"Kansas","Pratt County",2,85,323,103,220
050,20,151,"Kansas","Pratt County",3,0,93,50,43
050,20,151,"Kansas","Pratt County",3,1,115,65,50
050,20,151,"Kansas","Pratt County",3,2,101,51,50
050,20,151,"Kansas","Pratt County",3,3,106,53,53
050,20,151,"Kansas","Pratt County",3,4,109,50,59
050,20,151,"Kansas","Pratt County",3,5,122,58,64
050,20,151,"Kansas","Pratt County",3,6,127,63,64
050,20,151,"Kansas","Pratt County",3,7,139,68,71
050,20,151,"Kansas","Pratt County",3,8,132,70,62
050,20,151,"Kansas","Pratt County",3,9,133,73,60
050,20,151,"Kansas","Pratt County",3,10,133,65,68
050,20,151,"Kansas","Pratt County",3,11,125,61,64
050,20,151,"Kansas","Pratt County",3,12,122,60,62
050,20,151,"Kansas","Pratt County",3,13,120,60,60
050,20,151,"Kansas","Pratt County",3,14,136,72,64
050,20,151,"Kansas","Pratt County",3,15,132,57,75
050,20,151,"Kansas","Pratt County",3,16,126,66,60
050,20,151,"Kansas","Pratt County",3,17,141,83,58
050,20,151,"Kansas","Pratt County",3,18,158,98,60
050,20,151,"Kansas","Pratt County",3,19,224,138,86
050,20,151,"Kansas","Pratt County",3,20,185,120,65
050,20,151,"Kansas","Pratt County",3,21,89,58,31
050,20,151,"Kansas","Pratt County",3,22,103,57,46
050,20,151,"Kansas","Pratt County",3,23,96,56,40
050,20,151,"Kansas","Pratt County",3,24,98,53,45
050,20,151,"Kansas","Pratt County",3,25,97,51,46
050,20,151,"Kansas","Pratt County",3,26,97,54,43
050,20,151,"Kansas","Pratt County",3,27,98,45,53
050,20,151,"Kansas","Pratt County",3,28,90,41,49
050,20,151,"Kansas","Pratt County",3,29,95,48,47
050,20,151,"Kansas","Pratt County",3,30,107,56,51
050,20,151,"Kansas","Pratt County",3,31,113,62,51
050,20,151,"Kansas","Pratt County",3,32,87,42,45
050,20,151,"Kansas","Pratt County",3,33,95,50,45
050,20,151,"Kansas","Pratt County",3,34,103,57,46
050,20,151,"Kansas","Pratt County",3,35,104,54,50
050,20,151,"Kansas","Pratt County",3,36,104,54,50
050,20,151,"Kansas","Pratt County",3,37,122,62,60
050,20,151,"Kansas","Pratt County",3,38,116,56,60
050,20,151,"Kansas","Pratt County",3,39,117,59,58
050,20,151,"Kansas","Pratt County",3,40,103,56,47
050,20,151,"Kansas","Pratt County",3,41,102,52,50
050,20,151,"Kansas","Pratt County",3,42,101,51,50
050,20,151,"Kansas","Pratt County",3,43,106,56,50
050,20,151,"Kansas","Pratt County",3,44,104,55,49
050,20,151,"Kansas","Pratt County",3,45,99,51,48
050,20,151,"Kansas","Pratt County",3,46,93,42,51
050,20,151,"Kansas","Pratt County",3,47,86,40,46
050,20,151,"Kansas","Pratt County",3,48,78,34,44
050,20,151,"Kansas","Pratt County",3,49,84,40,44
050,20,151,"Kansas","Pratt County",3,50,109,53,56
050,20,151,"Kansas","Pratt County",3,51,90,48,42
050,20,151,"Kansas","Pratt County",3,52,85,41,44
050,20,151,"Kansas","Pratt County",3,53,85,44,41
050,20,151,"Kansas","Pratt County",3,54,82,44,38
050,20,151,"Kansas","Pratt County",3,55,83,43,40
050,20,151,"Kansas","Pratt County",3,56,85,42,43
050,20,151,"Kansas","Pratt County",3,57,101,52,49
050,20,151,"Kansas","Pratt County",3,58,117,57,60
050,20,151,"Kansas","Pratt County",3,59,122,59,63
050,20,151,"Kansas","Pratt County",3,60,115,55,60
050,20,151,"Kansas","Pratt County",3,61,122,64,58
050,20,151,"Kansas","Pratt County",3,62,129,66,63
050,20,151,"Kansas","Pratt County",3,63,130,63,67
050,20,151,"Kansas","Pratt County",3,64,148,66,82
050,20,151,"Kansas","Pratt County",3,65,134,61,73
050,20,151,"Kansas","Pratt County",3,66,132,67,65
050,20,151,"Kansas","Pratt County",3,67,122,60,62
050,20,151,"Kansas","Pratt County",3,68,118,59,59
050,20,151,"Kansas","Pratt County",3,69,114,54,60
050,20,151,"Kansas","Pratt County",3,70,103,55,48
050,20,151,"Kansas","Pratt County",3,71,97,48,49
050,20,151,"Kansas","Pratt County",3,72,90,42,48
050,20,151,"Kansas","Pratt County",3,73,73,37,36
050,20,151,"Kansas","Pratt County",3,74,82,44,38
050,20,151,"Kansas","Pratt County",3,75,64,34,30
050,20,151,"Kansas","Pratt County",3,76,66,28,38
050,20,151,"Kansas","Pratt County",3,77,56,26,30
050,20,151,"Kansas","Pratt County",3,78,54,23,31
050,20,151,"Kansas","Pratt County",3,79,65,29,36
050,20,151,"Kansas","Pratt County",3,80,50,20,30
050,20,151,"Kansas","Pratt County",3,81,49,25,24
050,20,151,"Kansas","Pratt County",3,82,47,22,25
050,20,151,"Kansas","Pratt County",3,83,37,16,21
050,20,151,"Kansas","Pratt County",3,84,37,20,17
050,20,151,"Kansas","Pratt County",3,85,309,101,208
050,20,151,"Kansas","Pratt County",4,0,111,68,43
050,20,151,"Kansas","Pratt County",4,1,95,47,48
050,20,151,"Kansas","Pratt County",4,2,115,64,51
050,20,151,"Kansas","Pratt County",4,3,98,47,51
050,20,151,"Kansas","Pratt County",4,4,108,54,54
050,20,151,"Kansas","Pratt County",4,5,106,51,55
050,20,151,"Kansas","Pratt County",4,6,124,66,58
050,20,151,"Kansas","Pratt County",4,7,128,60,68
050,20,151,"Kansas","Pratt County",4,8,137,67,70
050,20,151,"Kansas","Pratt County",4,9,131,71,60
050,20,151,"Kansas","Pratt County",4,10,128,68,60
050,20,151,"Kansas","Pratt County",4,11,127,64,63
050,20,151,"Kansas","Pratt County",4,12,123,59,64
050,20,151,"Kansas","Pratt County",4,13,127,63,64
050,20,151,"Kansas","Pratt County",4,14,124,65,59
050,20,151,"Kansas","Pratt County",4,15,130,61,69
050,20,151,"Kansas","Pratt County",4,16,129,59,70
050,20,151,"Kansas","Pratt County",4,17,133,66,67
050,20,151,"Kansas","Pratt County",4,18,156,97,59
050,20,151,"Kansas","Pratt County",4,19,228,142,86
050,20,151,"Kansas","Pratt County",4,20,178,121,57
050,20,151,"Kansas","Pratt County",4,21,106,62,44
050,20,151,"Kansas","Pratt County",4,22,88,58,30
050,20,151,"Kansas","Pratt County",4,23,101,50,51
050,20,151,"Kansas","Pratt County",4,24,104,59,45
050,20,151,"Kansas","Pratt County",4,25,94,48,46
050,20,151,"Kansas","Pratt County",4,26,97,55,42
050,20,151,"Kansas","Pratt County",4,27,97,54,43
050,20,151,"Kansas","Pratt County",4,28,92,42,50
050,20,151,"Kansas","Pratt County",4,29,86,40,46
050,20,151,"Kansas","Pratt County",4,30,92,46,46
050,20,151,"Kansas","Pratt County",4,31,105,52,53
050,20,151,"Kansas","Pratt County",4,32,107,58,49
050,20,151,"Kansas","Pratt County",4,33,83,36,47
050,20,151,"Kansas","Pratt County",4,34,95,50,45
050,20,151,"Kansas","Pratt County",4,35,96,53,43
050,20,151,"Kansas","Pratt County",4,36,109,56,53
050,20,151,"Kansas","Pratt County",4,37,107,57,50
050,20,151,"Kansas","Pratt County",4,38,117,57,60
050,20,151,"Kansas","Pratt County",4,39,119,58,61
050,20,151,"Kansas","Pratt County",4,40,116,58,58
050,20,151,"Kansas","Pratt County",4,41,101,54,47
050,20,151,"Kansas","Pratt County",4,42,97,46,51
050,20,151,"Kansas","Pratt County",4,43,102,53,49
050,20,151,"Kansas","Pratt County",4,44,99,51,48
050,20,151,"Kansas","Pratt County",4,45,102,54,48
050,20,151,"Kansas","Pratt County",4,46,99,51,48
050,20,151,"Kansas","Pratt County",4,47,85,38,47
050,20,151,"Kansas","Pratt County",4,48,86,41,45
050,20,151,"Kansas","Pratt County",4,49,74,33,41
050,20,151,"Kansas","Pratt County",4,50,84,42,42
050,20,151,"Kansas","Pratt County",4,51,109,53,56
050,20,151,"Kansas","Pratt County",4,52,87,45,42
050,20,151,"Kansas","Pratt County",4,53,84,40,44
050,20,151,"Kansas","Pratt County",4,54,85,45,40
050,20,151,"Kansas","Pratt County",4,55,82,43,39
050,20,151,"Kansas","Pratt County",4,56,84,44,40
050,20,151,"Kansas","Pratt County",4,57,84,40,44
050,20,151,"Kansas","Pratt County",4,58,99,49,50
050,20,151,"Kansas","Pratt County",4,59,119,58,61
050,20,151,"Kansas","Pratt County",4,60,125,60,65
050,20,151,"Kansas","Pratt County",4,61,121,60,61
050,20,151,"Kansas","Pratt County",4,62,119,62,57
050,20,151,"Kansas","Pratt County",4,63,130,65,65
050,20,151,"Kansas","Pratt County",4,64,130,65,65
050,20,151,"Kansas","Pratt County",4,65,147,66,81
050,20,151,"Kansas","Pratt County",4,66,139,62,77
050,20,151,"Kansas","Pratt County",4,67,128,67,61
050,20,151,"Kansas","Pratt County",4,68,112,52,60
050,20,151,"Kansas","Pratt County",4,69,112,54,58
050,20,151,"Kansas","Pratt County",4,70,113,55,58
050,20,151,"Kansas","Pratt County",4,71,97,49,48
050,20,151,"Kansas","Pratt County",4,72,98,47,51
050,20,151,"Kansas","Pratt County",4,73,80,39,41
050,20,151,"Kansas","Pratt County",4,74,67,38,29
050,20,151,"Kansas","Pratt County",4,75,83,46,37
050,20,151,"Kansas","Pratt County",4,76,61,32,29
050,20,151,"Kansas","Pratt County",4,77,62,30,32
050,20,151,"Kansas","Pratt County",4,78,51,24,27
050,20,151,"Kansas","Pratt County",4,79,56,24,32
050,20,151,"Kansas","Pratt County",4,80,56,23,33
050,20,151,"Kansas","Pratt County",4,81,51,18,33
050,20,151,"Kansas","Pratt County",4,82,39,21,18
050,20,151,"Kansas","Pratt County",4,83,43,21,22
050,20,151,"Kansas","Pratt County",4,84,36,18,18
050,20,151,"Kansas","Pratt County",4,85,308,101,207
050,20,151,"Kansas","Pratt County",5,0,114,70,44
050,20,151,"Kansas","Pratt County",5,1,112,66,46
050,20,151,"Kansas","Pratt County",5,2,96,45,51
050,20,151,"Kansas","Pratt County",5,3,116,65,51
050,20,151,"Kansas","Pratt County",5,4,97,47,50
050,20,151,"Kansas","Pratt County",5,5,116,64,52
050,20,151,"Kansas","Pratt County",5,6,109,55,54
050,20,151,"Kansas","Pratt County",5,7,121,62,59
050,20,151,"Kansas","Pratt County",5,8,124,55,69
050,20,151,"Kansas","Pratt County",5,9,132,65,67
050,20,151,"Kansas","Pratt County",5,10,131,73,58
050,20,151,"Kansas","Pratt County",5,11,127,68,59
050,20,151,"Kansas","Pratt County",5,12,126,64,62
050,20,151,"Kansas","Pratt County",5,13,123,60,63
050,20,151,"Kansas","Pratt County",5,14,126,62,64
050,20,151,"Kansas","Pratt County",5,15,125,59,66
050,20,151,"Kansas","Pratt County",5,16,127,66,61
050,20,151,"Kansas","Pratt County",5,17,131,59,72
050,20,151,"Kansas","Pratt County",5,18,148,85,63
050,20,151,"Kansas","Pratt County",5,19,232,146,86
050,20,151,"Kansas","Pratt County",5,20,183,123,60
050,20,151,"Kansas","Pratt County",5,21,105,69,36
050,20,151,"Kansas","Pratt County",5,22,113,60,53
050,20,151,"Kansas","Pratt County",5,23,93,54,39
050,20,151,"Kansas","Pratt County",5,24,105,56,49
050,20,151,"Kansas","Pratt County",5,25,100,55,45
050,20,151,"Kansas","Pratt County",5,26,95,49,46
050,20,151,"Kansas","Pratt County",5,27,89,54,35
050,20,151,"Kansas","Pratt County",5,28,103,58,45
050,20,151,"Kansas","Pratt County",5,29,93,44,49
050,20,151,"Kansas","Pratt County",5,30,82,39,43
050,20,151,"Kansas","Pratt County",5,31,91,43,48
050,20,151,"Kansas","Pratt County",5,32,100,52,48
050,20,151,"Kansas","Pratt County",5,33,105,57,48
050,20,151,"Kansas","Pratt County",5,34,83,36,47
050,20,151,"Kansas","Pratt County",5,35,94,52,42
050,20,151,"Kansas","Pratt County",5,36,99,52,47
050,20,151,"Kansas","Pratt County",5,37,102,52,50
050,20,151,"Kansas","Pratt County",5,38,104,52,52
050,20,151,"Kansas","Pratt County",5,39,116,57,59
050,20,151,"Kansas","Pratt County",5,40,129,59,70
050,20,151,"Kansas","Pratt County",5,41,111,55,56
050,20,151,"Kansas","Pratt County",5,42,105,57,48
050,20,151,"Kansas","Pratt County",5,43,105,48,57
050,20,151,"Kansas","Pratt County",5,44,103,53,50
050,20,151,"Kansas","Pratt County",5,45,109,58,51
050,20,151,"Kansas","Pratt County",5,46,101,54,47
050,20,151,"Kansas","Pratt County",5,47,94,46,48
050,20,151,"Kansas","Pratt County",5,48,87,40,47
050,20,151,"Kansas","Pratt County",5,49,84,39,45
050,20,151,"Kansas","Pratt County",5,50,79,35,44
050,20,151,"Kansas","Pratt County",5,51,80,40,40
050,20,151,"Kansas","Pratt County",5,52,109,53,56
050,20,151,"Kansas","Pratt County",5,53,85,43,42
050,20,151,"Kansas","Pratt County",5,54,81,40,41
050,20,151,"Kansas","Pratt County",5,55,82,42,40
050,20,151,"Kansas","Pratt County",5,56,83,47,36
050,20,151,"Kansas","Pratt County",5,57,84,44,40
050,20,151,"Kansas","Pratt County",5,58,82,37,45
050,20,151,"Kansas","Pratt County",5,59,100,48,52
050,20,151,"Kansas","Pratt County",5,60,126,61,65
050,20,151,"Kansas","Pratt County",5,61,124,63,61
050,20,151,"Kansas","Pratt County",5,62,118,59,59
050,20,151,"Kansas","Pratt County",5,63,129,65,64
050,20,151,"Kansas","Pratt County",5,64,125,64,61
050,20,151,"Kansas","Pratt County",5,65,126,59,67
050,20,151,"Kansas","Pratt County",5,66,146,63,83
050,20,151,"Kansas","Pratt County",5,67,140,65,75
050,20,151,"Kansas","Pratt County",5,68,119,61,58
050,20,151,"Kansas","Pratt County",5,69,110,49,61
050,20,151,"Kansas","Pratt County",5,70,111,54,57
050,20,151,"Kansas","Pratt County",5,71,112,53,59
050,20,151,"Kansas","Pratt County",5,72,100,46,54
050,20,151,"Kansas","Pratt County",5,73,89,43,46
050,20,151,"Kansas","Pratt County",5,74,72,39,33
050,20,151,"Kansas","Pratt County",5,75,68,39,29
050,20,151,"Kansas","Pratt County",5,76,76,40,36
050,20,151,"Kansas","Pratt County",5,77,59,32,27
050,20,151,"Kansas","Pratt County",5,78,60,29,31
050,20,151,"Kansas","Pratt County",5,79,55,25,30
050,20,151,"Kansas","Pratt County",5,80,49,18,31
050,20,151,"Kansas","Pratt County",5,81,56,21,35
050,20,151,"Kansas","Pratt County",5,82,45,17,28
050,20,151,"Kansas","Pratt County",5,83,37,20,17
050,20,151,"Kansas","Pratt County",5,84,41,23,18
050,20,151,"Kansas","Pratt County",5,85,308,103,205
050,20,153,"Kansas","Rawlins County",1,0,37,19,18
050,20,153,"Kansas","Rawlins County",1,1,34,17,17
050,20,153,"Kansas","Rawlins County",1,2,42,21,21
050,20,153,"Kansas","Rawlins County",1,3,39,20,19
050,20,153,"Kansas","Rawlins County",1,4,25,13,12
050,20,153,"Kansas","Rawlins County",1,5,32,19,13
050,20,153,"Kansas","Rawlins County",1,6,27,16,11
050,20,153,"Kansas","Rawlins County",1,7,23,14,9
050,20,153,"Kansas","Rawlins County",1,8,23,14,9
050,20,153,"Kansas","Rawlins County",1,9,40,24,16
050,20,153,"Kansas","Rawlins County",1,10,42,27,15
050,20,153,"Kansas","Rawlins County",1,11,35,15,20
050,20,153,"Kansas","Rawlins County",1,12,30,16,14
050,20,153,"Kansas","Rawlins County",1,13,33,18,15
050,20,153,"Kansas","Rawlins County",1,14,31,17,14
050,20,153,"Kansas","Rawlins County",1,15,28,13,15
050,20,153,"Kansas","Rawlins County",1,16,24,15,9
050,20,153,"Kansas","Rawlins County",1,17,25,12,13
050,20,153,"Kansas","Rawlins County",1,18,24,11,13
050,20,153,"Kansas","Rawlins County",1,19,15,6,9
050,20,153,"Kansas","Rawlins County",1,20,25,13,12
050,20,153,"Kansas","Rawlins County",1,21,19,9,10
050,20,153,"Kansas","Rawlins County",1,22,16,8,8
050,20,153,"Kansas","Rawlins County",1,23,18,10,8
050,20,153,"Kansas","Rawlins County",1,24,28,12,16
050,20,153,"Kansas","Rawlins County",1,25,25,10,15
050,20,153,"Kansas","Rawlins County",1,26,29,18,11
050,20,153,"Kansas","Rawlins County",1,27,32,15,17
050,20,153,"Kansas","Rawlins County",1,28,25,14,11
050,20,153,"Kansas","Rawlins County",1,29,21,12,9
050,20,153,"Kansas","Rawlins County",1,30,21,12,9
050,20,153,"Kansas","Rawlins County",1,31,26,13,13
050,20,153,"Kansas","Rawlins County",1,32,24,15,9
050,20,153,"Kansas","Rawlins County",1,33,25,10,15
050,20,153,"Kansas","Rawlins County",1,34,28,15,13
050,20,153,"Kansas","Rawlins County",1,35,29,14,15
050,20,153,"Kansas","Rawlins County",1,36,29,13,16
050,20,153,"Kansas","Rawlins County",1,37,29,16,13
050,20,153,"Kansas","Rawlins County",1,38,34,18,16
050,20,153,"Kansas","Rawlins County",1,39,31,16,15
050,20,153,"Kansas","Rawlins County",1,40,20,11,9
050,20,153,"Kansas","Rawlins County",1,41,24,18,6
050,20,153,"Kansas","Rawlins County",1,42,26,16,10
050,20,153,"Kansas","Rawlins County",1,43,20,10,10
050,20,153,"Kansas","Rawlins County",1,44,20,11,9
050,20,153,"Kansas","Rawlins County",1,45,23,12,11
050,20,153,"Kansas","Rawlins County",1,46,27,11,16
050,20,153,"Kansas","Rawlins County",1,47,20,11,9
050,20,153,"Kansas","Rawlins County",1,48,21,14,7
050,20,153,"Kansas","Rawlins County",1,49,27,15,12
050,20,153,"Kansas","Rawlins County",1,50,24,15,9
050,20,153,"Kansas","Rawlins County",1,51,25,14,11
050,20,153,"Kansas","Rawlins County",1,52,29,13,16
050,20,153,"Kansas","Rawlins County",1,53,31,12,19
050,20,153,"Kansas","Rawlins County",1,54,27,14,13
050,20,153,"Kansas","Rawlins County",1,55,30,14,16
050,20,153,"Kansas","Rawlins County",1,56,38,22,16
050,20,153,"Kansas","Rawlins County",1,57,37,19,18
050,20,153,"Kansas","Rawlins County",1,58,33,16,17
050,20,153,"Kansas","Rawlins County",1,59,38,17,21
050,20,153,"Kansas","Rawlins County",1,60,41,19,22
050,20,153,"Kansas","Rawlins County",1,61,42,21,21
050,20,153,"Kansas","Rawlins County",1,62,40,19,21
050,20,153,"Kansas","Rawlins County",1,63,41,23,18
050,20,153,"Kansas","Rawlins County",1,64,41,19,22
050,20,153,"Kansas","Rawlins County",1,65,48,28,20
050,20,153,"Kansas","Rawlins County",1,66,47,26,21
050,20,153,"Kansas","Rawlins County",1,67,49,25,24
050,20,153,"Kansas","Rawlins County",1,68,47,20,27
050,20,153,"Kansas","Rawlins County",1,69,28,13,15
050,20,153,"Kansas","Rawlins County",1,70,29,15,14
050,20,153,"Kansas","Rawlins County",1,71,35,16,19
050,20,153,"Kansas","Rawlins County",1,72,35,22,13
050,20,153,"Kansas","Rawlins County",1,73,34,23,11
050,20,153,"Kansas","Rawlins County",1,74,22,7,15
050,20,153,"Kansas","Rawlins County",1,75,31,16,15
050,20,153,"Kansas","Rawlins County",1,76,30,14,16
050,20,153,"Kansas","Rawlins County",1,77,22,12,10
050,20,153,"Kansas","Rawlins County",1,78,18,9,9
050,20,153,"Kansas","Rawlins County",1,79,28,14,14
050,20,153,"Kansas","Rawlins County",1,80,23,11,12
050,20,153,"Kansas","Rawlins County",1,81,17,10,7
050,20,153,"Kansas","Rawlins County",1,82,18,9,9
050,20,153,"Kansas","Rawlins County",1,83,11,3,8
050,20,153,"Kansas","Rawlins County",1,84,21,9,12
050,20,153,"Kansas","Rawlins County",1,85,105,34,71
050,20,153,"Kansas","Rawlins County",2,0,37,21,16
050,20,153,"Kansas","Rawlins County",2,1,34,17,17
050,20,153,"Kansas","Rawlins County",2,2,40,20,20
050,20,153,"Kansas","Rawlins County",2,3,39,20,19
050,20,153,"Kansas","Rawlins County",2,4,28,15,13
050,20,153,"Kansas","Rawlins County",2,5,30,17,13
050,20,153,"Kansas","Rawlins County",2,6,27,16,11
050,20,153,"Kansas","Rawlins County",2,7,25,15,10
050,20,153,"Kansas","Rawlins County",2,8,23,14,9
050,20,153,"Kansas","Rawlins County",2,9,36,21,15
050,20,153,"Kansas","Rawlins County",2,10,41,25,16
050,20,153,"Kansas","Rawlins County",2,11,36,18,18
050,20,153,"Kansas","Rawlins County",2,12,33,17,16
050,20,153,"Kansas","Rawlins County",2,13,32,18,14
050,20,153,"Kansas","Rawlins County",2,14,31,16,15
050,20,153,"Kansas","Rawlins County",2,15,28,14,14
050,20,153,"Kansas","Rawlins County",2,16,25,15,10
050,20,153,"Kansas","Rawlins County",2,17,24,12,12
050,20,153,"Kansas","Rawlins County",2,18,25,12,13
050,20,153,"Kansas","Rawlins County",2,19,15,6,9
050,20,153,"Kansas","Rawlins County",2,20,23,12,11
050,20,153,"Kansas","Rawlins County",2,21,21,10,11
050,20,153,"Kansas","Rawlins County",2,22,17,9,8
050,20,153,"Kansas","Rawlins County",2,23,18,10,8
050,20,153,"Kansas","Rawlins County",2,24,26,11,15
050,20,153,"Kansas","Rawlins County",2,25,26,11,15
050,20,153,"Kansas","Rawlins County",2,26,28,16,12
050,20,153,"Kansas","Rawlins County",2,27,30,15,15
050,20,153,"Kansas","Rawlins County",2,28,26,14,12
050,20,153,"Kansas","Rawlins County",2,29,21,12,9
050,20,153,"Kansas","Rawlins County",2,30,22,13,9
050,20,153,"Kansas","Rawlins County",2,31,25,13,12
050,20,153,"Kansas","Rawlins County",2,32,25,15,10
050,20,153,"Kansas","Rawlins County",2,33,25,11,14
050,20,153,"Kansas","Rawlins County",2,34,28,14,14
050,20,153,"Kansas","Rawlins County",2,35,31,15,16
050,20,153,"Kansas","Rawlins County",2,36,28,12,16
050,20,153,"Kansas","Rawlins County",2,37,31,16,15
050,20,153,"Kansas","Rawlins County",2,38,33,18,15
050,20,153,"Kansas","Rawlins County",2,39,32,17,15
050,20,153,"Kansas","Rawlins County",2,40,23,12,11
050,20,153,"Kansas","Rawlins County",2,41,22,16,6
050,20,153,"Kansas","Rawlins County",2,42,26,17,9
050,20,153,"Kansas","Rawlins County",2,43,21,11,10
050,20,153,"Kansas","Rawlins County",2,44,20,11,9
050,20,153,"Kansas","Rawlins County",2,45,23,12,11
050,20,153,"Kansas","Rawlins County",2,46,26,11,15
050,20,153,"Kansas","Rawlins County",2,47,21,11,10
050,20,153,"Kansas","Rawlins County",2,48,22,14,8
050,20,153,"Kansas","Rawlins County",2,49,25,14,11
050,20,153,"Kansas","Rawlins County",2,50,26,16,10
050,20,153,"Kansas","Rawlins County",2,51,25,14,11
050,20,153,"Kansas","Rawlins County",2,52,29,14,15
050,20,153,"Kansas","Rawlins County",2,53,30,12,18
050,20,153,"Kansas","Rawlins County",2,54,27,13,14
050,20,153,"Kansas","Rawlins County",2,55,29,14,15
050,20,153,"Kansas","Rawlins County",2,56,36,20,16
050,20,153,"Kansas","Rawlins County",2,57,36,19,17
050,20,153,"Kansas","Rawlins County",2,58,34,17,17
050,20,153,"Kansas","Rawlins County",2,59,38,17,21
050,20,153,"Kansas","Rawlins County",2,60,40,18,22
050,20,153,"Kansas","Rawlins County",2,61,42,21,21
050,20,153,"Kansas","Rawlins County",2,62,40,19,21
050,20,153,"Kansas","Rawlins County",2,63,40,22,18
050,20,153,"Kansas","Rawlins County",2,64,41,20,21
050,20,153,"Kansas","Rawlins County",2,65,46,26,20
050,20,153,"Kansas","Rawlins County",2,66,48,27,21
050,20,153,"Kansas","Rawlins County",2,67,47,24,23
050,20,153,"Kansas","Rawlins County",2,68,46,21,25
050,20,153,"Kansas","Rawlins County",2,69,33,15,18
050,20,153,"Kansas","Rawlins County",2,70,28,14,14
050,20,153,"Kansas","Rawlins County",2,71,34,16,18
050,20,153,"Kansas","Rawlins County",2,72,34,20,14
050,20,153,"Kansas","Rawlins County",2,73,36,24,12
050,20,153,"Kansas","Rawlins County",2,74,24,10,14
050,20,153,"Kansas","Rawlins County",2,75,29,14,15
050,20,153,"Kansas","Rawlins County",2,76,29,14,15
050,20,153,"Kansas","Rawlins County",2,77,25,13,12
050,20,153,"Kansas","Rawlins County",2,78,20,10,10
050,20,153,"Kansas","Rawlins County",2,79,26,13,13
050,20,153,"Kansas","Rawlins County",2,80,25,12,13
050,20,153,"Kansas","Rawlins County",2,81,18,10,8
050,20,153,"Kansas","Rawlins County",2,82,18,9,9
050,20,153,"Kansas","Rawlins County",2,83,13,5,8
050,20,153,"Kansas","Rawlins County",2,84,19,8,11
050,20,153,"Kansas","Rawlins County",2,85,107,35,72
050,20,153,"Kansas","Rawlins County",3,0,24,9,15
050,20,153,"Kansas","Rawlins County",3,1,43,25,18
050,20,153,"Kansas","Rawlins County",3,2,33,18,15
050,20,153,"Kansas","Rawlins County",3,3,40,18,22
050,20,153,"Kansas","Rawlins County",3,4,40,20,20
050,20,153,"Kansas","Rawlins County",3,5,26,13,13
050,20,153,"Kansas","Rawlins County",3,6,30,17,13
050,20,153,"Kansas","Rawlins County",3,7,27,15,12
050,20,153,"Kansas","Rawlins County",3,8,26,16,10
050,20,153,"Kansas","Rawlins County",3,9,21,12,9
050,20,153,"Kansas","Rawlins County",3,10,35,21,14
050,20,153,"Kansas","Rawlins County",3,11,41,25,16
050,20,153,"Kansas","Rawlins County",3,12,35,18,17
050,20,153,"Kansas","Rawlins County",3,13,33,15,18
050,20,153,"Kansas","Rawlins County",3,14,32,17,15
050,20,153,"Kansas","Rawlins County",3,15,30,17,13
050,20,153,"Kansas","Rawlins County",3,16,30,16,14
050,20,153,"Kansas","Rawlins County",3,17,24,14,10
050,20,153,"Kansas","Rawlins County",3,18,22,12,10
050,20,153,"Kansas","Rawlins County",3,19,18,10,8
050,20,153,"Kansas","Rawlins County",3,20,13,5,8
050,20,153,"Kansas","Rawlins County",3,21,22,12,10
050,20,153,"Kansas","Rawlins County",3,22,20,9,11
050,20,153,"Kansas","Rawlins County",3,23,25,11,14
050,20,153,"Kansas","Rawlins County",3,24,19,10,9
050,20,153,"Kansas","Rawlins County",3,25,22,10,12
050,20,153,"Kansas","Rawlins County",3,26,26,12,14
050,20,153,"Kansas","Rawlins County",3,27,28,15,13
050,20,153,"Kansas","Rawlins County",3,28,30,15,15
050,20,153,"Kansas","Rawlins County",3,29,29,15,14
050,20,153,"Kansas","Rawlins County",3,30,21,11,10
050,20,153,"Kansas","Rawlins County",3,31,22,13,9
050,20,153,"Kansas","Rawlins County",3,32,27,14,13
050,20,153,"Kansas","Rawlins County",3,33,24,15,9
050,20,153,"Kansas","Rawlins County",3,34,24,11,13
050,20,153,"Kansas","Rawlins County",3,35,30,15,15
050,20,153,"Kansas","Rawlins County",3,36,28,13,15
050,20,153,"Kansas","Rawlins County",3,37,22,7,15
050,20,153,"Kansas","Rawlins County",3,38,31,16,15
050,20,153,"Kansas","Rawlins County",3,39,33,18,15
050,20,153,"Kansas","Rawlins County",3,40,33,18,15
050,20,153,"Kansas","Rawlins County",3,41,26,12,14
050,20,153,"Kansas","Rawlins County",3,42,22,16,6
050,20,153,"Kansas","Rawlins County",3,43,26,17,9
050,20,153,"Kansas","Rawlins County",3,44,21,11,10
050,20,153,"Kansas","Rawlins County",3,45,21,11,10
050,20,153,"Kansas","Rawlins County",3,46,22,10,12
050,20,153,"Kansas","Rawlins County",3,47,25,11,14
050,20,153,"Kansas","Rawlins County",3,48,22,12,10
050,20,153,"Kansas","Rawlins County",3,49,23,14,9
050,20,153,"Kansas","Rawlins County",3,50,27,15,12
050,20,153,"Kansas","Rawlins County",3,51,29,19,10
050,20,153,"Kansas","Rawlins County",3,52,27,14,13
050,20,153,"Kansas","Rawlins County",3,53,29,14,15
050,20,153,"Kansas","Rawlins County",3,54,30,12,18
050,20,153,"Kansas","Rawlins County",3,55,28,14,14
050,20,153,"Kansas","Rawlins County",3,56,30,15,15
050,20,153,"Kansas","Rawlins County",3,57,34,19,15
050,20,153,"Kansas","Rawlins County",3,58,33,16,17
050,20,153,"Kansas","Rawlins County",3,59,34,17,17
050,20,153,"Kansas","Rawlins County",3,60,39,17,22
050,20,153,"Kansas","Rawlins County",3,61,41,19,22
050,20,153,"Kansas","Rawlins County",3,62,40,19,21
050,20,153,"Kansas","Rawlins County",3,63,41,20,21
050,20,153,"Kansas","Rawlins County",3,64,38,21,17
050,20,153,"Kansas","Rawlins County",3,65,42,20,22
050,20,153,"Kansas","Rawlins County",3,66,44,25,19
050,20,153,"Kansas","Rawlins County",3,67,44,24,20
050,20,153,"Kansas","Rawlins County",3,68,46,23,23
050,20,153,"Kansas","Rawlins County",3,69,45,22,23
050,20,153,"Kansas","Rawlins County",3,70,33,15,18
050,20,153,"Kansas","Rawlins County",3,71,27,14,13
050,20,153,"Kansas","Rawlins County",3,72,32,15,17
050,20,153,"Kansas","Rawlins County",3,73,33,19,14
050,20,153,"Kansas","Rawlins County",3,74,38,26,12
050,20,153,"Kansas","Rawlins County",3,75,24,9,15
050,20,153,"Kansas","Rawlins County",3,76,29,14,15
050,20,153,"Kansas","Rawlins County",3,77,27,13,14
050,20,153,"Kansas","Rawlins County",3,78,25,12,13
050,20,153,"Kansas","Rawlins County",3,79,17,7,10
050,20,153,"Kansas","Rawlins County",3,80,27,13,14
050,20,153,"Kansas","Rawlins County",3,81,20,10,10
050,20,153,"Kansas","Rawlins County",3,82,19,10,9
050,20,153,"Kansas","Rawlins County",3,83,17,9,8
050,20,153,"Kansas","Rawlins County",3,84,11,4,7
050,20,153,"Kansas","Rawlins County",3,85,111,38,73
050,20,153,"Kansas","Rawlins County",4,0,24,13,11
050,20,153,"Kansas","Rawlins County",4,1,24,9,15
050,20,153,"Kansas","Rawlins County",4,2,46,26,20
050,20,153,"Kansas","Rawlins County",4,3,31,16,15
050,20,153,"Kansas","Rawlins County",4,4,39,20,19
050,20,153,"Kansas","Rawlins County",4,5,42,20,22
050,20,153,"Kansas","Rawlins County",4,6,28,15,13
050,20,153,"Kansas","Rawlins County",4,7,29,18,11
050,20,153,"Kansas","Rawlins County",4,8,29,19,10
050,20,153,"Kansas","Rawlins County",4,9,28,16,12
050,20,153,"Kansas","Rawlins County",4,10,22,12,10
050,20,153,"Kansas","Rawlins County",4,11,36,21,15
050,20,153,"Kansas","Rawlins County",4,12,42,25,17
050,20,153,"Kansas","Rawlins County",4,13,37,20,17
050,20,153,"Kansas","Rawlins County",4,14,34,16,18
050,20,153,"Kansas","Rawlins County",4,15,31,16,15
050,20,153,"Kansas","Rawlins County",4,16,30,18,12
050,20,153,"Kansas","Rawlins County",4,17,28,14,14
050,20,153,"Kansas","Rawlins County",4,18,18,11,7
050,20,153,"Kansas","Rawlins County",4,19,19,10,9
050,20,153,"Kansas","Rawlins County",4,20,18,10,8
050,20,153,"Kansas","Rawlins County",4,21,15,6,9
050,20,153,"Kansas","Rawlins County",4,22,21,11,10
050,20,153,"Kansas","Rawlins County",4,23,21,10,11
050,20,153,"Kansas","Rawlins County",4,24,27,12,15
050,20,153,"Kansas","Rawlins County",4,25,19,9,10
050,20,153,"Kansas","Rawlins County",4,26,20,8,12
050,20,153,"Kansas","Rawlins County",4,27,24,12,12
050,20,153,"Kansas","Rawlins County",4,28,25,14,11
050,20,153,"Kansas","Rawlins County",4,29,29,14,15
050,20,153,"Kansas","Rawlins County",4,30,27,14,13
050,20,153,"Kansas","Rawlins County",4,31,24,14,10
050,20,153,"Kansas","Rawlins County",4,32,22,13,9
050,20,153,"Kansas","Rawlins County",4,33,29,13,16
050,20,153,"Kansas","Rawlins County",4,34,25,14,11
050,20,153,"Kansas","Rawlins County",4,35,21,9,12
050,20,153,"Kansas","Rawlins County",4,36,31,16,15
050,20,153,"Kansas","Rawlins County",4,37,29,13,16
050,20,153,"Kansas","Rawlins County",4,38,24,9,15
050,20,153,"Kansas","Rawlins County",4,39,32,15,17
050,20,153,"Kansas","Rawlins County",4,40,34,19,15
050,20,153,"Kansas","Rawlins County",4,41,33,19,14
050,20,153,"Kansas","Rawlins County",4,42,25,11,14
050,20,153,"Kansas","Rawlins County",4,43,22,16,6
050,20,153,"Kansas","Rawlins County",4,44,26,17,9
050,20,153,"Kansas","Rawlins County",4,45,19,9,10
050,20,153,"Kansas","Rawlins County",4,46,21,12,9
050,20,153,"Kansas","Rawlins County",4,47,22,10,12
050,20,153,"Kansas","Rawlins County",4,48,24,11,13
050,20,153,"Kansas","Rawlins County",4,49,22,12,10
050,20,153,"Kansas","Rawlins County",4,50,22,13,9
050,20,153,"Kansas","Rawlins County",4,51,25,12,13
050,20,153,"Kansas","Rawlins County",4,52,32,19,13
050,20,153,"Kansas","Rawlins County",4,53,26,14,12
050,20,153,"Kansas","Rawlins County",4,54,32,14,18
050,20,153,"Kansas","Rawlins County",4,55,29,10,19
050,20,153,"Kansas","Rawlins County",4,56,29,14,15
050,20,153,"Kansas","Rawlins County",4,57,29,15,14
050,20,153,"Kansas","Rawlins County",4,58,33,18,15
050,20,153,"Kansas","Rawlins County",4,59,30,16,14
050,20,153,"Kansas","Rawlins County",4,60,34,17,17
050,20,153,"Kansas","Rawlins County",4,61,30,13,17
050,20,153,"Kansas","Rawlins County",4,62,41,19,22
050,20,153,"Kansas","Rawlins County",4,63,42,20,22
050,20,153,"Kansas","Rawlins County",4,64,39,19,20
050,20,153,"Kansas","Rawlins County",4,65,37,21,16
050,20,153,"Kansas","Rawlins County",4,66,38,16,22
050,20,153,"Kansas","Rawlins County",4,67,42,24,18
050,20,153,"Kansas","Rawlins County",4,68,45,24,21
050,20,153,"Kansas","Rawlins County",4,69,47,24,23
050,20,153,"Kansas","Rawlins County",4,70,44,22,22
050,20,153,"Kansas","Rawlins County",4,71,32,15,17
050,20,153,"Kansas","Rawlins County",4,72,24,12,12
050,20,153,"Kansas","Rawlins County",4,73,31,15,16
050,20,153,"Kansas","Rawlins County",4,74,30,19,11
050,20,153,"Kansas","Rawlins County",4,75,36,25,11
050,20,153,"Kansas","Rawlins County",4,76,25,9,16
050,20,153,"Kansas","Rawlins County",4,77,27,13,14
050,20,153,"Kansas","Rawlins County",4,78,28,13,15
050,20,153,"Kansas","Rawlins County",4,79,23,11,12
050,20,153,"Kansas","Rawlins County",4,80,15,7,8
050,20,153,"Kansas","Rawlins County",4,81,18,10,8
050,20,153,"Kansas","Rawlins County",4,82,19,9,10
050,20,153,"Kansas","Rawlins County",4,83,19,10,9
050,20,153,"Kansas","Rawlins County",4,84,17,8,9
050,20,153,"Kansas","Rawlins County",4,85,105,35,70
050,20,153,"Kansas","Rawlins County",5,0,20,9,11
050,20,153,"Kansas","Rawlins County",5,1,20,9,11
050,20,153,"Kansas","Rawlins County",5,2,25,9,16
050,20,153,"Kansas","Rawlins County",5,3,46,25,21
050,20,153,"Kansas","Rawlins County",5,4,33,17,16
050,20,153,"Kansas","Rawlins County",5,5,37,20,17
050,20,153,"Kansas","Rawlins County",5,6,42,20,22
050,20,153,"Kansas","Rawlins County",5,7,28,15,13
050,20,153,"Kansas","Rawlins County",5,8,29,17,12
050,20,153,"Kansas","Rawlins County",5,9,32,20,12
050,20,153,"Kansas","Rawlins County",5,10,28,16,12
050,20,153,"Kansas","Rawlins County",5,11,20,11,9
050,20,153,"Kansas","Rawlins County",5,12,37,22,15
050,20,153,"Kansas","Rawlins County",5,13,40,22,18
050,20,153,"Kansas","Rawlins County",5,14,35,20,15
050,20,153,"Kansas","Rawlins County",5,15,31,15,16
050,20,153,"Kansas","Rawlins County",5,16,31,16,15
050,20,153,"Kansas","Rawlins County",5,17,29,17,12
050,20,153,"Kansas","Rawlins County",5,18,23,12,11
050,20,153,"Kansas","Rawlins County",5,19,17,10,7
050,20,153,"Kansas","Rawlins County",5,20,14,9,5
050,20,153,"Kansas","Rawlins County",5,21,19,9,10
050,20,153,"Kansas","Rawlins County",5,22,13,5,8
050,20,153,"Kansas","Rawlins County",5,23,21,11,10
050,20,153,"Kansas","Rawlins County",5,24,24,12,12
050,20,153,"Kansas","Rawlins County",5,25,25,11,14
050,20,153,"Kansas","Rawlins County",5,26,14,7,7
050,20,153,"Kansas","Rawlins County",5,27,21,9,12
050,20,153,"Kansas","Rawlins County",5,28,23,10,13
050,20,153,"Kansas","Rawlins County",5,29,22,13,9
050,20,153,"Kansas","Rawlins County",5,30,26,13,13
050,20,153,"Kansas","Rawlins County",5,31,26,14,12
050,20,153,"Kansas","Rawlins County",5,32,19,9,10
050,20,153,"Kansas","Rawlins County",5,33,22,13,9
050,20,153,"Kansas","Rawlins County",5,34,28,12,16
050,20,153,"Kansas","Rawlins County",5,35,26,14,12
050,20,153,"Kansas","Rawlins County",5,36,21,9,12
050,20,153,"Kansas","Rawlins County",5,37,31,17,14
050,20,153,"Kansas","Rawlins County",5,38,28,12,16
050,20,153,"Kansas","Rawlins County",5,39,24,9,15
050,20,153,"Kansas","Rawlins County",5,40,31,15,16
050,20,153,"Kansas","Rawlins County",5,41,38,21,17
050,20,153,"Kansas","Rawlins County",5,42,31,17,14
050,20,153,"Kansas","Rawlins County",5,43,27,11,16
050,20,153,"Kansas","Rawlins County",5,44,21,14,7
050,20,153,"Kansas","Rawlins County",5,45,26,17,9
050,20,153,"Kansas","Rawlins County",5,46,19,9,10
050,20,153,"Kansas","Rawlins County",5,47,22,12,10
050,20,153,"Kansas","Rawlins County",5,48,21,10,11
050,20,153,"Kansas","Rawlins County",5,49,24,10,14
050,20,153,"Kansas","Rawlins County",5,50,22,12,10
050,20,153,"Kansas","Rawlins County",5,51,22,14,8
050,20,153,"Kansas","Rawlins County",5,52,25,12,13
050,20,153,"Kansas","Rawlins County",5,53,33,20,13
050,20,153,"Kansas","Rawlins County",5,54,26,14,12
050,20,153,"Kansas","Rawlins County",5,55,30,14,16
050,20,153,"Kansas","Rawlins County",5,56,30,10,20
050,20,153,"Kansas","Rawlins County",5,57,29,15,14
050,20,153,"Kansas","Rawlins County",5,58,29,15,14
050,20,153,"Kansas","Rawlins County",5,59,36,20,16
050,20,153,"Kansas","Rawlins County",5,60,31,17,14
050,20,153,"Kansas","Rawlins County",5,61,34,17,17
050,20,153,"Kansas","Rawlins County",5,62,30,13,17
050,20,153,"Kansas","Rawlins County",5,63,46,21,25
050,20,153,"Kansas","Rawlins County",5,64,40,19,21
050,20,153,"Kansas","Rawlins County",5,65,37,19,18
050,20,153,"Kansas","Rawlins County",5,66,34,17,17
050,20,153,"Kansas","Rawlins County",5,67,34,14,20
050,20,153,"Kansas","Rawlins County",5,68,41,24,17
050,20,153,"Kansas","Rawlins County",5,69,43,24,19
050,20,153,"Kansas","Rawlins County",5,70,44,21,23
050,20,153,"Kansas","Rawlins County",5,71,44,22,22
050,20,153,"Kansas","Rawlins County",5,72,29,13,16
050,20,153,"Kansas","Rawlins County",5,73,24,12,12
050,20,153,"Kansas","Rawlins County",5,74,29,14,15
050,20,153,"Kansas","Rawlins County",5,75,29,19,10
050,20,153,"Kansas","Rawlins County",5,76,35,24,11
050,20,153,"Kansas","Rawlins County",5,77,24,8,16
050,20,153,"Kansas","Rawlins County",5,78,26,11,15
050,20,153,"Kansas","Rawlins County",5,79,27,12,15
050,20,153,"Kansas","Rawlins County",5,80,22,11,11
050,20,153,"Kansas","Rawlins County",5,81,7,4,3
050,20,153,"Kansas","Rawlins County",5,82,18,9,9
050,20,153,"Kansas","Rawlins County",5,83,19,9,10
050,20,153,"Kansas","Rawlins County",5,84,20,10,10
050,20,153,"Kansas","Rawlins County",5,85,104,34,70
050,20,155,"Kansas","Reno County",1,0,618,325,293
050,20,155,"Kansas","Reno County",1,1,632,350,282
050,20,155,"Kansas","Reno County",1,2,665,360,305
050,20,155,"Kansas","Reno County",1,3,737,357,380
050,20,155,"Kansas","Reno County",1,4,683,345,338
050,20,155,"Kansas","Reno County",1,5,718,383,335
050,20,155,"Kansas","Reno County",1,6,737,383,354
050,20,155,"Kansas","Reno County",1,7,739,387,352
050,20,155,"Kansas","Reno County",1,8,719,379,340
050,20,155,"Kansas","Reno County",1,9,739,361,378
050,20,155,"Kansas","Reno County",1,10,847,412,435
050,20,155,"Kansas","Reno County",1,11,872,440,432
050,20,155,"Kansas","Reno County",1,12,877,455,422
050,20,155,"Kansas","Reno County",1,13,901,479,422
050,20,155,"Kansas","Reno County",1,14,886,457,429
050,20,155,"Kansas","Reno County",1,15,859,450,409
050,20,155,"Kansas","Reno County",1,16,869,431,438
050,20,155,"Kansas","Reno County",1,17,881,439,442
050,20,155,"Kansas","Reno County",1,18,816,428,388
050,20,155,"Kansas","Reno County",1,19,826,455,371
050,20,155,"Kansas","Reno County",1,20,756,427,329
050,20,155,"Kansas","Reno County",1,21,733,407,326
050,20,155,"Kansas","Reno County",1,22,717,389,328
050,20,155,"Kansas","Reno County",1,23,698,379,319
050,20,155,"Kansas","Reno County",1,24,698,386,312
050,20,155,"Kansas","Reno County",1,25,699,367,332
050,20,155,"Kansas","Reno County",1,26,705,376,329
050,20,155,"Kansas","Reno County",1,27,749,404,345
050,20,155,"Kansas","Reno County",1,28,803,419,384
050,20,155,"Kansas","Reno County",1,29,794,420,374
050,20,155,"Kansas","Reno County",1,30,724,408,316
050,20,155,"Kansas","Reno County",1,31,689,400,289
050,20,155,"Kansas","Reno County",1,32,707,379,328
050,20,155,"Kansas","Reno County",1,33,729,383,346
050,20,155,"Kansas","Reno County",1,34,758,401,357
050,20,155,"Kansas","Reno County",1,35,762,406,356
050,20,155,"Kansas","Reno County",1,36,751,397,354
050,20,155,"Kansas","Reno County",1,37,814,441,373
050,20,155,"Kansas","Reno County",1,38,796,423,373
050,20,155,"Kansas","Reno County",1,39,797,408,389
050,20,155,"Kansas","Reno County",1,40,733,385,348
050,20,155,"Kansas","Reno County",1,41,726,380,346
050,20,155,"Kansas","Reno County",1,42,719,377,342
050,20,155,"Kansas","Reno County",1,43,716,378,338
050,20,155,"Kansas","Reno County",1,44,686,364,322
050,20,155,"Kansas","Reno County",1,45,672,346,326
050,20,155,"Kansas","Reno County",1,46,641,323,318
050,20,155,"Kansas","Reno County",1,47,684,350,334
050,20,155,"Kansas","Reno County",1,48,734,375,359
050,20,155,"Kansas","Reno County",1,49,773,406,367
050,20,155,"Kansas","Reno County",1,50,717,372,345
050,20,155,"Kansas","Reno County",1,51,690,357,333
050,20,155,"Kansas","Reno County",1,52,651,333,318
050,20,155,"Kansas","Reno County",1,53,673,345,328
050,20,155,"Kansas","Reno County",1,54,716,358,358
050,20,155,"Kansas","Reno County",1,55,784,384,400
050,20,155,"Kansas","Reno County",1,56,849,425,424
050,20,155,"Kansas","Reno County",1,57,862,443,419
050,20,155,"Kansas","Reno County",1,58,853,421,432
050,20,155,"Kansas","Reno County",1,59,880,426,454
050,20,155,"Kansas","Reno County",1,60,852,398,454
050,20,155,"Kansas","Reno County",1,61,887,441,446
050,20,155,"Kansas","Reno County",1,62,942,489,453
050,20,155,"Kansas","Reno County",1,63,899,457,442
050,20,155,"Kansas","Reno County",1,64,847,419,428
050,20,155,"Kansas","Reno County",1,65,834,416,418
050,20,155,"Kansas","Reno County",1,66,799,374,425
050,20,155,"Kansas","Reno County",1,67,760,362,398
050,20,155,"Kansas","Reno County",1,68,771,368,403
050,20,155,"Kansas","Reno County",1,69,697,344,353
050,20,155,"Kansas","Reno County",1,70,655,309,346
050,20,155,"Kansas","Reno County",1,71,642,319,323
050,20,155,"Kansas","Reno County",1,72,626,284,342
050,20,155,"Kansas","Reno County",1,73,615,279,336
050,20,155,"Kansas","Reno County",1,74,455,197,258
050,20,155,"Kansas","Reno County",1,75,475,208,267
050,20,155,"Kansas","Reno County",1,76,482,214,268
050,20,155,"Kansas","Reno County",1,77,471,203,268
050,20,155,"Kansas","Reno County",1,78,386,175,211
050,20,155,"Kansas","Reno County",1,79,332,145,187
050,20,155,"Kansas","Reno County",1,80,333,137,196
050,20,155,"Kansas","Reno County",1,81,331,146,185
050,20,155,"Kansas","Reno County",1,82,296,116,180
050,20,155,"Kansas","Reno County",1,83,252,109,143
050,20,155,"Kansas","Reno County",1,84,243,102,141
050,20,155,"Kansas","Reno County",1,85,1742,612,1130
050,20,155,"Kansas","Reno County",2,0,636,345,291
050,20,155,"Kansas","Reno County",2,1,631,345,286
050,20,155,"Kansas","Reno County",2,2,658,359,299
050,20,155,"Kansas","Reno County",2,3,718,358,360
050,20,155,"Kansas","Reno County",2,4,699,352,347
050,20,155,"Kansas","Reno County",2,5,709,372,337
050,20,155,"Kansas","Reno County",2,6,733,382,351
050,20,155,"Kansas","Reno County",2,7,729,381,348
050,20,155,"Kansas","Reno County",2,8,724,380,344
050,20,155,"Kansas","Reno County",2,9,736,367,369
050,20,155,"Kansas","Reno County",2,10,824,404,420
050,20,155,"Kansas","Reno County",2,11,865,429,436
050,20,155,"Kansas","Reno County",2,12,883,455,428
050,20,155,"Kansas","Reno County",2,13,899,475,424
050,20,155,"Kansas","Reno County",2,14,890,464,426
050,20,155,"Kansas","Reno County",2,15,868,452,416
050,20,155,"Kansas","Reno County",2,16,877,443,434
050,20,155,"Kansas","Reno County",2,17,883,440,443
050,20,155,"Kansas","Reno County",2,18,818,426,392
050,20,155,"Kansas","Reno County",2,19,822,455,367
050,20,155,"Kansas","Reno County",2,20,771,434,337
050,20,155,"Kansas","Reno County",2,21,728,405,323
050,20,155,"Kansas","Reno County",2,22,718,392,326
050,20,155,"Kansas","Reno County",2,23,704,382,322
050,20,155,"Kansas","Reno County",2,24,696,379,317
050,20,155,"Kansas","Reno County",2,25,701,373,328
050,20,155,"Kansas","Reno County",2,26,701,372,329
050,20,155,"Kansas","Reno County",2,27,739,399,340
050,20,155,"Kansas","Reno County",2,28,795,419,376
050,20,155,"Kansas","Reno County",2,29,795,421,374
050,20,155,"Kansas","Reno County",2,30,748,414,334
050,20,155,"Kansas","Reno County",2,31,693,398,295
050,20,155,"Kansas","Reno County",2,32,702,383,319
050,20,155,"Kansas","Reno County",2,33,724,382,342
050,20,155,"Kansas","Reno County",2,34,751,399,352
050,20,155,"Kansas","Reno County",2,35,763,407,356
050,20,155,"Kansas","Reno County",2,36,747,394,353
050,20,155,"Kansas","Reno County",2,37,800,432,368
050,20,155,"Kansas","Reno County",2,38,802,427,375
050,20,155,"Kansas","Reno County",2,39,794,409,385
050,20,155,"Kansas","Reno County",2,40,752,394,358
050,20,155,"Kansas","Reno County",2,41,727,381,346
050,20,155,"Kansas","Reno County",2,42,719,379,340
050,20,155,"Kansas","Reno County",2,43,722,379,343
050,20,155,"Kansas","Reno County",2,44,689,364,325
050,20,155,"Kansas","Reno County",2,45,685,355,330
050,20,155,"Kansas","Reno County",2,46,646,326,320
050,20,155,"Kansas","Reno County",2,47,676,346,330
050,20,155,"Kansas","Reno County",2,48,719,366,353
050,20,155,"Kansas","Reno County",2,49,764,399,365
050,20,155,"Kansas","Reno County",2,50,729,377,352
050,20,155,"Kansas","Reno County",2,51,699,364,335
050,20,155,"Kansas","Reno County",2,52,657,337,320
050,20,155,"Kansas","Reno County",2,53,667,340,327
050,20,155,"Kansas","Reno County",2,54,701,354,347
050,20,155,"Kansas","Reno County",2,55,768,377,391
050,20,155,"Kansas","Reno County",2,56,832,415,417
050,20,155,"Kansas","Reno County",2,57,860,438,422
050,20,155,"Kansas","Reno County",2,58,850,424,426
050,20,155,"Kansas","Reno County",2,59,874,425,449
050,20,155,"Kansas","Reno County",2,60,857,403,454
050,20,155,"Kansas","Reno County",2,61,875,428,447
050,20,155,"Kansas","Reno County",2,62,922,475,447
050,20,155,"Kansas","Reno County",2,63,915,467,448
050,20,155,"Kansas","Reno County",2,64,852,425,427
050,20,155,"Kansas","Reno County",2,65,831,411,420
050,20,155,"Kansas","Reno County",2,66,802,383,419
050,20,155,"Kansas","Reno County",2,67,765,363,402
050,20,155,"Kansas","Reno County",2,68,757,362,395
050,20,155,"Kansas","Reno County",2,69,718,352,366
050,20,155,"Kansas","Reno County",2,70,663,317,346
050,20,155,"Kansas","Reno County",2,71,643,315,328
050,20,155,"Kansas","Reno County",2,72,617,288,329
050,20,155,"Kansas","Reno County",2,73,644,291,353
050,20,155,"Kansas","Reno County",2,74,455,200,255
050,20,155,"Kansas","Reno County",2,75,469,203,266
050,20,155,"Kansas","Reno County",2,76,471,208,263
050,20,155,"Kansas","Reno County",2,77,482,209,273
050,20,155,"Kansas","Reno County",2,78,397,177,220
050,20,155,"Kansas","Reno County",2,79,343,150,193
050,20,155,"Kansas","Reno County",2,80,332,140,192
050,20,155,"Kansas","Reno County",2,81,328,141,187
050,20,155,"Kansas","Reno County",2,82,299,122,177
050,20,155,"Kansas","Reno County",2,83,260,109,151
050,20,155,"Kansas","Reno County",2,84,244,102,142
050,20,155,"Kansas","Reno County",2,85,1727,614,1113
050,20,155,"Kansas","Reno County",3,0,621,312,309
050,20,155,"Kansas","Reno County",3,1,658,353,305
050,20,155,"Kansas","Reno County",3,2,621,350,271
050,20,155,"Kansas","Reno County",3,3,638,353,285
050,20,155,"Kansas","Reno County",3,4,691,340,351
050,20,155,"Kansas","Reno County",3,5,675,335,340
050,20,155,"Kansas","Reno County",3,6,713,378,335
050,20,155,"Kansas","Reno County",3,7,718,372,346
050,20,155,"Kansas","Reno County",3,8,721,370,351
050,20,155,"Kansas","Reno County",3,9,740,389,351
050,20,155,"Kansas","Reno County",3,10,749,367,382
050,20,155,"Kansas","Reno County",3,11,824,398,426
050,20,155,"Kansas","Reno County",3,12,857,430,427
050,20,155,"Kansas","Reno County",3,13,864,447,417
050,20,155,"Kansas","Reno County",3,14,888,468,420
050,20,155,"Kansas","Reno County",3,15,891,463,428
050,20,155,"Kansas","Reno County",3,16,885,458,427
050,20,155,"Kansas","Reno County",3,17,878,443,435
050,20,155,"Kansas","Reno County",3,18,819,423,396
050,20,155,"Kansas","Reno County",3,19,807,439,368
050,20,155,"Kansas","Reno County",3,20,813,457,356
050,20,155,"Kansas","Reno County",3,21,770,434,336
050,20,155,"Kansas","Reno County",3,22,730,396,334
050,20,155,"Kansas","Reno County",3,23,754,411,343
050,20,155,"Kansas","Reno County",3,24,725,389,336
050,20,155,"Kansas","Reno County",3,25,712,398,314
050,20,155,"Kansas","Reno County",3,26,685,348,337
050,20,155,"Kansas","Reno County",3,27,690,365,325
050,20,155,"Kansas","Reno County",3,28,755,410,345
050,20,155,"Kansas","Reno County",3,29,781,422,359
050,20,155,"Kansas","Reno County",3,30,784,422,362
050,20,155,"Kansas","Reno County",3,31,706,390,316
050,20,155,"Kansas","Reno County",3,32,707,399,308
050,20,155,"Kansas","Reno County",3,33,702,384,318
050,20,155,"Kansas","Reno County",3,34,715,379,336
050,20,155,"Kansas","Reno County",3,35,752,401,351
050,20,155,"Kansas","Reno County",3,36,738,387,351
050,20,155,"Kansas","Reno County",3,37,765,405,360
050,20,155,"Kansas","Reno County",3,38,812,432,380
050,20,155,"Kansas","Reno County",3,39,808,429,379
050,20,155,"Kansas","Reno County",3,40,794,425,369
050,20,155,"Kansas","Reno County",3,41,744,382,362
050,20,155,"Kansas","Reno County",3,42,735,385,350
050,20,155,"Kansas","Reno County",3,43,711,367,344
050,20,155,"Kansas","Reno County",3,44,707,371,336
050,20,155,"Kansas","Reno County",3,45,722,388,334
050,20,155,"Kansas","Reno County",3,46,668,349,319
050,20,155,"Kansas","Reno County",3,47,654,334,320
050,20,155,"Kansas","Reno County",3,48,685,348,337
050,20,155,"Kansas","Reno County",3,49,694,357,337
050,20,155,"Kansas","Reno County",3,50,750,373,377
050,20,155,"Kansas","Reno County",3,51,730,386,344
050,20,155,"Kansas","Reno County",3,52,679,347,332
050,20,155,"Kansas","Reno County",3,53,639,327,312
050,20,155,"Kansas","Reno County",3,54,678,349,329
050,20,155,"Kansas","Reno County",3,55,678,346,332
050,20,155,"Kansas","Reno County",3,56,762,378,384
050,20,155,"Kansas","Reno County",3,57,833,420,413
050,20,155,"Kansas","Reno County",3,58,855,431,424
050,20,155,"Kansas","Reno County",3,59,854,423,431
050,20,155,"Kansas","Reno County",3,60,870,415,455
050,20,155,"Kansas","Reno County",3,61,861,411,450
050,20,155,"Kansas","Reno County",3,62,864,434,430
050,20,155,"Kansas","Reno County",3,63,900,459,441
050,20,155,"Kansas","Reno County",3,64,880,444,436
050,20,155,"Kansas","Reno County",3,65,834,411,423
050,20,155,"Kansas","Reno County",3,66,822,407,415
050,20,155,"Kansas","Reno County",3,67,786,377,409
050,20,155,"Kansas","Reno County",3,68,749,349,400
050,20,155,"Kansas","Reno County",3,69,737,349,388
050,20,155,"Kansas","Reno County",3,70,703,343,360
050,20,155,"Kansas","Reno County",3,71,648,312,336
050,20,155,"Kansas","Reno County",3,72,634,308,326
050,20,155,"Kansas","Reno County",3,73,594,278,316
050,20,155,"Kansas","Reno County",3,74,610,271,339
050,20,155,"Kansas","Reno County",3,75,439,189,250
050,20,155,"Kansas","Reno County",3,76,445,193,252
050,20,155,"Kansas","Reno County",3,77,445,197,248
050,20,155,"Kansas","Reno County",3,78,466,200,266
050,20,155,"Kansas","Reno County",3,79,366,165,201
050,20,155,"Kansas","Reno County",3,80,323,137,186
050,20,155,"Kansas","Reno County",3,81,304,120,184
050,20,155,"Kansas","Reno County",3,82,289,117,172
050,20,155,"Kansas","Reno County",3,83,276,114,162
050,20,155,"Kansas","Reno County",3,84,243,96,147
050,20,155,"Kansas","Reno County",3,85,1677,601,1076
050,20,155,"Kansas","Reno County",4,0,657,321,336
050,20,155,"Kansas","Reno County",4,1,633,324,309
050,20,155,"Kansas","Reno County",4,2,648,355,293
050,20,155,"Kansas","Reno County",4,3,638,352,286
050,20,155,"Kansas","Reno County",4,4,664,353,311
050,20,155,"Kansas","Reno County",4,5,698,344,354
050,20,155,"Kansas","Reno County",4,6,695,348,347
050,20,155,"Kansas","Reno County",4,7,727,390,337
050,20,155,"Kansas","Reno County",4,8,741,381,360
050,20,155,"Kansas","Reno County",4,9,728,366,362
050,20,155,"Kansas","Reno County",4,10,771,407,364
050,20,155,"Kansas","Reno County",4,11,766,365,401
050,20,155,"Kansas","Reno County",4,12,836,402,434
050,20,155,"Kansas","Reno County",4,13,849,427,422
050,20,155,"Kansas","Reno County",4,14,878,458,420
050,20,155,"Kansas","Reno County",4,15,887,461,426
050,20,155,"Kansas","Reno County",4,16,907,467,440
050,20,155,"Kansas","Reno County",4,17,902,472,430
050,20,155,"Kansas","Reno County",4,18,826,434,392
050,20,155,"Kansas","Reno County",4,19,800,445,355
050,20,155,"Kansas","Reno County",4,20,795,435,360
050,20,155,"Kansas","Reno County",4,21,782,442,340
050,20,155,"Kansas","Reno County",4,22,771,438,333
050,20,155,"Kansas","Reno County",4,23,729,400,329
050,20,155,"Kansas","Reno County",4,24,732,398,334
050,20,155,"Kansas","Reno County",4,25,740,398,342
050,20,155,"Kansas","Reno County",4,26,673,369,304
050,20,155,"Kansas","Reno County",4,27,690,356,334
050,20,155,"Kansas","Reno County",4,28,700,377,323
050,20,155,"Kansas","Reno County",4,29,770,420,350
050,20,155,"Kansas","Reno County",4,30,777,422,355
050,20,155,"Kansas","Reno County",4,31,772,409,363
050,20,155,"Kansas","Reno County",4,32,738,394,344
050,20,155,"Kansas","Reno County",4,33,690,383,307
050,20,155,"Kansas","Reno County",4,34,708,390,318
050,20,155,"Kansas","Reno County",4,35,728,387,341
050,20,155,"Kansas","Reno County",4,36,744,392,352
050,20,155,"Kansas","Reno County",4,37,753,400,353
050,20,155,"Kansas","Reno County",4,38,789,425,364
050,20,155,"Kansas","Reno County",4,39,805,419,386
050,20,155,"Kansas","Reno County",4,40,818,437,381
050,20,155,"Kansas","Reno County",4,41,791,421,370
050,20,155,"Kansas","Reno County",4,42,738,381,357
050,20,155,"Kansas","Reno County",4,43,727,372,355
050,20,155,"Kansas","Reno County",4,44,716,363,353
050,20,155,"Kansas","Reno County",4,45,723,379,344
050,20,155,"Kansas","Reno County",4,46,707,378,329
050,20,155,"Kansas","Reno County",4,47,693,371,322
050,20,155,"Kansas","Reno County",4,48,664,346,318
050,20,155,"Kansas","Reno County",4,49,671,340,331
050,20,155,"Kansas","Reno County",4,50,672,340,332
050,20,155,"Kansas","Reno County",4,51,751,372,379
050,20,155,"Kansas","Reno County",4,52,728,377,351
050,20,155,"Kansas","Reno County",4,53,663,336,327
050,20,155,"Kansas","Reno County",4,54,635,328,307
050,20,155,"Kansas","Reno County",4,55,678,343,335
050,20,155,"Kansas","Reno County",4,56,668,345,323
050,20,155,"Kansas","Reno County",4,57,756,378,378
050,20,155,"Kansas","Reno County",4,58,816,408,408
050,20,155,"Kansas","Reno County",4,59,847,425,422
050,20,155,"Kansas","Reno County",4,60,841,412,429
050,20,155,"Kansas","Reno County",4,61,883,426,457
050,20,155,"Kansas","Reno County",4,62,858,418,440
050,20,155,"Kansas","Reno County",4,63,848,427,421
050,20,155,"Kansas","Reno County",4,64,889,452,437
050,20,155,"Kansas","Reno County",4,65,858,430,428
050,20,155,"Kansas","Reno County",4,66,814,398,416
050,20,155,"Kansas","Reno County",4,67,806,406,400
050,20,155,"Kansas","Reno County",4,68,775,366,409
050,20,155,"Kansas","Reno County",4,69,734,334,400
050,20,155,"Kansas","Reno County",4,70,727,344,383
050,20,155,"Kansas","Reno County",4,71,697,341,356
050,20,155,"Kansas","Reno County",4,72,643,308,335
050,20,155,"Kansas","Reno County",4,73,604,295,309
050,20,155,"Kansas","Reno County",4,74,578,271,307
050,20,155,"Kansas","Reno County",4,75,600,266,334
050,20,155,"Kansas","Reno County",4,76,419,182,237
050,20,155,"Kansas","Reno County",4,77,420,184,236
050,20,155,"Kansas","Reno County",4,78,433,187,246
050,20,155,"Kansas","Reno County",4,79,432,186,246
050,20,155,"Kansas","Reno County",4,80,355,156,199
050,20,155,"Kansas","Reno County",4,81,307,125,182
050,20,155,"Kansas","Reno County",4,82,272,103,169
050,20,155,"Kansas","Reno County",4,83,271,106,165
050,20,155,"Kansas","Reno County",4,84,258,98,160
050,20,155,"Kansas","Reno County",4,85,1631,597,1034
050,20,155,"Kansas","Reno County",5,0,662,321,341
050,20,155,"Kansas","Reno County",5,1,642,316,326
050,20,155,"Kansas","Reno County",5,2,614,311,303
050,20,155,"Kansas","Reno County",5,3,642,349,293
050,20,155,"Kansas","Reno County",5,4,648,355,293
050,20,155,"Kansas","Reno County",5,5,682,366,316
050,20,155,"Kansas","Reno County",5,6,697,353,344
050,20,155,"Kansas","Reno County",5,7,698,346,352
050,20,155,"Kansas","Reno County",5,8,725,383,342
050,20,155,"Kansas","Reno County",5,9,743,386,357
050,20,155,"Kansas","Reno County",5,10,728,370,358
050,20,155,"Kansas","Reno County",5,11,778,411,367
050,20,155,"Kansas","Reno County",5,12,770,364,406
050,20,155,"Kansas","Reno County",5,13,854,414,440
050,20,155,"Kansas","Reno County",5,14,848,430,418
050,20,155,"Kansas","Reno County",5,15,881,463,418
050,20,155,"Kansas","Reno County",5,16,887,462,425
050,20,155,"Kansas","Reno County",5,17,902,467,435
050,20,155,"Kansas","Reno County",5,18,824,434,390
050,20,155,"Kansas","Reno County",5,19,810,451,359
050,20,155,"Kansas","Reno County",5,20,783,437,346
050,20,155,"Kansas","Reno County",5,21,749,418,331
050,20,155,"Kansas","Reno County",5,22,821,454,367
050,20,155,"Kansas","Reno County",5,23,818,456,362
050,20,155,"Kansas","Reno County",5,24,748,399,349
050,20,155,"Kansas","Reno County",5,25,758,415,343
050,20,155,"Kansas","Reno County",5,26,725,388,337
050,20,155,"Kansas","Reno County",5,27,657,361,296
050,20,155,"Kansas","Reno County",5,28,720,369,351
050,20,155,"Kansas","Reno County",5,29,702,378,324
050,20,155,"Kansas","Reno County",5,30,764,416,348
050,20,155,"Kansas","Reno County",5,31,741,403,338
050,20,155,"Kansas","Reno County",5,32,751,390,361
050,20,155,"Kansas","Reno County",5,33,714,380,334
050,20,155,"Kansas","Reno County",5,34,702,392,310
050,20,155,"Kansas","Reno County",5,35,705,389,316
050,20,155,"Kansas","Reno County",5,36,723,370,353
050,20,155,"Kansas","Reno County",5,37,750,403,347
050,20,155,"Kansas","Reno County",5,38,754,399,355
050,20,155,"Kansas","Reno County",5,39,785,413,372
050,20,155,"Kansas","Reno County",5,40,806,420,386
050,20,155,"Kansas","Reno County",5,41,812,422,390
050,20,155,"Kansas","Reno County",5,42,788,418,370
050,20,155,"Kansas","Reno County",5,43,736,366,370
050,20,155,"Kansas","Reno County",5,44,732,375,357
050,20,155,"Kansas","Reno County",5,45,747,385,362
050,20,155,"Kansas","Reno County",5,46,707,367,340
050,20,155,"Kansas","Reno County",5,47,723,394,329
050,20,155,"Kansas","Reno County",5,48,678,363,315
050,20,155,"Kansas","Reno County",5,49,648,338,310
050,20,155,"Kansas","Reno County",5,50,647,314,333
050,20,155,"Kansas","Reno County",5,51,679,344,335
050,20,155,"Kansas","Reno County",5,52,729,353,376
050,20,155,"Kansas","Reno County",5,53,719,371,348
050,20,155,"Kansas","Reno County",5,54,666,345,321
050,20,155,"Kansas","Reno County",5,55,636,319,317
050,20,155,"Kansas","Reno County",5,56,677,344,333
050,20,155,"Kansas","Reno County",5,57,675,346,329
050,20,155,"Kansas","Reno County",5,58,746,377,369
050,20,155,"Kansas","Reno County",5,59,813,409,404
050,20,155,"Kansas","Reno County",5,60,839,419,420
050,20,155,"Kansas","Reno County",5,61,842,414,428
050,20,155,"Kansas","Reno County",5,62,879,422,457
050,20,155,"Kansas","Reno County",5,63,856,416,440
050,20,155,"Kansas","Reno County",5,64,819,409,410
050,20,155,"Kansas","Reno County",5,65,880,440,440
050,20,155,"Kansas","Reno County",5,66,846,428,418
050,20,155,"Kansas","Reno County",5,67,796,382,414
050,20,155,"Kansas","Reno County",5,68,801,398,403
050,20,155,"Kansas","Reno County",5,69,768,359,409
050,20,155,"Kansas","Reno County",5,70,724,330,394
050,20,155,"Kansas","Reno County",5,71,723,347,376
050,20,155,"Kansas","Reno County",5,72,684,332,352
050,20,155,"Kansas","Reno County",5,73,631,307,324
050,20,155,"Kansas","Reno County",5,74,593,292,301
050,20,155,"Kansas","Reno County",5,75,571,268,303
050,20,155,"Kansas","Reno County",5,76,576,257,319
050,20,155,"Kansas","Reno County",5,77,401,172,229
050,20,155,"Kansas","Reno County",5,78,411,176,235
050,20,155,"Kansas","Reno County",5,79,402,176,226
050,20,155,"Kansas","Reno County",5,80,416,177,239
050,20,155,"Kansas","Reno County",5,81,333,142,191
050,20,155,"Kansas","Reno County",5,82,278,110,168
050,20,155,"Kansas","Reno County",5,83,254,95,159
050,20,155,"Kansas","Reno County",5,84,258,94,164
050,20,155,"Kansas","Reno County",5,85,1647,595,1052
050,20,157,"Kansas","Republic County",1,0,44,23,21
050,20,157,"Kansas","Republic County",1,1,51,28,23
050,20,157,"Kansas","Republic County",1,2,54,28,26
050,20,157,"Kansas","Republic County",1,3,47,25,22
050,20,157,"Kansas","Republic County",1,4,63,38,25
050,20,157,"Kansas","Republic County",1,5,61,30,31
050,20,157,"Kansas","Republic County",1,6,59,33,26
050,20,157,"Kansas","Republic County",1,7,49,23,26
050,20,157,"Kansas","Republic County",1,8,53,33,20
050,20,157,"Kansas","Republic County",1,9,60,32,28
050,20,157,"Kansas","Republic County",1,10,66,34,32
050,20,157,"Kansas","Republic County",1,11,59,24,35
050,20,157,"Kansas","Republic County",1,12,65,30,35
050,20,157,"Kansas","Republic County",1,13,56,26,30
050,20,157,"Kansas","Republic County",1,14,57,29,28
050,20,157,"Kansas","Republic County",1,15,51,31,20
050,20,157,"Kansas","Republic County",1,16,64,34,30
050,20,157,"Kansas","Republic County",1,17,64,34,30
050,20,157,"Kansas","Republic County",1,18,48,22,26
050,20,157,"Kansas","Republic County",1,19,37,18,19
050,20,157,"Kansas","Republic County",1,20,34,18,16
050,20,157,"Kansas","Republic County",1,21,42,23,19
050,20,157,"Kansas","Republic County",1,22,37,18,19
050,20,157,"Kansas","Republic County",1,23,42,21,21
050,20,157,"Kansas","Republic County",1,24,39,19,20
050,20,157,"Kansas","Republic County",1,25,45,20,25
050,20,157,"Kansas","Republic County",1,26,46,27,19
050,20,157,"Kansas","Republic County",1,27,46,22,24
050,20,157,"Kansas","Republic County",1,28,40,20,20
050,20,157,"Kansas","Republic County",1,29,38,20,18
050,20,157,"Kansas","Republic County",1,30,43,23,20
050,20,157,"Kansas","Republic County",1,31,40,16,24
050,20,157,"Kansas","Republic County",1,32,38,24,14
050,20,157,"Kansas","Republic County",1,33,42,24,18
050,20,157,"Kansas","Republic County",1,34,43,20,23
050,20,157,"Kansas","Republic County",1,35,50,23,27
050,20,157,"Kansas","Republic County",1,36,55,29,26
050,20,157,"Kansas","Republic County",1,37,55,28,27
050,20,157,"Kansas","Republic County",1,38,60,35,25
050,20,157,"Kansas","Republic County",1,39,60,39,21
050,20,157,"Kansas","Republic County",1,40,52,28,24
050,20,157,"Kansas","Republic County",1,41,40,20,20
050,20,157,"Kansas","Republic County",1,42,43,19,24
050,20,157,"Kansas","Republic County",1,43,47,23,24
050,20,157,"Kansas","Republic County",1,44,36,18,18
050,20,157,"Kansas","Republic County",1,45,39,17,22
050,20,157,"Kansas","Republic County",1,46,43,19,24
050,20,157,"Kansas","Republic County",1,47,49,22,27
050,20,157,"Kansas","Republic County",1,48,44,21,23
050,20,157,"Kansas","Republic County",1,49,34,16,18
050,20,157,"Kansas","Republic County",1,50,44,21,23
050,20,157,"Kansas","Republic County",1,51,55,29,26
050,20,157,"Kansas","Republic County",1,52,46,26,20
050,20,157,"Kansas","Republic County",1,53,43,21,22
050,20,157,"Kansas","Republic County",1,54,57,28,29
050,20,157,"Kansas","Republic County",1,55,56,28,28
050,20,157,"Kansas","Republic County",1,56,71,39,32
050,20,157,"Kansas","Republic County",1,57,68,35,33
050,20,157,"Kansas","Republic County",1,58,77,38,39
050,20,157,"Kansas","Republic County",1,59,81,38,43
050,20,157,"Kansas","Republic County",1,60,72,34,38
050,20,157,"Kansas","Republic County",1,61,76,36,40
050,20,157,"Kansas","Republic County",1,62,90,50,40
050,20,157,"Kansas","Republic County",1,63,84,45,39
050,20,157,"Kansas","Republic County",1,64,82,45,37
050,20,157,"Kansas","Republic County",1,65,84,37,47
050,20,157,"Kansas","Republic County",1,66,76,38,38
050,20,157,"Kansas","Republic County",1,67,76,38,38
050,20,157,"Kansas","Republic County",1,68,77,37,40
050,20,157,"Kansas","Republic County",1,69,67,38,29
050,20,157,"Kansas","Republic County",1,70,58,31,27
050,20,157,"Kansas","Republic County",1,71,66,35,31
050,20,157,"Kansas","Republic County",1,72,63,33,30
050,20,157,"Kansas","Republic County",1,73,63,35,28
050,20,157,"Kansas","Republic County",1,74,38,15,23
050,20,157,"Kansas","Republic County",1,75,36,14,22
050,20,157,"Kansas","Republic County",1,76,42,21,21
050,20,157,"Kansas","Republic County",1,77,42,22,20
050,20,157,"Kansas","Republic County",1,78,47,21,26
050,20,157,"Kansas","Republic County",1,79,31,16,15
050,20,157,"Kansas","Republic County",1,80,37,20,17
050,20,157,"Kansas","Republic County",1,81,29,13,16
050,20,157,"Kansas","Republic County",1,82,28,10,18
050,20,157,"Kansas","Republic County",1,83,36,11,25
050,20,157,"Kansas","Republic County",1,84,24,7,17
050,20,157,"Kansas","Republic County",1,85,217,81,136
050,20,157,"Kansas","Republic County",2,0,47,23,24
050,20,157,"Kansas","Republic County",2,1,50,27,23
050,20,157,"Kansas","Republic County",2,2,54,28,26
050,20,157,"Kansas","Republic County",2,3,48,25,23
050,20,157,"Kansas","Republic County",2,4,61,35,26
050,20,157,"Kansas","Republic County",2,5,61,32,29
050,20,157,"Kansas","Republic County",2,6,59,32,27
050,20,157,"Kansas","Republic County",2,7,50,25,25
050,20,157,"Kansas","Republic County",2,8,52,30,22
050,20,157,"Kansas","Republic County",2,9,57,32,25
050,20,157,"Kansas","Republic County",2,10,65,34,31
050,20,157,"Kansas","Republic County",2,11,60,26,34
050,20,157,"Kansas","Republic County",2,12,64,28,36
050,20,157,"Kansas","Republic County",2,13,58,27,31
050,20,157,"Kansas","Republic County",2,14,56,28,28
050,20,157,"Kansas","Republic County",2,15,52,30,22
050,20,157,"Kansas","Republic County",2,16,62,34,28
050,20,157,"Kansas","Republic County",2,17,64,33,31
050,20,157,"Kansas","Republic County",2,18,50,24,26
050,20,157,"Kansas","Republic County",2,19,38,18,20
050,20,157,"Kansas","Republic County",2,20,35,18,17
050,20,157,"Kansas","Republic County",2,21,39,21,18
050,20,157,"Kansas","Republic County",2,22,38,19,19
050,20,157,"Kansas","Republic County",2,23,43,21,22
050,20,157,"Kansas","Republic County",2,24,39,19,20
050,20,157,"Kansas","Republic County",2,25,43,20,23
050,20,157,"Kansas","Republic County",2,26,47,27,20
050,20,157,"Kansas","Republic County",2,27,46,23,23
050,20,157,"Kansas","Republic County",2,28,41,21,20
050,20,157,"Kansas","Republic County",2,29,40,20,20
050,20,157,"Kansas","Republic County",2,30,42,22,20
050,20,157,"Kansas","Republic County",2,31,41,18,23
050,20,157,"Kansas","Republic County",2,32,39,23,16
050,20,157,"Kansas","Republic County",2,33,40,23,17
050,20,157,"Kansas","Republic County",2,34,42,20,22
050,20,157,"Kansas","Republic County",2,35,49,22,27
050,20,157,"Kansas","Republic County",2,36,52,26,26
050,20,157,"Kansas","Republic County",2,37,56,29,27
050,20,157,"Kansas","Republic County",2,38,61,34,27
050,20,157,"Kansas","Republic County",2,39,60,38,22
050,20,157,"Kansas","Republic County",2,40,54,30,24
050,20,157,"Kansas","Republic County",2,41,44,22,22
050,20,157,"Kansas","Republic County",2,42,42,19,23
050,20,157,"Kansas","Republic County",2,43,46,22,24
050,20,157,"Kansas","Republic County",2,44,39,19,20
050,20,157,"Kansas","Republic County",2,45,38,17,21
050,20,157,"Kansas","Republic County",2,46,41,18,23
050,20,157,"Kansas","Republic County",2,47,47,21,26
050,20,157,"Kansas","Republic County",2,48,45,21,24
050,20,157,"Kansas","Republic County",2,49,36,17,19
050,20,157,"Kansas","Republic County",2,50,42,20,22
050,20,157,"Kansas","Republic County",2,51,53,28,25
050,20,157,"Kansas","Republic County",2,52,47,26,21
050,20,157,"Kansas","Republic County",2,53,42,21,21
050,20,157,"Kansas","Republic County",2,54,53,26,27
050,20,157,"Kansas","Republic County",2,55,56,28,28
050,20,157,"Kansas","Republic County",2,56,67,36,31
050,20,157,"Kansas","Republic County",2,57,69,36,33
050,20,157,"Kansas","Republic County",2,58,76,38,38
050,20,157,"Kansas","Republic County",2,59,80,38,42
050,20,157,"Kansas","Republic County",2,60,75,35,40
050,20,157,"Kansas","Republic County",2,61,75,36,39
050,20,157,"Kansas","Republic County",2,62,87,47,40
050,20,157,"Kansas","Republic County",2,63,84,45,39
050,20,157,"Kansas","Republic County",2,64,82,45,37
050,20,157,"Kansas","Republic County",2,65,84,39,45
050,20,157,"Kansas","Republic County",2,66,78,38,40
050,20,157,"Kansas","Republic County",2,67,76,38,38
050,20,157,"Kansas","Republic County",2,68,76,37,39
050,20,157,"Kansas","Republic County",2,69,69,38,31
050,20,157,"Kansas","Republic County",2,70,60,33,27
050,20,157,"Kansas","Republic County",2,71,64,34,30
050,20,157,"Kansas","Republic County",2,72,63,33,30
050,20,157,"Kansas","Republic County",2,73,67,37,30
050,20,157,"Kansas","Republic County",2,74,42,19,23
050,20,157,"Kansas","Republic County",2,75,35,14,21
050,20,157,"Kansas","Republic County",2,76,40,19,21
050,20,157,"Kansas","Republic County",2,77,43,22,21
050,20,157,"Kansas","Republic County",2,78,45,21,24
050,20,157,"Kansas","Republic County",2,79,34,17,17
050,20,157,"Kansas","Republic County",2,80,36,18,18
050,20,157,"Kansas","Republic County",2,81,29,15,14
050,20,157,"Kansas","Republic County",2,82,29,11,18
050,20,157,"Kansas","Republic County",2,83,34,11,23
050,20,157,"Kansas","Republic County",2,84,25,7,18
050,20,157,"Kansas","Republic County",2,85,214,79,135
050,20,157,"Kansas","Republic County",3,0,64,35,29
050,20,157,"Kansas","Republic County",3,1,46,27,19
050,20,157,"Kansas","Republic County",3,2,52,28,24
050,20,157,"Kansas","Republic County",3,3,57,25,32
050,20,157,"Kansas","Republic County",3,4,50,29,21
050,20,157,"Kansas","Republic County",3,5,70,41,29
050,20,157,"Kansas","Republic County",3,6,59,32,27
050,20,157,"Kansas","Republic County",3,7,56,30,26
050,20,157,"Kansas","Republic County",3,8,53,29,24
050,20,157,"Kansas","Republic County",3,9,54,30,24
050,20,157,"Kansas","Republic County",3,10,55,31,24
050,20,157,"Kansas","Republic County",3,11,63,31,32
050,20,157,"Kansas","Republic County",3,12,62,25,37
050,20,157,"Kansas","Republic County",3,13,65,29,36
050,20,157,"Kansas","Republic County",3,14,58,27,31
050,20,157,"Kansas","Republic County",3,15,56,29,27
050,20,157,"Kansas","Republic County",3,16,48,29,19
050,20,157,"Kansas","Republic County",3,17,61,33,28
050,20,157,"Kansas","Republic County",3,18,56,30,26
050,20,157,"Kansas","Republic County",3,19,43,20,23
050,20,157,"Kansas","Republic County",3,20,44,19,25
050,20,157,"Kansas","Republic County",3,21,36,18,18
050,20,157,"Kansas","Republic County",3,22,43,24,19
050,20,157,"Kansas","Republic County",3,23,42,19,23
050,20,157,"Kansas","Republic County",3,24,38,19,19
050,20,157,"Kansas","Republic County",3,25,46,22,24
050,20,157,"Kansas","Republic County",3,26,48,23,25
050,20,157,"Kansas","Republic County",3,27,45,26,19
050,20,157,"Kansas","Republic County",3,28,42,18,24
050,20,157,"Kansas","Republic County",3,29,47,21,26
050,20,157,"Kansas","Republic County",3,30,42,20,22
050,20,157,"Kansas","Republic County",3,31,43,23,20
050,20,157,"Kansas","Republic County",3,32,47,21,26
050,20,157,"Kansas","Republic County",3,33,43,25,18
050,20,157,"Kansas","Republic County",3,34,40,22,18
050,20,157,"Kansas","Republic County",3,35,44,24,20
050,20,157,"Kansas","Republic County",3,36,54,27,27
050,20,157,"Kansas","Republic County",3,37,51,25,26
050,20,157,"Kansas","Republic County",3,38,57,29,28
050,20,157,"Kansas","Republic County",3,39,63,34,29
050,20,157,"Kansas","Republic County",3,40,61,40,21
050,20,157,"Kansas","Republic County",3,41,55,31,24
050,20,157,"Kansas","Republic County",3,42,46,25,21
050,20,157,"Kansas","Republic County",3,43,38,17,21
050,20,157,"Kansas","Republic County",3,44,43,20,23
050,20,157,"Kansas","Republic County",3,45,40,20,20
050,20,157,"Kansas","Republic County",3,46,38,17,21
050,20,157,"Kansas","Republic County",3,47,44,21,23
050,20,157,"Kansas","Republic County",3,48,44,21,23
050,20,157,"Kansas","Republic County",3,49,42,19,23
050,20,157,"Kansas","Republic County",3,50,36,17,19
050,20,157,"Kansas","Republic County",3,51,42,20,22
050,20,157,"Kansas","Republic County",3,52,52,28,24
050,20,157,"Kansas","Republic County",3,53,45,24,21
050,20,157,"Kansas","Republic County",3,54,41,20,21
050,20,157,"Kansas","Republic County",3,55,55,26,29
050,20,157,"Kansas","Republic County",3,56,52,24,28
050,20,157,"Kansas","Republic County",3,57,67,34,33
050,20,157,"Kansas","Republic County",3,58,68,39,29
050,20,157,"Kansas","Republic County",3,59,76,37,39
050,20,157,"Kansas","Republic County",3,60,78,36,42
050,20,157,"Kansas","Republic County",3,61,77,37,40
050,20,157,"Kansas","Republic County",3,62,76,36,40
050,20,157,"Kansas","Republic County",3,63,88,45,43
050,20,157,"Kansas","Republic County",3,64,84,45,39
050,20,157,"Kansas","Republic County",3,65,86,44,42
050,20,157,"Kansas","Republic County",3,66,80,37,43
050,20,157,"Kansas","Republic County",3,67,77,37,40
050,20,157,"Kansas","Republic County",3,68,74,39,35
050,20,157,"Kansas","Republic County",3,69,74,35,39
050,20,157,"Kansas","Republic County",3,70,65,36,29
050,20,157,"Kansas","Republic County",3,71,58,33,25
050,20,157,"Kansas","Republic County",3,72,64,33,31
050,20,157,"Kansas","Republic County",3,73,64,35,29
050,20,157,"Kansas","Republic County",3,74,63,35,28
050,20,157,"Kansas","Republic County",3,75,40,18,22
050,20,157,"Kansas","Republic County",3,76,32,12,20
050,20,157,"Kansas","Republic County",3,77,39,18,21
050,20,157,"Kansas","Republic County",3,78,42,21,21
050,20,157,"Kansas","Republic County",3,79,41,19,22
050,20,157,"Kansas","Republic County",3,80,33,14,19
050,20,157,"Kansas","Republic County",3,81,31,17,14
050,20,157,"Kansas","Republic County",3,82,28,14,14
050,20,157,"Kansas","Republic County",3,83,25,9,16
050,20,157,"Kansas","Republic County",3,84,31,11,20
050,20,157,"Kansas","Republic County",3,85,210,71,139
050,20,157,"Kansas","Republic County",4,0,58,36,22
050,20,157,"Kansas","Republic County",4,1,69,39,30
050,20,157,"Kansas","Republic County",4,2,46,26,20
050,20,157,"Kansas","Republic County",4,3,51,27,24
050,20,157,"Kansas","Republic County",4,4,61,28,33
050,20,157,"Kansas","Republic County",4,5,54,30,24
050,20,157,"Kansas","Republic County",4,6,66,40,26
050,20,157,"Kansas","Republic County",4,7,61,31,30
050,20,157,"Kansas","Republic County",4,8,55,30,25
050,20,157,"Kansas","Republic County",4,9,54,27,27
050,20,157,"Kansas","Republic County",4,10,56,30,26
050,20,157,"Kansas","Republic County",4,11,55,31,24
050,20,157,"Kansas","Republic County",4,12,60,29,31
050,20,157,"Kansas","Republic County",4,13,61,24,37
050,20,157,"Kansas","Republic County",4,14,62,25,37
050,20,157,"Kansas","Republic County",4,15,59,29,30
050,20,157,"Kansas","Republic County",4,16,56,28,28
050,20,157,"Kansas","Republic County",4,17,49,30,19
050,20,157,"Kansas","Republic County",4,18,53,29,24
050,20,157,"Kansas","Republic County",4,19,36,18,18
050,20,157,"Kansas","Republic County",4,20,41,20,21
050,20,157,"Kansas","Republic County",4,21,46,20,26
050,20,157,"Kansas","Republic County",4,22,36,16,20
050,20,157,"Kansas","Republic County",4,23,46,27,19
050,20,157,"Kansas","Republic County",4,24,43,20,23
050,20,157,"Kansas","Republic County",4,25,40,21,19
050,20,157,"Kansas","Republic County",4,26,46,18,28
050,20,157,"Kansas","Republic County",4,27,42,22,20
050,20,157,"Kansas","Republic County",4,28,47,26,21
050,20,157,"Kansas","Republic County",4,29,38,14,24
050,20,157,"Kansas","Republic County",4,30,48,21,27
050,20,157,"Kansas","Republic County",4,31,46,26,20
050,20,157,"Kansas","Republic County",4,32,46,26,20
050,20,157,"Kansas","Republic County",4,33,47,23,24
050,20,157,"Kansas","Republic County",4,34,45,26,19
050,20,157,"Kansas","Republic County",4,35,40,21,19
050,20,157,"Kansas","Republic County",4,36,47,24,23
050,20,157,"Kansas","Republic County",4,37,53,27,26
050,20,157,"Kansas","Republic County",4,38,49,25,24
050,20,157,"Kansas","Republic County",4,39,54,27,27
050,20,157,"Kansas","Republic County",4,40,62,32,30
050,20,157,"Kansas","Republic County",4,41,66,43,23
050,20,157,"Kansas","Republic County",4,42,58,31,27
050,20,157,"Kansas","Republic County",4,43,47,26,21
050,20,157,"Kansas","Republic County",4,44,39,18,21
050,20,157,"Kansas","Republic County",4,45,42,19,23
050,20,157,"Kansas","Republic County",4,46,38,20,18
050,20,157,"Kansas","Republic County",4,47,39,18,21
050,20,157,"Kansas","Republic County",4,48,49,26,23
050,20,157,"Kansas","Republic County",4,49,43,20,23
050,20,157,"Kansas","Republic County",4,50,42,18,24
050,20,157,"Kansas","Republic County",4,51,39,17,22
050,20,157,"Kansas","Republic County",4,52,46,21,25
050,20,157,"Kansas","Republic County",4,53,54,29,25
050,20,157,"Kansas","Republic County",4,54,46,25,21
050,20,157,"Kansas","Republic County",4,55,41,20,21
050,20,157,"Kansas","Republic County",4,56,55,26,29
050,20,157,"Kansas","Republic County",4,57,50,22,28
050,20,157,"Kansas","Republic County",4,58,64,34,30
050,20,157,"Kansas","Republic County",4,59,66,37,29
050,20,157,"Kansas","Republic County",4,60,72,36,36
050,20,157,"Kansas","Republic County",4,61,74,35,39
050,20,157,"Kansas","Republic County",4,62,77,37,40
050,20,157,"Kansas","Republic County",4,63,76,36,40
050,20,157,"Kansas","Republic County",4,64,87,45,42
050,20,157,"Kansas","Republic County",4,65,82,42,40
050,20,157,"Kansas","Republic County",4,66,87,45,42
050,20,157,"Kansas","Republic County",4,67,81,38,43
050,20,157,"Kansas","Republic County",4,68,77,36,41
050,20,157,"Kansas","Republic County",4,69,73,39,34
050,20,157,"Kansas","Republic County",4,70,71,34,37
050,20,157,"Kansas","Republic County",4,71,61,33,28
050,20,157,"Kansas","Republic County",4,72,57,30,27
050,20,157,"Kansas","Republic County",4,73,62,35,27
050,20,157,"Kansas","Republic County",4,74,58,32,26
050,20,157,"Kansas","Republic County",4,75,61,34,27
050,20,157,"Kansas","Republic County",4,76,41,19,22
050,20,157,"Kansas","Republic County",4,77,30,12,18
050,20,157,"Kansas","Republic County",4,78,32,15,17
050,20,157,"Kansas","Republic County",4,79,38,20,18
050,20,157,"Kansas","Republic County",4,80,41,17,24
050,20,157,"Kansas","Republic County",4,81,30,14,16
050,20,157,"Kansas","Republic County",4,82,30,15,15
050,20,157,"Kansas","Republic County",4,83,23,13,10
050,20,157,"Kansas","Republic County",4,84,19,5,14
050,20,157,"Kansas","Republic County",4,85,205,68,137
050,20,157,"Kansas","Republic County",5,0,56,34,22
050,20,157,"Kansas","Republic County",5,1,53,32,21
050,20,157,"Kansas","Republic County",5,2,67,35,32
050,20,157,"Kansas","Republic County",5,3,48,27,21
050,20,157,"Kansas","Republic County",5,4,55,29,26
050,20,157,"Kansas","Republic County",5,5,63,29,34
050,20,157,"Kansas","Republic County",5,6,50,27,23
050,20,157,"Kansas","Republic County",5,7,66,41,25
050,20,157,"Kansas","Republic County",5,8,62,31,31
050,20,157,"Kansas","Republic County",5,9,55,29,26
050,20,157,"Kansas","Republic County",5,10,60,27,33
050,20,157,"Kansas","Republic County",5,11,55,28,27
050,20,157,"Kansas","Republic County",5,12,57,32,25
050,20,157,"Kansas","Republic County",5,13,62,29,33
050,20,157,"Kansas","Republic County",5,14,62,25,37
050,20,157,"Kansas","Republic County",5,15,66,26,40
050,20,157,"Kansas","Republic County",5,16,58,30,28
050,20,157,"Kansas","Republic County",5,17,58,29,29
050,20,157,"Kansas","Republic County",5,18,41,26,15
050,20,157,"Kansas","Republic County",5,19,38,21,17
050,20,157,"Kansas","Republic County",5,20,39,19,20
050,20,157,"Kansas","Republic County",5,21,41,19,22
050,20,157,"Kansas","Republic County",5,22,42,17,25
050,20,157,"Kansas","Republic County",5,23,32,13,19
050,20,157,"Kansas","Republic County",5,24,43,26,17
050,20,157,"Kansas","Republic County",5,25,47,22,25
050,20,157,"Kansas","Republic County",5,26,34,21,13
050,20,157,"Kansas","Republic County",5,27,49,21,28
050,20,157,"Kansas","Republic County",5,28,43,22,21
050,20,157,"Kansas","Republic County",5,29,50,27,23
050,20,157,"Kansas","Republic County",5,30,40,16,24
050,20,157,"Kansas","Republic County",5,31,48,23,25
050,20,157,"Kansas","Republic County",5,32,51,27,24
050,20,157,"Kansas","Republic County",5,33,46,28,18
050,20,157,"Kansas","Republic County",5,34,50,24,26
050,20,157,"Kansas","Republic County",5,35,42,25,17
050,20,157,"Kansas","Republic County",5,36,39,20,19
050,20,157,"Kansas","Republic County",5,37,51,26,25
050,20,157,"Kansas","Republic County",5,38,54,27,27
050,20,157,"Kansas","Republic County",5,39,46,25,21
050,20,157,"Kansas","Republic County",5,40,53,27,26
050,20,157,"Kansas","Republic County",5,41,66,35,31
050,20,157,"Kansas","Republic County",5,42,71,44,27
050,20,157,"Kansas","Republic County",5,43,54,29,25
050,20,157,"Kansas","Republic County",5,44,48,29,19
050,20,157,"Kansas","Republic County",5,45,38,18,20
050,20,157,"Kansas","Republic County",5,46,42,18,24
050,20,157,"Kansas","Republic County",5,47,39,20,19
050,20,157,"Kansas","Republic County",5,48,38,17,21
050,20,157,"Kansas","Republic County",5,49,45,22,23
050,20,157,"Kansas","Republic County",5,50,42,20,22
050,20,157,"Kansas","Republic County",5,51,43,21,22
050,20,157,"Kansas","Republic County",5,52,40,18,22
050,20,157,"Kansas","Republic County",5,53,45,20,25
050,20,157,"Kansas","Republic County",5,54,54,29,25
050,20,157,"Kansas","Republic County",5,55,45,26,19
050,20,157,"Kansas","Republic County",5,56,43,21,22
050,20,157,"Kansas","Republic County",5,57,56,27,29
050,20,157,"Kansas","Republic County",5,58,51,22,29
050,20,157,"Kansas","Republic County",5,59,64,34,30
050,20,157,"Kansas","Republic County",5,60,65,37,28
050,20,157,"Kansas","Republic County",5,61,70,36,34
050,20,157,"Kansas","Republic County",5,62,73,36,37
050,20,157,"Kansas","Republic County",5,63,76,36,40
050,20,157,"Kansas","Republic County",5,64,75,35,40
050,20,157,"Kansas","Republic County",5,65,87,44,43
050,20,157,"Kansas","Republic County",5,66,81,43,38
050,20,157,"Kansas","Republic County",5,67,88,45,43
050,20,157,"Kansas","Republic County",5,68,81,38,43
050,20,157,"Kansas","Republic County",5,69,76,37,39
050,20,157,"Kansas","Republic County",5,70,72,39,33
050,20,157,"Kansas","Republic County",5,71,65,32,33
050,20,157,"Kansas","Republic County",5,72,60,32,28
050,20,157,"Kansas","Republic County",5,73,55,30,25
050,20,157,"Kansas","Republic County",5,74,56,32,24
050,20,157,"Kansas","Republic County",5,75,54,30,24
050,20,157,"Kansas","Republic County",5,76,57,32,25
050,20,157,"Kansas","Republic County",5,77,37,16,21
050,20,157,"Kansas","Republic County",5,78,25,9,16
050,20,157,"Kansas","Republic County",5,79,33,14,19
050,20,157,"Kansas","Republic County",5,80,40,18,22
050,20,157,"Kansas","Republic County",5,81,37,17,20
050,20,157,"Kansas","Republic County",5,82,29,12,17
050,20,157,"Kansas","Republic County",5,83,28,15,13
050,20,157,"Kansas","Republic County",5,84,19,11,8
050,20,157,"Kansas","Republic County",5,85,192,58,134
050,20,159,"Kansas","Rice County",1,0,110,56,54
050,20,159,"Kansas","Rice County",1,1,112,62,50
050,20,159,"Kansas","Rice County",1,2,109,61,48
050,20,159,"Kansas","Rice County",1,3,105,62,43
050,20,159,"Kansas","Rice County",1,4,117,60,57
050,20,159,"Kansas","Rice County",1,5,122,60,62
050,20,159,"Kansas","Rice County",1,6,121,64,57
050,20,159,"Kansas","Rice County",1,7,132,66,66
050,20,159,"Kansas","Rice County",1,8,133,61,72
050,20,159,"Kansas","Rice County",1,9,143,69,74
050,20,159,"Kansas","Rice County",1,10,139,66,73
050,20,159,"Kansas","Rice County",1,11,142,71,71
050,20,159,"Kansas","Rice County",1,12,125,71,54
050,20,159,"Kansas","Rice County",1,13,128,67,61
050,20,159,"Kansas","Rice County",1,14,125,57,68
050,20,159,"Kansas","Rice County",1,15,124,65,59
050,20,159,"Kansas","Rice County",1,16,126,76,50
050,20,159,"Kansas","Rice County",1,17,132,72,60
050,20,159,"Kansas","Rice County",1,18,149,81,68
050,20,159,"Kansas","Rice County",1,19,202,109,93
050,20,159,"Kansas","Rice County",1,20,169,92,77
050,20,159,"Kansas","Rice County",1,21,175,99,76
050,20,159,"Kansas","Rice County",1,22,140,71,69
050,20,159,"Kansas","Rice County",1,23,123,64,59
050,20,159,"Kansas","Rice County",1,24,103,60,43
050,20,159,"Kansas","Rice County",1,25,103,63,40
050,20,159,"Kansas","Rice County",1,26,102,56,46
050,20,159,"Kansas","Rice County",1,27,87,44,43
050,20,159,"Kansas","Rice County",1,28,97,50,47
050,20,159,"Kansas","Rice County",1,29,105,56,49
050,20,159,"Kansas","Rice County",1,30,100,52,48
050,20,159,"Kansas","Rice County",1,31,100,57,43
050,20,159,"Kansas","Rice County",1,32,95,55,40
050,20,159,"Kansas","Rice County",1,33,112,58,54
050,20,159,"Kansas","Rice County",1,34,100,51,49
050,20,159,"Kansas","Rice County",1,35,106,62,44
050,20,159,"Kansas","Rice County",1,36,122,65,57
050,20,159,"Kansas","Rice County",1,37,116,63,53
050,20,159,"Kansas","Rice County",1,38,111,61,50
050,20,159,"Kansas","Rice County",1,39,109,58,51
050,20,159,"Kansas","Rice County",1,40,92,52,40
050,20,159,"Kansas","Rice County",1,41,111,59,52
050,20,159,"Kansas","Rice County",1,42,96,55,41
050,20,159,"Kansas","Rice County",1,43,89,41,48
050,20,159,"Kansas","Rice County",1,44,82,44,38
050,20,159,"Kansas","Rice County",1,45,87,44,43
050,20,159,"Kansas","Rice County",1,46,89,41,48
050,20,159,"Kansas","Rice County",1,47,101,50,51
050,20,159,"Kansas","Rice County",1,48,102,56,46
050,20,159,"Kansas","Rice County",1,49,110,60,50
050,20,159,"Kansas","Rice County",1,50,98,57,41
050,20,159,"Kansas","Rice County",1,51,81,45,36
050,20,159,"Kansas","Rice County",1,52,105,53,52
050,20,159,"Kansas","Rice County",1,53,99,46,53
050,20,159,"Kansas","Rice County",1,54,90,45,45
050,20,159,"Kansas","Rice County",1,55,106,57,49
050,20,159,"Kansas","Rice County",1,56,121,49,72
050,20,159,"Kansas","Rice County",1,57,111,50,61
050,20,159,"Kansas","Rice County",1,58,123,67,56
050,20,159,"Kansas","Rice County",1,59,142,71,71
050,20,159,"Kansas","Rice County",1,60,140,70,70
050,20,159,"Kansas","Rice County",1,61,143,64,79
050,20,159,"Kansas","Rice County",1,62,144,71,73
050,20,159,"Kansas","Rice County",1,63,138,71,67
050,20,159,"Kansas","Rice County",1,64,145,78,67
050,20,159,"Kansas","Rice County",1,65,145,81,64
050,20,159,"Kansas","Rice County",1,66,141,64,77
050,20,159,"Kansas","Rice County",1,67,119,54,65
050,20,159,"Kansas","Rice County",1,68,96,52,44
050,20,159,"Kansas","Rice County",1,69,99,54,45
050,20,159,"Kansas","Rice County",1,70,94,44,50
050,20,159,"Kansas","Rice County",1,71,91,41,50
050,20,159,"Kansas","Rice County",1,72,80,36,44
050,20,159,"Kansas","Rice County",1,73,88,48,40
050,20,159,"Kansas","Rice County",1,74,54,26,28
050,20,159,"Kansas","Rice County",1,75,67,26,41
050,20,159,"Kansas","Rice County",1,76,67,25,42
050,20,159,"Kansas","Rice County",1,77,64,29,35
050,20,159,"Kansas","Rice County",1,78,59,23,36
050,20,159,"Kansas","Rice County",1,79,60,26,34
050,20,159,"Kansas","Rice County",1,80,52,24,28
050,20,159,"Kansas","Rice County",1,81,54,23,31
050,20,159,"Kansas","Rice County",1,82,48,20,28
050,20,159,"Kansas","Rice County",1,83,44,17,27
050,20,159,"Kansas","Rice County",1,84,48,22,26
050,20,159,"Kansas","Rice County",1,85,240,84,156
050,20,159,"Kansas","Rice County",2,0,109,57,52
050,20,159,"Kansas","Rice County",2,1,110,60,50
050,20,159,"Kansas","Rice County",2,2,108,60,48
050,20,159,"Kansas","Rice County",2,3,104,61,43
050,20,159,"Kansas","Rice County",2,4,114,61,53
050,20,159,"Kansas","Rice County",2,5,119,60,59
050,20,159,"Kansas","Rice County",2,6,123,63,60
050,20,159,"Kansas","Rice County",2,7,131,66,65
050,20,159,"Kansas","Rice County",2,8,131,61,70
050,20,159,"Kansas","Rice County",2,9,138,66,72
050,20,159,"Kansas","Rice County",2,10,138,65,73
050,20,159,"Kansas","Rice County",2,11,137,68,69
050,20,159,"Kansas","Rice County",2,12,129,71,58
050,20,159,"Kansas","Rice County",2,13,129,69,60
050,20,159,"Kansas","Rice County",2,14,126,60,66
050,20,159,"Kansas","Rice County",2,15,124,63,61
050,20,159,"Kansas","Rice County",2,16,126,74,52
050,20,159,"Kansas","Rice County",2,17,131,74,57
050,20,159,"Kansas","Rice County",2,18,148,80,68
050,20,159,"Kansas","Rice County",2,19,200,110,90
050,20,159,"Kansas","Rice County",2,20,168,90,78
050,20,159,"Kansas","Rice County",2,21,178,102,76
050,20,159,"Kansas","Rice County",2,22,136,70,66
050,20,159,"Kansas","Rice County",2,23,121,63,58
050,20,159,"Kansas","Rice County",2,24,106,61,45
050,20,159,"Kansas","Rice County",2,25,103,63,40
050,20,159,"Kansas","Rice County",2,26,100,56,44
050,20,159,"Kansas","Rice County",2,27,88,46,42
050,20,159,"Kansas","Rice County",2,28,92,47,45
050,20,159,"Kansas","Rice County",2,29,102,54,48
050,20,159,"Kansas","Rice County",2,30,99,51,48
050,20,159,"Kansas","Rice County",2,31,96,55,41
050,20,159,"Kansas","Rice County",2,32,96,55,41
050,20,159,"Kansas","Rice County",2,33,108,58,50
050,20,159,"Kansas","Rice County",2,34,102,52,50
050,20,159,"Kansas","Rice County",2,35,107,61,46
050,20,159,"Kansas","Rice County",2,36,118,65,53
050,20,159,"Kansas","Rice County",2,37,118,64,54
050,20,159,"Kansas","Rice County",2,38,111,61,50
050,20,159,"Kansas","Rice County",2,39,109,58,51
050,20,159,"Kansas","Rice County",2,40,98,54,44
050,20,159,"Kansas","Rice County",2,41,107,58,49
050,20,159,"Kansas","Rice County",2,42,99,55,44
050,20,159,"Kansas","Rice County",2,43,93,45,48
050,20,159,"Kansas","Rice County",2,44,84,43,41
050,20,159,"Kansas","Rice County",2,45,85,44,41
050,20,159,"Kansas","Rice County",2,46,88,41,47
050,20,159,"Kansas","Rice County",2,47,97,47,50
050,20,159,"Kansas","Rice County",2,48,100,54,46
050,20,159,"Kansas","Rice County",2,49,108,59,49
050,20,159,"Kansas","Rice County",2,50,101,58,43
050,20,159,"Kansas","Rice County",2,51,86,49,37
050,20,159,"Kansas","Rice County",2,52,99,52,47
050,20,159,"Kansas","Rice County",2,53,100,47,53
050,20,159,"Kansas","Rice County",2,54,93,47,46
050,20,159,"Kansas","Rice County",2,55,100,53,47
050,20,159,"Kansas","Rice County",2,56,119,52,67
050,20,159,"Kansas","Rice County",2,57,112,49,63
050,20,159,"Kansas","Rice County",2,58,119,62,57
050,20,159,"Kansas","Rice County",2,59,137,70,67
050,20,159,"Kansas","Rice County",2,60,140,70,70
050,20,159,"Kansas","Rice County",2,61,141,64,77
050,20,159,"Kansas","Rice County",2,62,145,69,76
050,20,159,"Kansas","Rice County",2,63,141,71,70
050,20,159,"Kansas","Rice County",2,64,142,75,67
050,20,159,"Kansas","Rice County",2,65,145,80,65
050,20,159,"Kansas","Rice County",2,66,140,67,73
050,20,159,"Kansas","Rice County",2,67,123,56,67
050,20,159,"Kansas","Rice County",2,68,99,51,48
050,20,159,"Kansas","Rice County",2,69,99,53,46
050,20,159,"Kansas","Rice County",2,70,96,47,49
050,20,159,"Kansas","Rice County",2,71,91,41,50
050,20,159,"Kansas","Rice County",2,72,80,36,44
050,20,159,"Kansas","Rice County",2,73,88,46,42
050,20,159,"Kansas","Rice County",2,74,56,27,29
050,20,159,"Kansas","Rice County",2,75,65,27,38
050,20,159,"Kansas","Rice County",2,76,66,25,41
050,20,159,"Kansas","Rice County",2,77,67,29,38
050,20,159,"Kansas","Rice County",2,78,59,23,36
050,20,159,"Kansas","Rice County",2,79,58,25,33
050,20,159,"Kansas","Rice County",2,80,54,24,30
050,20,159,"Kansas","Rice County",2,81,53,23,30
050,20,159,"Kansas","Rice County",2,82,50,21,29
050,20,159,"Kansas","Rice County",2,83,44,17,27
050,20,159,"Kansas","Rice County",2,84,47,21,26
050,20,159,"Kansas","Rice County",2,85,242,84,158
050,20,159,"Kansas","Rice County",3,0,99,51,48
050,20,159,"Kansas","Rice County",3,1,114,59,55
050,20,159,"Kansas","Rice County",3,2,112,61,51
050,20,159,"Kansas","Rice County",3,3,107,59,48
050,20,159,"Kansas","Rice County",3,4,105,61,44
050,20,159,"Kansas","Rice County",3,5,117,60,57
050,20,159,"Kansas","Rice County",3,6,127,63,64
050,20,159,"Kansas","Rice County",3,7,128,66,62
050,20,159,"Kansas","Rice County",3,8,134,73,61
050,20,159,"Kansas","Rice County",3,9,130,62,68
050,20,159,"Kansas","Rice County",3,10,138,66,72
050,20,159,"Kansas","Rice County",3,11,138,66,72
050,20,159,"Kansas","Rice County",3,12,144,72,72
050,20,159,"Kansas","Rice County",3,13,130,73,57
050,20,159,"Kansas","Rice County",3,14,126,66,60
050,20,159,"Kansas","Rice County",3,15,127,62,65
050,20,159,"Kansas","Rice County",3,16,124,64,60
050,20,159,"Kansas","Rice County",3,17,127,77,50
050,20,159,"Kansas","Rice County",3,18,145,84,61
050,20,159,"Kansas","Rice County",3,19,196,115,81
050,20,159,"Kansas","Rice County",3,20,174,89,85
050,20,159,"Kansas","Rice County",3,21,180,103,77
050,20,159,"Kansas","Rice County",3,22,141,72,69
050,20,159,"Kansas","Rice County",3,23,116,54,62
050,20,159,"Kansas","Rice County",3,24,121,60,61
050,20,159,"Kansas","Rice County",3,25,99,58,41
050,20,159,"Kansas","Rice County",3,26,116,67,49
050,20,159,"Kansas","Rice County",3,27,105,62,43
050,20,159,"Kansas","Rice County",3,28,94,50,44
050,20,159,"Kansas","Rice County",3,29,105,56,49
050,20,159,"Kansas","Rice County",3,30,106,53,53
050,20,159,"Kansas","Rice County",3,31,107,55,52
050,20,159,"Kansas","Rice County",3,32,104,63,41
050,20,159,"Kansas","Rice County",3,33,92,48,44
050,20,159,"Kansas","Rice County",3,34,108,56,52
050,20,159,"Kansas","Rice County",3,35,95,48,47
050,20,159,"Kansas","Rice County",3,36,103,55,48
050,20,159,"Kansas","Rice County",3,37,117,63,54
050,20,159,"Kansas","Rice County",3,38,119,63,56
050,20,159,"Kansas","Rice County",3,39,111,62,49
050,20,159,"Kansas","Rice County",3,40,111,61,50
050,20,159,"Kansas","Rice County",3,41,99,53,46
050,20,159,"Kansas","Rice County",3,42,107,58,49
050,20,159,"Kansas","Rice County",3,43,98,56,42
050,20,159,"Kansas","Rice County",3,44,95,49,46
050,20,159,"Kansas","Rice County",3,45,86,45,41
050,20,159,"Kansas","Rice County",3,46,87,47,40
050,20,159,"Kansas","Rice County",3,47,89,39,50
050,20,159,"Kansas","Rice County",3,48,98,48,50
050,20,159,"Kansas","Rice County",3,49,95,53,42
050,20,159,"Kansas","Rice County",3,50,101,53,48
050,20,159,"Kansas","Rice County",3,51,91,49,42
050,20,159,"Kansas","Rice County",3,52,87,47,40
050,20,159,"Kansas","Rice County",3,53,100,53,47
050,20,159,"Kansas","Rice County",3,54,100,47,53
050,20,159,"Kansas","Rice County",3,55,92,46,46
050,20,159,"Kansas","Rice County",3,56,100,55,45
050,20,159,"Kansas","Rice County",3,57,117,51,66
050,20,159,"Kansas","Rice County",3,58,110,46,64
050,20,159,"Kansas","Rice County",3,59,112,60,52
050,20,159,"Kansas","Rice County",3,60,137,70,67
050,20,159,"Kansas","Rice County",3,61,142,73,69
050,20,159,"Kansas","Rice County",3,62,140,63,77
050,20,159,"Kansas","Rice County",3,63,145,71,74
050,20,159,"Kansas","Rice County",3,64,139,68,71
050,20,159,"Kansas","Rice County",3,65,134,69,65
050,20,159,"Kansas","Rice County",3,66,141,76,65
050,20,159,"Kansas","Rice County",3,67,135,67,68
050,20,159,"Kansas","Rice County",3,68,120,53,67
050,20,159,"Kansas","Rice County",3,69,96,49,47
050,20,159,"Kansas","Rice County",3,70,96,48,48
050,20,159,"Kansas","Rice County",3,71,90,48,42
050,20,159,"Kansas","Rice County",3,72,82,37,45
050,20,159,"Kansas","Rice County",3,73,82,36,46
050,20,159,"Kansas","Rice County",3,74,85,46,39
050,20,159,"Kansas","Rice County",3,75,55,26,29
050,20,159,"Kansas","Rice County",3,76,63,25,38
050,20,159,"Kansas","Rice County",3,77,63,23,40
050,20,159,"Kansas","Rice County",3,78,64,28,36
050,20,159,"Kansas","Rice County",3,79,50,19,31
050,20,159,"Kansas","Rice County",3,80,54,23,31
050,20,159,"Kansas","Rice County",3,81,49,19,30
050,20,159,"Kansas","Rice County",3,82,48,19,29
050,20,159,"Kansas","Rice County",3,83,43,18,25
050,20,159,"Kansas","Rice County",3,84,44,16,28
050,20,159,"Kansas","Rice County",3,85,236,83,153
050,20,159,"Kansas","Rice County",4,0,104,56,48
050,20,159,"Kansas","Rice County",4,1,108,54,54
050,20,159,"Kansas","Rice County",4,2,112,59,53
050,20,159,"Kansas","Rice County",4,3,111,59,52
050,20,159,"Kansas","Rice County",4,4,102,61,41
050,20,159,"Kansas","Rice County",4,5,106,61,45
050,20,159,"Kansas","Rice County",4,6,112,58,54
050,20,159,"Kansas","Rice County",4,7,132,66,66
050,20,159,"Kansas","Rice County",4,8,129,67,62
050,20,159,"Kansas","Rice County",4,9,142,75,67
050,20,159,"Kansas","Rice County",4,10,132,64,68
050,20,159,"Kansas","Rice County",4,11,132,65,67
050,20,159,"Kansas","Rice County",4,12,146,71,75
050,20,159,"Kansas","Rice County",4,13,142,71,71
050,20,159,"Kansas","Rice County",4,14,126,68,58
050,20,159,"Kansas","Rice County",4,15,127,68,59
050,20,159,"Kansas","Rice County",4,16,127,60,67
050,20,159,"Kansas","Rice County",4,17,128,69,59
050,20,159,"Kansas","Rice County",4,18,151,88,63
050,20,159,"Kansas","Rice County",4,19,192,114,78
050,20,159,"Kansas","Rice County",4,20,166,87,79
050,20,159,"Kansas","Rice County",4,21,191,104,87
050,20,159,"Kansas","Rice County",4,22,148,81,67
050,20,159,"Kansas","Rice County",4,23,119,63,56
050,20,159,"Kansas","Rice County",4,24,107,55,52
050,20,159,"Kansas","Rice County",4,25,113,59,54
050,20,159,"Kansas","Rice County",4,26,97,58,39
050,20,159,"Kansas","Rice County",4,27,113,63,50
050,20,159,"Kansas","Rice County",4,28,94,52,42
050,20,159,"Kansas","Rice County",4,29,97,51,46
050,20,159,"Kansas","Rice County",4,30,95,53,42
050,20,159,"Kansas","Rice County",4,31,103,54,49
050,20,159,"Kansas","Rice County",4,32,101,54,47
050,20,159,"Kansas","Rice County",4,33,106,64,42
050,20,159,"Kansas","Rice County",4,34,100,50,50
050,20,159,"Kansas","Rice County",4,35,97,50,47
050,20,159,"Kansas","Rice County",4,36,102,51,51
050,20,159,"Kansas","Rice County",4,37,99,50,49
050,20,159,"Kansas","Rice County",4,38,123,71,52
050,20,159,"Kansas","Rice County",4,39,118,61,57
050,20,159,"Kansas","Rice County",4,40,108,60,48
050,20,159,"Kansas","Rice County",4,41,111,62,49
050,20,159,"Kansas","Rice County",4,42,102,53,49
050,20,159,"Kansas","Rice County",4,43,104,53,51
050,20,159,"Kansas","Rice County",4,44,105,59,46
050,20,159,"Kansas","Rice County",4,45,100,54,46
050,20,159,"Kansas","Rice County",4,46,89,46,43
050,20,159,"Kansas","Rice County",4,47,88,48,40
050,20,159,"Kansas","Rice County",4,48,88,39,49
050,20,159,"Kansas","Rice County",4,49,98,48,50
050,20,159,"Kansas","Rice County",4,50,90,48,42
050,20,159,"Kansas","Rice County",4,51,101,53,48
050,20,159,"Kansas","Rice County",4,52,90,48,42
050,20,159,"Kansas","Rice County",4,53,88,47,41
050,20,159,"Kansas","Rice County",4,54,108,57,51
050,20,159,"Kansas","Rice County",4,55,100,48,52
050,20,159,"Kansas","Rice County",4,56,89,42,47
050,20,159,"Kansas","Rice County",4,57,97,50,47
050,20,159,"Kansas","Rice County",4,58,117,52,65
050,20,159,"Kansas","Rice County",4,59,117,51,66
050,20,159,"Kansas","Rice County",4,60,116,57,59
050,20,159,"Kansas","Rice County",4,61,140,72,68
050,20,159,"Kansas","Rice County",4,62,137,71,66
050,20,159,"Kansas","Rice County",4,63,138,61,77
050,20,159,"Kansas","Rice County",4,64,144,71,73
050,20,159,"Kansas","Rice County",4,65,135,66,69
050,20,159,"Kansas","Rice County",4,66,133,68,65
050,20,159,"Kansas","Rice County",4,67,141,77,64
050,20,159,"Kansas","Rice County",4,68,130,64,66
050,20,159,"Kansas","Rice County",4,69,119,52,67
050,20,159,"Kansas","Rice County",4,70,98,46,52
050,20,159,"Kansas","Rice County",4,71,90,49,41
050,20,159,"Kansas","Rice County",4,72,85,45,40
050,20,159,"Kansas","Rice County",4,73,80,33,47
050,20,159,"Kansas","Rice County",4,74,80,35,45
050,20,159,"Kansas","Rice County",4,75,82,44,38
050,20,159,"Kansas","Rice County",4,76,55,24,31
050,20,159,"Kansas","Rice County",4,77,54,19,35
050,20,159,"Kansas","Rice County",4,78,61,21,40
050,20,159,"Kansas","Rice County",4,79,60,27,33
050,20,159,"Kansas","Rice County",4,80,42,16,26
050,20,159,"Kansas","Rice County",4,81,51,21,30
050,20,159,"Kansas","Rice County",4,82,44,18,26
050,20,159,"Kansas","Rice County",4,83,45,17,28
050,20,159,"Kansas","Rice County",4,84,41,17,24
050,20,159,"Kansas","Rice County",4,85,229,76,153
050,20,159,"Kansas","Rice County",5,0,105,57,48
050,20,159,"Kansas","Rice County",5,1,108,56,52
050,20,159,"Kansas","Rice County",5,2,112,51,61
050,20,159,"Kansas","Rice County",5,3,127,69,58
050,20,159,"Kansas","Rice County",5,4,108,61,47
050,20,159,"Kansas","Rice County",5,5,103,59,44
050,20,159,"Kansas","Rice County",5,6,104,58,46
050,20,159,"Kansas","Rice County",5,7,107,53,54
050,20,159,"Kansas","Rice County",5,8,128,62,66
050,20,159,"Kansas","Rice County",5,9,124,64,60
050,20,159,"Kansas","Rice County",5,10,140,73,67
050,20,159,"Kansas","Rice County",5,11,128,59,69
050,20,159,"Kansas","Rice County",5,12,130,68,62
050,20,159,"Kansas","Rice County",5,13,144,70,74
050,20,159,"Kansas","Rice County",5,14,144,73,71
050,20,159,"Kansas","Rice County",5,15,133,70,63
050,20,159,"Kansas","Rice County",5,16,136,71,65
050,20,159,"Kansas","Rice County",5,17,127,59,68
050,20,159,"Kansas","Rice County",5,18,150,84,66
050,20,159,"Kansas","Rice County",5,19,196,118,78
050,20,159,"Kansas","Rice County",5,20,156,89,67
050,20,159,"Kansas","Rice County",5,21,177,105,72
050,20,159,"Kansas","Rice County",5,22,145,71,74
050,20,159,"Kansas","Rice County",5,23,117,63,54
050,20,159,"Kansas","Rice County",5,24,100,58,42
050,20,159,"Kansas","Rice County",5,25,107,55,52
050,20,159,"Kansas","Rice County",5,26,120,63,57
050,20,159,"Kansas","Rice County",5,27,100,61,39
050,20,159,"Kansas","Rice County",5,28,104,54,50
050,20,159,"Kansas","Rice County",5,29,91,52,39
050,20,159,"Kansas","Rice County",5,30,92,46,46
050,20,159,"Kansas","Rice County",5,31,89,47,42
050,20,159,"Kansas","Rice County",5,32,102,55,47
050,20,159,"Kansas","Rice County",5,33,93,46,47
050,20,159,"Kansas","Rice County",5,34,102,58,44
050,20,159,"Kansas","Rice County",5,35,104,55,49
050,20,159,"Kansas","Rice County",5,36,86,45,41
050,20,159,"Kansas","Rice County",5,37,96,48,48
050,20,159,"Kansas","Rice County",5,38,102,53,49
050,20,159,"Kansas","Rice County",5,39,118,69,49
050,20,159,"Kansas","Rice County",5,40,118,62,56
050,20,159,"Kansas","Rice County",5,41,113,61,52
050,20,159,"Kansas","Rice County",5,42,108,60,48
050,20,159,"Kansas","Rice County",5,43,99,48,51
050,20,159,"Kansas","Rice County",5,44,107,54,53
050,20,159,"Kansas","Rice County",5,45,105,61,44
050,20,159,"Kansas","Rice County",5,46,98,52,46
050,20,159,"Kansas","Rice County",5,47,89,46,43
050,20,159,"Kansas","Rice County",5,48,88,48,40
050,20,159,"Kansas","Rice County",5,49,92,41,51
050,20,159,"Kansas","Rice County",5,50,99,49,50
050,20,159,"Kansas","Rice County",5,51,89,48,41
050,20,159,"Kansas","Rice County",5,52,103,55,48
050,20,159,"Kansas","Rice County",5,53,90,48,42
050,20,159,"Kansas","Rice County",5,54,85,46,39
050,20,159,"Kansas","Rice County",5,55,107,58,49
050,20,159,"Kansas","Rice County",5,56,101,48,53
050,20,159,"Kansas","Rice County",5,57,85,37,48
050,20,159,"Kansas","Rice County",5,58,100,52,48
050,20,159,"Kansas","Rice County",5,59,115,50,65
050,20,159,"Kansas","Rice County",5,60,121,55,66
050,20,159,"Kansas","Rice County",5,61,115,57,58
050,20,159,"Kansas","Rice County",5,62,133,68,65
050,20,159,"Kansas","Rice County",5,63,135,72,63
050,20,159,"Kansas","Rice County",5,64,136,55,81
050,20,159,"Kansas","Rice County",5,65,139,71,68
050,20,159,"Kansas","Rice County",5,66,134,66,68
050,20,159,"Kansas","Rice County",5,67,125,65,60
050,20,159,"Kansas","Rice County",5,68,134,74,60
050,20,159,"Kansas","Rice County",5,69,131,64,67
050,20,159,"Kansas","Rice County",5,70,115,49,66
050,20,159,"Kansas","Rice County",5,71,93,47,46
050,20,159,"Kansas","Rice County",5,72,82,47,35
050,20,159,"Kansas","Rice County",5,73,82,43,39
050,20,159,"Kansas","Rice County",5,74,75,32,43
050,20,159,"Kansas","Rice County",5,75,75,29,46
050,20,159,"Kansas","Rice County",5,76,79,41,38
050,20,159,"Kansas","Rice County",5,77,49,22,27
050,20,159,"Kansas","Rice County",5,78,53,17,36
050,20,159,"Kansas","Rice County",5,79,59,20,39
050,20,159,"Kansas","Rice County",5,80,49,21,28
050,20,159,"Kansas","Rice County",5,81,40,13,27
050,20,159,"Kansas","Rice County",5,82,46,19,27
050,20,159,"Kansas","Rice County",5,83,39,16,23
050,20,159,"Kansas","Rice County",5,84,44,14,30
050,20,159,"Kansas","Rice County",5,85,231,76,155
050,20,161,"Kansas","Riley County",1,0,820,418,402
050,20,161,"Kansas","Riley County",1,1,765,378,387
050,20,161,"Kansas","Riley County",1,2,770,398,372
050,20,161,"Kansas","Riley County",1,3,742,387,355
050,20,161,"Kansas","Riley County",1,4,739,359,380
050,20,161,"Kansas","Riley County",1,5,685,352,333
050,20,161,"Kansas","Riley County",1,6,615,333,282
050,20,161,"Kansas","Riley County",1,7,647,334,313
050,20,161,"Kansas","Riley County",1,8,645,336,309
050,20,161,"Kansas","Riley County",1,9,648,318,330
050,20,161,"Kansas","Riley County",1,10,634,337,297
050,20,161,"Kansas","Riley County",1,11,618,321,297
050,20,161,"Kansas","Riley County",1,12,613,308,305
050,20,161,"Kansas","Riley County",1,13,616,306,310
050,20,161,"Kansas","Riley County",1,14,552,311,241
050,20,161,"Kansas","Riley County",1,15,567,297,270
050,20,161,"Kansas","Riley County",1,16,575,286,289
050,20,161,"Kansas","Riley County",1,17,600,290,310
050,20,161,"Kansas","Riley County",1,18,1808,862,946
050,20,161,"Kansas","Riley County",1,19,4110,2210,1900
050,20,161,"Kansas","Riley County",1,20,4523,2522,2001
050,20,161,"Kansas","Riley County",1,21,4080,2261,1819
050,20,161,"Kansas","Riley County",1,22,3832,2276,1556
050,20,161,"Kansas","Riley County",1,23,3131,1986,1145
050,20,161,"Kansas","Riley County",1,24,2141,1308,833
050,20,161,"Kansas","Riley County",1,25,1845,1133,712
050,20,161,"Kansas","Riley County",1,26,1560,937,623
050,20,161,"Kansas","Riley County",1,27,1304,750,554
050,20,161,"Kansas","Riley County",1,28,1250,718,532
050,20,161,"Kansas","Riley County",1,29,1100,633,467
050,20,161,"Kansas","Riley County",1,30,1070,614,456
050,20,161,"Kansas","Riley County",1,31,1010,569,441
050,20,161,"Kansas","Riley County",1,32,956,519,437
050,20,161,"Kansas","Riley County",1,33,952,511,441
050,20,161,"Kansas","Riley County",1,34,957,507,450
050,20,161,"Kansas","Riley County",1,35,966,516,450
050,20,161,"Kansas","Riley County",1,36,941,499,442
050,20,161,"Kansas","Riley County",1,37,861,459,402
050,20,161,"Kansas","Riley County",1,38,798,415,383
050,20,161,"Kansas","Riley County",1,39,748,389,359
050,20,161,"Kansas","Riley County",1,40,719,368,351
050,20,161,"Kansas","Riley County",1,41,720,369,351
050,20,161,"Kansas","Riley County",1,42,625,315,310
050,20,161,"Kansas","Riley County",1,43,602,311,291
050,20,161,"Kansas","Riley County",1,44,556,282,274
050,20,161,"Kansas","Riley County",1,45,529,276,253
050,20,161,"Kansas","Riley County",1,46,497,262,235
050,20,161,"Kansas","Riley County",1,47,464,232,232
050,20,161,"Kansas","Riley County",1,48,483,229,254
050,20,161,"Kansas","Riley County",1,49,532,250,282
050,20,161,"Kansas","Riley County",1,50,500,245,255
050,20,161,"Kansas","Riley County",1,51,452,231,221
050,20,161,"Kansas","Riley County",1,52,423,226,197
050,20,161,"Kansas","Riley County",1,53,483,242,241
050,20,161,"Kansas","Riley County",1,54,479,234,245
050,20,161,"Kansas","Riley County",1,55,456,225,231
050,20,161,"Kansas","Riley County",1,56,499,247,252
050,20,161,"Kansas","Riley County",1,57,525,231,294
050,20,161,"Kansas","Riley County",1,58,514,234,280
050,20,161,"Kansas","Riley County",1,59,548,263,285
050,20,161,"Kansas","Riley County",1,60,539,266,273
050,20,161,"Kansas","Riley County",1,61,539,272,267
050,20,161,"Kansas","Riley County",1,62,557,256,301
050,20,161,"Kansas","Riley County",1,63,557,272,285
050,20,161,"Kansas","Riley County",1,64,550,269,281
050,20,161,"Kansas","Riley County",1,65,525,268,257
050,20,161,"Kansas","Riley County",1,66,502,253,249
050,20,161,"Kansas","Riley County",1,67,470,228,242
050,20,161,"Kansas","Riley County",1,68,449,208,241
050,20,161,"Kansas","Riley County",1,69,410,192,218
050,20,161,"Kansas","Riley County",1,70,418,198,220
050,20,161,"Kansas","Riley County",1,71,366,179,187
050,20,161,"Kansas","Riley County",1,72,369,172,197
050,20,161,"Kansas","Riley County",1,73,368,174,194
050,20,161,"Kansas","Riley County",1,74,244,120,124
050,20,161,"Kansas","Riley County",1,75,233,112,121
050,20,161,"Kansas","Riley County",1,76,252,122,130
050,20,161,"Kansas","Riley County",1,77,236,109,127
050,20,161,"Kansas","Riley County",1,78,184,77,107
050,20,161,"Kansas","Riley County",1,79,166,71,95
050,20,161,"Kansas","Riley County",1,80,162,71,91
050,20,161,"Kansas","Riley County",1,81,164,75,89
050,20,161,"Kansas","Riley County",1,82,148,64,84
050,20,161,"Kansas","Riley County",1,83,137,51,86
050,20,161,"Kansas","Riley County",1,84,111,46,65
050,20,161,"Kansas","Riley County",1,85,908,338,570
050,20,161,"Kansas","Riley County",2,0,777,386,391
050,20,161,"Kansas","Riley County",2,1,765,381,384
050,20,161,"Kansas","Riley County",2,2,755,387,368
050,20,161,"Kansas","Riley County",2,3,736,382,354
050,20,161,"Kansas","Riley County",2,4,735,363,372
050,20,161,"Kansas","Riley County",2,5,685,348,337
050,20,161,"Kansas","Riley County",2,6,633,338,295
050,20,161,"Kansas","Riley County",2,7,631,329,302
050,20,161,"Kansas","Riley County",2,8,639,330,309
050,20,161,"Kansas","Riley County",2,9,644,324,320
050,20,161,"Kansas","Riley County",2,10,632,329,303
050,20,161,"Kansas","Riley County",2,11,615,323,292
050,20,161,"Kansas","Riley County",2,12,618,313,305
050,20,161,"Kansas","Riley County",2,13,613,308,305
050,20,161,"Kansas","Riley County",2,14,567,309,258
050,20,161,"Kansas","Riley County",2,15,564,300,264
050,20,161,"Kansas","Riley County",2,16,572,286,286
050,20,161,"Kansas","Riley County",2,17,611,299,312
050,20,161,"Kansas","Riley County",2,18,1824,869,955
050,20,161,"Kansas","Riley County",2,19,4111,2205,1906
050,20,161,"Kansas","Riley County",2,20,4568,2540,2028
050,20,161,"Kansas","Riley County",2,21,4084,2265,1819
050,20,161,"Kansas","Riley County",2,22,3812,2268,1544
050,20,161,"Kansas","Riley County",2,23,3131,1988,1143
050,20,161,"Kansas","Riley County",2,24,2132,1311,821
050,20,161,"Kansas","Riley County",2,25,1839,1117,722
050,20,161,"Kansas","Riley County",2,26,1563,943,620
050,20,161,"Kansas","Riley County",2,27,1308,754,554
050,20,161,"Kansas","Riley County",2,28,1239,710,529
050,20,161,"Kansas","Riley County",2,29,1114,639,475
050,20,161,"Kansas","Riley County",2,30,1064,610,454
050,20,161,"Kansas","Riley County",2,31,1010,573,437
050,20,161,"Kansas","Riley County",2,32,954,522,432
050,20,161,"Kansas","Riley County",2,33,942,507,435
050,20,161,"Kansas","Riley County",2,34,950,503,447
050,20,161,"Kansas","Riley County",2,35,963,511,452
050,20,161,"Kansas","Riley County",2,36,935,496,439
050,20,161,"Kansas","Riley County",2,37,876,467,409
050,20,161,"Kansas","Riley County",2,38,805,421,384
050,20,161,"Kansas","Riley County",2,39,745,388,357
050,20,161,"Kansas","Riley County",2,40,723,370,353
050,20,161,"Kansas","Riley County",2,41,714,365,349
050,20,161,"Kansas","Riley County",2,42,636,321,315
050,20,161,"Kansas","Riley County",2,43,613,317,296
050,20,161,"Kansas","Riley County",2,44,561,285,276
050,20,161,"Kansas","Riley County",2,45,539,282,257
050,20,161,"Kansas","Riley County",2,46,504,265,239
050,20,161,"Kansas","Riley County",2,47,466,233,233
050,20,161,"Kansas","Riley County",2,48,475,227,248
050,20,161,"Kansas","Riley County",2,49,521,246,275
050,20,161,"Kansas","Riley County",2,50,507,247,260
050,20,161,"Kansas","Riley County",2,51,460,231,229
050,20,161,"Kansas","Riley County",2,52,429,227,202
050,20,161,"Kansas","Riley County",2,53,470,238,232
050,20,161,"Kansas","Riley County",2,54,483,238,245
050,20,161,"Kansas","Riley County",2,55,463,227,236
050,20,161,"Kansas","Riley County",2,56,493,243,250
050,20,161,"Kansas","Riley County",2,57,522,238,284
050,20,161,"Kansas","Riley County",2,58,517,234,283
050,20,161,"Kansas","Riley County",2,59,542,257,285
050,20,161,"Kansas","Riley County",2,60,540,266,274
050,20,161,"Kansas","Riley County",2,61,536,268,268
050,20,161,"Kansas","Riley County",2,62,555,260,295
050,20,161,"Kansas","Riley County",2,63,561,270,291
050,20,161,"Kansas","Riley County",2,64,547,268,279
050,20,161,"Kansas","Riley County",2,65,530,267,263
050,20,161,"Kansas","Riley County",2,66,509,257,252
050,20,161,"Kansas","Riley County",2,67,474,231,243
050,20,161,"Kansas","Riley County",2,68,448,209,239
050,20,161,"Kansas","Riley County",2,69,421,195,226
050,20,161,"Kansas","Riley County",2,70,415,197,218
050,20,161,"Kansas","Riley County",2,71,375,181,194
050,20,161,"Kansas","Riley County",2,72,363,170,193
050,20,161,"Kansas","Riley County",2,73,384,182,202
050,20,161,"Kansas","Riley County",2,74,256,123,133
050,20,161,"Kansas","Riley County",2,75,236,113,123
050,20,161,"Kansas","Riley County",2,76,243,117,126
050,20,161,"Kansas","Riley County",2,77,246,116,130
050,20,161,"Kansas","Riley County",2,78,192,83,109
050,20,161,"Kansas","Riley County",2,79,170,73,97
050,20,161,"Kansas","Riley County",2,80,159,68,91
050,20,161,"Kansas","Riley County",2,81,163,74,89
050,20,161,"Kansas","Riley County",2,82,143,63,80
050,20,161,"Kansas","Riley County",2,83,139,53,86
050,20,161,"Kansas","Riley County",2,84,114,48,66
050,20,161,"Kansas","Riley County",2,85,898,332,566
050,20,161,"Kansas","Riley County",3,0,710,346,364
050,20,161,"Kansas","Riley County",3,1,698,336,362
050,20,161,"Kansas","Riley County",3,2,727,359,368
050,20,161,"Kansas","Riley County",3,3,708,355,353
050,20,161,"Kansas","Riley County",3,4,704,360,344
050,20,161,"Kansas","Riley County",3,5,685,343,342
050,20,161,"Kansas","Riley County",3,6,671,333,338
050,20,161,"Kansas","Riley County",3,7,610,333,277
050,20,161,"Kansas","Riley County",3,8,615,320,295
050,20,161,"Kansas","Riley County",3,9,638,327,311
050,20,161,"Kansas","Riley County",3,10,633,322,311
050,20,161,"Kansas","Riley County",3,11,621,328,293
050,20,161,"Kansas","Riley County",3,12,608,315,293
050,20,161,"Kansas","Riley County",3,13,638,318,320
050,20,161,"Kansas","Riley County",3,14,607,312,295
050,20,161,"Kansas","Riley County",3,15,573,312,261
050,20,161,"Kansas","Riley County",3,16,570,300,270
050,20,161,"Kansas","Riley County",3,17,632,314,318
050,20,161,"Kansas","Riley County",3,18,1826,857,969
050,20,161,"Kansas","Riley County",3,19,4072,2156,1916
050,20,161,"Kansas","Riley County",3,20,4573,2530,2043
050,20,161,"Kansas","Riley County",3,21,4157,2275,1882
050,20,161,"Kansas","Riley County",3,22,3742,2217,1525
050,20,161,"Kansas","Riley County",3,23,3049,1932,1117
050,20,161,"Kansas","Riley County",3,24,2012,1239,773
050,20,161,"Kansas","Riley County",3,25,1761,1059,702
050,20,161,"Kansas","Riley County",3,26,1572,951,621
050,20,161,"Kansas","Riley County",3,27,1258,729,529
050,20,161,"Kansas","Riley County",3,28,1154,665,489
050,20,161,"Kansas","Riley County",3,29,1162,671,491
050,20,161,"Kansas","Riley County",3,30,1042,590,452
050,20,161,"Kansas","Riley County",3,31,1034,577,457
050,20,161,"Kansas","Riley County",3,32,938,518,420
050,20,161,"Kansas","Riley County",3,33,927,524,403
050,20,161,"Kansas","Riley County",3,34,894,468,426
050,20,161,"Kansas","Riley County",3,35,933,486,447
050,20,161,"Kansas","Riley County",3,36,920,502,418
050,20,161,"Kansas","Riley County",3,37,898,482,416
050,20,161,"Kansas","Riley County",3,38,833,440,393
050,20,161,"Kansas","Riley County",3,39,809,414,395
050,20,161,"Kansas","Riley County",3,40,713,376,337
050,20,161,"Kansas","Riley County",3,41,752,395,357
050,20,161,"Kansas","Riley County",3,42,700,356,344
050,20,161,"Kansas","Riley County",3,43,621,310,311
050,20,161,"Kansas","Riley County",3,44,605,313,292
050,20,161,"Kansas","Riley County",3,45,558,278,280
050,20,161,"Kansas","Riley County",3,46,535,281,254
050,20,161,"Kansas","Riley County",3,47,491,252,239
050,20,161,"Kansas","Riley County",3,48,463,235,228
050,20,161,"Kansas","Riley County",3,49,471,228,243
050,20,161,"Kansas","Riley County",3,50,528,251,277
050,20,161,"Kansas","Riley County",3,51,513,254,259
050,20,161,"Kansas","Riley County",3,52,455,224,231
050,20,161,"Kansas","Riley County",3,53,436,235,201
050,20,161,"Kansas","Riley County",3,54,468,233,235
050,20,161,"Kansas","Riley County",3,55,476,235,241
050,20,161,"Kansas","Riley County",3,56,464,227,237
050,20,161,"Kansas","Riley County",3,57,486,243,243
050,20,161,"Kansas","Riley County",3,58,529,237,292
050,20,161,"Kansas","Riley County",3,59,520,235,285
050,20,161,"Kansas","Riley County",3,60,528,253,275
050,20,161,"Kansas","Riley County",3,61,551,264,287
050,20,161,"Kansas","Riley County",3,62,542,271,271
050,20,161,"Kansas","Riley County",3,63,542,254,288
050,20,161,"Kansas","Riley County",3,64,566,271,295
050,20,161,"Kansas","Riley County",3,65,546,267,279
050,20,161,"Kansas","Riley County",3,66,518,261,257
050,20,161,"Kansas","Riley County",3,67,486,241,245
050,20,161,"Kansas","Riley County",3,68,473,233,240
050,20,161,"Kansas","Riley County",3,69,442,207,235
050,20,161,"Kansas","Riley County",3,70,422,195,227
050,20,161,"Kansas","Riley County",3,71,406,192,214
050,20,161,"Kansas","Riley County",3,72,371,177,194
050,20,161,"Kansas","Riley County",3,73,351,166,185
050,20,161,"Kansas","Riley County",3,74,378,183,195
050,20,161,"Kansas","Riley County",3,75,246,117,129
050,20,161,"Kansas","Riley County",3,76,234,106,128
050,20,161,"Kansas","Riley County",3,77,234,115,119
050,20,161,"Kansas","Riley County",3,78,233,107,126
050,20,161,"Kansas","Riley County",3,79,194,81,113
050,20,161,"Kansas","Riley County",3,80,166,70,96
050,20,161,"Kansas","Riley County",3,81,155,63,92
050,20,161,"Kansas","Riley County",3,82,148,68,80
050,20,161,"Kansas","Riley County",3,83,136,59,77
050,20,161,"Kansas","Riley County",3,84,128,53,75
050,20,161,"Kansas","Riley County",3,85,877,326,551
050,20,161,"Kansas","Riley County",4,0,734,377,357
050,20,161,"Kansas","Riley County",4,1,636,290,346
050,20,161,"Kansas","Riley County",4,2,682,324,358
050,20,161,"Kansas","Riley County",4,3,662,333,329
050,20,161,"Kansas","Riley County",4,4,677,354,323
050,20,161,"Kansas","Riley County",4,5,681,343,338
050,20,161,"Kansas","Riley County",4,6,658,339,319
050,20,161,"Kansas","Riley County",4,7,638,321,317
050,20,161,"Kansas","Riley County",4,8,579,301,278
050,20,161,"Kansas","Riley County",4,9,631,326,305
050,20,161,"Kansas","Riley County",4,10,619,328,291
050,20,161,"Kansas","Riley County",4,11,626,326,300
050,20,161,"Kansas","Riley County",4,12,623,333,290
050,20,161,"Kansas","Riley County",4,13,591,312,279
050,20,161,"Kansas","Riley County",4,14,617,314,303
050,20,161,"Kansas","Riley County",4,15,613,321,292
050,20,161,"Kansas","Riley County",4,16,558,296,262
050,20,161,"Kansas","Riley County",4,17,607,316,291
050,20,161,"Kansas","Riley County",4,18,1789,858,931
050,20,161,"Kansas","Riley County",4,19,4083,2172,1911
050,20,161,"Kansas","Riley County",4,20,4563,2527,2036
050,20,161,"Kansas","Riley County",4,21,4225,2328,1897
050,20,161,"Kansas","Riley County",4,22,3886,2286,1600
050,20,161,"Kansas","Riley County",4,23,3082,1984,1098
050,20,161,"Kansas","Riley County",4,24,2056,1288,768
050,20,161,"Kansas","Riley County",4,25,1676,1018,658
050,20,161,"Kansas","Riley County",4,26,1478,897,581
050,20,161,"Kansas","Riley County",4,27,1320,777,543
050,20,161,"Kansas","Riley County",4,28,1118,645,473
050,20,161,"Kansas","Riley County",4,29,1086,626,460
050,20,161,"Kansas","Riley County",4,30,1035,591,444
050,20,161,"Kansas","Riley County",4,31,963,537,426
050,20,161,"Kansas","Riley County",4,32,931,523,408
050,20,161,"Kansas","Riley County",4,33,878,492,386
050,20,161,"Kansas","Riley County",4,34,858,471,387
050,20,161,"Kansas","Riley County",4,35,860,453,407
050,20,161,"Kansas","Riley County",4,36,861,442,419
050,20,161,"Kansas","Riley County",4,37,865,483,382
050,20,161,"Kansas","Riley County",4,38,872,467,405
050,20,161,"Kansas","Riley County",4,39,809,432,377
050,20,161,"Kansas","Riley County",4,40,772,401,371
050,20,161,"Kansas","Riley County",4,41,719,368,351
050,20,161,"Kansas","Riley County",4,42,706,369,337
050,20,161,"Kansas","Riley County",4,43,678,347,331
050,20,161,"Kansas","Riley County",4,44,575,276,299
050,20,161,"Kansas","Riley County",4,45,581,298,283
050,20,161,"Kansas","Riley County",4,46,544,275,269
050,20,161,"Kansas","Riley County",4,47,522,265,257
050,20,161,"Kansas","Riley County",4,48,482,242,240
050,20,161,"Kansas","Riley County",4,49,452,236,216
050,20,161,"Kansas","Riley County",4,50,460,221,239
050,20,161,"Kansas","Riley County",4,51,520,251,269
050,20,161,"Kansas","Riley County",4,52,503,247,256
050,20,161,"Kansas","Riley County",4,53,461,227,234
050,20,161,"Kansas","Riley County",4,54,443,238,205
050,20,161,"Kansas","Riley County",4,55,453,217,236
050,20,161,"Kansas","Riley County",4,56,467,234,233
050,20,161,"Kansas","Riley County",4,57,442,214,228
050,20,161,"Kansas","Riley County",4,58,479,237,242
050,20,161,"Kansas","Riley County",4,59,526,230,296
050,20,161,"Kansas","Riley County",4,60,508,229,279
050,20,161,"Kansas","Riley County",4,61,522,253,269
050,20,161,"Kansas","Riley County",4,62,555,266,289
050,20,161,"Kansas","Riley County",4,63,520,260,260
050,20,161,"Kansas","Riley County",4,64,542,260,282
050,20,161,"Kansas","Riley County",4,65,552,265,287
050,20,161,"Kansas","Riley County",4,66,533,255,278
050,20,161,"Kansas","Riley County",4,67,514,260,254
050,20,161,"Kansas","Riley County",4,68,468,232,236
050,20,161,"Kansas","Riley County",4,69,473,229,244
050,20,161,"Kansas","Riley County",4,70,440,202,238
050,20,161,"Kansas","Riley County",4,71,415,188,227
050,20,161,"Kansas","Riley County",4,72,399,184,215
050,20,161,"Kansas","Riley County",4,73,365,171,194
050,20,161,"Kansas","Riley County",4,74,340,161,179
050,20,161,"Kansas","Riley County",4,75,375,176,199
050,20,161,"Kansas","Riley County",4,76,238,110,128
050,20,161,"Kansas","Riley County",4,77,221,99,122
050,20,161,"Kansas","Riley County",4,78,221,112,109
050,20,161,"Kansas","Riley County",4,79,226,104,122
050,20,161,"Kansas","Riley County",4,80,189,79,110
050,20,161,"Kansas","Riley County",4,81,162,64,98
050,20,161,"Kansas","Riley County",4,82,141,56,85
050,20,161,"Kansas","Riley County",4,83,140,64,76
050,20,161,"Kansas","Riley County",4,84,126,54,72
050,20,161,"Kansas","Riley County",4,85,867,323,544
050,20,161,"Kansas","Riley County",5,0,746,387,359
050,20,161,"Kansas","Riley County",5,1,669,346,323
050,20,161,"Kansas","Riley County",5,2,646,304,342
050,20,161,"Kansas","Riley County",5,3,677,327,350
050,20,161,"Kansas","Riley County",5,4,625,324,301
050,20,161,"Kansas","Riley County",5,5,657,319,338
050,20,161,"Kansas","Riley County",5,6,657,344,313
050,20,161,"Kansas","Riley County",5,7,670,348,322
050,20,161,"Kansas","Riley County",5,8,616,304,312
050,20,161,"Kansas","Riley County",5,9,592,305,287
050,20,161,"Kansas","Riley County",5,10,608,317,291
050,20,161,"Kansas","Riley County",5,11,633,333,300
050,20,161,"Kansas","Riley County",5,12,629,329,300
050,20,161,"Kansas","Riley County",5,13,615,323,292
050,20,161,"Kansas","Riley County",5,14,615,318,297
050,20,161,"Kansas","Riley County",5,15,609,309,300
050,20,161,"Kansas","Riley County",5,16,611,317,294
050,20,161,"Kansas","Riley County",5,17,615,331,284
050,20,161,"Kansas","Riley County",5,18,1786,868,918
050,20,161,"Kansas","Riley County",5,19,4014,2146,1868
050,20,161,"Kansas","Riley County",5,20,4530,2489,2041
050,20,161,"Kansas","Riley County",5,21,4117,2251,1866
050,20,161,"Kansas","Riley County",5,22,3867,2290,1577
050,20,161,"Kansas","Riley County",5,23,3128,1978,1150
050,20,161,"Kansas","Riley County",5,24,2057,1286,771
050,20,161,"Kansas","Riley County",5,25,1717,1042,675
050,20,161,"Kansas","Riley County",5,26,1411,869,542
050,20,161,"Kansas","Riley County",5,27,1242,717,525
050,20,161,"Kansas","Riley County",5,28,1198,683,515
050,20,161,"Kansas","Riley County",5,29,1007,562,445
050,20,161,"Kansas","Riley County",5,30,981,570,411
050,20,161,"Kansas","Riley County",5,31,928,528,400
050,20,161,"Kansas","Riley County",5,32,896,492,404
050,20,161,"Kansas","Riley County",5,33,917,515,402
050,20,161,"Kansas","Riley County",5,34,794,424,370
050,20,161,"Kansas","Riley County",5,35,816,446,370
050,20,161,"Kansas","Riley County",5,36,836,435,401
050,20,161,"Kansas","Riley County",5,37,790,390,400
050,20,161,"Kansas","Riley County",5,38,861,475,386
050,20,161,"Kansas","Riley County",5,39,848,455,393
050,20,161,"Kansas","Riley County",5,40,796,432,364
050,20,161,"Kansas","Riley County",5,41,750,380,370
050,20,161,"Kansas","Riley County",5,42,704,353,351
050,20,161,"Kansas","Riley County",5,43,702,374,328
050,20,161,"Kansas","Riley County",5,44,661,325,336
050,20,161,"Kansas","Riley County",5,45,562,276,286
050,20,161,"Kansas","Riley County",5,46,577,297,280
050,20,161,"Kansas","Riley County",5,47,539,271,268
050,20,161,"Kansas","Riley County",5,48,515,261,254
050,20,161,"Kansas","Riley County",5,49,486,241,245
050,20,161,"Kansas","Riley County",5,50,443,230,213
050,20,161,"Kansas","Riley County",5,51,462,226,236
050,20,161,"Kansas","Riley County",5,52,495,234,261
050,20,161,"Kansas","Riley County",5,53,496,242,254
050,20,161,"Kansas","Riley County",5,54,454,223,231
050,20,161,"Kansas","Riley County",5,55,425,214,211
050,20,161,"Kansas","Riley County",5,56,438,214,224
050,20,161,"Kansas","Riley County",5,57,450,224,226
050,20,161,"Kansas","Riley County",5,58,449,214,235
050,20,161,"Kansas","Riley County",5,59,476,237,239
050,20,161,"Kansas","Riley County",5,60,511,220,291
050,20,161,"Kansas","Riley County",5,61,508,229,279
050,20,161,"Kansas","Riley County",5,62,526,255,271
050,20,161,"Kansas","Riley County",5,63,545,257,288
050,20,161,"Kansas","Riley County",5,64,510,260,250
050,20,161,"Kansas","Riley County",5,65,532,251,281
050,20,161,"Kansas","Riley County",5,66,555,261,294
050,20,161,"Kansas","Riley County",5,67,514,245,269
050,20,161,"Kansas","Riley County",5,68,501,255,246
050,20,161,"Kansas","Riley County",5,69,461,224,237
050,20,161,"Kansas","Riley County",5,70,475,233,242
050,20,161,"Kansas","Riley County",5,71,427,190,237
050,20,161,"Kansas","Riley County",5,72,422,187,235
050,20,161,"Kansas","Riley County",5,73,390,185,205
050,20,161,"Kansas","Riley County",5,74,359,169,190
050,20,161,"Kansas","Riley County",5,75,339,162,177
050,20,161,"Kansas","Riley County",5,76,379,170,209
050,20,161,"Kansas","Riley County",5,77,234,107,127
050,20,161,"Kansas","Riley County",5,78,207,96,111
050,20,161,"Kansas","Riley County",5,79,221,111,110
050,20,161,"Kansas","Riley County",5,80,212,99,113
050,20,161,"Kansas","Riley County",5,81,186,73,113
050,20,161,"Kansas","Riley County",5,82,150,57,93
050,20,161,"Kansas","Riley County",5,83,129,48,81
050,20,161,"Kansas","Riley County",5,84,127,60,67
050,20,161,"Kansas","Riley County",5,85,871,323,548
050,20,163,"Kansas","Rooks County",1,0,62,31,31
050,20,163,"Kansas","Rooks County",1,1,62,30,32
050,20,163,"Kansas","Rooks County",1,2,62,37,25
050,20,163,"Kansas","Rooks County",1,3,60,31,29
050,20,163,"Kansas","Rooks County",1,4,57,25,32
050,20,163,"Kansas","Rooks County",1,5,56,29,27
050,20,163,"Kansas","Rooks County",1,6,65,33,32
050,20,163,"Kansas","Rooks County",1,7,54,21,33
050,20,163,"Kansas","Rooks County",1,8,55,30,25
050,20,163,"Kansas","Rooks County",1,9,51,26,25
050,20,163,"Kansas","Rooks County",1,10,69,32,37
050,20,163,"Kansas","Rooks County",1,11,56,24,32
050,20,163,"Kansas","Rooks County",1,12,70,32,38
050,20,163,"Kansas","Rooks County",1,13,68,34,34
050,20,163,"Kansas","Rooks County",1,14,62,33,29
050,20,163,"Kansas","Rooks County",1,15,56,26,30
050,20,163,"Kansas","Rooks County",1,16,67,33,34
050,20,163,"Kansas","Rooks County",1,17,64,33,31
050,20,163,"Kansas","Rooks County",1,18,54,26,28
050,20,163,"Kansas","Rooks County",1,19,36,18,18
050,20,163,"Kansas","Rooks County",1,20,49,29,20
050,20,163,"Kansas","Rooks County",1,21,50,32,18
050,20,163,"Kansas","Rooks County",1,22,52,27,25
050,20,163,"Kansas","Rooks County",1,23,55,33,22
050,20,163,"Kansas","Rooks County",1,24,49,28,21
050,20,163,"Kansas","Rooks County",1,25,50,27,23
050,20,163,"Kansas","Rooks County",1,26,52,25,27
050,20,163,"Kansas","Rooks County",1,27,50,23,27
050,20,163,"Kansas","Rooks County",1,28,58,32,26
050,20,163,"Kansas","Rooks County",1,29,46,28,18
050,20,163,"Kansas","Rooks County",1,30,58,29,29
050,20,163,"Kansas","Rooks County",1,31,57,28,29
050,20,163,"Kansas","Rooks County",1,32,52,31,21
050,20,163,"Kansas","Rooks County",1,33,61,29,32
050,20,163,"Kansas","Rooks County",1,34,63,26,37
050,20,163,"Kansas","Rooks County",1,35,57,24,33
050,20,163,"Kansas","Rooks County",1,36,68,37,31
050,20,163,"Kansas","Rooks County",1,37,60,34,26
050,20,163,"Kansas","Rooks County",1,38,58,32,26
050,20,163,"Kansas","Rooks County",1,39,51,25,26
050,20,163,"Kansas","Rooks County",1,40,55,29,26
050,20,163,"Kansas","Rooks County",1,41,46,25,21
050,20,163,"Kansas","Rooks County",1,42,50,27,23
050,20,163,"Kansas","Rooks County",1,43,49,30,19
050,20,163,"Kansas","Rooks County",1,44,49,28,21
050,20,163,"Kansas","Rooks County",1,45,44,24,20
050,20,163,"Kansas","Rooks County",1,46,54,28,26
050,20,163,"Kansas","Rooks County",1,47,53,31,22
050,20,163,"Kansas","Rooks County",1,48,60,38,22
050,20,163,"Kansas","Rooks County",1,49,58,37,21
050,20,163,"Kansas","Rooks County",1,50,46,28,18
050,20,163,"Kansas","Rooks County",1,51,54,32,22
050,20,163,"Kansas","Rooks County",1,52,56,27,29
050,20,163,"Kansas","Rooks County",1,53,58,28,30
050,20,163,"Kansas","Rooks County",1,54,56,25,31
050,20,163,"Kansas","Rooks County",1,55,62,30,32
050,20,163,"Kansas","Rooks County",1,56,72,38,34
050,20,163,"Kansas","Rooks County",1,57,80,40,40
050,20,163,"Kansas","Rooks County",1,58,69,31,38
050,20,163,"Kansas","Rooks County",1,59,78,42,36
050,20,163,"Kansas","Rooks County",1,60,72,39,33
050,20,163,"Kansas","Rooks County",1,61,83,40,43
050,20,163,"Kansas","Rooks County",1,62,77,38,39
050,20,163,"Kansas","Rooks County",1,63,78,41,37
050,20,163,"Kansas","Rooks County",1,64,81,37,44
050,20,163,"Kansas","Rooks County",1,65,78,38,40
050,20,163,"Kansas","Rooks County",1,66,62,29,33
050,20,163,"Kansas","Rooks County",1,67,62,33,29
050,20,163,"Kansas","Rooks County",1,68,64,32,32
050,20,163,"Kansas","Rooks County",1,69,66,30,36
050,20,163,"Kansas","Rooks County",1,70,56,26,30
050,20,163,"Kansas","Rooks County",1,71,62,31,31
050,20,163,"Kansas","Rooks County",1,72,53,29,24
050,20,163,"Kansas","Rooks County",1,73,53,28,25
050,20,163,"Kansas","Rooks County",1,74,46,21,25
050,20,163,"Kansas","Rooks County",1,75,42,20,22
050,20,163,"Kansas","Rooks County",1,76,49,20,29
050,20,163,"Kansas","Rooks County",1,77,45,20,25
050,20,163,"Kansas","Rooks County",1,78,38,17,21
050,20,163,"Kansas","Rooks County",1,79,25,7,18
050,20,163,"Kansas","Rooks County",1,80,27,10,17
050,20,163,"Kansas","Rooks County",1,81,29,13,16
050,20,163,"Kansas","Rooks County",1,82,27,12,15
050,20,163,"Kansas","Rooks County",1,83,27,12,15
050,20,163,"Kansas","Rooks County",1,84,27,15,12
050,20,163,"Kansas","Rooks County",1,85,158,55,103
050,20,163,"Kansas","Rooks County",2,0,60,28,32
050,20,163,"Kansas","Rooks County",2,1,62,31,31
050,20,163,"Kansas","Rooks County",2,2,61,35,26
050,20,163,"Kansas","Rooks County",2,3,59,32,27
050,20,163,"Kansas","Rooks County",2,4,57,26,31
050,20,163,"Kansas","Rooks County",2,5,58,29,29
050,20,163,"Kansas","Rooks County",2,6,62,32,30
050,20,163,"Kansas","Rooks County",2,7,55,23,32
050,20,163,"Kansas","Rooks County",2,8,52,27,25
050,20,163,"Kansas","Rooks County",2,9,53,27,26
050,20,163,"Kansas","Rooks County",2,10,66,32,34
050,20,163,"Kansas","Rooks County",2,11,58,25,33
050,20,163,"Kansas","Rooks County",2,12,67,31,36
050,20,163,"Kansas","Rooks County",2,13,68,33,35
050,20,163,"Kansas","Rooks County",2,14,63,33,30
050,20,163,"Kansas","Rooks County",2,15,56,27,29
050,20,163,"Kansas","Rooks County",2,16,65,32,33
050,20,163,"Kansas","Rooks County",2,17,65,33,32
050,20,163,"Kansas","Rooks County",2,18,53,27,26
050,20,163,"Kansas","Rooks County",2,19,39,19,20
050,20,163,"Kansas","Rooks County",2,20,46,27,19
050,20,163,"Kansas","Rooks County",2,21,50,31,19
050,20,163,"Kansas","Rooks County",2,22,51,27,24
050,20,163,"Kansas","Rooks County",2,23,55,32,23
050,20,163,"Kansas","Rooks County",2,24,51,29,22
050,20,163,"Kansas","Rooks County",2,25,50,27,23
050,20,163,"Kansas","Rooks County",2,26,52,25,27
050,20,163,"Kansas","Rooks County",2,27,51,24,27
050,20,163,"Kansas","Rooks County",2,28,55,30,25
050,20,163,"Kansas","Rooks County",2,29,48,28,20
050,20,163,"Kansas","Rooks County",2,30,58,30,28
050,20,163,"Kansas","Rooks County",2,31,56,27,29
050,20,163,"Kansas","Rooks County",2,32,52,30,22
050,20,163,"Kansas","Rooks County",2,33,57,28,29
050,20,163,"Kansas","Rooks County",2,34,62,26,36
050,20,163,"Kansas","Rooks County",2,35,60,25,35
050,20,163,"Kansas","Rooks County",2,36,64,33,31
050,20,163,"Kansas","Rooks County",2,37,62,35,27
050,20,163,"Kansas","Rooks County",2,38,58,32,26
050,20,163,"Kansas","Rooks County",2,39,52,27,25
050,20,163,"Kansas","Rooks County",2,40,54,28,26
050,20,163,"Kansas","Rooks County",2,41,48,26,22
050,20,163,"Kansas","Rooks County",2,42,48,26,22
050,20,163,"Kansas","Rooks County",2,43,49,30,19
050,20,163,"Kansas","Rooks County",2,44,48,28,20
050,20,163,"Kansas","Rooks County",2,45,46,25,21
050,20,163,"Kansas","Rooks County",2,46,51,27,24
050,20,163,"Kansas","Rooks County",2,47,52,30,22
050,20,163,"Kansas","Rooks County",2,48,58,36,22
050,20,163,"Kansas","Rooks County",2,49,57,36,21
050,20,163,"Kansas","Rooks County",2,50,50,31,19
050,20,163,"Kansas","Rooks County",2,51,51,30,21
050,20,163,"Kansas","Rooks County",2,52,55,28,27
050,20,163,"Kansas","Rooks County",2,53,56,27,29
050,20,163,"Kansas","Rooks County",2,54,56,25,31
050,20,163,"Kansas","Rooks County",2,55,60,29,31
050,20,163,"Kansas","Rooks County",2,56,70,36,34
050,20,163,"Kansas","Rooks County",2,57,78,39,39
050,20,163,"Kansas","Rooks County",2,58,70,33,37
050,20,163,"Kansas","Rooks County",2,59,77,40,37
050,20,163,"Kansas","Rooks County",2,60,73,39,34
050,20,163,"Kansas","Rooks County",2,61,80,40,40
050,20,163,"Kansas","Rooks County",2,62,79,38,41
050,20,163,"Kansas","Rooks County",2,63,77,40,37
050,20,163,"Kansas","Rooks County",2,64,80,38,42
050,20,163,"Kansas","Rooks County",2,65,79,38,41
050,20,163,"Kansas","Rooks County",2,66,66,31,35
050,20,163,"Kansas","Rooks County",2,67,62,32,30
050,20,163,"Kansas","Rooks County",2,68,63,32,31
050,20,163,"Kansas","Rooks County",2,69,67,31,36
050,20,163,"Kansas","Rooks County",2,70,58,27,31
050,20,163,"Kansas","Rooks County",2,71,61,30,31
050,20,163,"Kansas","Rooks County",2,72,54,29,25
050,20,163,"Kansas","Rooks County",2,73,56,30,26
050,20,163,"Kansas","Rooks County",2,74,44,20,24
050,20,163,"Kansas","Rooks County",2,75,41,20,21
050,20,163,"Kansas","Rooks County",2,76,47,20,27
050,20,163,"Kansas","Rooks County",2,77,45,20,25
050,20,163,"Kansas","Rooks County",2,78,40,18,22
050,20,163,"Kansas","Rooks County",2,79,28,9,19
050,20,163,"Kansas","Rooks County",2,80,27,10,17
050,20,163,"Kansas","Rooks County",2,81,26,12,14
050,20,163,"Kansas","Rooks County",2,82,28,13,15
050,20,163,"Kansas","Rooks County",2,83,27,12,15
050,20,163,"Kansas","Rooks County",2,84,27,14,13
050,20,163,"Kansas","Rooks County",2,85,155,52,103
050,20,163,"Kansas","Rooks County",3,0,47,27,20
050,20,163,"Kansas","Rooks County",3,1,56,26,30
050,20,163,"Kansas","Rooks County",3,2,60,28,32
050,20,163,"Kansas","Rooks County",3,3,59,34,25
050,20,163,"Kansas","Rooks County",3,4,61,34,27
050,20,163,"Kansas","Rooks County",3,5,58,28,30
050,20,163,"Kansas","Rooks County",3,6,58,29,29
050,20,163,"Kansas","Rooks County",3,7,56,28,28
050,20,163,"Kansas","Rooks County",3,8,53,21,32
050,20,163,"Kansas","Rooks County",3,9,55,28,27
050,20,163,"Kansas","Rooks County",3,10,52,26,26
050,20,163,"Kansas","Rooks County",3,11,64,32,32
050,20,163,"Kansas","Rooks County",3,12,52,24,28
050,20,163,"Kansas","Rooks County",3,13,65,30,35
050,20,163,"Kansas","Rooks County",3,14,71,32,39
050,20,163,"Kansas","Rooks County",3,15,65,35,30
050,20,163,"Kansas","Rooks County",3,16,55,26,29
050,20,163,"Kansas","Rooks County",3,17,70,33,37
050,20,163,"Kansas","Rooks County",3,18,58,31,27
050,20,163,"Kansas","Rooks County",3,19,44,23,21
050,20,163,"Kansas","Rooks County",3,20,40,20,20
050,20,163,"Kansas","Rooks County",3,21,49,27,22
050,20,163,"Kansas","Rooks County",3,22,53,34,19
050,20,163,"Kansas","Rooks County",3,23,44,24,20
050,20,163,"Kansas","Rooks County",3,24,50,30,20
050,20,163,"Kansas","Rooks County",3,25,52,28,24
050,20,163,"Kansas","Rooks County",3,26,47,24,23
050,20,163,"Kansas","Rooks County",3,27,54,28,26
050,20,163,"Kansas","Rooks County",3,28,46,21,25
050,20,163,"Kansas","Rooks County",3,29,56,28,28
050,20,163,"Kansas","Rooks County",3,30,51,28,23
050,20,163,"Kansas","Rooks County",3,31,54,31,23
050,20,163,"Kansas","Rooks County",3,32,57,27,30
050,20,163,"Kansas","Rooks County",3,33,57,35,22
050,20,163,"Kansas","Rooks County",3,34,57,28,29
050,20,163,"Kansas","Rooks County",3,35,62,26,36
050,20,163,"Kansas","Rooks County",3,36,60,25,35
050,20,163,"Kansas","Rooks County",3,37,66,33,33
050,20,163,"Kansas","Rooks County",3,38,62,34,28
050,20,163,"Kansas","Rooks County",3,39,59,33,26
050,20,163,"Kansas","Rooks County",3,40,49,23,26
050,20,163,"Kansas","Rooks County",3,41,53,28,25
050,20,163,"Kansas","Rooks County",3,42,49,26,23
050,20,163,"Kansas","Rooks County",3,43,52,31,21
050,20,163,"Kansas","Rooks County",3,44,50,30,20
050,20,163,"Kansas","Rooks County",3,45,49,28,21
050,20,163,"Kansas","Rooks County",3,46,46,24,22
050,20,163,"Kansas","Rooks County",3,47,53,28,25
050,20,163,"Kansas","Rooks County",3,48,52,29,23
050,20,163,"Kansas","Rooks County",3,49,63,39,24
050,20,163,"Kansas","Rooks County",3,50,54,33,21
050,20,163,"Kansas","Rooks County",3,51,52,32,20
050,20,163,"Kansas","Rooks County",3,52,51,30,21
050,20,163,"Kansas","Rooks County",3,53,54,28,26
050,20,163,"Kansas","Rooks County",3,54,57,27,30
050,20,163,"Kansas","Rooks County",3,55,55,23,32
050,20,163,"Kansas","Rooks County",3,56,57,28,29
050,20,163,"Kansas","Rooks County",3,57,75,38,37
050,20,163,"Kansas","Rooks County",3,58,78,39,39
050,20,163,"Kansas","Rooks County",3,59,69,32,37
050,20,163,"Kansas","Rooks County",3,60,75,40,35
050,20,163,"Kansas","Rooks County",3,61,76,41,35
050,20,163,"Kansas","Rooks County",3,62,77,38,39
050,20,163,"Kansas","Rooks County",3,63,84,42,42
050,20,163,"Kansas","Rooks County",3,64,77,40,37
050,20,163,"Kansas","Rooks County",3,65,79,36,43
050,20,163,"Kansas","Rooks County",3,66,76,39,37
050,20,163,"Kansas","Rooks County",3,67,64,29,35
050,20,163,"Kansas","Rooks County",3,68,62,31,31
050,20,163,"Kansas","Rooks County",3,69,64,32,32
050,20,163,"Kansas","Rooks County",3,70,63,28,35
050,20,163,"Kansas","Rooks County",3,71,56,24,32
050,20,163,"Kansas","Rooks County",3,72,64,32,32
050,20,163,"Kansas","Rooks County",3,73,50,27,23
050,20,163,"Kansas","Rooks County",3,74,54,27,27
050,20,163,"Kansas","Rooks County",3,75,43,20,23
050,20,163,"Kansas","Rooks County",3,76,38,19,19
050,20,163,"Kansas","Rooks County",3,77,47,19,28
050,20,163,"Kansas","Rooks County",3,78,44,21,23
050,20,163,"Kansas","Rooks County",3,79,40,16,24
050,20,163,"Kansas","Rooks County",3,80,25,8,17
050,20,163,"Kansas","Rooks County",3,81,22,6,16
050,20,163,"Kansas","Rooks County",3,82,26,14,12
050,20,163,"Kansas","Rooks County",3,83,24,10,14
050,20,163,"Kansas","Rooks County",3,84,25,8,17
050,20,163,"Kansas","Rooks County",3,85,157,53,104
050,20,163,"Kansas","Rooks County",4,0,53,20,33
050,20,163,"Kansas","Rooks County",4,1,43,28,15
050,20,163,"Kansas","Rooks County",4,2,52,27,25
050,20,163,"Kansas","Rooks County",4,3,61,30,31
050,20,163,"Kansas","Rooks County",4,4,63,35,28
050,20,163,"Kansas","Rooks County",4,5,64,34,30
050,20,163,"Kansas","Rooks County",4,6,59,29,30
050,20,163,"Kansas","Rooks County",4,7,63,32,31
050,20,163,"Kansas","Rooks County",4,8,59,29,30
050,20,163,"Kansas","Rooks County",4,9,56,24,32
050,20,163,"Kansas","Rooks County",4,10,53,28,25
050,20,163,"Kansas","Rooks County",4,11,51,25,26
050,20,163,"Kansas","Rooks County",4,12,64,33,31
050,20,163,"Kansas","Rooks County",4,13,53,27,26
050,20,163,"Kansas","Rooks County",4,14,65,28,37
050,20,163,"Kansas","Rooks County",4,15,67,29,38
050,20,163,"Kansas","Rooks County",4,16,66,36,30
050,20,163,"Kansas","Rooks County",4,17,51,23,28
050,20,163,"Kansas","Rooks County",4,18,55,27,28
050,20,163,"Kansas","Rooks County",4,19,39,20,19
050,20,163,"Kansas","Rooks County",4,20,44,23,21
050,20,163,"Kansas","Rooks County",4,21,42,21,21
050,20,163,"Kansas","Rooks County",4,22,47,29,18
050,20,163,"Kansas","Rooks County",4,23,44,28,16
050,20,163,"Kansas","Rooks County",4,24,43,22,21
050,20,163,"Kansas","Rooks County",4,25,50,26,24
050,20,163,"Kansas","Rooks County",4,26,52,29,23
050,20,163,"Kansas","Rooks County",4,27,50,25,25
050,20,163,"Kansas","Rooks County",4,28,56,27,29
050,20,163,"Kansas","Rooks County",4,29,48,22,26
050,20,163,"Kansas","Rooks County",4,30,53,28,25
050,20,163,"Kansas","Rooks County",4,31,54,33,21
050,20,163,"Kansas","Rooks County",4,32,54,31,23
050,20,163,"Kansas","Rooks County",4,33,55,26,29
050,20,163,"Kansas","Rooks County",4,34,57,36,21
050,20,163,"Kansas","Rooks County",4,35,63,33,30
050,20,163,"Kansas","Rooks County",4,36,62,25,37
050,20,163,"Kansas","Rooks County",4,37,57,23,34
050,20,163,"Kansas","Rooks County",4,38,61,29,32
050,20,163,"Kansas","Rooks County",4,39,68,40,28
050,20,163,"Kansas","Rooks County",4,40,62,36,26
050,20,163,"Kansas","Rooks County",4,41,49,24,25
050,20,163,"Kansas","Rooks County",4,42,50,25,25
050,20,163,"Kansas","Rooks County",4,43,46,23,23
050,20,163,"Kansas","Rooks County",4,44,48,29,19
050,20,163,"Kansas","Rooks County",4,45,50,30,20
050,20,163,"Kansas","Rooks County",4,46,47,26,21
050,20,163,"Kansas","Rooks County",4,47,48,26,22
050,20,163,"Kansas","Rooks County",4,48,54,30,24
050,20,163,"Kansas","Rooks County",4,49,53,28,25
050,20,163,"Kansas","Rooks County",4,50,62,38,24
050,20,163,"Kansas","Rooks County",4,51,52,34,18
050,20,163,"Kansas","Rooks County",4,52,52,31,21
050,20,163,"Kansas","Rooks County",4,53,51,30,21
050,20,163,"Kansas","Rooks County",4,54,58,31,27
050,20,163,"Kansas","Rooks County",4,55,52,25,27
050,20,163,"Kansas","Rooks County",4,56,54,21,33
050,20,163,"Kansas","Rooks County",4,57,62,27,35
050,20,163,"Kansas","Rooks County",4,58,72,37,35
050,20,163,"Kansas","Rooks County",4,59,77,39,38
050,20,163,"Kansas","Rooks County",4,60,74,35,39
050,20,163,"Kansas","Rooks County",4,61,76,41,35
050,20,163,"Kansas","Rooks County",4,62,73,36,37
050,20,163,"Kansas","Rooks County",4,63,76,39,37
050,20,163,"Kansas","Rooks County",4,64,81,42,39
050,20,163,"Kansas","Rooks County",4,65,75,40,35
050,20,163,"Kansas","Rooks County",4,66,75,35,40
050,20,163,"Kansas","Rooks County",4,67,78,41,37
050,20,163,"Kansas","Rooks County",4,68,62,27,35
050,20,163,"Kansas","Rooks County",4,69,62,30,32
050,20,163,"Kansas","Rooks County",4,70,65,32,33
050,20,163,"Kansas","Rooks County",4,71,62,28,34
050,20,163,"Kansas","Rooks County",4,72,55,22,33
050,20,163,"Kansas","Rooks County",4,73,59,29,30
050,20,163,"Kansas","Rooks County",4,74,51,26,25
050,20,163,"Kansas","Rooks County",4,75,53,28,25
050,20,163,"Kansas","Rooks County",4,76,41,19,22
050,20,163,"Kansas","Rooks County",4,77,39,19,20
050,20,163,"Kansas","Rooks County",4,78,47,20,27
050,20,163,"Kansas","Rooks County",4,79,36,14,22
050,20,163,"Kansas","Rooks County",4,80,38,15,23
050,20,163,"Kansas","Rooks County",4,81,20,5,15
050,20,163,"Kansas","Rooks County",4,82,22,7,15
050,20,163,"Kansas","Rooks County",4,83,22,11,11
050,20,163,"Kansas","Rooks County",4,84,20,6,14
050,20,163,"Kansas","Rooks County",4,85,152,51,101
050,20,163,"Kansas","Rooks County",5,0,56,21,35
050,20,163,"Kansas","Rooks County",5,1,48,17,31
050,20,163,"Kansas","Rooks County",5,2,43,27,16
050,20,163,"Kansas","Rooks County",5,3,62,31,31
050,20,163,"Kansas","Rooks County",5,4,61,28,33
050,20,163,"Kansas","Rooks County",5,5,64,38,26
050,20,163,"Kansas","Rooks County",5,6,61,34,27
050,20,163,"Kansas","Rooks County",5,7,56,27,29
050,20,163,"Kansas","Rooks County",5,8,61,30,31
050,20,163,"Kansas","Rooks County",5,9,59,28,31
050,20,163,"Kansas","Rooks County",5,10,58,24,34
050,20,163,"Kansas","Rooks County",5,11,62,30,32
050,20,163,"Kansas","Rooks County",5,12,54,29,25
050,20,163,"Kansas","Rooks County",5,13,63,34,29
050,20,163,"Kansas","Rooks County",5,14,48,24,24
050,20,163,"Kansas","Rooks County",5,15,62,28,34
050,20,163,"Kansas","Rooks County",5,16,68,31,37
050,20,163,"Kansas","Rooks County",5,17,66,35,31
050,20,163,"Kansas","Rooks County",5,18,40,21,19
050,20,163,"Kansas","Rooks County",5,19,39,21,18
050,20,163,"Kansas","Rooks County",5,20,45,21,24
050,20,163,"Kansas","Rooks County",5,21,45,24,21
050,20,163,"Kansas","Rooks County",5,22,40,17,23
050,20,163,"Kansas","Rooks County",5,23,50,29,21
050,20,163,"Kansas","Rooks County",5,24,44,26,18
050,20,163,"Kansas","Rooks County",5,25,46,25,21
050,20,163,"Kansas","Rooks County",5,26,48,24,24
050,20,163,"Kansas","Rooks County",5,27,54,28,26
050,20,163,"Kansas","Rooks County",5,28,48,24,24
050,20,163,"Kansas","Rooks County",5,29,52,25,27
050,20,163,"Kansas","Rooks County",5,30,49,22,27
050,20,163,"Kansas","Rooks County",5,31,52,28,24
050,20,163,"Kansas","Rooks County",5,32,59,36,23
050,20,163,"Kansas","Rooks County",5,33,53,29,24
050,20,163,"Kansas","Rooks County",5,34,59,29,30
050,20,163,"Kansas","Rooks County",5,35,59,37,22
050,20,163,"Kansas","Rooks County",5,36,62,32,30
050,20,163,"Kansas","Rooks County",5,37,61,23,38
050,20,163,"Kansas","Rooks County",5,38,53,23,30
050,20,163,"Kansas","Rooks County",5,39,64,30,34
050,20,163,"Kansas","Rooks County",5,40,69,41,28
050,20,163,"Kansas","Rooks County",5,41,64,36,28
050,20,163,"Kansas","Rooks County",5,42,40,18,22
050,20,163,"Kansas","Rooks County",5,43,47,24,23
050,20,163,"Kansas","Rooks County",5,44,40,18,22
050,20,163,"Kansas","Rooks County",5,45,46,27,19
050,20,163,"Kansas","Rooks County",5,46,48,29,19
050,20,163,"Kansas","Rooks County",5,47,48,28,20
050,20,163,"Kansas","Rooks County",5,48,50,26,24
050,20,163,"Kansas","Rooks County",5,49,54,30,24
050,20,163,"Kansas","Rooks County",5,50,54,29,25
050,20,163,"Kansas","Rooks County",5,51,59,35,24
050,20,163,"Kansas","Rooks County",5,52,51,33,18
050,20,163,"Kansas","Rooks County",5,53,57,33,24
050,20,163,"Kansas","Rooks County",5,54,52,31,21
050,20,163,"Kansas","Rooks County",5,55,57,30,27
050,20,163,"Kansas","Rooks County",5,56,54,27,27
050,20,163,"Kansas","Rooks County",5,57,57,21,36
050,20,163,"Kansas","Rooks County",5,58,61,28,33
050,20,163,"Kansas","Rooks County",5,59,68,35,33
050,20,163,"Kansas","Rooks County",5,60,78,40,38
050,20,163,"Kansas","Rooks County",5,61,75,36,39
050,20,163,"Kansas","Rooks County",5,62,72,39,33
050,20,163,"Kansas","Rooks County",5,63,74,37,37
050,20,163,"Kansas","Rooks County",5,64,76,39,37
050,20,163,"Kansas","Rooks County",5,65,81,45,36
050,20,163,"Kansas","Rooks County",5,66,76,39,37
050,20,163,"Kansas","Rooks County",5,67,75,37,38
050,20,163,"Kansas","Rooks County",5,68,79,40,39
050,20,163,"Kansas","Rooks County",5,69,63,26,37
050,20,163,"Kansas","Rooks County",5,70,62,30,32
050,20,163,"Kansas","Rooks County",5,71,59,30,29
050,20,163,"Kansas","Rooks County",5,72,62,29,33
050,20,163,"Kansas","Rooks County",5,73,47,20,27
050,20,163,"Kansas","Rooks County",5,74,59,28,31
050,20,163,"Kansas","Rooks County",5,75,51,26,25
050,20,163,"Kansas","Rooks County",5,76,49,26,23
050,20,163,"Kansas","Rooks County",5,77,42,18,24
050,20,163,"Kansas","Rooks County",5,78,37,19,18
050,20,163,"Kansas","Rooks County",5,79,45,15,30
050,20,163,"Kansas","Rooks County",5,80,34,15,19
050,20,163,"Kansas","Rooks County",5,81,28,12,16
050,20,163,"Kansas","Rooks County",5,82,20,5,15
050,20,163,"Kansas","Rooks County",5,83,16,3,13
050,20,163,"Kansas","Rooks County",5,84,19,8,11
050,20,163,"Kansas","Rooks County",5,85,149,48,101
050,20,165,"Kansas","Rush County",1,0,22,12,10
050,20,165,"Kansas","Rush County",1,1,18,11,7
050,20,165,"Kansas","Rush County",1,2,28,16,12
050,20,165,"Kansas","Rush County",1,3,35,21,14
050,20,165,"Kansas","Rush County",1,4,32,17,15
050,20,165,"Kansas","Rush County",1,5,31,17,14
050,20,165,"Kansas","Rush County",1,6,25,11,14
050,20,165,"Kansas","Rush County",1,7,30,13,17
050,20,165,"Kansas","Rush County",1,8,30,21,9
050,20,165,"Kansas","Rush County",1,9,31,20,11
050,20,165,"Kansas","Rush County",1,10,35,22,13
050,20,165,"Kansas","Rush County",1,11,36,16,20
050,20,165,"Kansas","Rush County",1,12,44,22,22
050,20,165,"Kansas","Rush County",1,13,41,19,22
050,20,165,"Kansas","Rush County",1,14,38,19,19
050,20,165,"Kansas","Rush County",1,15,35,17,18
050,20,165,"Kansas","Rush County",1,16,37,22,15
050,20,165,"Kansas","Rush County",1,17,36,21,15
050,20,165,"Kansas","Rush County",1,18,33,19,14
050,20,165,"Kansas","Rush County",1,19,26,14,12
050,20,165,"Kansas","Rush County",1,20,26,16,10
050,20,165,"Kansas","Rush County",1,21,29,18,11
050,20,165,"Kansas","Rush County",1,22,23,12,11
050,20,165,"Kansas","Rush County",1,23,24,13,11
050,20,165,"Kansas","Rush County",1,24,32,17,15
050,20,165,"Kansas","Rush County",1,25,28,18,10
050,20,165,"Kansas","Rush County",1,26,32,22,10
050,20,165,"Kansas","Rush County",1,27,25,16,9
050,20,165,"Kansas","Rush County",1,28,27,16,11
050,20,165,"Kansas","Rush County",1,29,27,13,14
050,20,165,"Kansas","Rush County",1,30,25,12,13
050,20,165,"Kansas","Rush County",1,31,28,16,12
050,20,165,"Kansas","Rush County",1,32,22,10,12
050,20,165,"Kansas","Rush County",1,33,32,16,16
050,20,165,"Kansas","Rush County",1,34,27,13,14
050,20,165,"Kansas","Rush County",1,35,24,14,10
050,20,165,"Kansas","Rush County",1,36,30,17,13
050,20,165,"Kansas","Rush County",1,37,35,16,19
050,20,165,"Kansas","Rush County",1,38,35,18,17
050,20,165,"Kansas","Rush County",1,39,38,17,21
050,20,165,"Kansas","Rush County",1,40,27,10,17
050,20,165,"Kansas","Rush County",1,41,28,14,14
050,20,165,"Kansas","Rush County",1,42,29,14,15
050,20,165,"Kansas","Rush County",1,43,36,16,20
050,20,165,"Kansas","Rush County",1,44,37,21,16
050,20,165,"Kansas","Rush County",1,45,40,20,20
050,20,165,"Kansas","Rush County",1,46,37,20,17
050,20,165,"Kansas","Rush County",1,47,30,20,10
050,20,165,"Kansas","Rush County",1,48,36,26,10
050,20,165,"Kansas","Rush County",1,49,33,18,15
050,20,165,"Kansas","Rush County",1,50,36,20,16
050,20,165,"Kansas","Rush County",1,51,37,20,17
050,20,165,"Kansas","Rush County",1,52,32,18,14
050,20,165,"Kansas","Rush County",1,53,39,19,20
050,20,165,"Kansas","Rush County",1,54,39,22,17
050,20,165,"Kansas","Rush County",1,55,41,23,18
050,20,165,"Kansas","Rush County",1,56,41,23,18
050,20,165,"Kansas","Rush County",1,57,45,26,19
050,20,165,"Kansas","Rush County",1,58,50,26,24
050,20,165,"Kansas","Rush County",1,59,54,31,23
050,20,165,"Kansas","Rush County",1,60,50,27,23
050,20,165,"Kansas","Rush County",1,61,45,18,27
050,20,165,"Kansas","Rush County",1,62,54,24,30
050,20,165,"Kansas","Rush County",1,63,56,28,28
050,20,165,"Kansas","Rush County",1,64,51,27,24
050,20,165,"Kansas","Rush County",1,65,43,23,20
050,20,165,"Kansas","Rush County",1,66,48,21,27
050,20,165,"Kansas","Rush County",1,67,53,31,22
050,20,165,"Kansas","Rush County",1,68,48,22,26
050,20,165,"Kansas","Rush County",1,69,41,21,20
050,20,165,"Kansas","Rush County",1,70,38,17,21
050,20,165,"Kansas","Rush County",1,71,38,20,18
050,20,165,"Kansas","Rush County",1,72,33,17,16
050,20,165,"Kansas","Rush County",1,73,33,12,21
050,20,165,"Kansas","Rush County",1,74,27,13,14
050,20,165,"Kansas","Rush County",1,75,28,16,12
050,20,165,"Kansas","Rush County",1,76,25,12,13
050,20,165,"Kansas","Rush County",1,77,30,15,15
050,20,165,"Kansas","Rush County",1,78,21,9,12
050,20,165,"Kansas","Rush County",1,79,17,7,10
050,20,165,"Kansas","Rush County",1,80,21,12,9
050,20,165,"Kansas","Rush County",1,81,20,8,12
050,20,165,"Kansas","Rush County",1,82,19,8,11
050,20,165,"Kansas","Rush County",1,83,21,8,13
050,20,165,"Kansas","Rush County",1,84,9,3,6
050,20,165,"Kansas","Rush County",1,85,123,48,75
050,20,165,"Kansas","Rush County",2,0,25,12,13
050,20,165,"Kansas","Rush County",2,1,19,11,8
050,20,165,"Kansas","Rush County",2,2,25,14,11
050,20,165,"Kansas","Rush County",2,3,34,20,14
050,20,165,"Kansas","Rush County",2,4,31,17,14
050,20,165,"Kansas","Rush County",2,5,30,16,14
050,20,165,"Kansas","Rush County",2,6,27,13,14
050,20,165,"Kansas","Rush County",2,7,28,12,16
050,20,165,"Kansas","Rush County",2,8,30,19,11
050,20,165,"Kansas","Rush County",2,9,30,20,10
050,20,165,"Kansas","Rush County",2,10,33,20,13
050,20,165,"Kansas","Rush County",2,11,35,17,18
050,20,165,"Kansas","Rush County",2,12,43,21,22
050,20,165,"Kansas","Rush County",2,13,41,20,21
050,20,165,"Kansas","Rush County",2,14,38,19,19
050,20,165,"Kansas","Rush County",2,15,37,18,19
050,20,165,"Kansas","Rush County",2,16,36,21,15
050,20,165,"Kansas","Rush County",2,17,36,21,15
050,20,165,"Kansas","Rush County",2,18,32,18,14
050,20,165,"Kansas","Rush County",2,19,25,13,12
050,20,165,"Kansas","Rush County",2,20,26,16,10
050,20,165,"Kansas","Rush County",2,21,27,16,11
050,20,165,"Kansas","Rush County",2,22,25,13,12
050,20,165,"Kansas","Rush County",2,23,24,13,11
050,20,165,"Kansas","Rush County",2,24,31,17,14
050,20,165,"Kansas","Rush County",2,25,28,17,11
050,20,165,"Kansas","Rush County",2,26,30,20,10
050,20,165,"Kansas","Rush County",2,27,26,17,9
050,20,165,"Kansas","Rush County",2,28,25,15,10
050,20,165,"Kansas","Rush County",2,29,26,13,13
050,20,165,"Kansas","Rush County",2,30,26,12,14
050,20,165,"Kansas","Rush County",2,31,27,15,12
050,20,165,"Kansas","Rush County",2,32,24,12,12
050,20,165,"Kansas","Rush County",2,33,30,15,15
050,20,165,"Kansas","Rush County",2,34,28,13,15
050,20,165,"Kansas","Rush County",2,35,26,14,12
050,20,165,"Kansas","Rush County",2,36,29,16,13
050,20,165,"Kansas","Rush County",2,37,33,16,17
050,20,165,"Kansas","Rush County",2,38,35,17,18
050,20,165,"Kansas","Rush County",2,39,37,17,20
050,20,165,"Kansas","Rush County",2,40,29,11,18
050,20,165,"Kansas","Rush County",2,41,28,13,15
050,20,165,"Kansas","Rush County",2,42,29,14,15
050,20,165,"Kansas","Rush County",2,43,34,15,19
050,20,165,"Kansas","Rush County",2,44,36,20,16
050,20,165,"Kansas","Rush County",2,45,40,21,19
050,20,165,"Kansas","Rush County",2,46,38,20,18
050,20,165,"Kansas","Rush County",2,47,32,20,12
050,20,165,"Kansas","Rush County",2,48,35,25,10
050,20,165,"Kansas","Rush County",2,49,34,20,14
050,20,165,"Kansas","Rush County",2,50,36,20,16
050,20,165,"Kansas","Rush County",2,51,36,19,17
050,20,165,"Kansas","Rush County",2,52,34,19,15
050,20,165,"Kansas","Rush County",2,53,36,18,18
050,20,165,"Kansas","Rush County",2,54,40,22,18
050,20,165,"Kansas","Rush County",2,55,41,23,18
050,20,165,"Kansas","Rush County",2,56,41,23,18
050,20,165,"Kansas","Rush County",2,57,44,25,19
050,20,165,"Kansas","Rush County",2,58,48,26,22
050,20,165,"Kansas","Rush County",2,59,54,31,23
050,20,165,"Kansas","Rush County",2,60,50,27,23
050,20,165,"Kansas","Rush County",2,61,47,21,26
050,20,165,"Kansas","Rush County",2,62,52,23,29
050,20,165,"Kansas","Rush County",2,63,56,27,29
050,20,165,"Kansas","Rush County",2,64,52,27,25
050,20,165,"Kansas","Rush County",2,65,45,24,21
050,20,165,"Kansas","Rush County",2,66,47,21,26
050,20,165,"Kansas","Rush County",2,67,50,28,22
050,20,165,"Kansas","Rush County",2,68,49,24,25
050,20,165,"Kansas","Rush County",2,69,43,21,22
050,20,165,"Kansas","Rush County",2,70,39,18,21
050,20,165,"Kansas","Rush County",2,71,36,18,18
050,20,165,"Kansas","Rush County",2,72,33,17,16
050,20,165,"Kansas","Rush County",2,73,33,14,19
050,20,165,"Kansas","Rush County",2,74,27,12,15
050,20,165,"Kansas","Rush County",2,75,29,16,13
050,20,165,"Kansas","Rush County",2,76,25,13,12
050,20,165,"Kansas","Rush County",2,77,30,15,15
050,20,165,"Kansas","Rush County",2,78,21,10,11
050,20,165,"Kansas","Rush County",2,79,16,6,10
050,20,165,"Kansas","Rush County",2,80,22,12,10
050,20,165,"Kansas","Rush County",2,81,19,8,11
050,20,165,"Kansas","Rush County",2,82,18,8,10
050,20,165,"Kansas","Rush County",2,83,22,9,13
050,20,165,"Kansas","Rush County",2,84,12,4,8
050,20,165,"Kansas","Rush County",2,85,122,47,75
050,20,165,"Kansas","Rush County",3,0,27,18,9
050,20,165,"Kansas","Rush County",3,1,29,17,12
050,20,165,"Kansas","Rush County",3,2,20,12,8
050,20,165,"Kansas","Rush County",3,3,26,14,12
050,20,165,"Kansas","Rush County",3,4,37,23,14
050,20,165,"Kansas","Rush County",3,5,28,12,16
050,20,165,"Kansas","Rush County",3,6,33,15,18
050,20,165,"Kansas","Rush County",3,7,28,13,15
050,20,165,"Kansas","Rush County",3,8,31,14,17
050,20,165,"Kansas","Rush County",3,9,30,19,11
050,20,165,"Kansas","Rush County",3,10,33,20,13
050,20,165,"Kansas","Rush County",3,11,36,19,17
050,20,165,"Kansas","Rush County",3,12,35,18,17
050,20,165,"Kansas","Rush County",3,13,43,20,23
050,20,165,"Kansas","Rush County",3,14,40,21,19
050,20,165,"Kansas","Rush County",3,15,37,20,17
050,20,165,"Kansas","Rush County",3,16,41,19,22
050,20,165,"Kansas","Rush County",3,17,31,14,17
050,20,165,"Kansas","Rush County",3,18,28,17,11
050,20,165,"Kansas","Rush County",3,19,25,12,13
050,20,165,"Kansas","Rush County",3,20,29,15,14
050,20,165,"Kansas","Rush County",3,21,26,15,11
050,20,165,"Kansas","Rush County",3,22,26,14,12
050,20,165,"Kansas","Rush County",3,23,21,10,11
050,20,165,"Kansas","Rush County",3,24,23,12,11
050,20,165,"Kansas","Rush County",3,25,26,11,15
050,20,165,"Kansas","Rush County",3,26,30,18,12
050,20,165,"Kansas","Rush County",3,27,29,21,8
050,20,165,"Kansas","Rush County",3,28,28,18,10
050,20,165,"Kansas","Rush County",3,29,29,16,13
050,20,165,"Kansas","Rush County",3,30,33,15,18
050,20,165,"Kansas","Rush County",3,31,25,13,12
050,20,165,"Kansas","Rush County",3,32,29,16,13
050,20,165,"Kansas","Rush County",3,33,25,12,13
050,20,165,"Kansas","Rush County",3,34,25,11,14
050,20,165,"Kansas","Rush County",3,35,27,14,13
050,20,165,"Kansas","Rush County",3,36,25,12,13
050,20,165,"Kansas","Rush County",3,37,31,16,15
050,20,165,"Kansas","Rush County",3,38,32,15,17
050,20,165,"Kansas","Rush County",3,39,32,17,15
050,20,165,"Kansas","Rush County",3,40,37,17,20
050,20,165,"Kansas","Rush County",3,41,30,12,18
050,20,165,"Kansas","Rush County",3,42,29,13,16
050,20,165,"Kansas","Rush County",3,43,32,15,17
050,20,165,"Kansas","Rush County",3,44,38,17,21
050,20,165,"Kansas","Rush County",3,45,38,22,16
050,20,165,"Kansas","Rush County",3,46,41,22,19
050,20,165,"Kansas","Rush County",3,47,40,22,18
050,20,165,"Kansas","Rush County",3,48,34,23,11
050,20,165,"Kansas","Rush County",3,49,33,23,10
050,20,165,"Kansas","Rush County",3,50,35,20,15
050,20,165,"Kansas","Rush County",3,51,35,20,15
050,20,165,"Kansas","Rush County",3,52,35,18,17
050,20,165,"Kansas","Rush County",3,53,37,19,18
050,20,165,"Kansas","Rush County",3,54,38,21,17
050,20,165,"Kansas","Rush County",3,55,41,23,18
050,20,165,"Kansas","Rush County",3,56,37,22,15
050,20,165,"Kansas","Rush County",3,57,40,22,18
050,20,165,"Kansas","Rush County",3,58,43,25,18
050,20,165,"Kansas","Rush County",3,59,52,27,25
050,20,165,"Kansas","Rush County",3,60,50,28,22
050,20,165,"Kansas","Rush County",3,61,50,27,23
050,20,165,"Kansas","Rush County",3,62,46,21,25
050,20,165,"Kansas","Rush County",3,63,48,20,28
050,20,165,"Kansas","Rush County",3,64,54,28,26
050,20,165,"Kansas","Rush County",3,65,50,26,24
050,20,165,"Kansas","Rush County",3,66,47,25,22
050,20,165,"Kansas","Rush County",3,67,48,23,25
050,20,165,"Kansas","Rush County",3,68,46,26,20
050,20,165,"Kansas","Rush County",3,69,46,22,24
050,20,165,"Kansas","Rush County",3,70,43,21,22
050,20,165,"Kansas","Rush County",3,71,32,13,19
050,20,165,"Kansas","Rush County",3,72,35,18,17
050,20,165,"Kansas","Rush County",3,73,34,17,17
050,20,165,"Kansas","Rush County",3,74,32,13,19
050,20,165,"Kansas","Rush County",3,75,27,10,17
050,20,165,"Kansas","Rush County",3,76,27,15,12
050,20,165,"Kansas","Rush County",3,77,28,14,14
050,20,165,"Kansas","Rush County",3,78,26,14,12
050,20,165,"Kansas","Rush County",3,79,22,10,12
050,20,165,"Kansas","Rush County",3,80,20,9,11
050,20,165,"Kansas","Rush County",3,81,17,8,9
050,20,165,"Kansas","Rush County",3,82,15,8,7
050,20,165,"Kansas","Rush County",3,83,23,10,13
050,20,165,"Kansas","Rush County",3,84,17,6,11
050,20,165,"Kansas","Rush County",3,85,111,40,71
050,20,165,"Kansas","Rush County",4,0,28,19,9
050,20,165,"Kansas","Rush County",4,1,31,20,11
050,20,165,"Kansas","Rush County",4,2,36,22,14
050,20,165,"Kansas","Rush County",4,3,22,12,10
050,20,165,"Kansas","Rush County",4,4,24,12,12
050,20,165,"Kansas","Rush County",4,5,38,25,13
050,20,165,"Kansas","Rush County",4,6,33,17,16
050,20,165,"Kansas","Rush County",4,7,34,15,19
050,20,165,"Kansas","Rush County",4,8,31,15,16
050,20,165,"Kansas","Rush County",4,9,29,12,17
050,20,165,"Kansas","Rush County",4,10,32,21,11
050,20,165,"Kansas","Rush County",4,11,34,22,12
050,20,165,"Kansas","Rush County",4,12,32,17,15
050,20,165,"Kansas","Rush County",4,13,36,17,19
050,20,165,"Kansas","Rush County",4,14,47,25,22
050,20,165,"Kansas","Rush County",4,15,41,22,19
050,20,165,"Kansas","Rush County",4,16,37,19,18
050,20,165,"Kansas","Rush County",4,17,44,21,23
050,20,165,"Kansas","Rush County",4,18,22,11,11
050,20,165,"Kansas","Rush County",4,19,21,12,9
050,20,165,"Kansas","Rush County",4,20,27,13,14
050,20,165,"Kansas","Rush County",4,21,32,15,17
050,20,165,"Kansas","Rush County",4,22,30,18,12
050,20,165,"Kansas","Rush County",4,23,29,19,10
050,20,165,"Kansas","Rush County",4,24,22,11,11
050,20,165,"Kansas","Rush County",4,25,28,15,13
050,20,165,"Kansas","Rush County",4,26,25,12,13
050,20,165,"Kansas","Rush County",4,27,26,17,9
050,20,165,"Kansas","Rush County",4,28,29,18,11
050,20,165,"Kansas","Rush County",4,29,31,21,10
050,20,165,"Kansas","Rush County",4,30,33,18,15
050,20,165,"Kansas","Rush County",4,31,29,12,17
050,20,165,"Kansas","Rush County",4,32,27,14,13
050,20,165,"Kansas","Rush County",4,33,31,16,15
050,20,165,"Kansas","Rush County",4,34,31,16,15
050,20,165,"Kansas","Rush County",4,35,26,14,12
050,20,165,"Kansas","Rush County",4,36,28,16,12
050,20,165,"Kansas","Rush County",4,37,24,12,12
050,20,165,"Kansas","Rush County",4,38,36,21,15
050,20,165,"Kansas","Rush County",4,39,34,16,18
050,20,165,"Kansas","Rush County",4,40,32,17,15
050,20,165,"Kansas","Rush County",4,41,36,16,20
050,20,165,"Kansas","Rush County",4,42,30,11,19
050,20,165,"Kansas","Rush County",4,43,35,19,16
050,20,165,"Kansas","Rush County",4,44,35,13,22
050,20,165,"Kansas","Rush County",4,45,38,17,21
050,20,165,"Kansas","Rush County",4,46,37,21,16
050,20,165,"Kansas","Rush County",4,47,40,22,18
050,20,165,"Kansas","Rush County",4,48,39,23,16
050,20,165,"Kansas","Rush County",4,49,33,22,11
050,20,165,"Kansas","Rush County",4,50,30,18,12
050,20,165,"Kansas","Rush County",4,51,38,20,18
050,20,165,"Kansas","Rush County",4,52,36,20,16
050,20,165,"Kansas","Rush County",4,53,34,18,16
050,20,165,"Kansas","Rush County",4,54,37,20,17
050,20,165,"Kansas","Rush County",4,55,37,20,17
050,20,165,"Kansas","Rush County",4,56,38,20,18
050,20,165,"Kansas","Rush County",4,57,36,20,16
050,20,165,"Kansas","Rush County",4,58,45,23,22
050,20,165,"Kansas","Rush County",4,59,43,25,18
050,20,165,"Kansas","Rush County",4,60,50,24,26
050,20,165,"Kansas","Rush County",4,61,51,28,23
050,20,165,"Kansas","Rush County",4,62,48,27,21
050,20,165,"Kansas","Rush County",4,63,47,21,26
050,20,165,"Kansas","Rush County",4,64,47,20,27
050,20,165,"Kansas","Rush County",4,65,52,28,24
050,20,165,"Kansas","Rush County",4,66,50,25,25
050,20,165,"Kansas","Rush County",4,67,42,22,20
050,20,165,"Kansas","Rush County",4,68,45,22,23
050,20,165,"Kansas","Rush County",4,69,44,25,19
050,20,165,"Kansas","Rush County",4,70,40,20,20
050,20,165,"Kansas","Rush County",4,71,37,18,19
050,20,165,"Kansas","Rush County",4,72,31,13,18
050,20,165,"Kansas","Rush County",4,73,37,19,18
050,20,165,"Kansas","Rush County",4,74,34,15,19
050,20,165,"Kansas","Rush County",4,75,33,13,20
050,20,165,"Kansas","Rush County",4,76,23,8,15
050,20,165,"Kansas","Rush County",4,77,31,17,14
050,20,165,"Kansas","Rush County",4,78,23,13,10
050,20,165,"Kansas","Rush County",4,79,21,12,9
050,20,165,"Kansas","Rush County",4,80,28,14,14
050,20,165,"Kansas","Rush County",4,81,19,7,12
050,20,165,"Kansas","Rush County",4,82,13,7,6
050,20,165,"Kansas","Rush County",4,83,19,11,8
050,20,165,"Kansas","Rush County",4,84,16,6,10
050,20,165,"Kansas","Rush County",4,85,101,35,66
050,20,165,"Kansas","Rush County",5,0,28,19,9
050,20,165,"Kansas","Rush County",5,1,27,19,8
050,20,165,"Kansas","Rush County",5,2,29,16,13
050,20,165,"Kansas","Rush County",5,3,23,11,12
050,20,165,"Kansas","Rush County",5,4,19,10,9
050,20,165,"Kansas","Rush County",5,5,26,9,17
050,20,165,"Kansas","Rush County",5,6,33,20,13
050,20,165,"Kansas","Rush County",5,7,33,12,21
050,20,165,"Kansas","Rush County",5,8,32,15,17
050,20,165,"Kansas","Rush County",5,9,29,14,15
050,20,165,"Kansas","Rush County",5,10,26,10,16
050,20,165,"Kansas","Rush County",5,11,33,22,11
050,20,165,"Kansas","Rush County",5,12,33,22,11
050,20,165,"Kansas","Rush County",5,13,34,19,15
050,20,165,"Kansas","Rush County",5,14,36,17,19
050,20,165,"Kansas","Rush County",5,15,48,26,22
050,20,165,"Kansas","Rush County",5,16,36,17,19
050,20,165,"Kansas","Rush County",5,17,42,20,22
050,20,165,"Kansas","Rush County",5,18,36,17,19
050,20,165,"Kansas","Rush County",5,19,16,7,9
050,20,165,"Kansas","Rush County",5,20,21,11,10
050,20,165,"Kansas","Rush County",5,21,23,11,12
050,20,165,"Kansas","Rush County",5,22,28,15,13
050,20,165,"Kansas","Rush County",5,23,28,16,12
050,20,165,"Kansas","Rush County",5,24,24,16,8
050,20,165,"Kansas","Rush County",5,25,18,9,9
050,20,165,"Kansas","Rush County",5,26,27,14,13
050,20,165,"Kansas","Rush County",5,27,23,13,10
050,20,165,"Kansas","Rush County",5,28,21,15,6
050,20,165,"Kansas","Rush County",5,29,31,19,12
050,20,165,"Kansas","Rush County",5,30,26,16,10
050,20,165,"Kansas","Rush County",5,31,29,14,15
050,20,165,"Kansas","Rush County",5,32,30,13,17
050,20,165,"Kansas","Rush County",5,33,26,14,12
050,20,165,"Kansas","Rush County",5,34,29,14,15
050,20,165,"Kansas","Rush County",5,35,30,16,14
050,20,165,"Kansas","Rush County",5,36,24,11,13
050,20,165,"Kansas","Rush County",5,37,29,19,10
050,20,165,"Kansas","Rush County",5,38,25,12,13
050,20,165,"Kansas","Rush County",5,39,35,21,14
050,20,165,"Kansas","Rush County",5,40,32,15,17
050,20,165,"Kansas","Rush County",5,41,31,16,15
050,20,165,"Kansas","Rush County",5,42,36,17,19
050,20,165,"Kansas","Rush County",5,43,35,14,21
050,20,165,"Kansas","Rush County",5,44,29,16,13
050,20,165,"Kansas","Rush County",5,45,35,13,22
050,20,165,"Kansas","Rush County",5,46,37,17,20
050,20,165,"Kansas","Rush County",5,47,35,19,16
050,20,165,"Kansas","Rush County",5,48,41,22,19
050,20,165,"Kansas","Rush County",5,49,36,21,15
050,20,165,"Kansas","Rush County",5,50,33,21,12
050,20,165,"Kansas","Rush County",5,51,29,15,14
050,20,165,"Kansas","Rush County",5,52,39,21,18
050,20,165,"Kansas","Rush County",5,53,35,19,16
050,20,165,"Kansas","Rush County",5,54,36,21,15
050,20,165,"Kansas","Rush County",5,55,34,17,17
050,20,165,"Kansas","Rush County",5,56,35,20,15
050,20,165,"Kansas","Rush County",5,57,34,18,16
050,20,165,"Kansas","Rush County",5,58,34,20,14
050,20,165,"Kansas","Rush County",5,59,46,25,21
050,20,165,"Kansas","Rush County",5,60,40,23,17
050,20,165,"Kansas","Rush County",5,61,52,26,26
050,20,165,"Kansas","Rush County",5,62,53,31,22
050,20,165,"Kansas","Rush County",5,63,46,25,21
050,20,165,"Kansas","Rush County",5,64,46,21,25
050,20,165,"Kansas","Rush County",5,65,47,20,27
050,20,165,"Kansas","Rush County",5,66,51,26,25
050,20,165,"Kansas","Rush County",5,67,45,23,22
050,20,165,"Kansas","Rush County",5,68,41,22,19
050,20,165,"Kansas","Rush County",5,69,44,22,22
050,20,165,"Kansas","Rush County",5,70,42,24,18
050,20,165,"Kansas","Rush County",5,71,37,18,19
050,20,165,"Kansas","Rush County",5,72,34,17,17
050,20,165,"Kansas","Rush County",5,73,29,13,16
050,20,165,"Kansas","Rush County",5,74,35,18,17
050,20,165,"Kansas","Rush County",5,75,33,14,19
050,20,165,"Kansas","Rush County",5,76,28,11,17
050,20,165,"Kansas","Rush County",5,77,29,9,20
050,20,165,"Kansas","Rush County",5,78,26,16,10
050,20,165,"Kansas","Rush County",5,79,23,12,11
050,20,165,"Kansas","Rush County",5,80,30,17,13
050,20,165,"Kansas","Rush County",5,81,23,10,13
050,20,165,"Kansas","Rush County",5,82,16,6,10
050,20,165,"Kansas","Rush County",5,83,17,10,7
050,20,165,"Kansas","Rush County",5,84,15,7,8
050,20,165,"Kansas","Rush County",5,85,100,34,66
050,20,167,"Kansas","Russell County",1,0,79,41,38
050,20,167,"Kansas","Russell County",1,1,82,45,37
050,20,167,"Kansas","Russell County",1,2,69,34,35
050,20,167,"Kansas","Russell County",1,3,80,42,38
050,20,167,"Kansas","Russell County",1,4,81,49,32
050,20,167,"Kansas","Russell County",1,5,84,57,27
050,20,167,"Kansas","Russell County",1,6,85,43,42
050,20,167,"Kansas","Russell County",1,7,96,47,49
050,20,167,"Kansas","Russell County",1,8,84,46,38
050,20,167,"Kansas","Russell County",1,9,85,44,41
050,20,167,"Kansas","Russell County",1,10,92,48,44
050,20,167,"Kansas","Russell County",1,11,102,50,52
050,20,167,"Kansas","Russell County",1,12,95,52,43
050,20,167,"Kansas","Russell County",1,13,83,43,40
050,20,167,"Kansas","Russell County",1,14,74,37,37
050,20,167,"Kansas","Russell County",1,15,71,38,33
050,20,167,"Kansas","Russell County",1,16,86,42,44
050,20,167,"Kansas","Russell County",1,17,76,40,36
050,20,167,"Kansas","Russell County",1,18,61,32,29
050,20,167,"Kansas","Russell County",1,19,51,23,28
050,20,167,"Kansas","Russell County",1,20,51,29,22
050,20,167,"Kansas","Russell County",1,21,58,29,29
050,20,167,"Kansas","Russell County",1,22,58,29,29
050,20,167,"Kansas","Russell County",1,23,59,28,31
050,20,167,"Kansas","Russell County",1,24,66,32,34
050,20,167,"Kansas","Russell County",1,25,65,31,34
050,20,167,"Kansas","Russell County",1,26,82,39,43
050,20,167,"Kansas","Russell County",1,27,61,33,28
050,20,167,"Kansas","Russell County",1,28,61,31,30
050,20,167,"Kansas","Russell County",1,29,70,33,37
050,20,167,"Kansas","Russell County",1,30,79,39,40
050,20,167,"Kansas","Russell County",1,31,62,29,33
050,20,167,"Kansas","Russell County",1,32,62,32,30
050,20,167,"Kansas","Russell County",1,33,71,37,34
050,20,167,"Kansas","Russell County",1,34,71,40,31
050,20,167,"Kansas","Russell County",1,35,74,44,30
050,20,167,"Kansas","Russell County",1,36,68,31,37
050,20,167,"Kansas","Russell County",1,37,79,43,36
050,20,167,"Kansas","Russell County",1,38,80,39,41
050,20,167,"Kansas","Russell County",1,39,76,37,39
050,20,167,"Kansas","Russell County",1,40,70,34,36
050,20,167,"Kansas","Russell County",1,41,67,33,34
050,20,167,"Kansas","Russell County",1,42,63,28,35
050,20,167,"Kansas","Russell County",1,43,68,36,32
050,20,167,"Kansas","Russell County",1,44,69,35,34
050,20,167,"Kansas","Russell County",1,45,67,38,29
050,20,167,"Kansas","Russell County",1,46,66,29,37
050,20,167,"Kansas","Russell County",1,47,75,37,38
050,20,167,"Kansas","Russell County",1,48,74,34,40
050,20,167,"Kansas","Russell County",1,49,73,34,39
050,20,167,"Kansas","Russell County",1,50,63,28,35
050,20,167,"Kansas","Russell County",1,51,68,33,35
050,20,167,"Kansas","Russell County",1,52,78,40,38
050,20,167,"Kansas","Russell County",1,53,75,37,38
050,20,167,"Kansas","Russell County",1,54,81,44,37
050,20,167,"Kansas","Russell County",1,55,88,47,41
050,20,167,"Kansas","Russell County",1,56,102,51,51
050,20,167,"Kansas","Russell County",1,57,103,53,50
050,20,167,"Kansas","Russell County",1,58,103,48,55
050,20,167,"Kansas","Russell County",1,59,91,48,43
050,20,167,"Kansas","Russell County",1,60,95,48,47
050,20,167,"Kansas","Russell County",1,61,99,47,52
050,20,167,"Kansas","Russell County",1,62,109,53,56
050,20,167,"Kansas","Russell County",1,63,117,55,62
050,20,167,"Kansas","Russell County",1,64,120,54,66
050,20,167,"Kansas","Russell County",1,65,115,61,54
050,20,167,"Kansas","Russell County",1,66,95,53,42
050,20,167,"Kansas","Russell County",1,67,90,43,47
050,20,167,"Kansas","Russell County",1,68,95,50,45
050,20,167,"Kansas","Russell County",1,69,89,43,46
050,20,167,"Kansas","Russell County",1,70,72,34,38
050,20,167,"Kansas","Russell County",1,71,67,32,35
050,20,167,"Kansas","Russell County",1,72,80,37,43
050,20,167,"Kansas","Russell County",1,73,87,41,46
050,20,167,"Kansas","Russell County",1,74,77,42,35
050,20,167,"Kansas","Russell County",1,75,69,33,36
050,20,167,"Kansas","Russell County",1,76,77,34,43
050,20,167,"Kansas","Russell County",1,77,65,32,33
050,20,167,"Kansas","Russell County",1,78,48,22,26
050,20,167,"Kansas","Russell County",1,79,46,18,28
050,20,167,"Kansas","Russell County",1,80,41,18,23
050,20,167,"Kansas","Russell County",1,81,43,19,24
050,20,167,"Kansas","Russell County",1,82,40,20,20
050,20,167,"Kansas","Russell County",1,83,39,17,22
050,20,167,"Kansas","Russell County",1,84,31,11,20
050,20,167,"Kansas","Russell County",1,85,272,105,167
050,20,167,"Kansas","Russell County",2,0,78,39,39
050,20,167,"Kansas","Russell County",2,1,80,43,37
050,20,167,"Kansas","Russell County",2,2,72,37,35
050,20,167,"Kansas","Russell County",2,3,75,38,37
050,20,167,"Kansas","Russell County",2,4,80,46,34
050,20,167,"Kansas","Russell County",2,5,84,55,29
050,20,167,"Kansas","Russell County",2,6,84,46,38
050,20,167,"Kansas","Russell County",2,7,93,46,47
050,20,167,"Kansas","Russell County",2,8,86,46,40
050,20,167,"Kansas","Russell County",2,9,86,45,41
050,20,167,"Kansas","Russell County",2,10,90,47,43
050,20,167,"Kansas","Russell County",2,11,100,49,51
050,20,167,"Kansas","Russell County",2,12,97,51,46
050,20,167,"Kansas","Russell County",2,13,87,46,41
050,20,167,"Kansas","Russell County",2,14,75,38,37
050,20,167,"Kansas","Russell County",2,15,73,38,35
050,20,167,"Kansas","Russell County",2,16,82,42,40
050,20,167,"Kansas","Russell County",2,17,80,41,39
050,20,167,"Kansas","Russell County",2,18,61,32,29
050,20,167,"Kansas","Russell County",2,19,49,23,26
050,20,167,"Kansas","Russell County",2,20,51,28,23
050,20,167,"Kansas","Russell County",2,21,57,29,28
050,20,167,"Kansas","Russell County",2,22,59,30,29
050,20,167,"Kansas","Russell County",2,23,60,28,32
050,20,167,"Kansas","Russell County",2,24,64,31,33
050,20,167,"Kansas","Russell County",2,25,66,32,34
050,20,167,"Kansas","Russell County",2,26,78,37,41
050,20,167,"Kansas","Russell County",2,27,68,35,33
050,20,167,"Kansas","Russell County",2,28,62,32,30
050,20,167,"Kansas","Russell County",2,29,69,34,35
050,20,167,"Kansas","Russell County",2,30,77,37,40
050,20,167,"Kansas","Russell County",2,31,66,31,35
050,20,167,"Kansas","Russell County",2,32,61,31,30
050,20,167,"Kansas","Russell County",2,33,69,36,33
050,20,167,"Kansas","Russell County",2,34,71,40,31
050,20,167,"Kansas","Russell County",2,35,73,43,30
050,20,167,"Kansas","Russell County",2,36,68,33,35
050,20,167,"Kansas","Russell County",2,37,77,40,37
050,20,167,"Kansas","Russell County",2,38,79,40,39
050,20,167,"Kansas","Russell County",2,39,78,38,40
050,20,167,"Kansas","Russell County",2,40,71,35,36
050,20,167,"Kansas","Russell County",2,41,69,34,35
050,20,167,"Kansas","Russell County",2,42,63,29,34
050,20,167,"Kansas","Russell County",2,43,67,34,33
050,20,167,"Kansas","Russell County",2,44,70,36,34
050,20,167,"Kansas","Russell County",2,45,69,38,31
050,20,167,"Kansas","Russell County",2,46,64,30,34
050,20,167,"Kansas","Russell County",2,47,72,35,37
050,20,167,"Kansas","Russell County",2,48,73,34,39
050,20,167,"Kansas","Russell County",2,49,74,33,41
050,20,167,"Kansas","Russell County",2,50,64,29,35
050,20,167,"Kansas","Russell County",2,51,67,32,35
050,20,167,"Kansas","Russell County",2,52,76,38,38
050,20,167,"Kansas","Russell County",2,53,75,38,37
050,20,167,"Kansas","Russell County",2,54,78,41,37
050,20,167,"Kansas","Russell County",2,55,85,46,39
050,20,167,"Kansas","Russell County",2,56,98,49,49
050,20,167,"Kansas","Russell County",2,57,102,52,50
050,20,167,"Kansas","Russell County",2,58,104,50,54
050,20,167,"Kansas","Russell County",2,59,93,47,46
050,20,167,"Kansas","Russell County",2,60,94,48,46
050,20,167,"Kansas","Russell County",2,61,98,47,51
050,20,167,"Kansas","Russell County",2,62,104,51,53
050,20,167,"Kansas","Russell County",2,63,117,56,61
050,20,167,"Kansas","Russell County",2,64,119,54,65
050,20,167,"Kansas","Russell County",2,65,117,60,57
050,20,167,"Kansas","Russell County",2,66,99,55,44
050,20,167,"Kansas","Russell County",2,67,92,46,46
050,20,167,"Kansas","Russell County",2,68,93,48,45
050,20,167,"Kansas","Russell County",2,69,92,45,47
050,20,167,"Kansas","Russell County",2,70,75,36,39
050,20,167,"Kansas","Russell County",2,71,68,32,36
050,20,167,"Kansas","Russell County",2,72,75,35,40
050,20,167,"Kansas","Russell County",2,73,89,42,47
050,20,167,"Kansas","Russell County",2,74,74,39,35
050,20,167,"Kansas","Russell County",2,75,72,35,37
050,20,167,"Kansas","Russell County",2,76,73,33,40
050,20,167,"Kansas","Russell County",2,77,67,31,36
050,20,167,"Kansas","Russell County",2,78,49,23,26
050,20,167,"Kansas","Russell County",2,79,46,19,27
050,20,167,"Kansas","Russell County",2,80,43,18,25
050,20,167,"Kansas","Russell County",2,81,43,19,24
050,20,167,"Kansas","Russell County",2,82,41,20,21
050,20,167,"Kansas","Russell County",2,83,40,18,22
050,20,167,"Kansas","Russell County",2,84,32,13,19
050,20,167,"Kansas","Russell County",2,85,267,104,163
050,20,167,"Kansas","Russell County",3,0,59,28,31
050,20,167,"Kansas","Russell County",3,1,68,37,31
050,20,167,"Kansas","Russell County",3,2,82,41,41
050,20,167,"Kansas","Russell County",3,3,81,40,41
050,20,167,"Kansas","Russell County",3,4,75,40,35
050,20,167,"Kansas","Russell County",3,5,92,54,38
050,20,167,"Kansas","Russell County",3,6,87,54,33
050,20,167,"Kansas","Russell County",3,7,87,49,38
050,20,167,"Kansas","Russell County",3,8,89,45,44
050,20,167,"Kansas","Russell County",3,9,84,49,35
050,20,167,"Kansas","Russell County",3,10,80,44,36
050,20,167,"Kansas","Russell County",3,11,95,50,45
050,20,167,"Kansas","Russell County",3,12,98,44,54
050,20,167,"Kansas","Russell County",3,13,101,54,47
050,20,167,"Kansas","Russell County",3,14,88,49,39
050,20,167,"Kansas","Russell County",3,15,78,38,40
050,20,167,"Kansas","Russell County",3,16,71,38,33
050,20,167,"Kansas","Russell County",3,17,89,48,41
050,20,167,"Kansas","Russell County",3,18,67,36,31
050,20,167,"Kansas","Russell County",3,19,54,30,24
050,20,167,"Kansas","Russell County",3,20,50,21,29
050,20,167,"Kansas","Russell County",3,21,61,33,28
050,20,167,"Kansas","Russell County",3,22,64,30,34
050,20,167,"Kansas","Russell County",3,23,63,35,28
050,20,167,"Kansas","Russell County",3,24,53,26,27
050,20,167,"Kansas","Russell County",3,25,64,27,37
050,20,167,"Kansas","Russell County",3,26,67,34,33
050,20,167,"Kansas","Russell County",3,27,73,33,40
050,20,167,"Kansas","Russell County",3,28,66,34,32
050,20,167,"Kansas","Russell County",3,29,66,36,30
050,20,167,"Kansas","Russell County",3,30,75,35,40
050,20,167,"Kansas","Russell County",3,31,79,40,39
050,20,167,"Kansas","Russell County",3,32,71,32,39
050,20,167,"Kansas","Russell County",3,33,66,30,36
050,20,167,"Kansas","Russell County",3,34,70,35,35
050,20,167,"Kansas","Russell County",3,35,73,39,34
050,20,167,"Kansas","Russell County",3,36,75,43,32
050,20,167,"Kansas","Russell County",3,37,62,33,29
050,20,167,"Kansas","Russell County",3,38,78,42,36
050,20,167,"Kansas","Russell County",3,39,84,41,43
050,20,167,"Kansas","Russell County",3,40,78,36,42
050,20,167,"Kansas","Russell County",3,41,82,42,40
050,20,167,"Kansas","Russell County",3,42,66,34,32
050,20,167,"Kansas","Russell County",3,43,62,28,34
050,20,167,"Kansas","Russell County",3,44,69,34,35
050,20,167,"Kansas","Russell County",3,45,74,42,32
050,20,167,"Kansas","Russell County",3,46,69,40,29
050,20,167,"Kansas","Russell County",3,47,64,33,31
050,20,167,"Kansas","Russell County",3,48,73,35,38
050,20,167,"Kansas","Russell County",3,49,79,39,40
050,20,167,"Kansas","Russell County",3,50,67,30,37
050,20,167,"Kansas","Russell County",3,51,66,30,36
050,20,167,"Kansas","Russell County",3,52,66,33,33
050,20,167,"Kansas","Russell County",3,53,75,38,37
050,20,167,"Kansas","Russell County",3,54,73,36,37
050,20,167,"Kansas","Russell County",3,55,84,45,39
050,20,167,"Kansas","Russell County",3,56,86,45,41
050,20,167,"Kansas","Russell County",3,57,96,48,48
050,20,167,"Kansas","Russell County",3,58,105,56,49
050,20,167,"Kansas","Russell County",3,59,106,52,54
050,20,167,"Kansas","Russell County",3,60,93,48,45
050,20,167,"Kansas","Russell County",3,61,92,44,48
050,20,167,"Kansas","Russell County",3,62,96,46,50
050,20,167,"Kansas","Russell County",3,63,113,57,56
050,20,167,"Kansas","Russell County",3,64,115,55,60
050,20,167,"Kansas","Russell County",3,65,126,57,69
050,20,167,"Kansas","Russell County",3,66,117,64,53
050,20,167,"Kansas","Russell County",3,67,101,57,44
050,20,167,"Kansas","Russell County",3,68,95,50,45
050,20,167,"Kansas","Russell County",3,69,92,46,46
050,20,167,"Kansas","Russell County",3,70,87,45,42
050,20,167,"Kansas","Russell County",3,71,74,34,40
050,20,167,"Kansas","Russell County",3,72,67,32,35
050,20,167,"Kansas","Russell County",3,73,72,35,37
050,20,167,"Kansas","Russell County",3,74,89,42,47
050,20,167,"Kansas","Russell County",3,75,68,36,32
050,20,167,"Kansas","Russell County",3,76,73,34,39
050,20,167,"Kansas","Russell County",3,77,70,34,36
050,20,167,"Kansas","Russell County",3,78,63,30,33
050,20,167,"Kansas","Russell County",3,79,49,23,26
050,20,167,"Kansas","Russell County",3,80,36,14,22
050,20,167,"Kansas","Russell County",3,81,38,15,23
050,20,167,"Kansas","Russell County",3,82,37,18,19
050,20,167,"Kansas","Russell County",3,83,38,19,19
050,20,167,"Kansas","Russell County",3,84,31,15,16
050,20,167,"Kansas","Russell County",3,85,240,93,147
050,20,167,"Kansas","Russell County",4,0,66,34,32
050,20,167,"Kansas","Russell County",4,1,51,26,25
050,20,167,"Kansas","Russell County",4,2,74,40,34
050,20,167,"Kansas","Russell County",4,3,91,44,47
050,20,167,"Kansas","Russell County",4,4,86,44,42
050,20,167,"Kansas","Russell County",4,5,73,39,34
050,20,167,"Kansas","Russell County",4,6,90,51,39
050,20,167,"Kansas","Russell County",4,7,93,57,36
050,20,167,"Kansas","Russell County",4,8,83,47,36
050,20,167,"Kansas","Russell County",4,9,90,45,45
050,20,167,"Kansas","Russell County",4,10,88,52,36
050,20,167,"Kansas","Russell County",4,11,86,44,42
050,20,167,"Kansas","Russell County",4,12,89,46,43
050,20,167,"Kansas","Russell County",4,13,92,40,52
050,20,167,"Kansas","Russell County",4,14,95,49,46
050,20,167,"Kansas","Russell County",4,15,88,49,39
050,20,167,"Kansas","Russell County",4,16,75,41,34
050,20,167,"Kansas","Russell County",4,17,71,38,33
050,20,167,"Kansas","Russell County",4,18,76,41,35
050,20,167,"Kansas","Russell County",4,19,54,28,26
050,20,167,"Kansas","Russell County",4,20,48,26,22
050,20,167,"Kansas","Russell County",4,21,56,28,28
050,20,167,"Kansas","Russell County",4,22,61,29,32
050,20,167,"Kansas","Russell County",4,23,69,33,36
050,20,167,"Kansas","Russell County",4,24,70,36,34
050,20,167,"Kansas","Russell County",4,25,60,26,34
050,20,167,"Kansas","Russell County",4,26,65,29,36
050,20,167,"Kansas","Russell County",4,27,69,36,33
050,20,167,"Kansas","Russell County",4,28,75,33,42
050,20,167,"Kansas","Russell County",4,29,71,35,36
050,20,167,"Kansas","Russell County",4,30,73,41,32
050,20,167,"Kansas","Russell County",4,31,79,36,43
050,20,167,"Kansas","Russell County",4,32,76,39,37
050,20,167,"Kansas","Russell County",4,33,69,34,35
050,20,167,"Kansas","Russell County",4,34,63,28,35
050,20,167,"Kansas","Russell County",4,35,69,36,33
050,20,167,"Kansas","Russell County",4,36,71,40,31
050,20,167,"Kansas","Russell County",4,37,73,42,31
050,20,167,"Kansas","Russell County",4,38,59,32,27
050,20,167,"Kansas","Russell County",4,39,80,44,36
050,20,167,"Kansas","Russell County",4,40,81,40,41
050,20,167,"Kansas","Russell County",4,41,84,41,43
050,20,167,"Kansas","Russell County",4,42,84,44,40
050,20,167,"Kansas","Russell County",4,43,64,35,29
050,20,167,"Kansas","Russell County",4,44,62,25,37
050,20,167,"Kansas","Russell County",4,45,73,36,37
050,20,167,"Kansas","Russell County",4,46,73,41,32
050,20,167,"Kansas","Russell County",4,47,72,41,31
050,20,167,"Kansas","Russell County",4,48,59,29,30
050,20,167,"Kansas","Russell County",4,49,68,32,36
050,20,167,"Kansas","Russell County",4,50,78,40,38
050,20,167,"Kansas","Russell County",4,51,69,31,38
050,20,167,"Kansas","Russell County",4,52,66,30,36
050,20,167,"Kansas","Russell County",4,53,65,32,33
050,20,167,"Kansas","Russell County",4,54,75,36,39
050,20,167,"Kansas","Russell County",4,55,79,40,39
050,20,167,"Kansas","Russell County",4,56,88,47,41
050,20,167,"Kansas","Russell County",4,57,89,48,41
050,20,167,"Kansas","Russell County",4,58,105,55,50
050,20,167,"Kansas","Russell County",4,59,104,55,49
050,20,167,"Kansas","Russell County",4,60,110,53,57
050,20,167,"Kansas","Russell County",4,61,93,43,50
050,20,167,"Kansas","Russell County",4,62,90,46,44
050,20,167,"Kansas","Russell County",4,63,103,49,54
050,20,167,"Kansas","Russell County",4,64,113,57,56
050,20,167,"Kansas","Russell County",4,65,122,60,62
050,20,167,"Kansas","Russell County",4,66,124,56,68
050,20,167,"Kansas","Russell County",4,67,112,61,51
050,20,167,"Kansas","Russell County",4,68,103,61,42
050,20,167,"Kansas","Russell County",4,69,94,48,46
050,20,167,"Kansas","Russell County",4,70,86,45,41
050,20,167,"Kansas","Russell County",4,71,90,46,44
050,20,167,"Kansas","Russell County",4,72,77,36,41
050,20,167,"Kansas","Russell County",4,73,68,33,35
050,20,167,"Kansas","Russell County",4,74,73,34,39
050,20,167,"Kansas","Russell County",4,75,84,41,43
050,20,167,"Kansas","Russell County",4,76,67,34,33
050,20,167,"Kansas","Russell County",4,77,71,32,39
050,20,167,"Kansas","Russell County",4,78,69,33,36
050,20,167,"Kansas","Russell County",4,79,64,30,34
050,20,167,"Kansas","Russell County",4,80,41,20,21
050,20,167,"Kansas","Russell County",4,81,35,12,23
050,20,167,"Kansas","Russell County",4,82,33,16,17
050,20,167,"Kansas","Russell County",4,83,34,16,18
050,20,167,"Kansas","Russell County",4,84,35,17,18
050,20,167,"Kansas","Russell County",4,85,237,91,146
050,20,167,"Kansas","Russell County",5,0,67,35,32
050,20,167,"Kansas","Russell County",5,1,64,33,31
050,20,167,"Kansas","Russell County",5,2,48,27,21
050,20,167,"Kansas","Russell County",5,3,80,42,38
050,20,167,"Kansas","Russell County",5,4,87,46,41
050,20,167,"Kansas","Russell County",5,5,88,46,42
050,20,167,"Kansas","Russell County",5,6,74,31,43
050,20,167,"Kansas","Russell County",5,7,91,51,40
050,20,167,"Kansas","Russell County",5,8,91,53,38
050,20,167,"Kansas","Russell County",5,9,81,45,36
050,20,167,"Kansas","Russell County",5,10,92,49,43
050,20,167,"Kansas","Russell County",5,11,87,52,35
050,20,167,"Kansas","Russell County",5,12,79,43,36
050,20,167,"Kansas","Russell County",5,13,91,47,44
050,20,167,"Kansas","Russell County",5,14,90,42,48
050,20,167,"Kansas","Russell County",5,15,99,54,45
050,20,167,"Kansas","Russell County",5,16,85,48,37
050,20,167,"Kansas","Russell County",5,17,76,42,34
050,20,167,"Kansas","Russell County",5,18,63,35,28
050,20,167,"Kansas","Russell County",5,19,59,31,28
050,20,167,"Kansas","Russell County",5,20,56,28,28
050,20,167,"Kansas","Russell County",5,21,53,27,26
050,20,167,"Kansas","Russell County",5,22,60,29,31
050,20,167,"Kansas","Russell County",5,23,61,31,30
050,20,167,"Kansas","Russell County",5,24,69,34,35
050,20,167,"Kansas","Russell County",5,25,78,40,38
050,20,167,"Kansas","Russell County",5,26,62,28,34
050,20,167,"Kansas","Russell County",5,27,74,33,41
050,20,167,"Kansas","Russell County",5,28,73,37,36
050,20,167,"Kansas","Russell County",5,29,71,31,40
050,20,167,"Kansas","Russell County",5,30,71,38,33
050,20,167,"Kansas","Russell County",5,31,71,37,34
050,20,167,"Kansas","Russell County",5,32,78,37,41
050,20,167,"Kansas","Russell County",5,33,80,38,42
050,20,167,"Kansas","Russell County",5,34,66,34,32
050,20,167,"Kansas","Russell County",5,35,69,32,37
050,20,167,"Kansas","Russell County",5,36,68,39,29
050,20,167,"Kansas","Russell County",5,37,74,40,34
050,20,167,"Kansas","Russell County",5,38,76,44,32
050,20,167,"Kansas","Russell County",5,39,58,33,25
050,20,167,"Kansas","Russell County",5,40,75,39,36
050,20,167,"Kansas","Russell County",5,41,79,39,40
050,20,167,"Kansas","Russell County",5,42,80,40,40
050,20,167,"Kansas","Russell County",5,43,80,44,36
050,20,167,"Kansas","Russell County",5,44,64,34,30
050,20,167,"Kansas","Russell County",5,45,57,23,34
050,20,167,"Kansas","Russell County",5,46,75,36,39
050,20,167,"Kansas","Russell County",5,47,76,39,37
050,20,167,"Kansas","Russell County",5,48,68,37,31
050,20,167,"Kansas","Russell County",5,49,56,29,27
050,20,167,"Kansas","Russell County",5,50,71,35,36
050,20,167,"Kansas","Russell County",5,51,79,40,39
050,20,167,"Kansas","Russell County",5,52,75,31,44
050,20,167,"Kansas","Russell County",5,53,64,29,35
050,20,167,"Kansas","Russell County",5,54,64,33,31
050,20,167,"Kansas","Russell County",5,55,73,33,40
050,20,167,"Kansas","Russell County",5,56,79,38,41
050,20,167,"Kansas","Russell County",5,57,85,47,38
050,20,167,"Kansas","Russell County",5,58,90,49,41
050,20,167,"Kansas","Russell County",5,59,107,54,53
050,20,167,"Kansas","Russell County",5,60,104,57,47
050,20,167,"Kansas","Russell County",5,61,108,50,58
050,20,167,"Kansas","Russell County",5,62,89,42,47
050,20,167,"Kansas","Russell County",5,63,89,45,44
050,20,167,"Kansas","Russell County",5,64,105,50,55
050,20,167,"Kansas","Russell County",5,65,113,57,56
050,20,167,"Kansas","Russell County",5,66,114,56,58
050,20,167,"Kansas","Russell County",5,67,123,53,70
050,20,167,"Kansas","Russell County",5,68,115,62,53
050,20,167,"Kansas","Russell County",5,69,95,59,36
050,20,167,"Kansas","Russell County",5,70,96,49,47
050,20,167,"Kansas","Russell County",5,71,94,48,46
050,20,167,"Kansas","Russell County",5,72,89,45,44
050,20,167,"Kansas","Russell County",5,73,76,38,38
050,20,167,"Kansas","Russell County",5,74,71,33,38
050,20,167,"Kansas","Russell County",5,75,70,32,38
050,20,167,"Kansas","Russell County",5,76,82,38,44
050,20,167,"Kansas","Russell County",5,77,66,35,31
050,20,167,"Kansas","Russell County",5,78,68,30,38
050,20,167,"Kansas","Russell County",5,79,66,32,34
050,20,167,"Kansas","Russell County",5,80,60,29,31
050,20,167,"Kansas","Russell County",5,81,42,20,22
050,20,167,"Kansas","Russell County",5,82,34,14,20
050,20,167,"Kansas","Russell County",5,83,32,14,18
050,20,167,"Kansas","Russell County",5,84,30,15,15
050,20,167,"Kansas","Russell County",5,85,235,93,142
050,20,169,"Kansas","Saline County",1,0,621,319,302
050,20,169,"Kansas","Saline County",1,1,632,328,304
050,20,169,"Kansas","Saline County",1,2,648,328,320
050,20,169,"Kansas","Saline County",1,3,672,349,323
050,20,169,"Kansas","Saline County",1,4,691,354,337
050,20,169,"Kansas","Saline County",1,5,717,361,356
050,20,169,"Kansas","Saline County",1,6,669,346,323
050,20,169,"Kansas","Saline County",1,7,688,342,346
050,20,169,"Kansas","Saline County",1,8,661,335,326
050,20,169,"Kansas","Saline County",1,9,699,333,366
050,20,169,"Kansas","Saline County",1,10,728,358,370
050,20,169,"Kansas","Saline County",1,11,731,377,354
050,20,169,"Kansas","Saline County",1,12,767,384,383
050,20,169,"Kansas","Saline County",1,13,768,394,374
050,20,169,"Kansas","Saline County",1,14,738,392,346
050,20,169,"Kansas","Saline County",1,15,702,377,325
050,20,169,"Kansas","Saline County",1,16,743,380,363
050,20,169,"Kansas","Saline County",1,17,737,358,379
050,20,169,"Kansas","Saline County",1,18,643,352,291
050,20,169,"Kansas","Saline County",1,19,644,377,267
050,20,169,"Kansas","Saline County",1,20,659,352,307
050,20,169,"Kansas","Saline County",1,21,678,347,331
050,20,169,"Kansas","Saline County",1,22,698,359,339
050,20,169,"Kansas","Saline County",1,23,710,358,352
050,20,169,"Kansas","Saline County",1,24,708,355,353
050,20,169,"Kansas","Saline County",1,25,703,368,335
050,20,169,"Kansas","Saline County",1,26,674,370,304
050,20,169,"Kansas","Saline County",1,27,653,349,304
050,20,169,"Kansas","Saline County",1,28,702,359,343
050,20,169,"Kansas","Saline County",1,29,684,359,325
050,20,169,"Kansas","Saline County",1,30,696,366,330
050,20,169,"Kansas","Saline County",1,31,662,345,317
050,20,169,"Kansas","Saline County",1,32,631,304,327
050,20,169,"Kansas","Saline County",1,33,648,334,314
050,20,169,"Kansas","Saline County",1,34,675,353,322
050,20,169,"Kansas","Saline County",1,35,662,355,307
050,20,169,"Kansas","Saline County",1,36,625,326,299
050,20,169,"Kansas","Saline County",1,37,656,324,332
050,20,169,"Kansas","Saline County",1,38,675,324,351
050,20,169,"Kansas","Saline County",1,39,667,351,316
050,20,169,"Kansas","Saline County",1,40,635,321,314
050,20,169,"Kansas","Saline County",1,41,631,326,305
050,20,169,"Kansas","Saline County",1,42,642,325,317
050,20,169,"Kansas","Saline County",1,43,559,267,292
050,20,169,"Kansas","Saline County",1,44,612,289,323
050,20,169,"Kansas","Saline County",1,45,575,276,299
050,20,169,"Kansas","Saline County",1,46,541,266,275
050,20,169,"Kansas","Saline County",1,47,547,269,278
050,20,169,"Kansas","Saline County",1,48,592,293,299
050,20,169,"Kansas","Saline County",1,49,726,359,367
050,20,169,"Kansas","Saline County",1,50,725,382,343
050,20,169,"Kansas","Saline County",1,51,683,370,313
050,20,169,"Kansas","Saline County",1,52,628,329,299
050,20,169,"Kansas","Saline County",1,53,648,339,309
050,20,169,"Kansas","Saline County",1,54,667,332,335
050,20,169,"Kansas","Saline County",1,55,697,326,371
050,20,169,"Kansas","Saline County",1,56,696,361,335
050,20,169,"Kansas","Saline County",1,57,752,378,374
050,20,169,"Kansas","Saline County",1,58,810,405,405
050,20,169,"Kansas","Saline County",1,59,808,422,386
050,20,169,"Kansas","Saline County",1,60,794,400,394
050,20,169,"Kansas","Saline County",1,61,747,364,383
050,20,169,"Kansas","Saline County",1,62,774,390,384
050,20,169,"Kansas","Saline County",1,63,726,360,366
050,20,169,"Kansas","Saline County",1,64,708,342,366
050,20,169,"Kansas","Saline County",1,65,684,344,340
050,20,169,"Kansas","Saline County",1,66,668,324,344
050,20,169,"Kansas","Saline County",1,67,643,297,346
050,20,169,"Kansas","Saline County",1,68,653,315,338
050,20,169,"Kansas","Saline County",1,69,557,278,279
050,20,169,"Kansas","Saline County",1,70,515,242,273
050,20,169,"Kansas","Saline County",1,71,535,275,260
050,20,169,"Kansas","Saline County",1,72,530,244,286
050,20,169,"Kansas","Saline County",1,73,538,247,291
050,20,169,"Kansas","Saline County",1,74,363,166,197
050,20,169,"Kansas","Saline County",1,75,363,167,196
050,20,169,"Kansas","Saline County",1,76,389,184,205
050,20,169,"Kansas","Saline County",1,77,370,175,195
050,20,169,"Kansas","Saline County",1,78,314,142,172
050,20,169,"Kansas","Saline County",1,79,276,115,161
050,20,169,"Kansas","Saline County",1,80,267,111,156
050,20,169,"Kansas","Saline County",1,81,283,123,160
050,20,169,"Kansas","Saline County",1,82,251,99,152
050,20,169,"Kansas","Saline County",1,83,222,92,130
050,20,169,"Kansas","Saline County",1,84,206,79,127
050,20,169,"Kansas","Saline County",1,85,1382,490,892
050,20,169,"Kansas","Saline County",2,0,614,318,296
050,20,169,"Kansas","Saline County",2,1,624,321,303
050,20,169,"Kansas","Saline County",2,2,644,326,318
050,20,169,"Kansas","Saline County",2,3,663,340,323
050,20,169,"Kansas","Saline County",2,4,691,354,337
050,20,169,"Kansas","Saline County",2,5,710,357,353
050,20,169,"Kansas","Saline County",2,6,680,349,331
050,20,169,"Kansas","Saline County",2,7,682,343,339
050,20,169,"Kansas","Saline County",2,8,665,336,329
050,20,169,"Kansas","Saline County",2,9,689,333,356
050,20,169,"Kansas","Saline County",2,10,720,353,367
050,20,169,"Kansas","Saline County",2,11,728,373,355
050,20,169,"Kansas","Saline County",2,12,757,381,376
050,20,169,"Kansas","Saline County",2,13,765,392,373
050,20,169,"Kansas","Saline County",2,14,742,392,350
050,20,169,"Kansas","Saline County",2,15,713,382,331
050,20,169,"Kansas","Saline County",2,16,733,381,352
050,20,169,"Kansas","Saline County",2,17,734,361,373
050,20,169,"Kansas","Saline County",2,18,655,352,303
050,20,169,"Kansas","Saline County",2,19,644,372,272
050,20,169,"Kansas","Saline County",2,20,659,353,306
050,20,169,"Kansas","Saline County",2,21,682,354,328
050,20,169,"Kansas","Saline County",2,22,697,354,343
050,20,169,"Kansas","Saline County",2,23,709,361,348
050,20,169,"Kansas","Saline County",2,24,704,356,348
050,20,169,"Kansas","Saline County",2,25,702,365,337
050,20,169,"Kansas","Saline County",2,26,682,369,313
050,20,169,"Kansas","Saline County",2,27,656,355,301
050,20,169,"Kansas","Saline County",2,28,694,358,336
050,20,169,"Kansas","Saline County",2,29,693,363,330
050,20,169,"Kansas","Saline County",2,30,697,370,327
050,20,169,"Kansas","Saline County",2,31,663,345,318
050,20,169,"Kansas","Saline County",2,32,633,312,321
050,20,169,"Kansas","Saline County",2,33,639,325,314
050,20,169,"Kansas","Saline County",2,34,670,351,319
050,20,169,"Kansas","Saline County",2,35,663,353,310
050,20,169,"Kansas","Saline County",2,36,634,333,301
050,20,169,"Kansas","Saline County",2,37,648,323,325
050,20,169,"Kansas","Saline County",2,38,676,327,349
050,20,169,"Kansas","Saline County",2,39,662,340,322
050,20,169,"Kansas","Saline County",2,40,643,330,313
050,20,169,"Kansas","Saline County",2,41,633,324,309
050,20,169,"Kansas","Saline County",2,42,634,321,313
050,20,169,"Kansas","Saline County",2,43,583,282,301
050,20,169,"Kansas","Saline County",2,44,596,284,312
050,20,169,"Kansas","Saline County",2,45,582,277,305
050,20,169,"Kansas","Saline County",2,46,547,268,279
050,20,169,"Kansas","Saline County",2,47,543,269,274
050,20,169,"Kansas","Saline County",2,48,578,284,294
050,20,169,"Kansas","Saline County",2,49,695,344,351
050,20,169,"Kansas","Saline County",2,50,722,375,347
050,20,169,"Kansas","Saline County",2,51,687,370,317
050,20,169,"Kansas","Saline County",2,52,638,338,300
050,20,169,"Kansas","Saline County",2,53,641,336,305
050,20,169,"Kansas","Saline County",2,54,659,330,329
050,20,169,"Kansas","Saline County",2,55,689,327,362
050,20,169,"Kansas","Saline County",2,56,698,353,345
050,20,169,"Kansas","Saline County",2,57,738,374,364
050,20,169,"Kansas","Saline County",2,58,793,397,396
050,20,169,"Kansas","Saline County",2,59,809,415,394
050,20,169,"Kansas","Saline County",2,60,798,404,394
050,20,169,"Kansas","Saline County",2,61,753,372,381
050,20,169,"Kansas","Saline County",2,62,766,383,383
050,20,169,"Kansas","Saline County",2,63,742,370,372
050,20,169,"Kansas","Saline County",2,64,708,344,364
050,20,169,"Kansas","Saline County",2,65,684,340,344
050,20,169,"Kansas","Saline County",2,66,667,325,342
050,20,169,"Kansas","Saline County",2,67,644,300,344
050,20,169,"Kansas","Saline County",2,68,645,307,338
050,20,169,"Kansas","Saline County",2,69,578,285,293
050,20,169,"Kansas","Saline County",2,70,526,250,276
050,20,169,"Kansas","Saline County",2,71,532,269,263
050,20,169,"Kansas","Saline County",2,72,520,246,274
050,20,169,"Kansas","Saline County",2,73,561,258,303
050,20,169,"Kansas","Saline County",2,74,379,172,207
050,20,169,"Kansas","Saline County",2,75,366,169,197
050,20,169,"Kansas","Saline County",2,76,376,177,199
050,20,169,"Kansas","Saline County",2,77,382,181,201
050,20,169,"Kansas","Saline County",2,78,315,142,173
050,20,169,"Kansas","Saline County",2,79,281,119,162
050,20,169,"Kansas","Saline County",2,80,266,110,156
050,20,169,"Kansas","Saline County",2,81,277,121,156
050,20,169,"Kansas","Saline County",2,82,254,103,151
050,20,169,"Kansas","Saline County",2,83,222,90,132
050,20,169,"Kansas","Saline County",2,84,206,80,126
050,20,169,"Kansas","Saline County",2,85,1382,488,894
050,20,169,"Kansas","Saline County",3,0,574,309,265
050,20,169,"Kansas","Saline County",3,1,617,306,311
050,20,169,"Kansas","Saline County",3,2,611,308,303
050,20,169,"Kansas","Saline County",3,3,645,326,319
050,20,169,"Kansas","Saline County",3,4,658,337,321
050,20,169,"Kansas","Saline County",3,5,681,353,328
050,20,169,"Kansas","Saline County",3,6,691,351,340
050,20,169,"Kansas","Saline County",3,7,653,341,312
050,20,169,"Kansas","Saline County",3,8,678,342,336
050,20,169,"Kansas","Saline County",3,9,655,338,317
050,20,169,"Kansas","Saline County",3,10,698,338,360
050,20,169,"Kansas","Saline County",3,11,698,342,356
050,20,169,"Kansas","Saline County",3,12,726,373,353
050,20,169,"Kansas","Saline County",3,13,747,379,368
050,20,169,"Kansas","Saline County",3,14,770,397,373
050,20,169,"Kansas","Saline County",3,15,736,394,342
050,20,169,"Kansas","Saline County",3,16,713,377,336
050,20,169,"Kansas","Saline County",3,17,717,365,352
050,20,169,"Kansas","Saline County",3,18,692,351,341
050,20,169,"Kansas","Saline County",3,19,645,367,278
050,20,169,"Kansas","Saline County",3,20,637,347,290
050,20,169,"Kansas","Saline County",3,21,682,383,299
050,20,169,"Kansas","Saline County",3,22,688,344,344
050,20,169,"Kansas","Saline County",3,23,674,346,328
050,20,169,"Kansas","Saline County",3,24,699,357,342
050,20,169,"Kansas","Saline County",3,25,653,330,323
050,20,169,"Kansas","Saline County",3,26,695,369,326
050,20,169,"Kansas","Saline County",3,27,649,347,302
050,20,169,"Kansas","Saline County",3,28,663,363,300
050,20,169,"Kansas","Saline County",3,29,673,344,329
050,20,169,"Kansas","Saline County",3,30,682,357,325
050,20,169,"Kansas","Saline County",3,31,678,351,327
050,20,169,"Kansas","Saline County",3,32,651,344,307
050,20,169,"Kansas","Saline County",3,33,623,296,327
050,20,169,"Kansas","Saline County",3,34,647,338,309
050,20,169,"Kansas","Saline County",3,35,680,354,326
050,20,169,"Kansas","Saline County",3,36,683,356,327
050,20,169,"Kansas","Saline County",3,37,651,345,306
050,20,169,"Kansas","Saline County",3,38,632,317,315
050,20,169,"Kansas","Saline County",3,39,668,318,350
050,20,169,"Kansas","Saline County",3,40,665,344,321
050,20,169,"Kansas","Saline County",3,41,642,327,315
050,20,169,"Kansas","Saline County",3,42,637,320,317
050,20,169,"Kansas","Saline County",3,43,623,318,305
050,20,169,"Kansas","Saline County",3,44,598,301,297
050,20,169,"Kansas","Saline County",3,45,574,265,309
050,20,169,"Kansas","Saline County",3,46,568,277,291
050,20,169,"Kansas","Saline County",3,47,548,267,281
050,20,169,"Kansas","Saline County",3,48,540,265,275
050,20,169,"Kansas","Saline County",3,49,584,290,294
050,20,169,"Kansas","Saline County",3,50,682,332,350
050,20,169,"Kansas","Saline County",3,51,737,389,348
050,20,169,"Kansas","Saline County",3,52,691,367,324
050,20,169,"Kansas","Saline County",3,53,627,340,287
050,20,169,"Kansas","Saline County",3,54,640,325,315
050,20,169,"Kansas","Saline County",3,55,645,324,321
050,20,169,"Kansas","Saline County",3,56,686,328,358
050,20,169,"Kansas","Saline County",3,57,701,345,356
050,20,169,"Kansas","Saline County",3,58,735,376,359
050,20,169,"Kansas","Saline County",3,59,775,377,398
050,20,169,"Kansas","Saline County",3,60,810,420,390
050,20,169,"Kansas","Saline County",3,61,776,384,392
050,20,169,"Kansas","Saline County",3,62,724,355,369
050,20,169,"Kansas","Saline County",3,63,742,369,373
050,20,169,"Kansas","Saline County",3,64,726,363,363
050,20,169,"Kansas","Saline County",3,65,702,341,361
050,20,169,"Kansas","Saline County",3,66,664,326,338
050,20,169,"Kansas","Saline County",3,67,654,313,341
050,20,169,"Kansas","Saline County",3,68,632,292,340
050,20,169,"Kansas","Saline County",3,69,626,299,327
050,20,169,"Kansas","Saline County",3,70,567,276,291
050,20,169,"Kansas","Saline County",3,71,510,246,264
050,20,169,"Kansas","Saline County",3,72,512,254,258
050,20,169,"Kansas","Saline County",3,73,494,231,263
050,20,169,"Kansas","Saline County",3,74,543,246,297
050,20,169,"Kansas","Saline County",3,75,376,170,206
050,20,169,"Kansas","Saline County",3,76,354,162,192
050,20,169,"Kansas","Saline County",3,77,355,170,185
050,20,169,"Kansas","Saline County",3,78,357,166,191
050,20,169,"Kansas","Saline County",3,79,308,133,175
050,20,169,"Kansas","Saline County",3,80,270,109,161
050,20,169,"Kansas","Saline County",3,81,254,110,144
050,20,169,"Kansas","Saline County",3,82,248,103,145
050,20,169,"Kansas","Saline County",3,83,235,96,139
050,20,169,"Kansas","Saline County",3,84,204,85,119
050,20,169,"Kansas","Saline County",3,85,1373,480,893
050,20,169,"Kansas","Saline County",4,0,596,297,299
050,20,169,"Kansas","Saline County",4,1,594,323,271
050,20,169,"Kansas","Saline County",4,2,612,303,309
050,20,169,"Kansas","Saline County",4,3,608,314,294
050,20,169,"Kansas","Saline County",4,4,639,319,320
050,20,169,"Kansas","Saline County",4,5,644,327,317
050,20,169,"Kansas","Saline County",4,6,659,347,312
050,20,169,"Kansas","Saline County",4,7,677,342,335
050,20,169,"Kansas","Saline County",4,8,653,340,313
050,20,169,"Kansas","Saline County",4,9,670,341,329
050,20,169,"Kansas","Saline County",4,10,656,332,324
050,20,169,"Kansas","Saline County",4,11,685,334,351
050,20,169,"Kansas","Saline County",4,12,690,340,350
050,20,169,"Kansas","Saline County",4,13,732,379,353
050,20,169,"Kansas","Saline County",4,14,752,386,366
050,20,169,"Kansas","Saline County",4,15,746,390,356
050,20,169,"Kansas","Saline County",4,16,756,408,348
050,20,169,"Kansas","Saline County",4,17,700,362,338
050,20,169,"Kansas","Saline County",4,18,663,353,310
050,20,169,"Kansas","Saline County",4,19,632,349,283
050,20,169,"Kansas","Saline County",4,20,646,341,305
050,20,169,"Kansas","Saline County",4,21,661,365,296
050,20,169,"Kansas","Saline County",4,22,662,360,302
050,20,169,"Kansas","Saline County",4,23,684,343,341
050,20,169,"Kansas","Saline County",4,24,659,345,314
050,20,169,"Kansas","Saline County",4,25,700,362,338
050,20,169,"Kansas","Saline County",4,26,626,309,317
050,20,169,"Kansas","Saline County",4,27,679,342,337
050,20,169,"Kansas","Saline County",4,28,645,350,295
050,20,169,"Kansas","Saline County",4,29,630,342,288
050,20,169,"Kansas","Saline County",4,30,690,360,330
050,20,169,"Kansas","Saline County",4,31,669,349,320
050,20,169,"Kansas","Saline County",4,32,670,350,320
050,20,169,"Kansas","Saline County",4,33,652,333,319
050,20,169,"Kansas","Saline County",4,34,628,310,318
050,20,169,"Kansas","Saline County",4,35,634,325,309
050,20,169,"Kansas","Saline County",4,36,654,340,314
050,20,169,"Kansas","Saline County",4,37,673,345,328
050,20,169,"Kansas","Saline County",4,38,658,340,318
050,20,169,"Kansas","Saline County",4,39,633,312,321
050,20,169,"Kansas","Saline County",4,40,675,325,350
050,20,169,"Kansas","Saline County",4,41,659,341,318
050,20,169,"Kansas","Saline County",4,42,638,324,314
050,20,169,"Kansas","Saline County",4,43,631,319,312
050,20,169,"Kansas","Saline County",4,44,637,336,301
050,20,169,"Kansas","Saline County",4,45,601,295,306
050,20,169,"Kansas","Saline County",4,46,572,263,309
050,20,169,"Kansas","Saline County",4,47,582,286,296
050,20,169,"Kansas","Saline County",4,48,556,263,293
050,20,169,"Kansas","Saline County",4,49,534,268,266
050,20,169,"Kansas","Saline County",4,50,576,276,300
050,20,169,"Kansas","Saline County",4,51,678,325,353
050,20,169,"Kansas","Saline County",4,52,762,403,359
050,20,169,"Kansas","Saline County",4,53,661,350,311
050,20,169,"Kansas","Saline County",4,54,626,331,295
050,20,169,"Kansas","Saline County",4,55,638,326,312
050,20,169,"Kansas","Saline County",4,56,633,320,313
050,20,169,"Kansas","Saline County",4,57,673,319,354
050,20,169,"Kansas","Saline County",4,58,689,349,340
050,20,169,"Kansas","Saline County",4,59,721,363,358
050,20,169,"Kansas","Saline County",4,60,770,375,395
050,20,169,"Kansas","Saline County",4,61,792,408,384
050,20,169,"Kansas","Saline County",4,62,747,364,383
050,20,169,"Kansas","Saline County",4,63,699,344,355
050,20,169,"Kansas","Saline County",4,64,734,361,373
050,20,169,"Kansas","Saline County",4,65,697,345,352
050,20,169,"Kansas","Saline County",4,66,689,330,359
050,20,169,"Kansas","Saline County",4,67,636,308,328
050,20,169,"Kansas","Saline County",4,68,646,313,333
050,20,169,"Kansas","Saline County",4,69,615,284,331
050,20,169,"Kansas","Saline County",4,70,617,284,333
050,20,169,"Kansas","Saline County",4,71,542,267,275
050,20,169,"Kansas","Saline County",4,72,495,234,261
050,20,169,"Kansas","Saline County",4,73,488,246,242
050,20,169,"Kansas","Saline County",4,74,470,218,252
050,20,169,"Kansas","Saline County",4,75,535,237,298
050,20,169,"Kansas","Saline County",4,76,365,166,199
050,20,169,"Kansas","Saline County",4,77,329,153,176
050,20,169,"Kansas","Saline County",4,78,343,162,181
050,20,169,"Kansas","Saline County",4,79,346,157,189
050,20,169,"Kansas","Saline County",4,80,287,119,168
050,20,169,"Kansas","Saline County",4,81,259,107,152
050,20,169,"Kansas","Saline County",4,82,228,91,137
050,20,169,"Kansas","Saline County",4,83,236,103,133
050,20,169,"Kansas","Saline County",4,84,214,88,126
050,20,169,"Kansas","Saline County",4,85,1351,474,877
050,20,169,"Kansas","Saline County",5,0,608,305,303
050,20,169,"Kansas","Saline County",5,1,605,308,297
050,20,169,"Kansas","Saline County",5,2,580,316,264
050,20,169,"Kansas","Saline County",5,3,600,296,304
050,20,169,"Kansas","Saline County",5,4,594,302,292
050,20,169,"Kansas","Saline County",5,5,615,307,308
050,20,169,"Kansas","Saline County",5,6,657,326,331
050,20,169,"Kansas","Saline County",5,7,663,340,323
050,20,169,"Kansas","Saline County",5,8,672,347,325
050,20,169,"Kansas","Saline County",5,9,662,352,310
050,20,169,"Kansas","Saline County",5,10,672,341,331
050,20,169,"Kansas","Saline County",5,11,654,332,322
050,20,169,"Kansas","Saline County",5,12,676,325,351
050,20,169,"Kansas","Saline County",5,13,695,337,358
050,20,169,"Kansas","Saline County",5,14,710,370,340
050,20,169,"Kansas","Saline County",5,15,754,373,381
050,20,169,"Kansas","Saline County",5,16,744,390,354
050,20,169,"Kansas","Saline County",5,17,750,400,350
050,20,169,"Kansas","Saline County",5,18,647,351,296
050,20,169,"Kansas","Saline County",5,19,642,365,277
050,20,169,"Kansas","Saline County",5,20,638,324,314
050,20,169,"Kansas","Saline County",5,21,657,355,302
050,20,169,"Kansas","Saline County",5,22,655,352,303
050,20,169,"Kansas","Saline County",5,23,697,387,310
050,20,169,"Kansas","Saline County",5,24,677,338,339
050,20,169,"Kansas","Saline County",5,25,638,339,299
050,20,169,"Kansas","Saline County",5,26,673,348,325
050,20,169,"Kansas","Saline County",5,27,619,313,306
050,20,169,"Kansas","Saline County",5,28,653,328,325
050,20,169,"Kansas","Saline County",5,29,652,348,304
050,20,169,"Kansas","Saline County",5,30,639,344,295
050,20,169,"Kansas","Saline County",5,31,687,362,325
050,20,169,"Kansas","Saline County",5,32,672,344,328
050,20,169,"Kansas","Saline County",5,33,670,341,329
050,20,169,"Kansas","Saline County",5,34,656,334,322
050,20,169,"Kansas","Saline County",5,35,600,295,305
050,20,169,"Kansas","Saline County",5,36,642,325,317
050,20,169,"Kansas","Saline County",5,37,656,346,310
050,20,169,"Kansas","Saline County",5,38,672,332,340
050,20,169,"Kansas","Saline County",5,39,657,335,322
050,20,169,"Kansas","Saline County",5,40,639,324,315
050,20,169,"Kansas","Saline County",5,41,668,320,348
050,20,169,"Kansas","Saline County",5,42,660,341,319
050,20,169,"Kansas","Saline County",5,43,626,319,307
050,20,169,"Kansas","Saline County",5,44,633,329,304
050,20,169,"Kansas","Saline County",5,45,620,329,291
050,20,169,"Kansas","Saline County",5,46,593,294,299
050,20,169,"Kansas","Saline County",5,47,571,259,312
050,20,169,"Kansas","Saline County",5,48,572,279,293
050,20,169,"Kansas","Saline County",5,49,552,265,287
050,20,169,"Kansas","Saline County",5,50,508,255,253
050,20,169,"Kansas","Saline County",5,51,573,276,297
050,20,169,"Kansas","Saline County",5,52,685,328,357
050,20,169,"Kansas","Saline County",5,53,738,393,345
050,20,169,"Kansas","Saline County",5,54,657,344,313
050,20,169,"Kansas","Saline County",5,55,631,329,302
050,20,169,"Kansas","Saline County",5,56,636,330,306
050,20,169,"Kansas","Saline County",5,57,624,316,308
050,20,169,"Kansas","Saline County",5,58,663,319,344
050,20,169,"Kansas","Saline County",5,59,666,334,332
050,20,169,"Kansas","Saline County",5,60,723,361,362
050,20,169,"Kansas","Saline County",5,61,757,363,394
050,20,169,"Kansas","Saline County",5,62,769,393,376
050,20,169,"Kansas","Saline County",5,63,738,362,376
050,20,169,"Kansas","Saline County",5,64,695,339,356
050,20,169,"Kansas","Saline County",5,65,709,345,364
050,20,169,"Kansas","Saline County",5,66,682,337,345
050,20,169,"Kansas","Saline County",5,67,680,320,360
050,20,169,"Kansas","Saline County",5,68,624,299,325
050,20,169,"Kansas","Saline County",5,69,625,300,325
050,20,169,"Kansas","Saline County",5,70,605,276,329
050,20,169,"Kansas","Saline County",5,71,601,277,324
050,20,169,"Kansas","Saline County",5,72,523,249,274
050,20,169,"Kansas","Saline County",5,73,474,230,244
050,20,169,"Kansas","Saline County",5,74,473,236,237
050,20,169,"Kansas","Saline County",5,75,454,211,243
050,20,169,"Kansas","Saline County",5,76,523,233,290
050,20,169,"Kansas","Saline County",5,77,343,155,188
050,20,169,"Kansas","Saline County",5,78,312,144,168
050,20,169,"Kansas","Saline County",5,79,326,152,174
050,20,169,"Kansas","Saline County",5,80,319,144,175
050,20,169,"Kansas","Saline County",5,81,276,117,159
050,20,169,"Kansas","Saline County",5,82,238,90,148
050,20,169,"Kansas","Saline County",5,83,212,90,122
050,20,169,"Kansas","Saline County",5,84,216,95,121
050,20,169,"Kansas","Saline County",5,85,1376,492,884
050,20,171,"Kansas","Scott County",1,0,71,36,35
050,20,171,"Kansas","Scott County",1,1,66,35,31
050,20,171,"Kansas","Scott County",1,2,66,37,29
050,20,171,"Kansas","Scott County",1,3,54,26,28
050,20,171,"Kansas","Scott County",1,4,67,31,36
050,20,171,"Kansas","Scott County",1,5,63,29,34
050,20,171,"Kansas","Scott County",1,6,78,40,38
050,20,171,"Kansas","Scott County",1,7,70,34,36
050,20,171,"Kansas","Scott County",1,8,86,49,37
050,20,171,"Kansas","Scott County",1,9,68,31,37
050,20,171,"Kansas","Scott County",1,10,83,49,34
050,20,171,"Kansas","Scott County",1,11,94,47,47
050,20,171,"Kansas","Scott County",1,12,96,46,50
050,20,171,"Kansas","Scott County",1,13,97,50,47
050,20,171,"Kansas","Scott County",1,14,83,44,39
050,20,171,"Kansas","Scott County",1,15,81,45,36
050,20,171,"Kansas","Scott County",1,16,87,49,38
050,20,171,"Kansas","Scott County",1,17,76,46,30
050,20,171,"Kansas","Scott County",1,18,71,40,31
050,20,171,"Kansas","Scott County",1,19,54,25,29
050,20,171,"Kansas","Scott County",1,20,61,31,30
050,20,171,"Kansas","Scott County",1,21,53,24,29
050,20,171,"Kansas","Scott County",1,22,52,29,23
050,20,171,"Kansas","Scott County",1,23,46,23,23
050,20,171,"Kansas","Scott County",1,24,51,28,23
050,20,171,"Kansas","Scott County",1,25,63,36,27
050,20,171,"Kansas","Scott County",1,26,65,35,30
050,20,171,"Kansas","Scott County",1,27,68,34,34
050,20,171,"Kansas","Scott County",1,28,72,41,31
050,20,171,"Kansas","Scott County",1,29,58,31,27
050,20,171,"Kansas","Scott County",1,30,70,37,33
050,20,171,"Kansas","Scott County",1,31,61,33,28
050,20,171,"Kansas","Scott County",1,32,59,34,25
050,20,171,"Kansas","Scott County",1,33,66,35,31
050,20,171,"Kansas","Scott County",1,34,45,22,23
050,20,171,"Kansas","Scott County",1,35,57,36,21
050,20,171,"Kansas","Scott County",1,36,62,32,30
050,20,171,"Kansas","Scott County",1,37,60,29,31
050,20,171,"Kansas","Scott County",1,38,50,20,30
050,20,171,"Kansas","Scott County",1,39,58,23,35
050,20,171,"Kansas","Scott County",1,40,49,28,21
050,20,171,"Kansas","Scott County",1,41,48,31,17
050,20,171,"Kansas","Scott County",1,42,48,23,25
050,20,171,"Kansas","Scott County",1,43,58,30,28
050,20,171,"Kansas","Scott County",1,44,58,33,25
050,20,171,"Kansas","Scott County",1,45,57,28,29
050,20,171,"Kansas","Scott County",1,46,57,27,30
050,20,171,"Kansas","Scott County",1,47,56,26,30
050,20,171,"Kansas","Scott County",1,48,51,24,27
050,20,171,"Kansas","Scott County",1,49,58,32,26
050,20,171,"Kansas","Scott County",1,50,66,43,23
050,20,171,"Kansas","Scott County",1,51,58,34,24
050,20,171,"Kansas","Scott County",1,52,52,32,20
050,20,171,"Kansas","Scott County",1,53,54,25,29
050,20,171,"Kansas","Scott County",1,54,60,33,27
050,20,171,"Kansas","Scott County",1,55,64,32,32
050,20,171,"Kansas","Scott County",1,56,63,28,35
050,20,171,"Kansas","Scott County",1,57,65,29,36
050,20,171,"Kansas","Scott County",1,58,68,32,36
050,20,171,"Kansas","Scott County",1,59,68,31,37
050,20,171,"Kansas","Scott County",1,60,76,31,45
050,20,171,"Kansas","Scott County",1,61,62,29,33
050,20,171,"Kansas","Scott County",1,62,61,27,34
050,20,171,"Kansas","Scott County",1,63,66,30,36
050,20,171,"Kansas","Scott County",1,64,54,27,27
050,20,171,"Kansas","Scott County",1,65,65,35,30
050,20,171,"Kansas","Scott County",1,66,62,26,36
050,20,171,"Kansas","Scott County",1,67,64,38,26
050,20,171,"Kansas","Scott County",1,68,61,38,23
050,20,171,"Kansas","Scott County",1,69,59,31,28
050,20,171,"Kansas","Scott County",1,70,62,33,29
050,20,171,"Kansas","Scott County",1,71,57,38,19
050,20,171,"Kansas","Scott County",1,72,43,25,18
050,20,171,"Kansas","Scott County",1,73,39,20,19
050,20,171,"Kansas","Scott County",1,74,34,18,16
050,20,171,"Kansas","Scott County",1,75,34,14,20
050,20,171,"Kansas","Scott County",1,76,42,20,22
050,20,171,"Kansas","Scott County",1,77,36,15,21
050,20,171,"Kansas","Scott County",1,78,38,20,18
050,20,171,"Kansas","Scott County",1,79,31,15,16
050,20,171,"Kansas","Scott County",1,80,22,11,11
050,20,171,"Kansas","Scott County",1,81,27,15,12
050,20,171,"Kansas","Scott County",1,82,28,15,13
050,20,171,"Kansas","Scott County",1,83,20,12,8
050,20,171,"Kansas","Scott County",1,84,16,5,11
050,20,171,"Kansas","Scott County",1,85,147,47,100
050,20,171,"Kansas","Scott County",2,0,63,31,32
050,20,171,"Kansas","Scott County",2,1,67,34,33
050,20,171,"Kansas","Scott County",2,2,66,36,30
050,20,171,"Kansas","Scott County",2,3,57,29,28
050,20,171,"Kansas","Scott County",2,4,65,31,34
050,20,171,"Kansas","Scott County",2,5,64,30,34
050,20,171,"Kansas","Scott County",2,6,72,36,36
050,20,171,"Kansas","Scott County",2,7,71,35,36
050,20,171,"Kansas","Scott County",2,8,80,44,36
050,20,171,"Kansas","Scott County",2,9,71,35,36
050,20,171,"Kansas","Scott County",2,10,81,44,37
050,20,171,"Kansas","Scott County",2,11,91,47,44
050,20,171,"Kansas","Scott County",2,12,95,46,49
050,20,171,"Kansas","Scott County",2,13,96,48,48
050,20,171,"Kansas","Scott County",2,14,87,46,41
050,20,171,"Kansas","Scott County",2,15,82,45,37
050,20,171,"Kansas","Scott County",2,16,86,48,38
050,20,171,"Kansas","Scott County",2,17,78,47,31
050,20,171,"Kansas","Scott County",2,18,69,40,29
050,20,171,"Kansas","Scott County",2,19,56,28,28
050,20,171,"Kansas","Scott County",2,20,61,30,31
050,20,171,"Kansas","Scott County",2,21,54,26,28
050,20,171,"Kansas","Scott County",2,22,53,28,25
050,20,171,"Kansas","Scott County",2,23,46,24,22
050,20,171,"Kansas","Scott County",2,24,51,27,24
050,20,171,"Kansas","Scott County",2,25,60,34,26
050,20,171,"Kansas","Scott County",2,26,65,36,29
050,20,171,"Kansas","Scott County",2,27,67,34,33
050,20,171,"Kansas","Scott County",2,28,69,39,30
050,20,171,"Kansas","Scott County",2,29,63,34,29
050,20,171,"Kansas","Scott County",2,30,69,36,33
050,20,171,"Kansas","Scott County",2,31,63,34,29
050,20,171,"Kansas","Scott County",2,32,57,33,24
050,20,171,"Kansas","Scott County",2,33,64,34,30
050,20,171,"Kansas","Scott County",2,34,50,25,25
050,20,171,"Kansas","Scott County",2,35,55,33,22
050,20,171,"Kansas","Scott County",2,36,62,33,29
050,20,171,"Kansas","Scott County",2,37,60,29,31
050,20,171,"Kansas","Scott County",2,38,53,22,31
050,20,171,"Kansas","Scott County",2,39,55,22,33
050,20,171,"Kansas","Scott County",2,40,51,27,24
050,20,171,"Kansas","Scott County",2,41,47,30,17
050,20,171,"Kansas","Scott County",2,42,47,24,23
050,20,171,"Kansas","Scott County",2,43,57,29,28
050,20,171,"Kansas","Scott County",2,44,57,32,25
050,20,171,"Kansas","Scott County",2,45,57,29,28
050,20,171,"Kansas","Scott County",2,46,57,27,30
050,20,171,"Kansas","Scott County",2,47,55,26,29
050,20,171,"Kansas","Scott County",2,48,52,25,27
050,20,171,"Kansas","Scott County",2,49,57,30,27
050,20,171,"Kansas","Scott County",2,50,64,40,24
050,20,171,"Kansas","Scott County",2,51,59,36,23
050,20,171,"Kansas","Scott County",2,52,51,31,20
050,20,171,"Kansas","Scott County",2,53,53,27,26
050,20,171,"Kansas","Scott County",2,54,59,31,28
050,20,171,"Kansas","Scott County",2,55,64,33,31
050,20,171,"Kansas","Scott County",2,56,64,29,35
050,20,171,"Kansas","Scott County",2,57,65,29,36
050,20,171,"Kansas","Scott County",2,58,67,31,36
050,20,171,"Kansas","Scott County",2,59,67,31,36
050,20,171,"Kansas","Scott County",2,60,75,31,44
050,20,171,"Kansas","Scott County",2,61,65,29,36
050,20,171,"Kansas","Scott County",2,62,61,27,34
050,20,171,"Kansas","Scott County",2,63,65,29,36
050,20,171,"Kansas","Scott County",2,64,57,28,29
050,20,171,"Kansas","Scott County",2,65,62,33,29
050,20,171,"Kansas","Scott County",2,66,63,29,34
050,20,171,"Kansas","Scott County",2,67,63,35,28
050,20,171,"Kansas","Scott County",2,68,62,38,24
050,20,171,"Kansas","Scott County",2,69,60,33,27
050,20,171,"Kansas","Scott County",2,70,61,32,29
050,20,171,"Kansas","Scott County",2,71,58,37,21
050,20,171,"Kansas","Scott County",2,72,47,29,18
050,20,171,"Kansas","Scott County",2,73,41,22,19
050,20,171,"Kansas","Scott County",2,74,34,18,16
050,20,171,"Kansas","Scott County",2,75,35,15,20
050,20,171,"Kansas","Scott County",2,76,39,18,21
050,20,171,"Kansas","Scott County",2,77,39,17,22
050,20,171,"Kansas","Scott County",2,78,36,18,18
050,20,171,"Kansas","Scott County",2,79,31,15,16
050,20,171,"Kansas","Scott County",2,80,24,12,12
050,20,171,"Kansas","Scott County",2,81,26,14,12
050,20,171,"Kansas","Scott County",2,82,28,15,13
050,20,171,"Kansas","Scott County",2,83,20,11,9
050,20,171,"Kansas","Scott County",2,84,16,6,10
050,20,171,"Kansas","Scott County",2,85,147,46,101
050,20,171,"Kansas","Scott County",3,0,79,49,30
050,20,171,"Kansas","Scott County",3,1,69,31,38
050,20,171,"Kansas","Scott County",3,2,69,33,36
050,20,171,"Kansas","Scott County",3,3,60,32,28
050,20,171,"Kansas","Scott County",3,4,54,25,29
050,20,171,"Kansas","Scott County",3,5,60,28,32
050,20,171,"Kansas","Scott County",3,6,66,32,34
050,20,171,"Kansas","Scott County",3,7,70,35,35
050,20,171,"Kansas","Scott County",3,8,70,32,38
050,20,171,"Kansas","Scott County",3,9,81,45,36
050,20,171,"Kansas","Scott County",3,10,77,39,38
050,20,171,"Kansas","Scott County",3,11,82,46,36
050,20,171,"Kansas","Scott County",3,12,93,51,42
050,20,171,"Kansas","Scott County",3,13,98,46,52
050,20,171,"Kansas","Scott County",3,14,95,46,49
050,20,171,"Kansas","Scott County",3,15,86,46,40
050,20,171,"Kansas","Scott County",3,16,86,45,41
050,20,171,"Kansas","Scott County",3,17,86,47,39
050,20,171,"Kansas","Scott County",3,18,64,38,26
050,20,171,"Kansas","Scott County",3,19,59,33,26
050,20,171,"Kansas","Scott County",3,20,54,24,30
050,20,171,"Kansas","Scott County",3,21,56,29,27
050,20,171,"Kansas","Scott County",3,22,56,28,28
050,20,171,"Kansas","Scott County",3,23,55,33,22
050,20,171,"Kansas","Scott County",3,24,51,25,26
050,20,171,"Kansas","Scott County",3,25,52,32,20
050,20,171,"Kansas","Scott County",3,26,69,34,35
050,20,171,"Kansas","Scott County",3,27,65,36,29
050,20,171,"Kansas","Scott County",3,28,68,36,32
050,20,171,"Kansas","Scott County",3,29,66,37,29
050,20,171,"Kansas","Scott County",3,30,64,35,29
050,20,171,"Kansas","Scott County",3,31,66,31,35
050,20,171,"Kansas","Scott County",3,32,61,34,27
050,20,171,"Kansas","Scott County",3,33,58,35,23
050,20,171,"Kansas","Scott County",3,34,60,34,26
050,20,171,"Kansas","Scott County",3,35,51,26,25
050,20,171,"Kansas","Scott County",3,36,57,30,27
050,20,171,"Kansas","Scott County",3,37,59,33,26
050,20,171,"Kansas","Scott County",3,38,64,30,34
050,20,171,"Kansas","Scott County",3,39,53,23,30
050,20,171,"Kansas","Scott County",3,40,58,25,33
050,20,171,"Kansas","Scott County",3,41,55,27,28
050,20,171,"Kansas","Scott County",3,42,45,28,17
050,20,171,"Kansas","Scott County",3,43,50,26,24
050,20,171,"Kansas","Scott County",3,44,58,29,29
050,20,171,"Kansas","Scott County",3,45,58,34,24
050,20,171,"Kansas","Scott County",3,46,56,30,26
050,20,171,"Kansas","Scott County",3,47,53,23,30
050,20,171,"Kansas","Scott County",3,48,55,26,29
050,20,171,"Kansas","Scott County",3,49,49,23,26
050,20,171,"Kansas","Scott County",3,50,58,32,26
050,20,171,"Kansas","Scott County",3,51,61,37,24
050,20,171,"Kansas","Scott County",3,52,60,36,24
050,20,171,"Kansas","Scott County",3,53,51,30,21
050,20,171,"Kansas","Scott County",3,54,56,26,30
050,20,171,"Kansas","Scott County",3,55,58,32,26
050,20,171,"Kansas","Scott County",3,56,63,35,28
050,20,171,"Kansas","Scott County",3,57,64,32,32
050,20,171,"Kansas","Scott County",3,58,66,29,37
050,20,171,"Kansas","Scott County",3,59,65,29,36
050,20,171,"Kansas","Scott County",3,60,63,27,36
050,20,171,"Kansas","Scott County",3,61,71,30,41
050,20,171,"Kansas","Scott County",3,62,64,29,35
050,20,171,"Kansas","Scott County",3,63,60,26,34
050,20,171,"Kansas","Scott County",3,64,64,28,36
050,20,171,"Kansas","Scott County",3,65,54,26,28
050,20,171,"Kansas","Scott County",3,66,60,33,27
050,20,171,"Kansas","Scott County",3,67,59,27,32
050,20,171,"Kansas","Scott County",3,68,62,34,28
050,20,171,"Kansas","Scott County",3,69,61,37,24
050,20,171,"Kansas","Scott County",3,70,59,31,28
050,20,171,"Kansas","Scott County",3,71,54,27,27
050,20,171,"Kansas","Scott County",3,72,57,36,21
050,20,171,"Kansas","Scott County",3,73,46,28,18
050,20,171,"Kansas","Scott County",3,74,38,20,18
050,20,171,"Kansas","Scott County",3,75,30,16,14
050,20,171,"Kansas","Scott County",3,76,32,14,18
050,20,171,"Kansas","Scott County",3,77,40,19,21
050,20,171,"Kansas","Scott County",3,78,34,16,18
050,20,171,"Kansas","Scott County",3,79,31,14,17
050,20,171,"Kansas","Scott County",3,80,28,12,16
050,20,171,"Kansas","Scott County",3,81,24,11,13
050,20,171,"Kansas","Scott County",3,82,23,11,12
050,20,171,"Kansas","Scott County",3,83,27,15,12
050,20,171,"Kansas","Scott County",3,84,18,9,9
050,20,171,"Kansas","Scott County",3,85,134,45,89
050,20,171,"Kansas","Scott County",4,0,69,43,26
050,20,171,"Kansas","Scott County",4,1,77,47,30
050,20,171,"Kansas","Scott County",4,2,73,31,42
050,20,171,"Kansas","Scott County",4,3,66,33,33
050,20,171,"Kansas","Scott County",4,4,56,31,25
050,20,171,"Kansas","Scott County",4,5,56,26,30
050,20,171,"Kansas","Scott County",4,6,63,30,33
050,20,171,"Kansas","Scott County",4,7,69,33,36
050,20,171,"Kansas","Scott County",4,8,67,34,33
050,20,171,"Kansas","Scott County",4,9,66,29,37
050,20,171,"Kansas","Scott County",4,10,75,40,35
050,20,171,"Kansas","Scott County",4,11,71,36,35
050,20,171,"Kansas","Scott County",4,12,72,47,25
050,20,171,"Kansas","Scott County",4,13,86,46,40
050,20,171,"Kansas","Scott County",4,14,94,46,48
050,20,171,"Kansas","Scott County",4,15,84,46,38
050,20,171,"Kansas","Scott County",4,16,87,48,39
050,20,171,"Kansas","Scott County",4,17,80,43,37
050,20,171,"Kansas","Scott County",4,18,74,41,33
050,20,171,"Kansas","Scott County",4,19,49,29,20
050,20,171,"Kansas","Scott County",4,20,61,35,26
050,20,171,"Kansas","Scott County",4,21,50,22,28
050,20,171,"Kansas","Scott County",4,22,54,23,31
050,20,171,"Kansas","Scott County",4,23,59,32,27
050,20,171,"Kansas","Scott County",4,24,54,34,20
050,20,171,"Kansas","Scott County",4,25,45,22,23
050,20,171,"Kansas","Scott County",4,26,65,36,29
050,20,171,"Kansas","Scott County",4,27,62,30,32
050,20,171,"Kansas","Scott County",4,28,62,34,28
050,20,171,"Kansas","Scott County",4,29,70,38,32
050,20,171,"Kansas","Scott County",4,30,65,33,32
050,20,171,"Kansas","Scott County",4,31,68,38,30
050,20,171,"Kansas","Scott County",4,32,61,30,31
050,20,171,"Kansas","Scott County",4,33,60,32,28
050,20,171,"Kansas","Scott County",4,34,56,32,24
050,20,171,"Kansas","Scott County",4,35,63,35,28
050,20,171,"Kansas","Scott County",4,36,57,30,27
050,20,171,"Kansas","Scott County",4,37,56,30,26
050,20,171,"Kansas","Scott County",4,38,57,30,27
050,20,171,"Kansas","Scott County",4,39,58,29,29
050,20,171,"Kansas","Scott County",4,40,55,25,30
050,20,171,"Kansas","Scott County",4,41,60,27,33
050,20,171,"Kansas","Scott County",4,42,56,30,26
050,20,171,"Kansas","Scott County",4,43,48,31,17
050,20,171,"Kansas","Scott County",4,44,50,29,21
050,20,171,"Kansas","Scott County",4,45,52,27,25
050,20,171,"Kansas","Scott County",4,46,54,31,23
050,20,171,"Kansas","Scott County",4,47,52,28,24
050,20,171,"Kansas","Scott County",4,48,54,23,31
050,20,171,"Kansas","Scott County",4,49,50,24,26
050,20,171,"Kansas","Scott County",4,50,45,20,25
050,20,171,"Kansas","Scott County",4,51,54,31,23
050,20,171,"Kansas","Scott County",4,52,56,34,22
050,20,171,"Kansas","Scott County",4,53,56,32,24
050,20,171,"Kansas","Scott County",4,54,49,29,20
050,20,171,"Kansas","Scott County",4,55,55,28,27
050,20,171,"Kansas","Scott County",4,56,55,30,25
050,20,171,"Kansas","Scott County",4,57,61,34,27
050,20,171,"Kansas","Scott County",4,58,66,33,33
050,20,171,"Kansas","Scott County",4,59,63,28,35
050,20,171,"Kansas","Scott County",4,60,69,31,38
050,20,171,"Kansas","Scott County",4,61,58,23,35
050,20,171,"Kansas","Scott County",4,62,73,32,41
050,20,171,"Kansas","Scott County",4,63,61,28,33
050,20,171,"Kansas","Scott County",4,64,59,22,37
050,20,171,"Kansas","Scott County",4,65,62,27,35
050,20,171,"Kansas","Scott County",4,66,50,26,24
050,20,171,"Kansas","Scott County",4,67,63,35,28
050,20,171,"Kansas","Scott County",4,68,57,25,32
050,20,171,"Kansas","Scott County",4,69,62,34,28
050,20,171,"Kansas","Scott County",4,70,62,36,26
050,20,171,"Kansas","Scott County",4,71,52,26,26
050,20,171,"Kansas","Scott County",4,72,54,28,26
050,20,171,"Kansas","Scott County",4,73,53,33,20
050,20,171,"Kansas","Scott County",4,74,46,26,20
050,20,171,"Kansas","Scott County",4,75,38,20,18
050,20,171,"Kansas","Scott County",4,76,26,16,10
050,20,171,"Kansas","Scott County",4,77,33,15,18
050,20,171,"Kansas","Scott County",4,78,36,18,18
050,20,171,"Kansas","Scott County",4,79,32,13,19
050,20,171,"Kansas","Scott County",4,80,27,11,16
050,20,171,"Kansas","Scott County",4,81,27,10,17
050,20,171,"Kansas","Scott County",4,82,19,7,12
050,20,171,"Kansas","Scott County",4,83,20,11,9
050,20,171,"Kansas","Scott County",4,84,27,13,14
050,20,171,"Kansas","Scott County",4,85,133,48,85
050,20,171,"Kansas","Scott County",5,0,71,44,27
050,20,171,"Kansas","Scott County",5,1,63,43,20
050,20,171,"Kansas","Scott County",5,2,78,48,30
050,20,171,"Kansas","Scott County",5,3,67,27,40
050,20,171,"Kansas","Scott County",5,4,66,36,30
050,20,171,"Kansas","Scott County",5,5,54,30,24
050,20,171,"Kansas","Scott County",5,6,59,31,28
050,20,171,"Kansas","Scott County",5,7,67,31,36
050,20,171,"Kansas","Scott County",5,8,59,27,32
050,20,171,"Kansas","Scott County",5,9,65,34,31
050,20,171,"Kansas","Scott County",5,10,63,29,34
050,20,171,"Kansas","Scott County",5,11,79,43,36
050,20,171,"Kansas","Scott County",5,12,73,36,37
050,20,171,"Kansas","Scott County",5,13,74,48,26
050,20,171,"Kansas","Scott County",5,14,91,48,43
050,20,171,"Kansas","Scott County",5,15,90,46,44
050,20,171,"Kansas","Scott County",5,16,84,46,38
050,20,171,"Kansas","Scott County",5,17,81,44,37
050,20,171,"Kansas","Scott County",5,18,69,37,32
050,20,171,"Kansas","Scott County",5,19,59,32,27
050,20,171,"Kansas","Scott County",5,20,53,30,23
050,20,171,"Kansas","Scott County",5,21,62,33,29
050,20,171,"Kansas","Scott County",5,22,43,19,24
050,20,171,"Kansas","Scott County",5,23,53,23,30
050,20,171,"Kansas","Scott County",5,24,62,31,31
050,20,171,"Kansas","Scott County",5,25,51,30,21
050,20,171,"Kansas","Scott County",5,26,41,22,19
050,20,171,"Kansas","Scott County",5,27,62,40,22
050,20,171,"Kansas","Scott County",5,28,59,30,29
050,20,171,"Kansas","Scott County",5,29,60,32,28
050,20,171,"Kansas","Scott County",5,30,70,31,39
050,20,171,"Kansas","Scott County",5,31,63,33,30
050,20,171,"Kansas","Scott County",5,32,72,40,32
050,20,171,"Kansas","Scott County",5,33,58,28,30
050,20,171,"Kansas","Scott County",5,34,58,31,27
050,20,171,"Kansas","Scott County",5,35,55,32,23
050,20,171,"Kansas","Scott County",5,36,64,34,30
050,20,171,"Kansas","Scott County",5,37,50,28,22
050,20,171,"Kansas","Scott County",5,38,51,29,22
050,20,171,"Kansas","Scott County",5,39,54,29,25
050,20,171,"Kansas","Scott County",5,40,52,26,26
050,20,171,"Kansas","Scott County",5,41,56,27,29
050,20,171,"Kansas","Scott County",5,42,62,29,33
050,20,171,"Kansas","Scott County",5,43,55,31,24
050,20,171,"Kansas","Scott County",5,44,50,32,18
050,20,171,"Kansas","Scott County",5,45,55,29,26
050,20,171,"Kansas","Scott County",5,46,54,27,27
050,20,171,"Kansas","Scott County",5,47,52,28,24
050,20,171,"Kansas","Scott County",5,48,51,28,23
050,20,171,"Kansas","Scott County",5,49,53,21,32
050,20,171,"Kansas","Scott County",5,50,53,26,27
050,20,171,"Kansas","Scott County",5,51,45,20,25
050,20,171,"Kansas","Scott County",5,52,50,28,22
050,20,171,"Kansas","Scott County",5,53,58,36,22
050,20,171,"Kansas","Scott County",5,54,54,31,23
050,20,171,"Kansas","Scott County",5,55,47,27,20
050,20,171,"Kansas","Scott County",5,56,54,27,27
050,20,171,"Kansas","Scott County",5,57,53,30,23
050,20,171,"Kansas","Scott County",5,58,59,32,27
050,20,171,"Kansas","Scott County",5,59,62,32,30
050,20,171,"Kansas","Scott County",5,60,64,28,36
050,20,171,"Kansas","Scott County",5,61,65,28,37
050,20,171,"Kansas","Scott County",5,62,56,21,35
050,20,171,"Kansas","Scott County",5,63,72,31,41
050,20,171,"Kansas","Scott County",5,64,61,28,33
050,20,171,"Kansas","Scott County",5,65,59,22,37
050,20,171,"Kansas","Scott County",5,66,57,25,32
050,20,171,"Kansas","Scott County",5,67,48,26,22
050,20,171,"Kansas","Scott County",5,68,61,34,27
050,20,171,"Kansas","Scott County",5,69,61,28,33
050,20,171,"Kansas","Scott County",5,70,60,34,26
050,20,171,"Kansas","Scott County",5,71,58,33,25
050,20,171,"Kansas","Scott County",5,72,53,27,26
050,20,171,"Kansas","Scott County",5,73,49,26,23
050,20,171,"Kansas","Scott County",5,74,51,30,21
050,20,171,"Kansas","Scott County",5,75,44,25,19
050,20,171,"Kansas","Scott County",5,76,35,20,15
050,20,171,"Kansas","Scott County",5,77,27,18,9
050,20,171,"Kansas","Scott County",5,78,29,16,13
050,20,171,"Kansas","Scott County",5,79,31,16,15
050,20,171,"Kansas","Scott County",5,80,27,9,18
050,20,171,"Kansas","Scott County",5,81,26,10,16
050,20,171,"Kansas","Scott County",5,82,24,9,15
050,20,171,"Kansas","Scott County",5,83,17,7,10
050,20,171,"Kansas","Scott County",5,84,20,10,10
050,20,171,"Kansas","Scott County",5,85,139,52,87
050,20,173,"Kansas","Sedgwick County",1,0,6610,3374,3236
050,20,173,"Kansas","Sedgwick County",1,1,6731,3406,3325
050,20,173,"Kansas","Sedgwick County",1,2,6924,3578,3346
050,20,173,"Kansas","Sedgwick County",1,3,7090,3629,3461
050,20,173,"Kansas","Sedgwick County",1,4,7230,3654,3576
050,20,173,"Kansas","Sedgwick County",1,5,7163,3643,3520
050,20,173,"Kansas","Sedgwick County",1,6,7307,3757,3550
050,20,173,"Kansas","Sedgwick County",1,7,7542,3934,3608
050,20,173,"Kansas","Sedgwick County",1,8,7558,3901,3657
050,20,173,"Kansas","Sedgwick County",1,9,7785,4012,3773
050,20,173,"Kansas","Sedgwick County",1,10,7892,4056,3836
050,20,173,"Kansas","Sedgwick County",1,11,7988,4053,3935
050,20,173,"Kansas","Sedgwick County",1,12,8102,4082,4020
050,20,173,"Kansas","Sedgwick County",1,13,7835,3975,3860
050,20,173,"Kansas","Sedgwick County",1,14,7598,3854,3744
050,20,173,"Kansas","Sedgwick County",1,15,7587,3874,3713
050,20,173,"Kansas","Sedgwick County",1,16,7624,3919,3705
050,20,173,"Kansas","Sedgwick County",1,17,7522,3854,3668
050,20,173,"Kansas","Sedgwick County",1,18,6791,3518,3273
050,20,173,"Kansas","Sedgwick County",1,19,6409,3338,3071
050,20,173,"Kansas","Sedgwick County",1,20,6598,3459,3139
050,20,173,"Kansas","Sedgwick County",1,21,6815,3551,3264
050,20,173,"Kansas","Sedgwick County",1,22,7021,3591,3430
050,20,173,"Kansas","Sedgwick County",1,23,7381,3824,3557
050,20,173,"Kansas","Sedgwick County",1,24,7510,3819,3691
050,20,173,"Kansas","Sedgwick County",1,25,7564,3856,3708
050,20,173,"Kansas","Sedgwick County",1,26,7672,3888,3784
050,20,173,"Kansas","Sedgwick County",1,27,7710,3924,3786
050,20,173,"Kansas","Sedgwick County",1,28,7635,3835,3800
050,20,173,"Kansas","Sedgwick County",1,29,7396,3681,3715
050,20,173,"Kansas","Sedgwick County",1,30,7242,3634,3608
050,20,173,"Kansas","Sedgwick County",1,31,7177,3623,3554
050,20,173,"Kansas","Sedgwick County",1,32,7058,3485,3573
050,20,173,"Kansas","Sedgwick County",1,33,6929,3416,3513
050,20,173,"Kansas","Sedgwick County",1,34,7168,3609,3559
050,20,173,"Kansas","Sedgwick County",1,35,7124,3534,3590
050,20,173,"Kansas","Sedgwick County",1,36,7039,3474,3565
050,20,173,"Kansas","Sedgwick County",1,37,7188,3508,3680
050,20,173,"Kansas","Sedgwick County",1,38,7030,3515,3515
050,20,173,"Kansas","Sedgwick County",1,39,6834,3458,3376
050,20,173,"Kansas","Sedgwick County",1,40,6707,3438,3269
050,20,173,"Kansas","Sedgwick County",1,41,6367,3189,3178
050,20,173,"Kansas","Sedgwick County",1,42,6110,3088,3022
050,20,173,"Kansas","Sedgwick County",1,43,6033,3005,3028
050,20,173,"Kansas","Sedgwick County",1,44,5834,2869,2965
050,20,173,"Kansas","Sedgwick County",1,45,5757,2854,2903
050,20,173,"Kansas","Sedgwick County",1,46,5666,2851,2815
050,20,173,"Kansas","Sedgwick County",1,47,5657,2813,2844
050,20,173,"Kansas","Sedgwick County",1,48,5910,2953,2957
050,20,173,"Kansas","Sedgwick County",1,49,6184,3064,3120
050,20,173,"Kansas","Sedgwick County",1,50,6035,3033,3002
050,20,173,"Kansas","Sedgwick County",1,51,5801,2898,2903
050,20,173,"Kansas","Sedgwick County",1,52,5664,2856,2808
050,20,173,"Kansas","Sedgwick County",1,53,5797,2927,2870
050,20,173,"Kansas","Sedgwick County",1,54,5838,2959,2879
050,20,173,"Kansas","Sedgwick County",1,55,6203,3157,3046
050,20,173,"Kansas","Sedgwick County",1,56,6376,3173,3203
050,20,173,"Kansas","Sedgwick County",1,57,6576,3266,3310
050,20,173,"Kansas","Sedgwick County",1,58,6652,3317,3335
050,20,173,"Kansas","Sedgwick County",1,59,6745,3328,3417
050,20,173,"Kansas","Sedgwick County",1,60,6792,3313,3479
050,20,173,"Kansas","Sedgwick County",1,61,6711,3285,3426
050,20,173,"Kansas","Sedgwick County",1,62,6532,3219,3313
050,20,173,"Kansas","Sedgwick County",1,63,6343,3130,3213
050,20,173,"Kansas","Sedgwick County",1,64,6078,2961,3117
050,20,173,"Kansas","Sedgwick County",1,65,5871,2864,3007
050,20,173,"Kansas","Sedgwick County",1,66,5648,2737,2911
050,20,173,"Kansas","Sedgwick County",1,67,5508,2675,2833
050,20,173,"Kansas","Sedgwick County",1,68,5314,2549,2765
050,20,173,"Kansas","Sedgwick County",1,69,4720,2269,2451
050,20,173,"Kansas","Sedgwick County",1,70,4528,2205,2323
050,20,173,"Kansas","Sedgwick County",1,71,4358,2071,2287
050,20,173,"Kansas","Sedgwick County",1,72,4328,2034,2294
050,20,173,"Kansas","Sedgwick County",1,73,4237,2007,2230
050,20,173,"Kansas","Sedgwick County",1,74,2900,1322,1578
050,20,173,"Kansas","Sedgwick County",1,75,2903,1315,1588
050,20,173,"Kansas","Sedgwick County",1,76,2923,1302,1621
050,20,173,"Kansas","Sedgwick County",1,77,2688,1227,1461
050,20,173,"Kansas","Sedgwick County",1,78,2321,1018,1303
050,20,173,"Kansas","Sedgwick County",1,79,2100,890,1210
050,20,173,"Kansas","Sedgwick County",1,80,1919,829,1090
050,20,173,"Kansas","Sedgwick County",1,81,1797,753,1044
050,20,173,"Kansas","Sedgwick County",1,82,1685,721,964
050,20,173,"Kansas","Sedgwick County",1,83,1550,673,877
050,20,173,"Kansas","Sedgwick County",1,84,1468,603,865
050,20,173,"Kansas","Sedgwick County",1,85,9323,3408,5915
050,20,173,"Kansas","Sedgwick County",2,0,6670,3424,3246
050,20,173,"Kansas","Sedgwick County",2,1,6713,3397,3316
050,20,173,"Kansas","Sedgwick County",2,2,6882,3535,3347
050,20,173,"Kansas","Sedgwick County",2,3,7036,3610,3426
050,20,173,"Kansas","Sedgwick County",2,4,7215,3655,3560
050,20,173,"Kansas","Sedgwick County",2,5,7189,3651,3538
050,20,173,"Kansas","Sedgwick County",2,6,7296,3748,3548
050,20,173,"Kansas","Sedgwick County",2,7,7486,3892,3594
050,20,173,"Kansas","Sedgwick County",2,8,7546,3908,3638
050,20,173,"Kansas","Sedgwick County",2,9,7737,3987,3750
050,20,173,"Kansas","Sedgwick County",2,10,7868,4046,3822
050,20,173,"Kansas","Sedgwick County",2,11,7931,4037,3894
050,20,173,"Kansas","Sedgwick County",2,12,8106,4094,4012
050,20,173,"Kansas","Sedgwick County",2,13,7889,4001,3888
050,20,173,"Kansas","Sedgwick County",2,14,7659,3885,3774
050,20,173,"Kansas","Sedgwick County",2,15,7616,3887,3729
050,20,173,"Kansas","Sedgwick County",2,16,7616,3908,3708
050,20,173,"Kansas","Sedgwick County",2,17,7568,3887,3681
050,20,173,"Kansas","Sedgwick County",2,18,6812,3531,3281
050,20,173,"Kansas","Sedgwick County",2,19,6435,3345,3090
050,20,173,"Kansas","Sedgwick County",2,20,6693,3509,3184
050,20,173,"Kansas","Sedgwick County",2,21,6838,3555,3283
050,20,173,"Kansas","Sedgwick County",2,22,7091,3637,3454
050,20,173,"Kansas","Sedgwick County",2,23,7391,3808,3583
050,20,173,"Kansas","Sedgwick County",2,24,7494,3826,3668
050,20,173,"Kansas","Sedgwick County",2,25,7561,3845,3716
050,20,173,"Kansas","Sedgwick County",2,26,7672,3889,3783
050,20,173,"Kansas","Sedgwick County",2,27,7704,3918,3786
050,20,173,"Kansas","Sedgwick County",2,28,7666,3859,3807
050,20,173,"Kansas","Sedgwick County",2,29,7463,3720,3743
050,20,173,"Kansas","Sedgwick County",2,30,7316,3658,3658
050,20,173,"Kansas","Sedgwick County",2,31,7170,3617,3553
050,20,173,"Kansas","Sedgwick County",2,32,7080,3519,3561
050,20,173,"Kansas","Sedgwick County",2,33,6946,3423,3523
050,20,173,"Kansas","Sedgwick County",2,34,7106,3569,3537
050,20,173,"Kansas","Sedgwick County",2,35,7176,3567,3609
050,20,173,"Kansas","Sedgwick County",2,36,7024,3471,3553
050,20,173,"Kansas","Sedgwick County",2,37,7164,3505,3659
050,20,173,"Kansas","Sedgwick County",2,38,7069,3508,3561
050,20,173,"Kansas","Sedgwick County",2,39,6852,3458,3394
050,20,173,"Kansas","Sedgwick County",2,40,6776,3467,3309
050,20,173,"Kansas","Sedgwick County",2,41,6427,3240,3187
050,20,173,"Kansas","Sedgwick County",2,42,6141,3099,3042
050,20,173,"Kansas","Sedgwick County",2,43,6088,3038,3050
050,20,173,"Kansas","Sedgwick County",2,44,5831,2870,2961
050,20,173,"Kansas","Sedgwick County",2,45,5815,2883,2932
050,20,173,"Kansas","Sedgwick County",2,46,5669,2838,2831
050,20,173,"Kansas","Sedgwick County",2,47,5642,2812,2830
050,20,173,"Kansas","Sedgwick County",2,48,5854,2922,2932
050,20,173,"Kansas","Sedgwick County",2,49,6143,3043,3100
050,20,173,"Kansas","Sedgwick County",2,50,6072,3048,3024
050,20,173,"Kansas","Sedgwick County",2,51,5821,2908,2913
050,20,173,"Kansas","Sedgwick County",2,52,5686,2859,2827
050,20,173,"Kansas","Sedgwick County",2,53,5749,2900,2849
050,20,173,"Kansas","Sedgwick County",2,54,5806,2939,2867
050,20,173,"Kansas","Sedgwick County",2,55,6114,3109,3005
050,20,173,"Kansas","Sedgwick County",2,56,6342,3161,3181
050,20,173,"Kansas","Sedgwick County",2,57,6538,3254,3284
050,20,173,"Kansas","Sedgwick County",2,58,6601,3282,3319
050,20,173,"Kansas","Sedgwick County",2,59,6729,3330,3399
050,20,173,"Kansas","Sedgwick County",2,60,6750,3301,3449
050,20,173,"Kansas","Sedgwick County",2,61,6700,3274,3426
050,20,173,"Kansas","Sedgwick County",2,62,6545,3220,3325
050,20,173,"Kansas","Sedgwick County",2,63,6411,3163,3248
050,20,173,"Kansas","Sedgwick County",2,64,6103,2978,3125
050,20,173,"Kansas","Sedgwick County",2,65,5882,2865,3017
050,20,173,"Kansas","Sedgwick County",2,66,5703,2764,2939
050,20,173,"Kansas","Sedgwick County",2,67,5507,2675,2832
050,20,173,"Kansas","Sedgwick County",2,68,5304,2554,2750
050,20,173,"Kansas","Sedgwick County",2,69,4883,2339,2544
050,20,173,"Kansas","Sedgwick County",2,70,4538,2199,2339
050,20,173,"Kansas","Sedgwick County",2,71,4388,2095,2293
050,20,173,"Kansas","Sedgwick County",2,72,4246,1998,2248
050,20,173,"Kansas","Sedgwick County",2,73,4433,2093,2340
050,20,173,"Kansas","Sedgwick County",2,74,3006,1385,1621
050,20,173,"Kansas","Sedgwick County",2,75,2896,1310,1586
050,20,173,"Kansas","Sedgwick County",2,76,2879,1287,1592
050,20,173,"Kansas","Sedgwick County",2,77,2777,1262,1515
050,20,173,"Kansas","Sedgwick County",2,78,2359,1043,1316
050,20,173,"Kansas","Sedgwick County",2,79,2126,907,1219
050,20,173,"Kansas","Sedgwick County",2,80,1954,835,1119
050,20,173,"Kansas","Sedgwick County",2,81,1787,749,1038
050,20,173,"Kansas","Sedgwick County",2,82,1689,725,964
050,20,173,"Kansas","Sedgwick County",2,83,1563,676,887
050,20,173,"Kansas","Sedgwick County",2,84,1462,604,858
050,20,173,"Kansas","Sedgwick County",2,85,9340,3427,5913
050,20,173,"Kansas","Sedgwick County",3,0,6292,3311,2981
050,20,173,"Kansas","Sedgwick County",3,1,6610,3393,3217
050,20,173,"Kansas","Sedgwick County",3,2,6657,3379,3278
050,20,173,"Kansas","Sedgwick County",3,3,6826,3512,3314
050,20,173,"Kansas","Sedgwick County",3,4,7008,3579,3429
050,20,173,"Kansas","Sedgwick County",3,5,7204,3639,3565
050,20,173,"Kansas","Sedgwick County",3,6,7186,3650,3536
050,20,173,"Kansas","Sedgwick County",3,7,7258,3708,3550
050,20,173,"Kansas","Sedgwick County",3,8,7467,3874,3593
050,20,173,"Kansas","Sedgwick County",3,9,7486,3861,3625
050,20,173,"Kansas","Sedgwick County",3,10,7644,3965,3679
050,20,173,"Kansas","Sedgwick County",3,11,7815,4009,3806
050,20,173,"Kansas","Sedgwick County",3,12,7913,4034,3879
050,20,173,"Kansas","Sedgwick County",3,13,8000,4045,3955
050,20,173,"Kansas","Sedgwick County",3,14,7892,3993,3899
050,20,173,"Kansas","Sedgwick County",3,15,7648,3885,3763
050,20,173,"Kansas","Sedgwick County",3,16,7580,3862,3718
050,20,173,"Kansas","Sedgwick County",3,17,7646,3949,3697
050,20,173,"Kansas","Sedgwick County",3,18,6916,3576,3340
050,20,173,"Kansas","Sedgwick County",3,19,6326,3294,3032
050,20,173,"Kansas","Sedgwick County",3,20,6791,3557,3234
050,20,173,"Kansas","Sedgwick County",3,21,7035,3619,3416
050,20,173,"Kansas","Sedgwick County",3,22,7215,3716,3499
050,20,173,"Kansas","Sedgwick County",3,23,7426,3796,3630
050,20,173,"Kansas","Sedgwick County",3,24,7489,3855,3634
050,20,173,"Kansas","Sedgwick County",3,25,7570,3825,3745
050,20,173,"Kansas","Sedgwick County",3,26,7468,3798,3670
050,20,173,"Kansas","Sedgwick County",3,27,7582,3857,3725
050,20,173,"Kansas","Sedgwick County",3,28,7571,3885,3686
050,20,173,"Kansas","Sedgwick County",3,29,7550,3780,3770
050,20,173,"Kansas","Sedgwick County",3,30,7363,3631,3732
050,20,173,"Kansas","Sedgwick County",3,31,7260,3639,3621
050,20,173,"Kansas","Sedgwick County",3,32,7085,3523,3562
050,20,173,"Kansas","Sedgwick County",3,33,6990,3443,3547
050,20,173,"Kansas","Sedgwick County",3,34,6917,3435,3482
050,20,173,"Kansas","Sedgwick County",3,35,7044,3521,3523
050,20,173,"Kansas","Sedgwick County",3,36,7091,3517,3574
050,20,173,"Kansas","Sedgwick County",3,37,6992,3468,3524
050,20,173,"Kansas","Sedgwick County",3,38,7042,3422,3620
050,20,173,"Kansas","Sedgwick County",3,39,6997,3446,3551
050,20,173,"Kansas","Sedgwick County",3,40,6864,3462,3402
050,20,173,"Kansas","Sedgwick County",3,41,6714,3444,3270
050,20,173,"Kansas","Sedgwick County",3,42,6390,3248,3142
050,20,173,"Kansas","Sedgwick County",3,43,6084,3044,3040
050,20,173,"Kansas","Sedgwick County",3,44,6021,2995,3026
050,20,173,"Kansas","Sedgwick County",3,45,5841,2891,2950
050,20,173,"Kansas","Sedgwick County",3,46,5813,2873,2940
050,20,173,"Kansas","Sedgwick County",3,47,5583,2785,2798
050,20,173,"Kansas","Sedgwick County",3,48,5668,2845,2823
050,20,173,"Kansas","Sedgwick County",3,49,5802,2847,2955
050,20,173,"Kansas","Sedgwick County",3,50,6097,3052,3045
050,20,173,"Kansas","Sedgwick County",3,51,6007,3003,3004
050,20,173,"Kansas","Sedgwick County",3,52,5847,2923,2924
050,20,173,"Kansas","Sedgwick County",3,53,5616,2818,2798
050,20,173,"Kansas","Sedgwick County",3,54,5686,2862,2824
050,20,173,"Kansas","Sedgwick County",3,55,5747,2934,2813
050,20,173,"Kansas","Sedgwick County",3,56,6047,3046,3001
050,20,173,"Kansas","Sedgwick County",3,57,6287,3142,3145
050,20,173,"Kansas","Sedgwick County",3,58,6412,3171,3241
050,20,173,"Kansas","Sedgwick County",3,59,6540,3258,3282
050,20,173,"Kansas","Sedgwick County",3,60,6618,3271,3347
050,20,173,"Kansas","Sedgwick County",3,61,6614,3223,3391
050,20,173,"Kansas","Sedgwick County",3,62,6545,3170,3375
050,20,173,"Kansas","Sedgwick County",3,63,6469,3183,3286
050,20,173,"Kansas","Sedgwick County",3,64,6303,3087,3216
050,20,173,"Kansas","Sedgwick County",3,65,5958,2893,3065
050,20,173,"Kansas","Sedgwick County",3,66,5781,2801,2980
050,20,173,"Kansas","Sedgwick County",3,67,5613,2687,2926
050,20,173,"Kansas","Sedgwick County",3,68,5390,2614,2776
050,20,173,"Kansas","Sedgwick County",3,69,5195,2474,2721
050,20,173,"Kansas","Sedgwick County",3,70,4780,2282,2498
050,20,173,"Kansas","Sedgwick County",3,71,4439,2138,2301
050,20,173,"Kansas","Sedgwick County",3,72,4290,2024,2266
050,20,173,"Kansas","Sedgwick County",3,73,4148,1932,2216
050,20,173,"Kansas","Sedgwick County",3,74,4309,2017,2292
050,20,173,"Kansas","Sedgwick County",3,75,2917,1337,1580
050,20,173,"Kansas","Sedgwick County",3,76,2793,1253,1540
050,20,173,"Kansas","Sedgwick County",3,77,2762,1218,1544
050,20,173,"Kansas","Sedgwick County",3,78,2685,1217,1468
050,20,173,"Kansas","Sedgwick County",3,79,2263,1008,1255
050,20,173,"Kansas","Sedgwick County",3,80,2010,845,1165
050,20,173,"Kansas","Sedgwick County",3,81,1809,757,1052
050,20,173,"Kansas","Sedgwick County",3,82,1671,686,985
050,20,173,"Kansas","Sedgwick County",3,83,1552,661,891
050,20,173,"Kansas","Sedgwick County",3,84,1461,597,864
050,20,173,"Kansas","Sedgwick County",3,85,9130,3340,5790
050,20,173,"Kansas","Sedgwick County",4,0,6490,3392,3098
050,20,173,"Kansas","Sedgwick County",4,1,6281,3313,2968
050,20,173,"Kansas","Sedgwick County",4,2,6697,3426,3271
050,20,173,"Kansas","Sedgwick County",4,3,6649,3364,3285
050,20,173,"Kansas","Sedgwick County",4,4,6746,3480,3266
050,20,173,"Kansas","Sedgwick County",4,5,7005,3568,3437
050,20,173,"Kansas","Sedgwick County",4,6,7157,3606,3551
050,20,173,"Kansas","Sedgwick County",4,7,7161,3631,3530
050,20,173,"Kansas","Sedgwick County",4,8,7233,3721,3512
050,20,173,"Kansas","Sedgwick County",4,9,7429,3843,3586
050,20,173,"Kansas","Sedgwick County",4,10,7500,3892,3608
050,20,173,"Kansas","Sedgwick County",4,11,7585,3906,3679
050,20,173,"Kansas","Sedgwick County",4,12,7794,4013,3781
050,20,173,"Kansas","Sedgwick County",4,13,7903,4030,3873
050,20,173,"Kansas","Sedgwick County",4,14,8030,4050,3980
050,20,173,"Kansas","Sedgwick County",4,15,7919,4004,3915
050,20,173,"Kansas","Sedgwick County",4,16,7589,3853,3736
050,20,173,"Kansas","Sedgwick County",4,17,7634,3879,3755
050,20,173,"Kansas","Sedgwick County",4,18,6949,3625,3324
050,20,173,"Kansas","Sedgwick County",4,19,6327,3288,3039
050,20,173,"Kansas","Sedgwick County",4,20,6608,3512,3096
050,20,173,"Kansas","Sedgwick County",4,21,7101,3647,3454
050,20,173,"Kansas","Sedgwick County",4,22,7368,3735,3633
050,20,173,"Kansas","Sedgwick County",4,23,7595,3881,3714
050,20,173,"Kansas","Sedgwick County",4,24,7617,3900,3717
050,20,173,"Kansas","Sedgwick County",4,25,7567,3868,3699
050,20,173,"Kansas","Sedgwick County",4,26,7495,3778,3717
050,20,173,"Kansas","Sedgwick County",4,27,7452,3776,3676
050,20,173,"Kansas","Sedgwick County",4,28,7603,3886,3717
050,20,173,"Kansas","Sedgwick County",4,29,7486,3821,3665
050,20,173,"Kansas","Sedgwick County",4,30,7483,3734,3749
050,20,173,"Kansas","Sedgwick County",4,31,7357,3659,3698
050,20,173,"Kansas","Sedgwick County",4,32,7184,3598,3586
050,20,173,"Kansas","Sedgwick County",4,33,7020,3483,3537
050,20,173,"Kansas","Sedgwick County",4,34,6945,3424,3521
050,20,173,"Kansas","Sedgwick County",4,35,6903,3424,3479
050,20,173,"Kansas","Sedgwick County",4,36,6983,3515,3468
050,20,173,"Kansas","Sedgwick County",4,37,7079,3516,3563
050,20,173,"Kansas","Sedgwick County",4,38,7002,3480,3522
050,20,173,"Kansas","Sedgwick County",4,39,7015,3410,3605
050,20,173,"Kansas","Sedgwick County",4,40,7043,3497,3546
050,20,173,"Kansas","Sedgwick County",4,41,6817,3418,3399
050,20,173,"Kansas","Sedgwick County",4,42,6677,3417,3260
050,20,173,"Kansas","Sedgwick County",4,43,6348,3228,3120
050,20,173,"Kansas","Sedgwick County",4,44,6012,3021,2991
050,20,173,"Kansas","Sedgwick County",4,45,6019,2999,3020
050,20,173,"Kansas","Sedgwick County",4,46,5781,2865,2916
050,20,173,"Kansas","Sedgwick County",4,47,5738,2842,2896
050,20,173,"Kansas","Sedgwick County",4,48,5564,2780,2784
050,20,173,"Kansas","Sedgwick County",4,49,5630,2772,2858
050,20,173,"Kansas","Sedgwick County",4,50,5759,2840,2919
050,20,173,"Kansas","Sedgwick County",4,51,6054,3030,3024
050,20,173,"Kansas","Sedgwick County",4,52,6018,2993,3025
050,20,173,"Kansas","Sedgwick County",4,53,5818,2890,2928
050,20,173,"Kansas","Sedgwick County",4,54,5555,2786,2769
050,20,173,"Kansas","Sedgwick County",4,55,5632,2856,2776
050,20,173,"Kansas","Sedgwick County",4,56,5662,2866,2796
050,20,173,"Kansas","Sedgwick County",4,57,6019,3040,2979
050,20,173,"Kansas","Sedgwick County",4,58,6167,3049,3118
050,20,173,"Kansas","Sedgwick County",4,59,6386,3154,3232
050,20,173,"Kansas","Sedgwick County",4,60,6461,3220,3241
050,20,173,"Kansas","Sedgwick County",4,61,6502,3183,3319
050,20,173,"Kansas","Sedgwick County",4,62,6466,3148,3318
050,20,173,"Kansas","Sedgwick County",4,63,6431,3131,3300
050,20,173,"Kansas","Sedgwick County",4,64,6397,3111,3286
050,20,173,"Kansas","Sedgwick County",4,65,6162,2997,3165
050,20,173,"Kansas","Sedgwick County",4,66,5846,2825,3021
050,20,173,"Kansas","Sedgwick County",4,67,5643,2718,2925
050,20,173,"Kansas","Sedgwick County",4,68,5497,2597,2900
050,20,173,"Kansas","Sedgwick County",4,69,5315,2563,2752
050,20,173,"Kansas","Sedgwick County",4,70,5081,2402,2679
050,20,173,"Kansas","Sedgwick County",4,71,4682,2230,2452
050,20,173,"Kansas","Sedgwick County",4,72,4361,2083,2278
050,20,173,"Kansas","Sedgwick County",4,73,4162,1952,2210
050,20,173,"Kansas","Sedgwick County",4,74,4014,1856,2158
050,20,173,"Kansas","Sedgwick County",4,75,4147,1921,2226
050,20,173,"Kansas","Sedgwick County",4,76,2823,1276,1547
050,20,173,"Kansas","Sedgwick County",4,77,2677,1184,1493
050,20,173,"Kansas","Sedgwick County",4,78,2688,1182,1506
050,20,173,"Kansas","Sedgwick County",4,79,2565,1150,1415
050,20,173,"Kansas","Sedgwick County",4,80,2146,938,1208
050,20,173,"Kansas","Sedgwick County",4,81,1866,780,1086
050,20,173,"Kansas","Sedgwick County",4,82,1680,695,985
050,20,173,"Kansas","Sedgwick County",4,83,1548,623,925
050,20,173,"Kansas","Sedgwick County",4,84,1446,585,861
050,20,173,"Kansas","Sedgwick County",4,85,9122,3335,5787
050,20,173,"Kansas","Sedgwick County",5,0,6569,3430,3139
050,20,173,"Kansas","Sedgwick County",5,1,6520,3404,3116
050,20,173,"Kansas","Sedgwick County",5,2,6289,3320,2969
050,20,173,"Kansas","Sedgwick County",5,3,6712,3404,3308
050,20,173,"Kansas","Sedgwick County",5,4,6689,3396,3293
050,20,173,"Kansas","Sedgwick County",5,5,6794,3467,3327
050,20,173,"Kansas","Sedgwick County",5,6,6999,3575,3424
050,20,173,"Kansas","Sedgwick County",5,7,7185,3626,3559
050,20,173,"Kansas","Sedgwick County",5,8,7150,3634,3516
050,20,173,"Kansas","Sedgwick County",5,9,7301,3734,3567
050,20,173,"Kansas","Sedgwick County",5,10,7470,3888,3582
050,20,173,"Kansas","Sedgwick County",5,11,7500,3882,3618
050,20,173,"Kansas","Sedgwick County",5,12,7618,3934,3684
050,20,173,"Kansas","Sedgwick County",5,13,7783,4009,3774
050,20,173,"Kansas","Sedgwick County",5,14,7901,4034,3867
050,20,173,"Kansas","Sedgwick County",5,15,8068,4089,3979
050,20,173,"Kansas","Sedgwick County",5,16,7925,3979,3946
050,20,173,"Kansas","Sedgwick County",5,17,7618,3878,3740
050,20,173,"Kansas","Sedgwick County",5,18,6984,3632,3352
050,20,173,"Kansas","Sedgwick County",5,19,6433,3374,3059
050,20,173,"Kansas","Sedgwick County",5,20,6696,3530,3166
050,20,173,"Kansas","Sedgwick County",5,21,7012,3632,3380
050,20,173,"Kansas","Sedgwick County",5,22,7581,3839,3742
050,20,173,"Kansas","Sedgwick County",5,23,7718,3950,3768
050,20,173,"Kansas","Sedgwick County",5,24,7772,3988,3784
050,20,173,"Kansas","Sedgwick County",5,25,7631,3885,3746
050,20,173,"Kansas","Sedgwick County",5,26,7546,3826,3720
050,20,173,"Kansas","Sedgwick County",5,27,7541,3815,3726
050,20,173,"Kansas","Sedgwick County",5,28,7464,3811,3653
050,20,173,"Kansas","Sedgwick County",5,29,7563,3863,3700
050,20,173,"Kansas","Sedgwick County",5,30,7532,3816,3716
050,20,173,"Kansas","Sedgwick County",5,31,7487,3750,3737
050,20,173,"Kansas","Sedgwick County",5,32,7336,3621,3715
050,20,173,"Kansas","Sedgwick County",5,33,7182,3570,3612
050,20,173,"Kansas","Sedgwick County",5,34,7036,3493,3543
050,20,173,"Kansas","Sedgwick County",5,35,6923,3391,3532
050,20,173,"Kansas","Sedgwick County",5,36,6851,3409,3442
050,20,173,"Kansas","Sedgwick County",5,37,7027,3529,3498
050,20,173,"Kansas","Sedgwick County",5,38,7056,3501,3555
050,20,173,"Kansas","Sedgwick County",5,39,6934,3448,3486
050,20,173,"Kansas","Sedgwick County",5,40,7034,3462,3572
050,20,173,"Kansas","Sedgwick County",5,41,7022,3477,3545
050,20,173,"Kansas","Sedgwick County",5,42,6803,3409,3394
050,20,173,"Kansas","Sedgwick County",5,43,6636,3383,3253
050,20,173,"Kansas","Sedgwick County",5,44,6325,3204,3121
050,20,173,"Kansas","Sedgwick County",5,45,6069,3041,3028
050,20,173,"Kansas","Sedgwick County",5,46,6008,2992,3016
050,20,173,"Kansas","Sedgwick County",5,47,5719,2832,2887
050,20,173,"Kansas","Sedgwick County",5,48,5765,2855,2910
050,20,173,"Kansas","Sedgwick County",5,49,5528,2731,2797
050,20,173,"Kansas","Sedgwick County",5,50,5647,2825,2822
050,20,173,"Kansas","Sedgwick County",5,51,5699,2805,2894
050,20,173,"Kansas","Sedgwick County",5,52,6076,3041,3035
050,20,173,"Kansas","Sedgwick County",5,53,5984,2969,3015
050,20,173,"Kansas","Sedgwick County",5,54,5750,2844,2906
050,20,173,"Kansas","Sedgwick County",5,55,5540,2806,2734
050,20,173,"Kansas","Sedgwick County",5,56,5583,2790,2793
050,20,173,"Kansas","Sedgwick County",5,57,5676,2874,2802
050,20,173,"Kansas","Sedgwick County",5,58,5917,2945,2972
050,20,173,"Kansas","Sedgwick County",5,59,6154,3061,3093
050,20,173,"Kansas","Sedgwick County",5,60,6303,3105,3198
050,20,173,"Kansas","Sedgwick County",5,61,6377,3154,3223
050,20,173,"Kansas","Sedgwick County",5,62,6371,3099,3272
050,20,173,"Kansas","Sedgwick County",5,63,6353,3100,3253
050,20,173,"Kansas","Sedgwick County",5,64,6350,3078,3272
050,20,173,"Kansas","Sedgwick County",5,65,6251,3025,3226
050,20,173,"Kansas","Sedgwick County",5,66,6098,2952,3146
050,20,173,"Kansas","Sedgwick County",5,67,5746,2757,2989
050,20,173,"Kansas","Sedgwick County",5,68,5508,2626,2882
050,20,173,"Kansas","Sedgwick County",5,69,5399,2526,2873
050,20,173,"Kansas","Sedgwick County",5,70,5232,2499,2733
050,20,173,"Kansas","Sedgwick County",5,71,4986,2347,2639
050,20,173,"Kansas","Sedgwick County",5,72,4588,2166,2422
050,20,173,"Kansas","Sedgwick County",5,73,4273,2037,2236
050,20,173,"Kansas","Sedgwick County",5,74,4054,1888,2166
050,20,173,"Kansas","Sedgwick County",5,75,3909,1798,2111
050,20,173,"Kansas","Sedgwick County",5,76,4038,1870,2168
050,20,173,"Kansas","Sedgwick County",5,77,2698,1212,1486
050,20,173,"Kansas","Sedgwick County",5,78,2603,1145,1458
050,20,173,"Kansas","Sedgwick County",5,79,2585,1135,1450
050,20,173,"Kansas","Sedgwick County",5,80,2461,1076,1385
050,20,173,"Kansas","Sedgwick County",5,81,2010,869,1141
050,20,173,"Kansas","Sedgwick County",5,82,1757,726,1031
050,20,173,"Kansas","Sedgwick County",5,83,1590,652,938
050,20,173,"Kansas","Sedgwick County",5,84,1448,560,888
050,20,173,"Kansas","Sedgwick County",5,85,9150,3357,5793
050,20,175,"Kansas","Seward County",1,0,378,192,186
050,20,175,"Kansas","Seward County",1,1,378,192,186
050,20,175,"Kansas","Seward County",1,2,390,208,182
050,20,175,"Kansas","Seward County",1,3,403,199,204
050,20,175,"Kansas","Seward County",1,4,379,187,192
050,20,175,"Kansas","Seward County",1,5,385,194,191
050,20,175,"Kansas","Seward County",1,6,390,198,192
050,20,175,"Kansas","Seward County",1,7,373,179,194
050,20,175,"Kansas","Seward County",1,8,375,189,186
050,20,175,"Kansas","Seward County",1,9,367,186,181
050,20,175,"Kansas","Seward County",1,10,422,214,208
050,20,175,"Kansas","Seward County",1,11,427,225,202
050,20,175,"Kansas","Seward County",1,12,416,219,197
050,20,175,"Kansas","Seward County",1,13,383,204,179
050,20,175,"Kansas","Seward County",1,14,391,214,177
050,20,175,"Kansas","Seward County",1,15,398,198,200
050,20,175,"Kansas","Seward County",1,16,372,184,188
050,20,175,"Kansas","Seward County",1,17,389,191,198
050,20,175,"Kansas","Seward County",1,18,353,184,169
050,20,175,"Kansas","Seward County",1,19,408,231,177
050,20,175,"Kansas","Seward County",1,20,358,184,174
050,20,175,"Kansas","Seward County",1,21,286,147,139
050,20,175,"Kansas","Seward County",1,22,302,154,148
050,20,175,"Kansas","Seward County",1,23,299,161,138
050,20,175,"Kansas","Seward County",1,24,323,171,152
050,20,175,"Kansas","Seward County",1,25,353,183,170
050,20,175,"Kansas","Seward County",1,26,311,162,149
050,20,175,"Kansas","Seward County",1,27,318,162,156
050,20,175,"Kansas","Seward County",1,28,307,156,151
050,20,175,"Kansas","Seward County",1,29,313,163,150
050,20,175,"Kansas","Seward County",1,30,290,148,142
050,20,175,"Kansas","Seward County",1,31,310,157,153
050,20,175,"Kansas","Seward County",1,32,308,168,140
050,20,175,"Kansas","Seward County",1,33,320,179,141
050,20,175,"Kansas","Seward County",1,34,298,160,138
050,20,175,"Kansas","Seward County",1,35,264,143,121
050,20,175,"Kansas","Seward County",1,36,266,128,138
050,20,175,"Kansas","Seward County",1,37,256,124,132
050,20,175,"Kansas","Seward County",1,38,262,135,127
050,20,175,"Kansas","Seward County",1,39,254,134,120
050,20,175,"Kansas","Seward County",1,40,258,138,120
050,20,175,"Kansas","Seward County",1,41,229,116,113
050,20,175,"Kansas","Seward County",1,42,258,136,122
050,20,175,"Kansas","Seward County",1,43,256,149,107
050,20,175,"Kansas","Seward County",1,44,248,132,116
050,20,175,"Kansas","Seward County",1,45,288,145,143
050,20,175,"Kansas","Seward County",1,46,243,132,111
050,20,175,"Kansas","Seward County",1,47,240,122,118
050,20,175,"Kansas","Seward County",1,48,239,125,114
050,20,175,"Kansas","Seward County",1,49,260,134,126
050,20,175,"Kansas","Seward County",1,50,267,134,133
050,20,175,"Kansas","Seward County",1,51,255,137,118
050,20,175,"Kansas","Seward County",1,52,236,130,106
050,20,175,"Kansas","Seward County",1,53,238,123,115
050,20,175,"Kansas","Seward County",1,54,228,122,106
050,20,175,"Kansas","Seward County",1,55,237,140,97
050,20,175,"Kansas","Seward County",1,56,237,136,101
050,20,175,"Kansas","Seward County",1,57,230,113,117
050,20,175,"Kansas","Seward County",1,58,217,109,108
050,20,175,"Kansas","Seward County",1,59,237,124,113
050,20,175,"Kansas","Seward County",1,60,243,122,121
050,20,175,"Kansas","Seward County",1,61,210,111,99
050,20,175,"Kansas","Seward County",1,62,192,93,99
050,20,175,"Kansas","Seward County",1,63,189,90,99
050,20,175,"Kansas","Seward County",1,64,189,106,83
050,20,175,"Kansas","Seward County",1,65,177,105,72
050,20,175,"Kansas","Seward County",1,66,155,68,87
050,20,175,"Kansas","Seward County",1,67,155,85,70
050,20,175,"Kansas","Seward County",1,68,145,74,71
050,20,175,"Kansas","Seward County",1,69,134,61,73
050,20,175,"Kansas","Seward County",1,70,130,69,61
050,20,175,"Kansas","Seward County",1,71,117,54,63
050,20,175,"Kansas","Seward County",1,72,117,58,59
050,20,175,"Kansas","Seward County",1,73,119,55,64
050,20,175,"Kansas","Seward County",1,74,84,38,46
050,20,175,"Kansas","Seward County",1,75,91,43,48
050,20,175,"Kansas","Seward County",1,76,76,31,45
050,20,175,"Kansas","Seward County",1,77,84,36,48
050,20,175,"Kansas","Seward County",1,78,70,31,39
050,20,175,"Kansas","Seward County",1,79,65,30,35
050,20,175,"Kansas","Seward County",1,80,64,32,32
050,20,175,"Kansas","Seward County",1,81,67,30,37
050,20,175,"Kansas","Seward County",1,82,60,23,37
050,20,175,"Kansas","Seward County",1,83,39,12,27
050,20,175,"Kansas","Seward County",1,84,48,19,29
050,20,175,"Kansas","Seward County",1,85,267,78,189
050,20,175,"Kansas","Seward County",2,0,371,186,185
050,20,175,"Kansas","Seward County",2,1,374,190,184
050,20,175,"Kansas","Seward County",2,2,381,200,181
050,20,175,"Kansas","Seward County",2,3,391,196,195
050,20,175,"Kansas","Seward County",2,4,380,188,192
050,20,175,"Kansas","Seward County",2,5,379,190,189
050,20,175,"Kansas","Seward County",2,6,387,196,191
050,20,175,"Kansas","Seward County",2,7,372,182,190
050,20,175,"Kansas","Seward County",2,8,369,183,186
050,20,175,"Kansas","Seward County",2,9,365,184,181
050,20,175,"Kansas","Seward County",2,10,408,207,201
050,20,175,"Kansas","Seward County",2,11,418,219,199
050,20,175,"Kansas","Seward County",2,12,418,222,196
050,20,175,"Kansas","Seward County",2,13,389,207,182
050,20,175,"Kansas","Seward County",2,14,385,210,175
050,20,175,"Kansas","Seward County",2,15,396,202,194
050,20,175,"Kansas","Seward County",2,16,380,188,192
050,20,175,"Kansas","Seward County",2,17,385,190,195
050,20,175,"Kansas","Seward County",2,18,361,183,178
050,20,175,"Kansas","Seward County",2,19,401,225,176
050,20,175,"Kansas","Seward County",2,20,366,193,173
050,20,175,"Kansas","Seward County",2,21,287,148,139
050,20,175,"Kansas","Seward County",2,22,298,152,146
050,20,175,"Kansas","Seward County",2,23,299,158,141
050,20,175,"Kansas","Seward County",2,24,311,167,144
050,20,175,"Kansas","Seward County",2,25,340,177,163
050,20,175,"Kansas","Seward County",2,26,317,165,152
050,20,175,"Kansas","Seward County",2,27,309,158,151
050,20,175,"Kansas","Seward County",2,28,305,154,151
050,20,175,"Kansas","Seward County",2,29,306,158,148
050,20,175,"Kansas","Seward County",2,30,296,152,144
050,20,175,"Kansas","Seward County",2,31,298,151,147
050,20,175,"Kansas","Seward County",2,32,303,163,140
050,20,175,"Kansas","Seward County",2,33,311,173,138
050,20,175,"Kansas","Seward County",2,34,300,163,137
050,20,175,"Kansas","Seward County",2,35,272,146,126
050,20,175,"Kansas","Seward County",2,36,263,129,134
050,20,175,"Kansas","Seward County",2,37,256,124,132
050,20,175,"Kansas","Seward County",2,38,261,133,128
050,20,175,"Kansas","Seward County",2,39,254,134,120
050,20,175,"Kansas","Seward County",2,40,259,137,122
050,20,175,"Kansas","Seward County",2,41,233,119,114
050,20,175,"Kansas","Seward County",2,42,251,133,118
050,20,175,"Kansas","Seward County",2,43,258,146,112
050,20,175,"Kansas","Seward County",2,44,250,135,115
050,20,175,"Kansas","Seward County",2,45,277,141,136
050,20,175,"Kansas","Seward County",2,46,252,136,116
050,20,175,"Kansas","Seward County",2,47,237,122,115
050,20,175,"Kansas","Seward County",2,48,240,125,115
050,20,175,"Kansas","Seward County",2,49,257,132,125
050,20,175,"Kansas","Seward County",2,50,265,134,131
050,20,175,"Kansas","Seward County",2,51,256,136,120
050,20,175,"Kansas","Seward County",2,52,242,131,111
050,20,175,"Kansas","Seward County",2,53,235,124,111
050,20,175,"Kansas","Seward County",2,54,228,123,105
050,20,175,"Kansas","Seward County",2,55,231,132,99
050,20,175,"Kansas","Seward County",2,56,238,138,100
050,20,175,"Kansas","Seward County",2,57,230,117,113
050,20,175,"Kansas","Seward County",2,58,218,111,107
050,20,175,"Kansas","Seward County",2,59,228,118,110
050,20,175,"Kansas","Seward County",2,60,243,125,118
050,20,175,"Kansas","Seward County",2,61,216,114,102
050,20,175,"Kansas","Seward County",2,62,194,96,98
050,20,175,"Kansas","Seward County",2,63,189,90,99
050,20,175,"Kansas","Seward County",2,64,187,102,85
050,20,175,"Kansas","Seward County",2,65,177,102,75
050,20,175,"Kansas","Seward County",2,66,159,75,84
050,20,175,"Kansas","Seward County",2,67,151,79,72
050,20,175,"Kansas","Seward County",2,68,146,76,70
050,20,175,"Kansas","Seward County",2,69,137,64,73
050,20,175,"Kansas","Seward County",2,70,129,66,63
050,20,175,"Kansas","Seward County",2,71,119,57,62
050,20,175,"Kansas","Seward County",2,72,116,57,59
050,20,175,"Kansas","Seward County",2,73,122,57,65
050,20,175,"Kansas","Seward County",2,74,88,41,47
050,20,175,"Kansas","Seward County",2,75,91,42,49
050,20,175,"Kansas","Seward County",2,76,78,33,45
050,20,175,"Kansas","Seward County",2,77,81,34,47
050,20,175,"Kansas","Seward County",2,78,72,32,40
050,20,175,"Kansas","Seward County",2,79,65,30,35
050,20,175,"Kansas","Seward County",2,80,64,31,33
050,20,175,"Kansas","Seward County",2,81,66,30,36
050,20,175,"Kansas","Seward County",2,82,62,25,37
050,20,175,"Kansas","Seward County",2,83,42,14,28
050,20,175,"Kansas","Seward County",2,84,45,16,29
050,20,175,"Kansas","Seward County",2,85,271,80,191
050,20,175,"Kansas","Seward County",3,0,366,177,189
050,20,175,"Kansas","Seward County",3,1,369,182,187
050,20,175,"Kansas","Seward County",3,2,381,195,186
050,20,175,"Kansas","Seward County",3,3,382,209,173
050,20,175,"Kansas","Seward County",3,4,391,208,183
050,20,175,"Kansas","Seward County",3,5,384,194,190
050,20,175,"Kansas","Seward County",3,6,375,200,175
050,20,175,"Kansas","Seward County",3,7,376,197,179
050,20,175,"Kansas","Seward County",3,8,361,178,183
050,20,175,"Kansas","Seward County",3,9,375,187,188
050,20,175,"Kansas","Seward County",3,10,366,184,182
050,20,175,"Kansas","Seward County",3,11,397,203,194
050,20,175,"Kansas","Seward County",3,12,414,214,200
050,20,175,"Kansas","Seward County",3,13,407,211,196
050,20,175,"Kansas","Seward County",3,14,389,200,189
050,20,175,"Kansas","Seward County",3,15,386,205,181
050,20,175,"Kansas","Seward County",3,16,385,198,187
050,20,175,"Kansas","Seward County",3,17,381,192,189
050,20,175,"Kansas","Seward County",3,18,391,194,197
050,20,175,"Kansas","Seward County",3,19,381,203,178
050,20,175,"Kansas","Seward County",3,20,388,215,173
050,20,175,"Kansas","Seward County",3,21,311,163,148
050,20,175,"Kansas","Seward County",3,22,294,157,137
050,20,175,"Kansas","Seward County",3,23,286,144,142
050,20,175,"Kansas","Seward County",3,24,313,160,153
050,20,175,"Kansas","Seward County",3,25,295,155,140
050,20,175,"Kansas","Seward County",3,26,330,164,166
050,20,175,"Kansas","Seward County",3,27,327,175,152
050,20,175,"Kansas","Seward County",3,28,306,162,144
050,20,175,"Kansas","Seward County",3,29,303,154,149
050,20,175,"Kansas","Seward County",3,30,305,164,141
050,20,175,"Kansas","Seward County",3,31,283,145,138
050,20,175,"Kansas","Seward County",3,32,289,149,140
050,20,175,"Kansas","Seward County",3,33,283,153,130
050,20,175,"Kansas","Seward County",3,34,303,162,141
050,20,175,"Kansas","Seward County",3,35,295,161,134
050,20,175,"Kansas","Seward County",3,36,274,152,122
050,20,175,"Kansas","Seward County",3,37,248,124,124
050,20,175,"Kansas","Seward County",3,38,253,122,131
050,20,175,"Kansas","Seward County",3,39,257,131,126
050,20,175,"Kansas","Seward County",3,40,256,140,116
050,20,175,"Kansas","Seward County",3,41,248,131,117
050,20,175,"Kansas","Seward County",3,42,222,111,111
050,20,175,"Kansas","Seward County",3,43,245,130,115
050,20,175,"Kansas","Seward County",3,44,263,151,112
050,20,175,"Kansas","Seward County",3,45,232,123,109
050,20,175,"Kansas","Seward County",3,46,270,140,130
050,20,175,"Kansas","Seward County",3,47,254,135,119
050,20,175,"Kansas","Seward County",3,48,230,113,117
050,20,175,"Kansas","Seward County",3,49,232,122,110
050,20,175,"Kansas","Seward County",3,50,250,125,125
050,20,175,"Kansas","Seward County",3,51,258,133,125
050,20,175,"Kansas","Seward County",3,52,248,124,124
050,20,175,"Kansas","Seward County",3,53,242,130,112
050,20,175,"Kansas","Seward County",3,54,228,115,113
050,20,175,"Kansas","Seward County",3,55,219,116,103
050,20,175,"Kansas","Seward County",3,56,225,129,96
050,20,175,"Kansas","Seward County",3,57,229,136,93
050,20,175,"Kansas","Seward County",3,58,228,118,110
050,20,175,"Kansas","Seward County",3,59,219,111,108
050,20,175,"Kansas","Seward County",3,60,231,122,109
050,20,175,"Kansas","Seward County",3,61,238,123,115
050,20,175,"Kansas","Seward County",3,62,205,105,100
050,20,175,"Kansas","Seward County",3,63,187,91,96
050,20,175,"Kansas","Seward County",3,64,182,85,97
050,20,175,"Kansas","Seward County",3,65,176,99,77
050,20,175,"Kansas","Seward County",3,66,176,100,76
050,20,175,"Kansas","Seward County",3,67,152,74,78
050,20,175,"Kansas","Seward County",3,68,142,77,65
050,20,175,"Kansas","Seward County",3,69,142,75,67
050,20,175,"Kansas","Seward County",3,70,129,59,70
050,20,175,"Kansas","Seward County",3,71,125,63,62
050,20,175,"Kansas","Seward County",3,72,110,49,61
050,20,175,"Kansas","Seward County",3,73,112,52,60
050,20,175,"Kansas","Seward County",3,74,116,54,62
050,20,175,"Kansas","Seward County",3,75,90,40,50
050,20,175,"Kansas","Seward County",3,76,86,40,46
050,20,175,"Kansas","Seward County",3,77,72,30,42
050,20,175,"Kansas","Seward County",3,78,78,34,44
050,20,175,"Kansas","Seward County",3,79,71,29,42
050,20,175,"Kansas","Seward County",3,80,61,32,29
050,20,175,"Kansas","Seward County",3,81,55,26,29
050,20,175,"Kansas","Seward County",3,82,67,33,34
050,20,175,"Kansas","Seward County",3,83,57,25,32
050,20,175,"Kansas","Seward County",3,84,37,10,27
050,20,175,"Kansas","Seward County",3,85,268,76,192
050,20,175,"Kansas","Seward County",4,0,380,195,185
050,20,175,"Kansas","Seward County",4,1,354,165,189
050,20,175,"Kansas","Seward County",4,2,365,184,181
050,20,175,"Kansas","Seward County",4,3,362,191,171
050,20,175,"Kansas","Seward County",4,4,368,202,166
050,20,175,"Kansas","Seward County",4,5,385,203,182
050,20,175,"Kansas","Seward County",4,6,366,193,173
050,20,175,"Kansas","Seward County",4,7,380,201,179
050,20,175,"Kansas","Seward County",4,8,360,185,175
050,20,175,"Kansas","Seward County",4,9,340,161,179
050,20,175,"Kansas","Seward County",4,10,363,177,186
050,20,175,"Kansas","Seward County",4,11,372,194,178
050,20,175,"Kansas","Seward County",4,12,382,199,183
050,20,175,"Kansas","Seward County",4,13,403,217,186
050,20,175,"Kansas","Seward County",4,14,390,200,190
050,20,175,"Kansas","Seward County",4,15,379,197,182
050,20,175,"Kansas","Seward County",4,16,379,209,170
050,20,175,"Kansas","Seward County",4,17,381,195,186
050,20,175,"Kansas","Seward County",4,18,380,182,198
050,20,175,"Kansas","Seward County",4,19,404,211,193
050,20,175,"Kansas","Seward County",4,20,364,193,171
050,20,175,"Kansas","Seward County",4,21,336,194,142
050,20,175,"Kansas","Seward County",4,22,324,169,155
050,20,175,"Kansas","Seward County",4,23,274,151,123
050,20,175,"Kansas","Seward County",4,24,283,144,139
050,20,175,"Kansas","Seward County",4,25,294,145,149
050,20,175,"Kansas","Seward County",4,26,302,155,147
050,20,175,"Kansas","Seward County",4,27,308,152,156
050,20,175,"Kansas","Seward County",4,28,294,161,133
050,20,175,"Kansas","Seward County",4,29,280,157,123
050,20,175,"Kansas","Seward County",4,30,288,148,140
050,20,175,"Kansas","Seward County",4,31,280,149,131
050,20,175,"Kansas","Seward County",4,32,276,142,134
050,20,175,"Kansas","Seward County",4,33,272,135,137
050,20,175,"Kansas","Seward County",4,34,277,150,127
050,20,175,"Kansas","Seward County",4,35,279,154,125
050,20,175,"Kansas","Seward County",4,36,288,157,131
050,20,175,"Kansas","Seward County",4,37,266,147,119
050,20,175,"Kansas","Seward County",4,38,235,118,117
050,20,175,"Kansas","Seward County",4,39,248,119,129
050,20,175,"Kansas","Seward County",4,40,246,123,123
050,20,175,"Kansas","Seward County",4,41,244,131,113
050,20,175,"Kansas","Seward County",4,42,241,123,118
050,20,175,"Kansas","Seward County",4,43,219,111,108
050,20,175,"Kansas","Seward County",4,44,243,128,115
050,20,175,"Kansas","Seward County",4,45,259,150,109
050,20,175,"Kansas","Seward County",4,46,225,119,106
050,20,175,"Kansas","Seward County",4,47,268,138,130
050,20,175,"Kansas","Seward County",4,48,238,124,114
050,20,175,"Kansas","Seward County",4,49,223,110,113
050,20,175,"Kansas","Seward County",4,50,226,121,105
050,20,175,"Kansas","Seward County",4,51,241,121,120
050,20,175,"Kansas","Seward County",4,52,251,127,124
050,20,175,"Kansas","Seward County",4,53,242,123,119
050,20,175,"Kansas","Seward County",4,54,241,126,115
050,20,175,"Kansas","Seward County",4,55,220,107,113
050,20,175,"Kansas","Seward County",4,56,216,116,100
050,20,175,"Kansas","Seward County",4,57,217,125,92
050,20,175,"Kansas","Seward County",4,58,227,130,97
050,20,175,"Kansas","Seward County",4,59,222,116,106
050,20,175,"Kansas","Seward County",4,60,214,107,107
050,20,175,"Kansas","Seward County",4,61,213,113,100
050,20,175,"Kansas","Seward County",4,62,233,124,109
050,20,175,"Kansas","Seward County",4,63,201,102,99
050,20,175,"Kansas","Seward County",4,64,188,96,92
050,20,175,"Kansas","Seward County",4,65,170,82,88
050,20,175,"Kansas","Seward County",4,66,162,90,72
050,20,175,"Kansas","Seward County",4,67,173,99,74
050,20,175,"Kansas","Seward County",4,68,144,73,71
050,20,175,"Kansas","Seward County",4,69,134,74,60
050,20,175,"Kansas","Seward County",4,70,135,72,63
050,20,175,"Kansas","Seward County",4,71,123,59,64
050,20,175,"Kansas","Seward County",4,72,120,60,60
050,20,175,"Kansas","Seward County",4,73,104,43,61
050,20,175,"Kansas","Seward County",4,74,106,46,60
050,20,175,"Kansas","Seward County",4,75,115,53,62
050,20,175,"Kansas","Seward County",4,76,84,37,47
050,20,175,"Kansas","Seward County",4,77,82,36,46
050,20,175,"Kansas","Seward County",4,78,70,30,40
050,20,175,"Kansas","Seward County",4,79,61,21,40
050,20,175,"Kansas","Seward County",4,80,70,30,40
050,20,175,"Kansas","Seward County",4,81,56,31,25
050,20,175,"Kansas","Seward County",4,82,50,25,25
050,20,175,"Kansas","Seward County",4,83,59,34,25
050,20,175,"Kansas","Seward County",4,84,51,22,29
050,20,175,"Kansas","Seward County",4,85,257,71,186
050,20,175,"Kansas","Seward County",5,0,387,197,190
050,20,175,"Kansas","Seward County",5,1,391,189,202
050,20,175,"Kansas","Seward County",5,2,355,161,194
050,20,175,"Kansas","Seward County",5,3,360,179,181
050,20,175,"Kansas","Seward County",5,4,366,191,175
050,20,175,"Kansas","Seward County",5,5,375,206,169
050,20,175,"Kansas","Seward County",5,6,388,204,184
050,20,175,"Kansas","Seward County",5,7,366,186,180
050,20,175,"Kansas","Seward County",5,8,376,200,176
050,20,175,"Kansas","Seward County",5,9,347,174,173
050,20,175,"Kansas","Seward County",5,10,322,153,169
050,20,175,"Kansas","Seward County",5,11,338,170,168
050,20,175,"Kansas","Seward County",5,12,365,190,175
050,20,175,"Kansas","Seward County",5,13,364,188,176
050,20,175,"Kansas","Seward County",5,14,399,212,187
050,20,175,"Kansas","Seward County",5,15,373,188,185
050,20,175,"Kansas","Seward County",5,16,375,199,176
050,20,175,"Kansas","Seward County",5,17,383,212,171
050,20,175,"Kansas","Seward County",5,18,366,176,190
050,20,175,"Kansas","Seward County",5,19,401,204,197
050,20,175,"Kansas","Seward County",5,20,381,195,186
050,20,175,"Kansas","Seward County",5,21,310,163,147
050,20,175,"Kansas","Seward County",5,22,363,202,161
050,20,175,"Kansas","Seward County",5,23,308,160,148
050,20,175,"Kansas","Seward County",5,24,282,153,129
050,20,175,"Kansas","Seward County",5,25,293,150,143
050,20,175,"Kansas","Seward County",5,26,285,141,144
050,20,175,"Kansas","Seward County",5,27,296,155,141
050,20,175,"Kansas","Seward County",5,28,295,150,145
050,20,175,"Kansas","Seward County",5,29,273,146,127
050,20,175,"Kansas","Seward County",5,30,285,162,123
050,20,175,"Kansas","Seward County",5,31,283,147,136
050,20,175,"Kansas","Seward County",5,32,274,147,127
050,20,175,"Kansas","Seward County",5,33,256,135,121
050,20,175,"Kansas","Seward County",5,34,277,142,135
050,20,175,"Kansas","Seward County",5,35,264,144,120
050,20,175,"Kansas","Seward County",5,36,278,149,129
050,20,175,"Kansas","Seward County",5,37,275,148,127
050,20,175,"Kansas","Seward County",5,38,257,141,116
050,20,175,"Kansas","Seward County",5,39,220,112,108
050,20,175,"Kansas","Seward County",5,40,237,110,127
050,20,175,"Kansas","Seward County",5,41,244,119,125
050,20,175,"Kansas","Seward County",5,42,229,118,111
050,20,175,"Kansas","Seward County",5,43,226,112,114
050,20,175,"Kansas","Seward County",5,44,219,110,109
050,20,175,"Kansas","Seward County",5,45,222,113,109
050,20,175,"Kansas","Seward County",5,46,243,137,106
050,20,175,"Kansas","Seward County",5,47,221,119,102
050,20,175,"Kansas","Seward County",5,48,256,134,122
050,20,175,"Kansas","Seward County",5,49,234,122,112
050,20,175,"Kansas","Seward County",5,50,216,106,110
050,20,175,"Kansas","Seward County",5,51,218,116,102
050,20,175,"Kansas","Seward County",5,52,232,115,117
050,20,175,"Kansas","Seward County",5,53,247,127,120
050,20,175,"Kansas","Seward County",5,54,234,118,116
050,20,175,"Kansas","Seward County",5,55,234,123,111
050,20,175,"Kansas","Seward County",5,56,207,104,103
050,20,175,"Kansas","Seward County",5,57,209,109,100
050,20,175,"Kansas","Seward County",5,58,210,121,89
050,20,175,"Kansas","Seward County",5,59,221,129,92
050,20,175,"Kansas","Seward County",5,60,212,111,101
050,20,175,"Kansas","Seward County",5,61,203,99,104
050,20,175,"Kansas","Seward County",5,62,197,102,95
050,20,175,"Kansas","Seward County",5,63,222,119,103
050,20,175,"Kansas","Seward County",5,64,194,98,96
050,20,175,"Kansas","Seward County",5,65,185,93,92
050,20,175,"Kansas","Seward County",5,66,163,81,82
050,20,175,"Kansas","Seward County",5,67,153,82,71
050,20,175,"Kansas","Seward County",5,68,171,97,74
050,20,175,"Kansas","Seward County",5,69,133,66,67
050,20,175,"Kansas","Seward County",5,70,124,70,54
050,20,175,"Kansas","Seward County",5,71,134,73,61
050,20,175,"Kansas","Seward County",5,72,118,54,64
050,20,175,"Kansas","Seward County",5,73,116,54,62
050,20,175,"Kansas","Seward County",5,74,97,38,59
050,20,175,"Kansas","Seward County",5,75,95,43,52
050,20,175,"Kansas","Seward County",5,76,103,44,59
050,20,175,"Kansas","Seward County",5,77,78,34,44
050,20,175,"Kansas","Seward County",5,78,73,32,41
050,20,175,"Kansas","Seward County",5,79,58,22,36
050,20,175,"Kansas","Seward County",5,80,61,22,39
050,20,175,"Kansas","Seward County",5,81,58,21,37
050,20,175,"Kansas","Seward County",5,82,51,29,22
050,20,175,"Kansas","Seward County",5,83,38,25,13
050,20,175,"Kansas","Seward County",5,84,54,30,24
050,20,175,"Kansas","Seward County",5,85,265,78,187
050,20,177,"Kansas","Shawnee County",1,0,2086,1073,1013
050,20,177,"Kansas","Shawnee County",1,1,2039,1063,976
050,20,177,"Kansas","Shawnee County",1,2,2134,1135,999
050,20,177,"Kansas","Shawnee County",1,3,2216,1145,1071
050,20,177,"Kansas","Shawnee County",1,4,2219,1142,1077
050,20,177,"Kansas","Shawnee County",1,5,2250,1140,1110
050,20,177,"Kansas","Shawnee County",1,6,2331,1170,1161
050,20,177,"Kansas","Shawnee County",1,7,2326,1149,1177
050,20,177,"Kansas","Shawnee County",1,8,2325,1170,1155
050,20,177,"Kansas","Shawnee County",1,9,2393,1221,1172
050,20,177,"Kansas","Shawnee County",1,10,2413,1251,1162
050,20,177,"Kansas","Shawnee County",1,11,2463,1276,1187
050,20,177,"Kansas","Shawnee County",1,12,2529,1312,1217
050,20,177,"Kansas","Shawnee County",1,13,2525,1286,1239
050,20,177,"Kansas","Shawnee County",1,14,2483,1262,1221
050,20,177,"Kansas","Shawnee County",1,15,2507,1289,1218
050,20,177,"Kansas","Shawnee County",1,16,2516,1330,1186
050,20,177,"Kansas","Shawnee County",1,17,2507,1311,1196
050,20,177,"Kansas","Shawnee County",1,18,2279,1178,1101
050,20,177,"Kansas","Shawnee County",1,19,2041,1054,987
050,20,177,"Kansas","Shawnee County",1,20,2087,1043,1044
050,20,177,"Kansas","Shawnee County",1,21,2100,1014,1086
050,20,177,"Kansas","Shawnee County",1,22,2142,1040,1102
050,20,177,"Kansas","Shawnee County",1,23,2157,1038,1119
050,20,177,"Kansas","Shawnee County",1,24,2168,1042,1126
050,20,177,"Kansas","Shawnee County",1,25,2215,1071,1144
050,20,177,"Kansas","Shawnee County",1,26,2208,1109,1099
050,20,177,"Kansas","Shawnee County",1,27,2209,1097,1112
050,20,177,"Kansas","Shawnee County",1,28,2155,1056,1099
050,20,177,"Kansas","Shawnee County",1,29,2187,1062,1125
050,20,177,"Kansas","Shawnee County",1,30,2210,1100,1110
050,20,177,"Kansas","Shawnee County",1,31,2090,1012,1078
050,20,177,"Kansas","Shawnee County",1,32,2084,1021,1063
050,20,177,"Kansas","Shawnee County",1,33,2201,1067,1134
050,20,177,"Kansas","Shawnee County",1,34,2242,1066,1176
050,20,177,"Kansas","Shawnee County",1,35,2256,1075,1181
050,20,177,"Kansas","Shawnee County",1,36,2248,1075,1173
050,20,177,"Kansas","Shawnee County",1,37,2358,1141,1217
050,20,177,"Kansas","Shawnee County",1,38,2290,1141,1149
050,20,177,"Kansas","Shawnee County",1,39,2320,1161,1159
050,20,177,"Kansas","Shawnee County",1,40,2296,1186,1110
050,20,177,"Kansas","Shawnee County",1,41,2178,1076,1102
050,20,177,"Kansas","Shawnee County",1,42,2128,1015,1113
050,20,177,"Kansas","Shawnee County",1,43,2032,1013,1019
050,20,177,"Kansas","Shawnee County",1,44,1943,970,973
050,20,177,"Kansas","Shawnee County",1,45,1951,982,969
050,20,177,"Kansas","Shawnee County",1,46,1872,943,929
050,20,177,"Kansas","Shawnee County",1,47,1932,933,999
050,20,177,"Kansas","Shawnee County",1,48,2098,1051,1047
050,20,177,"Kansas","Shawnee County",1,49,2203,1075,1128
050,20,177,"Kansas","Shawnee County",1,50,2106,1027,1079
050,20,177,"Kansas","Shawnee County",1,51,2043,1000,1043
050,20,177,"Kansas","Shawnee County",1,52,2025,1020,1005
050,20,177,"Kansas","Shawnee County",1,53,2052,1003,1049
050,20,177,"Kansas","Shawnee County",1,54,2193,1099,1094
050,20,177,"Kansas","Shawnee County",1,55,2358,1185,1173
050,20,177,"Kansas","Shawnee County",1,56,2388,1149,1239
050,20,177,"Kansas","Shawnee County",1,57,2438,1125,1313
050,20,177,"Kansas","Shawnee County",1,58,2442,1153,1289
050,20,177,"Kansas","Shawnee County",1,59,2433,1111,1322
050,20,177,"Kansas","Shawnee County",1,60,2415,1148,1267
050,20,177,"Kansas","Shawnee County",1,61,2561,1220,1341
050,20,177,"Kansas","Shawnee County",1,62,2470,1177,1293
050,20,177,"Kansas","Shawnee County",1,63,2399,1151,1248
050,20,177,"Kansas","Shawnee County",1,64,2325,1097,1228
050,20,177,"Kansas","Shawnee County",1,65,2364,1104,1260
050,20,177,"Kansas","Shawnee County",1,66,2353,1080,1273
050,20,177,"Kansas","Shawnee County",1,67,2251,1053,1198
050,20,177,"Kansas","Shawnee County",1,68,2179,1050,1129
050,20,177,"Kansas","Shawnee County",1,69,2022,952,1070
050,20,177,"Kansas","Shawnee County",1,70,1925,894,1031
050,20,177,"Kansas","Shawnee County",1,71,1860,881,979
050,20,177,"Kansas","Shawnee County",1,72,1795,843,952
050,20,177,"Kansas","Shawnee County",1,73,1810,843,967
050,20,177,"Kansas","Shawnee County",1,74,1228,573,655
050,20,177,"Kansas","Shawnee County",1,75,1269,608,661
050,20,177,"Kansas","Shawnee County",1,76,1276,591,685
050,20,177,"Kansas","Shawnee County",1,77,1208,552,656
050,20,177,"Kansas","Shawnee County",1,78,1040,433,607
050,20,177,"Kansas","Shawnee County",1,79,957,398,559
050,20,177,"Kansas","Shawnee County",1,80,847,362,485
050,20,177,"Kansas","Shawnee County",1,81,831,360,471
050,20,177,"Kansas","Shawnee County",1,82,763,323,440
050,20,177,"Kansas","Shawnee County",1,83,672,284,388
050,20,177,"Kansas","Shawnee County",1,84,645,271,374
050,20,177,"Kansas","Shawnee County",1,85,3822,1347,2475
050,20,177,"Kansas","Shawnee County",2,0,2029,1043,986
050,20,177,"Kansas","Shawnee County",2,1,2040,1061,979
050,20,177,"Kansas","Shawnee County",2,2,2109,1118,991
050,20,177,"Kansas","Shawnee County",2,3,2181,1136,1045
050,20,177,"Kansas","Shawnee County",2,4,2219,1144,1075
050,20,177,"Kansas","Shawnee County",2,5,2243,1142,1101
050,20,177,"Kansas","Shawnee County",2,6,2308,1161,1147
050,20,177,"Kansas","Shawnee County",2,7,2325,1153,1172
050,20,177,"Kansas","Shawnee County",2,8,2320,1166,1154
050,20,177,"Kansas","Shawnee County",2,9,2370,1208,1162
050,20,177,"Kansas","Shawnee County",2,10,2404,1240,1164
050,20,177,"Kansas","Shawnee County",2,11,2439,1266,1173
050,20,177,"Kansas","Shawnee County",2,12,2531,1312,1219
050,20,177,"Kansas","Shawnee County",2,13,2530,1294,1236
050,20,177,"Kansas","Shawnee County",2,14,2494,1267,1227
050,20,177,"Kansas","Shawnee County",2,15,2503,1285,1218
050,20,177,"Kansas","Shawnee County",2,16,2528,1330,1198
050,20,177,"Kansas","Shawnee County",2,17,2519,1320,1199
050,20,177,"Kansas","Shawnee County",2,18,2277,1182,1095
050,20,177,"Kansas","Shawnee County",2,19,2053,1058,995
050,20,177,"Kansas","Shawnee County",2,20,2095,1047,1048
050,20,177,"Kansas","Shawnee County",2,21,2095,1018,1077
050,20,177,"Kansas","Shawnee County",2,22,2148,1042,1106
050,20,177,"Kansas","Shawnee County",2,23,2164,1042,1122
050,20,177,"Kansas","Shawnee County",2,24,2158,1037,1121
050,20,177,"Kansas","Shawnee County",2,25,2200,1062,1138
050,20,177,"Kansas","Shawnee County",2,26,2207,1102,1105
050,20,177,"Kansas","Shawnee County",2,27,2183,1085,1098
050,20,177,"Kansas","Shawnee County",2,28,2168,1067,1101
050,20,177,"Kansas","Shawnee County",2,29,2170,1056,1114
050,20,177,"Kansas","Shawnee County",2,30,2209,1091,1118
050,20,177,"Kansas","Shawnee County",2,31,2104,1025,1079
050,20,177,"Kansas","Shawnee County",2,32,2081,1014,1067
050,20,177,"Kansas","Shawnee County",2,33,2173,1053,1120
050,20,177,"Kansas","Shawnee County",2,34,2222,1062,1160
050,20,177,"Kansas","Shawnee County",2,35,2263,1081,1182
050,20,177,"Kansas","Shawnee County",2,36,2238,1065,1173
050,20,177,"Kansas","Shawnee County",2,37,2328,1124,1204
050,20,177,"Kansas","Shawnee County",2,38,2314,1140,1174
050,20,177,"Kansas","Shawnee County",2,39,2303,1150,1153
050,20,177,"Kansas","Shawnee County",2,40,2315,1185,1130
050,20,177,"Kansas","Shawnee County",2,41,2209,1102,1107
050,20,177,"Kansas","Shawnee County",2,42,2136,1026,1110
050,20,177,"Kansas","Shawnee County",2,43,2065,1024,1041
050,20,177,"Kansas","Shawnee County",2,44,1951,974,977
050,20,177,"Kansas","Shawnee County",2,45,1952,985,967
050,20,177,"Kansas","Shawnee County",2,46,1889,951,938
050,20,177,"Kansas","Shawnee County",2,47,1906,928,978
050,20,177,"Kansas","Shawnee County",2,48,2060,1025,1035
050,20,177,"Kansas","Shawnee County",2,49,2182,1073,1109
050,20,177,"Kansas","Shawnee County",2,50,2127,1034,1093
050,20,177,"Kansas","Shawnee County",2,51,2053,1006,1047
050,20,177,"Kansas","Shawnee County",2,52,2014,1004,1010
050,20,177,"Kansas","Shawnee County",2,53,2040,1005,1035
050,20,177,"Kansas","Shawnee County",2,54,2153,1071,1082
050,20,177,"Kansas","Shawnee County",2,55,2314,1162,1152
050,20,177,"Kansas","Shawnee County",2,56,2387,1160,1227
050,20,177,"Kansas","Shawnee County",2,57,2424,1128,1296
050,20,177,"Kansas","Shawnee County",2,58,2422,1135,1287
050,20,177,"Kansas","Shawnee County",2,59,2434,1120,1314
050,20,177,"Kansas","Shawnee County",2,60,2411,1136,1275
050,20,177,"Kansas","Shawnee County",2,61,2516,1199,1317
050,20,177,"Kansas","Shawnee County",2,62,2483,1186,1297
050,20,177,"Kansas","Shawnee County",2,63,2419,1158,1261
050,20,177,"Kansas","Shawnee County",2,64,2326,1105,1221
050,20,177,"Kansas","Shawnee County",2,65,2337,1094,1243
050,20,177,"Kansas","Shawnee County",2,66,2351,1085,1266
050,20,177,"Kansas","Shawnee County",2,67,2266,1059,1207
050,20,177,"Kansas","Shawnee County",2,68,2172,1038,1134
050,20,177,"Kansas","Shawnee County",2,69,2071,978,1093
050,20,177,"Kansas","Shawnee County",2,70,1931,899,1032
050,20,177,"Kansas","Shawnee County",2,71,1865,872,993
050,20,177,"Kansas","Shawnee County",2,72,1781,838,943
050,20,177,"Kansas","Shawnee County",2,73,1872,874,998
050,20,177,"Kansas","Shawnee County",2,74,1284,598,686
050,20,177,"Kansas","Shawnee County",2,75,1250,595,655
050,20,177,"Kansas","Shawnee County",2,76,1255,585,670
050,20,177,"Kansas","Shawnee County",2,77,1239,567,672
050,20,177,"Kansas","Shawnee County",2,78,1058,452,606
050,20,177,"Kansas","Shawnee County",2,79,964,403,561
050,20,177,"Kansas","Shawnee County",2,80,866,365,501
050,20,177,"Kansas","Shawnee County",2,81,816,352,464
050,20,177,"Kansas","Shawnee County",2,82,780,331,449
050,20,177,"Kansas","Shawnee County",2,83,673,282,391
050,20,177,"Kansas","Shawnee County",2,84,639,269,370
050,20,177,"Kansas","Shawnee County",2,85,3806,1343,2463
050,20,177,"Kansas","Shawnee County",3,0,1908,961,947
050,20,177,"Kansas","Shawnee County",3,1,1994,1035,959
050,20,177,"Kansas","Shawnee County",3,2,2057,1048,1009
050,20,177,"Kansas","Shawnee County",3,3,2095,1113,982
050,20,177,"Kansas","Shawnee County",3,4,2179,1151,1028
050,20,177,"Kansas","Shawnee County",3,5,2233,1148,1085
050,20,177,"Kansas","Shawnee County",3,6,2269,1162,1107
050,20,177,"Kansas","Shawnee County",3,7,2307,1157,1150
050,20,177,"Kansas","Shawnee County",3,8,2348,1155,1193
050,20,177,"Kansas","Shawnee County",3,9,2336,1162,1174
050,20,177,"Kansas","Shawnee County",3,10,2379,1216,1163
050,20,177,"Kansas","Shawnee County",3,11,2380,1221,1159
050,20,177,"Kansas","Shawnee County",3,12,2414,1259,1155
050,20,177,"Kansas","Shawnee County",3,13,2520,1310,1210
050,20,177,"Kansas","Shawnee County",3,14,2534,1297,1237
050,20,177,"Kansas","Shawnee County",3,15,2479,1264,1215
050,20,177,"Kansas","Shawnee County",3,16,2505,1286,1219
050,20,177,"Kansas","Shawnee County",3,17,2533,1348,1185
050,20,177,"Kansas","Shawnee County",3,18,2345,1229,1116
050,20,177,"Kansas","Shawnee County",3,19,2110,1079,1031
050,20,177,"Kansas","Shawnee County",3,20,2138,1080,1058
050,20,177,"Kansas","Shawnee County",3,21,2174,1075,1099
050,20,177,"Kansas","Shawnee County",3,22,2211,1096,1115
050,20,177,"Kansas","Shawnee County",3,23,2190,1078,1112
050,20,177,"Kansas","Shawnee County",3,24,2185,1071,1114
050,20,177,"Kansas","Shawnee County",3,25,2134,1024,1110
050,20,177,"Kansas","Shawnee County",3,26,2197,1085,1112
050,20,177,"Kansas","Shawnee County",3,27,2166,1078,1088
050,20,177,"Kansas","Shawnee County",3,28,2206,1117,1089
050,20,177,"Kansas","Shawnee County",3,29,2133,1050,1083
050,20,177,"Kansas","Shawnee County",3,30,2172,1051,1121
050,20,177,"Kansas","Shawnee County",3,31,2205,1103,1102
050,20,177,"Kansas","Shawnee County",3,32,2107,1020,1087
050,20,177,"Kansas","Shawnee County",3,33,2097,1019,1078
050,20,177,"Kansas","Shawnee County",3,34,2137,1030,1107
050,20,177,"Kansas","Shawnee County",3,35,2205,1061,1144
050,20,177,"Kansas","Shawnee County",3,36,2260,1064,1196
050,20,177,"Kansas","Shawnee County",3,37,2243,1076,1167
050,20,177,"Kansas","Shawnee County",3,38,2322,1124,1198
050,20,177,"Kansas","Shawnee County",3,39,2310,1144,1166
050,20,177,"Kansas","Shawnee County",3,40,2290,1150,1140
050,20,177,"Kansas","Shawnee County",3,41,2325,1199,1126
050,20,177,"Kansas","Shawnee County",3,42,2184,1075,1109
050,20,177,"Kansas","Shawnee County",3,43,2156,1053,1103
050,20,177,"Kansas","Shawnee County",3,44,2090,1041,1049
050,20,177,"Kansas","Shawnee County",3,45,1958,974,984
050,20,177,"Kansas","Shawnee County",3,46,1949,989,960
050,20,177,"Kansas","Shawnee County",3,47,1868,926,942
050,20,177,"Kansas","Shawnee County",3,48,1927,939,988
050,20,177,"Kansas","Shawnee County",3,49,2020,1001,1019
050,20,177,"Kansas","Shawnee County",3,50,2184,1076,1108
050,20,177,"Kansas","Shawnee County",3,51,2114,1027,1087
050,20,177,"Kansas","Shawnee County",3,52,2022,998,1024
050,20,177,"Kansas","Shawnee County",3,53,2004,991,1013
050,20,177,"Kansas","Shawnee County",3,54,2025,1004,1021
050,20,177,"Kansas","Shawnee County",3,55,2147,1059,1088
050,20,177,"Kansas","Shawnee County",3,56,2285,1136,1149
050,20,177,"Kansas","Shawnee County",3,57,2396,1153,1243
050,20,177,"Kansas","Shawnee County",3,58,2399,1117,1282
050,20,177,"Kansas","Shawnee County",3,59,2422,1125,1297
050,20,177,"Kansas","Shawnee County",3,60,2380,1103,1277
050,20,177,"Kansas","Shawnee County",3,61,2397,1121,1276
050,20,177,"Kansas","Shawnee County",3,62,2481,1190,1291
050,20,177,"Kansas","Shawnee County",3,63,2418,1163,1255
050,20,177,"Kansas","Shawnee County",3,64,2375,1135,1240
050,20,177,"Kansas","Shawnee County",3,65,2266,1069,1197
050,20,177,"Kansas","Shawnee County",3,66,2266,1054,1212
050,20,177,"Kansas","Shawnee County",3,67,2322,1067,1255
050,20,177,"Kansas","Shawnee County",3,68,2226,1043,1183
050,20,177,"Kansas","Shawnee County",3,69,2140,1022,1118
050,20,177,"Kansas","Shawnee County",3,70,2024,954,1070
050,20,177,"Kansas","Shawnee County",3,71,1893,874,1019
050,20,177,"Kansas","Shawnee County",3,72,1810,835,975
050,20,177,"Kansas","Shawnee County",3,73,1720,803,917
050,20,177,"Kansas","Shawnee County",3,74,1828,854,974
050,20,177,"Kansas","Shawnee County",3,75,1239,575,664
050,20,177,"Kansas","Shawnee County",3,76,1214,577,637
050,20,177,"Kansas","Shawnee County",3,77,1180,551,629
050,20,177,"Kansas","Shawnee County",3,78,1200,549,651
050,20,177,"Kansas","Shawnee County",3,79,992,422,570
050,20,177,"Kansas","Shawnee County",3,80,913,384,529
050,20,177,"Kansas","Shawnee County",3,81,809,338,471
050,20,177,"Kansas","Shawnee County",3,82,769,322,447
050,20,177,"Kansas","Shawnee County",3,83,703,292,411
050,20,177,"Kansas","Shawnee County",3,84,605,233,372
050,20,177,"Kansas","Shawnee County",3,85,3751,1334,2417
050,20,177,"Kansas","Shawnee County",4,0,1971,971,1000
050,20,177,"Kansas","Shawnee County",4,1,1916,972,944
050,20,177,"Kansas","Shawnee County",4,2,1989,1036,953
050,20,177,"Kansas","Shawnee County",4,3,2034,1039,995
050,20,177,"Kansas","Shawnee County",4,4,2108,1128,980
050,20,177,"Kansas","Shawnee County",4,5,2198,1161,1037
050,20,177,"Kansas","Shawnee County",4,6,2248,1152,1096
050,20,177,"Kansas","Shawnee County",4,7,2279,1165,1114
050,20,177,"Kansas","Shawnee County",4,8,2319,1160,1159
050,20,177,"Kansas","Shawnee County",4,9,2330,1142,1188
050,20,177,"Kansas","Shawnee County",4,10,2353,1183,1170
050,20,177,"Kansas","Shawnee County",4,11,2361,1203,1158
050,20,177,"Kansas","Shawnee County",4,12,2414,1234,1180
050,20,177,"Kansas","Shawnee County",4,13,2407,1260,1147
050,20,177,"Kansas","Shawnee County",4,14,2535,1313,1222
050,20,177,"Kansas","Shawnee County",4,15,2536,1306,1230
050,20,177,"Kansas","Shawnee County",4,16,2502,1282,1220
050,20,177,"Kansas","Shawnee County",4,17,2483,1295,1188
050,20,177,"Kansas","Shawnee County",4,18,2325,1236,1089
050,20,177,"Kansas","Shawnee County",4,19,2070,1069,1001
050,20,177,"Kansas","Shawnee County",4,20,2099,1052,1047
050,20,177,"Kansas","Shawnee County",4,21,2108,1070,1038
050,20,177,"Kansas","Shawnee County",4,22,2227,1085,1142
050,20,177,"Kansas","Shawnee County",4,23,2237,1120,1117
050,20,177,"Kansas","Shawnee County",4,24,2181,1098,1083
050,20,177,"Kansas","Shawnee County",4,25,2152,1047,1105
050,20,177,"Kansas","Shawnee County",4,26,2092,1011,1081
050,20,177,"Kansas","Shawnee County",4,27,2135,1014,1121
050,20,177,"Kansas","Shawnee County",4,28,2174,1075,1099
050,20,177,"Kansas","Shawnee County",4,29,2190,1130,1060
050,20,177,"Kansas","Shawnee County",4,30,2131,1037,1094
050,20,177,"Kansas","Shawnee County",4,31,2167,1043,1124
050,20,177,"Kansas","Shawnee County",4,32,2143,1070,1073
050,20,177,"Kansas","Shawnee County",4,33,2143,1038,1105
050,20,177,"Kansas","Shawnee County",4,34,2086,1016,1070
050,20,177,"Kansas","Shawnee County",4,35,2126,1031,1095
050,20,177,"Kansas","Shawnee County",4,36,2183,1039,1144
050,20,177,"Kansas","Shawnee County",4,37,2253,1081,1172
050,20,177,"Kansas","Shawnee County",4,38,2230,1063,1167
050,20,177,"Kansas","Shawnee County",4,39,2325,1125,1200
050,20,177,"Kansas","Shawnee County",4,40,2317,1150,1167
050,20,177,"Kansas","Shawnee County",4,41,2265,1128,1137
050,20,177,"Kansas","Shawnee County",4,42,2296,1177,1119
050,20,177,"Kansas","Shawnee County",4,43,2156,1077,1079
050,20,177,"Kansas","Shawnee County",4,44,2158,1047,1111
050,20,177,"Kansas","Shawnee County",4,45,2097,1043,1054
050,20,177,"Kansas","Shawnee County",4,46,1935,968,967
050,20,177,"Kansas","Shawnee County",4,47,1917,962,955
050,20,177,"Kansas","Shawnee County",4,48,1869,925,944
050,20,177,"Kansas","Shawnee County",4,49,1908,925,983
050,20,177,"Kansas","Shawnee County",4,50,1983,975,1008
050,20,177,"Kansas","Shawnee County",4,51,2147,1049,1098
050,20,177,"Kansas","Shawnee County",4,52,2099,1023,1076
050,20,177,"Kansas","Shawnee County",4,53,1976,965,1011
050,20,177,"Kansas","Shawnee County",4,54,2000,997,1003
050,20,177,"Kansas","Shawnee County",4,55,2006,1005,1001
050,20,177,"Kansas","Shawnee County",4,56,2148,1060,1088
050,20,177,"Kansas","Shawnee County",4,57,2274,1121,1153
050,20,177,"Kansas","Shawnee County",4,58,2345,1128,1217
050,20,177,"Kansas","Shawnee County",4,59,2381,1110,1271
050,20,177,"Kansas","Shawnee County",4,60,2373,1102,1271
050,20,177,"Kansas","Shawnee County",4,61,2354,1085,1269
050,20,177,"Kansas","Shawnee County",4,62,2375,1108,1267
050,20,177,"Kansas","Shawnee County",4,63,2444,1159,1285
050,20,177,"Kansas","Shawnee County",4,64,2405,1153,1252
050,20,177,"Kansas","Shawnee County",4,65,2315,1099,1216
050,20,177,"Kansas","Shawnee County",4,66,2233,1055,1178
050,20,177,"Kansas","Shawnee County",4,67,2224,1024,1200
050,20,177,"Kansas","Shawnee County",4,68,2299,1058,1241
050,20,177,"Kansas","Shawnee County",4,69,2177,1015,1162
050,20,177,"Kansas","Shawnee County",4,70,2074,993,1081
050,20,177,"Kansas","Shawnee County",4,71,1991,919,1072
050,20,177,"Kansas","Shawnee County",4,72,1831,848,983
050,20,177,"Kansas","Shawnee County",4,73,1765,812,953
050,20,177,"Kansas","Shawnee County",4,74,1662,780,882
050,20,177,"Kansas","Shawnee County",4,75,1782,817,965
050,20,177,"Kansas","Shawnee County",4,76,1186,553,633
050,20,177,"Kansas","Shawnee County",4,77,1125,534,591
050,20,177,"Kansas","Shawnee County",4,78,1145,531,614
050,20,177,"Kansas","Shawnee County",4,79,1142,519,623
050,20,177,"Kansas","Shawnee County",4,80,917,390,527
050,20,177,"Kansas","Shawnee County",4,81,853,358,495
050,20,177,"Kansas","Shawnee County",4,82,778,319,459
050,20,177,"Kansas","Shawnee County",4,83,702,293,409
050,20,177,"Kansas","Shawnee County",4,84,638,243,395
050,20,177,"Kansas","Shawnee County",4,85,3710,1323,2387
050,20,177,"Kansas","Shawnee County",5,0,1988,974,1014
050,20,177,"Kansas","Shawnee County",5,1,1996,980,1016
050,20,177,"Kansas","Shawnee County",5,2,1944,974,970
050,20,177,"Kansas","Shawnee County",5,3,1998,1024,974
050,20,177,"Kansas","Shawnee County",5,4,2046,1037,1009
050,20,177,"Kansas","Shawnee County",5,5,2119,1128,991
050,20,177,"Kansas","Shawnee County",5,6,2207,1157,1050
050,20,177,"Kansas","Shawnee County",5,7,2230,1132,1098
050,20,177,"Kansas","Shawnee County",5,8,2290,1169,1121
050,20,177,"Kansas","Shawnee County",5,9,2295,1163,1132
050,20,177,"Kansas","Shawnee County",5,10,2342,1151,1191
050,20,177,"Kansas","Shawnee County",5,11,2341,1177,1164
050,20,177,"Kansas","Shawnee County",5,12,2360,1221,1139
050,20,177,"Kansas","Shawnee County",5,13,2432,1232,1200
050,20,177,"Kansas","Shawnee County",5,14,2398,1251,1147
050,20,177,"Kansas","Shawnee County",5,15,2528,1307,1221
050,20,177,"Kansas","Shawnee County",5,16,2569,1338,1231
050,20,177,"Kansas","Shawnee County",5,17,2523,1299,1224
050,20,177,"Kansas","Shawnee County",5,18,2265,1189,1076
050,20,177,"Kansas","Shawnee County",5,19,2107,1108,999
050,20,177,"Kansas","Shawnee County",5,20,2136,1092,1044
050,20,177,"Kansas","Shawnee County",5,21,2140,1049,1091
050,20,177,"Kansas","Shawnee County",5,22,2190,1100,1090
050,20,177,"Kansas","Shawnee County",5,23,2292,1143,1149
050,20,177,"Kansas","Shawnee County",5,24,2220,1132,1088
050,20,177,"Kansas","Shawnee County",5,25,2211,1095,1116
050,20,177,"Kansas","Shawnee County",5,26,2130,1053,1077
050,20,177,"Kansas","Shawnee County",5,27,2046,991,1055
050,20,177,"Kansas","Shawnee County",5,28,2126,1005,1121
050,20,177,"Kansas","Shawnee County",5,29,2160,1097,1063
050,20,177,"Kansas","Shawnee County",5,30,2216,1134,1082
050,20,177,"Kansas","Shawnee County",5,31,2084,1027,1057
050,20,177,"Kansas","Shawnee County",5,32,2162,1039,1123
050,20,177,"Kansas","Shawnee County",5,33,2183,1086,1097
050,20,177,"Kansas","Shawnee County",5,34,2096,1017,1079
050,20,177,"Kansas","Shawnee County",5,35,2098,1016,1082
050,20,177,"Kansas","Shawnee County",5,36,2142,1015,1127
050,20,177,"Kansas","Shawnee County",5,37,2175,1045,1130
050,20,177,"Kansas","Shawnee County",5,38,2223,1056,1167
050,20,177,"Kansas","Shawnee County",5,39,2240,1068,1172
050,20,177,"Kansas","Shawnee County",5,40,2328,1133,1195
050,20,177,"Kansas","Shawnee County",5,41,2324,1153,1171
050,20,177,"Kansas","Shawnee County",5,42,2272,1111,1161
050,20,177,"Kansas","Shawnee County",5,43,2305,1188,1117
050,20,177,"Kansas","Shawnee County",5,44,2155,1079,1076
050,20,177,"Kansas","Shawnee County",5,45,2156,1043,1113
050,20,177,"Kansas","Shawnee County",5,46,2106,1051,1055
050,20,177,"Kansas","Shawnee County",5,47,1916,963,953
050,20,177,"Kansas","Shawnee County",5,48,1928,972,956
050,20,177,"Kansas","Shawnee County",5,49,1845,906,939
050,20,177,"Kansas","Shawnee County",5,50,1894,926,968
050,20,177,"Kansas","Shawnee County",5,51,2011,987,1024
050,20,177,"Kansas","Shawnee County",5,52,2140,1064,1076
050,20,177,"Kansas","Shawnee County",5,53,2097,1030,1067
050,20,177,"Kansas","Shawnee County",5,54,1988,979,1009
050,20,177,"Kansas","Shawnee County",5,55,1980,989,991
050,20,177,"Kansas","Shawnee County",5,56,2021,1017,1004
050,20,177,"Kansas","Shawnee County",5,57,2142,1051,1091
050,20,177,"Kansas","Shawnee County",5,58,2232,1113,1119
050,20,177,"Kansas","Shawnee County",5,59,2341,1124,1217
050,20,177,"Kansas","Shawnee County",5,60,2329,1075,1254
050,20,177,"Kansas","Shawnee County",5,61,2345,1081,1264
050,20,177,"Kansas","Shawnee County",5,62,2347,1080,1267
050,20,177,"Kansas","Shawnee County",5,63,2339,1074,1265
050,20,177,"Kansas","Shawnee County",5,64,2440,1161,1279
050,20,177,"Kansas","Shawnee County",5,65,2351,1116,1235
050,20,177,"Kansas","Shawnee County",5,66,2285,1073,1212
050,20,177,"Kansas","Shawnee County",5,67,2212,1044,1168
050,20,177,"Kansas","Shawnee County",5,68,2195,1012,1183
050,20,177,"Kansas","Shawnee County",5,69,2258,1025,1233
050,20,177,"Kansas","Shawnee County",5,70,2131,986,1145
050,20,177,"Kansas","Shawnee County",5,71,2042,968,1074
050,20,177,"Kansas","Shawnee County",5,72,1943,895,1048
050,20,177,"Kansas","Shawnee County",5,73,1803,822,981
050,20,177,"Kansas","Shawnee County",5,74,1715,787,928
050,20,177,"Kansas","Shawnee County",5,75,1625,749,876
050,20,177,"Kansas","Shawnee County",5,76,1727,793,934
050,20,177,"Kansas","Shawnee County",5,77,1113,522,591
050,20,177,"Kansas","Shawnee County",5,78,1092,518,574
050,20,177,"Kansas","Shawnee County",5,79,1099,508,591
050,20,177,"Kansas","Shawnee County",5,80,1078,491,587
050,20,177,"Kansas","Shawnee County",5,81,862,364,498
050,20,177,"Kansas","Shawnee County",5,82,812,337,475
050,20,177,"Kansas","Shawnee County",5,83,723,297,426
050,20,177,"Kansas","Shawnee County",5,84,665,265,400
050,20,177,"Kansas","Shawnee County",5,85,3786,1369,2417
050,20,179,"Kansas","Sheridan County",1,0,23,12,11
050,20,179,"Kansas","Sheridan County",1,1,26,12,14
050,20,179,"Kansas","Sheridan County",1,2,27,12,15
050,20,179,"Kansas","Sheridan County",1,3,29,14,15
050,20,179,"Kansas","Sheridan County",1,4,34,20,14
050,20,179,"Kansas","Sheridan County",1,5,31,20,11
050,20,179,"Kansas","Sheridan County",1,6,36,22,14
050,20,179,"Kansas","Sheridan County",1,7,31,17,14
050,20,179,"Kansas","Sheridan County",1,8,37,18,19
050,20,179,"Kansas","Sheridan County",1,9,36,18,18
050,20,179,"Kansas","Sheridan County",1,10,36,21,15
050,20,179,"Kansas","Sheridan County",1,11,31,14,17
050,20,179,"Kansas","Sheridan County",1,12,34,17,17
050,20,179,"Kansas","Sheridan County",1,13,40,17,23
050,20,179,"Kansas","Sheridan County",1,14,37,20,17
050,20,179,"Kansas","Sheridan County",1,15,35,21,14
050,20,179,"Kansas","Sheridan County",1,16,42,19,23
050,20,179,"Kansas","Sheridan County",1,17,39,17,22
050,20,179,"Kansas","Sheridan County",1,18,29,19,10
050,20,179,"Kansas","Sheridan County",1,19,21,12,9
050,20,179,"Kansas","Sheridan County",1,20,23,13,10
050,20,179,"Kansas","Sheridan County",1,21,21,12,9
050,20,179,"Kansas","Sheridan County",1,22,20,10,10
050,20,179,"Kansas","Sheridan County",1,23,26,13,13
050,20,179,"Kansas","Sheridan County",1,24,29,15,14
050,20,179,"Kansas","Sheridan County",1,25,27,13,14
050,20,179,"Kansas","Sheridan County",1,26,28,13,15
050,20,179,"Kansas","Sheridan County",1,27,21,11,10
050,20,179,"Kansas","Sheridan County",1,28,20,10,10
050,20,179,"Kansas","Sheridan County",1,29,21,10,11
050,20,179,"Kansas","Sheridan County",1,30,19,11,8
050,20,179,"Kansas","Sheridan County",1,31,24,13,11
050,20,179,"Kansas","Sheridan County",1,32,21,10,11
050,20,179,"Kansas","Sheridan County",1,33,26,10,16
050,20,179,"Kansas","Sheridan County",1,34,28,16,12
050,20,179,"Kansas","Sheridan County",1,35,27,13,14
050,20,179,"Kansas","Sheridan County",1,36,24,18,6
050,20,179,"Kansas","Sheridan County",1,37,28,18,10
050,20,179,"Kansas","Sheridan County",1,38,27,14,13
050,20,179,"Kansas","Sheridan County",1,39,26,14,12
050,20,179,"Kansas","Sheridan County",1,40,30,17,13
050,20,179,"Kansas","Sheridan County",1,41,31,13,18
050,20,179,"Kansas","Sheridan County",1,42,24,9,15
050,20,179,"Kansas","Sheridan County",1,43,26,11,15
050,20,179,"Kansas","Sheridan County",1,44,23,8,15
050,20,179,"Kansas","Sheridan County",1,45,22,12,10
050,20,179,"Kansas","Sheridan County",1,46,24,16,8
050,20,179,"Kansas","Sheridan County",1,47,18,9,9
050,20,179,"Kansas","Sheridan County",1,48,21,10,11
050,20,179,"Kansas","Sheridan County",1,49,28,15,13
050,20,179,"Kansas","Sheridan County",1,50,24,13,11
050,20,179,"Kansas","Sheridan County",1,51,21,7,14
050,20,179,"Kansas","Sheridan County",1,52,18,11,7
050,20,179,"Kansas","Sheridan County",1,53,26,16,10
050,20,179,"Kansas","Sheridan County",1,54,26,15,11
050,20,179,"Kansas","Sheridan County",1,55,31,12,19
050,20,179,"Kansas","Sheridan County",1,56,36,17,19
050,20,179,"Kansas","Sheridan County",1,57,35,19,16
050,20,179,"Kansas","Sheridan County",1,58,43,28,15
050,20,179,"Kansas","Sheridan County",1,59,33,18,15
050,20,179,"Kansas","Sheridan County",1,60,35,18,17
050,20,179,"Kansas","Sheridan County",1,61,42,23,19
050,20,179,"Kansas","Sheridan County",1,62,35,19,16
050,20,179,"Kansas","Sheridan County",1,63,34,18,16
050,20,179,"Kansas","Sheridan County",1,64,38,22,16
050,20,179,"Kansas","Sheridan County",1,65,39,20,19
050,20,179,"Kansas","Sheridan County",1,66,36,18,18
050,20,179,"Kansas","Sheridan County",1,67,34,14,20
050,20,179,"Kansas","Sheridan County",1,68,28,13,15
050,20,179,"Kansas","Sheridan County",1,69,27,14,13
050,20,179,"Kansas","Sheridan County",1,70,30,16,14
050,20,179,"Kansas","Sheridan County",1,71,33,16,17
050,20,179,"Kansas","Sheridan County",1,72,22,14,8
050,20,179,"Kansas","Sheridan County",1,73,24,15,9
050,20,179,"Kansas","Sheridan County",1,74,22,12,10
050,20,179,"Kansas","Sheridan County",1,75,21,12,9
050,20,179,"Kansas","Sheridan County",1,76,23,11,12
050,20,179,"Kansas","Sheridan County",1,77,17,7,10
050,20,179,"Kansas","Sheridan County",1,78,15,6,9
050,20,179,"Kansas","Sheridan County",1,79,16,4,12
050,20,179,"Kansas","Sheridan County",1,80,15,8,7
050,20,179,"Kansas","Sheridan County",1,81,15,5,10
050,20,179,"Kansas","Sheridan County",1,82,16,5,11
050,20,179,"Kansas","Sheridan County",1,83,16,8,8
050,20,179,"Kansas","Sheridan County",1,84,17,7,10
050,20,179,"Kansas","Sheridan County",1,85,112,44,68
050,20,179,"Kansas","Sheridan County",2,0,27,14,13
050,20,179,"Kansas","Sheridan County",2,1,25,12,13
050,20,179,"Kansas","Sheridan County",2,2,28,12,16
050,20,179,"Kansas","Sheridan County",2,3,30,15,15
050,20,179,"Kansas","Sheridan County",2,4,32,20,12
050,20,179,"Kansas","Sheridan County",2,5,32,21,11
050,20,179,"Kansas","Sheridan County",2,6,34,21,13
050,20,179,"Kansas","Sheridan County",2,7,32,18,14
050,20,179,"Kansas","Sheridan County",2,8,36,18,18
050,20,179,"Kansas","Sheridan County",2,9,37,19,18
050,20,179,"Kansas","Sheridan County",2,10,37,20,17
050,20,179,"Kansas","Sheridan County",2,11,32,16,16
050,20,179,"Kansas","Sheridan County",2,12,33,16,17
050,20,179,"Kansas","Sheridan County",2,13,38,17,21
050,20,179,"Kansas","Sheridan County",2,14,38,19,19
050,20,179,"Kansas","Sheridan County",2,15,34,20,14
050,20,179,"Kansas","Sheridan County",2,16,40,19,21
050,20,179,"Kansas","Sheridan County",2,17,40,18,22
050,20,179,"Kansas","Sheridan County",2,18,30,18,12
050,20,179,"Kansas","Sheridan County",2,19,21,12,9
050,20,179,"Kansas","Sheridan County",2,20,23,13,10
050,20,179,"Kansas","Sheridan County",2,21,22,13,9
050,20,179,"Kansas","Sheridan County",2,22,21,11,10
050,20,179,"Kansas","Sheridan County",2,23,25,13,12
050,20,179,"Kansas","Sheridan County",2,24,31,16,15
050,20,179,"Kansas","Sheridan County",2,25,28,14,14
050,20,179,"Kansas","Sheridan County",2,26,26,12,14
050,20,179,"Kansas","Sheridan County",2,27,22,11,11
050,20,179,"Kansas","Sheridan County",2,28,20,10,10
050,20,179,"Kansas","Sheridan County",2,29,21,10,11
050,20,179,"Kansas","Sheridan County",2,30,20,12,8
050,20,179,"Kansas","Sheridan County",2,31,22,12,10
050,20,179,"Kansas","Sheridan County",2,32,21,10,11
050,20,179,"Kansas","Sheridan County",2,33,25,10,15
050,20,179,"Kansas","Sheridan County",2,34,29,15,14
050,20,179,"Kansas","Sheridan County",2,35,28,14,14
050,20,179,"Kansas","Sheridan County",2,36,25,17,8
050,20,179,"Kansas","Sheridan County",2,37,27,18,9
050,20,179,"Kansas","Sheridan County",2,38,26,14,12
050,20,179,"Kansas","Sheridan County",2,39,27,14,13
050,20,179,"Kansas","Sheridan County",2,40,30,17,13
050,20,179,"Kansas","Sheridan County",2,41,30,14,16
050,20,179,"Kansas","Sheridan County",2,42,26,10,16
050,20,179,"Kansas","Sheridan County",2,43,25,10,15
050,20,179,"Kansas","Sheridan County",2,44,24,9,15
050,20,179,"Kansas","Sheridan County",2,45,22,11,11
050,20,179,"Kansas","Sheridan County",2,46,24,15,9
050,20,179,"Kansas","Sheridan County",2,47,19,11,8
050,20,179,"Kansas","Sheridan County",2,48,20,9,11
050,20,179,"Kansas","Sheridan County",2,49,27,14,13
050,20,179,"Kansas","Sheridan County",2,50,26,14,12
050,20,179,"Kansas","Sheridan County",2,51,21,8,13
050,20,179,"Kansas","Sheridan County",2,52,18,10,8
050,20,179,"Kansas","Sheridan County",2,53,24,15,9
050,20,179,"Kansas","Sheridan County",2,54,26,15,11
050,20,179,"Kansas","Sheridan County",2,55,30,13,17
050,20,179,"Kansas","Sheridan County",2,56,34,15,19
050,20,179,"Kansas","Sheridan County",2,57,36,19,17
050,20,179,"Kansas","Sheridan County",2,58,40,25,15
050,20,179,"Kansas","Sheridan County",2,59,35,20,15
050,20,179,"Kansas","Sheridan County",2,60,34,17,17
050,20,179,"Kansas","Sheridan County",2,61,40,22,18
050,20,179,"Kansas","Sheridan County",2,62,36,20,16
050,20,179,"Kansas","Sheridan County",2,63,35,19,16
050,20,179,"Kansas","Sheridan County",2,64,37,21,16
050,20,179,"Kansas","Sheridan County",2,65,37,19,18
050,20,179,"Kansas","Sheridan County",2,66,38,19,19
050,20,179,"Kansas","Sheridan County",2,67,34,15,19
050,20,179,"Kansas","Sheridan County",2,68,28,12,16
050,20,179,"Kansas","Sheridan County",2,69,28,14,14
050,20,179,"Kansas","Sheridan County",2,70,30,16,14
050,20,179,"Kansas","Sheridan County",2,71,33,16,17
050,20,179,"Kansas","Sheridan County",2,72,24,14,10
050,20,179,"Kansas","Sheridan County",2,73,25,16,9
050,20,179,"Kansas","Sheridan County",2,74,21,12,9
050,20,179,"Kansas","Sheridan County",2,75,21,12,9
050,20,179,"Kansas","Sheridan County",2,76,22,11,11
050,20,179,"Kansas","Sheridan County",2,77,19,8,11
050,20,179,"Kansas","Sheridan County",2,78,16,7,9
050,20,179,"Kansas","Sheridan County",2,79,15,4,11
050,20,179,"Kansas","Sheridan County",2,80,15,7,8
050,20,179,"Kansas","Sheridan County",2,81,14,6,8
050,20,179,"Kansas","Sheridan County",2,82,16,5,11
050,20,179,"Kansas","Sheridan County",2,83,15,7,8
050,20,179,"Kansas","Sheridan County",2,84,16,7,9
050,20,179,"Kansas","Sheridan County",2,85,114,44,70
050,20,179,"Kansas","Sheridan County",3,0,29,14,15
050,20,179,"Kansas","Sheridan County",3,1,37,18,19
050,20,179,"Kansas","Sheridan County",3,2,27,12,15
050,20,179,"Kansas","Sheridan County",3,3,29,11,18
050,20,179,"Kansas","Sheridan County",3,4,34,19,15
050,20,179,"Kansas","Sheridan County",3,5,34,20,14
050,20,179,"Kansas","Sheridan County",3,6,31,18,13
050,20,179,"Kansas","Sheridan County",3,7,32,19,13
050,20,179,"Kansas","Sheridan County",3,8,33,18,15
050,20,179,"Kansas","Sheridan County",3,9,40,21,19
050,20,179,"Kansas","Sheridan County",3,10,38,20,18
050,20,179,"Kansas","Sheridan County",3,11,41,22,19
050,20,179,"Kansas","Sheridan County",3,12,31,16,15
050,20,179,"Kansas","Sheridan County",3,13,34,16,18
050,20,179,"Kansas","Sheridan County",3,14,38,17,21
050,20,179,"Kansas","Sheridan County",3,15,37,19,18
050,20,179,"Kansas","Sheridan County",3,16,34,20,14
050,20,179,"Kansas","Sheridan County",3,17,43,19,24
050,20,179,"Kansas","Sheridan County",3,18,35,16,19
050,20,179,"Kansas","Sheridan County",3,19,21,13,8
050,20,179,"Kansas","Sheridan County",3,20,26,14,12
050,20,179,"Kansas","Sheridan County",3,21,24,13,11
050,20,179,"Kansas","Sheridan County",3,22,24,13,11
050,20,179,"Kansas","Sheridan County",3,23,27,13,14
050,20,179,"Kansas","Sheridan County",3,24,22,12,10
050,20,179,"Kansas","Sheridan County",3,25,30,16,14
050,20,179,"Kansas","Sheridan County",3,26,27,14,13
050,20,179,"Kansas","Sheridan County",3,27,27,14,13
050,20,179,"Kansas","Sheridan County",3,28,23,11,12
050,20,179,"Kansas","Sheridan County",3,29,18,10,8
050,20,179,"Kansas","Sheridan County",3,30,21,8,13
050,20,179,"Kansas","Sheridan County",3,31,25,13,12
050,20,179,"Kansas","Sheridan County",3,32,22,12,10
050,20,179,"Kansas","Sheridan County",3,33,24,11,13
050,20,179,"Kansas","Sheridan County",3,34,21,7,14
050,20,179,"Kansas","Sheridan County",3,35,29,15,14
050,20,179,"Kansas","Sheridan County",3,36,28,14,14
050,20,179,"Kansas","Sheridan County",3,37,25,17,8
050,20,179,"Kansas","Sheridan County",3,38,26,17,9
050,20,179,"Kansas","Sheridan County",3,39,26,14,12
050,20,179,"Kansas","Sheridan County",3,40,25,15,10
050,20,179,"Kansas","Sheridan County",3,41,30,17,13
050,20,179,"Kansas","Sheridan County",3,42,28,14,14
050,20,179,"Kansas","Sheridan County",3,43,25,10,15
050,20,179,"Kansas","Sheridan County",3,44,26,10,16
050,20,179,"Kansas","Sheridan County",3,45,23,8,15
050,20,179,"Kansas","Sheridan County",3,46,20,10,10
050,20,179,"Kansas","Sheridan County",3,47,24,15,9
050,20,179,"Kansas","Sheridan County",3,48,18,10,8
050,20,179,"Kansas","Sheridan County",3,49,20,9,11
050,20,179,"Kansas","Sheridan County",3,50,29,14,15
050,20,179,"Kansas","Sheridan County",3,51,25,13,12
050,20,179,"Kansas","Sheridan County",3,52,19,8,11
050,20,179,"Kansas","Sheridan County",3,53,18,10,8
050,20,179,"Kansas","Sheridan County",3,54,24,15,9
050,20,179,"Kansas","Sheridan County",3,55,28,14,14
050,20,179,"Kansas","Sheridan County",3,56,34,16,18
050,20,179,"Kansas","Sheridan County",3,57,35,16,19
050,20,179,"Kansas","Sheridan County",3,58,35,19,16
050,20,179,"Kansas","Sheridan County",3,59,41,26,15
050,20,179,"Kansas","Sheridan County",3,60,35,20,15
050,20,179,"Kansas","Sheridan County",3,61,33,17,16
050,20,179,"Kansas","Sheridan County",3,62,38,21,17
050,20,179,"Kansas","Sheridan County",3,63,35,19,16
050,20,179,"Kansas","Sheridan County",3,64,33,18,15
050,20,179,"Kansas","Sheridan County",3,65,35,19,16
050,20,179,"Kansas","Sheridan County",3,66,37,19,18
050,20,179,"Kansas","Sheridan County",3,67,37,19,18
050,20,179,"Kansas","Sheridan County",3,68,32,14,18
050,20,179,"Kansas","Sheridan County",3,69,28,12,16
050,20,179,"Kansas","Sheridan County",3,70,27,14,13
050,20,179,"Kansas","Sheridan County",3,71,31,16,15
050,20,179,"Kansas","Sheridan County",3,72,32,15,17
050,20,179,"Kansas","Sheridan County",3,73,21,11,10
050,20,179,"Kansas","Sheridan County",3,74,25,16,9
050,20,179,"Kansas","Sheridan County",3,75,21,12,9
050,20,179,"Kansas","Sheridan County",3,76,19,10,9
050,20,179,"Kansas","Sheridan County",3,77,20,11,9
050,20,179,"Kansas","Sheridan County",3,78,21,9,12
050,20,179,"Kansas","Sheridan County",3,79,16,7,9
050,20,179,"Kansas","Sheridan County",3,80,12,4,8
050,20,179,"Kansas","Sheridan County",3,81,15,7,8
050,20,179,"Kansas","Sheridan County",3,82,15,6,9
050,20,179,"Kansas","Sheridan County",3,83,13,4,9
050,20,179,"Kansas","Sheridan County",3,84,13,5,8
050,20,179,"Kansas","Sheridan County",3,85,107,38,69
050,20,179,"Kansas","Sheridan County",4,0,28,12,16
050,20,179,"Kansas","Sheridan County",4,1,30,16,14
050,20,179,"Kansas","Sheridan County",4,2,40,21,19
050,20,179,"Kansas","Sheridan County",4,3,24,9,15
050,20,179,"Kansas","Sheridan County",4,4,31,13,18
050,20,179,"Kansas","Sheridan County",4,5,33,16,17
050,20,179,"Kansas","Sheridan County",4,6,35,21,14
050,20,179,"Kansas","Sheridan County",4,7,33,18,15
050,20,179,"Kansas","Sheridan County",4,8,33,20,13
050,20,179,"Kansas","Sheridan County",4,9,34,18,16
050,20,179,"Kansas","Sheridan County",4,10,39,21,18
050,20,179,"Kansas","Sheridan County",4,11,40,20,20
050,20,179,"Kansas","Sheridan County",4,12,41,24,17
050,20,179,"Kansas","Sheridan County",4,13,32,17,15
050,20,179,"Kansas","Sheridan County",4,14,32,16,16
050,20,179,"Kansas","Sheridan County",4,15,38,16,22
050,20,179,"Kansas","Sheridan County",4,16,36,18,18
050,20,179,"Kansas","Sheridan County",4,17,33,19,14
050,20,179,"Kansas","Sheridan County",4,18,39,17,22
050,20,179,"Kansas","Sheridan County",4,19,26,12,14
050,20,179,"Kansas","Sheridan County",4,20,23,12,11
050,20,179,"Kansas","Sheridan County",4,21,23,12,11
050,20,179,"Kansas","Sheridan County",4,22,21,10,11
050,20,179,"Kansas","Sheridan County",4,23,21,13,8
050,20,179,"Kansas","Sheridan County",4,24,24,14,10
050,20,179,"Kansas","Sheridan County",4,25,25,15,10
050,20,179,"Kansas","Sheridan County",4,26,30,15,15
050,20,179,"Kansas","Sheridan County",4,27,28,14,14
050,20,179,"Kansas","Sheridan County",4,28,32,14,18
050,20,179,"Kansas","Sheridan County",4,29,24,12,12
050,20,179,"Kansas","Sheridan County",4,30,20,12,8
050,20,179,"Kansas","Sheridan County",4,31,21,7,14
050,20,179,"Kansas","Sheridan County",4,32,24,15,9
050,20,179,"Kansas","Sheridan County",4,33,25,12,13
050,20,179,"Kansas","Sheridan County",4,34,23,10,13
050,20,179,"Kansas","Sheridan County",4,35,21,7,14
050,20,179,"Kansas","Sheridan County",4,36,29,15,14
050,20,179,"Kansas","Sheridan County",4,37,28,14,14
050,20,179,"Kansas","Sheridan County",4,38,25,17,8
050,20,179,"Kansas","Sheridan County",4,39,28,17,11
050,20,179,"Kansas","Sheridan County",4,40,23,12,11
050,20,179,"Kansas","Sheridan County",4,41,23,13,10
050,20,179,"Kansas","Sheridan County",4,42,30,17,13
050,20,179,"Kansas","Sheridan County",4,43,29,15,14
050,20,179,"Kansas","Sheridan County",4,44,23,8,15
050,20,179,"Kansas","Sheridan County",4,45,24,8,16
050,20,179,"Kansas","Sheridan County",4,46,21,7,14
050,20,179,"Kansas","Sheridan County",4,47,19,9,10
050,20,179,"Kansas","Sheridan County",4,48,26,16,10
050,20,179,"Kansas","Sheridan County",4,49,18,10,8
050,20,179,"Kansas","Sheridan County",4,50,20,9,11
050,20,179,"Kansas","Sheridan County",4,51,28,13,15
050,20,179,"Kansas","Sheridan County",4,52,22,11,11
050,20,179,"Kansas","Sheridan County",4,53,19,8,11
050,20,179,"Kansas","Sheridan County",4,54,21,10,11
050,20,179,"Kansas","Sheridan County",4,55,23,16,7
050,20,179,"Kansas","Sheridan County",4,56,28,14,14
050,20,179,"Kansas","Sheridan County",4,57,33,15,18
050,20,179,"Kansas","Sheridan County",4,58,36,17,19
050,20,179,"Kansas","Sheridan County",4,59,36,19,17
050,20,179,"Kansas","Sheridan County",4,60,43,27,16
050,20,179,"Kansas","Sheridan County",4,61,37,21,16
050,20,179,"Kansas","Sheridan County",4,62,33,17,16
050,20,179,"Kansas","Sheridan County",4,63,40,21,19
050,20,179,"Kansas","Sheridan County",4,64,36,19,17
050,20,179,"Kansas","Sheridan County",4,65,33,17,16
050,20,179,"Kansas","Sheridan County",4,66,37,20,17
050,20,179,"Kansas","Sheridan County",4,67,37,19,18
050,20,179,"Kansas","Sheridan County",4,68,32,16,16
050,20,179,"Kansas","Sheridan County",4,69,32,14,18
050,20,179,"Kansas","Sheridan County",4,70,28,12,16
050,20,179,"Kansas","Sheridan County",4,71,29,14,15
050,20,179,"Kansas","Sheridan County",4,72,30,15,15
050,20,179,"Kansas","Sheridan County",4,73,29,15,14
050,20,179,"Kansas","Sheridan County",4,74,20,10,10
050,20,179,"Kansas","Sheridan County",4,75,22,14,8
050,20,179,"Kansas","Sheridan County",4,76,21,12,9
050,20,179,"Kansas","Sheridan County",4,77,19,10,9
050,20,179,"Kansas","Sheridan County",4,78,18,10,8
050,20,179,"Kansas","Sheridan County",4,79,18,7,11
050,20,179,"Kansas","Sheridan County",4,80,12,7,5
050,20,179,"Kansas","Sheridan County",4,81,11,4,7
050,20,179,"Kansas","Sheridan County",4,82,18,7,11
050,20,179,"Kansas","Sheridan County",4,83,13,5,8
050,20,179,"Kansas","Sheridan County",4,84,8,1,7
050,20,179,"Kansas","Sheridan County",4,85,109,38,71
050,20,179,"Kansas","Sheridan County",5,0,28,12,16
050,20,179,"Kansas","Sheridan County",5,1,30,14,16
050,20,179,"Kansas","Sheridan County",5,2,27,19,8
050,20,179,"Kansas","Sheridan County",5,3,42,25,17
050,20,179,"Kansas","Sheridan County",5,4,28,13,15
050,20,179,"Kansas","Sheridan County",5,5,29,11,18
050,20,179,"Kansas","Sheridan County",5,6,30,14,16
050,20,179,"Kansas","Sheridan County",5,7,36,21,15
050,20,179,"Kansas","Sheridan County",5,8,34,18,16
050,20,179,"Kansas","Sheridan County",5,9,33,21,12
050,20,179,"Kansas","Sheridan County",5,10,34,20,14
050,20,179,"Kansas","Sheridan County",5,11,36,18,18
050,20,179,"Kansas","Sheridan County",5,12,38,17,21
050,20,179,"Kansas","Sheridan County",5,13,41,22,19
050,20,179,"Kansas","Sheridan County",5,14,30,17,13
050,20,179,"Kansas","Sheridan County",5,15,34,15,19
050,20,179,"Kansas","Sheridan County",5,16,37,17,20
050,20,179,"Kansas","Sheridan County",5,17,35,18,17
050,20,179,"Kansas","Sheridan County",5,18,27,16,11
050,20,179,"Kansas","Sheridan County",5,19,27,13,14
050,20,179,"Kansas","Sheridan County",5,20,27,13,14
050,20,179,"Kansas","Sheridan County",5,21,25,14,11
050,20,179,"Kansas","Sheridan County",5,22,26,14,12
050,20,179,"Kansas","Sheridan County",5,23,28,14,14
050,20,179,"Kansas","Sheridan County",5,24,22,15,7
050,20,179,"Kansas","Sheridan County",5,25,20,11,9
050,20,179,"Kansas","Sheridan County",5,26,28,15,13
050,20,179,"Kansas","Sheridan County",5,27,29,14,15
050,20,179,"Kansas","Sheridan County",5,28,30,14,16
050,20,179,"Kansas","Sheridan County",5,29,32,15,17
050,20,179,"Kansas","Sheridan County",5,30,20,10,10
050,20,179,"Kansas","Sheridan County",5,31,21,12,9
050,20,179,"Kansas","Sheridan County",5,32,25,11,14
050,20,179,"Kansas","Sheridan County",5,33,19,11,8
050,20,179,"Kansas","Sheridan County",5,34,25,11,14
050,20,179,"Kansas","Sheridan County",5,35,19,9,10
050,20,179,"Kansas","Sheridan County",5,36,23,11,12
050,20,179,"Kansas","Sheridan County",5,37,30,15,15
050,20,179,"Kansas","Sheridan County",5,38,30,15,15
050,20,179,"Kansas","Sheridan County",5,39,26,17,9
050,20,179,"Kansas","Sheridan County",5,40,30,17,13
050,20,179,"Kansas","Sheridan County",5,41,21,10,11
050,20,179,"Kansas","Sheridan County",5,42,24,14,10
050,20,179,"Kansas","Sheridan County",5,43,31,17,14
050,20,179,"Kansas","Sheridan County",5,44,29,15,14
050,20,179,"Kansas","Sheridan County",5,45,24,9,15
050,20,179,"Kansas","Sheridan County",5,46,22,7,15
050,20,179,"Kansas","Sheridan County",5,47,21,7,14
050,20,179,"Kansas","Sheridan County",5,48,19,9,10
050,20,179,"Kansas","Sheridan County",5,49,27,16,11
050,20,179,"Kansas","Sheridan County",5,50,18,9,9
050,20,179,"Kansas","Sheridan County",5,51,19,8,11
050,20,179,"Kansas","Sheridan County",5,52,27,14,13
050,20,179,"Kansas","Sheridan County",5,53,23,12,11
050,20,179,"Kansas","Sheridan County",5,54,20,8,12
050,20,179,"Kansas","Sheridan County",5,55,21,10,11
050,20,179,"Kansas","Sheridan County",5,56,22,14,8
050,20,179,"Kansas","Sheridan County",5,57,27,13,14
050,20,179,"Kansas","Sheridan County",5,58,34,15,19
050,20,179,"Kansas","Sheridan County",5,59,36,17,19
050,20,179,"Kansas","Sheridan County",5,60,37,20,17
050,20,179,"Kansas","Sheridan County",5,61,42,26,16
050,20,179,"Kansas","Sheridan County",5,62,36,21,15
050,20,179,"Kansas","Sheridan County",5,63,33,17,16
050,20,179,"Kansas","Sheridan County",5,64,38,20,18
050,20,179,"Kansas","Sheridan County",5,65,35,19,16
050,20,179,"Kansas","Sheridan County",5,66,34,17,17
050,20,179,"Kansas","Sheridan County",5,67,36,20,16
050,20,179,"Kansas","Sheridan County",5,68,38,19,19
050,20,179,"Kansas","Sheridan County",5,69,33,16,17
050,20,179,"Kansas","Sheridan County",5,70,33,15,18
050,20,179,"Kansas","Sheridan County",5,71,27,12,15
050,20,179,"Kansas","Sheridan County",5,72,27,13,14
050,20,179,"Kansas","Sheridan County",5,73,27,15,12
050,20,179,"Kansas","Sheridan County",5,74,27,14,13
050,20,179,"Kansas","Sheridan County",5,75,19,10,9
050,20,179,"Kansas","Sheridan County",5,76,22,14,8
050,20,179,"Kansas","Sheridan County",5,77,20,12,8
050,20,179,"Kansas","Sheridan County",5,78,17,8,9
050,20,179,"Kansas","Sheridan County",5,79,15,8,7
050,20,179,"Kansas","Sheridan County",5,80,14,7,7
050,20,179,"Kansas","Sheridan County",5,81,12,7,5
050,20,179,"Kansas","Sheridan County",5,82,13,3,10
050,20,179,"Kansas","Sheridan County",5,83,17,7,10
050,20,179,"Kansas","Sheridan County",5,84,10,3,7
050,20,179,"Kansas","Sheridan County",5,85,105,35,70
050,20,181,"Kansas","Sherman County",1,0,66,33,33
050,20,181,"Kansas","Sherman County",1,1,71,27,44
050,20,181,"Kansas","Sherman County",1,2,79,36,43
050,20,181,"Kansas","Sherman County",1,3,67,41,26
050,20,181,"Kansas","Sherman County",1,4,84,48,36
050,20,181,"Kansas","Sherman County",1,5,87,43,44
050,20,181,"Kansas","Sherman County",1,6,76,39,37
050,20,181,"Kansas","Sherman County",1,7,70,40,30
050,20,181,"Kansas","Sherman County",1,8,82,50,32
050,20,181,"Kansas","Sherman County",1,9,78,33,45
050,20,181,"Kansas","Sherman County",1,10,87,42,45
050,20,181,"Kansas","Sherman County",1,11,92,50,42
050,20,181,"Kansas","Sherman County",1,12,90,49,41
050,20,181,"Kansas","Sherman County",1,13,81,33,48
050,20,181,"Kansas","Sherman County",1,14,80,38,42
050,20,181,"Kansas","Sherman County",1,15,78,42,36
050,20,181,"Kansas","Sherman County",1,16,78,37,41
050,20,181,"Kansas","Sherman County",1,17,80,44,36
050,20,181,"Kansas","Sherman County",1,18,96,50,46
050,20,181,"Kansas","Sherman County",1,19,107,76,31
050,20,181,"Kansas","Sherman County",1,20,114,67,47
050,20,181,"Kansas","Sherman County",1,21,80,42,38
050,20,181,"Kansas","Sherman County",1,22,61,32,29
050,20,181,"Kansas","Sherman County",1,23,60,38,22
050,20,181,"Kansas","Sherman County",1,24,74,38,36
050,20,181,"Kansas","Sherman County",1,25,63,37,26
050,20,181,"Kansas","Sherman County",1,26,45,22,23
050,20,181,"Kansas","Sherman County",1,27,59,29,30
050,20,181,"Kansas","Sherman County",1,28,67,34,33
050,20,181,"Kansas","Sherman County",1,29,67,37,30
050,20,181,"Kansas","Sherman County",1,30,73,47,26
050,20,181,"Kansas","Sherman County",1,31,71,37,34
050,20,181,"Kansas","Sherman County",1,32,63,30,33
050,20,181,"Kansas","Sherman County",1,33,66,28,38
050,20,181,"Kansas","Sherman County",1,34,77,38,39
050,20,181,"Kansas","Sherman County",1,35,69,34,35
050,20,181,"Kansas","Sherman County",1,36,72,41,31
050,20,181,"Kansas","Sherman County",1,37,78,41,37
050,20,181,"Kansas","Sherman County",1,38,77,34,43
050,20,181,"Kansas","Sherman County",1,39,82,49,33
050,20,181,"Kansas","Sherman County",1,40,70,35,35
050,20,181,"Kansas","Sherman County",1,41,74,37,37
050,20,181,"Kansas","Sherman County",1,42,65,29,36
050,20,181,"Kansas","Sherman County",1,43,52,26,26
050,20,181,"Kansas","Sherman County",1,44,54,30,24
050,20,181,"Kansas","Sherman County",1,45,61,30,31
050,20,181,"Kansas","Sherman County",1,46,60,23,37
050,20,181,"Kansas","Sherman County",1,47,55,26,29
050,20,181,"Kansas","Sherman County",1,48,65,32,33
050,20,181,"Kansas","Sherman County",1,49,64,34,30
050,20,181,"Kansas","Sherman County",1,50,47,26,21
050,20,181,"Kansas","Sherman County",1,51,59,34,25
050,20,181,"Kansas","Sherman County",1,52,55,29,26
050,20,181,"Kansas","Sherman County",1,53,59,32,27
050,20,181,"Kansas","Sherman County",1,54,64,36,28
050,20,181,"Kansas","Sherman County",1,55,62,33,29
050,20,181,"Kansas","Sherman County",1,56,77,36,41
050,20,181,"Kansas","Sherman County",1,57,72,29,43
050,20,181,"Kansas","Sherman County",1,58,87,47,40
050,20,181,"Kansas","Sherman County",1,59,95,54,41
050,20,181,"Kansas","Sherman County",1,60,95,53,42
050,20,181,"Kansas","Sherman County",1,61,92,49,43
050,20,181,"Kansas","Sherman County",1,62,82,42,40
050,20,181,"Kansas","Sherman County",1,63,85,42,43
050,20,181,"Kansas","Sherman County",1,64,81,39,42
050,20,181,"Kansas","Sherman County",1,65,80,42,38
050,20,181,"Kansas","Sherman County",1,66,77,45,32
050,20,181,"Kansas","Sherman County",1,67,68,40,28
050,20,181,"Kansas","Sherman County",1,68,70,37,33
050,20,181,"Kansas","Sherman County",1,69,64,29,35
050,20,181,"Kansas","Sherman County",1,70,68,31,37
050,20,181,"Kansas","Sherman County",1,71,53,24,29
050,20,181,"Kansas","Sherman County",1,72,53,27,26
050,20,181,"Kansas","Sherman County",1,73,60,33,27
050,20,181,"Kansas","Sherman County",1,74,48,23,25
050,20,181,"Kansas","Sherman County",1,75,42,23,19
050,20,181,"Kansas","Sherman County",1,76,39,21,18
050,20,181,"Kansas","Sherman County",1,77,52,25,27
050,20,181,"Kansas","Sherman County",1,78,38,18,20
050,20,181,"Kansas","Sherman County",1,79,32,10,22
050,20,181,"Kansas","Sherman County",1,80,35,15,20
050,20,181,"Kansas","Sherman County",1,81,38,18,20
050,20,181,"Kansas","Sherman County",1,82,26,11,15
050,20,181,"Kansas","Sherman County",1,83,26,12,14
050,20,181,"Kansas","Sherman County",1,84,27,14,13
050,20,181,"Kansas","Sherman County",1,85,151,57,94
050,20,181,"Kansas","Sherman County",2,0,60,30,30
050,20,181,"Kansas","Sherman County",2,1,70,28,42
050,20,181,"Kansas","Sherman County",2,2,76,34,42
050,20,181,"Kansas","Sherman County",2,3,68,39,29
050,20,181,"Kansas","Sherman County",2,4,80,46,34
050,20,181,"Kansas","Sherman County",2,5,85,43,42
050,20,181,"Kansas","Sherman County",2,6,76,38,38
050,20,181,"Kansas","Sherman County",2,7,71,40,31
050,20,181,"Kansas","Sherman County",2,8,78,47,31
050,20,181,"Kansas","Sherman County",2,9,78,37,41
050,20,181,"Kansas","Sherman County",2,10,86,40,46
050,20,181,"Kansas","Sherman County",2,11,90,48,42
050,20,181,"Kansas","Sherman County",2,12,90,49,41
050,20,181,"Kansas","Sherman County",2,13,83,37,46
050,20,181,"Kansas","Sherman County",2,14,79,37,42
050,20,181,"Kansas","Sherman County",2,15,80,42,38
050,20,181,"Kansas","Sherman County",2,16,77,39,38
050,20,181,"Kansas","Sherman County",2,17,78,41,37
050,20,181,"Kansas","Sherman County",2,18,96,53,43
050,20,181,"Kansas","Sherman County",2,19,106,73,33
050,20,181,"Kansas","Sherman County",2,20,113,66,47
050,20,181,"Kansas","Sherman County",2,21,81,44,37
050,20,181,"Kansas","Sherman County",2,22,60,31,29
050,20,181,"Kansas","Sherman County",2,23,62,38,24
050,20,181,"Kansas","Sherman County",2,24,71,38,33
050,20,181,"Kansas","Sherman County",2,25,63,36,27
050,20,181,"Kansas","Sherman County",2,26,49,26,23
050,20,181,"Kansas","Sherman County",2,27,57,28,29
050,20,181,"Kansas","Sherman County",2,28,65,33,32
050,20,181,"Kansas","Sherman County",2,29,67,36,31
050,20,181,"Kansas","Sherman County",2,30,70,44,26
050,20,181,"Kansas","Sherman County",2,31,70,38,32
050,20,181,"Kansas","Sherman County",2,32,64,31,33
050,20,181,"Kansas","Sherman County",2,33,63,28,35
050,20,181,"Kansas","Sherman County",2,34,74,36,38
050,20,181,"Kansas","Sherman County",2,35,70,35,35
050,20,181,"Kansas","Sherman County",2,36,71,38,33
050,20,181,"Kansas","Sherman County",2,37,76,40,36
050,20,181,"Kansas","Sherman County",2,38,78,36,42
050,20,181,"Kansas","Sherman County",2,39,82,46,36
050,20,181,"Kansas","Sherman County",2,40,74,39,35
050,20,181,"Kansas","Sherman County",2,41,72,36,36
050,20,181,"Kansas","Sherman County",2,42,66,31,35
050,20,181,"Kansas","Sherman County",2,43,55,27,28
050,20,181,"Kansas","Sherman County",2,44,51,28,23
050,20,181,"Kansas","Sherman County",2,45,59,29,30
050,20,181,"Kansas","Sherman County",2,46,62,26,36
050,20,181,"Kansas","Sherman County",2,47,56,25,31
050,20,181,"Kansas","Sherman County",2,48,62,30,32
050,20,181,"Kansas","Sherman County",2,49,65,33,32
050,20,181,"Kansas","Sherman County",2,50,50,27,23
050,20,181,"Kansas","Sherman County",2,51,54,31,23
050,20,181,"Kansas","Sherman County",2,52,58,32,26
050,20,181,"Kansas","Sherman County",2,53,56,30,26
050,20,181,"Kansas","Sherman County",2,54,63,36,27
050,20,181,"Kansas","Sherman County",2,55,62,34,28
050,20,181,"Kansas","Sherman County",2,56,71,34,37
050,20,181,"Kansas","Sherman County",2,57,73,30,43
050,20,181,"Kansas","Sherman County",2,58,82,42,40
050,20,181,"Kansas","Sherman County",2,59,94,52,42
050,20,181,"Kansas","Sherman County",2,60,93,52,41
050,20,181,"Kansas","Sherman County",2,61,91,50,41
050,20,181,"Kansas","Sherman County",2,62,85,45,40
050,20,181,"Kansas","Sherman County",2,63,86,42,44
050,20,181,"Kansas","Sherman County",2,64,82,40,42
050,20,181,"Kansas","Sherman County",2,65,79,41,38
050,20,181,"Kansas","Sherman County",2,66,78,45,33
050,20,181,"Kansas","Sherman County",2,67,71,41,30
050,20,181,"Kansas","Sherman County",2,68,71,39,32
050,20,181,"Kansas","Sherman County",2,69,67,31,36
050,20,181,"Kansas","Sherman County",2,70,66,30,36
050,20,181,"Kansas","Sherman County",2,71,55,24,31
050,20,181,"Kansas","Sherman County",2,72,52,26,26
050,20,181,"Kansas","Sherman County",2,73,59,32,27
050,20,181,"Kansas","Sherman County",2,74,49,24,25
050,20,181,"Kansas","Sherman County",2,75,44,23,21
050,20,181,"Kansas","Sherman County",2,76,40,21,19
050,20,181,"Kansas","Sherman County",2,77,49,24,25
050,20,181,"Kansas","Sherman County",2,78,40,19,21
050,20,181,"Kansas","Sherman County",2,79,34,12,22
050,20,181,"Kansas","Sherman County",2,80,35,14,21
050,20,181,"Kansas","Sherman County",2,81,38,18,20
050,20,181,"Kansas","Sherman County",2,82,29,13,16
050,20,181,"Kansas","Sherman County",2,83,26,12,14
050,20,181,"Kansas","Sherman County",2,84,26,13,13
050,20,181,"Kansas","Sherman County",2,85,154,58,96
050,20,181,"Kansas","Sherman County",3,0,83,38,45
050,20,181,"Kansas","Sherman County",3,1,66,34,32
050,20,181,"Kansas","Sherman County",3,2,66,27,39
050,20,181,"Kansas","Sherman County",3,3,82,39,43
050,20,181,"Kansas","Sherman County",3,4,69,36,33
050,20,181,"Kansas","Sherman County",3,5,78,45,33
050,20,181,"Kansas","Sherman County",3,6,85,47,38
050,20,181,"Kansas","Sherman County",3,7,79,40,39
050,20,181,"Kansas","Sherman County",3,8,73,39,34
050,20,181,"Kansas","Sherman County",3,9,72,42,30
050,20,181,"Kansas","Sherman County",3,10,79,38,41
050,20,181,"Kansas","Sherman County",3,11,89,41,48
050,20,181,"Kansas","Sherman County",3,12,83,48,35
050,20,181,"Kansas","Sherman County",3,13,98,53,45
050,20,181,"Kansas","Sherman County",3,14,85,40,45
050,20,181,"Kansas","Sherman County",3,15,79,40,39
050,20,181,"Kansas","Sherman County",3,16,78,37,41
050,20,181,"Kansas","Sherman County",3,17,70,39,31
050,20,181,"Kansas","Sherman County",3,18,90,51,39
050,20,181,"Kansas","Sherman County",3,19,117,77,40
050,20,181,"Kansas","Sherman County",3,20,111,61,50
050,20,181,"Kansas","Sherman County",3,21,88,48,40
050,20,181,"Kansas","Sherman County",3,22,80,45,35
050,20,181,"Kansas","Sherman County",3,23,71,42,29
050,20,181,"Kansas","Sherman County",3,24,65,35,30
050,20,181,"Kansas","Sherman County",3,25,70,36,34
050,20,181,"Kansas","Sherman County",3,26,64,37,27
050,20,181,"Kansas","Sherman County",3,27,52,29,23
050,20,181,"Kansas","Sherman County",3,28,64,31,33
050,20,181,"Kansas","Sherman County",3,29,64,31,33
050,20,181,"Kansas","Sherman County",3,30,69,35,34
050,20,181,"Kansas","Sherman County",3,31,64,41,23
050,20,181,"Kansas","Sherman County",3,32,69,37,32
050,20,181,"Kansas","Sherman County",3,33,67,31,36
050,20,181,"Kansas","Sherman County",3,34,65,31,34
050,20,181,"Kansas","Sherman County",3,35,66,32,34
050,20,181,"Kansas","Sherman County",3,36,69,34,35
050,20,181,"Kansas","Sherman County",3,37,73,37,36
050,20,181,"Kansas","Sherman County",3,38,76,40,36
050,20,181,"Kansas","Sherman County",3,39,78,36,42
050,20,181,"Kansas","Sherman County",3,40,79,45,34
050,20,181,"Kansas","Sherman County",3,41,77,43,34
050,20,181,"Kansas","Sherman County",3,42,80,43,37
050,20,181,"Kansas","Sherman County",3,43,66,31,35
050,20,181,"Kansas","Sherman County",3,44,49,24,25
050,20,181,"Kansas","Sherman County",3,45,52,28,24
050,20,181,"Kansas","Sherman County",3,46,60,29,31
050,20,181,"Kansas","Sherman County",3,47,63,26,37
050,20,181,"Kansas","Sherman County",3,48,55,24,31
050,20,181,"Kansas","Sherman County",3,49,60,28,32
050,20,181,"Kansas","Sherman County",3,50,64,32,32
050,20,181,"Kansas","Sherman County",3,51,50,27,23
050,20,181,"Kansas","Sherman County",3,52,54,31,23
050,20,181,"Kansas","Sherman County",3,53,56,33,23
050,20,181,"Kansas","Sherman County",3,54,51,28,23
050,20,181,"Kansas","Sherman County",3,55,64,39,25
050,20,181,"Kansas","Sherman County",3,56,63,33,30
050,20,181,"Kansas","Sherman County",3,57,65,30,35
050,20,181,"Kansas","Sherman County",3,58,71,30,41
050,20,181,"Kansas","Sherman County",3,59,80,40,40
050,20,181,"Kansas","Sherman County",3,60,92,50,42
050,20,181,"Kansas","Sherman County",3,61,81,46,35
050,20,181,"Kansas","Sherman County",3,62,91,48,43
050,20,181,"Kansas","Sherman County",3,63,85,44,41
050,20,181,"Kansas","Sherman County",3,64,88,45,43
050,20,181,"Kansas","Sherman County",3,65,82,40,42
050,20,181,"Kansas","Sherman County",3,66,75,40,35
050,20,181,"Kansas","Sherman County",3,67,76,41,35
050,20,181,"Kansas","Sherman County",3,68,70,40,30
050,20,181,"Kansas","Sherman County",3,69,74,40,34
050,20,181,"Kansas","Sherman County",3,70,62,28,34
050,20,181,"Kansas","Sherman County",3,71,64,28,36
050,20,181,"Kansas","Sherman County",3,72,55,24,31
050,20,181,"Kansas","Sherman County",3,73,51,25,26
050,20,181,"Kansas","Sherman County",3,74,60,33,27
050,20,181,"Kansas","Sherman County",3,75,47,24,23
050,20,181,"Kansas","Sherman County",3,76,41,20,21
050,20,181,"Kansas","Sherman County",3,77,36,19,17
050,20,181,"Kansas","Sherman County",3,78,48,24,24
050,20,181,"Kansas","Sherman County",3,79,38,20,18
050,20,181,"Kansas","Sherman County",3,80,32,12,20
050,20,181,"Kansas","Sherman County",3,81,35,13,22
050,20,181,"Kansas","Sherman County",3,82,37,18,19
050,20,181,"Kansas","Sherman County",3,83,24,12,12
050,20,181,"Kansas","Sherman County",3,84,25,11,14
050,20,181,"Kansas","Sherman County",3,85,158,63,95
050,20,181,"Kansas","Sherman County",4,0,75,32,43
050,20,181,"Kansas","Sherman County",4,1,82,40,42
050,20,181,"Kansas","Sherman County",4,2,62,32,30
050,20,181,"Kansas","Sherman County",4,3,65,26,39
050,20,181,"Kansas","Sherman County",4,4,82,39,43
050,20,181,"Kansas","Sherman County",4,5,69,37,32
050,20,181,"Kansas","Sherman County",4,6,76,42,34
050,20,181,"Kansas","Sherman County",4,7,82,44,38
050,20,181,"Kansas","Sherman County",4,8,76,38,38
050,20,181,"Kansas","Sherman County",4,9,75,42,33
050,20,181,"Kansas","Sherman County",4,10,72,43,29
050,20,181,"Kansas","Sherman County",4,11,77,36,41
050,20,181,"Kansas","Sherman County",4,12,89,42,47
050,20,181,"Kansas","Sherman County",4,13,83,49,34
050,20,181,"Kansas","Sherman County",4,14,97,54,43
050,20,181,"Kansas","Sherman County",4,15,88,41,47
050,20,181,"Kansas","Sherman County",4,16,82,43,39
050,20,181,"Kansas","Sherman County",4,17,78,37,41
050,20,181,"Kansas","Sherman County",4,18,84,51,33
050,20,181,"Kansas","Sherman County",4,19,104,68,36
050,20,181,"Kansas","Sherman County",4,20,116,68,48
050,20,181,"Kansas","Sherman County",4,21,87,48,39
050,20,181,"Kansas","Sherman County",4,22,76,39,37
050,20,181,"Kansas","Sherman County",4,23,81,47,34
050,20,181,"Kansas","Sherman County",4,24,64,33,31
050,20,181,"Kansas","Sherman County",4,25,59,33,26
050,20,181,"Kansas","Sherman County",4,26,59,28,31
050,20,181,"Kansas","Sherman County",4,27,65,39,26
050,20,181,"Kansas","Sherman County",4,28,56,32,24
050,20,181,"Kansas","Sherman County",4,29,60,29,31
050,20,181,"Kansas","Sherman County",4,30,64,30,34
050,20,181,"Kansas","Sherman County",4,31,62,32,30
050,20,181,"Kansas","Sherman County",4,32,63,40,23
050,20,181,"Kansas","Sherman County",4,33,64,33,31
050,20,181,"Kansas","Sherman County",4,34,69,34,35
050,20,181,"Kansas","Sherman County",4,35,65,33,32
050,20,181,"Kansas","Sherman County",4,36,58,26,32
050,20,181,"Kansas","Sherman County",4,37,67,32,35
050,20,181,"Kansas","Sherman County",4,38,74,37,37
050,20,181,"Kansas","Sherman County",4,39,81,43,38
050,20,181,"Kansas","Sherman County",4,40,76,36,40
050,20,181,"Kansas","Sherman County",4,41,79,47,32
050,20,181,"Kansas","Sherman County",4,42,75,41,34
050,20,181,"Kansas","Sherman County",4,43,79,41,38
050,20,181,"Kansas","Sherman County",4,44,58,30,28
050,20,181,"Kansas","Sherman County",4,45,52,25,27
050,20,181,"Kansas","Sherman County",4,46,52,27,25
050,20,181,"Kansas","Sherman County",4,47,57,26,31
050,20,181,"Kansas","Sherman County",4,48,63,23,40
050,20,181,"Kansas","Sherman County",4,49,53,23,30
050,20,181,"Kansas","Sherman County",4,50,59,28,31
050,20,181,"Kansas","Sherman County",4,51,64,32,32
050,20,181,"Kansas","Sherman County",4,52,50,27,23
050,20,181,"Kansas","Sherman County",4,53,55,32,23
050,20,181,"Kansas","Sherman County",4,54,54,34,20
050,20,181,"Kansas","Sherman County",4,55,47,24,23
050,20,181,"Kansas","Sherman County",4,56,67,39,28
050,20,181,"Kansas","Sherman County",4,57,66,32,34
050,20,181,"Kansas","Sherman County",4,58,60,28,32
050,20,181,"Kansas","Sherman County",4,59,70,31,39
050,20,181,"Kansas","Sherman County",4,60,74,35,39
050,20,181,"Kansas","Sherman County",4,61,79,37,42
050,20,181,"Kansas","Sherman County",4,62,74,42,32
050,20,181,"Kansas","Sherman County",4,63,93,46,47
050,20,181,"Kansas","Sherman County",4,64,86,43,43
050,20,181,"Kansas","Sherman County",4,65,90,46,44
050,20,181,"Kansas","Sherman County",4,66,82,40,42
050,20,181,"Kansas","Sherman County",4,67,76,40,36
050,20,181,"Kansas","Sherman County",4,68,73,38,35
050,20,181,"Kansas","Sherman County",4,69,72,39,33
050,20,181,"Kansas","Sherman County",4,70,73,40,33
050,20,181,"Kansas","Sherman County",4,71,59,26,33
050,20,181,"Kansas","Sherman County",4,72,66,28,38
050,20,181,"Kansas","Sherman County",4,73,52,24,28
050,20,181,"Kansas","Sherman County",4,74,51,25,26
050,20,181,"Kansas","Sherman County",4,75,60,32,28
050,20,181,"Kansas","Sherman County",4,76,46,23,23
050,20,181,"Kansas","Sherman County",4,77,39,21,18
050,20,181,"Kansas","Sherman County",4,78,36,19,17
050,20,181,"Kansas","Sherman County",4,79,50,26,24
050,20,181,"Kansas","Sherman County",4,80,38,20,18
050,20,181,"Kansas","Sherman County",4,81,33,12,21
050,20,181,"Kansas","Sherman County",4,82,32,13,19
050,20,181,"Kansas","Sherman County",4,83,30,15,15
050,20,181,"Kansas","Sherman County",4,84,24,12,12
050,20,181,"Kansas","Sherman County",4,85,164,66,98
050,20,181,"Kansas","Sherman County",5,0,81,34,47
050,20,181,"Kansas","Sherman County",5,1,74,33,41
050,20,181,"Kansas","Sherman County",5,2,79,34,45
050,20,181,"Kansas","Sherman County",5,3,55,30,25
050,20,181,"Kansas","Sherman County",5,4,66,27,39
050,20,181,"Kansas","Sherman County",5,5,78,35,43
050,20,181,"Kansas","Sherman County",5,6,71,40,31
050,20,181,"Kansas","Sherman County",5,7,71,40,31
050,20,181,"Kansas","Sherman County",5,8,80,41,39
050,20,181,"Kansas","Sherman County",5,9,79,40,39
050,20,181,"Kansas","Sherman County",5,10,80,49,31
050,20,181,"Kansas","Sherman County",5,11,77,45,32
050,20,181,"Kansas","Sherman County",5,12,81,37,44
050,20,181,"Kansas","Sherman County",5,13,90,38,52
050,20,181,"Kansas","Sherman County",5,14,82,49,33
050,20,181,"Kansas","Sherman County",5,15,102,52,50
050,20,181,"Kansas","Sherman County",5,16,89,40,49
050,20,181,"Kansas","Sherman County",5,17,80,42,38
050,20,181,"Kansas","Sherman County",5,18,91,53,38
050,20,181,"Kansas","Sherman County",5,19,96,68,28
050,20,181,"Kansas","Sherman County",5,20,105,59,46
050,20,181,"Kansas","Sherman County",5,21,92,52,40
050,20,181,"Kansas","Sherman County",5,22,70,36,34
050,20,181,"Kansas","Sherman County",5,23,73,47,26
050,20,181,"Kansas","Sherman County",5,24,66,32,34
050,20,181,"Kansas","Sherman County",5,25,58,32,26
050,20,181,"Kansas","Sherman County",5,26,57,30,27
050,20,181,"Kansas","Sherman County",5,27,57,27,30
050,20,181,"Kansas","Sherman County",5,28,67,37,30
050,20,181,"Kansas","Sherman County",5,29,57,35,22
050,20,181,"Kansas","Sherman County",5,30,66,32,34
050,20,181,"Kansas","Sherman County",5,31,61,29,32
050,20,181,"Kansas","Sherman County",5,32,65,33,32
050,20,181,"Kansas","Sherman County",5,33,69,44,25
050,20,181,"Kansas","Sherman County",5,34,70,37,33
050,20,181,"Kansas","Sherman County",5,35,70,33,37
050,20,181,"Kansas","Sherman County",5,36,65,29,36
050,20,181,"Kansas","Sherman County",5,37,60,25,35
050,20,181,"Kansas","Sherman County",5,38,69,32,37
050,20,181,"Kansas","Sherman County",5,39,72,37,35
050,20,181,"Kansas","Sherman County",5,40,82,45,37
050,20,181,"Kansas","Sherman County",5,41,74,34,40
050,20,181,"Kansas","Sherman County",5,42,78,48,30
050,20,181,"Kansas","Sherman County",5,43,77,42,35
050,20,181,"Kansas","Sherman County",5,44,74,41,33
050,20,181,"Kansas","Sherman County",5,45,55,29,26
050,20,181,"Kansas","Sherman County",5,46,52,26,26
050,20,181,"Kansas","Sherman County",5,47,48,25,23
050,20,181,"Kansas","Sherman County",5,48,57,27,30
050,20,181,"Kansas","Sherman County",5,49,60,24,36
050,20,181,"Kansas","Sherman County",5,50,48,20,28
050,20,181,"Kansas","Sherman County",5,51,58,28,30
050,20,181,"Kansas","Sherman County",5,52,61,32,29
050,20,181,"Kansas","Sherman County",5,53,49,26,23
050,20,181,"Kansas","Sherman County",5,54,57,31,26
050,20,181,"Kansas","Sherman County",5,55,53,30,23
050,20,181,"Kansas","Sherman County",5,56,53,27,26
050,20,181,"Kansas","Sherman County",5,57,64,36,28
050,20,181,"Kansas","Sherman County",5,58,63,31,32
050,20,181,"Kansas","Sherman County",5,59,59,28,31
050,20,181,"Kansas","Sherman County",5,60,67,30,37
050,20,181,"Kansas","Sherman County",5,61,71,34,37
050,20,181,"Kansas","Sherman County",5,62,78,35,43
050,20,181,"Kansas","Sherman County",5,63,76,44,32
050,20,181,"Kansas","Sherman County",5,64,87,42,45
050,20,181,"Kansas","Sherman County",5,65,85,42,43
050,20,181,"Kansas","Sherman County",5,66,90,46,44
050,20,181,"Kansas","Sherman County",5,67,78,37,41
050,20,181,"Kansas","Sherman County",5,68,69,34,35
050,20,181,"Kansas","Sherman County",5,69,71,37,34
050,20,181,"Kansas","Sherman County",5,70,71,39,32
050,20,181,"Kansas","Sherman County",5,71,72,39,33
050,20,181,"Kansas","Sherman County",5,72,60,27,33
050,20,181,"Kansas","Sherman County",5,73,64,28,36
050,20,181,"Kansas","Sherman County",5,74,51,24,27
050,20,181,"Kansas","Sherman County",5,75,50,24,26
050,20,181,"Kansas","Sherman County",5,76,62,33,29
050,20,181,"Kansas","Sherman County",5,77,41,21,20
050,20,181,"Kansas","Sherman County",5,78,35,19,16
050,20,181,"Kansas","Sherman County",5,79,35,18,17
050,20,181,"Kansas","Sherman County",5,80,49,25,24
050,20,181,"Kansas","Sherman County",5,81,36,19,17
050,20,181,"Kansas","Sherman County",5,82,31,12,19
050,20,181,"Kansas","Sherman County",5,83,30,13,17
050,20,181,"Kansas","Sherman County",5,84,29,14,15
050,20,181,"Kansas","Sherman County",5,85,163,63,100
050,20,183,"Kansas","Smith County",1,0,26,13,13
050,20,183,"Kansas","Smith County",1,1,35,15,20
050,20,183,"Kansas","Smith County",1,2,37,23,14
050,20,183,"Kansas","Smith County",1,3,44,19,25
050,20,183,"Kansas","Smith County",1,4,55,21,34
050,20,183,"Kansas","Smith County",1,5,42,16,26
050,20,183,"Kansas","Smith County",1,6,27,12,15
050,20,183,"Kansas","Smith County",1,7,35,15,20
050,20,183,"Kansas","Smith County",1,8,38,20,18
050,20,183,"Kansas","Smith County",1,9,39,21,18
050,20,183,"Kansas","Smith County",1,10,45,21,24
050,20,183,"Kansas","Smith County",1,11,46,25,21
050,20,183,"Kansas","Smith County",1,12,42,24,18
050,20,183,"Kansas","Smith County",1,13,40,21,19
050,20,183,"Kansas","Smith County",1,14,41,22,19
050,20,183,"Kansas","Smith County",1,15,46,27,19
050,20,183,"Kansas","Smith County",1,16,50,28,22
050,20,183,"Kansas","Smith County",1,17,42,21,21
050,20,183,"Kansas","Smith County",1,18,44,20,24
050,20,183,"Kansas","Smith County",1,19,31,15,16
050,20,183,"Kansas","Smith County",1,20,29,16,13
050,20,183,"Kansas","Smith County",1,21,23,13,10
050,20,183,"Kansas","Smith County",1,22,28,17,11
050,20,183,"Kansas","Smith County",1,23,28,15,13
050,20,183,"Kansas","Smith County",1,24,34,21,13
050,20,183,"Kansas","Smith County",1,25,27,10,17
050,20,183,"Kansas","Smith County",1,26,28,15,13
050,20,183,"Kansas","Smith County",1,27,35,24,11
050,20,183,"Kansas","Smith County",1,28,29,14,15
050,20,183,"Kansas","Smith County",1,29,40,19,21
050,20,183,"Kansas","Smith County",1,30,31,18,13
050,20,183,"Kansas","Smith County",1,31,32,17,15
050,20,183,"Kansas","Smith County",1,32,20,12,8
050,20,183,"Kansas","Smith County",1,33,19,11,8
050,20,183,"Kansas","Smith County",1,34,30,15,15
050,20,183,"Kansas","Smith County",1,35,29,12,17
050,20,183,"Kansas","Smith County",1,36,32,13,19
050,20,183,"Kansas","Smith County",1,37,37,19,18
050,20,183,"Kansas","Smith County",1,38,40,19,21
050,20,183,"Kansas","Smith County",1,39,46,22,24
050,20,183,"Kansas","Smith County",1,40,42,23,19
050,20,183,"Kansas","Smith County",1,41,33,18,15
050,20,183,"Kansas","Smith County",1,42,39,18,21
050,20,183,"Kansas","Smith County",1,43,40,19,21
050,20,183,"Kansas","Smith County",1,44,42,21,21
050,20,183,"Kansas","Smith County",1,45,33,19,14
050,20,183,"Kansas","Smith County",1,46,28,17,11
050,20,183,"Kansas","Smith County",1,47,32,22,10
050,20,183,"Kansas","Smith County",1,48,30,15,15
050,20,183,"Kansas","Smith County",1,49,33,17,16
050,20,183,"Kansas","Smith County",1,50,39,19,20
050,20,183,"Kansas","Smith County",1,51,33,20,13
050,20,183,"Kansas","Smith County",1,52,34,14,20
050,20,183,"Kansas","Smith County",1,53,36,16,20
050,20,183,"Kansas","Smith County",1,54,34,16,18
050,20,183,"Kansas","Smith County",1,55,42,19,23
050,20,183,"Kansas","Smith County",1,56,62,33,29
050,20,183,"Kansas","Smith County",1,57,69,37,32
050,20,183,"Kansas","Smith County",1,58,66,33,33
050,20,183,"Kansas","Smith County",1,59,62,30,32
050,20,183,"Kansas","Smith County",1,60,57,26,31
050,20,183,"Kansas","Smith County",1,61,60,27,33
050,20,183,"Kansas","Smith County",1,62,66,31,35
050,20,183,"Kansas","Smith County",1,63,73,37,36
050,20,183,"Kansas","Smith County",1,64,65,37,28
050,20,183,"Kansas","Smith County",1,65,62,39,23
050,20,183,"Kansas","Smith County",1,66,66,37,29
050,20,183,"Kansas","Smith County",1,67,61,32,29
050,20,183,"Kansas","Smith County",1,68,61,33,28
050,20,183,"Kansas","Smith County",1,69,53,30,23
050,20,183,"Kansas","Smith County",1,70,55,30,25
050,20,183,"Kansas","Smith County",1,71,53,27,26
050,20,183,"Kansas","Smith County",1,72,50,27,23
050,20,183,"Kansas","Smith County",1,73,51,30,21
050,20,183,"Kansas","Smith County",1,74,28,14,14
050,20,183,"Kansas","Smith County",1,75,29,13,16
050,20,183,"Kansas","Smith County",1,76,32,15,17
050,20,183,"Kansas","Smith County",1,77,27,14,13
050,20,183,"Kansas","Smith County",1,78,26,11,15
050,20,183,"Kansas","Smith County",1,79,30,14,16
050,20,183,"Kansas","Smith County",1,80,29,8,21
050,20,183,"Kansas","Smith County",1,81,32,11,21
050,20,183,"Kansas","Smith County",1,82,28,10,18
050,20,183,"Kansas","Smith County",1,83,23,10,13
050,20,183,"Kansas","Smith County",1,84,20,11,9
050,20,183,"Kansas","Smith County",1,85,187,83,104
050,20,183,"Kansas","Smith County",2,0,25,11,14
050,20,183,"Kansas","Smith County",2,1,34,15,19
050,20,183,"Kansas","Smith County",2,2,36,21,15
050,20,183,"Kansas","Smith County",2,3,43,20,23
050,20,183,"Kansas","Smith County",2,4,53,21,32
050,20,183,"Kansas","Smith County",2,5,45,17,28
050,20,183,"Kansas","Smith County",2,6,30,12,18
050,20,183,"Kansas","Smith County",2,7,33,14,19
050,20,183,"Kansas","Smith County",2,8,37,19,18
050,20,183,"Kansas","Smith County",2,9,40,21,19
050,20,183,"Kansas","Smith County",2,10,43,21,22
050,20,183,"Kansas","Smith County",2,11,45,24,21
050,20,183,"Kansas","Smith County",2,12,43,25,18
050,20,183,"Kansas","Smith County",2,13,39,21,18
050,20,183,"Kansas","Smith County",2,14,40,21,19
050,20,183,"Kansas","Smith County",2,15,46,26,20
050,20,183,"Kansas","Smith County",2,16,48,27,21
050,20,183,"Kansas","Smith County",2,17,45,22,23
050,20,183,"Kansas","Smith County",2,18,40,19,21
050,20,183,"Kansas","Smith County",2,19,31,14,17
050,20,183,"Kansas","Smith County",2,20,29,16,13
050,20,183,"Kansas","Smith County",2,21,24,13,11
050,20,183,"Kansas","Smith County",2,22,28,17,11
050,20,183,"Kansas","Smith County",2,23,27,15,12
050,20,183,"Kansas","Smith County",2,24,33,19,14
050,20,183,"Kansas","Smith County",2,25,28,12,16
050,20,183,"Kansas","Smith County",2,26,27,14,13
050,20,183,"Kansas","Smith County",2,27,33,21,12
050,20,183,"Kansas","Smith County",2,28,31,16,15
050,20,183,"Kansas","Smith County",2,29,39,18,21
050,20,183,"Kansas","Smith County",2,30,33,18,15
050,20,183,"Kansas","Smith County",2,31,31,17,14
050,20,183,"Kansas","Smith County",2,32,23,13,10
050,20,183,"Kansas","Smith County",2,33,20,12,8
050,20,183,"Kansas","Smith County",2,34,28,14,14
050,20,183,"Kansas","Smith County",2,35,30,13,17
050,20,183,"Kansas","Smith County",2,36,30,12,18
050,20,183,"Kansas","Smith County",2,37,36,18,18
050,20,183,"Kansas","Smith County",2,38,40,20,20
050,20,183,"Kansas","Smith County",2,39,45,22,23
050,20,183,"Kansas","Smith County",2,40,42,22,20
050,20,183,"Kansas","Smith County",2,41,35,19,16
050,20,183,"Kansas","Smith County",2,42,38,18,20
050,20,183,"Kansas","Smith County",2,43,40,19,21
050,20,183,"Kansas","Smith County",2,44,42,21,21
050,20,183,"Kansas","Smith County",2,45,35,20,15
050,20,183,"Kansas","Smith County",2,46,30,18,12
050,20,183,"Kansas","Smith County",2,47,31,21,10
050,20,183,"Kansas","Smith County",2,48,32,17,15
050,20,183,"Kansas","Smith County",2,49,33,17,16
050,20,183,"Kansas","Smith County",2,50,37,19,18
050,20,183,"Kansas","Smith County",2,51,35,20,15
050,20,183,"Kansas","Smith County",2,52,35,16,19
050,20,183,"Kansas","Smith County",2,53,35,15,20
050,20,183,"Kansas","Smith County",2,54,34,16,18
050,20,183,"Kansas","Smith County",2,55,40,18,22
050,20,183,"Kansas","Smith County",2,56,57,30,27
050,20,183,"Kansas","Smith County",2,57,67,36,31
050,20,183,"Kansas","Smith County",2,58,65,33,32
050,20,183,"Kansas","Smith County",2,59,63,31,32
050,20,183,"Kansas","Smith County",2,60,58,27,31
050,20,183,"Kansas","Smith County",2,61,59,27,32
050,20,183,"Kansas","Smith County",2,62,64,29,35
050,20,183,"Kansas","Smith County",2,63,71,36,35
050,20,183,"Kansas","Smith County",2,64,67,37,30
050,20,183,"Kansas","Smith County",2,65,62,38,24
050,20,183,"Kansas","Smith County",2,66,66,38,28
050,20,183,"Kansas","Smith County",2,67,61,32,29
050,20,183,"Kansas","Smith County",2,68,61,33,28
050,20,183,"Kansas","Smith County",2,69,55,31,24
050,20,183,"Kansas","Smith County",2,70,55,30,25
050,20,183,"Kansas","Smith County",2,71,54,28,26
050,20,183,"Kansas","Smith County",2,72,50,27,23
050,20,183,"Kansas","Smith County",2,73,54,31,23
050,20,183,"Kansas","Smith County",2,74,30,16,14
050,20,183,"Kansas","Smith County",2,75,30,14,16
050,20,183,"Kansas","Smith County",2,76,32,15,17
050,20,183,"Kansas","Smith County",2,77,29,15,14
050,20,183,"Kansas","Smith County",2,78,25,11,14
050,20,183,"Kansas","Smith County",2,79,29,13,16
050,20,183,"Kansas","Smith County",2,80,27,9,18
050,20,183,"Kansas","Smith County",2,81,32,11,21
050,20,183,"Kansas","Smith County",2,82,28,10,18
050,20,183,"Kansas","Smith County",2,83,25,10,15
050,20,183,"Kansas","Smith County",2,84,18,9,9
050,20,183,"Kansas","Smith County",2,85,188,85,103
050,20,183,"Kansas","Smith County",3,0,23,9,14
050,20,183,"Kansas","Smith County",3,1,21,9,12
050,20,183,"Kansas","Smith County",3,2,37,18,19
050,20,183,"Kansas","Smith County",3,3,32,22,10
050,20,183,"Kansas","Smith County",3,4,42,20,22
050,20,183,"Kansas","Smith County",3,5,52,19,33
050,20,183,"Kansas","Smith County",3,6,47,18,29
050,20,183,"Kansas","Smith County",3,7,31,14,17
050,20,183,"Kansas","Smith County",3,8,31,13,18
050,20,183,"Kansas","Smith County",3,9,41,21,20
050,20,183,"Kansas","Smith County",3,10,42,21,21
050,20,183,"Kansas","Smith County",3,11,44,21,23
050,20,183,"Kansas","Smith County",3,12,47,26,21
050,20,183,"Kansas","Smith County",3,13,49,25,24
050,20,183,"Kansas","Smith County",3,14,38,22,16
050,20,183,"Kansas","Smith County",3,15,46,24,22
050,20,183,"Kansas","Smith County",3,16,44,26,18
050,20,183,"Kansas","Smith County",3,17,52,30,22
050,20,183,"Kansas","Smith County",3,18,36,19,17
050,20,183,"Kansas","Smith County",3,19,32,15,17
050,20,183,"Kansas","Smith County",3,20,31,14,17
050,20,183,"Kansas","Smith County",3,21,29,14,15
050,20,183,"Kansas","Smith County",3,22,26,13,13
050,20,183,"Kansas","Smith County",3,23,28,14,14
050,20,183,"Kansas","Smith County",3,24,24,14,10
050,20,183,"Kansas","Smith County",3,25,37,20,17
050,20,183,"Kansas","Smith County",3,26,31,14,17
050,20,183,"Kansas","Smith County",3,27,29,17,12
050,20,183,"Kansas","Smith County",3,28,31,19,12
050,20,183,"Kansas","Smith County",3,29,29,17,12
050,20,183,"Kansas","Smith County",3,30,36,16,20
050,20,183,"Kansas","Smith County",3,31,37,20,17
050,20,183,"Kansas","Smith County",3,32,29,14,15
050,20,183,"Kansas","Smith County",3,33,25,14,11
050,20,183,"Kansas","Smith County",3,34,26,15,11
050,20,183,"Kansas","Smith County",3,35,29,13,16
050,20,183,"Kansas","Smith County",3,36,29,12,17
050,20,183,"Kansas","Smith County",3,37,31,13,18
050,20,183,"Kansas","Smith County",3,38,37,18,19
050,20,183,"Kansas","Smith County",3,39,41,21,20
050,20,183,"Kansas","Smith County",3,40,46,22,24
050,20,183,"Kansas","Smith County",3,41,44,20,24
050,20,183,"Kansas","Smith County",3,42,35,20,15
050,20,183,"Kansas","Smith County",3,43,39,19,20
050,20,183,"Kansas","Smith County",3,44,39,20,19
050,20,183,"Kansas","Smith County",3,45,41,21,20
050,20,183,"Kansas","Smith County",3,46,34,19,15
050,20,183,"Kansas","Smith County",3,47,33,21,12
050,20,183,"Kansas","Smith County",3,48,33,23,10
050,20,183,"Kansas","Smith County",3,49,34,18,16
050,20,183,"Kansas","Smith County",3,50,31,17,14
050,20,183,"Kansas","Smith County",3,51,37,18,19
050,20,183,"Kansas","Smith County",3,52,36,21,15
050,20,183,"Kansas","Smith County",3,53,40,19,21
050,20,183,"Kansas","Smith County",3,54,38,17,21
050,20,183,"Kansas","Smith County",3,55,38,16,22
050,20,183,"Kansas","Smith County",3,56,40,18,22
050,20,183,"Kansas","Smith County",3,57,54,28,26
050,20,183,"Kansas","Smith County",3,58,66,35,31
050,20,183,"Kansas","Smith County",3,59,65,33,32
050,20,183,"Kansas","Smith County",3,60,62,32,30
050,20,183,"Kansas","Smith County",3,61,55,25,30
050,20,183,"Kansas","Smith County",3,62,57,25,32
050,20,183,"Kansas","Smith County",3,63,63,28,35
050,20,183,"Kansas","Smith County",3,64,74,35,39
050,20,183,"Kansas","Smith County",3,65,63,37,26
050,20,183,"Kansas","Smith County",3,66,62,37,25
050,20,183,"Kansas","Smith County",3,67,64,38,26
050,20,183,"Kansas","Smith County",3,68,61,32,29
050,20,183,"Kansas","Smith County",3,69,62,32,30
050,20,183,"Kansas","Smith County",3,70,54,30,24
050,20,183,"Kansas","Smith County",3,71,57,31,26
050,20,183,"Kansas","Smith County",3,72,55,28,27
050,20,183,"Kansas","Smith County",3,73,48,25,23
050,20,183,"Kansas","Smith County",3,74,52,30,22
050,20,183,"Kansas","Smith County",3,75,29,16,13
050,20,183,"Kansas","Smith County",3,76,31,14,17
050,20,183,"Kansas","Smith County",3,77,32,16,16
050,20,183,"Kansas","Smith County",3,78,26,12,14
050,20,183,"Kansas","Smith County",3,79,25,12,13
050,20,183,"Kansas","Smith County",3,80,26,10,16
050,20,183,"Kansas","Smith County",3,81,26,8,18
050,20,183,"Kansas","Smith County",3,82,29,10,19
050,20,183,"Kansas","Smith County",3,83,31,11,20
050,20,183,"Kansas","Smith County",3,84,19,7,12
050,20,183,"Kansas","Smith County",3,85,185,82,103
050,20,183,"Kansas","Smith County",4,0,39,20,19
050,20,183,"Kansas","Smith County",4,1,27,9,18
050,20,183,"Kansas","Smith County",4,2,25,12,13
050,20,183,"Kansas","Smith County",4,3,40,19,21
050,20,183,"Kansas","Smith County",4,4,40,23,17
050,20,183,"Kansas","Smith County",4,5,48,24,24
050,20,183,"Kansas","Smith County",4,6,45,18,27
050,20,183,"Kansas","Smith County",4,7,46,19,27
050,20,183,"Kansas","Smith County",4,8,28,14,14
050,20,183,"Kansas","Smith County",4,9,32,13,19
050,20,183,"Kansas","Smith County",4,10,44,21,23
050,20,183,"Kansas","Smith County",4,11,42,21,21
050,20,183,"Kansas","Smith County",4,12,43,23,20
050,20,183,"Kansas","Smith County",4,13,49,26,23
050,20,183,"Kansas","Smith County",4,14,45,25,20
050,20,183,"Kansas","Smith County",4,15,41,23,18
050,20,183,"Kansas","Smith County",4,16,43,22,21
050,20,183,"Kansas","Smith County",4,17,44,26,18
050,20,183,"Kansas","Smith County",4,18,46,27,19
050,20,183,"Kansas","Smith County",4,19,26,15,11
050,20,183,"Kansas","Smith County",4,20,33,15,18
050,20,183,"Kansas","Smith County",4,21,33,13,20
050,20,183,"Kansas","Smith County",4,22,29,15,14
050,20,183,"Kansas","Smith County",4,23,25,13,12
050,20,183,"Kansas","Smith County",4,24,28,13,15
050,20,183,"Kansas","Smith County",4,25,27,14,13
050,20,183,"Kansas","Smith County",4,26,40,21,19
050,20,183,"Kansas","Smith County",4,27,29,11,18
050,20,183,"Kansas","Smith County",4,28,34,20,14
050,20,183,"Kansas","Smith County",4,29,30,19,11
050,20,183,"Kansas","Smith County",4,30,30,16,14
050,20,183,"Kansas","Smith County",4,31,36,14,22
050,20,183,"Kansas","Smith County",4,32,36,19,17
050,20,183,"Kansas","Smith County",4,33,26,13,13
050,20,183,"Kansas","Smith County",4,34,22,14,8
050,20,183,"Kansas","Smith County",4,35,26,15,11
050,20,183,"Kansas","Smith County",4,36,30,15,15
050,20,183,"Kansas","Smith County",4,37,31,13,18
050,20,183,"Kansas","Smith County",4,38,29,11,18
050,20,183,"Kansas","Smith County",4,39,36,17,19
050,20,183,"Kansas","Smith County",4,40,42,21,21
050,20,183,"Kansas","Smith County",4,41,45,22,23
050,20,183,"Kansas","Smith County",4,42,41,19,22
050,20,183,"Kansas","Smith County",4,43,34,21,13
050,20,183,"Kansas","Smith County",4,44,37,16,21
050,20,183,"Kansas","Smith County",4,45,39,20,19
050,20,183,"Kansas","Smith County",4,46,44,21,23
050,20,183,"Kansas","Smith County",4,47,33,19,14
050,20,183,"Kansas","Smith County",4,48,37,22,15
050,20,183,"Kansas","Smith County",4,49,35,24,11
050,20,183,"Kansas","Smith County",4,50,36,21,15
050,20,183,"Kansas","Smith County",4,51,32,18,14
050,20,183,"Kansas","Smith County",4,52,38,20,18
050,20,183,"Kansas","Smith County",4,53,36,20,16
050,20,183,"Kansas","Smith County",4,54,39,18,21
050,20,183,"Kansas","Smith County",4,55,40,18,22
050,20,183,"Kansas","Smith County",4,56,40,17,23
050,20,183,"Kansas","Smith County",4,57,39,20,19
050,20,183,"Kansas","Smith County",4,58,55,28,27
050,20,183,"Kansas","Smith County",4,59,64,34,30
050,20,183,"Kansas","Smith County",4,60,64,33,31
050,20,183,"Kansas","Smith County",4,61,63,33,30
050,20,183,"Kansas","Smith County",4,62,55,25,30
050,20,183,"Kansas","Smith County",4,63,57,25,32
050,20,183,"Kansas","Smith County",4,64,62,28,34
050,20,183,"Kansas","Smith County",4,65,71,33,38
050,20,183,"Kansas","Smith County",4,66,66,39,27
050,20,183,"Kansas","Smith County",4,67,61,37,24
050,20,183,"Kansas","Smith County",4,68,64,38,26
050,20,183,"Kansas","Smith County",4,69,60,30,30
050,20,183,"Kansas","Smith County",4,70,59,32,27
050,20,183,"Kansas","Smith County",4,71,55,30,25
050,20,183,"Kansas","Smith County",4,72,55,32,23
050,20,183,"Kansas","Smith County",4,73,53,27,26
050,20,183,"Kansas","Smith County",4,74,45,22,23
050,20,183,"Kansas","Smith County",4,75,52,31,21
050,20,183,"Kansas","Smith County",4,76,26,16,10
050,20,183,"Kansas","Smith County",4,77,31,14,17
050,20,183,"Kansas","Smith County",4,78,30,13,17
050,20,183,"Kansas","Smith County",4,79,28,13,15
050,20,183,"Kansas","Smith County",4,80,21,8,13
050,20,183,"Kansas","Smith County",4,81,25,9,16
050,20,183,"Kansas","Smith County",4,82,25,8,17
050,20,183,"Kansas","Smith County",4,83,29,10,19
050,20,183,"Kansas","Smith County",4,84,24,8,16
050,20,183,"Kansas","Smith County",4,85,182,78,104
050,20,183,"Kansas","Smith County",5,0,42,21,21
050,20,183,"Kansas","Smith County",5,1,38,21,17
050,20,183,"Kansas","Smith County",5,2,33,13,20
050,20,183,"Kansas","Smith County",5,3,25,13,12
050,20,183,"Kansas","Smith County",5,4,39,20,19
050,20,183,"Kansas","Smith County",5,5,33,21,12
050,20,183,"Kansas","Smith County",5,6,46,24,22
050,20,183,"Kansas","Smith County",5,7,48,20,28
050,20,183,"Kansas","Smith County",5,8,45,18,27
050,20,183,"Kansas","Smith County",5,9,28,13,15
050,20,183,"Kansas","Smith County",5,10,37,15,22
050,20,183,"Kansas","Smith County",5,11,44,21,23
050,20,183,"Kansas","Smith County",5,12,44,23,21
050,20,183,"Kansas","Smith County",5,13,47,23,24
050,20,183,"Kansas","Smith County",5,14,48,25,23
050,20,183,"Kansas","Smith County",5,15,45,25,20
050,20,183,"Kansas","Smith County",5,16,43,23,20
050,20,183,"Kansas","Smith County",5,17,42,21,21
050,20,183,"Kansas","Smith County",5,18,36,20,16
050,20,183,"Kansas","Smith County",5,19,34,20,14
050,20,183,"Kansas","Smith County",5,20,25,15,10
050,20,183,"Kansas","Smith County",5,21,38,17,21
050,20,183,"Kansas","Smith County",5,22,32,17,15
050,20,183,"Kansas","Smith County",5,23,30,16,14
050,20,183,"Kansas","Smith County",5,24,26,14,12
050,20,183,"Kansas","Smith County",5,25,29,13,16
050,20,183,"Kansas","Smith County",5,26,31,14,17
050,20,183,"Kansas","Smith County",5,27,38,19,19
050,20,183,"Kansas","Smith County",5,28,25,10,15
050,20,183,"Kansas","Smith County",5,29,41,23,18
050,20,183,"Kansas","Smith County",5,30,34,19,15
050,20,183,"Kansas","Smith County",5,31,35,19,16
050,20,183,"Kansas","Smith County",5,32,37,13,24
050,20,183,"Kansas","Smith County",5,33,44,24,20
050,20,183,"Kansas","Smith County",5,34,23,12,11
050,20,183,"Kansas","Smith County",5,35,25,17,8
050,20,183,"Kansas","Smith County",5,36,28,16,12
050,20,183,"Kansas","Smith County",5,37,32,16,16
050,20,183,"Kansas","Smith County",5,38,32,14,18
050,20,183,"Kansas","Smith County",5,39,28,10,18
050,20,183,"Kansas","Smith County",5,40,32,15,17
050,20,183,"Kansas","Smith County",5,41,44,24,20
050,20,183,"Kansas","Smith County",5,42,43,20,23
050,20,183,"Kansas","Smith County",5,43,43,19,24
050,20,183,"Kansas","Smith County",5,44,35,22,13
050,20,183,"Kansas","Smith County",5,45,41,17,24
050,20,183,"Kansas","Smith County",5,46,36,20,16
050,20,183,"Kansas","Smith County",5,47,42,19,23
050,20,183,"Kansas","Smith County",5,48,35,21,14
050,20,183,"Kansas","Smith County",5,49,40,23,17
050,20,183,"Kansas","Smith County",5,50,40,27,13
050,20,183,"Kansas","Smith County",5,51,35,21,14
050,20,183,"Kansas","Smith County",5,52,34,19,15
050,20,183,"Kansas","Smith County",5,53,39,20,19
050,20,183,"Kansas","Smith County",5,54,34,18,16
050,20,183,"Kansas","Smith County",5,55,37,15,22
050,20,183,"Kansas","Smith County",5,56,38,18,20
050,20,183,"Kansas","Smith County",5,57,38,18,20
050,20,183,"Kansas","Smith County",5,58,42,20,22
050,20,183,"Kansas","Smith County",5,59,58,28,30
050,20,183,"Kansas","Smith County",5,60,64,34,30
050,20,183,"Kansas","Smith County",5,61,67,33,34
050,20,183,"Kansas","Smith County",5,62,65,34,31
050,20,183,"Kansas","Smith County",5,63,56,25,31
050,20,183,"Kansas","Smith County",5,64,56,24,32
050,20,183,"Kansas","Smith County",5,65,61,29,32
050,20,183,"Kansas","Smith County",5,66,72,34,38
050,20,183,"Kansas","Smith County",5,67,62,38,24
050,20,183,"Kansas","Smith County",5,68,61,37,24
050,20,183,"Kansas","Smith County",5,69,60,34,26
050,20,183,"Kansas","Smith County",5,70,55,27,28
050,20,183,"Kansas","Smith County",5,71,59,32,27
050,20,183,"Kansas","Smith County",5,72,53,32,21
050,20,183,"Kansas","Smith County",5,73,53,31,22
050,20,183,"Kansas","Smith County",5,74,51,25,26
050,20,183,"Kansas","Smith County",5,75,40,20,20
050,20,183,"Kansas","Smith County",5,76,50,30,20
050,20,183,"Kansas","Smith County",5,77,27,17,10
050,20,183,"Kansas","Smith County",5,78,33,13,20
050,20,183,"Kansas","Smith County",5,79,32,14,18
050,20,183,"Kansas","Smith County",5,80,25,11,14
050,20,183,"Kansas","Smith County",5,81,22,8,14
050,20,183,"Kansas","Smith County",5,82,22,9,13
050,20,183,"Kansas","Smith County",5,83,25,8,17
050,20,183,"Kansas","Smith County",5,84,23,7,16
050,20,183,"Kansas","Smith County",5,85,180,74,106
050,20,185,"Kansas","Stafford County",1,0,40,20,20
050,20,185,"Kansas","Stafford County",1,1,47,21,26
050,20,185,"Kansas","Stafford County",1,2,54,31,23
050,20,185,"Kansas","Stafford County",1,3,58,29,29
050,20,185,"Kansas","Stafford County",1,4,57,29,28
050,20,185,"Kansas","Stafford County",1,5,53,27,26
050,20,185,"Kansas","Stafford County",1,6,58,31,27
050,20,185,"Kansas","Stafford County",1,7,57,34,23
050,20,185,"Kansas","Stafford County",1,8,55,29,26
050,20,185,"Kansas","Stafford County",1,9,49,21,28
050,20,185,"Kansas","Stafford County",1,10,55,30,25
050,20,185,"Kansas","Stafford County",1,11,55,29,26
050,20,185,"Kansas","Stafford County",1,12,58,28,30
050,20,185,"Kansas","Stafford County",1,13,60,32,28
050,20,185,"Kansas","Stafford County",1,14,49,26,23
050,20,185,"Kansas","Stafford County",1,15,55,28,27
050,20,185,"Kansas","Stafford County",1,16,60,32,28
050,20,185,"Kansas","Stafford County",1,17,49,31,18
050,20,185,"Kansas","Stafford County",1,18,47,28,19
050,20,185,"Kansas","Stafford County",1,19,41,22,19
050,20,185,"Kansas","Stafford County",1,20,47,30,17
050,20,185,"Kansas","Stafford County",1,21,51,31,20
050,20,185,"Kansas","Stafford County",1,22,42,22,20
050,20,185,"Kansas","Stafford County",1,23,48,25,23
050,20,185,"Kansas","Stafford County",1,24,36,19,17
050,20,185,"Kansas","Stafford County",1,25,40,19,21
050,20,185,"Kansas","Stafford County",1,26,46,24,22
050,20,185,"Kansas","Stafford County",1,27,40,19,21
050,20,185,"Kansas","Stafford County",1,28,40,21,19
050,20,185,"Kansas","Stafford County",1,29,35,19,16
050,20,185,"Kansas","Stafford County",1,30,46,20,26
050,20,185,"Kansas","Stafford County",1,31,33,14,19
050,20,185,"Kansas","Stafford County",1,32,34,17,17
050,20,185,"Kansas","Stafford County",1,33,41,21,20
050,20,185,"Kansas","Stafford County",1,34,55,28,27
050,20,185,"Kansas","Stafford County",1,35,55,32,23
050,20,185,"Kansas","Stafford County",1,36,37,21,16
050,20,185,"Kansas","Stafford County",1,37,42,21,21
050,20,185,"Kansas","Stafford County",1,38,44,29,15
050,20,185,"Kansas","Stafford County",1,39,47,28,19
050,20,185,"Kansas","Stafford County",1,40,43,22,21
050,20,185,"Kansas","Stafford County",1,41,39,18,21
050,20,185,"Kansas","Stafford County",1,42,35,19,16
050,20,185,"Kansas","Stafford County",1,43,40,18,22
050,20,185,"Kansas","Stafford County",1,44,34,14,20
050,20,185,"Kansas","Stafford County",1,45,39,15,24
050,20,185,"Kansas","Stafford County",1,46,37,13,24
050,20,185,"Kansas","Stafford County",1,47,36,19,17
050,20,185,"Kansas","Stafford County",1,48,37,19,18
050,20,185,"Kansas","Stafford County",1,49,45,22,23
050,20,185,"Kansas","Stafford County",1,50,43,24,19
050,20,185,"Kansas","Stafford County",1,51,39,16,23
050,20,185,"Kansas","Stafford County",1,52,43,19,24
050,20,185,"Kansas","Stafford County",1,53,50,29,21
050,20,185,"Kansas","Stafford County",1,54,54,28,26
050,20,185,"Kansas","Stafford County",1,55,61,26,35
050,20,185,"Kansas","Stafford County",1,56,60,28,32
050,20,185,"Kansas","Stafford County",1,57,67,38,29
050,20,185,"Kansas","Stafford County",1,58,74,37,37
050,20,185,"Kansas","Stafford County",1,59,68,36,32
050,20,185,"Kansas","Stafford County",1,60,62,32,30
050,20,185,"Kansas","Stafford County",1,61,64,35,29
050,20,185,"Kansas","Stafford County",1,62,68,36,32
050,20,185,"Kansas","Stafford County",1,63,63,31,32
050,20,185,"Kansas","Stafford County",1,64,62,31,31
050,20,185,"Kansas","Stafford County",1,65,71,38,33
050,20,185,"Kansas","Stafford County",1,66,55,31,24
050,20,185,"Kansas","Stafford County",1,67,54,31,23
050,20,185,"Kansas","Stafford County",1,68,44,23,21
050,20,185,"Kansas","Stafford County",1,69,49,19,30
050,20,185,"Kansas","Stafford County",1,70,41,24,17
050,20,185,"Kansas","Stafford County",1,71,41,25,16
050,20,185,"Kansas","Stafford County",1,72,38,18,20
050,20,185,"Kansas","Stafford County",1,73,41,27,14
050,20,185,"Kansas","Stafford County",1,74,27,14,13
050,20,185,"Kansas","Stafford County",1,75,31,12,19
050,20,185,"Kansas","Stafford County",1,76,33,12,21
050,20,185,"Kansas","Stafford County",1,77,34,20,14
050,20,185,"Kansas","Stafford County",1,78,28,14,14
050,20,185,"Kansas","Stafford County",1,79,25,12,13
050,20,185,"Kansas","Stafford County",1,80,24,13,11
050,20,185,"Kansas","Stafford County",1,81,24,12,12
050,20,185,"Kansas","Stafford County",1,82,23,13,10
050,20,185,"Kansas","Stafford County",1,83,21,9,12
050,20,185,"Kansas","Stafford County",1,84,20,8,12
050,20,185,"Kansas","Stafford County",1,85,161,53,108
050,20,185,"Kansas","Stafford County",2,0,39,19,20
050,20,185,"Kansas","Stafford County",2,1,45,21,24
050,20,185,"Kansas","Stafford County",2,2,53,28,25
050,20,185,"Kansas","Stafford County",2,3,57,30,27
050,20,185,"Kansas","Stafford County",2,4,58,29,29
050,20,185,"Kansas","Stafford County",2,5,55,27,28
050,20,185,"Kansas","Stafford County",2,6,59,31,28
050,20,185,"Kansas","Stafford County",2,7,57,33,24
050,20,185,"Kansas","Stafford County",2,8,55,30,25
050,20,185,"Kansas","Stafford County",2,9,50,23,27
050,20,185,"Kansas","Stafford County",2,10,53,28,25
050,20,185,"Kansas","Stafford County",2,11,56,30,26
050,20,185,"Kansas","Stafford County",2,12,56,28,28
050,20,185,"Kansas","Stafford County",2,13,59,30,29
050,20,185,"Kansas","Stafford County",2,14,51,27,24
050,20,185,"Kansas","Stafford County",2,15,55,28,27
050,20,185,"Kansas","Stafford County",2,16,59,32,27
050,20,185,"Kansas","Stafford County",2,17,52,31,21
050,20,185,"Kansas","Stafford County",2,18,44,27,17
050,20,185,"Kansas","Stafford County",2,19,39,21,18
050,20,185,"Kansas","Stafford County",2,20,46,28,18
050,20,185,"Kansas","Stafford County",2,21,50,30,20
050,20,185,"Kansas","Stafford County",2,22,44,24,20
050,20,185,"Kansas","Stafford County",2,23,46,25,21
050,20,185,"Kansas","Stafford County",2,24,39,21,18
050,20,185,"Kansas","Stafford County",2,25,39,20,19
050,20,185,"Kansas","Stafford County",2,26,46,24,22
050,20,185,"Kansas","Stafford County",2,27,42,20,22
050,20,185,"Kansas","Stafford County",2,28,40,21,19
050,20,185,"Kansas","Stafford County",2,29,36,19,17
050,20,185,"Kansas","Stafford County",2,30,44,20,24
050,20,185,"Kansas","Stafford County",2,31,36,16,20
050,20,185,"Kansas","Stafford County",2,32,35,17,18
050,20,185,"Kansas","Stafford County",2,33,39,20,19
050,20,185,"Kansas","Stafford County",2,34,52,26,26
050,20,185,"Kansas","Stafford County",2,35,56,31,25
050,20,185,"Kansas","Stafford County",2,36,42,25,17
050,20,185,"Kansas","Stafford County",2,37,41,21,20
050,20,185,"Kansas","Stafford County",2,38,44,27,17
050,20,185,"Kansas","Stafford County",2,39,47,28,19
050,20,185,"Kansas","Stafford County",2,40,43,23,20
050,20,185,"Kansas","Stafford County",2,41,40,20,20
050,20,185,"Kansas","Stafford County",2,42,36,19,17
050,20,185,"Kansas","Stafford County",2,43,41,20,21
050,20,185,"Kansas","Stafford County",2,44,34,14,20
050,20,185,"Kansas","Stafford County",2,45,38,15,23
050,20,185,"Kansas","Stafford County",2,46,40,15,25
050,20,185,"Kansas","Stafford County",2,47,35,17,18
050,20,185,"Kansas","Stafford County",2,48,37,18,19
050,20,185,"Kansas","Stafford County",2,49,43,21,22
050,20,185,"Kansas","Stafford County",2,50,42,23,19
050,20,185,"Kansas","Stafford County",2,51,39,17,22
050,20,185,"Kansas","Stafford County",2,52,42,18,24
050,20,185,"Kansas","Stafford County",2,53,48,27,21
050,20,185,"Kansas","Stafford County",2,54,54,28,26
050,20,185,"Kansas","Stafford County",2,55,59,26,33
050,20,185,"Kansas","Stafford County",2,56,60,27,33
050,20,185,"Kansas","Stafford County",2,57,65,36,29
050,20,185,"Kansas","Stafford County",2,58,73,37,36
050,20,185,"Kansas","Stafford County",2,59,68,36,32
050,20,185,"Kansas","Stafford County",2,60,62,32,30
050,20,185,"Kansas","Stafford County",2,61,62,34,28
050,20,185,"Kansas","Stafford County",2,62,67,35,32
050,20,185,"Kansas","Stafford County",2,63,63,31,32
050,20,185,"Kansas","Stafford County",2,64,62,30,32
050,20,185,"Kansas","Stafford County",2,65,68,35,33
050,20,185,"Kansas","Stafford County",2,66,58,33,25
050,20,185,"Kansas","Stafford County",2,67,54,31,23
050,20,185,"Kansas","Stafford County",2,68,47,25,22
050,20,185,"Kansas","Stafford County",2,69,49,20,29
050,20,185,"Kansas","Stafford County",2,70,42,23,19
050,20,185,"Kansas","Stafford County",2,71,39,24,15
050,20,185,"Kansas","Stafford County",2,72,37,18,19
050,20,185,"Kansas","Stafford County",2,73,43,27,16
050,20,185,"Kansas","Stafford County",2,74,26,14,12
050,20,185,"Kansas","Stafford County",2,75,28,12,16
050,20,185,"Kansas","Stafford County",2,76,32,12,20
050,20,185,"Kansas","Stafford County",2,77,35,19,16
050,20,185,"Kansas","Stafford County",2,78,28,14,14
050,20,185,"Kansas","Stafford County",2,79,23,12,11
050,20,185,"Kansas","Stafford County",2,80,24,12,12
050,20,185,"Kansas","Stafford County",2,81,23,12,11
050,20,185,"Kansas","Stafford County",2,82,24,13,11
050,20,185,"Kansas","Stafford County",2,83,22,10,12
050,20,185,"Kansas","Stafford County",2,84,18,9,9
050,20,185,"Kansas","Stafford County",2,85,160,52,108
050,20,185,"Kansas","Stafford County",3,0,56,29,27
050,20,185,"Kansas","Stafford County",3,1,33,16,17
050,20,185,"Kansas","Stafford County",3,2,47,22,25
050,20,185,"Kansas","Stafford County",3,3,53,28,25
050,20,185,"Kansas","Stafford County",3,4,55,30,25
050,20,185,"Kansas","Stafford County",3,5,58,31,27
050,20,185,"Kansas","Stafford County",3,6,55,27,28
050,20,185,"Kansas","Stafford County",3,7,57,30,27
050,20,185,"Kansas","Stafford County",3,8,57,31,26
050,20,185,"Kansas","Stafford County",3,9,57,29,28
050,20,185,"Kansas","Stafford County",3,10,54,31,23
050,20,185,"Kansas","Stafford County",3,11,56,30,26
050,20,185,"Kansas","Stafford County",3,12,54,26,28
050,20,185,"Kansas","Stafford County",3,13,57,29,28
050,20,185,"Kansas","Stafford County",3,14,55,28,27
050,20,185,"Kansas","Stafford County",3,15,53,31,22
050,20,185,"Kansas","Stafford County",3,16,54,28,26
050,20,185,"Kansas","Stafford County",3,17,59,32,27
050,20,185,"Kansas","Stafford County",3,18,46,27,19
050,20,185,"Kansas","Stafford County",3,19,37,21,16
050,20,185,"Kansas","Stafford County",3,20,43,22,21
050,20,185,"Kansas","Stafford County",3,21,43,26,17
050,20,185,"Kansas","Stafford County",3,22,51,30,21
050,20,185,"Kansas","Stafford County",3,23,41,23,18
050,20,185,"Kansas","Stafford County",3,24,42,23,19
050,20,185,"Kansas","Stafford County",3,25,37,22,15
050,20,185,"Kansas","Stafford County",3,26,34,15,19
050,20,185,"Kansas","Stafford County",3,27,42,23,19
050,20,185,"Kansas","Stafford County",3,28,43,20,23
050,20,185,"Kansas","Stafford County",3,29,38,20,18
050,20,185,"Kansas","Stafford County",3,30,34,16,18
050,20,185,"Kansas","Stafford County",3,31,45,19,26
050,20,185,"Kansas","Stafford County",3,32,31,15,16
050,20,185,"Kansas","Stafford County",3,33,38,18,20
050,20,185,"Kansas","Stafford County",3,34,41,19,22
050,20,185,"Kansas","Stafford County",3,35,52,26,26
050,20,185,"Kansas","Stafford County",3,36,57,32,25
050,20,185,"Kansas","Stafford County",3,37,43,25,18
050,20,185,"Kansas","Stafford County",3,38,43,23,20
050,20,185,"Kansas","Stafford County",3,39,44,27,17
050,20,185,"Kansas","Stafford County",3,40,49,29,20
050,20,185,"Kansas","Stafford County",3,41,43,22,21
050,20,185,"Kansas","Stafford County",3,42,39,19,20
050,20,185,"Kansas","Stafford County",3,43,41,22,19
050,20,185,"Kansas","Stafford County",3,44,42,20,22
050,20,185,"Kansas","Stafford County",3,45,33,13,20
050,20,185,"Kansas","Stafford County",3,46,37,14,23
050,20,185,"Kansas","Stafford County",3,47,42,16,26
050,20,185,"Kansas","Stafford County",3,48,35,17,18
050,20,185,"Kansas","Stafford County",3,49,39,19,20
050,20,185,"Kansas","Stafford County",3,50,43,21,22
050,20,185,"Kansas","Stafford County",3,51,41,22,19
050,20,185,"Kansas","Stafford County",3,52,37,18,19
050,20,185,"Kansas","Stafford County",3,53,44,19,25
050,20,185,"Kansas","Stafford County",3,54,47,25,22
050,20,185,"Kansas","Stafford County",3,55,51,26,25
050,20,185,"Kansas","Stafford County",3,56,64,27,37
050,20,185,"Kansas","Stafford County",3,57,58,27,31
050,20,185,"Kansas","Stafford County",3,58,62,32,30
050,20,185,"Kansas","Stafford County",3,59,70,37,33
050,20,185,"Kansas","Stafford County",3,60,66,35,31
050,20,185,"Kansas","Stafford County",3,61,63,32,31
050,20,185,"Kansas","Stafford County",3,62,63,36,27
050,20,185,"Kansas","Stafford County",3,63,66,33,33
050,20,185,"Kansas","Stafford County",3,64,58,28,30
050,20,185,"Kansas","Stafford County",3,65,61,31,30
050,20,185,"Kansas","Stafford County",3,66,65,35,30
050,20,185,"Kansas","Stafford County",3,67,54,30,24
050,20,185,"Kansas","Stafford County",3,68,49,29,20
050,20,185,"Kansas","Stafford County",3,69,52,26,26
050,20,185,"Kansas","Stafford County",3,70,44,20,24
050,20,185,"Kansas","Stafford County",3,71,37,20,17
050,20,185,"Kansas","Stafford County",3,72,39,23,16
050,20,185,"Kansas","Stafford County",3,73,37,20,17
050,20,185,"Kansas","Stafford County",3,74,39,24,15
050,20,185,"Kansas","Stafford County",3,75,25,13,12
050,20,185,"Kansas","Stafford County",3,76,24,9,15
050,20,185,"Kansas","Stafford County",3,77,36,15,21
050,20,185,"Kansas","Stafford County",3,78,30,15,15
050,20,185,"Kansas","Stafford County",3,79,27,13,14
050,20,185,"Kansas","Stafford County",3,80,24,12,12
050,20,185,"Kansas","Stafford County",3,81,22,11,11
050,20,185,"Kansas","Stafford County",3,82,19,8,11
050,20,185,"Kansas","Stafford County",3,83,26,13,13
050,20,185,"Kansas","Stafford County",3,84,19,12,7
050,20,185,"Kansas","Stafford County",3,85,151,48,103
050,20,185,"Kansas","Stafford County",4,0,44,19,25
050,20,185,"Kansas","Stafford County",4,1,57,30,27
050,20,185,"Kansas","Stafford County",4,2,35,17,18
050,20,185,"Kansas","Stafford County",4,3,48,22,26
050,20,185,"Kansas","Stafford County",4,4,50,24,26
050,20,185,"Kansas","Stafford County",4,5,52,29,23
050,20,185,"Kansas","Stafford County",4,6,57,33,24
050,20,185,"Kansas","Stafford County",4,7,58,29,29
050,20,185,"Kansas","Stafford County",4,8,55,26,29
050,20,185,"Kansas","Stafford County",4,9,60,34,26
050,20,185,"Kansas","Stafford County",4,10,58,30,28
050,20,185,"Kansas","Stafford County",4,11,57,31,26
050,20,185,"Kansas","Stafford County",4,12,64,34,30
050,20,185,"Kansas","Stafford County",4,13,56,31,25
050,20,185,"Kansas","Stafford County",4,14,63,29,34
050,20,185,"Kansas","Stafford County",4,15,55,29,26
050,20,185,"Kansas","Stafford County",4,16,52,28,24
050,20,185,"Kansas","Stafford County",4,17,55,28,27
050,20,185,"Kansas","Stafford County",4,18,55,31,24
050,20,185,"Kansas","Stafford County",4,19,35,21,14
050,20,185,"Kansas","Stafford County",4,20,39,21,18
050,20,185,"Kansas","Stafford County",4,21,46,23,23
050,20,185,"Kansas","Stafford County",4,22,46,25,21
050,20,185,"Kansas","Stafford County",4,23,55,34,21
050,20,185,"Kansas","Stafford County",4,24,42,26,16
050,20,185,"Kansas","Stafford County",4,25,36,21,15
050,20,185,"Kansas","Stafford County",4,26,33,18,15
050,20,185,"Kansas","Stafford County",4,27,34,14,20
050,20,185,"Kansas","Stafford County",4,28,44,24,20
050,20,185,"Kansas","Stafford County",4,29,39,19,20
050,20,185,"Kansas","Stafford County",4,30,41,21,20
050,20,185,"Kansas","Stafford County",4,31,32,15,17
050,20,185,"Kansas","Stafford County",4,32,44,19,25
050,20,185,"Kansas","Stafford County",4,33,31,15,16
050,20,185,"Kansas","Stafford County",4,34,44,19,25
050,20,185,"Kansas","Stafford County",4,35,39,19,20
050,20,185,"Kansas","Stafford County",4,36,51,26,25
050,20,185,"Kansas","Stafford County",4,37,58,34,24
050,20,185,"Kansas","Stafford County",4,38,45,26,19
050,20,185,"Kansas","Stafford County",4,39,42,22,20
050,20,185,"Kansas","Stafford County",4,40,45,27,18
050,20,185,"Kansas","Stafford County",4,41,49,29,20
050,20,185,"Kansas","Stafford County",4,42,45,23,22
050,20,185,"Kansas","Stafford County",4,43,43,22,21
050,20,185,"Kansas","Stafford County",4,44,42,23,19
050,20,185,"Kansas","Stafford County",4,45,44,21,23
050,20,185,"Kansas","Stafford County",4,46,31,12,19
050,20,185,"Kansas","Stafford County",4,47,34,14,20
050,20,185,"Kansas","Stafford County",4,48,40,16,24
050,20,185,"Kansas","Stafford County",4,49,37,19,18
050,20,185,"Kansas","Stafford County",4,50,38,18,20
050,20,185,"Kansas","Stafford County",4,51,44,21,23
050,20,185,"Kansas","Stafford County",4,52,37,20,17
050,20,185,"Kansas","Stafford County",4,53,37,17,20
050,20,185,"Kansas","Stafford County",4,54,44,17,27
050,20,185,"Kansas","Stafford County",4,55,45,24,21
050,20,185,"Kansas","Stafford County",4,56,49,24,25
050,20,185,"Kansas","Stafford County",4,57,59,27,32
050,20,185,"Kansas","Stafford County",4,58,58,26,32
050,20,185,"Kansas","Stafford County",4,59,61,30,31
050,20,185,"Kansas","Stafford County",4,60,65,35,30
050,20,185,"Kansas","Stafford County",4,61,65,34,31
050,20,185,"Kansas","Stafford County",4,62,63,31,32
050,20,185,"Kansas","Stafford County",4,63,59,34,25
050,20,185,"Kansas","Stafford County",4,64,65,33,32
050,20,185,"Kansas","Stafford County",4,65,55,26,29
050,20,185,"Kansas","Stafford County",4,66,56,28,28
050,20,185,"Kansas","Stafford County",4,67,55,30,25
050,20,185,"Kansas","Stafford County",4,68,54,30,24
050,20,185,"Kansas","Stafford County",4,69,46,23,23
050,20,185,"Kansas","Stafford County",4,70,47,26,21
050,20,185,"Kansas","Stafford County",4,71,43,19,24
050,20,185,"Kansas","Stafford County",4,72,36,19,17
050,20,185,"Kansas","Stafford County",4,73,39,25,14
050,20,185,"Kansas","Stafford County",4,74,36,18,18
050,20,185,"Kansas","Stafford County",4,75,37,24,13
050,20,185,"Kansas","Stafford County",4,76,22,11,11
050,20,185,"Kansas","Stafford County",4,77,27,12,15
050,20,185,"Kansas","Stafford County",4,78,31,12,19
050,20,185,"Kansas","Stafford County",4,79,28,14,14
050,20,185,"Kansas","Stafford County",4,80,26,12,14
050,20,185,"Kansas","Stafford County",4,81,21,11,10
050,20,185,"Kansas","Stafford County",4,82,23,11,12
050,20,185,"Kansas","Stafford County",4,83,20,7,13
050,20,185,"Kansas","Stafford County",4,84,23,13,10
050,20,185,"Kansas","Stafford County",4,85,140,44,96
050,20,185,"Kansas","Stafford County",5,0,44,19,25
050,20,185,"Kansas","Stafford County",5,1,55,25,30
050,20,185,"Kansas","Stafford County",5,2,57,31,26
050,20,185,"Kansas","Stafford County",5,3,37,18,19
050,20,185,"Kansas","Stafford County",5,4,52,29,23
050,20,185,"Kansas","Stafford County",5,5,40,19,21
050,20,185,"Kansas","Stafford County",5,6,50,29,21
050,20,185,"Kansas","Stafford County",5,7,57,33,24
050,20,185,"Kansas","Stafford County",5,8,58,29,29
050,20,185,"Kansas","Stafford County",5,9,56,28,28
050,20,185,"Kansas","Stafford County",5,10,54,32,22
050,20,185,"Kansas","Stafford County",5,11,56,33,23
050,20,185,"Kansas","Stafford County",5,12,52,30,22
050,20,185,"Kansas","Stafford County",5,13,64,32,32
050,20,185,"Kansas","Stafford County",5,14,55,29,26
050,20,185,"Kansas","Stafford County",5,15,59,31,28
050,20,185,"Kansas","Stafford County",5,16,57,29,28
050,20,185,"Kansas","Stafford County",5,17,50,28,22
050,20,185,"Kansas","Stafford County",5,18,46,26,20
050,20,185,"Kansas","Stafford County",5,19,41,22,19
050,20,185,"Kansas","Stafford County",5,20,36,22,14
050,20,185,"Kansas","Stafford County",5,21,34,19,15
050,20,185,"Kansas","Stafford County",5,22,43,20,23
050,20,185,"Kansas","Stafford County",5,23,46,25,21
050,20,185,"Kansas","Stafford County",5,24,58,31,27
050,20,185,"Kansas","Stafford County",5,25,39,24,15
050,20,185,"Kansas","Stafford County",5,26,39,24,15
050,20,185,"Kansas","Stafford County",5,27,39,22,17
050,20,185,"Kansas","Stafford County",5,28,29,13,16
050,20,185,"Kansas","Stafford County",5,29,48,24,24
050,20,185,"Kansas","Stafford County",5,30,40,19,21
050,20,185,"Kansas","Stafford County",5,31,41,21,20
050,20,185,"Kansas","Stafford County",5,32,36,17,19
050,20,185,"Kansas","Stafford County",5,33,45,20,25
050,20,185,"Kansas","Stafford County",5,34,32,15,17
050,20,185,"Kansas","Stafford County",5,35,46,18,28
050,20,185,"Kansas","Stafford County",5,36,40,20,20
050,20,185,"Kansas","Stafford County",5,37,51,27,24
050,20,185,"Kansas","Stafford County",5,38,54,31,23
050,20,185,"Kansas","Stafford County",5,39,43,27,16
050,20,185,"Kansas","Stafford County",5,40,44,22,22
050,20,185,"Kansas","Stafford County",5,41,40,27,13
050,20,185,"Kansas","Stafford County",5,42,49,30,19
050,20,185,"Kansas","Stafford County",5,43,44,24,20
050,20,185,"Kansas","Stafford County",5,44,42,21,21
050,20,185,"Kansas","Stafford County",5,45,40,21,19
050,20,185,"Kansas","Stafford County",5,46,41,20,21
050,20,185,"Kansas","Stafford County",5,47,33,14,19
050,20,185,"Kansas","Stafford County",5,48,35,15,20
050,20,185,"Kansas","Stafford County",5,49,43,18,25
050,20,185,"Kansas","Stafford County",5,50,39,18,21
050,20,185,"Kansas","Stafford County",5,51,34,15,19
050,20,185,"Kansas","Stafford County",5,52,42,21,21
050,20,185,"Kansas","Stafford County",5,53,38,21,17
050,20,185,"Kansas","Stafford County",5,54,37,15,22
050,20,185,"Kansas","Stafford County",5,55,43,17,26
050,20,185,"Kansas","Stafford County",5,56,43,22,21
050,20,185,"Kansas","Stafford County",5,57,50,25,25
050,20,185,"Kansas","Stafford County",5,58,61,27,34
050,20,185,"Kansas","Stafford County",5,59,55,24,31
050,20,185,"Kansas","Stafford County",5,60,60,29,31
050,20,185,"Kansas","Stafford County",5,61,65,34,31
050,20,185,"Kansas","Stafford County",5,62,64,33,31
050,20,185,"Kansas","Stafford County",5,63,59,29,30
050,20,185,"Kansas","Stafford County",5,64,60,34,26
050,20,185,"Kansas","Stafford County",5,65,65,35,30
050,20,185,"Kansas","Stafford County",5,66,51,24,27
050,20,185,"Kansas","Stafford County",5,67,50,22,28
050,20,185,"Kansas","Stafford County",5,68,53,28,25
050,20,185,"Kansas","Stafford County",5,69,53,26,27
050,20,185,"Kansas","Stafford County",5,70,46,26,20
050,20,185,"Kansas","Stafford County",5,71,46,26,20
050,20,185,"Kansas","Stafford County",5,72,42,19,23
050,20,185,"Kansas","Stafford County",5,73,35,21,14
050,20,185,"Kansas","Stafford County",5,74,37,21,16
050,20,185,"Kansas","Stafford County",5,75,35,17,18
050,20,185,"Kansas","Stafford County",5,76,32,22,10
050,20,185,"Kansas","Stafford County",5,77,26,14,12
050,20,185,"Kansas","Stafford County",5,78,21,9,12
050,20,185,"Kansas","Stafford County",5,79,29,11,18
050,20,185,"Kansas","Stafford County",5,80,27,14,13
050,20,185,"Kansas","Stafford County",5,81,23,11,12
050,20,185,"Kansas","Stafford County",5,82,22,10,12
050,20,185,"Kansas","Stafford County",5,83,25,10,15
050,20,185,"Kansas","Stafford County",5,84,17,7,10
050,20,185,"Kansas","Stafford County",5,85,134,44,90
050,20,187,"Kansas","Stanton County",1,0,19,9,10
050,20,187,"Kansas","Stanton County",1,1,24,9,15
050,20,187,"Kansas","Stanton County",1,2,25,14,11
050,20,187,"Kansas","Stanton County",1,3,31,19,12
050,20,187,"Kansas","Stanton County",1,4,35,17,18
050,20,187,"Kansas","Stanton County",1,5,29,16,13
050,20,187,"Kansas","Stanton County",1,6,34,17,17
050,20,187,"Kansas","Stanton County",1,7,33,13,20
050,20,187,"Kansas","Stanton County",1,8,33,14,19
050,20,187,"Kansas","Stanton County",1,9,35,17,18
050,20,187,"Kansas","Stanton County",1,10,44,23,21
050,20,187,"Kansas","Stanton County",1,11,43,18,25
050,20,187,"Kansas","Stanton County",1,12,44,20,24
050,20,187,"Kansas","Stanton County",1,13,46,25,21
050,20,187,"Kansas","Stanton County",1,14,30,15,15
050,20,187,"Kansas","Stanton County",1,15,36,17,19
050,20,187,"Kansas","Stanton County",1,16,35,13,22
050,20,187,"Kansas","Stanton County",1,17,35,18,17
050,20,187,"Kansas","Stanton County",1,18,34,21,13
050,20,187,"Kansas","Stanton County",1,19,26,18,8
050,20,187,"Kansas","Stanton County",1,20,32,18,14
050,20,187,"Kansas","Stanton County",1,21,30,11,19
050,20,187,"Kansas","Stanton County",1,22,27,16,11
050,20,187,"Kansas","Stanton County",1,23,16,9,7
050,20,187,"Kansas","Stanton County",1,24,19,11,8
050,20,187,"Kansas","Stanton County",1,25,16,11,5
050,20,187,"Kansas","Stanton County",1,26,21,13,8
050,20,187,"Kansas","Stanton County",1,27,23,11,12
050,20,187,"Kansas","Stanton County",1,28,24,10,14
050,20,187,"Kansas","Stanton County",1,29,26,9,17
050,20,187,"Kansas","Stanton County",1,30,13,9,4
050,20,187,"Kansas","Stanton County",1,31,18,10,8
050,20,187,"Kansas","Stanton County",1,32,24,20,4
050,20,187,"Kansas","Stanton County",1,33,24,13,11
050,20,187,"Kansas","Stanton County",1,34,28,17,11
050,20,187,"Kansas","Stanton County",1,35,21,11,10
050,20,187,"Kansas","Stanton County",1,36,16,5,11
050,20,187,"Kansas","Stanton County",1,37,32,15,17
050,20,187,"Kansas","Stanton County",1,38,24,7,17
050,20,187,"Kansas","Stanton County",1,39,22,8,14
050,20,187,"Kansas","Stanton County",1,40,22,7,15
050,20,187,"Kansas","Stanton County",1,41,34,19,15
050,20,187,"Kansas","Stanton County",1,42,28,15,13
050,20,187,"Kansas","Stanton County",1,43,17,7,10
050,20,187,"Kansas","Stanton County",1,44,25,15,10
050,20,187,"Kansas","Stanton County",1,45,25,9,16
050,20,187,"Kansas","Stanton County",1,46,19,7,12
050,20,187,"Kansas","Stanton County",1,47,18,11,7
050,20,187,"Kansas","Stanton County",1,48,21,11,10
050,20,187,"Kansas","Stanton County",1,49,29,10,19
050,20,187,"Kansas","Stanton County",1,50,26,12,14
050,20,187,"Kansas","Stanton County",1,51,26,9,17
050,20,187,"Kansas","Stanton County",1,52,23,10,13
050,20,187,"Kansas","Stanton County",1,53,20,16,4
050,20,187,"Kansas","Stanton County",1,54,18,10,8
050,20,187,"Kansas","Stanton County",1,55,24,10,14
050,20,187,"Kansas","Stanton County",1,56,32,16,16
050,20,187,"Kansas","Stanton County",1,57,31,14,17
050,20,187,"Kansas","Stanton County",1,58,26,15,11
050,20,187,"Kansas","Stanton County",1,59,24,12,12
050,20,187,"Kansas","Stanton County",1,60,21,9,12
050,20,187,"Kansas","Stanton County",1,61,20,11,9
050,20,187,"Kansas","Stanton County",1,62,19,12,7
050,20,187,"Kansas","Stanton County",1,63,25,12,13
050,20,187,"Kansas","Stanton County",1,64,25,13,12
050,20,187,"Kansas","Stanton County",1,65,33,19,14
050,20,187,"Kansas","Stanton County",1,66,18,8,10
050,20,187,"Kansas","Stanton County",1,67,20,9,11
050,20,187,"Kansas","Stanton County",1,68,25,16,9
050,20,187,"Kansas","Stanton County",1,69,19,12,7
050,20,187,"Kansas","Stanton County",1,70,17,8,9
050,20,187,"Kansas","Stanton County",1,71,16,6,10
050,20,187,"Kansas","Stanton County",1,72,18,4,14
050,20,187,"Kansas","Stanton County",1,73,18,5,13
050,20,187,"Kansas","Stanton County",1,74,10,2,8
050,20,187,"Kansas","Stanton County",1,75,11,5,6
050,20,187,"Kansas","Stanton County",1,76,18,11,7
050,20,187,"Kansas","Stanton County",1,77,18,11,7
050,20,187,"Kansas","Stanton County",1,78,10,3,7
050,20,187,"Kansas","Stanton County",1,79,10,4,6
050,20,187,"Kansas","Stanton County",1,80,5,2,3
050,20,187,"Kansas","Stanton County",1,81,6,1,5
050,20,187,"Kansas","Stanton County",1,82,9,4,5
050,20,187,"Kansas","Stanton County",1,83,10,4,6
050,20,187,"Kansas","Stanton County",1,84,12,7,5
050,20,187,"Kansas","Stanton County",1,85,57,23,34
050,20,187,"Kansas","Stanton County",2,0,22,12,10
050,20,187,"Kansas","Stanton County",2,1,23,9,14
050,20,187,"Kansas","Stanton County",2,2,25,13,12
050,20,187,"Kansas","Stanton County",2,3,29,17,12
050,20,187,"Kansas","Stanton County",2,4,35,18,17
050,20,187,"Kansas","Stanton County",2,5,32,17,15
050,20,187,"Kansas","Stanton County",2,6,32,17,15
050,20,187,"Kansas","Stanton County",2,7,34,14,20
050,20,187,"Kansas","Stanton County",2,8,34,13,21
050,20,187,"Kansas","Stanton County",2,9,35,17,18
050,20,187,"Kansas","Stanton County",2,10,43,22,21
050,20,187,"Kansas","Stanton County",2,11,43,19,24
050,20,187,"Kansas","Stanton County",2,12,44,20,24
050,20,187,"Kansas","Stanton County",2,13,48,25,23
050,20,187,"Kansas","Stanton County",2,14,35,18,17
050,20,187,"Kansas","Stanton County",2,15,34,17,17
050,20,187,"Kansas","Stanton County",2,16,35,14,21
050,20,187,"Kansas","Stanton County",2,17,35,17,18
050,20,187,"Kansas","Stanton County",2,18,32,20,12
050,20,187,"Kansas","Stanton County",2,19,26,18,8
050,20,187,"Kansas","Stanton County",2,20,30,17,13
050,20,187,"Kansas","Stanton County",2,21,30,12,18
050,20,187,"Kansas","Stanton County",2,22,28,15,13
050,20,187,"Kansas","Stanton County",2,23,18,10,8
050,20,187,"Kansas","Stanton County",2,24,17,10,7
050,20,187,"Kansas","Stanton County",2,25,17,11,6
050,20,187,"Kansas","Stanton County",2,26,21,13,8
050,20,187,"Kansas","Stanton County",2,27,21,11,10
050,20,187,"Kansas","Stanton County",2,28,26,11,15
050,20,187,"Kansas","Stanton County",2,29,25,9,16
050,20,187,"Kansas","Stanton County",2,30,17,9,8
050,20,187,"Kansas","Stanton County",2,31,17,10,7
050,20,187,"Kansas","Stanton County",2,32,23,17,6
050,20,187,"Kansas","Stanton County",2,33,24,14,10
050,20,187,"Kansas","Stanton County",2,34,28,17,11
050,20,187,"Kansas","Stanton County",2,35,23,12,11
050,20,187,"Kansas","Stanton County",2,36,16,6,10
050,20,187,"Kansas","Stanton County",2,37,29,13,16
050,20,187,"Kansas","Stanton County",2,38,26,9,17
050,20,187,"Kansas","Stanton County",2,39,22,7,15
050,20,187,"Kansas","Stanton County",2,40,24,8,16
050,20,187,"Kansas","Stanton County",2,41,31,16,15
050,20,187,"Kansas","Stanton County",2,42,28,14,14
050,20,187,"Kansas","Stanton County",2,43,18,8,10
050,20,187,"Kansas","Stanton County",2,44,22,12,10
050,20,187,"Kansas","Stanton County",2,45,25,11,14
050,20,187,"Kansas","Stanton County",2,46,19,7,12
050,20,187,"Kansas","Stanton County",2,47,18,10,8
050,20,187,"Kansas","Stanton County",2,48,20,11,9
050,20,187,"Kansas","Stanton County",2,49,28,11,17
050,20,187,"Kansas","Stanton County",2,50,27,11,16
050,20,187,"Kansas","Stanton County",2,51,25,9,16
050,20,187,"Kansas","Stanton County",2,52,24,10,14
050,20,187,"Kansas","Stanton County",2,53,21,15,6
050,20,187,"Kansas","Stanton County",2,54,18,12,6
050,20,187,"Kansas","Stanton County",2,55,22,9,13
050,20,187,"Kansas","Stanton County",2,56,29,14,15
050,20,187,"Kansas","Stanton County",2,57,31,14,17
050,20,187,"Kansas","Stanton County",2,58,27,15,12
050,20,187,"Kansas","Stanton County",2,59,25,13,12
050,20,187,"Kansas","Stanton County",2,60,22,10,12
050,20,187,"Kansas","Stanton County",2,61,20,11,9
050,20,187,"Kansas","Stanton County",2,62,18,11,7
050,20,187,"Kansas","Stanton County",2,63,22,12,10
050,20,187,"Kansas","Stanton County",2,64,24,12,12
050,20,187,"Kansas","Stanton County",2,65,31,18,13
050,20,187,"Kansas","Stanton County",2,66,21,10,11
050,20,187,"Kansas","Stanton County",2,67,19,9,10
050,20,187,"Kansas","Stanton County",2,68,23,14,9
050,20,187,"Kansas","Stanton County",2,69,21,14,7
050,20,187,"Kansas","Stanton County",2,70,17,9,8
050,20,187,"Kansas","Stanton County",2,71,16,7,9
050,20,187,"Kansas","Stanton County",2,72,16,4,12
050,20,187,"Kansas","Stanton County",2,73,19,5,14
050,20,187,"Kansas","Stanton County",2,74,11,2,9
050,20,187,"Kansas","Stanton County",2,75,11,4,7
050,20,187,"Kansas","Stanton County",2,76,17,10,7
050,20,187,"Kansas","Stanton County",2,77,19,12,7
050,20,187,"Kansas","Stanton County",2,78,12,5,7
050,20,187,"Kansas","Stanton County",2,79,10,4,6
050,20,187,"Kansas","Stanton County",2,80,7,3,4
050,20,187,"Kansas","Stanton County",2,81,6,1,5
050,20,187,"Kansas","Stanton County",2,82,9,4,5
050,20,187,"Kansas","Stanton County",2,83,9,4,5
050,20,187,"Kansas","Stanton County",2,84,11,6,5
050,20,187,"Kansas","Stanton County",2,85,57,23,34
050,20,187,"Kansas","Stanton County",3,0,18,8,10
050,20,187,"Kansas","Stanton County",3,1,22,12,10
050,20,187,"Kansas","Stanton County",3,2,22,9,13
050,20,187,"Kansas","Stanton County",3,3,27,15,12
050,20,187,"Kansas","Stanton County",3,4,30,16,14
050,20,187,"Kansas","Stanton County",3,5,35,18,17
050,20,187,"Kansas","Stanton County",3,6,34,19,15
050,20,187,"Kansas","Stanton County",3,7,32,17,15
050,20,187,"Kansas","Stanton County",3,8,37,16,21
050,20,187,"Kansas","Stanton County",3,9,35,16,19
050,20,187,"Kansas","Stanton County",3,10,32,18,14
050,20,187,"Kansas","Stanton County",3,11,44,25,19
050,20,187,"Kansas","Stanton County",3,12,40,20,20
050,20,187,"Kansas","Stanton County",3,13,40,19,21
050,20,187,"Kansas","Stanton County",3,14,42,18,24
050,20,187,"Kansas","Stanton County",3,15,31,16,15
050,20,187,"Kansas","Stanton County",3,16,33,16,17
050,20,187,"Kansas","Stanton County",3,17,35,14,21
050,20,187,"Kansas","Stanton County",3,18,29,15,14
050,20,187,"Kansas","Stanton County",3,19,29,17,12
050,20,187,"Kansas","Stanton County",3,20,30,22,8
050,20,187,"Kansas","Stanton County",3,21,30,16,14
050,20,187,"Kansas","Stanton County",3,22,24,11,13
050,20,187,"Kansas","Stanton County",3,23,24,15,9
050,20,187,"Kansas","Stanton County",3,24,20,10,10
050,20,187,"Kansas","Stanton County",3,25,16,10,6
050,20,187,"Kansas","Stanton County",3,26,18,13,5
050,20,187,"Kansas","Stanton County",3,27,18,11,7
050,20,187,"Kansas","Stanton County",3,28,23,13,10
050,20,187,"Kansas","Stanton County",3,29,25,11,14
050,20,187,"Kansas","Stanton County",3,30,21,6,15
050,20,187,"Kansas","Stanton County",3,31,22,12,10
050,20,187,"Kansas","Stanton County",3,32,16,9,7
050,20,187,"Kansas","Stanton County",3,33,22,16,6
050,20,187,"Kansas","Stanton County",3,34,27,18,9
050,20,187,"Kansas","Stanton County",3,35,27,16,11
050,20,187,"Kansas","Stanton County",3,36,21,11,10
050,20,187,"Kansas","Stanton County",3,37,17,6,11
050,20,187,"Kansas","Stanton County",3,38,30,15,15
050,20,187,"Kansas","Stanton County",3,39,28,10,18
050,20,187,"Kansas","Stanton County",3,40,21,6,15
050,20,187,"Kansas","Stanton County",3,41,22,8,14
050,20,187,"Kansas","Stanton County",3,42,28,15,13
050,20,187,"Kansas","Stanton County",3,43,28,16,12
050,20,187,"Kansas","Stanton County",3,44,15,6,9
050,20,187,"Kansas","Stanton County",3,45,22,11,11
050,20,187,"Kansas","Stanton County",3,46,24,10,14
050,20,187,"Kansas","Stanton County",3,47,21,7,14
050,20,187,"Kansas","Stanton County",3,48,18,10,8
050,20,187,"Kansas","Stanton County",3,49,22,11,11
050,20,187,"Kansas","Stanton County",3,50,25,10,15
050,20,187,"Kansas","Stanton County",3,51,27,11,16
050,20,187,"Kansas","Stanton County",3,52,26,10,16
050,20,187,"Kansas","Stanton County",3,53,23,10,13
050,20,187,"Kansas","Stanton County",3,54,19,12,7
050,20,187,"Kansas","Stanton County",3,55,18,12,6
050,20,187,"Kansas","Stanton County",3,56,22,9,13
050,20,187,"Kansas","Stanton County",3,57,29,14,15
050,20,187,"Kansas","Stanton County",3,58,28,12,16
050,20,187,"Kansas","Stanton County",3,59,27,15,12
050,20,187,"Kansas","Stanton County",3,60,25,13,12
050,20,187,"Kansas","Stanton County",3,61,25,12,13
050,20,187,"Kansas","Stanton County",3,62,20,10,10
050,20,187,"Kansas","Stanton County",3,63,18,11,7
050,20,187,"Kansas","Stanton County",3,64,21,12,9
050,20,187,"Kansas","Stanton County",3,65,23,11,12
050,20,187,"Kansas","Stanton County",3,66,30,18,12
050,20,187,"Kansas","Stanton County",3,67,21,10,11
050,20,187,"Kansas","Stanton County",3,68,19,9,10
050,20,187,"Kansas","Stanton County",3,69,22,13,9
050,20,187,"Kansas","Stanton County",3,70,20,14,6
050,20,187,"Kansas","Stanton County",3,71,17,9,8
050,20,187,"Kansas","Stanton County",3,72,14,5,9
050,20,187,"Kansas","Stanton County",3,73,15,4,11
050,20,187,"Kansas","Stanton County",3,74,18,4,14
050,20,187,"Kansas","Stanton County",3,75,11,2,9
050,20,187,"Kansas","Stanton County",3,76,12,4,8
050,20,187,"Kansas","Stanton County",3,77,17,10,7
050,20,187,"Kansas","Stanton County",3,78,19,12,7
050,20,187,"Kansas","Stanton County",3,79,12,5,7
050,20,187,"Kansas","Stanton County",3,80,9,3,6
050,20,187,"Kansas","Stanton County",3,81,6,2,4
050,20,187,"Kansas","Stanton County",3,82,7,2,5
050,20,187,"Kansas","Stanton County",3,83,8,3,5
050,20,187,"Kansas","Stanton County",3,84,7,3,4
050,20,187,"Kansas","Stanton County",3,85,58,25,33
050,20,187,"Kansas","Stanton County",4,0,15,6,9
050,20,187,"Kansas","Stanton County",4,1,17,8,9
050,20,187,"Kansas","Stanton County",4,2,22,13,9
050,20,187,"Kansas","Stanton County",4,3,25,11,14
050,20,187,"Kansas","Stanton County",4,4,27,14,13
050,20,187,"Kansas","Stanton County",4,5,27,16,11
050,20,187,"Kansas","Stanton County",4,6,31,14,17
050,20,187,"Kansas","Stanton County",4,7,31,16,15
050,20,187,"Kansas","Stanton County",4,8,32,15,17
050,20,187,"Kansas","Stanton County",4,9,36,16,20
050,20,187,"Kansas","Stanton County",4,10,35,16,19
050,20,187,"Kansas","Stanton County",4,11,30,15,15
050,20,187,"Kansas","Stanton County",4,12,38,19,19
050,20,187,"Kansas","Stanton County",4,13,38,19,19
050,20,187,"Kansas","Stanton County",4,14,39,17,22
050,20,187,"Kansas","Stanton County",4,15,41,18,23
050,20,187,"Kansas","Stanton County",4,16,32,16,16
050,20,187,"Kansas","Stanton County",4,17,31,14,17
050,20,187,"Kansas","Stanton County",4,18,33,14,19
050,20,187,"Kansas","Stanton County",4,19,20,11,9
050,20,187,"Kansas","Stanton County",4,20,27,16,11
050,20,187,"Kansas","Stanton County",4,21,26,19,7
050,20,187,"Kansas","Stanton County",4,22,31,17,14
050,20,187,"Kansas","Stanton County",4,23,16,6,10
050,20,187,"Kansas","Stanton County",4,24,23,14,9
050,20,187,"Kansas","Stanton County",4,25,18,10,8
050,20,187,"Kansas","Stanton County",4,26,15,9,6
050,20,187,"Kansas","Stanton County",4,27,16,11,5
050,20,187,"Kansas","Stanton County",4,28,18,11,7
050,20,187,"Kansas","Stanton County",4,29,27,15,12
050,20,187,"Kansas","Stanton County",4,30,22,9,13
050,20,187,"Kansas","Stanton County",4,31,20,8,12
050,20,187,"Kansas","Stanton County",4,32,20,9,11
050,20,187,"Kansas","Stanton County",4,33,21,10,11
050,20,187,"Kansas","Stanton County",4,34,22,15,7
050,20,187,"Kansas","Stanton County",4,35,26,18,8
050,20,187,"Kansas","Stanton County",4,36,27,15,12
050,20,187,"Kansas","Stanton County",4,37,19,10,9
050,20,187,"Kansas","Stanton County",4,38,17,6,11
050,20,187,"Kansas","Stanton County",4,39,28,15,13
050,20,187,"Kansas","Stanton County",4,40,32,14,18
050,20,187,"Kansas","Stanton County",4,41,19,4,15
050,20,187,"Kansas","Stanton County",4,42,24,10,14
050,20,187,"Kansas","Stanton County",4,43,24,15,9
050,20,187,"Kansas","Stanton County",4,44,26,15,11
050,20,187,"Kansas","Stanton County",4,45,15,6,9
050,20,187,"Kansas","Stanton County",4,46,19,11,8
050,20,187,"Kansas","Stanton County",4,47,25,10,15
050,20,187,"Kansas","Stanton County",4,48,21,7,14
050,20,187,"Kansas","Stanton County",4,49,16,8,8
050,20,187,"Kansas","Stanton County",4,50,22,11,11
050,20,187,"Kansas","Stanton County",4,51,24,9,15
050,20,187,"Kansas","Stanton County",4,52,28,11,17
050,20,187,"Kansas","Stanton County",4,53,25,11,14
050,20,187,"Kansas","Stanton County",4,54,24,10,14
050,20,187,"Kansas","Stanton County",4,55,21,14,7
050,20,187,"Kansas","Stanton County",4,56,18,12,6
050,20,187,"Kansas","Stanton County",4,57,22,9,13
050,20,187,"Kansas","Stanton County",4,58,26,14,12
050,20,187,"Kansas","Stanton County",4,59,28,12,16
050,20,187,"Kansas","Stanton County",4,60,25,12,13
050,20,187,"Kansas","Stanton County",4,61,22,12,10
050,20,187,"Kansas","Stanton County",4,62,23,9,14
050,20,187,"Kansas","Stanton County",4,63,20,10,10
050,20,187,"Kansas","Stanton County",4,64,18,11,7
050,20,187,"Kansas","Stanton County",4,65,17,10,7
050,20,187,"Kansas","Stanton County",4,66,23,11,12
050,20,187,"Kansas","Stanton County",4,67,30,18,12
050,20,187,"Kansas","Stanton County",4,68,19,9,10
050,20,187,"Kansas","Stanton County",4,69,17,7,10
050,20,187,"Kansas","Stanton County",4,70,21,12,9
050,20,187,"Kansas","Stanton County",4,71,21,14,7
050,20,187,"Kansas","Stanton County",4,72,17,9,8
050,20,187,"Kansas","Stanton County",4,73,12,3,9
050,20,187,"Kansas","Stanton County",4,74,14,4,10
050,20,187,"Kansas","Stanton County",4,75,18,4,14
050,20,187,"Kansas","Stanton County",4,76,12,2,10
050,20,187,"Kansas","Stanton County",4,77,10,4,6
050,20,187,"Kansas","Stanton County",4,78,16,9,7
050,20,187,"Kansas","Stanton County",4,79,18,12,6
050,20,187,"Kansas","Stanton County",4,80,12,5,7
050,20,187,"Kansas","Stanton County",4,81,7,2,5
050,20,187,"Kansas","Stanton County",4,82,7,3,4
050,20,187,"Kansas","Stanton County",4,83,7,2,5
050,20,187,"Kansas","Stanton County",4,84,8,3,5
050,20,187,"Kansas","Stanton County",4,85,55,24,31
050,20,187,"Kansas","Stanton County",5,0,15,6,9
050,20,187,"Kansas","Stanton County",5,1,8,3,5
050,20,187,"Kansas","Stanton County",5,2,16,8,8
050,20,187,"Kansas","Stanton County",5,3,26,15,11
050,20,187,"Kansas","Stanton County",5,4,21,8,13
050,20,187,"Kansas","Stanton County",5,5,26,14,12
050,20,187,"Kansas","Stanton County",5,6,24,13,11
050,20,187,"Kansas","Stanton County",5,7,31,14,17
050,20,187,"Kansas","Stanton County",5,8,27,16,11
050,20,187,"Kansas","Stanton County",5,9,32,14,18
050,20,187,"Kansas","Stanton County",5,10,34,16,18
050,20,187,"Kansas","Stanton County",5,11,37,19,18
050,20,187,"Kansas","Stanton County",5,12,28,13,15
050,20,187,"Kansas","Stanton County",5,13,37,18,19
050,20,187,"Kansas","Stanton County",5,14,37,19,18
050,20,187,"Kansas","Stanton County",5,15,43,18,25
050,20,187,"Kansas","Stanton County",5,16,41,18,23
050,20,187,"Kansas","Stanton County",5,17,25,9,16
050,20,187,"Kansas","Stanton County",5,18,30,13,17
050,20,187,"Kansas","Stanton County",5,19,30,14,16
050,20,187,"Kansas","Stanton County",5,20,21,11,10
050,20,187,"Kansas","Stanton County",5,21,23,13,10
050,20,187,"Kansas","Stanton County",5,22,21,15,6
050,20,187,"Kansas","Stanton County",5,23,29,18,11
050,20,187,"Kansas","Stanton County",5,24,17,6,11
050,20,187,"Kansas","Stanton County",5,25,18,11,7
050,20,187,"Kansas","Stanton County",5,26,17,10,7
050,20,187,"Kansas","Stanton County",5,27,14,9,5
050,20,187,"Kansas","Stanton County",5,28,16,11,5
050,20,187,"Kansas","Stanton County",5,29,18,10,8
050,20,187,"Kansas","Stanton County",5,30,25,13,12
050,20,187,"Kansas","Stanton County",5,31,24,9,15
050,20,187,"Kansas","Stanton County",5,32,20,7,13
050,20,187,"Kansas","Stanton County",5,33,22,11,11
050,20,187,"Kansas","Stanton County",5,34,17,7,10
050,20,187,"Kansas","Stanton County",5,35,22,15,7
050,20,187,"Kansas","Stanton County",5,36,25,18,7
050,20,187,"Kansas","Stanton County",5,37,25,14,11
050,20,187,"Kansas","Stanton County",5,38,23,14,9
050,20,187,"Kansas","Stanton County",5,39,15,6,9
050,20,187,"Kansas","Stanton County",5,40,25,14,11
050,20,187,"Kansas","Stanton County",5,41,31,14,17
050,20,187,"Kansas","Stanton County",5,42,20,4,16
050,20,187,"Kansas","Stanton County",5,43,25,11,14
050,20,187,"Kansas","Stanton County",5,44,23,15,8
050,20,187,"Kansas","Stanton County",5,45,27,16,11
050,20,187,"Kansas","Stanton County",5,46,14,6,8
050,20,187,"Kansas","Stanton County",5,47,20,12,8
050,20,187,"Kansas","Stanton County",5,48,25,12,13
050,20,187,"Kansas","Stanton County",5,49,22,7,15
050,20,187,"Kansas","Stanton County",5,50,15,7,8
050,20,187,"Kansas","Stanton County",5,51,22,11,11
050,20,187,"Kansas","Stanton County",5,52,24,9,15
050,20,187,"Kansas","Stanton County",5,53,26,11,15
050,20,187,"Kansas","Stanton County",5,54,23,9,14
050,20,187,"Kansas","Stanton County",5,55,23,8,15
050,20,187,"Kansas","Stanton County",5,56,22,14,8
050,20,187,"Kansas","Stanton County",5,57,17,11,6
050,20,187,"Kansas","Stanton County",5,58,22,10,12
050,20,187,"Kansas","Stanton County",5,59,24,12,12
050,20,187,"Kansas","Stanton County",5,60,28,12,16
050,20,187,"Kansas","Stanton County",5,61,24,12,12
050,20,187,"Kansas","Stanton County",5,62,20,11,9
050,20,187,"Kansas","Stanton County",5,63,23,9,14
050,20,187,"Kansas","Stanton County",5,64,18,9,9
050,20,187,"Kansas","Stanton County",5,65,14,8,6
050,20,187,"Kansas","Stanton County",5,66,16,10,6
050,20,187,"Kansas","Stanton County",5,67,23,11,12
050,20,187,"Kansas","Stanton County",5,68,28,16,12
050,20,187,"Kansas","Stanton County",5,69,18,8,10
050,20,187,"Kansas","Stanton County",5,70,15,5,10
050,20,187,"Kansas","Stanton County",5,71,21,12,9
050,20,187,"Kansas","Stanton County",5,72,21,14,7
050,20,187,"Kansas","Stanton County",5,73,17,9,8
050,20,187,"Kansas","Stanton County",5,74,10,3,7
050,20,187,"Kansas","Stanton County",5,75,15,5,10
050,20,187,"Kansas","Stanton County",5,76,18,3,15
050,20,187,"Kansas","Stanton County",5,77,10,2,8
050,20,187,"Kansas","Stanton County",5,78,9,3,6
050,20,187,"Kansas","Stanton County",5,79,18,11,7
050,20,187,"Kansas","Stanton County",5,80,19,12,7
050,20,187,"Kansas","Stanton County",5,81,11,4,7
050,20,187,"Kansas","Stanton County",5,82,9,4,5
050,20,187,"Kansas","Stanton County",5,83,7,3,4
050,20,187,"Kansas","Stanton County",5,84,7,2,5
050,20,187,"Kansas","Stanton County",5,85,52,22,30
050,20,189,"Kansas","Stevens County",1,0,61,31,30
050,20,189,"Kansas","Stevens County",1,1,71,38,33
050,20,189,"Kansas","Stevens County",1,2,65,29,36
050,20,189,"Kansas","Stevens County",1,3,67,30,37
050,20,189,"Kansas","Stevens County",1,4,79,42,37
050,20,189,"Kansas","Stevens County",1,5,72,35,37
050,20,189,"Kansas","Stevens County",1,6,83,34,49
050,20,189,"Kansas","Stevens County",1,7,104,51,53
050,20,189,"Kansas","Stevens County",1,8,84,43,41
050,20,189,"Kansas","Stevens County",1,9,91,40,51
050,20,189,"Kansas","Stevens County",1,10,82,34,48
050,20,189,"Kansas","Stevens County",1,11,100,48,52
050,20,189,"Kansas","Stevens County",1,12,105,51,54
050,20,189,"Kansas","Stevens County",1,13,111,53,58
050,20,189,"Kansas","Stevens County",1,14,100,46,54
050,20,189,"Kansas","Stevens County",1,15,92,36,56
050,20,189,"Kansas","Stevens County",1,16,68,23,45
050,20,189,"Kansas","Stevens County",1,17,80,41,39
050,20,189,"Kansas","Stevens County",1,18,82,39,43
050,20,189,"Kansas","Stevens County",1,19,74,34,40
050,20,189,"Kansas","Stevens County",1,20,61,33,28
050,20,189,"Kansas","Stevens County",1,21,60,36,24
050,20,189,"Kansas","Stevens County",1,22,59,35,24
050,20,189,"Kansas","Stevens County",1,23,72,38,34
050,20,189,"Kansas","Stevens County",1,24,63,32,31
050,20,189,"Kansas","Stevens County",1,25,39,18,21
050,20,189,"Kansas","Stevens County",1,26,49,28,21
050,20,189,"Kansas","Stevens County",1,27,64,31,33
050,20,189,"Kansas","Stevens County",1,28,67,37,30
050,20,189,"Kansas","Stevens County",1,29,57,28,29
050,20,189,"Kansas","Stevens County",1,30,49,20,29
050,20,189,"Kansas","Stevens County",1,31,42,20,22
050,20,189,"Kansas","Stevens County",1,32,51,23,28
050,20,189,"Kansas","Stevens County",1,33,59,30,29
050,20,189,"Kansas","Stevens County",1,34,57,28,29
050,20,189,"Kansas","Stevens County",1,35,53,25,28
050,20,189,"Kansas","Stevens County",1,36,59,27,32
050,20,189,"Kansas","Stevens County",1,37,85,47,38
050,20,189,"Kansas","Stevens County",1,38,74,41,33
050,20,189,"Kansas","Stevens County",1,39,54,32,22
050,20,189,"Kansas","Stevens County",1,40,66,32,34
050,20,189,"Kansas","Stevens County",1,41,67,30,37
050,20,189,"Kansas","Stevens County",1,42,60,28,32
050,20,189,"Kansas","Stevens County",1,43,53,27,26
050,20,189,"Kansas","Stevens County",1,44,52,33,19
050,20,189,"Kansas","Stevens County",1,45,47,29,18
050,20,189,"Kansas","Stevens County",1,46,51,28,23
050,20,189,"Kansas","Stevens County",1,47,52,27,25
050,20,189,"Kansas","Stevens County",1,48,70,42,28
050,20,189,"Kansas","Stevens County",1,49,63,33,30
050,20,189,"Kansas","Stevens County",1,50,72,37,35
050,20,189,"Kansas","Stevens County",1,51,78,41,37
050,20,189,"Kansas","Stevens County",1,52,60,37,23
050,20,189,"Kansas","Stevens County",1,53,62,37,25
050,20,189,"Kansas","Stevens County",1,54,63,33,30
050,20,189,"Kansas","Stevens County",1,55,73,40,33
050,20,189,"Kansas","Stevens County",1,56,73,33,40
050,20,189,"Kansas","Stevens County",1,57,66,31,35
050,20,189,"Kansas","Stevens County",1,58,73,43,30
050,20,189,"Kansas","Stevens County",1,59,65,39,26
050,20,189,"Kansas","Stevens County",1,60,69,34,35
050,20,189,"Kansas","Stevens County",1,61,72,31,41
050,20,189,"Kansas","Stevens County",1,62,71,35,36
050,20,189,"Kansas","Stevens County",1,63,62,29,33
050,20,189,"Kansas","Stevens County",1,64,53,30,23
050,20,189,"Kansas","Stevens County",1,65,56,33,23
050,20,189,"Kansas","Stevens County",1,66,52,29,23
050,20,189,"Kansas","Stevens County",1,67,53,26,27
050,20,189,"Kansas","Stevens County",1,68,44,22,22
050,20,189,"Kansas","Stevens County",1,69,45,22,23
050,20,189,"Kansas","Stevens County",1,70,36,17,19
050,20,189,"Kansas","Stevens County",1,71,37,20,17
050,20,189,"Kansas","Stevens County",1,72,41,18,23
050,20,189,"Kansas","Stevens County",1,73,36,14,22
050,20,189,"Kansas","Stevens County",1,74,24,7,17
050,20,189,"Kansas","Stevens County",1,75,29,14,15
050,20,189,"Kansas","Stevens County",1,76,34,18,16
050,20,189,"Kansas","Stevens County",1,77,30,10,20
050,20,189,"Kansas","Stevens County",1,78,27,11,16
050,20,189,"Kansas","Stevens County",1,79,22,7,15
050,20,189,"Kansas","Stevens County",1,80,22,9,13
050,20,189,"Kansas","Stevens County",1,81,17,8,9
050,20,189,"Kansas","Stevens County",1,82,19,10,9
050,20,189,"Kansas","Stevens County",1,83,19,6,13
050,20,189,"Kansas","Stevens County",1,84,17,8,9
050,20,189,"Kansas","Stevens County",1,85,151,50,101
050,20,189,"Kansas","Stevens County",2,0,68,39,29
050,20,189,"Kansas","Stevens County",2,1,69,37,32
050,20,189,"Kansas","Stevens County",2,2,67,31,36
050,20,189,"Kansas","Stevens County",2,3,66,30,36
050,20,189,"Kansas","Stevens County",2,4,76,40,36
050,20,189,"Kansas","Stevens County",2,5,75,37,38
050,20,189,"Kansas","Stevens County",2,6,82,35,47
050,20,189,"Kansas","Stevens County",2,7,99,47,52
050,20,189,"Kansas","Stevens County",2,8,86,45,41
050,20,189,"Kansas","Stevens County",2,9,92,42,50
050,20,189,"Kansas","Stevens County",2,10,85,36,49
050,20,189,"Kansas","Stevens County",2,11,94,44,50
050,20,189,"Kansas","Stevens County",2,12,104,50,54
050,20,189,"Kansas","Stevens County",2,13,109,52,57
050,20,189,"Kansas","Stevens County",2,14,101,48,53
050,20,189,"Kansas","Stevens County",2,15,94,38,56
050,20,189,"Kansas","Stevens County",2,16,72,26,46
050,20,189,"Kansas","Stevens County",2,17,77,37,40
050,20,189,"Kansas","Stevens County",2,18,77,37,40
050,20,189,"Kansas","Stevens County",2,19,74,34,40
050,20,189,"Kansas","Stevens County",2,20,62,32,30
050,20,189,"Kansas","Stevens County",2,21,59,35,24
050,20,189,"Kansas","Stevens County",2,22,60,36,24
050,20,189,"Kansas","Stevens County",2,23,68,37,31
050,20,189,"Kansas","Stevens County",2,24,62,31,31
050,20,189,"Kansas","Stevens County",2,25,45,22,23
050,20,189,"Kansas","Stevens County",2,26,47,26,21
050,20,189,"Kansas","Stevens County",2,27,61,31,30
050,20,189,"Kansas","Stevens County",2,28,67,36,31
050,20,189,"Kansas","Stevens County",2,29,58,29,29
050,20,189,"Kansas","Stevens County",2,30,51,21,30
050,20,189,"Kansas","Stevens County",2,31,43,20,23
050,20,189,"Kansas","Stevens County",2,32,49,23,26
050,20,189,"Kansas","Stevens County",2,33,58,28,30
050,20,189,"Kansas","Stevens County",2,34,58,29,29
050,20,189,"Kansas","Stevens County",2,35,53,25,28
050,20,189,"Kansas","Stevens County",2,36,58,27,31
050,20,189,"Kansas","Stevens County",2,37,80,42,38
050,20,189,"Kansas","Stevens County",2,38,76,43,33
050,20,189,"Kansas","Stevens County",2,39,59,34,25
050,20,189,"Kansas","Stevens County",2,40,64,32,32
050,20,189,"Kansas","Stevens County",2,41,66,30,36
050,20,189,"Kansas","Stevens County",2,42,60,28,32
050,20,189,"Kansas","Stevens County",2,43,56,28,28
050,20,189,"Kansas","Stevens County",2,44,53,32,21
050,20,189,"Kansas","Stevens County",2,45,49,30,19
050,20,189,"Kansas","Stevens County",2,46,49,28,21
050,20,189,"Kansas","Stevens County",2,47,52,27,25
050,20,189,"Kansas","Stevens County",2,48,67,40,27
050,20,189,"Kansas","Stevens County",2,49,64,35,29
050,20,189,"Kansas","Stevens County",2,50,68,35,33
050,20,189,"Kansas","Stevens County",2,51,76,40,36
050,20,189,"Kansas","Stevens County",2,52,64,38,26
050,20,189,"Kansas","Stevens County",2,53,61,36,25
050,20,189,"Kansas","Stevens County",2,54,63,35,28
050,20,189,"Kansas","Stevens County",2,55,72,39,33
050,20,189,"Kansas","Stevens County",2,56,74,36,38
050,20,189,"Kansas","Stevens County",2,57,68,32,36
050,20,189,"Kansas","Stevens County",2,58,72,40,32
050,20,189,"Kansas","Stevens County",2,59,67,40,27
050,20,189,"Kansas","Stevens County",2,60,70,36,34
050,20,189,"Kansas","Stevens County",2,61,70,31,39
050,20,189,"Kansas","Stevens County",2,62,69,32,37
050,20,189,"Kansas","Stevens County",2,63,64,31,33
050,20,189,"Kansas","Stevens County",2,64,54,29,25
050,20,189,"Kansas","Stevens County",2,65,56,33,23
050,20,189,"Kansas","Stevens County",2,66,51,29,22
050,20,189,"Kansas","Stevens County",2,67,51,26,25
050,20,189,"Kansas","Stevens County",2,68,44,22,22
050,20,189,"Kansas","Stevens County",2,69,45,22,23
050,20,189,"Kansas","Stevens County",2,70,37,17,20
050,20,189,"Kansas","Stevens County",2,71,37,20,17
050,20,189,"Kansas","Stevens County",2,72,38,18,20
050,20,189,"Kansas","Stevens County",2,73,39,16,23
050,20,189,"Kansas","Stevens County",2,74,25,8,17
050,20,189,"Kansas","Stevens County",2,75,27,12,15
050,20,189,"Kansas","Stevens County",2,76,33,17,16
050,20,189,"Kansas","Stevens County",2,77,32,12,20
050,20,189,"Kansas","Stevens County",2,78,28,11,17
050,20,189,"Kansas","Stevens County",2,79,25,8,17
050,20,189,"Kansas","Stevens County",2,80,22,9,13
050,20,189,"Kansas","Stevens County",2,81,18,8,10
050,20,189,"Kansas","Stevens County",2,82,19,10,9
050,20,189,"Kansas","Stevens County",2,83,17,6,11
050,20,189,"Kansas","Stevens County",2,84,17,8,9
050,20,189,"Kansas","Stevens County",2,85,149,48,101
050,20,189,"Kansas","Stevens County",3,0,69,36,33
050,20,189,"Kansas","Stevens County",3,1,63,31,32
050,20,189,"Kansas","Stevens County",3,2,72,34,38
050,20,189,"Kansas","Stevens County",3,3,74,32,42
050,20,189,"Kansas","Stevens County",3,4,71,32,39
050,20,189,"Kansas","Stevens County",3,5,80,42,38
050,20,189,"Kansas","Stevens County",3,6,80,39,41
050,20,189,"Kansas","Stevens County",3,7,85,38,47
050,20,189,"Kansas","Stevens County",3,8,100,47,53
050,20,189,"Kansas","Stevens County",3,9,86,44,42
050,20,189,"Kansas","Stevens County",3,10,97,41,56
050,20,189,"Kansas","Stevens County",3,11,87,40,47
050,20,189,"Kansas","Stevens County",3,12,96,44,52
050,20,189,"Kansas","Stevens County",3,13,103,48,55
050,20,189,"Kansas","Stevens County",3,14,110,52,58
050,20,189,"Kansas","Stevens County",3,15,105,52,53
050,20,189,"Kansas","Stevens County",3,16,100,40,60
050,20,189,"Kansas","Stevens County",3,17,79,29,50
050,20,189,"Kansas","Stevens County",3,18,70,34,36
050,20,189,"Kansas","Stevens County",3,19,71,34,37
050,20,189,"Kansas","Stevens County",3,20,71,30,41
050,20,189,"Kansas","Stevens County",3,21,58,30,28
050,20,189,"Kansas","Stevens County",3,22,55,35,20
050,20,189,"Kansas","Stevens County",3,23,56,33,23
050,20,189,"Kansas","Stevens County",3,24,67,37,30
050,20,189,"Kansas","Stevens County",3,25,58,28,30
050,20,189,"Kansas","Stevens County",3,26,49,25,24
050,20,189,"Kansas","Stevens County",3,27,49,27,22
050,20,189,"Kansas","Stevens County",3,28,64,33,31
050,20,189,"Kansas","Stevens County",3,29,71,41,30
050,20,189,"Kansas","Stevens County",3,30,61,31,30
050,20,189,"Kansas","Stevens County",3,31,57,25,32
050,20,189,"Kansas","Stevens County",3,32,48,24,24
050,20,189,"Kansas","Stevens County",3,33,55,25,30
050,20,189,"Kansas","Stevens County",3,34,56,25,31
050,20,189,"Kansas","Stevens County",3,35,57,29,28
050,20,189,"Kansas","Stevens County",3,36,56,26,30
050,20,189,"Kansas","Stevens County",3,37,58,26,32
050,20,189,"Kansas","Stevens County",3,38,87,48,39
050,20,189,"Kansas","Stevens County",3,39,69,36,33
050,20,189,"Kansas","Stevens County",3,40,59,35,24
050,20,189,"Kansas","Stevens County",3,41,65,32,33
050,20,189,"Kansas","Stevens County",3,42,62,28,34
050,20,189,"Kansas","Stevens County",3,43,58,27,31
050,20,189,"Kansas","Stevens County",3,44,58,30,28
050,20,189,"Kansas","Stevens County",3,45,51,30,21
050,20,189,"Kansas","Stevens County",3,46,49,30,19
050,20,189,"Kansas","Stevens County",3,47,49,29,20
050,20,189,"Kansas","Stevens County",3,48,49,28,21
050,20,189,"Kansas","Stevens County",3,49,66,40,26
050,20,189,"Kansas","Stevens County",3,50,64,34,30
050,20,189,"Kansas","Stevens County",3,51,67,34,33
050,20,189,"Kansas","Stevens County",3,52,74,38,36
050,20,189,"Kansas","Stevens County",3,53,65,39,26
050,20,189,"Kansas","Stevens County",3,54,61,34,27
050,20,189,"Kansas","Stevens County",3,55,64,35,29
050,20,189,"Kansas","Stevens County",3,56,68,37,31
050,20,189,"Kansas","Stevens County",3,57,74,36,38
050,20,189,"Kansas","Stevens County",3,58,65,31,34
050,20,189,"Kansas","Stevens County",3,59,72,40,32
050,20,189,"Kansas","Stevens County",3,60,68,40,28
050,20,189,"Kansas","Stevens County",3,61,74,35,39
050,20,189,"Kansas","Stevens County",3,62,72,33,39
050,20,189,"Kansas","Stevens County",3,63,63,31,32
050,20,189,"Kansas","Stevens County",3,64,62,30,32
050,20,189,"Kansas","Stevens County",3,65,50,28,22
050,20,189,"Kansas","Stevens County",3,66,51,30,21
050,20,189,"Kansas","Stevens County",3,67,52,29,23
050,20,189,"Kansas","Stevens County",3,68,51,25,26
050,20,189,"Kansas","Stevens County",3,69,47,22,25
050,20,189,"Kansas","Stevens County",3,70,41,20,21
050,20,189,"Kansas","Stevens County",3,71,40,20,20
050,20,189,"Kansas","Stevens County",3,72,33,17,16
050,20,189,"Kansas","Stevens County",3,73,37,17,20
050,20,189,"Kansas","Stevens County",3,74,37,15,22
050,20,189,"Kansas","Stevens County",3,75,24,7,17
050,20,189,"Kansas","Stevens County",3,76,26,11,15
050,20,189,"Kansas","Stevens County",3,77,33,17,16
050,20,189,"Kansas","Stevens County",3,78,29,11,18
050,20,189,"Kansas","Stevens County",3,79,30,10,20
050,20,189,"Kansas","Stevens County",3,80,20,7,13
050,20,189,"Kansas","Stevens County",3,81,19,8,11
050,20,189,"Kansas","Stevens County",3,82,18,8,10
050,20,189,"Kansas","Stevens County",3,83,19,9,10
050,20,189,"Kansas","Stevens County",3,84,15,6,9
050,20,189,"Kansas","Stevens County",3,85,151,49,102
050,20,189,"Kansas","Stevens County",4,0,61,28,33
050,20,189,"Kansas","Stevens County",4,1,70,40,30
050,20,189,"Kansas","Stevens County",4,2,61,28,33
050,20,189,"Kansas","Stevens County",4,3,76,34,42
050,20,189,"Kansas","Stevens County",4,4,72,33,39
050,20,189,"Kansas","Stevens County",4,5,62,29,33
050,20,189,"Kansas","Stevens County",4,6,75,39,36
050,20,189,"Kansas","Stevens County",4,7,80,41,39
050,20,189,"Kansas","Stevens County",4,8,76,33,43
050,20,189,"Kansas","Stevens County",4,9,100,48,52
050,20,189,"Kansas","Stevens County",4,10,81,43,38
050,20,189,"Kansas","Stevens County",4,11,97,41,56
050,20,189,"Kansas","Stevens County",4,12,88,42,46
050,20,189,"Kansas","Stevens County",4,13,97,46,51
050,20,189,"Kansas","Stevens County",4,14,102,48,54
050,20,189,"Kansas","Stevens County",4,15,107,51,56
050,20,189,"Kansas","Stevens County",4,16,100,46,54
050,20,189,"Kansas","Stevens County",4,17,96,38,58
050,20,189,"Kansas","Stevens County",4,18,62,23,39
050,20,189,"Kansas","Stevens County",4,19,61,28,33
050,20,189,"Kansas","Stevens County",4,20,66,32,34
050,20,189,"Kansas","Stevens County",4,21,69,33,36
050,20,189,"Kansas","Stevens County",4,22,60,31,29
050,20,189,"Kansas","Stevens County",4,23,43,25,18
050,20,189,"Kansas","Stevens County",4,24,59,33,26
050,20,189,"Kansas","Stevens County",4,25,63,37,26
050,20,189,"Kansas","Stevens County",4,26,52,25,27
050,20,189,"Kansas","Stevens County",4,27,47,25,22
050,20,189,"Kansas","Stevens County",4,28,46,24,22
050,20,189,"Kansas","Stevens County",4,29,61,31,30
050,20,189,"Kansas","Stevens County",4,30,68,39,29
050,20,189,"Kansas","Stevens County",4,31,60,31,29
050,20,189,"Kansas","Stevens County",4,32,56,23,33
050,20,189,"Kansas","Stevens County",4,33,50,23,27
050,20,189,"Kansas","Stevens County",4,34,54,26,28
050,20,189,"Kansas","Stevens County",4,35,57,26,31
050,20,189,"Kansas","Stevens County",4,36,59,31,28
050,20,189,"Kansas","Stevens County",4,37,55,25,30
050,20,189,"Kansas","Stevens County",4,38,58,26,32
050,20,189,"Kansas","Stevens County",4,39,81,44,37
050,20,189,"Kansas","Stevens County",4,40,69,36,33
050,20,189,"Kansas","Stevens County",4,41,61,38,23
050,20,189,"Kansas","Stevens County",4,42,63,35,28
050,20,189,"Kansas","Stevens County",4,43,63,31,32
050,20,189,"Kansas","Stevens County",4,44,53,27,26
050,20,189,"Kansas","Stevens County",4,45,57,30,27
050,20,189,"Kansas","Stevens County",4,46,50,29,21
050,20,189,"Kansas","Stevens County",4,47,43,23,20
050,20,189,"Kansas","Stevens County",4,48,49,29,20
050,20,189,"Kansas","Stevens County",4,49,44,25,19
050,20,189,"Kansas","Stevens County",4,50,65,39,26
050,20,189,"Kansas","Stevens County",4,51,62,34,28
050,20,189,"Kansas","Stevens County",4,52,62,29,33
050,20,189,"Kansas","Stevens County",4,53,79,42,37
050,20,189,"Kansas","Stevens County",4,54,65,40,25
050,20,189,"Kansas","Stevens County",4,55,59,38,21
050,20,189,"Kansas","Stevens County",4,56,58,29,29
050,20,189,"Kansas","Stevens County",4,57,65,36,29
050,20,189,"Kansas","Stevens County",4,58,72,35,37
050,20,189,"Kansas","Stevens County",4,59,62,29,33
050,20,189,"Kansas","Stevens County",4,60,70,38,32
050,20,189,"Kansas","Stevens County",4,61,71,40,31
050,20,189,"Kansas","Stevens County",4,62,71,33,38
050,20,189,"Kansas","Stevens County",4,63,69,31,38
050,20,189,"Kansas","Stevens County",4,64,59,30,29
050,20,189,"Kansas","Stevens County",4,65,59,28,31
050,20,189,"Kansas","Stevens County",4,66,46,26,20
050,20,189,"Kansas","Stevens County",4,67,48,28,20
050,20,189,"Kansas","Stevens County",4,68,51,28,23
050,20,189,"Kansas","Stevens County",4,69,53,24,29
050,20,189,"Kansas","Stevens County",4,70,43,21,22
050,20,189,"Kansas","Stevens County",4,71,42,22,20
050,20,189,"Kansas","Stevens County",4,72,35,18,17
050,20,189,"Kansas","Stevens County",4,73,28,12,16
050,20,189,"Kansas","Stevens County",4,74,31,13,18
050,20,189,"Kansas","Stevens County",4,75,38,15,23
050,20,189,"Kansas","Stevens County",4,76,24,6,18
050,20,189,"Kansas","Stevens County",4,77,24,9,15
050,20,189,"Kansas","Stevens County",4,78,30,16,14
050,20,189,"Kansas","Stevens County",4,79,31,11,20
050,20,189,"Kansas","Stevens County",4,80,25,10,15
050,20,189,"Kansas","Stevens County",4,81,19,7,12
050,20,189,"Kansas","Stevens County",4,82,19,8,11
050,20,189,"Kansas","Stevens County",4,83,20,7,13
050,20,189,"Kansas","Stevens County",4,84,17,9,8
050,20,189,"Kansas","Stevens County",4,85,154,47,107
050,20,189,"Kansas","Stevens County",5,0,64,29,35
050,20,189,"Kansas","Stevens County",5,1,63,30,33
050,20,189,"Kansas","Stevens County",5,2,66,38,28
050,20,189,"Kansas","Stevens County",5,3,60,28,32
050,20,189,"Kansas","Stevens County",5,4,74,33,41
050,20,189,"Kansas","Stevens County",5,5,74,35,39
050,20,189,"Kansas","Stevens County",5,6,58,28,30
050,20,189,"Kansas","Stevens County",5,7,80,39,41
050,20,189,"Kansas","Stevens County",5,8,81,41,40
050,20,189,"Kansas","Stevens County",5,9,72,30,42
050,20,189,"Kansas","Stevens County",5,10,98,47,51
050,20,189,"Kansas","Stevens County",5,11,79,41,38
050,20,189,"Kansas","Stevens County",5,12,95,42,53
050,20,189,"Kansas","Stevens County",5,13,86,37,49
050,20,189,"Kansas","Stevens County",5,14,101,50,51
050,20,189,"Kansas","Stevens County",5,15,102,50,52
050,20,189,"Kansas","Stevens County",5,16,103,49,54
050,20,189,"Kansas","Stevens County",5,17,100,48,52
050,20,189,"Kansas","Stevens County",5,18,86,37,49
050,20,189,"Kansas","Stevens County",5,19,53,18,35
050,20,189,"Kansas","Stevens County",5,20,68,30,38
050,20,189,"Kansas","Stevens County",5,21,62,28,34
050,20,189,"Kansas","Stevens County",5,22,64,32,32
050,20,189,"Kansas","Stevens County",5,23,60,28,32
050,20,189,"Kansas","Stevens County",5,24,43,25,18
050,20,189,"Kansas","Stevens County",5,25,59,34,25
050,20,189,"Kansas","Stevens County",5,26,62,37,25
050,20,189,"Kansas","Stevens County",5,27,50,25,25
050,20,189,"Kansas","Stevens County",5,28,48,28,20
050,20,189,"Kansas","Stevens County",5,29,44,20,24
050,20,189,"Kansas","Stevens County",5,30,59,31,28
050,20,189,"Kansas","Stevens County",5,31,70,37,33
050,20,189,"Kansas","Stevens County",5,32,60,34,26
050,20,189,"Kansas","Stevens County",5,33,53,23,30
050,20,189,"Kansas","Stevens County",5,34,48,23,25
050,20,189,"Kansas","Stevens County",5,35,52,26,26
050,20,189,"Kansas","Stevens County",5,36,51,23,28
050,20,189,"Kansas","Stevens County",5,37,55,27,28
050,20,189,"Kansas","Stevens County",5,38,51,23,28
050,20,189,"Kansas","Stevens County",5,39,52,19,33
050,20,189,"Kansas","Stevens County",5,40,75,40,35
050,20,189,"Kansas","Stevens County",5,41,70,37,33
050,20,189,"Kansas","Stevens County",5,42,60,35,25
050,20,189,"Kansas","Stevens County",5,43,61,31,30
050,20,189,"Kansas","Stevens County",5,44,58,28,30
050,20,189,"Kansas","Stevens County",5,45,54,29,25
050,20,189,"Kansas","Stevens County",5,46,55,28,27
050,20,189,"Kansas","Stevens County",5,47,50,28,22
050,20,189,"Kansas","Stevens County",5,48,45,23,22
050,20,189,"Kansas","Stevens County",5,49,46,26,20
050,20,189,"Kansas","Stevens County",5,50,43,24,19
050,20,189,"Kansas","Stevens County",5,51,62,37,25
050,20,189,"Kansas","Stevens County",5,52,64,36,28
050,20,189,"Kansas","Stevens County",5,53,64,29,35
050,20,189,"Kansas","Stevens County",5,54,78,42,36
050,20,189,"Kansas","Stevens County",5,55,62,37,25
050,20,189,"Kansas","Stevens County",5,56,55,36,19
050,20,189,"Kansas","Stevens County",5,57,56,29,27
050,20,189,"Kansas","Stevens County",5,58,63,36,27
050,20,189,"Kansas","Stevens County",5,59,72,35,37
050,20,189,"Kansas","Stevens County",5,60,60,30,30
050,20,189,"Kansas","Stevens County",5,61,71,37,34
050,20,189,"Kansas","Stevens County",5,62,69,40,29
050,20,189,"Kansas","Stevens County",5,63,64,30,34
050,20,189,"Kansas","Stevens County",5,64,66,31,35
050,20,189,"Kansas","Stevens County",5,65,57,31,26
050,20,189,"Kansas","Stevens County",5,66,56,26,30
050,20,189,"Kansas","Stevens County",5,67,43,25,18
050,20,189,"Kansas","Stevens County",5,68,47,27,20
050,20,189,"Kansas","Stevens County",5,69,52,28,24
050,20,189,"Kansas","Stevens County",5,70,48,24,24
050,20,189,"Kansas","Stevens County",5,71,45,21,24
050,20,189,"Kansas","Stevens County",5,72,37,20,17
050,20,189,"Kansas","Stevens County",5,73,34,17,17
050,20,189,"Kansas","Stevens County",5,74,27,11,16
050,20,189,"Kansas","Stevens County",5,75,29,12,17
050,20,189,"Kansas","Stevens County",5,76,34,13,21
050,20,189,"Kansas","Stevens County",5,77,22,4,18
050,20,189,"Kansas","Stevens County",5,78,23,8,15
050,20,189,"Kansas","Stevens County",5,79,33,16,17
050,20,189,"Kansas","Stevens County",5,80,25,10,15
050,20,189,"Kansas","Stevens County",5,81,23,9,14
050,20,189,"Kansas","Stevens County",5,82,19,7,12
050,20,189,"Kansas","Stevens County",5,83,21,7,14
050,20,189,"Kansas","Stevens County",5,84,17,7,10
050,20,189,"Kansas","Stevens County",5,85,156,51,105
050,20,191,"Kansas","Sumner County",1,0,245,127,118
050,20,191,"Kansas","Sumner County",1,1,266,146,120
050,20,191,"Kansas","Sumner County",1,2,250,141,109
050,20,191,"Kansas","Sumner County",1,3,262,133,129
050,20,191,"Kansas","Sumner County",1,4,273,148,125
050,20,191,"Kansas","Sumner County",1,5,289,145,144
050,20,191,"Kansas","Sumner County",1,6,276,129,147
050,20,191,"Kansas","Sumner County",1,7,288,137,151
050,20,191,"Kansas","Sumner County",1,8,318,159,159
050,20,191,"Kansas","Sumner County",1,9,317,169,148
050,20,191,"Kansas","Sumner County",1,10,340,186,154
050,20,191,"Kansas","Sumner County",1,11,343,166,177
050,20,191,"Kansas","Sumner County",1,12,366,195,171
050,20,191,"Kansas","Sumner County",1,13,317,179,138
050,20,191,"Kansas","Sumner County",1,14,333,167,166
050,20,191,"Kansas","Sumner County",1,15,322,165,157
050,20,191,"Kansas","Sumner County",1,16,315,159,156
050,20,191,"Kansas","Sumner County",1,17,362,189,173
050,20,191,"Kansas","Sumner County",1,18,290,154,136
050,20,191,"Kansas","Sumner County",1,19,221,116,105
050,20,191,"Kansas","Sumner County",1,20,211,113,98
050,20,191,"Kansas","Sumner County",1,21,223,115,108
050,20,191,"Kansas","Sumner County",1,22,230,120,110
050,20,191,"Kansas","Sumner County",1,23,242,117,125
050,20,191,"Kansas","Sumner County",1,24,247,118,129
050,20,191,"Kansas","Sumner County",1,25,242,127,115
050,20,191,"Kansas","Sumner County",1,26,228,118,110
050,20,191,"Kansas","Sumner County",1,27,231,122,109
050,20,191,"Kansas","Sumner County",1,28,242,113,129
050,20,191,"Kansas","Sumner County",1,29,221,105,116
050,20,191,"Kansas","Sumner County",1,30,242,116,126
050,20,191,"Kansas","Sumner County",1,31,247,125,122
050,20,191,"Kansas","Sumner County",1,32,248,134,114
050,20,191,"Kansas","Sumner County",1,33,265,144,121
050,20,191,"Kansas","Sumner County",1,34,237,112,125
050,20,191,"Kansas","Sumner County",1,35,265,124,141
050,20,191,"Kansas","Sumner County",1,36,263,145,118
050,20,191,"Kansas","Sumner County",1,37,268,155,113
050,20,191,"Kansas","Sumner County",1,38,258,133,125
050,20,191,"Kansas","Sumner County",1,39,285,148,137
050,20,191,"Kansas","Sumner County",1,40,276,146,130
050,20,191,"Kansas","Sumner County",1,41,255,134,121
050,20,191,"Kansas","Sumner County",1,42,258,130,128
050,20,191,"Kansas","Sumner County",1,43,257,124,133
050,20,191,"Kansas","Sumner County",1,44,264,144,120
050,20,191,"Kansas","Sumner County",1,45,262,144,118
050,20,191,"Kansas","Sumner County",1,46,237,118,119
050,20,191,"Kansas","Sumner County",1,47,233,118,115
050,20,191,"Kansas","Sumner County",1,48,250,124,126
050,20,191,"Kansas","Sumner County",1,49,256,134,122
050,20,191,"Kansas","Sumner County",1,50,231,120,111
050,20,191,"Kansas","Sumner County",1,51,256,120,136
050,20,191,"Kansas","Sumner County",1,52,259,131,128
050,20,191,"Kansas","Sumner County",1,53,268,131,137
050,20,191,"Kansas","Sumner County",1,54,269,139,130
050,20,191,"Kansas","Sumner County",1,55,297,146,151
050,20,191,"Kansas","Sumner County",1,56,304,146,158
050,20,191,"Kansas","Sumner County",1,57,313,156,157
050,20,191,"Kansas","Sumner County",1,58,314,157,157
050,20,191,"Kansas","Sumner County",1,59,352,179,173
050,20,191,"Kansas","Sumner County",1,60,357,193,164
050,20,191,"Kansas","Sumner County",1,61,366,196,170
050,20,191,"Kansas","Sumner County",1,62,366,180,186
050,20,191,"Kansas","Sumner County",1,63,359,179,180
050,20,191,"Kansas","Sumner County",1,64,341,167,174
050,20,191,"Kansas","Sumner County",1,65,305,151,154
050,20,191,"Kansas","Sumner County",1,66,301,155,146
050,20,191,"Kansas","Sumner County",1,67,291,154,137
050,20,191,"Kansas","Sumner County",1,68,276,140,136
050,20,191,"Kansas","Sumner County",1,69,256,133,123
050,20,191,"Kansas","Sumner County",1,70,257,125,132
050,20,191,"Kansas","Sumner County",1,71,225,104,121
050,20,191,"Kansas","Sumner County",1,72,196,96,100
050,20,191,"Kansas","Sumner County",1,73,225,116,109
050,20,191,"Kansas","Sumner County",1,74,159,78,81
050,20,191,"Kansas","Sumner County",1,75,160,80,80
050,20,191,"Kansas","Sumner County",1,76,154,79,75
050,20,191,"Kansas","Sumner County",1,77,157,73,84
050,20,191,"Kansas","Sumner County",1,78,141,66,75
050,20,191,"Kansas","Sumner County",1,79,120,53,67
050,20,191,"Kansas","Sumner County",1,80,114,55,59
050,20,191,"Kansas","Sumner County",1,81,103,44,59
050,20,191,"Kansas","Sumner County",1,82,116,47,69
050,20,191,"Kansas","Sumner County",1,83,93,35,58
050,20,191,"Kansas","Sumner County",1,84,81,28,53
050,20,191,"Kansas","Sumner County",1,85,558,184,374
050,20,191,"Kansas","Sumner County",2,0,250,134,116
050,20,191,"Kansas","Sumner County",2,1,258,141,117
050,20,191,"Kansas","Sumner County",2,2,249,140,109
050,20,191,"Kansas","Sumner County",2,3,260,136,124
050,20,191,"Kansas","Sumner County",2,4,273,146,127
050,20,191,"Kansas","Sumner County",2,5,288,147,141
050,20,191,"Kansas","Sumner County",2,6,278,132,146
050,20,191,"Kansas","Sumner County",2,7,284,134,150
050,20,191,"Kansas","Sumner County",2,8,310,153,157
050,20,191,"Kansas","Sumner County",2,9,320,168,152
050,20,191,"Kansas","Sumner County",2,10,335,182,153
050,20,191,"Kansas","Sumner County",2,11,343,171,172
050,20,191,"Kansas","Sumner County",2,12,361,189,172
050,20,191,"Kansas","Sumner County",2,13,327,181,146
050,20,191,"Kansas","Sumner County",2,14,328,169,159
050,20,191,"Kansas","Sumner County",2,15,321,163,158
050,20,191,"Kansas","Sumner County",2,16,315,160,155
050,20,191,"Kansas","Sumner County",2,17,347,180,167
050,20,191,"Kansas","Sumner County",2,18,290,154,136
050,20,191,"Kansas","Sumner County",2,19,224,119,105
050,20,191,"Kansas","Sumner County",2,20,214,112,102
050,20,191,"Kansas","Sumner County",2,21,222,115,107
050,20,191,"Kansas","Sumner County",2,22,227,116,111
050,20,191,"Kansas","Sumner County",2,23,239,116,123
050,20,191,"Kansas","Sumner County",2,24,244,118,126
050,20,191,"Kansas","Sumner County",2,25,241,123,118
050,20,191,"Kansas","Sumner County",2,26,232,120,112
050,20,191,"Kansas","Sumner County",2,27,231,121,110
050,20,191,"Kansas","Sumner County",2,28,238,113,125
050,20,191,"Kansas","Sumner County",2,29,226,106,120
050,20,191,"Kansas","Sumner County",2,30,241,113,128
050,20,191,"Kansas","Sumner County",2,31,247,124,123
050,20,191,"Kansas","Sumner County",2,32,247,133,114
050,20,191,"Kansas","Sumner County",2,33,259,140,119
050,20,191,"Kansas","Sumner County",2,34,244,119,125
050,20,191,"Kansas","Sumner County",2,35,257,122,135
050,20,191,"Kansas","Sumner County",2,36,259,138,121
050,20,191,"Kansas","Sumner County",2,37,269,154,115
050,20,191,"Kansas","Sumner County",2,38,265,140,125
050,20,191,"Kansas","Sumner County",2,39,278,145,133
050,20,191,"Kansas","Sumner County",2,40,282,150,132
050,20,191,"Kansas","Sumner County",2,41,259,136,123
050,20,191,"Kansas","Sumner County",2,42,255,130,125
050,20,191,"Kansas","Sumner County",2,43,260,128,132
050,20,191,"Kansas","Sumner County",2,44,258,138,120
050,20,191,"Kansas","Sumner County",2,45,261,143,118
050,20,191,"Kansas","Sumner County",2,46,241,122,119
050,20,191,"Kansas","Sumner County",2,47,234,117,117
050,20,191,"Kansas","Sumner County",2,48,245,122,123
050,20,191,"Kansas","Sumner County",2,49,256,133,123
050,20,191,"Kansas","Sumner County",2,50,239,123,116
050,20,191,"Kansas","Sumner County",2,51,249,120,129
050,20,191,"Kansas","Sumner County",2,52,259,129,130
050,20,191,"Kansas","Sumner County",2,53,266,130,136
050,20,191,"Kansas","Sumner County",2,54,268,138,130
050,20,191,"Kansas","Sumner County",2,55,289,142,147
050,20,191,"Kansas","Sumner County",2,56,304,149,155
050,20,191,"Kansas","Sumner County",2,57,311,154,157
050,20,191,"Kansas","Sumner County",2,58,314,156,158
050,20,191,"Kansas","Sumner County",2,59,344,175,169
050,20,191,"Kansas","Sumner County",2,60,352,187,165
050,20,191,"Kansas","Sumner County",2,61,361,195,166
050,20,191,"Kansas","Sumner County",2,62,361,181,180
050,20,191,"Kansas","Sumner County",2,63,362,179,183
050,20,191,"Kansas","Sumner County",2,64,344,169,175
050,20,191,"Kansas","Sumner County",2,65,313,155,158
050,20,191,"Kansas","Sumner County",2,66,300,155,145
050,20,191,"Kansas","Sumner County",2,67,292,154,138
050,20,191,"Kansas","Sumner County",2,68,273,139,134
050,20,191,"Kansas","Sumner County",2,69,262,134,128
050,20,191,"Kansas","Sumner County",2,70,257,127,130
050,20,191,"Kansas","Sumner County",2,71,229,105,124
050,20,191,"Kansas","Sumner County",2,72,201,97,104
050,20,191,"Kansas","Sumner County",2,73,227,116,111
050,20,191,"Kansas","Sumner County",2,74,164,82,82
050,20,191,"Kansas","Sumner County",2,75,161,80,81
050,20,191,"Kansas","Sumner County",2,76,150,76,74
050,20,191,"Kansas","Sumner County",2,77,158,75,83
050,20,191,"Kansas","Sumner County",2,78,142,65,77
050,20,191,"Kansas","Sumner County",2,79,121,56,65
050,20,191,"Kansas","Sumner County",2,80,113,53,60
050,20,191,"Kansas","Sumner County",2,81,103,46,57
050,20,191,"Kansas","Sumner County",2,82,114,46,68
050,20,191,"Kansas","Sumner County",2,83,93,36,57
050,20,191,"Kansas","Sumner County",2,84,82,28,54
050,20,191,"Kansas","Sumner County",2,85,558,182,376
050,20,191,"Kansas","Sumner County",3,0,221,113,108
050,20,191,"Kansas","Sumner County",3,1,260,133,127
050,20,191,"Kansas","Sumner County",3,2,270,140,130
050,20,191,"Kansas","Sumner County",3,3,257,140,117
050,20,191,"Kansas","Sumner County",3,4,262,132,130
050,20,191,"Kansas","Sumner County",3,5,266,137,129
050,20,191,"Kansas","Sumner County",3,6,305,142,163
050,20,191,"Kansas","Sumner County",3,7,284,142,142
050,20,191,"Kansas","Sumner County",3,8,289,135,154
050,20,191,"Kansas","Sumner County",3,9,328,168,160
050,20,191,"Kansas","Sumner County",3,10,323,171,152
050,20,191,"Kansas","Sumner County",3,11,337,183,154
050,20,191,"Kansas","Sumner County",3,12,329,159,170
050,20,191,"Kansas","Sumner County",3,13,356,189,167
050,20,191,"Kansas","Sumner County",3,14,333,183,150
050,20,191,"Kansas","Sumner County",3,15,331,172,159
050,20,191,"Kansas","Sumner County",3,16,339,177,162
050,20,191,"Kansas","Sumner County",3,17,322,164,158
050,20,191,"Kansas","Sumner County",3,18,290,156,134
050,20,191,"Kansas","Sumner County",3,19,237,128,109
050,20,191,"Kansas","Sumner County",3,20,241,130,111
050,20,191,"Kansas","Sumner County",3,21,221,110,111
050,20,191,"Kansas","Sumner County",3,22,234,116,118
050,20,191,"Kansas","Sumner County",3,23,232,121,111
050,20,191,"Kansas","Sumner County",3,24,241,123,118
050,20,191,"Kansas","Sumner County",3,25,245,121,124
050,20,191,"Kansas","Sumner County",3,26,256,128,128
050,20,191,"Kansas","Sumner County",3,27,226,124,102
050,20,191,"Kansas","Sumner County",3,28,233,116,117
050,20,191,"Kansas","Sumner County",3,29,244,114,130
050,20,191,"Kansas","Sumner County",3,30,243,116,127
050,20,191,"Kansas","Sumner County",3,31,247,114,133
050,20,191,"Kansas","Sumner County",3,32,245,132,113
050,20,191,"Kansas","Sumner County",3,33,256,140,116
050,20,191,"Kansas","Sumner County",3,34,251,127,124
050,20,191,"Kansas","Sumner County",3,35,244,116,128
050,20,191,"Kansas","Sumner County",3,36,261,126,135
050,20,191,"Kansas","Sumner County",3,37,262,140,122
050,20,191,"Kansas","Sumner County",3,38,278,155,123
050,20,191,"Kansas","Sumner County",3,39,286,153,133
050,20,191,"Kansas","Sumner County",3,40,273,141,132
050,20,191,"Kansas","Sumner County",3,41,289,156,133
050,20,191,"Kansas","Sumner County",3,42,272,143,129
050,20,191,"Kansas","Sumner County",3,43,257,129,128
050,20,191,"Kansas","Sumner County",3,44,255,124,131
050,20,191,"Kansas","Sumner County",3,45,250,135,115
050,20,191,"Kansas","Sumner County",3,46,253,137,116
050,20,191,"Kansas","Sumner County",3,47,245,124,121
050,20,191,"Kansas","Sumner County",3,48,216,106,110
050,20,191,"Kansas","Sumner County",3,49,246,122,124
050,20,191,"Kansas","Sumner County",3,50,253,131,122
050,20,191,"Kansas","Sumner County",3,51,240,128,112
050,20,191,"Kansas","Sumner County",3,52,254,124,130
050,20,191,"Kansas","Sumner County",3,53,254,125,129
050,20,191,"Kansas","Sumner County",3,54,264,128,136
050,20,191,"Kansas","Sumner County",3,55,259,134,125
050,20,191,"Kansas","Sumner County",3,56,302,156,146
050,20,191,"Kansas","Sumner County",3,57,301,141,160
050,20,191,"Kansas","Sumner County",3,58,309,154,155
050,20,191,"Kansas","Sumner County",3,59,308,152,156
050,20,191,"Kansas","Sumner County",3,60,343,176,167
050,20,191,"Kansas","Sumner County",3,61,345,184,161
050,20,191,"Kansas","Sumner County",3,62,360,193,167
050,20,191,"Kansas","Sumner County",3,63,347,171,176
050,20,191,"Kansas","Sumner County",3,64,354,178,176
050,20,191,"Kansas","Sumner County",3,65,336,164,172
050,20,191,"Kansas","Sumner County",3,66,304,150,154
050,20,191,"Kansas","Sumner County",3,67,296,147,149
050,20,191,"Kansas","Sumner County",3,68,279,152,127
050,20,191,"Kansas","Sumner County",3,69,276,137,139
050,20,191,"Kansas","Sumner County",3,70,254,131,123
050,20,191,"Kansas","Sumner County",3,71,254,121,133
050,20,191,"Kansas","Sumner County",3,72,212,98,114
050,20,191,"Kansas","Sumner County",3,73,200,98,102
050,20,191,"Kansas","Sumner County",3,74,214,108,106
050,20,191,"Kansas","Sumner County",3,75,168,84,84
050,20,191,"Kansas","Sumner County",3,76,149,71,78
050,20,191,"Kansas","Sumner County",3,77,146,73,73
050,20,191,"Kansas","Sumner County",3,78,146,67,79
050,20,191,"Kansas","Sumner County",3,79,123,55,68
050,20,191,"Kansas","Sumner County",3,80,117,55,62
050,20,191,"Kansas","Sumner County",3,81,102,44,58
050,20,191,"Kansas","Sumner County",3,82,99,46,53
050,20,191,"Kansas","Sumner County",3,83,103,40,63
050,20,191,"Kansas","Sumner County",3,84,88,34,54
050,20,191,"Kansas","Sumner County",3,85,527,170,357
050,20,191,"Kansas","Sumner County",4,0,218,118,100
050,20,191,"Kansas","Sumner County",4,1,228,118,110
050,20,191,"Kansas","Sumner County",4,2,257,136,121
050,20,191,"Kansas","Sumner County",4,3,277,135,142
050,20,191,"Kansas","Sumner County",4,4,277,155,122
050,20,191,"Kansas","Sumner County",4,5,276,134,142
050,20,191,"Kansas","Sumner County",4,6,272,136,136
050,20,191,"Kansas","Sumner County",4,7,304,148,156
050,20,191,"Kansas","Sumner County",4,8,296,140,156
050,20,191,"Kansas","Sumner County",4,9,300,148,152
050,20,191,"Kansas","Sumner County",4,10,335,168,167
050,20,191,"Kansas","Sumner County",4,11,335,185,150
050,20,191,"Kansas","Sumner County",4,12,338,182,156
050,20,191,"Kansas","Sumner County",4,13,332,160,172
050,20,191,"Kansas","Sumner County",4,14,360,185,175
050,20,191,"Kansas","Sumner County",4,15,345,194,151
050,20,191,"Kansas","Sumner County",4,16,319,164,155
050,20,191,"Kansas","Sumner County",4,17,335,174,161
050,20,191,"Kansas","Sumner County",4,18,271,145,126
050,20,191,"Kansas","Sumner County",4,19,219,121,98
050,20,191,"Kansas","Sumner County",4,20,230,122,108
050,20,191,"Kansas","Sumner County",4,21,235,132,103
050,20,191,"Kansas","Sumner County",4,22,228,110,118
050,20,191,"Kansas","Sumner County",4,23,243,120,123
050,20,191,"Kansas","Sumner County",4,24,240,130,110
050,20,191,"Kansas","Sumner County",4,25,229,117,112
050,20,191,"Kansas","Sumner County",4,26,240,114,126
050,20,191,"Kansas","Sumner County",4,27,254,133,121
050,20,191,"Kansas","Sumner County",4,28,240,127,113
050,20,191,"Kansas","Sumner County",4,29,238,118,120
050,20,191,"Kansas","Sumner County",4,30,250,120,130
050,20,191,"Kansas","Sumner County",4,31,250,115,135
050,20,191,"Kansas","Sumner County",4,32,252,122,130
050,20,191,"Kansas","Sumner County",4,33,256,138,118
050,20,191,"Kansas","Sumner County",4,34,257,136,121
050,20,191,"Kansas","Sumner County",4,35,247,123,124
050,20,191,"Kansas","Sumner County",4,36,251,122,129
050,20,191,"Kansas","Sumner County",4,37,269,130,139
050,20,191,"Kansas","Sumner County",4,38,259,146,113
050,20,191,"Kansas","Sumner County",4,39,297,164,133
050,20,191,"Kansas","Sumner County",4,40,294,159,135
050,20,191,"Kansas","Sumner County",4,41,284,146,138
050,20,191,"Kansas","Sumner County",4,42,300,160,140
050,20,191,"Kansas","Sumner County",4,43,273,144,129
050,20,191,"Kansas","Sumner County",4,44,258,127,131
050,20,191,"Kansas","Sumner County",4,45,260,128,132
050,20,191,"Kansas","Sumner County",4,46,252,138,114
050,20,191,"Kansas","Sumner County",4,47,259,144,115
050,20,191,"Kansas","Sumner County",4,48,255,122,133
050,20,191,"Kansas","Sumner County",4,49,223,106,117
050,20,191,"Kansas","Sumner County",4,50,252,127,125
050,20,191,"Kansas","Sumner County",4,51,250,130,120
050,20,191,"Kansas","Sumner County",4,52,242,129,113
050,20,191,"Kansas","Sumner County",4,53,257,124,133
050,20,191,"Kansas","Sumner County",4,54,246,119,127
050,20,191,"Kansas","Sumner County",4,55,273,134,139
050,20,191,"Kansas","Sumner County",4,56,258,133,125
050,20,191,"Kansas","Sumner County",4,57,292,148,144
050,20,191,"Kansas","Sumner County",4,58,308,148,160
050,20,191,"Kansas","Sumner County",4,59,312,155,157
050,20,191,"Kansas","Sumner County",4,60,306,152,154
050,20,191,"Kansas","Sumner County",4,61,336,176,160
050,20,191,"Kansas","Sumner County",4,62,339,177,162
050,20,191,"Kansas","Sumner County",4,63,358,189,169
050,20,191,"Kansas","Sumner County",4,64,335,167,168
050,20,191,"Kansas","Sumner County",4,65,337,168,169
050,20,191,"Kansas","Sumner County",4,66,329,155,174
050,20,191,"Kansas","Sumner County",4,67,304,150,154
050,20,191,"Kansas","Sumner County",4,68,282,141,141
050,20,191,"Kansas","Sumner County",4,69,284,153,131
050,20,191,"Kansas","Sumner County",4,70,264,135,129
050,20,191,"Kansas","Sumner County",4,71,250,124,126
050,20,191,"Kansas","Sumner County",4,72,242,113,129
050,20,191,"Kansas","Sumner County",4,73,210,98,112
050,20,191,"Kansas","Sumner County",4,74,191,95,96
050,20,191,"Kansas","Sumner County",4,75,208,104,104
050,20,191,"Kansas","Sumner County",4,76,154,74,80
050,20,191,"Kansas","Sumner County",4,77,144,67,77
050,20,191,"Kansas","Sumner County",4,78,141,68,73
050,20,191,"Kansas","Sumner County",4,79,139,66,73
050,20,191,"Kansas","Sumner County",4,80,117,54,63
050,20,191,"Kansas","Sumner County",4,81,101,46,55
050,20,191,"Kansas","Sumner County",4,82,103,47,56
050,20,191,"Kansas","Sumner County",4,83,85,37,48
050,20,191,"Kansas","Sumner County",4,84,96,38,58
050,20,191,"Kansas","Sumner County",4,85,497,168,329
050,20,191,"Kansas","Sumner County",5,0,220,119,101
050,20,191,"Kansas","Sumner County",5,1,235,131,104
050,20,191,"Kansas","Sumner County",5,2,230,117,113
050,20,191,"Kansas","Sumner County",5,3,266,137,129
050,20,191,"Kansas","Sumner County",5,4,283,146,137
050,20,191,"Kansas","Sumner County",5,5,277,152,125
050,20,191,"Kansas","Sumner County",5,6,289,141,148
050,20,191,"Kansas","Sumner County",5,7,279,136,143
050,20,191,"Kansas","Sumner County",5,8,307,145,162
050,20,191,"Kansas","Sumner County",5,9,295,146,149
050,20,191,"Kansas","Sumner County",5,10,305,148,157
050,20,191,"Kansas","Sumner County",5,11,323,171,152
050,20,191,"Kansas","Sumner County",5,12,343,189,154
050,20,191,"Kansas","Sumner County",5,13,345,187,158
050,20,191,"Kansas","Sumner County",5,14,328,156,172
050,20,191,"Kansas","Sumner County",5,15,360,185,175
050,20,191,"Kansas","Sumner County",5,16,336,193,143
050,20,191,"Kansas","Sumner County",5,17,327,168,159
050,20,191,"Kansas","Sumner County",5,18,279,151,128
050,20,191,"Kansas","Sumner County",5,19,218,116,102
050,20,191,"Kansas","Sumner County",5,20,229,122,107
050,20,191,"Kansas","Sumner County",5,21,234,120,114
050,20,191,"Kansas","Sumner County",5,22,243,128,115
050,20,191,"Kansas","Sumner County",5,23,232,114,118
050,20,191,"Kansas","Sumner County",5,24,234,114,120
050,20,191,"Kansas","Sumner County",5,25,233,123,110
050,20,191,"Kansas","Sumner County",5,26,228,118,110
050,20,191,"Kansas","Sumner County",5,27,241,116,125
050,20,191,"Kansas","Sumner County",5,28,244,128,116
050,20,191,"Kansas","Sumner County",5,29,237,123,114
050,20,191,"Kansas","Sumner County",5,30,245,120,125
050,20,191,"Kansas","Sumner County",5,31,255,120,135
050,20,191,"Kansas","Sumner County",5,32,248,119,129
050,20,191,"Kansas","Sumner County",5,33,260,126,134
050,20,191,"Kansas","Sumner County",5,34,262,141,121
050,20,191,"Kansas","Sumner County",5,35,268,144,124
050,20,191,"Kansas","Sumner County",5,36,244,122,122
050,20,191,"Kansas","Sumner County",5,37,253,129,124
050,20,191,"Kansas","Sumner County",5,38,267,133,134
050,20,191,"Kansas","Sumner County",5,39,272,151,121
050,20,191,"Kansas","Sumner County",5,40,296,163,133
050,20,191,"Kansas","Sumner County",5,41,298,156,142
050,20,191,"Kansas","Sumner County",5,42,280,143,137
050,20,191,"Kansas","Sumner County",5,43,305,163,142
050,20,191,"Kansas","Sumner County",5,44,253,136,117
050,20,191,"Kansas","Sumner County",5,45,261,129,132
050,20,191,"Kansas","Sumner County",5,46,263,125,138
050,20,191,"Kansas","Sumner County",5,47,260,144,116
050,20,191,"Kansas","Sumner County",5,48,264,146,118
050,20,191,"Kansas","Sumner County",5,49,260,123,137
050,20,191,"Kansas","Sumner County",5,50,226,106,120
050,20,191,"Kansas","Sumner County",5,51,254,127,127
050,20,191,"Kansas","Sumner County",5,52,256,134,122
050,20,191,"Kansas","Sumner County",5,53,240,125,115
050,20,191,"Kansas","Sumner County",5,54,258,129,129
050,20,191,"Kansas","Sumner County",5,55,247,123,124
050,20,191,"Kansas","Sumner County",5,56,272,134,138
050,20,191,"Kansas","Sumner County",5,57,254,127,127
050,20,191,"Kansas","Sumner County",5,58,292,149,143
050,20,191,"Kansas","Sumner County",5,59,309,149,160
050,20,191,"Kansas","Sumner County",5,60,311,155,156
050,20,191,"Kansas","Sumner County",5,61,309,153,156
050,20,191,"Kansas","Sumner County",5,62,336,178,158
050,20,191,"Kansas","Sumner County",5,63,343,176,167
050,20,191,"Kansas","Sumner County",5,64,342,184,158
050,20,191,"Kansas","Sumner County",5,65,333,166,167
050,20,191,"Kansas","Sumner County",5,66,338,171,167
050,20,191,"Kansas","Sumner County",5,67,332,155,177
050,20,191,"Kansas","Sumner County",5,68,294,143,151
050,20,191,"Kansas","Sumner County",5,69,279,139,140
050,20,191,"Kansas","Sumner County",5,70,274,151,123
050,20,191,"Kansas","Sumner County",5,71,260,127,133
050,20,191,"Kansas","Sumner County",5,72,239,120,119
050,20,191,"Kansas","Sumner County",5,73,233,110,123
050,20,191,"Kansas","Sumner County",5,74,197,93,104
050,20,191,"Kansas","Sumner County",5,75,187,90,97
050,20,191,"Kansas","Sumner County",5,76,188,95,93
050,20,191,"Kansas","Sumner County",5,77,148,67,81
050,20,191,"Kansas","Sumner County",5,78,139,61,78
050,20,191,"Kansas","Sumner County",5,79,129,66,63
050,20,191,"Kansas","Sumner County",5,80,131,65,66
050,20,191,"Kansas","Sumner County",5,81,98,46,52
050,20,191,"Kansas","Sumner County",5,82,103,50,53
050,20,191,"Kansas","Sumner County",5,83,89,38,51
050,20,191,"Kansas","Sumner County",5,84,77,36,41
050,20,191,"Kansas","Sumner County",5,85,503,181,322
050,20,193,"Kansas","Thomas County",1,0,102,53,49
050,20,193,"Kansas","Thomas County",1,1,105,56,49
050,20,193,"Kansas","Thomas County",1,2,120,62,58
050,20,193,"Kansas","Thomas County",1,3,108,53,55
050,20,193,"Kansas","Thomas County",1,4,113,56,57
050,20,193,"Kansas","Thomas County",1,5,118,62,56
050,20,193,"Kansas","Thomas County",1,6,124,64,60
050,20,193,"Kansas","Thomas County",1,7,94,53,41
050,20,193,"Kansas","Thomas County",1,8,107,54,53
050,20,193,"Kansas","Thomas County",1,9,100,61,39
050,20,193,"Kansas","Thomas County",1,10,119,59,60
050,20,193,"Kansas","Thomas County",1,11,104,55,49
050,20,193,"Kansas","Thomas County",1,12,110,61,49
050,20,193,"Kansas","Thomas County",1,13,108,53,55
050,20,193,"Kansas","Thomas County",1,14,97,46,51
050,20,193,"Kansas","Thomas County",1,15,100,45,55
050,20,193,"Kansas","Thomas County",1,16,90,47,43
050,20,193,"Kansas","Thomas County",1,17,83,42,41
050,20,193,"Kansas","Thomas County",1,18,129,55,74
050,20,193,"Kansas","Thomas County",1,19,253,124,129
050,20,193,"Kansas","Thomas County",1,20,188,92,96
050,20,193,"Kansas","Thomas County",1,21,164,70,94
050,20,193,"Kansas","Thomas County",1,22,128,60,68
050,20,193,"Kansas","Thomas County",1,23,110,53,57
050,20,193,"Kansas","Thomas County",1,24,111,49,62
050,20,193,"Kansas","Thomas County",1,25,100,52,48
050,20,193,"Kansas","Thomas County",1,26,88,48,40
050,20,193,"Kansas","Thomas County",1,27,105,47,58
050,20,193,"Kansas","Thomas County",1,28,111,54,57
050,20,193,"Kansas","Thomas County",1,29,93,47,46
050,20,193,"Kansas","Thomas County",1,30,88,47,41
050,20,193,"Kansas","Thomas County",1,31,94,41,53
050,20,193,"Kansas","Thomas County",1,32,94,48,46
050,20,193,"Kansas","Thomas County",1,33,99,54,45
050,20,193,"Kansas","Thomas County",1,34,99,48,51
050,20,193,"Kansas","Thomas County",1,35,99,52,47
050,20,193,"Kansas","Thomas County",1,36,94,51,43
050,20,193,"Kansas","Thomas County",1,37,96,49,47
050,20,193,"Kansas","Thomas County",1,38,103,56,47
050,20,193,"Kansas","Thomas County",1,39,79,46,33
050,20,193,"Kansas","Thomas County",1,40,76,40,36
050,20,193,"Kansas","Thomas County",1,41,57,30,27
050,20,193,"Kansas","Thomas County",1,42,71,38,33
050,20,193,"Kansas","Thomas County",1,43,77,40,37
050,20,193,"Kansas","Thomas County",1,44,87,46,41
050,20,193,"Kansas","Thomas County",1,45,88,46,42
050,20,193,"Kansas","Thomas County",1,46,84,44,40
050,20,193,"Kansas","Thomas County",1,47,83,43,40
050,20,193,"Kansas","Thomas County",1,48,83,37,46
050,20,193,"Kansas","Thomas County",1,49,73,40,33
050,20,193,"Kansas","Thomas County",1,50,65,30,35
050,20,193,"Kansas","Thomas County",1,51,69,36,33
050,20,193,"Kansas","Thomas County",1,52,67,40,27
050,20,193,"Kansas","Thomas County",1,53,65,33,32
050,20,193,"Kansas","Thomas County",1,54,63,27,36
050,20,193,"Kansas","Thomas County",1,55,78,35,43
050,20,193,"Kansas","Thomas County",1,56,107,49,58
050,20,193,"Kansas","Thomas County",1,57,93,40,53
050,20,193,"Kansas","Thomas County",1,58,95,47,48
050,20,193,"Kansas","Thomas County",1,59,113,56,57
050,20,193,"Kansas","Thomas County",1,60,125,65,60
050,20,193,"Kansas","Thomas County",1,61,102,49,53
050,20,193,"Kansas","Thomas County",1,62,101,48,53
050,20,193,"Kansas","Thomas County",1,63,104,48,56
050,20,193,"Kansas","Thomas County",1,64,102,49,53
050,20,193,"Kansas","Thomas County",1,65,92,44,48
050,20,193,"Kansas","Thomas County",1,66,93,51,42
050,20,193,"Kansas","Thomas County",1,67,107,58,49
050,20,193,"Kansas","Thomas County",1,68,102,53,49
050,20,193,"Kansas","Thomas County",1,69,72,36,36
050,20,193,"Kansas","Thomas County",1,70,65,35,30
050,20,193,"Kansas","Thomas County",1,71,60,34,26
050,20,193,"Kansas","Thomas County",1,72,66,35,31
050,20,193,"Kansas","Thomas County",1,73,66,32,34
050,20,193,"Kansas","Thomas County",1,74,42,18,24
050,20,193,"Kansas","Thomas County",1,75,53,26,27
050,20,193,"Kansas","Thomas County",1,76,49,25,24
050,20,193,"Kansas","Thomas County",1,77,51,18,33
050,20,193,"Kansas","Thomas County",1,78,44,19,25
050,20,193,"Kansas","Thomas County",1,79,42,20,22
050,20,193,"Kansas","Thomas County",1,80,33,15,18
050,20,193,"Kansas","Thomas County",1,81,30,12,18
050,20,193,"Kansas","Thomas County",1,82,38,19,19
050,20,193,"Kansas","Thomas County",1,83,33,11,22
050,20,193,"Kansas","Thomas County",1,84,31,10,21
050,20,193,"Kansas","Thomas County",1,85,206,71,135
050,20,193,"Kansas","Thomas County",2,0,105,50,55
050,20,193,"Kansas","Thomas County",2,1,104,55,49
050,20,193,"Kansas","Thomas County",2,2,114,59,55
050,20,193,"Kansas","Thomas County",2,3,111,55,56
050,20,193,"Kansas","Thomas County",2,4,112,55,57
050,20,193,"Kansas","Thomas County",2,5,118,62,56
050,20,193,"Kansas","Thomas County",2,6,122,64,58
050,20,193,"Kansas","Thomas County",2,7,102,56,46
050,20,193,"Kansas","Thomas County",2,8,103,53,50
050,20,193,"Kansas","Thomas County",2,9,103,59,44
050,20,193,"Kansas","Thomas County",2,10,114,60,54
050,20,193,"Kansas","Thomas County",2,11,109,57,52
050,20,193,"Kansas","Thomas County",2,12,110,61,49
050,20,193,"Kansas","Thomas County",2,13,108,55,53
050,20,193,"Kansas","Thomas County",2,14,100,47,53
050,20,193,"Kansas","Thomas County",2,15,98,45,53
050,20,193,"Kansas","Thomas County",2,16,92,47,45
050,20,193,"Kansas","Thomas County",2,17,85,43,42
050,20,193,"Kansas","Thomas County",2,18,126,54,72
050,20,193,"Kansas","Thomas County",2,19,252,124,128
050,20,193,"Kansas","Thomas County",2,20,190,93,97
050,20,193,"Kansas","Thomas County",2,21,161,69,92
050,20,193,"Kansas","Thomas County",2,22,129,61,68
050,20,193,"Kansas","Thomas County",2,23,113,55,58
050,20,193,"Kansas","Thomas County",2,24,112,51,61
050,20,193,"Kansas","Thomas County",2,25,101,49,52
050,20,193,"Kansas","Thomas County",2,26,89,48,41
050,20,193,"Kansas","Thomas County",2,27,101,48,53
050,20,193,"Kansas","Thomas County",2,28,109,52,57
050,20,193,"Kansas","Thomas County",2,29,98,49,49
050,20,193,"Kansas","Thomas County",2,30,88,46,42
050,20,193,"Kansas","Thomas County",2,31,91,42,49
050,20,193,"Kansas","Thomas County",2,32,95,48,47
050,20,193,"Kansas","Thomas County",2,33,97,52,45
050,20,193,"Kansas","Thomas County",2,34,99,50,49
050,20,193,"Kansas","Thomas County",2,35,98,51,47
050,20,193,"Kansas","Thomas County",2,36,96,51,45
050,20,193,"Kansas","Thomas County",2,37,96,49,47
050,20,193,"Kansas","Thomas County",2,38,101,54,47
050,20,193,"Kansas","Thomas County",2,39,83,47,36
050,20,193,"Kansas","Thomas County",2,40,77,43,34
050,20,193,"Kansas","Thomas County",2,41,59,32,27
050,20,193,"Kansas","Thomas County",2,42,67,36,31
050,20,193,"Kansas","Thomas County",2,43,76,39,37
050,20,193,"Kansas","Thomas County",2,44,83,44,39
050,20,193,"Kansas","Thomas County",2,45,88,46,42
050,20,193,"Kansas","Thomas County",2,46,84,44,40
050,20,193,"Kansas","Thomas County",2,47,82,42,40
050,20,193,"Kansas","Thomas County",2,48,83,38,45
050,20,193,"Kansas","Thomas County",2,49,75,39,36
050,20,193,"Kansas","Thomas County",2,50,67,33,34
050,20,193,"Kansas","Thomas County",2,51,68,34,34
050,20,193,"Kansas","Thomas County",2,52,66,38,28
050,20,193,"Kansas","Thomas County",2,53,67,36,31
050,20,193,"Kansas","Thomas County",2,54,64,28,36
050,20,193,"Kansas","Thomas County",2,55,74,32,42
050,20,193,"Kansas","Thomas County",2,56,101,46,55
050,20,193,"Kansas","Thomas County",2,57,95,42,53
050,20,193,"Kansas","Thomas County",2,58,93,44,49
050,20,193,"Kansas","Thomas County",2,59,110,54,56
050,20,193,"Kansas","Thomas County",2,60,119,62,57
050,20,193,"Kansas","Thomas County",2,61,105,51,54
050,20,193,"Kansas","Thomas County",2,62,101,48,53
050,20,193,"Kansas","Thomas County",2,63,105,49,56
050,20,193,"Kansas","Thomas County",2,64,102,48,54
050,20,193,"Kansas","Thomas County",2,65,95,45,50
050,20,193,"Kansas","Thomas County",2,66,94,50,44
050,20,193,"Kansas","Thomas County",2,67,104,56,48
050,20,193,"Kansas","Thomas County",2,68,100,54,46
050,20,193,"Kansas","Thomas County",2,69,81,41,40
050,20,193,"Kansas","Thomas County",2,70,66,35,31
050,20,193,"Kansas","Thomas County",2,71,61,34,27
050,20,193,"Kansas","Thomas County",2,72,63,34,29
050,20,193,"Kansas","Thomas County",2,73,69,34,35
050,20,193,"Kansas","Thomas County",2,74,44,19,25
050,20,193,"Kansas","Thomas County",2,75,51,25,26
050,20,193,"Kansas","Thomas County",2,76,48,24,24
050,20,193,"Kansas","Thomas County",2,77,52,20,32
050,20,193,"Kansas","Thomas County",2,78,45,19,26
050,20,193,"Kansas","Thomas County",2,79,41,19,22
050,20,193,"Kansas","Thomas County",2,80,35,16,19
050,20,193,"Kansas","Thomas County",2,81,31,13,18
050,20,193,"Kansas","Thomas County",2,82,36,17,19
050,20,193,"Kansas","Thomas County",2,83,34,13,21
050,20,193,"Kansas","Thomas County",2,84,29,8,21
050,20,193,"Kansas","Thomas County",2,85,207,70,137
050,20,193,"Kansas","Thomas County",3,0,112,66,46
050,20,193,"Kansas","Thomas County",3,1,93,42,51
050,20,193,"Kansas","Thomas County",3,2,104,57,47
050,20,193,"Kansas","Thomas County",3,3,107,54,53
050,20,193,"Kansas","Thomas County",3,4,110,54,56
050,20,193,"Kansas","Thomas County",3,5,106,56,50
050,20,193,"Kansas","Thomas County",3,6,119,62,57
050,20,193,"Kansas","Thomas County",3,7,124,66,58
050,20,193,"Kansas","Thomas County",3,8,103,58,45
050,20,193,"Kansas","Thomas County",3,9,107,56,51
050,20,193,"Kansas","Thomas County",3,10,105,58,47
050,20,193,"Kansas","Thomas County",3,11,114,57,57
050,20,193,"Kansas","Thomas County",3,12,112,59,53
050,20,193,"Kansas","Thomas County",3,13,112,63,49
050,20,193,"Kansas","Thomas County",3,14,111,54,57
050,20,193,"Kansas","Thomas County",3,15,99,46,53
050,20,193,"Kansas","Thomas County",3,16,93,44,49
050,20,193,"Kansas","Thomas County",3,17,93,45,48
050,20,193,"Kansas","Thomas County",3,18,124,55,69
050,20,193,"Kansas","Thomas County",3,19,246,122,124
050,20,193,"Kansas","Thomas County",3,20,199,98,101
050,20,193,"Kansas","Thomas County",3,21,139,60,79
050,20,193,"Kansas","Thomas County",3,22,125,57,68
050,20,193,"Kansas","Thomas County",3,23,100,50,50
050,20,193,"Kansas","Thomas County",3,24,107,52,55
050,20,193,"Kansas","Thomas County",3,25,108,49,59
050,20,193,"Kansas","Thomas County",3,26,97,54,43
050,20,193,"Kansas","Thomas County",3,27,93,45,48
050,20,193,"Kansas","Thomas County",3,28,106,51,55
050,20,193,"Kansas","Thomas County",3,29,105,52,53
050,20,193,"Kansas","Thomas County",3,30,95,48,47
050,20,193,"Kansas","Thomas County",3,31,90,48,42
050,20,193,"Kansas","Thomas County",3,32,90,44,46
050,20,193,"Kansas","Thomas County",3,33,101,53,48
050,20,193,"Kansas","Thomas County",3,34,95,52,43
050,20,193,"Kansas","Thomas County",3,35,95,47,48
050,20,193,"Kansas","Thomas County",3,36,104,58,46
050,20,193,"Kansas","Thomas County",3,37,106,55,51
050,20,193,"Kansas","Thomas County",3,38,87,44,43
050,20,193,"Kansas","Thomas County",3,39,109,58,51
050,20,193,"Kansas","Thomas County",3,40,85,49,36
050,20,193,"Kansas","Thomas County",3,41,73,38,35
050,20,193,"Kansas","Thomas County",3,42,58,32,26
050,20,193,"Kansas","Thomas County",3,43,71,32,39
050,20,193,"Kansas","Thomas County",3,44,77,39,38
050,20,193,"Kansas","Thomas County",3,45,84,45,39
050,20,193,"Kansas","Thomas County",3,46,88,49,39
050,20,193,"Kansas","Thomas County",3,47,82,41,41
050,20,193,"Kansas","Thomas County",3,48,80,43,37
050,20,193,"Kansas","Thomas County",3,49,78,36,42
050,20,193,"Kansas","Thomas County",3,50,78,41,37
050,20,193,"Kansas","Thomas County",3,51,65,34,31
050,20,193,"Kansas","Thomas County",3,52,69,33,36
050,20,193,"Kansas","Thomas County",3,53,65,36,29
050,20,193,"Kansas","Thomas County",3,54,61,32,29
050,20,193,"Kansas","Thomas County",3,55,60,27,33
050,20,193,"Kansas","Thomas County",3,56,73,31,42
050,20,193,"Kansas","Thomas County",3,57,95,45,50
050,20,193,"Kansas","Thomas County",3,58,97,45,52
050,20,193,"Kansas","Thomas County",3,59,94,47,47
050,20,193,"Kansas","Thomas County",3,60,111,55,56
050,20,193,"Kansas","Thomas County",3,61,114,57,57
050,20,193,"Kansas","Thomas County",3,62,100,49,51
050,20,193,"Kansas","Thomas County",3,63,97,48,49
050,20,193,"Kansas","Thomas County",3,64,108,50,58
050,20,193,"Kansas","Thomas County",3,65,99,45,54
050,20,193,"Kansas","Thomas County",3,66,95,44,51
050,20,193,"Kansas","Thomas County",3,67,95,49,46
050,20,193,"Kansas","Thomas County",3,68,99,54,45
050,20,193,"Kansas","Thomas County",3,69,100,55,45
050,20,193,"Kansas","Thomas County",3,70,81,39,42
050,20,193,"Kansas","Thomas County",3,71,64,33,31
050,20,193,"Kansas","Thomas County",3,72,61,35,26
050,20,193,"Kansas","Thomas County",3,73,57,31,26
050,20,193,"Kansas","Thomas County",3,74,65,33,32
050,20,193,"Kansas","Thomas County",3,75,50,23,27
050,20,193,"Kansas","Thomas County",3,76,46,23,23
050,20,193,"Kansas","Thomas County",3,77,49,23,26
050,20,193,"Kansas","Thomas County",3,78,51,21,30
050,20,193,"Kansas","Thomas County",3,79,44,17,27
050,20,193,"Kansas","Thomas County",3,80,41,20,21
050,20,193,"Kansas","Thomas County",3,81,37,18,19
050,20,193,"Kansas","Thomas County",3,82,31,12,19
050,20,193,"Kansas","Thomas County",3,83,33,15,18
050,20,193,"Kansas","Thomas County",3,84,34,13,21
050,20,193,"Kansas","Thomas County",3,85,208,72,136
050,20,193,"Kansas","Thomas County",4,0,118,64,54
050,20,193,"Kansas","Thomas County",4,1,109,59,50
050,20,193,"Kansas","Thomas County",4,2,91,40,51
050,20,193,"Kansas","Thomas County",4,3,105,57,48
050,20,193,"Kansas","Thomas County",4,4,111,53,58
050,20,193,"Kansas","Thomas County",4,5,113,56,57
050,20,193,"Kansas","Thomas County",4,6,102,54,48
050,20,193,"Kansas","Thomas County",4,7,118,61,57
050,20,193,"Kansas","Thomas County",4,8,127,67,60
050,20,193,"Kansas","Thomas County",4,9,104,57,47
050,20,193,"Kansas","Thomas County",4,10,101,52,49
050,20,193,"Kansas","Thomas County",4,11,97,56,41
050,20,193,"Kansas","Thomas County",4,12,103,51,52
050,20,193,"Kansas","Thomas County",4,13,100,50,50
050,20,193,"Kansas","Thomas County",4,14,120,66,54
050,20,193,"Kansas","Thomas County",4,15,108,54,54
050,20,193,"Kansas","Thomas County",4,16,101,48,53
050,20,193,"Kansas","Thomas County",4,17,97,45,52
050,20,193,"Kansas","Thomas County",4,18,138,58,80
050,20,193,"Kansas","Thomas County",4,19,240,121,119
050,20,193,"Kansas","Thomas County",4,20,185,91,94
050,20,193,"Kansas","Thomas County",4,21,145,58,87
050,20,193,"Kansas","Thomas County",4,22,108,52,56
050,20,193,"Kansas","Thomas County",4,23,111,51,60
050,20,193,"Kansas","Thomas County",4,24,102,53,49
050,20,193,"Kansas","Thomas County",4,25,100,46,54
050,20,193,"Kansas","Thomas County",4,26,103,47,56
050,20,193,"Kansas","Thomas County",4,27,100,52,48
050,20,193,"Kansas","Thomas County",4,28,95,51,44
050,20,193,"Kansas","Thomas County",4,29,101,50,51
050,20,193,"Kansas","Thomas County",4,30,97,46,51
050,20,193,"Kansas","Thomas County",4,31,92,47,45
050,20,193,"Kansas","Thomas County",4,32,86,43,43
050,20,193,"Kansas","Thomas County",4,33,89,43,46
050,20,193,"Kansas","Thomas County",4,34,103,54,49
050,20,193,"Kansas","Thomas County",4,35,93,50,43
050,20,193,"Kansas","Thomas County",4,36,91,45,46
050,20,193,"Kansas","Thomas County",4,37,95,54,41
050,20,193,"Kansas","Thomas County",4,38,88,46,42
050,20,193,"Kansas","Thomas County",4,39,86,42,44
050,20,193,"Kansas","Thomas County",4,40,106,56,50
050,20,193,"Kansas","Thomas County",4,41,81,45,36
050,20,193,"Kansas","Thomas County",4,42,72,38,34
050,20,193,"Kansas","Thomas County",4,43,69,32,37
050,20,193,"Kansas","Thomas County",4,44,73,33,40
050,20,193,"Kansas","Thomas County",4,45,80,41,39
050,20,193,"Kansas","Thomas County",4,46,91,51,40
050,20,193,"Kansas","Thomas County",4,47,90,49,41
050,20,193,"Kansas","Thomas County",4,48,77,41,36
050,20,193,"Kansas","Thomas County",4,49,71,38,33
050,20,193,"Kansas","Thomas County",4,50,77,38,39
050,20,193,"Kansas","Thomas County",4,51,76,38,38
050,20,193,"Kansas","Thomas County",4,52,60,29,31
050,20,193,"Kansas","Thomas County",4,53,70,34,36
050,20,193,"Kansas","Thomas County",4,54,62,34,28
050,20,193,"Kansas","Thomas County",4,55,59,29,30
050,20,193,"Kansas","Thomas County",4,56,64,30,34
050,20,193,"Kansas","Thomas County",4,57,72,30,42
050,20,193,"Kansas","Thomas County",4,58,96,45,51
050,20,193,"Kansas","Thomas County",4,59,101,47,54
050,20,193,"Kansas","Thomas County",4,60,90,45,45
050,20,193,"Kansas","Thomas County",4,61,106,51,55
050,20,193,"Kansas","Thomas County",4,62,111,55,56
050,20,193,"Kansas","Thomas County",4,63,99,48,51
050,20,193,"Kansas","Thomas County",4,64,98,47,51
050,20,193,"Kansas","Thomas County",4,65,108,49,59
050,20,193,"Kansas","Thomas County",4,66,97,45,52
050,20,193,"Kansas","Thomas County",4,67,95,45,50
050,20,193,"Kansas","Thomas County",4,68,91,50,41
050,20,193,"Kansas","Thomas County",4,69,96,55,41
050,20,193,"Kansas","Thomas County",4,70,99,53,46
050,20,193,"Kansas","Thomas County",4,71,80,38,42
050,20,193,"Kansas","Thomas County",4,72,60,32,28
050,20,193,"Kansas","Thomas County",4,73,59,33,26
050,20,193,"Kansas","Thomas County",4,74,56,30,26
050,20,193,"Kansas","Thomas County",4,75,64,33,31
050,20,193,"Kansas","Thomas County",4,76,48,20,28
050,20,193,"Kansas","Thomas County",4,77,47,21,26
050,20,193,"Kansas","Thomas County",4,78,44,20,24
050,20,193,"Kansas","Thomas County",4,79,49,19,30
050,20,193,"Kansas","Thomas County",4,80,45,17,28
050,20,193,"Kansas","Thomas County",4,81,41,21,20
050,20,193,"Kansas","Thomas County",4,82,39,18,21
050,20,193,"Kansas","Thomas County",4,83,24,8,16
050,20,193,"Kansas","Thomas County",4,84,31,14,17
050,20,193,"Kansas","Thomas County",4,85,211,75,136
050,20,193,"Kansas","Thomas County",5,0,120,66,54
050,20,193,"Kansas","Thomas County",5,1,119,67,52
050,20,193,"Kansas","Thomas County",5,2,105,58,47
050,20,193,"Kansas","Thomas County",5,3,84,40,44
050,20,193,"Kansas","Thomas County",5,4,103,54,49
050,20,193,"Kansas","Thomas County",5,5,109,56,53
050,20,193,"Kansas","Thomas County",5,6,109,56,53
050,20,193,"Kansas","Thomas County",5,7,99,53,46
050,20,193,"Kansas","Thomas County",5,8,111,62,49
050,20,193,"Kansas","Thomas County",5,9,123,66,57
050,20,193,"Kansas","Thomas County",5,10,103,57,46
050,20,193,"Kansas","Thomas County",5,11,102,52,50
050,20,193,"Kansas","Thomas County",5,12,102,59,43
050,20,193,"Kansas","Thomas County",5,13,102,52,50
050,20,193,"Kansas","Thomas County",5,14,105,54,51
050,20,193,"Kansas","Thomas County",5,15,118,64,54
050,20,193,"Kansas","Thomas County",5,16,104,51,53
050,20,193,"Kansas","Thomas County",5,17,105,48,57
050,20,193,"Kansas","Thomas County",5,18,132,54,78
050,20,193,"Kansas","Thomas County",5,19,253,124,129
050,20,193,"Kansas","Thomas County",5,20,186,99,87
050,20,193,"Kansas","Thomas County",5,21,139,58,81
050,20,193,"Kansas","Thomas County",5,22,123,51,72
050,20,193,"Kansas","Thomas County",5,23,92,52,40
050,20,193,"Kansas","Thomas County",5,24,106,52,54
050,20,193,"Kansas","Thomas County",5,25,100,49,51
050,20,193,"Kansas","Thomas County",5,26,99,46,53
050,20,193,"Kansas","Thomas County",5,27,91,44,47
050,20,193,"Kansas","Thomas County",5,28,91,47,44
050,20,193,"Kansas","Thomas County",5,29,88,46,42
050,20,193,"Kansas","Thomas County",5,30,98,49,49
050,20,193,"Kansas","Thomas County",5,31,99,46,53
050,20,193,"Kansas","Thomas County",5,32,83,42,41
050,20,193,"Kansas","Thomas County",5,33,80,43,37
050,20,193,"Kansas","Thomas County",5,34,83,41,42
050,20,193,"Kansas","Thomas County",5,35,101,52,49
050,20,193,"Kansas","Thomas County",5,36,91,45,46
050,20,193,"Kansas","Thomas County",5,37,86,41,45
050,20,193,"Kansas","Thomas County",5,38,95,53,42
050,20,193,"Kansas","Thomas County",5,39,88,46,42
050,20,193,"Kansas","Thomas County",5,40,86,43,43
050,20,193,"Kansas","Thomas County",5,41,105,55,50
050,20,193,"Kansas","Thomas County",5,42,79,44,35
050,20,193,"Kansas","Thomas County",5,43,73,37,36
050,20,193,"Kansas","Thomas County",5,44,63,31,32
050,20,193,"Kansas","Thomas County",5,45,72,33,39
050,20,193,"Kansas","Thomas County",5,46,76,41,35
050,20,193,"Kansas","Thomas County",5,47,84,46,38
050,20,193,"Kansas","Thomas County",5,48,90,52,38
050,20,193,"Kansas","Thomas County",5,49,76,40,36
050,20,193,"Kansas","Thomas County",5,50,76,40,36
050,20,193,"Kansas","Thomas County",5,51,74,36,38
050,20,193,"Kansas","Thomas County",5,52,77,38,39
050,20,193,"Kansas","Thomas County",5,53,58,26,32
050,20,193,"Kansas","Thomas County",5,54,72,35,37
050,20,193,"Kansas","Thomas County",5,55,61,33,28
050,20,193,"Kansas","Thomas County",5,56,62,31,31
050,20,193,"Kansas","Thomas County",5,57,64,30,34
050,20,193,"Kansas","Thomas County",5,58,77,34,43
050,20,193,"Kansas","Thomas County",5,59,97,45,52
050,20,193,"Kansas","Thomas County",5,60,96,43,53
050,20,193,"Kansas","Thomas County",5,61,89,43,46
050,20,193,"Kansas","Thomas County",5,62,106,53,53
050,20,193,"Kansas","Thomas County",5,63,109,52,57
050,20,193,"Kansas","Thomas County",5,64,96,47,49
050,20,193,"Kansas","Thomas County",5,65,101,47,54
050,20,193,"Kansas","Thomas County",5,66,105,47,58
050,20,193,"Kansas","Thomas County",5,67,102,47,55
050,20,193,"Kansas","Thomas County",5,68,88,43,45
050,20,193,"Kansas","Thomas County",5,69,87,48,39
050,20,193,"Kansas","Thomas County",5,70,97,54,43
050,20,193,"Kansas","Thomas County",5,71,96,51,45
050,20,193,"Kansas","Thomas County",5,72,75,39,36
050,20,193,"Kansas","Thomas County",5,73,58,30,28
050,20,193,"Kansas","Thomas County",5,74,59,33,26
050,20,193,"Kansas","Thomas County",5,75,57,31,26
050,20,193,"Kansas","Thomas County",5,76,59,28,31
050,20,193,"Kansas","Thomas County",5,77,49,19,30
050,20,193,"Kansas","Thomas County",5,78,41,19,22
050,20,193,"Kansas","Thomas County",5,79,43,17,26
050,20,193,"Kansas","Thomas County",5,80,47,20,27
050,20,193,"Kansas","Thomas County",5,81,45,18,27
050,20,193,"Kansas","Thomas County",5,82,39,20,19
050,20,193,"Kansas","Thomas County",5,83,35,14,21
050,20,193,"Kansas","Thomas County",5,84,21,6,15
050,20,193,"Kansas","Thomas County",5,85,216,79,137
050,20,195,"Kansas","Trego County",1,0,29,14,15
050,20,195,"Kansas","Trego County",1,1,28,13,15
050,20,195,"Kansas","Trego County",1,2,33,16,17
050,20,195,"Kansas","Trego County",1,3,24,13,11
050,20,195,"Kansas","Trego County",1,4,26,18,8
050,20,195,"Kansas","Trego County",1,5,28,19,9
050,20,195,"Kansas","Trego County",1,6,35,20,15
050,20,195,"Kansas","Trego County",1,7,33,22,11
050,20,195,"Kansas","Trego County",1,8,28,16,12
050,20,195,"Kansas","Trego County",1,9,30,16,14
050,20,195,"Kansas","Trego County",1,10,27,16,11
050,20,195,"Kansas","Trego County",1,11,33,17,16
050,20,195,"Kansas","Trego County",1,12,27,14,13
050,20,195,"Kansas","Trego County",1,13,28,13,15
050,20,195,"Kansas","Trego County",1,14,24,11,13
050,20,195,"Kansas","Trego County",1,15,29,14,15
050,20,195,"Kansas","Trego County",1,16,33,15,18
050,20,195,"Kansas","Trego County",1,17,22,14,8
050,20,195,"Kansas","Trego County",1,18,25,13,12
050,20,195,"Kansas","Trego County",1,19,18,10,8
050,20,195,"Kansas","Trego County",1,20,24,13,11
050,20,195,"Kansas","Trego County",1,21,21,10,11
050,20,195,"Kansas","Trego County",1,22,17,10,7
050,20,195,"Kansas","Trego County",1,23,22,11,11
050,20,195,"Kansas","Trego County",1,24,26,12,14
050,20,195,"Kansas","Trego County",1,25,24,15,9
050,20,195,"Kansas","Trego County",1,26,31,14,17
050,20,195,"Kansas","Trego County",1,27,32,20,12
050,20,195,"Kansas","Trego County",1,28,31,17,14
050,20,195,"Kansas","Trego County",1,29,29,18,11
050,20,195,"Kansas","Trego County",1,30,27,15,12
050,20,195,"Kansas","Trego County",1,31,25,15,10
050,20,195,"Kansas","Trego County",1,32,27,16,11
050,20,195,"Kansas","Trego County",1,33,30,15,15
050,20,195,"Kansas","Trego County",1,34,30,20,10
050,20,195,"Kansas","Trego County",1,35,45,21,24
050,20,195,"Kansas","Trego County",1,36,35,15,20
050,20,195,"Kansas","Trego County",1,37,38,16,22
050,20,195,"Kansas","Trego County",1,38,34,15,19
050,20,195,"Kansas","Trego County",1,39,37,17,20
050,20,195,"Kansas","Trego County",1,40,23,12,11
050,20,195,"Kansas","Trego County",1,41,28,14,14
050,20,195,"Kansas","Trego County",1,42,29,16,13
050,20,195,"Kansas","Trego County",1,43,21,9,12
050,20,195,"Kansas","Trego County",1,44,16,9,7
050,20,195,"Kansas","Trego County",1,45,29,16,13
050,20,195,"Kansas","Trego County",1,46,31,14,17
050,20,195,"Kansas","Trego County",1,47,35,19,16
050,20,195,"Kansas","Trego County",1,48,34,18,16
050,20,195,"Kansas","Trego County",1,49,36,19,17
050,20,195,"Kansas","Trego County",1,50,37,21,16
050,20,195,"Kansas","Trego County",1,51,30,12,18
050,20,195,"Kansas","Trego County",1,52,23,9,14
050,20,195,"Kansas","Trego County",1,53,32,14,18
050,20,195,"Kansas","Trego County",1,54,35,19,16
050,20,195,"Kansas","Trego County",1,55,35,16,19
050,20,195,"Kansas","Trego County",1,56,49,26,23
050,20,195,"Kansas","Trego County",1,57,52,26,26
050,20,195,"Kansas","Trego County",1,58,55,31,24
050,20,195,"Kansas","Trego County",1,59,48,25,23
050,20,195,"Kansas","Trego County",1,60,50,22,28
050,20,195,"Kansas","Trego County",1,61,56,26,30
050,20,195,"Kansas","Trego County",1,62,58,26,32
050,20,195,"Kansas","Trego County",1,63,54,26,28
050,20,195,"Kansas","Trego County",1,64,50,29,21
050,20,195,"Kansas","Trego County",1,65,49,28,21
050,20,195,"Kansas","Trego County",1,66,59,25,34
050,20,195,"Kansas","Trego County",1,67,59,31,28
050,20,195,"Kansas","Trego County",1,68,48,27,21
050,20,195,"Kansas","Trego County",1,69,44,22,22
050,20,195,"Kansas","Trego County",1,70,37,19,18
050,20,195,"Kansas","Trego County",1,71,33,16,17
050,20,195,"Kansas","Trego County",1,72,33,20,13
050,20,195,"Kansas","Trego County",1,73,32,15,17
050,20,195,"Kansas","Trego County",1,74,24,13,11
050,20,195,"Kansas","Trego County",1,75,24,10,14
050,20,195,"Kansas","Trego County",1,76,25,10,15
050,20,195,"Kansas","Trego County",1,77,28,16,12
050,20,195,"Kansas","Trego County",1,78,25,14,11
050,20,195,"Kansas","Trego County",1,79,16,7,9
050,20,195,"Kansas","Trego County",1,80,18,8,10
050,20,195,"Kansas","Trego County",1,81,14,6,8
050,20,195,"Kansas","Trego County",1,82,14,5,9
050,20,195,"Kansas","Trego County",1,83,16,8,8
050,20,195,"Kansas","Trego County",1,84,15,4,11
050,20,195,"Kansas","Trego County",1,85,101,41,60
050,20,195,"Kansas","Trego County",2,0,31,15,16
050,20,195,"Kansas","Trego County",2,1,28,13,15
050,20,195,"Kansas","Trego County",2,2,32,15,17
050,20,195,"Kansas","Trego County",2,3,26,14,12
050,20,195,"Kansas","Trego County",2,4,27,18,9
050,20,195,"Kansas","Trego County",2,5,28,19,9
050,20,195,"Kansas","Trego County",2,6,34,20,14
050,20,195,"Kansas","Trego County",2,7,33,21,12
050,20,195,"Kansas","Trego County",2,8,30,18,12
050,20,195,"Kansas","Trego County",2,9,29,16,13
050,20,195,"Kansas","Trego County",2,10,29,17,12
050,20,195,"Kansas","Trego County",2,11,31,16,15
050,20,195,"Kansas","Trego County",2,12,28,14,14
050,20,195,"Kansas","Trego County",2,13,28,13,15
050,20,195,"Kansas","Trego County",2,14,25,12,13
050,20,195,"Kansas","Trego County",2,15,27,13,14
050,20,195,"Kansas","Trego County",2,16,32,14,18
050,20,195,"Kansas","Trego County",2,17,24,14,10
050,20,195,"Kansas","Trego County",2,18,24,13,11
050,20,195,"Kansas","Trego County",2,19,18,10,8
050,20,195,"Kansas","Trego County",2,20,23,12,11
050,20,195,"Kansas","Trego County",2,21,20,10,10
050,20,195,"Kansas","Trego County",2,22,18,10,8
050,20,195,"Kansas","Trego County",2,23,21,11,10
050,20,195,"Kansas","Trego County",2,24,25,12,13
050,20,195,"Kansas","Trego County",2,25,26,15,11
050,20,195,"Kansas","Trego County",2,26,29,14,15
050,20,195,"Kansas","Trego County",2,27,33,20,13
050,20,195,"Kansas","Trego County",2,28,31,18,13
050,20,195,"Kansas","Trego County",2,29,29,18,11
050,20,195,"Kansas","Trego County",2,30,27,15,12
050,20,195,"Kansas","Trego County",2,31,24,14,10
050,20,195,"Kansas","Trego County",2,32,27,16,11
050,20,195,"Kansas","Trego County",2,33,29,15,14
050,20,195,"Kansas","Trego County",2,34,32,20,12
050,20,195,"Kansas","Trego County",2,35,41,21,20
050,20,195,"Kansas","Trego County",2,36,36,16,20
050,20,195,"Kansas","Trego County",2,37,38,16,22
050,20,195,"Kansas","Trego County",2,38,35,15,20
050,20,195,"Kansas","Trego County",2,39,37,17,20
050,20,195,"Kansas","Trego County",2,40,26,14,12
050,20,195,"Kansas","Trego County",2,41,26,13,13
050,20,195,"Kansas","Trego County",2,42,28,15,13
050,20,195,"Kansas","Trego County",2,43,23,11,12
050,20,195,"Kansas","Trego County",2,44,17,9,8
050,20,195,"Kansas","Trego County",2,45,27,15,12
050,20,195,"Kansas","Trego County",2,46,31,15,16
050,20,195,"Kansas","Trego County",2,47,34,18,16
050,20,195,"Kansas","Trego County",2,48,34,18,16
050,20,195,"Kansas","Trego County",2,49,36,19,17
050,20,195,"Kansas","Trego County",2,50,36,20,16
050,20,195,"Kansas","Trego County",2,51,32,15,17
050,20,195,"Kansas","Trego County",2,52,24,9,15
050,20,195,"Kansas","Trego County",2,53,30,13,17
050,20,195,"Kansas","Trego County",2,54,34,18,16
050,20,195,"Kansas","Trego County",2,55,35,17,18
050,20,195,"Kansas","Trego County",2,56,46,24,22
050,20,195,"Kansas","Trego County",2,57,51,26,25
050,20,195,"Kansas","Trego County",2,58,55,30,25
050,20,195,"Kansas","Trego County",2,59,50,27,23
050,20,195,"Kansas","Trego County",2,60,49,22,27
050,20,195,"Kansas","Trego County",2,61,53,25,28
050,20,195,"Kansas","Trego County",2,62,56,26,30
050,20,195,"Kansas","Trego County",2,63,56,27,29
050,20,195,"Kansas","Trego County",2,64,50,27,23
050,20,195,"Kansas","Trego County",2,65,49,28,21
050,20,195,"Kansas","Trego County",2,66,57,26,31
050,20,195,"Kansas","Trego County",2,67,58,29,29
050,20,195,"Kansas","Trego County",2,68,50,28,22
050,20,195,"Kansas","Trego County",2,69,45,23,22
050,20,195,"Kansas","Trego County",2,70,39,20,19
050,20,195,"Kansas","Trego County",2,71,34,17,17
050,20,195,"Kansas","Trego County",2,72,33,19,14
050,20,195,"Kansas","Trego County",2,73,34,17,17
050,20,195,"Kansas","Trego County",2,74,24,12,12
050,20,195,"Kansas","Trego County",2,75,24,11,13
050,20,195,"Kansas","Trego County",2,76,25,10,15
050,20,195,"Kansas","Trego County",2,77,28,15,13
050,20,195,"Kansas","Trego County",2,78,26,14,12
050,20,195,"Kansas","Trego County",2,79,16,8,8
050,20,195,"Kansas","Trego County",2,80,18,8,10
050,20,195,"Kansas","Trego County",2,81,16,7,9
050,20,195,"Kansas","Trego County",2,82,14,5,9
050,20,195,"Kansas","Trego County",2,83,14,6,8
050,20,195,"Kansas","Trego County",2,84,15,5,10
050,20,195,"Kansas","Trego County",2,85,100,40,60
050,20,195,"Kansas","Trego County",3,0,34,16,18
050,20,195,"Kansas","Trego County",3,1,21,10,11
050,20,195,"Kansas","Trego County",3,2,24,10,14
050,20,195,"Kansas","Trego County",3,3,31,15,16
050,20,195,"Kansas","Trego County",3,4,24,12,12
050,20,195,"Kansas","Trego County",3,5,28,19,9
050,20,195,"Kansas","Trego County",3,6,29,20,9
050,20,195,"Kansas","Trego County",3,7,32,19,13
050,20,195,"Kansas","Trego County",3,8,32,20,12
050,20,195,"Kansas","Trego County",3,9,31,19,12
050,20,195,"Kansas","Trego County",3,10,30,18,12
050,20,195,"Kansas","Trego County",3,11,32,20,12
050,20,195,"Kansas","Trego County",3,12,31,17,14
050,20,195,"Kansas","Trego County",3,13,27,14,13
050,20,195,"Kansas","Trego County",3,14,27,13,14
050,20,195,"Kansas","Trego County",3,15,27,13,14
050,20,195,"Kansas","Trego County",3,16,27,11,16
050,20,195,"Kansas","Trego County",3,17,32,14,18
050,20,195,"Kansas","Trego County",3,18,20,13,7
050,20,195,"Kansas","Trego County",3,19,21,12,9
050,20,195,"Kansas","Trego County",3,20,20,11,9
050,20,195,"Kansas","Trego County",3,21,23,12,11
050,20,195,"Kansas","Trego County",3,22,23,13,10
050,20,195,"Kansas","Trego County",3,23,18,11,7
050,20,195,"Kansas","Trego County",3,24,17,6,11
050,20,195,"Kansas","Trego County",3,25,29,14,15
050,20,195,"Kansas","Trego County",3,26,23,14,9
050,20,195,"Kansas","Trego County",3,27,26,11,15
050,20,195,"Kansas","Trego County",3,28,35,20,15
050,20,195,"Kansas","Trego County",3,29,27,17,10
050,20,195,"Kansas","Trego County",3,30,30,19,11
050,20,195,"Kansas","Trego County",3,31,27,16,11
050,20,195,"Kansas","Trego County",3,32,25,14,11
050,20,195,"Kansas","Trego County",3,33,30,18,12
050,20,195,"Kansas","Trego County",3,34,30,16,14
050,20,195,"Kansas","Trego County",3,35,33,20,13
050,20,195,"Kansas","Trego County",3,36,42,21,21
050,20,195,"Kansas","Trego County",3,37,31,12,19
050,20,195,"Kansas","Trego County",3,38,39,17,22
050,20,195,"Kansas","Trego County",3,39,36,16,20
050,20,195,"Kansas","Trego County",3,40,34,16,18
050,20,195,"Kansas","Trego County",3,41,26,14,12
050,20,195,"Kansas","Trego County",3,42,27,12,15
050,20,195,"Kansas","Trego County",3,43,30,15,15
050,20,195,"Kansas","Trego County",3,44,25,12,13
050,20,195,"Kansas","Trego County",3,45,22,10,12
050,20,195,"Kansas","Trego County",3,46,25,15,10
050,20,195,"Kansas","Trego County",3,47,31,16,15
050,20,195,"Kansas","Trego County",3,48,35,21,14
050,20,195,"Kansas","Trego County",3,49,37,20,17
050,20,195,"Kansas","Trego County",3,50,35,18,17
050,20,195,"Kansas","Trego County",3,51,35,19,16
050,20,195,"Kansas","Trego County",3,52,33,15,18
050,20,195,"Kansas","Trego County",3,53,24,9,15
050,20,195,"Kansas","Trego County",3,54,30,13,17
050,20,195,"Kansas","Trego County",3,55,35,18,17
050,20,195,"Kansas","Trego County",3,56,38,18,20
050,20,195,"Kansas","Trego County",3,57,44,24,20
050,20,195,"Kansas","Trego County",3,58,54,28,26
050,20,195,"Kansas","Trego County",3,59,55,30,25
050,20,195,"Kansas","Trego County",3,60,48,27,21
050,20,195,"Kansas","Trego County",3,61,53,25,28
050,20,195,"Kansas","Trego County",3,62,55,27,28
050,20,195,"Kansas","Trego County",3,63,59,28,31
050,20,195,"Kansas","Trego County",3,64,54,26,28
050,20,195,"Kansas","Trego County",3,65,51,26,25
050,20,195,"Kansas","Trego County",3,66,47,28,19
050,20,195,"Kansas","Trego County",3,67,55,25,30
050,20,195,"Kansas","Trego County",3,68,60,29,31
050,20,195,"Kansas","Trego County",3,69,49,28,21
050,20,195,"Kansas","Trego County",3,70,42,20,22
050,20,195,"Kansas","Trego County",3,71,39,22,17
050,20,195,"Kansas","Trego County",3,72,33,17,16
050,20,195,"Kansas","Trego County",3,73,31,18,13
050,20,195,"Kansas","Trego County",3,74,34,17,17
050,20,195,"Kansas","Trego County",3,75,19,9,10
050,20,195,"Kansas","Trego County",3,76,21,10,11
050,20,195,"Kansas","Trego County",3,77,25,9,16
050,20,195,"Kansas","Trego County",3,78,28,15,13
050,20,195,"Kansas","Trego County",3,79,21,11,10
050,20,195,"Kansas","Trego County",3,80,14,7,7
050,20,195,"Kansas","Trego County",3,81,19,8,11
050,20,195,"Kansas","Trego County",3,82,13,6,7
050,20,195,"Kansas","Trego County",3,83,14,5,9
050,20,195,"Kansas","Trego County",3,84,12,5,7
050,20,195,"Kansas","Trego County",3,85,93,34,59
050,20,195,"Kansas","Trego County",4,0,28,11,17
050,20,195,"Kansas","Trego County",4,1,33,13,20
050,20,195,"Kansas","Trego County",4,2,21,9,12
050,20,195,"Kansas","Trego County",4,3,29,12,17
050,20,195,"Kansas","Trego County",4,4,30,14,16
050,20,195,"Kansas","Trego County",4,5,26,13,13
050,20,195,"Kansas","Trego County",4,6,27,18,9
050,20,195,"Kansas","Trego County",4,7,28,19,9
050,20,195,"Kansas","Trego County",4,8,33,20,13
050,20,195,"Kansas","Trego County",4,9,34,21,13
050,20,195,"Kansas","Trego County",4,10,31,19,12
050,20,195,"Kansas","Trego County",4,11,28,16,12
050,20,195,"Kansas","Trego County",4,12,27,14,13
050,20,195,"Kansas","Trego County",4,13,33,17,16
050,20,195,"Kansas","Trego County",4,14,25,11,14
050,20,195,"Kansas","Trego County",4,15,25,12,13
050,20,195,"Kansas","Trego County",4,16,27,14,13
050,20,195,"Kansas","Trego County",4,17,24,12,12
050,20,195,"Kansas","Trego County",4,18,26,11,15
050,20,195,"Kansas","Trego County",4,19,17,11,6
050,20,195,"Kansas","Trego County",4,20,20,11,9
050,20,195,"Kansas","Trego County",4,21,15,11,4
050,20,195,"Kansas","Trego County",4,22,25,12,13
050,20,195,"Kansas","Trego County",4,23,27,14,13
050,20,195,"Kansas","Trego County",4,24,21,12,9
050,20,195,"Kansas","Trego County",4,25,18,7,11
050,20,195,"Kansas","Trego County",4,26,33,15,18
050,20,195,"Kansas","Trego County",4,27,24,14,10
050,20,195,"Kansas","Trego County",4,28,27,11,16
050,20,195,"Kansas","Trego County",4,29,32,19,13
050,20,195,"Kansas","Trego County",4,30,26,18,8
050,20,195,"Kansas","Trego County",4,31,32,20,12
050,20,195,"Kansas","Trego County",4,32,24,13,11
050,20,195,"Kansas","Trego County",4,33,25,14,11
050,20,195,"Kansas","Trego County",4,34,31,19,12
050,20,195,"Kansas","Trego County",4,35,30,16,14
050,20,195,"Kansas","Trego County",4,36,35,20,15
050,20,195,"Kansas","Trego County",4,37,38,18,20
050,20,195,"Kansas","Trego County",4,38,35,15,20
050,20,195,"Kansas","Trego County",4,39,38,17,21
050,20,195,"Kansas","Trego County",4,40,35,15,20
050,20,195,"Kansas","Trego County",4,41,33,15,18
050,20,195,"Kansas","Trego County",4,42,26,14,12
050,20,195,"Kansas","Trego County",4,43,27,12,15
050,20,195,"Kansas","Trego County",4,44,28,14,14
050,20,195,"Kansas","Trego County",4,45,21,11,10
050,20,195,"Kansas","Trego County",4,46,23,10,13
050,20,195,"Kansas","Trego County",4,47,24,15,9
050,20,195,"Kansas","Trego County",4,48,33,17,16
050,20,195,"Kansas","Trego County",4,49,35,19,16
050,20,195,"Kansas","Trego County",4,50,34,18,16
050,20,195,"Kansas","Trego County",4,51,35,18,17
050,20,195,"Kansas","Trego County",4,52,35,19,16
050,20,195,"Kansas","Trego County",4,53,34,15,19
050,20,195,"Kansas","Trego County",4,54,25,10,15
050,20,195,"Kansas","Trego County",4,55,29,13,16
050,20,195,"Kansas","Trego County",4,56,36,18,18
050,20,195,"Kansas","Trego County",4,57,37,18,19
050,20,195,"Kansas","Trego County",4,58,41,21,20
050,20,195,"Kansas","Trego County",4,59,54,28,26
050,20,195,"Kansas","Trego County",4,60,55,30,25
050,20,195,"Kansas","Trego County",4,61,48,27,21
050,20,195,"Kansas","Trego County",4,62,50,22,28
050,20,195,"Kansas","Trego County",4,63,49,24,25
050,20,195,"Kansas","Trego County",4,64,60,28,32
050,20,195,"Kansas","Trego County",4,65,53,26,27
050,20,195,"Kansas","Trego County",4,66,47,24,23
050,20,195,"Kansas","Trego County",4,67,45,26,19
050,20,195,"Kansas","Trego County",4,68,53,25,28
050,20,195,"Kansas","Trego County",4,69,59,29,30
050,20,195,"Kansas","Trego County",4,70,47,26,21
050,20,195,"Kansas","Trego County",4,71,42,21,21
050,20,195,"Kansas","Trego County",4,72,37,20,17
050,20,195,"Kansas","Trego County",4,73,32,17,15
050,20,195,"Kansas","Trego County",4,74,31,17,14
050,20,195,"Kansas","Trego County",4,75,32,15,17
050,20,195,"Kansas","Trego County",4,76,18,8,10
050,20,195,"Kansas","Trego County",4,77,20,10,10
050,20,195,"Kansas","Trego County",4,78,26,10,16
050,20,195,"Kansas","Trego County",4,79,26,14,12
050,20,195,"Kansas","Trego County",4,80,19,9,10
050,20,195,"Kansas","Trego County",4,81,15,7,8
050,20,195,"Kansas","Trego County",4,82,16,7,9
050,20,195,"Kansas","Trego County",4,83,12,6,6
050,20,195,"Kansas","Trego County",4,84,14,6,8
050,20,195,"Kansas","Trego County",4,85,87,31,56
050,20,195,"Kansas","Trego County",5,0,28,11,17
050,20,195,"Kansas","Trego County",5,1,28,13,15
050,20,195,"Kansas","Trego County",5,2,31,13,18
050,20,195,"Kansas","Trego County",5,3,21,9,12
050,20,195,"Kansas","Trego County",5,4,29,11,18
050,20,195,"Kansas","Trego County",5,5,30,14,16
050,20,195,"Kansas","Trego County",5,6,25,11,14
050,20,195,"Kansas","Trego County",5,7,28,17,11
050,20,195,"Kansas","Trego County",5,8,30,19,11
050,20,195,"Kansas","Trego County",5,9,31,19,12
050,20,195,"Kansas","Trego County",5,10,34,21,13
050,20,195,"Kansas","Trego County",5,11,33,21,12
050,20,195,"Kansas","Trego County",5,12,31,18,13
050,20,195,"Kansas","Trego County",5,13,30,14,16
050,20,195,"Kansas","Trego County",5,14,34,17,17
050,20,195,"Kansas","Trego County",5,15,24,12,12
050,20,195,"Kansas","Trego County",5,16,32,15,17
050,20,195,"Kansas","Trego County",5,17,25,13,12
050,20,195,"Kansas","Trego County",5,18,22,11,11
050,20,195,"Kansas","Trego County",5,19,20,9,11
050,20,195,"Kansas","Trego County",5,20,17,13,4
050,20,195,"Kansas","Trego County",5,21,22,10,12
050,20,195,"Kansas","Trego County",5,22,20,13,7
050,20,195,"Kansas","Trego County",5,23,27,13,14
050,20,195,"Kansas","Trego County",5,24,27,13,14
050,20,195,"Kansas","Trego County",5,25,19,11,8
050,20,195,"Kansas","Trego County",5,26,14,5,9
050,20,195,"Kansas","Trego County",5,27,33,13,20
050,20,195,"Kansas","Trego County",5,28,23,15,8
050,20,195,"Kansas","Trego County",5,29,24,8,16
050,20,195,"Kansas","Trego County",5,30,32,19,13
050,20,195,"Kansas","Trego County",5,31,27,18,9
050,20,195,"Kansas","Trego County",5,32,34,20,14
050,20,195,"Kansas","Trego County",5,33,24,15,9
050,20,195,"Kansas","Trego County",5,34,24,14,10
050,20,195,"Kansas","Trego County",5,35,28,15,13
050,20,195,"Kansas","Trego County",5,36,30,14,16
050,20,195,"Kansas","Trego County",5,37,35,20,15
050,20,195,"Kansas","Trego County",5,38,38,18,20
050,20,195,"Kansas","Trego County",5,39,36,16,20
050,20,195,"Kansas","Trego County",5,40,37,16,21
050,20,195,"Kansas","Trego County",5,41,32,13,19
050,20,195,"Kansas","Trego County",5,42,33,16,17
050,20,195,"Kansas","Trego County",5,43,28,14,14
050,20,195,"Kansas","Trego County",5,44,27,13,14
050,20,195,"Kansas","Trego County",5,45,26,14,12
050,20,195,"Kansas","Trego County",5,46,19,9,10
050,20,195,"Kansas","Trego County",5,47,22,10,12
050,20,195,"Kansas","Trego County",5,48,24,14,10
050,20,195,"Kansas","Trego County",5,49,35,18,17
050,20,195,"Kansas","Trego County",5,50,33,17,16
050,20,195,"Kansas","Trego County",5,51,33,18,15
050,20,195,"Kansas","Trego County",5,52,37,19,18
050,20,195,"Kansas","Trego County",5,53,34,19,15
050,20,195,"Kansas","Trego County",5,54,35,16,19
050,20,195,"Kansas","Trego County",5,55,25,10,15
050,20,195,"Kansas","Trego County",5,56,31,14,17
050,20,195,"Kansas","Trego County",5,57,34,18,16
050,20,195,"Kansas","Trego County",5,58,31,12,19
050,20,195,"Kansas","Trego County",5,59,42,22,20
050,20,195,"Kansas","Trego County",5,60,55,28,27
050,20,195,"Kansas","Trego County",5,61,55,30,25
050,20,195,"Kansas","Trego County",5,62,49,27,22
050,20,195,"Kansas","Trego County",5,63,49,21,28
050,20,195,"Kansas","Trego County",5,64,51,26,25
050,20,195,"Kansas","Trego County",5,65,58,28,30
050,20,195,"Kansas","Trego County",5,66,53,25,28
050,20,195,"Kansas","Trego County",5,67,44,22,22
050,20,195,"Kansas","Trego County",5,68,44,26,18
050,20,195,"Kansas","Trego County",5,69,53,25,28
050,20,195,"Kansas","Trego County",5,70,57,28,29
050,20,195,"Kansas","Trego County",5,71,48,26,22
050,20,195,"Kansas","Trego County",5,72,43,21,22
050,20,195,"Kansas","Trego County",5,73,33,19,14
050,20,195,"Kansas","Trego County",5,74,30,15,15
050,20,195,"Kansas","Trego County",5,75,28,15,13
050,20,195,"Kansas","Trego County",5,76,31,14,17
050,20,195,"Kansas","Trego County",5,77,17,8,9
050,20,195,"Kansas","Trego County",5,78,22,11,11
050,20,195,"Kansas","Trego County",5,79,25,9,16
050,20,195,"Kansas","Trego County",5,80,24,12,12
050,20,195,"Kansas","Trego County",5,81,20,9,11
050,20,195,"Kansas","Trego County",5,82,12,6,6
050,20,195,"Kansas","Trego County",5,83,16,7,9
050,20,195,"Kansas","Trego County",5,84,12,6,6
050,20,195,"Kansas","Trego County",5,85,84,29,55
050,20,197,"Kansas","Wabaunsee County",1,0,65,33,32
050,20,197,"Kansas","Wabaunsee County",1,1,73,36,37
050,20,197,"Kansas","Wabaunsee County",1,2,80,45,35
050,20,197,"Kansas","Wabaunsee County",1,3,70,40,30
050,20,197,"Kansas","Wabaunsee County",1,4,79,40,39
050,20,197,"Kansas","Wabaunsee County",1,5,92,51,41
050,20,197,"Kansas","Wabaunsee County",1,6,99,51,48
050,20,197,"Kansas","Wabaunsee County",1,7,99,50,49
050,20,197,"Kansas","Wabaunsee County",1,8,84,49,35
050,20,197,"Kansas","Wabaunsee County",1,9,90,48,42
050,20,197,"Kansas","Wabaunsee County",1,10,73,42,31
050,20,197,"Kansas","Wabaunsee County",1,11,87,46,41
050,20,197,"Kansas","Wabaunsee County",1,12,92,50,42
050,20,197,"Kansas","Wabaunsee County",1,13,93,49,44
050,20,197,"Kansas","Wabaunsee County",1,14,97,51,46
050,20,197,"Kansas","Wabaunsee County",1,15,96,52,44
050,20,197,"Kansas","Wabaunsee County",1,16,101,56,45
050,20,197,"Kansas","Wabaunsee County",1,17,97,49,48
050,20,197,"Kansas","Wabaunsee County",1,18,92,45,47
050,20,197,"Kansas","Wabaunsee County",1,19,104,55,49
050,20,197,"Kansas","Wabaunsee County",1,20,89,44,45
050,20,197,"Kansas","Wabaunsee County",1,21,78,41,37
050,20,197,"Kansas","Wabaunsee County",1,22,75,37,38
050,20,197,"Kansas","Wabaunsee County",1,23,70,34,36
050,20,197,"Kansas","Wabaunsee County",1,24,71,36,35
050,20,197,"Kansas","Wabaunsee County",1,25,59,33,26
050,20,197,"Kansas","Wabaunsee County",1,26,67,28,39
050,20,197,"Kansas","Wabaunsee County",1,27,70,34,36
050,20,197,"Kansas","Wabaunsee County",1,28,65,31,34
050,20,197,"Kansas","Wabaunsee County",1,29,68,31,37
050,20,197,"Kansas","Wabaunsee County",1,30,61,35,26
050,20,197,"Kansas","Wabaunsee County",1,31,65,38,27
050,20,197,"Kansas","Wabaunsee County",1,32,71,40,31
050,20,197,"Kansas","Wabaunsee County",1,33,75,41,34
050,20,197,"Kansas","Wabaunsee County",1,34,66,35,31
050,20,197,"Kansas","Wabaunsee County",1,35,69,34,35
050,20,197,"Kansas","Wabaunsee County",1,36,66,29,37
050,20,197,"Kansas","Wabaunsee County",1,37,76,39,37
050,20,197,"Kansas","Wabaunsee County",1,38,75,38,37
050,20,197,"Kansas","Wabaunsee County",1,39,80,39,41
050,20,197,"Kansas","Wabaunsee County",1,40,76,38,38
050,20,197,"Kansas","Wabaunsee County",1,41,84,45,39
050,20,197,"Kansas","Wabaunsee County",1,42,88,52,36
050,20,197,"Kansas","Wabaunsee County",1,43,67,34,33
050,20,197,"Kansas","Wabaunsee County",1,44,72,40,32
050,20,197,"Kansas","Wabaunsee County",1,45,68,33,35
050,20,197,"Kansas","Wabaunsee County",1,46,73,37,36
050,20,197,"Kansas","Wabaunsee County",1,47,70,35,35
050,20,197,"Kansas","Wabaunsee County",1,48,85,42,43
050,20,197,"Kansas","Wabaunsee County",1,49,75,37,38
050,20,197,"Kansas","Wabaunsee County",1,50,68,32,36
050,20,197,"Kansas","Wabaunsee County",1,51,76,36,40
050,20,197,"Kansas","Wabaunsee County",1,52,82,33,49
050,20,197,"Kansas","Wabaunsee County",1,53,77,45,32
050,20,197,"Kansas","Wabaunsee County",1,54,83,50,33
050,20,197,"Kansas","Wabaunsee County",1,55,102,55,47
050,20,197,"Kansas","Wabaunsee County",1,56,113,59,54
050,20,197,"Kansas","Wabaunsee County",1,57,122,60,62
050,20,197,"Kansas","Wabaunsee County",1,58,129,64,65
050,20,197,"Kansas","Wabaunsee County",1,59,113,63,50
050,20,197,"Kansas","Wabaunsee County",1,60,112,60,52
050,20,197,"Kansas","Wabaunsee County",1,61,123,63,60
050,20,197,"Kansas","Wabaunsee County",1,62,124,72,52
050,20,197,"Kansas","Wabaunsee County",1,63,118,57,61
050,20,197,"Kansas","Wabaunsee County",1,64,102,50,52
050,20,197,"Kansas","Wabaunsee County",1,65,101,52,49
050,20,197,"Kansas","Wabaunsee County",1,66,99,50,49
050,20,197,"Kansas","Wabaunsee County",1,67,90,39,51
050,20,197,"Kansas","Wabaunsee County",1,68,84,44,40
050,20,197,"Kansas","Wabaunsee County",1,69,85,50,35
050,20,197,"Kansas","Wabaunsee County",1,70,89,47,42
050,20,197,"Kansas","Wabaunsee County",1,71,82,45,37
050,20,197,"Kansas","Wabaunsee County",1,72,83,43,40
050,20,197,"Kansas","Wabaunsee County",1,73,70,38,32
050,20,197,"Kansas","Wabaunsee County",1,74,53,28,25
050,20,197,"Kansas","Wabaunsee County",1,75,50,24,26
050,20,197,"Kansas","Wabaunsee County",1,76,44,20,24
050,20,197,"Kansas","Wabaunsee County",1,77,57,30,27
050,20,197,"Kansas","Wabaunsee County",1,78,51,25,26
050,20,197,"Kansas","Wabaunsee County",1,79,37,17,20
050,20,197,"Kansas","Wabaunsee County",1,80,35,13,22
050,20,197,"Kansas","Wabaunsee County",1,81,28,12,16
050,20,197,"Kansas","Wabaunsee County",1,82,29,15,14
050,20,197,"Kansas","Wabaunsee County",1,83,34,18,16
050,20,197,"Kansas","Wabaunsee County",1,84,36,15,21
050,20,197,"Kansas","Wabaunsee County",1,85,158,55,103
050,20,197,"Kansas","Wabaunsee County",2,0,71,36,35
050,20,197,"Kansas","Wabaunsee County",2,1,69,34,35
050,20,197,"Kansas","Wabaunsee County",2,2,78,43,35
050,20,197,"Kansas","Wabaunsee County",2,3,73,41,32
050,20,197,"Kansas","Wabaunsee County",2,4,78,40,38
050,20,197,"Kansas","Wabaunsee County",2,5,90,48,42
050,20,197,"Kansas","Wabaunsee County",2,6,97,50,47
050,20,197,"Kansas","Wabaunsee County",2,7,100,51,49
050,20,197,"Kansas","Wabaunsee County",2,8,88,49,39
050,20,197,"Kansas","Wabaunsee County",2,9,90,49,41
050,20,197,"Kansas","Wabaunsee County",2,10,78,45,33
050,20,197,"Kansas","Wabaunsee County",2,11,83,45,38
050,20,197,"Kansas","Wabaunsee County",2,12,91,50,41
050,20,197,"Kansas","Wabaunsee County",2,13,94,50,44
050,20,197,"Kansas","Wabaunsee County",2,14,98,51,47
050,20,197,"Kansas","Wabaunsee County",2,15,96,52,44
050,20,197,"Kansas","Wabaunsee County",2,16,100,55,45
050,20,197,"Kansas","Wabaunsee County",2,17,97,49,48
050,20,197,"Kansas","Wabaunsee County",2,18,93,46,47
050,20,197,"Kansas","Wabaunsee County",2,19,101,53,48
050,20,197,"Kansas","Wabaunsee County",2,20,89,45,44
050,20,197,"Kansas","Wabaunsee County",2,21,80,42,38
050,20,197,"Kansas","Wabaunsee County",2,22,76,38,38
050,20,197,"Kansas","Wabaunsee County",2,23,72,35,37
050,20,197,"Kansas","Wabaunsee County",2,24,71,36,35
050,20,197,"Kansas","Wabaunsee County",2,25,61,32,29
050,20,197,"Kansas","Wabaunsee County",2,26,66,29,37
050,20,197,"Kansas","Wabaunsee County",2,27,69,33,36
050,20,197,"Kansas","Wabaunsee County",2,28,68,32,36
050,20,197,"Kansas","Wabaunsee County",2,29,69,33,36
050,20,197,"Kansas","Wabaunsee County",2,30,64,35,29
050,20,197,"Kansas","Wabaunsee County",2,31,64,38,26
050,20,197,"Kansas","Wabaunsee County",2,32,69,40,29
050,20,197,"Kansas","Wabaunsee County",2,33,75,41,34
050,20,197,"Kansas","Wabaunsee County",2,34,67,36,31
050,20,197,"Kansas","Wabaunsee County",2,35,68,34,34
050,20,197,"Kansas","Wabaunsee County",2,36,66,30,36
050,20,197,"Kansas","Wabaunsee County",2,37,73,36,37
050,20,197,"Kansas","Wabaunsee County",2,38,76,39,37
050,20,197,"Kansas","Wabaunsee County",2,39,79,39,40
050,20,197,"Kansas","Wabaunsee County",2,40,78,39,39
050,20,197,"Kansas","Wabaunsee County",2,41,84,45,39
050,20,197,"Kansas","Wabaunsee County",2,42,86,51,35
050,20,197,"Kansas","Wabaunsee County",2,43,71,37,34
050,20,197,"Kansas","Wabaunsee County",2,44,71,39,32
050,20,197,"Kansas","Wabaunsee County",2,45,69,35,34
050,20,197,"Kansas","Wabaunsee County",2,46,73,37,36
050,20,197,"Kansas","Wabaunsee County",2,47,71,35,36
050,20,197,"Kansas","Wabaunsee County",2,48,81,41,40
050,20,197,"Kansas","Wabaunsee County",2,49,78,38,40
050,20,197,"Kansas","Wabaunsee County",2,50,71,35,36
050,20,197,"Kansas","Wabaunsee County",2,51,75,35,40
050,20,197,"Kansas","Wabaunsee County",2,52,80,33,47
050,20,197,"Kansas","Wabaunsee County",2,53,78,43,35
050,20,197,"Kansas","Wabaunsee County",2,54,81,48,33
050,20,197,"Kansas","Wabaunsee County",2,55,97,54,43
050,20,197,"Kansas","Wabaunsee County",2,56,110,58,52
050,20,197,"Kansas","Wabaunsee County",2,57,119,59,60
050,20,197,"Kansas","Wabaunsee County",2,58,127,62,65
050,20,197,"Kansas","Wabaunsee County",2,59,117,64,53
050,20,197,"Kansas","Wabaunsee County",2,60,112,61,51
050,20,197,"Kansas","Wabaunsee County",2,61,120,62,58
050,20,197,"Kansas","Wabaunsee County",2,62,122,69,53
050,20,197,"Kansas","Wabaunsee County",2,63,120,63,57
050,20,197,"Kansas","Wabaunsee County",2,64,105,51,54
050,20,197,"Kansas","Wabaunsee County",2,65,101,52,49
050,20,197,"Kansas","Wabaunsee County",2,66,100,50,50
050,20,197,"Kansas","Wabaunsee County",2,67,92,42,50
050,20,197,"Kansas","Wabaunsee County",2,68,84,42,42
050,20,197,"Kansas","Wabaunsee County",2,69,86,49,37
050,20,197,"Kansas","Wabaunsee County",2,70,88,48,40
050,20,197,"Kansas","Wabaunsee County",2,71,82,44,38
050,20,197,"Kansas","Wabaunsee County",2,72,83,43,40
050,20,197,"Kansas","Wabaunsee County",2,73,78,42,36
050,20,197,"Kansas","Wabaunsee County",2,74,53,28,25
050,20,197,"Kansas","Wabaunsee County",2,75,51,25,26
050,20,197,"Kansas","Wabaunsee County",2,76,45,21,24
050,20,197,"Kansas","Wabaunsee County",2,77,54,27,27
050,20,197,"Kansas","Wabaunsee County",2,78,50,24,26
050,20,197,"Kansas","Wabaunsee County",2,79,38,17,21
050,20,197,"Kansas","Wabaunsee County",2,80,35,14,21
050,20,197,"Kansas","Wabaunsee County",2,81,29,12,17
050,20,197,"Kansas","Wabaunsee County",2,82,29,14,15
050,20,197,"Kansas","Wabaunsee County",2,83,32,17,15
050,20,197,"Kansas","Wabaunsee County",2,84,35,16,19
050,20,197,"Kansas","Wabaunsee County",2,85,163,57,106
050,20,197,"Kansas","Wabaunsee County",3,0,81,36,45
050,20,197,"Kansas","Wabaunsee County",3,1,70,33,37
050,20,197,"Kansas","Wabaunsee County",3,2,78,40,38
050,20,197,"Kansas","Wabaunsee County",3,3,81,48,33
050,20,197,"Kansas","Wabaunsee County",3,4,83,46,37
050,20,197,"Kansas","Wabaunsee County",3,5,77,35,42
050,20,197,"Kansas","Wabaunsee County",3,6,97,54,43
050,20,197,"Kansas","Wabaunsee County",3,7,95,49,46
050,20,197,"Kansas","Wabaunsee County",3,8,102,52,50
050,20,197,"Kansas","Wabaunsee County",3,9,94,52,42
050,20,197,"Kansas","Wabaunsee County",3,10,91,51,40
050,20,197,"Kansas","Wabaunsee County",3,11,85,50,35
050,20,197,"Kansas","Wabaunsee County",3,12,82,44,38
050,20,197,"Kansas","Wabaunsee County",3,13,92,49,43
050,20,197,"Kansas","Wabaunsee County",3,14,91,50,41
050,20,197,"Kansas","Wabaunsee County",3,15,97,51,46
050,20,197,"Kansas","Wabaunsee County",3,16,93,48,45
050,20,197,"Kansas","Wabaunsee County",3,17,99,53,46
050,20,197,"Kansas","Wabaunsee County",3,18,92,49,43
050,20,197,"Kansas","Wabaunsee County",3,19,99,49,50
050,20,197,"Kansas","Wabaunsee County",3,20,84,45,39
050,20,197,"Kansas","Wabaunsee County",3,21,84,43,41
050,20,197,"Kansas","Wabaunsee County",3,22,81,35,46
050,20,197,"Kansas","Wabaunsee County",3,23,80,37,43
050,20,197,"Kansas","Wabaunsee County",3,24,72,35,37
050,20,197,"Kansas","Wabaunsee County",3,25,65,32,33
050,20,197,"Kansas","Wabaunsee County",3,26,58,32,26
050,20,197,"Kansas","Wabaunsee County",3,27,69,29,40
050,20,197,"Kansas","Wabaunsee County",3,28,70,34,36
050,20,197,"Kansas","Wabaunsee County",3,29,69,32,37
050,20,197,"Kansas","Wabaunsee County",3,30,65,35,30
050,20,197,"Kansas","Wabaunsee County",3,31,71,40,31
050,20,197,"Kansas","Wabaunsee County",3,32,69,39,30
050,20,197,"Kansas","Wabaunsee County",3,33,76,42,34
050,20,197,"Kansas","Wabaunsee County",3,34,84,44,40
050,20,197,"Kansas","Wabaunsee County",3,35,79,44,35
050,20,197,"Kansas","Wabaunsee County",3,36,68,34,34
050,20,197,"Kansas","Wabaunsee County",3,37,67,31,36
050,20,197,"Kansas","Wabaunsee County",3,38,74,37,37
050,20,197,"Kansas","Wabaunsee County",3,39,80,42,38
050,20,197,"Kansas","Wabaunsee County",3,40,77,40,37
050,20,197,"Kansas","Wabaunsee County",3,41,76,36,40
050,20,197,"Kansas","Wabaunsee County",3,42,88,48,40
050,20,197,"Kansas","Wabaunsee County",3,43,80,46,34
050,20,197,"Kansas","Wabaunsee County",3,44,71,37,34
050,20,197,"Kansas","Wabaunsee County",3,45,73,41,32
050,20,197,"Kansas","Wabaunsee County",3,46,67,34,33
050,20,197,"Kansas","Wabaunsee County",3,47,75,40,35
050,20,197,"Kansas","Wabaunsee County",3,48,73,36,37
050,20,197,"Kansas","Wabaunsee County",3,49,80,41,39
050,20,197,"Kansas","Wabaunsee County",3,50,79,42,37
050,20,197,"Kansas","Wabaunsee County",3,51,73,37,36
050,20,197,"Kansas","Wabaunsee County",3,52,71,31,40
050,20,197,"Kansas","Wabaunsee County",3,53,82,34,48
050,20,197,"Kansas","Wabaunsee County",3,54,82,45,37
050,20,197,"Kansas","Wabaunsee County",3,55,85,49,36
050,20,197,"Kansas","Wabaunsee County",3,56,100,55,45
050,20,197,"Kansas","Wabaunsee County",3,57,113,59,54
050,20,197,"Kansas","Wabaunsee County",3,58,118,56,62
050,20,197,"Kansas","Wabaunsee County",3,59,116,56,60
050,20,197,"Kansas","Wabaunsee County",3,60,113,62,51
050,20,197,"Kansas","Wabaunsee County",3,61,115,59,56
050,20,197,"Kansas","Wabaunsee County",3,62,112,59,53
050,20,197,"Kansas","Wabaunsee County",3,63,125,71,54
050,20,197,"Kansas","Wabaunsee County",3,64,120,62,58
050,20,197,"Kansas","Wabaunsee County",3,65,109,55,54
050,20,197,"Kansas","Wabaunsee County",3,66,98,49,49
050,20,197,"Kansas","Wabaunsee County",3,67,102,50,52
050,20,197,"Kansas","Wabaunsee County",3,68,91,41,50
050,20,197,"Kansas","Wabaunsee County",3,69,87,44,43
050,20,197,"Kansas","Wabaunsee County",3,70,85,46,39
050,20,197,"Kansas","Wabaunsee County",3,71,87,48,39
050,20,197,"Kansas","Wabaunsee County",3,72,81,42,39
050,20,197,"Kansas","Wabaunsee County",3,73,79,41,38
050,20,197,"Kansas","Wabaunsee County",3,74,76,40,36
050,20,197,"Kansas","Wabaunsee County",3,75,51,28,23
050,20,197,"Kansas","Wabaunsee County",3,76,46,22,24
050,20,197,"Kansas","Wabaunsee County",3,77,43,20,23
050,20,197,"Kansas","Wabaunsee County",3,78,50,25,25
050,20,197,"Kansas","Wabaunsee County",3,79,45,22,23
050,20,197,"Kansas","Wabaunsee County",3,80,37,18,19
050,20,197,"Kansas","Wabaunsee County",3,81,32,12,20
050,20,197,"Kansas","Wabaunsee County",3,82,30,11,19
050,20,197,"Kansas","Wabaunsee County",3,83,25,13,12
050,20,197,"Kansas","Wabaunsee County",3,84,32,17,15
050,20,197,"Kansas","Wabaunsee County",3,85,176,61,115
050,20,197,"Kansas","Wabaunsee County",4,0,86,44,42
050,20,197,"Kansas","Wabaunsee County",4,1,92,45,47
050,20,197,"Kansas","Wabaunsee County",4,2,77,36,41
050,20,197,"Kansas","Wabaunsee County",4,3,82,43,39
050,20,197,"Kansas","Wabaunsee County",4,4,78,46,32
050,20,197,"Kansas","Wabaunsee County",4,5,88,52,36
050,20,197,"Kansas","Wabaunsee County",4,6,75,35,40
050,20,197,"Kansas","Wabaunsee County",4,7,101,55,46
050,20,197,"Kansas","Wabaunsee County",4,8,85,39,46
050,20,197,"Kansas","Wabaunsee County",4,9,102,52,50
050,20,197,"Kansas","Wabaunsee County",4,10,95,51,44
050,20,197,"Kansas","Wabaunsee County",4,11,90,50,40
050,20,197,"Kansas","Wabaunsee County",4,12,87,48,39
050,20,197,"Kansas","Wabaunsee County",4,13,85,47,38
050,20,197,"Kansas","Wabaunsee County",4,14,84,47,37
050,20,197,"Kansas","Wabaunsee County",4,15,95,51,44
050,20,197,"Kansas","Wabaunsee County",4,16,98,52,46
050,20,197,"Kansas","Wabaunsee County",4,17,97,53,44
050,20,197,"Kansas","Wabaunsee County",4,18,103,57,46
050,20,197,"Kansas","Wabaunsee County",4,19,94,52,42
050,20,197,"Kansas","Wabaunsee County",4,20,89,43,46
050,20,197,"Kansas","Wabaunsee County",4,21,81,44,37
050,20,197,"Kansas","Wabaunsee County",4,22,85,39,46
050,20,197,"Kansas","Wabaunsee County",4,23,76,38,38
050,20,197,"Kansas","Wabaunsee County",4,24,79,42,37
050,20,197,"Kansas","Wabaunsee County",4,25,71,34,37
050,20,197,"Kansas","Wabaunsee County",4,26,69,36,33
050,20,197,"Kansas","Wabaunsee County",4,27,62,32,30
050,20,197,"Kansas","Wabaunsee County",4,28,61,27,34
050,20,197,"Kansas","Wabaunsee County",4,29,79,33,46
050,20,197,"Kansas","Wabaunsee County",4,30,77,39,38
050,20,197,"Kansas","Wabaunsee County",4,31,65,33,32
050,20,197,"Kansas","Wabaunsee County",4,32,71,40,31
050,20,197,"Kansas","Wabaunsee County",4,33,60,33,27
050,20,197,"Kansas","Wabaunsee County",4,34,77,45,32
050,20,197,"Kansas","Wabaunsee County",4,35,91,48,43
050,20,197,"Kansas","Wabaunsee County",4,36,72,42,30
050,20,197,"Kansas","Wabaunsee County",4,37,65,33,32
050,20,197,"Kansas","Wabaunsee County",4,38,69,33,36
050,20,197,"Kansas","Wabaunsee County",4,39,71,37,34
050,20,197,"Kansas","Wabaunsee County",4,40,80,39,41
050,20,197,"Kansas","Wabaunsee County",4,41,84,45,39
050,20,197,"Kansas","Wabaunsee County",4,42,80,38,42
050,20,197,"Kansas","Wabaunsee County",4,43,84,43,41
050,20,197,"Kansas","Wabaunsee County",4,44,83,45,38
050,20,197,"Kansas","Wabaunsee County",4,45,71,37,34
050,20,197,"Kansas","Wabaunsee County",4,46,78,45,33
050,20,197,"Kansas","Wabaunsee County",4,47,67,35,32
050,20,197,"Kansas","Wabaunsee County",4,48,79,40,39
050,20,197,"Kansas","Wabaunsee County",4,49,76,38,38
050,20,197,"Kansas","Wabaunsee County",4,50,81,42,39
050,20,197,"Kansas","Wabaunsee County",4,51,84,46,38
050,20,197,"Kansas","Wabaunsee County",4,52,76,35,41
050,20,197,"Kansas","Wabaunsee County",4,53,68,33,35
050,20,197,"Kansas","Wabaunsee County",4,54,77,34,43
050,20,197,"Kansas","Wabaunsee County",4,55,80,44,36
050,20,197,"Kansas","Wabaunsee County",4,56,89,50,39
050,20,197,"Kansas","Wabaunsee County",4,57,94,51,43
050,20,197,"Kansas","Wabaunsee County",4,58,117,59,58
050,20,197,"Kansas","Wabaunsee County",4,59,111,52,59
050,20,197,"Kansas","Wabaunsee County",4,60,115,54,61
050,20,197,"Kansas","Wabaunsee County",4,61,116,63,53
050,20,197,"Kansas","Wabaunsee County",4,62,110,56,54
050,20,197,"Kansas","Wabaunsee County",4,63,110,59,51
050,20,197,"Kansas","Wabaunsee County",4,64,123,66,57
050,20,197,"Kansas","Wabaunsee County",4,65,123,66,57
050,20,197,"Kansas","Wabaunsee County",4,66,104,50,54
050,20,197,"Kansas","Wabaunsee County",4,67,96,47,49
050,20,197,"Kansas","Wabaunsee County",4,68,99,48,51
050,20,197,"Kansas","Wabaunsee County",4,69,94,43,51
050,20,197,"Kansas","Wabaunsee County",4,70,86,42,44
050,20,197,"Kansas","Wabaunsee County",4,71,88,48,40
050,20,197,"Kansas","Wabaunsee County",4,72,87,47,40
050,20,197,"Kansas","Wabaunsee County",4,73,77,40,37
050,20,197,"Kansas","Wabaunsee County",4,74,79,42,37
050,20,197,"Kansas","Wabaunsee County",4,75,73,37,36
050,20,197,"Kansas","Wabaunsee County",4,76,48,25,23
050,20,197,"Kansas","Wabaunsee County",4,77,39,18,21
050,20,197,"Kansas","Wabaunsee County",4,78,41,20,21
050,20,197,"Kansas","Wabaunsee County",4,79,45,24,21
050,20,197,"Kansas","Wabaunsee County",4,80,43,20,23
050,20,197,"Kansas","Wabaunsee County",4,81,35,17,18
050,20,197,"Kansas","Wabaunsee County",4,82,28,9,19
050,20,197,"Kansas","Wabaunsee County",4,83,28,10,18
050,20,197,"Kansas","Wabaunsee County",4,84,26,12,14
050,20,197,"Kansas","Wabaunsee County",4,85,173,64,109
050,20,197,"Kansas","Wabaunsee County",5,0,88,46,42
050,20,197,"Kansas","Wabaunsee County",5,1,95,48,47
050,20,197,"Kansas","Wabaunsee County",5,2,94,44,50
050,20,197,"Kansas","Wabaunsee County",5,3,80,40,40
050,20,197,"Kansas","Wabaunsee County",5,4,85,39,46
050,20,197,"Kansas","Wabaunsee County",5,5,85,47,38
050,20,197,"Kansas","Wabaunsee County",5,6,95,54,41
050,20,197,"Kansas","Wabaunsee County",5,7,79,40,39
050,20,197,"Kansas","Wabaunsee County",5,8,108,55,53
050,20,197,"Kansas","Wabaunsee County",5,9,91,42,49
050,20,197,"Kansas","Wabaunsee County",5,10,102,48,54
050,20,197,"Kansas","Wabaunsee County",5,11,97,52,45
050,20,197,"Kansas","Wabaunsee County",5,12,92,52,40
050,20,197,"Kansas","Wabaunsee County",5,13,86,47,39
050,20,197,"Kansas","Wabaunsee County",5,14,79,43,36
050,20,197,"Kansas","Wabaunsee County",5,15,89,49,40
050,20,197,"Kansas","Wabaunsee County",5,16,91,53,38
050,20,197,"Kansas","Wabaunsee County",5,17,98,50,48
050,20,197,"Kansas","Wabaunsee County",5,18,99,55,44
050,20,197,"Kansas","Wabaunsee County",5,19,98,55,43
050,20,197,"Kansas","Wabaunsee County",5,20,86,46,40
050,20,197,"Kansas","Wabaunsee County",5,21,80,41,39
050,20,197,"Kansas","Wabaunsee County",5,22,72,37,35
050,20,197,"Kansas","Wabaunsee County",5,23,84,42,42
050,20,197,"Kansas","Wabaunsee County",5,24,78,41,37
050,20,197,"Kansas","Wabaunsee County",5,25,75,41,34
050,20,197,"Kansas","Wabaunsee County",5,26,70,31,39
050,20,197,"Kansas","Wabaunsee County",5,27,75,38,37
050,20,197,"Kansas","Wabaunsee County",5,28,58,28,30
050,20,197,"Kansas","Wabaunsee County",5,29,70,32,38
050,20,197,"Kansas","Wabaunsee County",5,30,72,31,41
050,20,197,"Kansas","Wabaunsee County",5,31,75,41,34
050,20,197,"Kansas","Wabaunsee County",5,32,81,40,41
050,20,197,"Kansas","Wabaunsee County",5,33,68,35,33
050,20,197,"Kansas","Wabaunsee County",5,34,60,33,27
050,20,197,"Kansas","Wabaunsee County",5,35,76,44,32
050,20,197,"Kansas","Wabaunsee County",5,36,87,47,40
050,20,197,"Kansas","Wabaunsee County",5,37,74,46,28
050,20,197,"Kansas","Wabaunsee County",5,38,73,36,37
050,20,197,"Kansas","Wabaunsee County",5,39,68,30,38
050,20,197,"Kansas","Wabaunsee County",5,40,73,37,36
050,20,197,"Kansas","Wabaunsee County",5,41,83,43,40
050,20,197,"Kansas","Wabaunsee County",5,42,86,47,39
050,20,197,"Kansas","Wabaunsee County",5,43,73,36,37
050,20,197,"Kansas","Wabaunsee County",5,44,86,44,42
050,20,197,"Kansas","Wabaunsee County",5,45,85,46,39
050,20,197,"Kansas","Wabaunsee County",5,46,71,37,34
050,20,197,"Kansas","Wabaunsee County",5,47,79,42,37
050,20,197,"Kansas","Wabaunsee County",5,48,70,34,36
050,20,197,"Kansas","Wabaunsee County",5,49,76,38,38
050,20,197,"Kansas","Wabaunsee County",5,50,78,41,37
050,20,197,"Kansas","Wabaunsee County",5,51,87,48,39
050,20,197,"Kansas","Wabaunsee County",5,52,84,44,40
050,20,197,"Kansas","Wabaunsee County",5,53,74,37,37
050,20,197,"Kansas","Wabaunsee County",5,54,70,34,36
050,20,197,"Kansas","Wabaunsee County",5,55,74,32,42
050,20,197,"Kansas","Wabaunsee County",5,56,88,46,42
050,20,197,"Kansas","Wabaunsee County",5,57,89,49,40
050,20,197,"Kansas","Wabaunsee County",5,58,98,53,45
050,20,197,"Kansas","Wabaunsee County",5,59,112,56,56
050,20,197,"Kansas","Wabaunsee County",5,60,111,51,60
050,20,197,"Kansas","Wabaunsee County",5,61,114,53,61
050,20,197,"Kansas","Wabaunsee County",5,62,111,60,51
050,20,197,"Kansas","Wabaunsee County",5,63,109,59,50
050,20,197,"Kansas","Wabaunsee County",5,64,103,54,49
050,20,197,"Kansas","Wabaunsee County",5,65,129,72,57
050,20,197,"Kansas","Wabaunsee County",5,66,112,57,55
050,20,197,"Kansas","Wabaunsee County",5,67,101,52,49
050,20,197,"Kansas","Wabaunsee County",5,68,91,42,49
050,20,197,"Kansas","Wabaunsee County",5,69,100,49,51
050,20,197,"Kansas","Wabaunsee County",5,70,99,42,57
050,20,197,"Kansas","Wabaunsee County",5,71,86,43,43
050,20,197,"Kansas","Wabaunsee County",5,72,90,50,40
050,20,197,"Kansas","Wabaunsee County",5,73,83,44,39
050,20,197,"Kansas","Wabaunsee County",5,74,75,37,38
050,20,197,"Kansas","Wabaunsee County",5,75,74,37,37
050,20,197,"Kansas","Wabaunsee County",5,76,68,33,35
050,20,197,"Kansas","Wabaunsee County",5,77,43,25,18
050,20,197,"Kansas","Wabaunsee County",5,78,36,17,19
050,20,197,"Kansas","Wabaunsee County",5,79,37,19,18
050,20,197,"Kansas","Wabaunsee County",5,80,45,23,22
050,20,197,"Kansas","Wabaunsee County",5,81,38,18,20
050,20,197,"Kansas","Wabaunsee County",5,82,33,15,18
050,20,197,"Kansas","Wabaunsee County",5,83,26,8,18
050,20,197,"Kansas","Wabaunsee County",5,84,29,9,20
050,20,197,"Kansas","Wabaunsee County",5,85,165,64,101
050,20,199,"Kansas","Wallace County",1,0,31,15,16
050,20,199,"Kansas","Wallace County",1,1,34,16,18
050,20,199,"Kansas","Wallace County",1,2,23,13,10
050,20,199,"Kansas","Wallace County",1,3,22,15,7
050,20,199,"Kansas","Wallace County",1,4,22,11,11
050,20,199,"Kansas","Wallace County",1,5,24,10,14
050,20,199,"Kansas","Wallace County",1,6,20,8,12
050,20,199,"Kansas","Wallace County",1,7,23,9,14
050,20,199,"Kansas","Wallace County",1,8,22,9,13
050,20,199,"Kansas","Wallace County",1,9,21,10,11
050,20,199,"Kansas","Wallace County",1,10,19,10,9
050,20,199,"Kansas","Wallace County",1,11,20,11,9
050,20,199,"Kansas","Wallace County",1,12,17,6,11
050,20,199,"Kansas","Wallace County",1,13,17,6,11
050,20,199,"Kansas","Wallace County",1,14,25,11,14
050,20,199,"Kansas","Wallace County",1,15,19,8,11
050,20,199,"Kansas","Wallace County",1,16,19,9,10
050,20,199,"Kansas","Wallace County",1,17,18,7,11
050,20,199,"Kansas","Wallace County",1,18,15,9,6
050,20,199,"Kansas","Wallace County",1,19,18,11,7
050,20,199,"Kansas","Wallace County",1,20,14,9,5
050,20,199,"Kansas","Wallace County",1,21,20,13,7
050,20,199,"Kansas","Wallace County",1,22,13,8,5
050,20,199,"Kansas","Wallace County",1,23,16,9,7
050,20,199,"Kansas","Wallace County",1,24,10,7,3
050,20,199,"Kansas","Wallace County",1,25,14,7,7
050,20,199,"Kansas","Wallace County",1,26,16,9,7
050,20,199,"Kansas","Wallace County",1,27,14,8,6
050,20,199,"Kansas","Wallace County",1,28,21,9,12
050,20,199,"Kansas","Wallace County",1,29,15,8,7
050,20,199,"Kansas","Wallace County",1,30,13,4,9
050,20,199,"Kansas","Wallace County",1,31,12,8,4
050,20,199,"Kansas","Wallace County",1,32,16,10,6
050,20,199,"Kansas","Wallace County",1,33,17,10,7
050,20,199,"Kansas","Wallace County",1,34,18,10,8
050,20,199,"Kansas","Wallace County",1,35,17,7,10
050,20,199,"Kansas","Wallace County",1,36,13,6,7
050,20,199,"Kansas","Wallace County",1,37,11,4,7
050,20,199,"Kansas","Wallace County",1,38,12,6,6
050,20,199,"Kansas","Wallace County",1,39,18,10,8
050,20,199,"Kansas","Wallace County",1,40,18,7,11
050,20,199,"Kansas","Wallace County",1,41,15,8,7
050,20,199,"Kansas","Wallace County",1,42,12,7,5
050,20,199,"Kansas","Wallace County",1,43,16,10,6
050,20,199,"Kansas","Wallace County",1,44,11,6,5
050,20,199,"Kansas","Wallace County",1,45,10,4,6
050,20,199,"Kansas","Wallace County",1,46,10,5,5
050,20,199,"Kansas","Wallace County",1,47,11,7,4
050,20,199,"Kansas","Wallace County",1,48,13,9,4
050,20,199,"Kansas","Wallace County",1,49,15,7,8
050,20,199,"Kansas","Wallace County",1,50,13,5,8
050,20,199,"Kansas","Wallace County",1,51,12,8,4
050,20,199,"Kansas","Wallace County",1,52,15,10,5
050,20,199,"Kansas","Wallace County",1,53,13,5,8
050,20,199,"Kansas","Wallace County",1,54,17,7,10
050,20,199,"Kansas","Wallace County",1,55,20,10,10
050,20,199,"Kansas","Wallace County",1,56,25,15,10
050,20,199,"Kansas","Wallace County",1,57,16,9,7
050,20,199,"Kansas","Wallace County",1,58,25,12,13
050,20,199,"Kansas","Wallace County",1,59,25,9,16
050,20,199,"Kansas","Wallace County",1,60,22,9,13
050,20,199,"Kansas","Wallace County",1,61,25,15,10
050,20,199,"Kansas","Wallace County",1,62,27,16,11
050,20,199,"Kansas","Wallace County",1,63,22,14,8
050,20,199,"Kansas","Wallace County",1,64,23,16,7
050,20,199,"Kansas","Wallace County",1,65,20,10,10
050,20,199,"Kansas","Wallace County",1,66,20,11,9
050,20,199,"Kansas","Wallace County",1,67,18,9,9
050,20,199,"Kansas","Wallace County",1,68,17,7,10
050,20,199,"Kansas","Wallace County",1,69,22,9,13
050,20,199,"Kansas","Wallace County",1,70,18,11,7
050,20,199,"Kansas","Wallace County",1,71,13,6,7
050,20,199,"Kansas","Wallace County",1,72,16,7,9
050,20,199,"Kansas","Wallace County",1,73,19,10,9
050,20,199,"Kansas","Wallace County",1,74,13,10,3
050,20,199,"Kansas","Wallace County",1,75,16,11,5
050,20,199,"Kansas","Wallace County",1,76,14,7,7
050,20,199,"Kansas","Wallace County",1,77,10,5,5
050,20,199,"Kansas","Wallace County",1,78,9,6,3
050,20,199,"Kansas","Wallace County",1,79,6,4,2
050,20,199,"Kansas","Wallace County",1,80,8,4,4
050,20,199,"Kansas","Wallace County",1,81,8,2,6
050,20,199,"Kansas","Wallace County",1,82,11,3,8
050,20,199,"Kansas","Wallace County",1,83,9,4,5
050,20,199,"Kansas","Wallace County",1,84,11,4,7
050,20,199,"Kansas","Wallace County",1,85,74,25,49
050,20,199,"Kansas","Wallace County",2,0,30,16,14
050,20,199,"Kansas","Wallace County",2,1,33,16,17
050,20,199,"Kansas","Wallace County",2,2,26,14,12
050,20,199,"Kansas","Wallace County",2,3,22,14,8
050,20,199,"Kansas","Wallace County",2,4,23,13,10
050,20,199,"Kansas","Wallace County",2,5,23,10,13
050,20,199,"Kansas","Wallace County",2,6,22,9,13
050,20,199,"Kansas","Wallace County",2,7,22,9,13
050,20,199,"Kansas","Wallace County",2,8,22,9,13
050,20,199,"Kansas","Wallace County",2,9,20,9,11
050,20,199,"Kansas","Wallace County",2,10,20,10,10
050,20,199,"Kansas","Wallace County",2,11,20,11,9
050,20,199,"Kansas","Wallace County",2,12,17,7,10
050,20,199,"Kansas","Wallace County",2,13,18,6,12
050,20,199,"Kansas","Wallace County",2,14,23,10,13
050,20,199,"Kansas","Wallace County",2,15,21,9,12
050,20,199,"Kansas","Wallace County",2,16,18,9,9
050,20,199,"Kansas","Wallace County",2,17,17,7,10
050,20,199,"Kansas","Wallace County",2,18,16,9,7
050,20,199,"Kansas","Wallace County",2,19,16,10,6
050,20,199,"Kansas","Wallace County",2,20,14,9,5
050,20,199,"Kansas","Wallace County",2,21,18,12,6
050,20,199,"Kansas","Wallace County",2,22,14,9,5
050,20,199,"Kansas","Wallace County",2,23,15,9,6
050,20,199,"Kansas","Wallace County",2,24,11,7,4
050,20,199,"Kansas","Wallace County",2,25,13,7,6
050,20,199,"Kansas","Wallace County",2,26,16,9,7
050,20,199,"Kansas","Wallace County",2,27,14,7,7
050,20,199,"Kansas","Wallace County",2,28,20,9,11
050,20,199,"Kansas","Wallace County",2,29,16,8,8
050,20,199,"Kansas","Wallace County",2,30,13,5,8
050,20,199,"Kansas","Wallace County",2,31,13,8,5
050,20,199,"Kansas","Wallace County",2,32,15,9,6
050,20,199,"Kansas","Wallace County",2,33,17,10,7
050,20,199,"Kansas","Wallace County",2,34,18,10,8
050,20,199,"Kansas","Wallace County",2,35,17,8,9
050,20,199,"Kansas","Wallace County",2,36,14,6,8
050,20,199,"Kansas","Wallace County",2,37,12,5,7
050,20,199,"Kansas","Wallace County",2,38,12,5,7
050,20,199,"Kansas","Wallace County",2,39,17,9,8
050,20,199,"Kansas","Wallace County",2,40,18,8,10
050,20,199,"Kansas","Wallace County",2,41,16,8,8
050,20,199,"Kansas","Wallace County",2,42,12,7,5
050,20,199,"Kansas","Wallace County",2,43,16,10,6
050,20,199,"Kansas","Wallace County",2,44,12,7,5
050,20,199,"Kansas","Wallace County",2,45,11,5,6
050,20,199,"Kansas","Wallace County",2,46,10,5,5
050,20,199,"Kansas","Wallace County",2,47,11,6,5
050,20,199,"Kansas","Wallace County",2,48,13,9,4
050,20,199,"Kansas","Wallace County",2,49,14,7,7
050,20,199,"Kansas","Wallace County",2,50,13,5,8
050,20,199,"Kansas","Wallace County",2,51,13,8,5
050,20,199,"Kansas","Wallace County",2,52,15,10,5
050,20,199,"Kansas","Wallace County",2,53,12,5,7
050,20,199,"Kansas","Wallace County",2,54,16,7,9
050,20,199,"Kansas","Wallace County",2,55,18,8,10
050,20,199,"Kansas","Wallace County",2,56,23,13,10
050,20,199,"Kansas","Wallace County",2,57,18,10,8
050,20,199,"Kansas","Wallace County",2,58,22,11,11
050,20,199,"Kansas","Wallace County",2,59,25,10,15
050,20,199,"Kansas","Wallace County",2,60,22,9,13
050,20,199,"Kansas","Wallace County",2,61,25,14,11
050,20,199,"Kansas","Wallace County",2,62,27,16,11
050,20,199,"Kansas","Wallace County",2,63,24,15,9
050,20,199,"Kansas","Wallace County",2,64,23,16,7
050,20,199,"Kansas","Wallace County",2,65,20,11,9
050,20,199,"Kansas","Wallace County",2,66,20,11,9
050,20,199,"Kansas","Wallace County",2,67,18,9,9
050,20,199,"Kansas","Wallace County",2,68,16,7,9
050,20,199,"Kansas","Wallace County",2,69,21,9,12
050,20,199,"Kansas","Wallace County",2,70,18,10,8
050,20,199,"Kansas","Wallace County",2,71,14,7,7
050,20,199,"Kansas","Wallace County",2,72,15,7,8
050,20,199,"Kansas","Wallace County",2,73,20,10,10
050,20,199,"Kansas","Wallace County",2,74,12,9,3
050,20,199,"Kansas","Wallace County",2,75,16,11,5
050,20,199,"Kansas","Wallace County",2,76,15,8,7
050,20,199,"Kansas","Wallace County",2,77,12,6,6
050,20,199,"Kansas","Wallace County",2,78,9,6,3
050,20,199,"Kansas","Wallace County",2,79,6,4,2
050,20,199,"Kansas","Wallace County",2,80,7,4,3
050,20,199,"Kansas","Wallace County",2,81,8,3,5
050,20,199,"Kansas","Wallace County",2,82,11,3,8
050,20,199,"Kansas","Wallace County",2,83,10,4,6
050,20,199,"Kansas","Wallace County",2,84,11,4,7
050,20,199,"Kansas","Wallace County",2,85,76,25,51
050,20,199,"Kansas","Wallace County",3,0,24,14,10
050,20,199,"Kansas","Wallace County",3,1,36,18,18
050,20,199,"Kansas","Wallace County",3,2,38,17,21
050,20,199,"Kansas","Wallace County",3,3,28,15,13
050,20,199,"Kansas","Wallace County",3,4,22,15,7
050,20,199,"Kansas","Wallace County",3,5,24,13,11
050,20,199,"Kansas","Wallace County",3,6,21,7,14
050,20,199,"Kansas","Wallace County",3,7,22,9,13
050,20,199,"Kansas","Wallace County",3,8,23,10,13
050,20,199,"Kansas","Wallace County",3,9,24,8,16
050,20,199,"Kansas","Wallace County",3,10,19,9,10
050,20,199,"Kansas","Wallace County",3,11,20,8,12
050,20,199,"Kansas","Wallace County",3,12,19,10,9
050,20,199,"Kansas","Wallace County",3,13,17,8,9
050,20,199,"Kansas","Wallace County",3,14,17,5,12
050,20,199,"Kansas","Wallace County",3,15,22,10,12
050,20,199,"Kansas","Wallace County",3,16,22,9,13
050,20,199,"Kansas","Wallace County",3,17,18,9,9
050,20,199,"Kansas","Wallace County",3,18,15,6,9
050,20,199,"Kansas","Wallace County",3,19,13,7,6
050,20,199,"Kansas","Wallace County",3,20,14,9,5
050,20,199,"Kansas","Wallace County",3,21,16,10,6
050,20,199,"Kansas","Wallace County",3,22,18,13,5
050,20,199,"Kansas","Wallace County",3,23,15,10,5
050,20,199,"Kansas","Wallace County",3,24,15,9,6
050,20,199,"Kansas","Wallace County",3,25,9,5,4
050,20,199,"Kansas","Wallace County",3,26,14,10,4
050,20,199,"Kansas","Wallace County",3,27,16,9,7
050,20,199,"Kansas","Wallace County",3,28,15,8,7
050,20,199,"Kansas","Wallace County",3,29,21,10,11
050,20,199,"Kansas","Wallace County",3,30,17,7,10
050,20,199,"Kansas","Wallace County",3,31,15,5,10
050,20,199,"Kansas","Wallace County",3,32,15,10,5
050,20,199,"Kansas","Wallace County",3,33,14,10,4
050,20,199,"Kansas","Wallace County",3,34,19,11,8
050,20,199,"Kansas","Wallace County",3,35,19,11,8
050,20,199,"Kansas","Wallace County",3,36,14,6,8
050,20,199,"Kansas","Wallace County",3,37,12,6,6
050,20,199,"Kansas","Wallace County",3,38,12,6,6
050,20,199,"Kansas","Wallace County",3,39,11,4,7
050,20,199,"Kansas","Wallace County",3,40,18,9,9
050,20,199,"Kansas","Wallace County",3,41,17,8,9
050,20,199,"Kansas","Wallace County",3,42,14,6,8
050,20,199,"Kansas","Wallace County",3,43,12,7,5
050,20,199,"Kansas","Wallace County",3,44,16,10,6
050,20,199,"Kansas","Wallace County",3,45,12,7,5
050,20,199,"Kansas","Wallace County",3,46,10,4,6
050,20,199,"Kansas","Wallace County",3,47,10,5,5
050,20,199,"Kansas","Wallace County",3,48,11,6,5
050,20,199,"Kansas","Wallace County",3,49,13,9,4
050,20,199,"Kansas","Wallace County",3,50,13,6,7
050,20,199,"Kansas","Wallace County",3,51,13,5,8
050,20,199,"Kansas","Wallace County",3,52,13,8,5
050,20,199,"Kansas","Wallace County",3,53,15,10,5
050,20,199,"Kansas","Wallace County",3,54,13,6,7
050,20,199,"Kansas","Wallace County",3,55,15,7,8
050,20,199,"Kansas","Wallace County",3,56,19,9,10
050,20,199,"Kansas","Wallace County",3,57,18,11,7
050,20,199,"Kansas","Wallace County",3,58,18,10,8
050,20,199,"Kansas","Wallace County",3,59,22,10,12
050,20,199,"Kansas","Wallace County",3,60,23,8,15
050,20,199,"Kansas","Wallace County",3,61,22,9,13
050,20,199,"Kansas","Wallace County",3,62,23,12,11
050,20,199,"Kansas","Wallace County",3,63,27,16,11
050,20,199,"Kansas","Wallace County",3,64,24,15,9
050,20,199,"Kansas","Wallace County",3,65,24,16,8
050,20,199,"Kansas","Wallace County",3,66,19,10,9
050,20,199,"Kansas","Wallace County",3,67,21,12,9
050,20,199,"Kansas","Wallace County",3,68,18,9,9
050,20,199,"Kansas","Wallace County",3,69,16,7,9
050,20,199,"Kansas","Wallace County",3,70,21,9,12
050,20,199,"Kansas","Wallace County",3,71,18,10,8
050,20,199,"Kansas","Wallace County",3,72,14,7,7
050,20,199,"Kansas","Wallace County",3,73,15,7,8
050,20,199,"Kansas","Wallace County",3,74,19,9,10
050,20,199,"Kansas","Wallace County",3,75,12,9,3
050,20,199,"Kansas","Wallace County",3,76,16,10,6
050,20,199,"Kansas","Wallace County",3,77,14,7,7
050,20,199,"Kansas","Wallace County",3,78,11,5,6
050,20,199,"Kansas","Wallace County",3,79,9,6,3
050,20,199,"Kansas","Wallace County",3,80,6,4,2
050,20,199,"Kansas","Wallace County",3,81,4,2,2
050,20,199,"Kansas","Wallace County",3,82,6,1,5
050,20,199,"Kansas","Wallace County",3,83,11,3,8
050,20,199,"Kansas","Wallace County",3,84,8,4,4
050,20,199,"Kansas","Wallace County",3,85,75,26,49
050,20,199,"Kansas","Wallace County",4,0,25,8,17
050,20,199,"Kansas","Wallace County",4,1,23,13,10
050,20,199,"Kansas","Wallace County",4,2,33,18,15
050,20,199,"Kansas","Wallace County",4,3,34,17,17
050,20,199,"Kansas","Wallace County",4,4,27,16,11
050,20,199,"Kansas","Wallace County",4,5,19,12,7
050,20,199,"Kansas","Wallace County",4,6,18,8,10
050,20,199,"Kansas","Wallace County",4,7,23,8,15
050,20,199,"Kansas","Wallace County",4,8,22,8,14
050,20,199,"Kansas","Wallace County",4,9,19,9,10
050,20,199,"Kansas","Wallace County",4,10,25,9,16
050,20,199,"Kansas","Wallace County",4,11,20,10,10
050,20,199,"Kansas","Wallace County",4,12,20,8,12
050,20,199,"Kansas","Wallace County",4,13,19,10,9
050,20,199,"Kansas","Wallace County",4,14,17,8,9
050,20,199,"Kansas","Wallace County",4,15,19,5,14
050,20,199,"Kansas","Wallace County",4,16,20,8,12
050,20,199,"Kansas","Wallace County",4,17,22,9,13
050,20,199,"Kansas","Wallace County",4,18,15,8,7
050,20,199,"Kansas","Wallace County",4,19,10,4,6
050,20,199,"Kansas","Wallace County",4,20,13,8,5
050,20,199,"Kansas","Wallace County",4,21,14,8,6
050,20,199,"Kansas","Wallace County",4,22,11,7,4
050,20,199,"Kansas","Wallace County",4,23,18,14,4
050,20,199,"Kansas","Wallace County",4,24,12,7,5
050,20,199,"Kansas","Wallace County",4,25,19,12,7
050,20,199,"Kansas","Wallace County",4,26,9,6,3
050,20,199,"Kansas","Wallace County",4,27,12,8,4
050,20,199,"Kansas","Wallace County",4,28,16,9,7
050,20,199,"Kansas","Wallace County",4,29,12,7,5
050,20,199,"Kansas","Wallace County",4,30,20,10,10
050,20,199,"Kansas","Wallace County",4,31,15,6,9
050,20,199,"Kansas","Wallace County",4,32,14,6,8
050,20,199,"Kansas","Wallace County",4,33,14,9,5
050,20,199,"Kansas","Wallace County",4,34,15,10,5
050,20,199,"Kansas","Wallace County",4,35,19,10,9
050,20,199,"Kansas","Wallace County",4,36,21,12,9
050,20,199,"Kansas","Wallace County",4,37,13,5,8
050,20,199,"Kansas","Wallace County",4,38,16,9,7
050,20,199,"Kansas","Wallace County",4,39,14,6,8
050,20,199,"Kansas","Wallace County",4,40,11,4,7
050,20,199,"Kansas","Wallace County",4,41,22,10,12
050,20,199,"Kansas","Wallace County",4,42,17,8,9
050,20,199,"Kansas","Wallace County",4,43,13,6,7
050,20,199,"Kansas","Wallace County",4,44,12,7,5
050,20,199,"Kansas","Wallace County",4,45,15,10,5
050,20,199,"Kansas","Wallace County",4,46,12,6,6
050,20,199,"Kansas","Wallace County",4,47,12,5,7
050,20,199,"Kansas","Wallace County",4,48,9,4,5
050,20,199,"Kansas","Wallace County",4,49,12,7,5
050,20,199,"Kansas","Wallace County",4,50,13,8,5
050,20,199,"Kansas","Wallace County",4,51,12,5,7
050,20,199,"Kansas","Wallace County",4,52,13,5,8
050,20,199,"Kansas","Wallace County",4,53,13,10,3
050,20,199,"Kansas","Wallace County",4,54,20,14,6
050,20,199,"Kansas","Wallace County",4,55,15,8,7
050,20,199,"Kansas","Wallace County",4,56,15,7,8
050,20,199,"Kansas","Wallace County",4,57,19,8,11
050,20,199,"Kansas","Wallace County",4,58,19,13,6
050,20,199,"Kansas","Wallace County",4,59,18,10,8
050,20,199,"Kansas","Wallace County",4,60,22,10,12
050,20,199,"Kansas","Wallace County",4,61,22,7,15
050,20,199,"Kansas","Wallace County",4,62,22,9,13
050,20,199,"Kansas","Wallace County",4,63,25,12,13
050,20,199,"Kansas","Wallace County",4,64,24,13,11
050,20,199,"Kansas","Wallace County",4,65,24,14,10
050,20,199,"Kansas","Wallace County",4,66,25,17,8
050,20,199,"Kansas","Wallace County",4,67,19,10,9
050,20,199,"Kansas","Wallace County",4,68,20,11,9
050,20,199,"Kansas","Wallace County",4,69,18,9,9
050,20,199,"Kansas","Wallace County",4,70,16,7,9
050,20,199,"Kansas","Wallace County",4,71,20,9,11
050,20,199,"Kansas","Wallace County",4,72,18,9,9
050,20,199,"Kansas","Wallace County",4,73,13,6,7
050,20,199,"Kansas","Wallace County",4,74,14,6,8
050,20,199,"Kansas","Wallace County",4,75,17,8,9
050,20,199,"Kansas","Wallace County",4,76,13,9,4
050,20,199,"Kansas","Wallace County",4,77,12,8,4
050,20,199,"Kansas","Wallace County",4,78,15,7,8
050,20,199,"Kansas","Wallace County",4,79,11,5,6
050,20,199,"Kansas","Wallace County",4,80,9,6,3
050,20,199,"Kansas","Wallace County",4,81,7,4,3
050,20,199,"Kansas","Wallace County",4,82,5,3,2
050,20,199,"Kansas","Wallace County",4,83,5,1,4
050,20,199,"Kansas","Wallace County",4,84,10,3,7
050,20,199,"Kansas","Wallace County",4,85,68,22,46
050,20,199,"Kansas","Wallace County",5,0,28,8,20
050,20,199,"Kansas","Wallace County",5,1,25,8,17
050,20,199,"Kansas","Wallace County",5,2,24,14,10
050,20,199,"Kansas","Wallace County",5,3,34,19,15
050,20,199,"Kansas","Wallace County",5,4,33,16,17
050,20,199,"Kansas","Wallace County",5,5,27,16,11
050,20,199,"Kansas","Wallace County",5,6,20,13,7
050,20,199,"Kansas","Wallace County",5,7,21,8,13
050,20,199,"Kansas","Wallace County",5,8,20,7,13
050,20,199,"Kansas","Wallace County",5,9,24,9,15
050,20,199,"Kansas","Wallace County",5,10,21,10,11
050,20,199,"Kansas","Wallace County",5,11,25,9,16
050,20,199,"Kansas","Wallace County",5,12,21,11,10
050,20,199,"Kansas","Wallace County",5,13,22,10,12
050,20,199,"Kansas","Wallace County",5,14,18,10,8
050,20,199,"Kansas","Wallace County",5,15,20,11,9
050,20,199,"Kansas","Wallace County",5,16,19,5,14
050,20,199,"Kansas","Wallace County",5,17,20,8,12
050,20,199,"Kansas","Wallace County",5,18,20,8,12
050,20,199,"Kansas","Wallace County",5,19,10,5,5
050,20,199,"Kansas","Wallace County",5,20,12,4,8
050,20,199,"Kansas","Wallace County",5,21,12,4,8
050,20,199,"Kansas","Wallace County",5,22,13,6,7
050,20,199,"Kansas","Wallace County",5,23,11,7,4
050,20,199,"Kansas","Wallace County",5,24,19,14,5
050,20,199,"Kansas","Wallace County",5,25,14,8,6
050,20,199,"Kansas","Wallace County",5,26,20,12,8
050,20,199,"Kansas","Wallace County",5,27,8,5,3
050,20,199,"Kansas","Wallace County",5,28,15,8,7
050,20,199,"Kansas","Wallace County",5,29,16,10,6
050,20,199,"Kansas","Wallace County",5,30,10,7,3
050,20,199,"Kansas","Wallace County",5,31,20,10,10
050,20,199,"Kansas","Wallace County",5,32,16,6,10
050,20,199,"Kansas","Wallace County",5,33,16,5,11
050,20,199,"Kansas","Wallace County",5,34,13,7,6
050,20,199,"Kansas","Wallace County",5,35,15,10,5
050,20,199,"Kansas","Wallace County",5,36,19,10,9
050,20,199,"Kansas","Wallace County",5,37,24,14,10
050,20,199,"Kansas","Wallace County",5,38,13,5,8
050,20,199,"Kansas","Wallace County",5,39,16,9,7
050,20,199,"Kansas","Wallace County",5,40,12,5,7
050,20,199,"Kansas","Wallace County",5,41,10,4,6
050,20,199,"Kansas","Wallace County",5,42,21,10,11
050,20,199,"Kansas","Wallace County",5,43,17,9,8
050,20,199,"Kansas","Wallace County",5,44,12,7,5
050,20,199,"Kansas","Wallace County",5,45,12,7,5
050,20,199,"Kansas","Wallace County",5,46,13,8,5
050,20,199,"Kansas","Wallace County",5,47,13,6,7
050,20,199,"Kansas","Wallace County",5,48,11,4,7
050,20,199,"Kansas","Wallace County",5,49,9,3,6
050,20,199,"Kansas","Wallace County",5,50,13,8,5
050,20,199,"Kansas","Wallace County",5,51,12,7,5
050,20,199,"Kansas","Wallace County",5,52,12,5,7
050,20,199,"Kansas","Wallace County",5,53,13,5,8
050,20,199,"Kansas","Wallace County",5,54,13,10,3
050,20,199,"Kansas","Wallace County",5,55,19,13,6
050,20,199,"Kansas","Wallace County",5,56,14,7,7
050,20,199,"Kansas","Wallace County",5,57,15,7,8
050,20,199,"Kansas","Wallace County",5,58,19,8,11
050,20,199,"Kansas","Wallace County",5,59,19,13,6
050,20,199,"Kansas","Wallace County",5,60,19,10,9
050,20,199,"Kansas","Wallace County",5,61,21,10,11
050,20,199,"Kansas","Wallace County",5,62,24,6,18
050,20,199,"Kansas","Wallace County",5,63,24,10,14
050,20,199,"Kansas","Wallace County",5,64,25,12,13
050,20,199,"Kansas","Wallace County",5,65,24,13,11
050,20,199,"Kansas","Wallace County",5,66,24,13,11
050,20,199,"Kansas","Wallace County",5,67,25,17,8
050,20,199,"Kansas","Wallace County",5,68,19,10,9
050,20,199,"Kansas","Wallace County",5,69,19,11,8
050,20,199,"Kansas","Wallace County",5,70,15,8,7
050,20,199,"Kansas","Wallace County",5,71,15,7,8
050,20,199,"Kansas","Wallace County",5,72,20,9,11
050,20,199,"Kansas","Wallace County",5,73,16,7,9
050,20,199,"Kansas","Wallace County",5,74,11,5,6
050,20,199,"Kansas","Wallace County",5,75,14,6,8
050,20,199,"Kansas","Wallace County",5,76,18,8,10
050,20,199,"Kansas","Wallace County",5,77,12,8,4
050,20,199,"Kansas","Wallace County",5,78,12,8,4
050,20,199,"Kansas","Wallace County",5,79,15,7,8
050,20,199,"Kansas","Wallace County",5,80,11,4,7
050,20,199,"Kansas","Wallace County",5,81,9,6,3
050,20,199,"Kansas","Wallace County",5,82,7,4,3
050,20,199,"Kansas","Wallace County",5,83,5,3,2
050,20,199,"Kansas","Wallace County",5,84,6,1,5
050,20,199,"Kansas","Wallace County",5,85,66,19,47
050,20,201,"Kansas","Washington County",1,0,77,39,38
050,20,201,"Kansas","Washington County",1,1,78,40,38
050,20,201,"Kansas","Washington County",1,2,76,39,37
050,20,201,"Kansas","Washington County",1,3,80,42,38
050,20,201,"Kansas","Washington County",1,4,86,44,42
050,20,201,"Kansas","Washington County",1,5,80,41,39
050,20,201,"Kansas","Washington County",1,6,70,37,33
050,20,201,"Kansas","Washington County",1,7,78,41,37
050,20,201,"Kansas","Washington County",1,8,71,43,28
050,20,201,"Kansas","Washington County",1,9,70,41,29
050,20,201,"Kansas","Washington County",1,10,67,41,26
050,20,201,"Kansas","Washington County",1,11,63,33,30
050,20,201,"Kansas","Washington County",1,12,73,41,32
050,20,201,"Kansas","Washington County",1,13,78,41,37
050,20,201,"Kansas","Washington County",1,14,70,32,38
050,20,201,"Kansas","Washington County",1,15,66,31,35
050,20,201,"Kansas","Washington County",1,16,57,29,28
050,20,201,"Kansas","Washington County",1,17,64,33,31
050,20,201,"Kansas","Washington County",1,18,66,33,33
050,20,201,"Kansas","Washington County",1,19,42,24,18
050,20,201,"Kansas","Washington County",1,20,47,25,22
050,20,201,"Kansas","Washington County",1,21,58,32,26
050,20,201,"Kansas","Washington County",1,22,68,38,30
050,20,201,"Kansas","Washington County",1,23,69,32,37
050,20,201,"Kansas","Washington County",1,24,57,33,24
050,20,201,"Kansas","Washington County",1,25,62,34,28
050,20,201,"Kansas","Washington County",1,26,56,33,23
050,20,201,"Kansas","Washington County",1,27,48,22,26
050,20,201,"Kansas","Washington County",1,28,52,20,32
050,20,201,"Kansas","Washington County",1,29,53,28,25
050,20,201,"Kansas","Washington County",1,30,54,28,26
050,20,201,"Kansas","Washington County",1,31,55,28,27
050,20,201,"Kansas","Washington County",1,32,54,30,24
050,20,201,"Kansas","Washington County",1,33,52,26,26
050,20,201,"Kansas","Washington County",1,34,54,25,29
050,20,201,"Kansas","Washington County",1,35,52,24,28
050,20,201,"Kansas","Washington County",1,36,55,26,29
050,20,201,"Kansas","Washington County",1,37,63,39,24
050,20,201,"Kansas","Washington County",1,38,60,34,26
050,20,201,"Kansas","Washington County",1,39,72,44,28
050,20,201,"Kansas","Washington County",1,40,68,40,28
050,20,201,"Kansas","Washington County",1,41,51,27,24
050,20,201,"Kansas","Washington County",1,42,44,23,21
050,20,201,"Kansas","Washington County",1,43,48,32,16
050,20,201,"Kansas","Washington County",1,44,45,27,18
050,20,201,"Kansas","Washington County",1,45,61,32,29
050,20,201,"Kansas","Washington County",1,46,61,31,30
050,20,201,"Kansas","Washington County",1,47,50,27,23
050,20,201,"Kansas","Washington County",1,48,56,30,26
050,20,201,"Kansas","Washington County",1,49,56,32,24
050,20,201,"Kansas","Washington County",1,50,62,33,29
050,20,201,"Kansas","Washington County",1,51,62,33,29
050,20,201,"Kansas","Washington County",1,52,66,32,34
050,20,201,"Kansas","Washington County",1,53,64,38,26
050,20,201,"Kansas","Washington County",1,54,64,36,28
050,20,201,"Kansas","Washington County",1,55,66,30,36
050,20,201,"Kansas","Washington County",1,56,91,47,44
050,20,201,"Kansas","Washington County",1,57,94,47,47
050,20,201,"Kansas","Washington County",1,58,82,43,39
050,20,201,"Kansas","Washington County",1,59,79,42,37
050,20,201,"Kansas","Washington County",1,60,87,46,41
050,20,201,"Kansas","Washington County",1,61,80,42,38
050,20,201,"Kansas","Washington County",1,62,86,45,41
050,20,201,"Kansas","Washington County",1,63,81,46,35
050,20,201,"Kansas","Washington County",1,64,77,37,40
050,20,201,"Kansas","Washington County",1,65,86,42,44
050,20,201,"Kansas","Washington County",1,66,78,40,38
050,20,201,"Kansas","Washington County",1,67,77,43,34
050,20,201,"Kansas","Washington County",1,68,68,35,33
050,20,201,"Kansas","Washington County",1,69,61,29,32
050,20,201,"Kansas","Washington County",1,70,66,29,37
050,20,201,"Kansas","Washington County",1,71,62,35,27
050,20,201,"Kansas","Washington County",1,72,64,39,25
050,20,201,"Kansas","Washington County",1,73,64,34,30
050,20,201,"Kansas","Washington County",1,74,48,22,26
050,20,201,"Kansas","Washington County",1,75,51,23,28
050,20,201,"Kansas","Washington County",1,76,46,19,27
050,20,201,"Kansas","Washington County",1,77,46,23,23
050,20,201,"Kansas","Washington County",1,78,44,23,21
050,20,201,"Kansas","Washington County",1,79,47,20,27
050,20,201,"Kansas","Washington County",1,80,39,13,26
050,20,201,"Kansas","Washington County",1,81,35,11,24
050,20,201,"Kansas","Washington County",1,82,38,13,25
050,20,201,"Kansas","Washington County",1,83,27,12,15
050,20,201,"Kansas","Washington County",1,84,33,14,19
050,20,201,"Kansas","Washington County",1,85,216,85,131
050,20,201,"Kansas","Washington County",2,0,76,39,37
050,20,201,"Kansas","Washington County",2,1,77,39,38
050,20,201,"Kansas","Washington County",2,2,77,40,37
050,20,201,"Kansas","Washington County",2,3,79,41,38
050,20,201,"Kansas","Washington County",2,4,86,44,42
050,20,201,"Kansas","Washington County",2,5,83,43,40
050,20,201,"Kansas","Washington County",2,6,73,38,35
050,20,201,"Kansas","Washington County",2,7,77,40,37
050,20,201,"Kansas","Washington County",2,8,73,43,30
050,20,201,"Kansas","Washington County",2,9,70,42,28
050,20,201,"Kansas","Washington County",2,10,69,41,28
050,20,201,"Kansas","Washington County",2,11,64,35,29
050,20,201,"Kansas","Washington County",2,12,71,39,32
050,20,201,"Kansas","Washington County",2,13,77,42,35
050,20,201,"Kansas","Washington County",2,14,73,35,38
050,20,201,"Kansas","Washington County",2,15,66,31,35
050,20,201,"Kansas","Washington County",2,16,58,28,30
050,20,201,"Kansas","Washington County",2,17,63,33,30
050,20,201,"Kansas","Washington County",2,18,62,31,31
050,20,201,"Kansas","Washington County",2,19,46,26,20
050,20,201,"Kansas","Washington County",2,20,47,25,22
050,20,201,"Kansas","Washington County",2,21,56,31,25
050,20,201,"Kansas","Washington County",2,22,65,36,29
050,20,201,"Kansas","Washington County",2,23,68,33,35
050,20,201,"Kansas","Washington County",2,24,61,34,27
050,20,201,"Kansas","Washington County",2,25,60,34,26
050,20,201,"Kansas","Washington County",2,26,57,33,24
050,20,201,"Kansas","Washington County",2,27,50,23,27
050,20,201,"Kansas","Washington County",2,28,50,20,30
050,20,201,"Kansas","Washington County",2,29,53,27,26
050,20,201,"Kansas","Washington County",2,30,56,29,27
050,20,201,"Kansas","Washington County",2,31,55,27,28
050,20,201,"Kansas","Washington County",2,32,54,29,25
050,20,201,"Kansas","Washington County",2,33,53,28,25
050,20,201,"Kansas","Washington County",2,34,55,26,29
050,20,201,"Kansas","Washington County",2,35,53,25,28
050,20,201,"Kansas","Washington County",2,36,53,25,28
050,20,201,"Kansas","Washington County",2,37,62,37,25
050,20,201,"Kansas","Washington County",2,38,60,35,25
050,20,201,"Kansas","Washington County",2,39,70,42,28
050,20,201,"Kansas","Washington County",2,40,68,40,28
050,20,201,"Kansas","Washington County",2,41,54,29,25
050,20,201,"Kansas","Washington County",2,42,45,23,22
050,20,201,"Kansas","Washington County",2,43,47,30,17
050,20,201,"Kansas","Washington County",2,44,44,27,17
050,20,201,"Kansas","Washington County",2,45,58,31,27
050,20,201,"Kansas","Washington County",2,46,62,32,30
050,20,201,"Kansas","Washington County",2,47,53,29,24
050,20,201,"Kansas","Washington County",2,48,55,30,25
050,20,201,"Kansas","Washington County",2,49,55,31,24
050,20,201,"Kansas","Washington County",2,50,60,32,28
050,20,201,"Kansas","Washington County",2,51,61,32,29
050,20,201,"Kansas","Washington County",2,52,64,32,32
050,20,201,"Kansas","Washington County",2,53,65,37,28
050,20,201,"Kansas","Washington County",2,54,63,36,27
050,20,201,"Kansas","Washington County",2,55,65,31,34
050,20,201,"Kansas","Washington County",2,56,87,44,43
050,20,201,"Kansas","Washington County",2,57,92,46,46
050,20,201,"Kansas","Washington County",2,58,85,44,41
050,20,201,"Kansas","Washington County",2,59,80,43,37
050,20,201,"Kansas","Washington County",2,60,83,44,39
050,20,201,"Kansas","Washington County",2,61,82,43,39
050,20,201,"Kansas","Washington County",2,62,85,44,41
050,20,201,"Kansas","Washington County",2,63,83,46,37
050,20,201,"Kansas","Washington County",2,64,78,39,39
050,20,201,"Kansas","Washington County",2,65,83,40,43
050,20,201,"Kansas","Washington County",2,66,81,41,40
050,20,201,"Kansas","Washington County",2,67,78,43,35
050,20,201,"Kansas","Washington County",2,68,69,36,33
050,20,201,"Kansas","Washington County",2,69,62,29,33
050,20,201,"Kansas","Washington County",2,70,63,29,34
050,20,201,"Kansas","Washington County",2,71,63,34,29
050,20,201,"Kansas","Washington County",2,72,62,37,25
050,20,201,"Kansas","Washington County",2,73,68,37,31
050,20,201,"Kansas","Washington County",2,74,47,22,25
050,20,201,"Kansas","Washington County",2,75,49,22,27
050,20,201,"Kansas","Washington County",2,76,47,20,27
050,20,201,"Kansas","Washington County",2,77,47,23,24
050,20,201,"Kansas","Washington County",2,78,44,23,21
050,20,201,"Kansas","Washington County",2,79,45,20,25
050,20,201,"Kansas","Washington County",2,80,40,14,26
050,20,201,"Kansas","Washington County",2,81,36,12,24
050,20,201,"Kansas","Washington County",2,82,38,13,25
050,20,201,"Kansas","Washington County",2,83,29,12,17
050,20,201,"Kansas","Washington County",2,84,30,13,17
050,20,201,"Kansas","Washington County",2,85,217,85,132
050,20,201,"Kansas","Washington County",3,0,76,40,36
050,20,201,"Kansas","Washington County",3,1,79,35,44
050,20,201,"Kansas","Washington County",3,2,76,40,36
050,20,201,"Kansas","Washington County",3,3,84,43,41
050,20,201,"Kansas","Washington County",3,4,81,41,40
050,20,201,"Kansas","Washington County",3,5,82,43,39
050,20,201,"Kansas","Washington County",3,6,86,44,42
050,20,201,"Kansas","Washington County",3,7,76,40,36
050,20,201,"Kansas","Washington County",3,8,81,44,37
050,20,201,"Kansas","Washington County",3,9,67,41,26
050,20,201,"Kansas","Washington County",3,10,69,43,26
050,20,201,"Kansas","Washington County",3,11,65,36,29
050,20,201,"Kansas","Washington County",3,12,67,37,30
050,20,201,"Kansas","Washington County",3,13,71,39,32
050,20,201,"Kansas","Washington County",3,14,77,41,36
050,20,201,"Kansas","Washington County",3,15,72,36,36
050,20,201,"Kansas","Washington County",3,16,64,28,36
050,20,201,"Kansas","Washington County",3,17,57,29,28
050,20,201,"Kansas","Washington County",3,18,53,28,25
050,20,201,"Kansas","Washington County",3,19,49,25,24
050,20,201,"Kansas","Washington County",3,20,50,27,23
050,20,201,"Kansas","Washington County",3,21,52,26,26
050,20,201,"Kansas","Washington County",3,22,61,35,26
050,20,201,"Kansas","Washington County",3,23,56,33,23
050,20,201,"Kansas","Washington County",3,24,65,32,33
050,20,201,"Kansas","Washington County",3,25,57,32,25
050,20,201,"Kansas","Washington County",3,26,66,37,29
050,20,201,"Kansas","Washington County",3,27,59,33,26
050,20,201,"Kansas","Washington County",3,28,49,22,27
050,20,201,"Kansas","Washington County",3,29,48,20,28
050,20,201,"Kansas","Washington County",3,30,51,26,25
050,20,201,"Kansas","Washington County",3,31,55,26,29
050,20,201,"Kansas","Washington County",3,32,60,32,28
050,20,201,"Kansas","Washington County",3,33,55,31,24
050,20,201,"Kansas","Washington County",3,34,55,29,26
050,20,201,"Kansas","Washington County",3,35,53,24,29
050,20,201,"Kansas","Washington County",3,36,56,26,30
050,20,201,"Kansas","Washington County",3,37,53,26,27
050,20,201,"Kansas","Washington County",3,38,65,38,27
050,20,201,"Kansas","Washington County",3,39,60,36,24
050,20,201,"Kansas","Washington County",3,40,69,40,29
050,20,201,"Kansas","Washington County",3,41,70,40,30
050,20,201,"Kansas","Washington County",3,42,55,29,26
050,20,201,"Kansas","Washington County",3,43,47,25,22
050,20,201,"Kansas","Washington County",3,44,46,29,17
050,20,201,"Kansas","Washington County",3,45,47,29,18
050,20,201,"Kansas","Washington County",3,46,57,31,26
050,20,201,"Kansas","Washington County",3,47,60,32,28
050,20,201,"Kansas","Washington County",3,48,52,27,25
050,20,201,"Kansas","Washington County",3,49,54,30,24
050,20,201,"Kansas","Washington County",3,50,52,31,21
050,20,201,"Kansas","Washington County",3,51,57,31,26
050,20,201,"Kansas","Washington County",3,52,61,32,29
050,20,201,"Kansas","Washington County",3,53,67,35,32
050,20,201,"Kansas","Washington County",3,54,64,36,28
050,20,201,"Kansas","Washington County",3,55,64,37,27
050,20,201,"Kansas","Washington County",3,56,64,29,35
050,20,201,"Kansas","Washington County",3,57,85,42,43
050,20,201,"Kansas","Washington County",3,58,92,46,46
050,20,201,"Kansas","Washington County",3,59,86,43,43
050,20,201,"Kansas","Washington County",3,60,79,43,36
050,20,201,"Kansas","Washington County",3,61,86,43,43
050,20,201,"Kansas","Washington County",3,62,80,41,39
050,20,201,"Kansas","Washington County",3,63,86,45,41
050,20,201,"Kansas","Washington County",3,64,83,47,36
050,20,201,"Kansas","Washington County",3,65,79,39,40
050,20,201,"Kansas","Washington County",3,66,82,40,42
050,20,201,"Kansas","Washington County",3,67,84,43,41
050,20,201,"Kansas","Washington County",3,68,77,40,37
050,20,201,"Kansas","Washington County",3,69,67,34,33
050,20,201,"Kansas","Washington County",3,70,62,28,34
050,20,201,"Kansas","Washington County",3,71,62,29,33
050,20,201,"Kansas","Washington County",3,72,58,34,24
050,20,201,"Kansas","Washington County",3,73,62,36,26
050,20,201,"Kansas","Washington County",3,74,67,37,30
050,20,201,"Kansas","Washington County",3,75,47,21,26
050,20,201,"Kansas","Washington County",3,76,45,20,25
050,20,201,"Kansas","Washington County",3,77,45,17,28
050,20,201,"Kansas","Washington County",3,78,47,23,24
050,20,201,"Kansas","Washington County",3,79,43,22,21
050,20,201,"Kansas","Washington County",3,80,38,16,22
050,20,201,"Kansas","Washington County",3,81,38,14,24
050,20,201,"Kansas","Washington County",3,82,35,11,24
050,20,201,"Kansas","Washington County",3,83,36,13,23
050,20,201,"Kansas","Washington County",3,84,27,10,17
050,20,201,"Kansas","Washington County",3,85,203,76,127
050,20,201,"Kansas","Washington County",4,0,76,35,41
050,20,201,"Kansas","Washington County",4,1,78,42,36
050,20,201,"Kansas","Washington County",4,2,73,34,39
050,20,201,"Kansas","Washington County",4,3,76,41,35
050,20,201,"Kansas","Washington County",4,4,79,38,41
050,20,201,"Kansas","Washington County",4,5,77,41,36
050,20,201,"Kansas","Washington County",4,6,81,42,39
050,20,201,"Kansas","Washington County",4,7,86,46,40
050,20,201,"Kansas","Washington County",4,8,72,38,34
050,20,201,"Kansas","Washington County",4,9,79,43,36
050,20,201,"Kansas","Washington County",4,10,68,42,26
050,20,201,"Kansas","Washington County",4,11,70,45,25
050,20,201,"Kansas","Washington County",4,12,72,43,29
050,20,201,"Kansas","Washington County",4,13,66,37,29
050,20,201,"Kansas","Washington County",4,14,73,40,33
050,20,201,"Kansas","Washington County",4,15,78,40,38
050,20,201,"Kansas","Washington County",4,16,74,35,39
050,20,201,"Kansas","Washington County",4,17,70,32,38
050,20,201,"Kansas","Washington County",4,18,47,24,23
050,20,201,"Kansas","Washington County",4,19,43,23,20
050,20,201,"Kansas","Washington County",4,20,51,26,25
050,20,201,"Kansas","Washington County",4,21,49,27,22
050,20,201,"Kansas","Washington County",4,22,54,28,26
050,20,201,"Kansas","Washington County",4,23,62,33,29
050,20,201,"Kansas","Washington County",4,24,59,32,27
050,20,201,"Kansas","Washington County",4,25,69,31,38
050,20,201,"Kansas","Washington County",4,26,52,31,21
050,20,201,"Kansas","Washington County",4,27,63,37,26
050,20,201,"Kansas","Washington County",4,28,62,36,26
050,20,201,"Kansas","Washington County",4,29,48,24,24
050,20,201,"Kansas","Washington County",4,30,47,19,28
050,20,201,"Kansas","Washington County",4,31,55,28,27
050,20,201,"Kansas","Washington County",4,32,54,24,30
050,20,201,"Kansas","Washington County",4,33,63,34,29
050,20,201,"Kansas","Washington County",4,34,59,31,28
050,20,201,"Kansas","Washington County",4,35,52,28,24
050,20,201,"Kansas","Washington County",4,36,51,23,28
050,20,201,"Kansas","Washington County",4,37,59,27,32
050,20,201,"Kansas","Washington County",4,38,54,25,29
050,20,201,"Kansas","Washington County",4,39,66,38,28
050,20,201,"Kansas","Washington County",4,40,59,35,24
050,20,201,"Kansas","Washington County",4,41,70,40,30
050,20,201,"Kansas","Washington County",4,42,69,40,29
050,20,201,"Kansas","Washington County",4,43,56,28,28
050,20,201,"Kansas","Washington County",4,44,48,26,22
050,20,201,"Kansas","Washington County",4,45,50,33,17
050,20,201,"Kansas","Washington County",4,46,48,29,19
050,20,201,"Kansas","Washington County",4,47,57,32,25
050,20,201,"Kansas","Washington County",4,48,59,32,27
050,20,201,"Kansas","Washington County",4,49,51,27,24
050,20,201,"Kansas","Washington County",4,50,53,30,23
050,20,201,"Kansas","Washington County",4,51,47,26,21
050,20,201,"Kansas","Washington County",4,52,59,32,27
050,20,201,"Kansas","Washington County",4,53,66,36,30
050,20,201,"Kansas","Washington County",4,54,66,34,32
050,20,201,"Kansas","Washington County",4,55,65,36,29
050,20,201,"Kansas","Washington County",4,56,64,36,28
050,20,201,"Kansas","Washington County",4,57,63,29,34
050,20,201,"Kansas","Washington County",4,58,87,43,44
050,20,201,"Kansas","Washington County",4,59,94,46,48
050,20,201,"Kansas","Washington County",4,60,85,43,42
050,20,201,"Kansas","Washington County",4,61,77,41,36
050,20,201,"Kansas","Washington County",4,62,80,39,41
050,20,201,"Kansas","Washington County",4,63,78,40,38
050,20,201,"Kansas","Washington County",4,64,87,45,42
050,20,201,"Kansas","Washington County",4,65,85,48,37
050,20,201,"Kansas","Washington County",4,66,82,40,42
050,20,201,"Kansas","Washington County",4,67,78,39,39
050,20,201,"Kansas","Washington County",4,68,77,38,39
050,20,201,"Kansas","Washington County",4,69,72,38,34
050,20,201,"Kansas","Washington County",4,70,65,33,32
050,20,201,"Kansas","Washington County",4,71,61,29,32
050,20,201,"Kansas","Washington County",4,72,60,29,31
050,20,201,"Kansas","Washington County",4,73,57,32,25
050,20,201,"Kansas","Washington County",4,74,63,36,27
050,20,201,"Kansas","Washington County",4,75,62,34,28
050,20,201,"Kansas","Washington County",4,76,42,20,22
050,20,201,"Kansas","Washington County",4,77,42,17,25
050,20,201,"Kansas","Washington County",4,78,44,16,28
050,20,201,"Kansas","Washington County",4,79,42,20,22
050,20,201,"Kansas","Washington County",4,80,36,16,20
050,20,201,"Kansas","Washington County",4,81,34,16,18
050,20,201,"Kansas","Washington County",4,82,36,13,23
050,20,201,"Kansas","Washington County",4,83,32,11,21
050,20,201,"Kansas","Washington County",4,84,35,12,23
050,20,201,"Kansas","Washington County",4,85,183,65,118
050,20,201,"Kansas","Washington County",5,0,68,32,36
050,20,201,"Kansas","Washington County",5,1,80,35,45
050,20,201,"Kansas","Washington County",5,2,78,42,36
050,20,201,"Kansas","Washington County",5,3,75,36,39
050,20,201,"Kansas","Washington County",5,4,75,37,38
050,20,201,"Kansas","Washington County",5,5,82,40,42
050,20,201,"Kansas","Washington County",5,6,79,42,37
050,20,201,"Kansas","Washington County",5,7,79,42,37
050,20,201,"Kansas","Washington County",5,8,88,43,45
050,20,201,"Kansas","Washington County",5,9,74,36,38
050,20,201,"Kansas","Washington County",5,10,80,44,36
050,20,201,"Kansas","Washington County",5,11,72,41,31
050,20,201,"Kansas","Washington County",5,12,72,45,27
050,20,201,"Kansas","Washington County",5,13,73,43,30
050,20,201,"Kansas","Washington County",5,14,64,35,29
050,20,201,"Kansas","Washington County",5,15,76,40,36
050,20,201,"Kansas","Washington County",5,16,75,38,37
050,20,201,"Kansas","Washington County",5,17,75,33,42
050,20,201,"Kansas","Washington County",5,18,59,27,32
050,20,201,"Kansas","Washington County",5,19,40,22,18
050,20,201,"Kansas","Washington County",5,20,49,25,24
050,20,201,"Kansas","Washington County",5,21,50,27,23
050,20,201,"Kansas","Washington County",5,22,48,30,18
050,20,201,"Kansas","Washington County",5,23,58,32,26
050,20,201,"Kansas","Washington County",5,24,59,33,26
050,20,201,"Kansas","Washington County",5,25,56,29,27
050,20,201,"Kansas","Washington County",5,26,70,33,37
050,20,201,"Kansas","Washington County",5,27,51,28,23
050,20,201,"Kansas","Washington County",5,28,58,35,23
050,20,201,"Kansas","Washington County",5,29,59,36,23
050,20,201,"Kansas","Washington County",5,30,47,21,26
050,20,201,"Kansas","Washington County",5,31,46,19,27
050,20,201,"Kansas","Washington County",5,32,57,27,30
050,20,201,"Kansas","Washington County",5,33,55,25,30
050,20,201,"Kansas","Washington County",5,34,65,36,29
050,20,201,"Kansas","Washington County",5,35,62,30,32
050,20,201,"Kansas","Washington County",5,36,54,29,25
050,20,201,"Kansas","Washington County",5,37,53,23,30
050,20,201,"Kansas","Washington County",5,38,59,27,32
050,20,201,"Kansas","Washington County",5,39,60,29,31
050,20,201,"Kansas","Washington County",5,40,65,36,29
050,20,201,"Kansas","Washington County",5,41,57,34,23
050,20,201,"Kansas","Washington County",5,42,72,41,31
050,20,201,"Kansas","Washington County",5,43,72,42,30
050,20,201,"Kansas","Washington County",5,44,60,30,30
050,20,201,"Kansas","Washington County",5,45,47,24,23
050,20,201,"Kansas","Washington County",5,46,45,29,16
050,20,201,"Kansas","Washington County",5,47,47,29,18
050,20,201,"Kansas","Washington County",5,48,60,33,27
050,20,201,"Kansas","Washington County",5,49,58,32,26
050,20,201,"Kansas","Washington County",5,50,51,28,23
050,20,201,"Kansas","Washington County",5,51,55,30,25
050,20,201,"Kansas","Washington County",5,52,48,27,21
050,20,201,"Kansas","Washington County",5,53,57,30,27
050,20,201,"Kansas","Washington County",5,54,64,33,31
050,20,201,"Kansas","Washington County",5,55,66,33,33
050,20,201,"Kansas","Washington County",5,56,64,34,30
050,20,201,"Kansas","Washington County",5,57,64,37,27
050,20,201,"Kansas","Washington County",5,58,63,29,34
050,20,201,"Kansas","Washington County",5,59,84,42,42
050,20,201,"Kansas","Washington County",5,60,95,46,49
050,20,201,"Kansas","Washington County",5,61,85,43,42
050,20,201,"Kansas","Washington County",5,62,78,41,37
050,20,201,"Kansas","Washington County",5,63,82,38,44
050,20,201,"Kansas","Washington County",5,64,76,39,37
050,20,201,"Kansas","Washington County",5,65,86,46,40
050,20,201,"Kansas","Washington County",5,66,88,49,39
050,20,201,"Kansas","Washington County",5,67,80,39,41
050,20,201,"Kansas","Washington County",5,68,74,35,39
050,20,201,"Kansas","Washington County",5,69,75,37,38
050,20,201,"Kansas","Washington County",5,70,68,36,32
050,20,201,"Kansas","Washington County",5,71,61,32,29
050,20,201,"Kansas","Washington County",5,72,60,29,31
050,20,201,"Kansas","Washington County",5,73,63,29,34
050,20,201,"Kansas","Washington County",5,74,58,32,26
050,20,201,"Kansas","Washington County",5,75,63,36,27
050,20,201,"Kansas","Washington County",5,76,59,33,26
050,20,201,"Kansas","Washington County",5,77,39,19,20
050,20,201,"Kansas","Washington County",5,78,42,17,25
050,20,201,"Kansas","Washington County",5,79,42,14,28
050,20,201,"Kansas","Washington County",5,80,38,16,22
050,20,201,"Kansas","Washington County",5,81,33,16,17
050,20,201,"Kansas","Washington County",5,82,34,15,19
050,20,201,"Kansas","Washington County",5,83,32,12,20
050,20,201,"Kansas","Washington County",5,84,31,11,20
050,20,201,"Kansas","Washington County",5,85,183,63,120
050,20,203,"Kansas","Wichita County",1,0,20,11,9
050,20,203,"Kansas","Wichita County",1,1,27,19,8
050,20,203,"Kansas","Wichita County",1,2,35,20,15
050,20,203,"Kansas","Wichita County",1,3,27,16,11
050,20,203,"Kansas","Wichita County",1,4,22,12,10
050,20,203,"Kansas","Wichita County",1,5,22,12,10
050,20,203,"Kansas","Wichita County",1,6,33,18,15
050,20,203,"Kansas","Wichita County",1,7,38,25,13
050,20,203,"Kansas","Wichita County",1,8,32,20,12
050,20,203,"Kansas","Wichita County",1,9,35,14,21
050,20,203,"Kansas","Wichita County",1,10,44,23,21
050,20,203,"Kansas","Wichita County",1,11,44,19,25
050,20,203,"Kansas","Wichita County",1,12,39,12,27
050,20,203,"Kansas","Wichita County",1,13,36,17,19
050,20,203,"Kansas","Wichita County",1,14,35,19,16
050,20,203,"Kansas","Wichita County",1,15,29,15,14
050,20,203,"Kansas","Wichita County",1,16,29,15,14
050,20,203,"Kansas","Wichita County",1,17,33,16,17
050,20,203,"Kansas","Wichita County",1,18,27,11,16
050,20,203,"Kansas","Wichita County",1,19,29,11,18
050,20,203,"Kansas","Wichita County",1,20,22,11,11
050,20,203,"Kansas","Wichita County",1,21,21,12,9
050,20,203,"Kansas","Wichita County",1,22,21,12,9
050,20,203,"Kansas","Wichita County",1,23,26,16,10
050,20,203,"Kansas","Wichita County",1,24,23,14,9
050,20,203,"Kansas","Wichita County",1,25,17,12,5
050,20,203,"Kansas","Wichita County",1,26,20,12,8
050,20,203,"Kansas","Wichita County",1,27,27,15,12
050,20,203,"Kansas","Wichita County",1,28,25,15,10
050,20,203,"Kansas","Wichita County",1,29,19,9,10
050,20,203,"Kansas","Wichita County",1,30,15,6,9
050,20,203,"Kansas","Wichita County",1,31,20,10,10
050,20,203,"Kansas","Wichita County",1,32,24,12,12
050,20,203,"Kansas","Wichita County",1,33,24,16,8
050,20,203,"Kansas","Wichita County",1,34,22,13,9
050,20,203,"Kansas","Wichita County",1,35,13,6,7
050,20,203,"Kansas","Wichita County",1,36,23,8,15
050,20,203,"Kansas","Wichita County",1,37,23,7,16
050,20,203,"Kansas","Wichita County",1,38,24,14,10
050,20,203,"Kansas","Wichita County",1,39,20,12,8
050,20,203,"Kansas","Wichita County",1,40,18,7,11
050,20,203,"Kansas","Wichita County",1,41,28,13,15
050,20,203,"Kansas","Wichita County",1,42,34,18,16
050,20,203,"Kansas","Wichita County",1,43,32,22,10
050,20,203,"Kansas","Wichita County",1,44,21,12,9
050,20,203,"Kansas","Wichita County",1,45,17,7,10
050,20,203,"Kansas","Wichita County",1,46,21,13,8
050,20,203,"Kansas","Wichita County",1,47,20,13,7
050,20,203,"Kansas","Wichita County",1,48,24,11,13
050,20,203,"Kansas","Wichita County",1,49,32,19,13
050,20,203,"Kansas","Wichita County",1,50,31,18,13
050,20,203,"Kansas","Wichita County",1,51,22,14,8
050,20,203,"Kansas","Wichita County",1,52,17,9,8
050,20,203,"Kansas","Wichita County",1,53,17,9,8
050,20,203,"Kansas","Wichita County",1,54,19,12,7
050,20,203,"Kansas","Wichita County",1,55,27,16,11
050,20,203,"Kansas","Wichita County",1,56,27,15,12
050,20,203,"Kansas","Wichita County",1,57,34,18,16
050,20,203,"Kansas","Wichita County",1,58,26,13,13
050,20,203,"Kansas","Wichita County",1,59,25,13,12
050,20,203,"Kansas","Wichita County",1,60,29,18,11
050,20,203,"Kansas","Wichita County",1,61,31,17,14
050,20,203,"Kansas","Wichita County",1,62,30,15,15
050,20,203,"Kansas","Wichita County",1,63,31,21,10
050,20,203,"Kansas","Wichita County",1,64,34,21,13
050,20,203,"Kansas","Wichita County",1,65,35,20,15
050,20,203,"Kansas","Wichita County",1,66,28,12,16
050,20,203,"Kansas","Wichita County",1,67,36,19,17
050,20,203,"Kansas","Wichita County",1,68,32,17,15
050,20,203,"Kansas","Wichita County",1,69,19,10,9
050,20,203,"Kansas","Wichita County",1,70,18,12,6
050,20,203,"Kansas","Wichita County",1,71,17,12,5
050,20,203,"Kansas","Wichita County",1,72,22,12,10
050,20,203,"Kansas","Wichita County",1,73,19,7,12
050,20,203,"Kansas","Wichita County",1,74,12,5,7
050,20,203,"Kansas","Wichita County",1,75,17,9,8
050,20,203,"Kansas","Wichita County",1,76,16,8,8
050,20,203,"Kansas","Wichita County",1,77,16,9,7
050,20,203,"Kansas","Wichita County",1,78,15,7,8
050,20,203,"Kansas","Wichita County",1,79,14,7,7
050,20,203,"Kansas","Wichita County",1,80,11,5,6
050,20,203,"Kansas","Wichita County",1,81,8,3,5
050,20,203,"Kansas","Wichita County",1,82,9,5,4
050,20,203,"Kansas","Wichita County",1,83,13,5,8
050,20,203,"Kansas","Wichita County",1,84,14,4,10
050,20,203,"Kansas","Wichita County",1,85,70,29,41
050,20,203,"Kansas","Wichita County",2,0,26,13,13
050,20,203,"Kansas","Wichita County",2,1,25,17,8
050,20,203,"Kansas","Wichita County",2,2,33,19,14
050,20,203,"Kansas","Wichita County",2,3,30,18,12
050,20,203,"Kansas","Wichita County",2,4,24,13,11
050,20,203,"Kansas","Wichita County",2,5,22,12,10
050,20,203,"Kansas","Wichita County",2,6,30,16,14
050,20,203,"Kansas","Wichita County",2,7,37,24,13
050,20,203,"Kansas","Wichita County",2,8,33,21,12
050,20,203,"Kansas","Wichita County",2,9,34,16,18
050,20,203,"Kansas","Wichita County",2,10,42,21,21
050,20,203,"Kansas","Wichita County",2,11,44,20,24
050,20,203,"Kansas","Wichita County",2,12,41,14,27
050,20,203,"Kansas","Wichita County",2,13,37,16,21
050,20,203,"Kansas","Wichita County",2,14,36,19,17
050,20,203,"Kansas","Wichita County",2,15,29,15,14
050,20,203,"Kansas","Wichita County",2,16,29,15,14
050,20,203,"Kansas","Wichita County",2,17,33,16,17
050,20,203,"Kansas","Wichita County",2,18,28,12,16
050,20,203,"Kansas","Wichita County",2,19,26,10,16
050,20,203,"Kansas","Wichita County",2,20,24,11,13
050,20,203,"Kansas","Wichita County",2,21,21,11,10
050,20,203,"Kansas","Wichita County",2,22,22,12,10
050,20,203,"Kansas","Wichita County",2,23,25,16,9
050,20,203,"Kansas","Wichita County",2,24,23,14,9
050,20,203,"Kansas","Wichita County",2,25,18,13,5
050,20,203,"Kansas","Wichita County",2,26,20,12,8
050,20,203,"Kansas","Wichita County",2,27,26,15,11
050,20,203,"Kansas","Wichita County",2,28,25,15,10
050,20,203,"Kansas","Wichita County",2,29,20,10,10
050,20,203,"Kansas","Wichita County",2,30,14,6,8
050,20,203,"Kansas","Wichita County",2,31,18,8,10
050,20,203,"Kansas","Wichita County",2,32,24,12,12
050,20,203,"Kansas","Wichita County",2,33,25,15,10
050,20,203,"Kansas","Wichita County",2,34,23,14,9
050,20,203,"Kansas","Wichita County",2,35,16,8,8
050,20,203,"Kansas","Wichita County",2,36,20,7,13
050,20,203,"Kansas","Wichita County",2,37,24,8,16
050,20,203,"Kansas","Wichita County",2,38,23,12,11
050,20,203,"Kansas","Wichita County",2,39,21,13,8
050,20,203,"Kansas","Wichita County",2,40,20,9,11
050,20,203,"Kansas","Wichita County",2,41,26,12,14
050,20,203,"Kansas","Wichita County",2,42,32,16,16
050,20,203,"Kansas","Wichita County",2,43,32,20,12
050,20,203,"Kansas","Wichita County",2,44,23,14,9
050,20,203,"Kansas","Wichita County",2,45,18,9,9
050,20,203,"Kansas","Wichita County",2,46,19,11,8
050,20,203,"Kansas","Wichita County",2,47,20,13,7
050,20,203,"Kansas","Wichita County",2,48,23,11,12
050,20,203,"Kansas","Wichita County",2,49,29,17,12
050,20,203,"Kansas","Wichita County",2,50,30,18,12
050,20,203,"Kansas","Wichita County",2,51,24,15,9
050,20,203,"Kansas","Wichita County",2,52,18,10,8
050,20,203,"Kansas","Wichita County",2,53,17,9,8
050,20,203,"Kansas","Wichita County",2,54,19,11,8
050,20,203,"Kansas","Wichita County",2,55,25,15,10
050,20,203,"Kansas","Wichita County",2,56,26,15,11
050,20,203,"Kansas","Wichita County",2,57,32,18,14
050,20,203,"Kansas","Wichita County",2,58,28,14,14
050,20,203,"Kansas","Wichita County",2,59,24,12,12
050,20,203,"Kansas","Wichita County",2,60,28,17,11
050,20,203,"Kansas","Wichita County",2,61,29,17,12
050,20,203,"Kansas","Wichita County",2,62,30,15,15
050,20,203,"Kansas","Wichita County",2,63,30,20,10
050,20,203,"Kansas","Wichita County",2,64,32,20,12
050,20,203,"Kansas","Wichita County",2,65,35,20,15
050,20,203,"Kansas","Wichita County",2,66,28,13,15
050,20,203,"Kansas","Wichita County",2,67,33,17,16
050,20,203,"Kansas","Wichita County",2,68,33,17,16
050,20,203,"Kansas","Wichita County",2,69,22,12,10
050,20,203,"Kansas","Wichita County",2,70,17,11,6
050,20,203,"Kansas","Wichita County",2,71,17,12,5
050,20,203,"Kansas","Wichita County",2,72,21,12,9
050,20,203,"Kansas","Wichita County",2,73,21,8,13
050,20,203,"Kansas","Wichita County",2,74,14,6,8
050,20,203,"Kansas","Wichita County",2,75,17,9,8
050,20,203,"Kansas","Wichita County",2,76,16,9,7
050,20,203,"Kansas","Wichita County",2,77,15,8,7
050,20,203,"Kansas","Wichita County",2,78,14,7,7
050,20,203,"Kansas","Wichita County",2,79,15,7,8
050,20,203,"Kansas","Wichita County",2,80,12,6,6
050,20,203,"Kansas","Wichita County",2,81,8,3,5
050,20,203,"Kansas","Wichita County",2,82,8,4,4
050,20,203,"Kansas","Wichita County",2,83,12,5,7
050,20,203,"Kansas","Wichita County",2,84,14,4,10
050,20,203,"Kansas","Wichita County",2,85,72,30,42
050,20,203,"Kansas","Wichita County",3,0,39,23,16
050,20,203,"Kansas","Wichita County",3,1,25,13,12
050,20,203,"Kansas","Wichita County",3,2,24,16,8
050,20,203,"Kansas","Wichita County",3,3,29,17,12
050,20,203,"Kansas","Wichita County",3,4,29,19,10
050,20,203,"Kansas","Wichita County",3,5,24,14,10
050,20,203,"Kansas","Wichita County",3,6,20,11,9
050,20,203,"Kansas","Wichita County",3,7,31,17,14
050,20,203,"Kansas","Wichita County",3,8,33,23,10
050,20,203,"Kansas","Wichita County",3,9,29,19,10
050,20,203,"Kansas","Wichita County",3,10,32,15,17
050,20,203,"Kansas","Wichita County",3,11,35,16,19
050,20,203,"Kansas","Wichita County",3,12,40,19,21
050,20,203,"Kansas","Wichita County",3,13,37,14,23
050,20,203,"Kansas","Wichita County",3,14,35,15,20
050,20,203,"Kansas","Wichita County",3,15,36,19,17
050,20,203,"Kansas","Wichita County",3,16,29,15,14
050,20,203,"Kansas","Wichita County",3,17,31,16,15
050,20,203,"Kansas","Wichita County",3,18,34,17,17
050,20,203,"Kansas","Wichita County",3,19,25,12,13
050,20,203,"Kansas","Wichita County",3,20,25,8,17
050,20,203,"Kansas","Wichita County",3,21,18,9,9
050,20,203,"Kansas","Wichita County",3,22,22,11,11
050,20,203,"Kansas","Wichita County",3,23,14,9,5
050,20,203,"Kansas","Wichita County",3,24,22,15,7
050,20,203,"Kansas","Wichita County",3,25,20,12,8
050,20,203,"Kansas","Wichita County",3,26,17,13,4
050,20,203,"Kansas","Wichita County",3,27,19,10,9
050,20,203,"Kansas","Wichita County",3,28,28,16,12
050,20,203,"Kansas","Wichita County",3,29,27,16,11
050,20,203,"Kansas","Wichita County",3,30,22,12,10
050,20,203,"Kansas","Wichita County",3,31,15,6,9
050,20,203,"Kansas","Wichita County",3,32,17,8,9
050,20,203,"Kansas","Wichita County",3,33,24,12,12
050,20,203,"Kansas","Wichita County",3,34,23,14,9
050,20,203,"Kansas","Wichita County",3,35,22,13,9
050,20,203,"Kansas","Wichita County",3,36,15,8,7
050,20,203,"Kansas","Wichita County",3,37,21,7,14
050,20,203,"Kansas","Wichita County",3,38,22,9,13
050,20,203,"Kansas","Wichita County",3,39,24,13,11
050,20,203,"Kansas","Wichita County",3,40,23,15,8
050,20,203,"Kansas","Wichita County",3,41,19,9,10
050,20,203,"Kansas","Wichita County",3,42,23,11,12
050,20,203,"Kansas","Wichita County",3,43,33,16,17
050,20,203,"Kansas","Wichita County",3,44,30,20,10
050,20,203,"Kansas","Wichita County",3,45,22,14,8
050,20,203,"Kansas","Wichita County",3,46,12,5,7
050,20,203,"Kansas","Wichita County",3,47,19,11,8
050,20,203,"Kansas","Wichita County",3,48,21,15,6
050,20,203,"Kansas","Wichita County",3,49,24,12,12
050,20,203,"Kansas","Wichita County",3,50,27,16,11
050,20,203,"Kansas","Wichita County",3,51,31,18,13
050,20,203,"Kansas","Wichita County",3,52,24,15,9
050,20,203,"Kansas","Wichita County",3,53,18,10,8
050,20,203,"Kansas","Wichita County",3,54,17,10,7
050,20,203,"Kansas","Wichita County",3,55,19,10,9
050,20,203,"Kansas","Wichita County",3,56,24,14,10
050,20,203,"Kansas","Wichita County",3,57,23,12,11
050,20,203,"Kansas","Wichita County",3,58,32,18,14
050,20,203,"Kansas","Wichita County",3,59,29,15,14
050,20,203,"Kansas","Wichita County",3,60,25,13,12
050,20,203,"Kansas","Wichita County",3,61,27,16,11
050,20,203,"Kansas","Wichita County",3,62,31,18,13
050,20,203,"Kansas","Wichita County",3,63,28,15,13
050,20,203,"Kansas","Wichita County",3,64,31,20,11
050,20,203,"Kansas","Wichita County",3,65,31,20,11
050,20,203,"Kansas","Wichita County",3,66,31,18,13
050,20,203,"Kansas","Wichita County",3,67,28,13,15
050,20,203,"Kansas","Wichita County",3,68,31,15,16
050,20,203,"Kansas","Wichita County",3,69,33,17,16
050,20,203,"Kansas","Wichita County",3,70,22,12,10
050,20,203,"Kansas","Wichita County",3,71,17,11,6
050,20,203,"Kansas","Wichita County",3,72,18,13,5
050,20,203,"Kansas","Wichita County",3,73,19,10,9
050,20,203,"Kansas","Wichita County",3,74,18,6,12
050,20,203,"Kansas","Wichita County",3,75,13,6,7
050,20,203,"Kansas","Wichita County",3,76,17,9,8
050,20,203,"Kansas","Wichita County",3,77,13,6,7
050,20,203,"Kansas","Wichita County",3,78,14,7,7
050,20,203,"Kansas","Wichita County",3,79,12,6,6
050,20,203,"Kansas","Wichita County",3,80,13,6,7
050,20,203,"Kansas","Wichita County",3,81,11,6,5
050,20,203,"Kansas","Wichita County",3,82,6,2,4
050,20,203,"Kansas","Wichita County",3,83,6,3,3
050,20,203,"Kansas","Wichita County",3,84,9,5,4
050,20,203,"Kansas","Wichita County",3,85,72,30,42
050,20,203,"Kansas","Wichita County",4,0,40,24,16
050,20,203,"Kansas","Wichita County",4,1,35,20,15
050,20,203,"Kansas","Wichita County",4,2,29,13,16
050,20,203,"Kansas","Wichita County",4,3,23,18,5
050,20,203,"Kansas","Wichita County",4,4,31,18,13
050,20,203,"Kansas","Wichita County",4,5,23,15,8
050,20,203,"Kansas","Wichita County",4,6,29,20,9
050,20,203,"Kansas","Wichita County",4,7,24,13,11
050,20,203,"Kansas","Wichita County",4,8,31,16,15
050,20,203,"Kansas","Wichita County",4,9,34,24,10
050,20,203,"Kansas","Wichita County",4,10,28,19,9
050,20,203,"Kansas","Wichita County",4,11,32,15,17
050,20,203,"Kansas","Wichita County",4,12,41,20,21
050,20,203,"Kansas","Wichita County",4,13,41,18,23
050,20,203,"Kansas","Wichita County",4,14,39,16,23
050,20,203,"Kansas","Wichita County",4,15,36,16,20
050,20,203,"Kansas","Wichita County",4,16,37,17,20
050,20,203,"Kansas","Wichita County",4,17,31,17,14
050,20,203,"Kansas","Wichita County",4,18,24,14,10
050,20,203,"Kansas","Wichita County",4,19,22,12,10
050,20,203,"Kansas","Wichita County",4,20,21,12,9
050,20,203,"Kansas","Wichita County",4,21,20,5,15
050,20,203,"Kansas","Wichita County",4,22,19,8,11
050,20,203,"Kansas","Wichita County",4,23,22,12,10
050,20,203,"Kansas","Wichita County",4,24,11,7,4
050,20,203,"Kansas","Wichita County",4,25,24,15,9
050,20,203,"Kansas","Wichita County",4,26,17,11,6
050,20,203,"Kansas","Wichita County",4,27,13,9,4
050,20,203,"Kansas","Wichita County",4,28,22,12,10
050,20,203,"Kansas","Wichita County",4,29,31,18,13
050,20,203,"Kansas","Wichita County",4,30,23,15,8
050,20,203,"Kansas","Wichita County",4,31,19,10,9
050,20,203,"Kansas","Wichita County",4,32,15,5,10
050,20,203,"Kansas","Wichita County",4,33,18,7,11
050,20,203,"Kansas","Wichita County",4,34,20,9,11
050,20,203,"Kansas","Wichita County",4,35,20,12,8
050,20,203,"Kansas","Wichita County",4,36,23,13,10
050,20,203,"Kansas","Wichita County",4,37,15,8,7
050,20,203,"Kansas","Wichita County",4,38,25,10,15
050,20,203,"Kansas","Wichita County",4,39,25,9,16
050,20,203,"Kansas","Wichita County",4,40,21,14,7
050,20,203,"Kansas","Wichita County",4,41,25,17,8
050,20,203,"Kansas","Wichita County",4,42,20,9,11
050,20,203,"Kansas","Wichita County",4,43,23,11,12
050,20,203,"Kansas","Wichita County",4,44,34,18,16
050,20,203,"Kansas","Wichita County",4,45,30,22,8
050,20,203,"Kansas","Wichita County",4,46,22,14,8
050,20,203,"Kansas","Wichita County",4,47,11,4,7
050,20,203,"Kansas","Wichita County",4,48,18,11,7
050,20,203,"Kansas","Wichita County",4,49,22,15,7
050,20,203,"Kansas","Wichita County",4,50,25,12,13
050,20,203,"Kansas","Wichita County",4,51,27,16,11
050,20,203,"Kansas","Wichita County",4,52,31,18,13
050,20,203,"Kansas","Wichita County",4,53,25,16,9
050,20,203,"Kansas","Wichita County",4,54,19,11,8
050,20,203,"Kansas","Wichita County",4,55,21,10,11
050,20,203,"Kansas","Wichita County",4,56,18,10,8
050,20,203,"Kansas","Wichita County",4,57,23,14,9
050,20,203,"Kansas","Wichita County",4,58,23,12,11
050,20,203,"Kansas","Wichita County",4,59,32,18,14
050,20,203,"Kansas","Wichita County",4,60,27,13,14
050,20,203,"Kansas","Wichita County",4,61,24,12,12
050,20,203,"Kansas","Wichita County",4,62,28,16,12
050,20,203,"Kansas","Wichita County",4,63,28,18,10
050,20,203,"Kansas","Wichita County",4,64,28,16,12
050,20,203,"Kansas","Wichita County",4,65,29,20,9
050,20,203,"Kansas","Wichita County",4,66,29,18,11
050,20,203,"Kansas","Wichita County",4,67,30,17,13
050,20,203,"Kansas","Wichita County",4,68,25,12,13
050,20,203,"Kansas","Wichita County",4,69,29,15,14
050,20,203,"Kansas","Wichita County",4,70,33,17,16
050,20,203,"Kansas","Wichita County",4,71,22,12,10
050,20,203,"Kansas","Wichita County",4,72,18,12,6
050,20,203,"Kansas","Wichita County",4,73,17,12,5
050,20,203,"Kansas","Wichita County",4,74,19,10,9
050,20,203,"Kansas","Wichita County",4,75,18,6,12
050,20,203,"Kansas","Wichita County",4,76,13,6,7
050,20,203,"Kansas","Wichita County",4,77,15,7,8
050,20,203,"Kansas","Wichita County",4,78,13,6,7
050,20,203,"Kansas","Wichita County",4,79,13,7,6
050,20,203,"Kansas","Wichita County",4,80,12,6,6
050,20,203,"Kansas","Wichita County",4,81,13,6,7
050,20,203,"Kansas","Wichita County",4,82,9,5,4
050,20,203,"Kansas","Wichita County",4,83,6,2,4
050,20,203,"Kansas","Wichita County",4,84,4,2,2
050,20,203,"Kansas","Wichita County",4,85,73,32,41
050,20,203,"Kansas","Wichita County",5,0,40,24,16
050,20,203,"Kansas","Wichita County",5,1,47,29,18
050,20,203,"Kansas","Wichita County",5,2,34,19,15
050,20,203,"Kansas","Wichita County",5,3,29,14,15
050,20,203,"Kansas","Wichita County",5,4,24,18,6
050,20,203,"Kansas","Wichita County",5,5,31,18,13
050,20,203,"Kansas","Wichita County",5,6,26,17,9
050,20,203,"Kansas","Wichita County",5,7,28,21,7
050,20,203,"Kansas","Wichita County",5,8,25,13,12
050,20,203,"Kansas","Wichita County",5,9,27,16,11
050,20,203,"Kansas","Wichita County",5,10,32,23,9
050,20,203,"Kansas","Wichita County",5,11,27,19,8
050,20,203,"Kansas","Wichita County",5,12,32,15,17
050,20,203,"Kansas","Wichita County",5,13,35,15,20
050,20,203,"Kansas","Wichita County",5,14,40,18,22
050,20,203,"Kansas","Wichita County",5,15,41,14,27
050,20,203,"Kansas","Wichita County",5,16,35,14,21
050,20,203,"Kansas","Wichita County",5,17,36,16,20
050,20,203,"Kansas","Wichita County",5,18,28,16,12
050,20,203,"Kansas","Wichita County",5,19,19,12,7
050,20,203,"Kansas","Wichita County",5,20,25,14,11
050,20,203,"Kansas","Wichita County",5,21,22,13,9
050,20,203,"Kansas","Wichita County",5,22,23,5,18
050,20,203,"Kansas","Wichita County",5,23,19,9,10
050,20,203,"Kansas","Wichita County",5,24,20,10,10
050,20,203,"Kansas","Wichita County",5,25,15,10,5
050,20,203,"Kansas","Wichita County",5,26,23,14,9
050,20,203,"Kansas","Wichita County",5,27,16,8,8
050,20,203,"Kansas","Wichita County",5,28,11,7,4
050,20,203,"Kansas","Wichita County",5,29,19,13,6
050,20,203,"Kansas","Wichita County",5,30,29,16,13
050,20,203,"Kansas","Wichita County",5,31,25,16,9
050,20,203,"Kansas","Wichita County",5,32,19,11,8
050,20,203,"Kansas","Wichita County",5,33,15,6,9
050,20,203,"Kansas","Wichita County",5,34,20,8,12
050,20,203,"Kansas","Wichita County",5,35,18,8,10
050,20,203,"Kansas","Wichita County",5,36,18,12,6
050,20,203,"Kansas","Wichita County",5,37,23,15,8
050,20,203,"Kansas","Wichita County",5,38,16,8,8
050,20,203,"Kansas","Wichita County",5,39,25,11,14
050,20,203,"Kansas","Wichita County",5,40,28,11,17
050,20,203,"Kansas","Wichita County",5,41,21,13,8
050,20,203,"Kansas","Wichita County",5,42,25,17,8
050,20,203,"Kansas","Wichita County",5,43,22,9,13
050,20,203,"Kansas","Wichita County",5,44,24,11,13
050,20,203,"Kansas","Wichita County",5,45,33,18,15
050,20,203,"Kansas","Wichita County",5,46,30,22,8
050,20,203,"Kansas","Wichita County",5,47,20,13,7
050,20,203,"Kansas","Wichita County",5,48,11,4,7
050,20,203,"Kansas","Wichita County",5,49,19,12,7
050,20,203,"Kansas","Wichita County",5,50,23,15,8
050,20,203,"Kansas","Wichita County",5,51,26,13,13
050,20,203,"Kansas","Wichita County",5,52,27,16,11
050,20,203,"Kansas","Wichita County",5,53,31,18,13
050,20,203,"Kansas","Wichita County",5,54,26,17,9
050,20,203,"Kansas","Wichita County",5,55,20,11,9
050,20,203,"Kansas","Wichita County",5,56,19,9,10
050,20,203,"Kansas","Wichita County",5,57,18,10,8
050,20,203,"Kansas","Wichita County",5,58,22,13,9
050,20,203,"Kansas","Wichita County",5,59,21,12,9
050,20,203,"Kansas","Wichita County",5,60,32,18,14
050,20,203,"Kansas","Wichita County",5,61,24,10,14
050,20,203,"Kansas","Wichita County",5,62,26,11,15
050,20,203,"Kansas","Wichita County",5,63,26,17,9
050,20,203,"Kansas","Wichita County",5,64,27,16,11
050,20,203,"Kansas","Wichita County",5,65,28,18,10
050,20,203,"Kansas","Wichita County",5,66,27,18,9
050,20,203,"Kansas","Wichita County",5,67,25,15,10
050,20,203,"Kansas","Wichita County",5,68,28,15,13
050,20,203,"Kansas","Wichita County",5,69,25,12,13
050,20,203,"Kansas","Wichita County",5,70,29,15,14
050,20,203,"Kansas","Wichita County",5,71,33,17,16
050,20,203,"Kansas","Wichita County",5,72,23,13,10
050,20,203,"Kansas","Wichita County",5,73,17,11,6
050,20,203,"Kansas","Wichita County",5,74,18,12,6
050,20,203,"Kansas","Wichita County",5,75,18,10,8
050,20,203,"Kansas","Wichita County",5,76,17,6,11
050,20,203,"Kansas","Wichita County",5,77,11,5,6
050,20,203,"Kansas","Wichita County",5,78,14,6,8
050,20,203,"Kansas","Wichita County",5,79,12,6,6
050,20,203,"Kansas","Wichita County",5,80,13,7,6
050,20,203,"Kansas","Wichita County",5,81,12,6,6
050,20,203,"Kansas","Wichita County",5,82,12,5,7
050,20,203,"Kansas","Wichita County",5,83,9,5,4
050,20,203,"Kansas","Wichita County",5,84,5,1,4
050,20,203,"Kansas","Wichita County",5,85,68,30,38
050,20,205,"Kansas","Wilson County",1,0,96,49,47
050,20,205,"Kansas","Wilson County",1,1,107,60,47
050,20,205,"Kansas","Wilson County",1,2,107,50,57
050,20,205,"Kansas","Wilson County",1,3,121,66,55
050,20,205,"Kansas","Wilson County",1,4,113,57,56
050,20,205,"Kansas","Wilson County",1,5,93,47,46
050,20,205,"Kansas","Wilson County",1,6,107,56,51
050,20,205,"Kansas","Wilson County",1,7,113,53,60
050,20,205,"Kansas","Wilson County",1,8,126,67,59
050,20,205,"Kansas","Wilson County",1,9,109,65,44
050,20,205,"Kansas","Wilson County",1,10,117,57,60
050,20,205,"Kansas","Wilson County",1,11,113,51,62
050,20,205,"Kansas","Wilson County",1,12,111,53,58
050,20,205,"Kansas","Wilson County",1,13,116,53,63
050,20,205,"Kansas","Wilson County",1,14,122,54,68
050,20,205,"Kansas","Wilson County",1,15,121,66,55
050,20,205,"Kansas","Wilson County",1,16,139,73,66
050,20,205,"Kansas","Wilson County",1,17,121,61,60
050,20,205,"Kansas","Wilson County",1,18,105,62,43
050,20,205,"Kansas","Wilson County",1,19,83,44,39
050,20,205,"Kansas","Wilson County",1,20,89,47,42
050,20,205,"Kansas","Wilson County",1,21,87,53,34
050,20,205,"Kansas","Wilson County",1,22,88,41,47
050,20,205,"Kansas","Wilson County",1,23,81,44,37
050,20,205,"Kansas","Wilson County",1,24,67,40,27
050,20,205,"Kansas","Wilson County",1,25,70,35,35
050,20,205,"Kansas","Wilson County",1,26,89,48,41
050,20,205,"Kansas","Wilson County",1,27,92,48,44
050,20,205,"Kansas","Wilson County",1,28,93,52,41
050,20,205,"Kansas","Wilson County",1,29,78,34,44
050,20,205,"Kansas","Wilson County",1,30,84,46,38
050,20,205,"Kansas","Wilson County",1,31,92,44,48
050,20,205,"Kansas","Wilson County",1,32,94,46,48
050,20,205,"Kansas","Wilson County",1,33,93,50,43
050,20,205,"Kansas","Wilson County",1,34,86,40,46
050,20,205,"Kansas","Wilson County",1,35,103,50,53
050,20,205,"Kansas","Wilson County",1,36,104,50,54
050,20,205,"Kansas","Wilson County",1,37,103,52,51
050,20,205,"Kansas","Wilson County",1,38,95,42,53
050,20,205,"Kansas","Wilson County",1,39,98,50,48
050,20,205,"Kansas","Wilson County",1,40,115,64,51
050,20,205,"Kansas","Wilson County",1,41,99,56,43
050,20,205,"Kansas","Wilson County",1,42,88,46,42
050,20,205,"Kansas","Wilson County",1,43,95,48,47
050,20,205,"Kansas","Wilson County",1,44,80,39,41
050,20,205,"Kansas","Wilson County",1,45,75,42,33
050,20,205,"Kansas","Wilson County",1,46,82,46,36
050,20,205,"Kansas","Wilson County",1,47,99,58,41
050,20,205,"Kansas","Wilson County",1,48,102,49,53
050,20,205,"Kansas","Wilson County",1,49,102,46,56
050,20,205,"Kansas","Wilson County",1,50,102,54,48
050,20,205,"Kansas","Wilson County",1,51,97,48,49
050,20,205,"Kansas","Wilson County",1,52,90,46,44
050,20,205,"Kansas","Wilson County",1,53,94,40,54
050,20,205,"Kansas","Wilson County",1,54,104,49,55
050,20,205,"Kansas","Wilson County",1,55,105,55,50
050,20,205,"Kansas","Wilson County",1,56,107,55,52
050,20,205,"Kansas","Wilson County",1,57,113,57,56
050,20,205,"Kansas","Wilson County",1,58,116,63,53
050,20,205,"Kansas","Wilson County",1,59,132,74,58
050,20,205,"Kansas","Wilson County",1,60,126,58,68
050,20,205,"Kansas","Wilson County",1,61,142,69,73
050,20,205,"Kansas","Wilson County",1,62,142,69,73
050,20,205,"Kansas","Wilson County",1,63,143,67,76
050,20,205,"Kansas","Wilson County",1,64,137,69,68
050,20,205,"Kansas","Wilson County",1,65,130,69,61
050,20,205,"Kansas","Wilson County",1,66,136,66,70
050,20,205,"Kansas","Wilson County",1,67,132,66,66
050,20,205,"Kansas","Wilson County",1,68,120,60,60
050,20,205,"Kansas","Wilson County",1,69,100,46,54
050,20,205,"Kansas","Wilson County",1,70,114,60,54
050,20,205,"Kansas","Wilson County",1,71,94,47,47
050,20,205,"Kansas","Wilson County",1,72,100,49,51
050,20,205,"Kansas","Wilson County",1,73,106,59,47
050,20,205,"Kansas","Wilson County",1,74,82,42,40
050,20,205,"Kansas","Wilson County",1,75,81,33,48
050,20,205,"Kansas","Wilson County",1,76,72,32,40
050,20,205,"Kansas","Wilson County",1,77,77,35,42
050,20,205,"Kansas","Wilson County",1,78,72,37,35
050,20,205,"Kansas","Wilson County",1,79,54,29,25
050,20,205,"Kansas","Wilson County",1,80,43,17,26
050,20,205,"Kansas","Wilson County",1,81,46,26,20
050,20,205,"Kansas","Wilson County",1,82,52,25,27
050,20,205,"Kansas","Wilson County",1,83,35,11,24
050,20,205,"Kansas","Wilson County",1,84,34,14,20
050,20,205,"Kansas","Wilson County",1,85,236,76,160
050,20,205,"Kansas","Wilson County",2,0,97,51,46
050,20,205,"Kansas","Wilson County",2,1,104,58,46
050,20,205,"Kansas","Wilson County",2,2,106,53,53
050,20,205,"Kansas","Wilson County",2,3,117,62,55
050,20,205,"Kansas","Wilson County",2,4,116,59,57
050,20,205,"Kansas","Wilson County",2,5,97,48,49
050,20,205,"Kansas","Wilson County",2,6,101,52,49
050,20,205,"Kansas","Wilson County",2,7,111,53,58
050,20,205,"Kansas","Wilson County",2,8,122,63,59
050,20,205,"Kansas","Wilson County",2,9,112,64,48
050,20,205,"Kansas","Wilson County",2,10,113,58,55
050,20,205,"Kansas","Wilson County",2,11,112,51,61
050,20,205,"Kansas","Wilson County",2,12,110,52,58
050,20,205,"Kansas","Wilson County",2,13,114,53,61
050,20,205,"Kansas","Wilson County",2,14,122,54,68
050,20,205,"Kansas","Wilson County",2,15,122,63,59
050,20,205,"Kansas","Wilson County",2,16,132,69,63
050,20,205,"Kansas","Wilson County",2,17,124,64,60
050,20,205,"Kansas","Wilson County",2,18,103,58,45
050,20,205,"Kansas","Wilson County",2,19,84,45,39
050,20,205,"Kansas","Wilson County",2,20,89,48,41
050,20,205,"Kansas","Wilson County",2,21,88,50,38
050,20,205,"Kansas","Wilson County",2,22,87,43,44
050,20,205,"Kansas","Wilson County",2,23,81,41,40
050,20,205,"Kansas","Wilson County",2,24,70,41,29
050,20,205,"Kansas","Wilson County",2,25,66,34,32
050,20,205,"Kansas","Wilson County",2,26,84,45,39
050,20,205,"Kansas","Wilson County",2,27,92,49,43
050,20,205,"Kansas","Wilson County",2,28,93,51,42
050,20,205,"Kansas","Wilson County",2,29,80,38,42
050,20,205,"Kansas","Wilson County",2,30,84,44,40
050,20,205,"Kansas","Wilson County",2,31,90,45,45
050,20,205,"Kansas","Wilson County",2,32,93,46,47
050,20,205,"Kansas","Wilson County",2,33,94,50,44
050,20,205,"Kansas","Wilson County",2,34,90,44,46
050,20,205,"Kansas","Wilson County",2,35,101,48,53
050,20,205,"Kansas","Wilson County",2,36,102,49,53
050,20,205,"Kansas","Wilson County",2,37,103,52,51
050,20,205,"Kansas","Wilson County",2,38,97,45,52
050,20,205,"Kansas","Wilson County",2,39,98,49,49
050,20,205,"Kansas","Wilson County",2,40,112,61,51
050,20,205,"Kansas","Wilson County",2,41,103,58,45
050,20,205,"Kansas","Wilson County",2,42,89,47,42
050,20,205,"Kansas","Wilson County",2,43,94,48,46
050,20,205,"Kansas","Wilson County",2,44,78,39,39
050,20,205,"Kansas","Wilson County",2,45,77,41,36
050,20,205,"Kansas","Wilson County",2,46,80,45,35
050,20,205,"Kansas","Wilson County",2,47,93,54,39
050,20,205,"Kansas","Wilson County",2,48,100,50,50
050,20,205,"Kansas","Wilson County",2,49,101,46,55
050,20,205,"Kansas","Wilson County",2,50,100,50,50
050,20,205,"Kansas","Wilson County",2,51,97,49,48
050,20,205,"Kansas","Wilson County",2,52,91,46,45
050,20,205,"Kansas","Wilson County",2,53,93,42,51
050,20,205,"Kansas","Wilson County",2,54,100,46,54
050,20,205,"Kansas","Wilson County",2,55,103,53,50
050,20,205,"Kansas","Wilson County",2,56,108,56,52
050,20,205,"Kansas","Wilson County",2,57,112,57,55
050,20,205,"Kansas","Wilson County",2,58,117,63,54
050,20,205,"Kansas","Wilson County",2,59,127,71,56
050,20,205,"Kansas","Wilson County",2,60,127,62,65
050,20,205,"Kansas","Wilson County",2,61,137,66,71
050,20,205,"Kansas","Wilson County",2,62,138,66,72
050,20,205,"Kansas","Wilson County",2,63,143,68,75
050,20,205,"Kansas","Wilson County",2,64,139,69,70
050,20,205,"Kansas","Wilson County",2,65,131,69,62
050,20,205,"Kansas","Wilson County",2,66,134,67,67
050,20,205,"Kansas","Wilson County",2,67,133,66,67
050,20,205,"Kansas","Wilson County",2,68,123,61,62
050,20,205,"Kansas","Wilson County",2,69,106,50,56
050,20,205,"Kansas","Wilson County",2,70,110,56,54
050,20,205,"Kansas","Wilson County",2,71,96,49,47
050,20,205,"Kansas","Wilson County",2,72,96,47,49
050,20,205,"Kansas","Wilson County",2,73,109,60,49
050,20,205,"Kansas","Wilson County",2,74,82,43,39
050,20,205,"Kansas","Wilson County",2,75,80,35,45
050,20,205,"Kansas","Wilson County",2,76,72,32,40
050,20,205,"Kansas","Wilson County",2,77,77,35,42
050,20,205,"Kansas","Wilson County",2,78,71,36,35
050,20,205,"Kansas","Wilson County",2,79,57,31,26
050,20,205,"Kansas","Wilson County",2,80,46,20,26
050,20,205,"Kansas","Wilson County",2,81,44,23,21
050,20,205,"Kansas","Wilson County",2,82,51,25,26
050,20,205,"Kansas","Wilson County",2,83,37,14,23
050,20,205,"Kansas","Wilson County",2,84,34,13,21
050,20,205,"Kansas","Wilson County",2,85,233,74,159
050,20,205,"Kansas","Wilson County",3,0,91,51,40
050,20,205,"Kansas","Wilson County",3,1,87,46,41
050,20,205,"Kansas","Wilson County",3,2,100,54,46
050,20,205,"Kansas","Wilson County",3,3,103,54,49
050,20,205,"Kansas","Wilson County",3,4,114,58,56
050,20,205,"Kansas","Wilson County",3,5,116,59,57
050,20,205,"Kansas","Wilson County",3,6,104,54,50
050,20,205,"Kansas","Wilson County",3,7,120,63,57
050,20,205,"Kansas","Wilson County",3,8,113,56,57
050,20,205,"Kansas","Wilson County",3,9,129,70,59
050,20,205,"Kansas","Wilson County",3,10,114,65,49
050,20,205,"Kansas","Wilson County",3,11,113,57,56
050,20,205,"Kansas","Wilson County",3,12,118,53,65
050,20,205,"Kansas","Wilson County",3,13,115,53,62
050,20,205,"Kansas","Wilson County",3,14,120,58,62
050,20,205,"Kansas","Wilson County",3,15,127,56,71
050,20,205,"Kansas","Wilson County",3,16,123,65,58
050,20,205,"Kansas","Wilson County",3,17,133,67,66
050,20,205,"Kansas","Wilson County",3,18,106,58,48
050,20,205,"Kansas","Wilson County",3,19,73,42,31
050,20,205,"Kansas","Wilson County",3,20,77,40,37
050,20,205,"Kansas","Wilson County",3,21,88,48,40
050,20,205,"Kansas","Wilson County",3,22,90,51,39
050,20,205,"Kansas","Wilson County",3,23,88,46,42
050,20,205,"Kansas","Wilson County",3,24,77,41,36
050,20,205,"Kansas","Wilson County",3,25,64,35,29
050,20,205,"Kansas","Wilson County",3,26,59,28,31
050,20,205,"Kansas","Wilson County",3,27,91,48,43
050,20,205,"Kansas","Wilson County",3,28,83,42,41
050,20,205,"Kansas","Wilson County",3,29,86,43,43
050,20,205,"Kansas","Wilson County",3,30,76,38,38
050,20,205,"Kansas","Wilson County",3,31,83,42,41
050,20,205,"Kansas","Wilson County",3,32,87,43,44
050,20,205,"Kansas","Wilson County",3,33,94,46,48
050,20,205,"Kansas","Wilson County",3,34,89,47,42
050,20,205,"Kansas","Wilson County",3,35,98,50,48
050,20,205,"Kansas","Wilson County",3,36,101,45,56
050,20,205,"Kansas","Wilson County",3,37,105,52,53
050,20,205,"Kansas","Wilson County",3,38,104,55,49
050,20,205,"Kansas","Wilson County",3,39,98,41,57
050,20,205,"Kansas","Wilson County",3,40,112,62,50
050,20,205,"Kansas","Wilson County",3,41,115,63,52
050,20,205,"Kansas","Wilson County",3,42,107,58,49
050,20,205,"Kansas","Wilson County",3,43,87,45,42
050,20,205,"Kansas","Wilson County",3,44,90,50,40
050,20,205,"Kansas","Wilson County",3,45,80,44,36
050,20,205,"Kansas","Wilson County",3,46,79,41,38
050,20,205,"Kansas","Wilson County",3,47,77,45,32
050,20,205,"Kansas","Wilson County",3,48,92,53,39
050,20,205,"Kansas","Wilson County",3,49,106,54,52
050,20,205,"Kansas","Wilson County",3,50,99,44,55
050,20,205,"Kansas","Wilson County",3,51,100,50,50
050,20,205,"Kansas","Wilson County",3,52,98,50,48
050,20,205,"Kansas","Wilson County",3,53,90,46,44
050,20,205,"Kansas","Wilson County",3,54,92,44,48
050,20,205,"Kansas","Wilson County",3,55,98,46,52
050,20,205,"Kansas","Wilson County",3,56,108,54,54
050,20,205,"Kansas","Wilson County",3,57,103,51,52
050,20,205,"Kansas","Wilson County",3,58,112,54,58
050,20,205,"Kansas","Wilson County",3,59,114,62,52
050,20,205,"Kansas","Wilson County",3,60,122,69,53
050,20,205,"Kansas","Wilson County",3,61,123,58,65
050,20,205,"Kansas","Wilson County",3,62,134,64,70
050,20,205,"Kansas","Wilson County",3,63,135,64,71
050,20,205,"Kansas","Wilson County",3,64,142,68,74
050,20,205,"Kansas","Wilson County",3,65,135,66,69
050,20,205,"Kansas","Wilson County",3,66,128,67,61
050,20,205,"Kansas","Wilson County",3,67,128,63,65
050,20,205,"Kansas","Wilson County",3,68,134,65,69
050,20,205,"Kansas","Wilson County",3,69,116,57,59
050,20,205,"Kansas","Wilson County",3,70,105,49,56
050,20,205,"Kansas","Wilson County",3,71,104,54,50
050,20,205,"Kansas","Wilson County",3,72,87,44,43
050,20,205,"Kansas","Wilson County",3,73,99,50,49
050,20,205,"Kansas","Wilson County",3,74,108,58,50
050,20,205,"Kansas","Wilson County",3,75,80,43,37
050,20,205,"Kansas","Wilson County",3,76,74,32,42
050,20,205,"Kansas","Wilson County",3,77,69,29,40
050,20,205,"Kansas","Wilson County",3,78,73,32,41
050,20,205,"Kansas","Wilson County",3,79,67,32,35
050,20,205,"Kansas","Wilson County",3,80,55,28,27
050,20,205,"Kansas","Wilson County",3,81,42,17,25
050,20,205,"Kansas","Wilson County",3,82,39,20,19
050,20,205,"Kansas","Wilson County",3,83,45,21,24
050,20,205,"Kansas","Wilson County",3,84,34,14,20
050,20,205,"Kansas","Wilson County",3,85,226,69,157
050,20,205,"Kansas","Wilson County",4,0,76,43,33
050,20,205,"Kansas","Wilson County",4,1,91,51,40
050,20,205,"Kansas","Wilson County",4,2,93,48,45
050,20,205,"Kansas","Wilson County",4,3,101,55,46
050,20,205,"Kansas","Wilson County",4,4,115,61,54
050,20,205,"Kansas","Wilson County",4,5,124,70,54
050,20,205,"Kansas","Wilson County",4,6,130,65,65
050,20,205,"Kansas","Wilson County",4,7,100,53,47
050,20,205,"Kansas","Wilson County",4,8,111,61,50
050,20,205,"Kansas","Wilson County",4,9,123,61,62
050,20,205,"Kansas","Wilson County",4,10,130,71,59
050,20,205,"Kansas","Wilson County",4,11,117,67,50
050,20,205,"Kansas","Wilson County",4,12,120,60,60
050,20,205,"Kansas","Wilson County",4,13,117,49,68
050,20,205,"Kansas","Wilson County",4,14,122,55,67
050,20,205,"Kansas","Wilson County",4,15,127,64,63
050,20,205,"Kansas","Wilson County",4,16,131,62,69
050,20,205,"Kansas","Wilson County",4,17,122,63,59
050,20,205,"Kansas","Wilson County",4,18,115,59,56
050,20,205,"Kansas","Wilson County",4,19,88,47,41
050,20,205,"Kansas","Wilson County",4,20,77,41,36
050,20,205,"Kansas","Wilson County",4,21,90,46,44
050,20,205,"Kansas","Wilson County",4,22,86,50,36
050,20,205,"Kansas","Wilson County",4,23,91,48,43
050,20,205,"Kansas","Wilson County",4,24,87,46,41
050,20,205,"Kansas","Wilson County",4,25,74,35,39
050,20,205,"Kansas","Wilson County",4,26,72,35,37
050,20,205,"Kansas","Wilson County",4,27,58,32,26
050,20,205,"Kansas","Wilson County",4,28,96,47,49
050,20,205,"Kansas","Wilson County",4,29,82,44,38
050,20,205,"Kansas","Wilson County",4,30,86,44,42
050,20,205,"Kansas","Wilson County",4,31,76,37,39
050,20,205,"Kansas","Wilson County",4,32,88,44,44
050,20,205,"Kansas","Wilson County",4,33,88,41,47
050,20,205,"Kansas","Wilson County",4,34,93,44,49
050,20,205,"Kansas","Wilson County",4,35,89,47,42
050,20,205,"Kansas","Wilson County",4,36,98,49,49
050,20,205,"Kansas","Wilson County",4,37,106,50,56
050,20,205,"Kansas","Wilson County",4,38,106,53,53
050,20,205,"Kansas","Wilson County",4,39,105,56,49
050,20,205,"Kansas","Wilson County",4,40,101,45,56
050,20,205,"Kansas","Wilson County",4,41,106,56,50
050,20,205,"Kansas","Wilson County",4,42,121,60,61
050,20,205,"Kansas","Wilson County",4,43,109,60,49
050,20,205,"Kansas","Wilson County",4,44,89,47,42
050,20,205,"Kansas","Wilson County",4,45,96,53,43
050,20,205,"Kansas","Wilson County",4,46,82,46,36
050,20,205,"Kansas","Wilson County",4,47,80,42,38
050,20,205,"Kansas","Wilson County",4,48,86,50,36
050,20,205,"Kansas","Wilson County",4,49,93,53,40
050,20,205,"Kansas","Wilson County",4,50,109,55,54
050,20,205,"Kansas","Wilson County",4,51,97,41,56
050,20,205,"Kansas","Wilson County",4,52,105,51,54
050,20,205,"Kansas","Wilson County",4,53,103,54,49
050,20,205,"Kansas","Wilson County",4,54,91,47,44
050,20,205,"Kansas","Wilson County",4,55,87,43,44
050,20,205,"Kansas","Wilson County",4,56,95,43,52
050,20,205,"Kansas","Wilson County",4,57,109,53,56
050,20,205,"Kansas","Wilson County",4,58,98,45,53
050,20,205,"Kansas","Wilson County",4,59,107,52,55
050,20,205,"Kansas","Wilson County",4,60,118,68,50
050,20,205,"Kansas","Wilson County",4,61,119,69,50
050,20,205,"Kansas","Wilson County",4,62,118,56,62
050,20,205,"Kansas","Wilson County",4,63,135,65,70
050,20,205,"Kansas","Wilson County",4,64,139,65,74
050,20,205,"Kansas","Wilson County",4,65,135,64,71
050,20,205,"Kansas","Wilson County",4,66,134,67,67
050,20,205,"Kansas","Wilson County",4,67,122,63,59
050,20,205,"Kansas","Wilson County",4,68,129,65,64
050,20,205,"Kansas","Wilson County",4,69,135,64,71
050,20,205,"Kansas","Wilson County",4,70,119,59,60
050,20,205,"Kansas","Wilson County",4,71,98,47,51
050,20,205,"Kansas","Wilson County",4,72,101,50,51
050,20,205,"Kansas","Wilson County",4,73,83,43,40
050,20,205,"Kansas","Wilson County",4,74,96,48,48
050,20,205,"Kansas","Wilson County",4,75,96,53,43
050,20,205,"Kansas","Wilson County",4,76,75,38,37
050,20,205,"Kansas","Wilson County",4,77,71,30,41
050,20,205,"Kansas","Wilson County",4,78,66,29,37
050,20,205,"Kansas","Wilson County",4,79,72,30,42
050,20,205,"Kansas","Wilson County",4,80,64,28,36
050,20,205,"Kansas","Wilson County",4,81,47,23,24
050,20,205,"Kansas","Wilson County",4,82,36,13,23
050,20,205,"Kansas","Wilson County",4,83,37,19,18
050,20,205,"Kansas","Wilson County",4,84,39,20,19
050,20,205,"Kansas","Wilson County",4,85,205,60,145
050,20,205,"Kansas","Wilson County",5,0,76,43,33
050,20,205,"Kansas","Wilson County",5,1,78,43,35
050,20,205,"Kansas","Wilson County",5,2,85,48,37
050,20,205,"Kansas","Wilson County",5,3,94,49,45
050,20,205,"Kansas","Wilson County",5,4,98,51,47
050,20,205,"Kansas","Wilson County",5,5,109,54,55
050,20,205,"Kansas","Wilson County",5,6,119,70,49
050,20,205,"Kansas","Wilson County",5,7,125,61,64
050,20,205,"Kansas","Wilson County",5,8,106,54,52
050,20,205,"Kansas","Wilson County",5,9,115,62,53
050,20,205,"Kansas","Wilson County",5,10,126,65,61
050,20,205,"Kansas","Wilson County",5,11,138,77,61
050,20,205,"Kansas","Wilson County",5,12,117,62,55
050,20,205,"Kansas","Wilson County",5,13,126,65,61
050,20,205,"Kansas","Wilson County",5,14,113,54,59
050,20,205,"Kansas","Wilson County",5,15,112,55,57
050,20,205,"Kansas","Wilson County",5,16,126,64,62
050,20,205,"Kansas","Wilson County",5,17,131,61,70
050,20,205,"Kansas","Wilson County",5,18,93,53,40
050,20,205,"Kansas","Wilson County",5,19,82,42,40
050,20,205,"Kansas","Wilson County",5,20,90,48,42
050,20,205,"Kansas","Wilson County",5,21,85,44,41
050,20,205,"Kansas","Wilson County",5,22,80,42,38
050,20,205,"Kansas","Wilson County",5,23,82,42,40
050,20,205,"Kansas","Wilson County",5,24,90,48,42
050,20,205,"Kansas","Wilson County",5,25,86,46,40
050,20,205,"Kansas","Wilson County",5,26,79,44,35
050,20,205,"Kansas","Wilson County",5,27,64,31,33
050,20,205,"Kansas","Wilson County",5,28,63,32,31
050,20,205,"Kansas","Wilson County",5,29,86,41,45
050,20,205,"Kansas","Wilson County",5,30,78,42,36
050,20,205,"Kansas","Wilson County",5,31,86,44,42
050,20,205,"Kansas","Wilson County",5,32,81,42,39
050,20,205,"Kansas","Wilson County",5,33,88,47,41
050,20,205,"Kansas","Wilson County",5,34,84,41,43
050,20,205,"Kansas","Wilson County",5,35,91,41,50
050,20,205,"Kansas","Wilson County",5,36,81,42,39
050,20,205,"Kansas","Wilson County",5,37,94,47,47
050,20,205,"Kansas","Wilson County",5,38,104,47,57
050,20,205,"Kansas","Wilson County",5,39,111,54,57
050,20,205,"Kansas","Wilson County",5,40,104,53,51
050,20,205,"Kansas","Wilson County",5,41,104,46,58
050,20,205,"Kansas","Wilson County",5,42,104,52,52
050,20,205,"Kansas","Wilson County",5,43,124,61,63
050,20,205,"Kansas","Wilson County",5,44,105,57,48
050,20,205,"Kansas","Wilson County",5,45,92,51,41
050,20,205,"Kansas","Wilson County",5,46,96,52,44
050,20,205,"Kansas","Wilson County",5,47,91,52,39
050,20,205,"Kansas","Wilson County",5,48,77,40,37
050,20,205,"Kansas","Wilson County",5,49,86,52,34
050,20,205,"Kansas","Wilson County",5,50,92,49,43
050,20,205,"Kansas","Wilson County",5,51,102,52,50
050,20,205,"Kansas","Wilson County",5,52,93,42,51
050,20,205,"Kansas","Wilson County",5,53,104,46,58
050,20,205,"Kansas","Wilson County",5,54,101,52,49
050,20,205,"Kansas","Wilson County",5,55,95,47,48
050,20,205,"Kansas","Wilson County",5,56,85,41,44
050,20,205,"Kansas","Wilson County",5,57,90,43,47
050,20,205,"Kansas","Wilson County",5,58,110,52,58
050,20,205,"Kansas","Wilson County",5,59,99,49,50
050,20,205,"Kansas","Wilson County",5,60,105,51,54
050,20,205,"Kansas","Wilson County",5,61,112,64,48
050,20,205,"Kansas","Wilson County",5,62,117,66,51
050,20,205,"Kansas","Wilson County",5,63,115,55,60
050,20,205,"Kansas","Wilson County",5,64,135,66,69
050,20,205,"Kansas","Wilson County",5,65,135,65,70
050,20,205,"Kansas","Wilson County",5,66,133,64,69
050,20,205,"Kansas","Wilson County",5,67,128,61,67
050,20,205,"Kansas","Wilson County",5,68,122,64,58
050,20,205,"Kansas","Wilson County",5,69,126,62,64
050,20,205,"Kansas","Wilson County",5,70,133,64,69
050,20,205,"Kansas","Wilson County",5,71,111,56,55
050,20,205,"Kansas","Wilson County",5,72,94,44,50
050,20,205,"Kansas","Wilson County",5,73,98,50,48
050,20,205,"Kansas","Wilson County",5,74,79,41,38
050,20,205,"Kansas","Wilson County",5,75,86,44,42
050,20,205,"Kansas","Wilson County",5,76,88,47,41
050,20,205,"Kansas","Wilson County",5,77,70,36,34
050,20,205,"Kansas","Wilson County",5,78,70,30,40
050,20,205,"Kansas","Wilson County",5,79,65,26,39
050,20,205,"Kansas","Wilson County",5,80,68,26,42
050,20,205,"Kansas","Wilson County",5,81,60,27,33
050,20,205,"Kansas","Wilson County",5,82,40,17,23
050,20,205,"Kansas","Wilson County",5,83,33,12,21
050,20,205,"Kansas","Wilson County",5,84,32,18,14
050,20,205,"Kansas","Wilson County",5,85,201,61,140
050,20,207,"Kansas","Woodson County",1,0,22,11,11
050,20,207,"Kansas","Woodson County",1,1,25,14,11
050,20,207,"Kansas","Woodson County",1,2,32,15,17
050,20,207,"Kansas","Woodson County",1,3,34,21,13
050,20,207,"Kansas","Woodson County",1,4,37,24,13
050,20,207,"Kansas","Woodson County",1,5,37,23,14
050,20,207,"Kansas","Woodson County",1,6,29,15,14
050,20,207,"Kansas","Woodson County",1,7,29,16,13
050,20,207,"Kansas","Woodson County",1,8,44,23,21
050,20,207,"Kansas","Woodson County",1,9,38,23,15
050,20,207,"Kansas","Woodson County",1,10,39,21,18
050,20,207,"Kansas","Woodson County",1,11,33,17,16
050,20,207,"Kansas","Woodson County",1,12,40,18,22
050,20,207,"Kansas","Woodson County",1,13,37,19,18
050,20,207,"Kansas","Woodson County",1,14,40,19,21
050,20,207,"Kansas","Woodson County",1,15,35,16,19
050,20,207,"Kansas","Woodson County",1,16,41,20,21
050,20,207,"Kansas","Woodson County",1,17,47,26,21
050,20,207,"Kansas","Woodson County",1,18,39,19,20
050,20,207,"Kansas","Woodson County",1,19,22,10,12
050,20,207,"Kansas","Woodson County",1,20,25,13,12
050,20,207,"Kansas","Woodson County",1,21,29,17,12
050,20,207,"Kansas","Woodson County",1,22,22,13,9
050,20,207,"Kansas","Woodson County",1,23,30,14,16
050,20,207,"Kansas","Woodson County",1,24,28,14,14
050,20,207,"Kansas","Woodson County",1,25,28,9,19
050,20,207,"Kansas","Woodson County",1,26,26,13,13
050,20,207,"Kansas","Woodson County",1,27,26,13,13
050,20,207,"Kansas","Woodson County",1,28,26,11,15
050,20,207,"Kansas","Woodson County",1,29,29,15,14
050,20,207,"Kansas","Woodson County",1,30,31,14,17
050,20,207,"Kansas","Woodson County",1,31,35,19,16
050,20,207,"Kansas","Woodson County",1,32,33,14,19
050,20,207,"Kansas","Woodson County",1,33,33,13,20
050,20,207,"Kansas","Woodson County",1,34,38,18,20
050,20,207,"Kansas","Woodson County",1,35,30,16,14
050,20,207,"Kansas","Woodson County",1,36,25,16,9
050,20,207,"Kansas","Woodson County",1,37,35,17,18
050,20,207,"Kansas","Woodson County",1,38,38,17,21
050,20,207,"Kansas","Woodson County",1,39,45,22,23
050,20,207,"Kansas","Woodson County",1,40,45,20,25
050,20,207,"Kansas","Woodson County",1,41,40,16,24
050,20,207,"Kansas","Woodson County",1,42,27,18,9
050,20,207,"Kansas","Woodson County",1,43,31,18,13
050,20,207,"Kansas","Woodson County",1,44,27,19,8
050,20,207,"Kansas","Woodson County",1,45,28,20,8
050,20,207,"Kansas","Woodson County",1,46,25,19,6
050,20,207,"Kansas","Woodson County",1,47,22,14,8
050,20,207,"Kansas","Woodson County",1,48,30,18,12
050,20,207,"Kansas","Woodson County",1,49,29,18,11
050,20,207,"Kansas","Woodson County",1,50,36,23,13
050,20,207,"Kansas","Woodson County",1,51,42,23,19
050,20,207,"Kansas","Woodson County",1,52,31,16,15
050,20,207,"Kansas","Woodson County",1,53,32,12,20
050,20,207,"Kansas","Woodson County",1,54,42,20,22
050,20,207,"Kansas","Woodson County",1,55,51,21,30
050,20,207,"Kansas","Woodson County",1,56,47,28,19
050,20,207,"Kansas","Woodson County",1,57,53,33,20
050,20,207,"Kansas","Woodson County",1,58,51,26,25
050,20,207,"Kansas","Woodson County",1,59,53,23,30
050,20,207,"Kansas","Woodson County",1,60,57,26,31
050,20,207,"Kansas","Woodson County",1,61,60,25,35
050,20,207,"Kansas","Woodson County",1,62,54,26,28
050,20,207,"Kansas","Woodson County",1,63,56,27,29
050,20,207,"Kansas","Woodson County",1,64,56,31,25
050,20,207,"Kansas","Woodson County",1,65,51,25,26
050,20,207,"Kansas","Woodson County",1,66,50,29,21
050,20,207,"Kansas","Woodson County",1,67,58,32,26
050,20,207,"Kansas","Woodson County",1,68,60,32,28
050,20,207,"Kansas","Woodson County",1,69,48,26,22
050,20,207,"Kansas","Woodson County",1,70,47,28,19
050,20,207,"Kansas","Woodson County",1,71,45,22,23
050,20,207,"Kansas","Woodson County",1,72,36,17,19
050,20,207,"Kansas","Woodson County",1,73,46,26,20
050,20,207,"Kansas","Woodson County",1,74,27,12,15
050,20,207,"Kansas","Woodson County",1,75,26,11,15
050,20,207,"Kansas","Woodson County",1,76,30,14,16
050,20,207,"Kansas","Woodson County",1,77,26,13,13
050,20,207,"Kansas","Woodson County",1,78,20,8,12
050,20,207,"Kansas","Woodson County",1,79,24,14,10
050,20,207,"Kansas","Woodson County",1,80,27,15,12
050,20,207,"Kansas","Woodson County",1,81,13,8,5
050,20,207,"Kansas","Woodson County",1,82,15,8,7
050,20,207,"Kansas","Woodson County",1,83,9,2,7
050,20,207,"Kansas","Woodson County",1,84,17,2,15
050,20,207,"Kansas","Woodson County",1,85,111,40,71
050,20,207,"Kansas","Woodson County",2,0,24,13,11
050,20,207,"Kansas","Woodson County",2,1,24,13,11
050,20,207,"Kansas","Woodson County",2,2,31,15,16
050,20,207,"Kansas","Woodson County",2,3,33,20,13
050,20,207,"Kansas","Woodson County",2,4,37,24,13
050,20,207,"Kansas","Woodson County",2,5,36,22,14
050,20,207,"Kansas","Woodson County",2,6,31,16,15
050,20,207,"Kansas","Woodson County",2,7,30,16,14
050,20,207,"Kansas","Woodson County",2,8,39,20,19
050,20,207,"Kansas","Woodson County",2,9,38,23,15
050,20,207,"Kansas","Woodson County",2,10,39,22,17
050,20,207,"Kansas","Woodson County",2,11,33,17,16
050,20,207,"Kansas","Woodson County",2,12,39,18,21
050,20,207,"Kansas","Woodson County",2,13,37,19,18
050,20,207,"Kansas","Woodson County",2,14,38,18,20
050,20,207,"Kansas","Woodson County",2,15,36,17,19
050,20,207,"Kansas","Woodson County",2,16,38,18,20
050,20,207,"Kansas","Woodson County",2,17,45,24,21
050,20,207,"Kansas","Woodson County",2,18,39,20,19
050,20,207,"Kansas","Woodson County",2,19,24,11,13
050,20,207,"Kansas","Woodson County",2,20,25,12,13
050,20,207,"Kansas","Woodson County",2,21,29,17,12
050,20,207,"Kansas","Woodson County",2,22,24,14,10
050,20,207,"Kansas","Woodson County",2,23,28,14,14
050,20,207,"Kansas","Woodson County",2,24,28,13,15
050,20,207,"Kansas","Woodson County",2,25,28,11,17
050,20,207,"Kansas","Woodson County",2,26,28,13,15
050,20,207,"Kansas","Woodson County",2,27,25,12,13
050,20,207,"Kansas","Woodson County",2,28,27,12,15
050,20,207,"Kansas","Woodson County",2,29,28,14,14
050,20,207,"Kansas","Woodson County",2,30,31,14,17
050,20,207,"Kansas","Woodson County",2,31,33,18,15
050,20,207,"Kansas","Woodson County",2,32,32,15,17
050,20,207,"Kansas","Woodson County",2,33,33,13,20
050,20,207,"Kansas","Woodson County",2,34,37,17,20
050,20,207,"Kansas","Woodson County",2,35,32,17,15
050,20,207,"Kansas","Woodson County",2,36,26,16,10
050,20,207,"Kansas","Woodson County",2,37,33,17,16
050,20,207,"Kansas","Woodson County",2,38,38,17,21
050,20,207,"Kansas","Woodson County",2,39,42,20,22
050,20,207,"Kansas","Woodson County",2,40,45,20,25
050,20,207,"Kansas","Woodson County",2,41,41,17,24
050,20,207,"Kansas","Woodson County",2,42,30,17,13
050,20,207,"Kansas","Woodson County",2,43,30,18,12
050,20,207,"Kansas","Woodson County",2,44,27,18,9
050,20,207,"Kansas","Woodson County",2,45,27,19,8
050,20,207,"Kansas","Woodson County",2,46,25,19,6
050,20,207,"Kansas","Woodson County",2,47,22,15,7
050,20,207,"Kansas","Woodson County",2,48,29,17,12
050,20,207,"Kansas","Woodson County",2,49,29,18,11
050,20,207,"Kansas","Woodson County",2,50,34,22,12
050,20,207,"Kansas","Woodson County",2,51,41,23,18
050,20,207,"Kansas","Woodson County",2,52,33,17,16
050,20,207,"Kansas","Woodson County",2,53,32,13,19
050,20,207,"Kansas","Woodson County",2,54,40,19,21
050,20,207,"Kansas","Woodson County",2,55,48,20,28
050,20,207,"Kansas","Woodson County",2,56,48,27,21
050,20,207,"Kansas","Woodson County",2,57,51,31,20
050,20,207,"Kansas","Woodson County",2,58,50,27,23
050,20,207,"Kansas","Woodson County",2,59,53,24,29
050,20,207,"Kansas","Woodson County",2,60,56,26,30
050,20,207,"Kansas","Woodson County",2,61,60,25,35
050,20,207,"Kansas","Woodson County",2,62,55,25,30
050,20,207,"Kansas","Woodson County",2,63,57,28,29
050,20,207,"Kansas","Woodson County",2,64,56,30,26
050,20,207,"Kansas","Woodson County",2,65,51,27,24
050,20,207,"Kansas","Woodson County",2,66,51,28,23
050,20,207,"Kansas","Woodson County",2,67,55,31,24
050,20,207,"Kansas","Woodson County",2,68,58,31,27
050,20,207,"Kansas","Woodson County",2,69,51,28,23
050,20,207,"Kansas","Woodson County",2,70,46,27,19
050,20,207,"Kansas","Woodson County",2,71,44,23,21
050,20,207,"Kansas","Woodson County",2,72,38,18,20
050,20,207,"Kansas","Woodson County",2,73,45,24,21
050,20,207,"Kansas","Woodson County",2,74,30,15,15
050,20,207,"Kansas","Woodson County",2,75,25,11,14
050,20,207,"Kansas","Woodson County",2,76,29,13,16
050,20,207,"Kansas","Woodson County",2,77,26,14,12
050,20,207,"Kansas","Woodson County",2,78,21,9,12
050,20,207,"Kansas","Woodson County",2,79,21,11,10
050,20,207,"Kansas","Woodson County",2,80,26,14,12
050,20,207,"Kansas","Woodson County",2,81,16,10,6
050,20,207,"Kansas","Woodson County",2,82,13,7,6
050,20,207,"Kansas","Woodson County",2,83,10,3,7
050,20,207,"Kansas","Woodson County",2,84,16,2,14
050,20,207,"Kansas","Woodson County",2,85,110,38,72
050,20,207,"Kansas","Woodson County",3,0,26,15,11
050,20,207,"Kansas","Woodson County",3,1,27,9,18
050,20,207,"Kansas","Woodson County",3,2,24,13,11
050,20,207,"Kansas","Woodson County",3,3,29,13,16
050,20,207,"Kansas","Woodson County",3,4,34,18,16
050,20,207,"Kansas","Woodson County",3,5,34,20,14
050,20,207,"Kansas","Woodson County",3,6,33,21,12
050,20,207,"Kansas","Woodson County",3,7,29,18,11
050,20,207,"Kansas","Woodson County",3,8,29,17,12
050,20,207,"Kansas","Woodson County",3,9,40,20,20
050,20,207,"Kansas","Woodson County",3,10,41,25,16
050,20,207,"Kansas","Woodson County",3,11,41,24,17
050,20,207,"Kansas","Woodson County",3,12,33,17,16
050,20,207,"Kansas","Woodson County",3,13,39,19,20
050,20,207,"Kansas","Woodson County",3,14,37,18,19
050,20,207,"Kansas","Woodson County",3,15,40,21,19
050,20,207,"Kansas","Woodson County",3,16,36,16,20
050,20,207,"Kansas","Woodson County",3,17,39,18,21
050,20,207,"Kansas","Woodson County",3,18,43,24,19
050,20,207,"Kansas","Woodson County",3,19,27,13,14
050,20,207,"Kansas","Woodson County",3,20,29,12,17
050,20,207,"Kansas","Woodson County",3,21,22,13,9
050,20,207,"Kansas","Woodson County",3,22,31,20,11
050,20,207,"Kansas","Woodson County",3,23,24,15,9
050,20,207,"Kansas","Woodson County",3,24,29,15,14
050,20,207,"Kansas","Woodson County",3,25,30,12,18
050,20,207,"Kansas","Woodson County",3,26,29,12,17
050,20,207,"Kansas","Woodson County",3,27,32,14,18
050,20,207,"Kansas","Woodson County",3,28,18,9,9
050,20,207,"Kansas","Woodson County",3,29,19,10,9
050,20,207,"Kansas","Woodson County",3,30,25,10,15
050,20,207,"Kansas","Woodson County",3,31,32,15,17
050,20,207,"Kansas","Woodson County",3,32,32,15,17
050,20,207,"Kansas","Woodson County",3,33,34,16,18
050,20,207,"Kansas","Woodson County",3,34,36,13,23
050,20,207,"Kansas","Woodson County",3,35,44,20,24
050,20,207,"Kansas","Woodson County",3,36,32,17,15
050,20,207,"Kansas","Woodson County",3,37,28,16,12
050,20,207,"Kansas","Woodson County",3,38,35,17,18
050,20,207,"Kansas","Woodson County",3,39,39,17,22
050,20,207,"Kansas","Woodson County",3,40,40,20,20
050,20,207,"Kansas","Woodson County",3,41,49,21,28
050,20,207,"Kansas","Woodson County",3,42,41,18,23
050,20,207,"Kansas","Woodson County",3,43,31,18,13
050,20,207,"Kansas","Woodson County",3,44,28,16,12
050,20,207,"Kansas","Woodson County",3,45,28,19,9
050,20,207,"Kansas","Woodson County",3,46,31,22,9
050,20,207,"Kansas","Woodson County",3,47,26,19,7
050,20,207,"Kansas","Woodson County",3,48,21,15,6
050,20,207,"Kansas","Woodson County",3,49,29,17,12
050,20,207,"Kansas","Woodson County",3,50,28,18,10
050,20,207,"Kansas","Woodson County",3,51,36,24,12
050,20,207,"Kansas","Woodson County",3,52,36,20,16
050,20,207,"Kansas","Woodson County",3,53,33,17,16
050,20,207,"Kansas","Woodson County",3,54,38,20,18
050,20,207,"Kansas","Woodson County",3,55,38,16,22
050,20,207,"Kansas","Woodson County",3,56,45,18,27
050,20,207,"Kansas","Woodson County",3,57,50,28,22
050,20,207,"Kansas","Woodson County",3,58,49,30,19
050,20,207,"Kansas","Woodson County",3,59,53,29,24
050,20,207,"Kansas","Woodson County",3,60,50,23,27
050,20,207,"Kansas","Woodson County",3,61,62,29,33
050,20,207,"Kansas","Woodson County",3,62,61,25,36
050,20,207,"Kansas","Woodson County",3,63,60,25,35
050,20,207,"Kansas","Woodson County",3,64,57,31,26
050,20,207,"Kansas","Woodson County",3,65,58,33,25
050,20,207,"Kansas","Woodson County",3,66,49,27,22
050,20,207,"Kansas","Woodson County",3,67,48,26,22
050,20,207,"Kansas","Woodson County",3,68,53,29,24
050,20,207,"Kansas","Woodson County",3,69,55,29,26
050,20,207,"Kansas","Woodson County",3,70,54,30,24
050,20,207,"Kansas","Woodson County",3,71,51,30,21
050,20,207,"Kansas","Woodson County",3,72,45,24,21
050,20,207,"Kansas","Woodson County",3,73,33,17,16
050,20,207,"Kansas","Woodson County",3,74,44,22,22
050,20,207,"Kansas","Woodson County",3,75,29,14,15
050,20,207,"Kansas","Woodson County",3,76,26,11,15
050,20,207,"Kansas","Woodson County",3,77,25,12,13
050,20,207,"Kansas","Woodson County",3,78,24,13,11
050,20,207,"Kansas","Woodson County",3,79,23,10,13
050,20,207,"Kansas","Woodson County",3,80,16,8,8
050,20,207,"Kansas","Woodson County",3,81,18,9,9
050,20,207,"Kansas","Woodson County",3,82,15,9,6
050,20,207,"Kansas","Woodson County",3,83,10,5,5
050,20,207,"Kansas","Woodson County",3,84,13,3,10
050,20,207,"Kansas","Woodson County",3,85,94,29,65
050,20,207,"Kansas","Woodson County",4,0,25,14,11
050,20,207,"Kansas","Woodson County",4,1,27,16,11
050,20,207,"Kansas","Woodson County",4,2,30,12,18
050,20,207,"Kansas","Woodson County",4,3,28,12,16
050,20,207,"Kansas","Woodson County",4,4,33,15,18
050,20,207,"Kansas","Woodson County",4,5,33,16,17
050,20,207,"Kansas","Woodson County",4,6,37,22,15
050,20,207,"Kansas","Woodson County",4,7,33,19,14
050,20,207,"Kansas","Woodson County",4,8,38,21,17
050,20,207,"Kansas","Woodson County",4,9,29,16,13
050,20,207,"Kansas","Woodson County",4,10,43,21,22
050,20,207,"Kansas","Woodson County",4,11,39,23,16
050,20,207,"Kansas","Woodson County",4,12,43,22,21
050,20,207,"Kansas","Woodson County",4,13,36,20,16
050,20,207,"Kansas","Woodson County",4,14,43,20,23
050,20,207,"Kansas","Woodson County",4,15,36,19,17
050,20,207,"Kansas","Woodson County",4,16,41,21,20
050,20,207,"Kansas","Woodson County",4,17,31,15,16
050,20,207,"Kansas","Woodson County",4,18,32,15,17
050,20,207,"Kansas","Woodson County",4,19,33,20,13
050,20,207,"Kansas","Woodson County",4,20,25,11,14
050,20,207,"Kansas","Woodson County",4,21,29,12,17
050,20,207,"Kansas","Woodson County",4,22,21,11,10
050,20,207,"Kansas","Woodson County",4,23,26,14,12
050,20,207,"Kansas","Woodson County",4,24,29,20,9
050,20,207,"Kansas","Woodson County",4,25,25,10,15
050,20,207,"Kansas","Woodson County",4,26,39,17,22
050,20,207,"Kansas","Woodson County",4,27,28,12,16
050,20,207,"Kansas","Woodson County",4,28,28,10,18
050,20,207,"Kansas","Woodson County",4,29,28,13,15
050,20,207,"Kansas","Woodson County",4,30,19,9,10
050,20,207,"Kansas","Woodson County",4,31,26,11,15
050,20,207,"Kansas","Woodson County",4,32,30,14,16
050,20,207,"Kansas","Woodson County",4,33,31,14,17
050,20,207,"Kansas","Woodson County",4,34,30,14,16
050,20,207,"Kansas","Woodson County",4,35,42,18,24
050,20,207,"Kansas","Woodson County",4,36,43,19,24
050,20,207,"Kansas","Woodson County",4,37,33,18,15
050,20,207,"Kansas","Woodson County",4,38,30,16,14
050,20,207,"Kansas","Woodson County",4,39,34,17,17
050,20,207,"Kansas","Woodson County",4,40,42,17,25
050,20,207,"Kansas","Woodson County",4,41,57,30,27
050,20,207,"Kansas","Woodson County",4,42,47,22,25
050,20,207,"Kansas","Woodson County",4,43,40,17,23
050,20,207,"Kansas","Woodson County",4,44,28,15,13
050,20,207,"Kansas","Woodson County",4,45,28,16,12
050,20,207,"Kansas","Woodson County",4,46,30,21,9
050,20,207,"Kansas","Woodson County",4,47,33,22,11
050,20,207,"Kansas","Woodson County",4,48,29,22,7
050,20,207,"Kansas","Woodson County",4,49,28,18,10
050,20,207,"Kansas","Woodson County",4,50,29,17,12
050,20,207,"Kansas","Woodson County",4,51,27,18,9
050,20,207,"Kansas","Woodson County",4,52,37,24,13
050,20,207,"Kansas","Woodson County",4,53,34,18,16
050,20,207,"Kansas","Woodson County",4,54,36,17,19
050,20,207,"Kansas","Woodson County",4,55,36,15,21
050,20,207,"Kansas","Woodson County",4,56,33,12,21
050,20,207,"Kansas","Woodson County",4,57,47,17,30
050,20,207,"Kansas","Woodson County",4,58,55,32,23
050,20,207,"Kansas","Woodson County",4,59,52,33,19
050,20,207,"Kansas","Woodson County",4,60,51,28,23
050,20,207,"Kansas","Woodson County",4,61,52,23,29
050,20,207,"Kansas","Woodson County",4,62,54,26,28
050,20,207,"Kansas","Woodson County",4,63,60,24,36
050,20,207,"Kansas","Woodson County",4,64,59,24,35
050,20,207,"Kansas","Woodson County",4,65,56,31,25
050,20,207,"Kansas","Woodson County",4,66,55,31,24
050,20,207,"Kansas","Woodson County",4,67,49,25,24
050,20,207,"Kansas","Woodson County",4,68,50,26,24
050,20,207,"Kansas","Woodson County",4,69,55,31,24
050,20,207,"Kansas","Woodson County",4,70,56,30,26
050,20,207,"Kansas","Woodson County",4,71,51,29,22
050,20,207,"Kansas","Woodson County",4,72,55,32,23
050,20,207,"Kansas","Woodson County",4,73,43,24,19
050,20,207,"Kansas","Woodson County",4,74,31,16,15
050,20,207,"Kansas","Woodson County",4,75,42,21,21
050,20,207,"Kansas","Woodson County",4,76,28,13,15
050,20,207,"Kansas","Woodson County",4,77,24,10,14
050,20,207,"Kansas","Woodson County",4,78,23,10,13
050,20,207,"Kansas","Woodson County",4,79,26,14,12
050,20,207,"Kansas","Woodson County",4,80,20,8,12
050,20,207,"Kansas","Woodson County",4,81,14,6,8
050,20,207,"Kansas","Woodson County",4,82,19,9,10
050,20,207,"Kansas","Woodson County",4,83,12,6,6
050,20,207,"Kansas","Woodson County",4,84,12,5,7
050,20,207,"Kansas","Woodson County",4,85,86,26,60
050,20,207,"Kansas","Woodson County",5,0,25,14,11
050,20,207,"Kansas","Woodson County",5,1,27,16,11
050,20,207,"Kansas","Woodson County",5,2,27,15,12
050,20,207,"Kansas","Woodson County",5,3,29,12,17
050,20,207,"Kansas","Woodson County",5,4,27,13,14
050,20,207,"Kansas","Woodson County",5,5,34,16,18
050,20,207,"Kansas","Woodson County",5,6,33,17,16
050,20,207,"Kansas","Woodson County",5,7,40,22,18
050,20,207,"Kansas","Woodson County",5,8,32,19,13
050,20,207,"Kansas","Woodson County",5,9,38,22,16
050,20,207,"Kansas","Woodson County",5,10,30,17,13
050,20,207,"Kansas","Woodson County",5,11,45,23,22
050,20,207,"Kansas","Woodson County",5,12,36,22,14
050,20,207,"Kansas","Woodson County",5,13,40,20,20
050,20,207,"Kansas","Woodson County",5,14,36,19,17
050,20,207,"Kansas","Woodson County",5,15,49,23,26
050,20,207,"Kansas","Woodson County",5,16,36,19,17
050,20,207,"Kansas","Woodson County",5,17,40,21,19
050,20,207,"Kansas","Woodson County",5,18,27,12,15
050,20,207,"Kansas","Woodson County",5,19,28,15,13
050,20,207,"Kansas","Woodson County",5,20,36,19,17
050,20,207,"Kansas","Woodson County",5,21,28,12,16
050,20,207,"Kansas","Woodson County",5,22,29,12,17
050,20,207,"Kansas","Woodson County",5,23,27,11,16
050,20,207,"Kansas","Woodson County",5,24,27,15,12
050,20,207,"Kansas","Woodson County",5,25,27,18,9
050,20,207,"Kansas","Woodson County",5,26,25,13,12
050,20,207,"Kansas","Woodson County",5,27,38,15,23
050,20,207,"Kansas","Woodson County",5,28,29,12,17
050,20,207,"Kansas","Woodson County",5,29,29,11,18
050,20,207,"Kansas","Woodson County",5,30,25,11,14
050,20,207,"Kansas","Woodson County",5,31,18,8,10
050,20,207,"Kansas","Woodson County",5,32,27,11,16
050,20,207,"Kansas","Woodson County",5,33,31,15,16
050,20,207,"Kansas","Woodson County",5,34,32,14,18
050,20,207,"Kansas","Woodson County",5,35,33,17,16
050,20,207,"Kansas","Woodson County",5,36,42,18,24
050,20,207,"Kansas","Woodson County",5,37,47,22,25
050,20,207,"Kansas","Woodson County",5,38,34,19,15
050,20,207,"Kansas","Woodson County",5,39,28,16,12
050,20,207,"Kansas","Woodson County",5,40,34,17,17
050,20,207,"Kansas","Woodson County",5,41,43,19,24
050,20,207,"Kansas","Woodson County",5,42,55,28,27
050,20,207,"Kansas","Woodson County",5,43,47,20,27
050,20,207,"Kansas","Woodson County",5,44,43,19,24
050,20,207,"Kansas","Woodson County",5,45,30,17,13
050,20,207,"Kansas","Woodson County",5,46,25,14,11
050,20,207,"Kansas","Woodson County",5,47,30,21,9
050,20,207,"Kansas","Woodson County",5,48,34,22,12
050,20,207,"Kansas","Woodson County",5,49,29,21,8
050,20,207,"Kansas","Woodson County",5,50,26,18,8
050,20,207,"Kansas","Woodson County",5,51,31,16,15
050,20,207,"Kansas","Woodson County",5,52,27,18,9
050,20,207,"Kansas","Woodson County",5,53,36,24,12
050,20,207,"Kansas","Woodson County",5,54,35,19,16
050,20,207,"Kansas","Woodson County",5,55,35,16,19
050,20,207,"Kansas","Woodson County",5,56,33,15,18
050,20,207,"Kansas","Woodson County",5,57,32,11,21
050,20,207,"Kansas","Woodson County",5,58,42,16,26
050,20,207,"Kansas","Woodson County",5,59,56,34,22
050,20,207,"Kansas","Woodson County",5,60,49,32,17
050,20,207,"Kansas","Woodson County",5,61,53,30,23
050,20,207,"Kansas","Woodson County",5,62,49,23,26
050,20,207,"Kansas","Woodson County",5,63,58,27,31
050,20,207,"Kansas","Woodson County",5,64,62,24,38
050,20,207,"Kansas","Woodson County",5,65,61,26,35
050,20,207,"Kansas","Woodson County",5,66,53,28,25
050,20,207,"Kansas","Woodson County",5,67,55,29,26
050,20,207,"Kansas","Woodson County",5,68,51,26,25
050,20,207,"Kansas","Woodson County",5,69,52,29,23
050,20,207,"Kansas","Woodson County",5,70,56,31,25
050,20,207,"Kansas","Woodson County",5,71,54,29,25
050,20,207,"Kansas","Woodson County",5,72,51,32,19
050,20,207,"Kansas","Woodson County",5,73,51,30,21
050,20,207,"Kansas","Woodson County",5,74,41,25,16
050,20,207,"Kansas","Woodson County",5,75,29,14,15
050,20,207,"Kansas","Woodson County",5,76,41,20,21
050,20,207,"Kansas","Woodson County",5,77,27,12,15
050,20,207,"Kansas","Woodson County",5,78,22,8,14
050,20,207,"Kansas","Woodson County",5,79,24,11,13
050,20,207,"Kansas","Woodson County",5,80,21,12,9
050,20,207,"Kansas","Woodson County",5,81,15,6,9
050,20,207,"Kansas","Woodson County",5,82,15,6,9
050,20,207,"Kansas","Woodson County",5,83,15,6,9
050,20,207,"Kansas","Woodson County",5,84,14,6,8
050,20,207,"Kansas","Woodson County",5,85,82,27,55
050,20,209,"Kansas","Wyandotte County",1,0,2582,1324,1258
050,20,209,"Kansas","Wyandotte County",1,1,2565,1318,1247
050,20,209,"Kansas","Wyandotte County",1,2,2661,1394,1267
050,20,209,"Kansas","Wyandotte County",1,3,2594,1360,1234
050,20,209,"Kansas","Wyandotte County",1,4,2668,1393,1275
050,20,209,"Kansas","Wyandotte County",1,5,2586,1316,1270
050,20,209,"Kansas","Wyandotte County",1,6,2614,1340,1274
050,20,209,"Kansas","Wyandotte County",1,7,2628,1304,1324
050,20,209,"Kansas","Wyandotte County",1,8,2583,1357,1226
050,20,209,"Kansas","Wyandotte County",1,9,2586,1350,1236
050,20,209,"Kansas","Wyandotte County",1,10,2702,1382,1320
050,20,209,"Kansas","Wyandotte County",1,11,2823,1456,1367
050,20,209,"Kansas","Wyandotte County",1,12,2830,1491,1339
050,20,209,"Kansas","Wyandotte County",1,13,2783,1450,1333
050,20,209,"Kansas","Wyandotte County",1,14,2714,1392,1322
050,20,209,"Kansas","Wyandotte County",1,15,2558,1295,1263
050,20,209,"Kansas","Wyandotte County",1,16,2542,1323,1219
050,20,209,"Kansas","Wyandotte County",1,17,2485,1277,1208
050,20,209,"Kansas","Wyandotte County",1,18,2199,1144,1055
050,20,209,"Kansas","Wyandotte County",1,19,1979,1043,936
050,20,209,"Kansas","Wyandotte County",1,20,2013,1062,951
050,20,209,"Kansas","Wyandotte County",1,21,2071,1042,1029
050,20,209,"Kansas","Wyandotte County",1,22,2141,1068,1073
050,20,209,"Kansas","Wyandotte County",1,23,2198,1040,1158
050,20,209,"Kansas","Wyandotte County",1,24,2231,1095,1136
050,20,209,"Kansas","Wyandotte County",1,25,2432,1204,1228
050,20,209,"Kansas","Wyandotte County",1,26,2477,1260,1217
050,20,209,"Kansas","Wyandotte County",1,27,2596,1322,1274
050,20,209,"Kansas","Wyandotte County",1,28,2591,1323,1268
050,20,209,"Kansas","Wyandotte County",1,29,2544,1239,1305
050,20,209,"Kansas","Wyandotte County",1,30,2460,1182,1278
050,20,209,"Kansas","Wyandotte County",1,31,2395,1244,1151
050,20,209,"Kansas","Wyandotte County",1,32,2440,1287,1153
050,20,209,"Kansas","Wyandotte County",1,33,2408,1253,1155
050,20,209,"Kansas","Wyandotte County",1,34,2432,1233,1199
050,20,209,"Kansas","Wyandotte County",1,35,2331,1244,1087
050,20,209,"Kansas","Wyandotte County",1,36,2318,1164,1154
050,20,209,"Kansas","Wyandotte County",1,37,2334,1174,1160
050,20,209,"Kansas","Wyandotte County",1,38,2344,1197,1147
050,20,209,"Kansas","Wyandotte County",1,39,2377,1221,1156
050,20,209,"Kansas","Wyandotte County",1,40,2352,1197,1155
050,20,209,"Kansas","Wyandotte County",1,41,2091,1066,1025
050,20,209,"Kansas","Wyandotte County",1,42,2050,1071,979
050,20,209,"Kansas","Wyandotte County",1,43,2044,1026,1018
050,20,209,"Kansas","Wyandotte County",1,44,2013,1067,946
050,20,209,"Kansas","Wyandotte County",1,45,2015,1057,958
050,20,209,"Kansas","Wyandotte County",1,46,1871,1006,865
050,20,209,"Kansas","Wyandotte County",1,47,1930,1025,905
050,20,209,"Kansas","Wyandotte County",1,48,2029,1045,984
050,20,209,"Kansas","Wyandotte County",1,49,2056,1086,970
050,20,209,"Kansas","Wyandotte County",1,50,2001,1033,968
050,20,209,"Kansas","Wyandotte County",1,51,1864,930,934
050,20,209,"Kansas","Wyandotte County",1,52,1763,918,845
050,20,209,"Kansas","Wyandotte County",1,53,1837,940,897
050,20,209,"Kansas","Wyandotte County",1,54,1891,992,899
050,20,209,"Kansas","Wyandotte County",1,55,1975,1010,965
050,20,209,"Kansas","Wyandotte County",1,56,1943,1002,941
050,20,209,"Kansas","Wyandotte County",1,57,1944,973,971
050,20,209,"Kansas","Wyandotte County",1,58,2102,1019,1083
050,20,209,"Kansas","Wyandotte County",1,59,2119,1075,1044
050,20,209,"Kansas","Wyandotte County",1,60,1972,978,994
050,20,209,"Kansas","Wyandotte County",1,61,1917,959,958
050,20,209,"Kansas","Wyandotte County",1,62,1934,938,996
050,20,209,"Kansas","Wyandotte County",1,63,1886,921,965
050,20,209,"Kansas","Wyandotte County",1,64,1811,935,876
050,20,209,"Kansas","Wyandotte County",1,65,1700,829,871
050,20,209,"Kansas","Wyandotte County",1,66,1560,730,830
050,20,209,"Kansas","Wyandotte County",1,67,1510,726,784
050,20,209,"Kansas","Wyandotte County",1,68,1461,697,764
050,20,209,"Kansas","Wyandotte County",1,69,1406,686,720
050,20,209,"Kansas","Wyandotte County",1,70,1264,582,682
050,20,209,"Kansas","Wyandotte County",1,71,1141,507,634
050,20,209,"Kansas","Wyandotte County",1,72,1113,496,617
050,20,209,"Kansas","Wyandotte County",1,73,1083,483,600
050,20,209,"Kansas","Wyandotte County",1,74,774,342,432
050,20,209,"Kansas","Wyandotte County",1,75,756,343,413
050,20,209,"Kansas","Wyandotte County",1,76,744,322,422
050,20,209,"Kansas","Wyandotte County",1,77,727,328,399
050,20,209,"Kansas","Wyandotte County",1,78,668,292,376
050,20,209,"Kansas","Wyandotte County",1,79,567,244,323
050,20,209,"Kansas","Wyandotte County",1,80,518,204,314
050,20,209,"Kansas","Wyandotte County",1,81,456,194,262
050,20,209,"Kansas","Wyandotte County",1,82,437,167,270
050,20,209,"Kansas","Wyandotte County",1,83,374,149,225
050,20,209,"Kansas","Wyandotte County",1,84,346,130,216
050,20,209,"Kansas","Wyandotte County",1,85,2401,826,1575
050,20,209,"Kansas","Wyandotte County",2,0,2512,1268,1244
050,20,209,"Kansas","Wyandotte County",2,1,2574,1324,1250
050,20,209,"Kansas","Wyandotte County",2,2,2623,1371,1252
050,20,209,"Kansas","Wyandotte County",2,3,2591,1356,1235
050,20,209,"Kansas","Wyandotte County",2,4,2630,1372,1258
050,20,209,"Kansas","Wyandotte County",2,5,2598,1329,1269
050,20,209,"Kansas","Wyandotte County",2,6,2599,1327,1272
050,20,209,"Kansas","Wyandotte County",2,7,2599,1302,1297
050,20,209,"Kansas","Wyandotte County",2,8,2568,1333,1235
050,20,209,"Kansas","Wyandotte County",2,9,2571,1345,1226
050,20,209,"Kansas","Wyandotte County",2,10,2663,1368,1295
050,20,209,"Kansas","Wyandotte County",2,11,2776,1425,1351
050,20,209,"Kansas","Wyandotte County",2,12,2830,1483,1347
050,20,209,"Kansas","Wyandotte County",2,13,2787,1457,1330
050,20,209,"Kansas","Wyandotte County",2,14,2721,1405,1316
050,20,209,"Kansas","Wyandotte County",2,15,2583,1313,1270
050,20,209,"Kansas","Wyandotte County",2,16,2537,1307,1230
050,20,209,"Kansas","Wyandotte County",2,17,2489,1280,1209
050,20,209,"Kansas","Wyandotte County",2,18,2213,1153,1060
050,20,209,"Kansas","Wyandotte County",2,19,1991,1045,946
050,20,209,"Kansas","Wyandotte County",2,20,2034,1072,962
050,20,209,"Kansas","Wyandotte County",2,21,2067,1047,1020
050,20,209,"Kansas","Wyandotte County",2,22,2157,1071,1086
050,20,209,"Kansas","Wyandotte County",2,23,2213,1065,1148
050,20,209,"Kansas","Wyandotte County",2,24,2246,1095,1151
050,20,209,"Kansas","Wyandotte County",2,25,2383,1187,1196
050,20,209,"Kansas","Wyandotte County",2,26,2472,1249,1223
050,20,209,"Kansas","Wyandotte County",2,27,2549,1294,1255
050,20,209,"Kansas","Wyandotte County",2,28,2594,1332,1262
050,20,209,"Kansas","Wyandotte County",2,29,2545,1254,1291
050,20,209,"Kansas","Wyandotte County",2,30,2471,1190,1281
050,20,209,"Kansas","Wyandotte County",2,31,2389,1218,1171
050,20,209,"Kansas","Wyandotte County",2,32,2409,1266,1143
050,20,209,"Kansas","Wyandotte County",2,33,2413,1256,1157
050,20,209,"Kansas","Wyandotte County",2,34,2406,1232,1174
050,20,209,"Kansas","Wyandotte County",2,35,2350,1234,1116
050,20,209,"Kansas","Wyandotte County",2,36,2289,1166,1123
050,20,209,"Kansas","Wyandotte County",2,37,2312,1158,1154
050,20,209,"Kansas","Wyandotte County",2,38,2324,1178,1146
050,20,209,"Kansas","Wyandotte County",2,39,2349,1207,1142
050,20,209,"Kansas","Wyandotte County",2,40,2370,1206,1164
050,20,209,"Kansas","Wyandotte County",2,41,2131,1084,1047
050,20,209,"Kansas","Wyandotte County",2,42,2058,1074,984
050,20,209,"Kansas","Wyandotte County",2,43,2041,1035,1006
050,20,209,"Kansas","Wyandotte County",2,44,2013,1055,958
050,20,209,"Kansas","Wyandotte County",2,45,2013,1059,954
050,20,209,"Kansas","Wyandotte County",2,46,1893,1012,881
050,20,209,"Kansas","Wyandotte County",2,47,1921,1021,900
050,20,209,"Kansas","Wyandotte County",2,48,2002,1040,962
050,20,209,"Kansas","Wyandotte County",2,49,2047,1075,972
050,20,209,"Kansas","Wyandotte County",2,50,2011,1045,966
050,20,209,"Kansas","Wyandotte County",2,51,1869,940,929
050,20,209,"Kansas","Wyandotte County",2,52,1788,919,869
050,20,209,"Kansas","Wyandotte County",2,53,1815,934,881
050,20,209,"Kansas","Wyandotte County",2,54,1865,966,899
050,20,209,"Kansas","Wyandotte County",2,55,1950,1004,946
050,20,209,"Kansas","Wyandotte County",2,56,1944,997,947
050,20,209,"Kansas","Wyandotte County",2,57,1944,977,967
050,20,209,"Kansas","Wyandotte County",2,58,2054,1001,1053
050,20,209,"Kansas","Wyandotte County",2,59,2109,1054,1055
050,20,209,"Kansas","Wyandotte County",2,60,1995,994,1001
050,20,209,"Kansas","Wyandotte County",2,61,1923,962,961
050,20,209,"Kansas","Wyandotte County",2,62,1907,932,975
050,20,209,"Kansas","Wyandotte County",2,63,1905,925,980
050,20,209,"Kansas","Wyandotte County",2,64,1802,919,883
050,20,209,"Kansas","Wyandotte County",2,65,1719,847,872
050,20,209,"Kansas","Wyandotte County",2,66,1571,740,831
050,20,209,"Kansas","Wyandotte County",2,67,1509,721,788
050,20,209,"Kansas","Wyandotte County",2,68,1460,696,764
050,20,209,"Kansas","Wyandotte County",2,69,1430,697,733
050,20,209,"Kansas","Wyandotte County",2,70,1278,592,686
050,20,209,"Kansas","Wyandotte County",2,71,1163,523,640
050,20,209,"Kansas","Wyandotte County",2,72,1094,486,608
050,20,209,"Kansas","Wyandotte County",2,73,1121,501,620
050,20,209,"Kansas","Wyandotte County",2,74,792,351,441
050,20,209,"Kansas","Wyandotte County",2,75,757,338,419
050,20,209,"Kansas","Wyandotte County",2,76,731,321,410
050,20,209,"Kansas","Wyandotte County",2,77,731,326,405
050,20,209,"Kansas","Wyandotte County",2,78,668,288,380
050,20,209,"Kansas","Wyandotte County",2,79,581,251,330
050,20,209,"Kansas","Wyandotte County",2,80,517,210,307
050,20,209,"Kansas","Wyandotte County",2,81,459,193,266
050,20,209,"Kansas","Wyandotte County",2,82,433,169,264
050,20,209,"Kansas","Wyandotte County",2,83,377,146,231
050,20,209,"Kansas","Wyandotte County",2,84,340,127,213
050,20,209,"Kansas","Wyandotte County",2,85,2386,819,1567
050,20,209,"Kansas","Wyandotte County",3,0,2363,1239,1124
050,20,209,"Kansas","Wyandotte County",3,1,2402,1196,1206
050,20,209,"Kansas","Wyandotte County",3,2,2505,1300,1205
050,20,209,"Kansas","Wyandotte County",3,3,2544,1315,1229
050,20,209,"Kansas","Wyandotte County",3,4,2556,1361,1195
050,20,209,"Kansas","Wyandotte County",3,5,2602,1337,1265
050,20,209,"Kansas","Wyandotte County",3,6,2572,1305,1267
050,20,209,"Kansas","Wyandotte County",3,7,2544,1298,1246
050,20,209,"Kansas","Wyandotte County",3,8,2540,1302,1238
050,20,209,"Kansas","Wyandotte County",3,9,2520,1305,1215
050,20,209,"Kansas","Wyandotte County",3,10,2513,1308,1205
050,20,209,"Kansas","Wyandotte County",3,11,2614,1349,1265
050,20,209,"Kansas","Wyandotte County",3,12,2720,1419,1301
050,20,209,"Kansas","Wyandotte County",3,13,2761,1422,1339
050,20,209,"Kansas","Wyandotte County",3,14,2719,1428,1291
050,20,209,"Kansas","Wyandotte County",3,15,2674,1374,1300
050,20,209,"Kansas","Wyandotte County",3,16,2526,1279,1247
050,20,209,"Kansas","Wyandotte County",3,17,2536,1307,1229
050,20,209,"Kansas","Wyandotte County",3,18,2246,1191,1055
050,20,209,"Kansas","Wyandotte County",3,19,1999,1045,954
050,20,209,"Kansas","Wyandotte County",3,20,2029,1057,972
050,20,209,"Kansas","Wyandotte County",3,21,2068,1085,983
050,20,209,"Kansas","Wyandotte County",3,22,2116,1071,1045
050,20,209,"Kansas","Wyandotte County",3,23,2282,1109,1173
050,20,209,"Kansas","Wyandotte County",3,24,2264,1089,1175
050,20,209,"Kansas","Wyandotte County",3,25,2296,1140,1156
050,20,209,"Kansas","Wyandotte County",3,26,2348,1128,1220
050,20,209,"Kansas","Wyandotte County",3,27,2402,1197,1205
050,20,209,"Kansas","Wyandotte County",3,28,2465,1266,1199
050,20,209,"Kansas","Wyandotte County",3,29,2551,1306,1245
050,20,209,"Kansas","Wyandotte County",3,30,2489,1232,1257
050,20,209,"Kansas","Wyandotte County",3,31,2412,1181,1231
050,20,209,"Kansas","Wyandotte County",3,32,2346,1185,1161
050,20,209,"Kansas","Wyandotte County",3,33,2360,1222,1138
050,20,209,"Kansas","Wyandotte County",3,34,2322,1211,1111
050,20,209,"Kansas","Wyandotte County",3,35,2338,1192,1146
050,20,209,"Kansas","Wyandotte County",3,36,2331,1212,1119
050,20,209,"Kansas","Wyandotte County",3,37,2235,1140,1095
050,20,209,"Kansas","Wyandotte County",3,38,2238,1108,1130
050,20,209,"Kansas","Wyandotte County",3,39,2287,1181,1106
050,20,209,"Kansas","Wyandotte County",3,40,2305,1177,1128
050,20,209,"Kansas","Wyandotte County",3,41,2294,1167,1127
050,20,209,"Kansas","Wyandotte County",3,42,2128,1095,1033
050,20,209,"Kansas","Wyandotte County",3,43,2017,1039,978
050,20,209,"Kansas","Wyandotte County",3,44,2033,1053,980
050,20,209,"Kansas","Wyandotte County",3,45,1980,1027,953
050,20,209,"Kansas","Wyandotte County",3,46,1961,1039,922
050,20,209,"Kansas","Wyandotte County",3,47,1894,1011,883
050,20,209,"Kansas","Wyandotte County",3,48,1889,1031,858
050,20,209,"Kansas","Wyandotte County",3,49,1947,1004,943
050,20,209,"Kansas","Wyandotte County",3,50,2050,1087,963
050,20,209,"Kansas","Wyandotte County",3,51,1937,1004,933
050,20,209,"Kansas","Wyandotte County",3,52,1885,957,928
050,20,209,"Kansas","Wyandotte County",3,53,1760,919,841
050,20,209,"Kansas","Wyandotte County",3,54,1752,879,873
050,20,209,"Kansas","Wyandotte County",3,55,1850,957,893
050,20,209,"Kansas","Wyandotte County",3,56,1932,986,946
050,20,209,"Kansas","Wyandotte County",3,57,1890,971,919
050,20,209,"Kansas","Wyandotte County",3,58,1872,939,933
050,20,209,"Kansas","Wyandotte County",3,59,2019,991,1028
050,20,209,"Kansas","Wyandotte County",3,60,2068,1021,1047
050,20,209,"Kansas","Wyandotte County",3,61,1930,978,952
050,20,209,"Kansas","Wyandotte County",3,62,1862,933,929
050,20,209,"Kansas","Wyandotte County",3,63,1882,895,987
050,20,209,"Kansas","Wyandotte County",3,64,1844,906,938
050,20,209,"Kansas","Wyandotte County",3,65,1745,886,859
050,20,209,"Kansas","Wyandotte County",3,66,1629,807,822
050,20,209,"Kansas","Wyandotte County",3,67,1559,728,831
050,20,209,"Kansas","Wyandotte County",3,68,1461,687,774
050,20,209,"Kansas","Wyandotte County",3,69,1440,704,736
050,20,209,"Kansas","Wyandotte County",3,70,1349,638,711
050,20,209,"Kansas","Wyandotte County",3,71,1211,559,652
050,20,209,"Kansas","Wyandotte County",3,72,1130,505,625
050,20,209,"Kansas","Wyandotte County",3,73,1051,470,581
050,20,209,"Kansas","Wyandotte County",3,74,1063,472,591
050,20,209,"Kansas","Wyandotte County",3,75,778,339,439
050,20,209,"Kansas","Wyandotte County",3,76,713,328,385
050,20,209,"Kansas","Wyandotte County",3,77,677,296,381
050,20,209,"Kansas","Wyandotte County",3,78,702,294,408
050,20,209,"Kansas","Wyandotte County",3,79,629,277,352
050,20,209,"Kansas","Wyandotte County",3,80,528,218,310
050,20,209,"Kansas","Wyandotte County",3,81,483,195,288
050,20,209,"Kansas","Wyandotte County",3,82,442,175,267
050,20,209,"Kansas","Wyandotte County",3,83,383,152,231
050,20,209,"Kansas","Wyandotte County",3,84,349,130,219
050,20,209,"Kansas","Wyandotte County",3,85,2324,781,1543
050,20,209,"Kansas","Wyandotte County",4,0,2265,1172,1093
050,20,209,"Kansas","Wyandotte County",4,1,2250,1176,1074
050,20,209,"Kansas","Wyandotte County",4,2,2366,1165,1201
050,20,209,"Kansas","Wyandotte County",4,3,2482,1278,1204
050,20,209,"Kansas","Wyandotte County",4,4,2515,1329,1186
050,20,209,"Kansas","Wyandotte County",4,5,2532,1306,1226
050,20,209,"Kansas","Wyandotte County",4,6,2587,1332,1255
050,20,209,"Kansas","Wyandotte County",4,7,2543,1291,1252
050,20,209,"Kansas","Wyandotte County",4,8,2548,1308,1240
050,20,209,"Kansas","Wyandotte County",4,9,2504,1294,1210
050,20,209,"Kansas","Wyandotte County",4,10,2549,1327,1222
050,20,209,"Kansas","Wyandotte County",4,11,2479,1295,1184
050,20,209,"Kansas","Wyandotte County",4,12,2571,1351,1220
050,20,209,"Kansas","Wyandotte County",4,13,2685,1394,1291
050,20,209,"Kansas","Wyandotte County",4,14,2712,1415,1297
050,20,209,"Kansas","Wyandotte County",4,15,2675,1388,1287
050,20,209,"Kansas","Wyandotte County",4,16,2627,1349,1278
050,20,209,"Kansas","Wyandotte County",4,17,2488,1243,1245
050,20,209,"Kansas","Wyandotte County",4,18,2266,1205,1061
050,20,209,"Kansas","Wyandotte County",4,19,2020,1071,949
050,20,209,"Kansas","Wyandotte County",4,20,2035,1056,979
050,20,209,"Kansas","Wyandotte County",4,21,2089,1093,996
050,20,209,"Kansas","Wyandotte County",4,22,2152,1096,1056
050,20,209,"Kansas","Wyandotte County",4,23,2270,1159,1111
050,20,209,"Kansas","Wyandotte County",4,24,2393,1157,1236
050,20,209,"Kansas","Wyandotte County",4,25,2319,1141,1178
050,20,209,"Kansas","Wyandotte County",4,26,2284,1115,1169
050,20,209,"Kansas","Wyandotte County",4,27,2291,1096,1195
050,20,209,"Kansas","Wyandotte County",4,28,2312,1164,1148
050,20,209,"Kansas","Wyandotte County",4,29,2421,1247,1174
050,20,209,"Kansas","Wyandotte County",4,30,2416,1205,1211
050,20,209,"Kansas","Wyandotte County",4,31,2452,1210,1242
050,20,209,"Kansas","Wyandotte County",4,32,2384,1153,1231
050,20,209,"Kansas","Wyandotte County",4,33,2312,1157,1155
050,20,209,"Kansas","Wyandotte County",4,34,2298,1218,1080
050,20,209,"Kansas","Wyandotte County",4,35,2273,1180,1093
050,20,209,"Kansas","Wyandotte County",4,36,2333,1187,1146
050,20,209,"Kansas","Wyandotte County",4,37,2244,1165,1079
050,20,209,"Kansas","Wyandotte County",4,38,2168,1110,1058
050,20,209,"Kansas","Wyandotte County",4,39,2236,1115,1121
050,20,209,"Kansas","Wyandotte County",4,40,2241,1153,1088
050,20,209,"Kansas","Wyandotte County",4,41,2188,1097,1091
050,20,209,"Kansas","Wyandotte County",4,42,2299,1171,1128
050,20,209,"Kansas","Wyandotte County",4,43,2029,1034,995
050,20,209,"Kansas","Wyandotte County",4,44,1947,1000,947
050,20,209,"Kansas","Wyandotte County",4,45,1970,1021,949
050,20,209,"Kansas","Wyandotte County",4,46,1893,993,900
050,20,209,"Kansas","Wyandotte County",4,47,1901,985,916
050,20,209,"Kansas","Wyandotte County",4,48,1885,1009,876
050,20,209,"Kansas","Wyandotte County",4,49,1852,1002,850
050,20,209,"Kansas","Wyandotte County",4,50,1953,1006,947
050,20,209,"Kansas","Wyandotte County",4,51,1984,1036,948
050,20,209,"Kansas","Wyandotte County",4,52,1905,1001,904
050,20,209,"Kansas","Wyandotte County",4,53,1875,970,905
050,20,209,"Kansas","Wyandotte County",4,54,1690,859,831
050,20,209,"Kansas","Wyandotte County",4,55,1726,865,861
050,20,209,"Kansas","Wyandotte County",4,56,1817,959,858
050,20,209,"Kansas","Wyandotte County",4,57,1884,957,927
050,20,209,"Kansas","Wyandotte County",4,58,1803,900,903
050,20,209,"Kansas","Wyandotte County",4,59,1865,928,937
050,20,209,"Kansas","Wyandotte County",4,60,1951,956,995
050,20,209,"Kansas","Wyandotte County",4,61,2001,990,1011
050,20,209,"Kansas","Wyandotte County",4,62,1866,936,930
050,20,209,"Kansas","Wyandotte County",4,63,1812,885,927
050,20,209,"Kansas","Wyandotte County",4,64,1814,870,944
050,20,209,"Kansas","Wyandotte County",4,65,1781,860,921
050,20,209,"Kansas","Wyandotte County",4,66,1651,838,813
050,20,209,"Kansas","Wyandotte County",4,67,1598,785,813
050,20,209,"Kansas","Wyandotte County",4,68,1507,697,810
050,20,209,"Kansas","Wyandotte County",4,69,1445,699,746
050,20,209,"Kansas","Wyandotte County",4,70,1353,639,714
050,20,209,"Kansas","Wyandotte County",4,71,1292,606,686
050,20,209,"Kansas","Wyandotte County",4,72,1183,538,645
050,20,209,"Kansas","Wyandotte County",4,73,1069,483,586
050,20,209,"Kansas","Wyandotte County",4,74,994,436,558
050,20,209,"Kansas","Wyandotte County",4,75,1026,458,568
050,20,209,"Kansas","Wyandotte County",4,76,754,344,410
050,20,209,"Kansas","Wyandotte County",4,77,673,309,364
050,20,209,"Kansas","Wyandotte County",4,78,639,260,379
050,20,209,"Kansas","Wyandotte County",4,79,659,273,386
050,20,209,"Kansas","Wyandotte County",4,80,577,243,334
050,20,209,"Kansas","Wyandotte County",4,81,482,201,281
050,20,209,"Kansas","Wyandotte County",4,82,445,176,269
050,20,209,"Kansas","Wyandotte County",4,83,401,161,240
050,20,209,"Kansas","Wyandotte County",4,84,349,135,214
050,20,209,"Kansas","Wyandotte County",4,85,2251,757,1494
050,20,209,"Kansas","Wyandotte County",5,0,2272,1168,1104
050,20,209,"Kansas","Wyandotte County",5,1,2277,1151,1126
050,20,209,"Kansas","Wyandotte County",5,2,2237,1181,1056
050,20,209,"Kansas","Wyandotte County",5,3,2343,1172,1171
050,20,209,"Kansas","Wyandotte County",5,4,2444,1258,1186
050,20,209,"Kansas","Wyandotte County",5,5,2498,1294,1204
050,20,209,"Kansas","Wyandotte County",5,6,2458,1275,1183
050,20,209,"Kansas","Wyandotte County",5,7,2533,1323,1210
050,20,209,"Kansas","Wyandotte County",5,8,2483,1289,1194
050,20,209,"Kansas","Wyandotte County",5,9,2468,1271,1197
050,20,209,"Kansas","Wyandotte County",5,10,2532,1322,1210
050,20,209,"Kansas","Wyandotte County",5,11,2487,1290,1197
050,20,209,"Kansas","Wyandotte County",5,12,2493,1279,1214
050,20,209,"Kansas","Wyandotte County",5,13,2528,1306,1222
050,20,209,"Kansas","Wyandotte County",5,14,2655,1374,1281
050,20,209,"Kansas","Wyandotte County",5,15,2684,1383,1301
050,20,209,"Kansas","Wyandotte County",5,16,2630,1377,1253
050,20,209,"Kansas","Wyandotte County",5,17,2615,1319,1296
050,20,209,"Kansas","Wyandotte County",5,18,2268,1160,1108
050,20,209,"Kansas","Wyandotte County",5,19,2102,1139,963
050,20,209,"Kansas","Wyandotte County",5,20,2100,1100,1000
050,20,209,"Kansas","Wyandotte County",5,21,2131,1091,1040
050,20,209,"Kansas","Wyandotte County",5,22,2175,1144,1031
050,20,209,"Kansas","Wyandotte County",5,23,2295,1169,1126
050,20,209,"Kansas","Wyandotte County",5,24,2416,1226,1190
050,20,209,"Kansas","Wyandotte County",5,25,2415,1183,1232
050,20,209,"Kansas","Wyandotte County",5,26,2292,1114,1178
050,20,209,"Kansas","Wyandotte County",5,27,2262,1109,1153
050,20,209,"Kansas","Wyandotte County",5,28,2255,1092,1163
050,20,209,"Kansas","Wyandotte County",5,29,2308,1175,1133
050,20,209,"Kansas","Wyandotte County",5,30,2394,1227,1167
050,20,209,"Kansas","Wyandotte County",5,31,2409,1194,1215
050,20,209,"Kansas","Wyandotte County",5,32,2405,1188,1217
050,20,209,"Kansas","Wyandotte County",5,33,2404,1153,1251
050,20,209,"Kansas","Wyandotte County",5,34,2293,1154,1139
050,20,209,"Kansas","Wyandotte County",5,35,2268,1179,1089
050,20,209,"Kansas","Wyandotte County",5,36,2234,1161,1073
050,20,209,"Kansas","Wyandotte County",5,37,2298,1191,1107
050,20,209,"Kansas","Wyandotte County",5,38,2200,1148,1052
050,20,209,"Kansas","Wyandotte County",5,39,2142,1110,1032
050,20,209,"Kansas","Wyandotte County",5,40,2203,1076,1127
050,20,209,"Kansas","Wyandotte County",5,41,2197,1136,1061
050,20,209,"Kansas","Wyandotte County",5,42,2207,1116,1091
050,20,209,"Kansas","Wyandotte County",5,43,2234,1127,1107
050,20,209,"Kansas","Wyandotte County",5,44,2065,1070,995
050,20,209,"Kansas","Wyandotte County",5,45,1921,992,929
050,20,209,"Kansas","Wyandotte County",5,46,1938,1008,930
050,20,209,"Kansas","Wyandotte County",5,47,1890,975,915
050,20,209,"Kansas","Wyandotte County",5,48,1870,982,888
050,20,209,"Kansas","Wyandotte County",5,49,1859,992,867
050,20,209,"Kansas","Wyandotte County",5,50,1871,1012,859
050,20,209,"Kansas","Wyandotte County",5,51,1920,984,936
050,20,209,"Kansas","Wyandotte County",5,52,2015,1045,970
050,20,209,"Kansas","Wyandotte County",5,53,1846,981,865
050,20,209,"Kansas","Wyandotte County",5,54,1801,906,895
050,20,209,"Kansas","Wyandotte County",5,55,1679,863,816
050,20,209,"Kansas","Wyandotte County",5,56,1675,831,844
050,20,209,"Kansas","Wyandotte County",5,57,1780,930,850
050,20,209,"Kansas","Wyandotte County",5,58,1825,916,909
050,20,209,"Kansas","Wyandotte County",5,59,1797,897,900
050,20,209,"Kansas","Wyandotte County",5,60,1844,916,928
050,20,209,"Kansas","Wyandotte County",5,61,1915,922,993
050,20,209,"Kansas","Wyandotte County",5,62,1964,965,999
050,20,209,"Kansas","Wyandotte County",5,63,1807,891,916
050,20,209,"Kansas","Wyandotte County",5,64,1746,863,883
050,20,209,"Kansas","Wyandotte County",5,65,1776,857,919
050,20,209,"Kansas","Wyandotte County",5,66,1717,824,893
050,20,209,"Kansas","Wyandotte County",5,67,1622,819,803
050,20,209,"Kansas","Wyandotte County",5,68,1554,753,801
050,20,209,"Kansas","Wyandotte County",5,69,1483,705,778
050,20,209,"Kansas","Wyandotte County",5,70,1367,631,736
050,20,209,"Kansas","Wyandotte County",5,71,1292,606,686
050,20,209,"Kansas","Wyandotte County",5,72,1258,587,671
050,20,209,"Kansas","Wyandotte County",5,73,1145,527,618
050,20,209,"Kansas","Wyandotte County",5,74,1013,450,563
050,20,209,"Kansas","Wyandotte County",5,75,977,430,547
050,20,209,"Kansas","Wyandotte County",5,76,996,455,541
050,20,209,"Kansas","Wyandotte County",5,77,699,319,380
050,20,209,"Kansas","Wyandotte County",5,78,638,276,362
050,20,209,"Kansas","Wyandotte County",5,79,601,244,357
050,20,209,"Kansas","Wyandotte County",5,80,602,236,366
050,20,209,"Kansas","Wyandotte County",5,81,524,223,301
050,20,209,"Kansas","Wyandotte County",5,82,447,180,267
050,20,209,"Kansas","Wyandotte County",5,83,416,170,246
050,20,209,"Kansas","Wyandotte County",5,84,371,145,226
050,20,209,"Kansas","Wyandotte County",5,85,2211,746,1465

