"SUMLEV","STATE","COUNTY","STNAME","CTYNAME","YEAR","AGE","TOT_POP","TOT_MALE","TOT_FEMALE"
050,13,001,"Georgia","Appling County",1,0,213,109,104
050,13,001,"Georgia","Appling County",1,1,229,112,117
050,13,001,"Georgia","Appling County",1,2,232,116,116
050,13,001,"Georgia","Appling County",1,3,232,124,108
050,13,001,"Georgia","Appling County",1,4,265,140,125
050,13,001,"Georgia","Appling County",1,5,251,126,125
050,13,001,"Georgia","Appling County",1,6,243,117,126
050,13,001,"Georgia","Appling County",1,7,265,128,137
050,13,001,"Georgia","Appling County",1,8,270,126,144
050,13,001,"Georgia","Appling County",1,9,254,133,121
050,13,001,"Georgia","Appling County",1,10,263,139,124
050,13,001,"Georgia","Appling County",1,11,261,141,120
050,13,001,"Georgia","Appling County",1,12,286,142,144
050,13,001,"Georgia","Appling County",1,13,278,146,132
050,13,001,"Georgia","Appling County",1,14,273,134,139
050,13,001,"Georgia","Appling County",1,15,283,144,139
050,13,001,"Georgia","Appling County",1,16,247,127,120
050,13,001,"Georgia","Appling County",1,17,253,124,129
050,13,001,"Georgia","Appling County",1,18,227,128,99
050,13,001,"Georgia","Appling County",1,19,189,108,81
050,13,001,"Georgia","Appling County",1,20,197,112,85
050,13,001,"Georgia","Appling County",1,21,209,109,100
050,13,001,"Georgia","Appling County",1,22,250,144,106
050,13,001,"Georgia","Appling County",1,23,212,108,104
050,13,001,"Georgia","Appling County",1,24,229,129,100
050,13,001,"Georgia","Appling County",1,25,213,124,89
050,13,001,"Georgia","Appling County",1,26,203,110,93
050,13,001,"Georgia","Appling County",1,27,214,111,103
050,13,001,"Georgia","Appling County",1,28,241,126,115
050,13,001,"Georgia","Appling County",1,29,237,126,111
050,13,001,"Georgia","Appling County",1,30,199,111,88
050,13,001,"Georgia","Appling County",1,31,205,99,106
050,13,001,"Georgia","Appling County",1,32,194,98,96
050,13,001,"Georgia","Appling County",1,33,199,98,101
050,13,001,"Georgia","Appling County",1,34,208,100,108
050,13,001,"Georgia","Appling County",1,35,205,102,103
050,13,001,"Georgia","Appling County",1,36,226,118,108
050,13,001,"Georgia","Appling County",1,37,228,122,106
050,13,001,"Georgia","Appling County",1,38,216,111,105
050,13,001,"Georgia","Appling County",1,39,209,107,102
050,13,001,"Georgia","Appling County",1,40,216,109,107
050,13,001,"Georgia","Appling County",1,41,242,119,123
050,13,001,"Georgia","Appling County",1,42,229,106,123
050,13,001,"Georgia","Appling County",1,43,215,99,116
050,13,001,"Georgia","Appling County",1,44,219,114,105
050,13,001,"Georgia","Appling County",1,45,224,113,111
050,13,001,"Georgia","Appling County",1,46,209,95,114
050,13,001,"Georgia","Appling County",1,47,206,97,109
050,13,001,"Georgia","Appling County",1,48,232,113,119
050,13,001,"Georgia","Appling County",1,49,243,130,113
050,13,001,"Georgia","Appling County",1,50,234,131,103
050,13,001,"Georgia","Appling County",1,51,225,116,109
050,13,001,"Georgia","Appling County",1,52,211,103,108
050,13,001,"Georgia","Appling County",1,53,211,107,104
050,13,001,"Georgia","Appling County",1,54,231,119,112
050,13,001,"Georgia","Appling County",1,55,274,143,131
050,13,001,"Georgia","Appling County",1,56,246,122,124
050,13,001,"Georgia","Appling County",1,57,238,115,123
050,13,001,"Georgia","Appling County",1,58,241,124,117
050,13,001,"Georgia","Appling County",1,59,261,134,127
050,13,001,"Georgia","Appling County",1,60,266,143,123
050,13,001,"Georgia","Appling County",1,61,244,124,120
050,13,001,"Georgia","Appling County",1,62,244,116,128
050,13,001,"Georgia","Appling County",1,63,248,106,142
050,13,001,"Georgia","Appling County",1,64,276,137,139
050,13,001,"Georgia","Appling County",1,65,232,107,125
050,13,001,"Georgia","Appling County",1,66,204,95,109
050,13,001,"Georgia","Appling County",1,67,195,91,104
050,13,001,"Georgia","Appling County",1,68,210,115,95
050,13,001,"Georgia","Appling County",1,69,213,104,109
050,13,001,"Georgia","Appling County",1,70,191,83,108
050,13,001,"Georgia","Appling County",1,71,203,98,105
050,13,001,"Georgia","Appling County",1,72,185,104,81
050,13,001,"Georgia","Appling County",1,73,193,102,91
050,13,001,"Georgia","Appling County",1,74,141,66,75
050,13,001,"Georgia","Appling County",1,75,130,57,73
050,13,001,"Georgia","Appling County",1,76,134,62,72
050,13,001,"Georgia","Appling County",1,77,128,57,71
050,13,001,"Georgia","Appling County",1,78,114,44,70
050,13,001,"Georgia","Appling County",1,79,99,40,59
050,13,001,"Georgia","Appling County",1,80,87,38,49
050,13,001,"Georgia","Appling County",1,81,87,35,52
050,13,001,"Georgia","Appling County",1,82,86,37,49
050,13,001,"Georgia","Appling County",1,83,68,24,44
050,13,001,"Georgia","Appling County",1,84,52,22,30
050,13,001,"Georgia","Appling County",1,85,300,112,188
050,13,001,"Georgia","Appling County",2,0,202,102,100
050,13,001,"Georgia","Appling County",2,1,226,112,114
050,13,001,"Georgia","Appling County",2,2,231,116,115
050,13,001,"Georgia","Appling County",2,3,231,122,109
050,13,001,"Georgia","Appling County",2,4,258,137,121
050,13,001,"Georgia","Appling County",2,5,250,125,125
050,13,001,"Georgia","Appling County",2,6,244,120,124
050,13,001,"Georgia","Appling County",2,7,259,125,134
050,13,001,"Georgia","Appling County",2,8,266,124,142
050,13,001,"Georgia","Appling County",2,9,258,131,127
050,13,001,"Georgia","Appling County",2,10,258,136,122
050,13,001,"Georgia","Appling County",2,11,257,138,119
050,13,001,"Georgia","Appling County",2,12,278,140,138
050,13,001,"Georgia","Appling County",2,13,279,144,135
050,13,001,"Georgia","Appling County",2,14,272,137,135
050,13,001,"Georgia","Appling County",2,15,277,138,139
050,13,001,"Georgia","Appling County",2,16,250,124,126
050,13,001,"Georgia","Appling County",2,17,243,118,125
050,13,001,"Georgia","Appling County",2,18,219,121,98
050,13,001,"Georgia","Appling County",2,19,185,105,80
050,13,001,"Georgia","Appling County",2,20,200,115,85
050,13,001,"Georgia","Appling County",2,21,209,111,98
050,13,001,"Georgia","Appling County",2,22,242,135,107
050,13,001,"Georgia","Appling County",2,23,220,116,104
050,13,001,"Georgia","Appling County",2,24,227,126,101
050,13,001,"Georgia","Appling County",2,25,214,123,91
050,13,001,"Georgia","Appling County",2,26,205,112,93
050,13,001,"Georgia","Appling County",2,27,213,113,100
050,13,001,"Georgia","Appling County",2,28,236,123,113
050,13,001,"Georgia","Appling County",2,29,237,125,112
050,13,001,"Georgia","Appling County",2,30,207,114,93
050,13,001,"Georgia","Appling County",2,31,202,100,102
050,13,001,"Georgia","Appling County",2,32,196,98,98
050,13,001,"Georgia","Appling County",2,33,197,96,101
050,13,001,"Georgia","Appling County",2,34,204,99,105
050,13,001,"Georgia","Appling County",2,35,206,101,105
050,13,001,"Georgia","Appling County",2,36,219,116,103
050,13,001,"Georgia","Appling County",2,37,231,123,108
050,13,001,"Georgia","Appling County",2,38,219,112,107
050,13,001,"Georgia","Appling County",2,39,208,109,99
050,13,001,"Georgia","Appling County",2,40,216,109,107
050,13,001,"Georgia","Appling County",2,41,233,116,117
050,13,001,"Georgia","Appling County",2,42,230,108,122
050,13,001,"Georgia","Appling County",2,43,221,102,119
050,13,001,"Georgia","Appling County",2,44,217,110,107
050,13,001,"Georgia","Appling County",2,45,223,113,110
050,13,001,"Georgia","Appling County",2,46,212,100,112
050,13,001,"Georgia","Appling County",2,47,207,97,110
050,13,001,"Georgia","Appling County",2,48,226,109,117
050,13,001,"Georgia","Appling County",2,49,241,126,115
050,13,001,"Georgia","Appling County",2,50,236,131,105
050,13,001,"Georgia","Appling County",2,51,222,116,106
050,13,001,"Georgia","Appling County",2,52,217,107,110
050,13,001,"Georgia","Appling County",2,53,213,107,106
050,13,001,"Georgia","Appling County",2,54,227,116,111
050,13,001,"Georgia","Appling County",2,55,263,137,126
050,13,001,"Georgia","Appling County",2,56,251,127,124
050,13,001,"Georgia","Appling County",2,57,240,116,124
050,13,001,"Georgia","Appling County",2,58,241,122,119
050,13,001,"Georgia","Appling County",2,59,254,131,123
050,13,001,"Georgia","Appling County",2,60,264,140,124
050,13,001,"Georgia","Appling County",2,61,251,130,121
050,13,001,"Georgia","Appling County",2,62,242,116,126
050,13,001,"Georgia","Appling County",2,63,250,109,141
050,13,001,"Georgia","Appling County",2,64,268,129,139
050,13,001,"Georgia","Appling County",2,65,244,115,129
050,13,001,"Georgia","Appling County",2,66,212,98,114
050,13,001,"Georgia","Appling County",2,67,196,91,105
050,13,001,"Georgia","Appling County",2,68,202,107,95
050,13,001,"Georgia","Appling County",2,69,212,106,106
050,13,001,"Georgia","Appling County",2,70,196,88,108
050,13,001,"Georgia","Appling County",2,71,198,93,105
050,13,001,"Georgia","Appling County",2,72,185,99,86
050,13,001,"Georgia","Appling County",2,73,202,107,95
050,13,001,"Georgia","Appling County",2,74,143,69,74
050,13,001,"Georgia","Appling County",2,75,131,59,72
050,13,001,"Georgia","Appling County",2,76,131,58,73
050,13,001,"Georgia","Appling County",2,77,133,60,73
050,13,001,"Georgia","Appling County",2,78,115,45,70
050,13,001,"Georgia","Appling County",2,79,97,38,59
050,13,001,"Georgia","Appling County",2,80,89,38,51
050,13,001,"Georgia","Appling County",2,81,85,35,50
050,13,001,"Georgia","Appling County",2,82,81,33,48
050,13,001,"Georgia","Appling County",2,83,69,24,45
050,13,001,"Georgia","Appling County",2,84,53,22,31
050,13,001,"Georgia","Appling County",2,85,302,113,189
050,13,001,"Georgia","Appling County",3,0,199,97,102
050,13,001,"Georgia","Appling County",3,1,231,116,115
050,13,001,"Georgia","Appling County",3,2,218,110,108
050,13,001,"Georgia","Appling County",3,3,239,119,120
050,13,001,"Georgia","Appling County",3,4,234,120,114
050,13,001,"Georgia","Appling County",3,5,251,131,120
050,13,001,"Georgia","Appling County",3,6,250,124,126
050,13,001,"Georgia","Appling County",3,7,248,119,129
050,13,001,"Georgia","Appling County",3,8,269,134,135
050,13,001,"Georgia","Appling County",3,9,263,125,138
050,13,001,"Georgia","Appling County",3,10,260,131,129
050,13,001,"Georgia","Appling County",3,11,249,129,120
050,13,001,"Georgia","Appling County",3,12,264,144,120
050,13,001,"Georgia","Appling County",3,13,295,145,150
050,13,001,"Georgia","Appling County",3,14,272,145,127
050,13,001,"Georgia","Appling County",3,15,273,138,135
050,13,001,"Georgia","Appling County",3,16,275,137,138
050,13,001,"Georgia","Appling County",3,17,240,121,119
050,13,001,"Georgia","Appling County",3,18,214,113,101
050,13,001,"Georgia","Appling County",3,19,185,98,87
050,13,001,"Georgia","Appling County",3,20,204,113,91
050,13,001,"Georgia","Appling County",3,21,207,113,94
050,13,001,"Georgia","Appling County",3,22,233,129,104
050,13,001,"Georgia","Appling County",3,23,243,137,106
050,13,001,"Georgia","Appling County",3,24,235,130,105
050,13,001,"Georgia","Appling County",3,25,234,124,110
050,13,001,"Georgia","Appling County",3,26,201,111,90
050,13,001,"Georgia","Appling County",3,27,206,116,90
050,13,001,"Georgia","Appling County",3,28,217,117,100
050,13,001,"Georgia","Appling County",3,29,247,128,119
050,13,001,"Georgia","Appling County",3,30,235,127,108
050,13,001,"Georgia","Appling County",3,31,213,120,93
050,13,001,"Georgia","Appling County",3,32,204,103,101
050,13,001,"Georgia","Appling County",3,33,201,102,99
050,13,001,"Georgia","Appling County",3,34,192,94,98
050,13,001,"Georgia","Appling County",3,35,217,108,109
050,13,001,"Georgia","Appling County",3,36,218,109,109
050,13,001,"Georgia","Appling County",3,37,213,114,99
050,13,001,"Georgia","Appling County",3,38,223,114,109
050,13,001,"Georgia","Appling County",3,39,220,119,101
050,13,001,"Georgia","Appling County",3,40,215,115,100
050,13,001,"Georgia","Appling County",3,41,215,109,106
050,13,001,"Georgia","Appling County",3,42,228,113,115
050,13,001,"Georgia","Appling County",3,43,232,111,121
050,13,001,"Georgia","Appling County",3,44,213,95,118
050,13,001,"Georgia","Appling County",3,45,211,108,103
050,13,001,"Georgia","Appling County",3,46,221,113,108
050,13,001,"Georgia","Appling County",3,47,223,106,117
050,13,001,"Georgia","Appling County",3,48,207,95,112
050,13,001,"Georgia","Appling County",3,49,221,106,115
050,13,001,"Georgia","Appling County",3,50,246,130,116
050,13,001,"Georgia","Appling County",3,51,221,116,105
050,13,001,"Georgia","Appling County",3,52,218,117,101
050,13,001,"Georgia","Appling County",3,53,225,110,115
050,13,001,"Georgia","Appling County",3,54,211,109,102
050,13,001,"Georgia","Appling County",3,55,222,106,116
050,13,001,"Georgia","Appling County",3,56,259,135,124
050,13,001,"Georgia","Appling County",3,57,247,126,121
050,13,001,"Georgia","Appling County",3,58,230,109,121
050,13,001,"Georgia","Appling County",3,59,231,113,118
050,13,001,"Georgia","Appling County",3,60,249,132,117
050,13,001,"Georgia","Appling County",3,61,263,139,124
050,13,001,"Georgia","Appling County",3,62,245,129,116
050,13,001,"Georgia","Appling County",3,63,242,115,127
050,13,001,"Georgia","Appling County",3,64,254,112,142
050,13,001,"Georgia","Appling County",3,65,267,129,138
050,13,001,"Georgia","Appling County",3,66,241,114,127
050,13,001,"Georgia","Appling County",3,67,209,98,111
050,13,001,"Georgia","Appling County",3,68,193,91,102
050,13,001,"Georgia","Appling County",3,69,192,100,92
050,13,001,"Georgia","Appling County",3,70,203,99,104
050,13,001,"Georgia","Appling County",3,71,190,85,105
050,13,001,"Georgia","Appling County",3,72,198,91,107
050,13,001,"Georgia","Appling County",3,73,186,96,90
050,13,001,"Georgia","Appling County",3,74,196,104,92
050,13,001,"Georgia","Appling County",3,75,137,66,71
050,13,001,"Georgia","Appling County",3,76,126,55,71
050,13,001,"Georgia","Appling County",3,77,121,55,66
050,13,001,"Georgia","Appling County",3,78,124,56,68
050,13,001,"Georgia","Appling County",3,79,102,42,60
050,13,001,"Georgia","Appling County",3,80,93,33,60
050,13,001,"Georgia","Appling County",3,81,86,35,51
050,13,001,"Georgia","Appling County",3,82,78,33,45
050,13,001,"Georgia","Appling County",3,83,75,31,44
050,13,001,"Georgia","Appling County",3,84,62,19,43
050,13,001,"Georgia","Appling County",3,85,303,114,189
050,13,001,"Georgia","Appling County",4,0,211,105,106
050,13,001,"Georgia","Appling County",4,1,195,101,94
050,13,001,"Georgia","Appling County",4,2,229,115,114
050,13,001,"Georgia","Appling County",4,3,224,119,105
050,13,001,"Georgia","Appling County",4,4,250,126,124
050,13,001,"Georgia","Appling County",4,5,227,116,111
050,13,001,"Georgia","Appling County",4,6,267,133,134
050,13,001,"Georgia","Appling County",4,7,247,116,131
050,13,001,"Georgia","Appling County",4,8,256,125,131
050,13,001,"Georgia","Appling County",4,9,272,135,137
050,13,001,"Georgia","Appling County",4,10,267,128,139
050,13,001,"Georgia","Appling County",4,11,258,134,124
050,13,001,"Georgia","Appling County",4,12,257,131,126
050,13,001,"Georgia","Appling County",4,13,258,142,116
050,13,001,"Georgia","Appling County",4,14,291,144,147
050,13,001,"Georgia","Appling County",4,15,276,144,132
050,13,001,"Georgia","Appling County",4,16,274,139,135
050,13,001,"Georgia","Appling County",4,17,282,142,140
050,13,001,"Georgia","Appling County",4,18,234,128,106
050,13,001,"Georgia","Appling County",4,19,167,84,83
050,13,001,"Georgia","Appling County",4,20,186,100,86
050,13,001,"Georgia","Appling County",4,21,217,113,104
050,13,001,"Georgia","Appling County",4,22,224,125,99
050,13,001,"Georgia","Appling County",4,23,219,119,100
050,13,001,"Georgia","Appling County",4,24,256,148,108
050,13,001,"Georgia","Appling County",4,25,234,126,108
050,13,001,"Georgia","Appling County",4,26,237,121,116
050,13,001,"Georgia","Appling County",4,27,215,128,87
050,13,001,"Georgia","Appling County",4,28,210,120,90
050,13,001,"Georgia","Appling County",4,29,213,115,98
050,13,001,"Georgia","Appling County",4,30,251,128,123
050,13,001,"Georgia","Appling County",4,31,222,119,103
050,13,001,"Georgia","Appling County",4,32,210,116,94
050,13,001,"Georgia","Appling County",4,33,208,106,102
050,13,001,"Georgia","Appling County",4,34,200,108,92
050,13,001,"Georgia","Appling County",4,35,196,98,98
050,13,001,"Georgia","Appling County",4,36,221,112,109
050,13,001,"Georgia","Appling County",4,37,213,106,107
050,13,001,"Georgia","Appling County",4,38,212,111,101
050,13,001,"Georgia","Appling County",4,39,226,119,107
050,13,001,"Georgia","Appling County",4,40,214,114,100
050,13,001,"Georgia","Appling County",4,41,212,113,99
050,13,001,"Georgia","Appling County",4,42,203,104,99
050,13,001,"Georgia","Appling County",4,43,232,109,123
050,13,001,"Georgia","Appling County",4,44,236,114,122
050,13,001,"Georgia","Appling County",4,45,209,90,119
050,13,001,"Georgia","Appling County",4,46,219,116,103
050,13,001,"Georgia","Appling County",4,47,226,116,110
050,13,001,"Georgia","Appling County",4,48,224,107,117
050,13,001,"Georgia","Appling County",4,49,201,94,107
050,13,001,"Georgia","Appling County",4,50,227,109,118
050,13,001,"Georgia","Appling County",4,51,238,123,115
050,13,001,"Georgia","Appling County",4,52,220,115,105
050,13,001,"Georgia","Appling County",4,53,225,121,104
050,13,001,"Georgia","Appling County",4,54,222,109,113
050,13,001,"Georgia","Appling County",4,55,212,111,101
050,13,001,"Georgia","Appling County",4,56,231,108,123
050,13,001,"Georgia","Appling County",4,57,248,130,118
050,13,001,"Georgia","Appling County",4,58,245,123,122
050,13,001,"Georgia","Appling County",4,59,221,99,122
050,13,001,"Georgia","Appling County",4,60,227,109,118
050,13,001,"Georgia","Appling County",4,61,242,129,113
050,13,001,"Georgia","Appling County",4,62,261,140,121
050,13,001,"Georgia","Appling County",4,63,236,122,114
050,13,001,"Georgia","Appling County",4,64,236,112,124
050,13,001,"Georgia","Appling County",4,65,245,107,138
050,13,001,"Georgia","Appling County",4,66,266,124,142
050,13,001,"Georgia","Appling County",4,67,243,119,124
050,13,001,"Georgia","Appling County",4,68,210,101,109
050,13,001,"Georgia","Appling County",4,69,183,87,96
050,13,001,"Georgia","Appling County",4,70,183,91,92
050,13,001,"Georgia","Appling County",4,71,198,97,101
050,13,001,"Georgia","Appling County",4,72,184,85,99
050,13,001,"Georgia","Appling County",4,73,200,90,110
050,13,001,"Georgia","Appling County",4,74,175,92,83
050,13,001,"Georgia","Appling County",4,75,181,94,87
050,13,001,"Georgia","Appling County",4,76,132,62,70
050,13,001,"Georgia","Appling County",4,77,118,54,64
050,13,001,"Georgia","Appling County",4,78,109,52,57
050,13,001,"Georgia","Appling County",4,79,112,52,60
050,13,001,"Georgia","Appling County",4,80,95,38,57
050,13,001,"Georgia","Appling County",4,81,86,29,57
050,13,001,"Georgia","Appling County",4,82,73,26,47
050,13,001,"Georgia","Appling County",4,83,72,31,41
050,13,001,"Georgia","Appling County",4,84,67,29,38
050,13,001,"Georgia","Appling County",4,85,326,119,207
050,13,001,"Georgia","Appling County",5,0,204,101,103
050,13,001,"Georgia","Appling County",5,1,207,101,106
050,13,001,"Georgia","Appling County",5,2,201,98,103
050,13,001,"Georgia","Appling County",5,3,229,118,111
050,13,001,"Georgia","Appling County",5,4,223,114,109
050,13,001,"Georgia","Appling County",5,5,249,121,128
050,13,001,"Georgia","Appling County",5,6,226,118,108
050,13,001,"Georgia","Appling County",5,7,269,131,138
050,13,001,"Georgia","Appling County",5,8,254,125,129
050,13,001,"Georgia","Appling County",5,9,262,129,133
050,13,001,"Georgia","Appling County",5,10,274,135,139
050,13,001,"Georgia","Appling County",5,11,269,130,139
050,13,001,"Georgia","Appling County",5,12,259,137,122
050,13,001,"Georgia","Appling County",5,13,252,133,119
050,13,001,"Georgia","Appling County",5,14,264,145,119
050,13,001,"Georgia","Appling County",5,15,294,147,147
050,13,001,"Georgia","Appling County",5,16,272,134,138
050,13,001,"Georgia","Appling County",5,17,283,146,137
050,13,001,"Georgia","Appling County",5,18,261,150,111
050,13,001,"Georgia","Appling County",5,19,194,110,84
050,13,001,"Georgia","Appling County",5,20,183,99,84
050,13,001,"Georgia","Appling County",5,21,186,98,88
050,13,001,"Georgia","Appling County",5,22,243,124,119
050,13,001,"Georgia","Appling County",5,23,233,128,105
050,13,001,"Georgia","Appling County",5,24,246,140,106
050,13,001,"Georgia","Appling County",5,25,244,140,104
050,13,001,"Georgia","Appling County",5,26,222,118,104
050,13,001,"Georgia","Appling County",5,27,247,128,119
050,13,001,"Georgia","Appling County",5,28,208,123,85
050,13,001,"Georgia","Appling County",5,29,195,109,86
050,13,001,"Georgia","Appling County",5,30,215,123,92
050,13,001,"Georgia","Appling County",5,31,245,129,116
050,13,001,"Georgia","Appling County",5,32,231,118,113
050,13,001,"Georgia","Appling County",5,33,202,113,89
050,13,001,"Georgia","Appling County",5,34,210,106,104
050,13,001,"Georgia","Appling County",5,35,206,111,95
050,13,001,"Georgia","Appling County",5,36,189,90,99
050,13,001,"Georgia","Appling County",5,37,213,108,105
050,13,001,"Georgia","Appling County",5,38,204,95,109
050,13,001,"Georgia","Appling County",5,39,231,131,100
050,13,001,"Georgia","Appling County",5,40,225,114,111
050,13,001,"Georgia","Appling County",5,41,221,118,103
050,13,001,"Georgia","Appling County",5,42,206,108,98
050,13,001,"Georgia","Appling County",5,43,210,110,100
050,13,001,"Georgia","Appling County",5,44,226,107,119
050,13,001,"Georgia","Appling County",5,45,224,104,120
050,13,001,"Georgia","Appling County",5,46,213,91,122
050,13,001,"Georgia","Appling County",5,47,216,112,104
050,13,001,"Georgia","Appling County",5,48,214,110,104
050,13,001,"Georgia","Appling County",5,49,214,99,115
050,13,001,"Georgia","Appling County",5,50,201,98,103
050,13,001,"Georgia","Appling County",5,51,224,106,118
050,13,001,"Georgia","Appling County",5,52,236,119,117
050,13,001,"Georgia","Appling County",5,53,230,123,107
050,13,001,"Georgia","Appling County",5,54,227,119,108
050,13,001,"Georgia","Appling County",5,55,218,106,112
050,13,001,"Georgia","Appling County",5,56,214,111,103
050,13,001,"Georgia","Appling County",5,57,224,107,117
050,13,001,"Georgia","Appling County",5,58,247,132,115
050,13,001,"Georgia","Appling County",5,59,242,122,120
050,13,001,"Georgia","Appling County",5,60,226,100,126
050,13,001,"Georgia","Appling County",5,61,220,108,112
050,13,001,"Georgia","Appling County",5,62,246,132,114
050,13,001,"Georgia","Appling County",5,63,259,139,120
050,13,001,"Georgia","Appling County",5,64,237,121,116
050,13,001,"Georgia","Appling County",5,65,234,109,125
050,13,001,"Georgia","Appling County",5,66,242,106,136
050,13,001,"Georgia","Appling County",5,67,263,123,140
050,13,001,"Georgia","Appling County",5,68,237,119,118
050,13,001,"Georgia","Appling County",5,69,195,93,102
050,13,001,"Georgia","Appling County",5,70,177,81,96
050,13,001,"Georgia","Appling County",5,71,179,89,90
050,13,001,"Georgia","Appling County",5,72,198,96,102
050,13,001,"Georgia","Appling County",5,73,187,83,104
050,13,001,"Georgia","Appling County",5,74,190,88,102
050,13,001,"Georgia","Appling County",5,75,165,85,80
050,13,001,"Georgia","Appling County",5,76,174,87,87
050,13,001,"Georgia","Appling County",5,77,125,60,65
050,13,001,"Georgia","Appling County",5,78,107,50,57
050,13,001,"Georgia","Appling County",5,79,101,53,48
050,13,001,"Georgia","Appling County",5,80,107,50,57
050,13,001,"Georgia","Appling County",5,81,91,35,56
050,13,001,"Georgia","Appling County",5,82,76,23,53
050,13,001,"Georgia","Appling County",5,83,68,24,44
050,13,001,"Georgia","Appling County",5,84,65,29,36
050,13,001,"Georgia","Appling County",5,85,357,131,226
050,13,003,"Georgia","Atkinson County",1,0,128,67,61
050,13,003,"Georgia","Atkinson County",1,1,116,62,54
050,13,003,"Georgia","Atkinson County",1,2,105,51,54
050,13,003,"Georgia","Atkinson County",1,3,108,57,51
050,13,003,"Georgia","Atkinson County",1,4,118,59,59
050,13,003,"Georgia","Atkinson County",1,5,116,56,60
050,13,003,"Georgia","Atkinson County",1,6,130,64,66
050,13,003,"Georgia","Atkinson County",1,7,118,66,52
050,13,003,"Georgia","Atkinson County",1,8,102,58,44
050,13,003,"Georgia","Atkinson County",1,9,118,54,64
050,13,003,"Georgia","Atkinson County",1,10,117,58,59
050,13,003,"Georgia","Atkinson County",1,11,122,64,58
050,13,003,"Georgia","Atkinson County",1,12,111,61,50
050,13,003,"Georgia","Atkinson County",1,13,138,73,65
050,13,003,"Georgia","Atkinson County",1,14,128,62,66
050,13,003,"Georgia","Atkinson County",1,15,122,61,61
050,13,003,"Georgia","Atkinson County",1,16,131,64,67
050,13,003,"Georgia","Atkinson County",1,17,130,66,64
050,13,003,"Georgia","Atkinson County",1,18,108,62,46
050,13,003,"Georgia","Atkinson County",1,19,95,49,46
050,13,003,"Georgia","Atkinson County",1,20,89,45,44
050,13,003,"Georgia","Atkinson County",1,21,93,42,51
050,13,003,"Georgia","Atkinson County",1,22,111,48,63
050,13,003,"Georgia","Atkinson County",1,23,121,61,60
050,13,003,"Georgia","Atkinson County",1,24,109,59,50
050,13,003,"Georgia","Atkinson County",1,25,101,52,49
050,13,003,"Georgia","Atkinson County",1,26,111,58,53
050,13,003,"Georgia","Atkinson County",1,27,122,57,65
050,13,003,"Georgia","Atkinson County",1,28,109,56,53
050,13,003,"Georgia","Atkinson County",1,29,110,55,55
050,13,003,"Georgia","Atkinson County",1,30,120,74,46
050,13,003,"Georgia","Atkinson County",1,31,104,64,40
050,13,003,"Georgia","Atkinson County",1,32,107,62,45
050,13,003,"Georgia","Atkinson County",1,33,106,55,51
050,13,003,"Georgia","Atkinson County",1,34,109,56,53
050,13,003,"Georgia","Atkinson County",1,35,122,62,60
050,13,003,"Georgia","Atkinson County",1,36,105,54,51
050,13,003,"Georgia","Atkinson County",1,37,92,47,45
050,13,003,"Georgia","Atkinson County",1,38,94,51,43
050,13,003,"Georgia","Atkinson County",1,39,105,50,55
050,13,003,"Georgia","Atkinson County",1,40,96,49,47
050,13,003,"Georgia","Atkinson County",1,41,100,47,53
050,13,003,"Georgia","Atkinson County",1,42,100,45,55
050,13,003,"Georgia","Atkinson County",1,43,121,71,50
050,13,003,"Georgia","Atkinson County",1,44,106,55,51
050,13,003,"Georgia","Atkinson County",1,45,108,58,50
050,13,003,"Georgia","Atkinson County",1,46,94,48,46
050,13,003,"Georgia","Atkinson County",1,47,100,50,50
050,13,003,"Georgia","Atkinson County",1,48,107,58,49
050,13,003,"Georgia","Atkinson County",1,49,102,52,50
050,13,003,"Georgia","Atkinson County",1,50,111,53,58
050,13,003,"Georgia","Atkinson County",1,51,121,62,59
050,13,003,"Georgia","Atkinson County",1,52,102,52,50
050,13,003,"Georgia","Atkinson County",1,53,112,58,54
050,13,003,"Georgia","Atkinson County",1,54,118,66,52
050,13,003,"Georgia","Atkinson County",1,55,103,56,47
050,13,003,"Georgia","Atkinson County",1,56,101,49,52
050,13,003,"Georgia","Atkinson County",1,57,106,50,56
050,13,003,"Georgia","Atkinson County",1,58,111,53,58
050,13,003,"Georgia","Atkinson County",1,59,102,54,48
050,13,003,"Georgia","Atkinson County",1,60,101,49,52
050,13,003,"Georgia","Atkinson County",1,61,107,47,60
050,13,003,"Georgia","Atkinson County",1,62,97,49,48
050,13,003,"Georgia","Atkinson County",1,63,118,56,62
050,13,003,"Georgia","Atkinson County",1,64,84,44,40
050,13,003,"Georgia","Atkinson County",1,65,82,42,40
050,13,003,"Georgia","Atkinson County",1,66,65,37,28
050,13,003,"Georgia","Atkinson County",1,67,74,36,38
050,13,003,"Georgia","Atkinson County",1,68,83,43,40
050,13,003,"Georgia","Atkinson County",1,69,75,37,38
050,13,003,"Georgia","Atkinson County",1,70,85,39,46
050,13,003,"Georgia","Atkinson County",1,71,69,32,37
050,13,003,"Georgia","Atkinson County",1,72,63,27,36
050,13,003,"Georgia","Atkinson County",1,73,73,41,32
050,13,003,"Georgia","Atkinson County",1,74,42,26,16
050,13,003,"Georgia","Atkinson County",1,75,44,27,17
050,13,003,"Georgia","Atkinson County",1,76,50,24,26
050,13,003,"Georgia","Atkinson County",1,77,55,26,29
050,13,003,"Georgia","Atkinson County",1,78,36,18,18
050,13,003,"Georgia","Atkinson County",1,79,31,14,17
050,13,003,"Georgia","Atkinson County",1,80,35,14,21
050,13,003,"Georgia","Atkinson County",1,81,39,17,22
050,13,003,"Georgia","Atkinson County",1,82,24,11,13
050,13,003,"Georgia","Atkinson County",1,83,26,12,14
050,13,003,"Georgia","Atkinson County",1,84,25,13,12
050,13,003,"Georgia","Atkinson County",1,85,81,36,45
050,13,003,"Georgia","Atkinson County",2,0,126,66,60
050,13,003,"Georgia","Atkinson County",2,1,116,62,54
050,13,003,"Georgia","Atkinson County",2,2,108,53,55
050,13,003,"Georgia","Atkinson County",2,3,108,55,53
050,13,003,"Georgia","Atkinson County",2,4,118,59,59
050,13,003,"Georgia","Atkinson County",2,5,117,58,59
050,13,003,"Georgia","Atkinson County",2,6,126,61,65
050,13,003,"Georgia","Atkinson County",2,7,120,67,53
050,13,003,"Georgia","Atkinson County",2,8,108,61,47
050,13,003,"Georgia","Atkinson County",2,9,115,55,60
050,13,003,"Georgia","Atkinson County",2,10,116,57,59
050,13,003,"Georgia","Atkinson County",2,11,121,62,59
050,13,003,"Georgia","Atkinson County",2,12,118,65,53
050,13,003,"Georgia","Atkinson County",2,13,132,71,61
050,13,003,"Georgia","Atkinson County",2,14,129,65,64
050,13,003,"Georgia","Atkinson County",2,15,123,61,62
050,13,003,"Georgia","Atkinson County",2,16,130,63,67
050,13,003,"Georgia","Atkinson County",2,17,128,65,63
050,13,003,"Georgia","Atkinson County",2,18,108,61,47
050,13,003,"Georgia","Atkinson County",2,19,95,50,45
050,13,003,"Georgia","Atkinson County",2,20,92,46,46
050,13,003,"Georgia","Atkinson County",2,21,92,43,49
050,13,003,"Georgia","Atkinson County",2,22,110,48,62
050,13,003,"Georgia","Atkinson County",2,23,119,58,61
050,13,003,"Georgia","Atkinson County",2,24,113,61,52
050,13,003,"Georgia","Atkinson County",2,25,105,55,50
050,13,003,"Georgia","Atkinson County",2,26,111,57,54
050,13,003,"Georgia","Atkinson County",2,27,120,58,62
050,13,003,"Georgia","Atkinson County",2,28,114,57,57
050,13,003,"Georgia","Atkinson County",2,29,112,56,56
050,13,003,"Georgia","Atkinson County",2,30,120,71,49
050,13,003,"Georgia","Atkinson County",2,31,106,66,40
050,13,003,"Georgia","Atkinson County",2,32,107,62,45
050,13,003,"Georgia","Atkinson County",2,33,108,57,51
050,13,003,"Georgia","Atkinson County",2,34,108,57,51
050,13,003,"Georgia","Atkinson County",2,35,122,62,60
050,13,003,"Georgia","Atkinson County",2,36,108,55,53
050,13,003,"Georgia","Atkinson County",2,37,94,48,46
050,13,003,"Georgia","Atkinson County",2,38,93,50,43
050,13,003,"Georgia","Atkinson County",2,39,99,49,50
050,13,003,"Georgia","Atkinson County",2,40,98,50,48
050,13,003,"Georgia","Atkinson County",2,41,100,48,52
050,13,003,"Georgia","Atkinson County",2,42,99,45,54
050,13,003,"Georgia","Atkinson County",2,43,118,66,52
050,13,003,"Georgia","Atkinson County",2,44,108,58,50
050,13,003,"Georgia","Atkinson County",2,45,108,57,51
050,13,003,"Georgia","Atkinson County",2,46,95,49,46
050,13,003,"Georgia","Atkinson County",2,47,101,51,50
050,13,003,"Georgia","Atkinson County",2,48,107,57,50
050,13,003,"Georgia","Atkinson County",2,49,102,52,50
050,13,003,"Georgia","Atkinson County",2,50,109,51,58
050,13,003,"Georgia","Atkinson County",2,51,116,59,57
050,13,003,"Georgia","Atkinson County",2,52,106,55,51
050,13,003,"Georgia","Atkinson County",2,53,109,56,53
050,13,003,"Georgia","Atkinson County",2,54,117,64,53
050,13,003,"Georgia","Atkinson County",2,55,108,59,49
050,13,003,"Georgia","Atkinson County",2,56,104,53,51
050,13,003,"Georgia","Atkinson County",2,57,102,47,55
050,13,003,"Georgia","Atkinson County",2,58,111,53,58
050,13,003,"Georgia","Atkinson County",2,59,107,55,52
050,13,003,"Georgia","Atkinson County",2,60,98,49,49
050,13,003,"Georgia","Atkinson County",2,61,107,49,58
050,13,003,"Georgia","Atkinson County",2,62,99,48,51
050,13,003,"Georgia","Atkinson County",2,63,114,55,59
050,13,003,"Georgia","Atkinson County",2,64,90,45,45
050,13,003,"Georgia","Atkinson County",2,65,80,42,38
050,13,003,"Georgia","Atkinson County",2,66,70,39,31
050,13,003,"Georgia","Atkinson County",2,67,69,34,35
050,13,003,"Georgia","Atkinson County",2,68,80,41,39
050,13,003,"Georgia","Atkinson County",2,69,78,40,38
050,13,003,"Georgia","Atkinson County",2,70,82,38,44
050,13,003,"Georgia","Atkinson County",2,71,72,33,39
050,13,003,"Georgia","Atkinson County",2,72,62,28,34
050,13,003,"Georgia","Atkinson County",2,73,73,40,33
050,13,003,"Georgia","Atkinson County",2,74,44,27,17
050,13,003,"Georgia","Atkinson County",2,75,45,28,17
050,13,003,"Georgia","Atkinson County",2,76,48,24,24
050,13,003,"Georgia","Atkinson County",2,77,55,26,29
050,13,003,"Georgia","Atkinson County",2,78,38,19,19
050,13,003,"Georgia","Atkinson County",2,79,32,14,18
050,13,003,"Georgia","Atkinson County",2,80,34,14,20
050,13,003,"Georgia","Atkinson County",2,81,39,16,23
050,13,003,"Georgia","Atkinson County",2,82,28,13,15
050,13,003,"Georgia","Atkinson County",2,83,24,10,14
050,13,003,"Georgia","Atkinson County",2,84,25,12,13
050,13,003,"Georgia","Atkinson County",2,85,82,37,45
050,13,003,"Georgia","Atkinson County",3,0,120,69,51
050,13,003,"Georgia","Atkinson County",3,1,130,73,57
050,13,003,"Georgia","Atkinson County",3,2,111,59,52
050,13,003,"Georgia","Atkinson County",3,3,100,49,51
050,13,003,"Georgia","Atkinson County",3,4,110,57,53
050,13,003,"Georgia","Atkinson County",3,5,118,62,56
050,13,003,"Georgia","Atkinson County",3,6,126,61,65
050,13,003,"Georgia","Atkinson County",3,7,135,64,71
050,13,003,"Georgia","Atkinson County",3,8,119,65,54
050,13,003,"Georgia","Atkinson County",3,9,109,60,49
050,13,003,"Georgia","Atkinson County",3,10,114,54,60
050,13,003,"Georgia","Atkinson County",3,11,111,51,60
050,13,003,"Georgia","Atkinson County",3,12,120,64,56
050,13,003,"Georgia","Atkinson County",3,13,117,64,53
050,13,003,"Georgia","Atkinson County",3,14,128,66,62
050,13,003,"Georgia","Atkinson County",3,15,127,63,64
050,13,003,"Georgia","Atkinson County",3,16,122,62,60
050,13,003,"Georgia","Atkinson County",3,17,128,63,65
050,13,003,"Georgia","Atkinson County",3,18,123,62,61
050,13,003,"Georgia","Atkinson County",3,19,97,57,40
050,13,003,"Georgia","Atkinson County",3,20,108,54,54
050,13,003,"Georgia","Atkinson County",3,21,105,50,55
050,13,003,"Georgia","Atkinson County",3,22,104,44,60
050,13,003,"Georgia","Atkinson County",3,23,120,48,72
050,13,003,"Georgia","Atkinson County",3,24,120,62,58
050,13,003,"Georgia","Atkinson County",3,25,120,60,60
050,13,003,"Georgia","Atkinson County",3,26,105,54,51
050,13,003,"Georgia","Atkinson County",3,27,110,59,51
050,13,003,"Georgia","Atkinson County",3,28,128,63,65
050,13,003,"Georgia","Atkinson County",3,29,114,55,59
050,13,003,"Georgia","Atkinson County",3,30,114,59,55
050,13,003,"Georgia","Atkinson County",3,31,116,68,48
050,13,003,"Georgia","Atkinson County",3,32,112,67,45
050,13,003,"Georgia","Atkinson County",3,33,100,56,44
050,13,003,"Georgia","Atkinson County",3,34,102,55,47
050,13,003,"Georgia","Atkinson County",3,35,105,55,50
050,13,003,"Georgia","Atkinson County",3,36,124,66,58
050,13,003,"Georgia","Atkinson County",3,37,104,54,50
050,13,003,"Georgia","Atkinson County",3,38,89,46,43
050,13,003,"Georgia","Atkinson County",3,39,93,48,45
050,13,003,"Georgia","Atkinson County",3,40,103,54,49
050,13,003,"Georgia","Atkinson County",3,41,95,44,51
050,13,003,"Georgia","Atkinson County",3,42,96,44,52
050,13,003,"Georgia","Atkinson County",3,43,105,51,54
050,13,003,"Georgia","Atkinson County",3,44,114,64,50
050,13,003,"Georgia","Atkinson County",3,45,100,55,45
050,13,003,"Georgia","Atkinson County",3,46,112,58,54
050,13,003,"Georgia","Atkinson County",3,47,97,50,47
050,13,003,"Georgia","Atkinson County",3,48,100,49,51
050,13,003,"Georgia","Atkinson County",3,49,104,57,47
050,13,003,"Georgia","Atkinson County",3,50,101,48,53
050,13,003,"Georgia","Atkinson County",3,51,117,57,60
050,13,003,"Georgia","Atkinson County",3,52,114,59,55
050,13,003,"Georgia","Atkinson County",3,53,113,60,53
050,13,003,"Georgia","Atkinson County",3,54,109,57,52
050,13,003,"Georgia","Atkinson County",3,55,116,62,54
050,13,003,"Georgia","Atkinson County",3,56,103,58,45
050,13,003,"Georgia","Atkinson County",3,57,99,50,49
050,13,003,"Georgia","Atkinson County",3,58,99,47,52
050,13,003,"Georgia","Atkinson County",3,59,111,51,60
050,13,003,"Georgia","Atkinson County",3,60,102,50,52
050,13,003,"Georgia","Atkinson County",3,61,94,44,50
050,13,003,"Georgia","Atkinson County",3,62,104,49,55
050,13,003,"Georgia","Atkinson County",3,63,97,47,50
050,13,003,"Georgia","Atkinson County",3,64,107,53,54
050,13,003,"Georgia","Atkinson County",3,65,89,43,46
050,13,003,"Georgia","Atkinson County",3,66,80,41,39
050,13,003,"Georgia","Atkinson County",3,67,64,35,29
050,13,003,"Georgia","Atkinson County",3,68,64,32,32
050,13,003,"Georgia","Atkinson County",3,69,79,39,40
050,13,003,"Georgia","Atkinson County",3,70,75,37,38
050,13,003,"Georgia","Atkinson County",3,71,79,36,43
050,13,003,"Georgia","Atkinson County",3,72,71,33,38
050,13,003,"Georgia","Atkinson County",3,73,59,28,31
050,13,003,"Georgia","Atkinson County",3,74,70,38,32
050,13,003,"Georgia","Atkinson County",3,75,42,26,16
050,13,003,"Georgia","Atkinson County",3,76,44,27,17
050,13,003,"Georgia","Atkinson County",3,77,44,22,22
050,13,003,"Georgia","Atkinson County",3,78,50,22,28
050,13,003,"Georgia","Atkinson County",3,79,34,15,19
050,13,003,"Georgia","Atkinson County",3,80,27,12,15
050,13,003,"Georgia","Atkinson County",3,81,30,12,18
050,13,003,"Georgia","Atkinson County",3,82,36,14,22
050,13,003,"Georgia","Atkinson County",3,83,26,11,15
050,13,003,"Georgia","Atkinson County",3,84,22,10,12
050,13,003,"Georgia","Atkinson County",3,85,93,39,54
050,13,003,"Georgia","Atkinson County",4,0,123,68,55
050,13,003,"Georgia","Atkinson County",4,1,112,64,48
050,13,003,"Georgia","Atkinson County",4,2,117,64,53
050,13,003,"Georgia","Atkinson County",4,3,111,60,51
050,13,003,"Georgia","Atkinson County",4,4,101,50,51
050,13,003,"Georgia","Atkinson County",4,5,99,49,50
050,13,003,"Georgia","Atkinson County",4,6,109,55,54
050,13,003,"Georgia","Atkinson County",4,7,122,59,63
050,13,003,"Georgia","Atkinson County",4,8,123,60,63
050,13,003,"Georgia","Atkinson County",4,9,108,57,51
050,13,003,"Georgia","Atkinson County",4,10,98,54,44
050,13,003,"Georgia","Atkinson County",4,11,112,55,57
050,13,003,"Georgia","Atkinson County",4,12,112,55,57
050,13,003,"Georgia","Atkinson County",4,13,117,59,58
050,13,003,"Georgia","Atkinson County",4,14,107,60,47
050,13,003,"Georgia","Atkinson County",4,15,123,61,62
050,13,003,"Georgia","Atkinson County",4,16,126,59,67
050,13,003,"Georgia","Atkinson County",4,17,120,62,58
050,13,003,"Georgia","Atkinson County",4,18,107,57,50
050,13,003,"Georgia","Atkinson County",4,19,94,49,45
050,13,003,"Georgia","Atkinson County",4,20,107,61,46
050,13,003,"Georgia","Atkinson County",4,21,109,55,54
050,13,003,"Georgia","Atkinson County",4,22,110,49,61
050,13,003,"Georgia","Atkinson County",4,23,110,49,61
050,13,003,"Georgia","Atkinson County",4,24,119,49,70
050,13,003,"Georgia","Atkinson County",4,25,104,53,51
050,13,003,"Georgia","Atkinson County",4,26,112,58,54
050,13,003,"Georgia","Atkinson County",4,27,99,50,49
050,13,003,"Georgia","Atkinson County",4,28,112,63,49
050,13,003,"Georgia","Atkinson County",4,29,121,59,62
050,13,003,"Georgia","Atkinson County",4,30,112,51,61
050,13,003,"Georgia","Atkinson County",4,31,104,55,49
050,13,003,"Georgia","Atkinson County",4,32,118,65,53
050,13,003,"Georgia","Atkinson County",4,33,104,61,43
050,13,003,"Georgia","Atkinson County",4,34,99,53,46
050,13,003,"Georgia","Atkinson County",4,35,99,53,46
050,13,003,"Georgia","Atkinson County",4,36,114,61,53
050,13,003,"Georgia","Atkinson County",4,37,123,64,59
050,13,003,"Georgia","Atkinson County",4,38,104,55,49
050,13,003,"Georgia","Atkinson County",4,39,87,50,37
050,13,003,"Georgia","Atkinson County",4,40,98,54,44
050,13,003,"Georgia","Atkinson County",4,41,96,54,42
050,13,003,"Georgia","Atkinson County",4,42,100,50,50
050,13,003,"Georgia","Atkinson County",4,43,87,41,46
050,13,003,"Georgia","Atkinson County",4,44,98,45,53
050,13,003,"Georgia","Atkinson County",4,45,115,65,50
050,13,003,"Georgia","Atkinson County",4,46,98,54,44
050,13,003,"Georgia","Atkinson County",4,47,105,51,54
050,13,003,"Georgia","Atkinson County",4,48,101,50,51
050,13,003,"Georgia","Atkinson County",4,49,101,48,53
050,13,003,"Georgia","Atkinson County",4,50,99,52,47
050,13,003,"Georgia","Atkinson County",4,51,105,52,53
050,13,003,"Georgia","Atkinson County",4,52,114,56,58
050,13,003,"Georgia","Atkinson County",4,53,109,56,53
050,13,003,"Georgia","Atkinson County",4,54,111,61,50
050,13,003,"Georgia","Atkinson County",4,55,106,51,55
050,13,003,"Georgia","Atkinson County",4,56,115,59,56
050,13,003,"Georgia","Atkinson County",4,57,103,58,45
050,13,003,"Georgia","Atkinson County",4,58,99,47,52
050,13,003,"Georgia","Atkinson County",4,59,101,48,53
050,13,003,"Georgia","Atkinson County",4,60,108,51,57
050,13,003,"Georgia","Atkinson County",4,61,100,48,52
050,13,003,"Georgia","Atkinson County",4,62,88,41,47
050,13,003,"Georgia","Atkinson County",4,63,97,49,48
050,13,003,"Georgia","Atkinson County",4,64,94,46,48
050,13,003,"Georgia","Atkinson County",4,65,103,49,54
050,13,003,"Georgia","Atkinson County",4,66,89,43,46
050,13,003,"Georgia","Atkinson County",4,67,78,40,38
050,13,003,"Georgia","Atkinson County",4,68,62,34,28
050,13,003,"Georgia","Atkinson County",4,69,62,32,30
050,13,003,"Georgia","Atkinson County",4,70,74,35,39
050,13,003,"Georgia","Atkinson County",4,71,71,35,36
050,13,003,"Georgia","Atkinson County",4,72,78,37,41
050,13,003,"Georgia","Atkinson County",4,73,67,30,37
050,13,003,"Georgia","Atkinson County",4,74,57,26,31
050,13,003,"Georgia","Atkinson County",4,75,67,37,30
050,13,003,"Georgia","Atkinson County",4,76,38,25,13
050,13,003,"Georgia","Atkinson County",4,77,43,26,17
050,13,003,"Georgia","Atkinson County",4,78,42,19,23
050,13,003,"Georgia","Atkinson County",4,79,42,16,26
050,13,003,"Georgia","Atkinson County",4,80,28,12,16
050,13,003,"Georgia","Atkinson County",4,81,22,11,11
050,13,003,"Georgia","Atkinson County",4,82,26,10,16
050,13,003,"Georgia","Atkinson County",4,83,32,12,20
050,13,003,"Georgia","Atkinson County",4,84,26,11,15
050,13,003,"Georgia","Atkinson County",4,85,97,40,57
050,13,003,"Georgia","Atkinson County",5,0,130,71,59
050,13,003,"Georgia","Atkinson County",5,1,133,66,67
050,13,003,"Georgia","Atkinson County",5,2,110,62,48
050,13,003,"Georgia","Atkinson County",5,3,116,59,57
050,13,003,"Georgia","Atkinson County",5,4,109,60,49
050,13,003,"Georgia","Atkinson County",5,5,100,51,49
050,13,003,"Georgia","Atkinson County",5,6,103,51,52
050,13,003,"Georgia","Atkinson County",5,7,116,57,59
050,13,003,"Georgia","Atkinson County",5,8,120,58,62
050,13,003,"Georgia","Atkinson County",5,9,124,60,64
050,13,003,"Georgia","Atkinson County",5,10,106,58,48
050,13,003,"Georgia","Atkinson County",5,11,103,58,45
050,13,003,"Georgia","Atkinson County",5,12,114,56,58
050,13,003,"Georgia","Atkinson County",5,13,116,56,60
050,13,003,"Georgia","Atkinson County",5,14,114,58,56
050,13,003,"Georgia","Atkinson County",5,15,115,58,57
050,13,003,"Georgia","Atkinson County",5,16,127,63,64
050,13,003,"Georgia","Atkinson County",5,17,122,55,67
050,13,003,"Georgia","Atkinson County",5,18,113,57,56
050,13,003,"Georgia","Atkinson County",5,19,91,46,45
050,13,003,"Georgia","Atkinson County",5,20,104,47,57
050,13,003,"Georgia","Atkinson County",5,21,116,66,50
050,13,003,"Georgia","Atkinson County",5,22,116,59,57
050,13,003,"Georgia","Atkinson County",5,23,117,59,58
050,13,003,"Georgia","Atkinson County",5,24,113,50,63
050,13,003,"Georgia","Atkinson County",5,25,132,57,75
050,13,003,"Georgia","Atkinson County",5,26,104,56,48
050,13,003,"Georgia","Atkinson County",5,27,107,50,57
050,13,003,"Georgia","Atkinson County",5,28,97,54,43
050,13,003,"Georgia","Atkinson County",5,29,117,62,55
050,13,003,"Georgia","Atkinson County",5,30,127,65,62
050,13,003,"Georgia","Atkinson County",5,31,117,52,65
050,13,003,"Georgia","Atkinson County",5,32,116,66,50
050,13,003,"Georgia","Atkinson County",5,33,122,69,53
050,13,003,"Georgia","Atkinson County",5,34,99,52,47
050,13,003,"Georgia","Atkinson County",5,35,99,54,45
050,13,003,"Georgia","Atkinson County",5,36,108,63,45
050,13,003,"Georgia","Atkinson County",5,37,113,59,54
050,13,003,"Georgia","Atkinson County",5,38,127,62,65
050,13,003,"Georgia","Atkinson County",5,39,104,56,48
050,13,003,"Georgia","Atkinson County",5,40,100,57,43
050,13,003,"Georgia","Atkinson County",5,41,100,58,42
050,13,003,"Georgia","Atkinson County",5,42,100,53,47
050,13,003,"Georgia","Atkinson County",5,43,93,46,47
050,13,003,"Georgia","Atkinson County",5,44,83,39,44
050,13,003,"Georgia","Atkinson County",5,45,100,48,52
050,13,003,"Georgia","Atkinson County",5,46,115,64,51
050,13,003,"Georgia","Atkinson County",5,47,103,58,45
050,13,003,"Georgia","Atkinson County",5,48,108,51,57
050,13,003,"Georgia","Atkinson County",5,49,100,48,52
050,13,003,"Georgia","Atkinson County",5,50,102,48,54
050,13,003,"Georgia","Atkinson County",5,51,102,55,47
050,13,003,"Georgia","Atkinson County",5,52,103,53,50
050,13,003,"Georgia","Atkinson County",5,53,118,58,60
050,13,003,"Georgia","Atkinson County",5,54,108,57,51
050,13,003,"Georgia","Atkinson County",5,55,109,59,50
050,13,003,"Georgia","Atkinson County",5,56,104,50,54
050,13,003,"Georgia","Atkinson County",5,57,118,61,57
050,13,003,"Georgia","Atkinson County",5,58,98,57,41
050,13,003,"Georgia","Atkinson County",5,59,94,43,51
050,13,003,"Georgia","Atkinson County",5,60,97,45,52
050,13,003,"Georgia","Atkinson County",5,61,102,49,53
050,13,003,"Georgia","Atkinson County",5,62,96,44,52
050,13,003,"Georgia","Atkinson County",5,63,88,45,43
050,13,003,"Georgia","Atkinson County",5,64,98,49,49
050,13,003,"Georgia","Atkinson County",5,65,87,38,49
050,13,003,"Georgia","Atkinson County",5,66,103,50,53
050,13,003,"Georgia","Atkinson County",5,67,88,42,46
050,13,003,"Georgia","Atkinson County",5,68,75,39,36
050,13,003,"Georgia","Atkinson County",5,69,61,34,27
050,13,003,"Georgia","Atkinson County",5,70,57,27,30
050,13,003,"Georgia","Atkinson County",5,71,70,33,37
050,13,003,"Georgia","Atkinson County",5,72,69,35,34
050,13,003,"Georgia","Atkinson County",5,73,75,35,40
050,13,003,"Georgia","Atkinson County",5,74,64,28,36
050,13,003,"Georgia","Atkinson County",5,75,54,23,31
050,13,003,"Georgia","Atkinson County",5,76,63,35,28
050,13,003,"Georgia","Atkinson County",5,77,35,23,12
050,13,003,"Georgia","Atkinson County",5,78,40,23,17
050,13,003,"Georgia","Atkinson County",5,79,36,14,22
050,13,003,"Georgia","Atkinson County",5,80,38,13,25
050,13,003,"Georgia","Atkinson County",5,81,23,10,13
050,13,003,"Georgia","Atkinson County",5,82,18,10,8
050,13,003,"Georgia","Atkinson County",5,83,24,8,16
050,13,003,"Georgia","Atkinson County",5,84,31,12,19
050,13,003,"Georgia","Atkinson County",5,85,106,42,64
050,13,005,"Georgia","Bacon County",1,0,133,69,64
050,13,005,"Georgia","Bacon County",1,1,149,78,71
050,13,005,"Georgia","Bacon County",1,2,162,85,77
050,13,005,"Georgia","Bacon County",1,3,149,67,82
050,13,005,"Georgia","Bacon County",1,4,147,74,73
050,13,005,"Georgia","Bacon County",1,5,148,77,71
050,13,005,"Georgia","Bacon County",1,6,133,70,63
050,13,005,"Georgia","Bacon County",1,7,156,82,74
050,13,005,"Georgia","Bacon County",1,8,179,92,87
050,13,005,"Georgia","Bacon County",1,9,149,73,76
050,13,005,"Georgia","Bacon County",1,10,165,82,83
050,13,005,"Georgia","Bacon County",1,11,154,68,86
050,13,005,"Georgia","Bacon County",1,12,187,93,94
050,13,005,"Georgia","Bacon County",1,13,168,95,73
050,13,005,"Georgia","Bacon County",1,14,170,97,73
050,13,005,"Georgia","Bacon County",1,15,160,76,84
050,13,005,"Georgia","Bacon County",1,16,172,80,92
050,13,005,"Georgia","Bacon County",1,17,158,81,77
050,13,005,"Georgia","Bacon County",1,18,142,74,68
050,13,005,"Georgia","Bacon County",1,19,122,66,56
050,13,005,"Georgia","Bacon County",1,20,129,70,59
050,13,005,"Georgia","Bacon County",1,21,115,60,55
050,13,005,"Georgia","Bacon County",1,22,140,75,65
050,13,005,"Georgia","Bacon County",1,23,144,71,73
050,13,005,"Georgia","Bacon County",1,24,141,65,76
050,13,005,"Georgia","Bacon County",1,25,146,83,63
050,13,005,"Georgia","Bacon County",1,26,130,74,56
050,13,005,"Georgia","Bacon County",1,27,122,55,67
050,13,005,"Georgia","Bacon County",1,28,118,56,62
050,13,005,"Georgia","Bacon County",1,29,126,58,68
050,13,005,"Georgia","Bacon County",1,30,159,75,84
050,13,005,"Georgia","Bacon County",1,31,138,67,71
050,13,005,"Georgia","Bacon County",1,32,119,61,58
050,13,005,"Georgia","Bacon County",1,33,139,72,67
050,13,005,"Georgia","Bacon County",1,34,152,77,75
050,13,005,"Georgia","Bacon County",1,35,109,57,52
050,13,005,"Georgia","Bacon County",1,36,118,56,62
050,13,005,"Georgia","Bacon County",1,37,133,55,78
050,13,005,"Georgia","Bacon County",1,38,120,56,64
050,13,005,"Georgia","Bacon County",1,39,129,61,68
050,13,005,"Georgia","Bacon County",1,40,150,74,76
050,13,005,"Georgia","Bacon County",1,41,165,81,84
050,13,005,"Georgia","Bacon County",1,42,165,79,86
050,13,005,"Georgia","Bacon County",1,43,139,71,68
050,13,005,"Georgia","Bacon County",1,44,160,88,72
050,13,005,"Georgia","Bacon County",1,45,160,88,72
050,13,005,"Georgia","Bacon County",1,46,140,68,72
050,13,005,"Georgia","Bacon County",1,47,144,75,69
050,13,005,"Georgia","Bacon County",1,48,149,87,62
050,13,005,"Georgia","Bacon County",1,49,135,70,65
050,13,005,"Georgia","Bacon County",1,50,132,72,60
050,13,005,"Georgia","Bacon County",1,51,150,83,67
050,13,005,"Georgia","Bacon County",1,52,139,68,71
050,13,005,"Georgia","Bacon County",1,53,158,71,87
050,13,005,"Georgia","Bacon County",1,54,135,62,73
050,13,005,"Georgia","Bacon County",1,55,130,69,61
050,13,005,"Georgia","Bacon County",1,56,113,61,52
050,13,005,"Georgia","Bacon County",1,57,119,49,70
050,13,005,"Georgia","Bacon County",1,58,128,58,70
050,13,005,"Georgia","Bacon County",1,59,142,71,71
050,13,005,"Georgia","Bacon County",1,60,135,68,67
050,13,005,"Georgia","Bacon County",1,61,129,55,74
050,13,005,"Georgia","Bacon County",1,62,140,60,80
050,13,005,"Georgia","Bacon County",1,63,125,66,59
050,13,005,"Georgia","Bacon County",1,64,133,56,77
050,13,005,"Georgia","Bacon County",1,65,160,72,88
050,13,005,"Georgia","Bacon County",1,66,149,71,78
050,13,005,"Georgia","Bacon County",1,67,121,53,68
050,13,005,"Georgia","Bacon County",1,68,125,55,70
050,13,005,"Georgia","Bacon County",1,69,125,67,58
050,13,005,"Georgia","Bacon County",1,70,125,56,69
050,13,005,"Georgia","Bacon County",1,71,112,48,64
050,13,005,"Georgia","Bacon County",1,72,103,45,58
050,13,005,"Georgia","Bacon County",1,73,108,47,61
050,13,005,"Georgia","Bacon County",1,74,70,33,37
050,13,005,"Georgia","Bacon County",1,75,71,40,31
050,13,005,"Georgia","Bacon County",1,76,74,34,40
050,13,005,"Georgia","Bacon County",1,77,64,23,41
050,13,005,"Georgia","Bacon County",1,78,56,23,33
050,13,005,"Georgia","Bacon County",1,79,56,25,31
050,13,005,"Georgia","Bacon County",1,80,58,26,32
050,13,005,"Georgia","Bacon County",1,81,50,20,30
050,13,005,"Georgia","Bacon County",1,82,54,15,39
050,13,005,"Georgia","Bacon County",1,83,35,15,20
050,13,005,"Georgia","Bacon County",1,84,42,16,26
050,13,005,"Georgia","Bacon County",1,85,139,46,93
050,13,005,"Georgia","Bacon County",2,0,135,71,64
050,13,005,"Georgia","Bacon County",2,1,145,76,69
050,13,005,"Georgia","Bacon County",2,2,156,83,73
050,13,005,"Georgia","Bacon County",2,3,152,72,80
050,13,005,"Georgia","Bacon County",2,4,147,73,74
050,13,005,"Georgia","Bacon County",2,5,147,77,70
050,13,005,"Georgia","Bacon County",2,6,137,73,64
050,13,005,"Georgia","Bacon County",2,7,154,82,72
050,13,005,"Georgia","Bacon County",2,8,169,88,81
050,13,005,"Georgia","Bacon County",2,9,155,76,79
050,13,005,"Georgia","Bacon County",2,10,161,80,81
050,13,005,"Georgia","Bacon County",2,11,157,72,85
050,13,005,"Georgia","Bacon County",2,12,179,87,92
050,13,005,"Georgia","Bacon County",2,13,171,94,77
050,13,005,"Georgia","Bacon County",2,14,168,96,72
050,13,005,"Georgia","Bacon County",2,15,162,81,81
050,13,005,"Georgia","Bacon County",2,16,167,79,88
050,13,005,"Georgia","Bacon County",2,17,160,79,81
050,13,005,"Georgia","Bacon County",2,18,139,71,68
050,13,005,"Georgia","Bacon County",2,19,125,68,57
050,13,005,"Georgia","Bacon County",2,20,131,71,60
050,13,005,"Georgia","Bacon County",2,21,118,62,56
050,13,005,"Georgia","Bacon County",2,22,137,73,64
050,13,005,"Georgia","Bacon County",2,23,144,71,73
050,13,005,"Georgia","Bacon County",2,24,141,67,74
050,13,005,"Georgia","Bacon County",2,25,145,79,66
050,13,005,"Georgia","Bacon County",2,26,133,76,57
050,13,005,"Georgia","Bacon County",2,27,121,58,63
050,13,005,"Georgia","Bacon County",2,28,119,55,64
050,13,005,"Georgia","Bacon County",2,29,126,58,68
050,13,005,"Georgia","Bacon County",2,30,153,72,81
050,13,005,"Georgia","Bacon County",2,31,141,68,73
050,13,005,"Georgia","Bacon County",2,32,126,64,62
050,13,005,"Georgia","Bacon County",2,33,133,69,64
050,13,005,"Georgia","Bacon County",2,34,148,76,72
050,13,005,"Georgia","Bacon County",2,35,119,62,57
050,13,005,"Georgia","Bacon County",2,36,115,56,59
050,13,005,"Georgia","Bacon County",2,37,127,54,73
050,13,005,"Georgia","Bacon County",2,38,122,54,68
050,13,005,"Georgia","Bacon County",2,39,126,59,67
050,13,005,"Georgia","Bacon County",2,40,146,71,75
050,13,005,"Georgia","Bacon County",2,41,158,76,82
050,13,005,"Georgia","Bacon County",2,42,165,81,84
050,13,005,"Georgia","Bacon County",2,43,147,75,72
050,13,005,"Georgia","Bacon County",2,44,153,83,70
050,13,005,"Georgia","Bacon County",2,45,161,88,73
050,13,005,"Georgia","Bacon County",2,46,141,70,71
050,13,005,"Georgia","Bacon County",2,47,141,72,69
050,13,005,"Georgia","Bacon County",2,48,147,84,63
050,13,005,"Georgia","Bacon County",2,49,139,75,64
050,13,005,"Georgia","Bacon County",2,50,130,69,61
050,13,005,"Georgia","Bacon County",2,51,145,80,65
050,13,005,"Georgia","Bacon County",2,52,141,72,69
050,13,005,"Georgia","Bacon County",2,53,151,69,82
050,13,005,"Georgia","Bacon County",2,54,140,64,76
050,13,005,"Georgia","Bacon County",2,55,130,67,63
050,13,005,"Georgia","Bacon County",2,56,119,62,57
050,13,005,"Georgia","Bacon County",2,57,117,52,65
050,13,005,"Georgia","Bacon County",2,58,126,56,70
050,13,005,"Georgia","Bacon County",2,59,140,68,72
050,13,005,"Georgia","Bacon County",2,60,136,68,68
050,13,005,"Georgia","Bacon County",2,61,130,58,72
050,13,005,"Georgia","Bacon County",2,62,134,56,78
050,13,005,"Georgia","Bacon County",2,63,129,63,66
050,13,005,"Georgia","Bacon County",2,64,130,58,72
050,13,005,"Georgia","Bacon County",2,65,154,68,86
050,13,005,"Georgia","Bacon County",2,66,152,71,81
050,13,005,"Georgia","Bacon County",2,67,128,57,71
050,13,005,"Georgia","Bacon County",2,68,124,55,69
050,13,005,"Georgia","Bacon County",2,69,124,63,61
050,13,005,"Georgia","Bacon County",2,70,124,58,66
050,13,005,"Georgia","Bacon County",2,71,115,49,66
050,13,005,"Georgia","Bacon County",2,72,103,44,59
050,13,005,"Georgia","Bacon County",2,73,111,48,63
050,13,005,"Georgia","Bacon County",2,74,73,34,39
050,13,005,"Georgia","Bacon County",2,75,68,37,31
050,13,005,"Georgia","Bacon County",2,76,73,36,37
050,13,005,"Georgia","Bacon County",2,77,68,25,43
050,13,005,"Georgia","Bacon County",2,78,56,24,32
050,13,005,"Georgia","Bacon County",2,79,55,24,31
050,13,005,"Georgia","Bacon County",2,80,57,26,31
050,13,005,"Georgia","Bacon County",2,81,47,21,26
050,13,005,"Georgia","Bacon County",2,82,51,15,36
050,13,005,"Georgia","Bacon County",2,83,38,15,23
050,13,005,"Georgia","Bacon County",2,84,41,16,25
050,13,005,"Georgia","Bacon County",2,85,143,47,96
050,13,005,"Georgia","Bacon County",3,0,160,98,62
050,13,005,"Georgia","Bacon County",3,1,138,71,67
050,13,005,"Georgia","Bacon County",3,2,144,76,68
050,13,005,"Georgia","Bacon County",3,3,156,83,73
050,13,005,"Georgia","Bacon County",3,4,156,76,80
050,13,005,"Georgia","Bacon County",3,5,149,74,75
050,13,005,"Georgia","Bacon County",3,6,149,75,74
050,13,005,"Georgia","Bacon County",3,7,131,64,67
050,13,005,"Georgia","Bacon County",3,8,158,82,76
050,13,005,"Georgia","Bacon County",3,9,165,84,81
050,13,005,"Georgia","Bacon County",3,10,155,79,76
050,13,005,"Georgia","Bacon County",3,11,158,81,77
050,13,005,"Georgia","Bacon County",3,12,164,70,94
050,13,005,"Georgia","Bacon County",3,13,180,84,96
050,13,005,"Georgia","Bacon County",3,14,169,91,78
050,13,005,"Georgia","Bacon County",3,15,166,97,69
050,13,005,"Georgia","Bacon County",3,16,170,87,83
050,13,005,"Georgia","Bacon County",3,17,166,78,88
050,13,005,"Georgia","Bacon County",3,18,138,71,67
050,13,005,"Georgia","Bacon County",3,19,121,64,57
050,13,005,"Georgia","Bacon County",3,20,135,71,64
050,13,005,"Georgia","Bacon County",3,21,129,66,63
050,13,005,"Georgia","Bacon County",3,22,124,62,62
050,13,005,"Georgia","Bacon County",3,23,134,76,58
050,13,005,"Georgia","Bacon County",3,24,149,78,71
050,13,005,"Georgia","Bacon County",3,25,148,74,74
050,13,005,"Georgia","Bacon County",3,26,149,76,73
050,13,005,"Georgia","Bacon County",3,27,129,72,57
050,13,005,"Georgia","Bacon County",3,28,122,57,65
050,13,005,"Georgia","Bacon County",3,29,119,59,60
050,13,005,"Georgia","Bacon County",3,30,129,60,69
050,13,005,"Georgia","Bacon County",3,31,144,64,80
050,13,005,"Georgia","Bacon County",3,32,144,67,77
050,13,005,"Georgia","Bacon County",3,33,118,56,62
050,13,005,"Georgia","Bacon County",3,34,136,71,65
050,13,005,"Georgia","Bacon County",3,35,139,68,71
050,13,005,"Georgia","Bacon County",3,36,114,62,52
050,13,005,"Georgia","Bacon County",3,37,117,54,63
050,13,005,"Georgia","Bacon County",3,38,123,53,70
050,13,005,"Georgia","Bacon County",3,39,118,47,71
050,13,005,"Georgia","Bacon County",3,40,124,55,69
050,13,005,"Georgia","Bacon County",3,41,143,71,72
050,13,005,"Georgia","Bacon County",3,42,156,73,83
050,13,005,"Georgia","Bacon County",3,43,167,80,87
050,13,005,"Georgia","Bacon County",3,44,149,76,73
050,13,005,"Georgia","Bacon County",3,45,144,74,70
050,13,005,"Georgia","Bacon County",3,46,156,87,69
050,13,005,"Georgia","Bacon County",3,47,141,70,71
050,13,005,"Georgia","Bacon County",3,48,141,71,70
050,13,005,"Georgia","Bacon County",3,49,151,91,60
050,13,005,"Georgia","Bacon County",3,50,134,71,63
050,13,005,"Georgia","Bacon County",3,51,127,65,62
050,13,005,"Georgia","Bacon County",3,52,140,76,64
050,13,005,"Georgia","Bacon County",3,53,139,72,67
050,13,005,"Georgia","Bacon County",3,54,151,67,84
050,13,005,"Georgia","Bacon County",3,55,140,63,77
050,13,005,"Georgia","Bacon County",3,56,130,65,65
050,13,005,"Georgia","Bacon County",3,57,123,63,60
050,13,005,"Georgia","Bacon County",3,58,111,49,62
050,13,005,"Georgia","Bacon County",3,59,125,58,67
050,13,005,"Georgia","Bacon County",3,60,137,67,70
050,13,005,"Georgia","Bacon County",3,61,134,65,69
050,13,005,"Georgia","Bacon County",3,62,128,57,71
050,13,005,"Georgia","Bacon County",3,63,123,49,74
050,13,005,"Georgia","Bacon County",3,64,131,65,66
050,13,005,"Georgia","Bacon County",3,65,129,59,70
050,13,005,"Georgia","Bacon County",3,66,147,65,82
050,13,005,"Georgia","Bacon County",3,67,149,71,78
050,13,005,"Georgia","Bacon County",3,68,121,51,70
050,13,005,"Georgia","Bacon County",3,69,118,51,67
050,13,005,"Georgia","Bacon County",3,70,117,59,58
050,13,005,"Georgia","Bacon County",3,71,117,57,60
050,13,005,"Georgia","Bacon County",3,72,110,44,66
050,13,005,"Georgia","Bacon County",3,73,102,46,56
050,13,005,"Georgia","Bacon County",3,74,103,44,59
050,13,005,"Georgia","Bacon County",3,75,70,32,38
050,13,005,"Georgia","Bacon County",3,76,70,37,33
050,13,005,"Georgia","Bacon County",3,77,67,31,36
050,13,005,"Georgia","Bacon County",3,78,66,28,38
050,13,005,"Georgia","Bacon County",3,79,49,17,32
050,13,005,"Georgia","Bacon County",3,80,54,22,32
050,13,005,"Georgia","Bacon County",3,81,53,26,27
050,13,005,"Georgia","Bacon County",3,82,47,18,29
050,13,005,"Georgia","Bacon County",3,83,42,15,27
050,13,005,"Georgia","Bacon County",3,84,40,16,24
050,13,005,"Georgia","Bacon County",3,85,139,45,94
050,13,005,"Georgia","Bacon County",4,0,140,81,59
050,13,005,"Georgia","Bacon County",4,1,159,99,60
050,13,005,"Georgia","Bacon County",4,2,139,69,70
050,13,005,"Georgia","Bacon County",4,3,144,79,65
050,13,005,"Georgia","Bacon County",4,4,156,79,77
050,13,005,"Georgia","Bacon County",4,5,157,77,80
050,13,005,"Georgia","Bacon County",4,6,149,76,73
050,13,005,"Georgia","Bacon County",4,7,158,86,72
050,13,005,"Georgia","Bacon County",4,8,132,63,69
050,13,005,"Georgia","Bacon County",4,9,168,87,81
050,13,005,"Georgia","Bacon County",4,10,169,89,80
050,13,005,"Georgia","Bacon County",4,11,158,78,80
050,13,005,"Georgia","Bacon County",4,12,161,79,82
050,13,005,"Georgia","Bacon County",4,13,163,70,93
050,13,005,"Georgia","Bacon County",4,14,184,87,97
050,13,005,"Georgia","Bacon County",4,15,179,93,86
050,13,005,"Georgia","Bacon County",4,16,166,94,72
050,13,005,"Georgia","Bacon County",4,17,172,89,83
050,13,005,"Georgia","Bacon County",4,18,141,71,70
050,13,005,"Georgia","Bacon County",4,19,124,70,54
050,13,005,"Georgia","Bacon County",4,20,132,73,59
050,13,005,"Georgia","Bacon County",4,21,130,66,64
050,13,005,"Georgia","Bacon County",4,22,140,73,67
050,13,005,"Georgia","Bacon County",4,23,120,57,63
050,13,005,"Georgia","Bacon County",4,24,146,83,63
050,13,005,"Georgia","Bacon County",4,25,159,89,70
050,13,005,"Georgia","Bacon County",4,26,147,72,75
050,13,005,"Georgia","Bacon County",4,27,148,75,73
050,13,005,"Georgia","Bacon County",4,28,143,83,60
050,13,005,"Georgia","Bacon County",4,29,122,59,63
050,13,005,"Georgia","Bacon County",4,30,124,64,60
050,13,005,"Georgia","Bacon County",4,31,129,59,70
050,13,005,"Georgia","Bacon County",4,32,156,75,81
050,13,005,"Georgia","Bacon County",4,33,139,65,74
050,13,005,"Georgia","Bacon County",4,34,129,63,66
050,13,005,"Georgia","Bacon County",4,35,137,68,69
050,13,005,"Georgia","Bacon County",4,36,142,71,71
050,13,005,"Georgia","Bacon County",4,37,121,63,58
050,13,005,"Georgia","Bacon County",4,38,117,53,64
050,13,005,"Georgia","Bacon County",4,39,133,60,73
050,13,005,"Georgia","Bacon County",4,40,118,49,69
050,13,005,"Georgia","Bacon County",4,41,121,58,63
050,13,005,"Georgia","Bacon County",4,42,140,69,71
050,13,005,"Georgia","Bacon County",4,43,151,73,78
050,13,005,"Georgia","Bacon County",4,44,173,83,90
050,13,005,"Georgia","Bacon County",4,45,151,77,74
050,13,005,"Georgia","Bacon County",4,46,139,72,67
050,13,005,"Georgia","Bacon County",4,47,155,88,67
050,13,005,"Georgia","Bacon County",4,48,145,70,75
050,13,005,"Georgia","Bacon County",4,49,149,78,71
050,13,005,"Georgia","Bacon County",4,50,146,84,62
050,13,005,"Georgia","Bacon County",4,51,132,66,66
050,13,005,"Georgia","Bacon County",4,52,119,56,63
050,13,005,"Georgia","Bacon County",4,53,138,73,65
050,13,005,"Georgia","Bacon County",4,54,145,75,70
050,13,005,"Georgia","Bacon County",4,55,157,72,85
050,13,005,"Georgia","Bacon County",4,56,139,60,79
050,13,005,"Georgia","Bacon County",4,57,134,68,66
050,13,005,"Georgia","Bacon County",4,58,119,60,59
050,13,005,"Georgia","Bacon County",4,59,109,47,62
050,13,005,"Georgia","Bacon County",4,60,119,55,64
050,13,005,"Georgia","Bacon County",4,61,134,63,71
050,13,005,"Georgia","Bacon County",4,62,132,63,69
050,13,005,"Georgia","Bacon County",4,63,125,54,71
050,13,005,"Georgia","Bacon County",4,64,125,49,76
050,13,005,"Georgia","Bacon County",4,65,127,62,65
050,13,005,"Georgia","Bacon County",4,66,127,62,65
050,13,005,"Georgia","Bacon County",4,67,139,60,79
050,13,005,"Georgia","Bacon County",4,68,136,63,73
050,13,005,"Georgia","Bacon County",4,69,115,49,66
050,13,005,"Georgia","Bacon County",4,70,114,50,64
050,13,005,"Georgia","Bacon County",4,71,111,54,57
050,13,005,"Georgia","Bacon County",4,72,112,52,60
050,13,005,"Georgia","Bacon County",4,73,101,40,61
050,13,005,"Georgia","Bacon County",4,74,97,45,52
050,13,005,"Georgia","Bacon County",4,75,91,41,50
050,13,005,"Georgia","Bacon County",4,76,70,31,39
050,13,005,"Georgia","Bacon County",4,77,70,34,36
050,13,005,"Georgia","Bacon County",4,78,65,35,30
050,13,005,"Georgia","Bacon County",4,79,61,24,37
050,13,005,"Georgia","Bacon County",4,80,49,16,33
050,13,005,"Georgia","Bacon County",4,81,49,21,28
050,13,005,"Georgia","Bacon County",4,82,53,24,29
050,13,005,"Georgia","Bacon County",4,83,39,16,23
050,13,005,"Georgia","Bacon County",4,84,47,16,31
050,13,005,"Georgia","Bacon County",4,85,152,53,99
050,13,005,"Georgia","Bacon County",5,0,133,77,56
050,13,005,"Georgia","Bacon County",5,1,130,72,58
050,13,005,"Georgia","Bacon County",5,2,164,98,66
050,13,005,"Georgia","Bacon County",5,3,134,69,65
050,13,005,"Georgia","Bacon County",5,4,145,84,61
050,13,005,"Georgia","Bacon County",5,5,160,78,82
050,13,005,"Georgia","Bacon County",5,6,152,70,82
050,13,005,"Georgia","Bacon County",5,7,148,73,75
050,13,005,"Georgia","Bacon County",5,8,152,82,70
050,13,005,"Georgia","Bacon County",5,9,135,67,68
050,13,005,"Georgia","Bacon County",5,10,169,87,82
050,13,005,"Georgia","Bacon County",5,11,159,81,78
050,13,005,"Georgia","Bacon County",5,12,147,72,75
050,13,005,"Georgia","Bacon County",5,13,159,78,81
050,13,005,"Georgia","Bacon County",5,14,166,70,96
050,13,005,"Georgia","Bacon County",5,15,186,89,97
050,13,005,"Georgia","Bacon County",5,16,173,91,82
050,13,005,"Georgia","Bacon County",5,17,172,100,72
050,13,005,"Georgia","Bacon County",5,18,145,80,65
050,13,005,"Georgia","Bacon County",5,19,124,69,55
050,13,005,"Georgia","Bacon County",5,20,143,82,61
050,13,005,"Georgia","Bacon County",5,21,128,73,55
050,13,005,"Georgia","Bacon County",5,22,139,70,69
050,13,005,"Georgia","Bacon County",5,23,148,74,74
050,13,005,"Georgia","Bacon County",5,24,119,61,58
050,13,005,"Georgia","Bacon County",5,25,158,92,66
050,13,005,"Georgia","Bacon County",5,26,158,82,76
050,13,005,"Georgia","Bacon County",5,27,147,69,78
050,13,005,"Georgia","Bacon County",5,28,148,76,72
050,13,005,"Georgia","Bacon County",5,29,133,83,50
050,13,005,"Georgia","Bacon County",5,30,126,63,63
050,13,005,"Georgia","Bacon County",5,31,113,56,57
050,13,005,"Georgia","Bacon County",5,32,137,67,70
050,13,005,"Georgia","Bacon County",5,33,150,71,79
050,13,005,"Georgia","Bacon County",5,34,147,73,74
050,13,005,"Georgia","Bacon County",5,35,126,58,68
050,13,005,"Georgia","Bacon County",5,36,129,66,63
050,13,005,"Georgia","Bacon County",5,37,132,65,67
050,13,005,"Georgia","Bacon County",5,38,125,67,58
050,13,005,"Georgia","Bacon County",5,39,122,50,72
050,13,005,"Georgia","Bacon County",5,40,136,63,73
050,13,005,"Georgia","Bacon County",5,41,117,51,66
050,13,005,"Georgia","Bacon County",5,42,117,54,63
050,13,005,"Georgia","Bacon County",5,43,139,68,71
050,13,005,"Georgia","Bacon County",5,44,158,77,81
050,13,005,"Georgia","Bacon County",5,45,173,82,91
050,13,005,"Georgia","Bacon County",5,46,148,73,75
050,13,005,"Georgia","Bacon County",5,47,147,78,69
050,13,005,"Georgia","Bacon County",5,48,148,86,62
050,13,005,"Georgia","Bacon County",5,49,152,76,76
050,13,005,"Georgia","Bacon County",5,50,140,70,70
050,13,005,"Georgia","Bacon County",5,51,146,81,65
050,13,005,"Georgia","Bacon County",5,52,128,64,64
050,13,005,"Georgia","Bacon County",5,53,120,57,63
050,13,005,"Georgia","Bacon County",5,54,145,79,66
050,13,005,"Georgia","Bacon County",5,55,153,79,74
050,13,005,"Georgia","Bacon County",5,56,148,66,82
050,13,005,"Georgia","Bacon County",5,57,137,59,78
050,13,005,"Georgia","Bacon County",5,58,123,57,66
050,13,005,"Georgia","Bacon County",5,59,112,60,52
050,13,005,"Georgia","Bacon County",5,60,105,44,61
050,13,005,"Georgia","Bacon County",5,61,115,53,62
050,13,005,"Georgia","Bacon County",5,62,128,60,68
050,13,005,"Georgia","Bacon County",5,63,128,65,63
050,13,005,"Georgia","Bacon County",5,64,125,52,73
050,13,005,"Georgia","Bacon County",5,65,115,43,72
050,13,005,"Georgia","Bacon County",5,66,130,65,65
050,13,005,"Georgia","Bacon County",5,67,122,60,62
050,13,005,"Georgia","Bacon County",5,68,132,57,75
050,13,005,"Georgia","Bacon County",5,69,130,60,70
050,13,005,"Georgia","Bacon County",5,70,114,47,67
050,13,005,"Georgia","Bacon County",5,71,109,49,60
050,13,005,"Georgia","Bacon County",5,72,110,51,59
050,13,005,"Georgia","Bacon County",5,73,104,50,54
050,13,005,"Georgia","Bacon County",5,74,102,41,61
050,13,005,"Georgia","Bacon County",5,75,85,41,44
050,13,005,"Georgia","Bacon County",5,76,91,41,50
050,13,005,"Georgia","Bacon County",5,77,67,26,41
050,13,005,"Georgia","Bacon County",5,78,70,38,32
050,13,005,"Georgia","Bacon County",5,79,58,28,30
050,13,005,"Georgia","Bacon County",5,80,59,23,36
050,13,005,"Georgia","Bacon County",5,81,43,14,29
050,13,005,"Georgia","Bacon County",5,82,48,19,29
050,13,005,"Georgia","Bacon County",5,83,46,23,23
050,13,005,"Georgia","Bacon County",5,84,43,17,26
050,13,005,"Georgia","Bacon County",5,85,177,64,113
050,13,007,"Georgia","Baker County",1,0,25,15,10
050,13,007,"Georgia","Baker County",1,1,33,24,9
050,13,007,"Georgia","Baker County",1,2,32,19,13
050,13,007,"Georgia","Baker County",1,3,32,18,14
050,13,007,"Georgia","Baker County",1,4,38,20,18
050,13,007,"Georgia","Baker County",1,5,32,17,15
050,13,007,"Georgia","Baker County",1,6,24,15,9
050,13,007,"Georgia","Baker County",1,7,23,10,13
050,13,007,"Georgia","Baker County",1,8,27,13,14
050,13,007,"Georgia","Baker County",1,9,31,12,19
050,13,007,"Georgia","Baker County",1,10,25,14,11
050,13,007,"Georgia","Baker County",1,11,37,14,23
050,13,007,"Georgia","Baker County",1,12,34,14,20
050,13,007,"Georgia","Baker County",1,13,29,13,16
050,13,007,"Georgia","Baker County",1,14,36,20,16
050,13,007,"Georgia","Baker County",1,15,32,15,17
050,13,007,"Georgia","Baker County",1,16,30,12,18
050,13,007,"Georgia","Baker County",1,17,29,12,17
050,13,007,"Georgia","Baker County",1,18,30,12,18
050,13,007,"Georgia","Baker County",1,19,29,15,14
050,13,007,"Georgia","Baker County",1,20,26,15,11
050,13,007,"Georgia","Baker County",1,21,27,12,15
050,13,007,"Georgia","Baker County",1,22,25,10,15
050,13,007,"Georgia","Baker County",1,23,33,15,18
050,13,007,"Georgia","Baker County",1,24,36,19,17
050,13,007,"Georgia","Baker County",1,25,39,18,21
050,13,007,"Georgia","Baker County",1,26,33,16,17
050,13,007,"Georgia","Baker County",1,27,29,17,12
050,13,007,"Georgia","Baker County",1,28,31,16,15
050,13,007,"Georgia","Baker County",1,29,33,19,14
050,13,007,"Georgia","Baker County",1,30,29,16,13
050,13,007,"Georgia","Baker County",1,31,36,19,17
050,13,007,"Georgia","Baker County",1,32,29,11,18
050,13,007,"Georgia","Baker County",1,33,30,14,16
050,13,007,"Georgia","Baker County",1,34,26,18,8
050,13,007,"Georgia","Baker County",1,35,26,13,13
050,13,007,"Georgia","Baker County",1,36,33,15,18
050,13,007,"Georgia","Baker County",1,37,36,16,20
050,13,007,"Georgia","Baker County",1,38,27,9,18
050,13,007,"Georgia","Baker County",1,39,20,8,12
050,13,007,"Georgia","Baker County",1,40,34,15,19
050,13,007,"Georgia","Baker County",1,41,24,12,12
050,13,007,"Georgia","Baker County",1,42,28,17,11
050,13,007,"Georgia","Baker County",1,43,24,15,9
050,13,007,"Georgia","Baker County",1,44,23,11,12
050,13,007,"Georgia","Baker County",1,45,30,14,16
050,13,007,"Georgia","Baker County",1,46,34,14,20
050,13,007,"Georgia","Baker County",1,47,36,17,19
050,13,007,"Georgia","Baker County",1,48,40,23,17
050,13,007,"Georgia","Baker County",1,49,38,20,18
050,13,007,"Georgia","Baker County",1,50,40,24,16
050,13,007,"Georgia","Baker County",1,51,33,16,17
050,13,007,"Georgia","Baker County",1,52,34,15,19
050,13,007,"Georgia","Baker County",1,53,29,12,17
050,13,007,"Georgia","Baker County",1,54,43,22,21
050,13,007,"Georgia","Baker County",1,55,43,22,21
050,13,007,"Georgia","Baker County",1,56,45,26,19
050,13,007,"Georgia","Baker County",1,57,47,22,25
050,13,007,"Georgia","Baker County",1,58,45,18,27
050,13,007,"Georgia","Baker County",1,59,48,19,29
050,13,007,"Georgia","Baker County",1,60,50,28,22
050,13,007,"Georgia","Baker County",1,61,44,24,20
050,13,007,"Georgia","Baker County",1,62,45,23,22
050,13,007,"Georgia","Baker County",1,63,52,30,22
050,13,007,"Georgia","Baker County",1,64,46,25,21
050,13,007,"Georgia","Baker County",1,65,43,22,21
050,13,007,"Georgia","Baker County",1,66,50,29,21
050,13,007,"Georgia","Baker County",1,67,42,20,22
050,13,007,"Georgia","Baker County",1,68,51,25,26
050,13,007,"Georgia","Baker County",1,69,46,24,22
050,13,007,"Georgia","Baker County",1,70,51,25,26
050,13,007,"Georgia","Baker County",1,71,51,25,26
050,13,007,"Georgia","Baker County",1,72,39,20,19
050,13,007,"Georgia","Baker County",1,73,32,14,18
050,13,007,"Georgia","Baker County",1,74,27,15,12
050,13,007,"Georgia","Baker County",1,75,27,12,15
050,13,007,"Georgia","Baker County",1,76,28,15,13
050,13,007,"Georgia","Baker County",1,77,20,8,12
050,13,007,"Georgia","Baker County",1,78,18,8,10
050,13,007,"Georgia","Baker County",1,79,22,7,15
050,13,007,"Georgia","Baker County",1,80,19,10,9
050,13,007,"Georgia","Baker County",1,81,15,7,8
050,13,007,"Georgia","Baker County",1,82,14,7,7
050,13,007,"Georgia","Baker County",1,83,14,6,8
050,13,007,"Georgia","Baker County",1,84,10,3,7
050,13,007,"Georgia","Baker County",1,85,89,43,46
050,13,007,"Georgia","Baker County",2,0,27,15,12
050,13,007,"Georgia","Baker County",2,1,32,22,10
050,13,007,"Georgia","Baker County",2,2,31,19,12
050,13,007,"Georgia","Baker County",2,3,31,18,13
050,13,007,"Georgia","Baker County",2,4,38,20,18
050,13,007,"Georgia","Baker County",2,5,33,18,15
050,13,007,"Georgia","Baker County",2,6,26,15,11
050,13,007,"Georgia","Baker County",2,7,23,11,12
050,13,007,"Georgia","Baker County",2,8,26,12,14
050,13,007,"Georgia","Baker County",2,9,28,11,17
050,13,007,"Georgia","Baker County",2,10,26,13,13
050,13,007,"Georgia","Baker County",2,11,34,14,20
050,13,007,"Georgia","Baker County",2,12,35,14,21
050,13,007,"Georgia","Baker County",2,13,30,13,17
050,13,007,"Georgia","Baker County",2,14,33,18,15
050,13,007,"Georgia","Baker County",2,15,33,16,17
050,13,007,"Georgia","Baker County",2,16,30,13,17
050,13,007,"Georgia","Baker County",2,17,28,11,17
050,13,007,"Georgia","Baker County",2,18,29,12,17
050,13,007,"Georgia","Baker County",2,19,29,14,15
050,13,007,"Georgia","Baker County",2,20,25,14,11
050,13,007,"Georgia","Baker County",2,21,25,12,13
050,13,007,"Georgia","Baker County",2,22,26,11,15
050,13,007,"Georgia","Baker County",2,23,32,15,17
050,13,007,"Georgia","Baker County",2,24,34,17,17
050,13,007,"Georgia","Baker County",2,25,38,18,20
050,13,007,"Georgia","Baker County",2,26,35,16,19
050,13,007,"Georgia","Baker County",2,27,31,18,13
050,13,007,"Georgia","Baker County",2,28,31,17,14
050,13,007,"Georgia","Baker County",2,29,32,18,14
050,13,007,"Georgia","Baker County",2,30,31,18,13
050,13,007,"Georgia","Baker County",2,31,37,20,17
050,13,007,"Georgia","Baker County",2,32,29,12,17
050,13,007,"Georgia","Baker County",2,33,29,13,16
050,13,007,"Georgia","Baker County",2,34,24,15,9
050,13,007,"Georgia","Baker County",2,35,28,15,13
050,13,007,"Georgia","Baker County",2,36,32,15,17
050,13,007,"Georgia","Baker County",2,37,35,15,20
050,13,007,"Georgia","Baker County",2,38,28,9,19
050,13,007,"Georgia","Baker County",2,39,22,9,13
050,13,007,"Georgia","Baker County",2,40,30,13,17
050,13,007,"Georgia","Baker County",2,41,26,13,13
050,13,007,"Georgia","Baker County",2,42,27,16,11
050,13,007,"Georgia","Baker County",2,43,24,15,9
050,13,007,"Georgia","Baker County",2,44,23,12,11
050,13,007,"Georgia","Baker County",2,45,29,14,15
050,13,007,"Georgia","Baker County",2,46,31,13,18
050,13,007,"Georgia","Baker County",2,47,35,17,18
050,13,007,"Georgia","Baker County",2,48,38,21,17
050,13,007,"Georgia","Baker County",2,49,39,21,18
050,13,007,"Georgia","Baker County",2,50,39,24,15
050,13,007,"Georgia","Baker County",2,51,32,16,16
050,13,007,"Georgia","Baker County",2,52,33,15,18
050,13,007,"Georgia","Baker County",2,53,31,13,18
050,13,007,"Georgia","Baker County",2,54,39,19,20
050,13,007,"Georgia","Baker County",2,55,42,22,20
050,13,007,"Georgia","Baker County",2,56,44,24,20
050,13,007,"Georgia","Baker County",2,57,46,23,23
050,13,007,"Georgia","Baker County",2,58,44,18,26
050,13,007,"Georgia","Baker County",2,59,47,18,29
050,13,007,"Georgia","Baker County",2,60,49,26,23
050,13,007,"Georgia","Baker County",2,61,45,25,20
050,13,007,"Georgia","Baker County",2,62,45,23,22
050,13,007,"Georgia","Baker County",2,63,51,29,22
050,13,007,"Georgia","Baker County",2,64,46,26,20
050,13,007,"Georgia","Baker County",2,65,43,23,20
050,13,007,"Georgia","Baker County",2,66,49,27,22
050,13,007,"Georgia","Baker County",2,67,43,21,22
050,13,007,"Georgia","Baker County",2,68,49,24,25
050,13,007,"Georgia","Baker County",2,69,49,25,24
050,13,007,"Georgia","Baker County",2,70,51,25,26
050,13,007,"Georgia","Baker County",2,71,50,25,25
050,13,007,"Georgia","Baker County",2,72,42,21,21
050,13,007,"Georgia","Baker County",2,73,35,16,19
050,13,007,"Georgia","Baker County",2,74,26,14,12
050,13,007,"Georgia","Baker County",2,75,26,12,14
050,13,007,"Georgia","Baker County",2,76,26,13,13
050,13,007,"Georgia","Baker County",2,77,22,9,13
050,13,007,"Georgia","Baker County",2,78,17,8,9
050,13,007,"Georgia","Baker County",2,79,20,7,13
050,13,007,"Georgia","Baker County",2,80,20,9,11
050,13,007,"Georgia","Baker County",2,81,15,8,7
050,13,007,"Georgia","Baker County",2,82,15,7,8
050,13,007,"Georgia","Baker County",2,83,14,6,8
050,13,007,"Georgia","Baker County",2,84,12,4,8
050,13,007,"Georgia","Baker County",2,85,87,42,45
050,13,007,"Georgia","Baker County",3,0,19,10,9
050,13,007,"Georgia","Baker County",3,1,29,17,12
050,13,007,"Georgia","Baker County",3,2,31,21,10
050,13,007,"Georgia","Baker County",3,3,27,15,12
050,13,007,"Georgia","Baker County",3,4,30,18,12
050,13,007,"Georgia","Baker County",3,5,37,21,16
050,13,007,"Georgia","Baker County",3,6,31,18,13
050,13,007,"Georgia","Baker County",3,7,30,19,11
050,13,007,"Georgia","Baker County",3,8,25,13,12
050,13,007,"Georgia","Baker County",3,9,25,10,15
050,13,007,"Georgia","Baker County",3,10,22,9,13
050,13,007,"Georgia","Baker County",3,11,30,13,17
050,13,007,"Georgia","Baker County",3,12,36,16,20
050,13,007,"Georgia","Baker County",3,13,34,14,20
050,13,007,"Georgia","Baker County",3,14,28,11,17
050,13,007,"Georgia","Baker County",3,15,33,18,15
050,13,007,"Georgia","Baker County",3,16,31,13,18
050,13,007,"Georgia","Baker County",3,17,31,13,18
050,13,007,"Georgia","Baker County",3,18,25,9,16
050,13,007,"Georgia","Baker County",3,19,28,14,14
050,13,007,"Georgia","Baker County",3,20,32,16,16
050,13,007,"Georgia","Baker County",3,21,25,15,10
050,13,007,"Georgia","Baker County",3,22,28,13,15
050,13,007,"Georgia","Baker County",3,23,31,12,19
050,13,007,"Georgia","Baker County",3,24,33,16,17
050,13,007,"Georgia","Baker County",3,25,34,17,17
050,13,007,"Georgia","Baker County",3,26,38,21,17
050,13,007,"Georgia","Baker County",3,27,34,16,18
050,13,007,"Georgia","Baker County",3,28,28,18,10
050,13,007,"Georgia","Baker County",3,29,28,13,15
050,13,007,"Georgia","Baker County",3,30,33,18,15
050,13,007,"Georgia","Baker County",3,31,29,15,14
050,13,007,"Georgia","Baker County",3,32,33,18,15
050,13,007,"Georgia","Baker County",3,33,25,10,15
050,13,007,"Georgia","Baker County",3,34,32,16,16
050,13,007,"Georgia","Baker County",3,35,25,15,10
050,13,007,"Georgia","Baker County",3,36,28,15,13
050,13,007,"Georgia","Baker County",3,37,33,16,17
050,13,007,"Georgia","Baker County",3,38,35,14,21
050,13,007,"Georgia","Baker County",3,39,29,9,20
050,13,007,"Georgia","Baker County",3,40,22,9,13
050,13,007,"Georgia","Baker County",3,41,31,13,18
050,13,007,"Georgia","Baker County",3,42,24,13,11
050,13,007,"Georgia","Baker County",3,43,28,13,15
050,13,007,"Georgia","Baker County",3,44,25,17,8
050,13,007,"Georgia","Baker County",3,45,22,12,10
050,13,007,"Georgia","Baker County",3,46,34,17,17
050,13,007,"Georgia","Baker County",3,47,30,15,15
050,13,007,"Georgia","Baker County",3,48,34,15,19
050,13,007,"Georgia","Baker County",3,49,36,19,17
050,13,007,"Georgia","Baker County",3,50,34,21,13
050,13,007,"Georgia","Baker County",3,51,40,25,15
050,13,007,"Georgia","Baker County",3,52,34,16,18
050,13,007,"Georgia","Baker County",3,53,33,14,19
050,13,007,"Georgia","Baker County",3,54,32,14,18
050,13,007,"Georgia","Baker County",3,55,42,18,24
050,13,007,"Georgia","Baker County",3,56,41,22,19
050,13,007,"Georgia","Baker County",3,57,43,24,19
050,13,007,"Georgia","Baker County",3,58,44,23,21
050,13,007,"Georgia","Baker County",3,59,38,15,23
050,13,007,"Georgia","Baker County",3,60,47,18,29
050,13,007,"Georgia","Baker County",3,61,49,26,23
050,13,007,"Georgia","Baker County",3,62,44,24,20
050,13,007,"Georgia","Baker County",3,63,48,25,23
050,13,007,"Georgia","Baker County",3,64,51,30,21
050,13,007,"Georgia","Baker County",3,65,49,26,23
050,13,007,"Georgia","Baker County",3,66,42,22,20
050,13,007,"Georgia","Baker County",3,67,49,27,22
050,13,007,"Georgia","Baker County",3,68,40,21,19
050,13,007,"Georgia","Baker County",3,69,47,23,24
050,13,007,"Georgia","Baker County",3,70,47,24,23
050,13,007,"Georgia","Baker County",3,71,50,26,24
050,13,007,"Georgia","Baker County",3,72,49,24,25
050,13,007,"Georgia","Baker County",3,73,40,20,20
050,13,007,"Georgia","Baker County",3,74,35,16,19
050,13,007,"Georgia","Baker County",3,75,23,11,12
050,13,007,"Georgia","Baker County",3,76,24,11,13
050,13,007,"Georgia","Baker County",3,77,27,13,14
050,13,007,"Georgia","Baker County",3,78,20,8,12
050,13,007,"Georgia","Baker County",3,79,16,7,9
050,13,007,"Georgia","Baker County",3,80,18,6,12
050,13,007,"Georgia","Baker County",3,81,19,8,11
050,13,007,"Georgia","Baker County",3,82,13,6,7
050,13,007,"Georgia","Baker County",3,83,15,8,7
050,13,007,"Georgia","Baker County",3,84,14,6,8
050,13,007,"Georgia","Baker County",3,85,86,42,44
050,13,007,"Georgia","Baker County",4,0,29,12,17
050,13,007,"Georgia","Baker County",4,1,21,10,11
050,13,007,"Georgia","Baker County",4,2,25,16,9
050,13,007,"Georgia","Baker County",4,3,27,18,9
050,13,007,"Georgia","Baker County",4,4,25,15,10
050,13,007,"Georgia","Baker County",4,5,31,20,11
050,13,007,"Georgia","Baker County",4,6,37,19,18
050,13,007,"Georgia","Baker County",4,7,35,17,18
050,13,007,"Georgia","Baker County",4,8,31,20,11
050,13,007,"Georgia","Baker County",4,9,27,14,13
050,13,007,"Georgia","Baker County",4,10,24,9,15
050,13,007,"Georgia","Baker County",4,11,23,9,14
050,13,007,"Georgia","Baker County",4,12,29,12,17
050,13,007,"Georgia","Baker County",4,13,35,16,19
050,13,007,"Georgia","Baker County",4,14,36,16,20
050,13,007,"Georgia","Baker County",4,15,31,12,19
050,13,007,"Georgia","Baker County",4,16,30,18,12
050,13,007,"Georgia","Baker County",4,17,33,15,18
050,13,007,"Georgia","Baker County",4,18,30,14,16
050,13,007,"Georgia","Baker County",4,19,18,8,10
050,13,007,"Georgia","Baker County",4,20,26,12,14
050,13,007,"Georgia","Baker County",4,21,35,15,20
050,13,007,"Georgia","Baker County",4,22,24,13,11
050,13,007,"Georgia","Baker County",4,23,26,10,16
050,13,007,"Georgia","Baker County",4,24,27,10,17
050,13,007,"Georgia","Baker County",4,25,26,11,15
050,13,007,"Georgia","Baker County",4,26,32,17,15
050,13,007,"Georgia","Baker County",4,27,35,16,19
050,13,007,"Georgia","Baker County",4,28,33,15,18
050,13,007,"Georgia","Baker County",4,29,29,18,11
050,13,007,"Georgia","Baker County",4,30,22,8,14
050,13,007,"Georgia","Baker County",4,31,35,17,18
050,13,007,"Georgia","Baker County",4,32,29,16,13
050,13,007,"Georgia","Baker County",4,33,32,16,16
050,13,007,"Georgia","Baker County",4,34,25,11,14
050,13,007,"Georgia","Baker County",4,35,28,16,12
050,13,007,"Georgia","Baker County",4,36,22,14,8
050,13,007,"Georgia","Baker County",4,37,29,15,14
050,13,007,"Georgia","Baker County",4,38,33,16,17
050,13,007,"Georgia","Baker County",4,39,34,14,20
050,13,007,"Georgia","Baker County",4,40,21,6,15
050,13,007,"Georgia","Baker County",4,41,24,11,13
050,13,007,"Georgia","Baker County",4,42,31,13,18
050,13,007,"Georgia","Baker County",4,43,24,15,9
050,13,007,"Georgia","Baker County",4,44,27,14,13
050,13,007,"Georgia","Baker County",4,45,24,16,8
050,13,007,"Georgia","Baker County",4,46,24,14,10
050,13,007,"Georgia","Baker County",4,47,38,18,20
050,13,007,"Georgia","Baker County",4,48,33,16,17
050,13,007,"Georgia","Baker County",4,49,36,16,20
050,13,007,"Georgia","Baker County",4,50,38,21,17
050,13,007,"Georgia","Baker County",4,51,37,23,14
050,13,007,"Georgia","Baker County",4,52,41,26,15
050,13,007,"Georgia","Baker County",4,53,33,16,17
050,13,007,"Georgia","Baker County",4,54,33,15,18
050,13,007,"Georgia","Baker County",4,55,32,14,18
050,13,007,"Georgia","Baker County",4,56,39,18,21
050,13,007,"Georgia","Baker County",4,57,40,22,18
050,13,007,"Georgia","Baker County",4,58,42,24,18
050,13,007,"Georgia","Baker County",4,59,43,21,22
050,13,007,"Georgia","Baker County",4,60,43,17,26
050,13,007,"Georgia","Baker County",4,61,48,17,31
050,13,007,"Georgia","Baker County",4,62,44,21,23
050,13,007,"Georgia","Baker County",4,63,45,26,19
050,13,007,"Georgia","Baker County",4,64,48,25,23
050,13,007,"Georgia","Baker County",4,65,51,30,21
050,13,007,"Georgia","Baker County",4,66,47,23,24
050,13,007,"Georgia","Baker County",4,67,40,20,20
050,13,007,"Georgia","Baker County",4,68,50,26,24
050,13,007,"Georgia","Baker County",4,69,38,19,19
050,13,007,"Georgia","Baker County",4,70,47,22,25
050,13,007,"Georgia","Baker County",4,71,48,25,23
050,13,007,"Georgia","Baker County",4,72,50,25,25
050,13,007,"Georgia","Baker County",4,73,49,24,25
050,13,007,"Georgia","Baker County",4,74,40,20,20
050,13,007,"Georgia","Baker County",4,75,35,16,19
050,13,007,"Georgia","Baker County",4,76,23,11,12
050,13,007,"Georgia","Baker County",4,77,22,10,12
050,13,007,"Georgia","Baker County",4,78,25,13,12
050,13,007,"Georgia","Baker County",4,79,19,7,12
050,13,007,"Georgia","Baker County",4,80,13,6,7
050,13,007,"Georgia","Baker County",4,81,14,3,11
050,13,007,"Georgia","Baker County",4,82,17,7,10
050,13,007,"Georgia","Baker County",4,83,14,7,7
050,13,007,"Georgia","Baker County",4,84,15,8,7
050,13,007,"Georgia","Baker County",4,85,88,44,44
050,13,007,"Georgia","Baker County",5,0,27,13,14
050,13,007,"Georgia","Baker County",5,1,31,16,15
050,13,007,"Georgia","Baker County",5,2,22,14,8
050,13,007,"Georgia","Baker County",5,3,23,14,9
050,13,007,"Georgia","Baker County",5,4,27,15,12
050,13,007,"Georgia","Baker County",5,5,20,13,7
050,13,007,"Georgia","Baker County",5,6,30,20,10
050,13,007,"Georgia","Baker County",5,7,41,20,21
050,13,007,"Georgia","Baker County",5,8,33,17,16
050,13,007,"Georgia","Baker County",5,9,25,15,10
050,13,007,"Georgia","Baker County",5,10,25,14,11
050,13,007,"Georgia","Baker County",5,11,24,10,14
050,13,007,"Georgia","Baker County",5,12,25,10,15
050,13,007,"Georgia","Baker County",5,13,25,11,14
050,13,007,"Georgia","Baker County",5,14,29,13,16
050,13,007,"Georgia","Baker County",5,15,37,17,20
050,13,007,"Georgia","Baker County",5,16,27,11,16
050,13,007,"Georgia","Baker County",5,17,30,16,14
050,13,007,"Georgia","Baker County",5,18,31,15,16
050,13,007,"Georgia","Baker County",5,19,26,12,14
050,13,007,"Georgia","Baker County",5,20,20,9,11
050,13,007,"Georgia","Baker County",5,21,32,14,18
050,13,007,"Georgia","Baker County",5,22,33,16,17
050,13,007,"Georgia","Baker County",5,23,24,13,11
050,13,007,"Georgia","Baker County",5,24,26,14,12
050,13,007,"Georgia","Baker County",5,25,23,10,13
050,13,007,"Georgia","Baker County",5,26,32,9,23
050,13,007,"Georgia","Baker County",5,27,32,16,16
050,13,007,"Georgia","Baker County",5,28,34,15,19
050,13,007,"Georgia","Baker County",5,29,30,12,18
050,13,007,"Georgia","Baker County",5,30,31,17,14
050,13,007,"Georgia","Baker County",5,31,22,8,14
050,13,007,"Georgia","Baker County",5,32,38,19,19
050,13,007,"Georgia","Baker County",5,33,26,16,10
050,13,007,"Georgia","Baker County",5,34,29,16,13
050,13,007,"Georgia","Baker County",5,35,29,13,16
050,13,007,"Georgia","Baker County",5,36,26,14,12
050,13,007,"Georgia","Baker County",5,37,21,13,8
050,13,007,"Georgia","Baker County",5,38,29,15,14
050,13,007,"Georgia","Baker County",5,39,29,14,15
050,13,007,"Georgia","Baker County",5,40,33,14,19
050,13,007,"Georgia","Baker County",5,41,21,7,14
050,13,007,"Georgia","Baker County",5,42,26,13,13
050,13,007,"Georgia","Baker County",5,43,32,13,19
050,13,007,"Georgia","Baker County",5,44,26,17,9
050,13,007,"Georgia","Baker County",5,45,29,14,15
050,13,007,"Georgia","Baker County",5,46,24,14,10
050,13,007,"Georgia","Baker County",5,47,24,14,10
050,13,007,"Georgia","Baker County",5,48,35,18,17
050,13,007,"Georgia","Baker County",5,49,33,16,17
050,13,007,"Georgia","Baker County",5,50,35,15,20
050,13,007,"Georgia","Baker County",5,51,38,21,17
050,13,007,"Georgia","Baker County",5,52,28,15,13
050,13,007,"Georgia","Baker County",5,53,40,26,14
050,13,007,"Georgia","Baker County",5,54,34,15,19
050,13,007,"Georgia","Baker County",5,55,33,15,18
050,13,007,"Georgia","Baker County",5,56,32,14,18
050,13,007,"Georgia","Baker County",5,57,39,18,21
050,13,007,"Georgia","Baker County",5,58,40,22,18
050,13,007,"Georgia","Baker County",5,59,41,24,17
050,13,007,"Georgia","Baker County",5,60,43,21,22
050,13,007,"Georgia","Baker County",5,61,40,18,22
050,13,007,"Georgia","Baker County",5,62,47,16,31
050,13,007,"Georgia","Baker County",5,63,42,21,21
050,13,007,"Georgia","Baker County",5,64,42,23,19
050,13,007,"Georgia","Baker County",5,65,48,25,23
050,13,007,"Georgia","Baker County",5,66,50,28,22
050,13,007,"Georgia","Baker County",5,67,45,21,24
050,13,007,"Georgia","Baker County",5,68,39,19,20
050,13,007,"Georgia","Baker County",5,69,48,24,24
050,13,007,"Georgia","Baker County",5,70,38,19,19
050,13,007,"Georgia","Baker County",5,71,48,22,26
050,13,007,"Georgia","Baker County",5,72,46,23,23
050,13,007,"Georgia","Baker County",5,73,48,23,25
050,13,007,"Georgia","Baker County",5,74,49,24,25
050,13,007,"Georgia","Baker County",5,75,42,21,21
050,13,007,"Georgia","Baker County",5,76,32,15,17
050,13,007,"Georgia","Baker County",5,77,23,10,13
050,13,007,"Georgia","Baker County",5,78,21,11,10
050,13,007,"Georgia","Baker County",5,79,24,12,12
050,13,007,"Georgia","Baker County",5,80,17,6,11
050,13,007,"Georgia","Baker County",5,81,10,4,6
050,13,007,"Georgia","Baker County",5,82,11,2,9
050,13,007,"Georgia","Baker County",5,83,17,7,10
050,13,007,"Georgia","Baker County",5,84,14,7,7
050,13,007,"Georgia","Baker County",5,85,92,49,43
050,13,009,"Georgia","Baldwin County",1,0,381,196,185
050,13,009,"Georgia","Baldwin County",1,1,390,196,194
050,13,009,"Georgia","Baldwin County",1,2,399,197,202
050,13,009,"Georgia","Baldwin County",1,3,406,209,197
050,13,009,"Georgia","Baldwin County",1,4,426,226,200
050,13,009,"Georgia","Baldwin County",1,5,465,240,225
050,13,009,"Georgia","Baldwin County",1,6,443,197,246
050,13,009,"Georgia","Baldwin County",1,7,470,231,239
050,13,009,"Georgia","Baldwin County",1,8,436,221,215
050,13,009,"Georgia","Baldwin County",1,9,439,224,215
050,13,009,"Georgia","Baldwin County",1,10,477,240,237
050,13,009,"Georgia","Baldwin County",1,11,509,255,254
050,13,009,"Georgia","Baldwin County",1,12,519,269,250
050,13,009,"Georgia","Baldwin County",1,13,513,267,246
050,13,009,"Georgia","Baldwin County",1,14,516,281,235
050,13,009,"Georgia","Baldwin County",1,15,519,272,247
050,13,009,"Georgia","Baldwin County",1,16,489,252,237
050,13,009,"Georgia","Baldwin County",1,17,479,252,227
050,13,009,"Georgia","Baldwin County",1,18,993,427,566
050,13,009,"Georgia","Baldwin County",1,19,1768,804,964
050,13,009,"Georgia","Baldwin County",1,20,1335,656,679
050,13,009,"Georgia","Baldwin County",1,21,1263,592,671
050,13,009,"Georgia","Baldwin County",1,22,1106,559,547
050,13,009,"Georgia","Baldwin County",1,23,908,482,426
050,13,009,"Georgia","Baldwin County",1,24,600,321,279
050,13,009,"Georgia","Baldwin County",1,25,594,318,276
050,13,009,"Georgia","Baldwin County",1,26,520,273,247
050,13,009,"Georgia","Baldwin County",1,27,523,271,252
050,13,009,"Georgia","Baldwin County",1,28,530,281,249
050,13,009,"Georgia","Baldwin County",1,29,517,280,237
050,13,009,"Georgia","Baldwin County",1,30,499,269,230
050,13,009,"Georgia","Baldwin County",1,31,482,242,240
050,13,009,"Georgia","Baldwin County",1,32,464,234,230
050,13,009,"Georgia","Baldwin County",1,33,457,238,219
050,13,009,"Georgia","Baldwin County",1,34,464,249,215
050,13,009,"Georgia","Baldwin County",1,35,465,255,210
050,13,009,"Georgia","Baldwin County",1,36,477,247,230
050,13,009,"Georgia","Baldwin County",1,37,489,244,245
050,13,009,"Georgia","Baldwin County",1,38,452,229,223
050,13,009,"Georgia","Baldwin County",1,39,499,275,224
050,13,009,"Georgia","Baldwin County",1,40,480,264,216
050,13,009,"Georgia","Baldwin County",1,41,464,246,218
050,13,009,"Georgia","Baldwin County",1,42,461,240,221
050,13,009,"Georgia","Baldwin County",1,43,453,248,205
050,13,009,"Georgia","Baldwin County",1,44,405,222,183
050,13,009,"Georgia","Baldwin County",1,45,431,237,194
050,13,009,"Georgia","Baldwin County",1,46,488,265,223
050,13,009,"Georgia","Baldwin County",1,47,450,251,199
050,13,009,"Georgia","Baldwin County",1,48,501,258,243
050,13,009,"Georgia","Baldwin County",1,49,499,268,231
050,13,009,"Georgia","Baldwin County",1,50,487,268,219
050,13,009,"Georgia","Baldwin County",1,51,492,273,219
050,13,009,"Georgia","Baldwin County",1,52,487,249,238
050,13,009,"Georgia","Baldwin County",1,53,535,276,259
050,13,009,"Georgia","Baldwin County",1,54,518,272,246
050,13,009,"Georgia","Baldwin County",1,55,539,277,262
050,13,009,"Georgia","Baldwin County",1,56,571,304,267
050,13,009,"Georgia","Baldwin County",1,57,583,301,282
050,13,009,"Georgia","Baldwin County",1,58,554,274,280
050,13,009,"Georgia","Baldwin County",1,59,585,289,296
050,13,009,"Georgia","Baldwin County",1,60,574,288,286
050,13,009,"Georgia","Baldwin County",1,61,550,275,275
050,13,009,"Georgia","Baldwin County",1,62,548,289,259
050,13,009,"Georgia","Baldwin County",1,63,590,308,282
050,13,009,"Georgia","Baldwin County",1,64,547,280,267
050,13,009,"Georgia","Baldwin County",1,65,514,248,266
050,13,009,"Georgia","Baldwin County",1,66,511,253,258
050,13,009,"Georgia","Baldwin County",1,67,505,273,232
050,13,009,"Georgia","Baldwin County",1,68,496,244,252
050,13,009,"Georgia","Baldwin County",1,69,443,213,230
050,13,009,"Georgia","Baldwin County",1,70,409,187,222
050,13,009,"Georgia","Baldwin County",1,71,455,219,236
050,13,009,"Georgia","Baldwin County",1,72,431,197,234
050,13,009,"Georgia","Baldwin County",1,73,410,198,212
050,13,009,"Georgia","Baldwin County",1,74,317,154,163
050,13,009,"Georgia","Baldwin County",1,75,315,143,172
050,13,009,"Georgia","Baldwin County",1,76,302,133,169
050,13,009,"Georgia","Baldwin County",1,77,270,133,137
050,13,009,"Georgia","Baldwin County",1,78,243,113,130
050,13,009,"Georgia","Baldwin County",1,79,220,97,123
050,13,009,"Georgia","Baldwin County",1,80,179,85,94
050,13,009,"Georgia","Baldwin County",1,81,166,73,93
050,13,009,"Georgia","Baldwin County",1,82,168,89,79
050,13,009,"Georgia","Baldwin County",1,83,144,67,77
050,13,009,"Georgia","Baldwin County",1,84,143,73,70
050,13,009,"Georgia","Baldwin County",1,85,675,298,377
050,13,009,"Georgia","Baldwin County",2,0,383,201,182
050,13,009,"Georgia","Baldwin County",2,1,385,195,190
050,13,009,"Georgia","Baldwin County",2,2,399,198,201
050,13,009,"Georgia","Baldwin County",2,3,403,205,198
050,13,009,"Georgia","Baldwin County",2,4,422,222,200
050,13,009,"Georgia","Baldwin County",2,5,455,234,221
050,13,009,"Georgia","Baldwin County",2,6,447,209,238
050,13,009,"Georgia","Baldwin County",2,7,466,224,242
050,13,009,"Georgia","Baldwin County",2,8,442,222,220
050,13,009,"Georgia","Baldwin County",2,9,439,223,216
050,13,009,"Georgia","Baldwin County",2,10,471,238,233
050,13,009,"Georgia","Baldwin County",2,11,500,252,248
050,13,009,"Georgia","Baldwin County",2,12,521,267,254
050,13,009,"Georgia","Baldwin County",2,13,513,266,247
050,13,009,"Georgia","Baldwin County",2,14,517,278,239
050,13,009,"Georgia","Baldwin County",2,15,519,273,246
050,13,009,"Georgia","Baldwin County",2,16,497,255,242
050,13,009,"Georgia","Baldwin County",2,17,483,251,232
050,13,009,"Georgia","Baldwin County",2,18,993,430,563
050,13,009,"Georgia","Baldwin County",2,19,1762,800,962
050,13,009,"Georgia","Baldwin County",2,20,1349,662,687
050,13,009,"Georgia","Baldwin County",2,21,1262,591,671
050,13,009,"Georgia","Baldwin County",2,22,1106,559,547
050,13,009,"Georgia","Baldwin County",2,23,908,476,432
050,13,009,"Georgia","Baldwin County",2,24,607,325,282
050,13,009,"Georgia","Baldwin County",2,25,582,311,271
050,13,009,"Georgia","Baldwin County",2,26,522,275,247
050,13,009,"Georgia","Baldwin County",2,27,513,269,244
050,13,009,"Georgia","Baldwin County",2,28,528,276,252
050,13,009,"Georgia","Baldwin County",2,29,521,282,239
050,13,009,"Georgia","Baldwin County",2,30,505,272,233
050,13,009,"Georgia","Baldwin County",2,31,480,243,237
050,13,009,"Georgia","Baldwin County",2,32,471,237,234
050,13,009,"Georgia","Baldwin County",2,33,460,239,221
050,13,009,"Georgia","Baldwin County",2,34,462,246,216
050,13,009,"Georgia","Baldwin County",2,35,471,258,213
050,13,009,"Georgia","Baldwin County",2,36,469,247,222
050,13,009,"Georgia","Baldwin County",2,37,485,246,239
050,13,009,"Georgia","Baldwin County",2,38,460,231,229
050,13,009,"Georgia","Baldwin County",2,39,486,263,223
050,13,009,"Georgia","Baldwin County",2,40,492,270,222
050,13,009,"Georgia","Baldwin County",2,41,466,249,217
050,13,009,"Georgia","Baldwin County",2,42,458,239,219
050,13,009,"Georgia","Baldwin County",2,43,462,251,211
050,13,009,"Georgia","Baldwin County",2,44,410,224,186
050,13,009,"Georgia","Baldwin County",2,45,434,239,195
050,13,009,"Georgia","Baldwin County",2,46,473,259,214
050,13,009,"Georgia","Baldwin County",2,47,460,255,205
050,13,009,"Georgia","Baldwin County",2,48,484,251,233
050,13,009,"Georgia","Baldwin County",2,49,502,268,234
050,13,009,"Georgia","Baldwin County",2,50,494,273,221
050,13,009,"Georgia","Baldwin County",2,51,489,270,219
050,13,009,"Georgia","Baldwin County",2,52,488,255,233
050,13,009,"Georgia","Baldwin County",2,53,522,267,255
050,13,009,"Georgia","Baldwin County",2,54,521,272,249
050,13,009,"Georgia","Baldwin County",2,55,531,274,257
050,13,009,"Georgia","Baldwin County",2,56,569,302,267
050,13,009,"Georgia","Baldwin County",2,57,577,299,278
050,13,009,"Georgia","Baldwin County",2,58,556,276,280
050,13,009,"Georgia","Baldwin County",2,59,582,289,293
050,13,009,"Georgia","Baldwin County",2,60,574,285,289
050,13,009,"Georgia","Baldwin County",2,61,552,275,277
050,13,009,"Georgia","Baldwin County",2,62,545,284,261
050,13,009,"Georgia","Baldwin County",2,63,587,309,278
050,13,009,"Georgia","Baldwin County",2,64,549,281,268
050,13,009,"Georgia","Baldwin County",2,65,518,251,267
050,13,009,"Georgia","Baldwin County",2,66,509,249,260
050,13,009,"Georgia","Baldwin County",2,67,510,272,238
050,13,009,"Georgia","Baldwin County",2,68,490,247,243
050,13,009,"Georgia","Baldwin County",2,69,458,221,237
050,13,009,"Georgia","Baldwin County",2,70,415,190,225
050,13,009,"Georgia","Baldwin County",2,71,442,210,232
050,13,009,"Georgia","Baldwin County",2,72,430,199,231
050,13,009,"Georgia","Baldwin County",2,73,433,206,227
050,13,009,"Georgia","Baldwin County",2,74,319,152,167
050,13,009,"Georgia","Baldwin County",2,75,312,144,168
050,13,009,"Georgia","Baldwin County",2,76,298,133,165
050,13,009,"Georgia","Baldwin County",2,77,280,137,143
050,13,009,"Georgia","Baldwin County",2,78,242,114,128
050,13,009,"Georgia","Baldwin County",2,79,223,98,125
050,13,009,"Georgia","Baldwin County",2,80,187,85,102
050,13,009,"Georgia","Baldwin County",2,81,165,74,91
050,13,009,"Georgia","Baldwin County",2,82,165,82,83
050,13,009,"Georgia","Baldwin County",2,83,145,71,74
050,13,009,"Georgia","Baldwin County",2,84,140,73,67
050,13,009,"Georgia","Baldwin County",2,85,668,295,373
050,13,009,"Georgia","Baldwin County",3,0,425,211,214
050,13,009,"Georgia","Baldwin County",3,1,390,195,195
050,13,009,"Georgia","Baldwin County",3,2,386,209,177
050,13,009,"Georgia","Baldwin County",3,3,430,217,213
050,13,009,"Georgia","Baldwin County",3,4,393,188,205
050,13,009,"Georgia","Baldwin County",3,5,420,213,207
050,13,009,"Georgia","Baldwin County",3,6,466,237,229
050,13,009,"Georgia","Baldwin County",3,7,453,215,238
050,13,009,"Georgia","Baldwin County",3,8,467,218,249
050,13,009,"Georgia","Baldwin County",3,9,444,221,223
050,13,009,"Georgia","Baldwin County",3,10,440,219,221
050,13,009,"Georgia","Baldwin County",3,11,465,235,230
050,13,009,"Georgia","Baldwin County",3,12,479,246,233
050,13,009,"Georgia","Baldwin County",3,13,517,259,258
050,13,009,"Georgia","Baldwin County",3,14,504,258,246
050,13,009,"Georgia","Baldwin County",3,15,514,283,231
050,13,009,"Georgia","Baldwin County",3,16,512,273,239
050,13,009,"Georgia","Baldwin County",3,17,500,257,243
050,13,009,"Georgia","Baldwin County",3,18,957,427,530
050,13,009,"Georgia","Baldwin County",3,19,1685,768,917
050,13,009,"Georgia","Baldwin County",3,20,1315,637,678
050,13,009,"Georgia","Baldwin County",3,21,1300,606,694
050,13,009,"Georgia","Baldwin County",3,22,1094,560,534
050,13,009,"Georgia","Baldwin County",3,23,921,470,451
050,13,009,"Georgia","Baldwin County",3,24,636,332,304
050,13,009,"Georgia","Baldwin County",3,25,548,272,276
050,13,009,"Georgia","Baldwin County",3,26,501,261,240
050,13,009,"Georgia","Baldwin County",3,27,498,280,218
050,13,009,"Georgia","Baldwin County",3,28,506,267,239
050,13,009,"Georgia","Baldwin County",3,29,531,299,232
050,13,009,"Georgia","Baldwin County",3,30,534,293,241
050,13,009,"Georgia","Baldwin County",3,31,481,246,235
050,13,009,"Georgia","Baldwin County",3,32,489,257,232
050,13,009,"Georgia","Baldwin County",3,33,464,234,230
050,13,009,"Georgia","Baldwin County",3,34,452,239,213
050,13,009,"Georgia","Baldwin County",3,35,471,258,213
050,13,009,"Georgia","Baldwin County",3,36,451,249,202
050,13,009,"Georgia","Baldwin County",3,37,472,250,222
050,13,009,"Georgia","Baldwin County",3,38,487,252,235
050,13,009,"Georgia","Baldwin County",3,39,457,227,230
050,13,009,"Georgia","Baldwin County",3,40,505,270,235
050,13,009,"Georgia","Baldwin County",3,41,506,278,228
050,13,009,"Georgia","Baldwin County",3,42,463,255,208
050,13,009,"Georgia","Baldwin County",3,43,470,260,210
050,13,009,"Georgia","Baldwin County",3,44,463,253,210
050,13,009,"Georgia","Baldwin County",3,45,421,244,177
050,13,009,"Georgia","Baldwin County",3,46,451,253,198
050,13,009,"Georgia","Baldwin County",3,47,472,258,214
050,13,009,"Georgia","Baldwin County",3,48,439,239,200
050,13,009,"Georgia","Baldwin County",3,49,484,249,235
050,13,009,"Georgia","Baldwin County",3,50,514,276,238
050,13,009,"Georgia","Baldwin County",3,51,482,261,221
050,13,009,"Georgia","Baldwin County",3,52,484,261,223
050,13,009,"Georgia","Baldwin County",3,53,489,256,233
050,13,009,"Georgia","Baldwin County",3,54,522,268,254
050,13,009,"Georgia","Baldwin County",3,55,514,263,251
050,13,009,"Georgia","Baldwin County",3,56,552,296,256
050,13,009,"Georgia","Baldwin County",3,57,578,312,266
050,13,009,"Georgia","Baldwin County",3,58,529,266,263
050,13,009,"Georgia","Baldwin County",3,59,571,288,283
050,13,009,"Georgia","Baldwin County",3,60,573,282,291
050,13,009,"Georgia","Baldwin County",3,61,591,293,298
050,13,009,"Georgia","Baldwin County",3,62,539,264,275
050,13,009,"Georgia","Baldwin County",3,63,571,304,267
050,13,009,"Georgia","Baldwin County",3,64,584,310,274
050,13,009,"Georgia","Baldwin County",3,65,526,262,264
050,13,009,"Georgia","Baldwin County",3,66,512,247,265
050,13,009,"Georgia","Baldwin County",3,67,517,256,261
050,13,009,"Georgia","Baldwin County",3,68,490,252,238
050,13,009,"Georgia","Baldwin County",3,69,486,243,243
050,13,009,"Georgia","Baldwin County",3,70,431,202,229
050,13,009,"Georgia","Baldwin County",3,71,410,191,219
050,13,009,"Georgia","Baldwin County",3,72,415,196,219
050,13,009,"Georgia","Baldwin County",3,73,416,193,223
050,13,009,"Georgia","Baldwin County",3,74,418,199,219
050,13,009,"Georgia","Baldwin County",3,75,298,143,155
050,13,009,"Georgia","Baldwin County",3,76,298,140,158
050,13,009,"Georgia","Baldwin County",3,77,277,123,154
050,13,009,"Georgia","Baldwin County",3,78,279,140,139
050,13,009,"Georgia","Baldwin County",3,79,220,99,121
050,13,009,"Georgia","Baldwin County",3,80,201,83,118
050,13,009,"Georgia","Baldwin County",3,81,176,80,96
050,13,009,"Georgia","Baldwin County",3,82,152,62,90
050,13,009,"Georgia","Baldwin County",3,83,141,66,75
050,13,009,"Georgia","Baldwin County",3,84,137,70,67
050,13,009,"Georgia","Baldwin County",3,85,673,313,360
050,13,009,"Georgia","Baldwin County",4,0,385,194,191
050,13,009,"Georgia","Baldwin County",4,1,437,206,231
050,13,009,"Georgia","Baldwin County",4,2,378,183,195
050,13,009,"Georgia","Baldwin County",4,3,395,201,194
050,13,009,"Georgia","Baldwin County",4,4,437,223,214
050,13,009,"Georgia","Baldwin County",4,5,407,197,210
050,13,009,"Georgia","Baldwin County",4,6,409,205,204
050,13,009,"Georgia","Baldwin County",4,7,470,247,223
050,13,009,"Georgia","Baldwin County",4,8,435,201,234
050,13,009,"Georgia","Baldwin County",4,9,456,209,247
050,13,009,"Georgia","Baldwin County",4,10,446,217,229
050,13,009,"Georgia","Baldwin County",4,11,424,206,218
050,13,009,"Georgia","Baldwin County",4,12,470,240,230
050,13,009,"Georgia","Baldwin County",4,13,478,243,235
050,13,009,"Georgia","Baldwin County",4,14,506,256,250
050,13,009,"Georgia","Baldwin County",4,15,501,261,240
050,13,009,"Georgia","Baldwin County",4,16,517,291,226
050,13,009,"Georgia","Baldwin County",4,17,510,275,235
050,13,009,"Georgia","Baldwin County",4,18,992,442,550
050,13,009,"Georgia","Baldwin County",4,19,1728,793,935
050,13,009,"Georgia","Baldwin County",4,20,1335,672,663
050,13,009,"Georgia","Baldwin County",4,21,1293,607,686
050,13,009,"Georgia","Baldwin County",4,22,1146,590,556
050,13,009,"Georgia","Baldwin County",4,23,915,475,440
050,13,009,"Georgia","Baldwin County",4,24,649,326,323
050,13,009,"Georgia","Baldwin County",4,25,591,295,296
050,13,009,"Georgia","Baldwin County",4,26,477,241,236
050,13,009,"Georgia","Baldwin County",4,27,465,255,210
050,13,009,"Georgia","Baldwin County",4,28,471,266,205
050,13,009,"Georgia","Baldwin County",4,29,508,270,238
050,13,009,"Georgia","Baldwin County",4,30,532,298,234
050,13,009,"Georgia","Baldwin County",4,31,496,249,247
050,13,009,"Georgia","Baldwin County",4,32,482,249,233
050,13,009,"Georgia","Baldwin County",4,33,473,259,214
050,13,009,"Georgia","Baldwin County",4,34,467,237,230
050,13,009,"Georgia","Baldwin County",4,35,435,224,211
050,13,009,"Georgia","Baldwin County",4,36,457,257,200
050,13,009,"Georgia","Baldwin County",4,37,475,263,212
050,13,009,"Georgia","Baldwin County",4,38,466,241,225
050,13,009,"Georgia","Baldwin County",4,39,496,254,242
050,13,009,"Georgia","Baldwin County",4,40,454,225,229
050,13,009,"Georgia","Baldwin County",4,41,498,268,230
050,13,009,"Georgia","Baldwin County",4,42,490,270,220
050,13,009,"Georgia","Baldwin County",4,43,464,263,201
050,13,009,"Georgia","Baldwin County",4,44,461,258,203
050,13,009,"Georgia","Baldwin County",4,45,474,254,220
050,13,009,"Georgia","Baldwin County",4,46,446,265,181
050,13,009,"Georgia","Baldwin County",4,47,448,248,200
050,13,009,"Georgia","Baldwin County",4,48,455,243,212
050,13,009,"Georgia","Baldwin County",4,49,452,241,211
050,13,009,"Georgia","Baldwin County",4,50,484,257,227
050,13,009,"Georgia","Baldwin County",4,51,505,269,236
050,13,009,"Georgia","Baldwin County",4,52,470,244,226
050,13,009,"Georgia","Baldwin County",4,53,492,259,233
050,13,009,"Georgia","Baldwin County",4,54,478,250,228
050,13,009,"Georgia","Baldwin County",4,55,523,261,262
050,13,009,"Georgia","Baldwin County",4,56,532,276,256
050,13,009,"Georgia","Baldwin County",4,57,567,301,266
050,13,009,"Georgia","Baldwin County",4,58,548,289,259
050,13,009,"Georgia","Baldwin County",4,59,539,276,263
050,13,009,"Georgia","Baldwin County",4,60,560,277,283
050,13,009,"Georgia","Baldwin County",4,61,561,274,287
050,13,009,"Georgia","Baldwin County",4,62,580,284,296
050,13,009,"Georgia","Baldwin County",4,63,552,275,277
050,13,009,"Georgia","Baldwin County",4,64,549,290,259
050,13,009,"Georgia","Baldwin County",4,65,547,278,269
050,13,009,"Georgia","Baldwin County",4,66,528,254,274
050,13,009,"Georgia","Baldwin County",4,67,514,249,265
050,13,009,"Georgia","Baldwin County",4,68,499,242,257
050,13,009,"Georgia","Baldwin County",4,69,482,245,237
050,13,009,"Georgia","Baldwin County",4,70,466,226,240
050,13,009,"Georgia","Baldwin County",4,71,432,207,225
050,13,009,"Georgia","Baldwin County",4,72,390,177,213
050,13,009,"Georgia","Baldwin County",4,73,402,192,210
050,13,009,"Georgia","Baldwin County",4,74,389,177,212
050,13,009,"Georgia","Baldwin County",4,75,392,188,204
050,13,009,"Georgia","Baldwin County",4,76,284,134,150
050,13,009,"Georgia","Baldwin County",4,77,288,140,148
050,13,009,"Georgia","Baldwin County",4,78,268,125,143
050,13,009,"Georgia","Baldwin County",4,79,253,122,131
050,13,009,"Georgia","Baldwin County",4,80,203,88,115
050,13,009,"Georgia","Baldwin County",4,81,191,78,113
050,13,009,"Georgia","Baldwin County",4,82,166,70,96
050,13,009,"Georgia","Baldwin County",4,83,131,53,78
050,13,009,"Georgia","Baldwin County",4,84,135,71,64
050,13,009,"Georgia","Baldwin County",4,85,681,329,352
050,13,009,"Georgia","Baldwin County",5,0,382,193,189
050,13,009,"Georgia","Baldwin County",5,1,393,195,198
050,13,009,"Georgia","Baldwin County",5,2,439,210,229
050,13,009,"Georgia","Baldwin County",5,3,375,181,194
050,13,009,"Georgia","Baldwin County",5,4,394,200,194
050,13,009,"Georgia","Baldwin County",5,5,432,216,216
050,13,009,"Georgia","Baldwin County",5,6,404,192,212
050,13,009,"Georgia","Baldwin County",5,7,424,214,210
050,13,009,"Georgia","Baldwin County",5,8,472,253,219
050,13,009,"Georgia","Baldwin County",5,9,446,207,239
050,13,009,"Georgia","Baldwin County",5,10,454,208,246
050,13,009,"Georgia","Baldwin County",5,11,458,223,235
050,13,009,"Georgia","Baldwin County",5,12,441,217,224
050,13,009,"Georgia","Baldwin County",5,13,466,234,232
050,13,009,"Georgia","Baldwin County",5,14,480,246,234
050,13,009,"Georgia","Baldwin County",5,15,511,260,251
050,13,009,"Georgia","Baldwin County",5,16,508,265,243
050,13,009,"Georgia","Baldwin County",5,17,518,294,224
050,13,009,"Georgia","Baldwin County",5,18,989,454,535
050,13,009,"Georgia","Baldwin County",5,19,1698,782,916
050,13,009,"Georgia","Baldwin County",5,20,1313,657,656
050,13,009,"Georgia","Baldwin County",5,21,1248,589,659
050,13,009,"Georgia","Baldwin County",5,22,1122,573,549
050,13,009,"Georgia","Baldwin County",5,23,935,475,460
050,13,009,"Georgia","Baldwin County",5,24,638,333,305
050,13,009,"Georgia","Baldwin County",5,25,579,285,294
050,13,009,"Georgia","Baldwin County",5,26,524,261,263
050,13,009,"Georgia","Baldwin County",5,27,421,232,189
050,13,009,"Georgia","Baldwin County",5,28,456,244,212
050,13,009,"Georgia","Baldwin County",5,29,487,277,210
050,13,009,"Georgia","Baldwin County",5,30,550,293,257
050,13,009,"Georgia","Baldwin County",5,31,490,262,228
050,13,009,"Georgia","Baldwin County",5,32,507,252,255
050,13,009,"Georgia","Baldwin County",5,33,488,255,233
050,13,009,"Georgia","Baldwin County",5,34,469,257,212
050,13,009,"Georgia","Baldwin County",5,35,472,235,237
050,13,009,"Georgia","Baldwin County",5,36,436,224,212
050,13,009,"Georgia","Baldwin County",5,37,429,243,186
050,13,009,"Georgia","Baldwin County",5,38,472,257,215
050,13,009,"Georgia","Baldwin County",5,39,456,226,230
050,13,009,"Georgia","Baldwin County",5,40,490,246,244
050,13,009,"Georgia","Baldwin County",5,41,461,226,235
050,13,009,"Georgia","Baldwin County",5,42,487,256,231
050,13,009,"Georgia","Baldwin County",5,43,487,266,221
050,13,009,"Georgia","Baldwin County",5,44,445,247,198
050,13,009,"Georgia","Baldwin County",5,45,468,270,198
050,13,009,"Georgia","Baldwin County",5,46,480,254,226
050,13,009,"Georgia","Baldwin County",5,47,431,244,187
050,13,009,"Georgia","Baldwin County",5,48,419,225,194
050,13,009,"Georgia","Baldwin County",5,49,447,233,214
050,13,009,"Georgia","Baldwin County",5,50,457,248,209
050,13,009,"Georgia","Baldwin County",5,51,482,246,236
050,13,009,"Georgia","Baldwin County",5,52,502,258,244
050,13,009,"Georgia","Baldwin County",5,53,489,252,237
050,13,009,"Georgia","Baldwin County",5,54,479,251,228
050,13,009,"Georgia","Baldwin County",5,55,466,241,225
050,13,009,"Georgia","Baldwin County",5,56,537,271,266
050,13,009,"Georgia","Baldwin County",5,57,537,277,260
050,13,009,"Georgia","Baldwin County",5,58,526,267,259
050,13,009,"Georgia","Baldwin County",5,59,558,295,263
050,13,009,"Georgia","Baldwin County",5,60,528,266,262
050,13,009,"Georgia","Baldwin County",5,61,566,274,292
050,13,009,"Georgia","Baldwin County",5,62,552,263,289
050,13,009,"Georgia","Baldwin County",5,63,598,295,303
050,13,009,"Georgia","Baldwin County",5,64,530,262,268
050,13,009,"Georgia","Baldwin County",5,65,526,272,254
050,13,009,"Georgia","Baldwin County",5,66,540,272,268
050,13,009,"Georgia","Baldwin County",5,67,540,270,270
050,13,009,"Georgia","Baldwin County",5,68,497,231,266
050,13,009,"Georgia","Baldwin County",5,69,492,236,256
050,13,009,"Georgia","Baldwin County",5,70,448,224,224
050,13,009,"Georgia","Baldwin County",5,71,464,227,237
050,13,009,"Georgia","Baldwin County",5,72,413,197,216
050,13,009,"Georgia","Baldwin County",5,73,388,179,209
050,13,009,"Georgia","Baldwin County",5,74,382,177,205
050,13,009,"Georgia","Baldwin County",5,75,360,165,195
050,13,009,"Georgia","Baldwin County",5,76,374,179,195
050,13,009,"Georgia","Baldwin County",5,77,270,130,140
050,13,009,"Georgia","Baldwin County",5,78,277,137,140
050,13,009,"Georgia","Baldwin County",5,79,247,106,141
050,13,009,"Georgia","Baldwin County",5,80,234,108,126
050,13,009,"Georgia","Baldwin County",5,81,194,89,105
050,13,009,"Georgia","Baldwin County",5,82,178,70,108
050,13,009,"Georgia","Baldwin County",5,83,143,59,84
050,13,009,"Georgia","Baldwin County",5,84,127,59,68
050,13,009,"Georgia","Baldwin County",5,85,704,348,356
050,13,011,"Georgia","Banks County",1,0,185,96,89
050,13,011,"Georgia","Banks County",1,1,183,98,85
050,13,011,"Georgia","Banks County",1,2,188,94,94
050,13,011,"Georgia","Banks County",1,3,215,121,94
050,13,011,"Georgia","Banks County",1,4,202,113,89
050,13,011,"Georgia","Banks County",1,5,229,123,106
050,13,011,"Georgia","Banks County",1,6,207,100,107
050,13,011,"Georgia","Banks County",1,7,201,100,101
050,13,011,"Georgia","Banks County",1,8,203,104,99
050,13,011,"Georgia","Banks County",1,9,211,105,106
050,13,011,"Georgia","Banks County",1,10,215,107,108
050,13,011,"Georgia","Banks County",1,11,219,111,108
050,13,011,"Georgia","Banks County",1,12,223,122,101
050,13,011,"Georgia","Banks County",1,13,247,137,110
050,13,011,"Georgia","Banks County",1,14,250,140,110
050,13,011,"Georgia","Banks County",1,15,238,131,107
050,13,011,"Georgia","Banks County",1,16,236,123,113
050,13,011,"Georgia","Banks County",1,17,258,148,110
050,13,011,"Georgia","Banks County",1,18,225,131,94
050,13,011,"Georgia","Banks County",1,19,184,108,76
050,13,011,"Georgia","Banks County",1,20,200,117,83
050,13,011,"Georgia","Banks County",1,21,217,127,90
050,13,011,"Georgia","Banks County",1,22,212,105,107
050,13,011,"Georgia","Banks County",1,23,231,110,121
050,13,011,"Georgia","Banks County",1,24,230,117,113
050,13,011,"Georgia","Banks County",1,25,215,116,99
050,13,011,"Georgia","Banks County",1,26,194,97,97
050,13,011,"Georgia","Banks County",1,27,209,107,102
050,13,011,"Georgia","Banks County",1,28,203,117,86
050,13,011,"Georgia","Banks County",1,29,222,111,111
050,13,011,"Georgia","Banks County",1,30,210,92,118
050,13,011,"Georgia","Banks County",1,31,195,93,102
050,13,011,"Georgia","Banks County",1,32,210,117,93
050,13,011,"Georgia","Banks County",1,33,221,116,105
050,13,011,"Georgia","Banks County",1,34,217,108,109
050,13,011,"Georgia","Banks County",1,35,219,111,108
050,13,011,"Georgia","Banks County",1,36,211,115,96
050,13,011,"Georgia","Banks County",1,37,216,106,110
050,13,011,"Georgia","Banks County",1,38,215,95,120
050,13,011,"Georgia","Banks County",1,39,223,102,121
050,13,011,"Georgia","Banks County",1,40,230,113,117
050,13,011,"Georgia","Banks County",1,41,217,98,119
050,13,011,"Georgia","Banks County",1,42,237,120,117
050,13,011,"Georgia","Banks County",1,43,232,116,116
050,13,011,"Georgia","Banks County",1,44,231,117,114
050,13,011,"Georgia","Banks County",1,45,249,134,115
050,13,011,"Georgia","Banks County",1,46,223,114,109
050,13,011,"Georgia","Banks County",1,47,246,118,128
050,13,011,"Georgia","Banks County",1,48,266,130,136
050,13,011,"Georgia","Banks County",1,49,272,151,121
050,13,011,"Georgia","Banks County",1,50,252,142,110
050,13,011,"Georgia","Banks County",1,51,236,122,114
050,13,011,"Georgia","Banks County",1,52,246,123,123
050,13,011,"Georgia","Banks County",1,53,274,148,126
050,13,011,"Georgia","Banks County",1,54,240,132,108
050,13,011,"Georgia","Banks County",1,55,285,151,134
050,13,011,"Georgia","Banks County",1,56,291,157,134
050,13,011,"Georgia","Banks County",1,57,248,128,120
050,13,011,"Georgia","Banks County",1,58,269,128,141
050,13,011,"Georgia","Banks County",1,59,267,137,130
050,13,011,"Georgia","Banks County",1,60,233,117,116
050,13,011,"Georgia","Banks County",1,61,224,115,109
050,13,011,"Georgia","Banks County",1,62,245,127,118
050,13,011,"Georgia","Banks County",1,63,267,153,114
050,13,011,"Georgia","Banks County",1,64,249,132,117
050,13,011,"Georgia","Banks County",1,65,219,106,113
050,13,011,"Georgia","Banks County",1,66,201,101,100
050,13,011,"Georgia","Banks County",1,67,208,103,105
050,13,011,"Georgia","Banks County",1,68,222,104,118
050,13,011,"Georgia","Banks County",1,69,191,92,99
050,13,011,"Georgia","Banks County",1,70,187,88,99
050,13,011,"Georgia","Banks County",1,71,200,94,106
050,13,011,"Georgia","Banks County",1,72,224,105,119
050,13,011,"Georgia","Banks County",1,73,207,88,119
050,13,011,"Georgia","Banks County",1,74,131,57,74
050,13,011,"Georgia","Banks County",1,75,146,68,78
050,13,011,"Georgia","Banks County",1,76,159,83,76
050,13,011,"Georgia","Banks County",1,77,144,72,72
050,13,011,"Georgia","Banks County",1,78,126,58,68
050,13,011,"Georgia","Banks County",1,79,99,46,53
050,13,011,"Georgia","Banks County",1,80,93,46,47
050,13,011,"Georgia","Banks County",1,81,71,31,40
050,13,011,"Georgia","Banks County",1,82,56,23,33
050,13,011,"Georgia","Banks County",1,83,46,27,19
050,13,011,"Georgia","Banks County",1,84,54,27,27
050,13,011,"Georgia","Banks County",1,85,233,108,125
050,13,011,"Georgia","Banks County",2,0,188,96,92
050,13,011,"Georgia","Banks County",2,1,180,96,84
050,13,011,"Georgia","Banks County",2,2,191,98,93
050,13,011,"Georgia","Banks County",2,3,209,117,92
050,13,011,"Georgia","Banks County",2,4,204,114,90
050,13,011,"Georgia","Banks County",2,5,220,119,101
050,13,011,"Georgia","Banks County",2,6,214,106,108
050,13,011,"Georgia","Banks County",2,7,202,100,102
050,13,011,"Georgia","Banks County",2,8,199,101,98
050,13,011,"Georgia","Banks County",2,9,210,105,105
050,13,011,"Georgia","Banks County",2,10,214,107,107
050,13,011,"Georgia","Banks County",2,11,209,106,103
050,13,011,"Georgia","Banks County",2,12,225,123,102
050,13,011,"Georgia","Banks County",2,13,242,135,107
050,13,011,"Georgia","Banks County",2,14,248,139,109
050,13,011,"Georgia","Banks County",2,15,240,132,108
050,13,011,"Georgia","Banks County",2,16,235,124,111
050,13,011,"Georgia","Banks County",2,17,250,140,110
050,13,011,"Georgia","Banks County",2,18,223,130,93
050,13,011,"Georgia","Banks County",2,19,182,108,74
050,13,011,"Georgia","Banks County",2,20,204,120,84
050,13,011,"Georgia","Banks County",2,21,217,126,91
050,13,011,"Georgia","Banks County",2,22,216,110,106
050,13,011,"Georgia","Banks County",2,23,235,112,123
050,13,011,"Georgia","Banks County",2,24,236,117,119
050,13,011,"Georgia","Banks County",2,25,220,117,103
050,13,011,"Georgia","Banks County",2,26,199,100,99
050,13,011,"Georgia","Banks County",2,27,207,106,101
050,13,011,"Georgia","Banks County",2,28,208,118,90
050,13,011,"Georgia","Banks County",2,29,219,112,107
050,13,011,"Georgia","Banks County",2,30,217,99,118
050,13,011,"Georgia","Banks County",2,31,201,96,105
050,13,011,"Georgia","Banks County",2,32,209,113,96
050,13,011,"Georgia","Banks County",2,33,221,119,102
050,13,011,"Georgia","Banks County",2,34,221,112,109
050,13,011,"Georgia","Banks County",2,35,223,112,111
050,13,011,"Georgia","Banks County",2,36,213,114,99
050,13,011,"Georgia","Banks County",2,37,216,108,108
050,13,011,"Georgia","Banks County",2,38,213,96,117
050,13,011,"Georgia","Banks County",2,39,219,99,120
050,13,011,"Georgia","Banks County",2,40,230,110,120
050,13,011,"Georgia","Banks County",2,41,221,103,118
050,13,011,"Georgia","Banks County",2,42,232,115,117
050,13,011,"Georgia","Banks County",2,43,236,117,119
050,13,011,"Georgia","Banks County",2,44,226,112,114
050,13,011,"Georgia","Banks County",2,45,243,129,114
050,13,011,"Georgia","Banks County",2,46,228,117,111
050,13,011,"Georgia","Banks County",2,47,240,117,123
050,13,011,"Georgia","Banks County",2,48,260,126,134
050,13,011,"Georgia","Banks County",2,49,274,147,127
050,13,011,"Georgia","Banks County",2,50,259,145,114
050,13,011,"Georgia","Banks County",2,51,240,127,113
050,13,011,"Georgia","Banks County",2,52,244,122,122
050,13,011,"Georgia","Banks County",2,53,269,143,126
050,13,011,"Georgia","Banks County",2,54,247,136,111
050,13,011,"Georgia","Banks County",2,55,277,148,129
050,13,011,"Georgia","Banks County",2,56,292,157,135
050,13,011,"Georgia","Banks County",2,57,258,135,123
050,13,011,"Georgia","Banks County",2,58,263,128,135
050,13,011,"Georgia","Banks County",2,59,268,135,133
050,13,011,"Georgia","Banks County",2,60,242,122,120
050,13,011,"Georgia","Banks County",2,61,225,116,109
050,13,011,"Georgia","Banks County",2,62,241,124,117
050,13,011,"Georgia","Banks County",2,63,264,147,117
050,13,011,"Georgia","Banks County",2,64,253,137,116
050,13,011,"Georgia","Banks County",2,65,230,115,115
050,13,011,"Georgia","Banks County",2,66,205,102,103
050,13,011,"Georgia","Banks County",2,67,207,103,104
050,13,011,"Georgia","Banks County",2,68,218,103,115
050,13,011,"Georgia","Banks County",2,69,201,95,106
050,13,011,"Georgia","Banks County",2,70,189,89,100
050,13,011,"Georgia","Banks County",2,71,196,93,103
050,13,011,"Georgia","Banks County",2,72,214,99,115
050,13,011,"Georgia","Banks County",2,73,221,96,125
050,13,011,"Georgia","Banks County",2,74,135,58,77
050,13,011,"Georgia","Banks County",2,75,144,66,78
050,13,011,"Georgia","Banks County",2,76,155,78,77
050,13,011,"Georgia","Banks County",2,77,151,77,74
050,13,011,"Georgia","Banks County",2,78,125,60,65
050,13,011,"Georgia","Banks County",2,79,104,48,56
050,13,011,"Georgia","Banks County",2,80,92,46,46
050,13,011,"Georgia","Banks County",2,81,74,33,41
050,13,011,"Georgia","Banks County",2,82,57,23,34
050,13,011,"Georgia","Banks County",2,83,48,25,23
050,13,011,"Georgia","Banks County",2,84,50,26,24
050,13,011,"Georgia","Banks County",2,85,234,109,125
050,13,011,"Georgia","Banks County",3,0,203,104,99
050,13,011,"Georgia","Banks County",3,1,209,117,92
050,13,011,"Georgia","Banks County",3,2,191,96,95
050,13,011,"Georgia","Banks County",3,3,202,97,105
050,13,011,"Georgia","Banks County",3,4,222,124,98
050,13,011,"Georgia","Banks County",3,5,196,102,94
050,13,011,"Georgia","Banks County",3,6,226,125,101
050,13,011,"Georgia","Banks County",3,7,229,118,111
050,13,011,"Georgia","Banks County",3,8,218,111,107
050,13,011,"Georgia","Banks County",3,9,198,99,99
050,13,011,"Georgia","Banks County",3,10,217,109,108
050,13,011,"Georgia","Banks County",3,11,222,118,104
050,13,011,"Georgia","Banks County",3,12,202,103,99
050,13,011,"Georgia","Banks County",3,13,234,122,112
050,13,011,"Georgia","Banks County",3,14,244,137,107
050,13,011,"Georgia","Banks County",3,15,254,135,119
050,13,011,"Georgia","Banks County",3,16,239,131,108
050,13,011,"Georgia","Banks County",3,17,234,129,105
050,13,011,"Georgia","Banks County",3,18,224,135,89
050,13,011,"Georgia","Banks County",3,19,191,110,81
050,13,011,"Georgia","Banks County",3,20,212,117,95
050,13,011,"Georgia","Banks County",3,21,228,130,98
050,13,011,"Georgia","Banks County",3,22,237,128,109
050,13,011,"Georgia","Banks County",3,23,239,121,118
050,13,011,"Georgia","Banks County",3,24,253,131,122
050,13,011,"Georgia","Banks County",3,25,232,121,111
050,13,011,"Georgia","Banks County",3,26,216,108,108
050,13,011,"Georgia","Banks County",3,27,196,99,97
050,13,011,"Georgia","Banks County",3,28,230,113,117
050,13,011,"Georgia","Banks County",3,29,220,118,102
050,13,011,"Georgia","Banks County",3,30,233,123,110
050,13,011,"Georgia","Banks County",3,31,221,102,119
050,13,011,"Georgia","Banks County",3,32,209,102,107
050,13,011,"Georgia","Banks County",3,33,223,116,107
050,13,011,"Georgia","Banks County",3,34,240,129,111
050,13,011,"Georgia","Banks County",3,35,220,112,108
050,13,011,"Georgia","Banks County",3,36,224,119,105
050,13,011,"Georgia","Banks County",3,37,226,125,101
050,13,011,"Georgia","Banks County",3,38,228,114,114
050,13,011,"Georgia","Banks County",3,39,219,103,116
050,13,011,"Georgia","Banks County",3,40,221,92,129
050,13,011,"Georgia","Banks County",3,41,242,115,127
050,13,011,"Georgia","Banks County",3,42,246,113,133
050,13,011,"Georgia","Banks County",3,43,234,119,115
050,13,011,"Georgia","Banks County",3,44,234,121,113
050,13,011,"Georgia","Banks County",3,45,229,117,112
050,13,011,"Georgia","Banks County",3,46,240,128,112
050,13,011,"Georgia","Banks County",3,47,242,123,119
050,13,011,"Georgia","Banks County",3,48,246,118,128
050,13,011,"Georgia","Banks County",3,49,257,126,131
050,13,011,"Georgia","Banks County",3,50,275,143,132
050,13,011,"Georgia","Banks County",3,51,274,154,120
050,13,011,"Georgia","Banks County",3,52,245,127,118
050,13,011,"Georgia","Banks County",3,53,244,122,122
050,13,011,"Georgia","Banks County",3,54,277,148,129
050,13,011,"Georgia","Banks County",3,55,254,136,118
050,13,011,"Georgia","Banks County",3,56,285,149,136
050,13,011,"Georgia","Banks County",3,57,287,155,132
050,13,011,"Georgia","Banks County",3,58,266,138,128
050,13,011,"Georgia","Banks County",3,59,273,137,136
050,13,011,"Georgia","Banks County",3,60,275,141,134
050,13,011,"Georgia","Banks County",3,61,239,117,122
050,13,011,"Georgia","Banks County",3,62,230,119,111
050,13,011,"Georgia","Banks County",3,63,244,127,117
050,13,011,"Georgia","Banks County",3,64,260,150,110
050,13,011,"Georgia","Banks County",3,65,251,132,119
050,13,011,"Georgia","Banks County",3,66,228,116,112
050,13,011,"Georgia","Banks County",3,67,202,100,102
050,13,011,"Georgia","Banks County",3,68,209,107,102
050,13,011,"Georgia","Banks County",3,69,214,99,115
050,13,011,"Georgia","Banks County",3,70,197,90,107
050,13,011,"Georgia","Banks County",3,71,185,85,100
050,13,011,"Georgia","Banks County",3,72,194,91,103
050,13,011,"Georgia","Banks County",3,73,208,100,108
050,13,011,"Georgia","Banks County",3,74,210,87,123
050,13,011,"Georgia","Banks County",3,75,130,53,77
050,13,011,"Georgia","Banks County",3,76,133,62,71
050,13,011,"Georgia","Banks County",3,77,152,76,76
050,13,011,"Georgia","Banks County",3,78,142,71,71
050,13,011,"Georgia","Banks County",3,79,121,58,63
050,13,011,"Georgia","Banks County",3,80,99,45,54
050,13,011,"Georgia","Banks County",3,81,92,45,47
050,13,011,"Georgia","Banks County",3,82,68,29,39
050,13,011,"Georgia","Banks County",3,83,53,21,32
050,13,011,"Georgia","Banks County",3,84,42,21,21
050,13,011,"Georgia","Banks County",3,85,228,111,117
050,13,011,"Georgia","Banks County",4,0,240,109,131
050,13,011,"Georgia","Banks County",4,1,217,98,119
050,13,011,"Georgia","Banks County",4,2,224,131,93
050,13,011,"Georgia","Banks County",4,3,194,101,93
050,13,011,"Georgia","Banks County",4,4,219,106,113
050,13,011,"Georgia","Banks County",4,5,240,138,102
050,13,011,"Georgia","Banks County",4,6,227,119,108
050,13,011,"Georgia","Banks County",4,7,238,129,109
050,13,011,"Georgia","Banks County",4,8,240,122,118
050,13,011,"Georgia","Banks County",4,9,228,108,120
050,13,011,"Georgia","Banks County",4,10,209,96,113
050,13,011,"Georgia","Banks County",4,11,214,105,109
050,13,011,"Georgia","Banks County",4,12,233,122,111
050,13,011,"Georgia","Banks County",4,13,204,106,98
050,13,011,"Georgia","Banks County",4,14,242,132,110
050,13,011,"Georgia","Banks County",4,15,248,135,113
050,13,011,"Georgia","Banks County",4,16,268,134,134
050,13,011,"Georgia","Banks County",4,17,242,131,111
050,13,011,"Georgia","Banks County",4,18,207,119,88
050,13,011,"Georgia","Banks County",4,19,180,114,66
050,13,011,"Georgia","Banks County",4,20,210,120,90
050,13,011,"Georgia","Banks County",4,21,234,129,105
050,13,011,"Georgia","Banks County",4,22,253,140,113
050,13,011,"Georgia","Banks County",4,23,264,139,125
050,13,011,"Georgia","Banks County",4,24,287,144,143
050,13,011,"Georgia","Banks County",4,25,257,121,136
050,13,011,"Georgia","Banks County",4,26,250,132,118
050,13,011,"Georgia","Banks County",4,27,226,119,107
050,13,011,"Georgia","Banks County",4,28,207,110,97
050,13,011,"Georgia","Banks County",4,29,237,114,123
050,13,011,"Georgia","Banks County",4,30,260,133,127
050,13,011,"Georgia","Banks County",4,31,248,129,119
050,13,011,"Georgia","Banks County",4,32,241,119,122
050,13,011,"Georgia","Banks County",4,33,218,108,110
050,13,011,"Georgia","Banks County",4,34,232,126,106
050,13,011,"Georgia","Banks County",4,35,251,142,109
050,13,011,"Georgia","Banks County",4,36,226,112,114
050,13,011,"Georgia","Banks County",4,37,249,132,117
050,13,011,"Georgia","Banks County",4,38,243,132,111
050,13,011,"Georgia","Banks County",4,39,243,125,118
050,13,011,"Georgia","Banks County",4,40,231,109,122
050,13,011,"Georgia","Banks County",4,41,233,95,138
050,13,011,"Georgia","Banks County",4,42,251,119,132
050,13,011,"Georgia","Banks County",4,43,254,115,139
050,13,011,"Georgia","Banks County",4,44,247,124,123
050,13,011,"Georgia","Banks County",4,45,240,127,113
050,13,011,"Georgia","Banks County",4,46,238,117,121
050,13,011,"Georgia","Banks County",4,47,243,129,114
050,13,011,"Georgia","Banks County",4,48,243,125,118
050,13,011,"Georgia","Banks County",4,49,245,118,127
050,13,011,"Georgia","Banks County",4,50,278,142,136
050,13,011,"Georgia","Banks County",4,51,278,143,135
050,13,011,"Georgia","Banks County",4,52,291,163,128
050,13,011,"Georgia","Banks County",4,53,266,137,129
050,13,011,"Georgia","Banks County",4,54,254,127,127
050,13,011,"Georgia","Banks County",4,55,277,145,132
050,13,011,"Georgia","Banks County",4,56,254,139,115
050,13,011,"Georgia","Banks County",4,57,297,156,141
050,13,011,"Georgia","Banks County",4,58,297,160,137
050,13,011,"Georgia","Banks County",4,59,276,141,135
050,13,011,"Georgia","Banks County",4,60,286,142,144
050,13,011,"Georgia","Banks County",4,61,285,145,140
050,13,011,"Georgia","Banks County",4,62,238,116,122
050,13,011,"Georgia","Banks County",4,63,227,118,109
050,13,011,"Georgia","Banks County",4,64,252,131,121
050,13,011,"Georgia","Banks County",4,65,260,155,105
050,13,011,"Georgia","Banks County",4,66,257,131,126
050,13,011,"Georgia","Banks County",4,67,222,113,109
050,13,011,"Georgia","Banks County",4,68,200,99,101
050,13,011,"Georgia","Banks County",4,69,207,103,104
050,13,011,"Georgia","Banks County",4,70,211,101,110
050,13,011,"Georgia","Banks County",4,71,198,89,109
050,13,011,"Georgia","Banks County",4,72,193,86,107
050,13,011,"Georgia","Banks County",4,73,195,92,103
050,13,011,"Georgia","Banks County",4,74,196,91,105
050,13,011,"Georgia","Banks County",4,75,211,88,123
050,13,011,"Georgia","Banks County",4,76,116,47,69
050,13,011,"Georgia","Banks County",4,77,131,63,68
050,13,011,"Georgia","Banks County",4,78,138,64,74
050,13,011,"Georgia","Banks County",4,79,131,66,65
050,13,011,"Georgia","Banks County",4,80,120,56,64
050,13,011,"Georgia","Banks County",4,81,98,43,55
050,13,011,"Georgia","Banks County",4,82,86,41,45
050,13,011,"Georgia","Banks County",4,83,67,27,40
050,13,011,"Georgia","Banks County",4,84,49,18,31
050,13,011,"Georgia","Banks County",4,85,225,116,109
050,13,011,"Georgia","Banks County",5,0,239,109,130
050,13,011,"Georgia","Banks County",5,1,258,117,141
050,13,011,"Georgia","Banks County",5,2,230,106,124
050,13,011,"Georgia","Banks County",5,3,219,137,82
050,13,011,"Georgia","Banks County",5,4,212,108,104
050,13,011,"Georgia","Banks County",5,5,217,97,120
050,13,011,"Georgia","Banks County",5,6,256,144,112
050,13,011,"Georgia","Banks County",5,7,228,116,112
050,13,011,"Georgia","Banks County",5,8,252,134,118
050,13,011,"Georgia","Banks County",5,9,244,117,127
050,13,011,"Georgia","Banks County",5,10,223,109,114
050,13,011,"Georgia","Banks County",5,11,222,105,117
050,13,011,"Georgia","Banks County",5,12,217,109,108
050,13,011,"Georgia","Banks County",5,13,233,115,118
050,13,011,"Georgia","Banks County",5,14,209,105,104
050,13,011,"Georgia","Banks County",5,15,250,138,112
050,13,011,"Georgia","Banks County",5,16,248,139,109
050,13,011,"Georgia","Banks County",5,17,270,133,137
050,13,011,"Georgia","Banks County",5,18,206,114,92
050,13,011,"Georgia","Banks County",5,19,172,98,74
050,13,011,"Georgia","Banks County",5,20,196,124,72
050,13,011,"Georgia","Banks County",5,21,226,123,103
050,13,011,"Georgia","Banks County",5,22,246,136,110
050,13,011,"Georgia","Banks County",5,23,277,159,118
050,13,011,"Georgia","Banks County",5,24,274,142,132
050,13,011,"Georgia","Banks County",5,25,290,149,141
050,13,011,"Georgia","Banks County",5,26,252,126,126
050,13,011,"Georgia","Banks County",5,27,257,137,120
050,13,011,"Georgia","Banks County",5,28,240,124,116
050,13,011,"Georgia","Banks County",5,29,228,113,115
050,13,011,"Georgia","Banks County",5,30,263,130,133
050,13,011,"Georgia","Banks County",5,31,281,145,136
050,13,011,"Georgia","Banks County",5,32,257,130,127
050,13,011,"Georgia","Banks County",5,33,236,113,123
050,13,011,"Georgia","Banks County",5,34,234,117,117
050,13,011,"Georgia","Banks County",5,35,237,129,108
050,13,011,"Georgia","Banks County",5,36,262,148,114
050,13,011,"Georgia","Banks County",5,37,233,116,117
050,13,011,"Georgia","Banks County",5,38,251,139,112
050,13,011,"Georgia","Banks County",5,39,237,131,106
050,13,011,"Georgia","Banks County",5,40,244,120,124
050,13,011,"Georgia","Banks County",5,41,239,113,126
050,13,011,"Georgia","Banks County",5,42,235,88,147
050,13,011,"Georgia","Banks County",5,43,251,119,132
050,13,011,"Georgia","Banks County",5,44,262,121,141
050,13,011,"Georgia","Banks County",5,45,241,122,119
050,13,011,"Georgia","Banks County",5,46,234,119,115
050,13,011,"Georgia","Banks County",5,47,253,124,129
050,13,011,"Georgia","Banks County",5,48,253,135,118
050,13,011,"Georgia","Banks County",5,49,242,122,120
050,13,011,"Georgia","Banks County",5,50,246,116,130
050,13,011,"Georgia","Banks County",5,51,292,150,142
050,13,011,"Georgia","Banks County",5,52,296,155,141
050,13,011,"Georgia","Banks County",5,53,305,170,135
050,13,011,"Georgia","Banks County",5,54,264,137,127
050,13,011,"Georgia","Banks County",5,55,257,131,126
050,13,011,"Georgia","Banks County",5,56,276,144,132
050,13,011,"Georgia","Banks County",5,57,261,141,120
050,13,011,"Georgia","Banks County",5,58,295,151,144
050,13,011,"Georgia","Banks County",5,59,303,165,138
050,13,011,"Georgia","Banks County",5,60,275,143,132
050,13,011,"Georgia","Banks County",5,61,279,140,139
050,13,011,"Georgia","Banks County",5,62,293,144,149
050,13,011,"Georgia","Banks County",5,63,240,118,122
050,13,011,"Georgia","Banks County",5,64,229,122,107
050,13,011,"Georgia","Banks County",5,65,253,132,121
050,13,011,"Georgia","Banks County",5,66,265,155,110
050,13,011,"Georgia","Banks County",5,67,246,125,121
050,13,011,"Georgia","Banks County",5,68,230,114,116
050,13,011,"Georgia","Banks County",5,69,197,94,103
050,13,011,"Georgia","Banks County",5,70,207,100,107
050,13,011,"Georgia","Banks County",5,71,205,97,108
050,13,011,"Georgia","Banks County",5,72,199,88,111
050,13,011,"Georgia","Banks County",5,73,184,87,97
050,13,011,"Georgia","Banks County",5,74,190,89,101
050,13,011,"Georgia","Banks County",5,75,197,89,108
050,13,011,"Georgia","Banks County",5,76,198,85,113
050,13,011,"Georgia","Banks County",5,77,108,45,63
050,13,011,"Georgia","Banks County",5,78,128,59,69
050,13,011,"Georgia","Banks County",5,79,130,60,70
050,13,011,"Georgia","Banks County",5,80,125,59,66
050,13,011,"Georgia","Banks County",5,81,117,55,62
050,13,011,"Georgia","Banks County",5,82,91,40,51
050,13,011,"Georgia","Banks County",5,83,80,39,41
050,13,011,"Georgia","Banks County",5,84,63,23,40
050,13,011,"Georgia","Banks County",5,85,229,115,114
050,13,013,"Georgia","Barrow County",1,0,1039,531,508
050,13,013,"Georgia","Barrow County",1,1,1037,547,490
050,13,013,"Georgia","Barrow County",1,2,1068,571,497
050,13,013,"Georgia","Barrow County",1,3,1098,571,527
050,13,013,"Georgia","Barrow County",1,4,1174,627,547
050,13,013,"Georgia","Barrow County",1,5,1145,576,569
050,13,013,"Georgia","Barrow County",1,6,1155,573,582
050,13,013,"Georgia","Barrow County",1,7,1213,597,616
050,13,013,"Georgia","Barrow County",1,8,1200,586,614
050,13,013,"Georgia","Barrow County",1,9,1236,613,623
050,13,013,"Georgia","Barrow County",1,10,1243,639,604
050,13,013,"Georgia","Barrow County",1,11,1291,683,608
050,13,013,"Georgia","Barrow County",1,12,1326,679,647
050,13,013,"Georgia","Barrow County",1,13,1330,675,655
050,13,013,"Georgia","Barrow County",1,14,1285,650,635
050,13,013,"Georgia","Barrow County",1,15,1270,652,618
050,13,013,"Georgia","Barrow County",1,16,1312,676,636
050,13,013,"Georgia","Barrow County",1,17,1204,610,594
050,13,013,"Georgia","Barrow County",1,18,1017,537,480
050,13,013,"Georgia","Barrow County",1,19,827,432,395
050,13,013,"Georgia","Barrow County",1,20,903,467,436
050,13,013,"Georgia","Barrow County",1,21,950,498,452
050,13,013,"Georgia","Barrow County",1,22,968,485,483
050,13,013,"Georgia","Barrow County",1,23,1004,508,496
050,13,013,"Georgia","Barrow County",1,24,1075,540,535
050,13,013,"Georgia","Barrow County",1,25,1149,550,599
050,13,013,"Georgia","Barrow County",1,26,1166,556,610
050,13,013,"Georgia","Barrow County",1,27,1201,595,606
050,13,013,"Georgia","Barrow County",1,28,1219,596,623
050,13,013,"Georgia","Barrow County",1,29,1259,609,650
050,13,013,"Georgia","Barrow County",1,30,1251,631,620
050,13,013,"Georgia","Barrow County",1,31,1280,671,609
050,13,013,"Georgia","Barrow County",1,32,1240,619,621
050,13,013,"Georgia","Barrow County",1,33,1171,575,596
050,13,013,"Georgia","Barrow County",1,34,1187,597,590
050,13,013,"Georgia","Barrow County",1,35,1265,612,653
050,13,013,"Georgia","Barrow County",1,36,1243,622,621
050,13,013,"Georgia","Barrow County",1,37,1293,659,634
050,13,013,"Georgia","Barrow County",1,38,1239,630,609
050,13,013,"Georgia","Barrow County",1,39,1254,637,617
050,13,013,"Georgia","Barrow County",1,40,1231,632,599
050,13,013,"Georgia","Barrow County",1,41,1166,606,560
050,13,013,"Georgia","Barrow County",1,42,1120,561,559
050,13,013,"Georgia","Barrow County",1,43,1067,519,548
050,13,013,"Georgia","Barrow County",1,44,1089,534,555
050,13,013,"Georgia","Barrow County",1,45,1065,551,514
050,13,013,"Georgia","Barrow County",1,46,1089,531,558
050,13,013,"Georgia","Barrow County",1,47,1083,527,556
050,13,013,"Georgia","Barrow County",1,48,1133,569,564
050,13,013,"Georgia","Barrow County",1,49,1232,629,603
050,13,013,"Georgia","Barrow County",1,50,1150,586,564
050,13,013,"Georgia","Barrow County",1,51,1042,508,534
050,13,013,"Georgia","Barrow County",1,52,1008,475,533
050,13,013,"Georgia","Barrow County",1,53,1033,500,533
050,13,013,"Georgia","Barrow County",1,54,1030,512,518
050,13,013,"Georgia","Barrow County",1,55,1074,512,562
050,13,013,"Georgia","Barrow County",1,56,1082,534,548
050,13,013,"Georgia","Barrow County",1,57,1036,524,512
050,13,013,"Georgia","Barrow County",1,58,1034,514,520
050,13,013,"Georgia","Barrow County",1,59,1001,501,500
050,13,013,"Georgia","Barrow County",1,60,924,451,473
050,13,013,"Georgia","Barrow County",1,61,907,436,471
050,13,013,"Georgia","Barrow County",1,62,894,432,462
050,13,013,"Georgia","Barrow County",1,63,897,429,468
050,13,013,"Georgia","Barrow County",1,64,858,414,444
050,13,013,"Georgia","Barrow County",1,65,832,397,435
050,13,013,"Georgia","Barrow County",1,66,732,342,390
050,13,013,"Georgia","Barrow County",1,67,718,336,382
050,13,013,"Georgia","Barrow County",1,68,706,330,376
050,13,013,"Georgia","Barrow County",1,69,639,307,332
050,13,013,"Georgia","Barrow County",1,70,652,311,341
050,13,013,"Georgia","Barrow County",1,71,633,298,335
050,13,013,"Georgia","Barrow County",1,72,662,303,359
050,13,013,"Georgia","Barrow County",1,73,658,307,351
050,13,013,"Georgia","Barrow County",1,74,452,197,255
050,13,013,"Georgia","Barrow County",1,75,429,174,255
050,13,013,"Georgia","Barrow County",1,76,428,200,228
050,13,013,"Georgia","Barrow County",1,77,399,173,226
050,13,013,"Georgia","Barrow County",1,78,339,142,197
050,13,013,"Georgia","Barrow County",1,79,298,114,184
050,13,013,"Georgia","Barrow County",1,80,268,96,172
050,13,013,"Georgia","Barrow County",1,81,233,94,139
050,13,013,"Georgia","Barrow County",1,82,204,76,128
050,13,013,"Georgia","Barrow County",1,83,173,60,113
050,13,013,"Georgia","Barrow County",1,84,163,64,99
050,13,013,"Georgia","Barrow County",1,85,854,290,564
050,13,013,"Georgia","Barrow County",2,0,1025,529,496
050,13,013,"Georgia","Barrow County",2,1,1043,545,498
050,13,013,"Georgia","Barrow County",2,2,1066,566,500
050,13,013,"Georgia","Barrow County",2,3,1094,574,520
050,13,013,"Georgia","Barrow County",2,4,1160,615,545
050,13,013,"Georgia","Barrow County",2,5,1156,591,565
050,13,013,"Georgia","Barrow County",2,6,1159,577,582
050,13,013,"Georgia","Barrow County",2,7,1203,591,612
050,13,013,"Georgia","Barrow County",2,8,1207,588,619
050,13,013,"Georgia","Barrow County",2,9,1236,610,626
050,13,013,"Georgia","Barrow County",2,10,1246,637,609
050,13,013,"Georgia","Barrow County",2,11,1276,671,605
050,13,013,"Georgia","Barrow County",2,12,1332,687,645
050,13,013,"Georgia","Barrow County",2,13,1335,679,656
050,13,013,"Georgia","Barrow County",2,14,1300,660,640
050,13,013,"Georgia","Barrow County",2,15,1284,656,628
050,13,013,"Georgia","Barrow County",2,16,1306,671,635
050,13,013,"Georgia","Barrow County",2,17,1240,631,609
050,13,013,"Georgia","Barrow County",2,18,1022,537,485
050,13,013,"Georgia","Barrow County",2,19,849,444,405
050,13,013,"Georgia","Barrow County",2,20,913,472,441
050,13,013,"Georgia","Barrow County",2,21,951,496,455
050,13,013,"Georgia","Barrow County",2,22,987,497,490
050,13,013,"Georgia","Barrow County",2,23,1023,515,508
050,13,013,"Georgia","Barrow County",2,24,1077,541,536
050,13,013,"Georgia","Barrow County",2,25,1156,561,595
050,13,013,"Georgia","Barrow County",2,26,1182,568,614
050,13,013,"Georgia","Barrow County",2,27,1208,595,613
050,13,013,"Georgia","Barrow County",2,28,1229,601,628
050,13,013,"Georgia","Barrow County",2,29,1260,612,648
050,13,013,"Georgia","Barrow County",2,30,1274,639,635
050,13,013,"Georgia","Barrow County",2,31,1275,663,612
050,13,013,"Georgia","Barrow County",2,32,1246,633,613
050,13,013,"Georgia","Barrow County",2,33,1185,587,598
050,13,013,"Georgia","Barrow County",2,34,1193,595,598
050,13,013,"Georgia","Barrow County",2,35,1260,614,646
050,13,013,"Georgia","Barrow County",2,36,1253,622,631
050,13,013,"Georgia","Barrow County",2,37,1283,653,630
050,13,013,"Georgia","Barrow County",2,38,1259,641,618
050,13,013,"Georgia","Barrow County",2,39,1245,630,615
050,13,013,"Georgia","Barrow County",2,40,1242,634,608
050,13,013,"Georgia","Barrow County",2,41,1182,609,573
050,13,013,"Georgia","Barrow County",2,42,1121,565,556
050,13,013,"Georgia","Barrow County",2,43,1096,535,561
050,13,013,"Georgia","Barrow County",2,44,1076,528,548
050,13,013,"Georgia","Barrow County",2,45,1076,547,529
050,13,013,"Georgia","Barrow County",2,46,1080,533,547
050,13,013,"Georgia","Barrow County",2,47,1084,526,558
050,13,013,"Georgia","Barrow County",2,48,1127,560,567
050,13,013,"Georgia","Barrow County",2,49,1223,623,600
050,13,013,"Georgia","Barrow County",2,50,1176,600,576
050,13,013,"Georgia","Barrow County",2,51,1068,527,541
050,13,013,"Georgia","Barrow County",2,52,1021,484,537
050,13,013,"Georgia","Barrow County",2,53,1029,495,534
050,13,013,"Georgia","Barrow County",2,54,1032,509,523
050,13,013,"Georgia","Barrow County",2,55,1069,513,556
050,13,013,"Georgia","Barrow County",2,56,1089,534,555
050,13,013,"Georgia","Barrow County",2,57,1053,528,525
050,13,013,"Georgia","Barrow County",2,58,1037,518,519
050,13,013,"Georgia","Barrow County",2,59,1008,507,501
050,13,013,"Georgia","Barrow County",2,60,946,464,482
050,13,013,"Georgia","Barrow County",2,61,912,440,472
050,13,013,"Georgia","Barrow County",2,62,897,433,464
050,13,013,"Georgia","Barrow County",2,63,902,429,473
050,13,013,"Georgia","Barrow County",2,64,864,416,448
050,13,013,"Georgia","Barrow County",2,65,833,400,433
050,13,013,"Georgia","Barrow County",2,66,757,358,399
050,13,013,"Georgia","Barrow County",2,67,717,335,382
050,13,013,"Georgia","Barrow County",2,68,704,327,377
050,13,013,"Georgia","Barrow County",2,69,663,316,347
050,13,013,"Georgia","Barrow County",2,70,650,310,340
050,13,013,"Georgia","Barrow County",2,71,636,300,336
050,13,013,"Georgia","Barrow County",2,72,640,296,344
050,13,013,"Georgia","Barrow County",2,73,687,320,367
050,13,013,"Georgia","Barrow County",2,74,469,207,262
050,13,013,"Georgia","Barrow County",2,75,436,180,256
050,13,013,"Georgia","Barrow County",2,76,421,187,234
050,13,013,"Georgia","Barrow County",2,77,413,181,232
050,13,013,"Georgia","Barrow County",2,78,348,148,200
050,13,013,"Georgia","Barrow County",2,79,297,118,179
050,13,013,"Georgia","Barrow County",2,80,269,100,169
050,13,013,"Georgia","Barrow County",2,81,238,93,145
050,13,013,"Georgia","Barrow County",2,82,204,74,130
050,13,013,"Georgia","Barrow County",2,83,175,59,116
050,13,013,"Georgia","Barrow County",2,84,159,61,98
050,13,013,"Georgia","Barrow County",2,85,857,296,561
050,13,013,"Georgia","Barrow County",3,0,1090,554,536
050,13,013,"Georgia","Barrow County",3,1,1058,544,514
050,13,013,"Georgia","Barrow County",3,2,1073,544,529
050,13,013,"Georgia","Barrow County",3,3,1082,558,524
050,13,013,"Georgia","Barrow County",3,4,1143,600,543
050,13,013,"Georgia","Barrow County",3,5,1170,624,546
050,13,013,"Georgia","Barrow County",3,6,1227,624,603
050,13,013,"Georgia","Barrow County",3,7,1201,596,605
050,13,013,"Georgia","Barrow County",3,8,1246,618,628
050,13,013,"Georgia","Barrow County",3,9,1259,618,641
050,13,013,"Georgia","Barrow County",3,10,1245,621,624
050,13,013,"Georgia","Barrow County",3,11,1260,653,607
050,13,013,"Georgia","Barrow County",3,12,1320,684,636
050,13,013,"Georgia","Barrow County",3,13,1364,717,647
050,13,013,"Georgia","Barrow County",3,14,1395,715,680
050,13,013,"Georgia","Barrow County",3,15,1343,685,658
050,13,013,"Georgia","Barrow County",3,16,1308,669,639
050,13,013,"Georgia","Barrow County",3,17,1332,685,647
050,13,013,"Georgia","Barrow County",3,18,1106,574,532
050,13,013,"Georgia","Barrow County",3,19,902,483,419
050,13,013,"Georgia","Barrow County",3,20,937,482,455
050,13,013,"Georgia","Barrow County",3,21,972,497,475
050,13,013,"Georgia","Barrow County",3,22,1034,527,507
050,13,013,"Georgia","Barrow County",3,23,1068,553,515
050,13,013,"Georgia","Barrow County",3,24,1118,565,553
050,13,013,"Georgia","Barrow County",3,25,1156,580,576
050,13,013,"Georgia","Barrow County",3,26,1279,609,670
050,13,013,"Georgia","Barrow County",3,27,1222,593,629
050,13,013,"Georgia","Barrow County",3,28,1275,627,648
050,13,013,"Georgia","Barrow County",3,29,1262,622,640
050,13,013,"Georgia","Barrow County",3,30,1332,658,674
050,13,013,"Georgia","Barrow County",3,31,1336,645,691
050,13,013,"Georgia","Barrow County",3,32,1349,704,645
050,13,013,"Georgia","Barrow County",3,33,1281,651,630
050,13,013,"Georgia","Barrow County",3,34,1291,643,648
050,13,013,"Georgia","Barrow County",3,35,1229,611,618
050,13,013,"Georgia","Barrow County",3,36,1287,622,665
050,13,013,"Georgia","Barrow County",3,37,1269,639,630
050,13,013,"Georgia","Barrow County",3,38,1326,687,639
050,13,013,"Georgia","Barrow County",3,39,1292,647,645
050,13,013,"Georgia","Barrow County",3,40,1244,616,628
050,13,013,"Georgia","Barrow County",3,41,1277,654,623
050,13,013,"Georgia","Barrow County",3,42,1189,608,581
050,13,013,"Georgia","Barrow County",3,43,1141,573,568
050,13,013,"Georgia","Barrow County",3,44,1125,557,568
050,13,013,"Georgia","Barrow County",3,45,1111,546,565
050,13,013,"Georgia","Barrow County",3,46,1104,559,545
050,13,013,"Georgia","Barrow County",3,47,1110,552,558
050,13,013,"Georgia","Barrow County",3,48,1107,552,555
050,13,013,"Georgia","Barrow County",3,49,1139,565,574
050,13,013,"Georgia","Barrow County",3,50,1250,618,632
050,13,013,"Georgia","Barrow County",3,51,1168,592,576
050,13,013,"Georgia","Barrow County",3,52,1091,535,556
050,13,013,"Georgia","Barrow County",3,53,1053,508,545
050,13,013,"Georgia","Barrow County",3,54,1051,507,544
050,13,013,"Georgia","Barrow County",3,55,1042,512,530
050,13,013,"Georgia","Barrow County",3,56,1087,524,563
050,13,013,"Georgia","Barrow County",3,57,1123,546,577
050,13,013,"Georgia","Barrow County",3,58,1086,550,536
050,13,013,"Georgia","Barrow County",3,59,1050,512,538
050,13,013,"Georgia","Barrow County",3,60,1026,513,513
050,13,013,"Georgia","Barrow County",3,61,947,462,485
050,13,013,"Georgia","Barrow County",3,62,923,433,490
050,13,013,"Georgia","Barrow County",3,63,916,425,491
050,13,013,"Georgia","Barrow County",3,64,876,414,462
050,13,013,"Georgia","Barrow County",3,65,841,408,433
050,13,013,"Georgia","Barrow County",3,66,822,397,425
050,13,013,"Georgia","Barrow County",3,67,744,347,397
050,13,013,"Georgia","Barrow County",3,68,714,331,383
050,13,013,"Georgia","Barrow County",3,69,700,319,381
050,13,013,"Georgia","Barrow County",3,70,673,313,360
050,13,013,"Georgia","Barrow County",3,71,632,303,329
050,13,013,"Georgia","Barrow County",3,72,629,296,333
050,13,013,"Georgia","Barrow County",3,73,619,289,330
050,13,013,"Georgia","Barrow County",3,74,673,309,364
050,13,013,"Georgia","Barrow County",3,75,458,208,250
050,13,013,"Georgia","Barrow County",3,76,436,181,255
050,13,013,"Georgia","Barrow County",3,77,410,176,234
050,13,013,"Georgia","Barrow County",3,78,382,167,215
050,13,013,"Georgia","Barrow County",3,79,326,142,184
050,13,013,"Georgia","Barrow County",3,80,281,113,168
050,13,013,"Georgia","Barrow County",3,81,238,90,148
050,13,013,"Georgia","Barrow County",3,82,234,90,144
050,13,013,"Georgia","Barrow County",3,83,199,65,134
050,13,013,"Georgia","Barrow County",3,84,157,50,107
050,13,013,"Georgia","Barrow County",3,85,884,313,571
050,13,013,"Georgia","Barrow County",4,0,1135,553,582
050,13,013,"Georgia","Barrow County",4,1,1139,571,568
050,13,013,"Georgia","Barrow County",4,2,1110,574,536
050,13,013,"Georgia","Barrow County",4,3,1107,557,550
050,13,013,"Georgia","Barrow County",4,4,1102,560,542
050,13,013,"Georgia","Barrow County",4,5,1195,631,564
050,13,013,"Georgia","Barrow County",4,6,1217,641,576
050,13,013,"Georgia","Barrow County",4,7,1229,612,617
050,13,013,"Georgia","Barrow County",4,8,1223,607,616
050,13,013,"Georgia","Barrow County",4,9,1244,614,630
050,13,013,"Georgia","Barrow County",4,10,1297,641,656
050,13,013,"Georgia","Barrow County",4,11,1270,637,633
050,13,013,"Georgia","Barrow County",4,12,1293,678,615
050,13,013,"Georgia","Barrow County",4,13,1356,695,661
050,13,013,"Georgia","Barrow County",4,14,1378,728,650
050,13,013,"Georgia","Barrow County",4,15,1414,727,687
050,13,013,"Georgia","Barrow County",4,16,1357,699,658
050,13,013,"Georgia","Barrow County",4,17,1305,668,637
050,13,013,"Georgia","Barrow County",4,18,1170,625,545
050,13,013,"Georgia","Barrow County",4,19,923,479,444
050,13,013,"Georgia","Barrow County",4,20,1003,521,482
050,13,013,"Georgia","Barrow County",4,21,1002,515,487
050,13,013,"Georgia","Barrow County",4,22,1053,545,508
050,13,013,"Georgia","Barrow County",4,23,1123,587,536
050,13,013,"Georgia","Barrow County",4,24,1142,581,561
050,13,013,"Georgia","Barrow County",4,25,1145,575,570
050,13,013,"Georgia","Barrow County",4,26,1251,647,604
050,13,013,"Georgia","Barrow County",4,27,1347,639,708
050,13,013,"Georgia","Barrow County",4,28,1211,591,620
050,13,013,"Georgia","Barrow County",4,29,1364,667,697
050,13,013,"Georgia","Barrow County",4,30,1320,646,674
050,13,013,"Georgia","Barrow County",4,31,1398,695,703
050,13,013,"Georgia","Barrow County",4,32,1360,662,698
050,13,013,"Georgia","Barrow County",4,33,1393,724,669
050,13,013,"Georgia","Barrow County",4,34,1335,690,645
050,13,013,"Georgia","Barrow County",4,35,1319,658,661
050,13,013,"Georgia","Barrow County",4,36,1283,648,635
050,13,013,"Georgia","Barrow County",4,37,1305,610,695
050,13,013,"Georgia","Barrow County",4,38,1309,652,657
050,13,013,"Georgia","Barrow County",4,39,1364,710,654
050,13,013,"Georgia","Barrow County",4,40,1319,665,654
050,13,013,"Georgia","Barrow County",4,41,1290,641,649
050,13,013,"Georgia","Barrow County",4,42,1307,664,643
050,13,013,"Georgia","Barrow County",4,43,1198,606,592
050,13,013,"Georgia","Barrow County",4,44,1162,570,592
050,13,013,"Georgia","Barrow County",4,45,1143,562,581
050,13,013,"Georgia","Barrow County",4,46,1160,577,583
050,13,013,"Georgia","Barrow County",4,47,1138,560,578
050,13,013,"Georgia","Barrow County",4,48,1154,577,577
050,13,013,"Georgia","Barrow County",4,49,1128,571,557
050,13,013,"Georgia","Barrow County",4,50,1143,568,575
050,13,013,"Georgia","Barrow County",4,51,1286,645,641
050,13,013,"Georgia","Barrow County",4,52,1218,604,614
050,13,013,"Georgia","Barrow County",4,53,1110,545,565
050,13,013,"Georgia","Barrow County",4,54,1066,503,563
050,13,013,"Georgia","Barrow County",4,55,1083,527,556
050,13,013,"Georgia","Barrow County",4,56,1075,527,548
050,13,013,"Georgia","Barrow County",4,57,1105,512,593
050,13,013,"Georgia","Barrow County",4,58,1135,548,587
050,13,013,"Georgia","Barrow County",4,59,1086,546,540
050,13,013,"Georgia","Barrow County",4,60,1048,531,517
050,13,013,"Georgia","Barrow County",4,61,1036,519,517
050,13,013,"Georgia","Barrow County",4,62,980,479,501
050,13,013,"Georgia","Barrow County",4,63,946,446,500
050,13,013,"Georgia","Barrow County",4,64,922,418,504
050,13,013,"Georgia","Barrow County",4,65,884,423,461
050,13,013,"Georgia","Barrow County",4,66,852,410,442
050,13,013,"Georgia","Barrow County",4,67,817,389,428
050,13,013,"Georgia","Barrow County",4,68,751,347,404
050,13,013,"Georgia","Barrow County",4,69,695,327,368
050,13,013,"Georgia","Barrow County",4,70,704,313,391
050,13,013,"Georgia","Barrow County",4,71,653,308,345
050,13,013,"Georgia","Barrow County",4,72,606,290,316
050,13,013,"Georgia","Barrow County",4,73,624,293,331
050,13,013,"Georgia","Barrow County",4,74,604,278,326
050,13,013,"Georgia","Barrow County",4,75,660,304,356
050,13,013,"Georgia","Barrow County",4,76,448,201,247
050,13,013,"Georgia","Barrow County",4,77,423,168,255
050,13,013,"Georgia","Barrow County",4,78,391,167,224
050,13,013,"Georgia","Barrow County",4,79,353,162,191
050,13,013,"Georgia","Barrow County",4,80,307,134,173
050,13,013,"Georgia","Barrow County",4,81,245,101,144
050,13,013,"Georgia","Barrow County",4,82,220,83,137
050,13,013,"Georgia","Barrow County",4,83,225,75,150
050,13,013,"Georgia","Barrow County",4,84,180,59,121
050,13,013,"Georgia","Barrow County",4,85,874,310,564
050,13,013,"Georgia","Barrow County",5,0,1162,558,604
050,13,013,"Georgia","Barrow County",5,1,1215,612,603
050,13,013,"Georgia","Barrow County",5,2,1208,617,591
050,13,013,"Georgia","Barrow County",5,3,1156,585,571
050,13,013,"Georgia","Barrow County",5,4,1169,568,601
050,13,013,"Georgia","Barrow County",5,5,1192,614,578
050,13,013,"Georgia","Barrow County",5,6,1251,658,593
050,13,013,"Georgia","Barrow County",5,7,1255,651,604
050,13,013,"Georgia","Barrow County",5,8,1276,636,640
050,13,013,"Georgia","Barrow County",5,9,1248,626,622
050,13,013,"Georgia","Barrow County",5,10,1282,627,655
050,13,013,"Georgia","Barrow County",5,11,1340,658,682
050,13,013,"Georgia","Barrow County",5,12,1302,660,642
050,13,013,"Georgia","Barrow County",5,13,1328,681,647
050,13,013,"Georgia","Barrow County",5,14,1406,722,684
050,13,013,"Georgia","Barrow County",5,15,1421,754,667
050,13,013,"Georgia","Barrow County",5,16,1443,751,692
050,13,013,"Georgia","Barrow County",5,17,1373,707,666
050,13,013,"Georgia","Barrow County",5,18,1136,592,544
050,13,013,"Georgia","Barrow County",5,19,997,528,469
050,13,013,"Georgia","Barrow County",5,20,1025,516,509
050,13,013,"Georgia","Barrow County",5,21,1110,572,538
050,13,013,"Georgia","Barrow County",5,22,1102,551,551
050,13,013,"Georgia","Barrow County",5,23,1171,606,565
050,13,013,"Georgia","Barrow County",5,24,1158,612,546
050,13,013,"Georgia","Barrow County",5,25,1213,626,587
050,13,013,"Georgia","Barrow County",5,26,1221,620,601
050,13,013,"Georgia","Barrow County",5,27,1300,676,624
050,13,013,"Georgia","Barrow County",5,28,1405,669,736
050,13,013,"Georgia","Barrow County",5,29,1271,621,650
050,13,013,"Georgia","Barrow County",5,30,1420,701,719
050,13,013,"Georgia","Barrow County",5,31,1371,662,709
050,13,013,"Georgia","Barrow County",5,32,1443,720,723
050,13,013,"Georgia","Barrow County",5,33,1469,718,751
050,13,013,"Georgia","Barrow County",5,34,1452,762,690
050,13,013,"Georgia","Barrow County",5,35,1393,703,690
050,13,013,"Georgia","Barrow County",5,36,1413,722,691
050,13,013,"Georgia","Barrow County",5,37,1332,677,655
050,13,013,"Georgia","Barrow County",5,38,1362,635,727
050,13,013,"Georgia","Barrow County",5,39,1363,672,691
050,13,013,"Georgia","Barrow County",5,40,1433,727,706
050,13,013,"Georgia","Barrow County",5,41,1382,692,690
050,13,013,"Georgia","Barrow County",5,42,1366,693,673
050,13,013,"Georgia","Barrow County",5,43,1321,678,643
050,13,013,"Georgia","Barrow County",5,44,1256,628,628
050,13,013,"Georgia","Barrow County",5,45,1226,588,638
050,13,013,"Georgia","Barrow County",5,46,1186,577,609
050,13,013,"Georgia","Barrow County",5,47,1184,579,605
050,13,013,"Georgia","Barrow County",5,48,1174,568,606
050,13,013,"Georgia","Barrow County",5,49,1205,594,611
050,13,013,"Georgia","Barrow County",5,50,1141,567,574
050,13,013,"Georgia","Barrow County",5,51,1180,592,588
050,13,013,"Georgia","Barrow County",5,52,1316,667,649
050,13,013,"Georgia","Barrow County",5,53,1266,623,643
050,13,013,"Georgia","Barrow County",5,54,1149,566,583
050,13,013,"Georgia","Barrow County",5,55,1079,517,562
050,13,013,"Georgia","Barrow County",5,56,1109,537,572
050,13,013,"Georgia","Barrow County",5,57,1093,536,557
050,13,013,"Georgia","Barrow County",5,58,1135,512,623
050,13,013,"Georgia","Barrow County",5,59,1157,548,609
050,13,013,"Georgia","Barrow County",5,60,1098,548,550
050,13,013,"Georgia","Barrow County",5,61,1075,540,535
050,13,013,"Georgia","Barrow County",5,62,1041,515,526
050,13,013,"Georgia","Barrow County",5,63,990,478,512
050,13,013,"Georgia","Barrow County",5,64,958,441,517
050,13,013,"Georgia","Barrow County",5,65,940,425,515
050,13,013,"Georgia","Barrow County",5,66,897,433,464
050,13,013,"Georgia","Barrow County",5,67,841,395,446
050,13,013,"Georgia","Barrow County",5,68,808,382,426
050,13,013,"Georgia","Barrow County",5,69,754,349,405
050,13,013,"Georgia","Barrow County",5,70,703,334,369
050,13,013,"Georgia","Barrow County",5,71,697,307,390
050,13,013,"Georgia","Barrow County",5,72,636,298,338
050,13,013,"Georgia","Barrow County",5,73,598,284,314
050,13,013,"Georgia","Barrow County",5,74,603,279,324
050,13,013,"Georgia","Barrow County",5,75,581,269,312
050,13,013,"Georgia","Barrow County",5,76,658,309,349
050,13,013,"Georgia","Barrow County",5,77,425,189,236
050,13,013,"Georgia","Barrow County",5,78,410,162,248
050,13,013,"Georgia","Barrow County",5,79,364,157,207
050,13,013,"Georgia","Barrow County",5,80,349,156,193
050,13,013,"Georgia","Barrow County",5,81,280,123,157
050,13,013,"Georgia","Barrow County",5,82,230,98,132
050,13,013,"Georgia","Barrow County",5,83,213,66,147
050,13,013,"Georgia","Barrow County",5,84,203,67,136
050,13,013,"Georgia","Barrow County",5,85,928,328,600
050,13,015,"Georgia","Bartow County",1,0,1206,621,585
050,13,015,"Georgia","Bartow County",1,1,1260,676,584
050,13,015,"Georgia","Bartow County",1,2,1291,681,610
050,13,015,"Georgia","Bartow County",1,3,1420,727,693
050,13,015,"Georgia","Bartow County",1,4,1447,771,676
050,13,015,"Georgia","Bartow County",1,5,1467,723,744
050,13,015,"Georgia","Bartow County",1,6,1397,685,712
050,13,015,"Georgia","Bartow County",1,7,1331,677,654
050,13,015,"Georgia","Bartow County",1,8,1374,698,676
050,13,015,"Georgia","Bartow County",1,9,1416,722,694
050,13,015,"Georgia","Bartow County",1,10,1505,762,743
050,13,015,"Georgia","Bartow County",1,11,1504,755,749
050,13,015,"Georgia","Bartow County",1,12,1584,807,777
050,13,015,"Georgia","Bartow County",1,13,1578,827,751
050,13,015,"Georgia","Bartow County",1,14,1579,809,770
050,13,015,"Georgia","Bartow County",1,15,1547,770,777
050,13,015,"Georgia","Bartow County",1,16,1599,828,771
050,13,015,"Georgia","Bartow County",1,17,1583,824,759
050,13,015,"Georgia","Bartow County",1,18,1332,708,624
050,13,015,"Georgia","Bartow County",1,19,1126,596,530
050,13,015,"Georgia","Bartow County",1,20,1186,622,564
050,13,015,"Georgia","Bartow County",1,21,1258,627,631
050,13,015,"Georgia","Bartow County",1,22,1277,602,675
050,13,015,"Georgia","Bartow County",1,23,1370,654,716
050,13,015,"Georgia","Bartow County",1,24,1413,679,734
050,13,015,"Georgia","Bartow County",1,25,1445,722,723
050,13,015,"Georgia","Bartow County",1,26,1494,760,734
050,13,015,"Georgia","Bartow County",1,27,1469,726,743
050,13,015,"Georgia","Bartow County",1,28,1578,808,770
050,13,015,"Georgia","Bartow County",1,29,1576,769,807
050,13,015,"Georgia","Bartow County",1,30,1511,743,768
050,13,015,"Georgia","Bartow County",1,31,1541,761,780
050,13,015,"Georgia","Bartow County",1,32,1456,721,735
050,13,015,"Georgia","Bartow County",1,33,1437,717,720
050,13,015,"Georgia","Bartow County",1,34,1418,681,737
050,13,015,"Georgia","Bartow County",1,35,1444,743,701
050,13,015,"Georgia","Bartow County",1,36,1363,706,657
050,13,015,"Georgia","Bartow County",1,37,1352,663,689
050,13,015,"Georgia","Bartow County",1,38,1377,670,707
050,13,015,"Georgia","Bartow County",1,39,1436,691,745
050,13,015,"Georgia","Bartow County",1,40,1390,677,713
050,13,015,"Georgia","Bartow County",1,41,1352,664,688
050,13,015,"Georgia","Bartow County",1,42,1331,656,675
050,13,015,"Georgia","Bartow County",1,43,1341,665,676
050,13,015,"Georgia","Bartow County",1,44,1352,686,666
050,13,015,"Georgia","Bartow County",1,45,1435,735,700
050,13,015,"Georgia","Bartow County",1,46,1373,693,680
050,13,015,"Georgia","Bartow County",1,47,1427,716,711
050,13,015,"Georgia","Bartow County",1,48,1561,780,781
050,13,015,"Georgia","Bartow County",1,49,1668,821,847
050,13,015,"Georgia","Bartow County",1,50,1538,788,750
050,13,015,"Georgia","Bartow County",1,51,1538,790,748
050,13,015,"Georgia","Bartow County",1,52,1503,747,756
050,13,015,"Georgia","Bartow County",1,53,1558,754,804
050,13,015,"Georgia","Bartow County",1,54,1597,808,789
050,13,015,"Georgia","Bartow County",1,55,1558,798,760
050,13,015,"Georgia","Bartow County",1,56,1530,762,768
050,13,015,"Georgia","Bartow County",1,57,1525,736,789
050,13,015,"Georgia","Bartow County",1,58,1542,759,783
050,13,015,"Georgia","Bartow County",1,59,1495,777,718
050,13,015,"Georgia","Bartow County",1,60,1431,712,719
050,13,015,"Georgia","Bartow County",1,61,1421,713,708
050,13,015,"Georgia","Bartow County",1,62,1385,699,686
050,13,015,"Georgia","Bartow County",1,63,1351,668,683
050,13,015,"Georgia","Bartow County",1,64,1292,637,655
050,13,015,"Georgia","Bartow County",1,65,1196,590,606
050,13,015,"Georgia","Bartow County",1,66,1105,541,564
050,13,015,"Georgia","Bartow County",1,67,1060,512,548
050,13,015,"Georgia","Bartow County",1,68,1013,495,518
050,13,015,"Georgia","Bartow County",1,69,932,417,515
050,13,015,"Georgia","Bartow County",1,70,921,422,499
050,13,015,"Georgia","Bartow County",1,71,923,424,499
050,13,015,"Georgia","Bartow County",1,72,970,452,518
050,13,015,"Georgia","Bartow County",1,73,964,460,504
050,13,015,"Georgia","Bartow County",1,74,698,331,367
050,13,015,"Georgia","Bartow County",1,75,680,310,370
050,13,015,"Georgia","Bartow County",1,76,580,258,322
050,13,015,"Georgia","Bartow County",1,77,598,276,322
050,13,015,"Georgia","Bartow County",1,78,502,225,277
050,13,015,"Georgia","Bartow County",1,79,421,185,236
050,13,015,"Georgia","Bartow County",1,80,409,164,245
050,13,015,"Georgia","Bartow County",1,81,347,157,190
050,13,015,"Georgia","Bartow County",1,82,309,136,173
050,13,015,"Georgia","Bartow County",1,83,267,115,152
050,13,015,"Georgia","Bartow County",1,84,254,105,149
050,13,015,"Georgia","Bartow County",1,85,1307,467,840
050,13,015,"Georgia","Bartow County",2,0,1229,648,581
050,13,015,"Georgia","Bartow County",2,1,1256,666,590
050,13,015,"Georgia","Bartow County",2,2,1295,684,611
050,13,015,"Georgia","Bartow County",2,3,1389,718,671
050,13,015,"Georgia","Bartow County",2,4,1451,765,686
050,13,015,"Georgia","Bartow County",2,5,1469,735,734
050,13,015,"Georgia","Bartow County",2,6,1420,697,723
050,13,015,"Georgia","Bartow County",2,7,1350,679,671
050,13,015,"Georgia","Bartow County",2,8,1370,697,673
050,13,015,"Georgia","Bartow County",2,9,1411,717,694
050,13,015,"Georgia","Bartow County",2,10,1484,751,733
050,13,015,"Georgia","Bartow County",2,11,1507,757,750
050,13,015,"Georgia","Bartow County",2,12,1573,801,772
050,13,015,"Georgia","Bartow County",2,13,1581,823,758
050,13,015,"Georgia","Bartow County",2,14,1578,813,765
050,13,015,"Georgia","Bartow County",2,15,1557,780,777
050,13,015,"Georgia","Bartow County",2,16,1588,814,774
050,13,015,"Georgia","Bartow County",2,17,1584,823,761
050,13,015,"Georgia","Bartow County",2,18,1336,709,627
050,13,015,"Georgia","Bartow County",2,19,1133,600,533
050,13,015,"Georgia","Bartow County",2,20,1210,631,579
050,13,015,"Georgia","Bartow County",2,21,1260,633,627
050,13,015,"Georgia","Bartow County",2,22,1305,623,682
050,13,015,"Georgia","Bartow County",2,23,1376,655,721
050,13,015,"Georgia","Bartow County",2,24,1419,681,738
050,13,015,"Georgia","Bartow County",2,25,1460,722,738
050,13,015,"Georgia","Bartow County",2,26,1498,759,739
050,13,015,"Georgia","Bartow County",2,27,1490,745,745
050,13,015,"Georgia","Bartow County",2,28,1563,795,768
050,13,015,"Georgia","Bartow County",2,29,1578,779,799
050,13,015,"Georgia","Bartow County",2,30,1544,757,787
050,13,015,"Georgia","Bartow County",2,31,1537,760,777
050,13,015,"Georgia","Bartow County",2,32,1486,736,750
050,13,015,"Georgia","Bartow County",2,33,1447,720,727
050,13,015,"Georgia","Bartow County",2,34,1423,690,733
050,13,015,"Georgia","Bartow County",2,35,1452,739,713
050,13,015,"Georgia","Bartow County",2,36,1372,709,663
050,13,015,"Georgia","Bartow County",2,37,1358,674,684
050,13,015,"Georgia","Bartow County",2,38,1385,674,711
050,13,015,"Georgia","Bartow County",2,39,1423,687,736
050,13,015,"Georgia","Bartow County",2,40,1422,688,734
050,13,015,"Georgia","Bartow County",2,41,1361,663,698
050,13,015,"Georgia","Bartow County",2,42,1334,659,675
050,13,015,"Georgia","Bartow County",2,43,1355,672,683
050,13,015,"Georgia","Bartow County",2,44,1341,676,665
050,13,015,"Georgia","Bartow County",2,45,1427,732,695
050,13,015,"Georgia","Bartow County",2,46,1383,698,685
050,13,015,"Georgia","Bartow County",2,47,1412,705,707
050,13,015,"Georgia","Bartow County",2,48,1524,761,763
050,13,015,"Georgia","Bartow County",2,49,1648,814,834
050,13,015,"Georgia","Bartow County",2,50,1579,800,779
050,13,015,"Georgia","Bartow County",2,51,1536,787,749
050,13,015,"Georgia","Bartow County",2,52,1510,758,752
050,13,015,"Georgia","Bartow County",2,53,1546,753,793
050,13,015,"Georgia","Bartow County",2,54,1578,790,788
050,13,015,"Georgia","Bartow County",2,55,1569,797,772
050,13,015,"Georgia","Bartow County",2,56,1543,773,770
050,13,015,"Georgia","Bartow County",2,57,1525,738,787
050,13,015,"Georgia","Bartow County",2,58,1542,756,786
050,13,015,"Georgia","Bartow County",2,59,1518,779,739
050,13,015,"Georgia","Bartow County",2,60,1447,727,720
050,13,015,"Georgia","Bartow County",2,61,1429,715,714
050,13,015,"Georgia","Bartow County",2,62,1390,702,688
050,13,015,"Georgia","Bartow County",2,63,1362,677,685
050,13,015,"Georgia","Bartow County",2,64,1297,642,655
050,13,015,"Georgia","Bartow County",2,65,1218,598,620
050,13,015,"Georgia","Bartow County",2,66,1117,548,569
050,13,015,"Georgia","Bartow County",2,67,1068,519,549
050,13,015,"Georgia","Bartow County",2,68,1013,494,519
050,13,015,"Georgia","Bartow County",2,69,955,435,520
050,13,015,"Georgia","Bartow County",2,70,918,418,500
050,13,015,"Georgia","Bartow County",2,71,923,424,499
050,13,015,"Georgia","Bartow County",2,72,945,438,507
050,13,015,"Georgia","Bartow County",2,73,1003,477,526
050,13,015,"Georgia","Bartow County",2,74,705,334,371
050,13,015,"Georgia","Bartow County",2,75,683,312,371
050,13,015,"Georgia","Bartow County",2,76,594,269,325
050,13,015,"Georgia","Bartow County",2,77,596,271,325
050,13,015,"Georgia","Bartow County",2,78,511,229,282
050,13,015,"Georgia","Bartow County",2,79,436,194,242
050,13,015,"Georgia","Bartow County",2,80,408,167,241
050,13,015,"Georgia","Bartow County",2,81,355,157,198
050,13,015,"Georgia","Bartow County",2,82,309,133,176
050,13,015,"Georgia","Bartow County",2,83,278,121,157
050,13,015,"Georgia","Bartow County",2,84,248,103,145
050,13,015,"Georgia","Bartow County",2,85,1306,466,840
050,13,015,"Georgia","Bartow County",3,0,1301,655,646
050,13,015,"Georgia","Bartow County",3,1,1256,648,608
050,13,015,"Georgia","Bartow County",3,2,1336,689,647
050,13,015,"Georgia","Bartow County",3,3,1316,679,637
050,13,015,"Georgia","Bartow County",3,4,1436,744,692
050,13,015,"Georgia","Bartow County",3,5,1465,753,712
050,13,015,"Georgia","Bartow County",3,6,1487,746,741
050,13,015,"Georgia","Bartow County",3,7,1440,716,724
050,13,015,"Georgia","Bartow County",3,8,1378,696,682
050,13,015,"Georgia","Bartow County",3,9,1401,708,693
050,13,015,"Georgia","Bartow County",3,10,1431,724,707
050,13,015,"Georgia","Bartow County",3,11,1497,748,749
050,13,015,"Georgia","Bartow County",3,12,1506,768,738
050,13,015,"Georgia","Bartow County",3,13,1577,817,760
050,13,015,"Georgia","Bartow County",3,14,1583,829,754
050,13,015,"Georgia","Bartow County",3,15,1581,805,776
050,13,015,"Georgia","Bartow County",3,16,1563,763,800
050,13,015,"Georgia","Bartow County",3,17,1613,830,783
050,13,015,"Georgia","Bartow County",3,18,1400,731,669
050,13,015,"Georgia","Bartow County",3,19,1132,603,529
050,13,015,"Georgia","Bartow County",3,20,1226,627,599
050,13,015,"Georgia","Bartow County",3,21,1292,664,628
050,13,015,"Georgia","Bartow County",3,22,1380,693,687
050,13,015,"Georgia","Bartow County",3,23,1376,677,699
050,13,015,"Georgia","Bartow County",3,24,1417,668,749
050,13,015,"Georgia","Bartow County",3,25,1478,707,771
050,13,015,"Georgia","Bartow County",3,26,1525,758,767
050,13,015,"Georgia","Bartow County",3,27,1534,762,772
050,13,015,"Georgia","Bartow County",3,28,1545,769,776
050,13,015,"Georgia","Bartow County",3,29,1603,817,786
050,13,015,"Georgia","Bartow County",3,30,1643,821,822
050,13,015,"Georgia","Bartow County",3,31,1586,790,796
050,13,015,"Georgia","Bartow County",3,32,1561,760,801
050,13,015,"Georgia","Bartow County",3,33,1537,761,776
050,13,015,"Georgia","Bartow County",3,34,1477,718,759
050,13,015,"Georgia","Bartow County",3,35,1430,688,742
050,13,015,"Georgia","Bartow County",3,36,1478,747,731
050,13,015,"Georgia","Bartow County",3,37,1386,723,663
050,13,015,"Georgia","Bartow County",3,38,1408,692,716
050,13,015,"Georgia","Bartow County",3,39,1377,663,714
050,13,015,"Georgia","Bartow County",3,40,1446,714,732
050,13,015,"Georgia","Bartow County",3,41,1408,683,725
050,13,015,"Georgia","Bartow County",3,42,1367,667,700
050,13,015,"Georgia","Bartow County",3,43,1362,661,701
050,13,015,"Georgia","Bartow County",3,44,1375,674,701
050,13,015,"Georgia","Bartow County",3,45,1325,692,633
050,13,015,"Georgia","Bartow County",3,46,1413,713,700
050,13,015,"Georgia","Bartow County",3,47,1381,698,683
050,13,015,"Georgia","Bartow County",3,48,1443,714,729
050,13,015,"Georgia","Bartow County",3,49,1531,776,755
050,13,015,"Georgia","Bartow County",3,50,1676,831,845
050,13,015,"Georgia","Bartow County",3,51,1613,805,808
050,13,015,"Georgia","Bartow County",3,52,1532,795,737
050,13,015,"Georgia","Bartow County",3,53,1519,779,740
050,13,015,"Georgia","Bartow County",3,54,1562,755,807
050,13,015,"Georgia","Bartow County",3,55,1573,781,792
050,13,015,"Georgia","Bartow County",3,56,1586,814,772
050,13,015,"Georgia","Bartow County",3,57,1556,769,787
050,13,015,"Georgia","Bartow County",3,58,1509,725,784
050,13,015,"Georgia","Bartow County",3,59,1563,768,795
050,13,015,"Georgia","Bartow County",3,60,1528,785,743
050,13,015,"Georgia","Bartow County",3,61,1458,737,721
050,13,015,"Georgia","Bartow County",3,62,1385,697,688
050,13,015,"Georgia","Bartow County",3,63,1359,685,674
050,13,015,"Georgia","Bartow County",3,64,1355,672,683
050,13,015,"Georgia","Bartow County",3,65,1262,621,641
050,13,015,"Georgia","Bartow County",3,66,1209,590,619
050,13,015,"Georgia","Bartow County",3,67,1096,537,559
050,13,015,"Georgia","Bartow County",3,68,1042,503,539
050,13,015,"Georgia","Bartow County",3,69,978,467,511
050,13,015,"Georgia","Bartow County",3,70,928,417,511
050,13,015,"Georgia","Bartow County",3,71,897,401,496
050,13,015,"Georgia","Bartow County",3,72,886,402,484
050,13,015,"Georgia","Bartow County",3,73,917,417,500
050,13,015,"Georgia","Bartow County",3,74,966,453,513
050,13,015,"Georgia","Bartow County",3,75,693,324,369
050,13,015,"Georgia","Bartow County",3,76,637,292,345
050,13,015,"Georgia","Bartow County",3,77,571,248,323
050,13,015,"Georgia","Bartow County",3,78,562,244,318
050,13,015,"Georgia","Bartow County",3,79,483,216,267
050,13,015,"Georgia","Bartow County",3,80,423,185,238
050,13,015,"Georgia","Bartow County",3,81,384,165,219
050,13,015,"Georgia","Bartow County",3,82,326,137,189
050,13,015,"Georgia","Bartow County",3,83,298,121,177
050,13,015,"Georgia","Bartow County",3,84,244,103,141
050,13,015,"Georgia","Bartow County",3,85,1351,488,863
050,13,015,"Georgia","Bartow County",4,0,1350,705,645
050,13,015,"Georgia","Bartow County",4,1,1347,662,685
050,13,015,"Georgia","Bartow County",4,2,1325,692,633
050,13,015,"Georgia","Bartow County",4,3,1353,698,655
050,13,015,"Georgia","Bartow County",4,4,1379,731,648
050,13,015,"Georgia","Bartow County",4,5,1479,769,710
050,13,015,"Georgia","Bartow County",4,6,1458,743,715
050,13,015,"Georgia","Bartow County",4,7,1510,771,739
050,13,015,"Georgia","Bartow County",4,8,1456,727,729
050,13,015,"Georgia","Bartow County",4,9,1416,722,694
050,13,015,"Georgia","Bartow County",4,10,1431,720,711
050,13,015,"Georgia","Bartow County",4,11,1422,710,712
050,13,015,"Georgia","Bartow County",4,12,1493,747,746
050,13,015,"Georgia","Bartow County",4,13,1521,768,753
050,13,015,"Georgia","Bartow County",4,14,1580,799,781
050,13,015,"Georgia","Bartow County",4,15,1620,866,754
050,13,015,"Georgia","Bartow County",4,16,1597,820,777
050,13,015,"Georgia","Bartow County",4,17,1586,771,815
050,13,015,"Georgia","Bartow County",4,18,1381,728,653
050,13,015,"Georgia","Bartow County",4,19,1214,646,568
050,13,015,"Georgia","Bartow County",4,20,1230,642,588
050,13,015,"Georgia","Bartow County",4,21,1292,653,639
050,13,015,"Georgia","Bartow County",4,22,1428,713,715
050,13,015,"Georgia","Bartow County",4,23,1513,771,742
050,13,015,"Georgia","Bartow County",4,24,1403,710,693
050,13,015,"Georgia","Bartow County",4,25,1471,708,763
050,13,015,"Georgia","Bartow County",4,26,1529,747,782
050,13,015,"Georgia","Bartow County",4,27,1559,767,792
050,13,015,"Georgia","Bartow County",4,28,1533,762,771
050,13,015,"Georgia","Bartow County",4,29,1607,796,811
050,13,015,"Georgia","Bartow County",4,30,1641,829,812
050,13,015,"Georgia","Bartow County",4,31,1661,826,835
050,13,015,"Georgia","Bartow County",4,32,1664,823,841
050,13,015,"Georgia","Bartow County",4,33,1626,813,813
050,13,015,"Georgia","Bartow County",4,34,1561,773,788
050,13,015,"Georgia","Bartow County",4,35,1560,767,793
050,13,015,"Georgia","Bartow County",4,36,1438,693,745
050,13,015,"Georgia","Bartow County",4,37,1497,751,746
050,13,015,"Georgia","Bartow County",4,38,1412,733,679
050,13,015,"Georgia","Bartow County",4,39,1415,712,703
050,13,015,"Georgia","Bartow County",4,40,1436,685,751
050,13,015,"Georgia","Bartow County",4,41,1460,722,738
050,13,015,"Georgia","Bartow County",4,42,1439,716,723
050,13,015,"Georgia","Bartow County",4,43,1385,656,729
050,13,015,"Georgia","Bartow County",4,44,1383,659,724
050,13,015,"Georgia","Bartow County",4,45,1394,683,711
050,13,015,"Georgia","Bartow County",4,46,1338,690,648
050,13,015,"Georgia","Bartow County",4,47,1437,729,708
050,13,015,"Georgia","Bartow County",4,48,1374,684,690
050,13,015,"Georgia","Bartow County",4,49,1462,736,726
050,13,015,"Georgia","Bartow County",4,50,1543,777,766
050,13,015,"Georgia","Bartow County",4,51,1670,824,846
050,13,015,"Georgia","Bartow County",4,52,1616,811,805
050,13,015,"Georgia","Bartow County",4,53,1549,794,755
050,13,015,"Georgia","Bartow County",4,54,1517,785,732
050,13,015,"Georgia","Bartow County",4,55,1551,753,798
050,13,015,"Georgia","Bartow County",4,56,1601,795,806
050,13,015,"Georgia","Bartow County",4,57,1580,816,764
050,13,015,"Georgia","Bartow County",4,58,1546,774,772
050,13,015,"Georgia","Bartow County",4,59,1499,698,801
050,13,015,"Georgia","Bartow County",4,60,1566,764,802
050,13,015,"Georgia","Bartow County",4,61,1507,772,735
050,13,015,"Georgia","Bartow County",4,62,1442,729,713
050,13,015,"Georgia","Bartow County",4,63,1388,685,703
050,13,015,"Georgia","Bartow County",4,64,1329,667,662
050,13,015,"Georgia","Bartow County",4,65,1352,672,680
050,13,015,"Georgia","Bartow County",4,66,1248,602,646
050,13,015,"Georgia","Bartow County",4,67,1215,599,616
050,13,015,"Georgia","Bartow County",4,68,1079,522,557
050,13,015,"Georgia","Bartow County",4,69,1021,488,533
050,13,015,"Georgia","Bartow County",4,70,966,454,512
050,13,015,"Georgia","Bartow County",4,71,915,408,507
050,13,015,"Georgia","Bartow County",4,72,860,380,480
050,13,015,"Georgia","Bartow County",4,73,860,383,477
050,13,015,"Georgia","Bartow County",4,74,894,415,479
050,13,015,"Georgia","Bartow County",4,75,940,431,509
050,13,015,"Georgia","Bartow County",4,76,654,309,345
050,13,015,"Georgia","Bartow County",4,77,613,274,339
050,13,015,"Georgia","Bartow County",4,78,548,233,315
050,13,015,"Georgia","Bartow County",4,79,511,227,284
050,13,015,"Georgia","Bartow County",4,80,454,201,253
050,13,015,"Georgia","Bartow County",4,81,395,178,217
050,13,015,"Georgia","Bartow County",4,82,352,142,210
050,13,015,"Georgia","Bartow County",4,83,306,121,185
050,13,015,"Georgia","Bartow County",4,84,269,108,161
050,13,015,"Georgia","Bartow County",4,85,1393,516,877
050,13,015,"Georgia","Bartow County",5,0,1312,683,629
050,13,015,"Georgia","Bartow County",5,1,1392,757,635
050,13,015,"Georgia","Bartow County",5,2,1381,686,695
050,13,015,"Georgia","Bartow County",5,3,1369,695,674
050,13,015,"Georgia","Bartow County",5,4,1381,723,658
050,13,015,"Georgia","Bartow County",5,5,1398,725,673
050,13,015,"Georgia","Bartow County",5,6,1460,744,716
050,13,015,"Georgia","Bartow County",5,7,1507,771,736
050,13,015,"Georgia","Bartow County",5,8,1518,776,742
050,13,015,"Georgia","Bartow County",5,9,1476,743,733
050,13,015,"Georgia","Bartow County",5,10,1433,729,704
050,13,015,"Georgia","Bartow County",5,11,1457,752,705
050,13,015,"Georgia","Bartow County",5,12,1444,716,728
050,13,015,"Georgia","Bartow County",5,13,1514,761,753
050,13,015,"Georgia","Bartow County",5,14,1559,789,770
050,13,015,"Georgia","Bartow County",5,15,1614,813,801
050,13,015,"Georgia","Bartow County",5,16,1626,862,764
050,13,015,"Georgia","Bartow County",5,17,1612,832,780
050,13,015,"Georgia","Bartow County",5,18,1358,679,679
050,13,015,"Georgia","Bartow County",5,19,1233,651,582
050,13,015,"Georgia","Bartow County",5,20,1321,678,643
050,13,015,"Georgia","Bartow County",5,21,1326,693,633
050,13,015,"Georgia","Bartow County",5,22,1424,709,715
050,13,015,"Georgia","Bartow County",5,23,1548,782,766
050,13,015,"Georgia","Bartow County",5,24,1580,799,781
050,13,015,"Georgia","Bartow County",5,25,1536,778,758
050,13,015,"Georgia","Bartow County",5,26,1509,723,786
050,13,015,"Georgia","Bartow County",5,27,1569,744,825
050,13,015,"Georgia","Bartow County",5,28,1610,791,819
050,13,015,"Georgia","Bartow County",5,29,1611,784,827
050,13,015,"Georgia","Bartow County",5,30,1675,824,851
050,13,015,"Georgia","Bartow County",5,31,1646,822,824
050,13,015,"Georgia","Bartow County",5,32,1708,868,840
050,13,015,"Georgia","Bartow County",5,33,1727,872,855
050,13,015,"Georgia","Bartow County",5,34,1695,850,845
050,13,015,"Georgia","Bartow County",5,35,1560,784,776
050,13,015,"Georgia","Bartow County",5,36,1612,796,816
050,13,015,"Georgia","Bartow County",5,37,1492,719,773
050,13,015,"Georgia","Bartow County",5,38,1536,771,765
050,13,015,"Georgia","Bartow County",5,39,1413,730,683
050,13,015,"Georgia","Bartow County",5,40,1433,730,703
050,13,015,"Georgia","Bartow County",5,41,1430,660,770
050,13,015,"Georgia","Bartow County",5,42,1485,739,746
050,13,015,"Georgia","Bartow County",5,43,1488,740,748
050,13,015,"Georgia","Bartow County",5,44,1419,673,746
050,13,015,"Georgia","Bartow County",5,45,1396,657,739
050,13,015,"Georgia","Bartow County",5,46,1420,683,737
050,13,015,"Georgia","Bartow County",5,47,1353,696,657
050,13,015,"Georgia","Bartow County",5,48,1426,720,706
050,13,015,"Georgia","Bartow County",5,49,1396,692,704
050,13,015,"Georgia","Bartow County",5,50,1495,738,757
050,13,015,"Georgia","Bartow County",5,51,1547,769,778
050,13,015,"Georgia","Bartow County",5,52,1694,828,866
050,13,015,"Georgia","Bartow County",5,53,1621,826,795
050,13,015,"Georgia","Bartow County",5,54,1571,803,768
050,13,015,"Georgia","Bartow County",5,55,1522,784,738
050,13,015,"Georgia","Bartow County",5,56,1558,764,794
050,13,015,"Georgia","Bartow County",5,57,1595,795,800
050,13,015,"Georgia","Bartow County",5,58,1567,813,754
050,13,015,"Georgia","Bartow County",5,59,1562,785,777
050,13,015,"Georgia","Bartow County",5,60,1532,708,824
050,13,015,"Georgia","Bartow County",5,61,1566,767,799
050,13,015,"Georgia","Bartow County",5,62,1499,755,744
050,13,015,"Georgia","Bartow County",5,63,1440,730,710
050,13,015,"Georgia","Bartow County",5,64,1359,665,694
050,13,015,"Georgia","Bartow County",5,65,1320,664,656
050,13,015,"Georgia","Bartow County",5,66,1324,658,666
050,13,015,"Georgia","Bartow County",5,67,1239,597,642
050,13,015,"Georgia","Bartow County",5,68,1176,573,603
050,13,015,"Georgia","Bartow County",5,69,1066,507,559
050,13,015,"Georgia","Bartow County",5,70,999,478,521
050,13,015,"Georgia","Bartow County",5,71,940,441,499
050,13,015,"Georgia","Bartow County",5,72,889,389,500
050,13,015,"Georgia","Bartow County",5,73,829,361,468
050,13,015,"Georgia","Bartow County",5,74,844,365,479
050,13,015,"Georgia","Bartow County",5,75,876,403,473
050,13,015,"Georgia","Bartow County",5,76,902,410,492
050,13,015,"Georgia","Bartow County",5,77,640,292,348
050,13,015,"Georgia","Bartow County",5,78,589,255,334
050,13,015,"Georgia","Bartow County",5,79,509,213,296
050,13,015,"Georgia","Bartow County",5,80,486,212,274
050,13,015,"Georgia","Bartow County",5,81,424,193,231
050,13,015,"Georgia","Bartow County",5,82,364,159,205
050,13,015,"Georgia","Bartow County",5,83,345,137,208
050,13,015,"Georgia","Bartow County",5,84,276,107,169
050,13,015,"Georgia","Bartow County",5,85,1488,555,933
050,13,017,"Georgia","Ben Hill County",1,0,216,109,107
050,13,017,"Georgia","Ben Hill County",1,1,215,112,103
050,13,017,"Georgia","Ben Hill County",1,2,198,96,102
050,13,017,"Georgia","Ben Hill County",1,3,219,99,120
050,13,017,"Georgia","Ben Hill County",1,4,230,114,116
050,13,017,"Georgia","Ben Hill County",1,5,225,110,115
050,13,017,"Georgia","Ben Hill County",1,6,213,105,108
050,13,017,"Georgia","Ben Hill County",1,7,218,111,107
050,13,017,"Georgia","Ben Hill County",1,8,242,127,115
050,13,017,"Georgia","Ben Hill County",1,9,230,112,118
050,13,017,"Georgia","Ben Hill County",1,10,248,124,124
050,13,017,"Georgia","Ben Hill County",1,11,272,153,119
050,13,017,"Georgia","Ben Hill County",1,12,277,145,132
050,13,017,"Georgia","Ben Hill County",1,13,277,141,136
050,13,017,"Georgia","Ben Hill County",1,14,266,128,138
050,13,017,"Georgia","Ben Hill County",1,15,239,109,130
050,13,017,"Georgia","Ben Hill County",1,16,228,103,125
050,13,017,"Georgia","Ben Hill County",1,17,236,119,117
050,13,017,"Georgia","Ben Hill County",1,18,215,110,105
050,13,017,"Georgia","Ben Hill County",1,19,184,104,80
050,13,017,"Georgia","Ben Hill County",1,20,196,110,86
050,13,017,"Georgia","Ben Hill County",1,21,193,101,92
050,13,017,"Georgia","Ben Hill County",1,22,189,91,98
050,13,017,"Georgia","Ben Hill County",1,23,183,86,97
050,13,017,"Georgia","Ben Hill County",1,24,197,90,107
050,13,017,"Georgia","Ben Hill County",1,25,200,92,108
050,13,017,"Georgia","Ben Hill County",1,26,187,89,98
050,13,017,"Georgia","Ben Hill County",1,27,176,86,90
050,13,017,"Georgia","Ben Hill County",1,28,203,106,97
050,13,017,"Georgia","Ben Hill County",1,29,208,100,108
050,13,017,"Georgia","Ben Hill County",1,30,216,106,110
050,13,017,"Georgia","Ben Hill County",1,31,234,119,115
050,13,017,"Georgia","Ben Hill County",1,32,219,114,105
050,13,017,"Georgia","Ben Hill County",1,33,192,79,113
050,13,017,"Georgia","Ben Hill County",1,34,195,91,104
050,13,017,"Georgia","Ben Hill County",1,35,221,100,121
050,13,017,"Georgia","Ben Hill County",1,36,207,90,117
050,13,017,"Georgia","Ben Hill County",1,37,211,85,126
050,13,017,"Georgia","Ben Hill County",1,38,211,100,111
050,13,017,"Georgia","Ben Hill County",1,39,208,94,114
050,13,017,"Georgia","Ben Hill County",1,40,206,94,112
050,13,017,"Georgia","Ben Hill County",1,41,199,95,104
050,13,017,"Georgia","Ben Hill County",1,42,212,105,107
050,13,017,"Georgia","Ben Hill County",1,43,199,101,98
050,13,017,"Georgia","Ben Hill County",1,44,186,103,83
050,13,017,"Georgia","Ben Hill County",1,45,177,84,93
050,13,017,"Georgia","Ben Hill County",1,46,196,92,104
050,13,017,"Georgia","Ben Hill County",1,47,192,89,103
050,13,017,"Georgia","Ben Hill County",1,48,210,106,104
050,13,017,"Georgia","Ben Hill County",1,49,225,114,111
050,13,017,"Georgia","Ben Hill County",1,50,227,110,117
050,13,017,"Georgia","Ben Hill County",1,51,213,107,106
050,13,017,"Georgia","Ben Hill County",1,52,198,97,101
050,13,017,"Georgia","Ben Hill County",1,53,225,110,115
050,13,017,"Georgia","Ben Hill County",1,54,254,136,118
050,13,017,"Georgia","Ben Hill County",1,55,218,106,112
050,13,017,"Georgia","Ben Hill County",1,56,226,110,116
050,13,017,"Georgia","Ben Hill County",1,57,220,101,119
050,13,017,"Georgia","Ben Hill County",1,58,225,92,133
050,13,017,"Georgia","Ben Hill County",1,59,238,111,127
050,13,017,"Georgia","Ben Hill County",1,60,233,109,124
050,13,017,"Georgia","Ben Hill County",1,61,251,121,130
050,13,017,"Georgia","Ben Hill County",1,62,247,118,129
050,13,017,"Georgia","Ben Hill County",1,63,227,104,123
050,13,017,"Georgia","Ben Hill County",1,64,254,108,146
050,13,017,"Georgia","Ben Hill County",1,65,236,118,118
050,13,017,"Georgia","Ben Hill County",1,66,225,113,112
050,13,017,"Georgia","Ben Hill County",1,67,199,80,119
050,13,017,"Georgia","Ben Hill County",1,68,205,84,121
050,13,017,"Georgia","Ben Hill County",1,69,200,88,112
050,13,017,"Georgia","Ben Hill County",1,70,174,77,97
050,13,017,"Georgia","Ben Hill County",1,71,163,64,99
050,13,017,"Georgia","Ben Hill County",1,72,173,65,108
050,13,017,"Georgia","Ben Hill County",1,73,181,72,109
050,13,017,"Georgia","Ben Hill County",1,74,124,52,72
050,13,017,"Georgia","Ben Hill County",1,75,117,51,66
050,13,017,"Georgia","Ben Hill County",1,76,128,59,69
050,13,017,"Georgia","Ben Hill County",1,77,124,52,72
050,13,017,"Georgia","Ben Hill County",1,78,88,33,55
050,13,017,"Georgia","Ben Hill County",1,79,85,27,58
050,13,017,"Georgia","Ben Hill County",1,80,91,29,62
050,13,017,"Georgia","Ben Hill County",1,81,90,27,63
050,13,017,"Georgia","Ben Hill County",1,82,64,17,47
050,13,017,"Georgia","Ben Hill County",1,83,52,16,36
050,13,017,"Georgia","Ben Hill County",1,84,58,21,37
050,13,017,"Georgia","Ben Hill County",1,85,265,90,175
050,13,017,"Georgia","Ben Hill County",2,0,212,101,111
050,13,017,"Georgia","Ben Hill County",2,1,215,112,103
050,13,017,"Georgia","Ben Hill County",2,2,200,99,101
050,13,017,"Georgia","Ben Hill County",2,3,213,98,115
050,13,017,"Georgia","Ben Hill County",2,4,226,110,116
050,13,017,"Georgia","Ben Hill County",2,5,226,112,114
050,13,017,"Georgia","Ben Hill County",2,6,214,105,109
050,13,017,"Georgia","Ben Hill County",2,7,215,109,106
050,13,017,"Georgia","Ben Hill County",2,8,235,123,112
050,13,017,"Georgia","Ben Hill County",2,9,235,118,117
050,13,017,"Georgia","Ben Hill County",2,10,245,122,123
050,13,017,"Georgia","Ben Hill County",2,11,264,144,120
050,13,017,"Georgia","Ben Hill County",2,12,276,146,130
050,13,017,"Georgia","Ben Hill County",2,13,277,143,134
050,13,017,"Georgia","Ben Hill County",2,14,266,130,136
050,13,017,"Georgia","Ben Hill County",2,15,246,113,133
050,13,017,"Georgia","Ben Hill County",2,16,232,105,127
050,13,017,"Georgia","Ben Hill County",2,17,233,116,117
050,13,017,"Georgia","Ben Hill County",2,18,212,109,103
050,13,017,"Georgia","Ben Hill County",2,19,184,101,83
050,13,017,"Georgia","Ben Hill County",2,20,199,112,87
050,13,017,"Georgia","Ben Hill County",2,21,194,104,90
050,13,017,"Georgia","Ben Hill County",2,22,189,92,97
050,13,017,"Georgia","Ben Hill County",2,23,185,88,97
050,13,017,"Georgia","Ben Hill County",2,24,190,90,100
050,13,017,"Georgia","Ben Hill County",2,25,196,91,105
050,13,017,"Georgia","Ben Hill County",2,26,194,91,103
050,13,017,"Georgia","Ben Hill County",2,27,176,86,90
050,13,017,"Georgia","Ben Hill County",2,28,198,102,96
050,13,017,"Georgia","Ben Hill County",2,29,206,100,106
050,13,017,"Georgia","Ben Hill County",2,30,216,105,111
050,13,017,"Georgia","Ben Hill County",2,31,229,116,113
050,13,017,"Georgia","Ben Hill County",2,32,219,114,105
050,13,017,"Georgia","Ben Hill County",2,33,198,86,112
050,13,017,"Georgia","Ben Hill County",2,34,196,90,106
050,13,017,"Georgia","Ben Hill County",2,35,215,97,118
050,13,017,"Georgia","Ben Hill County",2,36,205,88,117
050,13,017,"Georgia","Ben Hill County",2,37,210,86,124
050,13,017,"Georgia","Ben Hill County",2,38,212,97,115
050,13,017,"Georgia","Ben Hill County",2,39,209,95,114
050,13,017,"Georgia","Ben Hill County",2,40,209,96,113
050,13,017,"Georgia","Ben Hill County",2,41,199,95,104
050,13,017,"Georgia","Ben Hill County",2,42,207,102,105
050,13,017,"Georgia","Ben Hill County",2,43,204,103,101
050,13,017,"Georgia","Ben Hill County",2,44,186,101,85
050,13,017,"Georgia","Ben Hill County",2,45,179,89,90
050,13,017,"Georgia","Ben Hill County",2,46,190,89,101
050,13,017,"Georgia","Ben Hill County",2,47,194,90,104
050,13,017,"Georgia","Ben Hill County",2,48,207,103,104
050,13,017,"Georgia","Ben Hill County",2,49,222,112,110
050,13,017,"Georgia","Ben Hill County",2,50,227,111,116
050,13,017,"Georgia","Ben Hill County",2,51,215,107,108
050,13,017,"Georgia","Ben Hill County",2,52,200,99,101
050,13,017,"Georgia","Ben Hill County",2,53,217,108,109
050,13,017,"Georgia","Ben Hill County",2,54,248,130,118
050,13,017,"Georgia","Ben Hill County",2,55,228,113,115
050,13,017,"Georgia","Ben Hill County",2,56,225,108,117
050,13,017,"Georgia","Ben Hill County",2,57,220,101,119
050,13,017,"Georgia","Ben Hill County",2,58,224,94,130
050,13,017,"Georgia","Ben Hill County",2,59,233,105,128
050,13,017,"Georgia","Ben Hill County",2,60,233,109,124
050,13,017,"Georgia","Ben Hill County",2,61,248,119,129
050,13,017,"Georgia","Ben Hill County",2,62,246,118,128
050,13,017,"Georgia","Ben Hill County",2,63,232,107,125
050,13,017,"Georgia","Ben Hill County",2,64,245,106,139
050,13,017,"Georgia","Ben Hill County",2,65,240,114,126
050,13,017,"Georgia","Ben Hill County",2,66,228,114,114
050,13,017,"Georgia","Ben Hill County",2,67,204,88,116
050,13,017,"Georgia","Ben Hill County",2,68,202,81,121
050,13,017,"Georgia","Ben Hill County",2,69,203,87,116
050,13,017,"Georgia","Ben Hill County",2,70,179,78,101
050,13,017,"Georgia","Ben Hill County",2,71,165,67,98
050,13,017,"Georgia","Ben Hill County",2,72,164,64,100
050,13,017,"Georgia","Ben Hill County",2,73,182,70,112
050,13,017,"Georgia","Ben Hill County",2,74,126,51,75
050,13,017,"Georgia","Ben Hill County",2,75,121,52,69
050,13,017,"Georgia","Ben Hill County",2,76,124,55,69
050,13,017,"Georgia","Ben Hill County",2,77,126,53,73
050,13,017,"Georgia","Ben Hill County",2,78,95,37,58
050,13,017,"Georgia","Ben Hill County",2,79,84,29,55
050,13,017,"Georgia","Ben Hill County",2,80,91,29,62
050,13,017,"Georgia","Ben Hill County",2,81,89,28,61
050,13,017,"Georgia","Ben Hill County",2,82,67,19,48
050,13,017,"Georgia","Ben Hill County",2,83,53,16,37
050,13,017,"Georgia","Ben Hill County",2,84,55,19,36
050,13,017,"Georgia","Ben Hill County",2,85,270,91,179
050,13,017,"Georgia","Ben Hill County",3,0,199,93,106
050,13,017,"Georgia","Ben Hill County",3,1,212,105,107
050,13,017,"Georgia","Ben Hill County",3,2,219,115,104
050,13,017,"Georgia","Ben Hill County",3,3,207,105,102
050,13,017,"Georgia","Ben Hill County",3,4,228,101,127
050,13,017,"Georgia","Ben Hill County",3,5,226,101,125
050,13,017,"Georgia","Ben Hill County",3,6,237,120,117
050,13,017,"Georgia","Ben Hill County",3,7,220,104,116
050,13,017,"Georgia","Ben Hill County",3,8,212,103,109
050,13,017,"Georgia","Ben Hill County",3,9,233,121,112
050,13,017,"Georgia","Ben Hill County",3,10,241,121,120
050,13,017,"Georgia","Ben Hill County",3,11,249,128,121
050,13,017,"Georgia","Ben Hill County",3,12,257,136,121
050,13,017,"Georgia","Ben Hill County",3,13,284,149,135
050,13,017,"Georgia","Ben Hill County",3,14,276,145,131
050,13,017,"Georgia","Ben Hill County",3,15,268,128,140
050,13,017,"Georgia","Ben Hill County",3,16,240,111,129
050,13,017,"Georgia","Ben Hill County",3,17,239,110,129
050,13,017,"Georgia","Ben Hill County",3,18,208,110,98
050,13,017,"Georgia","Ben Hill County",3,19,192,100,92
050,13,017,"Georgia","Ben Hill County",3,20,185,99,86
050,13,017,"Georgia","Ben Hill County",3,21,204,122,82
050,13,017,"Georgia","Ben Hill County",3,22,209,109,100
050,13,017,"Georgia","Ben Hill County",3,23,190,84,106
050,13,017,"Georgia","Ben Hill County",3,24,200,95,105
050,13,017,"Georgia","Ben Hill County",3,25,186,91,95
050,13,017,"Georgia","Ben Hill County",3,26,209,95,114
050,13,017,"Georgia","Ben Hill County",3,27,196,93,103
050,13,017,"Georgia","Ben Hill County",3,28,177,85,92
050,13,017,"Georgia","Ben Hill County",3,29,194,97,97
050,13,017,"Georgia","Ben Hill County",3,30,207,96,111
050,13,017,"Georgia","Ben Hill County",3,31,218,110,108
050,13,017,"Georgia","Ben Hill County",3,32,230,114,116
050,13,017,"Georgia","Ben Hill County",3,33,221,112,109
050,13,017,"Georgia","Ben Hill County",3,34,195,81,114
050,13,017,"Georgia","Ben Hill County",3,35,199,91,108
050,13,017,"Georgia","Ben Hill County",3,36,200,86,114
050,13,017,"Georgia","Ben Hill County",3,37,210,90,120
050,13,017,"Georgia","Ben Hill County",3,38,206,84,122
050,13,017,"Georgia","Ben Hill County",3,39,205,89,116
050,13,017,"Georgia","Ben Hill County",3,40,205,96,109
050,13,017,"Georgia","Ben Hill County",3,41,197,94,103
050,13,017,"Georgia","Ben Hill County",3,42,197,93,104
050,13,017,"Georgia","Ben Hill County",3,43,220,111,109
050,13,017,"Georgia","Ben Hill County",3,44,209,109,100
050,13,017,"Georgia","Ben Hill County",3,45,184,96,88
050,13,017,"Georgia","Ben Hill County",3,46,175,89,86
050,13,017,"Georgia","Ben Hill County",3,47,186,88,98
050,13,017,"Georgia","Ben Hill County",3,48,208,99,109
050,13,017,"Georgia","Ben Hill County",3,49,206,102,104
050,13,017,"Georgia","Ben Hill County",3,50,223,115,108
050,13,017,"Georgia","Ben Hill County",3,51,222,111,111
050,13,017,"Georgia","Ben Hill County",3,52,212,106,106
050,13,017,"Georgia","Ben Hill County",3,53,193,94,99
050,13,017,"Georgia","Ben Hill County",3,54,212,108,104
050,13,017,"Georgia","Ben Hill County",3,55,248,130,118
050,13,017,"Georgia","Ben Hill County",3,56,222,105,117
050,13,017,"Georgia","Ben Hill County",3,57,225,106,119
050,13,017,"Georgia","Ben Hill County",3,58,224,106,118
050,13,017,"Georgia","Ben Hill County",3,59,217,92,125
050,13,017,"Georgia","Ben Hill County",3,60,231,98,133
050,13,017,"Georgia","Ben Hill County",3,61,225,106,119
050,13,017,"Georgia","Ben Hill County",3,62,248,118,130
050,13,017,"Georgia","Ben Hill County",3,63,234,110,124
050,13,017,"Georgia","Ben Hill County",3,64,221,98,123
050,13,017,"Georgia","Ben Hill County",3,65,234,101,133
050,13,017,"Georgia","Ben Hill County",3,66,232,108,124
050,13,017,"Georgia","Ben Hill County",3,67,226,112,114
050,13,017,"Georgia","Ben Hill County",3,68,197,83,114
050,13,017,"Georgia","Ben Hill County",3,69,194,82,112
050,13,017,"Georgia","Ben Hill County",3,70,193,82,111
050,13,017,"Georgia","Ben Hill County",3,71,169,72,97
050,13,017,"Georgia","Ben Hill County",3,72,154,60,94
050,13,017,"Georgia","Ben Hill County",3,73,148,56,92
050,13,017,"Georgia","Ben Hill County",3,74,173,65,108
050,13,017,"Georgia","Ben Hill County",3,75,124,52,72
050,13,017,"Georgia","Ben Hill County",3,76,112,45,67
050,13,017,"Georgia","Ben Hill County",3,77,119,54,65
050,13,017,"Georgia","Ben Hill County",3,78,121,53,68
050,13,017,"Georgia","Ben Hill County",3,79,82,31,51
050,13,017,"Georgia","Ben Hill County",3,80,81,28,53
050,13,017,"Georgia","Ben Hill County",3,81,85,21,64
050,13,017,"Georgia","Ben Hill County",3,82,74,25,49
050,13,017,"Georgia","Ben Hill County",3,83,59,14,45
050,13,017,"Georgia","Ben Hill County",3,84,46,10,36
050,13,017,"Georgia","Ben Hill County",3,85,273,85,188
050,13,017,"Georgia","Ben Hill County",4,0,203,96,107
050,13,017,"Georgia","Ben Hill County",4,1,193,98,95
050,13,017,"Georgia","Ben Hill County",4,2,222,110,112
050,13,017,"Georgia","Ben Hill County",4,3,218,119,99
050,13,017,"Georgia","Ben Hill County",4,4,210,106,104
050,13,017,"Georgia","Ben Hill County",4,5,228,100,128
050,13,017,"Georgia","Ben Hill County",4,6,229,113,116
050,13,017,"Georgia","Ben Hill County",4,7,241,114,127
050,13,017,"Georgia","Ben Hill County",4,8,216,101,115
050,13,017,"Georgia","Ben Hill County",4,9,216,106,110
050,13,017,"Georgia","Ben Hill County",4,10,237,127,110
050,13,017,"Georgia","Ben Hill County",4,11,241,117,124
050,13,017,"Georgia","Ben Hill County",4,12,235,118,117
050,13,017,"Georgia","Ben Hill County",4,13,261,139,122
050,13,017,"Georgia","Ben Hill County",4,14,279,147,132
050,13,017,"Georgia","Ben Hill County",4,15,281,147,134
050,13,017,"Georgia","Ben Hill County",4,16,265,128,137
050,13,017,"Georgia","Ben Hill County",4,17,238,115,123
050,13,017,"Georgia","Ben Hill County",4,18,196,91,105
050,13,017,"Georgia","Ben Hill County",4,19,171,94,77
050,13,017,"Georgia","Ben Hill County",4,20,188,100,88
050,13,017,"Georgia","Ben Hill County",4,21,195,104,91
050,13,017,"Georgia","Ben Hill County",4,22,212,121,91
050,13,017,"Georgia","Ben Hill County",4,23,214,108,106
050,13,017,"Georgia","Ben Hill County",4,24,189,86,103
050,13,017,"Georgia","Ben Hill County",4,25,198,96,102
050,13,017,"Georgia","Ben Hill County",4,26,199,98,101
050,13,017,"Georgia","Ben Hill County",4,27,204,100,104
050,13,017,"Georgia","Ben Hill County",4,28,208,98,110
050,13,017,"Georgia","Ben Hill County",4,29,166,76,90
050,13,017,"Georgia","Ben Hill County",4,30,192,97,95
050,13,017,"Georgia","Ben Hill County",4,31,215,98,117
050,13,017,"Georgia","Ben Hill County",4,32,210,106,104
050,13,017,"Georgia","Ben Hill County",4,33,227,114,113
050,13,017,"Georgia","Ben Hill County",4,34,217,113,104
050,13,017,"Georgia","Ben Hill County",4,35,191,71,120
050,13,017,"Georgia","Ben Hill County",4,36,193,82,111
050,13,017,"Georgia","Ben Hill County",4,37,211,90,121
050,13,017,"Georgia","Ben Hill County",4,38,208,91,117
050,13,017,"Georgia","Ben Hill County",4,39,205,86,119
050,13,017,"Georgia","Ben Hill County",4,40,208,90,118
050,13,017,"Georgia","Ben Hill County",4,41,199,94,105
050,13,017,"Georgia","Ben Hill County",4,42,193,95,98
050,13,017,"Georgia","Ben Hill County",4,43,214,100,114
050,13,017,"Georgia","Ben Hill County",4,44,221,109,112
050,13,017,"Georgia","Ben Hill County",4,45,206,107,99
050,13,017,"Georgia","Ben Hill County",4,46,181,90,91
050,13,017,"Georgia","Ben Hill County",4,47,170,83,87
050,13,017,"Georgia","Ben Hill County",4,48,196,91,105
050,13,017,"Georgia","Ben Hill County",4,49,205,96,109
050,13,017,"Georgia","Ben Hill County",4,50,211,106,105
050,13,017,"Georgia","Ben Hill County",4,51,222,108,114
050,13,017,"Georgia","Ben Hill County",4,52,224,109,115
050,13,017,"Georgia","Ben Hill County",4,53,206,103,103
050,13,017,"Georgia","Ben Hill County",4,54,206,105,101
050,13,017,"Georgia","Ben Hill County",4,55,203,101,102
050,13,017,"Georgia","Ben Hill County",4,56,249,132,117
050,13,017,"Georgia","Ben Hill County",4,57,226,107,119
050,13,017,"Georgia","Ben Hill County",4,58,221,105,116
050,13,017,"Georgia","Ben Hill County",4,59,221,105,116
050,13,017,"Georgia","Ben Hill County",4,60,202,84,118
050,13,017,"Georgia","Ben Hill County",4,61,225,96,129
050,13,017,"Georgia","Ben Hill County",4,62,219,103,116
050,13,017,"Georgia","Ben Hill County",4,63,243,115,128
050,13,017,"Georgia","Ben Hill County",4,64,231,108,123
050,13,017,"Georgia","Ben Hill County",4,65,212,94,118
050,13,017,"Georgia","Ben Hill County",4,66,223,93,130
050,13,017,"Georgia","Ben Hill County",4,67,230,105,125
050,13,017,"Georgia","Ben Hill County",4,68,218,110,108
050,13,017,"Georgia","Ben Hill County",4,69,187,82,105
050,13,017,"Georgia","Ben Hill County",4,70,189,81,108
050,13,017,"Georgia","Ben Hill County",4,71,187,81,106
050,13,017,"Georgia","Ben Hill County",4,72,161,70,91
050,13,017,"Georgia","Ben Hill County",4,73,144,50,94
050,13,017,"Georgia","Ben Hill County",4,74,144,53,91
050,13,017,"Georgia","Ben Hill County",4,75,170,66,104
050,13,017,"Georgia","Ben Hill County",4,76,111,50,61
050,13,017,"Georgia","Ben Hill County",4,77,101,40,61
050,13,017,"Georgia","Ben Hill County",4,78,112,52,60
050,13,017,"Georgia","Ben Hill County",4,79,114,48,66
050,13,017,"Georgia","Ben Hill County",4,80,82,30,52
050,13,017,"Georgia","Ben Hill County",4,81,76,23,53
050,13,017,"Georgia","Ben Hill County",4,82,68,18,50
050,13,017,"Georgia","Ben Hill County",4,83,69,22,47
050,13,017,"Georgia","Ben Hill County",4,84,58,14,44
050,13,017,"Georgia","Ben Hill County",4,85,277,80,197
050,13,017,"Georgia","Ben Hill County",5,0,210,99,111
050,13,017,"Georgia","Ben Hill County",5,1,206,89,117
050,13,017,"Georgia","Ben Hill County",5,2,187,97,90
050,13,017,"Georgia","Ben Hill County",5,3,230,110,120
050,13,017,"Georgia","Ben Hill County",5,4,223,123,100
050,13,017,"Georgia","Ben Hill County",5,5,220,109,111
050,13,017,"Georgia","Ben Hill County",5,6,221,90,131
050,13,017,"Georgia","Ben Hill County",5,7,229,115,114
050,13,017,"Georgia","Ben Hill County",5,8,247,123,124
050,13,017,"Georgia","Ben Hill County",5,9,205,100,105
050,13,017,"Georgia","Ben Hill County",5,10,203,104,99
050,13,017,"Georgia","Ben Hill County",5,11,226,125,101
050,13,017,"Georgia","Ben Hill County",5,12,243,119,124
050,13,017,"Georgia","Ben Hill County",5,13,238,117,121
050,13,017,"Georgia","Ben Hill County",5,14,272,148,124
050,13,017,"Georgia","Ben Hill County",5,15,283,147,136
050,13,017,"Georgia","Ben Hill County",5,16,280,144,136
050,13,017,"Georgia","Ben Hill County",5,17,266,133,133
050,13,017,"Georgia","Ben Hill County",5,18,219,110,109
050,13,017,"Georgia","Ben Hill County",5,19,167,82,85
050,13,017,"Georgia","Ben Hill County",5,20,183,100,83
050,13,017,"Georgia","Ben Hill County",5,21,209,113,96
050,13,017,"Georgia","Ben Hill County",5,22,210,112,98
050,13,017,"Georgia","Ben Hill County",5,23,202,116,86
050,13,017,"Georgia","Ben Hill County",5,24,214,103,111
050,13,017,"Georgia","Ben Hill County",5,25,196,88,108
050,13,017,"Georgia","Ben Hill County",5,26,199,90,109
050,13,017,"Georgia","Ben Hill County",5,27,214,101,113
050,13,017,"Georgia","Ben Hill County",5,28,202,106,96
050,13,017,"Georgia","Ben Hill County",5,29,203,93,110
050,13,017,"Georgia","Ben Hill County",5,30,161,75,86
050,13,017,"Georgia","Ben Hill County",5,31,191,101,90
050,13,017,"Georgia","Ben Hill County",5,32,219,105,114
050,13,017,"Georgia","Ben Hill County",5,33,200,94,106
050,13,017,"Georgia","Ben Hill County",5,34,223,112,111
050,13,017,"Georgia","Ben Hill County",5,35,225,111,114
050,13,017,"Georgia","Ben Hill County",5,36,194,71,123
050,13,017,"Georgia","Ben Hill County",5,37,183,74,109
050,13,017,"Georgia","Ben Hill County",5,38,216,89,127
050,13,017,"Georgia","Ben Hill County",5,39,205,87,118
050,13,017,"Georgia","Ben Hill County",5,40,208,89,119
050,13,017,"Georgia","Ben Hill County",5,41,218,90,128
050,13,017,"Georgia","Ben Hill County",5,42,205,98,107
050,13,017,"Georgia","Ben Hill County",5,43,202,100,102
050,13,017,"Georgia","Ben Hill County",5,44,202,93,109
050,13,017,"Georgia","Ben Hill County",5,45,218,114,104
050,13,017,"Georgia","Ben Hill County",5,46,204,105,99
050,13,017,"Georgia","Ben Hill County",5,47,179,84,95
050,13,017,"Georgia","Ben Hill County",5,48,172,86,86
050,13,017,"Georgia","Ben Hill County",5,49,191,91,100
050,13,017,"Georgia","Ben Hill County",5,50,212,101,111
050,13,017,"Georgia","Ben Hill County",5,51,206,99,107
050,13,017,"Georgia","Ben Hill County",5,52,231,118,113
050,13,017,"Georgia","Ben Hill County",5,53,230,115,115
050,13,017,"Georgia","Ben Hill County",5,54,215,105,110
050,13,017,"Georgia","Ben Hill County",5,55,206,106,100
050,13,017,"Georgia","Ben Hill County",5,56,199,93,106
050,13,017,"Georgia","Ben Hill County",5,57,245,127,118
050,13,017,"Georgia","Ben Hill County",5,58,236,113,123
050,13,017,"Georgia","Ben Hill County",5,59,217,99,118
050,13,017,"Georgia","Ben Hill County",5,60,217,100,117
050,13,017,"Georgia","Ben Hill County",5,61,199,78,121
050,13,017,"Georgia","Ben Hill County",5,62,221,97,124
050,13,017,"Georgia","Ben Hill County",5,63,211,103,108
050,13,017,"Georgia","Ben Hill County",5,64,238,115,123
050,13,017,"Georgia","Ben Hill County",5,65,219,100,119
050,13,017,"Georgia","Ben Hill County",5,66,211,91,120
050,13,017,"Georgia","Ben Hill County",5,67,219,87,132
050,13,017,"Georgia","Ben Hill County",5,68,234,104,130
050,13,017,"Georgia","Ben Hill County",5,69,211,109,102
050,13,017,"Georgia","Ben Hill County",5,70,187,85,102
050,13,017,"Georgia","Ben Hill County",5,71,178,79,99
050,13,017,"Georgia","Ben Hill County",5,72,180,78,102
050,13,017,"Georgia","Ben Hill County",5,73,154,65,89
050,13,017,"Georgia","Ben Hill County",5,74,151,51,100
050,13,017,"Georgia","Ben Hill County",5,75,145,55,90
050,13,017,"Georgia","Ben Hill County",5,76,158,63,95
050,13,017,"Georgia","Ben Hill County",5,77,100,46,54
050,13,017,"Georgia","Ben Hill County",5,78,97,41,56
050,13,017,"Georgia","Ben Hill County",5,79,102,48,54
050,13,017,"Georgia","Ben Hill County",5,80,110,45,65
050,13,017,"Georgia","Ben Hill County",5,81,78,25,53
050,13,017,"Georgia","Ben Hill County",5,82,62,20,42
050,13,017,"Georgia","Ben Hill County",5,83,62,16,46
050,13,017,"Georgia","Ben Hill County",5,84,66,21,45
050,13,017,"Georgia","Ben Hill County",5,85,298,81,217
050,13,019,"Georgia","Berrien County",1,0,231,120,111
050,13,019,"Georgia","Berrien County",1,1,216,113,103
050,13,019,"Georgia","Berrien County",1,2,209,100,109
050,13,019,"Georgia","Berrien County",1,3,221,114,107
050,13,019,"Georgia","Berrien County",1,4,234,135,99
050,13,019,"Georgia","Berrien County",1,5,254,133,121
050,13,019,"Georgia","Berrien County",1,6,218,115,103
050,13,019,"Georgia","Berrien County",1,7,204,101,103
050,13,019,"Georgia","Berrien County",1,8,246,120,126
050,13,019,"Georgia","Berrien County",1,9,241,123,118
050,13,019,"Georgia","Berrien County",1,10,220,113,107
050,13,019,"Georgia","Berrien County",1,11,250,134,116
050,13,019,"Georgia","Berrien County",1,12,277,148,129
050,13,019,"Georgia","Berrien County",1,13,262,129,133
050,13,019,"Georgia","Berrien County",1,14,267,129,138
050,13,019,"Georgia","Berrien County",1,15,281,145,136
050,13,019,"Georgia","Berrien County",1,16,274,141,133
050,13,019,"Georgia","Berrien County",1,17,256,124,132
050,13,019,"Georgia","Berrien County",1,18,221,117,104
050,13,019,"Georgia","Berrien County",1,19,189,98,91
050,13,019,"Georgia","Berrien County",1,20,185,99,86
050,13,019,"Georgia","Berrien County",1,21,190,103,87
050,13,019,"Georgia","Berrien County",1,22,176,80,96
050,13,019,"Georgia","Berrien County",1,23,200,100,100
050,13,019,"Georgia","Berrien County",1,24,218,104,114
050,13,019,"Georgia","Berrien County",1,25,230,125,105
050,13,019,"Georgia","Berrien County",1,26,212,109,103
050,13,019,"Georgia","Berrien County",1,27,233,110,123
050,13,019,"Georgia","Berrien County",1,28,228,117,111
050,13,019,"Georgia","Berrien County",1,29,213,107,106
050,13,019,"Georgia","Berrien County",1,30,235,114,121
050,13,019,"Georgia","Berrien County",1,31,225,115,110
050,13,019,"Georgia","Berrien County",1,32,218,103,115
050,13,019,"Georgia","Berrien County",1,33,214,105,109
050,13,019,"Georgia","Berrien County",1,34,237,112,125
050,13,019,"Georgia","Berrien County",1,35,237,123,114
050,13,019,"Georgia","Berrien County",1,36,219,114,105
050,13,019,"Georgia","Berrien County",1,37,207,102,105
050,13,019,"Georgia","Berrien County",1,38,210,101,109
050,13,019,"Georgia","Berrien County",1,39,208,99,109
050,13,019,"Georgia","Berrien County",1,40,198,96,102
050,13,019,"Georgia","Berrien County",1,41,221,105,116
050,13,019,"Georgia","Berrien County",1,42,235,123,112
050,13,019,"Georgia","Berrien County",1,43,213,110,103
050,13,019,"Georgia","Berrien County",1,44,200,99,101
050,13,019,"Georgia","Berrien County",1,45,198,96,102
050,13,019,"Georgia","Berrien County",1,46,203,99,104
050,13,019,"Georgia","Berrien County",1,47,236,126,110
050,13,019,"Georgia","Berrien County",1,48,245,131,114
050,13,019,"Georgia","Berrien County",1,49,264,136,128
050,13,019,"Georgia","Berrien County",1,50,239,123,116
050,13,019,"Georgia","Berrien County",1,51,250,133,117
050,13,019,"Georgia","Berrien County",1,52,239,118,121
050,13,019,"Georgia","Berrien County",1,53,234,111,123
050,13,019,"Georgia","Berrien County",1,54,265,126,139
050,13,019,"Georgia","Berrien County",1,55,256,131,125
050,13,019,"Georgia","Berrien County",1,56,246,134,112
050,13,019,"Georgia","Berrien County",1,57,238,119,119
050,13,019,"Georgia","Berrien County",1,58,271,135,136
050,13,019,"Georgia","Berrien County",1,59,284,128,156
050,13,019,"Georgia","Berrien County",1,60,273,136,137
050,13,019,"Georgia","Berrien County",1,61,250,128,122
050,13,019,"Georgia","Berrien County",1,62,256,136,120
050,13,019,"Georgia","Berrien County",1,63,232,103,129
050,13,019,"Georgia","Berrien County",1,64,231,97,134
050,13,019,"Georgia","Berrien County",1,65,219,103,116
050,13,019,"Georgia","Berrien County",1,66,192,86,106
050,13,019,"Georgia","Berrien County",1,67,187,86,101
050,13,019,"Georgia","Berrien County",1,68,177,85,92
050,13,019,"Georgia","Berrien County",1,69,186,87,99
050,13,019,"Georgia","Berrien County",1,70,182,88,94
050,13,019,"Georgia","Berrien County",1,71,185,81,104
050,13,019,"Georgia","Berrien County",1,72,176,84,92
050,13,019,"Georgia","Berrien County",1,73,191,86,105
050,13,019,"Georgia","Berrien County",1,74,149,70,79
050,13,019,"Georgia","Berrien County",1,75,144,75,69
050,13,019,"Georgia","Berrien County",1,76,127,57,70
050,13,019,"Georgia","Berrien County",1,77,123,57,66
050,13,019,"Georgia","Berrien County",1,78,104,55,49
050,13,019,"Georgia","Berrien County",1,79,95,44,51
050,13,019,"Georgia","Berrien County",1,80,92,36,56
050,13,019,"Georgia","Berrien County",1,81,83,36,47
050,13,019,"Georgia","Berrien County",1,82,74,28,46
050,13,019,"Georgia","Berrien County",1,83,62,24,38
050,13,019,"Georgia","Berrien County",1,84,54,23,31
050,13,019,"Georgia","Berrien County",1,85,314,120,194
050,13,019,"Georgia","Berrien County",2,0,228,116,112
050,13,019,"Georgia","Berrien County",2,1,219,113,106
050,13,019,"Georgia","Berrien County",2,2,212,104,108
050,13,019,"Georgia","Berrien County",2,3,216,110,106
050,13,019,"Georgia","Berrien County",2,4,233,130,103
050,13,019,"Georgia","Berrien County",2,5,249,133,116
050,13,019,"Georgia","Berrien County",2,6,227,119,108
050,13,019,"Georgia","Berrien County",2,7,209,106,103
050,13,019,"Georgia","Berrien County",2,8,238,116,122
050,13,019,"Georgia","Berrien County",2,9,243,123,120
050,13,019,"Georgia","Berrien County",2,10,225,117,108
050,13,019,"Georgia","Berrien County",2,11,242,129,113
050,13,019,"Georgia","Berrien County",2,12,274,146,128
050,13,019,"Georgia","Berrien County",2,13,264,132,132
050,13,019,"Georgia","Berrien County",2,14,265,130,135
050,13,019,"Georgia","Berrien County",2,15,276,141,135
050,13,019,"Georgia","Berrien County",2,16,277,141,136
050,13,019,"Georgia","Berrien County",2,17,261,128,133
050,13,019,"Georgia","Berrien County",2,18,218,115,103
050,13,019,"Georgia","Berrien County",2,19,189,99,90
050,13,019,"Georgia","Berrien County",2,20,193,101,92
050,13,019,"Georgia","Berrien County",2,21,189,101,88
050,13,019,"Georgia","Berrien County",2,22,183,88,95
050,13,019,"Georgia","Berrien County",2,23,197,97,100
050,13,019,"Georgia","Berrien County",2,24,215,106,109
050,13,019,"Georgia","Berrien County",2,25,227,122,105
050,13,019,"Georgia","Berrien County",2,26,220,113,107
050,13,019,"Georgia","Berrien County",2,27,225,109,116
050,13,019,"Georgia","Berrien County",2,28,230,118,112
050,13,019,"Georgia","Berrien County",2,29,215,108,107
050,13,019,"Georgia","Berrien County",2,30,233,115,118
050,13,019,"Georgia","Berrien County",2,31,228,114,114
050,13,019,"Georgia","Berrien County",2,32,217,104,113
050,13,019,"Georgia","Berrien County",2,33,214,104,110
050,13,019,"Georgia","Berrien County",2,34,233,111,122
050,13,019,"Georgia","Berrien County",2,35,239,121,118
050,13,019,"Georgia","Berrien County",2,36,222,115,107
050,13,019,"Georgia","Berrien County",2,37,209,104,105
050,13,019,"Georgia","Berrien County",2,38,209,100,109
050,13,019,"Georgia","Berrien County",2,39,207,99,108
050,13,019,"Georgia","Berrien County",2,40,200,96,104
050,13,019,"Georgia","Berrien County",2,41,215,104,111
050,13,019,"Georgia","Berrien County",2,42,232,120,112
050,13,019,"Georgia","Berrien County",2,43,218,113,105
050,13,019,"Georgia","Berrien County",2,44,201,101,100
050,13,019,"Georgia","Berrien County",2,45,198,96,102
050,13,019,"Georgia","Berrien County",2,46,201,98,103
050,13,019,"Georgia","Berrien County",2,47,229,121,108
050,13,019,"Georgia","Berrien County",2,48,244,131,113
050,13,019,"Georgia","Berrien County",2,49,260,135,125
050,13,019,"Georgia","Berrien County",2,50,247,127,120
050,13,019,"Georgia","Berrien County",2,51,242,127,115
050,13,019,"Georgia","Berrien County",2,52,242,122,120
050,13,019,"Georgia","Berrien County",2,53,234,111,123
050,13,019,"Georgia","Berrien County",2,54,259,123,136
050,13,019,"Georgia","Berrien County",2,55,260,130,130
050,13,019,"Georgia","Berrien County",2,56,246,131,115
050,13,019,"Georgia","Berrien County",2,57,242,124,118
050,13,019,"Georgia","Berrien County",2,58,264,131,133
050,13,019,"Georgia","Berrien County",2,59,281,130,151
050,13,019,"Georgia","Berrien County",2,60,278,134,144
050,13,019,"Georgia","Berrien County",2,61,253,128,125
050,13,019,"Georgia","Berrien County",2,62,250,130,120
050,13,019,"Georgia","Berrien County",2,63,236,110,126
050,13,019,"Georgia","Berrien County",2,64,228,99,129
050,13,019,"Georgia","Berrien County",2,65,222,101,121
050,13,019,"Georgia","Berrien County",2,66,199,88,111
050,13,019,"Georgia","Berrien County",2,67,187,86,101
050,13,019,"Georgia","Berrien County",2,68,177,85,92
050,13,019,"Georgia","Berrien County",2,69,185,87,98
050,13,019,"Georgia","Berrien County",2,70,182,88,94
050,13,019,"Georgia","Berrien County",2,71,185,84,101
050,13,019,"Georgia","Berrien County",2,72,172,81,91
050,13,019,"Georgia","Berrien County",2,73,197,89,108
050,13,019,"Georgia","Berrien County",2,74,149,69,80
050,13,019,"Georgia","Berrien County",2,75,145,74,71
050,13,019,"Georgia","Berrien County",2,76,127,61,66
050,13,019,"Georgia","Berrien County",2,77,124,57,67
050,13,019,"Georgia","Berrien County",2,78,105,54,51
050,13,019,"Georgia","Berrien County",2,79,95,45,50
050,13,019,"Georgia","Berrien County",2,80,89,37,52
050,13,019,"Georgia","Berrien County",2,81,84,36,48
050,13,019,"Georgia","Berrien County",2,82,75,30,45
050,13,019,"Georgia","Berrien County",2,83,62,24,38
050,13,019,"Georgia","Berrien County",2,84,51,21,30
050,13,019,"Georgia","Berrien County",2,85,302,118,184
050,13,019,"Georgia","Berrien County",3,0,193,101,92
050,13,019,"Georgia","Berrien County",3,1,218,113,105
050,13,019,"Georgia","Berrien County",3,2,234,119,115
050,13,019,"Georgia","Berrien County",3,3,222,109,113
050,13,019,"Georgia","Berrien County",3,4,210,107,103
050,13,019,"Georgia","Berrien County",3,5,240,125,115
050,13,019,"Georgia","Berrien County",3,6,243,140,103
050,13,019,"Georgia","Berrien County",3,7,219,113,106
050,13,019,"Georgia","Berrien County",3,8,210,111,99
050,13,019,"Georgia","Berrien County",3,9,247,120,127
050,13,019,"Georgia","Berrien County",3,10,243,126,117
050,13,019,"Georgia","Berrien County",3,11,227,111,116
050,13,019,"Georgia","Berrien County",3,12,243,136,107
050,13,019,"Georgia","Berrien County",3,13,275,144,131
050,13,019,"Georgia","Berrien County",3,14,267,143,124
050,13,019,"Georgia","Berrien County",3,15,265,137,128
050,13,019,"Georgia","Berrien County",3,16,279,140,139
050,13,019,"Georgia","Berrien County",3,17,285,144,141
050,13,019,"Georgia","Berrien County",3,18,221,119,102
050,13,019,"Georgia","Berrien County",3,19,177,98,79
050,13,019,"Georgia","Berrien County",3,20,191,99,92
050,13,019,"Georgia","Berrien County",3,21,197,99,98
050,13,019,"Georgia","Berrien County",3,22,197,105,92
050,13,019,"Georgia","Berrien County",3,23,208,108,100
050,13,019,"Georgia","Berrien County",3,24,198,98,100
050,13,019,"Georgia","Berrien County",3,25,205,105,100
050,13,019,"Georgia","Berrien County",3,26,237,123,114
050,13,019,"Georgia","Berrien County",3,27,226,115,111
050,13,019,"Georgia","Berrien County",3,28,225,117,108
050,13,019,"Georgia","Berrien County",3,29,224,109,115
050,13,019,"Georgia","Berrien County",3,30,222,102,120
050,13,019,"Georgia","Berrien County",3,31,239,116,123
050,13,019,"Georgia","Berrien County",3,32,215,108,107
050,13,019,"Georgia","Berrien County",3,33,221,109,112
050,13,019,"Georgia","Berrien County",3,34,214,107,107
050,13,019,"Georgia","Berrien County",3,35,241,114,127
050,13,019,"Georgia","Berrien County",3,36,230,117,113
050,13,019,"Georgia","Berrien County",3,37,220,112,108
050,13,019,"Georgia","Berrien County",3,38,211,104,107
050,13,019,"Georgia","Berrien County",3,39,211,104,107
050,13,019,"Georgia","Berrien County",3,40,214,98,116
050,13,019,"Georgia","Berrien County",3,41,195,94,101
050,13,019,"Georgia","Berrien County",3,42,219,110,109
050,13,019,"Georgia","Berrien County",3,43,231,120,111
050,13,019,"Georgia","Berrien County",3,44,215,113,102
050,13,019,"Georgia","Berrien County",3,45,209,107,102
050,13,019,"Georgia","Berrien County",3,46,199,96,103
050,13,019,"Georgia","Berrien County",3,47,216,109,107
050,13,019,"Georgia","Berrien County",3,48,220,116,104
050,13,019,"Georgia","Berrien County",3,49,242,125,117
050,13,019,"Georgia","Berrien County",3,50,259,136,123
050,13,019,"Georgia","Berrien County",3,51,246,123,123
050,13,019,"Georgia","Berrien County",3,52,248,129,119
050,13,019,"Georgia","Berrien County",3,53,243,124,119
050,13,019,"Georgia","Berrien County",3,54,235,108,127
050,13,019,"Georgia","Berrien County",3,55,248,118,130
050,13,019,"Georgia","Berrien County",3,56,261,137,124
050,13,019,"Georgia","Berrien County",3,57,241,132,109
050,13,019,"Georgia","Berrien County",3,58,250,129,121
050,13,019,"Georgia","Berrien County",3,59,257,131,126
050,13,019,"Georgia","Berrien County",3,60,272,121,151
050,13,019,"Georgia","Berrien County",3,61,272,130,142
050,13,019,"Georgia","Berrien County",3,62,254,128,126
050,13,019,"Georgia","Berrien County",3,63,250,127,123
050,13,019,"Georgia","Berrien County",3,64,229,108,121
050,13,019,"Georgia","Berrien County",3,65,221,93,128
050,13,019,"Georgia","Berrien County",3,66,218,102,116
050,13,019,"Georgia","Berrien County",3,67,190,89,101
050,13,019,"Georgia","Berrien County",3,68,186,83,103
050,13,019,"Georgia","Berrien County",3,69,170,83,87
050,13,019,"Georgia","Berrien County",3,70,180,82,98
050,13,019,"Georgia","Berrien County",3,71,170,85,85
050,13,019,"Georgia","Berrien County",3,72,173,78,95
050,13,019,"Georgia","Berrien County",3,73,168,77,91
050,13,019,"Georgia","Berrien County",3,74,192,87,105
050,13,019,"Georgia","Berrien County",3,75,146,65,81
050,13,019,"Georgia","Berrien County",3,76,138,72,66
050,13,019,"Georgia","Berrien County",3,77,118,55,63
050,13,019,"Georgia","Berrien County",3,78,122,55,67
050,13,019,"Georgia","Berrien County",3,79,98,50,48
050,13,019,"Georgia","Berrien County",3,80,85,43,42
050,13,019,"Georgia","Berrien County",3,81,77,28,49
050,13,019,"Georgia","Berrien County",3,82,77,33,44
050,13,019,"Georgia","Berrien County",3,83,68,24,44
050,13,019,"Georgia","Berrien County",3,84,53,19,34
050,13,019,"Georgia","Berrien County",3,85,292,110,182
050,13,019,"Georgia","Berrien County",4,0,208,110,98
050,13,019,"Georgia","Berrien County",4,1,203,101,102
050,13,019,"Georgia","Berrien County",4,2,194,106,88
050,13,019,"Georgia","Berrien County",4,3,238,119,119
050,13,019,"Georgia","Berrien County",4,4,220,110,110
050,13,019,"Georgia","Berrien County",4,5,220,121,99
050,13,019,"Georgia","Berrien County",4,6,226,117,109
050,13,019,"Georgia","Berrien County",4,7,242,136,106
050,13,019,"Georgia","Berrien County",4,8,226,115,111
050,13,019,"Georgia","Berrien County",4,9,211,108,103
050,13,019,"Georgia","Berrien County",4,10,239,113,126
050,13,019,"Georgia","Berrien County",4,11,250,131,119
050,13,019,"Georgia","Berrien County",4,12,236,113,123
050,13,019,"Georgia","Berrien County",4,13,248,138,110
050,13,019,"Georgia","Berrien County",4,14,275,146,129
050,13,019,"Georgia","Berrien County",4,15,271,140,131
050,13,019,"Georgia","Berrien County",4,16,269,133,136
050,13,019,"Georgia","Berrien County",4,17,281,143,138
050,13,019,"Georgia","Berrien County",4,18,250,128,122
050,13,019,"Georgia","Berrien County",4,19,185,97,88
050,13,019,"Georgia","Berrien County",4,20,185,99,86
050,13,019,"Georgia","Berrien County",4,21,209,99,110
050,13,019,"Georgia","Berrien County",4,22,195,100,95
050,13,019,"Georgia","Berrien County",4,23,212,113,99
050,13,019,"Georgia","Berrien County",4,24,218,113,105
050,13,019,"Georgia","Berrien County",4,25,201,99,102
050,13,019,"Georgia","Berrien County",4,26,214,115,99
050,13,019,"Georgia","Berrien County",4,27,235,115,120
050,13,019,"Georgia","Berrien County",4,28,226,117,109
050,13,019,"Georgia","Berrien County",4,29,216,108,108
050,13,019,"Georgia","Berrien County",4,30,224,105,119
050,13,019,"Georgia","Berrien County",4,31,225,108,117
050,13,019,"Georgia","Berrien County",4,32,256,123,133
050,13,019,"Georgia","Berrien County",4,33,211,109,102
050,13,019,"Georgia","Berrien County",4,34,214,104,110
050,13,019,"Georgia","Berrien County",4,35,223,114,109
050,13,019,"Georgia","Berrien County",4,36,241,113,128
050,13,019,"Georgia","Berrien County",4,37,231,117,114
050,13,019,"Georgia","Berrien County",4,38,223,113,110
050,13,019,"Georgia","Berrien County",4,39,218,108,110
050,13,019,"Georgia","Berrien County",4,40,217,99,118
050,13,019,"Georgia","Berrien County",4,41,207,98,109
050,13,019,"Georgia","Berrien County",4,42,205,97,108
050,13,019,"Georgia","Berrien County",4,43,214,105,109
050,13,019,"Georgia","Berrien County",4,44,238,123,115
050,13,019,"Georgia","Berrien County",4,45,207,108,99
050,13,019,"Georgia","Berrien County",4,46,212,110,102
050,13,019,"Georgia","Berrien County",4,47,215,106,109
050,13,019,"Georgia","Berrien County",4,48,220,110,110
050,13,019,"Georgia","Berrien County",4,49,223,119,104
050,13,019,"Georgia","Berrien County",4,50,247,126,121
050,13,019,"Georgia","Berrien County",4,51,260,139,121
050,13,019,"Georgia","Berrien County",4,52,242,121,121
050,13,019,"Georgia","Berrien County",4,53,257,128,129
050,13,019,"Georgia","Berrien County",4,54,244,124,120
050,13,019,"Georgia","Berrien County",4,55,246,111,135
050,13,019,"Georgia","Berrien County",4,56,252,118,134
050,13,019,"Georgia","Berrien County",4,57,266,138,128
050,13,019,"Georgia","Berrien County",4,58,233,125,108
050,13,019,"Georgia","Berrien County",4,59,249,131,118
050,13,019,"Georgia","Berrien County",4,60,251,125,126
050,13,019,"Georgia","Berrien County",4,61,261,112,149
050,13,019,"Georgia","Berrien County",4,62,266,128,138
050,13,019,"Georgia","Berrien County",4,63,256,130,126
050,13,019,"Georgia","Berrien County",4,64,244,125,119
050,13,019,"Georgia","Berrien County",4,65,231,104,127
050,13,019,"Georgia","Berrien County",4,66,211,86,125
050,13,019,"Georgia","Berrien County",4,67,213,98,115
050,13,019,"Georgia","Berrien County",4,68,189,84,105
050,13,019,"Georgia","Berrien County",4,69,181,83,98
050,13,019,"Georgia","Berrien County",4,70,163,78,85
050,13,019,"Georgia","Berrien County",4,71,175,78,97
050,13,019,"Georgia","Berrien County",4,72,170,82,88
050,13,019,"Georgia","Berrien County",4,73,168,79,89
050,13,019,"Georgia","Berrien County",4,74,164,74,90
050,13,019,"Georgia","Berrien County",4,75,187,84,103
050,13,019,"Georgia","Berrien County",4,76,140,65,75
050,13,019,"Georgia","Berrien County",4,77,127,67,60
050,13,019,"Georgia","Berrien County",4,78,118,55,63
050,13,019,"Georgia","Berrien County",4,79,115,54,61
050,13,019,"Georgia","Berrien County",4,80,93,50,43
050,13,019,"Georgia","Berrien County",4,81,76,38,38
050,13,019,"Georgia","Berrien County",4,82,69,24,45
050,13,019,"Georgia","Berrien County",4,83,72,32,40
050,13,019,"Georgia","Berrien County",4,84,57,20,37
050,13,019,"Georgia","Berrien County",4,85,295,110,185
050,13,019,"Georgia","Berrien County",5,0,225,120,105
050,13,019,"Georgia","Berrien County",5,1,214,121,93
050,13,019,"Georgia","Berrien County",5,2,193,98,95
050,13,019,"Georgia","Berrien County",5,3,220,120,100
050,13,019,"Georgia","Berrien County",5,4,245,121,124
050,13,019,"Georgia","Berrien County",5,5,218,110,108
050,13,019,"Georgia","Berrien County",5,6,219,116,103
050,13,019,"Georgia","Berrien County",5,7,237,122,115
050,13,019,"Georgia","Berrien County",5,8,257,146,111
050,13,019,"Georgia","Berrien County",5,9,246,125,121
050,13,019,"Georgia","Berrien County",5,10,230,113,117
050,13,019,"Georgia","Berrien County",5,11,239,104,135
050,13,019,"Georgia","Berrien County",5,12,259,129,130
050,13,019,"Georgia","Berrien County",5,13,239,110,129
050,13,019,"Georgia","Berrien County",5,14,247,138,109
050,13,019,"Georgia","Berrien County",5,15,280,150,130
050,13,019,"Georgia","Berrien County",5,16,272,144,128
050,13,019,"Georgia","Berrien County",5,17,274,143,131
050,13,019,"Georgia","Berrien County",5,18,228,121,107
050,13,019,"Georgia","Berrien County",5,19,196,103,93
050,13,019,"Georgia","Berrien County",5,20,199,107,92
050,13,019,"Georgia","Berrien County",5,21,200,107,93
050,13,019,"Georgia","Berrien County",5,22,226,111,115
050,13,019,"Georgia","Berrien County",5,23,207,107,100
050,13,019,"Georgia","Berrien County",5,24,226,127,99
050,13,019,"Georgia","Berrien County",5,25,228,118,110
050,13,019,"Georgia","Berrien County",5,26,220,106,114
050,13,019,"Georgia","Berrien County",5,27,221,115,106
050,13,019,"Georgia","Berrien County",5,28,253,130,123
050,13,019,"Georgia","Berrien County",5,29,231,122,109
050,13,019,"Georgia","Berrien County",5,30,218,105,113
050,13,019,"Georgia","Berrien County",5,31,243,113,130
050,13,019,"Georgia","Berrien County",5,32,220,109,111
050,13,019,"Georgia","Berrien County",5,33,271,126,145
050,13,019,"Georgia","Berrien County",5,34,221,114,107
050,13,019,"Georgia","Berrien County",5,35,221,102,119
050,13,019,"Georgia","Berrien County",5,36,237,118,119
050,13,019,"Georgia","Berrien County",5,37,243,109,134
050,13,019,"Georgia","Berrien County",5,38,239,120,119
050,13,019,"Georgia","Berrien County",5,39,229,116,113
050,13,019,"Georgia","Berrien County",5,40,220,108,112
050,13,019,"Georgia","Berrien County",5,41,217,99,118
050,13,019,"Georgia","Berrien County",5,42,222,103,119
050,13,019,"Georgia","Berrien County",5,43,209,95,114
050,13,019,"Georgia","Berrien County",5,44,212,109,103
050,13,019,"Georgia","Berrien County",5,45,234,118,116
050,13,019,"Georgia","Berrien County",5,46,214,110,104
050,13,019,"Georgia","Berrien County",5,47,218,113,105
050,13,019,"Georgia","Berrien County",5,48,200,94,106
050,13,019,"Georgia","Berrien County",5,49,210,106,104
050,13,019,"Georgia","Berrien County",5,50,229,118,111
050,13,019,"Georgia","Berrien County",5,51,250,127,123
050,13,019,"Georgia","Berrien County",5,52,267,143,124
050,13,019,"Georgia","Berrien County",5,53,240,117,123
050,13,019,"Georgia","Berrien County",5,54,266,134,132
050,13,019,"Georgia","Berrien County",5,55,238,120,118
050,13,019,"Georgia","Berrien County",5,56,251,113,138
050,13,019,"Georgia","Berrien County",5,57,252,115,137
050,13,019,"Georgia","Berrien County",5,58,262,131,131
050,13,019,"Georgia","Berrien County",5,59,237,131,106
050,13,019,"Georgia","Berrien County",5,60,245,130,115
050,13,019,"Georgia","Berrien County",5,61,242,122,120
050,13,019,"Georgia","Berrien County",5,62,267,113,154
050,13,019,"Georgia","Berrien County",5,63,268,131,137
050,13,019,"Georgia","Berrien County",5,64,259,134,125
050,13,019,"Georgia","Berrien County",5,65,240,123,117
050,13,019,"Georgia","Berrien County",5,66,236,108,128
050,13,019,"Georgia","Berrien County",5,67,210,83,127
050,13,019,"Georgia","Berrien County",5,68,213,100,113
050,13,019,"Georgia","Berrien County",5,69,186,84,102
050,13,019,"Georgia","Berrien County",5,70,173,78,95
050,13,019,"Georgia","Berrien County",5,71,159,76,83
050,13,019,"Georgia","Berrien County",5,72,172,72,100
050,13,019,"Georgia","Berrien County",5,73,164,78,86
050,13,019,"Georgia","Berrien County",5,74,163,79,84
050,13,019,"Georgia","Berrien County",5,75,162,74,88
050,13,019,"Georgia","Berrien County",5,76,179,84,95
050,13,019,"Georgia","Berrien County",5,77,135,64,71
050,13,019,"Georgia","Berrien County",5,78,123,63,60
050,13,019,"Georgia","Berrien County",5,79,116,58,58
050,13,019,"Georgia","Berrien County",5,80,108,55,53
050,13,019,"Georgia","Berrien County",5,81,86,46,40
050,13,019,"Georgia","Berrien County",5,82,75,39,36
050,13,019,"Georgia","Berrien County",5,83,64,23,41
050,13,019,"Georgia","Berrien County",5,84,64,29,35
050,13,019,"Georgia","Berrien County",5,85,322,119,203
050,13,021,"Georgia","Bibb County",1,0,1988,1011,977
050,13,021,"Georgia","Bibb County",1,1,1930,954,976
050,13,021,"Georgia","Bibb County",1,2,2056,1031,1025
050,13,021,"Georgia","Bibb County",1,3,2125,1090,1035
050,13,021,"Georgia","Bibb County",1,4,2136,1080,1056
050,13,021,"Georgia","Bibb County",1,5,2213,1124,1089
050,13,021,"Georgia","Bibb County",1,6,2144,1075,1069
050,13,021,"Georgia","Bibb County",1,7,2118,1060,1058
050,13,021,"Georgia","Bibb County",1,8,2197,1133,1064
050,13,021,"Georgia","Bibb County",1,9,2190,1120,1070
050,13,021,"Georgia","Bibb County",1,10,2213,1140,1073
050,13,021,"Georgia","Bibb County",1,11,2265,1164,1101
050,13,021,"Georgia","Bibb County",1,12,2282,1172,1110
050,13,021,"Georgia","Bibb County",1,13,2220,1114,1106
050,13,021,"Georgia","Bibb County",1,14,2154,1101,1053
050,13,021,"Georgia","Bibb County",1,15,2129,1129,1000
050,13,021,"Georgia","Bibb County",1,16,2159,1117,1042
050,13,021,"Georgia","Bibb County",1,17,2139,1092,1047
050,13,021,"Georgia","Bibb County",1,18,2154,1066,1088
050,13,021,"Georgia","Bibb County",1,19,2322,1095,1227
050,13,021,"Georgia","Bibb County",1,20,2241,1058,1183
050,13,021,"Georgia","Bibb County",1,21,2083,985,1098
050,13,021,"Georgia","Bibb County",1,22,2149,1037,1112
050,13,021,"Georgia","Bibb County",1,23,2106,990,1116
050,13,021,"Georgia","Bibb County",1,24,2200,1054,1146
050,13,021,"Georgia","Bibb County",1,25,2217,1064,1153
050,13,021,"Georgia","Bibb County",1,26,2236,1056,1180
050,13,021,"Georgia","Bibb County",1,27,2311,1115,1196
050,13,021,"Georgia","Bibb County",1,28,2288,1090,1198
050,13,021,"Georgia","Bibb County",1,29,2365,1108,1257
050,13,021,"Georgia","Bibb County",1,30,2353,1111,1242
050,13,021,"Georgia","Bibb County",1,31,2143,994,1149
050,13,021,"Georgia","Bibb County",1,32,2046,964,1082
050,13,021,"Georgia","Bibb County",1,33,1920,889,1031
050,13,021,"Georgia","Bibb County",1,34,1984,911,1073
050,13,021,"Georgia","Bibb County",1,35,1909,908,1001
050,13,021,"Georgia","Bibb County",1,36,1792,818,974
050,13,021,"Georgia","Bibb County",1,37,1899,866,1033
050,13,021,"Georgia","Bibb County",1,38,1992,969,1023
050,13,021,"Georgia","Bibb County",1,39,1986,955,1031
050,13,021,"Georgia","Bibb County",1,40,1898,869,1029
050,13,021,"Georgia","Bibb County",1,41,1807,871,936
050,13,021,"Georgia","Bibb County",1,42,1770,870,900
050,13,021,"Georgia","Bibb County",1,43,1718,812,906
050,13,021,"Georgia","Bibb County",1,44,1658,758,900
050,13,021,"Georgia","Bibb County",1,45,1716,794,922
050,13,021,"Georgia","Bibb County",1,46,1724,804,920
050,13,021,"Georgia","Bibb County",1,47,1826,871,955
050,13,021,"Georgia","Bibb County",1,48,1871,889,982
050,13,021,"Georgia","Bibb County",1,49,2027,1011,1016
050,13,021,"Georgia","Bibb County",1,50,1855,916,939
050,13,021,"Georgia","Bibb County",1,51,1711,807,904
050,13,021,"Georgia","Bibb County",1,52,1711,785,926
050,13,021,"Georgia","Bibb County",1,53,1819,852,967
050,13,021,"Georgia","Bibb County",1,54,1908,890,1018
050,13,021,"Georgia","Bibb County",1,55,1982,927,1055
050,13,021,"Georgia","Bibb County",1,56,2040,978,1062
050,13,021,"Georgia","Bibb County",1,57,1990,908,1082
050,13,021,"Georgia","Bibb County",1,58,1980,902,1078
050,13,021,"Georgia","Bibb County",1,59,2029,952,1077
050,13,021,"Georgia","Bibb County",1,60,2009,908,1101
050,13,021,"Georgia","Bibb County",1,61,2027,935,1092
050,13,021,"Georgia","Bibb County",1,62,2035,953,1082
050,13,021,"Georgia","Bibb County",1,63,1914,892,1022
050,13,021,"Georgia","Bibb County",1,64,1838,831,1007
050,13,021,"Georgia","Bibb County",1,65,1771,798,973
050,13,021,"Georgia","Bibb County",1,66,1774,807,967
050,13,021,"Georgia","Bibb County",1,67,1670,775,895
050,13,021,"Georgia","Bibb County",1,68,1651,768,883
050,13,021,"Georgia","Bibb County",1,69,1507,669,838
050,13,021,"Georgia","Bibb County",1,70,1495,654,841
050,13,021,"Georgia","Bibb County",1,71,1501,640,861
050,13,021,"Georgia","Bibb County",1,72,1455,637,818
050,13,021,"Georgia","Bibb County",1,73,1421,635,786
050,13,021,"Georgia","Bibb County",1,74,998,420,578
050,13,021,"Georgia","Bibb County",1,75,958,414,544
050,13,021,"Georgia","Bibb County",1,76,922,393,529
050,13,021,"Georgia","Bibb County",1,77,919,370,549
050,13,021,"Georgia","Bibb County",1,78,780,310,470
050,13,021,"Georgia","Bibb County",1,79,731,290,441
050,13,021,"Georgia","Bibb County",1,80,656,237,419
050,13,021,"Georgia","Bibb County",1,81,598,225,373
050,13,021,"Georgia","Bibb County",1,82,539,200,339
050,13,021,"Georgia","Bibb County",1,83,513,196,317
050,13,021,"Georgia","Bibb County",1,84,498,182,316
050,13,021,"Georgia","Bibb County",1,85,2773,854,1919
050,13,021,"Georgia","Bibb County",2,0,1973,1006,967
050,13,021,"Georgia","Bibb County",2,1,1943,966,977
050,13,021,"Georgia","Bibb County",2,2,2023,1010,1013
050,13,021,"Georgia","Bibb County",2,3,2096,1066,1030
050,13,021,"Georgia","Bibb County",2,4,2129,1076,1053
050,13,021,"Georgia","Bibb County",2,5,2189,1113,1076
050,13,021,"Georgia","Bibb County",2,6,2159,1083,1076
050,13,021,"Georgia","Bibb County",2,7,2120,1057,1063
050,13,021,"Georgia","Bibb County",2,8,2170,1112,1058
050,13,021,"Georgia","Bibb County",2,9,2180,1117,1063
050,13,021,"Georgia","Bibb County",2,10,2200,1132,1068
050,13,021,"Georgia","Bibb County",2,11,2242,1152,1090
050,13,021,"Georgia","Bibb County",2,12,2280,1170,1110
050,13,021,"Georgia","Bibb County",2,13,2221,1122,1099
050,13,021,"Georgia","Bibb County",2,14,2149,1090,1059
050,13,021,"Georgia","Bibb County",2,15,2108,1101,1007
050,13,021,"Georgia","Bibb County",2,16,2120,1094,1026
050,13,021,"Georgia","Bibb County",2,17,2118,1084,1034
050,13,021,"Georgia","Bibb County",2,18,2144,1062,1082
050,13,021,"Georgia","Bibb County",2,19,2313,1083,1230
050,13,021,"Georgia","Bibb County",2,20,2274,1077,1197
050,13,021,"Georgia","Bibb County",2,21,2096,990,1106
050,13,021,"Georgia","Bibb County",2,22,2155,1043,1112
050,13,021,"Georgia","Bibb County",2,23,2107,993,1114
050,13,021,"Georgia","Bibb County",2,24,2176,1045,1131
050,13,021,"Georgia","Bibb County",2,25,2213,1058,1155
050,13,021,"Georgia","Bibb County",2,26,2239,1063,1176
050,13,021,"Georgia","Bibb County",2,27,2290,1099,1191
050,13,021,"Georgia","Bibb County",2,28,2294,1092,1202
050,13,021,"Georgia","Bibb County",2,29,2347,1102,1245
050,13,021,"Georgia","Bibb County",2,30,2369,1113,1256
050,13,021,"Georgia","Bibb County",2,31,2175,1012,1163
050,13,021,"Georgia","Bibb County",2,32,2055,967,1088
050,13,021,"Georgia","Bibb County",2,33,1952,909,1043
050,13,021,"Georgia","Bibb County",2,34,1950,892,1058
050,13,021,"Georgia","Bibb County",2,35,1936,911,1025
050,13,021,"Georgia","Bibb County",2,36,1808,836,972
050,13,021,"Georgia","Bibb County",2,37,1887,865,1022
050,13,021,"Georgia","Bibb County",2,38,1988,960,1028
050,13,021,"Georgia","Bibb County",2,39,1959,941,1018
050,13,021,"Georgia","Bibb County",2,40,1926,893,1033
050,13,021,"Georgia","Bibb County",2,41,1820,868,952
050,13,021,"Georgia","Bibb County",2,42,1768,866,902
050,13,021,"Georgia","Bibb County",2,43,1735,826,909
050,13,021,"Georgia","Bibb County",2,44,1648,760,888
050,13,021,"Georgia","Bibb County",2,45,1715,795,920
050,13,021,"Georgia","Bibb County",2,46,1710,802,908
050,13,021,"Georgia","Bibb County",2,47,1808,865,943
050,13,021,"Georgia","Bibb County",2,48,1843,871,972
050,13,021,"Georgia","Bibb County",2,49,2011,1004,1007
050,13,021,"Georgia","Bibb County",2,50,1882,923,959
050,13,021,"Georgia","Bibb County",2,51,1711,806,905
050,13,021,"Georgia","Bibb County",2,52,1710,791,919
050,13,021,"Georgia","Bibb County",2,53,1775,824,951
050,13,021,"Georgia","Bibb County",2,54,1879,879,1000
050,13,021,"Georgia","Bibb County",2,55,1958,915,1043
050,13,021,"Georgia","Bibb County",2,56,2035,968,1067
050,13,021,"Georgia","Bibb County",2,57,1993,918,1075
050,13,021,"Georgia","Bibb County",2,58,1975,899,1076
050,13,021,"Georgia","Bibb County",2,59,2011,937,1074
050,13,021,"Georgia","Bibb County",2,60,2003,905,1098
050,13,021,"Georgia","Bibb County",2,61,2018,926,1092
050,13,021,"Georgia","Bibb County",2,62,2019,945,1074
050,13,021,"Georgia","Bibb County",2,63,1944,901,1043
050,13,021,"Georgia","Bibb County",2,64,1836,837,999
050,13,021,"Georgia","Bibb County",2,65,1776,798,978
050,13,021,"Georgia","Bibb County",2,66,1764,802,962
050,13,021,"Georgia","Bibb County",2,67,1676,773,903
050,13,021,"Georgia","Bibb County",2,68,1633,757,876
050,13,021,"Georgia","Bibb County",2,69,1536,691,845
050,13,021,"Georgia","Bibb County",2,70,1485,645,840
050,13,021,"Georgia","Bibb County",2,71,1493,641,852
050,13,021,"Georgia","Bibb County",2,72,1439,625,814
050,13,021,"Georgia","Bibb County",2,73,1463,649,814
050,13,021,"Georgia","Bibb County",2,74,1033,444,589
050,13,021,"Georgia","Bibb County",2,75,962,412,550
050,13,021,"Georgia","Bibb County",2,76,916,392,524
050,13,021,"Georgia","Bibb County",2,77,928,378,550
050,13,021,"Georgia","Bibb County",2,78,789,313,476
050,13,021,"Georgia","Bibb County",2,79,732,288,444
050,13,021,"Georgia","Bibb County",2,80,659,239,420
050,13,021,"Georgia","Bibb County",2,81,604,225,379
050,13,021,"Georgia","Bibb County",2,82,545,204,341
050,13,021,"Georgia","Bibb County",2,83,505,189,316
050,13,021,"Georgia","Bibb County",2,84,493,182,311
050,13,021,"Georgia","Bibb County",2,85,2724,848,1876
050,13,021,"Georgia","Bibb County",3,0,1914,949,965
050,13,021,"Georgia","Bibb County",3,1,2018,1048,970
050,13,021,"Georgia","Bibb County",3,2,1912,950,962
050,13,021,"Georgia","Bibb County",3,3,2027,1036,991
050,13,021,"Georgia","Bibb County",3,4,2064,1053,1011
050,13,021,"Georgia","Bibb County",3,5,2059,1024,1035
050,13,021,"Georgia","Bibb County",3,6,2152,1093,1059
050,13,021,"Georgia","Bibb County",3,7,2133,1078,1055
050,13,021,"Georgia","Bibb County",3,8,2119,1040,1079
050,13,021,"Georgia","Bibb County",3,9,2168,1102,1066
050,13,021,"Georgia","Bibb County",3,10,2162,1120,1042
050,13,021,"Georgia","Bibb County",3,11,2195,1141,1054
050,13,021,"Georgia","Bibb County",3,12,2237,1158,1079
050,13,021,"Georgia","Bibb County",3,13,2238,1147,1091
050,13,021,"Georgia","Bibb County",3,14,2229,1129,1100
050,13,021,"Georgia","Bibb County",3,15,2153,1083,1070
050,13,021,"Georgia","Bibb County",3,16,2137,1112,1025
050,13,021,"Georgia","Bibb County",3,17,2113,1092,1021
050,13,021,"Georgia","Bibb County",3,18,2087,1038,1049
050,13,021,"Georgia","Bibb County",3,19,2163,1016,1147
050,13,021,"Georgia","Bibb County",3,20,2209,1051,1158
050,13,021,"Georgia","Bibb County",3,21,2117,1021,1096
050,13,021,"Georgia","Bibb County",3,22,2106,1028,1078
050,13,021,"Georgia","Bibb County",3,23,2102,978,1124
050,13,021,"Georgia","Bibb County",3,24,2174,1061,1113
050,13,021,"Georgia","Bibb County",3,25,2135,1021,1114
050,13,021,"Georgia","Bibb County",3,26,2181,1040,1141
050,13,021,"Georgia","Bibb County",3,27,2241,1049,1192
050,13,021,"Georgia","Bibb County",3,28,2246,1056,1190
050,13,021,"Georgia","Bibb County",3,29,2257,1089,1168
050,13,021,"Georgia","Bibb County",3,30,2328,1088,1240
050,13,021,"Georgia","Bibb County",3,31,2326,1089,1237
050,13,021,"Georgia","Bibb County",3,32,2134,982,1152
050,13,021,"Georgia","Bibb County",3,33,2052,975,1077
050,13,021,"Georgia","Bibb County",3,34,1922,874,1048
050,13,021,"Georgia","Bibb County",3,35,1942,905,1037
050,13,021,"Georgia","Bibb County",3,36,1924,898,1026
050,13,021,"Georgia","Bibb County",3,37,1862,886,976
050,13,021,"Georgia","Bibb County",3,38,1922,898,1024
050,13,021,"Georgia","Bibb County",3,39,1871,865,1006
050,13,021,"Georgia","Bibb County",3,40,1936,913,1023
050,13,021,"Georgia","Bibb County",3,41,1925,897,1028
050,13,021,"Georgia","Bibb County",3,42,1838,868,970
050,13,021,"Georgia","Bibb County",3,43,1754,845,909
050,13,021,"Georgia","Bibb County",3,44,1734,820,914
050,13,021,"Georgia","Bibb County",3,45,1666,763,903
050,13,021,"Georgia","Bibb County",3,46,1710,793,917
050,13,021,"Georgia","Bibb County",3,47,1734,823,911
050,13,021,"Georgia","Bibb County",3,48,1739,799,940
050,13,021,"Georgia","Bibb County",3,49,1898,934,964
050,13,021,"Georgia","Bibb County",3,50,1967,958,1009
050,13,021,"Georgia","Bibb County",3,51,1826,861,965
050,13,021,"Georgia","Bibb County",3,52,1740,828,912
050,13,021,"Georgia","Bibb County",3,53,1679,761,918
050,13,021,"Georgia","Bibb County",3,54,1758,820,938
050,13,021,"Georgia","Bibb County",3,55,1836,844,992
050,13,021,"Georgia","Bibb County",3,56,1952,904,1048
050,13,021,"Georgia","Bibb County",3,57,2007,944,1063
050,13,021,"Georgia","Bibb County",3,58,1948,901,1047
050,13,021,"Georgia","Bibb County",3,59,1920,874,1046
050,13,021,"Georgia","Bibb County",3,60,1942,894,1048
050,13,021,"Georgia","Bibb County",3,61,1950,875,1075
050,13,021,"Georgia","Bibb County",3,62,1972,904,1068
050,13,021,"Georgia","Bibb County",3,63,1966,895,1071
050,13,021,"Georgia","Bibb County",3,64,1909,894,1015
050,13,021,"Georgia","Bibb County",3,65,1762,792,970
050,13,021,"Georgia","Bibb County",3,66,1732,768,964
050,13,021,"Georgia","Bibb County",3,67,1713,775,938
050,13,021,"Georgia","Bibb County",3,68,1636,755,881
050,13,021,"Georgia","Bibb County",3,69,1566,718,848
050,13,021,"Georgia","Bibb County",3,70,1456,643,813
050,13,021,"Georgia","Bibb County",3,71,1452,622,830
050,13,021,"Georgia","Bibb County",3,72,1412,599,813
050,13,021,"Georgia","Bibb County",3,73,1385,598,787
050,13,021,"Georgia","Bibb County",3,74,1392,627,765
050,13,021,"Georgia","Bibb County",3,75,982,408,574
050,13,021,"Georgia","Bibb County",3,76,914,389,525
050,13,021,"Georgia","Bibb County",3,77,857,348,509
050,13,021,"Georgia","Bibb County",3,78,885,353,532
050,13,021,"Georgia","Bibb County",3,79,749,297,452
050,13,021,"Georgia","Bibb County",3,80,668,249,419
050,13,021,"Georgia","Bibb County",3,81,610,227,383
050,13,021,"Georgia","Bibb County",3,82,563,206,357
050,13,021,"Georgia","Bibb County",3,83,492,173,319
050,13,021,"Georgia","Bibb County",3,84,455,164,291
050,13,021,"Georgia","Bibb County",3,85,2662,858,1804
050,13,021,"Georgia","Bibb County",4,0,1952,979,973
050,13,021,"Georgia","Bibb County",4,1,1945,971,974
050,13,021,"Georgia","Bibb County",4,2,2073,1074,999
050,13,021,"Georgia","Bibb County",4,3,1936,957,979
050,13,021,"Georgia","Bibb County",4,4,2070,1068,1002
050,13,021,"Georgia","Bibb County",4,5,2075,1042,1033
050,13,021,"Georgia","Bibb County",4,6,2080,1037,1043
050,13,021,"Georgia","Bibb County",4,7,2169,1101,1068
050,13,021,"Georgia","Bibb County",4,8,2174,1093,1081
050,13,021,"Georgia","Bibb County",4,9,2137,1043,1094
050,13,021,"Georgia","Bibb County",4,10,2200,1136,1064
050,13,021,"Georgia","Bibb County",4,11,2163,1103,1060
050,13,021,"Georgia","Bibb County",4,12,2206,1151,1055
050,13,021,"Georgia","Bibb County",4,13,2236,1149,1087
050,13,021,"Georgia","Bibb County",4,14,2242,1175,1067
050,13,021,"Georgia","Bibb County",4,15,2212,1126,1086
050,13,021,"Georgia","Bibb County",4,16,2171,1090,1081
050,13,021,"Georgia","Bibb County",4,17,2165,1128,1037
050,13,021,"Georgia","Bibb County",4,18,2013,1026,987
050,13,021,"Georgia","Bibb County",4,19,2033,975,1058
050,13,021,"Georgia","Bibb County",4,20,2087,993,1094
050,13,021,"Georgia","Bibb County",4,21,2072,998,1074
050,13,021,"Georgia","Bibb County",4,22,2185,1052,1133
050,13,021,"Georgia","Bibb County",4,23,2048,969,1079
050,13,021,"Georgia","Bibb County",4,24,2175,1061,1114
050,13,021,"Georgia","Bibb County",4,25,2173,1031,1142
050,13,021,"Georgia","Bibb County",4,26,2132,1011,1121
050,13,021,"Georgia","Bibb County",4,27,2178,1047,1131
050,13,021,"Georgia","Bibb County",4,28,2207,1028,1179
050,13,021,"Georgia","Bibb County",4,29,2249,1072,1177
050,13,021,"Georgia","Bibb County",4,30,2264,1085,1179
050,13,021,"Georgia","Bibb County",4,31,2329,1086,1243
050,13,021,"Georgia","Bibb County",4,32,2352,1093,1259
050,13,021,"Georgia","Bibb County",4,33,2165,1007,1158
050,13,021,"Georgia","Bibb County",4,34,2006,924,1082
050,13,021,"Georgia","Bibb County",4,35,1946,872,1074
050,13,021,"Georgia","Bibb County",4,36,1930,906,1024
050,13,021,"Georgia","Bibb County",4,37,1955,924,1031
050,13,021,"Georgia","Bibb County",4,38,1912,941,971
050,13,021,"Georgia","Bibb County",4,39,1841,844,997
050,13,021,"Georgia","Bibb County",4,40,1868,877,991
050,13,021,"Georgia","Bibb County",4,41,1936,927,1009
050,13,021,"Georgia","Bibb County",4,42,1907,880,1027
050,13,021,"Georgia","Bibb County",4,43,1785,837,948
050,13,021,"Georgia","Bibb County",4,44,1753,842,911
050,13,021,"Georgia","Bibb County",4,45,1747,825,922
050,13,021,"Georgia","Bibb County",4,46,1639,761,878
050,13,021,"Georgia","Bibb County",4,47,1775,851,924
050,13,021,"Georgia","Bibb County",4,48,1657,767,890
050,13,021,"Georgia","Bibb County",4,49,1799,874,925
050,13,021,"Georgia","Bibb County",4,50,1837,876,961
050,13,021,"Georgia","Bibb County",4,51,1913,915,998
050,13,021,"Georgia","Bibb County",4,52,1859,874,985
050,13,021,"Georgia","Bibb County",4,53,1733,821,912
050,13,021,"Georgia","Bibb County",4,54,1679,762,917
050,13,021,"Georgia","Bibb County",4,55,1751,795,956
050,13,021,"Georgia","Bibb County",4,56,1848,859,989
050,13,021,"Georgia","Bibb County",4,57,1919,893,1026
050,13,021,"Georgia","Bibb County",4,58,1986,928,1058
050,13,021,"Georgia","Bibb County",4,59,1924,903,1021
050,13,021,"Georgia","Bibb County",4,60,1867,841,1026
050,13,021,"Georgia","Bibb County",4,61,1903,876,1027
050,13,021,"Georgia","Bibb County",4,62,1926,875,1051
050,13,021,"Georgia","Bibb County",4,63,1887,842,1045
050,13,021,"Georgia","Bibb County",4,64,1927,886,1041
050,13,021,"Georgia","Bibb County",4,65,1814,839,975
050,13,021,"Georgia","Bibb County",4,66,1771,800,971
050,13,021,"Georgia","Bibb County",4,67,1693,757,936
050,13,021,"Georgia","Bibb County",4,68,1685,756,929
050,13,021,"Georgia","Bibb County",4,69,1570,714,856
050,13,021,"Georgia","Bibb County",4,70,1499,681,818
050,13,021,"Georgia","Bibb County",4,71,1425,630,795
050,13,021,"Georgia","Bibb County",4,72,1395,602,793
050,13,021,"Georgia","Bibb County",4,73,1368,578,790
050,13,021,"Georgia","Bibb County",4,74,1348,584,764
050,13,021,"Georgia","Bibb County",4,75,1336,592,744
050,13,021,"Georgia","Bibb County",4,76,946,392,554
050,13,021,"Georgia","Bibb County",4,77,867,362,505
050,13,021,"Georgia","Bibb County",4,78,806,326,480
050,13,021,"Georgia","Bibb County",4,79,844,334,510
050,13,021,"Georgia","Bibb County",4,80,677,264,413
050,13,021,"Georgia","Bibb County",4,81,622,231,391
050,13,021,"Georgia","Bibb County",4,82,560,210,350
050,13,021,"Georgia","Bibb County",4,83,525,179,346
050,13,021,"Georgia","Bibb County",4,84,461,155,306
050,13,021,"Georgia","Bibb County",4,85,2631,869,1762
050,13,021,"Georgia","Bibb County",5,0,2034,1020,1014
050,13,021,"Georgia","Bibb County",5,1,2012,1006,1006
050,13,021,"Georgia","Bibb County",5,2,1968,989,979
050,13,021,"Georgia","Bibb County",5,3,2068,1075,993
050,13,021,"Georgia","Bibb County",5,4,1974,992,982
050,13,021,"Georgia","Bibb County",5,5,2053,1051,1002
050,13,021,"Georgia","Bibb County",5,6,2080,1053,1027
050,13,021,"Georgia","Bibb County",5,7,2088,1038,1050
050,13,021,"Georgia","Bibb County",5,8,2187,1095,1092
050,13,021,"Georgia","Bibb County",5,9,2170,1102,1068
050,13,021,"Georgia","Bibb County",5,10,2148,1058,1090
050,13,021,"Georgia","Bibb County",5,11,2231,1153,1078
050,13,021,"Georgia","Bibb County",5,12,2147,1097,1050
050,13,021,"Georgia","Bibb County",5,13,2218,1141,1077
050,13,021,"Georgia","Bibb County",5,14,2230,1138,1092
050,13,021,"Georgia","Bibb County",5,15,2242,1172,1070
050,13,021,"Georgia","Bibb County",5,16,2217,1129,1088
050,13,021,"Georgia","Bibb County",5,17,2145,1072,1073
050,13,021,"Georgia","Bibb County",5,18,2035,1032,1003
050,13,021,"Georgia","Bibb County",5,19,2004,965,1039
050,13,021,"Georgia","Bibb County",5,20,2073,992,1081
050,13,021,"Georgia","Bibb County",5,21,2021,970,1051
050,13,021,"Georgia","Bibb County",5,22,2212,1078,1134
050,13,021,"Georgia","Bibb County",5,23,2093,964,1129
050,13,021,"Georgia","Bibb County",5,24,2050,978,1072
050,13,021,"Georgia","Bibb County",5,25,2093,1005,1088
050,13,021,"Georgia","Bibb County",5,26,2151,1032,1119
050,13,021,"Georgia","Bibb County",5,27,2159,1006,1153
050,13,021,"Georgia","Bibb County",5,28,2178,1010,1168
050,13,021,"Georgia","Bibb County",5,29,2187,1024,1163
050,13,021,"Georgia","Bibb County",5,30,2273,1069,1204
050,13,021,"Georgia","Bibb County",5,31,2251,1058,1193
050,13,021,"Georgia","Bibb County",5,32,2325,1096,1229
050,13,021,"Georgia","Bibb County",5,33,2322,1082,1240
050,13,021,"Georgia","Bibb County",5,34,2171,992,1179
050,13,021,"Georgia","Bibb County",5,35,2014,925,1089
050,13,021,"Georgia","Bibb County",5,36,1916,848,1068
050,13,021,"Georgia","Bibb County",5,37,1947,919,1028
050,13,021,"Georgia","Bibb County",5,38,2027,994,1033
050,13,021,"Georgia","Bibb County",5,39,1849,884,965
050,13,021,"Georgia","Bibb County",5,40,1799,819,980
050,13,021,"Georgia","Bibb County",5,41,1886,869,1017
050,13,021,"Georgia","Bibb County",5,42,1975,942,1033
050,13,021,"Georgia","Bibb County",5,43,1908,858,1050
050,13,021,"Georgia","Bibb County",5,44,1764,820,944
050,13,021,"Georgia","Bibb County",5,45,1770,848,922
050,13,021,"Georgia","Bibb County",5,46,1722,820,902
050,13,021,"Georgia","Bibb County",5,47,1676,794,882
050,13,021,"Georgia","Bibb County",5,48,1727,807,920
050,13,021,"Georgia","Bibb County",5,49,1738,842,896
050,13,021,"Georgia","Bibb County",5,50,1738,820,918
050,13,021,"Georgia","Bibb County",5,51,1765,821,944
050,13,021,"Georgia","Bibb County",5,52,1948,943,1005
050,13,021,"Georgia","Bibb County",5,53,1834,850,984
050,13,021,"Georgia","Bibb County",5,54,1727,819,908
050,13,021,"Georgia","Bibb County",5,55,1678,760,918
050,13,021,"Georgia","Bibb County",5,56,1781,812,969
050,13,021,"Georgia","Bibb County",5,57,1798,842,956
050,13,021,"Georgia","Bibb County",5,58,1876,870,1006
050,13,021,"Georgia","Bibb County",5,59,1970,912,1058
050,13,021,"Georgia","Bibb County",5,60,1876,861,1015
050,13,021,"Georgia","Bibb County",5,61,1871,850,1021
050,13,021,"Georgia","Bibb County",5,62,1885,871,1014
050,13,021,"Georgia","Bibb County",5,63,1905,860,1045
050,13,021,"Georgia","Bibb County",5,64,1833,824,1009
050,13,021,"Georgia","Bibb County",5,65,1872,849,1023
050,13,021,"Georgia","Bibb County",5,66,1805,826,979
050,13,021,"Georgia","Bibb County",5,67,1735,789,946
050,13,021,"Georgia","Bibb County",5,68,1679,751,928
050,13,021,"Georgia","Bibb County",5,69,1637,723,914
050,13,021,"Georgia","Bibb County",5,70,1498,669,829
050,13,021,"Georgia","Bibb County",5,71,1463,661,802
050,13,021,"Georgia","Bibb County",5,72,1373,602,771
050,13,021,"Georgia","Bibb County",5,73,1351,585,766
050,13,021,"Georgia","Bibb County",5,74,1335,568,767
050,13,021,"Georgia","Bibb County",5,75,1303,561,742
050,13,021,"Georgia","Bibb County",5,76,1294,576,718
050,13,021,"Georgia","Bibb County",5,77,902,366,536
050,13,021,"Georgia","Bibb County",5,78,844,350,494
050,13,021,"Georgia","Bibb County",5,79,781,309,472
050,13,021,"Georgia","Bibb County",5,80,780,304,476
050,13,021,"Georgia","Bibb County",5,81,625,242,383
050,13,021,"Georgia","Bibb County",5,82,582,211,371
050,13,021,"Georgia","Bibb County",5,83,517,185,332
050,13,021,"Georgia","Bibb County",5,84,494,160,334
050,13,021,"Georgia","Bibb County",5,85,2629,864,1765
050,13,023,"Georgia","Bleckley County",1,0,123,64,59
050,13,023,"Georgia","Bleckley County",1,1,126,71,55
050,13,023,"Georgia","Bleckley County",1,2,123,59,64
050,13,023,"Georgia","Bleckley County",1,3,135,63,72
050,13,023,"Georgia","Bleckley County",1,4,131,66,65
050,13,023,"Georgia","Bleckley County",1,5,142,75,67
050,13,023,"Georgia","Bleckley County",1,6,139,73,66
050,13,023,"Georgia","Bleckley County",1,7,137,79,58
050,13,023,"Georgia","Bleckley County",1,8,149,85,64
050,13,023,"Georgia","Bleckley County",1,9,154,86,68
050,13,023,"Georgia","Bleckley County",1,10,147,85,62
050,13,023,"Georgia","Bleckley County",1,11,152,76,76
050,13,023,"Georgia","Bleckley County",1,12,154,72,82
050,13,023,"Georgia","Bleckley County",1,13,143,75,68
050,13,023,"Georgia","Bleckley County",1,14,146,77,69
050,13,023,"Georgia","Bleckley County",1,15,129,69,60
050,13,023,"Georgia","Bleckley County",1,16,154,77,77
050,13,023,"Georgia","Bleckley County",1,17,161,73,88
050,13,023,"Georgia","Bleckley County",1,18,310,147,163
050,13,023,"Georgia","Bleckley County",1,19,481,221,260
050,13,023,"Georgia","Bleckley County",1,20,319,160,159
050,13,023,"Georgia","Bleckley County",1,21,189,97,92
050,13,023,"Georgia","Bleckley County",1,22,168,75,93
050,13,023,"Georgia","Bleckley County",1,23,157,75,82
050,13,023,"Georgia","Bleckley County",1,24,143,74,69
050,13,023,"Georgia","Bleckley County",1,25,157,70,87
050,13,023,"Georgia","Bleckley County",1,26,144,74,70
050,13,023,"Georgia","Bleckley County",1,27,152,72,80
050,13,023,"Georgia","Bleckley County",1,28,166,79,87
050,13,023,"Georgia","Bleckley County",1,29,174,81,93
050,13,023,"Georgia","Bleckley County",1,30,151,73,78
050,13,023,"Georgia","Bleckley County",1,31,149,73,76
050,13,023,"Georgia","Bleckley County",1,32,131,57,74
050,13,023,"Georgia","Bleckley County",1,33,141,69,72
050,13,023,"Georgia","Bleckley County",1,34,151,70,81
050,13,023,"Georgia","Bleckley County",1,35,130,54,76
050,13,023,"Georgia","Bleckley County",1,36,125,52,73
050,13,023,"Georgia","Bleckley County",1,37,133,60,73
050,13,023,"Georgia","Bleckley County",1,38,129,61,68
050,13,023,"Georgia","Bleckley County",1,39,137,57,80
050,13,023,"Georgia","Bleckley County",1,40,147,66,81
050,13,023,"Georgia","Bleckley County",1,41,154,76,78
050,13,023,"Georgia","Bleckley County",1,42,146,69,77
050,13,023,"Georgia","Bleckley County",1,43,139,70,69
050,13,023,"Georgia","Bleckley County",1,44,119,66,53
050,13,023,"Georgia","Bleckley County",1,45,131,68,63
050,13,023,"Georgia","Bleckley County",1,46,126,55,71
050,13,023,"Georgia","Bleckley County",1,47,147,69,78
050,13,023,"Georgia","Bleckley County",1,48,172,83,89
050,13,023,"Georgia","Bleckley County",1,49,168,90,78
050,13,023,"Georgia","Bleckley County",1,50,158,85,73
050,13,023,"Georgia","Bleckley County",1,51,154,80,74
050,13,023,"Georgia","Bleckley County",1,52,140,71,69
050,13,023,"Georgia","Bleckley County",1,53,152,66,86
050,13,023,"Georgia","Bleckley County",1,54,169,77,92
050,13,023,"Georgia","Bleckley County",1,55,168,88,80
050,13,023,"Georgia","Bleckley County",1,56,198,101,97
050,13,023,"Georgia","Bleckley County",1,57,188,79,109
050,13,023,"Georgia","Bleckley County",1,58,192,99,93
050,13,023,"Georgia","Bleckley County",1,59,170,88,82
050,13,023,"Georgia","Bleckley County",1,60,171,87,84
050,13,023,"Georgia","Bleckley County",1,61,163,71,92
050,13,023,"Georgia","Bleckley County",1,62,150,64,86
050,13,023,"Georgia","Bleckley County",1,63,157,81,76
050,13,023,"Georgia","Bleckley County",1,64,154,75,79
050,13,023,"Georgia","Bleckley County",1,65,143,67,76
050,13,023,"Georgia","Bleckley County",1,66,128,62,66
050,13,023,"Georgia","Bleckley County",1,67,115,56,59
050,13,023,"Georgia","Bleckley County",1,68,114,49,65
050,13,023,"Georgia","Bleckley County",1,69,108,53,55
050,13,023,"Georgia","Bleckley County",1,70,105,51,54
050,13,023,"Georgia","Bleckley County",1,71,110,48,62
050,13,023,"Georgia","Bleckley County",1,72,131,60,71
050,13,023,"Georgia","Bleckley County",1,73,128,63,65
050,13,023,"Georgia","Bleckley County",1,74,96,48,48
050,13,023,"Georgia","Bleckley County",1,75,99,39,60
050,13,023,"Georgia","Bleckley County",1,76,91,37,54
050,13,023,"Georgia","Bleckley County",1,77,97,45,52
050,13,023,"Georgia","Bleckley County",1,78,71,28,43
050,13,023,"Georgia","Bleckley County",1,79,65,28,37
050,13,023,"Georgia","Bleckley County",1,80,63,26,37
050,13,023,"Georgia","Bleckley County",1,81,56,20,36
050,13,023,"Georgia","Bleckley County",1,82,60,24,36
050,13,023,"Georgia","Bleckley County",1,83,53,24,29
050,13,023,"Georgia","Bleckley County",1,84,49,16,33
050,13,023,"Georgia","Bleckley County",1,85,288,99,189
050,13,023,"Georgia","Bleckley County",2,0,128,68,60
050,13,023,"Georgia","Bleckley County",2,1,125,69,56
050,13,023,"Georgia","Bleckley County",2,2,121,61,60
050,13,023,"Georgia","Bleckley County",2,3,131,61,70
050,13,023,"Georgia","Bleckley County",2,4,131,64,67
050,13,023,"Georgia","Bleckley County",2,5,141,73,68
050,13,023,"Georgia","Bleckley County",2,6,142,73,69
050,13,023,"Georgia","Bleckley County",2,7,137,77,60
050,13,023,"Georgia","Bleckley County",2,8,145,83,62
050,13,023,"Georgia","Bleckley County",2,9,152,86,66
050,13,023,"Georgia","Bleckley County",2,10,148,85,63
050,13,023,"Georgia","Bleckley County",2,11,148,77,71
050,13,023,"Georgia","Bleckley County",2,12,154,73,81
050,13,023,"Georgia","Bleckley County",2,13,145,74,71
050,13,023,"Georgia","Bleckley County",2,14,145,76,69
050,13,023,"Georgia","Bleckley County",2,15,134,71,63
050,13,023,"Georgia","Bleckley County",2,16,149,76,73
050,13,023,"Georgia","Bleckley County",2,17,163,74,89
050,13,023,"Georgia","Bleckley County",2,18,303,144,159
050,13,023,"Georgia","Bleckley County",2,19,474,218,256
050,13,023,"Georgia","Bleckley County",2,20,318,159,159
050,13,023,"Georgia","Bleckley County",2,21,188,96,92
050,13,023,"Georgia","Bleckley County",2,22,165,76,89
050,13,023,"Georgia","Bleckley County",2,23,156,75,81
050,13,023,"Georgia","Bleckley County",2,24,143,74,69
050,13,023,"Georgia","Bleckley County",2,25,152,71,81
050,13,023,"Georgia","Bleckley County",2,26,143,72,71
050,13,023,"Georgia","Bleckley County",2,27,150,74,76
050,13,023,"Georgia","Bleckley County",2,28,161,76,85
050,13,023,"Georgia","Bleckley County",2,29,168,78,90
050,13,023,"Georgia","Bleckley County",2,30,157,76,81
050,13,023,"Georgia","Bleckley County",2,31,146,73,73
050,13,023,"Georgia","Bleckley County",2,32,135,61,74
050,13,023,"Georgia","Bleckley County",2,33,139,66,73
050,13,023,"Georgia","Bleckley County",2,34,146,69,77
050,13,023,"Georgia","Bleckley County",2,35,134,57,77
050,13,023,"Georgia","Bleckley County",2,36,125,52,73
050,13,023,"Georgia","Bleckley County",2,37,128,58,70
050,13,023,"Georgia","Bleckley County",2,38,129,61,68
050,13,023,"Georgia","Bleckley County",2,39,135,58,77
050,13,023,"Georgia","Bleckley County",2,40,143,65,78
050,13,023,"Georgia","Bleckley County",2,41,150,73,77
050,13,023,"Georgia","Bleckley County",2,42,148,71,77
050,13,023,"Georgia","Bleckley County",2,43,142,71,71
050,13,023,"Georgia","Bleckley County",2,44,122,66,56
050,13,023,"Georgia","Bleckley County",2,45,131,70,61
050,13,023,"Georgia","Bleckley County",2,46,128,59,69
050,13,023,"Georgia","Bleckley County",2,47,141,65,76
050,13,023,"Georgia","Bleckley County",2,48,165,81,84
050,13,023,"Georgia","Bleckley County",2,49,170,90,80
050,13,023,"Georgia","Bleckley County",2,50,157,85,72
050,13,023,"Georgia","Bleckley County",2,51,153,80,73
050,13,023,"Georgia","Bleckley County",2,52,143,74,69
050,13,023,"Georgia","Bleckley County",2,53,148,66,82
050,13,023,"Georgia","Bleckley County",2,54,163,73,90
050,13,023,"Georgia","Bleckley County",2,55,167,85,82
050,13,023,"Georgia","Bleckley County",2,56,191,98,93
050,13,023,"Georgia","Bleckley County",2,57,190,85,105
050,13,023,"Georgia","Bleckley County",2,58,190,93,97
050,13,023,"Georgia","Bleckley County",2,59,174,90,84
050,13,023,"Georgia","Bleckley County",2,60,171,87,84
050,13,023,"Georgia","Bleckley County",2,61,164,75,89
050,13,023,"Georgia","Bleckley County",2,62,149,65,84
050,13,023,"Georgia","Bleckley County",2,63,157,78,79
050,13,023,"Georgia","Bleckley County",2,64,153,74,79
050,13,023,"Georgia","Bleckley County",2,65,144,68,76
050,13,023,"Georgia","Bleckley County",2,66,132,65,67
050,13,023,"Georgia","Bleckley County",2,67,118,57,61
050,13,023,"Georgia","Bleckley County",2,68,112,49,63
050,13,023,"Georgia","Bleckley County",2,69,110,53,57
050,13,023,"Georgia","Bleckley County",2,70,105,51,54
050,13,023,"Georgia","Bleckley County",2,71,109,49,60
050,13,023,"Georgia","Bleckley County",2,72,122,55,67
050,13,023,"Georgia","Bleckley County",2,73,136,66,70
050,13,023,"Georgia","Bleckley County",2,74,97,48,49
050,13,023,"Georgia","Bleckley County",2,75,97,41,56
050,13,023,"Georgia","Bleckley County",2,76,92,37,55
050,13,023,"Georgia","Bleckley County",2,77,97,44,53
050,13,023,"Georgia","Bleckley County",2,78,76,31,45
050,13,023,"Georgia","Bleckley County",2,79,64,28,36
050,13,023,"Georgia","Bleckley County",2,80,63,25,38
050,13,023,"Georgia","Bleckley County",2,81,56,22,34
050,13,023,"Georgia","Bleckley County",2,82,57,22,35
050,13,023,"Georgia","Bleckley County",2,83,55,24,31
050,13,023,"Georgia","Bleckley County",2,84,50,18,32
050,13,023,"Georgia","Bleckley County",2,85,287,99,188
050,13,023,"Georgia","Bleckley County",3,0,126,60,66
050,13,023,"Georgia","Bleckley County",3,1,127,67,60
050,13,023,"Georgia","Bleckley County",3,2,127,68,59
050,13,023,"Georgia","Bleckley County",3,3,118,58,60
050,13,023,"Georgia","Bleckley County",3,4,130,62,68
050,13,023,"Georgia","Bleckley County",3,5,126,62,64
050,13,023,"Georgia","Bleckley County",3,6,143,72,71
050,13,023,"Georgia","Bleckley County",3,7,132,70,62
050,13,023,"Georgia","Bleckley County",3,8,136,73,63
050,13,023,"Georgia","Bleckley County",3,9,141,82,59
050,13,023,"Georgia","Bleckley County",3,10,157,92,65
050,13,023,"Georgia","Bleckley County",3,11,147,84,63
050,13,023,"Georgia","Bleckley County",3,12,156,82,74
050,13,023,"Georgia","Bleckley County",3,13,149,70,79
050,13,023,"Georgia","Bleckley County",3,14,157,85,72
050,13,023,"Georgia","Bleckley County",3,15,141,77,64
050,13,023,"Georgia","Bleckley County",3,16,141,76,65
050,13,023,"Georgia","Bleckley County",3,17,152,71,81
050,13,023,"Georgia","Bleckley County",3,18,236,112,124
050,13,023,"Georgia","Bleckley County",3,19,332,152,180
050,13,023,"Georgia","Bleckley County",3,20,258,125,133
050,13,023,"Georgia","Bleckley County",3,21,178,88,90
050,13,023,"Georgia","Bleckley County",3,22,156,73,83
050,13,023,"Georgia","Bleckley County",3,23,161,75,86
050,13,023,"Georgia","Bleckley County",3,24,141,70,71
050,13,023,"Georgia","Bleckley County",3,25,149,69,80
050,13,023,"Georgia","Bleckley County",3,26,145,63,82
050,13,023,"Georgia","Bleckley County",3,27,142,73,69
050,13,023,"Georgia","Bleckley County",3,28,157,76,81
050,13,023,"Georgia","Bleckley County",3,29,165,80,85
050,13,023,"Georgia","Bleckley County",3,30,178,85,93
050,13,023,"Georgia","Bleckley County",3,31,162,79,83
050,13,023,"Georgia","Bleckley County",3,32,150,73,77
050,13,023,"Georgia","Bleckley County",3,33,138,63,75
050,13,023,"Georgia","Bleckley County",3,34,148,69,79
050,13,023,"Georgia","Bleckley County",3,35,143,63,80
050,13,023,"Georgia","Bleckley County",3,36,146,63,83
050,13,023,"Georgia","Bleckley County",3,37,125,57,68
050,13,023,"Georgia","Bleckley County",3,38,124,56,68
050,13,023,"Georgia","Bleckley County",3,39,147,65,82
050,13,023,"Georgia","Bleckley County",3,40,144,64,80
050,13,023,"Georgia","Bleckley County",3,41,143,67,76
050,13,023,"Georgia","Bleckley County",3,42,153,78,75
050,13,023,"Georgia","Bleckley County",3,43,141,71,70
050,13,023,"Georgia","Bleckley County",3,44,142,70,72
050,13,023,"Georgia","Bleckley County",3,45,130,69,61
050,13,023,"Georgia","Bleckley County",3,46,134,71,63
050,13,023,"Georgia","Bleckley County",3,47,129,61,68
050,13,023,"Georgia","Bleckley County",3,48,144,65,79
050,13,023,"Georgia","Bleckley County",3,49,167,82,85
050,13,023,"Georgia","Bleckley County",3,50,171,92,79
050,13,023,"Georgia","Bleckley County",3,51,157,81,76
050,13,023,"Georgia","Bleckley County",3,52,144,80,64
050,13,023,"Georgia","Bleckley County",3,53,144,70,74
050,13,023,"Georgia","Bleckley County",3,54,147,71,76
050,13,023,"Georgia","Bleckley County",3,55,160,73,87
050,13,023,"Georgia","Bleckley County",3,56,171,86,85
050,13,023,"Georgia","Bleckley County",3,57,195,99,96
050,13,023,"Georgia","Bleckley County",3,58,183,80,103
050,13,023,"Georgia","Bleckley County",3,59,182,88,94
050,13,023,"Georgia","Bleckley County",3,60,173,88,85
050,13,023,"Georgia","Bleckley County",3,61,169,88,81
050,13,023,"Georgia","Bleckley County",3,62,162,76,86
050,13,023,"Georgia","Bleckley County",3,63,149,65,84
050,13,023,"Georgia","Bleckley County",3,64,162,81,81
050,13,023,"Georgia","Bleckley County",3,65,148,72,76
050,13,023,"Georgia","Bleckley County",3,66,149,67,82
050,13,023,"Georgia","Bleckley County",3,67,131,64,67
050,13,023,"Georgia","Bleckley County",3,68,118,53,65
050,13,023,"Georgia","Bleckley County",3,69,101,43,58
050,13,023,"Georgia","Bleckley County",3,70,108,51,57
050,13,023,"Georgia","Bleckley County",3,71,102,49,53
050,13,023,"Georgia","Bleckley County",3,72,106,48,58
050,13,023,"Georgia","Bleckley County",3,73,113,51,62
050,13,023,"Georgia","Bleckley County",3,74,129,64,65
050,13,023,"Georgia","Bleckley County",3,75,91,44,47
050,13,023,"Georgia","Bleckley County",3,76,95,39,56
050,13,023,"Georgia","Bleckley County",3,77,84,34,50
050,13,023,"Georgia","Bleckley County",3,78,94,42,52
050,13,023,"Georgia","Bleckley County",3,79,69,29,40
050,13,023,"Georgia","Bleckley County",3,80,59,24,35
050,13,023,"Georgia","Bleckley County",3,81,55,22,33
050,13,023,"Georgia","Bleckley County",3,82,45,16,29
050,13,023,"Georgia","Bleckley County",3,83,53,19,34
050,13,023,"Georgia","Bleckley County",3,84,48,22,26
050,13,023,"Georgia","Bleckley County",3,85,289,99,190
050,13,023,"Georgia","Bleckley County",4,0,118,60,58
050,13,023,"Georgia","Bleckley County",4,1,135,64,71
050,13,023,"Georgia","Bleckley County",4,2,127,68,59
050,13,023,"Georgia","Bleckley County",4,3,130,70,60
050,13,023,"Georgia","Bleckley County",4,4,122,64,58
050,13,023,"Georgia","Bleckley County",4,5,137,68,69
050,13,023,"Georgia","Bleckley County",4,6,128,67,61
050,13,023,"Georgia","Bleckley County",4,7,148,76,72
050,13,023,"Georgia","Bleckley County",4,8,128,65,63
050,13,023,"Georgia","Bleckley County",4,9,137,70,67
050,13,023,"Georgia","Bleckley County",4,10,138,78,60
050,13,023,"Georgia","Bleckley County",4,11,157,91,66
050,13,023,"Georgia","Bleckley County",4,12,146,85,61
050,13,023,"Georgia","Bleckley County",4,13,163,87,76
050,13,023,"Georgia","Bleckley County",4,14,149,69,80
050,13,023,"Georgia","Bleckley County",4,15,161,87,74
050,13,023,"Georgia","Bleckley County",4,16,151,80,71
050,13,023,"Georgia","Bleckley County",4,17,150,79,71
050,13,023,"Georgia","Bleckley County",4,18,214,102,112
050,13,023,"Georgia","Bleckley County",4,19,306,142,164
050,13,023,"Georgia","Bleckley County",4,20,217,108,109
050,13,023,"Georgia","Bleckley County",4,21,177,84,93
050,13,023,"Georgia","Bleckley County",4,22,158,80,78
050,13,023,"Georgia","Bleckley County",4,23,147,68,79
050,13,023,"Georgia","Bleckley County",4,24,154,76,78
050,13,023,"Georgia","Bleckley County",4,25,150,63,87
050,13,023,"Georgia","Bleckley County",4,26,131,57,74
050,13,023,"Georgia","Bleckley County",4,27,132,59,73
050,13,023,"Georgia","Bleckley County",4,28,139,65,74
050,13,023,"Georgia","Bleckley County",4,29,158,75,83
050,13,023,"Georgia","Bleckley County",4,30,164,73,91
050,13,023,"Georgia","Bleckley County",4,31,177,88,89
050,13,023,"Georgia","Bleckley County",4,32,177,82,95
050,13,023,"Georgia","Bleckley County",4,33,151,66,85
050,13,023,"Georgia","Bleckley County",4,34,139,62,77
050,13,023,"Georgia","Bleckley County",4,35,145,68,77
050,13,023,"Georgia","Bleckley County",4,36,151,65,86
050,13,023,"Georgia","Bleckley County",4,37,146,66,80
050,13,023,"Georgia","Bleckley County",4,38,129,63,66
050,13,023,"Georgia","Bleckley County",4,39,132,54,78
050,13,023,"Georgia","Bleckley County",4,40,155,67,88
050,13,023,"Georgia","Bleckley County",4,41,148,63,85
050,13,023,"Georgia","Bleckley County",4,42,140,64,76
050,13,023,"Georgia","Bleckley County",4,43,154,82,72
050,13,023,"Georgia","Bleckley County",4,44,153,75,78
050,13,023,"Georgia","Bleckley County",4,45,149,73,76
050,13,023,"Georgia","Bleckley County",4,46,125,69,56
050,13,023,"Georgia","Bleckley County",4,47,131,68,63
050,13,023,"Georgia","Bleckley County",4,48,126,58,68
050,13,023,"Georgia","Bleckley County",4,49,145,67,78
050,13,023,"Georgia","Bleckley County",4,50,164,78,86
050,13,023,"Georgia","Bleckley County",4,51,179,94,85
050,13,023,"Georgia","Bleckley County",4,52,158,83,75
050,13,023,"Georgia","Bleckley County",4,53,155,80,75
050,13,023,"Georgia","Bleckley County",4,54,143,70,73
050,13,023,"Georgia","Bleckley County",4,55,143,70,73
050,13,023,"Georgia","Bleckley County",4,56,162,72,90
050,13,023,"Georgia","Bleckley County",4,57,180,92,88
050,13,023,"Georgia","Bleckley County",4,58,201,100,101
050,13,023,"Georgia","Bleckley County",4,59,177,75,102
050,13,023,"Georgia","Bleckley County",4,60,183,87,96
050,13,023,"Georgia","Bleckley County",4,61,171,89,82
050,13,023,"Georgia","Bleckley County",4,62,162,86,76
050,13,023,"Georgia","Bleckley County",4,63,161,79,82
050,13,023,"Georgia","Bleckley County",4,64,140,62,78
050,13,023,"Georgia","Bleckley County",4,65,159,82,77
050,13,023,"Georgia","Bleckley County",4,66,143,68,75
050,13,023,"Georgia","Bleckley County",4,67,152,69,83
050,13,023,"Georgia","Bleckley County",4,68,138,65,73
050,13,023,"Georgia","Bleckley County",4,69,110,49,61
050,13,023,"Georgia","Bleckley County",4,70,100,42,58
050,13,023,"Georgia","Bleckley County",4,71,101,45,56
050,13,023,"Georgia","Bleckley County",4,72,100,49,51
050,13,023,"Georgia","Bleckley County",4,73,105,47,58
050,13,023,"Georgia","Bleckley County",4,74,107,48,59
050,13,023,"Georgia","Bleckley County",4,75,126,61,65
050,13,023,"Georgia","Bleckley County",4,76,95,45,50
050,13,023,"Georgia","Bleckley County",4,77,85,36,49
050,13,023,"Georgia","Bleckley County",4,78,83,31,52
050,13,023,"Georgia","Bleckley County",4,79,88,40,48
050,13,023,"Georgia","Bleckley County",4,80,67,25,42
050,13,023,"Georgia","Bleckley County",4,81,56,22,34
050,13,023,"Georgia","Bleckley County",4,82,52,21,31
050,13,023,"Georgia","Bleckley County",4,83,40,14,26
050,13,023,"Georgia","Bleckley County",4,84,46,17,29
050,13,023,"Georgia","Bleckley County",4,85,302,106,196
050,13,023,"Georgia","Bleckley County",5,0,123,62,61
050,13,023,"Georgia","Bleckley County",5,1,129,59,70
050,13,023,"Georgia","Bleckley County",5,2,143,66,77
050,13,023,"Georgia","Bleckley County",5,3,123,68,55
050,13,023,"Georgia","Bleckley County",5,4,137,71,66
050,13,023,"Georgia","Bleckley County",5,5,122,62,60
050,13,023,"Georgia","Bleckley County",5,6,140,69,71
050,13,023,"Georgia","Bleckley County",5,7,128,65,63
050,13,023,"Georgia","Bleckley County",5,8,147,78,69
050,13,023,"Georgia","Bleckley County",5,9,128,64,64
050,13,023,"Georgia","Bleckley County",5,10,146,77,69
050,13,023,"Georgia","Bleckley County",5,11,150,87,63
050,13,023,"Georgia","Bleckley County",5,12,158,90,68
050,13,023,"Georgia","Bleckley County",5,13,156,84,72
050,13,023,"Georgia","Bleckley County",5,14,162,85,77
050,13,023,"Georgia","Bleckley County",5,15,156,69,87
050,13,023,"Georgia","Bleckley County",5,16,171,95,76
050,13,023,"Georgia","Bleckley County",5,17,156,75,81
050,13,023,"Georgia","Bleckley County",5,18,222,111,111
050,13,023,"Georgia","Bleckley County",5,19,315,145,170
050,13,023,"Georgia","Bleckley County",5,20,237,116,121
050,13,023,"Georgia","Bleckley County",5,21,154,76,78
050,13,023,"Georgia","Bleckley County",5,22,163,73,90
050,13,023,"Georgia","Bleckley County",5,23,155,78,77
050,13,023,"Georgia","Bleckley County",5,24,145,69,76
050,13,023,"Georgia","Bleckley County",5,25,164,73,91
050,13,023,"Georgia","Bleckley County",5,26,144,62,82
050,13,023,"Georgia","Bleckley County",5,27,131,61,70
050,13,023,"Georgia","Bleckley County",5,28,137,60,77
050,13,023,"Georgia","Bleckley County",5,29,150,66,84
050,13,023,"Georgia","Bleckley County",5,30,154,73,81
050,13,023,"Georgia","Bleckley County",5,31,164,71,93
050,13,023,"Georgia","Bleckley County",5,32,187,86,101
050,13,023,"Georgia","Bleckley County",5,33,184,83,101
050,13,023,"Georgia","Bleckley County",5,34,148,65,83
050,13,023,"Georgia","Bleckley County",5,35,139,58,81
050,13,023,"Georgia","Bleckley County",5,36,164,73,91
050,13,023,"Georgia","Bleckley County",5,37,157,71,86
050,13,023,"Georgia","Bleckley County",5,38,144,70,74
050,13,023,"Georgia","Bleckley County",5,39,133,63,70
050,13,023,"Georgia","Bleckley County",5,40,136,58,78
050,13,023,"Georgia","Bleckley County",5,41,150,61,89
050,13,023,"Georgia","Bleckley County",5,42,146,67,79
050,13,023,"Georgia","Bleckley County",5,43,153,76,77
050,13,023,"Georgia","Bleckley County",5,44,160,84,76
050,13,023,"Georgia","Bleckley County",5,45,152,73,79
050,13,023,"Georgia","Bleckley County",5,46,148,72,76
050,13,023,"Georgia","Bleckley County",5,47,123,68,55
050,13,023,"Georgia","Bleckley County",5,48,134,69,65
050,13,023,"Georgia","Bleckley County",5,49,133,62,71
050,13,023,"Georgia","Bleckley County",5,50,141,65,76
050,13,023,"Georgia","Bleckley County",5,51,161,68,93
050,13,023,"Georgia","Bleckley County",5,52,172,95,77
050,13,023,"Georgia","Bleckley County",5,53,160,84,76
050,13,023,"Georgia","Bleckley County",5,54,154,79,75
050,13,023,"Georgia","Bleckley County",5,55,144,67,77
050,13,023,"Georgia","Bleckley County",5,56,144,70,74
050,13,023,"Georgia","Bleckley County",5,57,165,73,92
050,13,023,"Georgia","Bleckley County",5,58,176,93,83
050,13,023,"Georgia","Bleckley County",5,59,201,103,98
050,13,023,"Georgia","Bleckley County",5,60,176,77,99
050,13,023,"Georgia","Bleckley County",5,61,181,87,94
050,13,023,"Georgia","Bleckley County",5,62,164,87,77
050,13,023,"Georgia","Bleckley County",5,63,168,89,79
050,13,023,"Georgia","Bleckley County",5,64,155,75,80
050,13,023,"Georgia","Bleckley County",5,65,139,63,76
050,13,023,"Georgia","Bleckley County",5,66,160,82,78
050,13,023,"Georgia","Bleckley County",5,67,139,67,72
050,13,023,"Georgia","Bleckley County",5,68,155,70,85
050,13,023,"Georgia","Bleckley County",5,69,136,63,73
050,13,023,"Georgia","Bleckley County",5,70,108,47,61
050,13,023,"Georgia","Bleckley County",5,71,98,38,60
050,13,023,"Georgia","Bleckley County",5,72,101,46,55
050,13,023,"Georgia","Bleckley County",5,73,96,45,51
050,13,023,"Georgia","Bleckley County",5,74,99,45,54
050,13,023,"Georgia","Bleckley County",5,75,103,44,59
050,13,023,"Georgia","Bleckley County",5,76,128,61,67
050,13,023,"Georgia","Bleckley County",5,77,88,43,45
050,13,023,"Georgia","Bleckley County",5,78,83,33,50
050,13,023,"Georgia","Bleckley County",5,79,76,28,48
050,13,023,"Georgia","Bleckley County",5,80,86,38,48
050,13,023,"Georgia","Bleckley County",5,81,60,21,39
050,13,023,"Georgia","Bleckley County",5,82,53,21,32
050,13,023,"Georgia","Bleckley County",5,83,46,18,28
050,13,023,"Georgia","Bleckley County",5,84,34,11,23
050,13,023,"Georgia","Bleckley County",5,85,314,109,205
050,13,025,"Georgia","Brantley County",1,0,196,101,95
050,13,025,"Georgia","Brantley County",1,1,210,109,101
050,13,025,"Georgia","Brantley County",1,2,241,125,116
050,13,025,"Georgia","Brantley County",1,3,219,106,113
050,13,025,"Georgia","Brantley County",1,4,215,101,114
050,13,025,"Georgia","Brantley County",1,5,209,105,104
050,13,025,"Georgia","Brantley County",1,6,229,130,99
050,13,025,"Georgia","Brantley County",1,7,228,125,103
050,13,025,"Georgia","Brantley County",1,8,226,115,111
050,13,025,"Georgia","Brantley County",1,9,219,116,103
050,13,025,"Georgia","Brantley County",1,10,243,137,106
050,13,025,"Georgia","Brantley County",1,11,263,138,125
050,13,025,"Georgia","Brantley County",1,12,242,127,115
050,13,025,"Georgia","Brantley County",1,13,263,127,136
050,13,025,"Georgia","Brantley County",1,14,257,135,122
050,13,025,"Georgia","Brantley County",1,15,251,123,128
050,13,025,"Georgia","Brantley County",1,16,257,132,125
050,13,025,"Georgia","Brantley County",1,17,251,136,115
050,13,025,"Georgia","Brantley County",1,18,220,109,111
050,13,025,"Georgia","Brantley County",1,19,172,91,81
050,13,025,"Georgia","Brantley County",1,20,187,99,88
050,13,025,"Georgia","Brantley County",1,21,177,93,84
050,13,025,"Georgia","Brantley County",1,22,218,119,99
050,13,025,"Georgia","Brantley County",1,23,210,112,98
050,13,025,"Georgia","Brantley County",1,24,198,105,93
050,13,025,"Georgia","Brantley County",1,25,205,103,102
050,13,025,"Georgia","Brantley County",1,26,235,122,113
050,13,025,"Georgia","Brantley County",1,27,229,106,123
050,13,025,"Georgia","Brantley County",1,28,230,110,120
050,13,025,"Georgia","Brantley County",1,29,228,104,124
050,13,025,"Georgia","Brantley County",1,30,222,106,116
050,13,025,"Georgia","Brantley County",1,31,193,103,90
050,13,025,"Georgia","Brantley County",1,32,212,107,105
050,13,025,"Georgia","Brantley County",1,33,234,117,117
050,13,025,"Georgia","Brantley County",1,34,218,112,106
050,13,025,"Georgia","Brantley County",1,35,204,97,107
050,13,025,"Georgia","Brantley County",1,36,197,101,96
050,13,025,"Georgia","Brantley County",1,37,201,94,107
050,13,025,"Georgia","Brantley County",1,38,197,93,104
050,13,025,"Georgia","Brantley County",1,39,213,111,102
050,13,025,"Georgia","Brantley County",1,40,220,104,116
050,13,025,"Georgia","Brantley County",1,41,203,96,107
050,13,025,"Georgia","Brantley County",1,42,217,109,108
050,13,025,"Georgia","Brantley County",1,43,220,116,104
050,13,025,"Georgia","Brantley County",1,44,210,106,104
050,13,025,"Georgia","Brantley County",1,45,203,99,104
050,13,025,"Georgia","Brantley County",1,46,230,110,120
050,13,025,"Georgia","Brantley County",1,47,247,121,126
050,13,025,"Georgia","Brantley County",1,48,263,135,128
050,13,025,"Georgia","Brantley County",1,49,284,135,149
050,13,025,"Georgia","Brantley County",1,50,275,124,151
050,13,025,"Georgia","Brantley County",1,51,224,100,124
050,13,025,"Georgia","Brantley County",1,52,244,107,137
050,13,025,"Georgia","Brantley County",1,53,268,136,132
050,13,025,"Georgia","Brantley County",1,54,283,135,148
050,13,025,"Georgia","Brantley County",1,55,280,141,139
050,13,025,"Georgia","Brantley County",1,56,271,153,118
050,13,025,"Georgia","Brantley County",1,57,260,137,123
050,13,025,"Georgia","Brantley County",1,58,273,139,134
050,13,025,"Georgia","Brantley County",1,59,261,134,127
050,13,025,"Georgia","Brantley County",1,60,258,127,131
050,13,025,"Georgia","Brantley County",1,61,257,117,140
050,13,025,"Georgia","Brantley County",1,62,233,111,122
050,13,025,"Georgia","Brantley County",1,63,227,107,120
050,13,025,"Georgia","Brantley County",1,64,212,104,108
050,13,025,"Georgia","Brantley County",1,65,213,112,101
050,13,025,"Georgia","Brantley County",1,66,226,114,112
050,13,025,"Georgia","Brantley County",1,67,216,108,108
050,13,025,"Georgia","Brantley County",1,68,206,94,112
050,13,025,"Georgia","Brantley County",1,69,192,91,101
050,13,025,"Georgia","Brantley County",1,70,189,97,92
050,13,025,"Georgia","Brantley County",1,71,189,95,94
050,13,025,"Georgia","Brantley County",1,72,180,85,95
050,13,025,"Georgia","Brantley County",1,73,181,82,99
050,13,025,"Georgia","Brantley County",1,74,116,53,63
050,13,025,"Georgia","Brantley County",1,75,153,81,72
050,13,025,"Georgia","Brantley County",1,76,124,58,66
050,13,025,"Georgia","Brantley County",1,77,114,51,63
050,13,025,"Georgia","Brantley County",1,78,91,36,55
050,13,025,"Georgia","Brantley County",1,79,80,35,45
050,13,025,"Georgia","Brantley County",1,80,82,34,48
050,13,025,"Georgia","Brantley County",1,81,75,34,41
050,13,025,"Georgia","Brantley County",1,82,71,30,41
050,13,025,"Georgia","Brantley County",1,83,58,28,30
050,13,025,"Georgia","Brantley County",1,84,58,24,34
050,13,025,"Georgia","Brantley County",1,85,265,106,159
050,13,025,"Georgia","Brantley County",2,0,199,101,98
050,13,025,"Georgia","Brantley County",2,1,207,106,101
050,13,025,"Georgia","Brantley County",2,2,235,121,114
050,13,025,"Georgia","Brantley County",2,3,225,109,116
050,13,025,"Georgia","Brantley County",2,4,218,103,115
050,13,025,"Georgia","Brantley County",2,5,214,105,109
050,13,025,"Georgia","Brantley County",2,6,226,125,101
050,13,025,"Georgia","Brantley County",2,7,229,126,103
050,13,025,"Georgia","Brantley County",2,8,228,118,110
050,13,025,"Georgia","Brantley County",2,9,221,117,104
050,13,025,"Georgia","Brantley County",2,10,236,131,105
050,13,025,"Georgia","Brantley County",2,11,257,137,120
050,13,025,"Georgia","Brantley County",2,12,249,129,120
050,13,025,"Georgia","Brantley County",2,13,257,126,131
050,13,025,"Georgia","Brantley County",2,14,258,133,125
050,13,025,"Georgia","Brantley County",2,15,253,125,128
050,13,025,"Georgia","Brantley County",2,16,254,128,126
050,13,025,"Georgia","Brantley County",2,17,254,135,119
050,13,025,"Georgia","Brantley County",2,18,217,111,106
050,13,025,"Georgia","Brantley County",2,19,172,88,84
050,13,025,"Georgia","Brantley County",2,20,189,100,89
050,13,025,"Georgia","Brantley County",2,21,182,95,87
050,13,025,"Georgia","Brantley County",2,22,210,113,97
050,13,025,"Georgia","Brantley County",2,23,215,115,100
050,13,025,"Georgia","Brantley County",2,24,201,106,95
050,13,025,"Georgia","Brantley County",2,25,203,104,99
050,13,025,"Georgia","Brantley County",2,26,231,117,114
050,13,025,"Georgia","Brantley County",2,27,233,110,123
050,13,025,"Georgia","Brantley County",2,28,234,111,123
050,13,025,"Georgia","Brantley County",2,29,229,106,123
050,13,025,"Georgia","Brantley County",2,30,221,104,117
050,13,025,"Georgia","Brantley County",2,31,200,104,96
050,13,025,"Georgia","Brantley County",2,32,208,106,102
050,13,025,"Georgia","Brantley County",2,33,228,113,115
050,13,025,"Georgia","Brantley County",2,34,221,113,108
050,13,025,"Georgia","Brantley County",2,35,207,101,106
050,13,025,"Georgia","Brantley County",2,36,198,99,99
050,13,025,"Georgia","Brantley County",2,37,200,97,103
050,13,025,"Georgia","Brantley County",2,38,198,94,104
050,13,025,"Georgia","Brantley County",2,39,210,106,104
050,13,025,"Georgia","Brantley County",2,40,223,108,115
050,13,025,"Georgia","Brantley County",2,41,205,97,108
050,13,025,"Georgia","Brantley County",2,42,212,105,107
050,13,025,"Georgia","Brantley County",2,43,222,116,106
050,13,025,"Georgia","Brantley County",2,44,209,107,102
050,13,025,"Georgia","Brantley County",2,45,204,100,104
050,13,025,"Georgia","Brantley County",2,46,222,107,115
050,13,025,"Georgia","Brantley County",2,47,243,118,125
050,13,025,"Georgia","Brantley County",2,48,259,131,128
050,13,025,"Georgia","Brantley County",2,49,282,138,144
050,13,025,"Georgia","Brantley County",2,50,277,127,150
050,13,025,"Georgia","Brantley County",2,51,237,106,131
050,13,025,"Georgia","Brantley County",2,52,239,106,133
050,13,025,"Georgia","Brantley County",2,53,261,127,134
050,13,025,"Georgia","Brantley County",2,54,282,135,147
050,13,025,"Georgia","Brantley County",2,55,282,140,142
050,13,025,"Georgia","Brantley County",2,56,274,150,124
050,13,025,"Georgia","Brantley County",2,57,261,140,121
050,13,025,"Georgia","Brantley County",2,58,268,138,130
050,13,025,"Georgia","Brantley County",2,59,269,137,132
050,13,025,"Georgia","Brantley County",2,60,258,128,130
050,13,025,"Georgia","Brantley County",2,61,254,117,137
050,13,025,"Georgia","Brantley County",2,62,238,112,126
050,13,025,"Georgia","Brantley County",2,63,230,108,122
050,13,025,"Georgia","Brantley County",2,64,214,105,109
050,13,025,"Georgia","Brantley County",2,65,212,110,102
050,13,025,"Georgia","Brantley County",2,66,223,113,110
050,13,025,"Georgia","Brantley County",2,67,217,109,108
050,13,025,"Georgia","Brantley County",2,68,207,97,110
050,13,025,"Georgia","Brantley County",2,69,197,92,105
050,13,025,"Georgia","Brantley County",2,70,185,94,91
050,13,025,"Georgia","Brantley County",2,71,188,94,94
050,13,025,"Georgia","Brantley County",2,72,179,85,94
050,13,025,"Georgia","Brantley County",2,73,185,85,100
050,13,025,"Georgia","Brantley County",2,74,124,57,67
050,13,025,"Georgia","Brantley County",2,75,146,76,70
050,13,025,"Georgia","Brantley County",2,76,128,62,66
050,13,025,"Georgia","Brantley County",2,77,120,54,66
050,13,025,"Georgia","Brantley County",2,78,92,38,54
050,13,025,"Georgia","Brantley County",2,79,79,33,46
050,13,025,"Georgia","Brantley County",2,80,79,33,46
050,13,025,"Georgia","Brantley County",2,81,73,32,41
050,13,025,"Georgia","Brantley County",2,82,73,31,42
050,13,025,"Georgia","Brantley County",2,83,60,28,32
050,13,025,"Georgia","Brantley County",2,84,59,25,34
050,13,025,"Georgia","Brantley County",2,85,266,108,158
050,13,025,"Georgia","Brantley County",3,0,191,88,103
050,13,025,"Georgia","Brantley County",3,1,214,105,109
050,13,025,"Georgia","Brantley County",3,2,204,107,97
050,13,025,"Georgia","Brantley County",3,3,215,112,103
050,13,025,"Georgia","Brantley County",3,4,222,113,109
050,13,025,"Georgia","Brantley County",3,5,216,99,117
050,13,025,"Georgia","Brantley County",3,6,229,114,115
050,13,025,"Georgia","Brantley County",3,7,219,125,94
050,13,025,"Georgia","Brantley County",3,8,231,124,107
050,13,025,"Georgia","Brantley County",3,9,228,115,113
050,13,025,"Georgia","Brantley County",3,10,233,121,112
050,13,025,"Georgia","Brantley County",3,11,239,135,104
050,13,025,"Georgia","Brantley County",3,12,273,146,127
050,13,025,"Georgia","Brantley County",3,13,254,130,124
050,13,025,"Georgia","Brantley County",3,14,272,132,140
050,13,025,"Georgia","Brantley County",3,15,267,138,129
050,13,025,"Georgia","Brantley County",3,16,257,128,129
050,13,025,"Georgia","Brantley County",3,17,245,121,124
050,13,025,"Georgia","Brantley County",3,18,225,122,103
050,13,025,"Georgia","Brantley County",3,19,169,84,85
050,13,025,"Georgia","Brantley County",3,20,185,95,90
050,13,025,"Georgia","Brantley County",3,21,204,108,96
050,13,025,"Georgia","Brantley County",3,22,191,104,87
050,13,025,"Georgia","Brantley County",3,23,216,116,100
050,13,025,"Georgia","Brantley County",3,24,224,127,97
050,13,025,"Georgia","Brantley County",3,25,198,107,91
050,13,025,"Georgia","Brantley County",3,26,196,92,104
050,13,025,"Georgia","Brantley County",3,27,230,121,109
050,13,025,"Georgia","Brantley County",3,28,229,107,122
050,13,025,"Georgia","Brantley County",3,29,233,111,122
050,13,025,"Georgia","Brantley County",3,30,239,115,124
050,13,025,"Georgia","Brantley County",3,31,227,113,114
050,13,025,"Georgia","Brantley County",3,32,225,110,115
050,13,025,"Georgia","Brantley County",3,33,213,105,108
050,13,025,"Georgia","Brantley County",3,34,229,111,118
050,13,025,"Georgia","Brantley County",3,35,222,113,109
050,13,025,"Georgia","Brantley County",3,36,213,103,110
050,13,025,"Georgia","Brantley County",3,37,192,96,96
050,13,025,"Georgia","Brantley County",3,38,198,97,101
050,13,025,"Georgia","Brantley County",3,39,204,99,105
050,13,025,"Georgia","Brantley County",3,40,220,106,114
050,13,025,"Georgia","Brantley County",3,41,217,107,110
050,13,025,"Georgia","Brantley County",3,42,209,97,112
050,13,025,"Georgia","Brantley County",3,43,215,107,108
050,13,025,"Georgia","Brantley County",3,44,222,111,111
050,13,025,"Georgia","Brantley County",3,45,202,107,95
050,13,025,"Georgia","Brantley County",3,46,210,100,110
050,13,025,"Georgia","Brantley County",3,47,226,110,116
050,13,025,"Georgia","Brantley County",3,48,243,117,126
050,13,025,"Georgia","Brantley County",3,49,257,131,126
050,13,025,"Georgia","Brantley County",3,50,280,137,143
050,13,025,"Georgia","Brantley County",3,51,280,132,148
050,13,025,"Georgia","Brantley County",3,52,234,106,128
050,13,025,"Georgia","Brantley County",3,53,236,105,131
050,13,025,"Georgia","Brantley County",3,54,256,121,135
050,13,025,"Georgia","Brantley County",3,55,281,130,151
050,13,025,"Georgia","Brantley County",3,56,288,139,149
050,13,025,"Georgia","Brantley County",3,57,271,145,126
050,13,025,"Georgia","Brantley County",3,58,259,135,124
050,13,025,"Georgia","Brantley County",3,59,256,130,126
050,13,025,"Georgia","Brantley County",3,60,257,137,120
050,13,025,"Georgia","Brantley County",3,61,256,125,131
050,13,025,"Georgia","Brantley County",3,62,251,115,136
050,13,025,"Georgia","Brantley County",3,63,235,113,122
050,13,025,"Georgia","Brantley County",3,64,218,105,113
050,13,025,"Georgia","Brantley County",3,65,213,103,110
050,13,025,"Georgia","Brantley County",3,66,211,105,106
050,13,025,"Georgia","Brantley County",3,67,218,109,109
050,13,025,"Georgia","Brantley County",3,68,211,108,103
050,13,025,"Georgia","Brantley County",3,69,206,94,112
050,13,025,"Georgia","Brantley County",3,70,190,90,100
050,13,025,"Georgia","Brantley County",3,71,180,90,90
050,13,025,"Georgia","Brantley County",3,72,180,92,88
050,13,025,"Georgia","Brantley County",3,73,171,82,89
050,13,025,"Georgia","Brantley County",3,74,181,80,101
050,13,025,"Georgia","Brantley County",3,75,125,54,71
050,13,025,"Georgia","Brantley County",3,76,138,73,65
050,13,025,"Georgia","Brantley County",3,77,130,59,71
050,13,025,"Georgia","Brantley County",3,78,110,52,58
050,13,025,"Georgia","Brantley County",3,79,84,35,49
050,13,025,"Georgia","Brantley County",3,80,74,33,41
050,13,025,"Georgia","Brantley County",3,81,73,30,43
050,13,025,"Georgia","Brantley County",3,82,69,30,39
050,13,025,"Georgia","Brantley County",3,83,65,27,38
050,13,025,"Georgia","Brantley County",3,84,60,23,37
050,13,025,"Georgia","Brantley County",3,85,280,110,170
050,13,025,"Georgia","Brantley County",4,0,211,106,105
050,13,025,"Georgia","Brantley County",4,1,190,102,88
050,13,025,"Georgia","Brantley County",4,2,218,112,106
050,13,025,"Georgia","Brantley County",4,3,200,109,91
050,13,025,"Georgia","Brantley County",4,4,214,112,102
050,13,025,"Georgia","Brantley County",4,5,227,111,116
050,13,025,"Georgia","Brantley County",4,6,224,109,115
050,13,025,"Georgia","Brantley County",4,7,233,122,111
050,13,025,"Georgia","Brantley County",4,8,221,126,95
050,13,025,"Georgia","Brantley County",4,9,242,132,110
050,13,025,"Georgia","Brantley County",4,10,229,115,114
050,13,025,"Georgia","Brantley County",4,11,235,123,112
050,13,025,"Georgia","Brantley County",4,12,238,136,102
050,13,025,"Georgia","Brantley County",4,13,273,144,129
050,13,025,"Georgia","Brantley County",4,14,263,137,126
050,13,025,"Georgia","Brantley County",4,15,281,139,142
050,13,025,"Georgia","Brantley County",4,16,256,132,124
050,13,025,"Georgia","Brantley County",4,17,266,130,136
050,13,025,"Georgia","Brantley County",4,18,216,111,105
050,13,025,"Georgia","Brantley County",4,19,187,90,97
050,13,025,"Georgia","Brantley County",4,20,185,86,99
050,13,025,"Georgia","Brantley County",4,21,201,103,98
050,13,025,"Georgia","Brantley County",4,22,216,109,107
050,13,025,"Georgia","Brantley County",4,23,184,91,93
050,13,025,"Georgia","Brantley County",4,24,227,124,103
050,13,025,"Georgia","Brantley County",4,25,216,117,99
050,13,025,"Georgia","Brantley County",4,26,218,112,106
050,13,025,"Georgia","Brantley County",4,27,195,95,100
050,13,025,"Georgia","Brantley County",4,28,224,122,102
050,13,025,"Georgia","Brantley County",4,29,244,114,130
050,13,025,"Georgia","Brantley County",4,30,236,118,118
050,13,025,"Georgia","Brantley County",4,31,244,116,128
050,13,025,"Georgia","Brantley County",4,32,224,116,108
050,13,025,"Georgia","Brantley County",4,33,223,109,114
050,13,025,"Georgia","Brantley County",4,34,215,109,106
050,13,025,"Georgia","Brantley County",4,35,226,108,118
050,13,025,"Georgia","Brantley County",4,36,222,107,115
050,13,025,"Georgia","Brantley County",4,37,216,102,114
050,13,025,"Georgia","Brantley County",4,38,196,100,96
050,13,025,"Georgia","Brantley County",4,39,202,98,104
050,13,025,"Georgia","Brantley County",4,40,204,98,106
050,13,025,"Georgia","Brantley County",4,41,209,106,103
050,13,025,"Georgia","Brantley County",4,42,220,109,111
050,13,025,"Georgia","Brantley County",4,43,207,92,115
050,13,025,"Georgia","Brantley County",4,44,212,107,105
050,13,025,"Georgia","Brantley County",4,45,220,110,110
050,13,025,"Georgia","Brantley County",4,46,208,108,100
050,13,025,"Georgia","Brantley County",4,47,221,97,124
050,13,025,"Georgia","Brantley County",4,48,233,116,117
050,13,025,"Georgia","Brantley County",4,49,243,118,125
050,13,025,"Georgia","Brantley County",4,50,253,126,127
050,13,025,"Georgia","Brantley County",4,51,281,136,145
050,13,025,"Georgia","Brantley County",4,52,275,127,148
050,13,025,"Georgia","Brantley County",4,53,230,108,122
050,13,025,"Georgia","Brantley County",4,54,231,104,127
050,13,025,"Georgia","Brantley County",4,55,257,126,131
050,13,025,"Georgia","Brantley County",4,56,278,128,150
050,13,025,"Georgia","Brantley County",4,57,282,135,147
050,13,025,"Georgia","Brantley County",4,58,269,149,120
050,13,025,"Georgia","Brantley County",4,59,251,127,124
050,13,025,"Georgia","Brantley County",4,60,246,127,119
050,13,025,"Georgia","Brantley County",4,61,250,133,117
050,13,025,"Georgia","Brantley County",4,62,240,113,127
050,13,025,"Georgia","Brantley County",4,63,253,122,131
050,13,025,"Georgia","Brantley County",4,64,231,110,121
050,13,025,"Georgia","Brantley County",4,65,208,101,107
050,13,025,"Georgia","Brantley County",4,66,216,102,114
050,13,025,"Georgia","Brantley County",4,67,210,106,104
050,13,025,"Georgia","Brantley County",4,68,209,107,102
050,13,025,"Georgia","Brantley County",4,69,213,105,108
050,13,025,"Georgia","Brantley County",4,70,196,91,105
050,13,025,"Georgia","Brantley County",4,71,185,90,95
050,13,025,"Georgia","Brantley County",4,72,171,87,84
050,13,025,"Georgia","Brantley County",4,73,182,95,87
050,13,025,"Georgia","Brantley County",4,74,169,81,88
050,13,025,"Georgia","Brantley County",4,75,174,73,101
050,13,025,"Georgia","Brantley County",4,76,121,55,66
050,13,025,"Georgia","Brantley County",4,77,129,69,60
050,13,025,"Georgia","Brantley County",4,78,121,56,65
050,13,025,"Georgia","Brantley County",4,79,109,50,59
050,13,025,"Georgia","Brantley County",4,80,82,33,49
050,13,025,"Georgia","Brantley County",4,81,73,34,39
050,13,025,"Georgia","Brantley County",4,82,70,27,43
050,13,025,"Georgia","Brantley County",4,83,63,29,34
050,13,025,"Georgia","Brantley County",4,84,63,24,39
050,13,025,"Georgia","Brantley County",4,85,304,115,189
050,13,025,"Georgia","Brantley County",5,0,208,104,104
050,13,025,"Georgia","Brantley County",5,1,208,105,103
050,13,025,"Georgia","Brantley County",5,2,200,105,95
050,13,025,"Georgia","Brantley County",5,3,224,117,107
050,13,025,"Georgia","Brantley County",5,4,201,110,91
050,13,025,"Georgia","Brantley County",5,5,235,126,109
050,13,025,"Georgia","Brantley County",5,6,228,115,113
050,13,025,"Georgia","Brantley County",5,7,240,115,125
050,13,025,"Georgia","Brantley County",5,8,238,122,116
050,13,025,"Georgia","Brantley County",5,9,230,137,93
050,13,025,"Georgia","Brantley County",5,10,227,126,101
050,13,025,"Georgia","Brantley County",5,11,227,113,114
050,13,025,"Georgia","Brantley County",5,12,237,122,115
050,13,025,"Georgia","Brantley County",5,13,243,139,104
050,13,025,"Georgia","Brantley County",5,14,277,143,134
050,13,025,"Georgia","Brantley County",5,15,261,135,126
050,13,025,"Georgia","Brantley County",5,16,280,138,142
050,13,025,"Georgia","Brantley County",5,17,251,131,120
050,13,025,"Georgia","Brantley County",5,18,223,112,111
050,13,025,"Georgia","Brantley County",5,19,194,85,109
050,13,025,"Georgia","Brantley County",5,20,198,92,106
050,13,025,"Georgia","Brantley County",5,21,202,100,102
050,13,025,"Georgia","Brantley County",5,22,208,105,103
050,13,025,"Georgia","Brantley County",5,23,230,120,110
050,13,025,"Georgia","Brantley County",5,24,180,88,92
050,13,025,"Georgia","Brantley County",5,25,225,123,102
050,13,025,"Georgia","Brantley County",5,26,226,116,110
050,13,025,"Georgia","Brantley County",5,27,218,117,101
050,13,025,"Georgia","Brantley County",5,28,205,95,110
050,13,025,"Georgia","Brantley County",5,29,238,131,107
050,13,025,"Georgia","Brantley County",5,30,248,113,135
050,13,025,"Georgia","Brantley County",5,31,242,121,121
050,13,025,"Georgia","Brantley County",5,32,249,118,131
050,13,025,"Georgia","Brantley County",5,33,229,113,116
050,13,025,"Georgia","Brantley County",5,34,220,108,112
050,13,025,"Georgia","Brantley County",5,35,214,104,110
050,13,025,"Georgia","Brantley County",5,36,227,107,120
050,13,025,"Georgia","Brantley County",5,37,220,105,115
050,13,025,"Georgia","Brantley County",5,38,229,113,116
050,13,025,"Georgia","Brantley County",5,39,187,90,97
050,13,025,"Georgia","Brantley County",5,40,197,95,102
050,13,025,"Georgia","Brantley County",5,41,201,101,100
050,13,025,"Georgia","Brantley County",5,42,217,111,106
050,13,025,"Georgia","Brantley County",5,43,235,114,121
050,13,025,"Georgia","Brantley County",5,44,215,98,117
050,13,025,"Georgia","Brantley County",5,45,215,109,106
050,13,025,"Georgia","Brantley County",5,46,213,108,105
050,13,025,"Georgia","Brantley County",5,47,216,114,102
050,13,025,"Georgia","Brantley County",5,48,216,95,121
050,13,025,"Georgia","Brantley County",5,49,244,123,121
050,13,025,"Georgia","Brantley County",5,50,241,113,128
050,13,025,"Georgia","Brantley County",5,51,256,127,129
050,13,025,"Georgia","Brantley County",5,52,278,136,142
050,13,025,"Georgia","Brantley County",5,53,277,128,149
050,13,025,"Georgia","Brantley County",5,54,234,114,120
050,13,025,"Georgia","Brantley County",5,55,232,102,130
050,13,025,"Georgia","Brantley County",5,56,255,123,132
050,13,025,"Georgia","Brantley County",5,57,286,129,157
050,13,025,"Georgia","Brantley County",5,58,275,132,143
050,13,025,"Georgia","Brantley County",5,59,271,145,126
050,13,025,"Georgia","Brantley County",5,60,251,124,127
050,13,025,"Georgia","Brantley County",5,61,237,124,113
050,13,025,"Georgia","Brantley County",5,62,251,131,120
050,13,025,"Georgia","Brantley County",5,63,230,109,121
050,13,025,"Georgia","Brantley County",5,64,250,119,131
050,13,025,"Georgia","Brantley County",5,65,226,109,117
050,13,025,"Georgia","Brantley County",5,66,208,100,108
050,13,025,"Georgia","Brantley County",5,67,211,103,108
050,13,025,"Georgia","Brantley County",5,68,201,102,99
050,13,025,"Georgia","Brantley County",5,69,213,108,105
050,13,025,"Georgia","Brantley County",5,70,208,102,106
050,13,025,"Georgia","Brantley County",5,71,190,89,101
050,13,025,"Georgia","Brantley County",5,72,180,87,93
050,13,025,"Georgia","Brantley County",5,73,171,87,84
050,13,025,"Georgia","Brantley County",5,74,177,92,85
050,13,025,"Georgia","Brantley County",5,75,167,79,88
050,13,025,"Georgia","Brantley County",5,76,164,68,96
050,13,025,"Georgia","Brantley County",5,77,114,50,64
050,13,025,"Georgia","Brantley County",5,78,121,67,54
050,13,025,"Georgia","Brantley County",5,79,117,53,64
050,13,025,"Georgia","Brantley County",5,80,108,51,57
050,13,025,"Georgia","Brantley County",5,81,77,32,45
050,13,025,"Georgia","Brantley County",5,82,67,31,36
050,13,025,"Georgia","Brantley County",5,83,60,24,36
050,13,025,"Georgia","Brantley County",5,84,62,25,37
050,13,025,"Georgia","Brantley County",5,85,339,128,211
050,13,027,"Georgia","Brooks County",1,0,165,84,81
050,13,027,"Georgia","Brooks County",1,1,172,92,80
050,13,027,"Georgia","Brooks County",1,2,169,96,73
050,13,027,"Georgia","Brooks County",1,3,189,96,93
050,13,027,"Georgia","Brooks County",1,4,196,99,97
050,13,027,"Georgia","Brooks County",1,5,198,103,95
050,13,027,"Georgia","Brooks County",1,6,205,100,105
050,13,027,"Georgia","Brooks County",1,7,211,109,102
050,13,027,"Georgia","Brooks County",1,8,199,102,97
050,13,027,"Georgia","Brooks County",1,9,159,81,78
050,13,027,"Georgia","Brooks County",1,10,205,106,99
050,13,027,"Georgia","Brooks County",1,11,211,112,99
050,13,027,"Georgia","Brooks County",1,12,202,109,93
050,13,027,"Georgia","Brooks County",1,13,202,100,102
050,13,027,"Georgia","Brooks County",1,14,211,104,107
050,13,027,"Georgia","Brooks County",1,15,195,102,93
050,13,027,"Georgia","Brooks County",1,16,208,112,96
050,13,027,"Georgia","Brooks County",1,17,180,95,85
050,13,027,"Georgia","Brooks County",1,18,186,100,86
050,13,027,"Georgia","Brooks County",1,19,158,82,76
050,13,027,"Georgia","Brooks County",1,20,147,81,66
050,13,027,"Georgia","Brooks County",1,21,146,77,69
050,13,027,"Georgia","Brooks County",1,22,159,77,82
050,13,027,"Georgia","Brooks County",1,23,167,73,94
050,13,027,"Georgia","Brooks County",1,24,179,82,97
050,13,027,"Georgia","Brooks County",1,25,199,95,104
050,13,027,"Georgia","Brooks County",1,26,189,89,100
050,13,027,"Georgia","Brooks County",1,27,182,91,91
050,13,027,"Georgia","Brooks County",1,28,196,105,91
050,13,027,"Georgia","Brooks County",1,29,203,102,101
050,13,027,"Georgia","Brooks County",1,30,215,101,114
050,13,027,"Georgia","Brooks County",1,31,185,85,100
050,13,027,"Georgia","Brooks County",1,32,172,90,82
050,13,027,"Georgia","Brooks County",1,33,176,91,85
050,13,027,"Georgia","Brooks County",1,34,170,82,88
050,13,027,"Georgia","Brooks County",1,35,202,84,118
050,13,027,"Georgia","Brooks County",1,36,189,99,90
050,13,027,"Georgia","Brooks County",1,37,187,103,84
050,13,027,"Georgia","Brooks County",1,38,182,87,95
050,13,027,"Georgia","Brooks County",1,39,174,89,85
050,13,027,"Georgia","Brooks County",1,40,148,77,71
050,13,027,"Georgia","Brooks County",1,41,171,91,80
050,13,027,"Georgia","Brooks County",1,42,180,89,91
050,13,027,"Georgia","Brooks County",1,43,167,85,82
050,13,027,"Georgia","Brooks County",1,44,170,82,88
050,13,027,"Georgia","Brooks County",1,45,193,86,107
050,13,027,"Georgia","Brooks County",1,46,201,95,106
050,13,027,"Georgia","Brooks County",1,47,216,110,106
050,13,027,"Georgia","Brooks County",1,48,213,116,97
050,13,027,"Georgia","Brooks County",1,49,225,113,112
050,13,027,"Georgia","Brooks County",1,50,204,94,110
050,13,027,"Georgia","Brooks County",1,51,203,89,114
050,13,027,"Georgia","Brooks County",1,52,194,95,99
050,13,027,"Georgia","Brooks County",1,53,240,112,128
050,13,027,"Georgia","Brooks County",1,54,254,114,140
050,13,027,"Georgia","Brooks County",1,55,242,122,120
050,13,027,"Georgia","Brooks County",1,56,258,132,126
050,13,027,"Georgia","Brooks County",1,57,272,130,142
050,13,027,"Georgia","Brooks County",1,58,270,127,143
050,13,027,"Georgia","Brooks County",1,59,246,120,126
050,13,027,"Georgia","Brooks County",1,60,259,127,132
050,13,027,"Georgia","Brooks County",1,61,247,114,133
050,13,027,"Georgia","Brooks County",1,62,250,117,133
050,13,027,"Georgia","Brooks County",1,63,252,128,124
050,13,027,"Georgia","Brooks County",1,64,236,113,123
050,13,027,"Georgia","Brooks County",1,65,229,105,124
050,13,027,"Georgia","Brooks County",1,66,202,95,107
050,13,027,"Georgia","Brooks County",1,67,212,99,113
050,13,027,"Georgia","Brooks County",1,68,207,97,110
050,13,027,"Georgia","Brooks County",1,69,201,86,115
050,13,027,"Georgia","Brooks County",1,70,190,77,113
050,13,027,"Georgia","Brooks County",1,71,200,82,118
050,13,027,"Georgia","Brooks County",1,72,194,91,103
050,13,027,"Georgia","Brooks County",1,73,215,103,112
050,13,027,"Georgia","Brooks County",1,74,147,74,73
050,13,027,"Georgia","Brooks County",1,75,147,66,81
050,13,027,"Georgia","Brooks County",1,76,157,79,78
050,13,027,"Georgia","Brooks County",1,77,135,63,72
050,13,027,"Georgia","Brooks County",1,78,102,45,57
050,13,027,"Georgia","Brooks County",1,79,103,46,57
050,13,027,"Georgia","Brooks County",1,80,86,35,51
050,13,027,"Georgia","Brooks County",1,81,95,40,55
050,13,027,"Georgia","Brooks County",1,82,80,34,46
050,13,027,"Georgia","Brooks County",1,83,68,28,40
050,13,027,"Georgia","Brooks County",1,84,74,26,48
050,13,027,"Georgia","Brooks County",1,85,306,121,185
050,13,027,"Georgia","Brooks County",2,0,172,85,87
050,13,027,"Georgia","Brooks County",2,1,167,89,78
050,13,027,"Georgia","Brooks County",2,2,168,94,74
050,13,027,"Georgia","Brooks County",2,3,183,96,87
050,13,027,"Georgia","Brooks County",2,4,197,101,96
050,13,027,"Georgia","Brooks County",2,5,201,103,98
050,13,027,"Georgia","Brooks County",2,6,204,102,102
050,13,027,"Georgia","Brooks County",2,7,208,107,101
050,13,027,"Georgia","Brooks County",2,8,194,100,94
050,13,027,"Georgia","Brooks County",2,9,169,86,83
050,13,027,"Georgia","Brooks County",2,10,193,98,95
050,13,027,"Georgia","Brooks County",2,11,210,110,100
050,13,027,"Georgia","Brooks County",2,12,207,110,97
050,13,027,"Georgia","Brooks County",2,13,203,102,101
050,13,027,"Georgia","Brooks County",2,14,209,103,106
050,13,027,"Georgia","Brooks County",2,15,200,104,96
050,13,027,"Georgia","Brooks County",2,16,204,108,96
050,13,027,"Georgia","Brooks County",2,17,184,100,84
050,13,027,"Georgia","Brooks County",2,18,176,94,82
050,13,027,"Georgia","Brooks County",2,19,158,83,75
050,13,027,"Georgia","Brooks County",2,20,154,84,70
050,13,027,"Georgia","Brooks County",2,21,147,78,69
050,13,027,"Georgia","Brooks County",2,22,160,78,82
050,13,027,"Georgia","Brooks County",2,23,167,74,93
050,13,027,"Georgia","Brooks County",2,24,176,79,97
050,13,027,"Georgia","Brooks County",2,25,194,89,105
050,13,027,"Georgia","Brooks County",2,26,192,89,103
050,13,027,"Georgia","Brooks County",2,27,182,89,93
050,13,027,"Georgia","Brooks County",2,28,195,102,93
050,13,027,"Georgia","Brooks County",2,29,204,102,102
050,13,027,"Georgia","Brooks County",2,30,211,100,111
050,13,027,"Georgia","Brooks County",2,31,186,85,101
050,13,027,"Georgia","Brooks County",2,32,172,87,85
050,13,027,"Georgia","Brooks County",2,33,170,87,83
050,13,027,"Georgia","Brooks County",2,34,169,81,88
050,13,027,"Georgia","Brooks County",2,35,197,85,112
050,13,027,"Georgia","Brooks County",2,36,192,95,97
050,13,027,"Georgia","Brooks County",2,37,189,101,88
050,13,027,"Georgia","Brooks County",2,38,190,94,96
050,13,027,"Georgia","Brooks County",2,39,172,87,85
050,13,027,"Georgia","Brooks County",2,40,155,79,76
050,13,027,"Georgia","Brooks County",2,41,166,88,78
050,13,027,"Georgia","Brooks County",2,42,176,89,87
050,13,027,"Georgia","Brooks County",2,43,172,86,86
050,13,027,"Georgia","Brooks County",2,44,169,82,87
050,13,027,"Georgia","Brooks County",2,45,187,85,102
050,13,027,"Georgia","Brooks County",2,46,200,94,106
050,13,027,"Georgia","Brooks County",2,47,212,106,106
050,13,027,"Georgia","Brooks County",2,48,214,114,100
050,13,027,"Georgia","Brooks County",2,49,220,114,106
050,13,027,"Georgia","Brooks County",2,50,207,97,110
050,13,027,"Georgia","Brooks County",2,51,199,90,109
050,13,027,"Georgia","Brooks County",2,52,196,94,102
050,13,027,"Georgia","Brooks County",2,53,228,109,119
050,13,027,"Georgia","Brooks County",2,54,250,112,138
050,13,027,"Georgia","Brooks County",2,55,243,119,124
050,13,027,"Georgia","Brooks County",2,56,251,127,124
050,13,027,"Georgia","Brooks County",2,57,270,131,139
050,13,027,"Georgia","Brooks County",2,58,269,126,143
050,13,027,"Georgia","Brooks County",2,59,251,123,128
050,13,027,"Georgia","Brooks County",2,60,256,126,130
050,13,027,"Georgia","Brooks County",2,61,248,117,131
050,13,027,"Georgia","Brooks County",2,62,246,114,132
050,13,027,"Georgia","Brooks County",2,63,255,125,130
050,13,027,"Georgia","Brooks County",2,64,239,117,122
050,13,027,"Georgia","Brooks County",2,65,230,107,123
050,13,027,"Georgia","Brooks County",2,66,210,98,112
050,13,027,"Georgia","Brooks County",2,67,209,98,111
050,13,027,"Georgia","Brooks County",2,68,205,96,109
050,13,027,"Georgia","Brooks County",2,69,203,89,114
050,13,027,"Georgia","Brooks County",2,70,190,77,113
050,13,027,"Georgia","Brooks County",2,71,195,81,114
050,13,027,"Georgia","Brooks County",2,72,191,87,104
050,13,027,"Georgia","Brooks County",2,73,219,105,114
050,13,027,"Georgia","Brooks County",2,74,153,75,78
050,13,027,"Georgia","Brooks County",2,75,147,69,78
050,13,027,"Georgia","Brooks County",2,76,154,75,79
050,13,027,"Georgia","Brooks County",2,77,141,67,74
050,13,027,"Georgia","Brooks County",2,78,105,47,58
050,13,027,"Georgia","Brooks County",2,79,101,45,56
050,13,027,"Georgia","Brooks County",2,80,89,37,52
050,13,027,"Georgia","Brooks County",2,81,91,38,53
050,13,027,"Georgia","Brooks County",2,82,81,36,45
050,13,027,"Georgia","Brooks County",2,83,70,29,41
050,13,027,"Georgia","Brooks County",2,84,72,26,46
050,13,027,"Georgia","Brooks County",2,85,311,120,191
050,13,027,"Georgia","Brooks County",3,0,162,100,62
050,13,027,"Georgia","Brooks County",3,1,173,93,80
050,13,027,"Georgia","Brooks County",3,2,173,86,87
050,13,027,"Georgia","Brooks County",3,3,167,90,77
050,13,027,"Georgia","Brooks County",3,4,177,86,91
050,13,027,"Georgia","Brooks County",3,5,194,96,98
050,13,027,"Georgia","Brooks County",3,6,199,95,104
050,13,027,"Georgia","Brooks County",3,7,200,105,95
050,13,027,"Georgia","Brooks County",3,8,204,104,100
050,13,027,"Georgia","Brooks County",3,9,199,102,97
050,13,027,"Georgia","Brooks County",3,10,170,84,86
050,13,027,"Georgia","Brooks County",3,11,201,106,95
050,13,027,"Georgia","Brooks County",3,12,216,112,104
050,13,027,"Georgia","Brooks County",3,13,210,111,99
050,13,027,"Georgia","Brooks County",3,14,204,98,106
050,13,027,"Georgia","Brooks County",3,15,203,94,109
050,13,027,"Georgia","Brooks County",3,16,197,100,97
050,13,027,"Georgia","Brooks County",3,17,195,105,90
050,13,027,"Georgia","Brooks County",3,18,166,95,71
050,13,027,"Georgia","Brooks County",3,19,143,73,70
050,13,027,"Georgia","Brooks County",3,20,159,81,78
050,13,027,"Georgia","Brooks County",3,21,165,86,79
050,13,027,"Georgia","Brooks County",3,22,164,88,76
050,13,027,"Georgia","Brooks County",3,23,153,75,78
050,13,027,"Georgia","Brooks County",3,24,191,93,98
050,13,027,"Georgia","Brooks County",3,25,176,82,94
050,13,027,"Georgia","Brooks County",3,26,187,94,93
050,13,027,"Georgia","Brooks County",3,27,188,78,110
050,13,027,"Georgia","Brooks County",3,28,192,92,100
050,13,027,"Georgia","Brooks County",3,29,200,101,99
050,13,027,"Georgia","Brooks County",3,30,212,104,108
050,13,027,"Georgia","Brooks County",3,31,217,104,113
050,13,027,"Georgia","Brooks County",3,32,189,90,99
050,13,027,"Georgia","Brooks County",3,33,168,81,87
050,13,027,"Georgia","Brooks County",3,34,161,81,80
050,13,027,"Georgia","Brooks County",3,35,167,85,82
050,13,027,"Georgia","Brooks County",3,36,202,91,111
050,13,027,"Georgia","Brooks County",3,37,187,90,97
050,13,027,"Georgia","Brooks County",3,38,189,94,95
050,13,027,"Georgia","Brooks County",3,39,182,90,92
050,13,027,"Georgia","Brooks County",3,40,181,93,88
050,13,027,"Georgia","Brooks County",3,41,162,80,82
050,13,027,"Georgia","Brooks County",3,42,169,92,77
050,13,027,"Georgia","Brooks County",3,43,186,99,87
050,13,027,"Georgia","Brooks County",3,44,173,86,87
050,13,027,"Georgia","Brooks County",3,45,169,84,85
050,13,027,"Georgia","Brooks County",3,46,190,89,101
050,13,027,"Georgia","Brooks County",3,47,205,95,110
050,13,027,"Georgia","Brooks County",3,48,203,107,96
050,13,027,"Georgia","Brooks County",3,49,217,114,103
050,13,027,"Georgia","Brooks County",3,50,227,113,114
050,13,027,"Georgia","Brooks County",3,51,211,103,108
050,13,027,"Georgia","Brooks County",3,52,195,88,107
050,13,027,"Georgia","Brooks County",3,53,206,101,105
050,13,027,"Georgia","Brooks County",3,54,220,104,116
050,13,027,"Georgia","Brooks County",3,55,246,107,139
050,13,027,"Georgia","Brooks County",3,56,251,121,130
050,13,027,"Georgia","Brooks County",3,57,251,125,126
050,13,027,"Georgia","Brooks County",3,58,269,129,140
050,13,027,"Georgia","Brooks County",3,59,261,120,141
050,13,027,"Georgia","Brooks County",3,60,251,120,131
050,13,027,"Georgia","Brooks County",3,61,255,127,128
050,13,027,"Georgia","Brooks County",3,62,244,113,131
050,13,027,"Georgia","Brooks County",3,63,245,109,136
050,13,027,"Georgia","Brooks County",3,64,259,129,130
050,13,027,"Georgia","Brooks County",3,65,236,113,123
050,13,027,"Georgia","Brooks County",3,66,228,108,120
050,13,027,"Georgia","Brooks County",3,67,207,99,108
050,13,027,"Georgia","Brooks County",3,68,197,91,106
050,13,027,"Georgia","Brooks County",3,69,197,93,104
050,13,027,"Georgia","Brooks County",3,70,199,84,115
050,13,027,"Georgia","Brooks County",3,71,188,77,111
050,13,027,"Georgia","Brooks County",3,72,189,75,114
050,13,027,"Georgia","Brooks County",3,73,179,78,101
050,13,027,"Georgia","Brooks County",3,74,212,102,110
050,13,027,"Georgia","Brooks County",3,75,151,73,78
050,13,027,"Georgia","Brooks County",3,76,141,65,76
050,13,027,"Georgia","Brooks County",3,77,147,70,77
050,13,027,"Georgia","Brooks County",3,78,135,63,72
050,13,027,"Georgia","Brooks County",3,79,99,40,59
050,13,027,"Georgia","Brooks County",3,80,89,40,49
050,13,027,"Georgia","Brooks County",3,81,84,38,46
050,13,027,"Georgia","Brooks County",3,82,86,37,49
050,13,027,"Georgia","Brooks County",3,83,81,34,47
050,13,027,"Georgia","Brooks County",3,84,67,26,41
050,13,027,"Georgia","Brooks County",3,85,316,119,197
050,13,027,"Georgia","Brooks County",4,0,176,82,94
050,13,027,"Georgia","Brooks County",4,1,153,98,55
050,13,027,"Georgia","Brooks County",4,2,174,92,82
050,13,027,"Georgia","Brooks County",4,3,163,79,84
050,13,027,"Georgia","Brooks County",4,4,172,96,76
050,13,027,"Georgia","Brooks County",4,5,183,88,95
050,13,027,"Georgia","Brooks County",4,6,190,90,100
050,13,027,"Georgia","Brooks County",4,7,193,84,109
050,13,027,"Georgia","Brooks County",4,8,195,96,99
050,13,027,"Georgia","Brooks County",4,9,209,112,97
050,13,027,"Georgia","Brooks County",4,10,196,101,95
050,13,027,"Georgia","Brooks County",4,11,173,86,87
050,13,027,"Georgia","Brooks County",4,12,198,104,94
050,13,027,"Georgia","Brooks County",4,13,207,110,97
050,13,027,"Georgia","Brooks County",4,14,220,114,106
050,13,027,"Georgia","Brooks County",4,15,212,104,108
050,13,027,"Georgia","Brooks County",4,16,197,100,97
050,13,027,"Georgia","Brooks County",4,17,200,106,94
050,13,027,"Georgia","Brooks County",4,18,178,99,79
050,13,027,"Georgia","Brooks County",4,19,135,80,55
050,13,027,"Georgia","Brooks County",4,20,147,80,67
050,13,027,"Georgia","Brooks County",4,21,172,93,79
050,13,027,"Georgia","Brooks County",4,22,163,87,76
050,13,027,"Georgia","Brooks County",4,23,164,73,91
050,13,027,"Georgia","Brooks County",4,24,157,75,82
050,13,027,"Georgia","Brooks County",4,25,179,78,101
050,13,027,"Georgia","Brooks County",4,26,159,77,82
050,13,027,"Georgia","Brooks County",4,27,181,90,91
050,13,027,"Georgia","Brooks County",4,28,199,84,115
050,13,027,"Georgia","Brooks County",4,29,185,92,93
050,13,027,"Georgia","Brooks County",4,30,195,95,100
050,13,027,"Georgia","Brooks County",4,31,206,102,104
050,13,027,"Georgia","Brooks County",4,32,216,110,106
050,13,027,"Georgia","Brooks County",4,33,194,92,102
050,13,027,"Georgia","Brooks County",4,34,152,70,82
050,13,027,"Georgia","Brooks County",4,35,160,81,79
050,13,027,"Georgia","Brooks County",4,36,178,102,76
050,13,027,"Georgia","Brooks County",4,37,195,86,109
050,13,027,"Georgia","Brooks County",4,38,184,86,98
050,13,027,"Georgia","Brooks County",4,39,191,93,98
050,13,027,"Georgia","Brooks County",4,40,183,86,97
050,13,027,"Georgia","Brooks County",4,41,184,97,87
050,13,027,"Georgia","Brooks County",4,42,167,80,87
050,13,027,"Georgia","Brooks County",4,43,170,92,78
050,13,027,"Georgia","Brooks County",4,44,191,99,92
050,13,027,"Georgia","Brooks County",4,45,171,82,89
050,13,027,"Georgia","Brooks County",4,46,173,86,87
050,13,027,"Georgia","Brooks County",4,47,197,90,107
050,13,027,"Georgia","Brooks County",4,48,207,98,109
050,13,027,"Georgia","Brooks County",4,49,200,105,95
050,13,027,"Georgia","Brooks County",4,50,208,105,103
050,13,027,"Georgia","Brooks County",4,51,232,120,112
050,13,027,"Georgia","Brooks County",4,52,215,106,109
050,13,027,"Georgia","Brooks County",4,53,210,96,114
050,13,027,"Georgia","Brooks County",4,54,216,103,113
050,13,027,"Georgia","Brooks County",4,55,215,104,111
050,13,027,"Georgia","Brooks County",4,56,237,101,136
050,13,027,"Georgia","Brooks County",4,57,256,125,131
050,13,027,"Georgia","Brooks County",4,58,257,130,127
050,13,027,"Georgia","Brooks County",4,59,266,126,140
050,13,027,"Georgia","Brooks County",4,60,260,119,141
050,13,027,"Georgia","Brooks County",4,61,260,121,139
050,13,027,"Georgia","Brooks County",4,62,253,126,127
050,13,027,"Georgia","Brooks County",4,63,252,113,139
050,13,027,"Georgia","Brooks County",4,64,253,109,144
050,13,027,"Georgia","Brooks County",4,65,252,127,125
050,13,027,"Georgia","Brooks County",4,66,227,113,114
050,13,027,"Georgia","Brooks County",4,67,237,124,113
050,13,027,"Georgia","Brooks County",4,68,188,88,100
050,13,027,"Georgia","Brooks County",4,69,197,92,105
050,13,027,"Georgia","Brooks County",4,70,200,94,106
050,13,027,"Georgia","Brooks County",4,71,200,84,116
050,13,027,"Georgia","Brooks County",4,72,185,75,110
050,13,027,"Georgia","Brooks County",4,73,192,78,114
050,13,027,"Georgia","Brooks County",4,74,173,77,96
050,13,027,"Georgia","Brooks County",4,75,204,96,108
050,13,027,"Georgia","Brooks County",4,76,149,72,77
050,13,027,"Georgia","Brooks County",4,77,136,64,72
050,13,027,"Georgia","Brooks County",4,78,144,65,79
050,13,027,"Georgia","Brooks County",4,79,129,59,70
050,13,027,"Georgia","Brooks County",4,80,90,36,54
050,13,027,"Georgia","Brooks County",4,81,85,39,46
050,13,027,"Georgia","Brooks County",4,82,85,38,47
050,13,027,"Georgia","Brooks County",4,83,81,32,49
050,13,027,"Georgia","Brooks County",4,84,80,31,49
050,13,027,"Georgia","Brooks County",4,85,316,117,199
050,13,027,"Georgia","Brooks County",5,0,160,76,84
050,13,027,"Georgia","Brooks County",5,1,180,82,98
050,13,027,"Georgia","Brooks County",5,2,165,106,59
050,13,027,"Georgia","Brooks County",5,3,182,97,85
050,13,027,"Georgia","Brooks County",5,4,165,78,87
050,13,027,"Georgia","Brooks County",5,5,175,99,76
050,13,027,"Georgia","Brooks County",5,6,172,79,93
050,13,027,"Georgia","Brooks County",5,7,182,86,96
050,13,027,"Georgia","Brooks County",5,8,195,83,112
050,13,027,"Georgia","Brooks County",5,9,194,105,89
050,13,027,"Georgia","Brooks County",5,10,208,116,92
050,13,027,"Georgia","Brooks County",5,11,193,105,88
050,13,027,"Georgia","Brooks County",5,12,158,71,87
050,13,027,"Georgia","Brooks County",5,13,187,98,89
050,13,027,"Georgia","Brooks County",5,14,202,100,102
050,13,027,"Georgia","Brooks County",5,15,219,111,108
050,13,027,"Georgia","Brooks County",5,16,206,97,109
050,13,027,"Georgia","Brooks County",5,17,200,102,98
050,13,027,"Georgia","Brooks County",5,18,175,92,83
050,13,027,"Georgia","Brooks County",5,19,158,87,71
050,13,027,"Georgia","Brooks County",5,20,137,72,65
050,13,027,"Georgia","Brooks County",5,21,167,83,84
050,13,027,"Georgia","Brooks County",5,22,177,94,83
050,13,027,"Georgia","Brooks County",5,23,172,93,79
050,13,027,"Georgia","Brooks County",5,24,163,74,89
050,13,027,"Georgia","Brooks County",5,25,164,80,84
050,13,027,"Georgia","Brooks County",5,26,182,80,102
050,13,027,"Georgia","Brooks County",5,27,172,79,93
050,13,027,"Georgia","Brooks County",5,28,184,88,96
050,13,027,"Georgia","Brooks County",5,29,197,88,109
050,13,027,"Georgia","Brooks County",5,30,200,104,96
050,13,027,"Georgia","Brooks County",5,31,196,106,90
050,13,027,"Georgia","Brooks County",5,32,206,105,101
050,13,027,"Georgia","Brooks County",5,33,206,96,110
050,13,027,"Georgia","Brooks County",5,34,194,90,104
050,13,027,"Georgia","Brooks County",5,35,164,74,90
050,13,027,"Georgia","Brooks County",5,36,168,86,82
050,13,027,"Georgia","Brooks County",5,37,169,93,76
050,13,027,"Georgia","Brooks County",5,38,191,82,109
050,13,027,"Georgia","Brooks County",5,39,168,78,90
050,13,027,"Georgia","Brooks County",5,40,202,101,101
050,13,027,"Georgia","Brooks County",5,41,189,92,97
050,13,027,"Georgia","Brooks County",5,42,183,92,91
050,13,027,"Georgia","Brooks County",5,43,153,71,82
050,13,027,"Georgia","Brooks County",5,44,164,88,76
050,13,027,"Georgia","Brooks County",5,45,175,91,84
050,13,027,"Georgia","Brooks County",5,46,165,81,84
050,13,027,"Georgia","Brooks County",5,47,181,90,91
050,13,027,"Georgia","Brooks County",5,48,197,93,104
050,13,027,"Georgia","Brooks County",5,49,204,94,110
050,13,027,"Georgia","Brooks County",5,50,195,99,96
050,13,027,"Georgia","Brooks County",5,51,219,116,103
050,13,027,"Georgia","Brooks County",5,52,225,114,111
050,13,027,"Georgia","Brooks County",5,53,210,108,102
050,13,027,"Georgia","Brooks County",5,54,208,92,116
050,13,027,"Georgia","Brooks County",5,55,210,102,108
050,13,027,"Georgia","Brooks County",5,56,207,99,108
050,13,027,"Georgia","Brooks County",5,57,245,104,141
050,13,027,"Georgia","Brooks County",5,58,258,126,132
050,13,027,"Georgia","Brooks County",5,59,239,125,114
050,13,027,"Georgia","Brooks County",5,60,260,123,137
050,13,027,"Georgia","Brooks County",5,61,266,120,146
050,13,027,"Georgia","Brooks County",5,62,255,116,139
050,13,027,"Georgia","Brooks County",5,63,265,130,135
050,13,027,"Georgia","Brooks County",5,64,251,112,139
050,13,027,"Georgia","Brooks County",5,65,245,105,140
050,13,027,"Georgia","Brooks County",5,66,252,127,125
050,13,027,"Georgia","Brooks County",5,67,235,124,111
050,13,027,"Georgia","Brooks County",5,68,224,118,106
050,13,027,"Georgia","Brooks County",5,69,185,88,97
050,13,027,"Georgia","Brooks County",5,70,198,92,106
050,13,027,"Georgia","Brooks County",5,71,199,94,105
050,13,027,"Georgia","Brooks County",5,72,192,80,112
050,13,027,"Georgia","Brooks County",5,73,180,74,106
050,13,027,"Georgia","Brooks County",5,74,191,76,115
050,13,027,"Georgia","Brooks County",5,75,162,67,95
050,13,027,"Georgia","Brooks County",5,76,201,91,110
050,13,027,"Georgia","Brooks County",5,77,146,71,75
050,13,027,"Georgia","Brooks County",5,78,134,64,70
050,13,027,"Georgia","Brooks County",5,79,136,62,74
050,13,027,"Georgia","Brooks County",5,80,115,52,63
050,13,027,"Georgia","Brooks County",5,81,92,38,54
050,13,027,"Georgia","Brooks County",5,82,85,39,46
050,13,027,"Georgia","Brooks County",5,83,81,36,45
050,13,027,"Georgia","Brooks County",5,84,81,30,51
050,13,027,"Georgia","Brooks County",5,85,332,120,212
050,13,029,"Georgia","Bryan County",1,0,595,311,284
050,13,029,"Georgia","Bryan County",1,1,594,309,285
050,13,029,"Georgia","Bryan County",1,2,675,346,329
050,13,029,"Georgia","Bryan County",1,3,667,340,327
050,13,029,"Georgia","Bryan County",1,4,703,373,330
050,13,029,"Georgia","Bryan County",1,5,740,397,343
050,13,029,"Georgia","Bryan County",1,6,769,416,353
050,13,029,"Georgia","Bryan County",1,7,747,394,353
050,13,029,"Georgia","Bryan County",1,8,752,383,369
050,13,029,"Georgia","Bryan County",1,9,742,387,355
050,13,029,"Georgia","Bryan County",1,10,765,381,384
050,13,029,"Georgia","Bryan County",1,11,781,378,403
050,13,029,"Georgia","Bryan County",1,12,840,417,423
050,13,029,"Georgia","Bryan County",1,13,844,409,435
050,13,029,"Georgia","Bryan County",1,14,800,402,398
050,13,029,"Georgia","Bryan County",1,15,779,389,390
050,13,029,"Georgia","Bryan County",1,16,763,401,362
050,13,029,"Georgia","Bryan County",1,17,732,386,346
050,13,029,"Georgia","Bryan County",1,18,617,332,285
050,13,029,"Georgia","Bryan County",1,19,459,238,221
050,13,029,"Georgia","Bryan County",1,20,443,234,209
050,13,029,"Georgia","Bryan County",1,21,445,240,205
050,13,029,"Georgia","Bryan County",1,22,437,228,209
050,13,029,"Georgia","Bryan County",1,23,434,221,213
050,13,029,"Georgia","Bryan County",1,24,480,248,232
050,13,029,"Georgia","Bryan County",1,25,507,254,253
050,13,029,"Georgia","Bryan County",1,26,520,248,272
050,13,029,"Georgia","Bryan County",1,27,541,283,258
050,13,029,"Georgia","Bryan County",1,28,543,278,265
050,13,029,"Georgia","Bryan County",1,29,619,297,322
050,13,029,"Georgia","Bryan County",1,30,631,295,336
050,13,029,"Georgia","Bryan County",1,31,647,315,332
050,13,029,"Georgia","Bryan County",1,32,678,328,350
050,13,029,"Georgia","Bryan County",1,33,672,332,340
050,13,029,"Georgia","Bryan County",1,34,774,366,408
050,13,029,"Georgia","Bryan County",1,35,783,368,415
050,13,029,"Georgia","Bryan County",1,36,782,380,402
050,13,029,"Georgia","Bryan County",1,37,782,357,425
050,13,029,"Georgia","Bryan County",1,38,796,388,408
050,13,029,"Georgia","Bryan County",1,39,792,405,387
050,13,029,"Georgia","Bryan County",1,40,766,371,395
050,13,029,"Georgia","Bryan County",1,41,670,351,319
050,13,029,"Georgia","Bryan County",1,42,698,334,364
050,13,029,"Georgia","Bryan County",1,43,650,329,321
050,13,029,"Georgia","Bryan County",1,44,618,312,306
050,13,029,"Georgia","Bryan County",1,45,623,305,318
050,13,029,"Georgia","Bryan County",1,46,539,288,251
050,13,029,"Georgia","Bryan County",1,47,593,294,299
050,13,029,"Georgia","Bryan County",1,48,635,323,312
050,13,029,"Georgia","Bryan County",1,49,581,289,292
050,13,029,"Georgia","Bryan County",1,50,549,278,271
050,13,029,"Georgia","Bryan County",1,51,508,248,260
050,13,029,"Georgia","Bryan County",1,52,468,235,233
050,13,029,"Georgia","Bryan County",1,53,477,227,250
050,13,029,"Georgia","Bryan County",1,54,457,220,237
050,13,029,"Georgia","Bryan County",1,55,511,261,250
050,13,029,"Georgia","Bryan County",1,56,494,254,240
050,13,029,"Georgia","Bryan County",1,57,488,240,248
050,13,029,"Georgia","Bryan County",1,58,482,225,257
050,13,029,"Georgia","Bryan County",1,59,484,226,258
050,13,029,"Georgia","Bryan County",1,60,462,241,221
050,13,029,"Georgia","Bryan County",1,61,412,201,211
050,13,029,"Georgia","Bryan County",1,62,419,185,234
050,13,029,"Georgia","Bryan County",1,63,399,188,211
050,13,029,"Georgia","Bryan County",1,64,364,165,199
050,13,029,"Georgia","Bryan County",1,65,369,167,202
050,13,029,"Georgia","Bryan County",1,66,372,179,193
050,13,029,"Georgia","Bryan County",1,67,340,150,190
050,13,029,"Georgia","Bryan County",1,68,309,139,170
050,13,029,"Georgia","Bryan County",1,69,300,139,161
050,13,029,"Georgia","Bryan County",1,70,291,142,149
050,13,029,"Georgia","Bryan County",1,71,305,147,158
050,13,029,"Georgia","Bryan County",1,72,260,128,132
050,13,029,"Georgia","Bryan County",1,73,278,137,141
050,13,029,"Georgia","Bryan County",1,74,200,87,113
050,13,029,"Georgia","Bryan County",1,75,193,90,103
050,13,029,"Georgia","Bryan County",1,76,185,86,99
050,13,029,"Georgia","Bryan County",1,77,174,78,96
050,13,029,"Georgia","Bryan County",1,78,136,62,74
050,13,029,"Georgia","Bryan County",1,79,115,58,57
050,13,029,"Georgia","Bryan County",1,80,120,60,60
050,13,029,"Georgia","Bryan County",1,81,105,42,63
050,13,029,"Georgia","Bryan County",1,82,99,43,56
050,13,029,"Georgia","Bryan County",1,83,87,32,55
050,13,029,"Georgia","Bryan County",1,84,65,25,40
050,13,029,"Georgia","Bryan County",1,85,421,163,258
050,13,029,"Georgia","Bryan County",2,0,592,315,277
050,13,029,"Georgia","Bryan County",2,1,601,314,287
050,13,029,"Georgia","Bryan County",2,2,663,341,322
050,13,029,"Georgia","Bryan County",2,3,676,348,328
050,13,029,"Georgia","Bryan County",2,4,704,371,333
050,13,029,"Georgia","Bryan County",2,5,741,399,342
050,13,029,"Georgia","Bryan County",2,6,769,417,352
050,13,029,"Georgia","Bryan County",2,7,756,401,355
050,13,029,"Georgia","Bryan County",2,8,757,391,366
050,13,029,"Georgia","Bryan County",2,9,752,389,363
050,13,029,"Georgia","Bryan County",2,10,763,383,380
050,13,029,"Georgia","Bryan County",2,11,784,383,401
050,13,029,"Georgia","Bryan County",2,12,841,415,426
050,13,029,"Georgia","Bryan County",2,13,843,411,432
050,13,029,"Georgia","Bryan County",2,14,818,405,413
050,13,029,"Georgia","Bryan County",2,15,789,394,395
050,13,029,"Georgia","Bryan County",2,16,772,399,373
050,13,029,"Georgia","Bryan County",2,17,744,395,349
050,13,029,"Georgia","Bryan County",2,18,612,331,281
050,13,029,"Georgia","Bryan County",2,19,472,247,225
050,13,029,"Georgia","Bryan County",2,20,459,241,218
050,13,029,"Georgia","Bryan County",2,21,447,240,207
050,13,029,"Georgia","Bryan County",2,22,445,235,210
050,13,029,"Georgia","Bryan County",2,23,448,230,218
050,13,029,"Georgia","Bryan County",2,24,474,243,231
050,13,029,"Georgia","Bryan County",2,25,503,250,253
050,13,029,"Georgia","Bryan County",2,26,522,254,268
050,13,029,"Georgia","Bryan County",2,27,540,278,262
050,13,029,"Georgia","Bryan County",2,28,550,281,269
050,13,029,"Georgia","Bryan County",2,29,599,290,309
050,13,029,"Georgia","Bryan County",2,30,631,299,332
050,13,029,"Georgia","Bryan County",2,31,653,318,335
050,13,029,"Georgia","Bryan County",2,32,674,329,345
050,13,029,"Georgia","Bryan County",2,33,684,336,348
050,13,029,"Georgia","Bryan County",2,34,762,366,396
050,13,029,"Georgia","Bryan County",2,35,793,374,419
050,13,029,"Georgia","Bryan County",2,36,778,373,405
050,13,029,"Georgia","Bryan County",2,37,788,366,422
050,13,029,"Georgia","Bryan County",2,38,804,389,415
050,13,029,"Georgia","Bryan County",2,39,801,404,397
050,13,029,"Georgia","Bryan County",2,40,778,384,394
050,13,029,"Georgia","Bryan County",2,41,695,355,340
050,13,029,"Georgia","Bryan County",2,42,694,337,357
050,13,029,"Georgia","Bryan County",2,43,667,330,337
050,13,029,"Georgia","Bryan County",2,44,625,315,310
050,13,029,"Georgia","Bryan County",2,45,627,311,316
050,13,029,"Georgia","Bryan County",2,46,561,293,268
050,13,029,"Georgia","Bryan County",2,47,580,294,286
050,13,029,"Georgia","Bryan County",2,48,621,315,306
050,13,029,"Georgia","Bryan County",2,49,590,295,295
050,13,029,"Georgia","Bryan County",2,50,556,279,277
050,13,029,"Georgia","Bryan County",2,51,519,257,262
050,13,029,"Georgia","Bryan County",2,52,478,238,240
050,13,029,"Georgia","Bryan County",2,53,474,228,246
050,13,029,"Georgia","Bryan County",2,54,459,220,239
050,13,029,"Georgia","Bryan County",2,55,497,250,247
050,13,029,"Georgia","Bryan County",2,56,499,256,243
050,13,029,"Georgia","Bryan County",2,57,493,244,249
050,13,029,"Georgia","Bryan County",2,58,485,230,255
050,13,029,"Georgia","Bryan County",2,59,487,228,259
050,13,029,"Georgia","Bryan County",2,60,468,239,229
050,13,029,"Georgia","Bryan County",2,61,422,209,213
050,13,029,"Georgia","Bryan County",2,62,410,187,223
050,13,029,"Georgia","Bryan County",2,63,406,188,218
050,13,029,"Georgia","Bryan County",2,64,370,167,203
050,13,029,"Georgia","Bryan County",2,65,365,165,200
050,13,029,"Georgia","Bryan County",2,66,374,177,197
050,13,029,"Georgia","Bryan County",2,67,343,155,188
050,13,029,"Georgia","Bryan County",2,68,314,140,174
050,13,029,"Georgia","Bryan County",2,69,304,139,165
050,13,029,"Georgia","Bryan County",2,70,292,144,148
050,13,029,"Georgia","Bryan County",2,71,301,145,156
050,13,029,"Georgia","Bryan County",2,72,267,131,136
050,13,029,"Georgia","Bryan County",2,73,288,142,146
050,13,029,"Georgia","Bryan County",2,74,208,95,113
050,13,029,"Georgia","Bryan County",2,75,195,89,106
050,13,029,"Georgia","Bryan County",2,76,185,86,99
050,13,029,"Georgia","Bryan County",2,77,179,82,97
050,13,029,"Georgia","Bryan County",2,78,138,61,77
050,13,029,"Georgia","Bryan County",2,79,116,58,58
050,13,029,"Georgia","Bryan County",2,80,117,56,61
050,13,029,"Georgia","Bryan County",2,81,107,47,60
050,13,029,"Georgia","Bryan County",2,82,102,43,59
050,13,029,"Georgia","Bryan County",2,83,90,35,55
050,13,029,"Georgia","Bryan County",2,84,68,26,42
050,13,029,"Georgia","Bryan County",2,85,425,164,261
050,13,029,"Georgia","Bryan County",3,0,574,289,285
050,13,029,"Georgia","Bryan County",3,1,615,329,286
050,13,029,"Georgia","Bryan County",3,2,683,352,331
050,13,029,"Georgia","Bryan County",3,3,689,363,326
050,13,029,"Georgia","Bryan County",3,4,700,340,360
050,13,029,"Georgia","Bryan County",3,5,790,411,379
050,13,029,"Georgia","Bryan County",3,6,781,418,363
050,13,029,"Georgia","Bryan County",3,7,799,417,382
050,13,029,"Georgia","Bryan County",3,8,804,428,376
050,13,029,"Georgia","Bryan County",3,9,796,422,374
050,13,029,"Georgia","Bryan County",3,10,766,393,373
050,13,029,"Georgia","Bryan County",3,11,795,398,397
050,13,029,"Georgia","Bryan County",3,12,813,401,412
050,13,029,"Georgia","Bryan County",3,13,866,446,420
050,13,029,"Georgia","Bryan County",3,14,857,427,430
050,13,029,"Georgia","Bryan County",3,15,854,427,427
050,13,029,"Georgia","Bryan County",3,16,800,384,416
050,13,029,"Georgia","Bryan County",3,17,781,405,376
050,13,029,"Georgia","Bryan County",3,18,615,332,283
050,13,029,"Georgia","Bryan County",3,19,480,254,226
050,13,029,"Georgia","Bryan County",3,20,492,261,231
050,13,029,"Georgia","Bryan County",3,21,483,262,221
050,13,029,"Georgia","Bryan County",3,22,499,266,233
050,13,029,"Georgia","Bryan County",3,23,521,277,244
050,13,029,"Georgia","Bryan County",3,24,536,280,256
050,13,029,"Georgia","Bryan County",3,25,550,285,265
050,13,029,"Georgia","Bryan County",3,26,536,274,262
050,13,029,"Georgia","Bryan County",3,27,591,294,297
050,13,029,"Georgia","Bryan County",3,28,601,306,295
050,13,029,"Georgia","Bryan County",3,29,596,286,310
050,13,029,"Georgia","Bryan County",3,30,636,309,327
050,13,029,"Georgia","Bryan County",3,31,685,316,369
050,13,029,"Georgia","Bryan County",3,32,683,329,354
050,13,029,"Georgia","Bryan County",3,33,726,342,384
050,13,029,"Georgia","Bryan County",3,34,735,347,388
050,13,029,"Georgia","Bryan County",3,35,820,402,418
050,13,029,"Georgia","Bryan County",3,36,816,401,415
050,13,029,"Georgia","Bryan County",3,37,812,396,416
050,13,029,"Georgia","Bryan County",3,38,842,406,436
050,13,029,"Georgia","Bryan County",3,39,816,402,414
050,13,029,"Georgia","Bryan County",3,40,856,444,412
050,13,029,"Georgia","Bryan County",3,41,771,371,400
050,13,029,"Georgia","Bryan County",3,42,700,355,345
050,13,029,"Georgia","Bryan County",3,43,707,338,369
050,13,029,"Georgia","Bryan County",3,44,678,338,340
050,13,029,"Georgia","Bryan County",3,45,639,326,313
050,13,029,"Georgia","Bryan County",3,46,649,329,320
050,13,029,"Georgia","Bryan County",3,47,582,300,282
050,13,029,"Georgia","Bryan County",3,48,582,293,289
050,13,029,"Georgia","Bryan County",3,49,630,319,311
050,13,029,"Georgia","Bryan County",3,50,594,294,300
050,13,029,"Georgia","Bryan County",3,51,553,276,277
050,13,029,"Georgia","Bryan County",3,52,518,262,256
050,13,029,"Georgia","Bryan County",3,53,475,237,238
050,13,029,"Georgia","Bryan County",3,54,472,224,248
050,13,029,"Georgia","Bryan County",3,55,458,219,239
050,13,029,"Georgia","Bryan County",3,56,506,257,249
050,13,029,"Georgia","Bryan County",3,57,500,253,247
050,13,029,"Georgia","Bryan County",3,58,508,248,260
050,13,029,"Georgia","Bryan County",3,59,478,225,253
050,13,029,"Georgia","Bryan County",3,60,486,224,262
050,13,029,"Georgia","Bryan County",3,61,484,244,240
050,13,029,"Georgia","Bryan County",3,62,432,208,224
050,13,029,"Georgia","Bryan County",3,63,422,190,232
050,13,029,"Georgia","Bryan County",3,64,423,191,232
050,13,029,"Georgia","Bryan County",3,65,375,176,199
050,13,029,"Georgia","Bryan County",3,66,363,167,196
050,13,029,"Georgia","Bryan County",3,67,381,176,205
050,13,029,"Georgia","Bryan County",3,68,349,156,193
050,13,029,"Georgia","Bryan County",3,69,315,140,175
050,13,029,"Georgia","Bryan County",3,70,306,134,172
050,13,029,"Georgia","Bryan County",3,71,291,143,148
050,13,029,"Georgia","Bryan County",3,72,298,142,156
050,13,029,"Georgia","Bryan County",3,73,257,125,132
050,13,029,"Georgia","Bryan County",3,74,281,134,147
050,13,029,"Georgia","Bryan County",3,75,203,92,111
050,13,029,"Georgia","Bryan County",3,76,192,88,104
050,13,029,"Georgia","Bryan County",3,77,184,89,95
050,13,029,"Georgia","Bryan County",3,78,178,82,96
050,13,029,"Georgia","Bryan County",3,79,134,60,74
050,13,029,"Georgia","Bryan County",3,80,115,51,64
050,13,029,"Georgia","Bryan County",3,81,109,53,56
050,13,029,"Georgia","Bryan County",3,82,102,42,60
050,13,029,"Georgia","Bryan County",3,83,102,41,61
050,13,029,"Georgia","Bryan County",3,84,80,29,51
050,13,029,"Georgia","Bryan County",3,85,422,165,257
050,13,029,"Georgia","Bryan County",4,0,610,322,288
050,13,029,"Georgia","Bryan County",4,1,644,332,312
050,13,029,"Georgia","Bryan County",4,2,655,349,306
050,13,029,"Georgia","Bryan County",4,3,718,376,342
050,13,029,"Georgia","Bryan County",4,4,718,375,343
050,13,029,"Georgia","Bryan County",4,5,723,353,370
050,13,029,"Georgia","Bryan County",4,6,816,420,396
050,13,029,"Georgia","Bryan County",4,7,802,408,394
050,13,029,"Georgia","Bryan County",4,8,853,456,397
050,13,029,"Georgia","Bryan County",4,9,823,430,393
050,13,029,"Georgia","Bryan County",4,10,826,442,384
050,13,029,"Georgia","Bryan County",4,11,747,381,366
050,13,029,"Georgia","Bryan County",4,12,811,397,414
050,13,029,"Georgia","Bryan County",4,13,860,419,441
050,13,029,"Georgia","Bryan County",4,14,890,455,435
050,13,029,"Georgia","Bryan County",4,15,862,444,418
050,13,029,"Georgia","Bryan County",4,16,837,410,427
050,13,029,"Georgia","Bryan County",4,17,828,406,422
050,13,029,"Georgia","Bryan County",4,18,647,339,308
050,13,029,"Georgia","Bryan County",4,19,474,250,224
050,13,029,"Georgia","Bryan County",4,20,484,253,231
050,13,029,"Georgia","Bryan County",4,21,490,249,241
050,13,029,"Georgia","Bryan County",4,22,500,260,240
050,13,029,"Georgia","Bryan County",4,23,547,283,264
050,13,029,"Georgia","Bryan County",4,24,546,294,252
050,13,029,"Georgia","Bryan County",4,25,537,278,259
050,13,029,"Georgia","Bryan County",4,26,533,277,256
050,13,029,"Georgia","Bryan County",4,27,575,291,284
050,13,029,"Georgia","Bryan County",4,28,629,302,327
050,13,029,"Georgia","Bryan County",4,29,616,311,305
050,13,029,"Georgia","Bryan County",4,30,613,295,318
050,13,029,"Georgia","Bryan County",4,31,643,300,343
050,13,029,"Georgia","Bryan County",4,32,746,345,401
050,13,029,"Georgia","Bryan County",4,33,698,338,360
050,13,029,"Georgia","Bryan County",4,34,773,380,393
050,13,029,"Georgia","Bryan County",4,35,757,356,401
050,13,029,"Georgia","Bryan County",4,36,849,421,428
050,13,029,"Georgia","Bryan County",4,37,833,416,417
050,13,029,"Georgia","Bryan County",4,38,845,407,438
050,13,029,"Georgia","Bryan County",4,39,864,433,431
050,13,029,"Georgia","Bryan County",4,40,826,423,403
050,13,029,"Georgia","Bryan County",4,41,869,450,419
050,13,029,"Georgia","Bryan County",4,42,781,378,403
050,13,029,"Georgia","Bryan County",4,43,714,360,354
050,13,029,"Georgia","Bryan County",4,44,716,333,383
050,13,029,"Georgia","Bryan County",4,45,678,333,345
050,13,029,"Georgia","Bryan County",4,46,655,336,319
050,13,029,"Georgia","Bryan County",4,47,642,329,313
050,13,029,"Georgia","Bryan County",4,48,566,283,283
050,13,029,"Georgia","Bryan County",4,49,599,298,301
050,13,029,"Georgia","Bryan County",4,50,659,335,324
050,13,029,"Georgia","Bryan County",4,51,588,286,302
050,13,029,"Georgia","Bryan County",4,52,559,278,281
050,13,029,"Georgia","Bryan County",4,53,527,276,251
050,13,029,"Georgia","Bryan County",4,54,481,237,244
050,13,029,"Georgia","Bryan County",4,55,493,241,252
050,13,029,"Georgia","Bryan County",4,56,471,226,245
050,13,029,"Georgia","Bryan County",4,57,519,261,258
050,13,029,"Georgia","Bryan County",4,58,517,258,259
050,13,029,"Georgia","Bryan County",4,59,520,257,263
050,13,029,"Georgia","Bryan County",4,60,465,225,240
050,13,029,"Georgia","Bryan County",4,61,483,219,264
050,13,029,"Georgia","Bryan County",4,62,481,239,242
050,13,029,"Georgia","Bryan County",4,63,436,200,236
050,13,029,"Georgia","Bryan County",4,64,412,180,232
050,13,029,"Georgia","Bryan County",4,65,405,176,229
050,13,029,"Georgia","Bryan County",4,66,381,188,193
050,13,029,"Georgia","Bryan County",4,67,366,167,199
050,13,029,"Georgia","Bryan County",4,68,377,176,201
050,13,029,"Georgia","Bryan County",4,69,367,165,202
050,13,029,"Georgia","Bryan County",4,70,322,140,182
050,13,029,"Georgia","Bryan County",4,71,313,135,178
050,13,029,"Georgia","Bryan County",4,72,289,140,149
050,13,029,"Georgia","Bryan County",4,73,304,137,167
050,13,029,"Georgia","Bryan County",4,74,253,117,136
050,13,029,"Georgia","Bryan County",4,75,262,124,138
050,13,029,"Georgia","Bryan County",4,76,203,90,113
050,13,029,"Georgia","Bryan County",4,77,188,83,105
050,13,029,"Georgia","Bryan County",4,78,175,81,94
050,13,029,"Georgia","Bryan County",4,79,167,77,90
050,13,029,"Georgia","Bryan County",4,80,135,57,78
050,13,029,"Georgia","Bryan County",4,81,107,49,58
050,13,029,"Georgia","Bryan County",4,82,101,45,56
050,13,029,"Georgia","Bryan County",4,83,103,42,61
050,13,029,"Georgia","Bryan County",4,84,93,36,57
050,13,029,"Georgia","Bryan County",4,85,428,164,264
050,13,029,"Georgia","Bryan County",5,0,627,329,298
050,13,029,"Georgia","Bryan County",5,1,678,341,337
050,13,029,"Georgia","Bryan County",5,2,665,344,321
050,13,029,"Georgia","Bryan County",5,3,697,363,334
050,13,029,"Georgia","Bryan County",5,4,727,379,348
050,13,029,"Georgia","Bryan County",5,5,758,410,348
050,13,029,"Georgia","Bryan County",5,6,743,360,383
050,13,029,"Georgia","Bryan County",5,7,845,433,412
050,13,029,"Georgia","Bryan County",5,8,843,437,406
050,13,029,"Georgia","Bryan County",5,9,881,459,422
050,13,029,"Georgia","Bryan County",5,10,827,429,398
050,13,029,"Georgia","Bryan County",5,11,831,440,391
050,13,029,"Georgia","Bryan County",5,12,749,382,367
050,13,029,"Georgia","Bryan County",5,13,820,400,420
050,13,029,"Georgia","Bryan County",5,14,866,422,444
050,13,029,"Georgia","Bryan County",5,15,903,460,443
050,13,029,"Georgia","Bryan County",5,16,859,435,424
050,13,029,"Georgia","Bryan County",5,17,849,409,440
050,13,029,"Georgia","Bryan County",5,18,675,342,333
050,13,029,"Georgia","Bryan County",5,19,496,258,238
050,13,029,"Georgia","Bryan County",5,20,522,283,239
050,13,029,"Georgia","Bryan County",5,21,505,271,234
050,13,029,"Georgia","Bryan County",5,22,539,279,260
050,13,029,"Georgia","Bryan County",5,23,558,288,270
050,13,029,"Georgia","Bryan County",5,24,555,305,250
050,13,029,"Georgia","Bryan County",5,25,566,302,264
050,13,029,"Georgia","Bryan County",5,26,584,286,298
050,13,029,"Georgia","Bryan County",5,27,552,270,282
050,13,029,"Georgia","Bryan County",5,28,598,303,295
050,13,029,"Georgia","Bryan County",5,29,647,310,337
050,13,029,"Georgia","Bryan County",5,30,644,311,333
050,13,029,"Georgia","Bryan County",5,31,684,329,355
050,13,029,"Georgia","Bryan County",5,32,727,344,383
050,13,029,"Georgia","Bryan County",5,33,765,361,404
050,13,029,"Georgia","Bryan County",5,34,735,343,392
050,13,029,"Georgia","Bryan County",5,35,821,412,409
050,13,029,"Georgia","Bryan County",5,36,798,391,407
050,13,029,"Georgia","Bryan County",5,37,867,433,434
050,13,029,"Georgia","Bryan County",5,38,854,416,438
050,13,029,"Georgia","Bryan County",5,39,900,427,473
050,13,029,"Georgia","Bryan County",5,40,910,440,470
050,13,029,"Georgia","Bryan County",5,41,839,423,416
050,13,029,"Georgia","Bryan County",5,42,877,454,423
050,13,029,"Georgia","Bryan County",5,43,795,376,419
050,13,029,"Georgia","Bryan County",5,44,734,375,359
050,13,029,"Georgia","Bryan County",5,45,714,326,388
050,13,029,"Georgia","Bryan County",5,46,684,342,342
050,13,029,"Georgia","Bryan County",5,47,649,327,322
050,13,029,"Georgia","Bryan County",5,48,665,347,318
050,13,029,"Georgia","Bryan County",5,49,567,281,286
050,13,029,"Georgia","Bryan County",5,50,600,309,291
050,13,029,"Georgia","Bryan County",5,51,651,338,313
050,13,029,"Georgia","Bryan County",5,52,603,291,312
050,13,029,"Georgia","Bryan County",5,53,562,277,285
050,13,029,"Georgia","Bryan County",5,54,542,284,258
050,13,029,"Georgia","Bryan County",5,55,484,238,246
050,13,029,"Georgia","Bryan County",5,56,519,250,269
050,13,029,"Georgia","Bryan County",5,57,485,231,254
050,13,029,"Georgia","Bryan County",5,58,540,263,277
050,13,029,"Georgia","Bryan County",5,59,512,252,260
050,13,029,"Georgia","Bryan County",5,60,519,255,264
050,13,029,"Georgia","Bryan County",5,61,465,231,234
050,13,029,"Georgia","Bryan County",5,62,502,228,274
050,13,029,"Georgia","Bryan County",5,63,481,237,244
050,13,029,"Georgia","Bryan County",5,64,440,199,241
050,13,029,"Georgia","Bryan County",5,65,423,190,233
050,13,029,"Georgia","Bryan County",5,66,406,175,231
050,13,029,"Georgia","Bryan County",5,67,381,183,198
050,13,029,"Georgia","Bryan County",5,68,370,166,204
050,13,029,"Georgia","Bryan County",5,69,379,175,204
050,13,029,"Georgia","Bryan County",5,70,375,163,212
050,13,029,"Georgia","Bryan County",5,71,317,140,177
050,13,029,"Georgia","Bryan County",5,72,307,133,174
050,13,029,"Georgia","Bryan County",5,73,292,136,156
050,13,029,"Georgia","Bryan County",5,74,296,134,162
050,13,029,"Georgia","Bryan County",5,75,243,118,125
050,13,029,"Georgia","Bryan County",5,76,257,122,135
050,13,029,"Georgia","Bryan County",5,77,206,90,116
050,13,029,"Georgia","Bryan County",5,78,170,73,97
050,13,029,"Georgia","Bryan County",5,79,175,82,93
050,13,029,"Georgia","Bryan County",5,80,165,73,92
050,13,029,"Georgia","Bryan County",5,81,122,54,68
050,13,029,"Georgia","Bryan County",5,82,102,46,56
050,13,029,"Georgia","Bryan County",5,83,94,40,54
050,13,029,"Georgia","Bryan County",5,84,97,40,57
050,13,029,"Georgia","Bryan County",5,85,463,171,292
050,13,031,"Georgia","Bulloch County",1,0,876,445,431
050,13,031,"Georgia","Bulloch County",1,1,879,438,441
050,13,031,"Georgia","Bulloch County",1,2,908,442,466
050,13,031,"Georgia","Bulloch County",1,3,936,470,466
050,13,031,"Georgia","Bulloch County",1,4,940,466,474
050,13,031,"Georgia","Bulloch County",1,5,907,467,440
050,13,031,"Georgia","Bulloch County",1,6,865,422,443
050,13,031,"Georgia","Bulloch County",1,7,853,438,415
050,13,031,"Georgia","Bulloch County",1,8,851,423,428
050,13,031,"Georgia","Bulloch County",1,9,891,436,455
050,13,031,"Georgia","Bulloch County",1,10,905,435,470
050,13,031,"Georgia","Bulloch County",1,11,903,439,464
050,13,031,"Georgia","Bulloch County",1,12,925,455,470
050,13,031,"Georgia","Bulloch County",1,13,922,445,477
050,13,031,"Georgia","Bulloch County",1,14,897,476,421
050,13,031,"Georgia","Bulloch County",1,15,893,475,418
050,13,031,"Georgia","Bulloch County",1,16,921,498,423
050,13,031,"Georgia","Bulloch County",1,17,905,477,428
050,13,031,"Georgia","Bulloch County",1,18,2318,1146,1172
050,13,031,"Georgia","Bulloch County",1,19,3868,2029,1839
050,13,031,"Georgia","Bulloch County",1,20,3134,1630,1504
050,13,031,"Georgia","Bulloch County",1,21,3060,1441,1619
050,13,031,"Georgia","Bulloch County",1,22,2599,1234,1365
050,13,031,"Georgia","Bulloch County",1,23,1829,1025,804
050,13,031,"Georgia","Bulloch County",1,24,1556,773,783
050,13,031,"Georgia","Bulloch County",1,25,1270,649,621
050,13,031,"Georgia","Bulloch County",1,26,1118,554,564
050,13,031,"Georgia","Bulloch County",1,27,1071,560,511
050,13,031,"Georgia","Bulloch County",1,28,1061,541,520
050,13,031,"Georgia","Bulloch County",1,29,1052,551,501
050,13,031,"Georgia","Bulloch County",1,30,1083,530,553
050,13,031,"Georgia","Bulloch County",1,31,1071,537,534
050,13,031,"Georgia","Bulloch County",1,32,1075,537,538
050,13,031,"Georgia","Bulloch County",1,33,995,479,516
050,13,031,"Georgia","Bulloch County",1,34,953,442,511
050,13,031,"Georgia","Bulloch County",1,35,944,463,481
050,13,031,"Georgia","Bulloch County",1,36,918,442,476
050,13,031,"Georgia","Bulloch County",1,37,933,467,466
050,13,031,"Georgia","Bulloch County",1,38,915,485,430
050,13,031,"Georgia","Bulloch County",1,39,905,458,447
050,13,031,"Georgia","Bulloch County",1,40,854,413,441
050,13,031,"Georgia","Bulloch County",1,41,846,405,441
050,13,031,"Georgia","Bulloch County",1,42,810,375,435
050,13,031,"Georgia","Bulloch County",1,43,785,369,416
050,13,031,"Georgia","Bulloch County",1,44,801,399,402
050,13,031,"Georgia","Bulloch County",1,45,774,369,405
050,13,031,"Georgia","Bulloch County",1,46,768,367,401
050,13,031,"Georgia","Bulloch County",1,47,813,393,420
050,13,031,"Georgia","Bulloch County",1,48,825,387,438
050,13,031,"Georgia","Bulloch County",1,49,901,465,436
050,13,031,"Georgia","Bulloch County",1,50,870,407,463
050,13,031,"Georgia","Bulloch County",1,51,816,397,419
050,13,031,"Georgia","Bulloch County",1,52,782,384,398
050,13,031,"Georgia","Bulloch County",1,53,774,378,396
050,13,031,"Georgia","Bulloch County",1,54,780,410,370
050,13,031,"Georgia","Bulloch County",1,55,830,416,414
050,13,031,"Georgia","Bulloch County",1,56,847,399,448
050,13,031,"Georgia","Bulloch County",1,57,888,428,460
050,13,031,"Georgia","Bulloch County",1,58,838,379,459
050,13,031,"Georgia","Bulloch County",1,59,842,397,445
050,13,031,"Georgia","Bulloch County",1,60,771,365,406
050,13,031,"Georgia","Bulloch County",1,61,797,382,415
050,13,031,"Georgia","Bulloch County",1,62,827,397,430
050,13,031,"Georgia","Bulloch County",1,63,775,376,399
050,13,031,"Georgia","Bulloch County",1,64,784,380,404
050,13,031,"Georgia","Bulloch County",1,65,728,336,392
050,13,031,"Georgia","Bulloch County",1,66,720,358,362
050,13,031,"Georgia","Bulloch County",1,67,669,319,350
050,13,031,"Georgia","Bulloch County",1,68,611,284,327
050,13,031,"Georgia","Bulloch County",1,69,585,271,314
050,13,031,"Georgia","Bulloch County",1,70,567,260,307
050,13,031,"Georgia","Bulloch County",1,71,541,264,277
050,13,031,"Georgia","Bulloch County",1,72,527,259,268
050,13,031,"Georgia","Bulloch County",1,73,518,244,274
050,13,031,"Georgia","Bulloch County",1,74,383,170,213
050,13,031,"Georgia","Bulloch County",1,75,367,152,215
050,13,031,"Georgia","Bulloch County",1,76,361,157,204
050,13,031,"Georgia","Bulloch County",1,77,358,171,187
050,13,031,"Georgia","Bulloch County",1,78,298,132,166
050,13,031,"Georgia","Bulloch County",1,79,270,115,155
050,13,031,"Georgia","Bulloch County",1,80,259,109,150
050,13,031,"Georgia","Bulloch County",1,81,224,91,133
050,13,031,"Georgia","Bulloch County",1,82,194,77,117
050,13,031,"Georgia","Bulloch County",1,83,196,78,118
050,13,031,"Georgia","Bulloch County",1,84,161,61,100
050,13,031,"Georgia","Bulloch County",1,85,806,301,505
050,13,031,"Georgia","Bulloch County",2,0,874,435,439
050,13,031,"Georgia","Bulloch County",2,1,874,437,437
050,13,031,"Georgia","Bulloch County",2,2,904,441,463
050,13,031,"Georgia","Bulloch County",2,3,928,465,463
050,13,031,"Georgia","Bulloch County",2,4,943,473,470
050,13,031,"Georgia","Bulloch County",2,5,915,467,448
050,13,031,"Georgia","Bulloch County",2,6,882,439,443
050,13,031,"Georgia","Bulloch County",2,7,856,432,424
050,13,031,"Georgia","Bulloch County",2,8,851,426,425
050,13,031,"Georgia","Bulloch County",2,9,887,435,452
050,13,031,"Georgia","Bulloch County",2,10,901,434,467
050,13,031,"Georgia","Bulloch County",2,11,901,439,462
050,13,031,"Georgia","Bulloch County",2,12,928,453,475
050,13,031,"Georgia","Bulloch County",2,13,926,451,475
050,13,031,"Georgia","Bulloch County",2,14,904,470,434
050,13,031,"Georgia","Bulloch County",2,15,899,479,420
050,13,031,"Georgia","Bulloch County",2,16,919,493,426
050,13,031,"Georgia","Bulloch County",2,17,921,488,433
050,13,031,"Georgia","Bulloch County",2,18,2321,1144,1177
050,13,031,"Georgia","Bulloch County",2,19,3874,2026,1848
050,13,031,"Georgia","Bulloch County",2,20,3159,1648,1511
050,13,031,"Georgia","Bulloch County",2,21,3041,1429,1612
050,13,031,"Georgia","Bulloch County",2,22,2606,1241,1365
050,13,031,"Georgia","Bulloch County",2,23,1828,1026,802
050,13,031,"Georgia","Bulloch County",2,24,1551,770,781
050,13,031,"Georgia","Bulloch County",2,25,1263,635,628
050,13,031,"Georgia","Bulloch County",2,26,1125,561,564
050,13,031,"Georgia","Bulloch County",2,27,1056,545,511
050,13,031,"Georgia","Bulloch County",2,28,1060,545,515
050,13,031,"Georgia","Bulloch County",2,29,1051,546,505
050,13,031,"Georgia","Bulloch County",2,30,1079,534,545
050,13,031,"Georgia","Bulloch County",2,31,1065,532,533
050,13,031,"Georgia","Bulloch County",2,32,1061,528,533
050,13,031,"Georgia","Bulloch County",2,33,1005,485,520
050,13,031,"Georgia","Bulloch County",2,34,960,448,512
050,13,031,"Georgia","Bulloch County",2,35,950,459,491
050,13,031,"Georgia","Bulloch County",2,36,922,445,477
050,13,031,"Georgia","Bulloch County",2,37,933,464,469
050,13,031,"Georgia","Bulloch County",2,38,927,484,443
050,13,031,"Georgia","Bulloch County",2,39,904,463,441
050,13,031,"Georgia","Bulloch County",2,40,876,428,448
050,13,031,"Georgia","Bulloch County",2,41,853,409,444
050,13,031,"Georgia","Bulloch County",2,42,813,380,433
050,13,031,"Georgia","Bulloch County",2,43,802,377,425
050,13,031,"Georgia","Bulloch County",2,44,794,392,402
050,13,031,"Georgia","Bulloch County",2,45,793,383,410
050,13,031,"Georgia","Bulloch County",2,46,770,368,402
050,13,031,"Georgia","Bulloch County",2,47,807,389,418
050,13,031,"Georgia","Bulloch County",2,48,829,392,437
050,13,031,"Georgia","Bulloch County",2,49,893,452,441
050,13,031,"Georgia","Bulloch County",2,50,885,424,461
050,13,031,"Georgia","Bulloch County",2,51,828,401,427
050,13,031,"Georgia","Bulloch County",2,52,792,386,406
050,13,031,"Georgia","Bulloch County",2,53,777,381,396
050,13,031,"Georgia","Bulloch County",2,54,780,404,376
050,13,031,"Georgia","Bulloch County",2,55,821,415,406
050,13,031,"Georgia","Bulloch County",2,56,847,406,441
050,13,031,"Georgia","Bulloch County",2,57,880,422,458
050,13,031,"Georgia","Bulloch County",2,58,854,390,464
050,13,031,"Georgia","Bulloch County",2,59,845,396,449
050,13,031,"Georgia","Bulloch County",2,60,789,373,416
050,13,031,"Georgia","Bulloch County",2,61,791,376,415
050,13,031,"Georgia","Bulloch County",2,62,821,394,427
050,13,031,"Georgia","Bulloch County",2,63,802,387,415
050,13,031,"Georgia","Bulloch County",2,64,778,377,401
050,13,031,"Georgia","Bulloch County",2,65,743,346,397
050,13,031,"Georgia","Bulloch County",2,66,724,355,369
050,13,031,"Georgia","Bulloch County",2,67,678,326,352
050,13,031,"Georgia","Bulloch County",2,68,619,290,329
050,13,031,"Georgia","Bulloch County",2,69,600,280,320
050,13,031,"Georgia","Bulloch County",2,70,565,259,306
050,13,031,"Georgia","Bulloch County",2,71,546,262,284
050,13,031,"Georgia","Bulloch County",2,72,522,255,267
050,13,031,"Georgia","Bulloch County",2,73,541,257,284
050,13,031,"Georgia","Bulloch County",2,74,389,175,214
050,13,031,"Georgia","Bulloch County",2,75,368,154,214
050,13,031,"Georgia","Bulloch County",2,76,359,154,205
050,13,031,"Georgia","Bulloch County",2,77,354,169,185
050,13,031,"Georgia","Bulloch County",2,78,302,137,165
050,13,031,"Georgia","Bulloch County",2,79,270,117,153
050,13,031,"Georgia","Bulloch County",2,80,262,110,152
050,13,031,"Georgia","Bulloch County",2,81,227,94,133
050,13,031,"Georgia","Bulloch County",2,82,197,79,118
050,13,031,"Georgia","Bulloch County",2,83,192,74,118
050,13,031,"Georgia","Bulloch County",2,84,167,64,103
050,13,031,"Georgia","Bulloch County",2,85,823,308,515
050,13,031,"Georgia","Bulloch County",3,0,869,433,436
050,13,031,"Georgia","Bulloch County",3,1,917,457,460
050,13,031,"Georgia","Bulloch County",3,2,848,408,440
050,13,031,"Georgia","Bulloch County",3,3,919,448,471
050,13,031,"Georgia","Bulloch County",3,4,931,471,460
050,13,031,"Georgia","Bulloch County",3,5,936,461,475
050,13,031,"Georgia","Bulloch County",3,6,898,450,448
050,13,031,"Georgia","Bulloch County",3,7,912,452,460
050,13,031,"Georgia","Bulloch County",3,8,874,435,439
050,13,031,"Georgia","Bulloch County",3,9,868,430,438
050,13,031,"Georgia","Bulloch County",3,10,894,444,450
050,13,031,"Georgia","Bulloch County",3,11,893,437,456
050,13,031,"Georgia","Bulloch County",3,12,903,436,467
050,13,031,"Georgia","Bulloch County",3,13,954,472,482
050,13,031,"Georgia","Bulloch County",3,14,938,458,480
050,13,031,"Georgia","Bulloch County",3,15,935,478,457
050,13,031,"Georgia","Bulloch County",3,16,896,478,418
050,13,031,"Georgia","Bulloch County",3,17,955,519,436
050,13,031,"Georgia","Bulloch County",3,18,2251,1117,1134
050,13,031,"Georgia","Bulloch County",3,19,3735,1942,1793
050,13,031,"Georgia","Bulloch County",3,20,3138,1624,1514
050,13,031,"Georgia","Bulloch County",3,21,3074,1436,1638
050,13,031,"Georgia","Bulloch County",3,22,2646,1282,1364
050,13,031,"Georgia","Bulloch County",3,23,1797,1024,773
050,13,031,"Georgia","Bulloch County",3,24,1576,768,808
050,13,031,"Georgia","Bulloch County",3,25,1260,614,646
050,13,031,"Georgia","Bulloch County",3,26,1116,549,567
050,13,031,"Georgia","Bulloch County",3,27,1036,501,535
050,13,031,"Georgia","Bulloch County",3,28,1025,531,494
050,13,031,"Georgia","Bulloch County",3,29,1036,534,502
050,13,031,"Georgia","Bulloch County",3,30,1031,505,526
050,13,031,"Georgia","Bulloch County",3,31,1055,503,552
050,13,031,"Georgia","Bulloch County",3,32,1062,534,528
050,13,031,"Georgia","Bulloch County",3,33,1068,523,545
050,13,031,"Georgia","Bulloch County",3,34,966,445,521
050,13,031,"Georgia","Bulloch County",3,35,982,454,528
050,13,031,"Georgia","Bulloch County",3,36,961,469,492
050,13,031,"Georgia","Bulloch County",3,37,940,451,489
050,13,031,"Georgia","Bulloch County",3,38,960,465,495
050,13,031,"Georgia","Bulloch County",3,39,887,454,433
050,13,031,"Georgia","Bulloch County",3,40,915,463,452
050,13,031,"Georgia","Bulloch County",3,41,896,436,460
050,13,031,"Georgia","Bulloch County",3,42,866,413,453
050,13,031,"Georgia","Bulloch County",3,43,838,400,438
050,13,031,"Georgia","Bulloch County",3,44,830,392,438
050,13,031,"Georgia","Bulloch County",3,45,810,399,411
050,13,031,"Georgia","Bulloch County",3,46,780,363,417
050,13,031,"Georgia","Bulloch County",3,47,770,367,403
050,13,031,"Georgia","Bulloch County",3,48,830,397,433
050,13,031,"Georgia","Bulloch County",3,49,851,412,439
050,13,031,"Georgia","Bulloch County",3,50,900,453,447
050,13,031,"Georgia","Bulloch County",3,51,906,442,464
050,13,031,"Georgia","Bulloch County",3,52,827,403,424
050,13,031,"Georgia","Bulloch County",3,53,784,383,401
050,13,031,"Georgia","Bulloch County",3,54,793,393,400
050,13,031,"Georgia","Bulloch County",3,55,795,402,393
050,13,031,"Georgia","Bulloch County",3,56,850,429,421
050,13,031,"Georgia","Bulloch County",3,57,859,410,449
050,13,031,"Georgia","Bulloch County",3,58,896,428,468
050,13,031,"Georgia","Bulloch County",3,59,854,402,452
050,13,031,"Georgia","Bulloch County",3,60,833,381,452
050,13,031,"Georgia","Bulloch County",3,61,794,367,427
050,13,031,"Georgia","Bulloch County",3,62,798,382,416
050,13,031,"Georgia","Bulloch County",3,63,824,396,428
050,13,031,"Georgia","Bulloch County",3,64,798,380,418
050,13,031,"Georgia","Bulloch County",3,65,781,369,412
050,13,031,"Georgia","Bulloch County",3,66,747,350,397
050,13,031,"Georgia","Bulloch County",3,67,695,338,357
050,13,031,"Georgia","Bulloch County",3,68,667,324,343
050,13,031,"Georgia","Bulloch County",3,69,620,291,329
050,13,031,"Georgia","Bulloch County",3,70,571,262,309
050,13,031,"Georgia","Bulloch County",3,71,568,261,307
050,13,031,"Georgia","Bulloch County",3,72,541,256,285
050,13,031,"Georgia","Bulloch County",3,73,514,256,258
050,13,031,"Georgia","Bulloch County",3,74,522,247,275
050,13,031,"Georgia","Bulloch County",3,75,373,165,208
050,13,031,"Georgia","Bulloch County",3,76,355,147,208
050,13,031,"Georgia","Bulloch County",3,77,341,143,198
050,13,031,"Georgia","Bulloch County",3,78,328,152,176
050,13,031,"Georgia","Bulloch County",3,79,274,128,146
050,13,031,"Georgia","Bulloch County",3,80,271,116,155
050,13,031,"Georgia","Bulloch County",3,81,243,103,140
050,13,031,"Georgia","Bulloch County",3,82,222,92,130
050,13,031,"Georgia","Bulloch County",3,83,186,67,119
050,13,031,"Georgia","Bulloch County",3,84,170,68,102
050,13,031,"Georgia","Bulloch County",3,85,843,321,522
050,13,031,"Georgia","Bulloch County",4,0,872,436,436
050,13,031,"Georgia","Bulloch County",4,1,859,440,419
050,13,031,"Georgia","Bulloch County",4,2,923,464,459
050,13,031,"Georgia","Bulloch County",4,3,852,417,435
050,13,031,"Georgia","Bulloch County",4,4,940,462,478
050,13,031,"Georgia","Bulloch County",4,5,940,474,466
050,13,031,"Georgia","Bulloch County",4,6,956,485,471
050,13,031,"Georgia","Bulloch County",4,7,921,466,455
050,13,031,"Georgia","Bulloch County",4,8,967,470,497
050,13,031,"Georgia","Bulloch County",4,9,893,449,444
050,13,031,"Georgia","Bulloch County",4,10,882,442,440
050,13,031,"Georgia","Bulloch County",4,11,917,464,453
050,13,031,"Georgia","Bulloch County",4,12,938,451,487
050,13,031,"Georgia","Bulloch County",4,13,914,453,461
050,13,031,"Georgia","Bulloch County",4,14,990,491,499
050,13,031,"Georgia","Bulloch County",4,15,955,471,484
050,13,031,"Georgia","Bulloch County",4,16,977,494,483
050,13,031,"Georgia","Bulloch County",4,17,943,493,450
050,13,031,"Georgia","Bulloch County",4,18,2418,1205,1213
050,13,031,"Georgia","Bulloch County",4,19,3996,2081,1915
050,13,031,"Georgia","Bulloch County",4,20,3226,1646,1580
050,13,031,"Georgia","Bulloch County",4,21,3209,1496,1713
050,13,031,"Georgia","Bulloch County",4,22,2690,1286,1404
050,13,031,"Georgia","Bulloch County",4,23,1855,1081,774
050,13,031,"Georgia","Bulloch County",4,24,1523,766,757
050,13,031,"Georgia","Bulloch County",4,25,1291,630,661
050,13,031,"Georgia","Bulloch County",4,26,1139,564,575
050,13,031,"Georgia","Bulloch County",4,27,1048,511,537
050,13,031,"Georgia","Bulloch County",4,28,1038,498,540
050,13,031,"Georgia","Bulloch County",4,29,1015,517,498
050,13,031,"Georgia","Bulloch County",4,30,1039,532,507
050,13,031,"Georgia","Bulloch County",4,31,1081,535,546
050,13,031,"Georgia","Bulloch County",4,32,1069,511,558
050,13,031,"Georgia","Bulloch County",4,33,1075,536,539
050,13,031,"Georgia","Bulloch County",4,34,1088,525,563
050,13,031,"Georgia","Bulloch County",4,35,989,468,521
050,13,031,"Georgia","Bulloch County",4,36,1044,473,571
050,13,031,"Georgia","Bulloch County",4,37,986,486,500
050,13,031,"Georgia","Bulloch County",4,38,981,478,503
050,13,031,"Georgia","Bulloch County",4,39,986,472,514
050,13,031,"Georgia","Bulloch County",4,40,896,452,444
050,13,031,"Georgia","Bulloch County",4,41,938,471,467
050,13,031,"Georgia","Bulloch County",4,42,913,446,467
050,13,031,"Georgia","Bulloch County",4,43,898,429,469
050,13,031,"Georgia","Bulloch County",4,44,871,420,451
050,13,031,"Georgia","Bulloch County",4,45,827,392,435
050,13,031,"Georgia","Bulloch County",4,46,838,410,428
050,13,031,"Georgia","Bulloch County",4,47,809,371,438
050,13,031,"Georgia","Bulloch County",4,48,780,383,397
050,13,031,"Georgia","Bulloch County",4,49,858,421,437
050,13,031,"Georgia","Bulloch County",4,50,865,423,442
050,13,031,"Georgia","Bulloch County",4,51,925,470,455
050,13,031,"Georgia","Bulloch County",4,52,903,436,467
050,13,031,"Georgia","Bulloch County",4,53,825,402,423
050,13,031,"Georgia","Bulloch County",4,54,795,384,411
050,13,031,"Georgia","Bulloch County",4,55,796,380,416
050,13,031,"Georgia","Bulloch County",4,56,814,402,412
050,13,031,"Georgia","Bulloch County",4,57,859,432,427
050,13,031,"Georgia","Bulloch County",4,58,870,408,462
050,13,031,"Georgia","Bulloch County",4,59,906,439,467
050,13,031,"Georgia","Bulloch County",4,60,851,402,449
050,13,031,"Georgia","Bulloch County",4,61,835,369,466
050,13,031,"Georgia","Bulloch County",4,62,810,370,440
050,13,031,"Georgia","Bulloch County",4,63,795,370,425
050,13,031,"Georgia","Bulloch County",4,64,827,404,423
050,13,031,"Georgia","Bulloch County",4,65,791,383,408
050,13,031,"Georgia","Bulloch County",4,66,792,366,426
050,13,031,"Georgia","Bulloch County",4,67,753,346,407
050,13,031,"Georgia","Bulloch County",4,68,700,335,365
050,13,031,"Georgia","Bulloch County",4,69,651,320,331
050,13,031,"Georgia","Bulloch County",4,70,601,284,317
050,13,031,"Georgia","Bulloch County",4,71,571,264,307
050,13,031,"Georgia","Bulloch County",4,72,574,257,317
050,13,031,"Georgia","Bulloch County",4,73,534,251,283
050,13,031,"Georgia","Bulloch County",4,74,499,248,251
050,13,031,"Georgia","Bulloch County",4,75,493,234,259
050,13,031,"Georgia","Bulloch County",4,76,359,155,204
050,13,031,"Georgia","Bulloch County",4,77,342,142,200
050,13,031,"Georgia","Bulloch County",4,78,330,131,199
050,13,031,"Georgia","Bulloch County",4,79,307,147,160
050,13,031,"Georgia","Bulloch County",4,80,273,120,153
050,13,031,"Georgia","Bulloch County",4,81,250,108,142
050,13,031,"Georgia","Bulloch County",4,82,233,92,141
050,13,031,"Georgia","Bulloch County",4,83,213,82,131
050,13,031,"Georgia","Bulloch County",4,84,169,61,108
050,13,031,"Georgia","Bulloch County",4,85,874,337,537
050,13,031,"Georgia","Bulloch County",5,0,851,427,424
050,13,031,"Georgia","Bulloch County",5,1,895,447,448
050,13,031,"Georgia","Bulloch County",5,2,870,450,420
050,13,031,"Georgia","Bulloch County",5,3,908,464,444
050,13,031,"Georgia","Bulloch County",5,4,869,421,448
050,13,031,"Georgia","Bulloch County",5,5,949,465,484
050,13,031,"Georgia","Bulloch County",5,6,964,480,484
050,13,031,"Georgia","Bulloch County",5,7,979,493,486
050,13,031,"Georgia","Bulloch County",5,8,956,491,465
050,13,031,"Georgia","Bulloch County",5,9,995,481,514
050,13,031,"Georgia","Bulloch County",5,10,921,454,467
050,13,031,"Georgia","Bulloch County",5,11,895,463,432
050,13,031,"Georgia","Bulloch County",5,12,916,462,454
050,13,031,"Georgia","Bulloch County",5,13,951,464,487
050,13,031,"Georgia","Bulloch County",5,14,927,463,464
050,13,031,"Georgia","Bulloch County",5,15,1000,492,508
050,13,031,"Georgia","Bulloch County",5,16,993,496,497
050,13,031,"Georgia","Bulloch County",5,17,1019,521,498
050,13,031,"Georgia","Bulloch County",5,18,2389,1198,1191
050,13,031,"Georgia","Bulloch County",5,19,3961,2083,1878
050,13,031,"Georgia","Bulloch County",5,20,3222,1670,1552
050,13,031,"Georgia","Bulloch County",5,21,3153,1441,1712
050,13,031,"Georgia","Bulloch County",5,22,2773,1324,1449
050,13,031,"Georgia","Bulloch County",5,23,1891,1071,820
050,13,031,"Georgia","Bulloch County",5,24,1582,836,746
050,13,031,"Georgia","Bulloch County",5,25,1290,640,650
050,13,031,"Georgia","Bulloch County",5,26,1192,585,607
050,13,031,"Georgia","Bulloch County",5,27,1026,513,513
050,13,031,"Georgia","Bulloch County",5,28,1048,521,527
050,13,031,"Georgia","Bulloch County",5,29,1008,476,532
050,13,031,"Georgia","Bulloch County",5,30,1045,521,524
050,13,031,"Georgia","Bulloch County",5,31,1041,523,518
050,13,031,"Georgia","Bulloch County",5,32,1078,545,533
050,13,031,"Georgia","Bulloch County",5,33,1031,481,550
050,13,031,"Georgia","Bulloch County",5,34,1050,510,540
050,13,031,"Georgia","Bulloch County",5,35,1079,526,553
050,13,031,"Georgia","Bulloch County",5,36,1019,479,540
050,13,031,"Georgia","Bulloch County",5,37,1068,481,587
050,13,031,"Georgia","Bulloch County",5,38,988,478,510
050,13,031,"Georgia","Bulloch County",5,39,989,479,510
050,13,031,"Georgia","Bulloch County",5,40,981,473,508
050,13,031,"Georgia","Bulloch County",5,41,932,466,466
050,13,031,"Georgia","Bulloch County",5,42,932,461,471
050,13,031,"Georgia","Bulloch County",5,43,944,460,484
050,13,031,"Georgia","Bulloch County",5,44,916,442,474
050,13,031,"Georgia","Bulloch County",5,45,896,437,459
050,13,031,"Georgia","Bulloch County",5,46,836,395,441
050,13,031,"Georgia","Bulloch County",5,47,847,413,434
050,13,031,"Georgia","Bulloch County",5,48,824,377,447
050,13,031,"Georgia","Bulloch County",5,49,800,393,407
050,13,031,"Georgia","Bulloch County",5,50,867,418,449
050,13,031,"Georgia","Bulloch County",5,51,899,442,457
050,13,031,"Georgia","Bulloch County",5,52,939,476,463
050,13,031,"Georgia","Bulloch County",5,53,915,443,472
050,13,031,"Georgia","Bulloch County",5,54,847,406,441
050,13,031,"Georgia","Bulloch County",5,55,795,391,404
050,13,031,"Georgia","Bulloch County",5,56,814,392,422
050,13,031,"Georgia","Bulloch County",5,57,821,418,403
050,13,031,"Georgia","Bulloch County",5,58,855,428,427
050,13,031,"Georgia","Bulloch County",5,59,876,418,458
050,13,031,"Georgia","Bulloch County",5,60,892,422,470
050,13,031,"Georgia","Bulloch County",5,61,861,404,457
050,13,031,"Georgia","Bulloch County",5,62,855,375,480
050,13,031,"Georgia","Bulloch County",5,63,818,374,444
050,13,031,"Georgia","Bulloch County",5,64,797,376,421
050,13,031,"Georgia","Bulloch County",5,65,822,404,418
050,13,031,"Georgia","Bulloch County",5,66,792,383,409
050,13,031,"Georgia","Bulloch County",5,67,775,351,424
050,13,031,"Georgia","Bulloch County",5,68,757,351,406
050,13,031,"Georgia","Bulloch County",5,69,689,335,354
050,13,031,"Georgia","Bulloch County",5,70,627,310,317
050,13,031,"Georgia","Bulloch County",5,71,602,282,320
050,13,031,"Georgia","Bulloch County",5,72,567,259,308
050,13,031,"Georgia","Bulloch County",5,73,566,252,314
050,13,031,"Georgia","Bulloch County",5,74,511,237,274
050,13,031,"Georgia","Bulloch County",5,75,487,238,249
050,13,031,"Georgia","Bulloch County",5,76,488,229,259
050,13,031,"Georgia","Bulloch County",5,77,359,153,206
050,13,031,"Georgia","Bulloch County",5,78,334,133,201
050,13,031,"Georgia","Bulloch County",5,79,306,124,182
050,13,031,"Georgia","Bulloch County",5,80,303,139,164
050,13,031,"Georgia","Bulloch County",5,81,250,111,139
050,13,031,"Georgia","Bulloch County",5,82,241,101,140
050,13,031,"Georgia","Bulloch County",5,83,232,87,145
050,13,031,"Georgia","Bulloch County",5,84,193,74,119
050,13,031,"Georgia","Bulloch County",5,85,886,346,540
050,13,033,"Georgia","Burke County",1,0,303,151,152
050,13,033,"Georgia","Burke County",1,1,281,124,157
050,13,033,"Georgia","Burke County",1,2,335,148,187
050,13,033,"Georgia","Burke County",1,3,344,158,186
050,13,033,"Georgia","Burke County",1,4,356,175,181
050,13,033,"Georgia","Burke County",1,5,359,172,187
050,13,033,"Georgia","Burke County",1,6,355,167,188
050,13,033,"Georgia","Burke County",1,7,349,171,178
050,13,033,"Georgia","Burke County",1,8,329,173,156
050,13,033,"Georgia","Burke County",1,9,350,176,174
050,13,033,"Georgia","Burke County",1,10,342,178,164
050,13,033,"Georgia","Burke County",1,11,389,204,185
050,13,033,"Georgia","Burke County",1,12,375,197,178
050,13,033,"Georgia","Burke County",1,13,364,193,171
050,13,033,"Georgia","Burke County",1,14,376,190,186
050,13,033,"Georgia","Burke County",1,15,371,193,178
050,13,033,"Georgia","Burke County",1,16,391,202,189
050,13,033,"Georgia","Burke County",1,17,365,188,177
050,13,033,"Georgia","Burke County",1,18,325,177,148
050,13,033,"Georgia","Burke County",1,19,284,148,136
050,13,033,"Georgia","Burke County",1,20,265,130,135
050,13,033,"Georgia","Burke County",1,21,257,126,131
050,13,033,"Georgia","Burke County",1,22,265,135,130
050,13,033,"Georgia","Burke County",1,23,275,132,143
050,13,033,"Georgia","Burke County",1,24,300,161,139
050,13,033,"Georgia","Burke County",1,25,311,165,146
050,13,033,"Georgia","Burke County",1,26,291,133,158
050,13,033,"Georgia","Burke County",1,27,324,154,170
050,13,033,"Georgia","Burke County",1,28,329,162,167
050,13,033,"Georgia","Burke County",1,29,305,146,159
050,13,033,"Georgia","Burke County",1,30,290,131,159
050,13,033,"Georgia","Burke County",1,31,290,128,162
050,13,033,"Georgia","Burke County",1,32,289,131,158
050,13,033,"Georgia","Burke County",1,33,260,112,148
050,13,033,"Georgia","Burke County",1,34,288,141,147
050,13,033,"Georgia","Burke County",1,35,299,144,155
050,13,033,"Georgia","Burke County",1,36,291,139,152
050,13,033,"Georgia","Burke County",1,37,291,138,153
050,13,033,"Georgia","Burke County",1,38,281,135,146
050,13,033,"Georgia","Burke County",1,39,308,144,164
050,13,033,"Georgia","Burke County",1,40,302,143,159
050,13,033,"Georgia","Burke County",1,41,259,116,143
050,13,033,"Georgia","Burke County",1,42,288,137,151
050,13,033,"Georgia","Burke County",1,43,271,131,140
050,13,033,"Georgia","Burke County",1,44,250,128,122
050,13,033,"Georgia","Burke County",1,45,297,148,149
050,13,033,"Georgia","Burke County",1,46,267,143,124
050,13,033,"Georgia","Burke County",1,47,266,126,140
050,13,033,"Georgia","Burke County",1,48,298,144,154
050,13,033,"Georgia","Burke County",1,49,352,161,191
050,13,033,"Georgia","Burke County",1,50,329,143,186
050,13,033,"Georgia","Burke County",1,51,305,156,149
050,13,033,"Georgia","Burke County",1,52,283,136,147
050,13,033,"Georgia","Burke County",1,53,273,126,147
050,13,033,"Georgia","Burke County",1,54,307,140,167
050,13,033,"Georgia","Burke County",1,55,329,146,183
050,13,033,"Georgia","Burke County",1,56,363,162,201
050,13,033,"Georgia","Burke County",1,57,348,163,185
050,13,033,"Georgia","Burke County",1,58,364,169,195
050,13,033,"Georgia","Burke County",1,59,368,155,213
050,13,033,"Georgia","Burke County",1,60,355,179,176
050,13,033,"Georgia","Burke County",1,61,346,173,173
050,13,033,"Georgia","Burke County",1,62,342,168,174
050,13,033,"Georgia","Burke County",1,63,338,152,186
050,13,033,"Georgia","Burke County",1,64,336,159,177
050,13,033,"Georgia","Burke County",1,65,334,168,166
050,13,033,"Georgia","Burke County",1,66,310,148,162
050,13,033,"Georgia","Burke County",1,67,307,143,164
050,13,033,"Georgia","Burke County",1,68,298,143,155
050,13,033,"Georgia","Burke County",1,69,243,110,133
050,13,033,"Georgia","Burke County",1,70,238,104,134
050,13,033,"Georgia","Burke County",1,71,238,108,130
050,13,033,"Georgia","Burke County",1,72,224,111,113
050,13,033,"Georgia","Burke County",1,73,194,93,101
050,13,033,"Georgia","Burke County",1,74,183,91,92
050,13,033,"Georgia","Burke County",1,75,170,74,96
050,13,033,"Georgia","Burke County",1,76,156,72,84
050,13,033,"Georgia","Burke County",1,77,153,60,93
050,13,033,"Georgia","Burke County",1,78,123,47,76
050,13,033,"Georgia","Burke County",1,79,113,39,74
050,13,033,"Georgia","Burke County",1,80,81,31,50
050,13,033,"Georgia","Burke County",1,81,89,35,54
050,13,033,"Georgia","Burke County",1,82,81,32,49
050,13,033,"Georgia","Burke County",1,83,62,26,36
050,13,033,"Georgia","Burke County",1,84,77,28,49
050,13,033,"Georgia","Burke County",1,85,332,107,225
050,13,033,"Georgia","Burke County",2,0,299,149,150
050,13,033,"Georgia","Burke County",2,1,286,129,157
050,13,033,"Georgia","Burke County",2,2,323,143,180
050,13,033,"Georgia","Burke County",2,3,343,158,185
050,13,033,"Georgia","Burke County",2,4,355,172,183
050,13,033,"Georgia","Burke County",2,5,358,173,185
050,13,033,"Georgia","Burke County",2,6,356,168,188
050,13,033,"Georgia","Burke County",2,7,349,172,177
050,13,033,"Georgia","Burke County",2,8,336,173,163
050,13,033,"Georgia","Burke County",2,9,350,177,173
050,13,033,"Georgia","Burke County",2,10,348,180,168
050,13,033,"Georgia","Burke County",2,11,372,195,177
050,13,033,"Georgia","Burke County",2,12,380,197,183
050,13,033,"Georgia","Burke County",2,13,367,192,175
050,13,033,"Georgia","Burke County",2,14,375,193,182
050,13,033,"Georgia","Burke County",2,15,375,195,180
050,13,033,"Georgia","Burke County",2,16,386,198,188
050,13,033,"Georgia","Burke County",2,17,370,190,180
050,13,033,"Georgia","Burke County",2,18,321,174,147
050,13,033,"Georgia","Burke County",2,19,286,149,137
050,13,033,"Georgia","Burke County",2,20,274,136,138
050,13,033,"Georgia","Burke County",2,21,261,127,134
050,13,033,"Georgia","Burke County",2,22,264,132,132
050,13,033,"Georgia","Burke County",2,23,278,137,141
050,13,033,"Georgia","Burke County",2,24,295,155,140
050,13,033,"Georgia","Burke County",2,25,307,163,144
050,13,033,"Georgia","Burke County",2,26,297,142,155
050,13,033,"Georgia","Burke County",2,27,317,148,169
050,13,033,"Georgia","Burke County",2,28,326,158,168
050,13,033,"Georgia","Burke County",2,29,310,150,160
050,13,033,"Georgia","Burke County",2,30,295,134,161
050,13,033,"Georgia","Burke County",2,31,289,129,160
050,13,033,"Georgia","Burke County",2,32,291,132,159
050,13,033,"Georgia","Burke County",2,33,270,118,152
050,13,033,"Georgia","Burke County",2,34,282,136,146
050,13,033,"Georgia","Burke County",2,35,298,144,154
050,13,033,"Georgia","Burke County",2,36,295,141,154
050,13,033,"Georgia","Burke County",2,37,290,138,152
050,13,033,"Georgia","Burke County",2,38,284,136,148
050,13,033,"Georgia","Burke County",2,39,301,143,158
050,13,033,"Georgia","Burke County",2,40,303,144,159
050,13,033,"Georgia","Burke County",2,41,269,123,146
050,13,033,"Georgia","Burke County",2,42,278,131,147
050,13,033,"Georgia","Burke County",2,43,274,135,139
050,13,033,"Georgia","Burke County",2,44,252,128,124
050,13,033,"Georgia","Burke County",2,45,285,143,142
050,13,033,"Georgia","Burke County",2,46,270,142,128
050,13,033,"Georgia","Burke County",2,47,269,132,137
050,13,033,"Georgia","Burke County",2,48,294,142,152
050,13,033,"Georgia","Burke County",2,49,342,158,184
050,13,033,"Georgia","Burke County",2,50,337,148,189
050,13,033,"Georgia","Burke County",2,51,312,154,158
050,13,033,"Georgia","Burke County",2,52,290,141,149
050,13,033,"Georgia","Burke County",2,53,277,129,148
050,13,033,"Georgia","Burke County",2,54,299,135,164
050,13,033,"Georgia","Burke County",2,55,324,146,178
050,13,033,"Georgia","Burke County",2,56,354,158,196
050,13,033,"Georgia","Burke County",2,57,352,164,188
050,13,033,"Georgia","Burke County",2,58,364,170,194
050,13,033,"Georgia","Burke County",2,59,368,159,209
050,13,033,"Georgia","Burke County",2,60,360,174,186
050,13,033,"Georgia","Burke County",2,61,346,175,171
050,13,033,"Georgia","Burke County",2,62,340,168,172
050,13,033,"Georgia","Burke County",2,63,343,158,185
050,13,033,"Georgia","Burke County",2,64,337,157,180
050,13,033,"Georgia","Burke County",2,65,335,167,168
050,13,033,"Georgia","Burke County",2,66,311,152,159
050,13,033,"Georgia","Burke County",2,67,306,144,162
050,13,033,"Georgia","Burke County",2,68,295,139,156
050,13,033,"Georgia","Burke County",2,69,255,117,138
050,13,033,"Georgia","Burke County",2,70,241,107,134
050,13,033,"Georgia","Burke County",2,71,234,104,130
050,13,033,"Georgia","Burke County",2,72,224,108,116
050,13,033,"Georgia","Burke County",2,73,210,101,109
050,13,033,"Georgia","Burke County",2,74,177,86,91
050,13,033,"Georgia","Burke County",2,75,173,79,94
050,13,033,"Georgia","Burke County",2,76,157,72,85
050,13,033,"Georgia","Burke County",2,77,154,62,92
050,13,033,"Georgia","Burke County",2,78,127,50,77
050,13,033,"Georgia","Burke County",2,79,115,40,75
050,13,033,"Georgia","Burke County",2,80,89,33,56
050,13,033,"Georgia","Burke County",2,81,85,33,52
050,13,033,"Georgia","Burke County",2,82,82,31,51
050,13,033,"Georgia","Burke County",2,83,63,26,37
050,13,033,"Georgia","Burke County",2,84,70,25,45
050,13,033,"Georgia","Burke County",2,85,334,110,224
050,13,033,"Georgia","Burke County",3,0,284,150,134
050,13,033,"Georgia","Burke County",3,1,286,138,148
050,13,033,"Georgia","Burke County",3,2,282,129,153
050,13,033,"Georgia","Burke County",3,3,312,145,167
050,13,033,"Georgia","Burke County",3,4,321,156,165
050,13,033,"Georgia","Burke County",3,5,368,175,193
050,13,033,"Georgia","Burke County",3,6,352,172,180
050,13,033,"Georgia","Burke County",3,7,352,166,186
050,13,033,"Georgia","Burke County",3,8,337,165,172
050,13,033,"Georgia","Burke County",3,9,326,168,158
050,13,033,"Georgia","Burke County",3,10,342,180,162
050,13,033,"Georgia","Burke County",3,11,345,182,163
050,13,033,"Georgia","Burke County",3,12,377,193,184
050,13,033,"Georgia","Burke County",3,13,370,198,172
050,13,033,"Georgia","Burke County",3,14,364,191,173
050,13,033,"Georgia","Burke County",3,15,356,183,173
050,13,033,"Georgia","Burke County",3,16,374,194,180
050,13,033,"Georgia","Burke County",3,17,374,197,177
050,13,033,"Georgia","Burke County",3,18,315,168,147
050,13,033,"Georgia","Burke County",3,19,275,149,126
050,13,033,"Georgia","Burke County",3,20,299,152,147
050,13,033,"Georgia","Burke County",3,21,281,145,136
050,13,033,"Georgia","Burke County",3,22,267,124,143
050,13,033,"Georgia","Burke County",3,23,264,140,124
050,13,033,"Georgia","Burke County",3,24,286,141,145
050,13,033,"Georgia","Burke County",3,25,266,135,131
050,13,033,"Georgia","Burke County",3,26,300,158,142
050,13,033,"Georgia","Burke County",3,27,293,134,159
050,13,033,"Georgia","Burke County",3,28,307,130,177
050,13,033,"Georgia","Burke County",3,29,307,150,157
050,13,033,"Georgia","Burke County",3,30,295,139,156
050,13,033,"Georgia","Burke County",3,31,292,133,159
050,13,033,"Georgia","Burke County",3,32,293,135,158
050,13,033,"Georgia","Burke County",3,33,301,140,161
050,13,033,"Georgia","Burke County",3,34,271,122,149
050,13,033,"Georgia","Burke County",3,35,261,131,130
050,13,033,"Georgia","Burke County",3,36,303,154,149
050,13,033,"Georgia","Burke County",3,37,294,144,150
050,13,033,"Georgia","Burke County",3,38,287,130,157
050,13,033,"Georgia","Burke County",3,39,276,132,144
050,13,033,"Georgia","Burke County",3,40,302,143,159
050,13,033,"Georgia","Burke County",3,41,304,140,164
050,13,033,"Georgia","Burke County",3,42,281,129,152
050,13,033,"Georgia","Burke County",3,43,276,134,142
050,13,033,"Georgia","Burke County",3,44,274,138,136
050,13,033,"Georgia","Burke County",3,45,258,131,127
050,13,033,"Georgia","Burke County",3,46,285,138,147
050,13,033,"Georgia","Burke County",3,47,261,135,126
050,13,033,"Georgia","Burke County",3,48,269,132,137
050,13,033,"Georgia","Burke County",3,49,280,131,149
050,13,033,"Georgia","Burke County",3,50,333,148,185
050,13,033,"Georgia","Burke County",3,51,330,143,187
050,13,033,"Georgia","Burke County",3,52,317,162,155
050,13,033,"Georgia","Burke County",3,53,291,143,148
050,13,033,"Georgia","Burke County",3,54,274,128,146
050,13,033,"Georgia","Burke County",3,55,284,126,158
050,13,033,"Georgia","Burke County",3,56,318,146,172
050,13,033,"Georgia","Burke County",3,57,368,162,206
050,13,033,"Georgia","Burke County",3,58,346,159,187
050,13,033,"Georgia","Burke County",3,59,352,168,184
050,13,033,"Georgia","Burke County",3,60,369,156,213
050,13,033,"Georgia","Burke County",3,61,359,169,190
050,13,033,"Georgia","Burke County",3,62,338,172,166
050,13,033,"Georgia","Burke County",3,63,338,166,172
050,13,033,"Georgia","Burke County",3,64,343,155,188
050,13,033,"Georgia","Burke County",3,65,329,154,175
050,13,033,"Georgia","Burke County",3,66,326,156,170
050,13,033,"Georgia","Burke County",3,67,305,147,158
050,13,033,"Georgia","Burke County",3,68,291,133,158
050,13,033,"Georgia","Burke County",3,69,294,137,157
050,13,033,"Georgia","Burke County",3,70,249,113,136
050,13,033,"Georgia","Burke County",3,71,230,102,128
050,13,033,"Georgia","Burke County",3,72,228,101,127
050,13,033,"Georgia","Burke County",3,73,215,100,115
050,13,033,"Georgia","Burke County",3,74,203,94,109
050,13,033,"Georgia","Burke County",3,75,164,82,82
050,13,033,"Georgia","Burke County",3,76,167,77,90
050,13,033,"Georgia","Burke County",3,77,147,70,77
050,13,033,"Georgia","Burke County",3,78,147,59,88
050,13,033,"Georgia","Burke County",3,79,123,49,74
050,13,033,"Georgia","Burke County",3,80,106,37,69
050,13,033,"Georgia","Burke County",3,81,94,30,64
050,13,033,"Georgia","Burke County",3,82,80,30,50
050,13,033,"Georgia","Burke County",3,83,71,29,42
050,13,033,"Georgia","Burke County",3,84,55,23,32
050,13,033,"Georgia","Burke County",3,85,333,114,219
050,13,033,"Georgia","Burke County",4,0,280,155,125
050,13,033,"Georgia","Burke County",4,1,288,145,143
050,13,033,"Georgia","Burke County",4,2,302,145,157
050,13,033,"Georgia","Burke County",4,3,297,130,167
050,13,033,"Georgia","Burke County",4,4,316,147,169
050,13,033,"Georgia","Burke County",4,5,326,155,171
050,13,033,"Georgia","Burke County",4,6,357,168,189
050,13,033,"Georgia","Burke County",4,7,361,173,188
050,13,033,"Georgia","Burke County",4,8,346,158,188
050,13,033,"Georgia","Burke County",4,9,338,162,176
050,13,033,"Georgia","Burke County",4,10,327,170,157
050,13,033,"Georgia","Burke County",4,11,350,174,176
050,13,033,"Georgia","Burke County",4,12,348,180,168
050,13,033,"Georgia","Burke County",4,13,370,188,182
050,13,033,"Georgia","Burke County",4,14,370,194,176
050,13,033,"Georgia","Burke County",4,15,360,192,168
050,13,033,"Georgia","Burke County",4,16,353,180,173
050,13,033,"Georgia","Burke County",4,17,361,185,176
050,13,033,"Georgia","Burke County",4,18,320,176,144
050,13,033,"Georgia","Burke County",4,19,257,141,116
050,13,033,"Georgia","Burke County",4,20,274,140,134
050,13,033,"Georgia","Burke County",4,21,300,151,149
050,13,033,"Georgia","Burke County",4,22,286,139,147
050,13,033,"Georgia","Burke County",4,23,264,127,137
050,13,033,"Georgia","Burke County",4,24,280,144,136
050,13,033,"Georgia","Burke County",4,25,285,134,151
050,13,033,"Georgia","Burke County",4,26,266,128,138
050,13,033,"Georgia","Burke County",4,27,304,159,145
050,13,033,"Georgia","Burke County",4,28,265,120,145
050,13,033,"Georgia","Burke County",4,29,309,128,181
050,13,033,"Georgia","Burke County",4,30,314,146,168
050,13,033,"Georgia","Burke County",4,31,291,140,151
050,13,033,"Georgia","Burke County",4,32,312,143,169
050,13,033,"Georgia","Burke County",4,33,300,134,166
050,13,033,"Georgia","Burke County",4,34,304,139,165
050,13,033,"Georgia","Burke County",4,35,287,135,152
050,13,033,"Georgia","Burke County",4,36,276,133,143
050,13,033,"Georgia","Burke County",4,37,301,155,146
050,13,033,"Georgia","Burke County",4,38,292,143,149
050,13,033,"Georgia","Burke County",4,39,287,136,151
050,13,033,"Georgia","Burke County",4,40,281,134,147
050,13,033,"Georgia","Burke County",4,41,293,141,152
050,13,033,"Georgia","Burke County",4,42,305,147,158
050,13,033,"Georgia","Burke County",4,43,286,131,155
050,13,033,"Georgia","Burke County",4,44,277,131,146
050,13,033,"Georgia","Burke County",4,45,273,135,138
050,13,033,"Georgia","Burke County",4,46,254,127,127
050,13,033,"Georgia","Burke County",4,47,285,138,147
050,13,033,"Georgia","Burke County",4,48,268,140,128
050,13,033,"Georgia","Burke County",4,49,272,133,139
050,13,033,"Georgia","Burke County",4,50,281,132,149
050,13,033,"Georgia","Burke County",4,51,339,153,186
050,13,033,"Georgia","Burke County",4,52,346,151,195
050,13,033,"Georgia","Burke County",4,53,323,169,154
050,13,033,"Georgia","Burke County",4,54,301,147,154
050,13,033,"Georgia","Burke County",4,55,271,125,146
050,13,033,"Georgia","Burke County",4,56,294,130,164
050,13,033,"Georgia","Burke County",4,57,313,145,168
050,13,033,"Georgia","Burke County",4,58,354,152,202
050,13,033,"Georgia","Burke County",4,59,347,163,184
050,13,033,"Georgia","Burke County",4,60,363,173,190
050,13,033,"Georgia","Burke County",4,61,353,146,207
050,13,033,"Georgia","Burke County",4,62,354,169,185
050,13,033,"Georgia","Burke County",4,63,335,173,162
050,13,033,"Georgia","Burke County",4,64,330,160,170
050,13,033,"Georgia","Burke County",4,65,343,154,189
050,13,033,"Georgia","Burke County",4,66,320,153,167
050,13,033,"Georgia","Burke County",4,67,314,151,163
050,13,033,"Georgia","Burke County",4,68,305,145,160
050,13,033,"Georgia","Burke County",4,69,286,129,157
050,13,033,"Georgia","Burke County",4,70,292,132,160
050,13,033,"Georgia","Burke County",4,71,248,113,135
050,13,033,"Georgia","Burke County",4,72,229,103,126
050,13,033,"Georgia","Burke County",4,73,217,99,118
050,13,033,"Georgia","Burke County",4,74,208,89,119
050,13,033,"Georgia","Burke County",4,75,191,88,103
050,13,033,"Georgia","Burke County",4,76,170,87,83
050,13,033,"Georgia","Burke County",4,77,156,71,85
050,13,033,"Georgia","Burke County",4,78,132,60,72
050,13,033,"Georgia","Burke County",4,79,138,55,83
050,13,033,"Georgia","Burke County",4,80,114,46,68
050,13,033,"Georgia","Burke County",4,81,107,38,69
050,13,033,"Georgia","Burke County",4,82,87,27,60
050,13,033,"Georgia","Burke County",4,83,71,29,42
050,13,033,"Georgia","Burke County",4,84,67,25,42
050,13,033,"Georgia","Burke County",4,85,317,108,209
050,13,033,"Georgia","Burke County",5,0,268,152,116
050,13,033,"Georgia","Burke County",5,1,281,159,122
050,13,033,"Georgia","Burke County",5,2,275,135,140
050,13,033,"Georgia","Burke County",5,3,299,144,155
050,13,033,"Georgia","Burke County",5,4,304,135,169
050,13,033,"Georgia","Burke County",5,5,319,155,164
050,13,033,"Georgia","Burke County",5,6,335,160,175
050,13,033,"Georgia","Burke County",5,7,346,168,178
050,13,033,"Georgia","Burke County",5,8,363,174,189
050,13,033,"Georgia","Burke County",5,9,342,154,188
050,13,033,"Georgia","Burke County",5,10,332,163,169
050,13,033,"Georgia","Burke County",5,11,324,166,158
050,13,033,"Georgia","Burke County",5,12,358,179,179
050,13,033,"Georgia","Burke County",5,13,348,180,168
050,13,033,"Georgia","Burke County",5,14,369,187,182
050,13,033,"Georgia","Burke County",5,15,357,188,169
050,13,033,"Georgia","Burke County",5,16,350,185,165
050,13,033,"Georgia","Burke County",5,17,353,183,170
050,13,033,"Georgia","Burke County",5,18,292,154,138
050,13,033,"Georgia","Burke County",5,19,277,154,123
050,13,033,"Georgia","Burke County",5,20,262,134,128
050,13,033,"Georgia","Burke County",5,21,273,135,138
050,13,033,"Georgia","Burke County",5,22,308,163,145
050,13,033,"Georgia","Burke County",5,23,292,144,148
050,13,033,"Georgia","Burke County",5,24,281,133,148
050,13,033,"Georgia","Burke County",5,25,266,134,132
050,13,033,"Georgia","Burke County",5,26,296,136,160
050,13,033,"Georgia","Burke County",5,27,264,133,131
050,13,033,"Georgia","Burke County",5,28,298,147,151
050,13,033,"Georgia","Burke County",5,29,270,123,147
050,13,033,"Georgia","Burke County",5,30,302,127,175
050,13,033,"Georgia","Burke County",5,31,306,152,154
050,13,033,"Georgia","Burke County",5,32,297,145,152
050,13,033,"Georgia","Burke County",5,33,301,138,163
050,13,033,"Georgia","Burke County",5,34,306,131,175
050,13,033,"Georgia","Burke County",5,35,288,123,165
050,13,033,"Georgia","Burke County",5,36,305,143,162
050,13,033,"Georgia","Burke County",5,37,275,128,147
050,13,033,"Georgia","Burke County",5,38,294,143,151
050,13,033,"Georgia","Burke County",5,39,303,155,148
050,13,033,"Georgia","Burke County",5,40,289,136,153
050,13,033,"Georgia","Burke County",5,41,273,126,147
050,13,033,"Georgia","Burke County",5,42,293,140,153
050,13,033,"Georgia","Burke County",5,43,313,155,158
050,13,033,"Georgia","Burke County",5,44,279,124,155
050,13,033,"Georgia","Burke County",5,45,282,128,154
050,13,033,"Georgia","Burke County",5,46,276,133,143
050,13,033,"Georgia","Burke County",5,47,243,115,128
050,13,033,"Georgia","Burke County",5,48,286,144,142
050,13,033,"Georgia","Burke County",5,49,279,144,135
050,13,033,"Georgia","Burke County",5,50,274,133,141
050,13,033,"Georgia","Burke County",5,51,295,139,156
050,13,033,"Georgia","Burke County",5,52,344,160,184
050,13,033,"Georgia","Burke County",5,53,343,143,200
050,13,033,"Georgia","Burke County",5,54,315,162,153
050,13,033,"Georgia","Burke County",5,55,312,145,167
050,13,033,"Georgia","Burke County",5,56,287,133,154
050,13,033,"Georgia","Burke County",5,57,299,136,163
050,13,033,"Georgia","Burke County",5,58,320,148,172
050,13,033,"Georgia","Burke County",5,59,359,152,207
050,13,033,"Georgia","Burke County",5,60,351,166,185
050,13,033,"Georgia","Burke County",5,61,351,167,184
050,13,033,"Georgia","Burke County",5,62,345,147,198
050,13,033,"Georgia","Burke County",5,63,353,165,188
050,13,033,"Georgia","Burke County",5,64,330,169,161
050,13,033,"Georgia","Burke County",5,65,328,159,169
050,13,033,"Georgia","Burke County",5,66,338,154,184
050,13,033,"Georgia","Burke County",5,67,318,152,166
050,13,033,"Georgia","Burke County",5,68,306,142,164
050,13,033,"Georgia","Burke County",5,69,310,147,163
050,13,033,"Georgia","Burke County",5,70,279,125,154
050,13,033,"Georgia","Burke County",5,71,290,133,157
050,13,033,"Georgia","Burke County",5,72,240,112,128
050,13,033,"Georgia","Burke County",5,73,219,97,122
050,13,033,"Georgia","Burke County",5,74,207,88,119
050,13,033,"Georgia","Burke County",5,75,197,83,114
050,13,033,"Georgia","Burke County",5,76,189,90,99
050,13,033,"Georgia","Burke County",5,77,158,82,76
050,13,033,"Georgia","Burke County",5,78,142,61,81
050,13,033,"Georgia","Burke County",5,79,129,59,70
050,13,033,"Georgia","Burke County",5,80,131,53,78
050,13,033,"Georgia","Burke County",5,81,117,49,68
050,13,033,"Georgia","Burke County",5,82,102,29,73
050,13,033,"Georgia","Burke County",5,83,80,27,53
050,13,033,"Georgia","Burke County",5,84,67,26,41
050,13,033,"Georgia","Burke County",5,85,321,110,211
050,13,035,"Georgia","Butts County",1,0,284,147,137
050,13,035,"Georgia","Butts County",1,1,254,139,115
050,13,035,"Georgia","Butts County",1,2,277,141,136
050,13,035,"Georgia","Butts County",1,3,279,140,139
050,13,035,"Georgia","Butts County",1,4,307,162,145
050,13,035,"Georgia","Butts County",1,5,287,147,140
050,13,035,"Georgia","Butts County",1,6,305,149,156
050,13,035,"Georgia","Butts County",1,7,304,147,157
050,13,035,"Georgia","Butts County",1,8,288,143,145
050,13,035,"Georgia","Butts County",1,9,288,139,149
050,13,035,"Georgia","Butts County",1,10,297,147,150
050,13,035,"Georgia","Butts County",1,11,295,146,149
050,13,035,"Georgia","Butts County",1,12,302,141,161
050,13,035,"Georgia","Butts County",1,13,298,142,156
050,13,035,"Georgia","Butts County",1,14,290,132,158
050,13,035,"Georgia","Butts County",1,15,302,149,153
050,13,035,"Georgia","Butts County",1,16,299,139,160
050,13,035,"Georgia","Butts County",1,17,300,156,144
050,13,035,"Georgia","Butts County",1,18,284,168,116
050,13,035,"Georgia","Butts County",1,19,274,177,97
050,13,035,"Georgia","Butts County",1,20,332,219,113
050,13,035,"Georgia","Butts County",1,21,357,213,144
050,13,035,"Georgia","Butts County",1,22,373,234,139
050,13,035,"Georgia","Butts County",1,23,369,217,152
050,13,035,"Georgia","Butts County",1,24,378,227,151
050,13,035,"Georgia","Butts County",1,25,359,213,146
050,13,035,"Georgia","Butts County",1,26,390,225,165
050,13,035,"Georgia","Butts County",1,27,393,239,154
050,13,035,"Georgia","Butts County",1,28,389,239,150
050,13,035,"Georgia","Butts County",1,29,382,231,151
050,13,035,"Georgia","Butts County",1,30,366,216,150
050,13,035,"Georgia","Butts County",1,31,411,262,149
050,13,035,"Georgia","Butts County",1,32,335,189,146
050,13,035,"Georgia","Butts County",1,33,364,218,146
050,13,035,"Georgia","Butts County",1,34,354,209,145
050,13,035,"Georgia","Butts County",1,35,327,201,126
050,13,035,"Georgia","Butts County",1,36,335,222,113
050,13,035,"Georgia","Butts County",1,37,360,210,150
050,13,035,"Georgia","Butts County",1,38,359,201,158
050,13,035,"Georgia","Butts County",1,39,352,193,159
050,13,035,"Georgia","Butts County",1,40,330,180,150
050,13,035,"Georgia","Butts County",1,41,300,169,131
050,13,035,"Georgia","Butts County",1,42,310,178,132
050,13,035,"Georgia","Butts County",1,43,346,206,140
050,13,035,"Georgia","Butts County",1,44,325,202,123
050,13,035,"Georgia","Butts County",1,45,324,185,139
050,13,035,"Georgia","Butts County",1,46,327,184,143
050,13,035,"Georgia","Butts County",1,47,334,162,172
050,13,035,"Georgia","Butts County",1,48,348,197,151
050,13,035,"Georgia","Butts County",1,49,360,211,149
050,13,035,"Georgia","Butts County",1,50,319,175,144
050,13,035,"Georgia","Butts County",1,51,351,186,165
050,13,035,"Georgia","Butts County",1,52,338,184,154
050,13,035,"Georgia","Butts County",1,53,345,198,147
050,13,035,"Georgia","Butts County",1,54,362,192,170
050,13,035,"Georgia","Butts County",1,55,363,197,166
050,13,035,"Georgia","Butts County",1,56,363,186,177
050,13,035,"Georgia","Butts County",1,57,369,190,179
050,13,035,"Georgia","Butts County",1,58,353,168,185
050,13,035,"Georgia","Butts County",1,59,329,165,164
050,13,035,"Georgia","Butts County",1,60,339,182,157
050,13,035,"Georgia","Butts County",1,61,330,162,168
050,13,035,"Georgia","Butts County",1,62,302,137,165
050,13,035,"Georgia","Butts County",1,63,306,171,135
050,13,035,"Georgia","Butts County",1,64,279,137,142
050,13,035,"Georgia","Butts County",1,65,285,130,155
050,13,035,"Georgia","Butts County",1,66,279,117,162
050,13,035,"Georgia","Butts County",1,67,271,132,139
050,13,035,"Georgia","Butts County",1,68,281,127,154
050,13,035,"Georgia","Butts County",1,69,251,105,146
050,13,035,"Georgia","Butts County",1,70,225,108,117
050,13,035,"Georgia","Butts County",1,71,235,112,123
050,13,035,"Georgia","Butts County",1,72,231,99,132
050,13,035,"Georgia","Butts County",1,73,221,91,130
050,13,035,"Georgia","Butts County",1,74,154,68,86
050,13,035,"Georgia","Butts County",1,75,150,63,87
050,13,035,"Georgia","Butts County",1,76,161,68,93
050,13,035,"Georgia","Butts County",1,77,158,69,89
050,13,035,"Georgia","Butts County",1,78,138,65,73
050,13,035,"Georgia","Butts County",1,79,140,64,76
050,13,035,"Georgia","Butts County",1,80,110,49,61
050,13,035,"Georgia","Butts County",1,81,102,42,60
050,13,035,"Georgia","Butts County",1,82,89,37,52
050,13,035,"Georgia","Butts County",1,83,61,22,39
050,13,035,"Georgia","Butts County",1,84,54,21,33
050,13,035,"Georgia","Butts County",1,85,389,92,297
050,13,035,"Georgia","Butts County",2,0,283,155,128
050,13,035,"Georgia","Butts County",2,1,262,142,120
050,13,035,"Georgia","Butts County",2,2,275,140,135
050,13,035,"Georgia","Butts County",2,3,281,142,139
050,13,035,"Georgia","Butts County",2,4,304,159,145
050,13,035,"Georgia","Butts County",2,5,295,152,143
050,13,035,"Georgia","Butts County",2,6,303,150,153
050,13,035,"Georgia","Butts County",2,7,302,146,156
050,13,035,"Georgia","Butts County",2,8,293,145,148
050,13,035,"Georgia","Butts County",2,9,290,143,147
050,13,035,"Georgia","Butts County",2,10,297,146,151
050,13,035,"Georgia","Butts County",2,11,296,146,150
050,13,035,"Georgia","Butts County",2,12,304,145,159
050,13,035,"Georgia","Butts County",2,13,297,141,156
050,13,035,"Georgia","Butts County",2,14,290,132,158
050,13,035,"Georgia","Butts County",2,15,300,144,156
050,13,035,"Georgia","Butts County",2,16,301,143,158
050,13,035,"Georgia","Butts County",2,17,303,156,147
050,13,035,"Georgia","Butts County",2,18,283,167,116
050,13,035,"Georgia","Butts County",2,19,276,178,98
050,13,035,"Georgia","Butts County",2,20,336,221,115
050,13,035,"Georgia","Butts County",2,21,351,211,140
050,13,035,"Georgia","Butts County",2,22,382,237,145
050,13,035,"Georgia","Butts County",2,23,374,221,153
050,13,035,"Georgia","Butts County",2,24,382,229,153
050,13,035,"Georgia","Butts County",2,25,364,214,150
050,13,035,"Georgia","Butts County",2,26,382,222,160
050,13,035,"Georgia","Butts County",2,27,398,242,156
050,13,035,"Georgia","Butts County",2,28,394,243,151
050,13,035,"Georgia","Butts County",2,29,384,232,152
050,13,035,"Georgia","Butts County",2,30,375,222,153
050,13,035,"Georgia","Butts County",2,31,404,254,150
050,13,035,"Georgia","Butts County",2,32,347,199,148
050,13,035,"Georgia","Butts County",2,33,365,219,146
050,13,035,"Georgia","Butts County",2,34,354,208,146
050,13,035,"Georgia","Butts County",2,35,338,206,132
050,13,035,"Georgia","Butts County",2,36,335,217,118
050,13,035,"Georgia","Butts County",2,37,349,208,141
050,13,035,"Georgia","Butts County",2,38,365,207,158
050,13,035,"Georgia","Butts County",2,39,350,192,158
050,13,035,"Georgia","Butts County",2,40,334,181,153
050,13,035,"Georgia","Butts County",2,41,309,173,136
050,13,035,"Georgia","Butts County",2,42,307,175,132
050,13,035,"Georgia","Butts County",2,43,342,203,139
050,13,035,"Georgia","Butts County",2,44,327,201,126
050,13,035,"Georgia","Butts County",2,45,327,191,136
050,13,035,"Georgia","Butts County",2,46,329,186,143
050,13,035,"Georgia","Butts County",2,47,327,164,163
050,13,035,"Georgia","Butts County",2,48,348,192,156
050,13,035,"Georgia","Butts County",2,49,360,209,151
050,13,035,"Georgia","Butts County",2,50,325,178,147
050,13,035,"Georgia","Butts County",2,51,344,184,160
050,13,035,"Georgia","Butts County",2,52,342,184,158
050,13,035,"Georgia","Butts County",2,53,346,196,150
050,13,035,"Georgia","Butts County",2,54,359,193,166
050,13,035,"Georgia","Butts County",2,55,364,195,169
050,13,035,"Georgia","Butts County",2,56,368,191,177
050,13,035,"Georgia","Butts County",2,57,368,188,180
050,13,035,"Georgia","Butts County",2,58,358,173,185
050,13,035,"Georgia","Butts County",2,59,341,169,172
050,13,035,"Georgia","Butts County",2,60,341,181,160
050,13,035,"Georgia","Butts County",2,61,330,165,165
050,13,035,"Georgia","Butts County",2,62,308,146,162
050,13,035,"Georgia","Butts County",2,63,305,163,142
050,13,035,"Georgia","Butts County",2,64,285,145,140
050,13,035,"Georgia","Butts County",2,65,283,132,151
050,13,035,"Georgia","Butts County",2,66,282,122,160
050,13,035,"Georgia","Butts County",2,67,271,128,143
050,13,035,"Georgia","Butts County",2,68,275,127,148
050,13,035,"Georgia","Butts County",2,69,262,113,149
050,13,035,"Georgia","Butts County",2,70,228,104,124
050,13,035,"Georgia","Butts County",2,71,232,110,122
050,13,035,"Georgia","Butts County",2,72,229,100,129
050,13,035,"Georgia","Butts County",2,73,228,94,134
050,13,035,"Georgia","Butts County",2,74,156,66,90
050,13,035,"Georgia","Butts County",2,75,148,64,84
050,13,035,"Georgia","Butts County",2,76,157,66,91
050,13,035,"Georgia","Butts County",2,77,159,68,91
050,13,035,"Georgia","Butts County",2,78,139,64,75
050,13,035,"Georgia","Butts County",2,79,140,64,76
050,13,035,"Georgia","Butts County",2,80,117,53,64
050,13,035,"Georgia","Butts County",2,81,101,43,58
050,13,035,"Georgia","Butts County",2,82,89,37,52
050,13,035,"Georgia","Butts County",2,83,62,24,38
050,13,035,"Georgia","Butts County",2,84,54,19,35
050,13,035,"Georgia","Butts County",2,85,379,91,288
050,13,035,"Georgia","Butts County",3,0,266,129,137
050,13,035,"Georgia","Butts County",3,1,276,154,122
050,13,035,"Georgia","Butts County",3,2,278,152,126
050,13,035,"Georgia","Butts County",3,3,285,155,130
050,13,035,"Georgia","Butts County",3,4,280,138,142
050,13,035,"Georgia","Butts County",3,5,283,139,144
050,13,035,"Georgia","Butts County",3,6,293,153,140
050,13,035,"Georgia","Butts County",3,7,307,151,156
050,13,035,"Georgia","Butts County",3,8,302,156,146
050,13,035,"Georgia","Butts County",3,9,306,149,157
050,13,035,"Georgia","Butts County",3,10,299,153,146
050,13,035,"Georgia","Butts County",3,11,289,144,145
050,13,035,"Georgia","Butts County",3,12,296,151,145
050,13,035,"Georgia","Butts County",3,13,309,147,162
050,13,035,"Georgia","Butts County",3,14,319,151,168
050,13,035,"Georgia","Butts County",3,15,298,139,159
050,13,035,"Georgia","Butts County",3,16,299,150,149
050,13,035,"Georgia","Butts County",3,17,326,164,162
050,13,035,"Georgia","Butts County",3,18,293,171,122
050,13,035,"Georgia","Butts County",3,19,292,193,99
050,13,035,"Georgia","Butts County",3,20,347,233,114
050,13,035,"Georgia","Butts County",3,21,350,220,130
050,13,035,"Georgia","Butts County",3,22,408,258,150
050,13,035,"Georgia","Butts County",3,23,399,237,162
050,13,035,"Georgia","Butts County",3,24,403,252,151
050,13,035,"Georgia","Butts County",3,25,375,227,148
050,13,035,"Georgia","Butts County",3,26,367,220,147
050,13,035,"Georgia","Butts County",3,27,440,267,173
050,13,035,"Georgia","Butts County",3,28,435,270,165
050,13,035,"Georgia","Butts County",3,29,394,244,150
050,13,035,"Georgia","Butts County",3,30,385,230,155
050,13,035,"Georgia","Butts County",3,31,384,235,149
050,13,035,"Georgia","Butts County",3,32,366,222,144
050,13,035,"Georgia","Butts County",3,33,390,230,160
050,13,035,"Georgia","Butts County",3,34,376,219,157
050,13,035,"Georgia","Butts County",3,35,373,226,147
050,13,035,"Georgia","Butts County",3,36,371,231,140
050,13,035,"Georgia","Butts County",3,37,323,203,120
050,13,035,"Georgia","Butts County",3,38,369,223,146
050,13,035,"Georgia","Butts County",3,39,363,205,158
050,13,035,"Georgia","Butts County",3,40,358,194,164
050,13,035,"Georgia","Butts County",3,41,341,185,156
050,13,035,"Georgia","Butts County",3,42,295,167,128
050,13,035,"Georgia","Butts County",3,43,322,194,128
050,13,035,"Georgia","Butts County",3,44,345,198,147
050,13,035,"Georgia","Butts County",3,45,335,209,126
050,13,035,"Georgia","Butts County",3,46,350,206,144
050,13,035,"Georgia","Butts County",3,47,327,181,146
050,13,035,"Georgia","Butts County",3,48,349,182,167
050,13,035,"Georgia","Butts County",3,49,357,195,162
050,13,035,"Georgia","Butts County",3,50,336,188,148
050,13,035,"Georgia","Butts County",3,51,328,183,145
050,13,035,"Georgia","Butts County",3,52,351,189,162
050,13,035,"Georgia","Butts County",3,53,355,194,161
050,13,035,"Georgia","Butts County",3,54,343,182,161
050,13,035,"Georgia","Butts County",3,55,367,194,173
050,13,035,"Georgia","Butts County",3,56,372,207,165
050,13,035,"Georgia","Butts County",3,57,365,184,181
050,13,035,"Georgia","Butts County",3,58,356,175,181
050,13,035,"Georgia","Butts County",3,59,364,178,186
050,13,035,"Georgia","Butts County",3,60,355,178,177
050,13,035,"Georgia","Butts County",3,61,351,179,172
050,13,035,"Georgia","Butts County",3,62,326,165,161
050,13,035,"Georgia","Butts County",3,63,310,145,165
050,13,035,"Georgia","Butts County",3,64,303,158,145
050,13,035,"Georgia","Butts County",3,65,278,144,134
050,13,035,"Georgia","Butts County",3,66,274,130,144
050,13,035,"Georgia","Butts County",3,67,280,124,156
050,13,035,"Georgia","Butts County",3,68,260,116,144
050,13,035,"Georgia","Butts County",3,69,270,122,148
050,13,035,"Georgia","Butts County",3,70,250,107,143
050,13,035,"Georgia","Butts County",3,71,223,97,126
050,13,035,"Georgia","Butts County",3,72,222,104,118
050,13,035,"Georgia","Butts County",3,73,218,97,121
050,13,035,"Georgia","Butts County",3,74,221,90,131
050,13,035,"Georgia","Butts County",3,75,146,55,91
050,13,035,"Georgia","Butts County",3,76,134,55,79
050,13,035,"Georgia","Butts County",3,77,151,63,88
050,13,035,"Georgia","Butts County",3,78,151,64,87
050,13,035,"Georgia","Butts County",3,79,136,64,72
050,13,035,"Georgia","Butts County",3,80,126,53,73
050,13,035,"Georgia","Butts County",3,81,109,50,59
050,13,035,"Georgia","Butts County",3,82,97,40,57
050,13,035,"Georgia","Butts County",3,83,86,35,51
050,13,035,"Georgia","Butts County",3,84,60,21,39
050,13,035,"Georgia","Butts County",3,85,397,95,302
050,13,035,"Georgia","Butts County",4,0,272,139,133
050,13,035,"Georgia","Butts County",4,1,276,145,131
050,13,035,"Georgia","Butts County",4,2,275,139,136
050,13,035,"Georgia","Butts County",4,3,288,153,135
050,13,035,"Georgia","Butts County",4,4,299,171,128
050,13,035,"Georgia","Butts County",4,5,314,150,164
050,13,035,"Georgia","Butts County",4,6,307,148,159
050,13,035,"Georgia","Butts County",4,7,297,153,144
050,13,035,"Georgia","Butts County",4,8,324,157,167
050,13,035,"Georgia","Butts County",4,9,314,155,159
050,13,035,"Georgia","Butts County",4,10,317,157,160
050,13,035,"Georgia","Butts County",4,11,298,151,147
050,13,035,"Georgia","Butts County",4,12,304,153,151
050,13,035,"Georgia","Butts County",4,13,310,155,155
050,13,035,"Georgia","Butts County",4,14,314,158,156
050,13,035,"Georgia","Butts County",4,15,331,158,173
050,13,035,"Georgia","Butts County",4,16,292,142,150
050,13,035,"Georgia","Butts County",4,17,334,177,157
050,13,035,"Georgia","Butts County",4,18,317,178,139
050,13,035,"Georgia","Butts County",4,19,284,184,100
050,13,035,"Georgia","Butts County",4,20,353,243,110
050,13,035,"Georgia","Butts County",4,21,340,218,122
050,13,035,"Georgia","Butts County",4,22,400,257,143
050,13,035,"Georgia","Butts County",4,23,406,247,159
050,13,035,"Georgia","Butts County",4,24,417,248,169
050,13,035,"Georgia","Butts County",4,25,394,243,151
050,13,035,"Georgia","Butts County",4,26,376,222,154
050,13,035,"Georgia","Butts County",4,27,402,250,152
050,13,035,"Georgia","Butts County",4,28,465,278,187
050,13,035,"Georgia","Butts County",4,29,417,251,166
050,13,035,"Georgia","Butts County",4,30,414,254,160
050,13,035,"Georgia","Butts County",4,31,432,268,164
050,13,035,"Georgia","Butts County",4,32,372,214,158
050,13,035,"Georgia","Butts County",4,33,391,257,134
050,13,035,"Georgia","Butts County",4,34,399,218,181
050,13,035,"Georgia","Butts County",4,35,394,223,171
050,13,035,"Georgia","Butts County",4,36,381,228,153
050,13,035,"Georgia","Butts County",4,37,356,219,137
050,13,035,"Georgia","Butts County",4,38,348,219,129
050,13,035,"Georgia","Butts County",4,39,356,215,141
050,13,035,"Georgia","Butts County",4,40,372,194,178
050,13,035,"Georgia","Butts County",4,41,366,198,168
050,13,035,"Georgia","Butts County",4,42,346,187,159
050,13,035,"Georgia","Butts County",4,43,327,186,141
050,13,035,"Georgia","Butts County",4,44,315,186,129
050,13,035,"Georgia","Butts County",4,45,357,196,161
050,13,035,"Georgia","Butts County",4,46,340,213,127
050,13,035,"Georgia","Butts County",4,47,337,196,141
050,13,035,"Georgia","Butts County",4,48,347,201,146
050,13,035,"Georgia","Butts County",4,49,357,188,169
050,13,035,"Georgia","Butts County",4,50,347,172,175
050,13,035,"Georgia","Butts County",4,51,343,193,150
050,13,035,"Georgia","Butts County",4,52,341,194,147
050,13,035,"Georgia","Butts County",4,53,373,212,161
050,13,035,"Georgia","Butts County",4,54,356,183,173
050,13,035,"Georgia","Butts County",4,55,342,181,161
050,13,035,"Georgia","Butts County",4,56,389,210,179
050,13,035,"Georgia","Butts County",4,57,376,208,168
050,13,035,"Georgia","Butts County",4,58,359,177,182
050,13,035,"Georgia","Butts County",4,59,368,181,187
050,13,035,"Georgia","Butts County",4,60,365,179,186
050,13,035,"Georgia","Butts County",4,61,357,180,177
050,13,035,"Georgia","Butts County",4,62,348,174,174
050,13,035,"Georgia","Butts County",4,63,321,165,156
050,13,035,"Georgia","Butts County",4,64,298,147,151
050,13,035,"Georgia","Butts County",4,65,290,150,140
050,13,035,"Georgia","Butts County",4,66,272,141,131
050,13,035,"Georgia","Butts County",4,67,275,131,144
050,13,035,"Georgia","Butts County",4,68,264,111,153
050,13,035,"Georgia","Butts County",4,69,265,121,144
050,13,035,"Georgia","Butts County",4,70,251,108,143
050,13,035,"Georgia","Butts County",4,71,255,108,147
050,13,035,"Georgia","Butts County",4,72,211,88,123
050,13,035,"Georgia","Butts County",4,73,219,104,115
050,13,035,"Georgia","Butts County",4,74,206,90,116
050,13,035,"Georgia","Butts County",4,75,202,78,124
050,13,035,"Georgia","Butts County",4,76,134,46,88
050,13,035,"Georgia","Butts County",4,77,127,53,74
050,13,035,"Georgia","Butts County",4,78,142,62,80
050,13,035,"Georgia","Butts County",4,79,140,63,77
050,13,035,"Georgia","Butts County",4,80,125,56,69
050,13,035,"Georgia","Butts County",4,81,112,47,65
050,13,035,"Georgia","Butts County",4,82,103,47,56
050,13,035,"Georgia","Butts County",4,83,86,36,50
050,13,035,"Georgia","Butts County",4,84,79,32,47
050,13,035,"Georgia","Butts County",4,85,360,96,264
050,13,035,"Georgia","Butts County",5,0,287,145,142
050,13,035,"Georgia","Butts County",5,1,272,138,134
050,13,035,"Georgia","Butts County",5,2,280,143,137
050,13,035,"Georgia","Butts County",5,3,286,146,140
050,13,035,"Georgia","Butts County",5,4,297,149,148
050,13,035,"Georgia","Butts County",5,5,310,179,131
050,13,035,"Georgia","Butts County",5,6,309,151,158
050,13,035,"Georgia","Butts County",5,7,313,152,161
050,13,035,"Georgia","Butts County",5,8,308,159,149
050,13,035,"Georgia","Butts County",5,9,319,158,161
050,13,035,"Georgia","Butts County",5,10,308,160,148
050,13,035,"Georgia","Butts County",5,11,314,151,163
050,13,035,"Georgia","Butts County",5,12,316,157,159
050,13,035,"Georgia","Butts County",5,13,312,148,164
050,13,035,"Georgia","Butts County",5,14,313,157,156
050,13,035,"Georgia","Butts County",5,15,321,169,152
050,13,035,"Georgia","Butts County",5,16,327,160,167
050,13,035,"Georgia","Butts County",5,17,300,149,151
050,13,035,"Georgia","Butts County",5,18,316,186,130
050,13,035,"Georgia","Butts County",5,19,296,185,111
050,13,035,"Georgia","Butts County",5,20,332,226,106
050,13,035,"Georgia","Butts County",5,21,356,230,126
050,13,035,"Georgia","Butts County",5,22,363,235,128
050,13,035,"Georgia","Butts County",5,23,393,249,144
050,13,035,"Georgia","Butts County",5,24,419,251,168
050,13,035,"Georgia","Butts County",5,25,389,226,163
050,13,035,"Georgia","Butts County",5,26,384,230,154
050,13,035,"Georgia","Butts County",5,27,383,234,149
050,13,035,"Georgia","Butts County",5,28,414,257,157
050,13,035,"Georgia","Butts County",5,29,457,250,207
050,13,035,"Georgia","Butts County",5,30,420,244,176
050,13,035,"Georgia","Butts County",5,31,433,263,170
050,13,035,"Georgia","Butts County",5,32,373,208,165
050,13,035,"Georgia","Butts County",5,33,382,227,155
050,13,035,"Georgia","Butts County",5,34,390,251,139
050,13,035,"Georgia","Butts County",5,35,421,226,195
050,13,035,"Georgia","Butts County",5,36,398,233,165
050,13,035,"Georgia","Butts County",5,37,357,199,158
050,13,035,"Georgia","Butts County",5,38,370,227,143
050,13,035,"Georgia","Butts County",5,39,327,200,127
050,13,035,"Georgia","Butts County",5,40,344,202,142
050,13,035,"Georgia","Butts County",5,41,382,200,182
050,13,035,"Georgia","Butts County",5,42,370,190,180
050,13,035,"Georgia","Butts County",5,43,348,185,163
050,13,035,"Georgia","Butts County",5,44,315,177,138
050,13,035,"Georgia","Butts County",5,45,317,181,136
050,13,035,"Georgia","Butts County",5,46,353,205,148
050,13,035,"Georgia","Butts County",5,47,322,192,130
050,13,035,"Georgia","Butts County",5,48,351,207,144
050,13,035,"Georgia","Butts County",5,49,355,204,151
050,13,035,"Georgia","Butts County",5,50,332,157,175
050,13,035,"Georgia","Butts County",5,51,345,169,176
050,13,035,"Georgia","Butts County",5,52,350,206,144
050,13,035,"Georgia","Butts County",5,53,356,201,155
050,13,035,"Georgia","Butts County",5,54,360,188,172
050,13,035,"Georgia","Butts County",5,55,330,161,169
050,13,035,"Georgia","Butts County",5,56,349,178,171
050,13,035,"Georgia","Butts County",5,57,372,199,173
050,13,035,"Georgia","Butts County",5,58,366,193,173
050,13,035,"Georgia","Butts County",5,59,360,175,185
050,13,035,"Georgia","Butts County",5,60,366,182,184
050,13,035,"Georgia","Butts County",5,61,360,175,185
050,13,035,"Georgia","Butts County",5,62,355,175,180
050,13,035,"Georgia","Butts County",5,63,361,178,183
050,13,035,"Georgia","Butts County",5,64,328,171,157
050,13,035,"Georgia","Butts County",5,65,290,137,153
050,13,035,"Georgia","Butts County",5,66,298,157,141
050,13,035,"Georgia","Butts County",5,67,280,150,130
050,13,035,"Georgia","Butts County",5,68,265,118,147
050,13,035,"Georgia","Butts County",5,69,267,115,152
050,13,035,"Georgia","Butts County",5,70,252,109,143
050,13,035,"Georgia","Butts County",5,71,245,99,146
050,13,035,"Georgia","Butts County",5,72,244,102,142
050,13,035,"Georgia","Butts County",5,73,208,92,116
050,13,035,"Georgia","Butts County",5,74,215,100,115
050,13,035,"Georgia","Butts County",5,75,198,81,117
050,13,035,"Georgia","Butts County",5,76,191,75,116
050,13,035,"Georgia","Butts County",5,77,134,44,90
050,13,035,"Georgia","Butts County",5,78,121,51,70
050,13,035,"Georgia","Butts County",5,79,138,62,76
050,13,035,"Georgia","Butts County",5,80,131,56,75
050,13,035,"Georgia","Butts County",5,81,121,56,65
050,13,035,"Georgia","Butts County",5,82,111,47,64
050,13,035,"Georgia","Butts County",5,83,90,39,51
050,13,035,"Georgia","Butts County",5,84,83,33,50
050,13,035,"Georgia","Butts County",5,85,393,115,278
050,13,037,"Georgia","Calhoun County",1,0,42,21,21
050,13,037,"Georgia","Calhoun County",1,1,37,15,22
050,13,037,"Georgia","Calhoun County",1,2,41,19,22
050,13,037,"Georgia","Calhoun County",1,3,43,20,23
050,13,037,"Georgia","Calhoun County",1,4,39,19,20
050,13,037,"Georgia","Calhoun County",1,5,38,15,23
050,13,037,"Georgia","Calhoun County",1,6,36,16,20
050,13,037,"Georgia","Calhoun County",1,7,63,31,32
050,13,037,"Georgia","Calhoun County",1,8,47,23,24
050,13,037,"Georgia","Calhoun County",1,9,52,31,21
050,13,037,"Georgia","Calhoun County",1,10,48,27,21
050,13,037,"Georgia","Calhoun County",1,11,60,34,26
050,13,037,"Georgia","Calhoun County",1,12,60,34,26
050,13,037,"Georgia","Calhoun County",1,13,65,37,28
050,13,037,"Georgia","Calhoun County",1,14,56,32,24
050,13,037,"Georgia","Calhoun County",1,15,58,26,32
050,13,037,"Georgia","Calhoun County",1,16,65,26,39
050,13,037,"Georgia","Calhoun County",1,17,63,28,35
050,13,037,"Georgia","Calhoun County",1,18,60,32,28
050,13,037,"Georgia","Calhoun County",1,19,56,35,21
050,13,037,"Georgia","Calhoun County",1,20,63,45,18
050,13,037,"Georgia","Calhoun County",1,21,85,61,24
050,13,037,"Georgia","Calhoun County",1,22,90,62,28
050,13,037,"Georgia","Calhoun County",1,23,77,52,25
050,13,037,"Georgia","Calhoun County",1,24,93,70,23
050,13,037,"Georgia","Calhoun County",1,25,76,55,21
050,13,037,"Georgia","Calhoun County",1,26,81,65,16
050,13,037,"Georgia","Calhoun County",1,27,78,60,18
050,13,037,"Georgia","Calhoun County",1,28,80,60,20
050,13,037,"Georgia","Calhoun County",1,29,92,65,27
050,13,037,"Georgia","Calhoun County",1,30,80,62,18
050,13,037,"Georgia","Calhoun County",1,31,102,81,21
050,13,037,"Georgia","Calhoun County",1,32,84,64,20
050,13,037,"Georgia","Calhoun County",1,33,82,59,23
050,13,037,"Georgia","Calhoun County",1,34,83,63,20
050,13,037,"Georgia","Calhoun County",1,35,70,51,19
050,13,037,"Georgia","Calhoun County",1,36,75,55,20
050,13,037,"Georgia","Calhoun County",1,37,85,61,24
050,13,037,"Georgia","Calhoun County",1,38,106,75,31
050,13,037,"Georgia","Calhoun County",1,39,105,75,30
050,13,037,"Georgia","Calhoun County",1,40,99,74,25
050,13,037,"Georgia","Calhoun County",1,41,85,64,21
050,13,037,"Georgia","Calhoun County",1,42,86,60,26
050,13,037,"Georgia","Calhoun County",1,43,71,48,23
050,13,037,"Georgia","Calhoun County",1,44,95,67,28
050,13,037,"Georgia","Calhoun County",1,45,98,71,27
050,13,037,"Georgia","Calhoun County",1,46,83,59,24
050,13,037,"Georgia","Calhoun County",1,47,64,42,22
050,13,037,"Georgia","Calhoun County",1,48,97,66,31
050,13,037,"Georgia","Calhoun County",1,49,95,61,34
050,13,037,"Georgia","Calhoun County",1,50,78,49,29
050,13,037,"Georgia","Calhoun County",1,51,73,53,20
050,13,037,"Georgia","Calhoun County",1,52,73,53,20
050,13,037,"Georgia","Calhoun County",1,53,63,46,17
050,13,037,"Georgia","Calhoun County",1,54,71,46,25
050,13,037,"Georgia","Calhoun County",1,55,66,35,31
050,13,037,"Georgia","Calhoun County",1,56,65,38,27
050,13,037,"Georgia","Calhoun County",1,57,77,48,29
050,13,037,"Georgia","Calhoun County",1,58,76,39,37
050,13,037,"Georgia","Calhoun County",1,59,81,42,39
050,13,037,"Georgia","Calhoun County",1,60,74,45,29
050,13,037,"Georgia","Calhoun County",1,61,66,39,27
050,13,037,"Georgia","Calhoun County",1,62,72,39,33
050,13,037,"Georgia","Calhoun County",1,63,56,27,29
050,13,037,"Georgia","Calhoun County",1,64,73,37,36
050,13,037,"Georgia","Calhoun County",1,65,62,26,36
050,13,037,"Georgia","Calhoun County",1,66,60,29,31
050,13,037,"Georgia","Calhoun County",1,67,66,39,27
050,13,037,"Georgia","Calhoun County",1,68,54,31,23
050,13,037,"Georgia","Calhoun County",1,69,39,20,19
050,13,037,"Georgia","Calhoun County",1,70,41,23,18
050,13,037,"Georgia","Calhoun County",1,71,56,29,27
050,13,037,"Georgia","Calhoun County",1,72,60,32,28
050,13,037,"Georgia","Calhoun County",1,73,42,20,22
050,13,037,"Georgia","Calhoun County",1,74,40,14,26
050,13,037,"Georgia","Calhoun County",1,75,39,14,25
050,13,037,"Georgia","Calhoun County",1,76,37,17,20
050,13,037,"Georgia","Calhoun County",1,77,26,15,11
050,13,037,"Georgia","Calhoun County",1,78,27,13,14
050,13,037,"Georgia","Calhoun County",1,79,23,11,12
050,13,037,"Georgia","Calhoun County",1,80,31,14,17
050,13,037,"Georgia","Calhoun County",1,81,24,7,17
050,13,037,"Georgia","Calhoun County",1,82,21,6,15
050,13,037,"Georgia","Calhoun County",1,83,16,8,8
050,13,037,"Georgia","Calhoun County",1,84,13,6,7
050,13,037,"Georgia","Calhoun County",1,85,145,24,121
050,13,037,"Georgia","Calhoun County",2,0,43,23,20
050,13,037,"Georgia","Calhoun County",2,1,39,16,23
050,13,037,"Georgia","Calhoun County",2,2,41,18,23
050,13,037,"Georgia","Calhoun County",2,3,44,20,24
050,13,037,"Georgia","Calhoun County",2,4,40,19,21
050,13,037,"Georgia","Calhoun County",2,5,40,16,24
050,13,037,"Georgia","Calhoun County",2,6,36,15,21
050,13,037,"Georgia","Calhoun County",2,7,55,26,29
050,13,037,"Georgia","Calhoun County",2,8,51,25,26
050,13,037,"Georgia","Calhoun County",2,9,50,29,21
050,13,037,"Georgia","Calhoun County",2,10,49,27,22
050,13,037,"Georgia","Calhoun County",2,11,58,33,25
050,13,037,"Georgia","Calhoun County",2,12,62,35,27
050,13,037,"Georgia","Calhoun County",2,13,63,36,27
050,13,037,"Georgia","Calhoun County",2,14,59,33,26
050,13,037,"Georgia","Calhoun County",2,15,58,27,31
050,13,037,"Georgia","Calhoun County",2,16,63,26,37
050,13,037,"Georgia","Calhoun County",2,17,64,28,36
050,13,037,"Georgia","Calhoun County",2,18,60,32,28
050,13,037,"Georgia","Calhoun County",2,19,57,35,22
050,13,037,"Georgia","Calhoun County",2,20,66,47,19
050,13,037,"Georgia","Calhoun County",2,21,86,62,24
050,13,037,"Georgia","Calhoun County",2,22,91,62,29
050,13,037,"Georgia","Calhoun County",2,23,79,53,26
050,13,037,"Georgia","Calhoun County",2,24,92,68,24
050,13,037,"Georgia","Calhoun County",2,25,79,57,22
050,13,037,"Georgia","Calhoun County",2,26,80,65,15
050,13,037,"Georgia","Calhoun County",2,27,78,61,17
050,13,037,"Georgia","Calhoun County",2,28,79,60,19
050,13,037,"Georgia","Calhoun County",2,29,89,65,24
050,13,037,"Georgia","Calhoun County",2,30,82,62,20
050,13,037,"Georgia","Calhoun County",2,31,103,82,21
050,13,037,"Georgia","Calhoun County",2,32,85,65,20
050,13,037,"Georgia","Calhoun County",2,33,80,58,22
050,13,037,"Georgia","Calhoun County",2,34,87,66,21
050,13,037,"Georgia","Calhoun County",2,35,70,51,19
050,13,037,"Georgia","Calhoun County",2,36,74,54,20
050,13,037,"Georgia","Calhoun County",2,37,85,61,24
050,13,037,"Georgia","Calhoun County",2,38,104,75,29
050,13,037,"Georgia","Calhoun County",2,39,103,73,30
050,13,037,"Georgia","Calhoun County",2,40,101,75,26
050,13,037,"Georgia","Calhoun County",2,41,88,65,23
050,13,037,"Georgia","Calhoun County",2,42,85,60,25
050,13,037,"Georgia","Calhoun County",2,43,74,50,24
050,13,037,"Georgia","Calhoun County",2,44,94,67,27
050,13,037,"Georgia","Calhoun County",2,45,95,68,27
050,13,037,"Georgia","Calhoun County",2,46,85,60,25
050,13,037,"Georgia","Calhoun County",2,47,64,42,22
050,13,037,"Georgia","Calhoun County",2,48,95,66,29
050,13,037,"Georgia","Calhoun County",2,49,93,59,34
050,13,037,"Georgia","Calhoun County",2,50,82,52,30
050,13,037,"Georgia","Calhoun County",2,51,73,51,22
050,13,037,"Georgia","Calhoun County",2,52,74,53,21
050,13,037,"Georgia","Calhoun County",2,53,65,47,18
050,13,037,"Georgia","Calhoun County",2,54,68,45,23
050,13,037,"Georgia","Calhoun County",2,55,66,36,30
050,13,037,"Georgia","Calhoun County",2,56,66,38,28
050,13,037,"Georgia","Calhoun County",2,57,77,48,29
050,13,037,"Georgia","Calhoun County",2,58,75,40,35
050,13,037,"Georgia","Calhoun County",2,59,79,42,37
050,13,037,"Georgia","Calhoun County",2,60,74,43,31
050,13,037,"Georgia","Calhoun County",2,61,65,38,27
050,13,037,"Georgia","Calhoun County",2,62,70,39,31
050,13,037,"Georgia","Calhoun County",2,63,59,28,31
050,13,037,"Georgia","Calhoun County",2,64,69,35,34
050,13,037,"Georgia","Calhoun County",2,65,64,28,36
050,13,037,"Georgia","Calhoun County",2,66,60,28,32
050,13,037,"Georgia","Calhoun County",2,67,64,36,28
050,13,037,"Georgia","Calhoun County",2,68,56,32,24
050,13,037,"Georgia","Calhoun County",2,69,43,23,20
050,13,037,"Georgia","Calhoun County",2,70,40,21,19
050,13,037,"Georgia","Calhoun County",2,71,51,27,24
050,13,037,"Georgia","Calhoun County",2,72,58,31,27
050,13,037,"Georgia","Calhoun County",2,73,47,22,25
050,13,037,"Georgia","Calhoun County",2,74,39,15,24
050,13,037,"Georgia","Calhoun County",2,75,38,13,25
050,13,037,"Georgia","Calhoun County",2,76,38,17,21
050,13,037,"Georgia","Calhoun County",2,77,26,14,12
050,13,037,"Georgia","Calhoun County",2,78,26,13,13
050,13,037,"Georgia","Calhoun County",2,79,23,11,12
050,13,037,"Georgia","Calhoun County",2,80,29,13,16
050,13,037,"Georgia","Calhoun County",2,81,26,9,17
050,13,037,"Georgia","Calhoun County",2,82,20,6,14
050,13,037,"Georgia","Calhoun County",2,83,17,8,9
050,13,037,"Georgia","Calhoun County",2,84,12,6,6
050,13,037,"Georgia","Calhoun County",2,85,137,23,114
050,13,037,"Georgia","Calhoun County",3,0,36,21,15
050,13,037,"Georgia","Calhoun County",3,1,52,24,28
050,13,037,"Georgia","Calhoun County",3,2,43,20,23
050,13,037,"Georgia","Calhoun County",3,3,41,18,23
050,13,037,"Georgia","Calhoun County",3,4,43,18,25
050,13,037,"Georgia","Calhoun County",3,5,41,20,21
050,13,037,"Georgia","Calhoun County",3,6,40,17,23
050,13,037,"Georgia","Calhoun County",3,7,34,17,17
050,13,037,"Georgia","Calhoun County",3,8,54,29,25
050,13,037,"Georgia","Calhoun County",3,9,46,24,22
050,13,037,"Georgia","Calhoun County",3,10,41,23,18
050,13,037,"Georgia","Calhoun County",3,11,44,23,21
050,13,037,"Georgia","Calhoun County",3,12,57,33,24
050,13,037,"Georgia","Calhoun County",3,13,61,30,31
050,13,037,"Georgia","Calhoun County",3,14,53,31,22
050,13,037,"Georgia","Calhoun County",3,15,56,32,24
050,13,037,"Georgia","Calhoun County",3,16,57,27,30
050,13,037,"Georgia","Calhoun County",3,17,58,26,32
050,13,037,"Georgia","Calhoun County",3,18,58,28,30
050,13,037,"Georgia","Calhoun County",3,19,55,32,23
050,13,037,"Georgia","Calhoun County",3,20,67,44,23
050,13,037,"Georgia","Calhoun County",3,21,82,63,19
050,13,037,"Georgia","Calhoun County",3,22,88,63,25
050,13,037,"Georgia","Calhoun County",3,23,87,60,27
050,13,037,"Georgia","Calhoun County",3,24,82,63,19
050,13,037,"Georgia","Calhoun County",3,25,81,56,25
050,13,037,"Georgia","Calhoun County",3,26,87,68,19
050,13,037,"Georgia","Calhoun County",3,27,80,65,15
050,13,037,"Georgia","Calhoun County",3,28,85,68,17
050,13,037,"Georgia","Calhoun County",3,29,82,65,17
050,13,037,"Georgia","Calhoun County",3,30,83,60,23
050,13,037,"Georgia","Calhoun County",3,31,107,85,22
050,13,037,"Georgia","Calhoun County",3,32,93,73,20
050,13,037,"Georgia","Calhoun County",3,33,72,53,19
050,13,037,"Georgia","Calhoun County",3,34,97,76,21
050,13,037,"Georgia","Calhoun County",3,35,74,53,21
050,13,037,"Georgia","Calhoun County",3,36,71,55,16
050,13,037,"Georgia","Calhoun County",3,37,80,59,21
050,13,037,"Georgia","Calhoun County",3,38,96,75,21
050,13,037,"Georgia","Calhoun County",3,39,102,71,31
050,13,037,"Georgia","Calhoun County",3,40,105,76,29
050,13,037,"Georgia","Calhoun County",3,41,90,64,26
050,13,037,"Georgia","Calhoun County",3,42,87,63,24
050,13,037,"Georgia","Calhoun County",3,43,79,52,27
050,13,037,"Georgia","Calhoun County",3,44,96,75,21
050,13,037,"Georgia","Calhoun County",3,45,90,65,25
050,13,037,"Georgia","Calhoun County",3,46,88,61,27
050,13,037,"Georgia","Calhoun County",3,47,71,47,24
050,13,037,"Georgia","Calhoun County",3,48,87,64,23
050,13,037,"Georgia","Calhoun County",3,49,88,61,27
050,13,037,"Georgia","Calhoun County",3,50,90,57,33
050,13,037,"Georgia","Calhoun County",3,51,82,52,30
050,13,037,"Georgia","Calhoun County",3,52,74,52,22
050,13,037,"Georgia","Calhoun County",3,53,69,48,21
050,13,037,"Georgia","Calhoun County",3,54,63,45,18
050,13,037,"Georgia","Calhoun County",3,55,67,43,24
050,13,037,"Georgia","Calhoun County",3,56,64,34,30
050,13,037,"Georgia","Calhoun County",3,57,74,47,27
050,13,037,"Georgia","Calhoun County",3,58,72,42,30
050,13,037,"Georgia","Calhoun County",3,59,79,44,35
050,13,037,"Georgia","Calhoun County",3,60,71,34,37
050,13,037,"Georgia","Calhoun County",3,61,73,42,31
050,13,037,"Georgia","Calhoun County",3,62,68,41,27
050,13,037,"Georgia","Calhoun County",3,63,57,26,31
050,13,037,"Georgia","Calhoun County",3,64,56,27,29
050,13,037,"Georgia","Calhoun County",3,65,67,31,36
050,13,037,"Georgia","Calhoun County",3,66,63,29,34
050,13,037,"Georgia","Calhoun County",3,67,61,29,32
050,13,037,"Georgia","Calhoun County",3,68,64,35,29
050,13,037,"Georgia","Calhoun County",3,69,55,32,23
050,13,037,"Georgia","Calhoun County",3,70,40,21,19
050,13,037,"Georgia","Calhoun County",3,71,37,18,19
050,13,037,"Georgia","Calhoun County",3,72,46,26,20
050,13,037,"Georgia","Calhoun County",3,73,58,30,28
050,13,037,"Georgia","Calhoun County",3,74,39,21,18
050,13,037,"Georgia","Calhoun County",3,75,35,13,22
050,13,037,"Georgia","Calhoun County",3,76,37,13,24
050,13,037,"Georgia","Calhoun County",3,77,37,16,21
050,13,037,"Georgia","Calhoun County",3,78,26,14,12
050,13,037,"Georgia","Calhoun County",3,79,21,10,11
050,13,037,"Georgia","Calhoun County",3,80,25,12,13
050,13,037,"Georgia","Calhoun County",3,81,27,11,16
050,13,037,"Georgia","Calhoun County",3,82,25,8,17
050,13,037,"Georgia","Calhoun County",3,83,21,7,14
050,13,037,"Georgia","Calhoun County",3,84,15,8,7
050,13,037,"Georgia","Calhoun County",3,85,136,25,111
050,13,037,"Georgia","Calhoun County",4,0,35,18,17
050,13,037,"Georgia","Calhoun County",4,1,37,23,14
050,13,037,"Georgia","Calhoun County",4,2,51,25,26
050,13,037,"Georgia","Calhoun County",4,3,43,18,25
050,13,037,"Georgia","Calhoun County",4,4,43,19,24
050,13,037,"Georgia","Calhoun County",4,5,48,21,27
050,13,037,"Georgia","Calhoun County",4,6,44,23,21
050,13,037,"Georgia","Calhoun County",4,7,40,15,25
050,13,037,"Georgia","Calhoun County",4,8,33,17,16
050,13,037,"Georgia","Calhoun County",4,9,51,30,21
050,13,037,"Georgia","Calhoun County",4,10,42,21,21
050,13,037,"Georgia","Calhoun County",4,11,45,24,21
050,13,037,"Georgia","Calhoun County",4,12,39,21,18
050,13,037,"Georgia","Calhoun County",4,13,53,30,23
050,13,037,"Georgia","Calhoun County",4,14,57,28,29
050,13,037,"Georgia","Calhoun County",4,15,54,32,22
050,13,037,"Georgia","Calhoun County",4,16,57,32,25
050,13,037,"Georgia","Calhoun County",4,17,58,28,30
050,13,037,"Georgia","Calhoun County",4,18,53,26,27
050,13,037,"Georgia","Calhoun County",4,19,53,28,25
050,13,037,"Georgia","Calhoun County",4,20,68,43,25
050,13,037,"Georgia","Calhoun County",4,21,86,59,27
050,13,037,"Georgia","Calhoun County",4,22,84,65,19
050,13,037,"Georgia","Calhoun County",4,23,77,54,23
050,13,037,"Georgia","Calhoun County",4,24,93,69,24
050,13,037,"Georgia","Calhoun County",4,25,76,56,20
050,13,037,"Georgia","Calhoun County",4,26,89,67,22
050,13,037,"Georgia","Calhoun County",4,27,87,67,20
050,13,037,"Georgia","Calhoun County",4,28,81,63,18
050,13,037,"Georgia","Calhoun County",4,29,88,68,20
050,13,037,"Georgia","Calhoun County",4,30,83,64,19
050,13,037,"Georgia","Calhoun County",4,31,107,81,26
050,13,037,"Georgia","Calhoun County",4,32,90,69,21
050,13,037,"Georgia","Calhoun County",4,33,88,67,21
050,13,037,"Georgia","Calhoun County",4,34,86,68,18
050,13,037,"Georgia","Calhoun County",4,35,79,57,22
050,13,037,"Georgia","Calhoun County",4,36,72,51,21
050,13,037,"Georgia","Calhoun County",4,37,73,58,15
050,13,037,"Georgia","Calhoun County",4,38,94,74,20
050,13,037,"Georgia","Calhoun County",4,39,89,69,20
050,13,037,"Georgia","Calhoun County",4,40,97,69,28
050,13,037,"Georgia","Calhoun County",4,41,98,68,30
050,13,037,"Georgia","Calhoun County",4,42,88,63,25
050,13,037,"Georgia","Calhoun County",4,43,77,53,24
050,13,037,"Georgia","Calhoun County",4,44,99,76,23
050,13,037,"Georgia","Calhoun County",4,45,90,70,20
050,13,037,"Georgia","Calhoun County",4,46,79,56,23
050,13,037,"Georgia","Calhoun County",4,47,70,44,26
050,13,037,"Georgia","Calhoun County",4,48,94,70,24
050,13,037,"Georgia","Calhoun County",4,49,75,54,21
050,13,037,"Georgia","Calhoun County",4,50,81,53,28
050,13,037,"Georgia","Calhoun County",4,51,88,55,33
050,13,037,"Georgia","Calhoun County",4,52,77,50,27
050,13,037,"Georgia","Calhoun County",4,53,68,45,23
050,13,037,"Georgia","Calhoun County",4,54,63,43,20
050,13,037,"Georgia","Calhoun County",4,55,59,42,17
050,13,037,"Georgia","Calhoun County",4,56,66,41,25
050,13,037,"Georgia","Calhoun County",4,57,69,44,25
050,13,037,"Georgia","Calhoun County",4,58,68,42,26
050,13,037,"Georgia","Calhoun County",4,59,71,42,29
050,13,037,"Georgia","Calhoun County",4,60,68,34,34
050,13,037,"Georgia","Calhoun County",4,61,71,34,37
050,13,037,"Georgia","Calhoun County",4,62,77,47,30
050,13,037,"Georgia","Calhoun County",4,63,58,30,28
050,13,037,"Georgia","Calhoun County",4,64,54,25,29
050,13,037,"Georgia","Calhoun County",4,65,54,24,30
050,13,037,"Georgia","Calhoun County",4,66,68,33,35
050,13,037,"Georgia","Calhoun County",4,67,61,28,33
050,13,037,"Georgia","Calhoun County",4,68,57,27,30
050,13,037,"Georgia","Calhoun County",4,69,64,34,30
050,13,037,"Georgia","Calhoun County",4,70,54,32,22
050,13,037,"Georgia","Calhoun County",4,71,38,19,19
050,13,037,"Georgia","Calhoun County",4,72,34,18,16
050,13,037,"Georgia","Calhoun County",4,73,48,27,21
050,13,037,"Georgia","Calhoun County",4,74,54,28,26
050,13,037,"Georgia","Calhoun County",4,75,38,20,18
050,13,037,"Georgia","Calhoun County",4,76,34,13,21
050,13,037,"Georgia","Calhoun County",4,77,30,11,19
050,13,037,"Georgia","Calhoun County",4,78,38,17,21
050,13,037,"Georgia","Calhoun County",4,79,20,10,10
050,13,037,"Georgia","Calhoun County",4,80,23,11,12
050,13,037,"Georgia","Calhoun County",4,81,25,10,15
050,13,037,"Georgia","Calhoun County",4,82,26,10,16
050,13,037,"Georgia","Calhoun County",4,83,25,8,17
050,13,037,"Georgia","Calhoun County",4,84,18,7,11
050,13,037,"Georgia","Calhoun County",4,85,134,25,109
050,13,037,"Georgia","Calhoun County",5,0,45,22,23
050,13,037,"Georgia","Calhoun County",5,1,34,13,21
050,13,037,"Georgia","Calhoun County",5,2,39,26,13
050,13,037,"Georgia","Calhoun County",5,3,49,24,25
050,13,037,"Georgia","Calhoun County",5,4,46,21,25
050,13,037,"Georgia","Calhoun County",5,5,38,17,21
050,13,037,"Georgia","Calhoun County",5,6,48,21,27
050,13,037,"Georgia","Calhoun County",5,7,45,24,21
050,13,037,"Georgia","Calhoun County",5,8,40,15,25
050,13,037,"Georgia","Calhoun County",5,9,39,21,18
050,13,037,"Georgia","Calhoun County",5,10,51,30,21
050,13,037,"Georgia","Calhoun County",5,11,44,21,23
050,13,037,"Georgia","Calhoun County",5,12,43,22,21
050,13,037,"Georgia","Calhoun County",5,13,38,22,16
050,13,037,"Georgia","Calhoun County",5,14,54,30,24
050,13,037,"Georgia","Calhoun County",5,15,50,24,26
050,13,037,"Georgia","Calhoun County",5,16,56,34,22
050,13,037,"Georgia","Calhoun County",5,17,56,34,22
050,13,037,"Georgia","Calhoun County",5,18,58,32,26
050,13,037,"Georgia","Calhoun County",5,19,48,28,20
050,13,037,"Georgia","Calhoun County",5,20,63,39,24
050,13,037,"Georgia","Calhoun County",5,21,92,62,30
050,13,037,"Georgia","Calhoun County",5,22,96,65,31
050,13,037,"Georgia","Calhoun County",5,23,73,58,15
050,13,037,"Georgia","Calhoun County",5,24,92,70,22
050,13,037,"Georgia","Calhoun County",5,25,87,60,27
050,13,037,"Georgia","Calhoun County",5,26,78,65,13
050,13,037,"Georgia","Calhoun County",5,27,81,61,20
050,13,037,"Georgia","Calhoun County",5,28,84,65,19
050,13,037,"Georgia","Calhoun County",5,29,85,62,23
050,13,037,"Georgia","Calhoun County",5,30,78,59,19
050,13,037,"Georgia","Calhoun County",5,31,108,85,23
050,13,037,"Georgia","Calhoun County",5,32,88,65,23
050,13,037,"Georgia","Calhoun County",5,33,82,64,18
050,13,037,"Georgia","Calhoun County",5,34,104,87,17
050,13,037,"Georgia","Calhoun County",5,35,73,53,20
050,13,037,"Georgia","Calhoun County",5,36,76,56,20
050,13,037,"Georgia","Calhoun County",5,37,76,55,21
050,13,037,"Georgia","Calhoun County",5,38,88,74,14
050,13,037,"Georgia","Calhoun County",5,39,88,68,20
050,13,037,"Georgia","Calhoun County",5,40,88,67,21
050,13,037,"Georgia","Calhoun County",5,41,90,62,28
050,13,037,"Georgia","Calhoun County",5,42,93,63,30
050,13,037,"Georgia","Calhoun County",5,43,81,56,25
050,13,037,"Georgia","Calhoun County",5,44,101,77,24
050,13,037,"Georgia","Calhoun County",5,45,92,69,23
050,13,037,"Georgia","Calhoun County",5,46,80,60,20
050,13,037,"Georgia","Calhoun County",5,47,63,40,23
050,13,037,"Georgia","Calhoun County",5,48,93,66,27
050,13,037,"Georgia","Calhoun County",5,49,82,58,24
050,13,037,"Georgia","Calhoun County",5,50,76,54,22
050,13,037,"Georgia","Calhoun County",5,51,74,47,27
050,13,037,"Georgia","Calhoun County",5,52,84,52,32
050,13,037,"Georgia","Calhoun County",5,53,66,42,24
050,13,037,"Georgia","Calhoun County",5,54,65,42,23
050,13,037,"Georgia","Calhoun County",5,55,59,40,19
050,13,037,"Georgia","Calhoun County",5,56,57,39,18
050,13,037,"Georgia","Calhoun County",5,57,69,50,19
050,13,037,"Georgia","Calhoun County",5,58,66,38,28
050,13,037,"Georgia","Calhoun County",5,59,74,47,27
050,13,037,"Georgia","Calhoun County",5,60,64,35,29
050,13,037,"Georgia","Calhoun County",5,61,68,34,34
050,13,037,"Georgia","Calhoun County",5,62,75,38,37
050,13,037,"Georgia","Calhoun County",5,63,67,36,31
050,13,037,"Georgia","Calhoun County",5,64,58,29,29
050,13,037,"Georgia","Calhoun County",5,65,48,20,28
050,13,037,"Georgia","Calhoun County",5,66,58,28,30
050,13,037,"Georgia","Calhoun County",5,67,66,32,34
050,13,037,"Georgia","Calhoun County",5,68,59,26,33
050,13,037,"Georgia","Calhoun County",5,69,56,26,30
050,13,037,"Georgia","Calhoun County",5,70,61,33,28
050,13,037,"Georgia","Calhoun County",5,71,53,31,22
050,13,037,"Georgia","Calhoun County",5,72,38,19,19
050,13,037,"Georgia","Calhoun County",5,73,36,19,17
050,13,037,"Georgia","Calhoun County",5,74,46,25,21
050,13,037,"Georgia","Calhoun County",5,75,50,26,24
050,13,037,"Georgia","Calhoun County",5,76,37,20,17
050,13,037,"Georgia","Calhoun County",5,77,33,13,20
050,13,037,"Georgia","Calhoun County",5,78,31,11,20
050,13,037,"Georgia","Calhoun County",5,79,32,13,19
050,13,037,"Georgia","Calhoun County",5,80,23,12,11
050,13,037,"Georgia","Calhoun County",5,81,24,10,14
050,13,037,"Georgia","Calhoun County",5,82,24,9,15
050,13,037,"Georgia","Calhoun County",5,83,25,10,15
050,13,037,"Georgia","Calhoun County",5,84,22,8,14
050,13,037,"Georgia","Calhoun County",5,85,137,22,115
050,13,039,"Georgia","Camden County",1,0,707,362,345
050,13,039,"Georgia","Camden County",1,1,748,377,371
050,13,039,"Georgia","Camden County",1,2,760,382,378
050,13,039,"Georgia","Camden County",1,3,743,361,382
050,13,039,"Georgia","Camden County",1,4,783,395,388
050,13,039,"Georgia","Camden County",1,5,757,377,380
050,13,039,"Georgia","Camden County",1,6,772,413,359
050,13,039,"Georgia","Camden County",1,7,780,404,376
050,13,039,"Georgia","Camden County",1,8,744,386,358
050,13,039,"Georgia","Camden County",1,9,751,412,339
050,13,039,"Georgia","Camden County",1,10,728,371,357
050,13,039,"Georgia","Camden County",1,11,803,397,406
050,13,039,"Georgia","Camden County",1,12,778,406,372
050,13,039,"Georgia","Camden County",1,13,709,371,338
050,13,039,"Georgia","Camden County",1,14,685,346,339
050,13,039,"Georgia","Camden County",1,15,666,326,340
050,13,039,"Georgia","Camden County",1,16,686,347,339
050,13,039,"Georgia","Camden County",1,17,641,322,319
050,13,039,"Georgia","Camden County",1,18,624,353,271
050,13,039,"Georgia","Camden County",1,19,749,502,247
050,13,039,"Georgia","Camden County",1,20,971,684,287
050,13,039,"Georgia","Camden County",1,21,1050,717,333
050,13,039,"Georgia","Camden County",1,22,1031,685,346
050,13,039,"Georgia","Camden County",1,23,934,562,372
050,13,039,"Georgia","Camden County",1,24,929,545,384
050,13,039,"Georgia","Camden County",1,25,958,536,422
050,13,039,"Georgia","Camden County",1,26,925,522,403
050,13,039,"Georgia","Camden County",1,27,894,486,408
050,13,039,"Georgia","Camden County",1,28,972,509,463
050,13,039,"Georgia","Camden County",1,29,884,453,431
050,13,039,"Georgia","Camden County",1,30,918,466,452
050,13,039,"Georgia","Camden County",1,31,853,425,428
050,13,039,"Georgia","Camden County",1,32,859,456,403
050,13,039,"Georgia","Camden County",1,33,790,403,387
050,13,039,"Georgia","Camden County",1,34,836,423,413
050,13,039,"Georgia","Camden County",1,35,793,409,384
050,13,039,"Georgia","Camden County",1,36,753,423,330
050,13,039,"Georgia","Camden County",1,37,730,368,362
050,13,039,"Georgia","Camden County",1,38,687,349,338
050,13,039,"Georgia","Camden County",1,39,616,310,306
050,13,039,"Georgia","Camden County",1,40,617,320,297
050,13,039,"Georgia","Camden County",1,41,593,304,289
050,13,039,"Georgia","Camden County",1,42,571,293,278
050,13,039,"Georgia","Camden County",1,43,499,249,250
050,13,039,"Georgia","Camden County",1,44,512,245,267
050,13,039,"Georgia","Camden County",1,45,521,248,273
050,13,039,"Georgia","Camden County",1,46,510,261,249
050,13,039,"Georgia","Camden County",1,47,533,259,274
050,13,039,"Georgia","Camden County",1,48,593,273,320
050,13,039,"Georgia","Camden County",1,49,609,276,333
050,13,039,"Georgia","Camden County",1,50,608,302,306
050,13,039,"Georgia","Camden County",1,51,580,298,282
050,13,039,"Georgia","Camden County",1,52,567,283,284
050,13,039,"Georgia","Camden County",1,53,582,297,285
050,13,039,"Georgia","Camden County",1,54,616,283,333
050,13,039,"Georgia","Camden County",1,55,635,293,342
050,13,039,"Georgia","Camden County",1,56,638,316,322
050,13,039,"Georgia","Camden County",1,57,680,323,357
050,13,039,"Georgia","Camden County",1,58,707,353,354
050,13,039,"Georgia","Camden County",1,59,696,344,352
050,13,039,"Georgia","Camden County",1,60,697,311,386
050,13,039,"Georgia","Camden County",1,61,673,322,351
050,13,039,"Georgia","Camden County",1,62,623,295,328
050,13,039,"Georgia","Camden County",1,63,614,304,310
050,13,039,"Georgia","Camden County",1,64,559,250,309
050,13,039,"Georgia","Camden County",1,65,545,259,286
050,13,039,"Georgia","Camden County",1,66,559,285,274
050,13,039,"Georgia","Camden County",1,67,545,239,306
050,13,039,"Georgia","Camden County",1,68,525,264,261
050,13,039,"Georgia","Camden County",1,69,480,245,235
050,13,039,"Georgia","Camden County",1,70,444,210,234
050,13,039,"Georgia","Camden County",1,71,462,228,234
050,13,039,"Georgia","Camden County",1,72,502,258,244
050,13,039,"Georgia","Camden County",1,73,508,247,261
050,13,039,"Georgia","Camden County",1,74,356,177,179
050,13,039,"Georgia","Camden County",1,75,354,168,186
050,13,039,"Georgia","Camden County",1,76,331,152,179
050,13,039,"Georgia","Camden County",1,77,315,145,170
050,13,039,"Georgia","Camden County",1,78,270,124,146
050,13,039,"Georgia","Camden County",1,79,232,109,123
050,13,039,"Georgia","Camden County",1,80,186,85,101
050,13,039,"Georgia","Camden County",1,81,169,74,95
050,13,039,"Georgia","Camden County",1,82,177,90,87
050,13,039,"Georgia","Camden County",1,83,139,65,74
050,13,039,"Georgia","Camden County",1,84,117,48,69
050,13,039,"Georgia","Camden County",1,85,526,216,310
050,13,039,"Georgia","Camden County",2,0,709,369,340
050,13,039,"Georgia","Camden County",2,1,743,377,366
050,13,039,"Georgia","Camden County",2,2,756,380,376
050,13,039,"Georgia","Camden County",2,3,742,364,378
050,13,039,"Georgia","Camden County",2,4,774,385,389
050,13,039,"Georgia","Camden County",2,5,760,378,382
050,13,039,"Georgia","Camden County",2,6,762,402,360
050,13,039,"Georgia","Camden County",2,7,771,400,371
050,13,039,"Georgia","Camden County",2,8,748,388,360
050,13,039,"Georgia","Camden County",2,9,744,401,343
050,13,039,"Georgia","Camden County",2,10,738,381,357
050,13,039,"Georgia","Camden County",2,11,780,388,392
050,13,039,"Georgia","Camden County",2,12,788,407,381
050,13,039,"Georgia","Camden County",2,13,724,378,346
050,13,039,"Georgia","Camden County",2,14,691,353,338
050,13,039,"Georgia","Camden County",2,15,669,328,341
050,13,039,"Georgia","Camden County",2,16,680,340,340
050,13,039,"Georgia","Camden County",2,17,657,329,328
050,13,039,"Georgia","Camden County",2,18,629,354,275
050,13,039,"Georgia","Camden County",2,19,762,512,250
050,13,039,"Georgia","Camden County",2,20,974,683,291
050,13,039,"Georgia","Camden County",2,21,1044,714,330
050,13,039,"Georgia","Camden County",2,22,1024,675,349
050,13,039,"Georgia","Camden County",2,23,943,571,372
050,13,039,"Georgia","Camden County",2,24,924,543,381
050,13,039,"Georgia","Camden County",2,25,942,529,413
050,13,039,"Georgia","Camden County",2,26,926,521,405
050,13,039,"Georgia","Camden County",2,27,889,484,405
050,13,039,"Georgia","Camden County",2,28,943,502,441
050,13,039,"Georgia","Camden County",2,29,898,456,442
050,13,039,"Georgia","Camden County",2,30,912,462,450
050,13,039,"Georgia","Camden County",2,31,862,429,433
050,13,039,"Georgia","Camden County",2,32,859,449,410
050,13,039,"Georgia","Camden County",2,33,804,410,394
050,13,039,"Georgia","Camden County",2,34,827,420,407
050,13,039,"Georgia","Camden County",2,35,811,420,391
050,13,039,"Georgia","Camden County",2,36,764,425,339
050,13,039,"Georgia","Camden County",2,37,726,372,354
050,13,039,"Georgia","Camden County",2,38,698,352,346
050,13,039,"Georgia","Camden County",2,39,627,314,313
050,13,039,"Georgia","Camden County",2,40,623,322,301
050,13,039,"Georgia","Camden County",2,41,595,306,289
050,13,039,"Georgia","Camden County",2,42,573,297,276
050,13,039,"Georgia","Camden County",2,43,520,263,257
050,13,039,"Georgia","Camden County",2,44,501,243,258
050,13,039,"Georgia","Camden County",2,45,517,248,269
050,13,039,"Georgia","Camden County",2,46,513,258,255
050,13,039,"Georgia","Camden County",2,47,528,258,270
050,13,039,"Georgia","Camden County",2,48,579,270,309
050,13,039,"Georgia","Camden County",2,49,613,279,334
050,13,039,"Georgia","Camden County",2,50,611,296,315
050,13,039,"Georgia","Camden County",2,51,583,297,286
050,13,039,"Georgia","Camden County",2,52,566,286,280
050,13,039,"Georgia","Camden County",2,53,578,294,284
050,13,039,"Georgia","Camden County",2,54,608,288,320
050,13,039,"Georgia","Camden County",2,55,631,291,340
050,13,039,"Georgia","Camden County",2,56,645,315,330
050,13,039,"Georgia","Camden County",2,57,670,322,348
050,13,039,"Georgia","Camden County",2,58,704,347,357
050,13,039,"Georgia","Camden County",2,59,703,347,356
050,13,039,"Georgia","Camden County",2,60,698,321,377
050,13,039,"Georgia","Camden County",2,61,680,321,359
050,13,039,"Georgia","Camden County",2,62,634,301,333
050,13,039,"Georgia","Camden County",2,63,622,305,317
050,13,039,"Georgia","Camden County",2,64,570,261,309
050,13,039,"Georgia","Camden County",2,65,547,256,291
050,13,039,"Georgia","Camden County",2,66,559,280,279
050,13,039,"Georgia","Camden County",2,67,549,251,298
050,13,039,"Georgia","Camden County",2,68,527,257,270
050,13,039,"Georgia","Camden County",2,69,497,251,246
050,13,039,"Georgia","Camden County",2,70,454,221,233
050,13,039,"Georgia","Camden County",2,71,459,224,235
050,13,039,"Georgia","Camden County",2,72,487,247,240
050,13,039,"Georgia","Camden County",2,73,529,262,267
050,13,039,"Georgia","Camden County",2,74,365,182,183
050,13,039,"Georgia","Camden County",2,75,353,169,184
050,13,039,"Georgia","Camden County",2,76,332,152,180
050,13,039,"Georgia","Camden County",2,77,327,149,178
050,13,039,"Georgia","Camden County",2,78,274,126,148
050,13,039,"Georgia","Camden County",2,79,236,111,125
050,13,039,"Georgia","Camden County",2,80,201,92,109
050,13,039,"Georgia","Camden County",2,81,170,77,93
050,13,039,"Georgia","Camden County",2,82,169,83,86
050,13,039,"Georgia","Camden County",2,83,146,71,75
050,13,039,"Georgia","Camden County",2,84,123,52,71
050,13,039,"Georgia","Camden County",2,85,538,218,320
050,13,039,"Georgia","Camden County",3,0,699,356,343
050,13,039,"Georgia","Camden County",3,1,736,383,353
050,13,039,"Georgia","Camden County",3,2,752,375,377
050,13,039,"Georgia","Camden County",3,3,771,387,384
050,13,039,"Georgia","Camden County",3,4,737,373,364
050,13,039,"Georgia","Camden County",3,5,779,389,390
050,13,039,"Georgia","Camden County",3,6,756,371,385
050,13,039,"Georgia","Camden County",3,7,760,388,372
050,13,039,"Georgia","Camden County",3,8,785,408,377
050,13,039,"Georgia","Camden County",3,9,756,381,375
050,13,039,"Georgia","Camden County",3,10,731,388,343
050,13,039,"Georgia","Camden County",3,11,757,399,358
050,13,039,"Georgia","Camden County",3,12,781,392,389
050,13,039,"Georgia","Camden County",3,13,808,412,396
050,13,039,"Georgia","Camden County",3,14,744,377,367
050,13,039,"Georgia","Camden County",3,15,687,362,325
050,13,039,"Georgia","Camden County",3,16,673,347,326
050,13,039,"Georgia","Camden County",3,17,689,349,340
050,13,039,"Georgia","Camden County",3,18,622,343,279
050,13,039,"Georgia","Camden County",3,19,754,505,249
050,13,039,"Georgia","Camden County",3,20,997,705,292
050,13,039,"Georgia","Camden County",3,21,1083,762,321
050,13,039,"Georgia","Camden County",3,22,1028,669,359
050,13,039,"Georgia","Camden County",3,23,993,595,398
050,13,039,"Georgia","Camden County",3,24,887,533,354
050,13,039,"Georgia","Camden County",3,25,905,531,374
050,13,039,"Georgia","Camden County",3,26,932,524,408
050,13,039,"Georgia","Camden County",3,27,887,491,396
050,13,039,"Georgia","Camden County",3,28,907,500,407
050,13,039,"Georgia","Camden County",3,29,919,475,444
050,13,039,"Georgia","Camden County",3,30,937,486,451
050,13,039,"Georgia","Camden County",3,31,899,446,453
050,13,039,"Georgia","Camden County",3,32,878,456,422
050,13,039,"Georgia","Camden County",3,33,875,447,428
050,13,039,"Georgia","Camden County",3,34,806,407,399
050,13,039,"Georgia","Camden County",3,35,835,422,413
050,13,039,"Georgia","Camden County",3,36,838,436,402
050,13,039,"Georgia","Camden County",3,37,757,397,360
050,13,039,"Georgia","Camden County",3,38,747,378,369
050,13,039,"Georgia","Camden County",3,39,702,352,350
050,13,039,"Georgia","Camden County",3,40,634,322,312
050,13,039,"Georgia","Camden County",3,41,637,331,306
050,13,039,"Georgia","Camden County",3,42,594,305,289
050,13,039,"Georgia","Camden County",3,43,570,305,265
050,13,039,"Georgia","Camden County",3,44,525,265,260
050,13,039,"Georgia","Camden County",3,45,495,241,254
050,13,039,"Georgia","Camden County",3,46,522,249,273
050,13,039,"Georgia","Camden County",3,47,504,256,248
050,13,039,"Georgia","Camden County",3,48,502,246,256
050,13,039,"Georgia","Camden County",3,49,562,259,303
050,13,039,"Georgia","Camden County",3,50,614,283,331
050,13,039,"Georgia","Camden County",3,51,597,282,315
050,13,039,"Georgia","Camden County",3,52,596,303,293
050,13,039,"Georgia","Camden County",3,53,551,274,277
050,13,039,"Georgia","Camden County",3,54,600,301,299
050,13,039,"Georgia","Camden County",3,55,609,285,324
050,13,039,"Georgia","Camden County",3,56,619,293,326
050,13,039,"Georgia","Camden County",3,57,647,313,334
050,13,039,"Georgia","Camden County",3,58,672,322,350
050,13,039,"Georgia","Camden County",3,59,706,352,354
050,13,039,"Georgia","Camden County",3,60,690,341,349
050,13,039,"Georgia","Camden County",3,61,687,327,360
050,13,039,"Georgia","Camden County",3,62,664,309,355
050,13,039,"Georgia","Camden County",3,63,627,299,328
050,13,039,"Georgia","Camden County",3,64,620,305,315
050,13,039,"Georgia","Camden County",3,65,567,265,302
050,13,039,"Georgia","Camden County",3,66,546,251,295
050,13,039,"Georgia","Camden County",3,67,562,276,286
050,13,039,"Georgia","Camden County",3,68,548,245,303
050,13,039,"Georgia","Camden County",3,69,516,254,262
050,13,039,"Georgia","Camden County",3,70,495,242,253
050,13,039,"Georgia","Camden County",3,71,442,218,224
050,13,039,"Georgia","Camden County",3,72,452,218,234
050,13,039,"Georgia","Camden County",3,73,472,234,238
050,13,039,"Georgia","Camden County",3,74,515,251,264
050,13,039,"Georgia","Camden County",3,75,355,177,178
050,13,039,"Georgia","Camden County",3,76,341,157,184
050,13,039,"Georgia","Camden County",3,77,325,151,174
050,13,039,"Georgia","Camden County",3,78,324,148,176
050,13,039,"Georgia","Camden County",3,79,266,117,149
050,13,039,"Georgia","Camden County",3,80,225,106,119
050,13,039,"Georgia","Camden County",3,81,194,89,105
050,13,039,"Georgia","Camden County",3,82,158,72,86
050,13,039,"Georgia","Camden County",3,83,156,78,78
050,13,039,"Georgia","Camden County",3,84,135,68,67
050,13,039,"Georgia","Camden County",3,85,559,228,331
050,13,039,"Georgia","Camden County",4,0,716,378,338
050,13,039,"Georgia","Camden County",4,1,718,352,366
050,13,039,"Georgia","Camden County",4,2,731,389,342
050,13,039,"Georgia","Camden County",4,3,793,400,393
050,13,039,"Georgia","Camden County",4,4,810,392,418
050,13,039,"Georgia","Camden County",4,5,755,379,376
050,13,039,"Georgia","Camden County",4,6,811,409,402
050,13,039,"Georgia","Camden County",4,7,752,368,384
050,13,039,"Georgia","Camden County",4,8,780,398,382
050,13,039,"Georgia","Camden County",4,9,808,410,398
050,13,039,"Georgia","Camden County",4,10,783,395,388
050,13,039,"Georgia","Camden County",4,11,743,395,348
050,13,039,"Georgia","Camden County",4,12,788,407,381
050,13,039,"Georgia","Camden County",4,13,806,403,403
050,13,039,"Georgia","Camden County",4,14,802,406,396
050,13,039,"Georgia","Camden County",4,15,760,377,383
050,13,039,"Georgia","Camden County",4,16,692,355,337
050,13,039,"Georgia","Camden County",4,17,672,342,330
050,13,039,"Georgia","Camden County",4,18,649,358,291
050,13,039,"Georgia","Camden County",4,19,719,488,231
050,13,039,"Georgia","Camden County",4,20,987,688,299
050,13,039,"Georgia","Camden County",4,21,1049,723,326
050,13,039,"Georgia","Camden County",4,22,1005,682,323
050,13,039,"Georgia","Camden County",4,23,938,566,372
050,13,039,"Georgia","Camden County",4,24,911,537,374
050,13,039,"Georgia","Camden County",4,25,835,459,376
050,13,039,"Georgia","Camden County",4,26,885,506,379
050,13,039,"Georgia","Camden County",4,27,937,504,433
050,13,039,"Georgia","Camden County",4,28,917,529,388
050,13,039,"Georgia","Camden County",4,29,860,438,422
050,13,039,"Georgia","Camden County",4,30,954,507,447
050,13,039,"Georgia","Camden County",4,31,934,463,471
050,13,039,"Georgia","Camden County",4,32,933,460,473
050,13,039,"Georgia","Camden County",4,33,889,463,426
050,13,039,"Georgia","Camden County",4,34,881,445,436
050,13,039,"Georgia","Camden County",4,35,808,417,391
050,13,039,"Georgia","Camden County",4,36,880,461,419
050,13,039,"Georgia","Camden County",4,37,815,404,411
050,13,039,"Georgia","Camden County",4,38,737,369,368
050,13,039,"Georgia","Camden County",4,39,746,373,373
050,13,039,"Georgia","Camden County",4,40,693,364,329
050,13,039,"Georgia","Camden County",4,41,675,339,336
050,13,039,"Georgia","Camden County",4,42,640,330,310
050,13,039,"Georgia","Camden County",4,43,604,310,294
050,13,039,"Georgia","Camden County",4,44,587,307,280
050,13,039,"Georgia","Camden County",4,45,526,261,265
050,13,039,"Georgia","Camden County",4,46,483,241,242
050,13,039,"Georgia","Camden County",4,47,523,240,283
050,13,039,"Georgia","Camden County",4,48,496,241,255
050,13,039,"Georgia","Camden County",4,49,506,252,254
050,13,039,"Georgia","Camden County",4,50,572,270,302
050,13,039,"Georgia","Camden County",4,51,640,297,343
050,13,039,"Georgia","Camden County",4,52,604,291,313
050,13,039,"Georgia","Camden County",4,53,629,322,307
050,13,039,"Georgia","Camden County",4,54,578,290,288
050,13,039,"Georgia","Camden County",4,55,624,306,318
050,13,039,"Georgia","Camden County",4,56,614,291,323
050,13,039,"Georgia","Camden County",4,57,627,295,332
050,13,039,"Georgia","Camden County",4,58,644,301,343
050,13,039,"Georgia","Camden County",4,59,687,336,351
050,13,039,"Georgia","Camden County",4,60,700,345,355
050,13,039,"Georgia","Camden County",4,61,696,344,352
050,13,039,"Georgia","Camden County",4,62,686,323,363
050,13,039,"Georgia","Camden County",4,63,667,304,363
050,13,039,"Georgia","Camden County",4,64,640,308,332
050,13,039,"Georgia","Camden County",4,65,640,321,319
050,13,039,"Georgia","Camden County",4,66,596,282,314
050,13,039,"Georgia","Camden County",4,67,558,258,300
050,13,039,"Georgia","Camden County",4,68,560,272,288
050,13,039,"Georgia","Camden County",4,69,557,248,309
050,13,039,"Georgia","Camden County",4,70,527,257,270
050,13,039,"Georgia","Camden County",4,71,504,247,257
050,13,039,"Georgia","Camden County",4,72,447,212,235
050,13,039,"Georgia","Camden County",4,73,446,214,232
050,13,039,"Georgia","Camden County",4,74,477,232,245
050,13,039,"Georgia","Camden County",4,75,496,240,256
050,13,039,"Georgia","Camden County",4,76,347,176,171
050,13,039,"Georgia","Camden County",4,77,332,155,177
050,13,039,"Georgia","Camden County",4,78,318,149,169
050,13,039,"Georgia","Camden County",4,79,300,135,165
050,13,039,"Georgia","Camden County",4,80,265,118,147
050,13,039,"Georgia","Camden County",4,81,211,100,111
050,13,039,"Georgia","Camden County",4,82,182,87,95
050,13,039,"Georgia","Camden County",4,83,152,70,82
050,13,039,"Georgia","Camden County",4,84,138,65,73
050,13,039,"Georgia","Camden County",4,85,588,248,340
050,13,039,"Georgia","Camden County",5,0,757,398,359
050,13,039,"Georgia","Camden County",5,1,736,376,360
050,13,039,"Georgia","Camden County",5,2,729,357,372
050,13,039,"Georgia","Camden County",5,3,722,373,349
050,13,039,"Georgia","Camden County",5,4,794,390,404
050,13,039,"Georgia","Camden County",5,5,801,404,397
050,13,039,"Georgia","Camden County",5,6,779,387,392
050,13,039,"Georgia","Camden County",5,7,826,410,416
050,13,039,"Georgia","Camden County",5,8,770,376,394
050,13,039,"Georgia","Camden County",5,9,766,396,370
050,13,039,"Georgia","Camden County",5,10,805,419,386
050,13,039,"Georgia","Camden County",5,11,777,394,383
050,13,039,"Georgia","Camden County",5,12,757,405,352
050,13,039,"Georgia","Camden County",5,13,792,418,374
050,13,039,"Georgia","Camden County",5,14,815,411,404
050,13,039,"Georgia","Camden County",5,15,806,420,386
050,13,039,"Georgia","Camden County",5,16,760,383,377
050,13,039,"Georgia","Camden County",5,17,692,352,340
050,13,039,"Georgia","Camden County",5,18,647,368,279
050,13,039,"Georgia","Camden County",5,19,759,509,250
050,13,039,"Georgia","Camden County",5,20,964,675,289
050,13,039,"Georgia","Camden County",5,21,1122,772,350
050,13,039,"Georgia","Camden County",5,22,1024,652,372
050,13,039,"Georgia","Camden County",5,23,1014,646,368
050,13,039,"Georgia","Camden County",5,24,919,550,369
050,13,039,"Georgia","Camden County",5,25,888,497,391
050,13,039,"Georgia","Camden County",5,26,842,444,398
050,13,039,"Georgia","Camden County",5,27,854,447,407
050,13,039,"Georgia","Camden County",5,28,923,487,436
050,13,039,"Georgia","Camden County",5,29,844,456,388
050,13,039,"Georgia","Camden County",5,30,893,472,421
050,13,039,"Georgia","Camden County",5,31,899,452,447
050,13,039,"Georgia","Camden County",5,32,970,478,492
050,13,039,"Georgia","Camden County",5,33,928,457,471
050,13,039,"Georgia","Camden County",5,34,897,452,445
050,13,039,"Georgia","Camden County",5,35,902,452,450
050,13,039,"Georgia","Camden County",5,36,824,434,390
050,13,039,"Georgia","Camden County",5,37,808,407,401
050,13,039,"Georgia","Camden County",5,38,827,404,423
050,13,039,"Georgia","Camden County",5,39,744,374,370
050,13,039,"Georgia","Camden County",5,40,757,383,374
050,13,039,"Georgia","Camden County",5,41,716,366,350
050,13,039,"Georgia","Camden County",5,42,678,336,342
050,13,039,"Georgia","Camden County",5,43,640,339,301
050,13,039,"Georgia","Camden County",5,44,593,302,291
050,13,039,"Georgia","Camden County",5,45,588,304,284
050,13,039,"Georgia","Camden County",5,46,540,268,272
050,13,039,"Georgia","Camden County",5,47,486,252,234
050,13,039,"Georgia","Camden County",5,48,529,240,289
050,13,039,"Georgia","Camden County",5,49,510,249,261
050,13,039,"Georgia","Camden County",5,50,512,257,255
050,13,039,"Georgia","Camden County",5,51,575,270,305
050,13,039,"Georgia","Camden County",5,52,635,287,348
050,13,039,"Georgia","Camden County",5,53,626,313,313
050,13,039,"Georgia","Camden County",5,54,636,329,307
050,13,039,"Georgia","Camden County",5,55,585,295,290
050,13,039,"Georgia","Camden County",5,56,630,307,323
050,13,039,"Georgia","Camden County",5,57,608,283,325
050,13,039,"Georgia","Camden County",5,58,627,296,331
050,13,039,"Georgia","Camden County",5,59,656,308,348
050,13,039,"Georgia","Camden County",5,60,687,330,357
050,13,039,"Georgia","Camden County",5,61,723,358,365
050,13,039,"Georgia","Camden County",5,62,712,347,365
050,13,039,"Georgia","Camden County",5,63,701,332,369
050,13,039,"Georgia","Camden County",5,64,699,315,384
050,13,039,"Georgia","Camden County",5,65,648,310,338
050,13,039,"Georgia","Camden County",5,66,655,325,330
050,13,039,"Georgia","Camden County",5,67,598,287,311
050,13,039,"Georgia","Camden County",5,68,568,260,308
050,13,039,"Georgia","Camden County",5,69,559,269,290
050,13,039,"Georgia","Camden County",5,70,550,248,302
050,13,039,"Georgia","Camden County",5,71,537,252,285
050,13,039,"Georgia","Camden County",5,72,511,244,267
050,13,039,"Georgia","Camden County",5,73,443,209,234
050,13,039,"Georgia","Camden County",5,74,439,211,228
050,13,039,"Georgia","Camden County",5,75,457,219,238
050,13,039,"Georgia","Camden County",5,76,467,219,248
050,13,039,"Georgia","Camden County",5,77,344,175,169
050,13,039,"Georgia","Camden County",5,78,317,150,167
050,13,039,"Georgia","Camden County",5,79,306,147,159
050,13,039,"Georgia","Camden County",5,80,294,130,164
050,13,039,"Georgia","Camden County",5,81,256,117,139
050,13,039,"Georgia","Camden County",5,82,202,100,102
050,13,039,"Georgia","Camden County",5,83,173,86,87
050,13,039,"Georgia","Camden County",5,84,137,57,80
050,13,039,"Georgia","Camden County",5,85,632,280,352
050,13,043,"Georgia","Candler County",1,0,127,66,61
050,13,043,"Georgia","Candler County",1,1,135,75,60
050,13,043,"Georgia","Candler County",1,2,151,74,77
050,13,043,"Georgia","Candler County",1,3,148,76,72
050,13,043,"Georgia","Candler County",1,4,128,69,59
050,13,043,"Georgia","Candler County",1,5,150,75,75
050,13,043,"Georgia","Candler County",1,6,152,79,73
050,13,043,"Georgia","Candler County",1,7,156,79,77
050,13,043,"Georgia","Candler County",1,8,160,80,80
050,13,043,"Georgia","Candler County",1,9,150,73,77
050,13,043,"Georgia","Candler County",1,10,144,79,65
050,13,043,"Georgia","Candler County",1,11,166,78,88
050,13,043,"Georgia","Candler County",1,12,197,95,102
050,13,043,"Georgia","Candler County",1,13,176,94,82
050,13,043,"Georgia","Candler County",1,14,157,81,76
050,13,043,"Georgia","Candler County",1,15,175,95,80
050,13,043,"Georgia","Candler County",1,16,182,98,84
050,13,043,"Georgia","Candler County",1,17,153,86,67
050,13,043,"Georgia","Candler County",1,18,132,71,61
050,13,043,"Georgia","Candler County",1,19,118,54,64
050,13,043,"Georgia","Candler County",1,20,114,59,55
050,13,043,"Georgia","Candler County",1,21,127,63,64
050,13,043,"Georgia","Candler County",1,22,137,68,69
050,13,043,"Georgia","Candler County",1,23,118,65,53
050,13,043,"Georgia","Candler County",1,24,109,56,53
050,13,043,"Georgia","Candler County",1,25,124,63,61
050,13,043,"Georgia","Candler County",1,26,122,57,65
050,13,043,"Georgia","Candler County",1,27,131,69,62
050,13,043,"Georgia","Candler County",1,28,114,53,61
050,13,043,"Georgia","Candler County",1,29,134,71,63
050,13,043,"Georgia","Candler County",1,30,134,49,85
050,13,043,"Georgia","Candler County",1,31,133,60,73
050,13,043,"Georgia","Candler County",1,32,141,77,64
050,13,043,"Georgia","Candler County",1,33,148,70,78
050,13,043,"Georgia","Candler County",1,34,117,51,66
050,13,043,"Georgia","Candler County",1,35,116,57,59
050,13,043,"Georgia","Candler County",1,36,105,52,53
050,13,043,"Georgia","Candler County",1,37,122,72,50
050,13,043,"Georgia","Candler County",1,38,133,65,68
050,13,043,"Georgia","Candler County",1,39,134,72,62
050,13,043,"Georgia","Candler County",1,40,117,61,56
050,13,043,"Georgia","Candler County",1,41,116,58,58
050,13,043,"Georgia","Candler County",1,42,110,55,55
050,13,043,"Georgia","Candler County",1,43,119,52,67
050,13,043,"Georgia","Candler County",1,44,135,68,67
050,13,043,"Georgia","Candler County",1,45,132,61,71
050,13,043,"Georgia","Candler County",1,46,143,68,75
050,13,043,"Georgia","Candler County",1,47,122,58,64
050,13,043,"Georgia","Candler County",1,48,138,58,80
050,13,043,"Georgia","Candler County",1,49,168,83,85
050,13,043,"Georgia","Candler County",1,50,145,75,70
050,13,043,"Georgia","Candler County",1,51,125,70,55
050,13,043,"Georgia","Candler County",1,52,120,62,58
050,13,043,"Georgia","Candler County",1,53,128,64,64
050,13,043,"Georgia","Candler County",1,54,147,68,79
050,13,043,"Georgia","Candler County",1,55,139,59,80
050,13,043,"Georgia","Candler County",1,56,141,57,84
050,13,043,"Georgia","Candler County",1,57,150,70,80
050,13,043,"Georgia","Candler County",1,58,140,74,66
050,13,043,"Georgia","Candler County",1,59,154,71,83
050,13,043,"Georgia","Candler County",1,60,145,70,75
050,13,043,"Georgia","Candler County",1,61,144,78,66
050,13,043,"Georgia","Candler County",1,62,124,61,63
050,13,043,"Georgia","Candler County",1,63,140,72,68
050,13,043,"Georgia","Candler County",1,64,134,67,67
050,13,043,"Georgia","Candler County",1,65,129,62,67
050,13,043,"Georgia","Candler County",1,66,143,62,81
050,13,043,"Georgia","Candler County",1,67,148,88,60
050,13,043,"Georgia","Candler County",1,68,145,86,59
050,13,043,"Georgia","Candler County",1,69,125,75,50
050,13,043,"Georgia","Candler County",1,70,104,53,51
050,13,043,"Georgia","Candler County",1,71,113,46,67
050,13,043,"Georgia","Candler County",1,72,129,50,79
050,13,043,"Georgia","Candler County",1,73,133,58,75
050,13,043,"Georgia","Candler County",1,74,95,43,52
050,13,043,"Georgia","Candler County",1,75,93,45,48
050,13,043,"Georgia","Candler County",1,76,83,43,40
050,13,043,"Georgia","Candler County",1,77,73,36,37
050,13,043,"Georgia","Candler County",1,78,74,34,40
050,13,043,"Georgia","Candler County",1,79,61,25,36
050,13,043,"Georgia","Candler County",1,80,54,23,31
050,13,043,"Georgia","Candler County",1,81,40,20,20
050,13,043,"Georgia","Candler County",1,82,34,11,23
050,13,043,"Georgia","Candler County",1,83,37,12,25
050,13,043,"Georgia","Candler County",1,84,39,14,25
050,13,043,"Georgia","Candler County",1,85,190,58,132
050,13,043,"Georgia","Candler County",2,0,123,61,62
050,13,043,"Georgia","Candler County",2,1,135,73,62
050,13,043,"Georgia","Candler County",2,2,149,76,73
050,13,043,"Georgia","Candler County",2,3,151,78,73
050,13,043,"Georgia","Candler County",2,4,136,73,63
050,13,043,"Georgia","Candler County",2,5,145,73,72
050,13,043,"Georgia","Candler County",2,6,153,79,74
050,13,043,"Georgia","Candler County",2,7,157,80,77
050,13,043,"Georgia","Candler County",2,8,163,83,80
050,13,043,"Georgia","Candler County",2,9,155,77,78
050,13,043,"Georgia","Candler County",2,10,147,77,70
050,13,043,"Georgia","Candler County",2,11,163,78,85
050,13,043,"Georgia","Candler County",2,12,190,91,99
050,13,043,"Georgia","Candler County",2,13,181,95,86
050,13,043,"Georgia","Candler County",2,14,162,85,77
050,13,043,"Georgia","Candler County",2,15,172,94,78
050,13,043,"Georgia","Candler County",2,16,180,98,82
050,13,043,"Georgia","Candler County",2,17,157,88,69
050,13,043,"Georgia","Candler County",2,18,132,71,61
050,13,043,"Georgia","Candler County",2,19,117,56,61
050,13,043,"Georgia","Candler County",2,20,118,59,59
050,13,043,"Georgia","Candler County",2,21,127,63,64
050,13,043,"Georgia","Candler County",2,22,136,69,67
050,13,043,"Georgia","Candler County",2,23,122,66,56
050,13,043,"Georgia","Candler County",2,24,111,59,52
050,13,043,"Georgia","Candler County",2,25,119,60,59
050,13,043,"Georgia","Candler County",2,26,123,58,65
050,13,043,"Georgia","Candler County",2,27,130,67,63
050,13,043,"Georgia","Candler County",2,28,120,58,62
050,13,043,"Georgia","Candler County",2,29,131,67,64
050,13,043,"Georgia","Candler County",2,30,134,54,80
050,13,043,"Georgia","Candler County",2,31,134,58,76
050,13,043,"Georgia","Candler County",2,32,139,73,66
050,13,043,"Georgia","Candler County",2,33,146,72,74
050,13,043,"Georgia","Candler County",2,34,127,57,70
050,13,043,"Georgia","Candler County",2,35,119,56,63
050,13,043,"Georgia","Candler County",2,36,106,52,54
050,13,043,"Georgia","Candler County",2,37,120,68,52
050,13,043,"Georgia","Candler County",2,38,132,68,64
050,13,043,"Georgia","Candler County",2,39,133,70,63
050,13,043,"Georgia","Candler County",2,40,122,64,58
050,13,043,"Georgia","Candler County",2,41,114,58,56
050,13,043,"Georgia","Candler County",2,42,110,55,55
050,13,043,"Georgia","Candler County",2,43,121,54,67
050,13,043,"Georgia","Candler County",2,44,132,65,67
050,13,043,"Georgia","Candler County",2,45,132,62,70
050,13,043,"Georgia","Candler County",2,46,142,67,75
050,13,043,"Georgia","Candler County",2,47,127,61,66
050,13,043,"Georgia","Candler County",2,48,134,59,75
050,13,043,"Georgia","Candler County",2,49,162,77,85
050,13,043,"Georgia","Candler County",2,50,148,76,72
050,13,043,"Georgia","Candler County",2,51,128,71,57
050,13,043,"Georgia","Candler County",2,52,120,64,56
050,13,043,"Georgia","Candler County",2,53,128,64,64
050,13,043,"Georgia","Candler County",2,54,142,66,76
050,13,043,"Georgia","Candler County",2,55,139,60,79
050,13,043,"Georgia","Candler County",2,56,142,58,84
050,13,043,"Georgia","Candler County",2,57,149,67,82
050,13,043,"Georgia","Candler County",2,58,144,74,70
050,13,043,"Georgia","Candler County",2,59,152,72,80
050,13,043,"Georgia","Candler County",2,60,147,70,77
050,13,043,"Georgia","Candler County",2,61,146,78,68
050,13,043,"Georgia","Candler County",2,62,128,63,65
050,13,043,"Georgia","Candler County",2,63,136,70,66
050,13,043,"Georgia","Candler County",2,64,132,66,66
050,13,043,"Georgia","Candler County",2,65,130,62,68
050,13,043,"Georgia","Candler County",2,66,142,64,78
050,13,043,"Georgia","Candler County",2,67,145,82,63
050,13,043,"Georgia","Candler County",2,68,143,86,57
050,13,043,"Georgia","Candler County",2,69,128,76,52
050,13,043,"Georgia","Candler County",2,70,106,56,50
050,13,043,"Georgia","Candler County",2,71,109,46,63
050,13,043,"Georgia","Candler County",2,72,123,49,74
050,13,043,"Georgia","Candler County",2,73,139,60,79
050,13,043,"Georgia","Candler County",2,74,95,41,54
050,13,043,"Georgia","Candler County",2,75,92,45,47
050,13,043,"Georgia","Candler County",2,76,87,44,43
050,13,043,"Georgia","Candler County",2,77,75,38,37
050,13,043,"Georgia","Candler County",2,78,72,32,40
050,13,043,"Georgia","Candler County",2,79,63,27,36
050,13,043,"Georgia","Candler County",2,80,53,21,32
050,13,043,"Georgia","Candler County",2,81,43,21,22
050,13,043,"Georgia","Candler County",2,82,35,12,23
050,13,043,"Georgia","Candler County",2,83,37,12,25
050,13,043,"Georgia","Candler County",2,84,39,13,26
050,13,043,"Georgia","Candler County",2,85,194,61,133
050,13,043,"Georgia","Candler County",3,0,135,57,78
050,13,043,"Georgia","Candler County",3,1,112,60,52
050,13,043,"Georgia","Candler County",3,2,139,77,62
050,13,043,"Georgia","Candler County",3,3,142,71,71
050,13,043,"Georgia","Candler County",3,4,151,80,71
050,13,043,"Georgia","Candler County",3,5,137,66,71
050,13,043,"Georgia","Candler County",3,6,156,76,80
050,13,043,"Georgia","Candler County",3,7,159,83,76
050,13,043,"Georgia","Candler County",3,8,167,89,78
050,13,043,"Georgia","Candler County",3,9,172,89,83
050,13,043,"Georgia","Candler County",3,10,159,75,84
050,13,043,"Georgia","Candler County",3,11,146,77,69
050,13,043,"Georgia","Candler County",3,12,164,84,80
050,13,043,"Georgia","Candler County",3,13,186,90,96
050,13,043,"Georgia","Candler County",3,14,191,94,97
050,13,043,"Georgia","Candler County",3,15,162,82,80
050,13,043,"Georgia","Candler County",3,16,183,95,88
050,13,043,"Georgia","Candler County",3,17,170,89,81
050,13,043,"Georgia","Candler County",3,18,139,79,60
050,13,043,"Georgia","Candler County",3,19,114,59,55
050,13,043,"Georgia","Candler County",3,20,122,58,64
050,13,043,"Georgia","Candler County",3,21,124,62,62
050,13,043,"Georgia","Candler County",3,22,126,63,63
050,13,043,"Georgia","Candler County",3,23,147,71,76
050,13,043,"Georgia","Candler County",3,24,114,64,50
050,13,043,"Georgia","Candler County",3,25,110,55,55
050,13,043,"Georgia","Candler County",3,26,125,60,65
050,13,043,"Georgia","Candler County",3,27,119,55,64
050,13,043,"Georgia","Candler County",3,28,125,56,69
050,13,043,"Georgia","Candler County",3,29,124,58,66
050,13,043,"Georgia","Candler County",3,30,126,61,65
050,13,043,"Georgia","Candler County",3,31,140,55,85
050,13,043,"Georgia","Candler County",3,32,127,52,75
050,13,043,"Georgia","Candler County",3,33,140,79,61
050,13,043,"Georgia","Candler County",3,34,142,63,79
050,13,043,"Georgia","Candler County",3,35,121,53,68
050,13,043,"Georgia","Candler County",3,36,117,51,66
050,13,043,"Georgia","Candler County",3,37,102,55,47
050,13,043,"Georgia","Candler County",3,38,131,71,60
050,13,043,"Georgia","Candler County",3,39,139,76,63
050,13,043,"Georgia","Candler County",3,40,137,70,67
050,13,043,"Georgia","Candler County",3,41,118,62,56
050,13,043,"Georgia","Candler County",3,42,111,56,55
050,13,043,"Georgia","Candler County",3,43,110,52,58
050,13,043,"Georgia","Candler County",3,44,110,48,62
050,13,043,"Georgia","Candler County",3,45,130,65,65
050,13,043,"Georgia","Candler County",3,46,129,54,75
050,13,043,"Georgia","Candler County",3,47,140,68,72
050,13,043,"Georgia","Candler County",3,48,125,60,65
050,13,043,"Georgia","Candler County",3,49,129,59,70
050,13,043,"Georgia","Candler County",3,50,159,76,83
050,13,043,"Georgia","Candler County",3,51,147,74,73
050,13,043,"Georgia","Candler County",3,52,135,76,59
050,13,043,"Georgia","Candler County",3,53,122,64,58
050,13,043,"Georgia","Candler County",3,54,123,64,59
050,13,043,"Georgia","Candler County",3,55,140,63,77
050,13,043,"Georgia","Candler County",3,56,137,60,77
050,13,043,"Georgia","Candler County",3,57,144,57,87
050,13,043,"Georgia","Candler County",3,58,155,73,82
050,13,043,"Georgia","Candler County",3,59,141,69,72
050,13,043,"Georgia","Candler County",3,60,143,69,74
050,13,043,"Georgia","Candler County",3,61,136,67,69
050,13,043,"Georgia","Candler County",3,62,138,71,67
050,13,043,"Georgia","Candler County",3,63,126,66,60
050,13,043,"Georgia","Candler County",3,64,137,70,67
050,13,043,"Georgia","Candler County",3,65,124,57,67
050,13,043,"Georgia","Candler County",3,66,127,60,67
050,13,043,"Georgia","Candler County",3,67,142,68,74
050,13,043,"Georgia","Candler County",3,68,143,77,66
050,13,043,"Georgia","Candler County",3,69,129,79,50
050,13,043,"Georgia","Candler County",3,70,116,66,50
050,13,043,"Georgia","Candler County",3,71,99,49,50
050,13,043,"Georgia","Candler County",3,72,104,45,59
050,13,043,"Georgia","Candler County",3,73,118,46,72
050,13,043,"Georgia","Candler County",3,74,132,52,80
050,13,043,"Georgia","Candler County",3,75,87,42,45
050,13,043,"Georgia","Candler County",3,76,89,43,46
050,13,043,"Georgia","Candler County",3,77,73,37,36
050,13,043,"Georgia","Candler County",3,78,74,36,38
050,13,043,"Georgia","Candler County",3,79,70,33,37
050,13,043,"Georgia","Candler County",3,80,57,22,35
050,13,043,"Georgia","Candler County",3,81,49,20,29
050,13,043,"Georgia","Candler County",3,82,40,18,22
050,13,043,"Georgia","Candler County",3,83,31,10,21
050,13,043,"Georgia","Candler County",3,84,36,11,25
050,13,043,"Georgia","Candler County",3,85,180,53,127
050,13,043,"Georgia","Candler County",4,0,146,73,73
050,13,043,"Georgia","Candler County",4,1,145,57,88
050,13,043,"Georgia","Candler County",4,2,129,61,68
050,13,043,"Georgia","Candler County",4,3,141,78,63
050,13,043,"Georgia","Candler County",4,4,140,68,72
050,13,043,"Georgia","Candler County",4,5,150,77,73
050,13,043,"Georgia","Candler County",4,6,149,74,75
050,13,043,"Georgia","Candler County",4,7,155,72,83
050,13,043,"Georgia","Candler County",4,8,169,83,86
050,13,043,"Georgia","Candler County",4,9,162,86,76
050,13,043,"Georgia","Candler County",4,10,180,97,83
050,13,043,"Georgia","Candler County",4,11,164,78,86
050,13,043,"Georgia","Candler County",4,12,165,88,77
050,13,043,"Georgia","Candler County",4,13,161,77,84
050,13,043,"Georgia","Candler County",4,14,194,94,100
050,13,043,"Georgia","Candler County",4,15,196,102,94
050,13,043,"Georgia","Candler County",4,16,164,82,82
050,13,043,"Georgia","Candler County",4,17,176,95,81
050,13,043,"Georgia","Candler County",4,18,151,85,66
050,13,043,"Georgia","Candler County",4,19,113,65,48
050,13,043,"Georgia","Candler County",4,20,109,57,52
050,13,043,"Georgia","Candler County",4,21,125,57,68
050,13,043,"Georgia","Candler County",4,22,122,59,63
050,13,043,"Georgia","Candler County",4,23,128,62,66
050,13,043,"Georgia","Candler County",4,24,136,66,70
050,13,043,"Georgia","Candler County",4,25,118,69,49
050,13,043,"Georgia","Candler County",4,26,109,57,52
050,13,043,"Georgia","Candler County",4,27,122,58,64
050,13,043,"Georgia","Candler County",4,28,129,55,74
050,13,043,"Georgia","Candler County",4,29,123,58,65
050,13,043,"Georgia","Candler County",4,30,127,57,70
050,13,043,"Georgia","Candler County",4,31,121,55,66
050,13,043,"Georgia","Candler County",4,32,141,56,85
050,13,043,"Georgia","Candler County",4,33,137,62,75
050,13,043,"Georgia","Candler County",4,34,150,85,65
050,13,043,"Georgia","Candler County",4,35,145,68,77
050,13,043,"Georgia","Candler County",4,36,122,50,72
050,13,043,"Georgia","Candler County",4,37,116,50,66
050,13,043,"Georgia","Candler County",4,38,99,56,43
050,13,043,"Georgia","Candler County",4,39,127,66,61
050,13,043,"Georgia","Candler County",4,40,143,73,70
050,13,043,"Georgia","Candler County",4,41,134,71,63
050,13,043,"Georgia","Candler County",4,42,119,63,56
050,13,043,"Georgia","Candler County",4,43,114,61,53
050,13,043,"Georgia","Candler County",4,44,102,51,51
050,13,043,"Georgia","Candler County",4,45,120,50,70
050,13,043,"Georgia","Candler County",4,46,122,57,65
050,13,043,"Georgia","Candler County",4,47,127,56,71
050,13,043,"Georgia","Candler County",4,48,151,70,81
050,13,043,"Georgia","Candler County",4,49,125,56,69
050,13,043,"Georgia","Candler County",4,50,128,61,67
050,13,043,"Georgia","Candler County",4,51,160,84,76
050,13,043,"Georgia","Candler County",4,52,147,77,70
050,13,043,"Georgia","Candler County",4,53,131,74,57
050,13,043,"Georgia","Candler County",4,54,124,63,61
050,13,043,"Georgia","Candler County",4,55,128,63,65
050,13,043,"Georgia","Candler County",4,56,134,60,74
050,13,043,"Georgia","Candler County",4,57,129,53,76
050,13,043,"Georgia","Candler County",4,58,143,59,84
050,13,043,"Georgia","Candler County",4,59,150,68,82
050,13,043,"Georgia","Candler County",4,60,147,75,72
050,13,043,"Georgia","Candler County",4,61,135,64,71
050,13,043,"Georgia","Candler County",4,62,129,62,67
050,13,043,"Georgia","Candler County",4,63,128,64,64
050,13,043,"Georgia","Candler County",4,64,128,70,58
050,13,043,"Georgia","Candler County",4,65,133,68,65
050,13,043,"Georgia","Candler County",4,66,121,53,68
050,13,043,"Georgia","Candler County",4,67,124,57,67
050,13,043,"Georgia","Candler County",4,68,141,67,74
050,13,043,"Georgia","Candler County",4,69,137,77,60
050,13,043,"Georgia","Candler County",4,70,117,71,46
050,13,043,"Georgia","Candler County",4,71,110,61,49
050,13,043,"Georgia","Candler County",4,72,93,48,45
050,13,043,"Georgia","Candler County",4,73,94,41,53
050,13,043,"Georgia","Candler County",4,74,112,39,73
050,13,043,"Georgia","Candler County",4,75,123,54,69
050,13,043,"Georgia","Candler County",4,76,80,40,40
050,13,043,"Georgia","Candler County",4,77,80,39,41
050,13,043,"Georgia","Candler County",4,78,71,32,39
050,13,043,"Georgia","Candler County",4,79,69,34,35
050,13,043,"Georgia","Candler County",4,80,58,25,33
050,13,043,"Georgia","Candler County",4,81,52,19,33
050,13,043,"Georgia","Candler County",4,82,47,19,28
050,13,043,"Georgia","Candler County",4,83,39,18,21
050,13,043,"Georgia","Candler County",4,84,28,9,19
050,13,043,"Georgia","Candler County",4,85,179,51,128
050,13,043,"Georgia","Candler County",5,0,144,72,72
050,13,043,"Georgia","Candler County",5,1,140,77,63
050,13,043,"Georgia","Candler County",5,2,145,55,90
050,13,043,"Georgia","Candler County",5,3,129,62,67
050,13,043,"Georgia","Candler County",5,4,148,81,67
050,13,043,"Georgia","Candler County",5,5,140,73,67
050,13,043,"Georgia","Candler County",5,6,158,82,76
050,13,043,"Georgia","Candler County",5,7,142,73,69
050,13,043,"Georgia","Candler County",5,8,166,80,86
050,13,043,"Georgia","Candler County",5,9,164,85,79
050,13,043,"Georgia","Candler County",5,10,172,93,79
050,13,043,"Georgia","Candler County",5,11,185,98,87
050,13,043,"Georgia","Candler County",5,12,175,87,88
050,13,043,"Georgia","Candler County",5,13,166,83,83
050,13,043,"Georgia","Candler County",5,14,168,83,85
050,13,043,"Georgia","Candler County",5,15,209,99,110
050,13,043,"Georgia","Candler County",5,16,198,97,101
050,13,043,"Georgia","Candler County",5,17,164,86,78
050,13,043,"Georgia","Candler County",5,18,149,87,62
050,13,043,"Georgia","Candler County",5,19,133,77,56
050,13,043,"Georgia","Candler County",5,20,130,72,58
050,13,043,"Georgia","Candler County",5,21,119,64,55
050,13,043,"Georgia","Candler County",5,22,138,58,80
050,13,043,"Georgia","Candler County",5,23,129,69,60
050,13,043,"Georgia","Candler County",5,24,120,54,66
050,13,043,"Georgia","Candler County",5,25,137,64,73
050,13,043,"Georgia","Candler County",5,26,125,72,53
050,13,043,"Georgia","Candler County",5,27,121,62,59
050,13,043,"Georgia","Candler County",5,28,128,59,69
050,13,043,"Georgia","Candler County",5,29,132,61,71
050,13,043,"Georgia","Candler County",5,30,125,65,60
050,13,043,"Georgia","Candler County",5,31,123,54,69
050,13,043,"Georgia","Candler County",5,32,138,62,76
050,13,043,"Georgia","Candler County",5,33,144,63,81
050,13,043,"Georgia","Candler County",5,34,143,64,79
050,13,043,"Georgia","Candler County",5,35,155,85,70
050,13,043,"Georgia","Candler County",5,36,148,67,81
050,13,043,"Georgia","Candler County",5,37,119,50,69
050,13,043,"Georgia","Candler County",5,38,117,52,65
050,13,043,"Georgia","Candler County",5,39,99,55,44
050,13,043,"Georgia","Candler County",5,40,131,62,69
050,13,043,"Georgia","Candler County",5,41,136,69,67
050,13,043,"Georgia","Candler County",5,42,138,67,71
050,13,043,"Georgia","Candler County",5,43,115,63,52
050,13,043,"Georgia","Candler County",5,44,103,52,51
050,13,043,"Georgia","Candler County",5,45,100,47,53
050,13,043,"Georgia","Candler County",5,46,118,48,70
050,13,043,"Georgia","Candler County",5,47,125,59,66
050,13,043,"Georgia","Candler County",5,48,135,60,75
050,13,043,"Georgia","Candler County",5,49,147,68,79
050,13,043,"Georgia","Candler County",5,50,116,54,62
050,13,043,"Georgia","Candler County",5,51,128,61,67
050,13,043,"Georgia","Candler County",5,52,161,82,79
050,13,043,"Georgia","Candler County",5,53,145,77,68
050,13,043,"Georgia","Candler County",5,54,129,72,57
050,13,043,"Georgia","Candler County",5,55,121,60,61
050,13,043,"Georgia","Candler County",5,56,125,65,60
050,13,043,"Georgia","Candler County",5,57,136,61,75
050,13,043,"Georgia","Candler County",5,58,135,60,75
050,13,043,"Georgia","Candler County",5,59,143,59,84
050,13,043,"Georgia","Candler County",5,60,145,66,79
050,13,043,"Georgia","Candler County",5,61,150,76,74
050,13,043,"Georgia","Candler County",5,62,129,58,71
050,13,043,"Georgia","Candler County",5,63,117,58,59
050,13,043,"Georgia","Candler County",5,64,125,64,61
050,13,043,"Georgia","Candler County",5,65,122,63,59
050,13,043,"Georgia","Candler County",5,66,137,69,68
050,13,043,"Georgia","Candler County",5,67,122,55,67
050,13,043,"Georgia","Candler County",5,68,124,57,67
050,13,043,"Georgia","Candler County",5,69,140,70,70
050,13,043,"Georgia","Candler County",5,70,122,67,55
050,13,043,"Georgia","Candler County",5,71,115,68,47
050,13,043,"Georgia","Candler County",5,72,106,59,47
050,13,043,"Georgia","Candler County",5,73,92,49,43
050,13,043,"Georgia","Candler County",5,74,87,32,55
050,13,043,"Georgia","Candler County",5,75,104,39,65
050,13,043,"Georgia","Candler County",5,76,120,51,69
050,13,043,"Georgia","Candler County",5,77,71,36,35
050,13,043,"Georgia","Candler County",5,78,77,36,41
050,13,043,"Georgia","Candler County",5,79,69,31,38
050,13,043,"Georgia","Candler County",5,80,63,28,35
050,13,043,"Georgia","Candler County",5,81,53,20,33
050,13,043,"Georgia","Candler County",5,82,48,16,32
050,13,043,"Georgia","Candler County",5,83,41,17,24
050,13,043,"Georgia","Candler County",5,84,36,17,19
050,13,043,"Georgia","Candler County",5,85,172,46,126
050,13,045,"Georgia","Carroll County",1,0,1492,766,726
050,13,045,"Georgia","Carroll County",1,1,1501,772,729
050,13,045,"Georgia","Carroll County",1,2,1495,747,748
050,13,045,"Georgia","Carroll County",1,3,1514,766,748
050,13,045,"Georgia","Carroll County",1,4,1602,832,770
050,13,045,"Georgia","Carroll County",1,5,1524,807,717
050,13,045,"Georgia","Carroll County",1,6,1473,771,702
050,13,045,"Georgia","Carroll County",1,7,1448,722,726
050,13,045,"Georgia","Carroll County",1,8,1535,793,742
050,13,045,"Georgia","Carroll County",1,9,1552,803,749
050,13,045,"Georgia","Carroll County",1,10,1561,839,722
050,13,045,"Georgia","Carroll County",1,11,1660,861,799
050,13,045,"Georgia","Carroll County",1,12,1766,910,856
050,13,045,"Georgia","Carroll County",1,13,1768,916,852
050,13,045,"Georgia","Carroll County",1,14,1653,855,798
050,13,045,"Georgia","Carroll County",1,15,1597,808,789
050,13,045,"Georgia","Carroll County",1,16,1658,854,804
050,13,045,"Georgia","Carroll County",1,17,1712,854,858
050,13,045,"Georgia","Carroll County",1,18,2094,1018,1076
050,13,045,"Georgia","Carroll County",1,19,2391,1088,1303
050,13,045,"Georgia","Carroll County",1,20,2090,1006,1084
050,13,045,"Georgia","Carroll County",1,21,2057,1052,1005
050,13,045,"Georgia","Carroll County",1,22,2118,1044,1074
050,13,045,"Georgia","Carroll County",1,23,2120,997,1123
050,13,045,"Georgia","Carroll County",1,24,1787,869,918
050,13,045,"Georgia","Carroll County",1,25,1645,770,875
050,13,045,"Georgia","Carroll County",1,26,1661,836,825
050,13,045,"Georgia","Carroll County",1,27,1644,827,817
050,13,045,"Georgia","Carroll County",1,28,1647,821,826
050,13,045,"Georgia","Carroll County",1,29,1633,783,850
050,13,045,"Georgia","Carroll County",1,30,1669,816,853
050,13,045,"Georgia","Carroll County",1,31,1601,769,832
050,13,045,"Georgia","Carroll County",1,32,1508,739,769
050,13,045,"Georgia","Carroll County",1,33,1446,730,716
050,13,045,"Georgia","Carroll County",1,34,1474,723,751
050,13,045,"Georgia","Carroll County",1,35,1507,744,763
050,13,045,"Georgia","Carroll County",1,36,1484,689,795
050,13,045,"Georgia","Carroll County",1,37,1536,745,791
050,13,045,"Georgia","Carroll County",1,38,1519,760,759
050,13,045,"Georgia","Carroll County",1,39,1474,717,757
050,13,045,"Georgia","Carroll County",1,40,1535,772,763
050,13,045,"Georgia","Carroll County",1,41,1424,701,723
050,13,045,"Georgia","Carroll County",1,42,1426,729,697
050,13,045,"Georgia","Carroll County",1,43,1386,679,707
050,13,045,"Georgia","Carroll County",1,44,1431,704,727
050,13,045,"Georgia","Carroll County",1,45,1371,688,683
050,13,045,"Georgia","Carroll County",1,46,1381,676,705
050,13,045,"Georgia","Carroll County",1,47,1487,728,759
050,13,045,"Georgia","Carroll County",1,48,1519,752,767
050,13,045,"Georgia","Carroll County",1,49,1633,796,837
050,13,045,"Georgia","Carroll County",1,50,1579,754,825
050,13,045,"Georgia","Carroll County",1,51,1481,708,773
050,13,045,"Georgia","Carroll County",1,52,1411,700,711
050,13,045,"Georgia","Carroll County",1,53,1408,701,707
050,13,045,"Georgia","Carroll County",1,54,1444,729,715
050,13,045,"Georgia","Carroll County",1,55,1536,746,790
050,13,045,"Georgia","Carroll County",1,56,1503,740,763
050,13,045,"Georgia","Carroll County",1,57,1483,730,753
050,13,045,"Georgia","Carroll County",1,58,1460,730,730
050,13,045,"Georgia","Carroll County",1,59,1429,705,724
050,13,045,"Georgia","Carroll County",1,60,1430,698,732
050,13,045,"Georgia","Carroll County",1,61,1409,696,713
050,13,045,"Georgia","Carroll County",1,62,1397,676,721
050,13,045,"Georgia","Carroll County",1,63,1322,630,692
050,13,045,"Georgia","Carroll County",1,64,1216,565,651
050,13,045,"Georgia","Carroll County",1,65,1195,566,629
050,13,045,"Georgia","Carroll County",1,66,1173,555,618
050,13,045,"Georgia","Carroll County",1,67,1092,506,586
050,13,045,"Georgia","Carroll County",1,68,1123,508,615
050,13,045,"Georgia","Carroll County",1,69,1008,452,556
050,13,045,"Georgia","Carroll County",1,70,965,456,509
050,13,045,"Georgia","Carroll County",1,71,929,419,510
050,13,045,"Georgia","Carroll County",1,72,986,453,533
050,13,045,"Georgia","Carroll County",1,73,958,436,522
050,13,045,"Georgia","Carroll County",1,74,673,310,363
050,13,045,"Georgia","Carroll County",1,75,656,294,362
050,13,045,"Georgia","Carroll County",1,76,668,291,377
050,13,045,"Georgia","Carroll County",1,77,652,292,360
050,13,045,"Georgia","Carroll County",1,78,541,244,297
050,13,045,"Georgia","Carroll County",1,79,498,240,258
050,13,045,"Georgia","Carroll County",1,80,446,198,248
050,13,045,"Georgia","Carroll County",1,81,442,187,255
050,13,045,"Georgia","Carroll County",1,82,371,162,209
050,13,045,"Georgia","Carroll County",1,83,333,152,181
050,13,045,"Georgia","Carroll County",1,84,292,117,175
050,13,045,"Georgia","Carroll County",1,85,1433,461,972
050,13,045,"Georgia","Carroll County",2,0,1527,780,747
050,13,045,"Georgia","Carroll County",2,1,1504,772,732
050,13,045,"Georgia","Carroll County",2,2,1500,755,745
050,13,045,"Georgia","Carroll County",2,3,1516,765,751
050,13,045,"Georgia","Carroll County",2,4,1592,823,769
050,13,045,"Georgia","Carroll County",2,5,1553,822,731
050,13,045,"Georgia","Carroll County",2,6,1489,781,708
050,13,045,"Georgia","Carroll County",2,7,1459,738,721
050,13,045,"Georgia","Carroll County",2,8,1514,775,739
050,13,045,"Georgia","Carroll County",2,9,1548,800,748
050,13,045,"Georgia","Carroll County",2,10,1562,829,733
050,13,045,"Georgia","Carroll County",2,11,1636,854,782
050,13,045,"Georgia","Carroll County",2,12,1752,905,847
050,13,045,"Georgia","Carroll County",2,13,1764,910,854
050,13,045,"Georgia","Carroll County",2,14,1684,866,818
050,13,045,"Georgia","Carroll County",2,15,1614,821,793
050,13,045,"Georgia","Carroll County",2,16,1647,842,805
050,13,045,"Georgia","Carroll County",2,17,1703,853,850
050,13,045,"Georgia","Carroll County",2,18,2089,1016,1073
050,13,045,"Georgia","Carroll County",2,19,2408,1093,1315
050,13,045,"Georgia","Carroll County",2,20,2117,1009,1108
050,13,045,"Georgia","Carroll County",2,21,2078,1064,1014
050,13,045,"Georgia","Carroll County",2,22,2127,1056,1071
050,13,045,"Georgia","Carroll County",2,23,2117,995,1122
050,13,045,"Georgia","Carroll County",2,24,1791,865,926
050,13,045,"Georgia","Carroll County",2,25,1654,782,872
050,13,045,"Georgia","Carroll County",2,26,1652,823,829
050,13,045,"Georgia","Carroll County",2,27,1642,828,814
050,13,045,"Georgia","Carroll County",2,28,1647,823,824
050,13,045,"Georgia","Carroll County",2,29,1643,795,848
050,13,045,"Georgia","Carroll County",2,30,1675,815,860
050,13,045,"Georgia","Carroll County",2,31,1610,773,837
050,13,045,"Georgia","Carroll County",2,32,1532,747,785
050,13,045,"Georgia","Carroll County",2,33,1466,736,730
050,13,045,"Georgia","Carroll County",2,34,1461,717,744
050,13,045,"Georgia","Carroll County",2,35,1517,749,768
050,13,045,"Georgia","Carroll County",2,36,1480,695,785
050,13,045,"Georgia","Carroll County",2,37,1524,734,790
050,13,045,"Georgia","Carroll County",2,38,1530,762,768
050,13,045,"Georgia","Carroll County",2,39,1479,726,753
050,13,045,"Georgia","Carroll County",2,40,1533,765,768
050,13,045,"Georgia","Carroll County",2,41,1447,719,728
050,13,045,"Georgia","Carroll County",2,42,1419,721,698
050,13,045,"Georgia","Carroll County",2,43,1405,696,709
050,13,045,"Georgia","Carroll County",2,44,1407,692,715
050,13,045,"Georgia","Carroll County",2,45,1394,695,699
050,13,045,"Georgia","Carroll County",2,46,1374,677,697
050,13,045,"Georgia","Carroll County",2,47,1461,718,743
050,13,045,"Georgia","Carroll County",2,48,1527,755,772
050,13,045,"Georgia","Carroll County",2,49,1620,790,830
050,13,045,"Georgia","Carroll County",2,50,1598,764,834
050,13,045,"Georgia","Carroll County",2,51,1502,718,784
050,13,045,"Georgia","Carroll County",2,52,1430,702,728
050,13,045,"Georgia","Carroll County",2,53,1417,706,711
050,13,045,"Georgia","Carroll County",2,54,1434,719,715
050,13,045,"Georgia","Carroll County",2,55,1515,738,777
050,13,045,"Georgia","Carroll County",2,56,1515,743,772
050,13,045,"Georgia","Carroll County",2,57,1486,732,754
050,13,045,"Georgia","Carroll County",2,58,1471,734,737
050,13,045,"Georgia","Carroll County",2,59,1437,710,727
050,13,045,"Georgia","Carroll County",2,60,1425,700,725
050,13,045,"Georgia","Carroll County",2,61,1404,690,714
050,13,045,"Georgia","Carroll County",2,62,1390,673,717
050,13,045,"Georgia","Carroll County",2,63,1347,643,704
050,13,045,"Georgia","Carroll County",2,64,1227,574,653
050,13,045,"Georgia","Carroll County",2,65,1195,561,634
050,13,045,"Georgia","Carroll County",2,66,1179,557,622
050,13,045,"Georgia","Carroll County",2,67,1105,511,594
050,13,045,"Georgia","Carroll County",2,68,1106,501,605
050,13,045,"Georgia","Carroll County",2,69,1037,462,575
050,13,045,"Georgia","Carroll County",2,70,970,453,517
050,13,045,"Georgia","Carroll County",2,71,935,426,509
050,13,045,"Georgia","Carroll County",2,72,952,436,516
050,13,045,"Georgia","Carroll County",2,73,1003,458,545
050,13,045,"Georgia","Carroll County",2,74,694,316,378
050,13,045,"Georgia","Carroll County",2,75,653,294,359
050,13,045,"Georgia","Carroll County",2,76,654,286,368
050,13,045,"Georgia","Carroll County",2,77,663,296,367
050,13,045,"Georgia","Carroll County",2,78,547,246,301
050,13,045,"Georgia","Carroll County",2,79,497,236,261
050,13,045,"Georgia","Carroll County",2,80,448,201,247
050,13,045,"Georgia","Carroll County",2,81,429,182,247
050,13,045,"Georgia","Carroll County",2,82,386,166,220
050,13,045,"Georgia","Carroll County",2,83,335,151,184
050,13,045,"Georgia","Carroll County",2,84,291,121,170
050,13,045,"Georgia","Carroll County",2,85,1431,470,961
050,13,045,"Georgia","Carroll County",3,0,1465,797,668
050,13,045,"Georgia","Carroll County",3,1,1533,784,749
050,13,045,"Georgia","Carroll County",3,2,1551,791,760
050,13,045,"Georgia","Carroll County",3,3,1538,782,756
050,13,045,"Georgia","Carroll County",3,4,1562,785,777
050,13,045,"Georgia","Carroll County",3,5,1608,835,773
050,13,045,"Georgia","Carroll County",3,6,1620,846,774
050,13,045,"Georgia","Carroll County",3,7,1566,817,749
050,13,045,"Georgia","Carroll County",3,8,1516,790,726
050,13,045,"Georgia","Carroll County",3,9,1572,804,768
050,13,045,"Georgia","Carroll County",3,10,1564,810,754
050,13,045,"Georgia","Carroll County",3,11,1631,876,755
050,13,045,"Georgia","Carroll County",3,12,1650,855,795
050,13,045,"Georgia","Carroll County",3,13,1775,910,865
050,13,045,"Georgia","Carroll County",3,14,1781,914,867
050,13,045,"Georgia","Carroll County",3,15,1718,882,836
050,13,045,"Georgia","Carroll County",3,16,1670,844,826
050,13,045,"Georgia","Carroll County",3,17,1685,852,833
050,13,045,"Georgia","Carroll County",3,18,2087,1042,1045
050,13,045,"Georgia","Carroll County",3,19,2441,1103,1338
050,13,045,"Georgia","Carroll County",3,20,2145,1013,1132
050,13,045,"Georgia","Carroll County",3,21,2178,1102,1076
050,13,045,"Georgia","Carroll County",3,22,2118,1072,1046
050,13,045,"Georgia","Carroll County",3,23,2118,1012,1106
050,13,045,"Georgia","Carroll County",3,24,1838,871,967
050,13,045,"Georgia","Carroll County",3,25,1692,791,901
050,13,045,"Georgia","Carroll County",3,26,1660,809,851
050,13,045,"Georgia","Carroll County",3,27,1630,812,818
050,13,045,"Georgia","Carroll County",3,28,1654,827,827
050,13,045,"Georgia","Carroll County",3,29,1651,808,843
050,13,045,"Georgia","Carroll County",3,30,1690,802,888
050,13,045,"Georgia","Carroll County",3,31,1664,789,875
050,13,045,"Georgia","Carroll County",3,32,1650,763,887
050,13,045,"Georgia","Carroll County",3,33,1588,770,818
050,13,045,"Georgia","Carroll County",3,34,1495,736,759
050,13,045,"Georgia","Carroll County",3,35,1501,741,760
050,13,045,"Georgia","Carroll County",3,36,1524,735,789
050,13,045,"Georgia","Carroll County",3,37,1487,704,783
050,13,045,"Georgia","Carroll County",3,38,1564,744,820
050,13,045,"Georgia","Carroll County",3,39,1569,778,791
050,13,045,"Georgia","Carroll County",3,40,1477,719,758
050,13,045,"Georgia","Carroll County",3,41,1536,753,783
050,13,045,"Georgia","Carroll County",3,42,1492,737,755
050,13,045,"Georgia","Carroll County",3,43,1403,699,704
050,13,045,"Georgia","Carroll County",3,44,1425,711,714
050,13,045,"Georgia","Carroll County",3,45,1434,712,722
050,13,045,"Georgia","Carroll County",3,46,1415,715,700
050,13,045,"Georgia","Carroll County",3,47,1373,668,705
050,13,045,"Georgia","Carroll County",3,48,1478,720,758
050,13,045,"Georgia","Carroll County",3,49,1532,759,773
050,13,045,"Georgia","Carroll County",3,50,1636,799,837
050,13,045,"Georgia","Carroll County",3,51,1643,775,868
050,13,045,"Georgia","Carroll County",3,52,1555,735,820
050,13,045,"Georgia","Carroll County",3,53,1451,713,738
050,13,045,"Georgia","Carroll County",3,54,1437,703,734
050,13,045,"Georgia","Carroll County",3,55,1439,707,732
050,13,045,"Georgia","Carroll County",3,56,1537,753,784
050,13,045,"Georgia","Carroll County",3,57,1525,736,789
050,13,045,"Georgia","Carroll County",3,58,1520,745,775
050,13,045,"Georgia","Carroll County",3,59,1461,734,727
050,13,045,"Georgia","Carroll County",3,60,1431,705,726
050,13,045,"Georgia","Carroll County",3,61,1418,698,720
050,13,045,"Georgia","Carroll County",3,62,1397,681,716
050,13,045,"Georgia","Carroll County",3,63,1361,652,709
050,13,045,"Georgia","Carroll County",3,64,1351,645,706
050,13,045,"Georgia","Carroll County",3,65,1214,568,646
050,13,045,"Georgia","Carroll County",3,66,1179,561,618
050,13,045,"Georgia","Carroll County",3,67,1154,546,608
050,13,045,"Georgia","Carroll County",3,68,1114,517,597
050,13,045,"Georgia","Carroll County",3,69,1078,486,592
050,13,045,"Georgia","Carroll County",3,70,1022,460,562
050,13,045,"Georgia","Carroll County",3,71,934,430,504
050,13,045,"Georgia","Carroll County",3,72,902,403,499
050,13,045,"Georgia","Carroll County",3,73,928,417,511
050,13,045,"Georgia","Carroll County",3,74,974,438,536
050,13,045,"Georgia","Carroll County",3,75,657,305,352
050,13,045,"Georgia","Carroll County",3,76,641,275,366
050,13,045,"Georgia","Carroll County",3,77,613,260,353
050,13,045,"Georgia","Carroll County",3,78,636,284,352
050,13,045,"Georgia","Carroll County",3,79,518,234,284
050,13,045,"Georgia","Carroll County",3,80,467,215,252
050,13,045,"Georgia","Carroll County",3,81,420,189,231
050,13,045,"Georgia","Carroll County",3,82,388,162,226
050,13,045,"Georgia","Carroll County",3,83,352,150,202
050,13,045,"Georgia","Carroll County",3,84,302,134,168
050,13,045,"Georgia","Carroll County",3,85,1426,465,961
050,13,045,"Georgia","Carroll County",4,0,1496,783,713
050,13,045,"Georgia","Carroll County",4,1,1520,831,689
050,13,045,"Georgia","Carroll County",4,2,1580,812,768
050,13,045,"Georgia","Carroll County",4,3,1579,816,763
050,13,045,"Georgia","Carroll County",4,4,1591,805,786
050,13,045,"Georgia","Carroll County",4,5,1619,824,795
050,13,045,"Georgia","Carroll County",4,6,1654,849,805
050,13,045,"Georgia","Carroll County",4,7,1680,886,794
050,13,045,"Georgia","Carroll County",4,8,1607,854,753
050,13,045,"Georgia","Carroll County",4,9,1560,809,751
050,13,045,"Georgia","Carroll County",4,10,1602,819,783
050,13,045,"Georgia","Carroll County",4,11,1611,830,781
050,13,045,"Georgia","Carroll County",4,12,1674,877,797
050,13,045,"Georgia","Carroll County",4,13,1694,874,820
050,13,045,"Georgia","Carroll County",4,14,1817,925,892
050,13,045,"Georgia","Carroll County",4,15,1821,944,877
050,13,045,"Georgia","Carroll County",4,16,1794,906,888
050,13,045,"Georgia","Carroll County",4,17,1771,913,858
050,13,045,"Georgia","Carroll County",4,18,2034,1017,1017
050,13,045,"Georgia","Carroll County",4,19,2349,1107,1242
050,13,045,"Georgia","Carroll County",4,20,2159,1019,1140
050,13,045,"Georgia","Carroll County",4,21,2175,1097,1078
050,13,045,"Georgia","Carroll County",4,22,2264,1141,1123
050,13,045,"Georgia","Carroll County",4,23,2120,1044,1076
050,13,045,"Georgia","Carroll County",4,24,1883,916,967
050,13,045,"Georgia","Carroll County",4,25,1752,841,911
050,13,045,"Georgia","Carroll County",4,26,1694,816,878
050,13,045,"Georgia","Carroll County",4,27,1709,836,873
050,13,045,"Georgia","Carroll County",4,28,1663,842,821
050,13,045,"Georgia","Carroll County",4,29,1706,865,841
050,13,045,"Georgia","Carroll County",4,30,1682,851,831
050,13,045,"Georgia","Carroll County",4,31,1727,837,890
050,13,045,"Georgia","Carroll County",4,32,1730,835,895
050,13,045,"Georgia","Carroll County",4,33,1684,787,897
050,13,045,"Georgia","Carroll County",4,34,1640,774,866
050,13,045,"Georgia","Carroll County",4,35,1576,779,797
050,13,045,"Georgia","Carroll County",4,36,1537,739,798
050,13,045,"Georgia","Carroll County",4,37,1599,776,823
050,13,045,"Georgia","Carroll County",4,38,1531,719,812
050,13,045,"Georgia","Carroll County",4,39,1623,757,866
050,13,045,"Georgia","Carroll County",4,40,1596,791,805
050,13,045,"Georgia","Carroll County",4,41,1510,717,793
050,13,045,"Georgia","Carroll County",4,42,1621,818,803
050,13,045,"Georgia","Carroll County",4,43,1492,737,755
050,13,045,"Georgia","Carroll County",4,44,1446,726,720
050,13,045,"Georgia","Carroll County",4,45,1455,737,718
050,13,045,"Georgia","Carroll County",4,46,1476,738,738
050,13,045,"Georgia","Carroll County",4,47,1425,708,717
050,13,045,"Georgia","Carroll County",4,48,1422,690,732
050,13,045,"Georgia","Carroll County",4,49,1504,732,772
050,13,045,"Georgia","Carroll County",4,50,1565,774,791
050,13,045,"Georgia","Carroll County",4,51,1662,816,846
050,13,045,"Georgia","Carroll County",4,52,1628,762,866
050,13,045,"Georgia","Carroll County",4,53,1578,751,827
050,13,045,"Georgia","Carroll County",4,54,1480,717,763
050,13,045,"Georgia","Carroll County",4,55,1447,710,737
050,13,045,"Georgia","Carroll County",4,56,1454,710,744
050,13,045,"Georgia","Carroll County",4,57,1548,751,797
050,13,045,"Georgia","Carroll County",4,58,1548,742,806
050,13,045,"Georgia","Carroll County",4,59,1542,758,784
050,13,045,"Georgia","Carroll County",4,60,1496,748,748
050,13,045,"Georgia","Carroll County",4,61,1465,726,739
050,13,045,"Georgia","Carroll County",4,62,1389,676,713
050,13,045,"Georgia","Carroll County",4,63,1393,664,729
050,13,045,"Georgia","Carroll County",4,64,1340,634,706
050,13,045,"Georgia","Carroll County",4,65,1348,650,698
050,13,045,"Georgia","Carroll County",4,66,1201,558,643
050,13,045,"Georgia","Carroll County",4,67,1155,541,614
050,13,045,"Georgia","Carroll County",4,68,1138,539,599
050,13,045,"Georgia","Carroll County",4,69,1086,502,584
050,13,045,"Georgia","Carroll County",4,70,1056,475,581
050,13,045,"Georgia","Carroll County",4,71,999,445,554
050,13,045,"Georgia","Carroll County",4,72,916,432,484
050,13,045,"Georgia","Carroll County",4,73,886,387,499
050,13,045,"Georgia","Carroll County",4,74,908,412,496
050,13,045,"Georgia","Carroll County",4,75,937,425,512
050,13,045,"Georgia","Carroll County",4,76,645,287,358
050,13,045,"Georgia","Carroll County",4,77,614,252,362
050,13,045,"Georgia","Carroll County",4,78,584,243,341
050,13,045,"Georgia","Carroll County",4,79,606,275,331
050,13,045,"Georgia","Carroll County",4,80,490,209,281
050,13,045,"Georgia","Carroll County",4,81,432,191,241
050,13,045,"Georgia","Carroll County",4,82,388,172,216
050,13,045,"Georgia","Carroll County",4,83,359,149,210
050,13,045,"Georgia","Carroll County",4,84,310,127,183
050,13,045,"Georgia","Carroll County",4,85,1483,502,981
050,13,045,"Georgia","Carroll County",5,0,1546,804,742
050,13,045,"Georgia","Carroll County",5,1,1496,763,733
050,13,045,"Georgia","Carroll County",5,2,1550,845,705
050,13,045,"Georgia","Carroll County",5,3,1603,824,779
050,13,045,"Georgia","Carroll County",5,4,1603,831,772
050,13,045,"Georgia","Carroll County",5,5,1607,808,799
050,13,045,"Georgia","Carroll County",5,6,1669,849,820
050,13,045,"Georgia","Carroll County",5,7,1671,844,827
050,13,045,"Georgia","Carroll County",5,8,1674,873,801
050,13,045,"Georgia","Carroll County",5,9,1647,886,761
050,13,045,"Georgia","Carroll County",5,10,1595,823,772
050,13,045,"Georgia","Carroll County",5,11,1673,847,826
050,13,045,"Georgia","Carroll County",5,12,1668,866,802
050,13,045,"Georgia","Carroll County",5,13,1745,905,840
050,13,045,"Georgia","Carroll County",5,14,1726,895,831
050,13,045,"Georgia","Carroll County",5,15,1880,946,934
050,13,045,"Georgia","Carroll County",5,16,1899,961,938
050,13,045,"Georgia","Carroll County",5,17,1862,928,934
050,13,045,"Georgia","Carroll County",5,18,2153,1103,1050
050,13,045,"Georgia","Carroll County",5,19,2325,1091,1234
050,13,045,"Georgia","Carroll County",5,20,2141,1049,1092
050,13,045,"Georgia","Carroll County",5,21,2197,1118,1079
050,13,045,"Georgia","Carroll County",5,22,2269,1128,1141
050,13,045,"Georgia","Carroll County",5,23,2276,1086,1190
050,13,045,"Georgia","Carroll County",5,24,1860,956,904
050,13,045,"Georgia","Carroll County",5,25,1770,853,917
050,13,045,"Georgia","Carroll County",5,26,1715,853,862
050,13,045,"Georgia","Carroll County",5,27,1714,827,887
050,13,045,"Georgia","Carroll County",5,28,1700,812,888
050,13,045,"Georgia","Carroll County",5,29,1681,840,841
050,13,045,"Georgia","Carroll County",5,30,1728,864,864
050,13,045,"Georgia","Carroll County",5,31,1707,841,866
050,13,045,"Georgia","Carroll County",5,32,1766,861,905
050,13,045,"Georgia","Carroll County",5,33,1761,846,915
050,13,045,"Georgia","Carroll County",5,34,1705,796,909
050,13,045,"Georgia","Carroll County",5,35,1698,804,894
050,13,045,"Georgia","Carroll County",5,36,1587,770,817
050,13,045,"Georgia","Carroll County",5,37,1562,751,811
050,13,045,"Georgia","Carroll County",5,38,1639,800,839
050,13,045,"Georgia","Carroll County",5,39,1580,746,834
050,13,045,"Georgia","Carroll County",5,40,1652,773,879
050,13,045,"Georgia","Carroll County",5,41,1619,788,831
050,13,045,"Georgia","Carroll County",5,42,1543,738,805
050,13,045,"Georgia","Carroll County",5,43,1647,809,838
050,13,045,"Georgia","Carroll County",5,44,1537,752,785
050,13,045,"Georgia","Carroll County",5,45,1482,747,735
050,13,045,"Georgia","Carroll County",5,46,1475,735,740
050,13,045,"Georgia","Carroll County",5,47,1506,748,758
050,13,045,"Georgia","Carroll County",5,48,1456,722,734
050,13,045,"Georgia","Carroll County",5,49,1421,684,737
050,13,045,"Georgia","Carroll County",5,50,1508,725,783
050,13,045,"Georgia","Carroll County",5,51,1562,777,785
050,13,045,"Georgia","Carroll County",5,52,1691,821,870
050,13,045,"Georgia","Carroll County",5,53,1631,766,865
050,13,045,"Georgia","Carroll County",5,54,1601,753,848
050,13,045,"Georgia","Carroll County",5,55,1499,723,776
050,13,045,"Georgia","Carroll County",5,56,1449,710,739
050,13,045,"Georgia","Carroll County",5,57,1460,715,745
050,13,045,"Georgia","Carroll County",5,58,1578,761,817
050,13,045,"Georgia","Carroll County",5,59,1558,746,812
050,13,045,"Georgia","Carroll County",5,60,1542,752,790
050,13,045,"Georgia","Carroll County",5,61,1501,750,751
050,13,045,"Georgia","Carroll County",5,62,1458,704,754
050,13,045,"Georgia","Carroll County",5,63,1364,657,707
050,13,045,"Georgia","Carroll County",5,64,1376,654,722
050,13,045,"Georgia","Carroll County",5,65,1331,636,695
050,13,045,"Georgia","Carroll County",5,66,1367,662,705
050,13,045,"Georgia","Carroll County",5,67,1189,543,646
050,13,045,"Georgia","Carroll County",5,68,1150,534,616
050,13,045,"Georgia","Carroll County",5,69,1141,535,606
050,13,045,"Georgia","Carroll County",5,70,1065,497,568
050,13,045,"Georgia","Carroll County",5,71,1015,459,556
050,13,045,"Georgia","Carroll County",5,72,979,434,545
050,13,045,"Georgia","Carroll County",5,73,897,419,478
050,13,045,"Georgia","Carroll County",5,74,883,387,496
050,13,045,"Georgia","Carroll County",5,75,871,399,472
050,13,045,"Georgia","Carroll County",5,76,926,412,514
050,13,045,"Georgia","Carroll County",5,77,617,269,348
050,13,045,"Georgia","Carroll County",5,78,590,240,350
050,13,045,"Georgia","Carroll County",5,79,573,238,335
050,13,045,"Georgia","Carroll County",5,80,573,249,324
050,13,045,"Georgia","Carroll County",5,81,470,197,273
050,13,045,"Georgia","Carroll County",5,82,409,181,228
050,13,045,"Georgia","Carroll County",5,83,368,160,208
050,13,045,"Georgia","Carroll County",5,84,328,130,198
050,13,045,"Georgia","Carroll County",5,85,1592,549,1043
050,13,047,"Georgia","Catoosa County",1,0,614,313,301
050,13,047,"Georgia","Catoosa County",1,1,665,344,321
050,13,047,"Georgia","Catoosa County",1,2,694,350,344
050,13,047,"Georgia","Catoosa County",1,3,770,387,383
050,13,047,"Georgia","Catoosa County",1,4,782,384,398
050,13,047,"Georgia","Catoosa County",1,5,798,415,383
050,13,047,"Georgia","Catoosa County",1,6,806,411,395
050,13,047,"Georgia","Catoosa County",1,7,817,423,394
050,13,047,"Georgia","Catoosa County",1,8,829,439,390
050,13,047,"Georgia","Catoosa County",1,9,850,433,417
050,13,047,"Georgia","Catoosa County",1,10,906,468,438
050,13,047,"Georgia","Catoosa County",1,11,918,484,434
050,13,047,"Georgia","Catoosa County",1,12,1016,527,489
050,13,047,"Georgia","Catoosa County",1,13,981,500,481
050,13,047,"Georgia","Catoosa County",1,14,973,508,465
050,13,047,"Georgia","Catoosa County",1,15,1025,546,479
050,13,047,"Georgia","Catoosa County",1,16,985,512,473
050,13,047,"Georgia","Catoosa County",1,17,999,520,479
050,13,047,"Georgia","Catoosa County",1,18,839,461,378
050,13,047,"Georgia","Catoosa County",1,19,653,359,294
050,13,047,"Georgia","Catoosa County",1,20,709,388,321
050,13,047,"Georgia","Catoosa County",1,21,708,384,324
050,13,047,"Georgia","Catoosa County",1,22,757,388,369
050,13,047,"Georgia","Catoosa County",1,23,750,384,366
050,13,047,"Georgia","Catoosa County",1,24,770,408,362
050,13,047,"Georgia","Catoosa County",1,25,776,391,385
050,13,047,"Georgia","Catoosa County",1,26,765,384,381
050,13,047,"Georgia","Catoosa County",1,27,770,372,398
050,13,047,"Georgia","Catoosa County",1,28,830,409,421
050,13,047,"Georgia","Catoosa County",1,29,805,390,415
050,13,047,"Georgia","Catoosa County",1,30,856,397,459
050,13,047,"Georgia","Catoosa County",1,31,888,421,467
050,13,047,"Georgia","Catoosa County",1,32,838,388,450
050,13,047,"Georgia","Catoosa County",1,33,847,407,440
050,13,047,"Georgia","Catoosa County",1,34,840,411,429
050,13,047,"Georgia","Catoosa County",1,35,851,422,429
050,13,047,"Georgia","Catoosa County",1,36,813,398,415
050,13,047,"Georgia","Catoosa County",1,37,810,388,422
050,13,047,"Georgia","Catoosa County",1,38,781,392,389
050,13,047,"Georgia","Catoosa County",1,39,865,416,449
050,13,047,"Georgia","Catoosa County",1,40,894,425,469
050,13,047,"Georgia","Catoosa County",1,41,858,409,449
050,13,047,"Georgia","Catoosa County",1,42,903,438,465
050,13,047,"Georgia","Catoosa County",1,43,884,421,463
050,13,047,"Georgia","Catoosa County",1,44,848,411,437
050,13,047,"Georgia","Catoosa County",1,45,881,438,443
050,13,047,"Georgia","Catoosa County",1,46,907,441,466
050,13,047,"Georgia","Catoosa County",1,47,916,442,474
050,13,047,"Georgia","Catoosa County",1,48,997,492,505
050,13,047,"Georgia","Catoosa County",1,49,1054,546,508
050,13,047,"Georgia","Catoosa County",1,50,945,478,467
050,13,047,"Georgia","Catoosa County",1,51,953,445,508
050,13,047,"Georgia","Catoosa County",1,52,922,448,474
050,13,047,"Georgia","Catoosa County",1,53,905,474,431
050,13,047,"Georgia","Catoosa County",1,54,911,443,468
050,13,047,"Georgia","Catoosa County",1,55,968,471,497
050,13,047,"Georgia","Catoosa County",1,56,911,437,474
050,13,047,"Georgia","Catoosa County",1,57,899,444,455
050,13,047,"Georgia","Catoosa County",1,58,964,460,504
050,13,047,"Georgia","Catoosa County",1,59,925,446,479
050,13,047,"Georgia","Catoosa County",1,60,904,422,482
050,13,047,"Georgia","Catoosa County",1,61,847,393,454
050,13,047,"Georgia","Catoosa County",1,62,850,401,449
050,13,047,"Georgia","Catoosa County",1,63,833,393,440
050,13,047,"Georgia","Catoosa County",1,64,880,414,466
050,13,047,"Georgia","Catoosa County",1,65,849,414,435
050,13,047,"Georgia","Catoosa County",1,66,811,387,424
050,13,047,"Georgia","Catoosa County",1,67,749,339,410
050,13,047,"Georgia","Catoosa County",1,68,708,312,396
050,13,047,"Georgia","Catoosa County",1,69,711,316,395
050,13,047,"Georgia","Catoosa County",1,70,729,323,406
050,13,047,"Georgia","Catoosa County",1,71,699,312,387
050,13,047,"Georgia","Catoosa County",1,72,711,306,405
050,13,047,"Georgia","Catoosa County",1,73,723,316,407
050,13,047,"Georgia","Catoosa County",1,74,493,217,276
050,13,047,"Georgia","Catoosa County",1,75,481,233,248
050,13,047,"Georgia","Catoosa County",1,76,539,246,293
050,13,047,"Georgia","Catoosa County",1,77,520,220,300
050,13,047,"Georgia","Catoosa County",1,78,435,169,266
050,13,047,"Georgia","Catoosa County",1,79,368,156,212
050,13,047,"Georgia","Catoosa County",1,80,333,147,186
050,13,047,"Georgia","Catoosa County",1,81,329,134,195
050,13,047,"Georgia","Catoosa County",1,82,306,123,183
050,13,047,"Georgia","Catoosa County",1,83,252,99,153
050,13,047,"Georgia","Catoosa County",1,84,246,105,141
050,13,047,"Georgia","Catoosa County",1,85,1174,440,734
050,13,047,"Georgia","Catoosa County",2,0,638,331,307
050,13,047,"Georgia","Catoosa County",2,1,657,341,316
050,13,047,"Georgia","Catoosa County",2,2,695,354,341
050,13,047,"Georgia","Catoosa County",2,3,753,377,376
050,13,047,"Georgia","Catoosa County",2,4,787,386,401
050,13,047,"Georgia","Catoosa County",2,5,799,408,391
050,13,047,"Georgia","Catoosa County",2,6,810,415,395
050,13,047,"Georgia","Catoosa County",2,7,812,423,389
050,13,047,"Georgia","Catoosa County",2,8,829,436,393
050,13,047,"Georgia","Catoosa County",2,9,847,434,413
050,13,047,"Georgia","Catoosa County",2,10,891,458,433
050,13,047,"Georgia","Catoosa County",2,11,918,481,437
050,13,047,"Georgia","Catoosa County",2,12,1002,519,483
050,13,047,"Georgia","Catoosa County",2,13,989,504,485
050,13,047,"Georgia","Catoosa County",2,14,977,507,470
050,13,047,"Georgia","Catoosa County",2,15,1012,536,476
050,13,047,"Georgia","Catoosa County",2,16,994,519,475
050,13,047,"Georgia","Catoosa County",2,17,1001,522,479
050,13,047,"Georgia","Catoosa County",2,18,836,458,378
050,13,047,"Georgia","Catoosa County",2,19,661,363,298
050,13,047,"Georgia","Catoosa County",2,20,712,388,324
050,13,047,"Georgia","Catoosa County",2,21,722,389,333
050,13,047,"Georgia","Catoosa County",2,22,760,392,368
050,13,047,"Georgia","Catoosa County",2,23,766,393,373
050,13,047,"Georgia","Catoosa County",2,24,768,400,368
050,13,047,"Georgia","Catoosa County",2,25,779,396,383
050,13,047,"Georgia","Catoosa County",2,26,769,384,385
050,13,047,"Georgia","Catoosa County",2,27,776,379,397
050,13,047,"Georgia","Catoosa County",2,28,814,399,415
050,13,047,"Georgia","Catoosa County",2,29,818,398,420
050,13,047,"Georgia","Catoosa County",2,30,860,403,457
050,13,047,"Georgia","Catoosa County",2,31,882,417,465
050,13,047,"Georgia","Catoosa County",2,32,853,398,455
050,13,047,"Georgia","Catoosa County",2,33,849,403,446
050,13,047,"Georgia","Catoosa County",2,34,849,414,435
050,13,047,"Georgia","Catoosa County",2,35,856,424,432
050,13,047,"Georgia","Catoosa County",2,36,814,400,414
050,13,047,"Georgia","Catoosa County",2,37,805,386,419
050,13,047,"Georgia","Catoosa County",2,38,793,390,403
050,13,047,"Georgia","Catoosa County",2,39,844,411,433
050,13,047,"Georgia","Catoosa County",2,40,896,428,468
050,13,047,"Georgia","Catoosa County",2,41,866,413,453
050,13,047,"Georgia","Catoosa County",2,42,882,426,456
050,13,047,"Georgia","Catoosa County",2,43,894,429,465
050,13,047,"Georgia","Catoosa County",2,44,846,412,434
050,13,047,"Georgia","Catoosa County",2,45,879,434,445
050,13,047,"Georgia","Catoosa County",2,46,895,436,459
050,13,047,"Georgia","Catoosa County",2,47,912,441,471
050,13,047,"Georgia","Catoosa County",2,48,980,483,497
050,13,047,"Georgia","Catoosa County",2,49,1051,541,510
050,13,047,"Georgia","Catoosa County",2,50,976,498,478
050,13,047,"Georgia","Catoosa County",2,51,947,452,495
050,13,047,"Georgia","Catoosa County",2,52,922,443,479
050,13,047,"Georgia","Catoosa County",2,53,907,466,441
050,13,047,"Georgia","Catoosa County",2,54,901,446,455
050,13,047,"Georgia","Catoosa County",2,55,954,462,492
050,13,047,"Georgia","Catoosa County",2,56,926,445,481
050,13,047,"Georgia","Catoosa County",2,57,908,446,462
050,13,047,"Georgia","Catoosa County",2,58,949,456,493
050,13,047,"Georgia","Catoosa County",2,59,941,452,489
050,13,047,"Georgia","Catoosa County",2,60,905,425,480
050,13,047,"Georgia","Catoosa County",2,61,859,397,462
050,13,047,"Georgia","Catoosa County",2,62,846,400,446
050,13,047,"Georgia","Catoosa County",2,63,849,401,448
050,13,047,"Georgia","Catoosa County",2,64,865,405,460
050,13,047,"Georgia","Catoosa County",2,65,859,413,446
050,13,047,"Georgia","Catoosa County",2,66,818,390,428
050,13,047,"Georgia","Catoosa County",2,67,759,348,411
050,13,047,"Georgia","Catoosa County",2,68,713,317,396
050,13,047,"Georgia","Catoosa County",2,69,713,316,397
050,13,047,"Georgia","Catoosa County",2,70,720,320,400
050,13,047,"Georgia","Catoosa County",2,71,701,310,391
050,13,047,"Georgia","Catoosa County",2,72,691,302,389
050,13,047,"Georgia","Catoosa County",2,73,750,327,423
050,13,047,"Georgia","Catoosa County",2,74,510,224,286
050,13,047,"Georgia","Catoosa County",2,75,482,228,254
050,13,047,"Georgia","Catoosa County",2,76,516,237,279
050,13,047,"Georgia","Catoosa County",2,77,534,231,303
050,13,047,"Georgia","Catoosa County",2,78,444,177,267
050,13,047,"Georgia","Catoosa County",2,79,380,158,222
050,13,047,"Georgia","Catoosa County",2,80,338,148,190
050,13,047,"Georgia","Catoosa County",2,81,323,135,188
050,13,047,"Georgia","Catoosa County",2,82,313,126,187
050,13,047,"Georgia","Catoosa County",2,83,259,103,156
050,13,047,"Georgia","Catoosa County",2,84,244,102,142
050,13,047,"Georgia","Catoosa County",2,85,1186,446,740
050,13,047,"Georgia","Catoosa County",3,0,687,374,313
050,13,047,"Georgia","Catoosa County",3,1,659,355,304
050,13,047,"Georgia","Catoosa County",3,2,703,361,342
050,13,047,"Georgia","Catoosa County",3,3,727,377,350
050,13,047,"Georgia","Catoosa County",3,4,768,385,383
050,13,047,"Georgia","Catoosa County",3,5,816,399,417
050,13,047,"Georgia","Catoosa County",3,6,824,429,395
050,13,047,"Georgia","Catoosa County",3,7,829,433,396
050,13,047,"Georgia","Catoosa County",3,8,830,415,415
050,13,047,"Georgia","Catoosa County",3,9,844,439,405
050,13,047,"Georgia","Catoosa County",3,10,858,430,428
050,13,047,"Georgia","Catoosa County",3,11,915,471,444
050,13,047,"Georgia","Catoosa County",3,12,923,491,432
050,13,047,"Georgia","Catoosa County",3,13,1002,535,467
050,13,047,"Georgia","Catoosa County",3,14,1030,525,505
050,13,047,"Georgia","Catoosa County",3,15,1003,516,487
050,13,047,"Georgia","Catoosa County",3,16,1018,547,471
050,13,047,"Georgia","Catoosa County",3,17,994,524,470
050,13,047,"Georgia","Catoosa County",3,18,861,469,392
050,13,047,"Georgia","Catoosa County",3,19,667,363,304
050,13,047,"Georgia","Catoosa County",3,20,696,372,324
050,13,047,"Georgia","Catoosa County",3,21,726,386,340
050,13,047,"Georgia","Catoosa County",3,22,765,398,367
050,13,047,"Georgia","Catoosa County",3,23,794,416,378
050,13,047,"Georgia","Catoosa County",3,24,773,386,387
050,13,047,"Georgia","Catoosa County",3,25,778,409,369
050,13,047,"Georgia","Catoosa County",3,26,791,406,385
050,13,047,"Georgia","Catoosa County",3,27,801,401,400
050,13,047,"Georgia","Catoosa County",3,28,797,389,408
050,13,047,"Georgia","Catoosa County",3,29,846,410,436
050,13,047,"Georgia","Catoosa County",3,30,845,409,436
050,13,047,"Georgia","Catoosa County",3,31,895,418,477
050,13,047,"Georgia","Catoosa County",3,32,903,420,483
050,13,047,"Georgia","Catoosa County",3,33,853,404,449
050,13,047,"Georgia","Catoosa County",3,34,842,397,445
050,13,047,"Georgia","Catoosa County",3,35,865,410,455
050,13,047,"Georgia","Catoosa County",3,36,886,435,451
050,13,047,"Georgia","Catoosa County",3,37,837,409,428
050,13,047,"Georgia","Catoosa County",3,38,797,382,415
050,13,047,"Georgia","Catoosa County",3,39,813,403,410
050,13,047,"Georgia","Catoosa County",3,40,861,421,440
050,13,047,"Georgia","Catoosa County",3,41,900,429,471
050,13,047,"Georgia","Catoosa County",3,42,855,415,440
050,13,047,"Georgia","Catoosa County",3,43,864,416,448
050,13,047,"Georgia","Catoosa County",3,44,897,436,461
050,13,047,"Georgia","Catoosa County",3,45,837,410,427
050,13,047,"Georgia","Catoosa County",3,46,881,437,444
050,13,047,"Georgia","Catoosa County",3,47,888,432,456
050,13,047,"Georgia","Catoosa County",3,48,884,425,459
050,13,047,"Georgia","Catoosa County",3,49,981,483,498
050,13,047,"Georgia","Catoosa County",3,50,1062,549,513
050,13,047,"Georgia","Catoosa County",3,51,983,503,480
050,13,047,"Georgia","Catoosa County",3,52,936,439,497
050,13,047,"Georgia","Catoosa County",3,53,909,432,477
050,13,047,"Georgia","Catoosa County",3,54,901,456,445
050,13,047,"Georgia","Catoosa County",3,55,889,432,457
050,13,047,"Georgia","Catoosa County",3,56,952,462,490
050,13,047,"Georgia","Catoosa County",3,57,944,457,487
050,13,047,"Georgia","Catoosa County",3,58,882,442,440
050,13,047,"Georgia","Catoosa County",3,59,934,447,487
050,13,047,"Georgia","Catoosa County",3,60,946,444,502
050,13,047,"Georgia","Catoosa County",3,61,895,414,481
050,13,047,"Georgia","Catoosa County",3,62,870,393,477
050,13,047,"Georgia","Catoosa County",3,63,844,401,443
050,13,047,"Georgia","Catoosa County",3,64,824,394,430
050,13,047,"Georgia","Catoosa County",3,65,853,399,454
050,13,047,"Georgia","Catoosa County",3,66,858,415,443
050,13,047,"Georgia","Catoosa County",3,67,804,386,418
050,13,047,"Georgia","Catoosa County",3,68,751,341,410
050,13,047,"Georgia","Catoosa County",3,69,710,313,397
050,13,047,"Georgia","Catoosa County",3,70,708,314,394
050,13,047,"Georgia","Catoosa County",3,71,712,318,394
050,13,047,"Georgia","Catoosa County",3,72,685,302,383
050,13,047,"Georgia","Catoosa County",3,73,672,295,377
050,13,047,"Georgia","Catoosa County",3,74,732,321,411
050,13,047,"Georgia","Catoosa County",3,75,499,216,283
050,13,047,"Georgia","Catoosa County",3,76,481,223,258
050,13,047,"Georgia","Catoosa County",3,77,490,224,266
050,13,047,"Georgia","Catoosa County",3,78,503,213,290
050,13,047,"Georgia","Catoosa County",3,79,416,169,247
050,13,047,"Georgia","Catoosa County",3,80,351,141,210
050,13,047,"Georgia","Catoosa County",3,81,300,127,173
050,13,047,"Georgia","Catoosa County",3,82,307,128,179
050,13,047,"Georgia","Catoosa County",3,83,282,113,169
050,13,047,"Georgia","Catoosa County",3,84,230,92,138
050,13,047,"Georgia","Catoosa County",3,85,1212,465,747
050,13,047,"Georgia","Catoosa County",4,0,728,389,339
050,13,047,"Georgia","Catoosa County",4,1,714,389,325
050,13,047,"Georgia","Catoosa County",4,2,705,388,317
050,13,047,"Georgia","Catoosa County",4,3,715,364,351
050,13,047,"Georgia","Catoosa County",4,4,736,379,357
050,13,047,"Georgia","Catoosa County",4,5,761,379,382
050,13,047,"Georgia","Catoosa County",4,6,844,408,436
050,13,047,"Georgia","Catoosa County",4,7,831,424,407
050,13,047,"Georgia","Catoosa County",4,8,844,438,406
050,13,047,"Georgia","Catoosa County",4,9,831,411,420
050,13,047,"Georgia","Catoosa County",4,10,845,431,414
050,13,047,"Georgia","Catoosa County",4,11,856,424,432
050,13,047,"Georgia","Catoosa County",4,12,934,486,448
050,13,047,"Georgia","Catoosa County",4,13,912,488,424
050,13,047,"Georgia","Catoosa County",4,14,998,535,463
050,13,047,"Georgia","Catoosa County",4,15,1010,525,485
050,13,047,"Georgia","Catoosa County",4,16,1015,521,494
050,13,047,"Georgia","Catoosa County",4,17,1022,548,474
050,13,047,"Georgia","Catoosa County",4,18,829,459,370
050,13,047,"Georgia","Catoosa County",4,19,671,372,299
050,13,047,"Georgia","Catoosa County",4,20,698,390,308
050,13,047,"Georgia","Catoosa County",4,21,719,385,334
050,13,047,"Georgia","Catoosa County",4,22,778,406,372
050,13,047,"Georgia","Catoosa County",4,23,807,419,388
050,13,047,"Georgia","Catoosa County",4,24,801,409,392
050,13,047,"Georgia","Catoosa County",4,25,804,403,401
050,13,047,"Georgia","Catoosa County",4,26,809,418,391
050,13,047,"Georgia","Catoosa County",4,27,819,417,402
050,13,047,"Georgia","Catoosa County",4,28,821,412,409
050,13,047,"Georgia","Catoosa County",4,29,808,393,415
050,13,047,"Georgia","Catoosa County",4,30,871,420,451
050,13,047,"Georgia","Catoosa County",4,31,879,427,452
050,13,047,"Georgia","Catoosa County",4,32,911,444,467
050,13,047,"Georgia","Catoosa County",4,33,934,448,486
050,13,047,"Georgia","Catoosa County",4,34,872,416,456
050,13,047,"Georgia","Catoosa County",4,35,839,396,443
050,13,047,"Georgia","Catoosa County",4,36,860,405,455
050,13,047,"Georgia","Catoosa County",4,37,903,458,445
050,13,047,"Georgia","Catoosa County",4,38,847,406,441
050,13,047,"Georgia","Catoosa County",4,39,825,394,431
050,13,047,"Georgia","Catoosa County",4,40,852,426,426
050,13,047,"Georgia","Catoosa County",4,41,870,421,449
050,13,047,"Georgia","Catoosa County",4,42,912,439,473
050,13,047,"Georgia","Catoosa County",4,43,877,426,451
050,13,047,"Georgia","Catoosa County",4,44,842,400,442
050,13,047,"Georgia","Catoosa County",4,45,890,436,454
050,13,047,"Georgia","Catoosa County",4,46,831,401,430
050,13,047,"Georgia","Catoosa County",4,47,887,449,438
050,13,047,"Georgia","Catoosa County",4,48,896,437,459
050,13,047,"Georgia","Catoosa County",4,49,876,420,456
050,13,047,"Georgia","Catoosa County",4,50,983,481,502
050,13,047,"Georgia","Catoosa County",4,51,1047,537,510
050,13,047,"Georgia","Catoosa County",4,52,977,498,479
050,13,047,"Georgia","Catoosa County",4,53,943,451,492
050,13,047,"Georgia","Catoosa County",4,54,919,441,478
050,13,047,"Georgia","Catoosa County",4,55,928,465,463
050,13,047,"Georgia","Catoosa County",4,56,885,424,461
050,13,047,"Georgia","Catoosa County",4,57,960,469,491
050,13,047,"Georgia","Catoosa County",4,58,920,452,468
050,13,047,"Georgia","Catoosa County",4,59,882,443,439
050,13,047,"Georgia","Catoosa County",4,60,925,442,483
050,13,047,"Georgia","Catoosa County",4,61,933,430,503
050,13,047,"Georgia","Catoosa County",4,62,917,427,490
050,13,047,"Georgia","Catoosa County",4,63,851,388,463
050,13,047,"Georgia","Catoosa County",4,64,828,386,442
050,13,047,"Georgia","Catoosa County",4,65,818,396,422
050,13,047,"Georgia","Catoosa County",4,66,855,393,462
050,13,047,"Georgia","Catoosa County",4,67,843,399,444
050,13,047,"Georgia","Catoosa County",4,68,792,385,407
050,13,047,"Georgia","Catoosa County",4,69,736,328,408
050,13,047,"Georgia","Catoosa County",4,70,695,306,389
050,13,047,"Georgia","Catoosa County",4,71,714,315,399
050,13,047,"Georgia","Catoosa County",4,72,687,309,378
050,13,047,"Georgia","Catoosa County",4,73,665,290,375
050,13,047,"Georgia","Catoosa County",4,74,655,288,367
050,13,047,"Georgia","Catoosa County",4,75,713,311,402
050,13,047,"Georgia","Catoosa County",4,76,486,203,283
050,13,047,"Georgia","Catoosa County",4,77,458,214,244
050,13,047,"Georgia","Catoosa County",4,78,479,213,266
050,13,047,"Georgia","Catoosa County",4,79,464,199,265
050,13,047,"Georgia","Catoosa County",4,80,380,150,230
050,13,047,"Georgia","Catoosa County",4,81,314,124,190
050,13,047,"Georgia","Catoosa County",4,82,280,116,164
050,13,047,"Georgia","Catoosa County",4,83,278,119,159
050,13,047,"Georgia","Catoosa County",4,84,254,101,153
050,13,047,"Georgia","Catoosa County",4,85,1233,485,748
050,13,047,"Georgia","Catoosa County",5,0,563,292,271
050,13,047,"Georgia","Catoosa County",5,1,745,401,344
050,13,047,"Georgia","Catoosa County",5,2,701,372,329
050,13,047,"Georgia","Catoosa County",5,3,732,400,332
050,13,047,"Georgia","Catoosa County",5,4,710,354,356
050,13,047,"Georgia","Catoosa County",5,5,754,396,358
050,13,047,"Georgia","Catoosa County",5,6,759,383,376
050,13,047,"Georgia","Catoosa County",5,7,856,409,447
050,13,047,"Georgia","Catoosa County",5,8,842,423,419
050,13,047,"Georgia","Catoosa County",5,9,835,432,403
050,13,047,"Georgia","Catoosa County",5,10,841,422,419
050,13,047,"Georgia","Catoosa County",5,11,861,443,418
050,13,047,"Georgia","Catoosa County",5,12,840,425,415
050,13,047,"Georgia","Catoosa County",5,13,933,477,456
050,13,047,"Georgia","Catoosa County",5,14,914,471,443
050,13,047,"Georgia","Catoosa County",5,15,992,540,452
050,13,047,"Georgia","Catoosa County",5,16,994,512,482
050,13,047,"Georgia","Catoosa County",5,17,1000,515,485
050,13,047,"Georgia","Catoosa County",5,18,857,468,389
050,13,047,"Georgia","Catoosa County",5,19,644,358,286
050,13,047,"Georgia","Catoosa County",5,20,723,394,329
050,13,047,"Georgia","Catoosa County",5,21,740,402,338
050,13,047,"Georgia","Catoosa County",5,22,760,402,358
050,13,047,"Georgia","Catoosa County",5,23,811,421,390
050,13,047,"Georgia","Catoosa County",5,24,825,424,401
050,13,047,"Georgia","Catoosa County",5,25,830,436,394
050,13,047,"Georgia","Catoosa County",5,26,811,396,415
050,13,047,"Georgia","Catoosa County",5,27,838,411,427
050,13,047,"Georgia","Catoosa County",5,28,796,396,400
050,13,047,"Georgia","Catoosa County",5,29,861,449,412
050,13,047,"Georgia","Catoosa County",5,30,839,404,435
050,13,047,"Georgia","Catoosa County",5,31,871,421,450
050,13,047,"Georgia","Catoosa County",5,32,882,429,453
050,13,047,"Georgia","Catoosa County",5,33,931,458,473
050,13,047,"Georgia","Catoosa County",5,34,951,460,491
050,13,047,"Georgia","Catoosa County",5,35,868,411,457
050,13,047,"Georgia","Catoosa County",5,36,847,399,448
050,13,047,"Georgia","Catoosa County",5,37,847,399,448
050,13,047,"Georgia","Catoosa County",5,38,894,454,440
050,13,047,"Georgia","Catoosa County",5,39,835,404,431
050,13,047,"Georgia","Catoosa County",5,40,843,407,436
050,13,047,"Georgia","Catoosa County",5,41,863,429,434
050,13,047,"Georgia","Catoosa County",5,42,887,436,451
050,13,047,"Georgia","Catoosa County",5,43,898,426,472
050,13,047,"Georgia","Catoosa County",5,44,879,429,450
050,13,047,"Georgia","Catoosa County",5,45,842,399,443
050,13,047,"Georgia","Catoosa County",5,46,869,429,440
050,13,047,"Georgia","Catoosa County",5,47,837,406,431
050,13,047,"Georgia","Catoosa County",5,48,897,455,442
050,13,047,"Georgia","Catoosa County",5,49,884,429,455
050,13,047,"Georgia","Catoosa County",5,50,886,428,458
050,13,047,"Georgia","Catoosa County",5,51,981,481,500
050,13,047,"Georgia","Catoosa County",5,52,1053,542,511
050,13,047,"Georgia","Catoosa County",5,53,981,506,475
050,13,047,"Georgia","Catoosa County",5,54,938,446,492
050,13,047,"Georgia","Catoosa County",5,55,905,432,473
050,13,047,"Georgia","Catoosa County",5,56,920,469,451
050,13,047,"Georgia","Catoosa County",5,57,870,416,454
050,13,047,"Georgia","Catoosa County",5,58,951,457,494
050,13,047,"Georgia","Catoosa County",5,59,918,448,470
050,13,047,"Georgia","Catoosa County",5,60,900,457,443
050,13,047,"Georgia","Catoosa County",5,61,915,439,476
050,13,047,"Georgia","Catoosa County",5,62,939,437,502
050,13,047,"Georgia","Catoosa County",5,63,920,426,494
050,13,047,"Georgia","Catoosa County",5,64,844,384,460
050,13,047,"Georgia","Catoosa County",5,65,819,373,446
050,13,047,"Georgia","Catoosa County",5,66,820,394,426
050,13,047,"Georgia","Catoosa County",5,67,843,385,458
050,13,047,"Georgia","Catoosa County",5,68,831,397,434
050,13,047,"Georgia","Catoosa County",5,69,780,378,402
050,13,047,"Georgia","Catoosa County",5,70,749,336,413
050,13,047,"Georgia","Catoosa County",5,71,700,304,396
050,13,047,"Georgia","Catoosa County",5,72,705,313,392
050,13,047,"Georgia","Catoosa County",5,73,676,305,371
050,13,047,"Georgia","Catoosa County",5,74,656,290,366
050,13,047,"Georgia","Catoosa County",5,75,635,282,353
050,13,047,"Georgia","Catoosa County",5,76,690,294,396
050,13,047,"Georgia","Catoosa County",5,77,470,197,273
050,13,047,"Georgia","Catoosa County",5,78,449,207,242
050,13,047,"Georgia","Catoosa County",5,79,448,199,249
050,13,047,"Georgia","Catoosa County",5,80,422,176,246
050,13,047,"Georgia","Catoosa County",5,81,346,139,207
050,13,047,"Georgia","Catoosa County",5,82,300,119,181
050,13,047,"Georgia","Catoosa County",5,83,251,106,145
050,13,047,"Georgia","Catoosa County",5,84,260,109,151
050,13,047,"Georgia","Catoosa County",5,85,1307,522,785
050,13,049,"Georgia","Charlton County",1,0,92,47,45
050,13,049,"Georgia","Charlton County",1,1,96,47,49
050,13,049,"Georgia","Charlton County",1,2,106,57,49
050,13,049,"Georgia","Charlton County",1,3,123,64,59
050,13,049,"Georgia","Charlton County",1,4,127,57,70
050,13,049,"Georgia","Charlton County",1,5,121,60,61
050,13,049,"Georgia","Charlton County",1,6,138,54,84
050,13,049,"Georgia","Charlton County",1,7,140,63,77
050,13,049,"Georgia","Charlton County",1,8,132,61,71
050,13,049,"Georgia","Charlton County",1,9,127,65,62
050,13,049,"Georgia","Charlton County",1,10,135,68,67
050,13,049,"Georgia","Charlton County",1,11,130,72,58
050,13,049,"Georgia","Charlton County",1,12,140,77,63
050,13,049,"Georgia","Charlton County",1,13,145,80,65
050,13,049,"Georgia","Charlton County",1,14,149,88,61
050,13,049,"Georgia","Charlton County",1,15,116,60,56
050,13,049,"Georgia","Charlton County",1,16,124,62,62
050,13,049,"Georgia","Charlton County",1,17,114,54,60
050,13,049,"Georgia","Charlton County",1,18,108,62,46
050,13,049,"Georgia","Charlton County",1,19,124,89,35
050,13,049,"Georgia","Charlton County",1,20,162,119,43
050,13,049,"Georgia","Charlton County",1,21,168,129,39
050,13,049,"Georgia","Charlton County",1,22,178,131,47
050,13,049,"Georgia","Charlton County",1,23,161,126,35
050,13,049,"Georgia","Charlton County",1,24,170,121,49
050,13,049,"Georgia","Charlton County",1,25,213,149,64
050,13,049,"Georgia","Charlton County",1,26,237,160,77
050,13,049,"Georgia","Charlton County",1,27,235,159,76
050,13,049,"Georgia","Charlton County",1,28,244,174,70
050,13,049,"Georgia","Charlton County",1,29,261,198,63
050,13,049,"Georgia","Charlton County",1,30,232,173,59
050,13,049,"Georgia","Charlton County",1,31,236,169,67
050,13,049,"Georgia","Charlton County",1,32,242,179,63
050,13,049,"Georgia","Charlton County",1,33,199,144,55
050,13,049,"Georgia","Charlton County",1,34,222,168,54
050,13,049,"Georgia","Charlton County",1,35,195,136,59
050,13,049,"Georgia","Charlton County",1,36,208,154,54
050,13,049,"Georgia","Charlton County",1,37,222,165,57
050,13,049,"Georgia","Charlton County",1,38,180,125,55
050,13,049,"Georgia","Charlton County",1,39,179,138,41
050,13,049,"Georgia","Charlton County",1,40,185,137,48
050,13,049,"Georgia","Charlton County",1,41,156,110,46
050,13,049,"Georgia","Charlton County",1,42,170,120,50
050,13,049,"Georgia","Charlton County",1,43,169,118,51
050,13,049,"Georgia","Charlton County",1,44,183,130,53
050,13,049,"Georgia","Charlton County",1,45,176,123,53
050,13,049,"Georgia","Charlton County",1,46,171,125,46
050,13,049,"Georgia","Charlton County",1,47,173,108,65
050,13,049,"Georgia","Charlton County",1,48,174,109,65
050,13,049,"Georgia","Charlton County",1,49,171,104,67
050,13,049,"Georgia","Charlton County",1,50,156,93,63
050,13,049,"Georgia","Charlton County",1,51,151,94,57
050,13,049,"Georgia","Charlton County",1,52,156,98,58
050,13,049,"Georgia","Charlton County",1,53,183,107,76
050,13,049,"Georgia","Charlton County",1,54,175,109,66
050,13,049,"Georgia","Charlton County",1,55,154,92,62
050,13,049,"Georgia","Charlton County",1,56,139,75,64
050,13,049,"Georgia","Charlton County",1,57,153,76,77
050,13,049,"Georgia","Charlton County",1,58,173,78,95
050,13,049,"Georgia","Charlton County",1,59,166,96,70
050,13,049,"Georgia","Charlton County",1,60,162,87,75
050,13,049,"Georgia","Charlton County",1,61,162,82,80
050,13,049,"Georgia","Charlton County",1,62,138,72,66
050,13,049,"Georgia","Charlton County",1,63,131,64,67
050,13,049,"Georgia","Charlton County",1,64,127,69,58
050,13,049,"Georgia","Charlton County",1,65,115,67,48
050,13,049,"Georgia","Charlton County",1,66,114,66,48
050,13,049,"Georgia","Charlton County",1,67,100,54,46
050,13,049,"Georgia","Charlton County",1,68,93,41,52
050,13,049,"Georgia","Charlton County",1,69,100,45,55
050,13,049,"Georgia","Charlton County",1,70,113,60,53
050,13,049,"Georgia","Charlton County",1,71,97,55,42
050,13,049,"Georgia","Charlton County",1,72,111,62,49
050,13,049,"Georgia","Charlton County",1,73,125,65,60
050,13,049,"Georgia","Charlton County",1,74,78,34,44
050,13,049,"Georgia","Charlton County",1,75,81,42,39
050,13,049,"Georgia","Charlton County",1,76,92,52,40
050,13,049,"Georgia","Charlton County",1,77,74,38,36
050,13,049,"Georgia","Charlton County",1,78,62,27,35
050,13,049,"Georgia","Charlton County",1,79,62,26,36
050,13,049,"Georgia","Charlton County",1,80,58,25,33
050,13,049,"Georgia","Charlton County",1,81,58,24,34
050,13,049,"Georgia","Charlton County",1,82,51,27,24
050,13,049,"Georgia","Charlton County",1,83,41,16,25
050,13,049,"Georgia","Charlton County",1,84,32,11,21
050,13,049,"Georgia","Charlton County",1,85,174,55,119
050,13,049,"Georgia","Charlton County",2,0,87,44,43
050,13,049,"Georgia","Charlton County",2,1,97,49,48
050,13,049,"Georgia","Charlton County",2,2,104,54,50
050,13,049,"Georgia","Charlton County",2,3,118,62,56
050,13,049,"Georgia","Charlton County",2,4,126,60,66
050,13,049,"Georgia","Charlton County",2,5,124,59,65
050,13,049,"Georgia","Charlton County",2,6,134,55,79
050,13,049,"Georgia","Charlton County",2,7,139,61,78
050,13,049,"Georgia","Charlton County",2,8,134,63,71
050,13,049,"Georgia","Charlton County",2,9,129,64,65
050,13,049,"Georgia","Charlton County",2,10,134,69,65
050,13,049,"Georgia","Charlton County",2,11,130,70,60
050,13,049,"Georgia","Charlton County",2,12,138,76,62
050,13,049,"Georgia","Charlton County",2,13,142,79,63
050,13,049,"Georgia","Charlton County",2,14,147,86,61
050,13,049,"Georgia","Charlton County",2,15,124,67,57
050,13,049,"Georgia","Charlton County",2,16,122,63,59
050,13,049,"Georgia","Charlton County",2,17,116,56,60
050,13,049,"Georgia","Charlton County",2,18,107,61,46
050,13,049,"Georgia","Charlton County",2,19,121,85,36
050,13,049,"Georgia","Charlton County",2,20,159,117,42
050,13,049,"Georgia","Charlton County",2,21,170,127,43
050,13,049,"Georgia","Charlton County",2,22,182,135,47
050,13,049,"Georgia","Charlton County",2,23,168,129,39
050,13,049,"Georgia","Charlton County",2,24,167,119,48
050,13,049,"Georgia","Charlton County",2,25,211,150,61
050,13,049,"Georgia","Charlton County",2,26,230,155,75
050,13,049,"Georgia","Charlton County",2,27,236,158,78
050,13,049,"Georgia","Charlton County",2,28,237,166,71
050,13,049,"Georgia","Charlton County",2,29,263,198,65
050,13,049,"Georgia","Charlton County",2,30,245,183,62
050,13,049,"Georgia","Charlton County",2,31,238,173,65
050,13,049,"Georgia","Charlton County",2,32,237,173,64
050,13,049,"Georgia","Charlton County",2,33,208,150,58
050,13,049,"Georgia","Charlton County",2,34,216,162,54
050,13,049,"Georgia","Charlton County",2,35,202,144,58
050,13,049,"Georgia","Charlton County",2,36,205,150,55
050,13,049,"Georgia","Charlton County",2,37,219,163,56
050,13,049,"Georgia","Charlton County",2,38,185,130,55
050,13,049,"Georgia","Charlton County",2,39,178,134,44
050,13,049,"Georgia","Charlton County",2,40,186,139,47
050,13,049,"Georgia","Charlton County",2,41,162,115,47
050,13,049,"Georgia","Charlton County",2,42,166,119,47
050,13,049,"Georgia","Charlton County",2,43,167,115,52
050,13,049,"Georgia","Charlton County",2,44,178,126,52
050,13,049,"Georgia","Charlton County",2,45,179,125,54
050,13,049,"Georgia","Charlton County",2,46,168,123,45
050,13,049,"Georgia","Charlton County",2,47,166,107,59
050,13,049,"Georgia","Charlton County",2,48,174,109,65
050,13,049,"Georgia","Charlton County",2,49,175,107,68
050,13,049,"Georgia","Charlton County",2,50,161,96,65
050,13,049,"Georgia","Charlton County",2,51,153,96,57
050,13,049,"Georgia","Charlton County",2,52,154,96,58
050,13,049,"Georgia","Charlton County",2,53,177,105,72
050,13,049,"Georgia","Charlton County",2,54,177,109,68
050,13,049,"Georgia","Charlton County",2,55,159,95,64
050,13,049,"Georgia","Charlton County",2,56,146,81,65
050,13,049,"Georgia","Charlton County",2,57,151,77,74
050,13,049,"Georgia","Charlton County",2,58,166,77,89
050,13,049,"Georgia","Charlton County",2,59,170,93,77
050,13,049,"Georgia","Charlton County",2,60,164,91,73
050,13,049,"Georgia","Charlton County",2,61,157,79,78
050,13,049,"Georgia","Charlton County",2,62,143,75,68
050,13,049,"Georgia","Charlton County",2,63,133,65,68
050,13,049,"Georgia","Charlton County",2,64,128,68,60
050,13,049,"Georgia","Charlton County",2,65,118,67,51
050,13,049,"Georgia","Charlton County",2,66,117,67,50
050,13,049,"Georgia","Charlton County",2,67,103,55,48
050,13,049,"Georgia","Charlton County",2,68,91,41,50
050,13,049,"Georgia","Charlton County",2,69,100,46,54
050,13,049,"Georgia","Charlton County",2,70,111,57,54
050,13,049,"Georgia","Charlton County",2,71,100,57,43
050,13,049,"Georgia","Charlton County",2,72,108,60,48
050,13,049,"Georgia","Charlton County",2,73,124,66,58
050,13,049,"Georgia","Charlton County",2,74,82,37,45
050,13,049,"Georgia","Charlton County",2,75,80,41,39
050,13,049,"Georgia","Charlton County",2,76,87,48,39
050,13,049,"Georgia","Charlton County",2,77,79,43,36
050,13,049,"Georgia","Charlton County",2,78,65,29,36
050,13,049,"Georgia","Charlton County",2,79,60,25,35
050,13,049,"Georgia","Charlton County",2,80,57,25,32
050,13,049,"Georgia","Charlton County",2,81,59,25,34
050,13,049,"Georgia","Charlton County",2,82,53,26,27
050,13,049,"Georgia","Charlton County",2,83,43,19,24
050,13,049,"Georgia","Charlton County",2,84,35,12,23
050,13,049,"Georgia","Charlton County",2,85,173,54,119
050,13,049,"Georgia","Charlton County",3,0,110,55,55
050,13,049,"Georgia","Charlton County",3,1,103,47,56
050,13,049,"Georgia","Charlton County",3,2,108,50,58
050,13,049,"Georgia","Charlton County",3,3,115,57,58
050,13,049,"Georgia","Charlton County",3,4,129,63,66
050,13,049,"Georgia","Charlton County",3,5,129,62,67
050,13,049,"Georgia","Charlton County",3,6,133,66,67
050,13,049,"Georgia","Charlton County",3,7,129,54,75
050,13,049,"Georgia","Charlton County",3,8,151,66,85
050,13,049,"Georgia","Charlton County",3,9,145,71,74
050,13,049,"Georgia","Charlton County",3,10,119,62,57
050,13,049,"Georgia","Charlton County",3,11,128,73,55
050,13,049,"Georgia","Charlton County",3,12,138,71,67
050,13,049,"Georgia","Charlton County",3,13,142,76,66
050,13,049,"Georgia","Charlton County",3,14,131,73,58
050,13,049,"Georgia","Charlton County",3,15,143,83,60
050,13,049,"Georgia","Charlton County",3,16,130,68,62
050,13,049,"Georgia","Charlton County",3,17,113,54,59
050,13,049,"Georgia","Charlton County",3,18,106,57,49
050,13,049,"Georgia","Charlton County",3,19,110,74,36
050,13,049,"Georgia","Charlton County",3,20,140,99,41
050,13,049,"Georgia","Charlton County",3,21,180,132,48
050,13,049,"Georgia","Charlton County",3,22,197,150,47
050,13,049,"Georgia","Charlton County",3,23,195,145,50
050,13,049,"Georgia","Charlton County",3,24,171,127,44
050,13,049,"Georgia","Charlton County",3,25,208,157,51
050,13,049,"Georgia","Charlton County",3,26,210,142,68
050,13,049,"Georgia","Charlton County",3,27,233,151,82
050,13,049,"Georgia","Charlton County",3,28,225,148,77
050,13,049,"Georgia","Charlton County",3,29,260,192,68
050,13,049,"Georgia","Charlton County",3,30,283,217,66
050,13,049,"Georgia","Charlton County",3,31,269,202,67
050,13,049,"Georgia","Charlton County",3,32,238,167,71
050,13,049,"Georgia","Charlton County",3,33,229,164,65
050,13,049,"Georgia","Charlton County",3,34,229,164,65
050,13,049,"Georgia","Charlton County",3,35,216,159,57
050,13,049,"Georgia","Charlton County",3,36,217,157,60
050,13,049,"Georgia","Charlton County",3,37,211,156,55
050,13,049,"Georgia","Charlton County",3,38,202,145,57
050,13,049,"Georgia","Charlton County",3,39,196,140,56
050,13,049,"Georgia","Charlton County",3,40,190,146,44
050,13,049,"Georgia","Charlton County",3,41,185,137,48
050,13,049,"Georgia","Charlton County",3,42,163,117,46
050,13,049,"Georgia","Charlton County",3,43,160,109,51
050,13,049,"Georgia","Charlton County",3,44,170,115,55
050,13,049,"Georgia","Charlton County",3,45,184,132,52
050,13,049,"Georgia","Charlton County",3,46,184,129,55
050,13,049,"Georgia","Charlton County",3,47,154,104,50
050,13,049,"Georgia","Charlton County",3,48,180,118,62
050,13,049,"Georgia","Charlton County",3,49,182,111,71
050,13,049,"Georgia","Charlton County",3,50,178,109,69
050,13,049,"Georgia","Charlton County",3,51,169,113,56
050,13,049,"Georgia","Charlton County",3,52,150,93,57
050,13,049,"Georgia","Charlton County",3,53,154,93,61
050,13,049,"Georgia","Charlton County",3,54,176,107,69
050,13,049,"Georgia","Charlton County",3,55,166,96,70
050,13,049,"Georgia","Charlton County",3,56,152,90,62
050,13,049,"Georgia","Charlton County",3,57,144,80,64
050,13,049,"Georgia","Charlton County",3,58,150,77,73
050,13,049,"Georgia","Charlton County",3,59,168,77,91
050,13,049,"Georgia","Charlton County",3,60,171,97,74
050,13,049,"Georgia","Charlton County",3,61,156,78,78
050,13,049,"Georgia","Charlton County",3,62,159,80,79
050,13,049,"Georgia","Charlton County",3,63,138,70,68
050,13,049,"Georgia","Charlton County",3,64,133,68,65
050,13,049,"Georgia","Charlton County",3,65,125,66,59
050,13,049,"Georgia","Charlton County",3,66,119,68,51
050,13,049,"Georgia","Charlton County",3,67,112,59,53
050,13,049,"Georgia","Charlton County",3,68,101,56,45
050,13,049,"Georgia","Charlton County",3,69,90,40,50
050,13,049,"Georgia","Charlton County",3,70,98,44,54
050,13,049,"Georgia","Charlton County",3,71,108,55,53
050,13,049,"Georgia","Charlton County",3,72,97,50,47
050,13,049,"Georgia","Charlton County",3,73,107,60,47
050,13,049,"Georgia","Charlton County",3,74,116,62,54
050,13,049,"Georgia","Charlton County",3,75,86,39,47
050,13,049,"Georgia","Charlton County",3,76,77,38,39
050,13,049,"Georgia","Charlton County",3,77,84,47,37
050,13,049,"Georgia","Charlton County",3,78,77,41,36
050,13,049,"Georgia","Charlton County",3,79,63,29,34
050,13,049,"Georgia","Charlton County",3,80,55,24,31
050,13,049,"Georgia","Charlton County",3,81,51,22,29
050,13,049,"Georgia","Charlton County",3,82,49,20,29
050,13,049,"Georgia","Charlton County",3,83,52,26,26
050,13,049,"Georgia","Charlton County",3,84,39,18,21
050,13,049,"Georgia","Charlton County",3,85,177,54,123
050,13,049,"Georgia","Charlton County",4,0,114,62,52
050,13,049,"Georgia","Charlton County",4,1,117,57,60
050,13,049,"Georgia","Charlton County",4,2,100,52,48
050,13,049,"Georgia","Charlton County",4,3,110,56,54
050,13,049,"Georgia","Charlton County",4,4,116,61,55
050,13,049,"Georgia","Charlton County",4,5,120,63,57
050,13,049,"Georgia","Charlton County",4,6,112,50,62
050,13,049,"Georgia","Charlton County",4,7,129,62,67
050,13,049,"Georgia","Charlton County",4,8,122,50,72
050,13,049,"Georgia","Charlton County",4,9,158,67,91
050,13,049,"Georgia","Charlton County",4,10,142,66,76
050,13,049,"Georgia","Charlton County",4,11,117,60,57
050,13,049,"Georgia","Charlton County",4,12,127,71,56
050,13,049,"Georgia","Charlton County",4,13,136,70,66
050,13,049,"Georgia","Charlton County",4,14,144,78,66
050,13,049,"Georgia","Charlton County",4,15,133,75,58
050,13,049,"Georgia","Charlton County",4,16,154,87,67
050,13,049,"Georgia","Charlton County",4,17,132,70,62
050,13,049,"Georgia","Charlton County",4,18,107,55,52
050,13,049,"Georgia","Charlton County",4,19,113,70,43
050,13,049,"Georgia","Charlton County",4,20,125,95,30
050,13,049,"Georgia","Charlton County",4,21,136,101,35
050,13,049,"Georgia","Charlton County",4,22,209,150,59
050,13,049,"Georgia","Charlton County",4,23,203,153,50
050,13,049,"Georgia","Charlton County",4,24,191,138,53
050,13,049,"Georgia","Charlton County",4,25,193,154,39
050,13,049,"Georgia","Charlton County",4,26,198,145,53
050,13,049,"Georgia","Charlton County",4,27,196,127,69
050,13,049,"Georgia","Charlton County",4,28,211,134,77
050,13,049,"Georgia","Charlton County",4,29,253,175,78
050,13,049,"Georgia","Charlton County",4,30,272,199,73
050,13,049,"Georgia","Charlton County",4,31,276,210,66
050,13,049,"Georgia","Charlton County",4,32,263,193,70
050,13,049,"Georgia","Charlton County",4,33,228,158,70
050,13,049,"Georgia","Charlton County",4,34,227,163,64
050,13,049,"Georgia","Charlton County",4,35,233,163,70
050,13,049,"Georgia","Charlton County",4,36,221,168,53
050,13,049,"Georgia","Charlton County",4,37,219,161,58
050,13,049,"Georgia","Charlton County",4,38,183,131,52
050,13,049,"Georgia","Charlton County",4,39,200,138,62
050,13,049,"Georgia","Charlton County",4,40,204,145,59
050,13,049,"Georgia","Charlton County",4,41,186,137,49
050,13,049,"Georgia","Charlton County",4,42,184,139,45
050,13,049,"Georgia","Charlton County",4,43,155,105,50
050,13,049,"Georgia","Charlton County",4,44,160,113,47
050,13,049,"Georgia","Charlton County",4,45,178,121,57
050,13,049,"Georgia","Charlton County",4,46,168,117,51
050,13,049,"Georgia","Charlton County",4,47,159,106,53
050,13,049,"Georgia","Charlton County",4,48,156,102,54
050,13,049,"Georgia","Charlton County",4,49,179,115,64
050,13,049,"Georgia","Charlton County",4,50,183,113,70
050,13,049,"Georgia","Charlton County",4,51,194,119,75
050,13,049,"Georgia","Charlton County",4,52,165,109,56
050,13,049,"Georgia","Charlton County",4,53,148,88,60
050,13,049,"Georgia","Charlton County",4,54,149,89,60
050,13,049,"Georgia","Charlton County",4,55,161,91,70
050,13,049,"Georgia","Charlton County",4,56,156,93,63
050,13,049,"Georgia","Charlton County",4,57,148,91,57
050,13,049,"Georgia","Charlton County",4,58,141,77,64
050,13,049,"Georgia","Charlton County",4,59,150,74,76
050,13,049,"Georgia","Charlton County",4,60,164,79,85
050,13,049,"Georgia","Charlton County",4,61,159,84,75
050,13,049,"Georgia","Charlton County",4,62,151,78,73
050,13,049,"Georgia","Charlton County",4,63,151,73,78
050,13,049,"Georgia","Charlton County",4,64,140,70,70
050,13,049,"Georgia","Charlton County",4,65,129,65,64
050,13,049,"Georgia","Charlton County",4,66,128,70,58
050,13,049,"Georgia","Charlton County",4,67,121,66,55
050,13,049,"Georgia","Charlton County",4,68,110,55,55
050,13,049,"Georgia","Charlton County",4,69,96,54,42
050,13,049,"Georgia","Charlton County",4,70,95,45,50
050,13,049,"Georgia","Charlton County",4,71,95,44,51
050,13,049,"Georgia","Charlton County",4,72,107,50,57
050,13,049,"Georgia","Charlton County",4,73,96,47,49
050,13,049,"Georgia","Charlton County",4,74,109,59,50
050,13,049,"Georgia","Charlton County",4,75,123,67,56
050,13,049,"Georgia","Charlton County",4,76,85,38,47
050,13,049,"Georgia","Charlton County",4,77,71,33,38
050,13,049,"Georgia","Charlton County",4,78,86,47,39
050,13,049,"Georgia","Charlton County",4,79,73,41,32
050,13,049,"Georgia","Charlton County",4,80,55,23,32
050,13,049,"Georgia","Charlton County",4,81,52,22,30
050,13,049,"Georgia","Charlton County",4,82,46,19,27
050,13,049,"Georgia","Charlton County",4,83,47,20,27
050,13,049,"Georgia","Charlton County",4,84,48,25,23
050,13,049,"Georgia","Charlton County",4,85,187,62,125
050,13,049,"Georgia","Charlton County",5,0,119,64,55
050,13,049,"Georgia","Charlton County",5,1,117,53,64
050,13,049,"Georgia","Charlton County",5,2,108,50,58
050,13,049,"Georgia","Charlton County",5,3,110,62,48
050,13,049,"Georgia","Charlton County",5,4,113,56,57
050,13,049,"Georgia","Charlton County",5,5,122,60,62
050,13,049,"Georgia","Charlton County",5,6,114,61,53
050,13,049,"Georgia","Charlton County",5,7,114,50,64
050,13,049,"Georgia","Charlton County",5,8,121,56,65
050,13,049,"Georgia","Charlton County",5,9,128,55,73
050,13,049,"Georgia","Charlton County",5,10,153,67,86
050,13,049,"Georgia","Charlton County",5,11,150,71,79
050,13,049,"Georgia","Charlton County",5,12,121,62,59
050,13,049,"Georgia","Charlton County",5,13,130,70,60
050,13,049,"Georgia","Charlton County",5,14,130,73,57
050,13,049,"Georgia","Charlton County",5,15,142,79,63
050,13,049,"Georgia","Charlton County",5,16,133,74,59
050,13,049,"Georgia","Charlton County",5,17,149,84,65
050,13,049,"Georgia","Charlton County",5,18,124,71,53
050,13,049,"Georgia","Charlton County",5,19,115,68,47
050,13,049,"Georgia","Charlton County",5,20,140,91,49
050,13,049,"Georgia","Charlton County",5,21,155,114,41
050,13,049,"Georgia","Charlton County",5,22,166,122,44
050,13,049,"Georgia","Charlton County",5,23,221,157,64
050,13,049,"Georgia","Charlton County",5,24,202,150,52
050,13,049,"Georgia","Charlton County",5,25,212,159,53
050,13,049,"Georgia","Charlton County",5,26,198,157,41
050,13,049,"Georgia","Charlton County",5,27,186,131,55
050,13,049,"Georgia","Charlton County",5,28,174,113,61
050,13,049,"Georgia","Charlton County",5,29,225,151,74
050,13,049,"Georgia","Charlton County",5,30,253,164,89
050,13,049,"Georgia","Charlton County",5,31,280,212,68
050,13,049,"Georgia","Charlton County",5,32,251,187,64
050,13,049,"Georgia","Charlton County",5,33,257,187,70
050,13,049,"Georgia","Charlton County",5,34,229,159,70
050,13,049,"Georgia","Charlton County",5,35,229,160,69
050,13,049,"Georgia","Charlton County",5,36,243,171,72
050,13,049,"Georgia","Charlton County",5,37,233,179,54
050,13,049,"Georgia","Charlton County",5,38,209,149,60
050,13,049,"Georgia","Charlton County",5,39,180,122,58
050,13,049,"Georgia","Charlton County",5,40,212,148,64
050,13,049,"Georgia","Charlton County",5,41,197,138,59
050,13,049,"Georgia","Charlton County",5,42,192,141,51
050,13,049,"Georgia","Charlton County",5,43,175,124,51
050,13,049,"Georgia","Charlton County",5,44,160,114,46
050,13,049,"Georgia","Charlton County",5,45,172,120,52
050,13,049,"Georgia","Charlton County",5,46,182,123,59
050,13,049,"Georgia","Charlton County",5,47,147,94,53
050,13,049,"Georgia","Charlton County",5,48,159,103,56
050,13,049,"Georgia","Charlton County",5,49,164,107,57
050,13,049,"Georgia","Charlton County",5,50,178,113,65
050,13,049,"Georgia","Charlton County",5,51,187,119,68
050,13,049,"Georgia","Charlton County",5,52,189,112,77
050,13,049,"Georgia","Charlton County",5,53,159,97,62
050,13,049,"Georgia","Charlton County",5,54,140,83,57
050,13,049,"Georgia","Charlton County",5,55,153,84,69
050,13,049,"Georgia","Charlton County",5,56,155,90,65
050,13,049,"Georgia","Charlton County",5,57,163,99,64
050,13,049,"Georgia","Charlton County",5,58,149,89,60
050,13,049,"Georgia","Charlton County",5,59,153,84,69
050,13,049,"Georgia","Charlton County",5,60,151,77,74
050,13,049,"Georgia","Charlton County",5,61,157,70,87
050,13,049,"Georgia","Charlton County",5,62,162,90,72
050,13,049,"Georgia","Charlton County",5,63,143,75,68
050,13,049,"Georgia","Charlton County",5,64,159,77,82
050,13,049,"Georgia","Charlton County",5,65,142,72,70
050,13,049,"Georgia","Charlton County",5,66,138,69,69
050,13,049,"Georgia","Charlton County",5,67,120,60,60
050,13,049,"Georgia","Charlton County",5,68,118,62,56
050,13,049,"Georgia","Charlton County",5,69,106,52,54
050,13,049,"Georgia","Charlton County",5,70,98,56,42
050,13,049,"Georgia","Charlton County",5,71,89,42,47
050,13,049,"Georgia","Charlton County",5,72,93,39,54
050,13,049,"Georgia","Charlton County",5,73,101,49,52
050,13,049,"Georgia","Charlton County",5,74,92,43,49
050,13,049,"Georgia","Charlton County",5,75,114,61,53
050,13,049,"Georgia","Charlton County",5,76,121,64,57
050,13,049,"Georgia","Charlton County",5,77,82,37,45
050,13,049,"Georgia","Charlton County",5,78,67,29,38
050,13,049,"Georgia","Charlton County",5,79,81,45,36
050,13,049,"Georgia","Charlton County",5,80,64,35,29
050,13,049,"Georgia","Charlton County",5,81,53,22,31
050,13,049,"Georgia","Charlton County",5,82,46,19,27
050,13,049,"Georgia","Charlton County",5,83,48,19,29
050,13,049,"Georgia","Charlton County",5,84,41,17,24
050,13,049,"Georgia","Charlton County",5,85,206,74,132
050,13,051,"Georgia","Chatham County",1,0,3590,1829,1761
050,13,051,"Georgia","Chatham County",1,1,3501,1819,1682
050,13,051,"Georgia","Chatham County",1,2,3492,1799,1693
050,13,051,"Georgia","Chatham County",1,3,3626,1883,1743
050,13,051,"Georgia","Chatham County",1,4,3731,1917,1814
050,13,051,"Georgia","Chatham County",1,5,3641,1880,1761
050,13,051,"Georgia","Chatham County",1,6,3518,1780,1738
050,13,051,"Georgia","Chatham County",1,7,3389,1758,1631
050,13,051,"Georgia","Chatham County",1,8,3328,1709,1619
050,13,051,"Georgia","Chatham County",1,9,3308,1664,1644
050,13,051,"Georgia","Chatham County",1,10,3382,1732,1650
050,13,051,"Georgia","Chatham County",1,11,3596,1864,1732
050,13,051,"Georgia","Chatham County",1,12,3659,1901,1758
050,13,051,"Georgia","Chatham County",1,13,3579,1816,1763
050,13,051,"Georgia","Chatham County",1,14,3459,1741,1718
050,13,051,"Georgia","Chatham County",1,15,3376,1684,1692
050,13,051,"Georgia","Chatham County",1,16,3409,1711,1698
050,13,051,"Georgia","Chatham County",1,17,3284,1623,1661
050,13,051,"Georgia","Chatham County",1,18,4087,1945,2142
050,13,051,"Georgia","Chatham County",1,19,5125,2406,2719
050,13,051,"Georgia","Chatham County",1,20,4677,2285,2392
050,13,051,"Georgia","Chatham County",1,21,4341,2082,2259
050,13,051,"Georgia","Chatham County",1,22,4260,2144,2116
050,13,051,"Georgia","Chatham County",1,23,4234,2133,2101
050,13,051,"Georgia","Chatham County",1,24,4425,2246,2179
050,13,051,"Georgia","Chatham County",1,25,4732,2382,2350
050,13,051,"Georgia","Chatham County",1,26,4931,2467,2464
050,13,051,"Georgia","Chatham County",1,27,4891,2403,2488
050,13,051,"Georgia","Chatham County",1,28,4804,2367,2437
050,13,051,"Georgia","Chatham County",1,29,4916,2422,2494
050,13,051,"Georgia","Chatham County",1,30,4827,2366,2461
050,13,051,"Georgia","Chatham County",1,31,4678,2307,2371
050,13,051,"Georgia","Chatham County",1,32,4491,2195,2296
050,13,051,"Georgia","Chatham County",1,33,4271,2139,2132
050,13,051,"Georgia","Chatham County",1,34,4271,2109,2162
050,13,051,"Georgia","Chatham County",1,35,4279,2145,2134
050,13,051,"Georgia","Chatham County",1,36,4061,2000,2061
050,13,051,"Georgia","Chatham County",1,37,4122,2037,2085
050,13,051,"Georgia","Chatham County",1,38,4029,2041,1988
050,13,051,"Georgia","Chatham County",1,39,3870,1908,1962
050,13,051,"Georgia","Chatham County",1,40,3806,1808,1998
050,13,051,"Georgia","Chatham County",1,41,3603,1704,1899
050,13,051,"Georgia","Chatham County",1,42,3527,1688,1839
050,13,051,"Georgia","Chatham County",1,43,3282,1536,1746
050,13,051,"Georgia","Chatham County",1,44,3157,1527,1630
050,13,051,"Georgia","Chatham County",1,45,3220,1590,1630
050,13,051,"Georgia","Chatham County",1,46,3225,1551,1674
050,13,051,"Georgia","Chatham County",1,47,3284,1570,1714
050,13,051,"Georgia","Chatham County",1,48,3426,1650,1776
050,13,051,"Georgia","Chatham County",1,49,3621,1700,1921
050,13,051,"Georgia","Chatham County",1,50,3438,1697,1741
050,13,051,"Georgia","Chatham County",1,51,3379,1648,1731
050,13,051,"Georgia","Chatham County",1,52,3284,1610,1674
050,13,051,"Georgia","Chatham County",1,53,3374,1634,1740
050,13,051,"Georgia","Chatham County",1,54,3465,1658,1807
050,13,051,"Georgia","Chatham County",1,55,3574,1678,1896
050,13,051,"Georgia","Chatham County",1,56,3667,1715,1952
050,13,051,"Georgia","Chatham County",1,57,3667,1696,1971
050,13,051,"Georgia","Chatham County",1,58,3710,1733,1977
050,13,051,"Georgia","Chatham County",1,59,3668,1732,1936
050,13,051,"Georgia","Chatham County",1,60,3591,1653,1938
050,13,051,"Georgia","Chatham County",1,61,3556,1622,1934
050,13,051,"Georgia","Chatham County",1,62,3602,1646,1956
050,13,051,"Georgia","Chatham County",1,63,3579,1623,1956
050,13,051,"Georgia","Chatham County",1,64,3529,1621,1908
050,13,051,"Georgia","Chatham County",1,65,3326,1539,1787
050,13,051,"Georgia","Chatham County",1,66,3213,1435,1778
050,13,051,"Georgia","Chatham County",1,67,3183,1417,1766
050,13,051,"Georgia","Chatham County",1,68,3095,1383,1712
050,13,051,"Georgia","Chatham County",1,69,2794,1253,1541
050,13,051,"Georgia","Chatham County",1,70,2818,1276,1542
050,13,051,"Georgia","Chatham County",1,71,2746,1245,1501
050,13,051,"Georgia","Chatham County",1,72,2736,1211,1525
050,13,051,"Georgia","Chatham County",1,73,2729,1270,1459
050,13,051,"Georgia","Chatham County",1,74,1914,850,1064
050,13,051,"Georgia","Chatham County",1,75,1866,834,1032
050,13,051,"Georgia","Chatham County",1,76,1843,819,1024
050,13,051,"Georgia","Chatham County",1,77,1776,810,966
050,13,051,"Georgia","Chatham County",1,78,1511,656,855
050,13,051,"Georgia","Chatham County",1,79,1327,577,750
050,13,051,"Georgia","Chatham County",1,80,1203,538,665
050,13,051,"Georgia","Chatham County",1,81,1091,466,625
050,13,051,"Georgia","Chatham County",1,82,997,429,568
050,13,051,"Georgia","Chatham County",1,83,945,394,551
050,13,051,"Georgia","Chatham County",1,84,874,358,516
050,13,051,"Georgia","Chatham County",1,85,4880,1714,3166
050,13,051,"Georgia","Chatham County",2,0,3521,1776,1745
050,13,051,"Georgia","Chatham County",2,1,3496,1815,1681
050,13,051,"Georgia","Chatham County",2,2,3478,1797,1681
050,13,051,"Georgia","Chatham County",2,3,3559,1846,1713
050,13,051,"Georgia","Chatham County",2,4,3688,1901,1787
050,13,051,"Georgia","Chatham County",2,5,3652,1883,1769
050,13,051,"Georgia","Chatham County",2,6,3528,1791,1737
050,13,051,"Georgia","Chatham County",2,7,3408,1751,1657
050,13,051,"Georgia","Chatham County",2,8,3327,1703,1624
050,13,051,"Georgia","Chatham County",2,9,3289,1662,1627
050,13,051,"Georgia","Chatham County",2,10,3346,1709,1637
050,13,051,"Georgia","Chatham County",2,11,3522,1821,1701
050,13,051,"Georgia","Chatham County",2,12,3642,1889,1753
050,13,051,"Georgia","Chatham County",2,13,3584,1831,1753
050,13,051,"Georgia","Chatham County",2,14,3479,1755,1724
050,13,051,"Georgia","Chatham County",2,15,3394,1703,1691
050,13,051,"Georgia","Chatham County",2,16,3405,1706,1699
050,13,051,"Georgia","Chatham County",2,17,3309,1643,1666
050,13,051,"Georgia","Chatham County",2,18,4083,1935,2148
050,13,051,"Georgia","Chatham County",2,19,5120,2401,2719
050,13,051,"Georgia","Chatham County",2,20,4702,2291,2411
050,13,051,"Georgia","Chatham County",2,21,4348,2104,2244
050,13,051,"Georgia","Chatham County",2,22,4268,2151,2117
050,13,051,"Georgia","Chatham County",2,23,4232,2114,2118
050,13,051,"Georgia","Chatham County",2,24,4361,2207,2154
050,13,051,"Georgia","Chatham County",2,25,4649,2350,2299
050,13,051,"Georgia","Chatham County",2,26,4868,2438,2430
050,13,051,"Georgia","Chatham County",2,27,4843,2380,2463
050,13,051,"Georgia","Chatham County",2,28,4807,2365,2442
050,13,051,"Georgia","Chatham County",2,29,4859,2396,2463
050,13,051,"Georgia","Chatham County",2,30,4838,2369,2469
050,13,051,"Georgia","Chatham County",2,31,4670,2294,2376
050,13,051,"Georgia","Chatham County",2,32,4491,2201,2290
050,13,051,"Georgia","Chatham County",2,33,4299,2135,2164
050,13,051,"Georgia","Chatham County",2,34,4234,2094,2140
050,13,051,"Georgia","Chatham County",2,35,4276,2140,2136
050,13,051,"Georgia","Chatham County",2,36,4059,2002,2057
050,13,051,"Georgia","Chatham County",2,37,4093,2016,2077
050,13,051,"Georgia","Chatham County",2,38,4040,2035,2005
050,13,051,"Georgia","Chatham County",2,39,3873,1917,1956
050,13,051,"Georgia","Chatham County",2,40,3833,1840,1993
050,13,051,"Georgia","Chatham County",2,41,3633,1710,1923
050,13,051,"Georgia","Chatham County",2,42,3511,1676,1835
050,13,051,"Georgia","Chatham County",2,43,3354,1578,1776
050,13,051,"Georgia","Chatham County",2,44,3155,1516,1639
050,13,051,"Georgia","Chatham County",2,45,3211,1575,1636
050,13,051,"Georgia","Chatham County",2,46,3213,1549,1664
050,13,051,"Georgia","Chatham County",2,47,3257,1557,1700
050,13,051,"Georgia","Chatham County",2,48,3393,1625,1768
050,13,051,"Georgia","Chatham County",2,49,3592,1698,1894
050,13,051,"Georgia","Chatham County",2,50,3485,1697,1788
050,13,051,"Georgia","Chatham County",2,51,3369,1641,1728
050,13,051,"Georgia","Chatham County",2,52,3310,1620,1690
050,13,051,"Georgia","Chatham County",2,53,3343,1622,1721
050,13,051,"Georgia","Chatham County",2,54,3440,1647,1793
050,13,051,"Georgia","Chatham County",2,55,3547,1672,1875
050,13,051,"Georgia","Chatham County",2,56,3653,1710,1943
050,13,051,"Georgia","Chatham County",2,57,3662,1697,1965
050,13,051,"Georgia","Chatham County",2,58,3694,1722,1972
050,13,051,"Georgia","Chatham County",2,59,3679,1732,1947
050,13,051,"Georgia","Chatham County",2,60,3602,1665,1937
050,13,051,"Georgia","Chatham County",2,61,3552,1619,1933
050,13,051,"Georgia","Chatham County",2,62,3582,1632,1950
050,13,051,"Georgia","Chatham County",2,63,3612,1635,1977
050,13,051,"Georgia","Chatham County",2,64,3519,1609,1910
050,13,051,"Georgia","Chatham County",2,65,3369,1560,1809
050,13,051,"Georgia","Chatham County",2,66,3235,1457,1778
050,13,051,"Georgia","Chatham County",2,67,3170,1414,1756
050,13,051,"Georgia","Chatham County",2,68,3081,1369,1712
050,13,051,"Georgia","Chatham County",2,69,2880,1286,1594
050,13,051,"Georgia","Chatham County",2,70,2805,1265,1540
050,13,051,"Georgia","Chatham County",2,71,2749,1244,1505
050,13,051,"Georgia","Chatham County",2,72,2691,1199,1492
050,13,051,"Georgia","Chatham County",2,73,2838,1304,1534
050,13,051,"Georgia","Chatham County",2,74,1979,891,1088
050,13,051,"Georgia","Chatham County",2,75,1871,832,1039
050,13,051,"Georgia","Chatham County",2,76,1819,812,1007
050,13,051,"Georgia","Chatham County",2,77,1812,818,994
050,13,051,"Georgia","Chatham County",2,78,1544,677,867
050,13,051,"Georgia","Chatham County",2,79,1348,587,761
050,13,051,"Georgia","Chatham County",2,80,1221,547,674
050,13,051,"Georgia","Chatham County",2,81,1096,469,627
050,13,051,"Georgia","Chatham County",2,82,1012,436,576
050,13,051,"Georgia","Chatham County",2,83,933,389,544
050,13,051,"Georgia","Chatham County",2,84,887,363,524
050,13,051,"Georgia","Chatham County",2,85,4908,1739,3169
050,13,051,"Georgia","Chatham County",3,0,3405,1724,1681
050,13,051,"Georgia","Chatham County",3,1,3441,1754,1687
050,13,051,"Georgia","Chatham County",3,2,3426,1744,1682
050,13,051,"Georgia","Chatham County",3,3,3451,1794,1657
050,13,051,"Georgia","Chatham County",3,4,3464,1796,1668
050,13,051,"Georgia","Chatham County",3,5,3590,1841,1749
050,13,051,"Georgia","Chatham County",3,6,3555,1847,1708
050,13,051,"Georgia","Chatham County",3,7,3442,1767,1675
050,13,051,"Georgia","Chatham County",3,8,3338,1719,1619
050,13,051,"Georgia","Chatham County",3,9,3266,1659,1607
050,13,051,"Georgia","Chatham County",3,10,3264,1672,1592
050,13,051,"Georgia","Chatham County",3,11,3314,1710,1604
050,13,051,"Georgia","Chatham County",3,12,3512,1803,1709
050,13,051,"Georgia","Chatham County",3,13,3660,1896,1764
050,13,051,"Georgia","Chatham County",3,14,3559,1840,1719
050,13,051,"Georgia","Chatham County",3,15,3474,1759,1715
050,13,051,"Georgia","Chatham County",3,16,3401,1695,1706
050,13,051,"Georgia","Chatham County",3,17,3412,1718,1694
050,13,051,"Georgia","Chatham County",3,18,4062,1905,2157
050,13,051,"Georgia","Chatham County",3,19,4906,2282,2624
050,13,051,"Georgia","Chatham County",3,20,4580,2239,2341
050,13,051,"Georgia","Chatham County",3,21,4394,2157,2237
050,13,051,"Georgia","Chatham County",3,22,4231,2122,2109
050,13,051,"Georgia","Chatham County",3,23,4287,2062,2225
050,13,051,"Georgia","Chatham County",3,24,4353,2119,2234
050,13,051,"Georgia","Chatham County",3,25,4438,2253,2185
050,13,051,"Georgia","Chatham County",3,26,4723,2382,2341
050,13,051,"Georgia","Chatham County",3,27,4746,2329,2417
050,13,051,"Georgia","Chatham County",3,28,4828,2359,2469
050,13,051,"Georgia","Chatham County",3,29,4817,2347,2470
050,13,051,"Georgia","Chatham County",3,30,4700,2311,2389
050,13,051,"Georgia","Chatham County",3,31,4851,2346,2505
050,13,051,"Georgia","Chatham County",3,32,4585,2255,2330
050,13,051,"Georgia","Chatham County",3,33,4442,2166,2276
050,13,051,"Georgia","Chatham County",3,34,4218,2103,2115
050,13,051,"Georgia","Chatham County",3,35,4226,2121,2105
050,13,051,"Georgia","Chatham County",3,36,4137,2065,2072
050,13,051,"Georgia","Chatham County",3,37,4021,1946,2075
050,13,051,"Georgia","Chatham County",3,38,4037,1965,2072
050,13,051,"Georgia","Chatham County",3,39,3967,1958,2009
050,13,051,"Georgia","Chatham County",3,40,3837,1862,1975
050,13,051,"Georgia","Chatham County",3,41,3788,1822,1966
050,13,051,"Georgia","Chatham County",3,42,3644,1714,1930
050,13,051,"Georgia","Chatham County",3,43,3514,1672,1842
050,13,051,"Georgia","Chatham County",3,44,3367,1575,1792
050,13,051,"Georgia","Chatham County",3,45,3164,1506,1658
050,13,051,"Georgia","Chatham County",3,46,3218,1574,1644
050,13,051,"Georgia","Chatham County",3,47,3177,1519,1658
050,13,051,"Georgia","Chatham County",3,48,3251,1558,1693
050,13,051,"Georgia","Chatham County",3,49,3434,1644,1790
050,13,051,"Georgia","Chatham County",3,50,3578,1680,1898
050,13,051,"Georgia","Chatham County",3,51,3479,1685,1794
050,13,051,"Georgia","Chatham County",3,52,3367,1627,1740
050,13,051,"Georgia","Chatham County",3,53,3308,1609,1699
050,13,051,"Georgia","Chatham County",3,54,3384,1646,1738
050,13,051,"Georgia","Chatham County",3,55,3462,1667,1795
050,13,051,"Georgia","Chatham County",3,56,3564,1674,1890
050,13,051,"Georgia","Chatham County",3,57,3611,1693,1918
050,13,051,"Georgia","Chatham County",3,58,3681,1697,1984
050,13,051,"Georgia","Chatham County",3,59,3697,1707,1990
050,13,051,"Georgia","Chatham County",3,60,3667,1714,1953
050,13,051,"Georgia","Chatham County",3,61,3581,1663,1918
050,13,051,"Georgia","Chatham County",3,62,3536,1611,1925
050,13,051,"Georgia","Chatham County",3,63,3528,1614,1914
050,13,051,"Georgia","Chatham County",3,64,3606,1612,1994
050,13,051,"Georgia","Chatham County",3,65,3457,1565,1892
050,13,051,"Georgia","Chatham County",3,66,3340,1520,1820
050,13,051,"Georgia","Chatham County",3,67,3212,1450,1762
050,13,051,"Georgia","Chatham County",3,68,3129,1378,1751
050,13,051,"Georgia","Chatham County",3,69,3001,1318,1683
050,13,051,"Georgia","Chatham County",3,70,2845,1277,1568
050,13,051,"Georgia","Chatham County",3,71,2734,1229,1505
050,13,051,"Georgia","Chatham County",3,72,2686,1210,1476
050,13,051,"Georgia","Chatham County",3,73,2631,1177,1454
050,13,051,"Georgia","Chatham County",3,74,2752,1259,1493
050,13,051,"Georgia","Chatham County",3,75,1907,858,1049
050,13,051,"Georgia","Chatham County",3,76,1800,798,1002
050,13,051,"Georgia","Chatham County",3,77,1756,769,987
050,13,051,"Georgia","Chatham County",3,78,1765,782,983
050,13,051,"Georgia","Chatham County",3,79,1474,646,828
050,13,051,"Georgia","Chatham County",3,80,1281,551,730
050,13,051,"Georgia","Chatham County",3,81,1135,495,640
050,13,051,"Georgia","Chatham County",3,82,1051,446,605
050,13,051,"Georgia","Chatham County",3,83,957,411,546
050,13,051,"Georgia","Chatham County",3,84,872,343,529
050,13,051,"Georgia","Chatham County",3,85,4939,1775,3164
050,13,051,"Georgia","Chatham County",4,0,3634,1815,1819
050,13,051,"Georgia","Chatham County",4,1,3393,1734,1659
050,13,051,"Georgia","Chatham County",4,2,3479,1780,1699
050,13,051,"Georgia","Chatham County",4,3,3410,1745,1665
050,13,051,"Georgia","Chatham County",4,4,3414,1762,1652
050,13,051,"Georgia","Chatham County",4,5,3450,1774,1676
050,13,051,"Georgia","Chatham County",4,6,3588,1818,1770
050,13,051,"Georgia","Chatham County",4,7,3538,1831,1707
050,13,051,"Georgia","Chatham County",4,8,3431,1777,1654
050,13,051,"Georgia","Chatham County",4,9,3396,1748,1648
050,13,051,"Georgia","Chatham County",4,10,3307,1701,1606
050,13,051,"Georgia","Chatham County",4,11,3335,1713,1622
050,13,051,"Georgia","Chatham County",4,12,3339,1736,1603
050,13,051,"Georgia","Chatham County",4,13,3496,1796,1700
050,13,051,"Georgia","Chatham County",4,14,3670,1896,1774
050,13,051,"Georgia","Chatham County",4,15,3595,1858,1737
050,13,051,"Georgia","Chatham County",4,16,3445,1754,1691
050,13,051,"Georgia","Chatham County",4,17,3424,1716,1708
050,13,051,"Georgia","Chatham County",4,18,4131,1979,2152
050,13,051,"Georgia","Chatham County",4,19,4919,2273,2646
050,13,051,"Georgia","Chatham County",4,20,4541,2185,2356
050,13,051,"Georgia","Chatham County",4,21,4481,2219,2262
050,13,051,"Georgia","Chatham County",4,22,4477,2275,2202
050,13,051,"Georgia","Chatham County",4,23,4450,2104,2346
050,13,051,"Georgia","Chatham County",4,24,4542,2177,2365
050,13,051,"Georgia","Chatham County",4,25,4634,2303,2331
050,13,051,"Georgia","Chatham County",4,26,4615,2308,2307
050,13,051,"Georgia","Chatham County",4,27,4704,2330,2374
050,13,051,"Georgia","Chatham County",4,28,4747,2336,2411
050,13,051,"Georgia","Chatham County",4,29,4925,2398,2527
050,13,051,"Georgia","Chatham County",4,30,4912,2379,2533
050,13,051,"Georgia","Chatham County",4,31,4845,2389,2456
050,13,051,"Georgia","Chatham County",4,32,4863,2329,2534
050,13,051,"Georgia","Chatham County",4,33,4616,2235,2381
050,13,051,"Georgia","Chatham County",4,34,4416,2187,2229
050,13,051,"Georgia","Chatham County",4,35,4229,2128,2101
050,13,051,"Georgia","Chatham County",4,36,4267,2147,2120
050,13,051,"Georgia","Chatham County",4,37,4167,2070,2097
050,13,051,"Georgia","Chatham County",4,38,4043,1950,2093
050,13,051,"Georgia","Chatham County",4,39,4014,1928,2086
050,13,051,"Georgia","Chatham County",4,40,4028,1989,2039
050,13,051,"Georgia","Chatham County",4,41,3854,1868,1986
050,13,051,"Georgia","Chatham County",4,42,3826,1842,1984
050,13,051,"Georgia","Chatham County",4,43,3704,1716,1988
050,13,051,"Georgia","Chatham County",4,44,3516,1648,1868
050,13,051,"Georgia","Chatham County",4,45,3444,1621,1823
050,13,051,"Georgia","Chatham County",4,46,3203,1507,1696
050,13,051,"Georgia","Chatham County",4,47,3256,1594,1662
050,13,051,"Georgia","Chatham County",4,48,3228,1551,1677
050,13,051,"Georgia","Chatham County",4,49,3357,1616,1741
050,13,051,"Georgia","Chatham County",4,50,3403,1635,1768
050,13,051,"Georgia","Chatham County",4,51,3618,1708,1910
050,13,051,"Georgia","Chatham County",4,52,3583,1719,1864
050,13,051,"Georgia","Chatham County",4,53,3371,1615,1756
050,13,051,"Georgia","Chatham County",4,54,3362,1648,1714
050,13,051,"Georgia","Chatham County",4,55,3372,1618,1754
050,13,051,"Georgia","Chatham County",4,56,3523,1697,1826
050,13,051,"Georgia","Chatham County",4,57,3566,1677,1889
050,13,051,"Georgia","Chatham County",4,58,3654,1713,1941
050,13,051,"Georgia","Chatham County",4,59,3680,1691,1989
050,13,051,"Georgia","Chatham County",4,60,3712,1701,2011
050,13,051,"Georgia","Chatham County",4,61,3715,1746,1969
050,13,051,"Georgia","Chatham County",4,62,3619,1654,1965
050,13,051,"Georgia","Chatham County",4,63,3520,1573,1947
050,13,051,"Georgia","Chatham County",4,64,3526,1619,1907
050,13,051,"Georgia","Chatham County",4,65,3602,1591,2011
050,13,051,"Georgia","Chatham County",4,66,3423,1530,1893
050,13,051,"Georgia","Chatham County",4,67,3329,1499,1830
050,13,051,"Georgia","Chatham County",4,68,3147,1404,1743
050,13,051,"Georgia","Chatham County",4,69,3063,1355,1708
050,13,051,"Georgia","Chatham County",4,70,2982,1308,1674
050,13,051,"Georgia","Chatham County",4,71,2791,1243,1548
050,13,051,"Georgia","Chatham County",4,72,2713,1214,1499
050,13,051,"Georgia","Chatham County",4,73,2615,1192,1423
050,13,051,"Georgia","Chatham County",4,74,2586,1144,1442
050,13,051,"Georgia","Chatham County",4,75,2671,1200,1471
050,13,051,"Georgia","Chatham County",4,76,1830,824,1006
050,13,051,"Georgia","Chatham County",4,77,1745,779,966
050,13,051,"Georgia","Chatham County",4,78,1699,723,976
050,13,051,"Georgia","Chatham County",4,79,1685,748,937
050,13,051,"Georgia","Chatham County",4,80,1399,617,782
050,13,051,"Georgia","Chatham County",4,81,1214,510,704
050,13,051,"Georgia","Chatham County",4,82,1079,466,613
050,13,051,"Georgia","Chatham County",4,83,998,416,582
050,13,051,"Georgia","Chatham County",4,84,904,371,533
050,13,051,"Georgia","Chatham County",4,85,5028,1824,3204
050,13,051,"Georgia","Chatham County",5,0,3671,1831,1840
050,13,051,"Georgia","Chatham County",5,1,3499,1689,1810
050,13,051,"Georgia","Chatham County",5,2,3265,1674,1591
050,13,051,"Georgia","Chatham County",5,3,3451,1758,1693
050,13,051,"Georgia","Chatham County",5,4,3309,1707,1602
050,13,051,"Georgia","Chatham County",5,5,3320,1699,1621
050,13,051,"Georgia","Chatham County",5,6,3429,1768,1661
050,13,051,"Georgia","Chatham County",5,7,3579,1827,1752
050,13,051,"Georgia","Chatham County",5,8,3467,1782,1685
050,13,051,"Georgia","Chatham County",5,9,3486,1794,1692
050,13,051,"Georgia","Chatham County",5,10,3379,1774,1605
050,13,051,"Georgia","Chatham County",5,11,3323,1729,1594
050,13,051,"Georgia","Chatham County",5,12,3310,1703,1607
050,13,051,"Georgia","Chatham County",5,13,3332,1718,1614
050,13,051,"Georgia","Chatham County",5,14,3458,1782,1676
050,13,051,"Georgia","Chatham County",5,15,3660,1888,1772
050,13,051,"Georgia","Chatham County",5,16,3605,1847,1758
050,13,051,"Georgia","Chatham County",5,17,3481,1772,1709
050,13,051,"Georgia","Chatham County",5,18,4155,1975,2180
050,13,051,"Georgia","Chatham County",5,19,4975,2353,2622
050,13,051,"Georgia","Chatham County",5,20,4536,2205,2331
050,13,051,"Georgia","Chatham County",5,21,4310,2077,2233
050,13,051,"Georgia","Chatham County",5,22,4490,2293,2197
050,13,051,"Georgia","Chatham County",5,23,4576,2268,2308
050,13,051,"Georgia","Chatham County",5,24,4613,2196,2417
050,13,051,"Georgia","Chatham County",5,25,4581,2210,2371
050,13,051,"Georgia","Chatham County",5,26,4725,2359,2366
050,13,051,"Georgia","Chatham County",5,27,4548,2240,2308
050,13,051,"Georgia","Chatham County",5,28,4618,2259,2359
050,13,051,"Georgia","Chatham County",5,29,4732,2368,2364
050,13,051,"Georgia","Chatham County",5,30,4926,2381,2545
050,13,051,"Georgia","Chatham County",5,31,4788,2309,2479
050,13,051,"Georgia","Chatham County",5,32,4770,2309,2461
050,13,051,"Georgia","Chatham County",5,33,4918,2365,2553
050,13,051,"Georgia","Chatham County",5,34,4572,2247,2325
050,13,051,"Georgia","Chatham County",5,35,4388,2205,2183
050,13,051,"Georgia","Chatham County",5,36,4236,2122,2114
050,13,051,"Georgia","Chatham County",5,37,4153,2068,2085
050,13,051,"Georgia","Chatham County",5,38,4133,2051,2082
050,13,051,"Georgia","Chatham County",5,39,4017,1915,2102
050,13,051,"Georgia","Chatham County",5,40,3940,1911,2029
050,13,051,"Georgia","Chatham County",5,41,3991,1968,2023
050,13,051,"Georgia","Chatham County",5,42,3910,1901,2009
050,13,051,"Georgia","Chatham County",5,43,3815,1810,2005
050,13,051,"Georgia","Chatham County",5,44,3703,1718,1985
050,13,051,"Georgia","Chatham County",5,45,3573,1671,1902
050,13,051,"Georgia","Chatham County",5,46,3493,1635,1858
050,13,051,"Georgia","Chatham County",5,47,3207,1505,1702
050,13,051,"Georgia","Chatham County",5,48,3230,1564,1666
050,13,051,"Georgia","Chatham County",5,49,3276,1574,1702
050,13,051,"Georgia","Chatham County",5,50,3405,1644,1761
050,13,051,"Georgia","Chatham County",5,51,3485,1681,1804
050,13,051,"Georgia","Chatham County",5,52,3645,1712,1933
050,13,051,"Georgia","Chatham County",5,53,3613,1731,1882
050,13,051,"Georgia","Chatham County",5,54,3400,1652,1748
050,13,051,"Georgia","Chatham County",5,55,3397,1653,1744
050,13,051,"Georgia","Chatham County",5,56,3405,1628,1777
050,13,051,"Georgia","Chatham County",5,57,3502,1695,1807
050,13,051,"Georgia","Chatham County",5,58,3617,1690,1927
050,13,051,"Georgia","Chatham County",5,59,3677,1711,1966
050,13,051,"Georgia","Chatham County",5,60,3709,1712,1997
050,13,051,"Georgia","Chatham County",5,61,3748,1743,2005
050,13,051,"Georgia","Chatham County",5,62,3766,1764,2002
050,13,051,"Georgia","Chatham County",5,63,3653,1652,2001
050,13,051,"Georgia","Chatham County",5,64,3544,1580,1964
050,13,051,"Georgia","Chatham County",5,65,3498,1579,1919
050,13,051,"Georgia","Chatham County",5,66,3564,1567,1997
050,13,051,"Georgia","Chatham County",5,67,3356,1517,1839
050,13,051,"Georgia","Chatham County",5,68,3287,1470,1817
050,13,051,"Georgia","Chatham County",5,69,3067,1360,1707
050,13,051,"Georgia","Chatham County",5,70,3027,1339,1688
050,13,051,"Georgia","Chatham County",5,71,2923,1277,1646
050,13,051,"Georgia","Chatham County",5,72,2762,1230,1532
050,13,051,"Georgia","Chatham County",5,73,2663,1190,1473
050,13,051,"Georgia","Chatham County",5,74,2563,1164,1399
050,13,051,"Georgia","Chatham County",5,75,2545,1126,1419
050,13,051,"Georgia","Chatham County",5,76,2572,1155,1417
050,13,051,"Georgia","Chatham County",5,77,1773,792,981
050,13,051,"Georgia","Chatham County",5,78,1720,754,966
050,13,051,"Georgia","Chatham County",5,79,1627,685,942
050,13,051,"Georgia","Chatham County",5,80,1607,709,898
050,13,051,"Georgia","Chatham County",5,81,1306,569,737
050,13,051,"Georgia","Chatham County",5,82,1147,472,675
050,13,051,"Georgia","Chatham County",5,83,1020,438,582
050,13,051,"Georgia","Chatham County",5,84,937,372,565
050,13,051,"Georgia","Chatham County",5,85,5203,1916,3287
050,13,053,"Georgia","Chattahoochee County",1,0,172,89,83
050,13,053,"Georgia","Chattahoochee County",1,1,164,91,73
050,13,053,"Georgia","Chattahoochee County",1,2,149,75,74
050,13,053,"Georgia","Chattahoochee County",1,3,172,84,88
050,13,053,"Georgia","Chattahoochee County",1,4,163,86,77
050,13,053,"Georgia","Chattahoochee County",1,5,157,81,76
050,13,053,"Georgia","Chattahoochee County",1,6,140,74,66
050,13,053,"Georgia","Chattahoochee County",1,7,141,63,78
050,13,053,"Georgia","Chattahoochee County",1,8,130,66,64
050,13,053,"Georgia","Chattahoochee County",1,9,115,61,54
050,13,053,"Georgia","Chattahoochee County",1,10,122,60,62
050,13,053,"Georgia","Chattahoochee County",1,11,110,54,56
050,13,053,"Georgia","Chattahoochee County",1,12,116,64,52
050,13,053,"Georgia","Chattahoochee County",1,13,95,47,48
050,13,053,"Georgia","Chattahoochee County",1,14,88,44,44
050,13,053,"Georgia","Chattahoochee County",1,15,70,38,32
050,13,053,"Georgia","Chattahoochee County",1,16,63,34,29
050,13,053,"Georgia","Chattahoochee County",1,17,63,44,19
050,13,053,"Georgia","Chattahoochee County",1,18,185,159,26
050,13,053,"Georgia","Chattahoochee County",1,19,331,295,36
050,13,053,"Georgia","Chattahoochee County",1,20,379,334,45
050,13,053,"Georgia","Chattahoochee County",1,21,361,311,50
050,13,053,"Georgia","Chattahoochee County",1,22,360,297,63
050,13,053,"Georgia","Chattahoochee County",1,23,442,360,82
050,13,053,"Georgia","Chattahoochee County",1,24,410,310,100
050,13,053,"Georgia","Chattahoochee County",1,25,344,248,96
050,13,053,"Georgia","Chattahoochee County",1,26,328,229,99
050,13,053,"Georgia","Chattahoochee County",1,27,294,196,98
050,13,053,"Georgia","Chattahoochee County",1,28,249,150,99
050,13,053,"Georgia","Chattahoochee County",1,29,291,195,96
050,13,053,"Georgia","Chattahoochee County",1,30,228,135,93
050,13,053,"Georgia","Chattahoochee County",1,31,209,132,77
050,13,053,"Georgia","Chattahoochee County",1,32,196,116,80
050,13,053,"Georgia","Chattahoochee County",1,33,161,103,58
050,13,053,"Georgia","Chattahoochee County",1,34,149,90,59
050,13,053,"Georgia","Chattahoochee County",1,35,167,99,68
050,13,053,"Georgia","Chattahoochee County",1,36,140,81,59
050,13,053,"Georgia","Chattahoochee County",1,37,126,74,52
050,13,053,"Georgia","Chattahoochee County",1,38,114,59,55
050,13,053,"Georgia","Chattahoochee County",1,39,126,71,55
050,13,053,"Georgia","Chattahoochee County",1,40,88,53,35
050,13,053,"Georgia","Chattahoochee County",1,41,86,49,37
050,13,053,"Georgia","Chattahoochee County",1,42,90,58,32
050,13,053,"Georgia","Chattahoochee County",1,43,79,49,30
050,13,053,"Georgia","Chattahoochee County",1,44,55,29,26
050,13,053,"Georgia","Chattahoochee County",1,45,54,30,24
050,13,053,"Georgia","Chattahoochee County",1,46,48,22,26
050,13,053,"Georgia","Chattahoochee County",1,47,42,22,20
050,13,053,"Georgia","Chattahoochee County",1,48,45,23,22
050,13,053,"Georgia","Chattahoochee County",1,49,46,23,23
050,13,053,"Georgia","Chattahoochee County",1,50,46,24,22
050,13,053,"Georgia","Chattahoochee County",1,51,41,23,18
050,13,053,"Georgia","Chattahoochee County",1,52,49,23,26
050,13,053,"Georgia","Chattahoochee County",1,53,57,21,36
050,13,053,"Georgia","Chattahoochee County",1,54,52,27,25
050,13,053,"Georgia","Chattahoochee County",1,55,50,27,23
050,13,053,"Georgia","Chattahoochee County",1,56,40,20,20
050,13,053,"Georgia","Chattahoochee County",1,57,42,27,15
050,13,053,"Georgia","Chattahoochee County",1,58,39,22,17
050,13,053,"Georgia","Chattahoochee County",1,59,36,19,17
050,13,053,"Georgia","Chattahoochee County",1,60,40,23,17
050,13,053,"Georgia","Chattahoochee County",1,61,44,20,24
050,13,053,"Georgia","Chattahoochee County",1,62,35,16,19
050,13,053,"Georgia","Chattahoochee County",1,63,41,18,23
050,13,053,"Georgia","Chattahoochee County",1,64,43,23,20
050,13,053,"Georgia","Chattahoochee County",1,65,42,22,20
050,13,053,"Georgia","Chattahoochee County",1,66,20,9,11
050,13,053,"Georgia","Chattahoochee County",1,67,28,12,16
050,13,053,"Georgia","Chattahoochee County",1,68,26,15,11
050,13,053,"Georgia","Chattahoochee County",1,69,19,10,9
050,13,053,"Georgia","Chattahoochee County",1,70,32,15,17
050,13,053,"Georgia","Chattahoochee County",1,71,18,8,10
050,13,053,"Georgia","Chattahoochee County",1,72,23,9,14
050,13,053,"Georgia","Chattahoochee County",1,73,26,9,17
050,13,053,"Georgia","Chattahoochee County",1,74,21,6,15
050,13,053,"Georgia","Chattahoochee County",1,75,19,6,13
050,13,053,"Georgia","Chattahoochee County",1,76,14,7,7
050,13,053,"Georgia","Chattahoochee County",1,77,11,6,5
050,13,053,"Georgia","Chattahoochee County",1,78,17,6,11
050,13,053,"Georgia","Chattahoochee County",1,79,20,11,9
050,13,053,"Georgia","Chattahoochee County",1,80,13,7,6
050,13,053,"Georgia","Chattahoochee County",1,81,14,8,6
050,13,053,"Georgia","Chattahoochee County",1,82,10,5,5
050,13,053,"Georgia","Chattahoochee County",1,83,16,11,5
050,13,053,"Georgia","Chattahoochee County",1,84,14,5,9
050,13,053,"Georgia","Chattahoochee County",1,85,55,19,36
050,13,053,"Georgia","Chattahoochee County",2,0,170,88,82
050,13,053,"Georgia","Chattahoochee County",2,1,159,87,72
050,13,053,"Georgia","Chattahoochee County",2,2,154,78,76
050,13,053,"Georgia","Chattahoochee County",2,3,165,81,84
050,13,053,"Georgia","Chattahoochee County",2,4,166,85,81
050,13,053,"Georgia","Chattahoochee County",2,5,154,80,74
050,13,053,"Georgia","Chattahoochee County",2,6,141,72,69
050,13,053,"Georgia","Chattahoochee County",2,7,138,64,74
050,13,053,"Georgia","Chattahoochee County",2,8,129,64,65
050,13,053,"Georgia","Chattahoochee County",2,9,118,62,56
050,13,053,"Georgia","Chattahoochee County",2,10,119,61,58
050,13,053,"Georgia","Chattahoochee County",2,11,110,54,56
050,13,053,"Georgia","Chattahoochee County",2,12,111,58,53
050,13,053,"Georgia","Chattahoochee County",2,13,97,49,48
050,13,053,"Georgia","Chattahoochee County",2,14,87,44,43
050,13,053,"Georgia","Chattahoochee County",2,15,73,40,33
050,13,053,"Georgia","Chattahoochee County",2,16,62,34,28
050,13,053,"Georgia","Chattahoochee County",2,17,63,42,21
050,13,053,"Georgia","Chattahoochee County",2,18,195,171,24
050,13,053,"Georgia","Chattahoochee County",2,19,336,303,33
050,13,053,"Georgia","Chattahoochee County",2,20,370,325,45
050,13,053,"Georgia","Chattahoochee County",2,21,360,311,49
050,13,053,"Georgia","Chattahoochee County",2,22,373,310,63
050,13,053,"Georgia","Chattahoochee County",2,23,414,333,81
050,13,053,"Georgia","Chattahoochee County",2,24,399,305,94
050,13,053,"Georgia","Chattahoochee County",2,25,346,250,96
050,13,053,"Georgia","Chattahoochee County",2,26,324,228,96
050,13,053,"Georgia","Chattahoochee County",2,27,284,188,96
050,13,053,"Georgia","Chattahoochee County",2,28,258,160,98
050,13,053,"Georgia","Chattahoochee County",2,29,280,184,96
050,13,053,"Georgia","Chattahoochee County",2,30,231,141,90
050,13,053,"Georgia","Chattahoochee County",2,31,214,131,83
050,13,053,"Georgia","Chattahoochee County",2,32,193,117,76
050,13,053,"Georgia","Chattahoochee County",2,33,166,104,62
050,13,053,"Georgia","Chattahoochee County",2,34,153,94,59
050,13,053,"Georgia","Chattahoochee County",2,35,158,93,65
050,13,053,"Georgia","Chattahoochee County",2,36,144,85,59
050,13,053,"Georgia","Chattahoochee County",2,37,129,76,53
050,13,053,"Georgia","Chattahoochee County",2,38,116,61,55
050,13,053,"Georgia","Chattahoochee County",2,39,118,66,52
050,13,053,"Georgia","Chattahoochee County",2,40,94,56,38
050,13,053,"Georgia","Chattahoochee County",2,41,85,50,35
050,13,053,"Georgia","Chattahoochee County",2,42,83,52,31
050,13,053,"Georgia","Chattahoochee County",2,43,77,48,29
050,13,053,"Georgia","Chattahoochee County",2,44,57,31,26
050,13,053,"Georgia","Chattahoochee County",2,45,49,26,23
050,13,053,"Georgia","Chattahoochee County",2,46,45,22,23
050,13,053,"Georgia","Chattahoochee County",2,47,40,20,20
050,13,053,"Georgia","Chattahoochee County",2,48,41,21,20
050,13,053,"Georgia","Chattahoochee County",2,49,43,22,21
050,13,053,"Georgia","Chattahoochee County",2,50,45,23,22
050,13,053,"Georgia","Chattahoochee County",2,51,40,22,18
050,13,053,"Georgia","Chattahoochee County",2,52,46,22,24
050,13,053,"Georgia","Chattahoochee County",2,53,52,20,32
050,13,053,"Georgia","Chattahoochee County",2,54,50,24,26
050,13,053,"Georgia","Chattahoochee County",2,55,47,24,23
050,13,053,"Georgia","Chattahoochee County",2,56,41,21,20
050,13,053,"Georgia","Chattahoochee County",2,57,39,24,15
050,13,053,"Georgia","Chattahoochee County",2,58,39,23,16
050,13,053,"Georgia","Chattahoochee County",2,59,35,18,17
050,13,053,"Georgia","Chattahoochee County",2,60,38,21,17
050,13,053,"Georgia","Chattahoochee County",2,61,41,20,21
050,13,053,"Georgia","Chattahoochee County",2,62,35,16,19
050,13,053,"Georgia","Chattahoochee County",2,63,39,17,22
050,13,053,"Georgia","Chattahoochee County",2,64,37,18,19
050,13,053,"Georgia","Chattahoochee County",2,65,41,22,19
050,13,053,"Georgia","Chattahoochee County",2,66,25,12,13
050,13,053,"Georgia","Chattahoochee County",2,67,27,12,15
050,13,053,"Georgia","Chattahoochee County",2,68,25,14,11
050,13,053,"Georgia","Chattahoochee County",2,69,21,12,9
050,13,053,"Georgia","Chattahoochee County",2,70,28,12,16
050,13,053,"Georgia","Chattahoochee County",2,71,21,9,12
050,13,053,"Georgia","Chattahoochee County",2,72,23,9,14
050,13,053,"Georgia","Chattahoochee County",2,73,26,9,17
050,13,053,"Georgia","Chattahoochee County",2,74,20,6,14
050,13,053,"Georgia","Chattahoochee County",2,75,19,5,14
050,13,053,"Georgia","Chattahoochee County",2,76,15,7,8
050,13,053,"Georgia","Chattahoochee County",2,77,12,6,6
050,13,053,"Georgia","Chattahoochee County",2,78,15,6,9
050,13,053,"Georgia","Chattahoochee County",2,79,20,10,10
050,13,053,"Georgia","Chattahoochee County",2,80,14,7,7
050,13,053,"Georgia","Chattahoochee County",2,81,13,8,5
050,13,053,"Georgia","Chattahoochee County",2,82,10,5,5
050,13,053,"Georgia","Chattahoochee County",2,83,13,9,4
050,13,053,"Georgia","Chattahoochee County",2,84,15,7,8
050,13,053,"Georgia","Chattahoochee County",2,85,57,20,37
050,13,053,"Georgia","Chattahoochee County",3,0,144,71,73
050,13,053,"Georgia","Chattahoochee County",3,1,193,102,91
050,13,053,"Georgia","Chattahoochee County",3,2,146,80,66
050,13,053,"Georgia","Chattahoochee County",3,3,147,68,79
050,13,053,"Georgia","Chattahoochee County",3,4,144,68,76
050,13,053,"Georgia","Chattahoochee County",3,5,139,69,70
050,13,053,"Georgia","Chattahoochee County",3,6,131,68,63
050,13,053,"Georgia","Chattahoochee County",3,7,131,70,61
050,13,053,"Georgia","Chattahoochee County",3,8,125,63,62
050,13,053,"Georgia","Chattahoochee County",3,9,118,63,55
050,13,053,"Georgia","Chattahoochee County",3,10,105,60,45
050,13,053,"Georgia","Chattahoochee County",3,11,101,52,49
050,13,053,"Georgia","Chattahoochee County",3,12,100,54,46
050,13,053,"Georgia","Chattahoochee County",3,13,98,53,45
050,13,053,"Georgia","Chattahoochee County",3,14,79,45,34
050,13,053,"Georgia","Chattahoochee County",3,15,69,36,33
050,13,053,"Georgia","Chattahoochee County",3,16,61,38,23
050,13,053,"Georgia","Chattahoochee County",3,17,72,42,30
050,13,053,"Georgia","Chattahoochee County",3,18,171,153,18
050,13,053,"Georgia","Chattahoochee County",3,19,311,289,22
050,13,053,"Georgia","Chattahoochee County",3,20,352,307,45
050,13,053,"Georgia","Chattahoochee County",3,21,342,294,48
050,13,053,"Georgia","Chattahoochee County",3,22,359,301,58
050,13,053,"Georgia","Chattahoochee County",3,23,426,347,79
050,13,053,"Georgia","Chattahoochee County",3,24,373,286,87
050,13,053,"Georgia","Chattahoochee County",3,25,300,222,78
050,13,053,"Georgia","Chattahoochee County",3,26,307,216,91
050,13,053,"Georgia","Chattahoochee County",3,27,286,189,97
050,13,053,"Georgia","Chattahoochee County",3,28,257,165,92
050,13,053,"Georgia","Chattahoochee County",3,29,226,152,74
050,13,053,"Georgia","Chattahoochee County",3,30,233,146,87
050,13,053,"Georgia","Chattahoochee County",3,31,193,114,79
050,13,053,"Georgia","Chattahoochee County",3,32,190,119,71
050,13,053,"Georgia","Chattahoochee County",3,33,162,95,67
050,13,053,"Georgia","Chattahoochee County",3,34,141,85,56
050,13,053,"Georgia","Chattahoochee County",3,35,148,95,53
050,13,053,"Georgia","Chattahoochee County",3,36,159,89,70
050,13,053,"Georgia","Chattahoochee County",3,37,121,72,49
050,13,053,"Georgia","Chattahoochee County",3,38,114,66,48
050,13,053,"Georgia","Chattahoochee County",3,39,99,54,45
050,13,053,"Georgia","Chattahoochee County",3,40,104,52,52
050,13,053,"Georgia","Chattahoochee County",3,41,79,46,33
050,13,053,"Georgia","Chattahoochee County",3,42,68,37,31
050,13,053,"Georgia","Chattahoochee County",3,43,71,41,30
050,13,053,"Georgia","Chattahoochee County",3,44,69,39,30
050,13,053,"Georgia","Chattahoochee County",3,45,51,27,24
050,13,053,"Georgia","Chattahoochee County",3,46,53,29,24
050,13,053,"Georgia","Chattahoochee County",3,47,45,25,20
050,13,053,"Georgia","Chattahoochee County",3,48,41,16,25
050,13,053,"Georgia","Chattahoochee County",3,49,37,21,16
050,13,053,"Georgia","Chattahoochee County",3,50,37,20,17
050,13,053,"Georgia","Chattahoochee County",3,51,36,16,20
050,13,053,"Georgia","Chattahoochee County",3,52,38,22,16
050,13,053,"Georgia","Chattahoochee County",3,53,34,21,13
050,13,053,"Georgia","Chattahoochee County",3,54,46,21,25
050,13,053,"Georgia","Chattahoochee County",3,55,46,21,25
050,13,053,"Georgia","Chattahoochee County",3,56,54,25,29
050,13,053,"Georgia","Chattahoochee County",3,57,37,19,18
050,13,053,"Georgia","Chattahoochee County",3,58,36,21,15
050,13,053,"Georgia","Chattahoochee County",3,59,34,21,13
050,13,053,"Georgia","Chattahoochee County",3,60,34,17,17
050,13,053,"Georgia","Chattahoochee County",3,61,36,19,17
050,13,053,"Georgia","Chattahoochee County",3,62,42,21,21
050,13,053,"Georgia","Chattahoochee County",3,63,33,16,17
050,13,053,"Georgia","Chattahoochee County",3,64,39,16,23
050,13,053,"Georgia","Chattahoochee County",3,65,37,17,20
050,13,053,"Georgia","Chattahoochee County",3,66,40,21,19
050,13,053,"Georgia","Chattahoochee County",3,67,24,11,13
050,13,053,"Georgia","Chattahoochee County",3,68,25,12,13
050,13,053,"Georgia","Chattahoochee County",3,69,25,14,11
050,13,053,"Georgia","Chattahoochee County",3,70,20,11,9
050,13,053,"Georgia","Chattahoochee County",3,71,26,12,14
050,13,053,"Georgia","Chattahoochee County",3,72,21,9,12
050,13,053,"Georgia","Chattahoochee County",3,73,20,7,13
050,13,053,"Georgia","Chattahoochee County",3,74,29,10,19
050,13,053,"Georgia","Chattahoochee County",3,75,19,6,13
050,13,053,"Georgia","Chattahoochee County",3,76,19,5,14
050,13,053,"Georgia","Chattahoochee County",3,77,14,6,8
050,13,053,"Georgia","Chattahoochee County",3,78,12,6,6
050,13,053,"Georgia","Chattahoochee County",3,79,13,6,7
050,13,053,"Georgia","Chattahoochee County",3,80,18,10,8
050,13,053,"Georgia","Chattahoochee County",3,81,13,6,7
050,13,053,"Georgia","Chattahoochee County",3,82,11,6,5
050,13,053,"Georgia","Chattahoochee County",3,83,10,5,5
050,13,053,"Georgia","Chattahoochee County",3,84,7,3,4
050,13,053,"Georgia","Chattahoochee County",3,85,68,25,43
050,13,053,"Georgia","Chattahoochee County",4,0,156,88,68
050,13,053,"Georgia","Chattahoochee County",4,1,150,84,66
050,13,053,"Georgia","Chattahoochee County",4,2,161,82,79
050,13,053,"Georgia","Chattahoochee County",4,3,136,73,63
050,13,053,"Georgia","Chattahoochee County",4,4,148,81,67
050,13,053,"Georgia","Chattahoochee County",4,5,131,67,64
050,13,053,"Georgia","Chattahoochee County",4,6,140,68,72
050,13,053,"Georgia","Chattahoochee County",4,7,116,63,53
050,13,053,"Georgia","Chattahoochee County",4,8,121,58,63
050,13,053,"Georgia","Chattahoochee County",4,9,97,49,48
050,13,053,"Georgia","Chattahoochee County",4,10,100,54,46
050,13,053,"Georgia","Chattahoochee County",4,11,94,48,46
050,13,053,"Georgia","Chattahoochee County",4,12,87,48,39
050,13,053,"Georgia","Chattahoochee County",4,13,88,44,44
050,13,053,"Georgia","Chattahoochee County",4,14,90,43,47
050,13,053,"Georgia","Chattahoochee County",4,15,73,31,42
050,13,053,"Georgia","Chattahoochee County",4,16,64,32,32
050,13,053,"Georgia","Chattahoochee County",4,17,70,48,22
050,13,053,"Georgia","Chattahoochee County",4,18,173,155,18
050,13,053,"Georgia","Chattahoochee County",4,19,307,283,24
050,13,053,"Georgia","Chattahoochee County",4,20,330,288,42
050,13,053,"Georgia","Chattahoochee County",4,21,340,295,45
050,13,053,"Georgia","Chattahoochee County",4,22,318,265,53
050,13,053,"Georgia","Chattahoochee County",4,23,345,272,73
050,13,053,"Georgia","Chattahoochee County",4,24,346,266,80
050,13,053,"Georgia","Chattahoochee County",4,25,307,220,87
050,13,053,"Georgia","Chattahoochee County",4,26,298,206,92
050,13,053,"Georgia","Chattahoochee County",4,27,257,175,82
050,13,053,"Georgia","Chattahoochee County",4,28,257,163,94
050,13,053,"Georgia","Chattahoochee County",4,29,262,164,98
050,13,053,"Georgia","Chattahoochee County",4,30,198,133,65
050,13,053,"Georgia","Chattahoochee County",4,31,229,140,89
050,13,053,"Georgia","Chattahoochee County",4,32,157,87,70
050,13,053,"Georgia","Chattahoochee County",4,33,155,88,67
050,13,053,"Georgia","Chattahoochee County",4,34,155,96,59
050,13,053,"Georgia","Chattahoochee County",4,35,124,73,51
050,13,053,"Georgia","Chattahoochee County",4,36,130,76,54
050,13,053,"Georgia","Chattahoochee County",4,37,114,70,44
050,13,053,"Georgia","Chattahoochee County",4,38,100,61,39
050,13,053,"Georgia","Chattahoochee County",4,39,105,54,51
050,13,053,"Georgia","Chattahoochee County",4,40,94,43,51
050,13,053,"Georgia","Chattahoochee County",4,41,93,49,44
050,13,053,"Georgia","Chattahoochee County",4,42,88,52,36
050,13,053,"Georgia","Chattahoochee County",4,43,71,43,28
050,13,053,"Georgia","Chattahoochee County",4,44,67,35,32
050,13,053,"Georgia","Chattahoochee County",4,45,66,43,23
050,13,053,"Georgia","Chattahoochee County",4,46,51,27,24
050,13,053,"Georgia","Chattahoochee County",4,47,52,25,27
050,13,053,"Georgia","Chattahoochee County",4,48,41,24,17
050,13,053,"Georgia","Chattahoochee County",4,49,36,16,20
050,13,053,"Georgia","Chattahoochee County",4,50,35,19,16
050,13,053,"Georgia","Chattahoochee County",4,51,36,21,15
050,13,053,"Georgia","Chattahoochee County",4,52,38,17,21
050,13,053,"Georgia","Chattahoochee County",4,53,38,24,14
050,13,053,"Georgia","Chattahoochee County",4,54,36,19,17
050,13,053,"Georgia","Chattahoochee County",4,55,38,15,23
050,13,053,"Georgia","Chattahoochee County",4,56,44,21,23
050,13,053,"Georgia","Chattahoochee County",4,57,53,25,28
050,13,053,"Georgia","Chattahoochee County",4,58,38,19,19
050,13,053,"Georgia","Chattahoochee County",4,59,39,24,15
050,13,053,"Georgia","Chattahoochee County",4,60,35,20,15
050,13,053,"Georgia","Chattahoochee County",4,61,35,18,17
050,13,053,"Georgia","Chattahoochee County",4,62,35,17,18
050,13,053,"Georgia","Chattahoochee County",4,63,41,21,20
050,13,053,"Georgia","Chattahoochee County",4,64,31,16,15
050,13,053,"Georgia","Chattahoochee County",4,65,38,15,23
050,13,053,"Georgia","Chattahoochee County",4,66,36,16,20
050,13,053,"Georgia","Chattahoochee County",4,67,39,20,19
050,13,053,"Georgia","Chattahoochee County",4,68,21,10,11
050,13,053,"Georgia","Chattahoochee County",4,69,23,12,11
050,13,053,"Georgia","Chattahoochee County",4,70,26,14,12
050,13,053,"Georgia","Chattahoochee County",4,71,20,11,9
050,13,053,"Georgia","Chattahoochee County",4,72,26,12,14
050,13,053,"Georgia","Chattahoochee County",4,73,21,9,12
050,13,053,"Georgia","Chattahoochee County",4,74,21,8,13
050,13,053,"Georgia","Chattahoochee County",4,75,26,10,16
050,13,053,"Georgia","Chattahoochee County",4,76,17,5,12
050,13,053,"Georgia","Chattahoochee County",4,77,17,4,13
050,13,053,"Georgia","Chattahoochee County",4,78,14,6,8
050,13,053,"Georgia","Chattahoochee County",4,79,9,6,3
050,13,053,"Georgia","Chattahoochee County",4,80,14,7,7
050,13,053,"Georgia","Chattahoochee County",4,81,18,10,8
050,13,053,"Georgia","Chattahoochee County",4,82,11,4,7
050,13,053,"Georgia","Chattahoochee County",4,83,10,6,4
050,13,053,"Georgia","Chattahoochee County",4,84,8,5,3
050,13,053,"Georgia","Chattahoochee County",4,85,71,26,45
050,13,053,"Georgia","Chattahoochee County",5,0,154,86,68
050,13,053,"Georgia","Chattahoochee County",5,1,142,63,79
050,13,053,"Georgia","Chattahoochee County",5,2,147,80,67
050,13,053,"Georgia","Chattahoochee County",5,3,146,82,64
050,13,053,"Georgia","Chattahoochee County",5,4,128,73,55
050,13,053,"Georgia","Chattahoochee County",5,5,141,74,67
050,13,053,"Georgia","Chattahoochee County",5,6,115,68,47
050,13,053,"Georgia","Chattahoochee County",5,7,125,66,59
050,13,053,"Georgia","Chattahoochee County",5,8,114,63,51
050,13,053,"Georgia","Chattahoochee County",5,9,112,54,58
050,13,053,"Georgia","Chattahoochee County",5,10,91,51,40
050,13,053,"Georgia","Chattahoochee County",5,11,82,46,36
050,13,053,"Georgia","Chattahoochee County",5,12,86,46,40
050,13,053,"Georgia","Chattahoochee County",5,13,86,44,42
050,13,053,"Georgia","Chattahoochee County",5,14,81,47,34
050,13,053,"Georgia","Chattahoochee County",5,15,80,37,43
050,13,053,"Georgia","Chattahoochee County",5,16,72,30,42
050,13,053,"Georgia","Chattahoochee County",5,17,69,45,24
050,13,053,"Georgia","Chattahoochee County",5,18,179,154,25
050,13,053,"Georgia","Chattahoochee County",5,19,302,282,20
050,13,053,"Georgia","Chattahoochee County",5,20,320,292,28
050,13,053,"Georgia","Chattahoochee County",5,21,324,271,53
050,13,053,"Georgia","Chattahoochee County",5,22,366,295,71
050,13,053,"Georgia","Chattahoochee County",5,23,356,288,68
050,13,053,"Georgia","Chattahoochee County",5,24,328,245,83
050,13,053,"Georgia","Chattahoochee County",5,25,297,210,87
050,13,053,"Georgia","Chattahoochee County",5,26,289,215,74
050,13,053,"Georgia","Chattahoochee County",5,27,260,174,86
050,13,053,"Georgia","Chattahoochee County",5,28,232,138,94
050,13,053,"Georgia","Chattahoochee County",5,29,232,163,69
050,13,053,"Georgia","Chattahoochee County",5,30,218,138,80
050,13,053,"Georgia","Chattahoochee County",5,31,207,136,71
050,13,053,"Georgia","Chattahoochee County",5,32,189,117,72
050,13,053,"Georgia","Chattahoochee County",5,33,157,87,70
050,13,053,"Georgia","Chattahoochee County",5,34,149,88,61
050,13,053,"Georgia","Chattahoochee County",5,35,147,92,55
050,13,053,"Georgia","Chattahoochee County",5,36,133,73,60
050,13,053,"Georgia","Chattahoochee County",5,37,116,69,47
050,13,053,"Georgia","Chattahoochee County",5,38,109,64,45
050,13,053,"Georgia","Chattahoochee County",5,39,106,70,36
050,13,053,"Georgia","Chattahoochee County",5,40,83,36,47
050,13,053,"Georgia","Chattahoochee County",5,41,92,40,52
050,13,053,"Georgia","Chattahoochee County",5,42,78,37,41
050,13,053,"Georgia","Chattahoochee County",5,43,72,42,30
050,13,053,"Georgia","Chattahoochee County",5,44,67,42,25
050,13,053,"Georgia","Chattahoochee County",5,45,68,41,27
050,13,053,"Georgia","Chattahoochee County",5,46,58,36,22
050,13,053,"Georgia","Chattahoochee County",5,47,50,27,23
050,13,053,"Georgia","Chattahoochee County",5,48,42,23,19
050,13,053,"Georgia","Chattahoochee County",5,49,36,23,13
050,13,053,"Georgia","Chattahoochee County",5,50,37,15,22
050,13,053,"Georgia","Chattahoochee County",5,51,33,18,15
050,13,053,"Georgia","Chattahoochee County",5,52,31,17,14
050,13,053,"Georgia","Chattahoochee County",5,53,38,17,21
050,13,053,"Georgia","Chattahoochee County",5,54,33,20,13
050,13,053,"Georgia","Chattahoochee County",5,55,25,11,14
050,13,053,"Georgia","Chattahoochee County",5,56,34,13,21
050,13,053,"Georgia","Chattahoochee County",5,57,39,20,19
050,13,053,"Georgia","Chattahoochee County",5,58,47,20,27
050,13,053,"Georgia","Chattahoochee County",5,59,32,17,15
050,13,053,"Georgia","Chattahoochee County",5,60,39,24,15
050,13,053,"Georgia","Chattahoochee County",5,61,33,17,16
050,13,053,"Georgia","Chattahoochee County",5,62,35,20,15
050,13,053,"Georgia","Chattahoochee County",5,63,33,18,15
050,13,053,"Georgia","Chattahoochee County",5,64,41,20,21
050,13,053,"Georgia","Chattahoochee County",5,65,30,15,15
050,13,053,"Georgia","Chattahoochee County",5,66,39,15,24
050,13,053,"Georgia","Chattahoochee County",5,67,39,17,22
050,13,053,"Georgia","Chattahoochee County",5,68,38,20,18
050,13,053,"Georgia","Chattahoochee County",5,69,20,10,10
050,13,053,"Georgia","Chattahoochee County",5,70,21,11,10
050,13,053,"Georgia","Chattahoochee County",5,71,26,14,12
050,13,053,"Georgia","Chattahoochee County",5,72,19,10,9
050,13,053,"Georgia","Chattahoochee County",5,73,26,12,14
050,13,053,"Georgia","Chattahoochee County",5,74,21,9,12
050,13,053,"Georgia","Chattahoochee County",5,75,19,7,12
050,13,053,"Georgia","Chattahoochee County",5,76,26,9,17
050,13,053,"Georgia","Chattahoochee County",5,77,15,4,11
050,13,053,"Georgia","Chattahoochee County",5,78,18,5,13
050,13,053,"Georgia","Chattahoochee County",5,79,10,6,4
050,13,053,"Georgia","Chattahoochee County",5,80,9,6,3
050,13,053,"Georgia","Chattahoochee County",5,81,14,7,7
050,13,053,"Georgia","Chattahoochee County",5,82,17,8,9
050,13,053,"Georgia","Chattahoochee County",5,83,9,3,6
050,13,053,"Georgia","Chattahoochee County",5,84,10,6,4
050,13,053,"Georgia","Chattahoochee County",5,85,72,28,44
050,13,055,"Georgia","Chattooga County",1,0,301,154,147
050,13,055,"Georgia","Chattooga County",1,1,297,149,148
050,13,055,"Georgia","Chattooga County",1,2,286,139,147
050,13,055,"Georgia","Chattooga County",1,3,308,157,151
050,13,055,"Georgia","Chattooga County",1,4,295,142,153
050,13,055,"Georgia","Chattooga County",1,5,298,161,137
050,13,055,"Georgia","Chattooga County",1,6,313,160,153
050,13,055,"Georgia","Chattooga County",1,7,287,138,149
050,13,055,"Georgia","Chattooga County",1,8,305,156,149
050,13,055,"Georgia","Chattooga County",1,9,307,150,157
050,13,055,"Georgia","Chattooga County",1,10,290,151,139
050,13,055,"Georgia","Chattooga County",1,11,342,182,160
050,13,055,"Georgia","Chattooga County",1,12,378,193,185
050,13,055,"Georgia","Chattooga County",1,13,339,183,156
050,13,055,"Georgia","Chattooga County",1,14,313,157,156
050,13,055,"Georgia","Chattooga County",1,15,303,150,153
050,13,055,"Georgia","Chattooga County",1,16,328,159,169
050,13,055,"Georgia","Chattooga County",1,17,318,174,144
050,13,055,"Georgia","Chattooga County",1,18,306,171,135
050,13,055,"Georgia","Chattooga County",1,19,265,145,120
050,13,055,"Georgia","Chattooga County",1,20,283,165,118
050,13,055,"Georgia","Chattooga County",1,21,257,138,119
050,13,055,"Georgia","Chattooga County",1,22,312,176,136
050,13,055,"Georgia","Chattooga County",1,23,311,169,142
050,13,055,"Georgia","Chattooga County",1,24,307,164,143
050,13,055,"Georgia","Chattooga County",1,25,324,183,141
050,13,055,"Georgia","Chattooga County",1,26,318,182,136
050,13,055,"Georgia","Chattooga County",1,27,314,173,141
050,13,055,"Georgia","Chattooga County",1,28,329,194,135
050,13,055,"Georgia","Chattooga County",1,29,351,204,147
050,13,055,"Georgia","Chattooga County",1,30,345,194,151
050,13,055,"Georgia","Chattooga County",1,31,306,174,132
050,13,055,"Georgia","Chattooga County",1,32,291,157,134
050,13,055,"Georgia","Chattooga County",1,33,284,151,133
050,13,055,"Georgia","Chattooga County",1,34,286,155,131
050,13,055,"Georgia","Chattooga County",1,35,282,140,142
050,13,055,"Georgia","Chattooga County",1,36,277,140,137
050,13,055,"Georgia","Chattooga County",1,37,294,165,129
050,13,055,"Georgia","Chattooga County",1,38,301,157,144
050,13,055,"Georgia","Chattooga County",1,39,315,157,158
050,13,055,"Georgia","Chattooga County",1,40,329,172,157
050,13,055,"Georgia","Chattooga County",1,41,318,168,150
050,13,055,"Georgia","Chattooga County",1,42,302,166,136
050,13,055,"Georgia","Chattooga County",1,43,305,171,134
050,13,055,"Georgia","Chattooga County",1,44,285,165,120
050,13,055,"Georgia","Chattooga County",1,45,301,170,131
050,13,055,"Georgia","Chattooga County",1,46,322,176,146
050,13,055,"Georgia","Chattooga County",1,47,313,164,149
050,13,055,"Georgia","Chattooga County",1,48,340,171,169
050,13,055,"Georgia","Chattooga County",1,49,346,176,170
050,13,055,"Georgia","Chattooga County",1,50,352,177,175
050,13,055,"Georgia","Chattooga County",1,51,334,183,151
050,13,055,"Georgia","Chattooga County",1,52,332,180,152
050,13,055,"Georgia","Chattooga County",1,53,319,168,151
050,13,055,"Georgia","Chattooga County",1,54,330,174,156
050,13,055,"Georgia","Chattooga County",1,55,323,156,167
050,13,055,"Georgia","Chattooga County",1,56,331,162,169
050,13,055,"Georgia","Chattooga County",1,57,325,157,168
050,13,055,"Georgia","Chattooga County",1,58,325,154,171
050,13,055,"Georgia","Chattooga County",1,59,330,156,174
050,13,055,"Georgia","Chattooga County",1,60,353,154,199
050,13,055,"Georgia","Chattooga County",1,61,366,181,185
050,13,055,"Georgia","Chattooga County",1,62,367,193,174
050,13,055,"Georgia","Chattooga County",1,63,361,186,175
050,13,055,"Georgia","Chattooga County",1,64,334,166,168
050,13,055,"Georgia","Chattooga County",1,65,319,164,155
050,13,055,"Georgia","Chattooga County",1,66,299,139,160
050,13,055,"Georgia","Chattooga County",1,67,286,134,152
050,13,055,"Georgia","Chattooga County",1,68,272,135,137
050,13,055,"Georgia","Chattooga County",1,69,259,126,133
050,13,055,"Georgia","Chattooga County",1,70,251,103,148
050,13,055,"Georgia","Chattooga County",1,71,264,123,141
050,13,055,"Georgia","Chattooga County",1,72,269,129,140
050,13,055,"Georgia","Chattooga County",1,73,265,134,131
050,13,055,"Georgia","Chattooga County",1,74,179,81,98
050,13,055,"Georgia","Chattooga County",1,75,167,75,92
050,13,055,"Georgia","Chattooga County",1,76,187,83,104
050,13,055,"Georgia","Chattooga County",1,77,199,79,120
050,13,055,"Georgia","Chattooga County",1,78,155,72,83
050,13,055,"Georgia","Chattooga County",1,79,122,61,61
050,13,055,"Georgia","Chattooga County",1,80,115,48,67
050,13,055,"Georgia","Chattooga County",1,81,124,54,70
050,13,055,"Georgia","Chattooga County",1,82,110,53,57
050,13,055,"Georgia","Chattooga County",1,83,89,35,54
050,13,055,"Georgia","Chattooga County",1,84,74,32,42
050,13,055,"Georgia","Chattooga County",1,85,456,146,310
050,13,055,"Georgia","Chattooga County",2,0,286,159,127
050,13,055,"Georgia","Chattooga County",2,1,295,148,147
050,13,055,"Georgia","Chattooga County",2,2,288,142,146
050,13,055,"Georgia","Chattooga County",2,3,301,152,149
050,13,055,"Georgia","Chattooga County",2,4,296,145,151
050,13,055,"Georgia","Chattooga County",2,5,298,157,141
050,13,055,"Georgia","Chattooga County",2,6,310,161,149
050,13,055,"Georgia","Chattooga County",2,7,291,142,149
050,13,055,"Georgia","Chattooga County",2,8,298,152,146
050,13,055,"Georgia","Chattooga County",2,9,307,153,154
050,13,055,"Georgia","Chattooga County",2,10,295,150,145
050,13,055,"Georgia","Chattooga County",2,11,327,173,154
050,13,055,"Georgia","Chattooga County",2,12,373,192,181
050,13,055,"Georgia","Chattooga County",2,13,347,184,163
050,13,055,"Georgia","Chattooga County",2,14,317,163,154
050,13,055,"Georgia","Chattooga County",2,15,307,152,155
050,13,055,"Georgia","Chattooga County",2,16,327,161,166
050,13,055,"Georgia","Chattooga County",2,17,321,171,150
050,13,055,"Georgia","Chattooga County",2,18,293,163,130
050,13,055,"Georgia","Chattooga County",2,19,265,148,117
050,13,055,"Georgia","Chattooga County",2,20,287,166,121
050,13,055,"Georgia","Chattooga County",2,21,263,143,120
050,13,055,"Georgia","Chattooga County",2,22,306,172,134
050,13,055,"Georgia","Chattooga County",2,23,314,171,143
050,13,055,"Georgia","Chattooga County",2,24,308,165,143
050,13,055,"Georgia","Chattooga County",2,25,317,177,140
050,13,055,"Georgia","Chattooga County",2,26,322,185,137
050,13,055,"Georgia","Chattooga County",2,27,312,174,138
050,13,055,"Georgia","Chattooga County",2,28,327,191,136
050,13,055,"Georgia","Chattooga County",2,29,349,204,145
050,13,055,"Georgia","Chattooga County",2,30,343,194,149
050,13,055,"Georgia","Chattooga County",2,31,312,177,135
050,13,055,"Georgia","Chattooga County",2,32,290,158,132
050,13,055,"Georgia","Chattooga County",2,33,282,150,132
050,13,055,"Georgia","Chattooga County",2,34,283,153,130
050,13,055,"Georgia","Chattooga County",2,35,282,144,138
050,13,055,"Georgia","Chattooga County",2,36,278,140,138
050,13,055,"Georgia","Chattooga County",2,37,291,161,130
050,13,055,"Georgia","Chattooga County",2,38,299,157,142
050,13,055,"Georgia","Chattooga County",2,39,312,157,155
050,13,055,"Georgia","Chattooga County",2,40,323,164,159
050,13,055,"Georgia","Chattooga County",2,41,321,169,152
050,13,055,"Georgia","Chattooga County",2,42,304,167,137
050,13,055,"Georgia","Chattooga County",2,43,306,172,134
050,13,055,"Georgia","Chattooga County",2,44,287,164,123
050,13,055,"Georgia","Chattooga County",2,45,302,171,131
050,13,055,"Georgia","Chattooga County",2,46,314,175,139
050,13,055,"Georgia","Chattooga County",2,47,312,166,146
050,13,055,"Georgia","Chattooga County",2,48,333,170,163
050,13,055,"Georgia","Chattooga County",2,49,349,179,170
050,13,055,"Georgia","Chattooga County",2,50,349,175,174
050,13,055,"Georgia","Chattooga County",2,51,336,179,157
050,13,055,"Georgia","Chattooga County",2,52,334,181,153
050,13,055,"Georgia","Chattooga County",2,53,320,170,150
050,13,055,"Georgia","Chattooga County",2,54,329,174,155
050,13,055,"Georgia","Chattooga County",2,55,323,159,164
050,13,055,"Georgia","Chattooga County",2,56,332,162,170
050,13,055,"Georgia","Chattooga County",2,57,325,156,169
050,13,055,"Georgia","Chattooga County",2,58,323,153,170
050,13,055,"Georgia","Chattooga County",2,59,329,156,173
050,13,055,"Georgia","Chattooga County",2,60,344,154,190
050,13,055,"Georgia","Chattooga County",2,61,363,174,189
050,13,055,"Georgia","Chattooga County",2,62,365,189,176
050,13,055,"Georgia","Chattooga County",2,63,369,191,178
050,13,055,"Georgia","Chattooga County",2,64,335,166,169
050,13,055,"Georgia","Chattooga County",2,65,323,165,158
050,13,055,"Georgia","Chattooga County",2,66,306,145,161
050,13,055,"Georgia","Chattooga County",2,67,287,133,154
050,13,055,"Georgia","Chattooga County",2,68,274,134,140
050,13,055,"Georgia","Chattooga County",2,69,265,128,137
050,13,055,"Georgia","Chattooga County",2,70,253,109,144
050,13,055,"Georgia","Chattooga County",2,71,260,119,141
050,13,055,"Georgia","Chattooga County",2,72,261,124,137
050,13,055,"Georgia","Chattooga County",2,73,273,136,137
050,13,055,"Georgia","Chattooga County",2,74,187,88,99
050,13,055,"Georgia","Chattooga County",2,75,170,77,93
050,13,055,"Georgia","Chattooga County",2,76,177,79,98
050,13,055,"Georgia","Chattooga County",2,77,195,80,115
050,13,055,"Georgia","Chattooga County",2,78,161,72,89
050,13,055,"Georgia","Chattooga County",2,79,128,63,65
050,13,055,"Georgia","Chattooga County",2,80,115,50,65
050,13,055,"Georgia","Chattooga County",2,81,119,52,67
050,13,055,"Georgia","Chattooga County",2,82,110,51,59
050,13,055,"Georgia","Chattooga County",2,83,93,40,53
050,13,055,"Georgia","Chattooga County",2,84,74,30,44
050,13,055,"Georgia","Chattooga County",2,85,448,146,302
050,13,055,"Georgia","Chattooga County",3,0,255,140,115
050,13,055,"Georgia","Chattooga County",3,1,292,169,123
050,13,055,"Georgia","Chattooga County",3,2,287,138,149
050,13,055,"Georgia","Chattooga County",3,3,293,143,150
050,13,055,"Georgia","Chattooga County",3,4,304,156,148
050,13,055,"Georgia","Chattooga County",3,5,304,151,153
050,13,055,"Georgia","Chattooga County",3,6,291,151,140
050,13,055,"Georgia","Chattooga County",3,7,300,150,150
050,13,055,"Georgia","Chattooga County",3,8,289,137,152
050,13,055,"Georgia","Chattooga County",3,9,304,152,152
050,13,055,"Georgia","Chattooga County",3,10,305,147,158
050,13,055,"Georgia","Chattooga County",3,11,290,149,141
050,13,055,"Georgia","Chattooga County",3,12,331,174,157
050,13,055,"Georgia","Chattooga County",3,13,351,179,172
050,13,055,"Georgia","Chattooga County",3,14,342,184,158
050,13,055,"Georgia","Chattooga County",3,15,310,167,143
050,13,055,"Georgia","Chattooga County",3,16,307,154,153
050,13,055,"Georgia","Chattooga County",3,17,314,155,159
050,13,055,"Georgia","Chattooga County",3,18,278,156,122
050,13,055,"Georgia","Chattooga County",3,19,251,145,106
050,13,055,"Georgia","Chattooga County",3,20,282,164,118
050,13,055,"Georgia","Chattooga County",3,21,286,152,134
050,13,055,"Georgia","Chattooga County",3,22,307,170,137
050,13,055,"Georgia","Chattooga County",3,23,322,178,144
050,13,055,"Georgia","Chattooga County",3,24,295,164,131
050,13,055,"Georgia","Chattooga County",3,25,313,161,152
050,13,055,"Georgia","Chattooga County",3,26,312,174,138
050,13,055,"Georgia","Chattooga County",3,27,327,189,138
050,13,055,"Georgia","Chattooga County",3,28,317,181,136
050,13,055,"Georgia","Chattooga County",3,29,335,197,138
050,13,055,"Georgia","Chattooga County",3,30,337,200,137
050,13,055,"Georgia","Chattooga County",3,31,336,187,149
050,13,055,"Georgia","Chattooga County",3,32,312,174,138
050,13,055,"Georgia","Chattooga County",3,33,294,159,135
050,13,055,"Georgia","Chattooga County",3,34,279,139,140
050,13,055,"Georgia","Chattooga County",3,35,293,156,137
050,13,055,"Georgia","Chattooga County",3,36,283,143,140
050,13,055,"Georgia","Chattooga County",3,37,296,150,146
050,13,055,"Georgia","Chattooga County",3,38,283,148,135
050,13,055,"Georgia","Chattooga County",3,39,303,159,144
050,13,055,"Georgia","Chattooga County",3,40,301,153,148
050,13,055,"Georgia","Chattooga County",3,41,323,171,152
050,13,055,"Georgia","Chattooga County",3,42,308,168,140
050,13,055,"Georgia","Chattooga County",3,43,302,164,138
050,13,055,"Georgia","Chattooga County",3,44,296,162,134
050,13,055,"Georgia","Chattooga County",3,45,286,163,123
050,13,055,"Georgia","Chattooga County",3,46,277,154,123
050,13,055,"Georgia","Chattooga County",3,47,306,166,140
050,13,055,"Georgia","Chattooga County",3,48,311,168,143
050,13,055,"Georgia","Chattooga County",3,49,338,173,165
050,13,055,"Georgia","Chattooga County",3,50,350,180,170
050,13,055,"Georgia","Chattooga County",3,51,347,166,181
050,13,055,"Georgia","Chattooga County",3,52,335,176,159
050,13,055,"Georgia","Chattooga County",3,53,329,176,153
050,13,055,"Georgia","Chattooga County",3,54,313,168,145
050,13,055,"Georgia","Chattooga County",3,55,318,166,152
050,13,055,"Georgia","Chattooga County",3,56,330,159,171
050,13,055,"Georgia","Chattooga County",3,57,345,169,176
050,13,055,"Georgia","Chattooga County",3,58,327,161,166
050,13,055,"Georgia","Chattooga County",3,59,332,158,174
050,13,055,"Georgia","Chattooga County",3,60,323,152,171
050,13,055,"Georgia","Chattooga County",3,61,348,156,192
050,13,055,"Georgia","Chattooga County",3,62,363,181,182
050,13,055,"Georgia","Chattooga County",3,63,366,190,176
050,13,055,"Georgia","Chattooga County",3,64,360,183,177
050,13,055,"Georgia","Chattooga County",3,65,328,159,169
050,13,055,"Georgia","Chattooga County",3,66,320,157,163
050,13,055,"Georgia","Chattooga County",3,67,302,148,154
050,13,055,"Georgia","Chattooga County",3,68,282,130,152
050,13,055,"Georgia","Chattooga County",3,69,269,127,142
050,13,055,"Georgia","Chattooga County",3,70,263,127,136
050,13,055,"Georgia","Chattooga County",3,71,248,110,138
050,13,055,"Georgia","Chattooga County",3,72,249,114,135
050,13,055,"Georgia","Chattooga County",3,73,249,116,133
050,13,055,"Georgia","Chattooga County",3,74,258,126,132
050,13,055,"Georgia","Chattooga County",3,75,185,85,100
050,13,055,"Georgia","Chattooga County",3,76,158,67,91
050,13,055,"Georgia","Chattooga County",3,77,167,72,95
050,13,055,"Georgia","Chattooga County",3,78,186,74,112
050,13,055,"Georgia","Chattooga County",3,79,152,68,84
050,13,055,"Georgia","Chattooga County",3,80,119,54,65
050,13,055,"Georgia","Chattooga County",3,81,103,45,58
050,13,055,"Georgia","Chattooga County",3,82,110,45,65
050,13,055,"Georgia","Chattooga County",3,83,101,45,56
050,13,055,"Georgia","Chattooga County",3,84,88,35,53
050,13,055,"Georgia","Chattooga County",3,85,463,149,314
050,13,055,"Georgia","Chattooga County",4,0,254,141,113
050,13,055,"Georgia","Chattooga County",4,1,254,140,114
050,13,055,"Georgia","Chattooga County",4,2,300,176,124
050,13,055,"Georgia","Chattooga County",4,3,298,144,154
050,13,055,"Georgia","Chattooga County",4,4,296,143,153
050,13,055,"Georgia","Chattooga County",4,5,301,154,147
050,13,055,"Georgia","Chattooga County",4,6,311,153,158
050,13,055,"Georgia","Chattooga County",4,7,313,160,153
050,13,055,"Georgia","Chattooga County",4,8,313,154,159
050,13,055,"Georgia","Chattooga County",4,9,297,144,153
050,13,055,"Georgia","Chattooga County",4,10,294,150,144
050,13,055,"Georgia","Chattooga County",4,11,311,144,167
050,13,055,"Georgia","Chattooga County",4,12,288,146,142
050,13,055,"Georgia","Chattooga County",4,13,339,179,160
050,13,055,"Georgia","Chattooga County",4,14,361,184,177
050,13,055,"Georgia","Chattooga County",4,15,350,187,163
050,13,055,"Georgia","Chattooga County",4,16,319,170,149
050,13,055,"Georgia","Chattooga County",4,17,313,157,156
050,13,055,"Georgia","Chattooga County",4,18,271,139,132
050,13,055,"Georgia","Chattooga County",4,19,225,131,94
050,13,055,"Georgia","Chattooga County",4,20,270,157,113
050,13,055,"Georgia","Chattooga County",4,21,288,158,130
050,13,055,"Georgia","Chattooga County",4,22,319,181,138
050,13,055,"Georgia","Chattooga County",4,23,339,190,149
050,13,055,"Georgia","Chattooga County",4,24,303,170,133
050,13,055,"Georgia","Chattooga County",4,25,304,177,127
050,13,055,"Georgia","Chattooga County",4,26,303,162,141
050,13,055,"Georgia","Chattooga County",4,27,318,170,148
050,13,055,"Georgia","Chattooga County",4,28,327,184,143
050,13,055,"Georgia","Chattooga County",4,29,331,199,132
050,13,055,"Georgia","Chattooga County",4,30,328,193,135
050,13,055,"Georgia","Chattooga County",4,31,329,197,132
050,13,055,"Georgia","Chattooga County",4,32,342,194,148
050,13,055,"Georgia","Chattooga County",4,33,326,178,148
050,13,055,"Georgia","Chattooga County",4,34,284,152,132
050,13,055,"Georgia","Chattooga County",4,35,283,142,141
050,13,055,"Georgia","Chattooga County",4,36,305,163,142
050,13,055,"Georgia","Chattooga County",4,37,302,160,142
050,13,055,"Georgia","Chattooga County",4,38,292,139,153
050,13,055,"Georgia","Chattooga County",4,39,290,147,143
050,13,055,"Georgia","Chattooga County",4,40,301,158,143
050,13,055,"Georgia","Chattooga County",4,41,314,160,154
050,13,055,"Georgia","Chattooga County",4,42,328,173,155
050,13,055,"Georgia","Chattooga County",4,43,322,176,146
050,13,055,"Georgia","Chattooga County",4,44,309,170,139
050,13,055,"Georgia","Chattooga County",4,45,303,169,134
050,13,055,"Georgia","Chattooga County",4,46,280,151,129
050,13,055,"Georgia","Chattooga County",4,47,278,152,126
050,13,055,"Georgia","Chattooga County",4,48,311,170,141
050,13,055,"Georgia","Chattooga County",4,49,308,167,141
050,13,055,"Georgia","Chattooga County",4,50,320,161,159
050,13,055,"Georgia","Chattooga County",4,51,338,176,162
050,13,055,"Georgia","Chattooga County",4,52,341,163,178
050,13,055,"Georgia","Chattooga County",4,53,332,174,158
050,13,055,"Georgia","Chattooga County",4,54,325,175,150
050,13,055,"Georgia","Chattooga County",4,55,313,167,146
050,13,055,"Georgia","Chattooga County",4,56,325,168,157
050,13,055,"Georgia","Chattooga County",4,57,339,163,176
050,13,055,"Georgia","Chattooga County",4,58,337,166,171
050,13,055,"Georgia","Chattooga County",4,59,328,163,165
050,13,055,"Georgia","Chattooga County",4,60,322,156,166
050,13,055,"Georgia","Chattooga County",4,61,319,148,171
050,13,055,"Georgia","Chattooga County",4,62,339,160,179
050,13,055,"Georgia","Chattooga County",4,63,348,167,181
050,13,055,"Georgia","Chattooga County",4,64,359,188,171
050,13,055,"Georgia","Chattooga County",4,65,356,175,181
050,13,055,"Georgia","Chattooga County",4,66,326,156,170
050,13,055,"Georgia","Chattooga County",4,67,322,160,162
050,13,055,"Georgia","Chattooga County",4,68,297,149,148
050,13,055,"Georgia","Chattooga County",4,69,281,124,157
050,13,055,"Georgia","Chattooga County",4,70,264,123,141
050,13,055,"Georgia","Chattooga County",4,71,253,123,130
050,13,055,"Georgia","Chattooga County",4,72,239,106,133
050,13,055,"Georgia","Chattooga County",4,73,236,108,128
050,13,055,"Georgia","Chattooga County",4,74,243,109,134
050,13,055,"Georgia","Chattooga County",4,75,252,119,133
050,13,055,"Georgia","Chattooga County",4,76,171,78,93
050,13,055,"Georgia","Chattooga County",4,77,148,59,89
050,13,055,"Georgia","Chattooga County",4,78,149,67,82
050,13,055,"Georgia","Chattooga County",4,79,183,75,108
050,13,055,"Georgia","Chattooga County",4,80,139,58,81
050,13,055,"Georgia","Chattooga County",4,81,114,51,63
050,13,055,"Georgia","Chattooga County",4,82,92,37,55
050,13,055,"Georgia","Chattooga County",4,83,95,36,59
050,13,055,"Georgia","Chattooga County",4,84,94,40,54
050,13,055,"Georgia","Chattooga County",4,85,478,156,322
050,13,055,"Georgia","Chattooga County",5,0,247,133,114
050,13,055,"Georgia","Chattooga County",5,1,239,139,100
050,13,055,"Georgia","Chattooga County",5,2,268,148,120
050,13,055,"Georgia","Chattooga County",5,3,312,172,140
050,13,055,"Georgia","Chattooga County",5,4,305,149,156
050,13,055,"Georgia","Chattooga County",5,5,291,140,151
050,13,055,"Georgia","Chattooga County",5,6,311,166,145
050,13,055,"Georgia","Chattooga County",5,7,309,157,152
050,13,055,"Georgia","Chattooga County",5,8,311,166,145
050,13,055,"Georgia","Chattooga County",5,9,304,150,154
050,13,055,"Georgia","Chattooga County",5,10,313,151,162
050,13,055,"Georgia","Chattooga County",5,11,299,148,151
050,13,055,"Georgia","Chattooga County",5,12,307,144,163
050,13,055,"Georgia","Chattooga County",5,13,294,148,146
050,13,055,"Georgia","Chattooga County",5,14,344,173,171
050,13,055,"Georgia","Chattooga County",5,15,368,194,174
050,13,055,"Georgia","Chattooga County",5,16,365,197,168
050,13,055,"Georgia","Chattooga County",5,17,317,171,146
050,13,055,"Georgia","Chattooga County",5,18,269,143,126
050,13,055,"Georgia","Chattooga County",5,19,229,124,105
050,13,055,"Georgia","Chattooga County",5,20,272,157,115
050,13,055,"Georgia","Chattooga County",5,21,276,154,122
050,13,055,"Georgia","Chattooga County",5,22,332,182,150
050,13,055,"Georgia","Chattooga County",5,23,341,189,152
050,13,055,"Georgia","Chattooga County",5,24,340,196,144
050,13,055,"Georgia","Chattooga County",5,25,319,176,143
050,13,055,"Georgia","Chattooga County",5,26,312,181,131
050,13,055,"Georgia","Chattooga County",5,27,307,162,145
050,13,055,"Georgia","Chattooga County",5,28,324,175,149
050,13,055,"Georgia","Chattooga County",5,29,338,198,140
050,13,055,"Georgia","Chattooga County",5,30,315,190,125
050,13,055,"Georgia","Chattooga County",5,31,347,201,146
050,13,055,"Georgia","Chattooga County",5,32,329,190,139
050,13,055,"Georgia","Chattooga County",5,33,359,204,155
050,13,055,"Georgia","Chattooga County",5,34,329,182,147
050,13,055,"Georgia","Chattooga County",5,35,300,164,136
050,13,055,"Georgia","Chattooga County",5,36,285,145,140
050,13,055,"Georgia","Chattooga County",5,37,318,174,144
050,13,055,"Georgia","Chattooga County",5,38,302,154,148
050,13,055,"Georgia","Chattooga County",5,39,296,149,147
050,13,055,"Georgia","Chattooga County",5,40,283,139,144
050,13,055,"Georgia","Chattooga County",5,41,321,169,152
050,13,055,"Georgia","Chattooga County",5,42,327,169,158
050,13,055,"Georgia","Chattooga County",5,43,344,181,163
050,13,055,"Georgia","Chattooga County",5,44,336,184,152
050,13,055,"Georgia","Chattooga County",5,45,313,168,145
050,13,055,"Georgia","Chattooga County",5,46,297,164,133
050,13,055,"Georgia","Chattooga County",5,47,275,152,123
050,13,055,"Georgia","Chattooga County",5,48,287,158,129
050,13,055,"Georgia","Chattooga County",5,49,305,174,131
050,13,055,"Georgia","Chattooga County",5,50,305,159,146
050,13,055,"Georgia","Chattooga County",5,51,317,158,159
050,13,055,"Georgia","Chattooga County",5,52,342,178,164
050,13,055,"Georgia","Chattooga County",5,53,340,164,176
050,13,055,"Georgia","Chattooga County",5,54,334,175,159
050,13,055,"Georgia","Chattooga County",5,55,322,169,153
050,13,055,"Georgia","Chattooga County",5,56,320,172,148
050,13,055,"Georgia","Chattooga County",5,57,334,174,160
050,13,055,"Georgia","Chattooga County",5,58,356,169,187
050,13,055,"Georgia","Chattooga County",5,59,330,167,163
050,13,055,"Georgia","Chattooga County",5,60,327,162,165
050,13,055,"Georgia","Chattooga County",5,61,313,147,166
050,13,055,"Georgia","Chattooga County",5,62,331,157,174
050,13,055,"Georgia","Chattooga County",5,63,328,151,177
050,13,055,"Georgia","Chattooga County",5,64,348,165,183
050,13,055,"Georgia","Chattooga County",5,65,363,189,174
050,13,055,"Georgia","Chattooga County",5,66,361,174,187
050,13,055,"Georgia","Chattooga County",5,67,318,158,160
050,13,055,"Georgia","Chattooga County",5,68,315,155,160
050,13,055,"Georgia","Chattooga County",5,69,290,146,144
050,13,055,"Georgia","Chattooga County",5,70,270,117,153
050,13,055,"Georgia","Chattooga County",5,71,254,117,137
050,13,055,"Georgia","Chattooga County",5,72,250,121,129
050,13,055,"Georgia","Chattooga County",5,73,232,104,128
050,13,055,"Georgia","Chattooga County",5,74,232,103,129
050,13,055,"Georgia","Chattooga County",5,75,228,97,131
050,13,055,"Georgia","Chattooga County",5,76,235,111,124
050,13,055,"Georgia","Chattooga County",5,77,160,71,89
050,13,055,"Georgia","Chattooga County",5,78,130,53,77
050,13,055,"Georgia","Chattooga County",5,79,140,66,74
050,13,055,"Georgia","Chattooga County",5,80,174,67,107
050,13,055,"Georgia","Chattooga County",5,81,134,59,75
050,13,055,"Georgia","Chattooga County",5,82,102,42,60
050,13,055,"Georgia","Chattooga County",5,83,77,30,47
050,13,055,"Georgia","Chattooga County",5,84,88,33,55
050,13,055,"Georgia","Chattooga County",5,85,491,161,330
050,13,057,"Georgia","Cherokee County",1,0,2699,1379,1320
050,13,057,"Georgia","Cherokee County",1,1,2879,1469,1410
050,13,057,"Georgia","Cherokee County",1,2,2962,1515,1447
050,13,057,"Georgia","Cherokee County",1,3,3134,1604,1530
050,13,057,"Georgia","Cherokee County",1,4,3258,1671,1587
050,13,057,"Georgia","Cherokee County",1,5,3285,1693,1592
050,13,057,"Georgia","Cherokee County",1,6,3354,1746,1608
050,13,057,"Georgia","Cherokee County",1,7,3410,1797,1613
050,13,057,"Georgia","Cherokee County",1,8,3457,1783,1674
050,13,057,"Georgia","Cherokee County",1,9,3483,1773,1710
050,13,057,"Georgia","Cherokee County",1,10,3642,1847,1795
050,13,057,"Georgia","Cherokee County",1,11,3835,2003,1832
050,13,057,"Georgia","Cherokee County",1,12,3982,2052,1930
050,13,057,"Georgia","Cherokee County",1,13,4109,2102,2007
050,13,057,"Georgia","Cherokee County",1,14,4190,2171,2019
050,13,057,"Georgia","Cherokee County",1,15,4100,2139,1961
050,13,057,"Georgia","Cherokee County",1,16,4159,2155,2004
050,13,057,"Georgia","Cherokee County",1,17,4061,2066,1995
050,13,057,"Georgia","Cherokee County",1,18,3480,1809,1671
050,13,057,"Georgia","Cherokee County",1,19,2963,1564,1399
050,13,057,"Georgia","Cherokee County",1,20,3042,1548,1494
050,13,057,"Georgia","Cherokee County",1,21,3024,1564,1460
050,13,057,"Georgia","Cherokee County",1,22,3072,1538,1534
050,13,057,"Georgia","Cherokee County",1,23,2957,1465,1492
050,13,057,"Georgia","Cherokee County",1,24,2906,1450,1456
050,13,057,"Georgia","Cherokee County",1,25,2938,1524,1414
050,13,057,"Georgia","Cherokee County",1,26,2947,1483,1464
050,13,057,"Georgia","Cherokee County",1,27,3040,1529,1511
050,13,057,"Georgia","Cherokee County",1,28,3110,1532,1578
050,13,057,"Georgia","Cherokee County",1,29,3125,1534,1591
050,13,057,"Georgia","Cherokee County",1,30,3112,1527,1585
050,13,057,"Georgia","Cherokee County",1,31,3147,1498,1649
050,13,057,"Georgia","Cherokee County",1,32,3239,1578,1661
050,13,057,"Georgia","Cherokee County",1,33,3361,1683,1678
050,13,057,"Georgia","Cherokee County",1,34,3390,1689,1701
050,13,057,"Georgia","Cherokee County",1,35,3447,1748,1699
050,13,057,"Georgia","Cherokee County",1,36,3625,1881,1744
050,13,057,"Georgia","Cherokee County",1,37,3603,1793,1810
050,13,057,"Georgia","Cherokee County",1,38,3614,1804,1810
050,13,057,"Georgia","Cherokee County",1,39,3715,1831,1884
050,13,057,"Georgia","Cherokee County",1,40,3625,1764,1861
050,13,057,"Georgia","Cherokee County",1,41,3652,1804,1848
050,13,057,"Georgia","Cherokee County",1,42,3701,1801,1900
050,13,057,"Georgia","Cherokee County",1,43,3755,1864,1891
050,13,057,"Georgia","Cherokee County",1,44,3676,1842,1834
050,13,057,"Georgia","Cherokee County",1,45,3825,1920,1905
050,13,057,"Georgia","Cherokee County",1,46,3756,1874,1882
050,13,057,"Georgia","Cherokee County",1,47,3905,1936,1969
050,13,057,"Georgia","Cherokee County",1,48,4071,2064,2007
050,13,057,"Georgia","Cherokee County",1,49,4333,2144,2189
050,13,057,"Georgia","Cherokee County",1,50,4179,2117,2062
050,13,057,"Georgia","Cherokee County",1,51,3958,1975,1983
050,13,057,"Georgia","Cherokee County",1,52,3834,1945,1889
050,13,057,"Georgia","Cherokee County",1,53,3761,1917,1844
050,13,057,"Georgia","Cherokee County",1,54,3703,1862,1841
050,13,057,"Georgia","Cherokee County",1,55,3821,1883,1938
050,13,057,"Georgia","Cherokee County",1,56,3788,1876,1912
050,13,057,"Georgia","Cherokee County",1,57,3762,1887,1875
050,13,057,"Georgia","Cherokee County",1,58,3667,1803,1864
050,13,057,"Georgia","Cherokee County",1,59,3540,1733,1807
050,13,057,"Georgia","Cherokee County",1,60,3422,1685,1737
050,13,057,"Georgia","Cherokee County",1,61,3371,1643,1728
050,13,057,"Georgia","Cherokee County",1,62,3261,1610,1651
050,13,057,"Georgia","Cherokee County",1,63,3195,1580,1615
050,13,057,"Georgia","Cherokee County",1,64,2997,1474,1523
050,13,057,"Georgia","Cherokee County",1,65,2850,1353,1497
050,13,057,"Georgia","Cherokee County",1,66,2777,1311,1466
050,13,057,"Georgia","Cherokee County",1,67,2718,1269,1449
050,13,057,"Georgia","Cherokee County",1,68,2660,1210,1450
050,13,057,"Georgia","Cherokee County",1,69,2469,1124,1345
050,13,057,"Georgia","Cherokee County",1,70,2398,1060,1338
050,13,057,"Georgia","Cherokee County",1,71,2509,1146,1363
050,13,057,"Georgia","Cherokee County",1,72,2503,1125,1378
050,13,057,"Georgia","Cherokee County",1,73,2575,1241,1334
050,13,057,"Georgia","Cherokee County",1,74,1720,766,954
050,13,057,"Georgia","Cherokee County",1,75,1659,749,910
050,13,057,"Georgia","Cherokee County",1,76,1634,749,885
050,13,057,"Georgia","Cherokee County",1,77,1573,735,838
050,13,057,"Georgia","Cherokee County",1,78,1241,552,689
050,13,057,"Georgia","Cherokee County",1,79,1084,479,605
050,13,057,"Georgia","Cherokee County",1,80,971,424,547
050,13,057,"Georgia","Cherokee County",1,81,863,402,461
050,13,057,"Georgia","Cherokee County",1,82,769,338,431
050,13,057,"Georgia","Cherokee County",1,83,685,283,402
050,13,057,"Georgia","Cherokee County",1,84,603,254,349
050,13,057,"Georgia","Cherokee County",1,85,2919,1029,1890
050,13,057,"Georgia","Cherokee County",2,0,2739,1415,1324
050,13,057,"Georgia","Cherokee County",2,1,2860,1459,1401
050,13,057,"Georgia","Cherokee County",2,2,2961,1513,1448
050,13,057,"Georgia","Cherokee County",2,3,3111,1593,1518
050,13,057,"Georgia","Cherokee County",2,4,3246,1661,1585
050,13,057,"Georgia","Cherokee County",2,5,3301,1702,1599
050,13,057,"Georgia","Cherokee County",2,6,3364,1748,1616
050,13,057,"Georgia","Cherokee County",2,7,3408,1789,1619
050,13,057,"Georgia","Cherokee County",2,8,3457,1790,1667
050,13,057,"Georgia","Cherokee County",2,9,3488,1777,1711
050,13,057,"Georgia","Cherokee County",2,10,3609,1827,1782
050,13,057,"Georgia","Cherokee County",2,11,3790,1964,1826
050,13,057,"Georgia","Cherokee County",2,12,3975,2054,1921
050,13,057,"Georgia","Cherokee County",2,13,4108,2099,2009
050,13,057,"Georgia","Cherokee County",2,14,4172,2150,2022
050,13,057,"Georgia","Cherokee County",2,15,4139,2158,1981
050,13,057,"Georgia","Cherokee County",2,16,4159,2159,2000
050,13,057,"Georgia","Cherokee County",2,17,4105,2099,2006
050,13,057,"Georgia","Cherokee County",2,18,3495,1816,1679
050,13,057,"Georgia","Cherokee County",2,19,2996,1572,1424
050,13,057,"Georgia","Cherokee County",2,20,3092,1583,1509
050,13,057,"Georgia","Cherokee County",2,21,3055,1573,1482
050,13,057,"Georgia","Cherokee County",2,22,3095,1550,1545
050,13,057,"Georgia","Cherokee County",2,23,2992,1485,1507
050,13,057,"Georgia","Cherokee County",2,24,2940,1468,1472
050,13,057,"Georgia","Cherokee County",2,25,2955,1520,1435
050,13,057,"Georgia","Cherokee County",2,26,2984,1518,1466
050,13,057,"Georgia","Cherokee County",2,27,3037,1535,1502
050,13,057,"Georgia","Cherokee County",2,28,3134,1556,1578
050,13,057,"Georgia","Cherokee County",2,29,3148,1549,1599
050,13,057,"Georgia","Cherokee County",2,30,3153,1544,1609
050,13,057,"Georgia","Cherokee County",2,31,3169,1529,1640
050,13,057,"Georgia","Cherokee County",2,32,3235,1569,1666
050,13,057,"Georgia","Cherokee County",2,33,3360,1672,1688
050,13,057,"Georgia","Cherokee County",2,34,3398,1691,1707
050,13,057,"Georgia","Cherokee County",2,35,3481,1766,1715
050,13,057,"Georgia","Cherokee County",2,36,3582,1850,1732
050,13,057,"Georgia","Cherokee County",2,37,3630,1826,1804
050,13,057,"Georgia","Cherokee County",2,38,3644,1817,1827
050,13,057,"Georgia","Cherokee County",2,39,3690,1828,1862
050,13,057,"Georgia","Cherokee County",2,40,3683,1798,1885
050,13,057,"Georgia","Cherokee County",2,41,3661,1804,1857
050,13,057,"Georgia","Cherokee County",2,42,3699,1808,1891
050,13,057,"Georgia","Cherokee County",2,43,3791,1876,1915
050,13,057,"Georgia","Cherokee County",2,44,3685,1841,1844
050,13,057,"Georgia","Cherokee County",2,45,3819,1917,1902
050,13,057,"Georgia","Cherokee County",2,46,3783,1891,1892
050,13,057,"Georgia","Cherokee County",2,47,3875,1923,1952
050,13,057,"Georgia","Cherokee County",2,48,4047,2039,2008
050,13,057,"Georgia","Cherokee County",2,49,4301,2141,2160
050,13,057,"Georgia","Cherokee County",2,50,4235,2132,2103
050,13,057,"Georgia","Cherokee County",2,51,4015,2014,2001
050,13,057,"Georgia","Cherokee County",2,52,3853,1951,1902
050,13,057,"Georgia","Cherokee County",2,53,3796,1930,1866
050,13,057,"Georgia","Cherokee County",2,54,3716,1877,1839
050,13,057,"Georgia","Cherokee County",2,55,3805,1884,1921
050,13,057,"Georgia","Cherokee County",2,56,3814,1887,1927
050,13,057,"Georgia","Cherokee County",2,57,3789,1890,1899
050,13,057,"Georgia","Cherokee County",2,58,3700,1825,1875
050,13,057,"Georgia","Cherokee County",2,59,3586,1757,1829
050,13,057,"Georgia","Cherokee County",2,60,3449,1695,1754
050,13,057,"Georgia","Cherokee County",2,61,3384,1651,1733
050,13,057,"Georgia","Cherokee County",2,62,3302,1624,1678
050,13,057,"Georgia","Cherokee County",2,63,3245,1599,1646
050,13,057,"Georgia","Cherokee County",2,64,3035,1487,1548
050,13,057,"Georgia","Cherokee County",2,65,2897,1384,1513
050,13,057,"Georgia","Cherokee County",2,66,2812,1327,1485
050,13,057,"Georgia","Cherokee County",2,67,2745,1288,1457
050,13,057,"Georgia","Cherokee County",2,68,2669,1221,1448
050,13,057,"Georgia","Cherokee County",2,69,2542,1152,1390
050,13,057,"Georgia","Cherokee County",2,70,2421,1078,1343
050,13,057,"Georgia","Cherokee County",2,71,2494,1129,1365
050,13,057,"Georgia","Cherokee County",2,72,2468,1119,1349
050,13,057,"Georgia","Cherokee County",2,73,2697,1278,1419
050,13,057,"Georgia","Cherokee County",2,74,1805,820,985
050,13,057,"Georgia","Cherokee County",2,75,1672,756,916
050,13,057,"Georgia","Cherokee County",2,76,1621,742,879
050,13,057,"Georgia","Cherokee County",2,77,1625,750,875
050,13,057,"Georgia","Cherokee County",2,78,1298,583,715
050,13,057,"Georgia","Cherokee County",2,79,1109,491,618
050,13,057,"Georgia","Cherokee County",2,80,995,437,558
050,13,057,"Georgia","Cherokee County",2,81,886,408,478
050,13,057,"Georgia","Cherokee County",2,82,788,349,439
050,13,057,"Georgia","Cherokee County",2,83,689,291,398
050,13,057,"Georgia","Cherokee County",2,84,615,257,358
050,13,057,"Georgia","Cherokee County",2,85,2983,1060,1923
050,13,057,"Georgia","Cherokee County",3,0,2763,1435,1328
050,13,057,"Georgia","Cherokee County",3,1,2881,1499,1382
050,13,057,"Georgia","Cherokee County",3,2,2986,1518,1468
050,13,057,"Georgia","Cherokee County",3,3,3083,1593,1490
050,13,057,"Georgia","Cherokee County",3,4,3184,1637,1547
050,13,057,"Georgia","Cherokee County",3,5,3381,1726,1655
050,13,057,"Georgia","Cherokee County",3,6,3329,1708,1621
050,13,057,"Georgia","Cherokee County",3,7,3459,1799,1660
050,13,057,"Georgia","Cherokee County",3,8,3490,1814,1676
050,13,057,"Georgia","Cherokee County",3,9,3547,1859,1688
050,13,057,"Georgia","Cherokee County",3,10,3515,1777,1738
050,13,057,"Georgia","Cherokee County",3,11,3706,1871,1835
050,13,057,"Georgia","Cherokee County",3,12,3839,1988,1851
050,13,057,"Georgia","Cherokee County",3,13,4096,2137,1959
050,13,057,"Georgia","Cherokee County",3,14,4173,2136,2037
050,13,057,"Georgia","Cherokee County",3,15,4214,2190,2024
050,13,057,"Georgia","Cherokee County",3,16,4148,2163,1985
050,13,057,"Georgia","Cherokee County",3,17,4175,2176,1999
050,13,057,"Georgia","Cherokee County",3,18,3621,1884,1737
050,13,057,"Georgia","Cherokee County",3,19,3053,1588,1465
050,13,057,"Georgia","Cherokee County",3,20,3236,1666,1570
050,13,057,"Georgia","Cherokee County",3,21,3194,1621,1573
050,13,057,"Georgia","Cherokee County",3,22,3285,1651,1634
050,13,057,"Georgia","Cherokee County",3,23,3207,1628,1579
050,13,057,"Georgia","Cherokee County",3,24,3081,1538,1543
050,13,057,"Georgia","Cherokee County",3,25,3047,1542,1505
050,13,057,"Georgia","Cherokee County",3,26,3109,1570,1539
050,13,057,"Georgia","Cherokee County",3,27,3087,1546,1541
050,13,057,"Georgia","Cherokee County",3,28,3147,1587,1560
050,13,057,"Georgia","Cherokee County",3,29,3312,1600,1712
050,13,057,"Georgia","Cherokee County",3,30,3337,1647,1690
050,13,057,"Georgia","Cherokee County",3,31,3328,1624,1704
050,13,057,"Georgia","Cherokee County",3,32,3308,1612,1696
050,13,057,"Georgia","Cherokee County",3,33,3392,1653,1739
050,13,057,"Georgia","Cherokee County",3,34,3530,1725,1805
050,13,057,"Georgia","Cherokee County",3,35,3544,1757,1787
050,13,057,"Georgia","Cherokee County",3,36,3649,1821,1828
050,13,057,"Georgia","Cherokee County",3,37,3712,1916,1796
050,13,057,"Georgia","Cherokee County",3,38,3761,1858,1903
050,13,057,"Georgia","Cherokee County",3,39,3752,1876,1876
050,13,057,"Georgia","Cherokee County",3,40,3793,1888,1905
050,13,057,"Georgia","Cherokee County",3,41,3779,1865,1914
050,13,057,"Georgia","Cherokee County",3,42,3772,1870,1902
050,13,057,"Georgia","Cherokee County",3,43,3813,1865,1948
050,13,057,"Georgia","Cherokee County",3,44,3801,1863,1938
050,13,057,"Georgia","Cherokee County",3,45,3719,1833,1886
050,13,057,"Georgia","Cherokee County",3,46,3866,1949,1917
050,13,057,"Georgia","Cherokee County",3,47,3815,1912,1903
050,13,057,"Georgia","Cherokee County",3,48,3951,1951,2000
050,13,057,"Georgia","Cherokee County",3,49,4072,2045,2027
050,13,057,"Georgia","Cherokee County",3,50,4323,2152,2171
050,13,057,"Georgia","Cherokee County",3,51,4287,2160,2127
050,13,057,"Georgia","Cherokee County",3,52,4057,2044,2013
050,13,057,"Georgia","Cherokee County",3,53,3888,1965,1923
050,13,057,"Georgia","Cherokee County",3,54,3807,1927,1880
050,13,057,"Georgia","Cherokee County",3,55,3750,1899,1851
050,13,057,"Georgia","Cherokee County",3,56,3876,1915,1961
050,13,057,"Georgia","Cherokee County",3,57,3837,1873,1964
050,13,057,"Georgia","Cherokee County",3,58,3834,1897,1937
050,13,057,"Georgia","Cherokee County",3,59,3721,1822,1899
050,13,057,"Georgia","Cherokee County",3,60,3659,1777,1882
050,13,057,"Georgia","Cherokee County",3,61,3475,1712,1763
050,13,057,"Georgia","Cherokee County",3,62,3392,1645,1747
050,13,057,"Georgia","Cherokee County",3,63,3382,1653,1729
050,13,057,"Georgia","Cherokee County",3,64,3328,1623,1705
050,13,057,"Georgia","Cherokee County",3,65,3096,1502,1594
050,13,057,"Georgia","Cherokee County",3,66,2910,1382,1528
050,13,057,"Georgia","Cherokee County",3,67,2835,1336,1499
050,13,057,"Georgia","Cherokee County",3,68,2786,1311,1475
050,13,057,"Georgia","Cherokee County",3,69,2671,1190,1481
050,13,057,"Georgia","Cherokee County",3,70,2566,1157,1409
050,13,057,"Georgia","Cherokee County",3,71,2417,1069,1348
050,13,057,"Georgia","Cherokee County",3,72,2472,1105,1367
050,13,057,"Georgia","Cherokee County",3,73,2474,1123,1351
050,13,057,"Georgia","Cherokee County",3,74,2698,1266,1432
050,13,057,"Georgia","Cherokee County",3,75,1802,827,975
050,13,057,"Georgia","Cherokee County",3,76,1644,738,906
050,13,057,"Georgia","Cherokee County",3,77,1564,705,859
050,13,057,"Georgia","Cherokee County",3,78,1607,731,876
050,13,057,"Georgia","Cherokee County",3,79,1256,547,709
050,13,057,"Georgia","Cherokee County",3,80,1062,466,596
050,13,057,"Georgia","Cherokee County",3,81,954,415,539
050,13,057,"Georgia","Cherokee County",3,82,844,371,473
050,13,057,"Georgia","Cherokee County",3,83,716,316,400
050,13,057,"Georgia","Cherokee County",3,84,639,272,367
050,13,057,"Georgia","Cherokee County",3,85,3061,1089,1972
050,13,057,"Georgia","Cherokee County",4,0,3003,1517,1486
050,13,057,"Georgia","Cherokee County",4,1,2915,1526,1389
050,13,057,"Georgia","Cherokee County",4,2,2967,1578,1389
050,13,057,"Georgia","Cherokee County",4,3,3103,1584,1519
050,13,057,"Georgia","Cherokee County",4,4,3181,1635,1546
050,13,057,"Georgia","Cherokee County",4,5,3294,1660,1634
050,13,057,"Georgia","Cherokee County",4,6,3448,1790,1658
050,13,057,"Georgia","Cherokee County",4,7,3418,1760,1658
050,13,057,"Georgia","Cherokee County",4,8,3569,1852,1717
050,13,057,"Georgia","Cherokee County",4,9,3543,1836,1707
050,13,057,"Georgia","Cherokee County",4,10,3606,1891,1715
050,13,057,"Georgia","Cherokee County",4,11,3573,1811,1762
050,13,057,"Georgia","Cherokee County",4,12,3784,1910,1874
050,13,057,"Georgia","Cherokee County",4,13,3959,2030,1929
050,13,057,"Georgia","Cherokee County",4,14,4137,2163,1974
050,13,057,"Georgia","Cherokee County",4,15,4213,2142,2071
050,13,057,"Georgia","Cherokee County",4,16,4236,2214,2022
050,13,057,"Georgia","Cherokee County",4,17,4207,2194,2013
050,13,057,"Georgia","Cherokee County",4,18,3696,1961,1735
050,13,057,"Georgia","Cherokee County",4,19,3060,1623,1437
050,13,057,"Georgia","Cherokee County",4,20,3214,1674,1540
050,13,057,"Georgia","Cherokee County",4,21,3332,1722,1610
050,13,057,"Georgia","Cherokee County",4,22,3407,1675,1732
050,13,057,"Georgia","Cherokee County",4,23,3346,1731,1615
050,13,057,"Georgia","Cherokee County",4,24,3299,1708,1591
050,13,057,"Georgia","Cherokee County",4,25,3165,1543,1622
050,13,057,"Georgia","Cherokee County",4,26,3139,1587,1552
050,13,057,"Georgia","Cherokee County",4,27,3230,1632,1598
050,13,057,"Georgia","Cherokee County",4,28,3292,1655,1637
050,13,057,"Georgia","Cherokee County",4,29,3358,1680,1678
050,13,057,"Georgia","Cherokee County",4,30,3532,1690,1842
050,13,057,"Georgia","Cherokee County",4,31,3546,1782,1764
050,13,057,"Georgia","Cherokee County",4,32,3507,1719,1788
050,13,057,"Georgia","Cherokee County",4,33,3457,1687,1770
050,13,057,"Georgia","Cherokee County",4,34,3607,1742,1865
050,13,057,"Georgia","Cherokee County",4,35,3699,1824,1875
050,13,057,"Georgia","Cherokee County",4,36,3729,1844,1885
050,13,057,"Georgia","Cherokee County",4,37,3744,1850,1894
050,13,057,"Georgia","Cherokee County",4,38,3849,1990,1859
050,13,057,"Georgia","Cherokee County",4,39,3863,1913,1950
050,13,057,"Georgia","Cherokee County",4,40,3851,1924,1927
050,13,057,"Georgia","Cherokee County",4,41,3845,1910,1935
050,13,057,"Georgia","Cherokee County",4,42,3877,1891,1986
050,13,057,"Georgia","Cherokee County",4,43,3857,1946,1911
050,13,057,"Georgia","Cherokee County",4,44,3886,1900,1986
050,13,057,"Georgia","Cherokee County",4,45,3871,1903,1968
050,13,057,"Georgia","Cherokee County",4,46,3807,1894,1913
050,13,057,"Georgia","Cherokee County",4,47,3903,1977,1926
050,13,057,"Georgia","Cherokee County",4,48,3853,1928,1925
050,13,057,"Georgia","Cherokee County",4,49,3974,1935,2039
050,13,057,"Georgia","Cherokee County",4,50,4111,2091,2020
050,13,057,"Georgia","Cherokee County",4,51,4425,2194,2231
050,13,057,"Georgia","Cherokee County",4,52,4310,2181,2129
050,13,057,"Georgia","Cherokee County",4,53,4060,2024,2036
050,13,057,"Georgia","Cherokee County",4,54,3920,1973,1947
050,13,057,"Georgia","Cherokee County",4,55,3775,1908,1867
050,13,057,"Georgia","Cherokee County",4,56,3775,1908,1867
050,13,057,"Georgia","Cherokee County",4,57,3843,1901,1942
050,13,057,"Georgia","Cherokee County",4,58,3849,1874,1975
050,13,057,"Georgia","Cherokee County",4,59,3858,1925,1933
050,13,057,"Georgia","Cherokee County",4,60,3681,1789,1892
050,13,057,"Georgia","Cherokee County",4,61,3646,1775,1871
050,13,057,"Georgia","Cherokee County",4,62,3484,1708,1776
050,13,057,"Georgia","Cherokee County",4,63,3439,1676,1763
050,13,057,"Georgia","Cherokee County",4,64,3411,1657,1754
050,13,057,"Georgia","Cherokee County",4,65,3320,1634,1686
050,13,057,"Georgia","Cherokee County",4,66,3112,1501,1611
050,13,057,"Georgia","Cherokee County",4,67,2893,1348,1545
050,13,057,"Georgia","Cherokee County",4,68,2855,1321,1534
050,13,057,"Georgia","Cherokee County",4,69,2785,1292,1493
050,13,057,"Georgia","Cherokee County",4,70,2666,1174,1492
050,13,057,"Georgia","Cherokee County",4,71,2546,1138,1408
050,13,057,"Georgia","Cherokee County",4,72,2407,1061,1346
050,13,057,"Georgia","Cherokee County",4,73,2473,1106,1367
050,13,057,"Georgia","Cherokee County",4,74,2447,1101,1346
050,13,057,"Georgia","Cherokee County",4,75,2697,1264,1433
050,13,057,"Georgia","Cherokee County",4,76,1788,813,975
050,13,057,"Georgia","Cherokee County",4,77,1645,734,911
050,13,057,"Georgia","Cherokee County",4,78,1573,707,866
050,13,057,"Georgia","Cherokee County",4,79,1590,709,881
050,13,057,"Georgia","Cherokee County",4,80,1203,521,682
050,13,057,"Georgia","Cherokee County",4,81,1037,451,586
050,13,057,"Georgia","Cherokee County",4,82,916,391,525
050,13,057,"Georgia","Cherokee County",4,83,824,358,466
050,13,057,"Georgia","Cherokee County",4,84,668,295,373
050,13,057,"Georgia","Cherokee County",4,85,3211,1165,2046
050,13,057,"Georgia","Cherokee County",5,0,2927,1475,1452
050,13,057,"Georgia","Cherokee County",5,1,3153,1584,1569
050,13,057,"Georgia","Cherokee County",5,2,2972,1549,1423
050,13,057,"Georgia","Cherokee County",5,3,3089,1635,1454
050,13,057,"Georgia","Cherokee County",5,4,3180,1614,1566
050,13,057,"Georgia","Cherokee County",5,5,3237,1662,1575
050,13,057,"Georgia","Cherokee County",5,6,3343,1716,1627
050,13,057,"Georgia","Cherokee County",5,7,3490,1838,1652
050,13,057,"Georgia","Cherokee County",5,8,3496,1796,1700
050,13,057,"Georgia","Cherokee County",5,9,3631,1896,1735
050,13,057,"Georgia","Cherokee County",5,10,3589,1875,1714
050,13,057,"Georgia","Cherokee County",5,11,3651,1903,1748
050,13,057,"Georgia","Cherokee County",5,12,3593,1811,1782
050,13,057,"Georgia","Cherokee County",5,13,3866,1933,1933
050,13,057,"Georgia","Cherokee County",5,14,3972,2068,1904
050,13,057,"Georgia","Cherokee County",5,15,4154,2171,1983
050,13,057,"Georgia","Cherokee County",5,16,4241,2149,2092
050,13,057,"Georgia","Cherokee County",5,17,4261,2232,2029
050,13,057,"Georgia","Cherokee County",5,18,3655,1954,1701
050,13,057,"Georgia","Cherokee County",5,19,3142,1681,1461
050,13,057,"Georgia","Cherokee County",5,20,3385,1791,1594
050,13,057,"Georgia","Cherokee County",5,21,3359,1743,1616
050,13,057,"Georgia","Cherokee County",5,22,3554,1820,1734
050,13,057,"Georgia","Cherokee County",5,23,3442,1718,1724
050,13,057,"Georgia","Cherokee County",5,24,3424,1762,1662
050,13,057,"Georgia","Cherokee County",5,25,3315,1718,1597
050,13,057,"Georgia","Cherokee County",5,26,3165,1600,1565
050,13,057,"Georgia","Cherokee County",5,27,3177,1572,1605
050,13,057,"Georgia","Cherokee County",5,28,3445,1731,1714
050,13,057,"Georgia","Cherokee County",5,29,3441,1719,1722
050,13,057,"Georgia","Cherokee County",5,30,3448,1726,1722
050,13,057,"Georgia","Cherokee County",5,31,3721,1788,1933
050,13,057,"Georgia","Cherokee County",5,32,3719,1855,1864
050,13,057,"Georgia","Cherokee County",5,33,3696,1791,1905
050,13,057,"Georgia","Cherokee County",5,34,3570,1757,1813
050,13,057,"Georgia","Cherokee County",5,35,3739,1826,1913
050,13,057,"Georgia","Cherokee County",5,36,3855,1876,1979
050,13,057,"Georgia","Cherokee County",5,37,3840,1915,1925
050,13,057,"Georgia","Cherokee County",5,38,3838,1901,1937
050,13,057,"Georgia","Cherokee County",5,39,3949,2067,1882
050,13,057,"Georgia","Cherokee County",5,40,4005,1969,2036
050,13,057,"Georgia","Cherokee County",5,41,3929,1947,1982
050,13,057,"Georgia","Cherokee County",5,42,3947,1932,2015
050,13,057,"Georgia","Cherokee County",5,43,3984,1937,2047
050,13,057,"Georgia","Cherokee County",5,44,3922,1972,1950
050,13,057,"Georgia","Cherokee County",5,45,3895,1912,1983
050,13,057,"Georgia","Cherokee County",5,46,3945,1945,2000
050,13,057,"Georgia","Cherokee County",5,47,3807,1892,1915
050,13,057,"Georgia","Cherokee County",5,48,3986,2022,1964
050,13,057,"Georgia","Cherokee County",5,49,3900,1942,1958
050,13,057,"Georgia","Cherokee County",5,50,4016,1965,2051
050,13,057,"Georgia","Cherokee County",5,51,4151,2105,2046
050,13,057,"Georgia","Cherokee County",5,52,4466,2218,2248
050,13,057,"Georgia","Cherokee County",5,53,4379,2189,2190
050,13,057,"Georgia","Cherokee County",5,54,4091,2050,2041
050,13,057,"Georgia","Cherokee County",5,55,3956,1991,1965
050,13,057,"Georgia","Cherokee County",5,56,3801,1923,1878
050,13,057,"Georgia","Cherokee County",5,57,3764,1911,1853
050,13,057,"Georgia","Cherokee County",5,58,3838,1892,1946
050,13,057,"Georgia","Cherokee County",5,59,3842,1884,1958
050,13,057,"Georgia","Cherokee County",5,60,3827,1900,1927
050,13,057,"Georgia","Cherokee County",5,61,3672,1781,1891
050,13,057,"Georgia","Cherokee County",5,62,3671,1787,1884
050,13,057,"Georgia","Cherokee County",5,63,3515,1723,1792
050,13,057,"Georgia","Cherokee County",5,64,3490,1683,1807
050,13,057,"Georgia","Cherokee County",5,65,3413,1653,1760
050,13,057,"Georgia","Cherokee County",5,66,3313,1623,1690
050,13,057,"Georgia","Cherokee County",5,67,3090,1473,1617
050,13,057,"Georgia","Cherokee County",5,68,2890,1344,1546
050,13,057,"Georgia","Cherokee County",5,69,2850,1322,1528
050,13,057,"Georgia","Cherokee County",5,70,2771,1279,1492
050,13,057,"Georgia","Cherokee County",5,71,2663,1163,1500
050,13,057,"Georgia","Cherokee County",5,72,2501,1104,1397
050,13,057,"Georgia","Cherokee County",5,73,2407,1065,1342
050,13,057,"Georgia","Cherokee County",5,74,2418,1079,1339
050,13,057,"Georgia","Cherokee County",5,75,2444,1099,1345
050,13,057,"Georgia","Cherokee County",5,76,2682,1241,1441
050,13,057,"Georgia","Cherokee County",5,77,1743,792,951
050,13,057,"Georgia","Cherokee County",5,78,1633,720,913
050,13,057,"Georgia","Cherokee County",5,79,1537,681,856
050,13,057,"Georgia","Cherokee County",5,80,1545,692,853
050,13,057,"Georgia","Cherokee County",5,81,1157,501,656
050,13,057,"Georgia","Cherokee County",5,82,987,421,566
050,13,057,"Georgia","Cherokee County",5,83,867,375,492
050,13,057,"Georgia","Cherokee County",5,84,789,351,438
050,13,057,"Georgia","Cherokee County",5,85,3379,1256,2123
050,13,059,"Georgia","Clarke County",1,0,1299,658,641
050,13,059,"Georgia","Clarke County",1,1,1260,644,616
050,13,059,"Georgia","Clarke County",1,2,1256,672,584
050,13,059,"Georgia","Clarke County",1,3,1244,637,607
050,13,059,"Georgia","Clarke County",1,4,1283,638,645
050,13,059,"Georgia","Clarke County",1,5,1307,669,638
050,13,059,"Georgia","Clarke County",1,6,1275,640,635
050,13,059,"Georgia","Clarke County",1,7,1236,621,615
050,13,059,"Georgia","Clarke County",1,8,1205,638,567
050,13,059,"Georgia","Clarke County",1,9,1267,658,609
050,13,059,"Georgia","Clarke County",1,10,1242,636,606
050,13,059,"Georgia","Clarke County",1,11,1228,612,616
050,13,059,"Georgia","Clarke County",1,12,1270,652,618
050,13,059,"Georgia","Clarke County",1,13,1292,655,637
050,13,059,"Georgia","Clarke County",1,14,1204,623,581
050,13,059,"Georgia","Clarke County",1,15,1096,573,523
050,13,059,"Georgia","Clarke County",1,16,1174,591,583
050,13,059,"Georgia","Clarke County",1,17,1135,589,546
050,13,059,"Georgia","Clarke County",1,18,3150,1232,1918
050,13,059,"Georgia","Clarke County",1,19,6112,2676,3436
050,13,059,"Georgia","Clarke County",1,20,6060,2783,3277
050,13,059,"Georgia","Clarke County",1,21,5762,2812,2950
050,13,059,"Georgia","Clarke County",1,22,4868,2487,2381
050,13,059,"Georgia","Clarke County",1,23,3660,1762,1898
050,13,059,"Georgia","Clarke County",1,24,2835,1347,1488
050,13,059,"Georgia","Clarke County",1,25,2508,1257,1251
050,13,059,"Georgia","Clarke County",1,26,2368,1145,1223
050,13,059,"Georgia","Clarke County",1,27,2218,1061,1157
050,13,059,"Georgia","Clarke County",1,28,2116,1030,1086
050,13,059,"Georgia","Clarke County",1,29,2128,1013,1115
050,13,059,"Georgia","Clarke County",1,30,2063,968,1095
050,13,059,"Georgia","Clarke County",1,31,1969,933,1036
050,13,059,"Georgia","Clarke County",1,32,1879,904,975
050,13,059,"Georgia","Clarke County",1,33,1771,895,876
050,13,059,"Georgia","Clarke County",1,34,1618,783,835
050,13,059,"Georgia","Clarke County",1,35,1601,766,835
050,13,059,"Georgia","Clarke County",1,36,1528,724,804
050,13,059,"Georgia","Clarke County",1,37,1552,811,741
050,13,059,"Georgia","Clarke County",1,38,1590,794,796
050,13,059,"Georgia","Clarke County",1,39,1544,771,773
050,13,059,"Georgia","Clarke County",1,40,1545,791,754
050,13,059,"Georgia","Clarke County",1,41,1436,709,727
050,13,059,"Georgia","Clarke County",1,42,1323,633,690
050,13,059,"Georgia","Clarke County",1,43,1290,610,680
050,13,059,"Georgia","Clarke County",1,44,1295,612,683
050,13,059,"Georgia","Clarke County",1,45,1232,594,638
050,13,059,"Georgia","Clarke County",1,46,1199,582,617
050,13,059,"Georgia","Clarke County",1,47,1232,600,632
050,13,059,"Georgia","Clarke County",1,48,1244,589,655
050,13,059,"Georgia","Clarke County",1,49,1260,590,670
050,13,059,"Georgia","Clarke County",1,50,1266,623,643
050,13,059,"Georgia","Clarke County",1,51,1155,543,612
050,13,059,"Georgia","Clarke County",1,52,1188,574,614
050,13,059,"Georgia","Clarke County",1,53,1102,515,587
050,13,059,"Georgia","Clarke County",1,54,1067,504,563
050,13,059,"Georgia","Clarke County",1,55,1123,555,568
050,13,059,"Georgia","Clarke County",1,56,1161,565,596
050,13,059,"Georgia","Clarke County",1,57,1174,560,614
050,13,059,"Georgia","Clarke County",1,58,1169,541,628
050,13,059,"Georgia","Clarke County",1,59,1151,530,621
050,13,059,"Georgia","Clarke County",1,60,1180,569,611
050,13,059,"Georgia","Clarke County",1,61,1177,559,618
050,13,059,"Georgia","Clarke County",1,62,1211,541,670
050,13,059,"Georgia","Clarke County",1,63,1147,506,641
050,13,059,"Georgia","Clarke County",1,64,1110,494,616
050,13,059,"Georgia","Clarke County",1,65,1121,488,633
050,13,059,"Georgia","Clarke County",1,66,1095,476,619
050,13,059,"Georgia","Clarke County",1,67,1114,511,603
050,13,059,"Georgia","Clarke County",1,68,1024,457,567
050,13,059,"Georgia","Clarke County",1,69,944,412,532
050,13,059,"Georgia","Clarke County",1,70,946,426,520
050,13,059,"Georgia","Clarke County",1,71,864,385,479
050,13,059,"Georgia","Clarke County",1,72,818,374,444
050,13,059,"Georgia","Clarke County",1,73,821,347,474
050,13,059,"Georgia","Clarke County",1,74,613,242,371
050,13,059,"Georgia","Clarke County",1,75,598,259,339
050,13,059,"Georgia","Clarke County",1,76,632,273,359
050,13,059,"Georgia","Clarke County",1,77,571,241,330
050,13,059,"Georgia","Clarke County",1,78,447,184,263
050,13,059,"Georgia","Clarke County",1,79,404,166,238
050,13,059,"Georgia","Clarke County",1,80,382,149,233
050,13,059,"Georgia","Clarke County",1,81,362,138,224
050,13,059,"Georgia","Clarke County",1,82,324,118,206
050,13,059,"Georgia","Clarke County",1,83,243,92,151
050,13,059,"Georgia","Clarke County",1,84,239,87,152
050,13,059,"Georgia","Clarke County",1,85,1498,474,1024
050,13,059,"Georgia","Clarke County",2,0,1287,664,623
050,13,059,"Georgia","Clarke County",2,1,1258,640,618
050,13,059,"Georgia","Clarke County",2,2,1247,657,590
050,13,059,"Georgia","Clarke County",2,3,1233,637,596
050,13,059,"Georgia","Clarke County",2,4,1269,636,633
050,13,059,"Georgia","Clarke County",2,5,1295,658,637
050,13,059,"Georgia","Clarke County",2,6,1275,644,631
050,13,059,"Georgia","Clarke County",2,7,1236,622,614
050,13,059,"Georgia","Clarke County",2,8,1199,629,570
050,13,059,"Georgia","Clarke County",2,9,1240,647,593
050,13,059,"Georgia","Clarke County",2,10,1236,634,602
050,13,059,"Georgia","Clarke County",2,11,1215,611,604
050,13,059,"Georgia","Clarke County",2,12,1260,645,615
050,13,059,"Georgia","Clarke County",2,13,1284,660,624
050,13,059,"Georgia","Clarke County",2,14,1221,631,590
050,13,059,"Georgia","Clarke County",2,15,1124,586,538
050,13,059,"Georgia","Clarke County",2,16,1154,588,566
050,13,059,"Georgia","Clarke County",2,17,1144,587,557
050,13,059,"Georgia","Clarke County",2,18,3159,1237,1922
050,13,059,"Georgia","Clarke County",2,19,6099,2668,3431
050,13,059,"Georgia","Clarke County",2,20,6118,2809,3309
050,13,059,"Georgia","Clarke County",2,21,5736,2794,2942
050,13,059,"Georgia","Clarke County",2,22,4854,2481,2373
050,13,059,"Georgia","Clarke County",2,23,3633,1746,1887
050,13,059,"Georgia","Clarke County",2,24,2811,1343,1468
050,13,059,"Georgia","Clarke County",2,25,2478,1233,1245
050,13,059,"Georgia","Clarke County",2,26,2336,1130,1206
050,13,059,"Georgia","Clarke County",2,27,2194,1052,1142
050,13,059,"Georgia","Clarke County",2,28,2118,1026,1092
050,13,059,"Georgia","Clarke County",2,29,2089,999,1090
050,13,059,"Georgia","Clarke County",2,30,2055,964,1091
050,13,059,"Georgia","Clarke County",2,31,1960,924,1036
050,13,059,"Georgia","Clarke County",2,32,1876,899,977
050,13,059,"Georgia","Clarke County",2,33,1768,884,884
050,13,059,"Georgia","Clarke County",2,34,1637,803,834
050,13,059,"Georgia","Clarke County",2,35,1597,765,832
050,13,059,"Georgia","Clarke County",2,36,1524,725,799
050,13,059,"Georgia","Clarke County",2,37,1542,790,752
050,13,059,"Georgia","Clarke County",2,38,1585,802,783
050,13,059,"Georgia","Clarke County",2,39,1528,763,765
050,13,059,"Georgia","Clarke County",2,40,1546,787,759
050,13,059,"Georgia","Clarke County",2,41,1453,724,729
050,13,059,"Georgia","Clarke County",2,42,1337,645,692
050,13,059,"Georgia","Clarke County",2,43,1302,616,686
050,13,059,"Georgia","Clarke County",2,44,1284,609,675
050,13,059,"Georgia","Clarke County",2,45,1241,594,647
050,13,059,"Georgia","Clarke County",2,46,1192,579,613
050,13,059,"Georgia","Clarke County",2,47,1218,594,624
050,13,059,"Georgia","Clarke County",2,48,1239,590,649
050,13,059,"Georgia","Clarke County",2,49,1263,594,669
050,13,059,"Georgia","Clarke County",2,50,1265,615,650
050,13,059,"Georgia","Clarke County",2,51,1177,558,619
050,13,059,"Georgia","Clarke County",2,52,1178,566,612
050,13,059,"Georgia","Clarke County",2,53,1121,526,595
050,13,059,"Georgia","Clarke County",2,54,1075,507,568
050,13,059,"Georgia","Clarke County",2,55,1112,547,565
050,13,059,"Georgia","Clarke County",2,56,1150,562,588
050,13,059,"Georgia","Clarke County",2,57,1175,563,612
050,13,059,"Georgia","Clarke County",2,58,1171,548,623
050,13,059,"Georgia","Clarke County",2,59,1149,528,621
050,13,059,"Georgia","Clarke County",2,60,1172,560,612
050,13,059,"Georgia","Clarke County",2,61,1165,553,612
050,13,059,"Georgia","Clarke County",2,62,1196,540,656
050,13,059,"Georgia","Clarke County",2,63,1175,521,654
050,13,059,"Georgia","Clarke County",2,64,1117,496,621
050,13,059,"Georgia","Clarke County",2,65,1120,488,632
050,13,059,"Georgia","Clarke County",2,66,1099,480,619
050,13,059,"Georgia","Clarke County",2,67,1107,499,608
050,13,059,"Georgia","Clarke County",2,68,1032,464,568
050,13,059,"Georgia","Clarke County",2,69,971,429,542
050,13,059,"Georgia","Clarke County",2,70,941,424,517
050,13,059,"Georgia","Clarke County",2,71,885,396,489
050,13,059,"Georgia","Clarke County",2,72,819,370,449
050,13,059,"Georgia","Clarke County",2,73,852,366,486
050,13,059,"Georgia","Clarke County",2,74,626,254,372
050,13,059,"Georgia","Clarke County",2,75,607,258,349
050,13,059,"Georgia","Clarke County",2,76,609,259,350
050,13,059,"Georgia","Clarke County",2,77,590,247,343
050,13,059,"Georgia","Clarke County",2,78,472,197,275
050,13,059,"Georgia","Clarke County",2,79,412,166,246
050,13,059,"Georgia","Clarke County",2,80,386,153,233
050,13,059,"Georgia","Clarke County",2,81,358,136,222
050,13,059,"Georgia","Clarke County",2,82,328,122,206
050,13,059,"Georgia","Clarke County",2,83,256,98,158
050,13,059,"Georgia","Clarke County",2,84,240,88,152
050,13,059,"Georgia","Clarke County",2,85,1494,472,1022
050,13,059,"Georgia","Clarke County",3,0,1296,688,608
050,13,059,"Georgia","Clarke County",3,1,1227,620,607
050,13,059,"Georgia","Clarke County",3,2,1244,649,595
050,13,059,"Georgia","Clarke County",3,3,1221,651,570
050,13,059,"Georgia","Clarke County",3,4,1183,622,561
050,13,059,"Georgia","Clarke County",3,5,1215,603,612
050,13,059,"Georgia","Clarke County",3,6,1274,646,628
050,13,059,"Georgia","Clarke County",3,7,1253,628,625
050,13,059,"Georgia","Clarke County",3,8,1202,601,601
050,13,059,"Georgia","Clarke County",3,9,1168,610,558
050,13,059,"Georgia","Clarke County",3,10,1197,625,572
050,13,059,"Georgia","Clarke County",3,11,1201,613,588
050,13,059,"Georgia","Clarke County",3,12,1214,619,595
050,13,059,"Georgia","Clarke County",3,13,1261,645,616
050,13,059,"Georgia","Clarke County",3,14,1283,653,630
050,13,059,"Georgia","Clarke County",3,15,1198,610,588
050,13,059,"Georgia","Clarke County",3,16,1100,567,533
050,13,059,"Georgia","Clarke County",3,17,1168,606,562
050,13,059,"Georgia","Clarke County",3,18,3307,1300,2007
050,13,059,"Georgia","Clarke County",3,19,6232,2739,3493
050,13,059,"Georgia","Clarke County",3,20,6182,2861,3321
050,13,059,"Georgia","Clarke County",3,21,5832,2838,2994
050,13,059,"Georgia","Clarke County",3,22,4944,2524,2420
050,13,059,"Georgia","Clarke County",3,23,3690,1781,1909
050,13,059,"Georgia","Clarke County",3,24,2834,1366,1468
050,13,059,"Georgia","Clarke County",3,25,2457,1215,1242
050,13,059,"Georgia","Clarke County",3,26,2231,1055,1176
050,13,059,"Georgia","Clarke County",3,27,2156,1016,1140
050,13,059,"Georgia","Clarke County",3,28,2149,1018,1131
050,13,059,"Georgia","Clarke County",3,29,2039,986,1053
050,13,059,"Georgia","Clarke County",3,30,2012,969,1043
050,13,059,"Georgia","Clarke County",3,31,2040,955,1085
050,13,059,"Georgia","Clarke County",3,32,1832,856,976
050,13,059,"Georgia","Clarke County",3,33,1798,889,909
050,13,059,"Georgia","Clarke County",3,34,1670,813,857
050,13,059,"Georgia","Clarke County",3,35,1550,743,807
050,13,059,"Georgia","Clarke County",3,36,1582,780,802
050,13,059,"Georgia","Clarke County",3,37,1491,701,790
050,13,059,"Georgia","Clarke County",3,38,1499,748,751
050,13,059,"Georgia","Clarke County",3,39,1530,782,748
050,13,059,"Georgia","Clarke County",3,40,1475,726,749
050,13,059,"Georgia","Clarke County",3,41,1519,777,742
050,13,059,"Georgia","Clarke County",3,42,1408,695,713
050,13,059,"Georgia","Clarke County",3,43,1302,619,683
050,13,059,"Georgia","Clarke County",3,44,1306,629,677
050,13,059,"Georgia","Clarke County",3,45,1233,573,660
050,13,059,"Georgia","Clarke County",3,46,1212,567,645
050,13,059,"Georgia","Clarke County",3,47,1215,598,617
050,13,059,"Georgia","Clarke County",3,48,1228,600,628
050,13,059,"Georgia","Clarke County",3,49,1204,571,633
050,13,059,"Georgia","Clarke County",3,50,1277,614,663
050,13,059,"Georgia","Clarke County",3,51,1256,610,646
050,13,059,"Georgia","Clarke County",3,52,1166,539,627
050,13,059,"Georgia","Clarke County",3,53,1157,553,604
050,13,059,"Georgia","Clarke County",3,54,1139,538,601
050,13,059,"Georgia","Clarke County",3,55,1079,498,581
050,13,059,"Georgia","Clarke County",3,56,1120,537,583
050,13,059,"Georgia","Clarke County",3,57,1157,563,594
050,13,059,"Georgia","Clarke County",3,58,1167,581,586
050,13,059,"Georgia","Clarke County",3,59,1155,533,622
050,13,059,"Georgia","Clarke County",3,60,1158,539,619
050,13,059,"Georgia","Clarke County",3,61,1156,554,602
050,13,059,"Georgia","Clarke County",3,62,1152,544,608
050,13,059,"Georgia","Clarke County",3,63,1183,537,646
050,13,059,"Georgia","Clarke County",3,64,1194,528,666
050,13,059,"Georgia","Clarke County",3,65,1101,483,618
050,13,059,"Georgia","Clarke County",3,66,1099,490,609
050,13,059,"Georgia","Clarke County",3,67,1092,471,621
050,13,059,"Georgia","Clarke County",3,68,1096,490,606
050,13,059,"Georgia","Clarke County",3,69,1014,452,562
050,13,059,"Georgia","Clarke County",3,70,941,417,524
050,13,059,"Georgia","Clarke County",3,71,899,395,504
050,13,059,"Georgia","Clarke County",3,72,864,385,479
050,13,059,"Georgia","Clarke County",3,73,799,360,439
050,13,059,"Georgia","Clarke County",3,74,828,356,472
050,13,059,"Georgia","Clarke County",3,75,609,245,364
050,13,059,"Georgia","Clarke County",3,76,594,255,339
050,13,059,"Georgia","Clarke County",3,77,577,241,336
050,13,059,"Georgia","Clarke County",3,78,563,239,324
050,13,059,"Georgia","Clarke County",3,79,443,175,268
050,13,059,"Georgia","Clarke County",3,80,374,155,219
050,13,059,"Georgia","Clarke County",3,81,356,130,226
050,13,059,"Georgia","Clarke County",3,82,327,117,210
050,13,059,"Georgia","Clarke County",3,83,298,116,182
050,13,059,"Georgia","Clarke County",3,84,251,92,159
050,13,059,"Georgia","Clarke County",3,85,1501,467,1034
050,13,059,"Georgia","Clarke County",4,0,1300,679,621
050,13,059,"Georgia","Clarke County",4,1,1247,664,583
050,13,059,"Georgia","Clarke County",4,2,1218,603,615
050,13,059,"Georgia","Clarke County",4,3,1231,639,592
050,13,059,"Georgia","Clarke County",4,4,1166,613,553
050,13,059,"Georgia","Clarke County",4,5,1154,606,548
050,13,059,"Georgia","Clarke County",4,6,1184,598,586
050,13,059,"Georgia","Clarke County",4,7,1244,620,624
050,13,059,"Georgia","Clarke County",4,8,1216,620,596
050,13,059,"Georgia","Clarke County",4,9,1177,589,588
050,13,059,"Georgia","Clarke County",4,10,1150,590,560
050,13,059,"Georgia","Clarke County",4,11,1190,626,564
050,13,059,"Georgia","Clarke County",4,12,1193,609,584
050,13,059,"Georgia","Clarke County",4,13,1201,612,589
050,13,059,"Georgia","Clarke County",4,14,1240,624,616
050,13,059,"Georgia","Clarke County",4,15,1271,654,617
050,13,059,"Georgia","Clarke County",4,16,1189,608,581
050,13,059,"Georgia","Clarke County",4,17,1108,565,543
050,13,059,"Georgia","Clarke County",4,18,3343,1315,2028
050,13,059,"Georgia","Clarke County",4,19,6413,2826,3587
050,13,059,"Georgia","Clarke County",4,20,6195,2848,3347
050,13,059,"Georgia","Clarke County",4,21,5856,2897,2959
050,13,059,"Georgia","Clarke County",4,22,5072,2600,2472
050,13,059,"Georgia","Clarke County",4,23,3764,1813,1951
050,13,059,"Georgia","Clarke County",4,24,2834,1364,1470
050,13,059,"Georgia","Clarke County",4,25,2421,1207,1214
050,13,059,"Georgia","Clarke County",4,26,2199,1058,1141
050,13,059,"Georgia","Clarke County",4,27,2023,956,1067
050,13,059,"Georgia","Clarke County",4,28,2090,983,1107
050,13,059,"Georgia","Clarke County",4,29,2028,966,1062
050,13,059,"Georgia","Clarke County",4,30,1953,937,1016
050,13,059,"Georgia","Clarke County",4,31,1908,926,982
050,13,059,"Georgia","Clarke County",4,32,1955,917,1038
050,13,059,"Georgia","Clarke County",4,33,1760,839,921
050,13,059,"Georgia","Clarke County",4,34,1740,866,874
050,13,059,"Georgia","Clarke County",4,35,1628,767,861
050,13,059,"Georgia","Clarke County",4,36,1481,698,783
050,13,059,"Georgia","Clarke County",4,37,1542,755,787
050,13,059,"Georgia","Clarke County",4,38,1475,703,772
050,13,059,"Georgia","Clarke County",4,39,1434,711,723
050,13,059,"Georgia","Clarke County",4,40,1458,731,727
050,13,059,"Georgia","Clarke County",4,41,1455,724,731
050,13,059,"Georgia","Clarke County",4,42,1480,757,723
050,13,059,"Georgia","Clarke County",4,43,1348,654,694
050,13,059,"Georgia","Clarke County",4,44,1305,627,678
050,13,059,"Georgia","Clarke County",4,45,1293,618,675
050,13,059,"Georgia","Clarke County",4,46,1231,580,651
050,13,059,"Georgia","Clarke County",4,47,1218,567,651
050,13,059,"Georgia","Clarke County",4,48,1182,570,612
050,13,059,"Georgia","Clarke County",4,49,1225,603,622
050,13,059,"Georgia","Clarke County",4,50,1199,577,622
050,13,059,"Georgia","Clarke County",4,51,1274,619,655
050,13,059,"Georgia","Clarke County",4,52,1275,625,650
050,13,059,"Georgia","Clarke County",4,53,1162,548,614
050,13,059,"Georgia","Clarke County",4,54,1168,553,615
050,13,059,"Georgia","Clarke County",4,55,1130,545,585
050,13,059,"Georgia","Clarke County",4,56,1057,480,577
050,13,059,"Georgia","Clarke County",4,57,1116,515,601
050,13,059,"Georgia","Clarke County",4,58,1166,572,594
050,13,059,"Georgia","Clarke County",4,59,1168,563,605
050,13,059,"Georgia","Clarke County",4,60,1168,543,625
050,13,059,"Georgia","Clarke County",4,61,1139,521,618
050,13,059,"Georgia","Clarke County",4,62,1157,549,608
050,13,059,"Georgia","Clarke County",4,63,1123,531,592
050,13,059,"Georgia","Clarke County",4,64,1197,547,650
050,13,059,"Georgia","Clarke County",4,65,1186,514,672
050,13,059,"Georgia","Clarke County",4,66,1093,484,609
050,13,059,"Georgia","Clarke County",4,67,1080,473,607
050,13,059,"Georgia","Clarke County",4,68,1080,460,620
050,13,059,"Georgia","Clarke County",4,69,1087,488,599
050,13,059,"Georgia","Clarke County",4,70,988,441,547
050,13,059,"Georgia","Clarke County",4,71,931,403,528
050,13,059,"Georgia","Clarke County",4,72,889,388,501
050,13,059,"Georgia","Clarke County",4,73,847,381,466
050,13,059,"Georgia","Clarke County",4,74,785,356,429
050,13,059,"Georgia","Clarke County",4,75,813,343,470
050,13,059,"Georgia","Clarke County",4,76,589,236,353
050,13,059,"Georgia","Clarke County",4,77,563,232,331
050,13,059,"Georgia","Clarke County",4,78,563,240,323
050,13,059,"Georgia","Clarke County",4,79,534,223,311
050,13,059,"Georgia","Clarke County",4,80,424,170,254
050,13,059,"Georgia","Clarke County",4,81,351,141,210
050,13,059,"Georgia","Clarke County",4,82,340,120,220
050,13,059,"Georgia","Clarke County",4,83,316,114,202
050,13,059,"Georgia","Clarke County",4,84,295,112,183
050,13,059,"Georgia","Clarke County",4,85,1485,462,1023
050,13,059,"Georgia","Clarke County",5,0,1335,691,644
050,13,059,"Georgia","Clarke County",5,1,1263,657,606
050,13,059,"Georgia","Clarke County",5,2,1197,636,561
050,13,059,"Georgia","Clarke County",5,3,1183,591,592
050,13,059,"Georgia","Clarke County",5,4,1166,604,562
050,13,059,"Georgia","Clarke County",5,5,1155,620,535
050,13,059,"Georgia","Clarke County",5,6,1125,586,539
050,13,059,"Georgia","Clarke County",5,7,1167,578,589
050,13,059,"Georgia","Clarke County",5,8,1210,600,610
050,13,059,"Georgia","Clarke County",5,9,1196,612,584
050,13,059,"Georgia","Clarke County",5,10,1173,584,589
050,13,059,"Georgia","Clarke County",5,11,1137,607,530
050,13,059,"Georgia","Clarke County",5,12,1181,624,557
050,13,059,"Georgia","Clarke County",5,13,1170,602,568
050,13,059,"Georgia","Clarke County",5,14,1209,618,591
050,13,059,"Georgia","Clarke County",5,15,1236,621,615
050,13,059,"Georgia","Clarke County",5,16,1274,653,621
050,13,059,"Georgia","Clarke County",5,17,1174,600,574
050,13,059,"Georgia","Clarke County",5,18,3398,1327,2071
050,13,059,"Georgia","Clarke County",5,19,6606,2882,3724
050,13,059,"Georgia","Clarke County",5,20,6303,2924,3379
050,13,059,"Georgia","Clarke County",5,21,5771,2830,2941
050,13,059,"Georgia","Clarke County",5,22,5000,2623,2377
050,13,059,"Georgia","Clarke County",5,23,3734,1844,1890
050,13,059,"Georgia","Clarke County",5,24,2859,1381,1478
050,13,059,"Georgia","Clarke County",5,25,2425,1202,1223
050,13,059,"Georgia","Clarke County",5,26,2130,1005,1125
050,13,059,"Georgia","Clarke County",5,27,2013,971,1042
050,13,059,"Georgia","Clarke County",5,28,1967,935,1032
050,13,059,"Georgia","Clarke County",5,29,1974,961,1013
050,13,059,"Georgia","Clarke County",5,30,1956,952,1004
050,13,059,"Georgia","Clarke County",5,31,1883,928,955
050,13,059,"Georgia","Clarke County",5,32,1834,889,945
050,13,059,"Georgia","Clarke County",5,33,1871,876,995
050,13,059,"Georgia","Clarke County",5,34,1706,798,908
050,13,059,"Georgia","Clarke County",5,35,1636,799,837
050,13,059,"Georgia","Clarke County",5,36,1530,728,802
050,13,059,"Georgia","Clarke County",5,37,1458,679,779
050,13,059,"Georgia","Clarke County",5,38,1520,747,773
050,13,059,"Georgia","Clarke County",5,39,1425,665,760
050,13,059,"Georgia","Clarke County",5,40,1387,682,705
050,13,059,"Georgia","Clarke County",5,41,1403,698,705
050,13,059,"Georgia","Clarke County",5,42,1440,706,734
050,13,059,"Georgia","Clarke County",5,43,1447,730,717
050,13,059,"Georgia","Clarke County",5,44,1340,655,685
050,13,059,"Georgia","Clarke County",5,45,1284,609,675
050,13,059,"Georgia","Clarke County",5,46,1290,612,678
050,13,059,"Georgia","Clarke County",5,47,1225,595,630
050,13,059,"Georgia","Clarke County",5,48,1204,553,651
050,13,059,"Georgia","Clarke County",5,49,1211,580,631
050,13,059,"Georgia","Clarke County",5,50,1205,599,606
050,13,059,"Georgia","Clarke County",5,51,1197,573,624
050,13,059,"Georgia","Clarke County",5,52,1249,607,642
050,13,059,"Georgia","Clarke County",5,53,1276,617,659
050,13,059,"Georgia","Clarke County",5,54,1139,535,604
050,13,059,"Georgia","Clarke County",5,55,1187,559,628
050,13,059,"Georgia","Clarke County",5,56,1127,538,589
050,13,059,"Georgia","Clarke County",5,57,1050,469,581
050,13,059,"Georgia","Clarke County",5,58,1129,520,609
050,13,059,"Georgia","Clarke County",5,59,1142,556,586
050,13,059,"Georgia","Clarke County",5,60,1165,564,601
050,13,059,"Georgia","Clarke County",5,61,1138,518,620
050,13,059,"Georgia","Clarke County",5,62,1131,524,607
050,13,059,"Georgia","Clarke County",5,63,1126,540,586
050,13,059,"Georgia","Clarke County",5,64,1100,522,578
050,13,059,"Georgia","Clarke County",5,65,1192,535,657
050,13,059,"Georgia","Clarke County",5,66,1162,502,660
050,13,059,"Georgia","Clarke County",5,67,1077,468,609
050,13,059,"Georgia","Clarke County",5,68,1056,460,596
050,13,059,"Georgia","Clarke County",5,69,1062,455,607
050,13,059,"Georgia","Clarke County",5,70,1054,478,576
050,13,059,"Georgia","Clarke County",5,71,991,435,556
050,13,059,"Georgia","Clarke County",5,72,926,394,532
050,13,059,"Georgia","Clarke County",5,73,869,375,494
050,13,059,"Georgia","Clarke County",5,74,830,367,463
050,13,059,"Georgia","Clarke County",5,75,751,344,407
050,13,059,"Georgia","Clarke County",5,76,788,338,450
050,13,059,"Georgia","Clarke County",5,77,559,209,350
050,13,059,"Georgia","Clarke County",5,78,544,224,320
050,13,059,"Georgia","Clarke County",5,79,543,222,321
050,13,059,"Georgia","Clarke County",5,80,506,209,297
050,13,059,"Georgia","Clarke County",5,81,395,151,244
050,13,059,"Georgia","Clarke County",5,82,324,127,197
050,13,059,"Georgia","Clarke County",5,83,322,120,202
050,13,059,"Georgia","Clarke County",5,84,308,111,197
050,13,059,"Georgia","Clarke County",5,85,1532,474,1058
050,13,061,"Georgia","Clay County",1,0,30,16,14
050,13,061,"Georgia","Clay County",1,1,28,18,10
050,13,061,"Georgia","Clay County",1,2,25,14,11
050,13,061,"Georgia","Clay County",1,3,41,21,20
050,13,061,"Georgia","Clay County",1,4,35,19,16
050,13,061,"Georgia","Clay County",1,5,32,15,17
050,13,061,"Georgia","Clay County",1,6,22,10,12
050,13,061,"Georgia","Clay County",1,7,41,19,22
050,13,061,"Georgia","Clay County",1,8,31,15,16
050,13,061,"Georgia","Clay County",1,9,27,12,15
050,13,061,"Georgia","Clay County",1,10,32,17,15
050,13,061,"Georgia","Clay County",1,11,28,11,17
050,13,061,"Georgia","Clay County",1,12,21,9,12
050,13,061,"Georgia","Clay County",1,13,36,26,10
050,13,061,"Georgia","Clay County",1,14,37,23,14
050,13,061,"Georgia","Clay County",1,15,39,18,21
050,13,061,"Georgia","Clay County",1,16,35,19,16
050,13,061,"Georgia","Clay County",1,17,31,18,13
050,13,061,"Georgia","Clay County",1,18,27,13,14
050,13,061,"Georgia","Clay County",1,19,31,14,17
050,13,061,"Georgia","Clay County",1,20,24,10,14
050,13,061,"Georgia","Clay County",1,21,24,11,13
050,13,061,"Georgia","Clay County",1,22,30,14,16
050,13,061,"Georgia","Clay County",1,23,25,13,12
050,13,061,"Georgia","Clay County",1,24,22,10,12
050,13,061,"Georgia","Clay County",1,25,23,7,16
050,13,061,"Georgia","Clay County",1,26,29,15,14
050,13,061,"Georgia","Clay County",1,27,32,18,14
050,13,061,"Georgia","Clay County",1,28,37,18,19
050,13,061,"Georgia","Clay County",1,29,30,16,14
050,13,061,"Georgia","Clay County",1,30,29,10,19
050,13,061,"Georgia","Clay County",1,31,30,12,18
050,13,061,"Georgia","Clay County",1,32,28,13,15
050,13,061,"Georgia","Clay County",1,33,30,13,17
050,13,061,"Georgia","Clay County",1,34,30,11,19
050,13,061,"Georgia","Clay County",1,35,27,10,17
050,13,061,"Georgia","Clay County",1,36,34,14,20
050,13,061,"Georgia","Clay County",1,37,39,18,21
050,13,061,"Georgia","Clay County",1,38,25,9,16
050,13,061,"Georgia","Clay County",1,39,33,15,18
050,13,061,"Georgia","Clay County",1,40,32,14,18
050,13,061,"Georgia","Clay County",1,41,35,21,14
050,13,061,"Georgia","Clay County",1,42,34,16,18
050,13,061,"Georgia","Clay County",1,43,33,17,16
050,13,061,"Georgia","Clay County",1,44,30,16,14
050,13,061,"Georgia","Clay County",1,45,24,13,11
050,13,061,"Georgia","Clay County",1,46,20,10,10
050,13,061,"Georgia","Clay County",1,47,21,11,10
050,13,061,"Georgia","Clay County",1,48,29,15,14
050,13,061,"Georgia","Clay County",1,49,24,14,10
050,13,061,"Georgia","Clay County",1,50,23,10,13
050,13,061,"Georgia","Clay County",1,51,23,10,13
050,13,061,"Georgia","Clay County",1,52,30,13,17
050,13,061,"Georgia","Clay County",1,53,37,14,23
050,13,061,"Georgia","Clay County",1,54,29,12,17
050,13,061,"Georgia","Clay County",1,55,37,18,19
050,13,061,"Georgia","Clay County",1,56,34,17,17
050,13,061,"Georgia","Clay County",1,57,40,18,22
050,13,061,"Georgia","Clay County",1,58,41,16,25
050,13,061,"Georgia","Clay County",1,59,40,16,24
050,13,061,"Georgia","Clay County",1,60,44,22,22
050,13,061,"Georgia","Clay County",1,61,41,22,19
050,13,061,"Georgia","Clay County",1,62,44,18,26
050,13,061,"Georgia","Clay County",1,63,54,22,32
050,13,061,"Georgia","Clay County",1,64,49,26,23
050,13,061,"Georgia","Clay County",1,65,49,24,25
050,13,061,"Georgia","Clay County",1,66,53,28,25
050,13,061,"Georgia","Clay County",1,67,43,22,21
050,13,061,"Georgia","Clay County",1,68,53,28,25
050,13,061,"Georgia","Clay County",1,69,50,24,26
050,13,061,"Georgia","Clay County",1,70,52,23,29
050,13,061,"Georgia","Clay County",1,71,43,18,25
050,13,061,"Georgia","Clay County",1,72,45,16,29
050,13,061,"Georgia","Clay County",1,73,48,25,23
050,13,061,"Georgia","Clay County",1,74,43,21,22
050,13,061,"Georgia","Clay County",1,75,30,16,14
050,13,061,"Georgia","Clay County",1,76,34,20,14
050,13,061,"Georgia","Clay County",1,77,28,15,13
050,13,061,"Georgia","Clay County",1,78,28,15,13
050,13,061,"Georgia","Clay County",1,79,24,11,13
050,13,061,"Georgia","Clay County",1,80,20,10,10
050,13,061,"Georgia","Clay County",1,81,21,10,11
050,13,061,"Georgia","Clay County",1,82,21,7,14
050,13,061,"Georgia","Clay County",1,83,17,5,12
050,13,061,"Georgia","Clay County",1,84,15,8,7
050,13,061,"Georgia","Clay County",1,85,70,23,47
050,13,061,"Georgia","Clay County",2,0,27,16,11
050,13,061,"Georgia","Clay County",2,1,28,17,11
050,13,061,"Georgia","Clay County",2,2,27,16,11
050,13,061,"Georgia","Clay County",2,3,37,19,18
050,13,061,"Georgia","Clay County",2,4,37,20,17
050,13,061,"Georgia","Clay County",2,5,32,16,16
050,13,061,"Georgia","Clay County",2,6,25,12,13
050,13,061,"Georgia","Clay County",2,7,36,16,20
050,13,061,"Georgia","Clay County",2,8,34,16,18
050,13,061,"Georgia","Clay County",2,9,27,12,15
050,13,061,"Georgia","Clay County",2,10,31,16,15
050,13,061,"Georgia","Clay County",2,11,28,11,17
050,13,061,"Georgia","Clay County",2,12,24,10,14
050,13,061,"Georgia","Clay County",2,13,33,22,11
050,13,061,"Georgia","Clay County",2,14,37,24,13
050,13,061,"Georgia","Clay County",2,15,39,20,19
050,13,061,"Georgia","Clay County",2,16,38,19,19
050,13,061,"Georgia","Clay County",2,17,33,19,14
050,13,061,"Georgia","Clay County",2,18,27,14,13
050,13,061,"Georgia","Clay County",2,19,28,13,15
050,13,061,"Georgia","Clay County",2,20,26,11,15
050,13,061,"Georgia","Clay County",2,21,23,11,12
050,13,061,"Georgia","Clay County",2,22,29,14,15
050,13,061,"Georgia","Clay County",2,23,26,14,12
050,13,061,"Georgia","Clay County",2,24,23,11,12
050,13,061,"Georgia","Clay County",2,25,23,8,15
050,13,061,"Georgia","Clay County",2,26,27,12,15
050,13,061,"Georgia","Clay County",2,27,31,17,14
050,13,061,"Georgia","Clay County",2,28,35,17,18
050,13,061,"Georgia","Clay County",2,29,29,15,14
050,13,061,"Georgia","Clay County",2,30,32,14,18
050,13,061,"Georgia","Clay County",2,31,29,11,18
050,13,061,"Georgia","Clay County",2,32,28,13,15
050,13,061,"Georgia","Clay County",2,33,30,14,16
050,13,061,"Georgia","Clay County",2,34,29,12,17
050,13,061,"Georgia","Clay County",2,35,28,11,17
050,13,061,"Georgia","Clay County",2,36,31,13,18
050,13,061,"Georgia","Clay County",2,37,37,16,21
050,13,061,"Georgia","Clay County",2,38,28,11,17
050,13,061,"Georgia","Clay County",2,39,31,13,18
050,13,061,"Georgia","Clay County",2,40,32,14,18
050,13,061,"Georgia","Clay County",2,41,33,19,14
050,13,061,"Georgia","Clay County",2,42,33,16,17
050,13,061,"Georgia","Clay County",2,43,35,17,18
050,13,061,"Georgia","Clay County",2,44,30,16,14
050,13,061,"Georgia","Clay County",2,45,26,15,11
050,13,061,"Georgia","Clay County",2,46,19,10,9
050,13,061,"Georgia","Clay County",2,47,21,11,10
050,13,061,"Georgia","Clay County",2,48,27,14,13
050,13,061,"Georgia","Clay County",2,49,27,16,11
050,13,061,"Georgia","Clay County",2,50,24,12,12
050,13,061,"Georgia","Clay County",2,51,24,11,13
050,13,061,"Georgia","Clay County",2,52,29,13,16
050,13,061,"Georgia","Clay County",2,53,36,14,22
050,13,061,"Georgia","Clay County",2,54,31,12,19
050,13,061,"Georgia","Clay County",2,55,34,16,18
050,13,061,"Georgia","Clay County",2,56,35,17,18
050,13,061,"Georgia","Clay County",2,57,39,18,21
050,13,061,"Georgia","Clay County",2,58,40,16,24
050,13,061,"Georgia","Clay County",2,59,39,15,24
050,13,061,"Georgia","Clay County",2,60,42,21,21
050,13,061,"Georgia","Clay County",2,61,40,21,19
050,13,061,"Georgia","Clay County",2,62,43,19,24
050,13,061,"Georgia","Clay County",2,63,51,20,31
050,13,061,"Georgia","Clay County",2,64,48,23,25
050,13,061,"Georgia","Clay County",2,65,50,25,25
050,13,061,"Georgia","Clay County",2,66,51,26,25
050,13,061,"Georgia","Clay County",2,67,45,24,21
050,13,061,"Georgia","Clay County",2,68,52,28,24
050,13,061,"Georgia","Clay County",2,69,50,24,26
050,13,061,"Georgia","Clay County",2,70,52,24,28
050,13,061,"Georgia","Clay County",2,71,45,20,25
050,13,061,"Georgia","Clay County",2,72,44,16,28
050,13,061,"Georgia","Clay County",2,73,49,23,26
050,13,061,"Georgia","Clay County",2,74,42,21,21
050,13,061,"Georgia","Clay County",2,75,33,17,16
050,13,061,"Georgia","Clay County",2,76,30,17,13
050,13,061,"Georgia","Clay County",2,77,30,16,14
050,13,061,"Georgia","Clay County",2,78,26,14,12
050,13,061,"Georgia","Clay County",2,79,25,12,13
050,13,061,"Georgia","Clay County",2,80,20,9,11
050,13,061,"Georgia","Clay County",2,81,18,8,10
050,13,061,"Georgia","Clay County",2,82,21,7,14
050,13,061,"Georgia","Clay County",2,83,17,5,12
050,13,061,"Georgia","Clay County",2,84,13,6,7
050,13,061,"Georgia","Clay County",2,85,74,26,48
050,13,061,"Georgia","Clay County",3,0,21,12,9
050,13,061,"Georgia","Clay County",3,1,28,20,8
050,13,061,"Georgia","Clay County",3,2,29,18,11
050,13,061,"Georgia","Clay County",3,3,25,14,11
050,13,061,"Georgia","Clay County",3,4,40,19,21
050,13,061,"Georgia","Clay County",3,5,36,19,17
050,13,061,"Georgia","Clay County",3,6,30,12,18
050,13,061,"Georgia","Clay County",3,7,29,13,16
050,13,061,"Georgia","Clay County",3,8,39,18,21
050,13,061,"Georgia","Clay County",3,9,36,17,19
050,13,061,"Georgia","Clay County",3,10,24,11,13
050,13,061,"Georgia","Clay County",3,11,34,15,19
050,13,061,"Georgia","Clay County",3,12,30,12,18
050,13,061,"Georgia","Clay County",3,13,24,11,13
050,13,061,"Georgia","Clay County",3,14,38,23,15
050,13,061,"Georgia","Clay County",3,15,36,22,14
050,13,061,"Georgia","Clay County",3,16,39,21,18
050,13,061,"Georgia","Clay County",3,17,40,21,19
050,13,061,"Georgia","Clay County",3,18,33,18,15
050,13,061,"Georgia","Clay County",3,19,24,12,12
050,13,061,"Georgia","Clay County",3,20,29,13,16
050,13,061,"Georgia","Clay County",3,21,31,13,18
050,13,061,"Georgia","Clay County",3,22,21,8,13
050,13,061,"Georgia","Clay County",3,23,26,12,14
050,13,061,"Georgia","Clay County",3,24,24,14,10
050,13,061,"Georgia","Clay County",3,25,25,11,14
050,13,061,"Georgia","Clay County",3,26,17,7,10
050,13,061,"Georgia","Clay County",3,27,28,12,16
050,13,061,"Georgia","Clay County",3,28,27,13,14
050,13,061,"Georgia","Clay County",3,29,33,13,20
050,13,061,"Georgia","Clay County",3,30,32,15,17
050,13,061,"Georgia","Clay County",3,31,36,17,19
050,13,061,"Georgia","Clay County",3,32,32,11,21
050,13,061,"Georgia","Clay County",3,33,29,14,15
050,13,061,"Georgia","Clay County",3,34,32,14,18
050,13,061,"Georgia","Clay County",3,35,29,13,16
050,13,061,"Georgia","Clay County",3,36,30,13,17
050,13,061,"Georgia","Clay County",3,37,27,9,18
050,13,061,"Georgia","Clay County",3,38,35,17,18
050,13,061,"Georgia","Clay County",3,39,29,13,16
050,13,061,"Georgia","Clay County",3,40,33,16,17
050,13,061,"Georgia","Clay County",3,41,33,14,19
050,13,061,"Georgia","Clay County",3,42,35,22,13
050,13,061,"Georgia","Clay County",3,43,38,18,20
050,13,061,"Georgia","Clay County",3,44,37,18,19
050,13,061,"Georgia","Clay County",3,45,34,16,18
050,13,061,"Georgia","Clay County",3,46,22,12,10
050,13,061,"Georgia","Clay County",3,47,19,10,9
050,13,061,"Georgia","Clay County",3,48,21,11,10
050,13,061,"Georgia","Clay County",3,49,24,11,13
050,13,061,"Georgia","Clay County",3,50,30,16,14
050,13,061,"Georgia","Clay County",3,51,23,14,9
050,13,061,"Georgia","Clay County",3,52,23,11,12
050,13,061,"Georgia","Clay County",3,53,28,13,15
050,13,061,"Georgia","Clay County",3,54,35,12,23
050,13,061,"Georgia","Clay County",3,55,32,13,19
050,13,061,"Georgia","Clay County",3,56,35,16,19
050,13,061,"Georgia","Clay County",3,57,36,18,18
050,13,061,"Georgia","Clay County",3,58,35,13,22
050,13,061,"Georgia","Clay County",3,59,41,16,25
050,13,061,"Georgia","Clay County",3,60,41,17,24
050,13,061,"Georgia","Clay County",3,61,36,18,18
050,13,061,"Georgia","Clay County",3,62,46,25,21
050,13,061,"Georgia","Clay County",3,63,47,20,27
050,13,061,"Georgia","Clay County",3,64,47,17,30
050,13,061,"Georgia","Clay County",3,65,47,22,25
050,13,061,"Georgia","Clay County",3,66,54,25,29
050,13,061,"Georgia","Clay County",3,67,48,25,23
050,13,061,"Georgia","Clay County",3,68,46,25,21
050,13,061,"Georgia","Clay County",3,69,54,28,26
050,13,061,"Georgia","Clay County",3,70,60,27,33
050,13,061,"Georgia","Clay County",3,71,50,24,26
050,13,061,"Georgia","Clay County",3,72,43,18,25
050,13,061,"Georgia","Clay County",3,73,46,18,28
050,13,061,"Georgia","Clay County",3,74,46,21,25
050,13,061,"Georgia","Clay County",3,75,40,21,19
050,13,061,"Georgia","Clay County",3,76,35,18,17
050,13,061,"Georgia","Clay County",3,77,30,15,15
050,13,061,"Georgia","Clay County",3,78,28,16,12
050,13,061,"Georgia","Clay County",3,79,25,14,11
050,13,061,"Georgia","Clay County",3,80,24,11,13
050,13,061,"Georgia","Clay County",3,81,20,9,11
050,13,061,"Georgia","Clay County",3,82,17,7,10
050,13,061,"Georgia","Clay County",3,83,22,6,16
050,13,061,"Georgia","Clay County",3,84,12,3,9
050,13,061,"Georgia","Clay County",3,85,82,29,53
050,13,061,"Georgia","Clay County",4,0,27,17,10
050,13,061,"Georgia","Clay County",4,1,27,14,13
050,13,061,"Georgia","Clay County",4,2,25,17,8
050,13,061,"Georgia","Clay County",4,3,35,17,18
050,13,061,"Georgia","Clay County",4,4,26,14,12
050,13,061,"Georgia","Clay County",4,5,42,22,20
050,13,061,"Georgia","Clay County",4,6,36,21,15
050,13,061,"Georgia","Clay County",4,7,32,14,18
050,13,061,"Georgia","Clay County",4,8,30,14,16
050,13,061,"Georgia","Clay County",4,9,37,19,18
050,13,061,"Georgia","Clay County",4,10,36,18,18
050,13,061,"Georgia","Clay County",4,11,25,12,13
050,13,061,"Georgia","Clay County",4,12,33,17,16
050,13,061,"Georgia","Clay County",4,13,30,11,19
050,13,061,"Georgia","Clay County",4,14,24,11,13
050,13,061,"Georgia","Clay County",4,15,40,26,14
050,13,061,"Georgia","Clay County",4,16,37,24,13
050,13,061,"Georgia","Clay County",4,17,40,21,19
050,13,061,"Georgia","Clay County",4,18,35,19,16
050,13,061,"Georgia","Clay County",4,19,29,16,13
050,13,061,"Georgia","Clay County",4,20,23,10,13
050,13,061,"Georgia","Clay County",4,21,34,18,16
050,13,061,"Georgia","Clay County",4,22,30,13,17
050,13,061,"Georgia","Clay County",4,23,25,11,14
050,13,061,"Georgia","Clay County",4,24,28,13,15
050,13,061,"Georgia","Clay County",4,25,28,14,14
050,13,061,"Georgia","Clay County",4,26,21,10,11
050,13,061,"Georgia","Clay County",4,27,16,6,10
050,13,061,"Georgia","Clay County",4,28,29,14,15
050,13,061,"Georgia","Clay County",4,29,25,11,14
050,13,061,"Georgia","Clay County",4,30,36,15,21
050,13,061,"Georgia","Clay County",4,31,34,15,19
050,13,061,"Georgia","Clay County",4,32,33,17,16
050,13,061,"Georgia","Clay County",4,33,28,11,17
050,13,061,"Georgia","Clay County",4,34,28,14,14
050,13,061,"Georgia","Clay County",4,35,32,16,16
050,13,061,"Georgia","Clay County",4,36,33,15,18
050,13,061,"Georgia","Clay County",4,37,32,13,19
050,13,061,"Georgia","Clay County",4,38,25,8,17
050,13,061,"Georgia","Clay County",4,39,35,16,19
050,13,061,"Georgia","Clay County",4,40,25,10,15
050,13,061,"Georgia","Clay County",4,41,29,14,15
050,13,061,"Georgia","Clay County",4,42,31,13,18
050,13,061,"Georgia","Clay County",4,43,37,22,15
050,13,061,"Georgia","Clay County",4,44,31,13,18
050,13,061,"Georgia","Clay County",4,45,37,20,17
050,13,061,"Georgia","Clay County",4,46,30,13,17
050,13,061,"Georgia","Clay County",4,47,22,12,10
050,13,061,"Georgia","Clay County",4,48,15,6,9
050,13,061,"Georgia","Clay County",4,49,26,12,14
050,13,061,"Georgia","Clay County",4,50,23,10,13
050,13,061,"Georgia","Clay County",4,51,32,17,15
050,13,061,"Georgia","Clay County",4,52,23,13,10
050,13,061,"Georgia","Clay County",4,53,22,11,11
050,13,061,"Georgia","Clay County",4,54,28,13,15
050,13,061,"Georgia","Clay County",4,55,38,14,24
050,13,061,"Georgia","Clay County",4,56,34,14,20
050,13,061,"Georgia","Clay County",4,57,36,18,18
050,13,061,"Georgia","Clay County",4,58,33,15,18
050,13,061,"Georgia","Clay County",4,59,37,14,23
050,13,061,"Georgia","Clay County",4,60,42,18,24
050,13,061,"Georgia","Clay County",4,61,33,15,18
050,13,061,"Georgia","Clay County",4,62,38,18,20
050,13,061,"Georgia","Clay County",4,63,52,31,21
050,13,061,"Georgia","Clay County",4,64,42,17,25
050,13,061,"Georgia","Clay County",4,65,45,17,28
050,13,061,"Georgia","Clay County",4,66,47,21,26
050,13,061,"Georgia","Clay County",4,67,53,24,29
050,13,061,"Georgia","Clay County",4,68,49,24,25
050,13,061,"Georgia","Clay County",4,69,42,25,17
050,13,061,"Georgia","Clay County",4,70,57,28,29
050,13,061,"Georgia","Clay County",4,71,56,26,30
050,13,061,"Georgia","Clay County",4,72,48,24,24
050,13,061,"Georgia","Clay County",4,73,42,17,25
050,13,061,"Georgia","Clay County",4,74,45,17,28
050,13,061,"Georgia","Clay County",4,75,45,22,23
050,13,061,"Georgia","Clay County",4,76,41,21,20
050,13,061,"Georgia","Clay County",4,77,29,12,17
050,13,061,"Georgia","Clay County",4,78,27,13,14
050,13,061,"Georgia","Clay County",4,79,27,16,11
050,13,061,"Georgia","Clay County",4,80,28,17,11
050,13,061,"Georgia","Clay County",4,81,20,8,12
050,13,061,"Georgia","Clay County",4,82,18,8,10
050,13,061,"Georgia","Clay County",4,83,20,5,15
050,13,061,"Georgia","Clay County",4,84,13,2,11
050,13,061,"Georgia","Clay County",4,85,84,30,54
050,13,061,"Georgia","Clay County",5,0,28,17,11
050,13,061,"Georgia","Clay County",5,1,29,18,11
050,13,061,"Georgia","Clay County",5,2,28,14,14
050,13,061,"Georgia","Clay County",5,3,26,15,11
050,13,061,"Georgia","Clay County",5,4,32,16,16
050,13,061,"Georgia","Clay County",5,5,26,14,12
050,13,061,"Georgia","Clay County",5,6,37,20,17
050,13,061,"Georgia","Clay County",5,7,35,19,16
050,13,061,"Georgia","Clay County",5,8,28,12,16
050,13,061,"Georgia","Clay County",5,9,27,10,17
050,13,061,"Georgia","Clay County",5,10,37,17,20
050,13,061,"Georgia","Clay County",5,11,34,17,17
050,13,061,"Georgia","Clay County",5,12,29,16,13
050,13,061,"Georgia","Clay County",5,13,32,18,14
050,13,061,"Georgia","Clay County",5,14,32,11,21
050,13,061,"Georgia","Clay County",5,15,24,10,14
050,13,061,"Georgia","Clay County",5,16,41,26,15
050,13,061,"Georgia","Clay County",5,17,38,23,15
050,13,061,"Georgia","Clay County",5,18,33,17,16
050,13,061,"Georgia","Clay County",5,19,30,17,13
050,13,061,"Georgia","Clay County",5,20,30,18,12
050,13,061,"Georgia","Clay County",5,21,23,11,12
050,13,061,"Georgia","Clay County",5,22,33,16,17
050,13,061,"Georgia","Clay County",5,23,36,16,20
050,13,061,"Georgia","Clay County",5,24,21,10,11
050,13,061,"Georgia","Clay County",5,25,27,13,14
050,13,061,"Georgia","Clay County",5,26,26,17,9
050,13,061,"Georgia","Clay County",5,27,23,9,14
050,13,061,"Georgia","Clay County",5,28,17,9,8
050,13,061,"Georgia","Clay County",5,29,32,12,20
050,13,061,"Georgia","Clay County",5,30,27,13,14
050,13,061,"Georgia","Clay County",5,31,35,15,20
050,13,061,"Georgia","Clay County",5,32,36,15,21
050,13,061,"Georgia","Clay County",5,33,37,18,19
050,13,061,"Georgia","Clay County",5,34,31,16,15
050,13,061,"Georgia","Clay County",5,35,29,15,14
050,13,061,"Georgia","Clay County",5,36,29,15,14
050,13,061,"Georgia","Clay County",5,37,33,15,18
050,13,061,"Georgia","Clay County",5,38,32,12,20
050,13,061,"Georgia","Clay County",5,39,27,9,18
050,13,061,"Georgia","Clay County",5,40,34,17,17
050,13,061,"Georgia","Clay County",5,41,30,13,17
050,13,061,"Georgia","Clay County",5,42,29,14,15
050,13,061,"Georgia","Clay County",5,43,37,17,20
050,13,061,"Georgia","Clay County",5,44,32,19,13
050,13,061,"Georgia","Clay County",5,45,32,13,19
050,13,061,"Georgia","Clay County",5,46,37,21,16
050,13,061,"Georgia","Clay County",5,47,33,13,20
050,13,061,"Georgia","Clay County",5,48,25,14,11
050,13,061,"Georgia","Clay County",5,49,16,6,10
050,13,061,"Georgia","Clay County",5,50,24,10,14
050,13,061,"Georgia","Clay County",5,51,30,15,15
050,13,061,"Georgia","Clay County",5,52,32,17,15
050,13,061,"Georgia","Clay County",5,53,22,13,9
050,13,061,"Georgia","Clay County",5,54,22,12,10
050,13,061,"Georgia","Clay County",5,55,28,12,16
050,13,061,"Georgia","Clay County",5,56,41,16,25
050,13,061,"Georgia","Clay County",5,57,32,13,19
050,13,061,"Georgia","Clay County",5,58,37,16,21
050,13,061,"Georgia","Clay County",5,59,40,15,25
050,13,061,"Georgia","Clay County",5,60,40,14,26
050,13,061,"Georgia","Clay County",5,61,26,14,12
050,13,061,"Georgia","Clay County",5,62,39,18,21
050,13,061,"Georgia","Clay County",5,63,35,15,20
050,13,061,"Georgia","Clay County",5,64,46,26,20
050,13,061,"Georgia","Clay County",5,65,42,17,25
050,13,061,"Georgia","Clay County",5,66,48,18,30
050,13,061,"Georgia","Clay County",5,67,45,18,27
050,13,061,"Georgia","Clay County",5,68,51,20,31
050,13,061,"Georgia","Clay County",5,69,47,24,23
050,13,061,"Georgia","Clay County",5,70,44,24,20
050,13,061,"Georgia","Clay County",5,71,54,28,26
050,13,061,"Georgia","Clay County",5,72,55,26,29
050,13,061,"Georgia","Clay County",5,73,46,23,23
050,13,061,"Georgia","Clay County",5,74,41,17,24
050,13,061,"Georgia","Clay County",5,75,46,19,27
050,13,061,"Georgia","Clay County",5,76,44,21,23
050,13,061,"Georgia","Clay County",5,77,40,19,21
050,13,061,"Georgia","Clay County",5,78,25,10,15
050,13,061,"Georgia","Clay County",5,79,27,14,13
050,13,061,"Georgia","Clay County",5,80,27,16,11
050,13,061,"Georgia","Clay County",5,81,25,14,11
050,13,061,"Georgia","Clay County",5,82,19,7,12
050,13,061,"Georgia","Clay County",5,83,19,6,13
050,13,061,"Georgia","Clay County",5,84,14,3,11
050,13,061,"Georgia","Clay County",5,85,85,30,55
050,13,063,"Georgia","Clayton County",1,0,4097,2092,2005
050,13,063,"Georgia","Clayton County",1,1,4248,2180,2068
050,13,063,"Georgia","Clayton County",1,2,4363,2184,2179
050,13,063,"Georgia","Clayton County",1,3,4458,2277,2181
050,13,063,"Georgia","Clayton County",1,4,4604,2288,2316
050,13,063,"Georgia","Clayton County",1,5,4628,2295,2333
050,13,063,"Georgia","Clayton County",1,6,4546,2322,2224
050,13,063,"Georgia","Clayton County",1,7,4506,2311,2195
050,13,063,"Georgia","Clayton County",1,8,4603,2292,2311
050,13,063,"Georgia","Clayton County",1,9,4731,2448,2283
050,13,063,"Georgia","Clayton County",1,10,4793,2433,2360
050,13,063,"Georgia","Clayton County",1,11,4909,2513,2396
050,13,063,"Georgia","Clayton County",1,12,5198,2655,2543
050,13,063,"Georgia","Clayton County",1,13,5059,2586,2473
050,13,063,"Georgia","Clayton County",1,14,4807,2479,2328
050,13,063,"Georgia","Clayton County",1,15,4684,2330,2354
050,13,063,"Georgia","Clayton County",1,16,4621,2268,2353
050,13,063,"Georgia","Clayton County",1,17,4503,2214,2289
050,13,063,"Georgia","Clayton County",1,18,4099,2084,2015
050,13,063,"Georgia","Clayton County",1,19,3956,1976,1980
050,13,063,"Georgia","Clayton County",1,20,3929,1962,1967
050,13,063,"Georgia","Clayton County",1,21,4037,1976,2061
050,13,063,"Georgia","Clayton County",1,22,4092,2029,2063
050,13,063,"Georgia","Clayton County",1,23,4224,2025,2199
050,13,063,"Georgia","Clayton County",1,24,4345,2125,2220
050,13,063,"Georgia","Clayton County",1,25,4470,2130,2340
050,13,063,"Georgia","Clayton County",1,26,4750,2256,2494
050,13,063,"Georgia","Clayton County",1,27,4925,2344,2581
050,13,063,"Georgia","Clayton County",1,28,4948,2324,2624
050,13,063,"Georgia","Clayton County",1,29,5134,2375,2759
050,13,063,"Georgia","Clayton County",1,30,5071,2331,2740
050,13,063,"Georgia","Clayton County",1,31,4665,2130,2535
050,13,063,"Georgia","Clayton County",1,32,4411,1984,2427
050,13,063,"Georgia","Clayton County",1,33,4361,1978,2383
050,13,063,"Georgia","Clayton County",1,34,4247,1910,2337
050,13,063,"Georgia","Clayton County",1,35,4104,1877,2227
050,13,063,"Georgia","Clayton County",1,36,4022,1821,2201
050,13,063,"Georgia","Clayton County",1,37,3995,1776,2219
050,13,063,"Georgia","Clayton County",1,38,3924,1722,2202
050,13,063,"Georgia","Clayton County",1,39,3942,1733,2209
050,13,063,"Georgia","Clayton County",1,40,3996,1796,2200
050,13,063,"Georgia","Clayton County",1,41,3810,1722,2088
050,13,063,"Georgia","Clayton County",1,42,3731,1654,2077
050,13,063,"Georgia","Clayton County",1,43,3630,1591,2039
050,13,063,"Georgia","Clayton County",1,44,3682,1614,2068
050,13,063,"Georgia","Clayton County",1,45,3755,1677,2078
050,13,063,"Georgia","Clayton County",1,46,3749,1685,2064
050,13,063,"Georgia","Clayton County",1,47,3870,1750,2120
050,13,063,"Georgia","Clayton County",1,48,3959,1768,2191
050,13,063,"Georgia","Clayton County",1,49,4041,1840,2201
050,13,063,"Georgia","Clayton County",1,50,3904,1801,2103
050,13,063,"Georgia","Clayton County",1,51,3785,1712,2073
050,13,063,"Georgia","Clayton County",1,52,3729,1716,2013
050,13,063,"Georgia","Clayton County",1,53,3822,1749,2073
050,13,063,"Georgia","Clayton County",1,54,3717,1708,2009
050,13,063,"Georgia","Clayton County",1,55,3828,1745,2083
050,13,063,"Georgia","Clayton County",1,56,3743,1720,2023
050,13,063,"Georgia","Clayton County",1,57,3638,1675,1963
050,13,063,"Georgia","Clayton County",1,58,3622,1697,1925
050,13,063,"Georgia","Clayton County",1,59,3436,1585,1851
050,13,063,"Georgia","Clayton County",1,60,3350,1539,1811
050,13,063,"Georgia","Clayton County",1,61,3211,1440,1771
050,13,063,"Georgia","Clayton County",1,62,3238,1478,1760
050,13,063,"Georgia","Clayton County",1,63,3014,1355,1659
050,13,063,"Georgia","Clayton County",1,64,2948,1289,1659
050,13,063,"Georgia","Clayton County",1,65,2685,1199,1486
050,13,063,"Georgia","Clayton County",1,66,2452,1123,1329
050,13,063,"Georgia","Clayton County",1,67,2373,1064,1309
050,13,063,"Georgia","Clayton County",1,68,2199,952,1247
050,13,063,"Georgia","Clayton County",1,69,2125,886,1239
050,13,063,"Georgia","Clayton County",1,70,1945,830,1115
050,13,063,"Georgia","Clayton County",1,71,1800,785,1015
050,13,063,"Georgia","Clayton County",1,72,1757,783,974
050,13,063,"Georgia","Clayton County",1,73,1639,723,916
050,13,063,"Georgia","Clayton County",1,74,1181,498,683
050,13,063,"Georgia","Clayton County",1,75,1094,471,623
050,13,063,"Georgia","Clayton County",1,76,1041,455,586
050,13,063,"Georgia","Clayton County",1,77,970,404,566
050,13,063,"Georgia","Clayton County",1,78,851,386,465
050,13,063,"Georgia","Clayton County",1,79,720,310,410
050,13,063,"Georgia","Clayton County",1,80,645,271,374
050,13,063,"Georgia","Clayton County",1,81,587,222,365
050,13,063,"Georgia","Clayton County",1,82,474,180,294
050,13,063,"Georgia","Clayton County",1,83,454,173,281
050,13,063,"Georgia","Clayton County",1,84,390,134,256
050,13,063,"Georgia","Clayton County",1,85,1804,607,1197
050,13,063,"Georgia","Clayton County",2,0,4069,2113,1956
050,13,063,"Georgia","Clayton County",2,1,4213,2148,2065
050,13,063,"Georgia","Clayton County",2,2,4324,2176,2148
050,13,063,"Georgia","Clayton County",2,3,4414,2242,2172
050,13,063,"Georgia","Clayton County",2,4,4549,2268,2281
050,13,063,"Georgia","Clayton County",2,5,4621,2300,2321
050,13,063,"Georgia","Clayton County",2,6,4549,2308,2241
050,13,063,"Georgia","Clayton County",2,7,4495,2292,2203
050,13,063,"Georgia","Clayton County",2,8,4558,2285,2273
050,13,063,"Georgia","Clayton County",2,9,4682,2397,2285
050,13,063,"Georgia","Clayton County",2,10,4751,2425,2326
050,13,063,"Georgia","Clayton County",2,11,4855,2484,2371
050,13,063,"Georgia","Clayton County",2,12,5137,2627,2510
050,13,063,"Georgia","Clayton County",2,13,5074,2598,2476
050,13,063,"Georgia","Clayton County",2,14,4843,2488,2355
050,13,063,"Georgia","Clayton County",2,15,4706,2361,2345
050,13,063,"Georgia","Clayton County",2,16,4641,2283,2358
050,13,063,"Georgia","Clayton County",2,17,4514,2223,2291
050,13,063,"Georgia","Clayton County",2,18,4111,2079,2032
050,13,063,"Georgia","Clayton County",2,19,3928,1961,1967
050,13,063,"Georgia","Clayton County",2,20,4009,1999,2010
050,13,063,"Georgia","Clayton County",2,21,4034,1977,2057
050,13,063,"Georgia","Clayton County",2,22,4142,2043,2099
050,13,063,"Georgia","Clayton County",2,23,4249,2050,2199
050,13,063,"Georgia","Clayton County",2,24,4308,2079,2229
050,13,063,"Georgia","Clayton County",2,25,4462,2134,2328
050,13,063,"Georgia","Clayton County",2,26,4696,2234,2462
050,13,063,"Georgia","Clayton County",2,27,4863,2314,2549
050,13,063,"Georgia","Clayton County",2,28,4954,2331,2623
050,13,063,"Georgia","Clayton County",2,29,5092,2362,2730
050,13,063,"Georgia","Clayton County",2,30,5117,2359,2758
050,13,063,"Georgia","Clayton County",2,31,4729,2157,2572
050,13,063,"Georgia","Clayton County",2,32,4433,1992,2441
050,13,063,"Georgia","Clayton County",2,33,4356,1975,2381
050,13,063,"Georgia","Clayton County",2,34,4257,1919,2338
050,13,063,"Georgia","Clayton County",2,35,4140,1887,2253
050,13,063,"Georgia","Clayton County",2,36,4002,1820,2182
050,13,063,"Georgia","Clayton County",2,37,3992,1784,2208
050,13,063,"Georgia","Clayton County",2,38,3944,1727,2217
050,13,063,"Georgia","Clayton County",2,39,3887,1704,2183
050,13,063,"Georgia","Clayton County",2,40,4007,1795,2212
050,13,063,"Georgia","Clayton County",2,41,3836,1724,2112
050,13,063,"Georgia","Clayton County",2,42,3710,1651,2059
050,13,063,"Georgia","Clayton County",2,43,3672,1607,2065
050,13,063,"Georgia","Clayton County",2,44,3630,1593,2037
050,13,063,"Georgia","Clayton County",2,45,3751,1660,2091
050,13,063,"Georgia","Clayton County",2,46,3732,1671,2061
050,13,063,"Georgia","Clayton County",2,47,3817,1720,2097
050,13,063,"Georgia","Clayton County",2,48,3937,1768,2169
050,13,063,"Georgia","Clayton County",2,49,4027,1831,2196
050,13,063,"Georgia","Clayton County",2,50,3934,1809,2125
050,13,063,"Georgia","Clayton County",2,51,3764,1710,2054
050,13,063,"Georgia","Clayton County",2,52,3756,1719,2037
050,13,063,"Georgia","Clayton County",2,53,3776,1727,2049
050,13,063,"Georgia","Clayton County",2,54,3743,1717,2026
050,13,063,"Georgia","Clayton County",2,55,3803,1738,2065
050,13,063,"Georgia","Clayton County",2,56,3762,1724,2038
050,13,063,"Georgia","Clayton County",2,57,3663,1685,1978
050,13,063,"Georgia","Clayton County",2,58,3617,1692,1925
050,13,063,"Georgia","Clayton County",2,59,3463,1599,1864
050,13,063,"Georgia","Clayton County",2,60,3362,1548,1814
050,13,063,"Georgia","Clayton County",2,61,3244,1466,1778
050,13,063,"Georgia","Clayton County",2,62,3202,1462,1740
050,13,063,"Georgia","Clayton County",2,63,3068,1380,1688
050,13,063,"Georgia","Clayton County",2,64,2947,1297,1650
050,13,063,"Georgia","Clayton County",2,65,2732,1215,1517
050,13,063,"Georgia","Clayton County",2,66,2498,1133,1365
050,13,063,"Georgia","Clayton County",2,67,2362,1064,1298
050,13,063,"Georgia","Clayton County",2,68,2210,961,1249
050,13,063,"Georgia","Clayton County",2,69,2141,896,1245
050,13,063,"Georgia","Clayton County",2,70,1965,831,1134
050,13,063,"Georgia","Clayton County",2,71,1815,789,1026
050,13,063,"Georgia","Clayton County",2,72,1745,773,972
050,13,063,"Georgia","Clayton County",2,73,1708,751,957
050,13,063,"Georgia","Clayton County",2,74,1224,520,704
050,13,063,"Georgia","Clayton County",2,75,1112,474,638
050,13,063,"Georgia","Clayton County",2,76,1028,449,579
050,13,063,"Georgia","Clayton County",2,77,990,420,570
050,13,063,"Georgia","Clayton County",2,78,860,383,477
050,13,063,"Georgia","Clayton County",2,79,732,318,414
050,13,063,"Georgia","Clayton County",2,80,663,281,382
050,13,063,"Georgia","Clayton County",2,81,589,231,358
050,13,063,"Georgia","Clayton County",2,82,493,186,307
050,13,063,"Georgia","Clayton County",2,83,453,173,280
050,13,063,"Georgia","Clayton County",2,84,391,136,255
050,13,063,"Georgia","Clayton County",2,85,1805,613,1192
050,13,063,"Georgia","Clayton County",3,0,3848,1906,1942
050,13,063,"Georgia","Clayton County",3,1,3999,2103,1896
050,13,063,"Georgia","Clayton County",3,2,4243,2152,2091
050,13,063,"Georgia","Clayton County",3,3,4341,2226,2115
050,13,063,"Georgia","Clayton County",3,4,4445,2208,2237
050,13,063,"Georgia","Clayton County",3,5,4506,2258,2248
050,13,063,"Georgia","Clayton County",3,6,4540,2274,2266
050,13,063,"Georgia","Clayton County",3,7,4481,2272,2209
050,13,063,"Georgia","Clayton County",3,8,4565,2347,2218
050,13,063,"Georgia","Clayton County",3,9,4475,2241,2234
050,13,063,"Georgia","Clayton County",3,10,4707,2385,2322
050,13,063,"Georgia","Clayton County",3,11,4752,2421,2331
050,13,063,"Georgia","Clayton County",3,12,4823,2489,2334
050,13,063,"Georgia","Clayton County",3,13,5042,2583,2459
050,13,063,"Georgia","Clayton County",3,14,5054,2569,2485
050,13,063,"Georgia","Clayton County",3,15,4750,2423,2327
050,13,063,"Georgia","Clayton County",3,16,4680,2334,2346
050,13,063,"Georgia","Clayton County",3,17,4606,2260,2346
050,13,063,"Georgia","Clayton County",3,18,4114,2097,2017
050,13,063,"Georgia","Clayton County",3,19,3776,1897,1879
050,13,063,"Georgia","Clayton County",3,20,4033,2006,2027
050,13,063,"Georgia","Clayton County",3,21,4181,2057,2124
050,13,063,"Georgia","Clayton County",3,22,4061,1985,2076
050,13,063,"Georgia","Clayton County",3,23,4280,2080,2200
050,13,063,"Georgia","Clayton County",3,24,4256,2062,2194
050,13,063,"Georgia","Clayton County",3,25,4306,2082,2224
050,13,063,"Georgia","Clayton County",3,26,4442,2153,2289
050,13,063,"Georgia","Clayton County",3,27,4691,2245,2446
050,13,063,"Georgia","Clayton County",3,28,4836,2276,2560
050,13,063,"Georgia","Clayton County",3,29,4971,2297,2674
050,13,063,"Georgia","Clayton County",3,30,5046,2360,2686
050,13,063,"Georgia","Clayton County",3,31,4981,2317,2664
050,13,063,"Georgia","Clayton County",3,32,4676,2075,2601
050,13,063,"Georgia","Clayton County",3,33,4468,2030,2438
050,13,063,"Georgia","Clayton County",3,34,4356,1982,2374
050,13,063,"Georgia","Clayton County",3,35,4147,1892,2255
050,13,063,"Georgia","Clayton County",3,36,4122,1885,2237
050,13,063,"Georgia","Clayton County",3,37,3940,1821,2119
050,13,063,"Georgia","Clayton County",3,38,3955,1759,2196
050,13,063,"Georgia","Clayton County",3,39,3833,1683,2150
050,13,063,"Georgia","Clayton County",3,40,3891,1716,2175
050,13,063,"Georgia","Clayton County",3,41,3954,1764,2190
050,13,063,"Georgia","Clayton County",3,42,3817,1694,2123
050,13,063,"Georgia","Clayton County",3,43,3692,1636,2056
050,13,063,"Georgia","Clayton County",3,44,3671,1619,2052
050,13,063,"Georgia","Clayton County",3,45,3622,1615,2007
050,13,063,"Georgia","Clayton County",3,46,3607,1564,2043
050,13,063,"Georgia","Clayton County",3,47,3735,1667,2068
050,13,063,"Georgia","Clayton County",3,48,3790,1692,2098
050,13,063,"Georgia","Clayton County",3,49,3891,1733,2158
050,13,063,"Georgia","Clayton County",3,50,4006,1823,2183
050,13,063,"Georgia","Clayton County",3,51,3883,1818,2065
050,13,063,"Georgia","Clayton County",3,52,3719,1671,2048
050,13,063,"Georgia","Clayton County",3,53,3764,1722,2042
050,13,063,"Georgia","Clayton County",3,54,3722,1700,2022
050,13,063,"Georgia","Clayton County",3,55,3723,1702,2021
050,13,063,"Georgia","Clayton County",3,56,3719,1685,2034
050,13,063,"Georgia","Clayton County",3,57,3677,1660,2017
050,13,063,"Georgia","Clayton County",3,58,3585,1668,1917
050,13,063,"Georgia","Clayton County",3,59,3579,1664,1915
050,13,063,"Georgia","Clayton County",3,60,3388,1556,1832
050,13,063,"Georgia","Clayton County",3,61,3360,1565,1795
050,13,063,"Georgia","Clayton County",3,62,3189,1439,1750
050,13,063,"Georgia","Clayton County",3,63,3101,1406,1695
050,13,063,"Georgia","Clayton County",3,64,2957,1331,1626
050,13,063,"Georgia","Clayton County",3,65,2825,1228,1597
050,13,063,"Georgia","Clayton County",3,66,2710,1188,1522
050,13,063,"Georgia","Clayton County",3,67,2421,1104,1317
050,13,063,"Georgia","Clayton County",3,68,2306,1048,1258
050,13,063,"Georgia","Clayton County",3,69,2152,919,1233
050,13,063,"Georgia","Clayton County",3,70,2080,868,1212
050,13,063,"Georgia","Clayton County",3,71,1937,814,1123
050,13,063,"Georgia","Clayton County",3,72,1710,737,973
050,13,063,"Georgia","Clayton County",3,73,1642,713,929
050,13,063,"Georgia","Clayton County",3,74,1652,729,923
050,13,063,"Georgia","Clayton County",3,75,1172,488,684
050,13,063,"Georgia","Clayton County",3,76,1041,429,612
050,13,063,"Georgia","Clayton County",3,77,950,409,541
050,13,063,"Georgia","Clayton County",3,78,925,390,535
050,13,063,"Georgia","Clayton County",3,79,808,347,461
050,13,063,"Georgia","Clayton County",3,80,701,304,397
050,13,063,"Georgia","Clayton County",3,81,598,242,356
050,13,063,"Georgia","Clayton County",3,82,535,201,334
050,13,063,"Georgia","Clayton County",3,83,468,177,291
050,13,063,"Georgia","Clayton County",3,84,400,146,254
050,13,063,"Georgia","Clayton County",3,85,1807,619,1188
050,13,063,"Georgia","Clayton County",4,0,3862,1955,1907
050,13,063,"Georgia","Clayton County",4,1,3861,1911,1950
050,13,063,"Georgia","Clayton County",4,2,3961,2090,1871
050,13,063,"Georgia","Clayton County",4,3,4200,2151,2049
050,13,063,"Georgia","Clayton County",4,4,4254,2152,2102
050,13,063,"Georgia","Clayton County",4,5,4446,2237,2209
050,13,063,"Georgia","Clayton County",4,6,4346,2172,2174
050,13,063,"Georgia","Clayton County",4,7,4511,2236,2275
050,13,063,"Georgia","Clayton County",4,8,4427,2229,2198
050,13,063,"Georgia","Clayton County",4,9,4450,2276,2174
050,13,063,"Georgia","Clayton County",4,10,4438,2191,2247
050,13,063,"Georgia","Clayton County",4,11,4638,2351,2287
050,13,063,"Georgia","Clayton County",4,12,4701,2357,2344
050,13,063,"Georgia","Clayton County",4,13,4797,2451,2346
050,13,063,"Georgia","Clayton County",4,14,5092,2620,2472
050,13,063,"Georgia","Clayton County",4,15,4984,2521,2463
050,13,063,"Georgia","Clayton County",4,16,4706,2409,2297
050,13,063,"Georgia","Clayton County",4,17,4636,2304,2332
050,13,063,"Georgia","Clayton County",4,18,4177,2079,2098
050,13,063,"Georgia","Clayton County",4,19,3786,1899,1887
050,13,063,"Georgia","Clayton County",4,20,3878,1926,1952
050,13,063,"Georgia","Clayton County",4,21,4156,2015,2141
050,13,063,"Georgia","Clayton County",4,22,4328,2139,2189
050,13,063,"Georgia","Clayton County",4,23,4136,2010,2126
050,13,063,"Georgia","Clayton County",4,24,4325,2115,2210
050,13,063,"Georgia","Clayton County",4,25,4344,2095,2249
050,13,063,"Georgia","Clayton County",4,26,4333,2088,2245
050,13,063,"Georgia","Clayton County",4,27,4351,2103,2248
050,13,063,"Georgia","Clayton County",4,28,4608,2191,2417
050,13,063,"Georgia","Clayton County",4,29,4817,2251,2566
050,13,063,"Georgia","Clayton County",4,30,4954,2293,2661
050,13,063,"Georgia","Clayton County",4,31,4957,2297,2660
050,13,063,"Georgia","Clayton County",4,32,4970,2274,2696
050,13,063,"Georgia","Clayton County",4,33,4621,2073,2548
050,13,063,"Georgia","Clayton County",4,34,4402,1972,2430
050,13,063,"Georgia","Clayton County",4,35,4275,1963,2312
050,13,063,"Georgia","Clayton County",4,36,4128,1920,2208
050,13,063,"Georgia","Clayton County",4,37,3993,1811,2182
050,13,063,"Georgia","Clayton County",4,38,3894,1772,2122
050,13,063,"Georgia","Clayton County",4,39,3862,1738,2124
050,13,063,"Georgia","Clayton County",4,40,3881,1695,2186
050,13,063,"Georgia","Clayton County",4,41,3849,1698,2151
050,13,063,"Georgia","Clayton County",4,42,3908,1779,2129
050,13,063,"Georgia","Clayton County",4,43,3783,1666,2117
050,13,063,"Georgia","Clayton County",4,44,3679,1651,2028
050,13,063,"Georgia","Clayton County",4,45,3678,1608,2070
050,13,063,"Georgia","Clayton County",4,46,3524,1585,1939
050,13,063,"Georgia","Clayton County",4,47,3532,1495,2037
050,13,063,"Georgia","Clayton County",4,48,3614,1614,2000
050,13,063,"Georgia","Clayton County",4,49,3796,1668,2128
050,13,063,"Georgia","Clayton County",4,50,3849,1714,2135
050,13,063,"Georgia","Clayton County",4,51,3916,1811,2105
050,13,063,"Georgia","Clayton County",4,52,3889,1822,2067
050,13,063,"Georgia","Clayton County",4,53,3683,1668,2015
050,13,063,"Georgia","Clayton County",4,54,3730,1714,2016
050,13,063,"Georgia","Clayton County",4,55,3696,1702,1994
050,13,063,"Georgia","Clayton County",4,56,3682,1668,2014
050,13,063,"Georgia","Clayton County",4,57,3661,1655,2006
050,13,063,"Georgia","Clayton County",4,58,3630,1634,1996
050,13,063,"Georgia","Clayton County",4,59,3522,1653,1869
050,13,063,"Georgia","Clayton County",4,60,3513,1623,1890
050,13,063,"Georgia","Clayton County",4,61,3344,1518,1826
050,13,063,"Georgia","Clayton County",4,62,3300,1539,1761
050,13,063,"Georgia","Clayton County",4,63,3093,1398,1695
050,13,063,"Georgia","Clayton County",4,64,3010,1366,1644
050,13,063,"Georgia","Clayton County",4,65,2839,1271,1568
050,13,063,"Georgia","Clayton County",4,66,2762,1210,1552
050,13,063,"Georgia","Clayton County",4,67,2615,1140,1475
050,13,063,"Georgia","Clayton County",4,68,2330,1055,1275
050,13,063,"Georgia","Clayton County",4,69,2215,1011,1204
050,13,063,"Georgia","Clayton County",4,70,2087,889,1198
050,13,063,"Georgia","Clayton County",4,71,2027,849,1178
050,13,063,"Georgia","Clayton County",4,72,1833,745,1088
050,13,063,"Georgia","Clayton County",4,73,1652,709,943
050,13,063,"Georgia","Clayton County",4,74,1605,699,906
050,13,063,"Georgia","Clayton County",4,75,1552,684,868
050,13,063,"Georgia","Clayton County",4,76,1094,447,647
050,13,063,"Georgia","Clayton County",4,77,977,395,582
050,13,063,"Georgia","Clayton County",4,78,914,401,513
050,13,063,"Georgia","Clayton County",4,79,877,360,517
050,13,063,"Georgia","Clayton County",4,80,750,320,430
050,13,063,"Georgia","Clayton County",4,81,638,267,371
050,13,063,"Georgia","Clayton County",4,82,541,210,331
050,13,063,"Georgia","Clayton County",4,83,501,184,317
050,13,063,"Georgia","Clayton County",4,84,409,149,260
050,13,063,"Georgia","Clayton County",4,85,1814,617,1197
050,13,063,"Georgia","Clayton County",5,0,3567,1800,1767
050,13,063,"Georgia","Clayton County",5,1,3837,1875,1962
050,13,063,"Georgia","Clayton County",5,2,3863,1915,1948
050,13,063,"Georgia","Clayton County",5,3,3964,2075,1889
050,13,063,"Georgia","Clayton County",5,4,4220,2135,2085
050,13,063,"Georgia","Clayton County",5,5,4235,2184,2051
050,13,063,"Georgia","Clayton County",5,6,4383,2185,2198
050,13,063,"Georgia","Clayton County",5,7,4338,2146,2192
050,13,063,"Georgia","Clayton County",5,8,4455,2201,2254
050,13,063,"Georgia","Clayton County",5,9,4383,2198,2185
050,13,063,"Georgia","Clayton County",5,10,4387,2275,2112
050,13,063,"Georgia","Clayton County",5,11,4390,2159,2231
050,13,063,"Georgia","Clayton County",5,12,4592,2351,2241
050,13,063,"Georgia","Clayton County",5,13,4592,2346,2246
050,13,063,"Georgia","Clayton County",5,14,4745,2429,2316
050,13,063,"Georgia","Clayton County",5,15,5017,2598,2419
050,13,063,"Georgia","Clayton County",5,16,5034,2561,2473
050,13,063,"Georgia","Clayton County",5,17,4699,2413,2286
050,13,063,"Georgia","Clayton County",5,18,4140,2122,2018
050,13,063,"Georgia","Clayton County",5,19,3834,1937,1897
050,13,063,"Georgia","Clayton County",5,20,3875,1941,1934
050,13,063,"Georgia","Clayton County",5,21,3988,1939,2049
050,13,063,"Georgia","Clayton County",5,22,4350,2082,2268
050,13,063,"Georgia","Clayton County",5,23,4397,2122,2275
050,13,063,"Georgia","Clayton County",5,24,4241,2088,2153
050,13,063,"Georgia","Clayton County",5,25,4410,2154,2256
050,13,063,"Georgia","Clayton County",5,26,4485,2193,2292
050,13,063,"Georgia","Clayton County",5,27,4342,2109,2233
050,13,063,"Georgia","Clayton County",5,28,4337,2096,2241
050,13,063,"Georgia","Clayton County",5,29,4576,2131,2445
050,13,063,"Georgia","Clayton County",5,30,4857,2283,2574
050,13,063,"Georgia","Clayton County",5,31,4886,2247,2639
050,13,063,"Georgia","Clayton County",5,32,4919,2225,2694
050,13,063,"Georgia","Clayton County",5,33,4991,2332,2659
050,13,063,"Georgia","Clayton County",5,34,4696,2091,2605
050,13,063,"Georgia","Clayton County",5,35,4322,1931,2391
050,13,063,"Georgia","Clayton County",5,36,4187,1943,2244
050,13,063,"Georgia","Clayton County",5,37,4012,1880,2132
050,13,063,"Georgia","Clayton County",5,38,3890,1738,2152
050,13,063,"Georgia","Clayton County",5,39,3847,1747,2100
050,13,063,"Georgia","Clayton County",5,40,3871,1751,2120
050,13,063,"Georgia","Clayton County",5,41,3852,1679,2173
050,13,063,"Georgia","Clayton County",5,42,3781,1641,2140
050,13,063,"Georgia","Clayton County",5,43,3911,1755,2156
050,13,063,"Georgia","Clayton County",5,44,3773,1677,2096
050,13,063,"Georgia","Clayton County",5,45,3644,1626,2018
050,13,063,"Georgia","Clayton County",5,46,3578,1571,2007
050,13,063,"Georgia","Clayton County",5,47,3514,1555,1959
050,13,063,"Georgia","Clayton County",5,48,3516,1481,2035
050,13,063,"Georgia","Clayton County",5,49,3567,1604,1963
050,13,063,"Georgia","Clayton County",5,50,3751,1658,2093
050,13,063,"Georgia","Clayton County",5,51,3809,1684,2125
050,13,063,"Georgia","Clayton County",5,52,3894,1781,2113
050,13,063,"Georgia","Clayton County",5,53,3819,1777,2042
050,13,063,"Georgia","Clayton County",5,54,3660,1667,1993
050,13,063,"Georgia","Clayton County",5,55,3719,1725,1994
050,13,063,"Georgia","Clayton County",5,56,3715,1673,2042
050,13,063,"Georgia","Clayton County",5,57,3661,1659,2002
050,13,063,"Georgia","Clayton County",5,58,3588,1618,1970
050,13,063,"Georgia","Clayton County",5,59,3560,1590,1970
050,13,063,"Georgia","Clayton County",5,60,3446,1599,1847
050,13,063,"Georgia","Clayton County",5,61,3451,1586,1865
050,13,063,"Georgia","Clayton County",5,62,3258,1467,1791
050,13,063,"Georgia","Clayton County",5,63,3191,1480,1711
050,13,063,"Georgia","Clayton County",5,64,3064,1397,1667
050,13,063,"Georgia","Clayton County",5,65,2930,1324,1606
050,13,063,"Georgia","Clayton County",5,66,2788,1261,1527
050,13,063,"Georgia","Clayton County",5,67,2678,1169,1509
050,13,063,"Georgia","Clayton County",5,68,2523,1104,1419
050,13,063,"Georgia","Clayton County",5,69,2274,1029,1245
050,13,063,"Georgia","Clayton County",5,70,2144,961,1183
050,13,063,"Georgia","Clayton County",5,71,2053,876,1177
050,13,063,"Georgia","Clayton County",5,72,1938,794,1144
050,13,063,"Georgia","Clayton County",5,73,1745,699,1046
050,13,063,"Georgia","Clayton County",5,74,1620,705,915
050,13,063,"Georgia","Clayton County",5,75,1514,656,858
050,13,063,"Georgia","Clayton County",5,76,1459,638,821
050,13,063,"Georgia","Clayton County",5,77,1042,421,621
050,13,063,"Georgia","Clayton County",5,78,948,379,569
050,13,063,"Georgia","Clayton County",5,79,864,363,501
050,13,063,"Georgia","Clayton County",5,80,814,326,488
050,13,063,"Georgia","Clayton County",5,81,689,284,405
050,13,063,"Georgia","Clayton County",5,82,585,248,337
050,13,063,"Georgia","Clayton County",5,83,518,196,322
050,13,063,"Georgia","Clayton County",5,84,449,163,286
050,13,063,"Georgia","Clayton County",5,85,1849,633,1216
050,13,065,"Georgia","Clinch County",1,0,92,45,47
050,13,065,"Georgia","Clinch County",1,1,79,34,45
050,13,065,"Georgia","Clinch County",1,2,76,32,44
050,13,065,"Georgia","Clinch County",1,3,82,34,48
050,13,065,"Georgia","Clinch County",1,4,97,46,51
050,13,065,"Georgia","Clinch County",1,5,94,48,46
050,13,065,"Georgia","Clinch County",1,6,93,51,42
050,13,065,"Georgia","Clinch County",1,7,90,46,44
050,13,065,"Georgia","Clinch County",1,8,97,49,48
050,13,065,"Georgia","Clinch County",1,9,103,48,55
050,13,065,"Georgia","Clinch County",1,10,93,49,44
050,13,065,"Georgia","Clinch County",1,11,95,50,45
050,13,065,"Georgia","Clinch County",1,12,104,54,50
050,13,065,"Georgia","Clinch County",1,13,97,48,49
050,13,065,"Georgia","Clinch County",1,14,112,54,58
050,13,065,"Georgia","Clinch County",1,15,91,43,48
050,13,065,"Georgia","Clinch County",1,16,85,42,43
050,13,065,"Georgia","Clinch County",1,17,97,47,50
050,13,065,"Georgia","Clinch County",1,18,88,50,38
050,13,065,"Georgia","Clinch County",1,19,70,37,33
050,13,065,"Georgia","Clinch County",1,20,74,37,37
050,13,065,"Georgia","Clinch County",1,21,85,38,47
050,13,065,"Georgia","Clinch County",1,22,85,43,42
050,13,065,"Georgia","Clinch County",1,23,74,33,41
050,13,065,"Georgia","Clinch County",1,24,84,46,38
050,13,065,"Georgia","Clinch County",1,25,69,31,38
050,13,065,"Georgia","Clinch County",1,26,83,37,46
050,13,065,"Georgia","Clinch County",1,27,80,41,39
050,13,065,"Georgia","Clinch County",1,28,89,43,46
050,13,065,"Georgia","Clinch County",1,29,81,40,41
050,13,065,"Georgia","Clinch County",1,30,100,52,48
050,13,065,"Georgia","Clinch County",1,31,88,43,45
050,13,065,"Georgia","Clinch County",1,32,89,38,51
050,13,065,"Georgia","Clinch County",1,33,80,35,45
050,13,065,"Georgia","Clinch County",1,34,86,45,41
050,13,065,"Georgia","Clinch County",1,35,80,41,39
050,13,065,"Georgia","Clinch County",1,36,73,30,43
050,13,065,"Georgia","Clinch County",1,37,76,31,45
050,13,065,"Georgia","Clinch County",1,38,84,40,44
050,13,065,"Georgia","Clinch County",1,39,81,37,44
050,13,065,"Georgia","Clinch County",1,40,72,27,45
050,13,065,"Georgia","Clinch County",1,41,71,33,38
050,13,065,"Georgia","Clinch County",1,42,78,47,31
050,13,065,"Georgia","Clinch County",1,43,86,50,36
050,13,065,"Georgia","Clinch County",1,44,83,42,41
050,13,065,"Georgia","Clinch County",1,45,74,34,40
050,13,065,"Georgia","Clinch County",1,46,98,48,50
050,13,065,"Georgia","Clinch County",1,47,105,55,50
050,13,065,"Georgia","Clinch County",1,48,93,52,41
050,13,065,"Georgia","Clinch County",1,49,79,42,37
050,13,065,"Georgia","Clinch County",1,50,83,48,35
050,13,065,"Georgia","Clinch County",1,51,75,40,35
050,13,065,"Georgia","Clinch County",1,52,87,47,40
050,13,065,"Georgia","Clinch County",1,53,88,39,49
050,13,065,"Georgia","Clinch County",1,54,95,49,46
050,13,065,"Georgia","Clinch County",1,55,108,57,51
050,13,065,"Georgia","Clinch County",1,56,81,41,40
050,13,065,"Georgia","Clinch County",1,57,77,34,43
050,13,065,"Georgia","Clinch County",1,58,89,37,52
050,13,065,"Georgia","Clinch County",1,59,79,38,41
050,13,065,"Georgia","Clinch County",1,60,88,45,43
050,13,065,"Georgia","Clinch County",1,61,88,48,40
050,13,065,"Georgia","Clinch County",1,62,93,50,43
050,13,065,"Georgia","Clinch County",1,63,89,47,42
050,13,065,"Georgia","Clinch County",1,64,80,34,46
050,13,065,"Georgia","Clinch County",1,65,76,33,43
050,13,065,"Georgia","Clinch County",1,66,78,34,44
050,13,065,"Georgia","Clinch County",1,67,74,30,44
050,13,065,"Georgia","Clinch County",1,68,80,37,43
050,13,065,"Georgia","Clinch County",1,69,74,35,39
050,13,065,"Georgia","Clinch County",1,70,66,30,36
050,13,065,"Georgia","Clinch County",1,71,63,28,35
050,13,065,"Georgia","Clinch County",1,72,68,34,34
050,13,065,"Georgia","Clinch County",1,73,70,32,38
050,13,065,"Georgia","Clinch County",1,74,54,26,28
050,13,065,"Georgia","Clinch County",1,75,54,23,31
050,13,065,"Georgia","Clinch County",1,76,55,28,27
050,13,065,"Georgia","Clinch County",1,77,49,20,29
050,13,065,"Georgia","Clinch County",1,78,26,13,13
050,13,065,"Georgia","Clinch County",1,79,28,13,15
050,13,065,"Georgia","Clinch County",1,80,35,19,16
050,13,065,"Georgia","Clinch County",1,81,28,12,16
050,13,065,"Georgia","Clinch County",1,82,22,7,15
050,13,065,"Georgia","Clinch County",1,83,24,6,18
050,13,065,"Georgia","Clinch County",1,84,15,1,14
050,13,065,"Georgia","Clinch County",1,85,87,34,53
050,13,065,"Georgia","Clinch County",2,0,90,46,44
050,13,065,"Georgia","Clinch County",2,1,81,36,45
050,13,065,"Georgia","Clinch County",2,2,78,33,45
050,13,065,"Georgia","Clinch County",2,3,80,33,47
050,13,065,"Georgia","Clinch County",2,4,96,44,52
050,13,065,"Georgia","Clinch County",2,5,93,47,46
050,13,065,"Georgia","Clinch County",2,6,93,50,43
050,13,065,"Georgia","Clinch County",2,7,90,46,44
050,13,065,"Georgia","Clinch County",2,8,94,47,47
050,13,065,"Georgia","Clinch County",2,9,100,47,53
050,13,065,"Georgia","Clinch County",2,10,94,47,47
050,13,065,"Georgia","Clinch County",2,11,94,48,46
050,13,065,"Georgia","Clinch County",2,12,101,53,48
050,13,065,"Georgia","Clinch County",2,13,99,50,49
050,13,065,"Georgia","Clinch County",2,14,109,53,56
050,13,065,"Georgia","Clinch County",2,15,94,45,49
050,13,065,"Georgia","Clinch County",2,16,88,43,45
050,13,065,"Georgia","Clinch County",2,17,93,45,48
050,13,065,"Georgia","Clinch County",2,18,87,48,39
050,13,065,"Georgia","Clinch County",2,19,69,37,32
050,13,065,"Georgia","Clinch County",2,20,74,37,37
050,13,065,"Georgia","Clinch County",2,21,84,37,47
050,13,065,"Georgia","Clinch County",2,22,87,44,43
050,13,065,"Georgia","Clinch County",2,23,77,35,42
050,13,065,"Georgia","Clinch County",2,24,81,43,38
050,13,065,"Georgia","Clinch County",2,25,71,33,38
050,13,065,"Georgia","Clinch County",2,26,78,36,42
050,13,065,"Georgia","Clinch County",2,27,79,39,40
050,13,065,"Georgia","Clinch County",2,28,88,44,44
050,13,065,"Georgia","Clinch County",2,29,81,39,42
050,13,065,"Georgia","Clinch County",2,30,97,50,47
050,13,065,"Georgia","Clinch County",2,31,89,43,46
050,13,065,"Georgia","Clinch County",2,32,89,40,49
050,13,065,"Georgia","Clinch County",2,33,82,36,46
050,13,065,"Georgia","Clinch County",2,34,84,42,42
050,13,065,"Georgia","Clinch County",2,35,81,41,40
050,13,065,"Georgia","Clinch County",2,36,76,33,43
050,13,065,"Georgia","Clinch County",2,37,74,31,43
050,13,065,"Georgia","Clinch County",2,38,83,39,44
050,13,065,"Georgia","Clinch County",2,39,80,37,43
050,13,065,"Georgia","Clinch County",2,40,75,29,46
050,13,065,"Georgia","Clinch County",2,41,70,32,38
050,13,065,"Georgia","Clinch County",2,42,75,43,32
050,13,065,"Georgia","Clinch County",2,43,85,50,35
050,13,065,"Georgia","Clinch County",2,44,83,43,40
050,13,065,"Georgia","Clinch County",2,45,77,36,41
050,13,065,"Georgia","Clinch County",2,46,91,45,46
050,13,065,"Georgia","Clinch County",2,47,101,51,50
050,13,065,"Georgia","Clinch County",2,48,97,53,44
050,13,065,"Georgia","Clinch County",2,49,83,44,39
050,13,065,"Georgia","Clinch County",2,50,83,47,36
050,13,065,"Georgia","Clinch County",2,51,75,41,34
050,13,065,"Georgia","Clinch County",2,52,84,45,39
050,13,065,"Georgia","Clinch County",2,53,89,41,48
050,13,065,"Georgia","Clinch County",2,54,93,46,47
050,13,065,"Georgia","Clinch County",2,55,104,55,49
050,13,065,"Georgia","Clinch County",2,56,87,45,42
050,13,065,"Georgia","Clinch County",2,57,79,35,44
050,13,065,"Georgia","Clinch County",2,58,86,36,50
050,13,065,"Georgia","Clinch County",2,59,85,40,45
050,13,065,"Georgia","Clinch County",2,60,85,42,43
050,13,065,"Georgia","Clinch County",2,61,87,48,39
050,13,065,"Georgia","Clinch County",2,62,90,48,42
050,13,065,"Georgia","Clinch County",2,63,92,48,44
050,13,065,"Georgia","Clinch County",2,64,81,37,44
050,13,065,"Georgia","Clinch County",2,65,77,35,42
050,13,065,"Georgia","Clinch County",2,66,77,32,45
050,13,065,"Georgia","Clinch County",2,67,73,29,44
050,13,065,"Georgia","Clinch County",2,68,77,35,42
050,13,065,"Georgia","Clinch County",2,69,76,35,41
050,13,065,"Georgia","Clinch County",2,70,67,31,36
050,13,065,"Georgia","Clinch County",2,71,63,29,34
050,13,065,"Georgia","Clinch County",2,72,62,31,31
050,13,065,"Georgia","Clinch County",2,73,73,34,39
050,13,065,"Georgia","Clinch County",2,74,55,26,29
050,13,065,"Georgia","Clinch County",2,75,54,23,31
050,13,065,"Georgia","Clinch County",2,76,55,27,28
050,13,065,"Georgia","Clinch County",2,77,49,21,28
050,13,065,"Georgia","Clinch County",2,78,31,14,17
050,13,065,"Georgia","Clinch County",2,79,28,13,15
050,13,065,"Georgia","Clinch County",2,80,34,18,16
050,13,065,"Georgia","Clinch County",2,81,29,13,16
050,13,065,"Georgia","Clinch County",2,82,23,8,15
050,13,065,"Georgia","Clinch County",2,83,23,6,17
050,13,065,"Georgia","Clinch County",2,84,17,2,15
050,13,065,"Georgia","Clinch County",2,85,82,32,50
050,13,065,"Georgia","Clinch County",3,0,95,47,48
050,13,065,"Georgia","Clinch County",3,1,89,43,46
050,13,065,"Georgia","Clinch County",3,2,86,35,51
050,13,065,"Georgia","Clinch County",3,3,79,31,48
050,13,065,"Georgia","Clinch County",3,4,86,37,49
050,13,065,"Georgia","Clinch County",3,5,93,42,51
050,13,065,"Georgia","Clinch County",3,6,92,45,47
050,13,065,"Georgia","Clinch County",3,7,89,49,40
050,13,065,"Georgia","Clinch County",3,8,94,53,41
050,13,065,"Georgia","Clinch County",3,9,93,48,45
050,13,065,"Georgia","Clinch County",3,10,100,46,54
050,13,065,"Georgia","Clinch County",3,11,99,49,50
050,13,065,"Georgia","Clinch County",3,12,92,47,45
050,13,065,"Georgia","Clinch County",3,13,100,53,47
050,13,065,"Georgia","Clinch County",3,14,98,49,49
050,13,065,"Georgia","Clinch County",3,15,111,53,58
050,13,065,"Georgia","Clinch County",3,16,94,43,51
050,13,065,"Georgia","Clinch County",3,17,86,43,43
050,13,065,"Georgia","Clinch County",3,18,82,43,39
050,13,065,"Georgia","Clinch County",3,19,76,40,36
050,13,065,"Georgia","Clinch County",3,20,74,41,33
050,13,065,"Georgia","Clinch County",3,21,75,38,37
050,13,065,"Georgia","Clinch County",3,22,84,46,38
050,13,065,"Georgia","Clinch County",3,23,86,41,45
050,13,065,"Georgia","Clinch County",3,24,84,42,42
050,13,065,"Georgia","Clinch County",3,25,74,40,34
050,13,065,"Georgia","Clinch County",3,26,75,40,35
050,13,065,"Georgia","Clinch County",3,27,78,39,39
050,13,065,"Georgia","Clinch County",3,28,93,50,43
050,13,065,"Georgia","Clinch County",3,29,84,38,46
050,13,065,"Georgia","Clinch County",3,30,81,37,44
050,13,065,"Georgia","Clinch County",3,31,92,47,45
050,13,065,"Georgia","Clinch County",3,32,86,42,44
050,13,065,"Georgia","Clinch County",3,33,93,44,49
050,13,065,"Georgia","Clinch County",3,34,81,36,45
050,13,065,"Georgia","Clinch County",3,35,83,42,41
050,13,065,"Georgia","Clinch County",3,36,83,41,42
050,13,065,"Georgia","Clinch County",3,37,73,31,42
050,13,065,"Georgia","Clinch County",3,38,79,35,44
050,13,065,"Georgia","Clinch County",3,39,77,34,43
050,13,065,"Georgia","Clinch County",3,40,79,36,43
050,13,065,"Georgia","Clinch County",3,41,77,29,48
050,13,065,"Georgia","Clinch County",3,42,72,34,38
050,13,065,"Georgia","Clinch County",3,43,75,43,32
050,13,065,"Georgia","Clinch County",3,44,80,44,36
050,13,065,"Georgia","Clinch County",3,45,84,44,40
050,13,065,"Georgia","Clinch County",3,46,77,36,41
050,13,065,"Georgia","Clinch County",3,47,90,43,47
050,13,065,"Georgia","Clinch County",3,48,104,54,50
050,13,065,"Georgia","Clinch County",3,49,91,47,44
050,13,065,"Georgia","Clinch County",3,50,98,53,45
050,13,065,"Georgia","Clinch County",3,51,73,41,32
050,13,065,"Georgia","Clinch County",3,52,77,38,39
050,13,065,"Georgia","Clinch County",3,53,82,43,39
050,13,065,"Georgia","Clinch County",3,54,85,38,47
050,13,065,"Georgia","Clinch County",3,55,90,45,45
050,13,065,"Georgia","Clinch County",3,56,101,53,48
050,13,065,"Georgia","Clinch County",3,57,94,48,46
050,13,065,"Georgia","Clinch County",3,58,75,35,40
050,13,065,"Georgia","Clinch County",3,59,88,39,49
050,13,065,"Georgia","Clinch County",3,60,78,34,44
050,13,065,"Georgia","Clinch County",3,61,87,45,42
050,13,065,"Georgia","Clinch County",3,62,83,45,38
050,13,065,"Georgia","Clinch County",3,63,77,40,37
050,13,065,"Georgia","Clinch County",3,64,93,46,47
050,13,065,"Georgia","Clinch County",3,65,76,38,38
050,13,065,"Georgia","Clinch County",3,66,75,31,44
050,13,065,"Georgia","Clinch County",3,67,76,29,47
050,13,065,"Georgia","Clinch County",3,68,69,27,42
050,13,065,"Georgia","Clinch County",3,69,76,34,42
050,13,065,"Georgia","Clinch County",3,70,73,35,38
050,13,065,"Georgia","Clinch County",3,71,69,32,37
050,13,065,"Georgia","Clinch County",3,72,56,24,32
050,13,065,"Georgia","Clinch County",3,73,58,28,30
050,13,065,"Georgia","Clinch County",3,74,69,35,34
050,13,065,"Georgia","Clinch County",3,75,51,23,28
050,13,065,"Georgia","Clinch County",3,76,51,22,29
050,13,065,"Georgia","Clinch County",3,77,51,24,27
050,13,065,"Georgia","Clinch County",3,78,51,22,29
050,13,065,"Georgia","Clinch County",3,79,28,12,16
050,13,065,"Georgia","Clinch County",3,80,30,14,16
050,13,065,"Georgia","Clinch County",3,81,30,16,14
050,13,065,"Georgia","Clinch County",3,82,25,13,12
050,13,065,"Georgia","Clinch County",3,83,20,6,14
050,13,065,"Georgia","Clinch County",3,84,19,6,13
050,13,065,"Georgia","Clinch County",3,85,70,26,44
050,13,065,"Georgia","Clinch County",4,0,94,44,50
050,13,065,"Georgia","Clinch County",4,1,90,45,45
050,13,065,"Georgia","Clinch County",4,2,84,42,42
050,13,065,"Georgia","Clinch County",4,3,91,43,48
050,13,065,"Georgia","Clinch County",4,4,73,26,47
050,13,065,"Georgia","Clinch County",4,5,85,35,50
050,13,065,"Georgia","Clinch County",4,6,95,47,48
050,13,065,"Georgia","Clinch County",4,7,97,47,50
050,13,065,"Georgia","Clinch County",4,8,90,47,43
050,13,065,"Georgia","Clinch County",4,9,89,49,40
050,13,065,"Georgia","Clinch County",4,10,92,47,45
050,13,065,"Georgia","Clinch County",4,11,101,48,53
050,13,065,"Georgia","Clinch County",4,12,94,46,48
050,13,065,"Georgia","Clinch County",4,13,90,46,44
050,13,065,"Georgia","Clinch County",4,14,103,55,48
050,13,065,"Georgia","Clinch County",4,15,97,47,50
050,13,065,"Georgia","Clinch County",4,16,111,51,60
050,13,065,"Georgia","Clinch County",4,17,88,41,47
050,13,065,"Georgia","Clinch County",4,18,71,37,34
050,13,065,"Georgia","Clinch County",4,19,68,36,32
050,13,065,"Georgia","Clinch County",4,20,82,41,41
050,13,065,"Georgia","Clinch County",4,21,82,44,38
050,13,065,"Georgia","Clinch County",4,22,85,44,41
050,13,065,"Georgia","Clinch County",4,23,80,42,38
050,13,065,"Georgia","Clinch County",4,24,85,44,41
050,13,065,"Georgia","Clinch County",4,25,83,36,47
050,13,065,"Georgia","Clinch County",4,26,75,39,36
050,13,065,"Georgia","Clinch County",4,27,76,36,40
050,13,065,"Georgia","Clinch County",4,28,91,50,41
050,13,065,"Georgia","Clinch County",4,29,83,43,40
050,13,065,"Georgia","Clinch County",4,30,80,37,43
050,13,065,"Georgia","Clinch County",4,31,79,35,44
050,13,065,"Georgia","Clinch County",4,32,98,48,50
050,13,065,"Georgia","Clinch County",4,33,85,44,41
050,13,065,"Georgia","Clinch County",4,34,98,45,53
050,13,065,"Georgia","Clinch County",4,35,80,36,44
050,13,065,"Georgia","Clinch County",4,36,84,44,40
050,13,065,"Georgia","Clinch County",4,37,83,41,42
050,13,065,"Georgia","Clinch County",4,38,72,32,40
050,13,065,"Georgia","Clinch County",4,39,76,34,42
050,13,065,"Georgia","Clinch County",4,40,81,34,47
050,13,065,"Georgia","Clinch County",4,41,74,32,42
050,13,065,"Georgia","Clinch County",4,42,78,31,47
050,13,065,"Georgia","Clinch County",4,43,74,36,38
050,13,065,"Georgia","Clinch County",4,44,73,40,33
050,13,065,"Georgia","Clinch County",4,45,83,46,37
050,13,065,"Georgia","Clinch County",4,46,83,44,39
050,13,065,"Georgia","Clinch County",4,47,78,33,45
050,13,065,"Georgia","Clinch County",4,48,88,42,46
050,13,065,"Georgia","Clinch County",4,49,100,52,48
050,13,065,"Georgia","Clinch County",4,50,97,53,44
050,13,065,"Georgia","Clinch County",4,51,88,47,41
050,13,065,"Georgia","Clinch County",4,52,72,40,32
050,13,065,"Georgia","Clinch County",4,53,75,36,39
050,13,065,"Georgia","Clinch County",4,54,82,45,37
050,13,065,"Georgia","Clinch County",4,55,83,40,43
050,13,065,"Georgia","Clinch County",4,56,93,47,46
050,13,065,"Georgia","Clinch County",4,57,99,45,54
050,13,065,"Georgia","Clinch County",4,58,85,42,43
050,13,065,"Georgia","Clinch County",4,59,83,44,39
050,13,065,"Georgia","Clinch County",4,60,87,36,51
050,13,065,"Georgia","Clinch County",4,61,79,36,43
050,13,065,"Georgia","Clinch County",4,62,82,43,39
050,13,065,"Georgia","Clinch County",4,63,79,40,39
050,13,065,"Georgia","Clinch County",4,64,68,37,31
050,13,065,"Georgia","Clinch County",4,65,93,48,45
050,13,065,"Georgia","Clinch County",4,66,77,38,39
050,13,065,"Georgia","Clinch County",4,67,70,26,44
050,13,065,"Georgia","Clinch County",4,68,70,29,41
050,13,065,"Georgia","Clinch County",4,69,71,27,44
050,13,065,"Georgia","Clinch County",4,70,70,33,37
050,13,065,"Georgia","Clinch County",4,71,75,34,41
050,13,065,"Georgia","Clinch County",4,72,63,28,35
050,13,065,"Georgia","Clinch County",4,73,52,21,31
050,13,065,"Georgia","Clinch County",4,74,59,31,28
050,13,065,"Georgia","Clinch County",4,75,67,32,35
050,13,065,"Georgia","Clinch County",4,76,47,20,27
050,13,065,"Georgia","Clinch County",4,77,48,19,29
050,13,065,"Georgia","Clinch County",4,78,51,24,27
050,13,065,"Georgia","Clinch County",4,79,47,20,27
050,13,065,"Georgia","Clinch County",4,80,28,13,15
050,13,065,"Georgia","Clinch County",4,81,24,11,13
050,13,065,"Georgia","Clinch County",4,82,27,15,12
050,13,065,"Georgia","Clinch County",4,83,26,12,14
050,13,065,"Georgia","Clinch County",4,84,17,6,11
050,13,065,"Georgia","Clinch County",4,85,73,29,44
050,13,065,"Georgia","Clinch County",5,0,96,44,52
050,13,065,"Georgia","Clinch County",5,1,101,52,49
050,13,065,"Georgia","Clinch County",5,2,91,46,45
050,13,065,"Georgia","Clinch County",5,3,93,44,49
050,13,065,"Georgia","Clinch County",5,4,92,43,49
050,13,065,"Georgia","Clinch County",5,5,77,29,48
050,13,065,"Georgia","Clinch County",5,6,86,36,50
050,13,065,"Georgia","Clinch County",5,7,93,48,45
050,13,065,"Georgia","Clinch County",5,8,102,46,56
050,13,065,"Georgia","Clinch County",5,9,91,47,44
050,13,065,"Georgia","Clinch County",5,10,89,48,41
050,13,065,"Georgia","Clinch County",5,11,94,50,44
050,13,065,"Georgia","Clinch County",5,12,102,47,55
050,13,065,"Georgia","Clinch County",5,13,92,45,47
050,13,065,"Georgia","Clinch County",5,14,98,52,46
050,13,065,"Georgia","Clinch County",5,15,107,60,47
050,13,065,"Georgia","Clinch County",5,16,94,45,49
050,13,065,"Georgia","Clinch County",5,17,103,53,50
050,13,065,"Georgia","Clinch County",5,18,71,36,35
050,13,065,"Georgia","Clinch County",5,19,58,29,29
050,13,065,"Georgia","Clinch County",5,20,75,41,34
050,13,065,"Georgia","Clinch County",5,21,82,39,43
050,13,065,"Georgia","Clinch County",5,22,95,55,40
050,13,065,"Georgia","Clinch County",5,23,79,41,38
050,13,065,"Georgia","Clinch County",5,24,90,47,43
050,13,065,"Georgia","Clinch County",5,25,82,44,38
050,13,065,"Georgia","Clinch County",5,26,82,37,45
050,13,065,"Georgia","Clinch County",5,27,80,42,38
050,13,065,"Georgia","Clinch County",5,28,85,44,41
050,13,065,"Georgia","Clinch County",5,29,77,39,38
050,13,065,"Georgia","Clinch County",5,30,94,50,44
050,13,065,"Georgia","Clinch County",5,31,77,32,45
050,13,065,"Georgia","Clinch County",5,32,87,38,49
050,13,065,"Georgia","Clinch County",5,33,92,45,47
050,13,065,"Georgia","Clinch County",5,34,83,41,42
050,13,065,"Georgia","Clinch County",5,35,98,45,53
050,13,065,"Georgia","Clinch County",5,36,82,36,46
050,13,065,"Georgia","Clinch County",5,37,79,41,38
050,13,065,"Georgia","Clinch County",5,38,77,40,37
050,13,065,"Georgia","Clinch County",5,39,66,28,38
050,13,065,"Georgia","Clinch County",5,40,78,35,43
050,13,065,"Georgia","Clinch County",5,41,82,34,48
050,13,065,"Georgia","Clinch County",5,42,72,33,39
050,13,065,"Georgia","Clinch County",5,43,83,33,50
050,13,065,"Georgia","Clinch County",5,44,72,35,37
050,13,065,"Georgia","Clinch County",5,45,76,42,34
050,13,065,"Georgia","Clinch County",5,46,84,47,37
050,13,065,"Georgia","Clinch County",5,47,81,41,40
050,13,065,"Georgia","Clinch County",5,48,82,37,45
050,13,065,"Georgia","Clinch County",5,49,88,38,50
050,13,065,"Georgia","Clinch County",5,50,114,61,53
050,13,065,"Georgia","Clinch County",5,51,91,45,46
050,13,065,"Georgia","Clinch County",5,52,85,45,40
050,13,065,"Georgia","Clinch County",5,53,70,36,34
050,13,065,"Georgia","Clinch County",5,54,71,33,38
050,13,065,"Georgia","Clinch County",5,55,80,47,33
050,13,065,"Georgia","Clinch County",5,56,82,42,40
050,13,065,"Georgia","Clinch County",5,57,90,44,46
050,13,065,"Georgia","Clinch County",5,58,100,45,55
050,13,065,"Georgia","Clinch County",5,59,89,48,41
050,13,065,"Georgia","Clinch County",5,60,74,35,39
050,13,065,"Georgia","Clinch County",5,61,98,43,55
050,13,065,"Georgia","Clinch County",5,62,73,31,42
050,13,065,"Georgia","Clinch County",5,63,80,41,39
050,13,065,"Georgia","Clinch County",5,64,78,40,38
050,13,065,"Georgia","Clinch County",5,65,69,38,31
050,13,065,"Georgia","Clinch County",5,66,93,45,48
050,13,065,"Georgia","Clinch County",5,67,79,36,43
050,13,065,"Georgia","Clinch County",5,68,67,24,43
050,13,065,"Georgia","Clinch County",5,69,74,31,43
050,13,065,"Georgia","Clinch County",5,70,68,29,39
050,13,065,"Georgia","Clinch County",5,71,69,32,37
050,13,065,"Georgia","Clinch County",5,72,72,32,40
050,13,065,"Georgia","Clinch County",5,73,63,26,37
050,13,065,"Georgia","Clinch County",5,74,53,23,30
050,13,065,"Georgia","Clinch County",5,75,57,27,30
050,13,065,"Georgia","Clinch County",5,76,64,32,32
050,13,065,"Georgia","Clinch County",5,77,43,18,25
050,13,065,"Georgia","Clinch County",5,78,47,19,28
050,13,065,"Georgia","Clinch County",5,79,46,22,24
050,13,065,"Georgia","Clinch County",5,80,50,21,29
050,13,065,"Georgia","Clinch County",5,81,25,10,15
050,13,065,"Georgia","Clinch County",5,82,21,10,11
050,13,065,"Georgia","Clinch County",5,83,27,14,13
050,13,065,"Georgia","Clinch County",5,84,22,12,10
050,13,065,"Georgia","Clinch County",5,85,72,32,40
050,13,067,"Georgia","Cobb County",1,0,8739,4452,4287
050,13,067,"Georgia","Cobb County",1,1,8599,4334,4265
050,13,067,"Georgia","Cobb County",1,2,9043,4623,4420
050,13,067,"Georgia","Cobb County",1,3,9308,4668,4640
050,13,067,"Georgia","Cobb County",1,4,9406,4714,4692
050,13,067,"Georgia","Cobb County",1,5,9513,4799,4714
050,13,067,"Georgia","Cobb County",1,6,9380,4797,4583
050,13,067,"Georgia","Cobb County",1,7,9528,4758,4770
050,13,067,"Georgia","Cobb County",1,8,9855,5011,4844
050,13,067,"Georgia","Cobb County",1,9,9811,4992,4819
050,13,067,"Georgia","Cobb County",1,10,10137,5212,4925
050,13,067,"Georgia","Cobb County",1,11,10481,5435,5046
050,13,067,"Georgia","Cobb County",1,12,10895,5533,5362
050,13,067,"Georgia","Cobb County",1,13,11161,5623,5538
050,13,067,"Georgia","Cobb County",1,14,10869,5463,5406
050,13,067,"Georgia","Cobb County",1,15,10797,5430,5367
050,13,067,"Georgia","Cobb County",1,16,10901,5468,5433
050,13,067,"Georgia","Cobb County",1,17,10709,5366,5343
050,13,067,"Georgia","Cobb County",1,18,10264,5256,5008
050,13,067,"Georgia","Cobb County",1,19,9832,5037,4795
050,13,067,"Georgia","Cobb County",1,20,9514,4844,4670
050,13,067,"Georgia","Cobb County",1,21,9475,4809,4666
050,13,067,"Georgia","Cobb County",1,22,9467,4720,4747
050,13,067,"Georgia","Cobb County",1,23,9682,4821,4861
050,13,067,"Georgia","Cobb County",1,24,10084,5081,5003
050,13,067,"Georgia","Cobb County",1,25,10448,5276,5172
050,13,067,"Georgia","Cobb County",1,26,10882,5399,5483
050,13,067,"Georgia","Cobb County",1,27,11224,5561,5663
050,13,067,"Georgia","Cobb County",1,28,11344,5691,5653
050,13,067,"Georgia","Cobb County",1,29,11420,5614,5806
050,13,067,"Georgia","Cobb County",1,30,11504,5604,5900
050,13,067,"Georgia","Cobb County",1,31,11140,5432,5708
050,13,067,"Georgia","Cobb County",1,32,11076,5535,5541
050,13,067,"Georgia","Cobb County",1,33,10933,5431,5502
050,13,067,"Georgia","Cobb County",1,34,10989,5516,5473
050,13,067,"Georgia","Cobb County",1,35,11149,5507,5642
050,13,067,"Georgia","Cobb County",1,36,10978,5357,5621
050,13,067,"Georgia","Cobb County",1,37,11216,5465,5751
050,13,067,"Georgia","Cobb County",1,38,11204,5438,5766
050,13,067,"Georgia","Cobb County",1,39,11176,5474,5702
050,13,067,"Georgia","Cobb County",1,40,10956,5347,5609
050,13,067,"Georgia","Cobb County",1,41,10683,5170,5513
050,13,067,"Georgia","Cobb County",1,42,10556,4990,5566
050,13,067,"Georgia","Cobb County",1,43,10588,5051,5537
050,13,067,"Georgia","Cobb County",1,44,10345,4942,5403
050,13,067,"Georgia","Cobb County",1,45,10478,5009,5469
050,13,067,"Georgia","Cobb County",1,46,10347,5010,5337
050,13,067,"Georgia","Cobb County",1,47,10720,5074,5646
050,13,067,"Georgia","Cobb County",1,48,11204,5438,5766
050,13,067,"Georgia","Cobb County",1,49,11798,5849,5949
050,13,067,"Georgia","Cobb County",1,50,11367,5632,5735
050,13,067,"Georgia","Cobb County",1,51,10606,5259,5347
050,13,067,"Georgia","Cobb County",1,52,10227,5020,5207
050,13,067,"Georgia","Cobb County",1,53,10240,4926,5314
050,13,067,"Georgia","Cobb County",1,54,10124,4925,5199
050,13,067,"Georgia","Cobb County",1,55,10511,5043,5468
050,13,067,"Georgia","Cobb County",1,56,10399,5008,5391
050,13,067,"Georgia","Cobb County",1,57,10227,4926,5301
050,13,067,"Georgia","Cobb County",1,58,9998,4773,5225
050,13,067,"Georgia","Cobb County",1,59,9778,4665,5113
050,13,067,"Georgia","Cobb County",1,60,9521,4606,4915
050,13,067,"Georgia","Cobb County",1,61,9130,4475,4655
050,13,067,"Georgia","Cobb County",1,62,8626,4150,4476
050,13,067,"Georgia","Cobb County",1,63,8347,3991,4356
050,13,067,"Georgia","Cobb County",1,64,8032,3828,4204
050,13,067,"Georgia","Cobb County",1,65,7706,3599,4107
050,13,067,"Georgia","Cobb County",1,66,7142,3329,3813
050,13,067,"Georgia","Cobb County",1,67,6901,3210,3691
050,13,067,"Georgia","Cobb County",1,68,6664,3024,3640
050,13,067,"Georgia","Cobb County",1,69,6139,2805,3334
050,13,067,"Georgia","Cobb County",1,70,6054,2801,3253
050,13,067,"Georgia","Cobb County",1,71,5803,2575,3228
050,13,067,"Georgia","Cobb County",1,72,5853,2594,3259
050,13,067,"Georgia","Cobb County",1,73,5731,2541,3190
050,13,067,"Georgia","Cobb County",1,74,4062,1802,2260
050,13,067,"Georgia","Cobb County",1,75,3809,1685,2124
050,13,067,"Georgia","Cobb County",1,76,3776,1730,2046
050,13,067,"Georgia","Cobb County",1,77,3606,1678,1928
050,13,067,"Georgia","Cobb County",1,78,2921,1297,1624
050,13,067,"Georgia","Cobb County",1,79,2602,1117,1485
050,13,067,"Georgia","Cobb County",1,80,2347,1002,1345
050,13,067,"Georgia","Cobb County",1,81,2169,918,1251
050,13,067,"Georgia","Cobb County",1,82,1901,786,1115
050,13,067,"Georgia","Cobb County",1,83,1680,661,1019
050,13,067,"Georgia","Cobb County",1,84,1531,598,933
050,13,067,"Georgia","Cobb County",1,85,8774,3017,5757
050,13,067,"Georgia","Cobb County",2,0,8580,4348,4232
050,13,067,"Georgia","Cobb County",2,1,8603,4342,4261
050,13,067,"Georgia","Cobb County",2,2,8937,4547,4390
050,13,067,"Georgia","Cobb County",2,3,9192,4628,4564
050,13,067,"Georgia","Cobb County",2,4,9388,4698,4690
050,13,067,"Georgia","Cobb County",2,5,9501,4788,4713
050,13,067,"Georgia","Cobb County",2,6,9425,4811,4614
050,13,067,"Georgia","Cobb County",2,7,9486,4771,4715
050,13,067,"Georgia","Cobb County",2,8,9740,4932,4808
050,13,067,"Georgia","Cobb County",2,9,9799,4992,4807
050,13,067,"Georgia","Cobb County",2,10,10051,5157,4894
050,13,067,"Georgia","Cobb County",2,11,10354,5354,5000
050,13,067,"Georgia","Cobb County",2,12,10849,5535,5314
050,13,067,"Georgia","Cobb County",2,13,11085,5600,5485
050,13,067,"Georgia","Cobb County",2,14,10943,5504,5439
050,13,067,"Georgia","Cobb County",2,15,10835,5450,5385
050,13,067,"Georgia","Cobb County",2,16,10875,5465,5410
050,13,067,"Georgia","Cobb County",2,17,10722,5368,5354
050,13,067,"Georgia","Cobb County",2,18,10217,5210,5007
050,13,067,"Georgia","Cobb County",2,19,9876,5042,4834
050,13,067,"Georgia","Cobb County",2,20,9663,4913,4750
050,13,067,"Georgia","Cobb County",2,21,9497,4819,4678
050,13,067,"Georgia","Cobb County",2,22,9539,4784,4755
050,13,067,"Georgia","Cobb County",2,23,9729,4844,4885
050,13,067,"Georgia","Cobb County",2,24,10019,5031,4988
050,13,067,"Georgia","Cobb County",2,25,10442,5270,5172
050,13,067,"Georgia","Cobb County",2,26,10832,5400,5432
050,13,067,"Georgia","Cobb County",2,27,11151,5529,5622
050,13,067,"Georgia","Cobb County",2,28,11324,5670,5654
050,13,067,"Georgia","Cobb County",2,29,11408,5632,5776
050,13,067,"Georgia","Cobb County",2,30,11529,5612,5917
050,13,067,"Georgia","Cobb County",2,31,11207,5464,5743
050,13,067,"Georgia","Cobb County",2,32,11065,5482,5583
050,13,067,"Georgia","Cobb County",2,33,10961,5455,5506
050,13,067,"Georgia","Cobb County",2,34,10966,5482,5484
050,13,067,"Georgia","Cobb County",2,35,11182,5544,5638
050,13,067,"Georgia","Cobb County",2,36,10985,5370,5615
050,13,067,"Georgia","Cobb County",2,37,11172,5438,5734
050,13,067,"Georgia","Cobb County",2,38,11237,5470,5767
050,13,067,"Georgia","Cobb County",2,39,11119,5436,5683
050,13,067,"Georgia","Cobb County",2,40,11097,5433,5664
050,13,067,"Georgia","Cobb County",2,41,10736,5201,5535
050,13,067,"Georgia","Cobb County",2,42,10545,5021,5524
050,13,067,"Georgia","Cobb County",2,43,10635,5067,5568
050,13,067,"Georgia","Cobb County",2,44,10314,4932,5382
050,13,067,"Georgia","Cobb County",2,45,10503,5021,5482
050,13,067,"Georgia","Cobb County",2,46,10342,4987,5355
050,13,067,"Georgia","Cobb County",2,47,10590,5037,5553
050,13,067,"Georgia","Cobb County",2,48,11086,5351,5735
050,13,067,"Georgia","Cobb County",2,49,11677,5774,5903
050,13,067,"Georgia","Cobb County",2,50,11463,5683,5780
050,13,067,"Georgia","Cobb County",2,51,10707,5305,5402
050,13,067,"Georgia","Cobb County",2,52,10289,5059,5230
050,13,067,"Georgia","Cobb County",2,53,10187,4931,5256
050,13,067,"Georgia","Cobb County",2,54,10115,4909,5206
050,13,067,"Georgia","Cobb County",2,55,10370,4985,5385
050,13,067,"Georgia","Cobb County",2,56,10417,5008,5409
050,13,067,"Georgia","Cobb County",2,57,10237,4930,5307
050,13,067,"Georgia","Cobb County",2,58,10005,4785,5220
050,13,067,"Georgia","Cobb County",2,59,9815,4683,5132
050,13,067,"Georgia","Cobb County",2,60,9542,4601,4941
050,13,067,"Georgia","Cobb County",2,61,9161,4472,4689
050,13,067,"Georgia","Cobb County",2,62,8686,4198,4488
050,13,067,"Georgia","Cobb County",2,63,8449,4047,4402
050,13,067,"Georgia","Cobb County",2,64,8022,3825,4197
050,13,067,"Georgia","Cobb County",2,65,7726,3625,4101
050,13,067,"Georgia","Cobb County",2,66,7252,3378,3874
050,13,067,"Georgia","Cobb County",2,67,6887,3202,3685
050,13,067,"Georgia","Cobb County",2,68,6634,3023,3611
050,13,067,"Georgia","Cobb County",2,69,6266,2854,3412
050,13,067,"Georgia","Cobb County",2,70,6022,2772,3250
050,13,067,"Georgia","Cobb County",2,71,5823,2610,3213
050,13,067,"Georgia","Cobb County",2,72,5725,2538,3187
050,13,067,"Georgia","Cobb County",2,73,5986,2651,3335
050,13,067,"Georgia","Cobb County",2,74,4188,1850,2338
050,13,067,"Georgia","Cobb County",2,75,3849,1694,2155
050,13,067,"Georgia","Cobb County",2,76,3728,1691,2037
050,13,067,"Georgia","Cobb County",2,77,3686,1705,1981
050,13,067,"Georgia","Cobb County",2,78,3000,1346,1654
050,13,067,"Georgia","Cobb County",2,79,2642,1139,1503
050,13,067,"Georgia","Cobb County",2,80,2377,1015,1362
050,13,067,"Georgia","Cobb County",2,81,2172,922,1250
050,13,067,"Georgia","Cobb County",2,82,1941,809,1132
050,13,067,"Georgia","Cobb County",2,83,1697,666,1031
050,13,067,"Georgia","Cobb County",2,84,1541,591,950
050,13,067,"Georgia","Cobb County",2,85,8761,3004,5757
050,13,067,"Georgia","Cobb County",3,0,8412,4330,4082
050,13,067,"Georgia","Cobb County",3,1,8425,4311,4114
050,13,067,"Georgia","Cobb County",3,2,8643,4356,4287
050,13,067,"Georgia","Cobb County",3,3,8811,4500,4311
050,13,067,"Georgia","Cobb County",3,4,9079,4573,4506
050,13,067,"Georgia","Cobb County",3,5,9323,4697,4626
050,13,067,"Georgia","Cobb County",3,6,9410,4732,4678
050,13,067,"Georgia","Cobb County",3,7,9379,4791,4588
050,13,067,"Georgia","Cobb County",3,8,9429,4728,4701
050,13,067,"Georgia","Cobb County",3,9,9685,4879,4806
050,13,067,"Georgia","Cobb County",3,10,9739,4989,4750
050,13,067,"Georgia","Cobb County",3,11,10044,5150,4894
050,13,067,"Georgia","Cobb County",3,12,10345,5350,4995
050,13,067,"Georgia","Cobb County",3,13,10880,5545,5335
050,13,067,"Georgia","Cobb County",3,14,11073,5639,5434
050,13,067,"Georgia","Cobb County",3,15,10985,5470,5515
050,13,067,"Georgia","Cobb County",3,16,10803,5442,5361
050,13,067,"Georgia","Cobb County",3,17,10791,5383,5408
050,13,067,"Georgia","Cobb County",3,18,10021,5049,4972
050,13,067,"Georgia","Cobb County",3,19,9662,4887,4775
050,13,067,"Georgia","Cobb County",3,20,9682,4907,4775
050,13,067,"Georgia","Cobb County",3,21,9722,4922,4800
050,13,067,"Georgia","Cobb County",3,22,9635,4869,4766
050,13,067,"Georgia","Cobb County",3,23,9971,4961,5010
050,13,067,"Georgia","Cobb County",3,24,10094,5006,5088
050,13,067,"Georgia","Cobb County",3,25,10456,5163,5293
050,13,067,"Georgia","Cobb County",3,26,10715,5353,5362
050,13,067,"Georgia","Cobb County",3,27,10901,5485,5416
050,13,067,"Georgia","Cobb County",3,28,11248,5591,5657
050,13,067,"Georgia","Cobb County",3,29,11456,5738,5718
050,13,067,"Georgia","Cobb County",3,30,11416,5607,5809
050,13,067,"Georgia","Cobb County",3,31,11496,5608,5888
050,13,067,"Georgia","Cobb County",3,32,11289,5518,5771
050,13,067,"Georgia","Cobb County",3,33,11142,5529,5613
050,13,067,"Georgia","Cobb County",3,34,11022,5462,5560
050,13,067,"Georgia","Cobb County",3,35,10901,5413,5488
050,13,067,"Georgia","Cobb County",3,36,11162,5548,5614
050,13,067,"Georgia","Cobb County",3,37,10797,5237,5560
050,13,067,"Georgia","Cobb County",3,38,11085,5353,5732
050,13,067,"Georgia","Cobb County",3,39,11152,5418,5734
050,13,067,"Georgia","Cobb County",3,40,11025,5341,5684
050,13,067,"Georgia","Cobb County",3,41,11009,5356,5653
050,13,067,"Georgia","Cobb County",3,42,10738,5204,5534
050,13,067,"Georgia","Cobb County",3,43,10526,5035,5491
050,13,067,"Georgia","Cobb County",3,44,10574,5040,5534
050,13,067,"Georgia","Cobb County",3,45,10291,4885,5406
050,13,067,"Georgia","Cobb County",3,46,10428,5010,5418
050,13,067,"Georgia","Cobb County",3,47,10248,4910,5338
050,13,067,"Georgia","Cobb County",3,48,10456,4986,5470
050,13,067,"Georgia","Cobb County",3,49,10976,5309,5667
050,13,067,"Georgia","Cobb County",3,50,11530,5734,5796
050,13,067,"Georgia","Cobb County",3,51,11259,5599,5660
050,13,067,"Georgia","Cobb County",3,52,10565,5191,5374
050,13,067,"Georgia","Cobb County",3,53,10108,4953,5155
050,13,067,"Georgia","Cobb County",3,54,10046,4862,5184
050,13,067,"Georgia","Cobb County",3,55,9891,4810,5081
050,13,067,"Georgia","Cobb County",3,56,10232,4891,5341
050,13,067,"Georgia","Cobb County",3,57,10250,4963,5287
050,13,067,"Georgia","Cobb County",3,58,10080,4854,5226
050,13,067,"Georgia","Cobb County",3,59,9781,4667,5114
050,13,067,"Georgia","Cobb County",3,60,9579,4546,5033
050,13,067,"Georgia","Cobb County",3,61,9326,4495,4831
050,13,067,"Georgia","Cobb County",3,62,9001,4367,4634
050,13,067,"Georgia","Cobb County",3,63,8458,4073,4385
050,13,067,"Georgia","Cobb County",3,64,8278,3977,4301
050,13,067,"Georgia","Cobb County",3,65,7852,3733,4119
050,13,067,"Georgia","Cobb County",3,66,7519,3505,4014
050,13,067,"Georgia","Cobb County",3,67,7101,3279,3822
050,13,067,"Georgia","Cobb County",3,68,6696,3073,3623
050,13,067,"Georgia","Cobb County",3,69,6503,2963,3540
050,13,067,"Georgia","Cobb County",3,70,6146,2765,3381
050,13,067,"Georgia","Cobb County",3,71,5872,2659,3213
050,13,067,"Georgia","Cobb County",3,72,5632,2530,3102
050,13,067,"Georgia","Cobb County",3,73,5571,2440,3131
050,13,067,"Georgia","Cobb County",3,74,5808,2534,3274
050,13,067,"Georgia","Cobb County",3,75,4064,1782,2282
050,13,067,"Georgia","Cobb County",3,76,3754,1631,2123
050,13,067,"Georgia","Cobb County",3,77,3574,1601,1973
050,13,067,"Georgia","Cobb County",3,78,3559,1628,1931
050,13,067,"Georgia","Cobb County",3,79,2897,1296,1601
050,13,067,"Georgia","Cobb County",3,80,2470,1043,1427
050,13,067,"Georgia","Cobb County",3,81,2278,964,1314
050,13,067,"Georgia","Cobb County",3,82,2045,875,1170
050,13,067,"Georgia","Cobb County",3,83,1840,759,1081
050,13,067,"Georgia","Cobb County",3,84,1571,575,996
050,13,067,"Georgia","Cobb County",3,85,8974,3057,5917
050,13,067,"Georgia","Cobb County",4,0,8798,4531,4267
050,13,067,"Georgia","Cobb County",4,1,8310,4256,4054
050,13,067,"Georgia","Cobb County",4,2,8399,4346,4053
050,13,067,"Georgia","Cobb County",4,3,8643,4344,4299
050,13,067,"Georgia","Cobb County",4,4,8887,4516,4371
050,13,067,"Georgia","Cobb County",4,5,9154,4601,4553
050,13,067,"Georgia","Cobb County",4,6,9503,4800,4703
050,13,067,"Georgia","Cobb County",4,7,9430,4710,4720
050,13,067,"Georgia","Cobb County",4,8,9429,4831,4598
050,13,067,"Georgia","Cobb County",4,9,9377,4698,4679
050,13,067,"Georgia","Cobb County",4,10,9678,4892,4786
050,13,067,"Georgia","Cobb County",4,11,9866,5065,4801
050,13,067,"Georgia","Cobb County",4,12,10159,5199,4960
050,13,067,"Georgia","Cobb County",4,13,10372,5332,5040
050,13,067,"Georgia","Cobb County",4,14,10913,5566,5347
050,13,067,"Georgia","Cobb County",4,15,11102,5651,5451
050,13,067,"Georgia","Cobb County",4,16,11009,5544,5465
050,13,067,"Georgia","Cobb County",4,17,10802,5402,5400
050,13,067,"Georgia","Cobb County",4,18,10427,5269,5158
050,13,067,"Georgia","Cobb County",4,19,9782,4872,4910
050,13,067,"Georgia","Cobb County",4,20,9723,4956,4767
050,13,067,"Georgia","Cobb County",4,21,9797,4948,4849
050,13,067,"Georgia","Cobb County",4,22,9924,4991,4933
050,13,067,"Georgia","Cobb County",4,23,10140,5127,5013
050,13,067,"Georgia","Cobb County",4,24,10333,5187,5146
050,13,067,"Georgia","Cobb County",4,25,10352,5187,5165
050,13,067,"Georgia","Cobb County",4,26,10831,5434,5397
050,13,067,"Georgia","Cobb County",4,27,11019,5510,5509
050,13,067,"Georgia","Cobb County",4,28,11198,5647,5551
050,13,067,"Georgia","Cobb County",4,29,11632,5809,5823
050,13,067,"Georgia","Cobb County",4,30,11606,5817,5789
050,13,067,"Georgia","Cobb County",4,31,11632,5709,5923
050,13,067,"Georgia","Cobb County",4,32,11612,5690,5922
050,13,067,"Georgia","Cobb County",4,33,11471,5581,5890
050,13,067,"Georgia","Cobb County",4,34,11299,5636,5663
050,13,067,"Georgia","Cobb County",4,35,11190,5546,5644
050,13,067,"Georgia","Cobb County",4,36,10894,5413,5481
050,13,067,"Georgia","Cobb County",4,37,11073,5493,5580
050,13,067,"Georgia","Cobb County",4,38,10807,5235,5572
050,13,067,"Georgia","Cobb County",4,39,11068,5355,5713
050,13,067,"Georgia","Cobb County",4,40,11246,5489,5757
050,13,067,"Georgia","Cobb County",4,41,10999,5335,5664
050,13,067,"Georgia","Cobb County",4,42,11045,5358,5687
050,13,067,"Georgia","Cobb County",4,43,10713,5166,5547
050,13,067,"Georgia","Cobb County",4,44,10450,5024,5426
050,13,067,"Georgia","Cobb County",4,45,10551,5029,5522
050,13,067,"Georgia","Cobb County",4,46,10271,4912,5359
050,13,067,"Georgia","Cobb County",4,47,10410,4970,5440
050,13,067,"Georgia","Cobb County",4,48,10187,4872,5315
050,13,067,"Georgia","Cobb County",4,49,10337,4935,5402
050,13,067,"Georgia","Cobb County",4,50,10846,5271,5575
050,13,067,"Georgia","Cobb County",4,51,11455,5701,5754
050,13,067,"Georgia","Cobb County",4,52,11075,5462,5613
050,13,067,"Georgia","Cobb County",4,53,10388,5127,5261
050,13,067,"Georgia","Cobb County",4,54,10016,4923,5093
050,13,067,"Georgia","Cobb County",4,55,9891,4783,5108
050,13,067,"Georgia","Cobb County",4,56,9747,4744,5003
050,13,067,"Georgia","Cobb County",4,57,10045,4791,5254
050,13,067,"Georgia","Cobb County",4,58,10063,4857,5206
050,13,067,"Georgia","Cobb County",4,59,9837,4718,5119
050,13,067,"Georgia","Cobb County",4,60,9568,4537,5031
050,13,067,"Georgia","Cobb County",4,61,9416,4463,4953
050,13,067,"Georgia","Cobb County",4,62,9058,4348,4710
050,13,067,"Georgia","Cobb County",4,63,8796,4283,4513
050,13,067,"Georgia","Cobb County",4,64,8204,3934,4270
050,13,067,"Georgia","Cobb County",4,65,8094,3869,4225
050,13,067,"Georgia","Cobb County",4,66,7635,3616,4019
050,13,067,"Georgia","Cobb County",4,67,7264,3355,3909
050,13,067,"Georgia","Cobb County",4,68,6888,3164,3724
050,13,067,"Georgia","Cobb County",4,69,6581,3009,3572
050,13,067,"Georgia","Cobb County",4,70,6330,2855,3475
050,13,067,"Georgia","Cobb County",4,71,5948,2650,3298
050,13,067,"Georgia","Cobb County",4,72,5728,2586,3142
050,13,067,"Georgia","Cobb County",4,73,5485,2416,3069
050,13,067,"Georgia","Cobb County",4,74,5432,2365,3067
050,13,067,"Georgia","Cobb County",4,75,5622,2418,3204
050,13,067,"Georgia","Cobb County",4,76,3971,1719,2252
050,13,067,"Georgia","Cobb County",4,77,3544,1518,2026
050,13,067,"Georgia","Cobb County",4,78,3436,1491,1945
050,13,067,"Georgia","Cobb County",4,79,3412,1555,1857
050,13,067,"Georgia","Cobb County",4,80,2712,1204,1508
050,13,067,"Georgia","Cobb County",4,81,2381,985,1396
050,13,067,"Georgia","Cobb County",4,82,2134,920,1214
050,13,067,"Georgia","Cobb County",4,83,1917,813,1104
050,13,067,"Georgia","Cobb County",4,84,1733,689,1044
050,13,067,"Georgia","Cobb County",4,85,9338,3149,6189
050,13,067,"Georgia","Cobb County",5,0,8900,4580,4320
050,13,067,"Georgia","Cobb County",5,1,8714,4542,4172
050,13,067,"Georgia","Cobb County",5,2,8367,4279,4088
050,13,067,"Georgia","Cobb County",5,3,8415,4346,4069
050,13,067,"Georgia","Cobb County",5,4,8715,4365,4350
050,13,067,"Georgia","Cobb County",5,5,8906,4498,4408
050,13,067,"Georgia","Cobb County",5,6,9223,4661,4562
050,13,067,"Georgia","Cobb County",5,7,9578,4812,4766
050,13,067,"Georgia","Cobb County",5,8,9533,4772,4761
050,13,067,"Georgia","Cobb County",5,9,9469,4837,4632
050,13,067,"Georgia","Cobb County",5,10,9467,4746,4721
050,13,067,"Georgia","Cobb County",5,11,9835,4980,4855
050,13,067,"Georgia","Cobb County",5,12,9944,5108,4836
050,13,067,"Georgia","Cobb County",5,13,10285,5273,5012
050,13,067,"Georgia","Cobb County",5,14,10490,5383,5107
050,13,067,"Georgia","Cobb County",5,15,10981,5577,5404
050,13,067,"Georgia","Cobb County",5,16,11148,5688,5460
050,13,067,"Georgia","Cobb County",5,17,10952,5510,5442
050,13,067,"Georgia","Cobb County",5,18,10393,5259,5134
050,13,067,"Georgia","Cobb County",5,19,10093,5100,4993
050,13,067,"Georgia","Cobb County",5,20,9734,4856,4878
050,13,067,"Georgia","Cobb County",5,21,9910,5013,4897
050,13,067,"Georgia","Cobb County",5,22,10082,5102,4980
050,13,067,"Georgia","Cobb County",5,23,10329,5179,5150
050,13,067,"Georgia","Cobb County",5,24,10373,5254,5119
050,13,067,"Georgia","Cobb County",5,25,10549,5301,5248
050,13,067,"Georgia","Cobb County",5,26,10541,5266,5275
050,13,067,"Georgia","Cobb County",5,27,10927,5468,5459
050,13,067,"Georgia","Cobb County",5,28,11021,5505,5516
050,13,067,"Georgia","Cobb County",5,29,11141,5622,5519
050,13,067,"Georgia","Cobb County",5,30,11652,5748,5904
050,13,067,"Georgia","Cobb County",5,31,11683,5870,5813
050,13,067,"Georgia","Cobb County",5,32,11827,5768,6059
050,13,067,"Georgia","Cobb County",5,33,11716,5733,5983
050,13,067,"Georgia","Cobb County",5,34,11830,5752,6078
050,13,067,"Georgia","Cobb County",5,35,11322,5622,5700
050,13,067,"Georgia","Cobb County",5,36,11224,5609,5615
050,13,067,"Georgia","Cobb County",5,37,10829,5359,5470
050,13,067,"Georgia","Cobb County",5,38,11092,5487,5605
050,13,067,"Georgia","Cobb County",5,39,10685,5150,5535
050,13,067,"Georgia","Cobb County",5,40,11069,5393,5676
050,13,067,"Georgia","Cobb County",5,41,11217,5474,5743
050,13,067,"Georgia","Cobb County",5,42,11040,5358,5682
050,13,067,"Georgia","Cobb County",5,43,11093,5420,5673
050,13,067,"Georgia","Cobb County",5,44,10744,5235,5509
050,13,067,"Georgia","Cobb County",5,45,10429,4985,5444
050,13,067,"Georgia","Cobb County",5,46,10496,5002,5494
050,13,067,"Georgia","Cobb County",5,47,10273,4900,5373
050,13,067,"Georgia","Cobb County",5,48,10369,4957,5412
050,13,067,"Georgia","Cobb County",5,49,10117,4891,5226
050,13,067,"Georgia","Cobb County",5,50,10223,4911,5312
050,13,067,"Georgia","Cobb County",5,51,10751,5174,5577
050,13,067,"Georgia","Cobb County",5,52,11358,5647,5711
050,13,067,"Georgia","Cobb County",5,53,10929,5377,5552
050,13,067,"Georgia","Cobb County",5,54,10302,5112,5190
050,13,067,"Georgia","Cobb County",5,55,9814,4834,4980
050,13,067,"Georgia","Cobb County",5,56,9767,4701,5066
050,13,067,"Georgia","Cobb County",5,57,9655,4664,4991
050,13,067,"Georgia","Cobb County",5,58,9887,4695,5192
050,13,067,"Georgia","Cobb County",5,59,9938,4779,5159
050,13,067,"Georgia","Cobb County",5,60,9636,4589,5047
050,13,067,"Georgia","Cobb County",5,61,9374,4470,4904
050,13,067,"Georgia","Cobb County",5,62,9262,4385,4877
050,13,067,"Georgia","Cobb County",5,63,8952,4304,4648
050,13,067,"Georgia","Cobb County",5,64,8634,4197,4437
050,13,067,"Georgia","Cobb County",5,65,8033,3866,4167
050,13,067,"Georgia","Cobb County",5,66,7879,3752,4127
050,13,067,"Georgia","Cobb County",5,67,7485,3537,3948
050,13,067,"Georgia","Cobb County",5,68,7126,3275,3851
050,13,067,"Georgia","Cobb County",5,69,6771,3097,3674
050,13,067,"Georgia","Cobb County",5,70,6427,2922,3505
050,13,067,"Georgia","Cobb County",5,71,6200,2789,3411
050,13,067,"Georgia","Cobb County",5,72,5831,2599,3232
050,13,067,"Georgia","Cobb County",5,73,5564,2487,3077
050,13,067,"Georgia","Cobb County",5,74,5338,2335,3003
050,13,067,"Georgia","Cobb County",5,75,5286,2266,3020
050,13,067,"Georgia","Cobb County",5,76,5434,2316,3118
050,13,067,"Georgia","Cobb County",5,77,3770,1607,2163
050,13,067,"Georgia","Cobb County",5,78,3444,1456,1988
050,13,067,"Georgia","Cobb County",5,79,3314,1436,1878
050,13,067,"Georgia","Cobb County",5,80,3235,1464,1771
050,13,067,"Georgia","Cobb County",5,81,2612,1149,1463
050,13,067,"Georgia","Cobb County",5,82,2230,936,1294
050,13,067,"Georgia","Cobb County",5,83,1987,843,1144
050,13,067,"Georgia","Cobb County",5,84,1770,728,1042
050,13,067,"Georgia","Cobb County",5,85,9803,3339,6464
050,13,069,"Georgia","Coffee County",1,0,549,278,271
050,13,069,"Georgia","Coffee County",1,1,575,300,275
050,13,069,"Georgia","Coffee County",1,2,595,299,296
050,13,069,"Georgia","Coffee County",1,3,602,304,298
050,13,069,"Georgia","Coffee County",1,4,589,301,288
050,13,069,"Georgia","Coffee County",1,5,602,312,290
050,13,069,"Georgia","Coffee County",1,6,621,318,303
050,13,069,"Georgia","Coffee County",1,7,567,272,295
050,13,069,"Georgia","Coffee County",1,8,563,287,276
050,13,069,"Georgia","Coffee County",1,9,591,303,288
050,13,069,"Georgia","Coffee County",1,10,582,304,278
050,13,069,"Georgia","Coffee County",1,11,627,327,300
050,13,069,"Georgia","Coffee County",1,12,619,331,288
050,13,069,"Georgia","Coffee County",1,13,636,323,313
050,13,069,"Georgia","Coffee County",1,14,577,294,283
050,13,069,"Georgia","Coffee County",1,15,560,281,279
050,13,069,"Georgia","Coffee County",1,16,573,284,289
050,13,069,"Georgia","Coffee County",1,17,602,317,285
050,13,069,"Georgia","Coffee County",1,18,580,307,273
050,13,069,"Georgia","Coffee County",1,19,534,302,232
050,13,069,"Georgia","Coffee County",1,20,612,359,253
050,13,069,"Georgia","Coffee County",1,21,553,316,237
050,13,069,"Georgia","Coffee County",1,22,557,304,253
050,13,069,"Georgia","Coffee County",1,23,619,339,280
050,13,069,"Georgia","Coffee County",1,24,638,357,281
050,13,069,"Georgia","Coffee County",1,25,610,333,277
050,13,069,"Georgia","Coffee County",1,26,626,328,298
050,13,069,"Georgia","Coffee County",1,27,642,358,284
050,13,069,"Georgia","Coffee County",1,28,659,373,286
050,13,069,"Georgia","Coffee County",1,29,657,363,294
050,13,069,"Georgia","Coffee County",1,30,663,361,302
050,13,069,"Georgia","Coffee County",1,31,604,335,269
050,13,069,"Georgia","Coffee County",1,32,575,310,265
050,13,069,"Georgia","Coffee County",1,33,567,292,275
050,13,069,"Georgia","Coffee County",1,34,568,327,241
050,13,069,"Georgia","Coffee County",1,35,566,333,233
050,13,069,"Georgia","Coffee County",1,36,508,280,228
050,13,069,"Georgia","Coffee County",1,37,592,313,279
050,13,069,"Georgia","Coffee County",1,38,621,333,288
050,13,069,"Georgia","Coffee County",1,39,578,312,266
050,13,069,"Georgia","Coffee County",1,40,577,304,273
050,13,069,"Georgia","Coffee County",1,41,520,275,245
050,13,069,"Georgia","Coffee County",1,42,540,303,237
050,13,069,"Georgia","Coffee County",1,43,548,304,244
050,13,069,"Georgia","Coffee County",1,44,505,267,238
050,13,069,"Georgia","Coffee County",1,45,525,296,229
050,13,069,"Georgia","Coffee County",1,46,525,279,246
050,13,069,"Georgia","Coffee County",1,47,571,288,283
050,13,069,"Georgia","Coffee County",1,48,559,279,280
050,13,069,"Georgia","Coffee County",1,49,624,311,313
050,13,069,"Georgia","Coffee County",1,50,568,305,263
050,13,069,"Georgia","Coffee County",1,51,545,278,267
050,13,069,"Georgia","Coffee County",1,52,529,276,253
050,13,069,"Georgia","Coffee County",1,53,521,280,241
050,13,069,"Georgia","Coffee County",1,54,543,278,265
050,13,069,"Georgia","Coffee County",1,55,601,313,288
050,13,069,"Georgia","Coffee County",1,56,526,276,250
050,13,069,"Georgia","Coffee County",1,57,533,264,269
050,13,069,"Georgia","Coffee County",1,58,521,254,267
050,13,069,"Georgia","Coffee County",1,59,542,263,279
050,13,069,"Georgia","Coffee County",1,60,514,255,259
050,13,069,"Georgia","Coffee County",1,61,496,248,248
050,13,069,"Georgia","Coffee County",1,62,456,226,230
050,13,069,"Georgia","Coffee County",1,63,436,221,215
050,13,069,"Georgia","Coffee County",1,64,432,210,222
050,13,069,"Georgia","Coffee County",1,65,428,200,228
050,13,069,"Georgia","Coffee County",1,66,428,181,247
050,13,069,"Georgia","Coffee County",1,67,445,202,243
050,13,069,"Georgia","Coffee County",1,68,419,182,237
050,13,069,"Georgia","Coffee County",1,69,388,169,219
050,13,069,"Georgia","Coffee County",1,70,375,177,198
050,13,069,"Georgia","Coffee County",1,71,365,171,194
050,13,069,"Georgia","Coffee County",1,72,369,182,187
050,13,069,"Georgia","Coffee County",1,73,335,151,184
050,13,069,"Georgia","Coffee County",1,74,238,102,136
050,13,069,"Georgia","Coffee County",1,75,259,107,152
050,13,069,"Georgia","Coffee County",1,76,248,99,149
050,13,069,"Georgia","Coffee County",1,77,228,96,132
050,13,069,"Georgia","Coffee County",1,78,177,79,98
050,13,069,"Georgia","Coffee County",1,79,186,83,103
050,13,069,"Georgia","Coffee County",1,80,168,71,97
050,13,069,"Georgia","Coffee County",1,81,135,61,74
050,13,069,"Georgia","Coffee County",1,82,136,53,83
050,13,069,"Georgia","Coffee County",1,83,110,40,70
050,13,069,"Georgia","Coffee County",1,84,103,41,62
050,13,069,"Georgia","Coffee County",1,85,536,185,351
050,13,069,"Georgia","Coffee County",2,0,543,272,271
050,13,069,"Georgia","Coffee County",2,1,568,296,272
050,13,069,"Georgia","Coffee County",2,2,590,298,292
050,13,069,"Georgia","Coffee County",2,3,594,300,294
050,13,069,"Georgia","Coffee County",2,4,591,302,289
050,13,069,"Georgia","Coffee County",2,5,598,311,287
050,13,069,"Georgia","Coffee County",2,6,617,318,299
050,13,069,"Georgia","Coffee County",2,7,580,282,298
050,13,069,"Georgia","Coffee County",2,8,558,281,277
050,13,069,"Georgia","Coffee County",2,9,581,298,283
050,13,069,"Georgia","Coffee County",2,10,583,303,280
050,13,069,"Georgia","Coffee County",2,11,614,321,293
050,13,069,"Georgia","Coffee County",2,12,627,333,294
050,13,069,"Georgia","Coffee County",2,13,632,325,307
050,13,069,"Georgia","Coffee County",2,14,589,301,288
050,13,069,"Georgia","Coffee County",2,15,564,284,280
050,13,069,"Georgia","Coffee County",2,16,569,284,285
050,13,069,"Georgia","Coffee County",2,17,592,308,284
050,13,069,"Georgia","Coffee County",2,18,579,309,270
050,13,069,"Georgia","Coffee County",2,19,542,304,238
050,13,069,"Georgia","Coffee County",2,20,605,353,252
050,13,069,"Georgia","Coffee County",2,21,562,323,239
050,13,069,"Georgia","Coffee County",2,22,567,313,254
050,13,069,"Georgia","Coffee County",2,23,613,337,276
050,13,069,"Georgia","Coffee County",2,24,633,353,280
050,13,069,"Georgia","Coffee County",2,25,619,339,280
050,13,069,"Georgia","Coffee County",2,26,615,326,289
050,13,069,"Georgia","Coffee County",2,27,647,358,289
050,13,069,"Georgia","Coffee County",2,28,650,365,285
050,13,069,"Georgia","Coffee County",2,29,650,359,291
050,13,069,"Georgia","Coffee County",2,30,669,367,302
050,13,069,"Georgia","Coffee County",2,31,618,340,278
050,13,069,"Georgia","Coffee County",2,32,573,306,267
050,13,069,"Georgia","Coffee County",2,33,563,292,271
050,13,069,"Georgia","Coffee County",2,34,573,325,248
050,13,069,"Georgia","Coffee County",2,35,567,333,234
050,13,069,"Georgia","Coffee County",2,36,522,292,230
050,13,069,"Georgia","Coffee County",2,37,570,303,267
050,13,069,"Georgia","Coffee County",2,38,617,330,287
050,13,069,"Georgia","Coffee County",2,39,579,310,269
050,13,069,"Georgia","Coffee County",2,40,580,306,274
050,13,069,"Georgia","Coffee County",2,41,532,281,251
050,13,069,"Georgia","Coffee County",2,42,531,293,238
050,13,069,"Georgia","Coffee County",2,43,549,307,242
050,13,069,"Georgia","Coffee County",2,44,505,267,238
050,13,069,"Georgia","Coffee County",2,45,530,297,233
050,13,069,"Georgia","Coffee County",2,46,522,280,242
050,13,069,"Georgia","Coffee County",2,47,557,284,273
050,13,069,"Georgia","Coffee County",2,48,560,279,281
050,13,069,"Georgia","Coffee County",2,49,609,304,305
050,13,069,"Georgia","Coffee County",2,50,576,303,273
050,13,069,"Georgia","Coffee County",2,51,545,280,265
050,13,069,"Georgia","Coffee County",2,52,528,274,254
050,13,069,"Georgia","Coffee County",2,53,522,279,243
050,13,069,"Georgia","Coffee County",2,54,532,273,259
050,13,069,"Georgia","Coffee County",2,55,587,306,281
050,13,069,"Georgia","Coffee County",2,56,546,284,262
050,13,069,"Georgia","Coffee County",2,57,534,268,266
050,13,069,"Georgia","Coffee County",2,58,516,251,265
050,13,069,"Georgia","Coffee County",2,59,537,262,275
050,13,069,"Georgia","Coffee County",2,60,519,255,264
050,13,069,"Georgia","Coffee County",2,61,498,247,251
050,13,069,"Georgia","Coffee County",2,62,462,228,234
050,13,069,"Georgia","Coffee County",2,63,445,225,220
050,13,069,"Georgia","Coffee County",2,64,429,210,219
050,13,069,"Georgia","Coffee County",2,65,429,201,228
050,13,069,"Georgia","Coffee County",2,66,424,183,241
050,13,069,"Georgia","Coffee County",2,67,439,196,243
050,13,069,"Georgia","Coffee County",2,68,421,185,236
050,13,069,"Georgia","Coffee County",2,69,395,171,224
050,13,069,"Georgia","Coffee County",2,70,374,172,202
050,13,069,"Georgia","Coffee County",2,71,368,171,197
050,13,069,"Georgia","Coffee County",2,72,358,178,180
050,13,069,"Georgia","Coffee County",2,73,352,165,187
050,13,069,"Georgia","Coffee County",2,74,244,105,139
050,13,069,"Georgia","Coffee County",2,75,252,105,147
050,13,069,"Georgia","Coffee County",2,76,248,101,147
050,13,069,"Georgia","Coffee County",2,77,235,100,135
050,13,069,"Georgia","Coffee County",2,78,182,77,105
050,13,069,"Georgia","Coffee County",2,79,182,82,100
050,13,069,"Georgia","Coffee County",2,80,173,73,100
050,13,069,"Georgia","Coffee County",2,81,137,59,78
050,13,069,"Georgia","Coffee County",2,82,135,54,81
050,13,069,"Georgia","Coffee County",2,83,115,43,72
050,13,069,"Georgia","Coffee County",2,84,99,39,60
050,13,069,"Georgia","Coffee County",2,85,524,185,339
050,13,069,"Georgia","Coffee County",3,0,575,292,283
050,13,069,"Georgia","Coffee County",3,1,541,276,265
050,13,069,"Georgia","Coffee County",3,2,572,298,274
050,13,069,"Georgia","Coffee County",3,3,595,297,298
050,13,069,"Georgia","Coffee County",3,4,587,297,290
050,13,069,"Georgia","Coffee County",3,5,611,313,298
050,13,069,"Georgia","Coffee County",3,6,591,297,294
050,13,069,"Georgia","Coffee County",3,7,630,336,294
050,13,069,"Georgia","Coffee County",3,8,584,283,301
050,13,069,"Georgia","Coffee County",3,9,566,275,291
050,13,069,"Georgia","Coffee County",3,10,573,294,279
050,13,069,"Georgia","Coffee County",3,11,604,310,294
050,13,069,"Georgia","Coffee County",3,12,622,327,295
050,13,069,"Georgia","Coffee County",3,13,626,322,304
050,13,069,"Georgia","Coffee County",3,14,631,324,307
050,13,069,"Georgia","Coffee County",3,15,587,301,286
050,13,069,"Georgia","Coffee County",3,16,568,288,280
050,13,069,"Georgia","Coffee County",3,17,581,284,297
050,13,069,"Georgia","Coffee County",3,18,569,304,265
050,13,069,"Georgia","Coffee County",3,19,528,288,240
050,13,069,"Georgia","Coffee County",3,20,555,319,236
050,13,069,"Georgia","Coffee County",3,21,584,338,246
050,13,069,"Georgia","Coffee County",3,22,581,330,251
050,13,069,"Georgia","Coffee County",3,23,593,336,257
050,13,069,"Georgia","Coffee County",3,24,626,345,281
050,13,069,"Georgia","Coffee County",3,25,637,341,296
050,13,069,"Georgia","Coffee County",3,26,576,317,259
050,13,069,"Georgia","Coffee County",3,27,628,343,285
050,13,069,"Georgia","Coffee County",3,28,610,329,281
050,13,069,"Georgia","Coffee County",3,29,621,326,295
050,13,069,"Georgia","Coffee County",3,30,671,378,293
050,13,069,"Georgia","Coffee County",3,31,678,373,305
050,13,069,"Georgia","Coffee County",3,32,572,300,272
050,13,069,"Georgia","Coffee County",3,33,574,304,270
050,13,069,"Georgia","Coffee County",3,34,580,308,272
050,13,069,"Georgia","Coffee County",3,35,564,317,247
050,13,069,"Georgia","Coffee County",3,36,568,328,240
050,13,069,"Georgia","Coffee County",3,37,506,275,231
050,13,069,"Georgia","Coffee County",3,38,563,297,266
050,13,069,"Georgia","Coffee County",3,39,598,320,278
050,13,069,"Georgia","Coffee County",3,40,572,296,276
050,13,069,"Georgia","Coffee County",3,41,586,313,273
050,13,069,"Georgia","Coffee County",3,42,527,276,251
050,13,069,"Georgia","Coffee County",3,43,540,295,245
050,13,069,"Georgia","Coffee County",3,44,533,280,253
050,13,069,"Georgia","Coffee County",3,45,518,282,236
050,13,069,"Georgia","Coffee County",3,46,512,281,231
050,13,069,"Georgia","Coffee County",3,47,510,270,240
050,13,069,"Georgia","Coffee County",3,48,546,280,266
050,13,069,"Georgia","Coffee County",3,49,555,271,284
050,13,069,"Georgia","Coffee County",3,50,597,305,292
050,13,069,"Georgia","Coffee County",3,51,558,285,273
050,13,069,"Georgia","Coffee County",3,52,540,275,265
050,13,069,"Georgia","Coffee County",3,53,531,279,252
050,13,069,"Georgia","Coffee County",3,54,501,257,244
050,13,069,"Georgia","Coffee County",3,55,531,278,253
050,13,069,"Georgia","Coffee County",3,56,588,307,281
050,13,069,"Georgia","Coffee County",3,57,551,281,270
050,13,069,"Georgia","Coffee County",3,58,518,254,264
050,13,069,"Georgia","Coffee County",3,59,524,251,273
050,13,069,"Georgia","Coffee County",3,60,528,251,277
050,13,069,"Georgia","Coffee County",3,61,523,259,264
050,13,069,"Georgia","Coffee County",3,62,478,226,252
050,13,069,"Georgia","Coffee County",3,63,459,234,225
050,13,069,"Georgia","Coffee County",3,64,448,225,223
050,13,069,"Georgia","Coffee County",3,65,407,197,210
050,13,069,"Georgia","Coffee County",3,66,411,194,217
050,13,069,"Georgia","Coffee County",3,67,409,173,236
050,13,069,"Georgia","Coffee County",3,68,431,186,245
050,13,069,"Georgia","Coffee County",3,69,403,178,225
050,13,069,"Georgia","Coffee County",3,70,384,166,218
050,13,069,"Georgia","Coffee County",3,71,364,166,198
050,13,069,"Georgia","Coffee County",3,72,341,162,179
050,13,069,"Georgia","Coffee County",3,73,336,165,171
050,13,069,"Georgia","Coffee County",3,74,344,156,188
050,13,069,"Georgia","Coffee County",3,75,224,94,130
050,13,069,"Georgia","Coffee County",3,76,238,98,140
050,13,069,"Georgia","Coffee County",3,77,239,98,141
050,13,069,"Georgia","Coffee County",3,78,222,91,131
050,13,069,"Georgia","Coffee County",3,79,173,77,96
050,13,069,"Georgia","Coffee County",3,80,171,70,101
050,13,069,"Georgia","Coffee County",3,81,155,66,89
050,13,069,"Georgia","Coffee County",3,82,125,49,76
050,13,069,"Georgia","Coffee County",3,83,127,51,76
050,13,069,"Georgia","Coffee County",3,84,95,32,63
050,13,069,"Georgia","Coffee County",3,85,547,198,349
050,13,069,"Georgia","Coffee County",4,0,577,285,292
050,13,069,"Georgia","Coffee County",4,1,612,312,300
050,13,069,"Georgia","Coffee County",4,2,544,275,269
050,13,069,"Georgia","Coffee County",4,3,576,294,282
050,13,069,"Georgia","Coffee County",4,4,595,303,292
050,13,069,"Georgia","Coffee County",4,5,590,297,293
050,13,069,"Georgia","Coffee County",4,6,619,315,304
050,13,069,"Georgia","Coffee County",4,7,583,293,290
050,13,069,"Georgia","Coffee County",4,8,624,331,293
050,13,069,"Georgia","Coffee County",4,9,577,284,293
050,13,069,"Georgia","Coffee County",4,10,566,276,290
050,13,069,"Georgia","Coffee County",4,11,572,283,289
050,13,069,"Georgia","Coffee County",4,12,603,301,302
050,13,069,"Georgia","Coffee County",4,13,620,329,291
050,13,069,"Georgia","Coffee County",4,14,630,321,309
050,13,069,"Georgia","Coffee County",4,15,635,332,303
050,13,069,"Georgia","Coffee County",4,16,579,301,278
050,13,069,"Georgia","Coffee County",4,17,570,291,279
050,13,069,"Georgia","Coffee County",4,18,560,285,275
050,13,069,"Georgia","Coffee County",4,19,518,286,232
050,13,069,"Georgia","Coffee County",4,20,577,317,260
050,13,069,"Georgia","Coffee County",4,21,548,314,234
050,13,069,"Georgia","Coffee County",4,22,625,355,270
050,13,069,"Georgia","Coffee County",4,23,623,362,261
050,13,069,"Georgia","Coffee County",4,24,606,360,246
050,13,069,"Georgia","Coffee County",4,25,636,353,283
050,13,069,"Georgia","Coffee County",4,26,614,327,287
050,13,069,"Georgia","Coffee County",4,27,620,355,265
050,13,069,"Georgia","Coffee County",4,28,603,313,290
050,13,069,"Georgia","Coffee County",4,29,598,318,280
050,13,069,"Georgia","Coffee County",4,30,655,365,290
050,13,069,"Georgia","Coffee County",4,31,680,392,288
050,13,069,"Georgia","Coffee County",4,32,654,359,295
050,13,069,"Georgia","Coffee County",4,33,558,288,270
050,13,069,"Georgia","Coffee County",4,34,585,320,265
050,13,069,"Georgia","Coffee County",4,35,591,314,277
050,13,069,"Georgia","Coffee County",4,36,578,333,245
050,13,069,"Georgia","Coffee County",4,37,570,334,236
050,13,069,"Georgia","Coffee County",4,38,531,293,238
050,13,069,"Georgia","Coffee County",4,39,553,288,265
050,13,069,"Georgia","Coffee County",4,40,583,315,268
050,13,069,"Georgia","Coffee County",4,41,590,311,279
050,13,069,"Georgia","Coffee County",4,42,581,308,273
050,13,069,"Georgia","Coffee County",4,43,547,294,253
050,13,069,"Georgia","Coffee County",4,44,508,264,244
050,13,069,"Georgia","Coffee County",4,45,544,306,238
050,13,069,"Georgia","Coffee County",4,46,508,271,237
050,13,069,"Georgia","Coffee County",4,47,514,287,227
050,13,069,"Georgia","Coffee County",4,48,508,274,234
050,13,069,"Georgia","Coffee County",4,49,550,278,272
050,13,069,"Georgia","Coffee County",4,50,563,274,289
050,13,069,"Georgia","Coffee County",4,51,594,306,288
050,13,069,"Georgia","Coffee County",4,52,552,281,271
050,13,069,"Georgia","Coffee County",4,53,543,285,258
050,13,069,"Georgia","Coffee County",4,54,510,251,259
050,13,069,"Georgia","Coffee County",4,55,492,260,232
050,13,069,"Georgia","Coffee County",4,56,511,263,248
050,13,069,"Georgia","Coffee County",4,57,578,302,276
050,13,069,"Georgia","Coffee County",4,58,525,267,258
050,13,069,"Georgia","Coffee County",4,59,507,260,247
050,13,069,"Georgia","Coffee County",4,60,505,239,266
050,13,069,"Georgia","Coffee County",4,61,521,251,270
050,13,069,"Georgia","Coffee County",4,62,503,241,262
050,13,069,"Georgia","Coffee County",4,63,470,230,240
050,13,069,"Georgia","Coffee County",4,64,442,225,217
050,13,069,"Georgia","Coffee County",4,65,434,213,221
050,13,069,"Georgia","Coffee County",4,66,382,183,199
050,13,069,"Georgia","Coffee County",4,67,422,200,222
050,13,069,"Georgia","Coffee County",4,68,400,168,232
050,13,069,"Georgia","Coffee County",4,69,414,177,237
050,13,069,"Georgia","Coffee County",4,70,393,173,220
050,13,069,"Georgia","Coffee County",4,71,367,155,212
050,13,069,"Georgia","Coffee County",4,72,340,154,186
050,13,069,"Georgia","Coffee County",4,73,335,158,177
050,13,069,"Georgia","Coffee County",4,74,315,151,164
050,13,069,"Georgia","Coffee County",4,75,319,143,176
050,13,069,"Georgia","Coffee County",4,76,201,79,122
050,13,069,"Georgia","Coffee County",4,77,237,98,139
050,13,069,"Georgia","Coffee County",4,78,223,90,133
050,13,069,"Georgia","Coffee County",4,79,212,90,122
050,13,069,"Georgia","Coffee County",4,80,158,65,93
050,13,069,"Georgia","Coffee County",4,81,160,68,92
050,13,069,"Georgia","Coffee County",4,82,149,58,91
050,13,069,"Georgia","Coffee County",4,83,116,46,70
050,13,069,"Georgia","Coffee County",4,84,109,46,63
050,13,069,"Georgia","Coffee County",4,85,557,201,356
050,13,069,"Georgia","Coffee County",5,0,566,280,286
050,13,069,"Georgia","Coffee County",5,1,595,298,297
050,13,069,"Georgia","Coffee County",5,2,609,310,299
050,13,069,"Georgia","Coffee County",5,3,544,272,272
050,13,069,"Georgia","Coffee County",5,4,579,293,286
050,13,069,"Georgia","Coffee County",5,5,605,312,293
050,13,069,"Georgia","Coffee County",5,6,586,296,290
050,13,069,"Georgia","Coffee County",5,7,616,315,301
050,13,069,"Georgia","Coffee County",5,8,581,292,289
050,13,069,"Georgia","Coffee County",5,9,612,322,290
050,13,069,"Georgia","Coffee County",5,10,587,285,302
050,13,069,"Georgia","Coffee County",5,11,572,279,293
050,13,069,"Georgia","Coffee County",5,12,577,282,295
050,13,069,"Georgia","Coffee County",5,13,603,304,299
050,13,069,"Georgia","Coffee County",5,14,612,324,288
050,13,069,"Georgia","Coffee County",5,15,648,332,316
050,13,069,"Georgia","Coffee County",5,16,641,327,314
050,13,069,"Georgia","Coffee County",5,17,583,303,280
050,13,069,"Georgia","Coffee County",5,18,537,274,263
050,13,069,"Georgia","Coffee County",5,19,530,281,249
050,13,069,"Georgia","Coffee County",5,20,586,322,264
050,13,069,"Georgia","Coffee County",5,21,579,314,265
050,13,069,"Georgia","Coffee County",5,22,579,318,261
050,13,069,"Georgia","Coffee County",5,23,646,375,271
050,13,069,"Georgia","Coffee County",5,24,640,369,271
050,13,069,"Georgia","Coffee County",5,25,604,346,258
050,13,069,"Georgia","Coffee County",5,26,612,331,281
050,13,069,"Georgia","Coffee County",5,27,627,344,283
050,13,069,"Georgia","Coffee County",5,28,608,331,277
050,13,069,"Georgia","Coffee County",5,29,585,294,291
050,13,069,"Georgia","Coffee County",5,30,620,337,283
050,13,069,"Georgia","Coffee County",5,31,661,366,295
050,13,069,"Georgia","Coffee County",5,32,644,356,288
050,13,069,"Georgia","Coffee County",5,33,627,341,286
050,13,069,"Georgia","Coffee County",5,34,562,299,263
050,13,069,"Georgia","Coffee County",5,35,577,309,268
050,13,069,"Georgia","Coffee County",5,36,578,302,276
050,13,069,"Georgia","Coffee County",5,37,560,320,240
050,13,069,"Georgia","Coffee County",5,38,578,345,233
050,13,069,"Georgia","Coffee County",5,39,500,270,230
050,13,069,"Georgia","Coffee County",5,40,540,273,267
050,13,069,"Georgia","Coffee County",5,41,588,310,278
050,13,069,"Georgia","Coffee County",5,42,583,310,273
050,13,069,"Georgia","Coffee County",5,43,589,319,270
050,13,069,"Georgia","Coffee County",5,44,518,264,254
050,13,069,"Georgia","Coffee County",5,45,528,286,242
050,13,069,"Georgia","Coffee County",5,46,525,280,245
050,13,069,"Georgia","Coffee County",5,47,502,270,232
050,13,069,"Georgia","Coffee County",5,48,513,283,230
050,13,069,"Georgia","Coffee County",5,49,498,270,228
050,13,069,"Georgia","Coffee County",5,50,540,263,277
050,13,069,"Georgia","Coffee County",5,51,550,254,296
050,13,069,"Georgia","Coffee County",5,52,588,295,293
050,13,069,"Georgia","Coffee County",5,53,546,277,269
050,13,069,"Georgia","Coffee County",5,54,518,258,260
050,13,069,"Georgia","Coffee County",5,55,499,245,254
050,13,069,"Georgia","Coffee County",5,56,469,244,225
050,13,069,"Georgia","Coffee County",5,57,518,263,255
050,13,069,"Georgia","Coffee County",5,58,574,299,275
050,13,069,"Georgia","Coffee County",5,59,530,271,259
050,13,069,"Georgia","Coffee County",5,60,501,247,254
050,13,069,"Georgia","Coffee County",5,61,491,227,264
050,13,069,"Georgia","Coffee County",5,62,498,235,263
050,13,069,"Georgia","Coffee County",5,63,493,243,250
050,13,069,"Georgia","Coffee County",5,64,469,233,236
050,13,069,"Georgia","Coffee County",5,65,440,219,221
050,13,069,"Georgia","Coffee County",5,66,412,209,203
050,13,069,"Georgia","Coffee County",5,67,377,177,200
050,13,069,"Georgia","Coffee County",5,68,412,194,218
050,13,069,"Georgia","Coffee County",5,69,394,161,233
050,13,069,"Georgia","Coffee County",5,70,413,176,237
050,13,069,"Georgia","Coffee County",5,71,385,163,222
050,13,069,"Georgia","Coffee County",5,72,343,146,197
050,13,069,"Georgia","Coffee County",5,73,334,152,182
050,13,069,"Georgia","Coffee County",5,74,324,151,173
050,13,069,"Georgia","Coffee County",5,75,298,142,156
050,13,069,"Georgia","Coffee County",5,76,295,130,165
050,13,069,"Georgia","Coffee County",5,77,196,80,116
050,13,069,"Georgia","Coffee County",5,78,226,89,137
050,13,069,"Georgia","Coffee County",5,79,216,90,126
050,13,069,"Georgia","Coffee County",5,80,200,80,120
050,13,069,"Georgia","Coffee County",5,81,149,61,88
050,13,069,"Georgia","Coffee County",5,82,155,62,93
050,13,069,"Georgia","Coffee County",5,83,142,59,83
050,13,069,"Georgia","Coffee County",5,84,102,42,60
050,13,069,"Georgia","Coffee County",5,85,580,217,363
050,13,071,"Georgia","Colquitt County",1,0,575,295,280
050,13,071,"Georgia","Colquitt County",1,1,567,298,269
050,13,071,"Georgia","Colquitt County",1,2,596,325,271
050,13,071,"Georgia","Colquitt County",1,3,592,317,275
050,13,071,"Georgia","Colquitt County",1,4,639,330,309
050,13,071,"Georgia","Colquitt County",1,5,609,326,283
050,13,071,"Georgia","Colquitt County",1,6,600,298,302
050,13,071,"Georgia","Colquitt County",1,7,625,318,307
050,13,071,"Georgia","Colquitt County",1,8,663,360,303
050,13,071,"Georgia","Colquitt County",1,9,720,355,365
050,13,071,"Georgia","Colquitt County",1,10,735,366,369
050,13,071,"Georgia","Colquitt County",1,11,733,389,344
050,13,071,"Georgia","Colquitt County",1,12,753,406,347
050,13,071,"Georgia","Colquitt County",1,13,737,390,347
050,13,071,"Georgia","Colquitt County",1,14,730,362,368
050,13,071,"Georgia","Colquitt County",1,15,669,351,318
050,13,071,"Georgia","Colquitt County",1,16,659,350,309
050,13,071,"Georgia","Colquitt County",1,17,647,350,297
050,13,071,"Georgia","Colquitt County",1,18,620,350,270
050,13,071,"Georgia","Colquitt County",1,19,544,303,241
050,13,071,"Georgia","Colquitt County",1,20,534,301,233
050,13,071,"Georgia","Colquitt County",1,21,541,291,250
050,13,071,"Georgia","Colquitt County",1,22,547,276,271
050,13,071,"Georgia","Colquitt County",1,23,558,275,283
050,13,071,"Georgia","Colquitt County",1,24,570,291,279
050,13,071,"Georgia","Colquitt County",1,25,561,295,266
050,13,071,"Georgia","Colquitt County",1,26,592,308,284
050,13,071,"Georgia","Colquitt County",1,27,586,302,284
050,13,071,"Georgia","Colquitt County",1,28,599,301,298
050,13,071,"Georgia","Colquitt County",1,29,622,316,306
050,13,071,"Georgia","Colquitt County",1,30,605,288,317
050,13,071,"Georgia","Colquitt County",1,31,564,252,312
050,13,071,"Georgia","Colquitt County",1,32,574,275,299
050,13,071,"Georgia","Colquitt County",1,33,582,305,277
050,13,071,"Georgia","Colquitt County",1,34,547,301,246
050,13,071,"Georgia","Colquitt County",1,35,573,270,303
050,13,071,"Georgia","Colquitt County",1,36,583,277,306
050,13,071,"Georgia","Colquitt County",1,37,586,274,312
050,13,071,"Georgia","Colquitt County",1,38,600,287,313
050,13,071,"Georgia","Colquitt County",1,39,632,320,312
050,13,071,"Georgia","Colquitt County",1,40,593,288,305
050,13,071,"Georgia","Colquitt County",1,41,612,309,303
050,13,071,"Georgia","Colquitt County",1,42,584,289,295
050,13,071,"Georgia","Colquitt County",1,43,584,297,287
050,13,071,"Georgia","Colquitt County",1,44,551,294,257
050,13,071,"Georgia","Colquitt County",1,45,536,267,269
050,13,071,"Georgia","Colquitt County",1,46,545,268,277
050,13,071,"Georgia","Colquitt County",1,47,588,294,294
050,13,071,"Georgia","Colquitt County",1,48,615,330,285
050,13,071,"Georgia","Colquitt County",1,49,595,303,292
050,13,071,"Georgia","Colquitt County",1,50,555,270,285
050,13,071,"Georgia","Colquitt County",1,51,580,296,284
050,13,071,"Georgia","Colquitt County",1,52,569,298,271
050,13,071,"Georgia","Colquitt County",1,53,563,287,276
050,13,071,"Georgia","Colquitt County",1,54,610,296,314
050,13,071,"Georgia","Colquitt County",1,55,629,325,304
050,13,071,"Georgia","Colquitt County",1,56,597,309,288
050,13,071,"Georgia","Colquitt County",1,57,572,258,314
050,13,071,"Georgia","Colquitt County",1,58,524,244,280
050,13,071,"Georgia","Colquitt County",1,59,515,239,276
050,13,071,"Georgia","Colquitt County",1,60,533,267,266
050,13,071,"Georgia","Colquitt County",1,61,532,274,258
050,13,071,"Georgia","Colquitt County",1,62,507,248,259
050,13,071,"Georgia","Colquitt County",1,63,501,231,270
050,13,071,"Georgia","Colquitt County",1,64,497,222,275
050,13,071,"Georgia","Colquitt County",1,65,521,240,281
050,13,071,"Georgia","Colquitt County",1,66,501,212,289
050,13,071,"Georgia","Colquitt County",1,67,482,202,280
050,13,071,"Georgia","Colquitt County",1,68,458,212,246
050,13,071,"Georgia","Colquitt County",1,69,468,234,234
050,13,071,"Georgia","Colquitt County",1,70,425,205,220
050,13,071,"Georgia","Colquitt County",1,71,387,173,214
050,13,071,"Georgia","Colquitt County",1,72,418,187,231
050,13,071,"Georgia","Colquitt County",1,73,399,199,200
050,13,071,"Georgia","Colquitt County",1,74,319,152,167
050,13,071,"Georgia","Colquitt County",1,75,327,153,174
050,13,071,"Georgia","Colquitt County",1,76,319,141,178
050,13,071,"Georgia","Colquitt County",1,77,275,130,145
050,13,071,"Georgia","Colquitt County",1,78,222,100,122
050,13,071,"Georgia","Colquitt County",1,79,206,92,114
050,13,071,"Georgia","Colquitt County",1,80,189,88,101
050,13,071,"Georgia","Colquitt County",1,81,185,82,103
050,13,071,"Georgia","Colquitt County",1,82,167,71,96
050,13,071,"Georgia","Colquitt County",1,83,156,66,90
050,13,071,"Georgia","Colquitt County",1,84,124,50,74
050,13,071,"Georgia","Colquitt County",1,85,688,180,508
050,13,071,"Georgia","Colquitt County",2,0,580,293,287
050,13,071,"Georgia","Colquitt County",2,1,568,297,271
050,13,071,"Georgia","Colquitt County",2,2,591,320,271
050,13,071,"Georgia","Colquitt County",2,3,594,319,275
050,13,071,"Georgia","Colquitt County",2,4,627,326,301
050,13,071,"Georgia","Colquitt County",2,5,612,324,288
050,13,071,"Georgia","Colquitt County",2,6,602,304,298
050,13,071,"Georgia","Colquitt County",2,7,614,311,303
050,13,071,"Georgia","Colquitt County",2,8,654,351,303
050,13,071,"Georgia","Colquitt County",2,9,706,356,350
050,13,071,"Georgia","Colquitt County",2,10,728,361,367
050,13,071,"Georgia","Colquitt County",2,11,729,381,348
050,13,071,"Georgia","Colquitt County",2,12,750,405,345
050,13,071,"Georgia","Colquitt County",2,13,741,394,347
050,13,071,"Georgia","Colquitt County",2,14,733,371,362
050,13,071,"Georgia","Colquitt County",2,15,686,353,333
050,13,071,"Georgia","Colquitt County",2,16,661,351,310
050,13,071,"Georgia","Colquitt County",2,17,654,354,300
050,13,071,"Georgia","Colquitt County",2,18,603,339,264
050,13,071,"Georgia","Colquitt County",2,19,539,302,237
050,13,071,"Georgia","Colquitt County",2,20,548,310,238
050,13,071,"Georgia","Colquitt County",2,21,539,293,246
050,13,071,"Georgia","Colquitt County",2,22,552,281,271
050,13,071,"Georgia","Colquitt County",2,23,562,276,286
050,13,071,"Georgia","Colquitt County",2,24,565,284,281
050,13,071,"Georgia","Colquitt County",2,25,563,295,268
050,13,071,"Georgia","Colquitt County",2,26,589,307,282
050,13,071,"Georgia","Colquitt County",2,27,590,305,285
050,13,071,"Georgia","Colquitt County",2,28,596,301,295
050,13,071,"Georgia","Colquitt County",2,29,617,311,306
050,13,071,"Georgia","Colquitt County",2,30,612,298,314
050,13,071,"Georgia","Colquitt County",2,31,569,258,311
050,13,071,"Georgia","Colquitt County",2,32,574,273,301
050,13,071,"Georgia","Colquitt County",2,33,574,294,280
050,13,071,"Georgia","Colquitt County",2,34,554,299,255
050,13,071,"Georgia","Colquitt County",2,35,570,280,290
050,13,071,"Georgia","Colquitt County",2,36,581,276,305
050,13,071,"Georgia","Colquitt County",2,37,586,271,315
050,13,071,"Georgia","Colquitt County",2,38,599,285,314
050,13,071,"Georgia","Colquitt County",2,39,620,309,311
050,13,071,"Georgia","Colquitt County",2,40,600,293,307
050,13,071,"Georgia","Colquitt County",2,41,607,303,304
050,13,071,"Georgia","Colquitt County",2,42,585,291,294
050,13,071,"Georgia","Colquitt County",2,43,589,299,290
050,13,071,"Georgia","Colquitt County",2,44,554,291,263
050,13,071,"Georgia","Colquitt County",2,45,540,272,268
050,13,071,"Georgia","Colquitt County",2,46,540,267,273
050,13,071,"Georgia","Colquitt County",2,47,577,288,289
050,13,071,"Georgia","Colquitt County",2,48,609,323,286
050,13,071,"Georgia","Colquitt County",2,49,601,313,288
050,13,071,"Georgia","Colquitt County",2,50,564,278,286
050,13,071,"Georgia","Colquitt County",2,51,568,285,283
050,13,071,"Georgia","Colquitt County",2,52,574,301,273
050,13,071,"Georgia","Colquitt County",2,53,564,289,275
050,13,071,"Georgia","Colquitt County",2,54,598,294,304
050,13,071,"Georgia","Colquitt County",2,55,626,319,307
050,13,071,"Georgia","Colquitt County",2,56,608,315,293
050,13,071,"Georgia","Colquitt County",2,57,576,270,306
050,13,071,"Georgia","Colquitt County",2,58,536,246,290
050,13,071,"Georgia","Colquitt County",2,59,516,240,276
050,13,071,"Georgia","Colquitt County",2,60,527,260,267
050,13,071,"Georgia","Colquitt County",2,61,533,274,259
050,13,071,"Georgia","Colquitt County",2,62,504,246,258
050,13,071,"Georgia","Colquitt County",2,63,506,237,269
050,13,071,"Georgia","Colquitt County",2,64,495,223,272
050,13,071,"Georgia","Colquitt County",2,65,512,234,278
050,13,071,"Georgia","Colquitt County",2,66,502,219,283
050,13,071,"Georgia","Colquitt County",2,67,484,203,281
050,13,071,"Georgia","Colquitt County",2,68,458,207,251
050,13,071,"Georgia","Colquitt County",2,69,466,230,236
050,13,071,"Georgia","Colquitt County",2,70,435,211,224
050,13,071,"Georgia","Colquitt County",2,71,392,178,214
050,13,071,"Georgia","Colquitt County",2,72,399,177,222
050,13,071,"Georgia","Colquitt County",2,73,425,206,219
050,13,071,"Georgia","Colquitt County",2,74,311,150,161
050,13,071,"Georgia","Colquitt County",2,75,324,153,171
050,13,071,"Georgia","Colquitt County",2,76,316,145,171
050,13,071,"Georgia","Colquitt County",2,77,284,131,153
050,13,071,"Georgia","Colquitt County",2,78,231,106,125
050,13,071,"Georgia","Colquitt County",2,79,207,92,115
050,13,071,"Georgia","Colquitt County",2,80,188,84,104
050,13,071,"Georgia","Colquitt County",2,81,183,83,100
050,13,071,"Georgia","Colquitt County",2,82,167,72,95
050,13,071,"Georgia","Colquitt County",2,83,160,68,92
050,13,071,"Georgia","Colquitt County",2,84,128,53,75
050,13,071,"Georgia","Colquitt County",2,85,690,182,508
050,13,071,"Georgia","Colquitt County",3,0,597,292,305
050,13,071,"Georgia","Colquitt County",3,1,614,304,310
050,13,071,"Georgia","Colquitt County",3,2,571,303,268
050,13,071,"Georgia","Colquitt County",3,3,595,324,271
050,13,071,"Georgia","Colquitt County",3,4,591,323,268
050,13,071,"Georgia","Colquitt County",3,5,611,315,296
050,13,071,"Georgia","Colquitt County",3,6,637,330,307
050,13,071,"Georgia","Colquitt County",3,7,615,315,300
050,13,071,"Georgia","Colquitt County",3,8,597,311,286
050,13,071,"Georgia","Colquitt County",3,9,658,362,296
050,13,071,"Georgia","Colquitt County",3,10,700,358,342
050,13,071,"Georgia","Colquitt County",3,11,729,362,367
050,13,071,"Georgia","Colquitt County",3,12,714,379,335
050,13,071,"Georgia","Colquitt County",3,13,736,398,338
050,13,071,"Georgia","Colquitt County",3,14,753,406,347
050,13,071,"Georgia","Colquitt County",3,15,726,368,358
050,13,071,"Georgia","Colquitt County",3,16,686,351,335
050,13,071,"Georgia","Colquitt County",3,17,679,366,313
050,13,071,"Georgia","Colquitt County",3,18,584,328,256
050,13,071,"Georgia","Colquitt County",3,19,499,280,219
050,13,071,"Georgia","Colquitt County",3,20,563,314,249
050,13,071,"Georgia","Colquitt County",3,21,557,309,248
050,13,071,"Georgia","Colquitt County",3,22,543,283,260
050,13,071,"Georgia","Colquitt County",3,23,582,274,308
050,13,071,"Georgia","Colquitt County",3,24,557,257,300
050,13,071,"Georgia","Colquitt County",3,25,553,273,280
050,13,071,"Georgia","Colquitt County",3,26,566,296,270
050,13,071,"Georgia","Colquitt County",3,27,583,300,283
050,13,071,"Georgia","Colquitt County",3,28,586,302,284
050,13,071,"Georgia","Colquitt County",3,29,593,302,291
050,13,071,"Georgia","Colquitt County",3,30,598,294,304
050,13,071,"Georgia","Colquitt County",3,31,612,292,320
050,13,071,"Georgia","Colquitt County",3,32,562,262,300
050,13,071,"Georgia","Colquitt County",3,33,545,256,289
050,13,071,"Georgia","Colquitt County",3,34,576,293,283
050,13,071,"Georgia","Colquitt County",3,35,576,305,271
050,13,071,"Georgia","Colquitt County",3,36,572,277,295
050,13,071,"Georgia","Colquitt County",3,37,584,275,309
050,13,071,"Georgia","Colquitt County",3,38,574,272,302
050,13,071,"Georgia","Colquitt County",3,39,612,293,319
050,13,071,"Georgia","Colquitt County",3,40,610,298,312
050,13,071,"Georgia","Colquitt County",3,41,611,307,304
050,13,071,"Georgia","Colquitt County",3,42,606,302,304
050,13,071,"Georgia","Colquitt County",3,43,579,289,290
050,13,071,"Georgia","Colquitt County",3,44,571,285,286
050,13,071,"Georgia","Colquitt County",3,45,551,285,266
050,13,071,"Georgia","Colquitt County",3,46,530,273,257
050,13,071,"Georgia","Colquitt County",3,47,529,254,275
050,13,071,"Georgia","Colquitt County",3,48,569,279,290
050,13,071,"Georgia","Colquitt County",3,49,614,331,283
050,13,071,"Georgia","Colquitt County",3,50,592,306,286
050,13,071,"Georgia","Colquitt County",3,51,559,276,283
050,13,071,"Georgia","Colquitt County",3,52,568,287,281
050,13,071,"Georgia","Colquitt County",3,53,567,295,272
050,13,071,"Georgia","Colquitt County",3,54,548,276,272
050,13,071,"Georgia","Colquitt County",3,55,608,299,309
050,13,071,"Georgia","Colquitt County",3,56,607,311,296
050,13,071,"Georgia","Colquitt County",3,57,616,321,295
050,13,071,"Georgia","Colquitt County",3,58,562,263,299
050,13,071,"Georgia","Colquitt County",3,59,528,240,288
050,13,071,"Georgia","Colquitt County",3,60,506,232,274
050,13,071,"Georgia","Colquitt County",3,61,536,272,264
050,13,071,"Georgia","Colquitt County",3,62,500,256,244
050,13,071,"Georgia","Colquitt County",3,63,496,247,249
050,13,071,"Georgia","Colquitt County",3,64,503,235,268
050,13,071,"Georgia","Colquitt County",3,65,482,210,272
050,13,071,"Georgia","Colquitt County",3,66,495,229,266
050,13,071,"Georgia","Colquitt County",3,67,485,210,275
050,13,071,"Georgia","Colquitt County",3,68,477,197,280
050,13,071,"Georgia","Colquitt County",3,69,453,208,245
050,13,071,"Georgia","Colquitt County",3,70,444,214,230
050,13,071,"Georgia","Colquitt County",3,71,411,200,211
050,13,071,"Georgia","Colquitt County",3,72,377,169,208
050,13,071,"Georgia","Colquitt County",3,73,400,175,225
050,13,071,"Georgia","Colquitt County",3,74,405,198,207
050,13,071,"Georgia","Colquitt County",3,75,298,144,154
050,13,071,"Georgia","Colquitt County",3,76,311,152,159
050,13,071,"Georgia","Colquitt County",3,77,287,126,161
050,13,071,"Georgia","Colquitt County",3,78,272,121,151
050,13,071,"Georgia","Colquitt County",3,79,222,99,123
050,13,071,"Georgia","Colquitt County",3,80,193,82,111
050,13,071,"Georgia","Colquitt County",3,81,175,78,97
050,13,071,"Georgia","Colquitt County",3,82,159,70,89
050,13,071,"Georgia","Colquitt County",3,83,168,72,96
050,13,071,"Georgia","Colquitt County",3,84,136,57,79
050,13,071,"Georgia","Colquitt County",3,85,661,179,482
050,13,071,"Georgia","Colquitt County",4,0,633,305,328
050,13,071,"Georgia","Colquitt County",4,1,605,273,332
050,13,071,"Georgia","Colquitt County",4,2,630,311,319
050,13,071,"Georgia","Colquitt County",4,3,566,294,272
050,13,071,"Georgia","Colquitt County",4,4,621,350,271
050,13,071,"Georgia","Colquitt County",4,5,591,332,259
050,13,071,"Georgia","Colquitt County",4,6,626,320,306
050,13,071,"Georgia","Colquitt County",4,7,633,334,299
050,13,071,"Georgia","Colquitt County",4,8,606,305,301
050,13,071,"Georgia","Colquitt County",4,9,582,302,280
050,13,071,"Georgia","Colquitt County",4,10,652,364,288
050,13,071,"Georgia","Colquitt County",4,11,718,363,355
050,13,071,"Georgia","Colquitt County",4,12,704,355,349
050,13,071,"Georgia","Colquitt County",4,13,700,371,329
050,13,071,"Georgia","Colquitt County",4,14,734,397,337
050,13,071,"Georgia","Colquitt County",4,15,743,401,342
050,13,071,"Georgia","Colquitt County",4,16,707,367,340
050,13,071,"Georgia","Colquitt County",4,17,701,366,335
050,13,071,"Georgia","Colquitt County",4,18,604,334,270
050,13,071,"Georgia","Colquitt County",4,19,509,286,223
050,13,071,"Georgia","Colquitt County",4,20,528,299,229
050,13,071,"Georgia","Colquitt County",4,21,576,312,264
050,13,071,"Georgia","Colquitt County",4,22,588,319,269
050,13,071,"Georgia","Colquitt County",4,23,575,299,276
050,13,071,"Georgia","Colquitt County",4,24,616,290,326
050,13,071,"Georgia","Colquitt County",4,25,563,256,307
050,13,071,"Georgia","Colquitt County",4,26,563,281,282
050,13,071,"Georgia","Colquitt County",4,27,564,301,263
050,13,071,"Georgia","Colquitt County",4,28,579,291,288
050,13,071,"Georgia","Colquitt County",4,29,570,291,279
050,13,071,"Georgia","Colquitt County",4,30,572,291,281
050,13,071,"Georgia","Colquitt County",4,31,590,289,301
050,13,071,"Georgia","Colquitt County",4,32,619,304,315
050,13,071,"Georgia","Colquitt County",4,33,553,259,294
050,13,071,"Georgia","Colquitt County",4,34,557,269,288
050,13,071,"Georgia","Colquitt County",4,35,561,287,274
050,13,071,"Georgia","Colquitt County",4,36,579,316,263
050,13,071,"Georgia","Colquitt County",4,37,566,280,286
050,13,071,"Georgia","Colquitt County",4,38,580,271,309
050,13,071,"Georgia","Colquitt County",4,39,585,284,301
050,13,071,"Georgia","Colquitt County",4,40,611,294,317
050,13,071,"Georgia","Colquitt County",4,41,609,294,315
050,13,071,"Georgia","Colquitt County",4,42,605,302,303
050,13,071,"Georgia","Colquitt County",4,43,616,312,304
050,13,071,"Georgia","Colquitt County",4,44,585,290,295
050,13,071,"Georgia","Colquitt County",4,45,574,274,300
050,13,071,"Georgia","Colquitt County",4,46,566,299,267
050,13,071,"Georgia","Colquitt County",4,47,536,267,269
050,13,071,"Georgia","Colquitt County",4,48,536,259,277
050,13,071,"Georgia","Colquitt County",4,49,574,290,284
050,13,071,"Georgia","Colquitt County",4,50,591,316,275
050,13,071,"Georgia","Colquitt County",4,51,574,300,274
050,13,071,"Georgia","Colquitt County",4,52,556,277,279
050,13,071,"Georgia","Colquitt County",4,53,571,287,284
050,13,071,"Georgia","Colquitt County",4,54,567,297,270
050,13,071,"Georgia","Colquitt County",4,55,519,256,263
050,13,071,"Georgia","Colquitt County",4,56,615,309,306
050,13,071,"Georgia","Colquitt County",4,57,603,302,301
050,13,071,"Georgia","Colquitt County",4,58,595,307,288
050,13,071,"Georgia","Colquitt County",4,59,555,268,287
050,13,071,"Georgia","Colquitt County",4,60,516,228,288
050,13,071,"Georgia","Colquitt County",4,61,509,236,273
050,13,071,"Georgia","Colquitt County",4,62,514,254,260
050,13,071,"Georgia","Colquitt County",4,63,483,246,237
050,13,071,"Georgia","Colquitt County",4,64,492,243,249
050,13,071,"Georgia","Colquitt County",4,65,491,226,265
050,13,071,"Georgia","Colquitt County",4,66,473,210,263
050,13,071,"Georgia","Colquitt County",4,67,486,226,260
050,13,071,"Georgia","Colquitt County",4,68,474,202,272
050,13,071,"Georgia","Colquitt County",4,69,469,195,274
050,13,071,"Georgia","Colquitt County",4,70,445,200,245
050,13,071,"Georgia","Colquitt County",4,71,408,198,210
050,13,071,"Georgia","Colquitt County",4,72,393,193,200
050,13,071,"Georgia","Colquitt County",4,73,370,165,205
050,13,071,"Georgia","Colquitt County",4,74,390,168,222
050,13,071,"Georgia","Colquitt County",4,75,377,178,199
050,13,071,"Georgia","Colquitt County",4,76,287,146,141
050,13,071,"Georgia","Colquitt County",4,77,289,135,154
050,13,071,"Georgia","Colquitt County",4,78,275,120,155
050,13,071,"Georgia","Colquitt County",4,79,261,112,149
050,13,071,"Georgia","Colquitt County",4,80,207,88,119
050,13,071,"Georgia","Colquitt County",4,81,184,80,104
050,13,071,"Georgia","Colquitt County",4,82,152,68,84
050,13,071,"Georgia","Colquitt County",4,83,153,69,84
050,13,071,"Georgia","Colquitt County",4,84,144,62,82
050,13,071,"Georgia","Colquitt County",4,85,681,202,479
050,13,071,"Georgia","Colquitt County",5,0,633,302,331
050,13,071,"Georgia","Colquitt County",5,1,648,300,348
050,13,071,"Georgia","Colquitt County",5,2,610,273,337
050,13,071,"Georgia","Colquitt County",5,3,617,301,316
050,13,071,"Georgia","Colquitt County",5,4,587,315,272
050,13,071,"Georgia","Colquitt County",5,5,637,368,269
050,13,071,"Georgia","Colquitt County",5,6,593,338,255
050,13,071,"Georgia","Colquitt County",5,7,616,319,297
050,13,071,"Georgia","Colquitt County",5,8,638,330,308
050,13,071,"Georgia","Colquitt County",5,9,605,307,298
050,13,071,"Georgia","Colquitt County",5,10,589,298,291
050,13,071,"Georgia","Colquitt County",5,11,661,367,294
050,13,071,"Georgia","Colquitt County",5,12,702,356,346
050,13,071,"Georgia","Colquitt County",5,13,710,357,353
050,13,071,"Georgia","Colquitt County",5,14,721,387,334
050,13,071,"Georgia","Colquitt County",5,15,740,397,343
050,13,071,"Georgia","Colquitt County",5,16,740,403,337
050,13,071,"Georgia","Colquitt County",5,17,745,398,347
050,13,071,"Georgia","Colquitt County",5,18,626,350,276
050,13,071,"Georgia","Colquitt County",5,19,529,295,234
050,13,071,"Georgia","Colquitt County",5,20,521,297,224
050,13,071,"Georgia","Colquitt County",5,21,548,307,241
050,13,071,"Georgia","Colquitt County",5,22,601,313,288
050,13,071,"Georgia","Colquitt County",5,23,625,337,288
050,13,071,"Georgia","Colquitt County",5,24,597,294,303
050,13,071,"Georgia","Colquitt County",5,25,599,276,323
050,13,071,"Georgia","Colquitt County",5,26,561,259,302
050,13,071,"Georgia","Colquitt County",5,27,557,271,286
050,13,071,"Georgia","Colquitt County",5,28,554,281,273
050,13,071,"Georgia","Colquitt County",5,29,557,291,266
050,13,071,"Georgia","Colquitt County",5,30,561,285,276
050,13,071,"Georgia","Colquitt County",5,31,573,287,286
050,13,071,"Georgia","Colquitt County",5,32,618,309,309
050,13,071,"Georgia","Colquitt County",5,33,619,302,317
050,13,071,"Georgia","Colquitt County",5,34,553,259,294
050,13,071,"Georgia","Colquitt County",5,35,555,265,290
050,13,071,"Georgia","Colquitt County",5,36,564,287,277
050,13,071,"Georgia","Colquitt County",5,37,594,320,274
050,13,071,"Georgia","Colquitt County",5,38,563,274,289
050,13,071,"Georgia","Colquitt County",5,39,580,273,307
050,13,071,"Georgia","Colquitt County",5,40,567,268,299
050,13,071,"Georgia","Colquitt County",5,41,619,302,317
050,13,071,"Georgia","Colquitt County",5,42,608,291,317
050,13,071,"Georgia","Colquitt County",5,43,602,312,290
050,13,071,"Georgia","Colquitt County",5,44,624,316,308
050,13,071,"Georgia","Colquitt County",5,45,566,275,291
050,13,071,"Georgia","Colquitt County",5,46,582,282,300
050,13,071,"Georgia","Colquitt County",5,47,576,303,273
050,13,071,"Georgia","Colquitt County",5,48,556,278,278
050,13,071,"Georgia","Colquitt County",5,49,541,263,278
050,13,071,"Georgia","Colquitt County",5,50,578,288,290
050,13,071,"Georgia","Colquitt County",5,51,609,315,294
050,13,071,"Georgia","Colquitt County",5,52,582,308,274
050,13,071,"Georgia","Colquitt County",5,53,566,280,286
050,13,071,"Georgia","Colquitt County",5,54,575,285,290
050,13,071,"Georgia","Colquitt County",5,55,577,300,277
050,13,071,"Georgia","Colquitt County",5,56,514,252,262
050,13,071,"Georgia","Colquitt County",5,57,622,315,307
050,13,071,"Georgia","Colquitt County",5,58,581,289,292
050,13,071,"Georgia","Colquitt County",5,59,582,302,280
050,13,071,"Georgia","Colquitt County",5,60,542,259,283
050,13,071,"Georgia","Colquitt County",5,61,525,238,287
050,13,071,"Georgia","Colquitt County",5,62,495,226,269
050,13,071,"Georgia","Colquitt County",5,63,502,248,254
050,13,071,"Georgia","Colquitt County",5,64,483,246,237
050,13,071,"Georgia","Colquitt County",5,65,486,239,247
050,13,071,"Georgia","Colquitt County",5,66,488,229,259
050,13,071,"Georgia","Colquitt County",5,67,463,202,261
050,13,071,"Georgia","Colquitt County",5,68,487,222,265
050,13,071,"Georgia","Colquitt County",5,69,463,199,264
050,13,071,"Georgia","Colquitt County",5,70,474,194,280
050,13,071,"Georgia","Colquitt County",5,71,417,188,229
050,13,071,"Georgia","Colquitt County",5,72,396,196,200
050,13,071,"Georgia","Colquitt County",5,73,385,192,193
050,13,071,"Georgia","Colquitt County",5,74,353,156,197
050,13,071,"Georgia","Colquitt County",5,75,373,157,216
050,13,071,"Georgia","Colquitt County",5,76,362,175,187
050,13,071,"Georgia","Colquitt County",5,77,276,136,140
050,13,071,"Georgia","Colquitt County",5,78,278,126,152
050,13,071,"Georgia","Colquitt County",5,79,271,117,154
050,13,071,"Georgia","Colquitt County",5,80,240,100,140
050,13,071,"Georgia","Colquitt County",5,81,196,86,110
050,13,071,"Georgia","Colquitt County",5,82,160,69,91
050,13,071,"Georgia","Colquitt County",5,83,150,69,81
050,13,071,"Georgia","Colquitt County",5,84,126,59,67
050,13,071,"Georgia","Colquitt County",5,85,702,226,476
050,13,073,"Georgia","Columbia County",1,0,1701,871,830
050,13,073,"Georgia","Columbia County",1,1,1809,939,870
050,13,073,"Georgia","Columbia County",1,2,1934,1019,915
050,13,073,"Georgia","Columbia County",1,3,2051,1066,985
050,13,073,"Georgia","Columbia County",1,4,2098,1081,1017
050,13,073,"Georgia","Columbia County",1,5,2117,1071,1046
050,13,073,"Georgia","Columbia County",1,6,2127,1069,1058
050,13,073,"Georgia","Columbia County",1,7,2106,1065,1041
050,13,073,"Georgia","Columbia County",1,8,2230,1098,1132
050,13,073,"Georgia","Columbia County",1,9,2326,1142,1184
050,13,073,"Georgia","Columbia County",1,10,2333,1183,1150
050,13,073,"Georgia","Columbia County",1,11,2375,1199,1176
050,13,073,"Georgia","Columbia County",1,12,2406,1224,1182
050,13,073,"Georgia","Columbia County",1,13,2455,1246,1209
050,13,073,"Georgia","Columbia County",1,14,2430,1234,1196
050,13,073,"Georgia","Columbia County",1,15,2397,1197,1200
050,13,073,"Georgia","Columbia County",1,16,2351,1162,1189
050,13,073,"Georgia","Columbia County",1,17,2288,1145,1143
050,13,073,"Georgia","Columbia County",1,18,1927,1007,920
050,13,073,"Georgia","Columbia County",1,19,1597,859,738
050,13,073,"Georgia","Columbia County",1,20,1594,825,769
050,13,073,"Georgia","Columbia County",1,21,1595,811,784
050,13,073,"Georgia","Columbia County",1,22,1775,906,869
050,13,073,"Georgia","Columbia County",1,23,1812,912,900
050,13,073,"Georgia","Columbia County",1,24,1737,878,859
050,13,073,"Georgia","Columbia County",1,25,1857,930,927
050,13,073,"Georgia","Columbia County",1,26,1930,963,967
050,13,073,"Georgia","Columbia County",1,27,1996,1013,983
050,13,073,"Georgia","Columbia County",1,28,2082,1060,1022
050,13,073,"Georgia","Columbia County",1,29,2184,1104,1080
050,13,073,"Georgia","Columbia County",1,30,2207,1073,1134
050,13,073,"Georgia","Columbia County",1,31,2203,1076,1127
050,13,073,"Georgia","Columbia County",1,32,2217,1127,1090
050,13,073,"Georgia","Columbia County",1,33,2215,1101,1114
050,13,073,"Georgia","Columbia County",1,34,2315,1134,1181
050,13,073,"Georgia","Columbia County",1,35,2297,1091,1206
050,13,073,"Georgia","Columbia County",1,36,2365,1132,1233
050,13,073,"Georgia","Columbia County",1,37,2423,1151,1272
050,13,073,"Georgia","Columbia County",1,38,2364,1138,1226
050,13,073,"Georgia","Columbia County",1,39,2366,1140,1226
050,13,073,"Georgia","Columbia County",1,40,2275,1120,1155
050,13,073,"Georgia","Columbia County",1,41,2205,1088,1117
050,13,073,"Georgia","Columbia County",1,42,2165,1055,1110
050,13,073,"Georgia","Columbia County",1,43,2050,1025,1025
050,13,073,"Georgia","Columbia County",1,44,1940,930,1010
050,13,073,"Georgia","Columbia County",1,45,1961,932,1029
050,13,073,"Georgia","Columbia County",1,46,1968,948,1020
050,13,073,"Georgia","Columbia County",1,47,2021,992,1029
050,13,073,"Georgia","Columbia County",1,48,2157,1073,1084
050,13,073,"Georgia","Columbia County",1,49,2212,1127,1085
050,13,073,"Georgia","Columbia County",1,50,2047,1010,1037
050,13,073,"Georgia","Columbia County",1,51,1914,958,956
050,13,073,"Georgia","Columbia County",1,52,1875,926,949
050,13,073,"Georgia","Columbia County",1,53,1829,895,934
050,13,073,"Georgia","Columbia County",1,54,1911,935,976
050,13,073,"Georgia","Columbia County",1,55,2060,979,1081
050,13,073,"Georgia","Columbia County",1,56,1982,954,1028
050,13,073,"Georgia","Columbia County",1,57,1935,944,991
050,13,073,"Georgia","Columbia County",1,58,1998,987,1011
050,13,073,"Georgia","Columbia County",1,59,1899,901,998
050,13,073,"Georgia","Columbia County",1,60,1875,893,982
050,13,073,"Georgia","Columbia County",1,61,1797,850,947
050,13,073,"Georgia","Columbia County",1,62,1755,828,927
050,13,073,"Georgia","Columbia County",1,63,1743,791,952
050,13,073,"Georgia","Columbia County",1,64,1762,853,909
050,13,073,"Georgia","Columbia County",1,65,1712,816,896
050,13,073,"Georgia","Columbia County",1,66,1620,771,849
050,13,073,"Georgia","Columbia County",1,67,1587,774,813
050,13,073,"Georgia","Columbia County",1,68,1422,652,770
050,13,073,"Georgia","Columbia County",1,69,1351,620,731
050,13,073,"Georgia","Columbia County",1,70,1316,635,681
050,13,073,"Georgia","Columbia County",1,71,1340,641,699
050,13,073,"Georgia","Columbia County",1,72,1286,628,658
050,13,073,"Georgia","Columbia County",1,73,1307,634,673
050,13,073,"Georgia","Columbia County",1,74,883,414,469
050,13,073,"Georgia","Columbia County",1,75,824,377,447
050,13,073,"Georgia","Columbia County",1,76,822,368,454
050,13,073,"Georgia","Columbia County",1,77,803,362,441
050,13,073,"Georgia","Columbia County",1,78,684,309,375
050,13,073,"Georgia","Columbia County",1,79,630,293,337
050,13,073,"Georgia","Columbia County",1,80,545,240,305
050,13,073,"Georgia","Columbia County",1,81,496,207,289
050,13,073,"Georgia","Columbia County",1,82,435,177,258
050,13,073,"Georgia","Columbia County",1,83,402,173,229
050,13,073,"Georgia","Columbia County",1,84,425,159,266
050,13,073,"Georgia","Columbia County",1,85,2195,687,1508
050,13,073,"Georgia","Columbia County",2,0,1742,898,844
050,13,073,"Georgia","Columbia County",2,1,1800,932,868
050,13,073,"Georgia","Columbia County",2,2,1931,1014,917
050,13,073,"Georgia","Columbia County",2,3,2043,1065,978
050,13,073,"Georgia","Columbia County",2,4,2108,1086,1022
050,13,073,"Georgia","Columbia County",2,5,2133,1079,1054
050,13,073,"Georgia","Columbia County",2,6,2143,1075,1068
050,13,073,"Georgia","Columbia County",2,7,2131,1075,1056
050,13,073,"Georgia","Columbia County",2,8,2215,1097,1118
050,13,073,"Georgia","Columbia County",2,9,2317,1142,1175
050,13,073,"Georgia","Columbia County",2,10,2348,1182,1166
050,13,073,"Georgia","Columbia County",2,11,2376,1199,1177
050,13,073,"Georgia","Columbia County",2,12,2429,1232,1197
050,13,073,"Georgia","Columbia County",2,13,2457,1251,1206
050,13,073,"Georgia","Columbia County",2,14,2453,1245,1208
050,13,073,"Georgia","Columbia County",2,15,2415,1208,1207
050,13,073,"Georgia","Columbia County",2,16,2374,1177,1197
050,13,073,"Georgia","Columbia County",2,17,2307,1154,1153
050,13,073,"Georgia","Columbia County",2,18,1933,1007,926
050,13,073,"Georgia","Columbia County",2,19,1607,855,752
050,13,073,"Georgia","Columbia County",2,20,1633,850,783
050,13,073,"Georgia","Columbia County",2,21,1621,829,792
050,13,073,"Georgia","Columbia County",2,22,1771,899,872
050,13,073,"Georgia","Columbia County",2,23,1814,912,902
050,13,073,"Georgia","Columbia County",2,24,1781,896,885
050,13,073,"Georgia","Columbia County",2,25,1861,932,929
050,13,073,"Georgia","Columbia County",2,26,1932,970,962
050,13,073,"Georgia","Columbia County",2,27,1988,1008,980
050,13,073,"Georgia","Columbia County",2,28,2090,1067,1023
050,13,073,"Georgia","Columbia County",2,29,2178,1097,1081
050,13,073,"Georgia","Columbia County",2,30,2226,1089,1137
050,13,073,"Georgia","Columbia County",2,31,2227,1088,1139
050,13,073,"Georgia","Columbia County",2,32,2218,1112,1106
050,13,073,"Georgia","Columbia County",2,33,2235,1114,1121
050,13,073,"Georgia","Columbia County",2,34,2302,1127,1175
050,13,073,"Georgia","Columbia County",2,35,2325,1113,1212
050,13,073,"Georgia","Columbia County",2,36,2349,1125,1224
050,13,073,"Georgia","Columbia County",2,37,2419,1151,1268
050,13,073,"Georgia","Columbia County",2,38,2395,1150,1245
050,13,073,"Georgia","Columbia County",2,39,2364,1141,1223
050,13,073,"Georgia","Columbia County",2,40,2326,1140,1186
050,13,073,"Georgia","Columbia County",2,41,2238,1103,1135
050,13,073,"Georgia","Columbia County",2,42,2164,1058,1106
050,13,073,"Georgia","Columbia County",2,43,2093,1038,1055
050,13,073,"Georgia","Columbia County",2,44,1952,945,1007
050,13,073,"Georgia","Columbia County",2,45,1969,935,1034
050,13,073,"Georgia","Columbia County",2,46,1957,938,1019
050,13,073,"Georgia","Columbia County",2,47,2013,980,1033
050,13,073,"Georgia","Columbia County",2,48,2122,1050,1072
050,13,073,"Georgia","Columbia County",2,49,2206,1117,1089
050,13,073,"Georgia","Columbia County",2,50,2084,1037,1047
050,13,073,"Georgia","Columbia County",2,51,1941,970,971
050,13,073,"Georgia","Columbia County",2,52,1884,935,949
050,13,073,"Georgia","Columbia County",2,53,1843,905,938
050,13,073,"Georgia","Columbia County",2,54,1896,926,970
050,13,073,"Georgia","Columbia County",2,55,2020,964,1056
050,13,073,"Georgia","Columbia County",2,56,2005,966,1039
050,13,073,"Georgia","Columbia County",2,57,1954,948,1006
050,13,073,"Georgia","Columbia County",2,58,1976,975,1001
050,13,073,"Georgia","Columbia County",2,59,1917,914,1003
050,13,073,"Georgia","Columbia County",2,60,1881,894,987
050,13,073,"Georgia","Columbia County",2,61,1817,862,955
050,13,073,"Georgia","Columbia County",2,62,1762,830,932
050,13,073,"Georgia","Columbia County",2,63,1756,808,948
050,13,073,"Georgia","Columbia County",2,64,1749,836,913
050,13,073,"Georgia","Columbia County",2,65,1718,821,897
050,13,073,"Georgia","Columbia County",2,66,1637,779,858
050,13,073,"Georgia","Columbia County",2,67,1587,769,818
050,13,073,"Georgia","Columbia County",2,68,1454,679,775
050,13,073,"Georgia","Columbia County",2,69,1376,628,748
050,13,073,"Georgia","Columbia County",2,70,1319,627,692
050,13,073,"Georgia","Columbia County",2,71,1333,635,698
050,13,073,"Georgia","Columbia County",2,72,1271,619,652
050,13,073,"Georgia","Columbia County",2,73,1359,658,701
050,13,073,"Georgia","Columbia County",2,74,934,440,494
050,13,073,"Georgia","Columbia County",2,75,843,386,457
050,13,073,"Georgia","Columbia County",2,76,810,363,447
050,13,073,"Georgia","Columbia County",2,77,820,371,449
050,13,073,"Georgia","Columbia County",2,78,694,310,384
050,13,073,"Georgia","Columbia County",2,79,640,293,347
050,13,073,"Georgia","Columbia County",2,80,558,250,308
050,13,073,"Georgia","Columbia County",2,81,500,215,285
050,13,073,"Georgia","Columbia County",2,82,448,180,268
050,13,073,"Georgia","Columbia County",2,83,401,170,231
050,13,073,"Georgia","Columbia County",2,84,420,160,260
050,13,073,"Georgia","Columbia County",2,85,2227,692,1535
050,13,073,"Georgia","Columbia County",3,0,1755,923,832
050,13,073,"Georgia","Columbia County",3,1,1784,918,866
050,13,073,"Georgia","Columbia County",3,2,1875,985,890
050,13,073,"Georgia","Columbia County",3,3,1983,1007,976
050,13,073,"Georgia","Columbia County",3,4,2124,1107,1017
050,13,073,"Georgia","Columbia County",3,5,2165,1109,1056
050,13,073,"Georgia","Columbia County",3,6,2208,1108,1100
050,13,073,"Georgia","Columbia County",3,7,2183,1077,1106
050,13,073,"Georgia","Columbia County",3,8,2253,1148,1105
050,13,073,"Georgia","Columbia County",3,9,2289,1147,1142
050,13,073,"Georgia","Columbia County",3,10,2418,1204,1214
050,13,073,"Georgia","Columbia County",3,11,2393,1209,1184
050,13,073,"Georgia","Columbia County",3,12,2427,1228,1199
050,13,073,"Georgia","Columbia County",3,13,2461,1240,1221
050,13,073,"Georgia","Columbia County",3,14,2485,1252,1233
050,13,073,"Georgia","Columbia County",3,15,2468,1251,1217
050,13,073,"Georgia","Columbia County",3,16,2419,1206,1213
050,13,073,"Georgia","Columbia County",3,17,2374,1174,1200
050,13,073,"Georgia","Columbia County",3,18,1975,1012,963
050,13,073,"Georgia","Columbia County",3,19,1581,816,765
050,13,073,"Georgia","Columbia County",3,20,1695,883,812
050,13,073,"Georgia","Columbia County",3,21,1738,902,836
050,13,073,"Georgia","Columbia County",3,22,1770,895,875
050,13,073,"Georgia","Columbia County",3,23,1801,895,906
050,13,073,"Georgia","Columbia County",3,24,1828,936,892
050,13,073,"Georgia","Columbia County",3,25,1859,949,910
050,13,073,"Georgia","Columbia County",3,26,1975,1003,972
050,13,073,"Georgia","Columbia County",3,27,1965,975,990
050,13,073,"Georgia","Columbia County",3,28,2084,1051,1033
050,13,073,"Georgia","Columbia County",3,29,2182,1102,1080
050,13,073,"Georgia","Columbia County",3,30,2218,1107,1111
050,13,073,"Georgia","Columbia County",3,31,2285,1120,1165
050,13,073,"Georgia","Columbia County",3,32,2275,1114,1161
050,13,073,"Georgia","Columbia County",3,33,2274,1103,1171
050,13,073,"Georgia","Columbia County",3,34,2319,1161,1158
050,13,073,"Georgia","Columbia County",3,35,2368,1186,1182
050,13,073,"Georgia","Columbia County",3,36,2399,1149,1250
050,13,073,"Georgia","Columbia County",3,37,2416,1130,1286
050,13,073,"Georgia","Columbia County",3,38,2473,1208,1265
050,13,073,"Georgia","Columbia County",3,39,2458,1167,1291
050,13,073,"Georgia","Columbia County",3,40,2421,1161,1260
050,13,073,"Georgia","Columbia County",3,41,2358,1153,1205
050,13,073,"Georgia","Columbia County",3,42,2279,1130,1149
050,13,073,"Georgia","Columbia County",3,43,2184,1071,1113
050,13,073,"Georgia","Columbia County",3,44,2104,1048,1056
050,13,073,"Georgia","Columbia County",3,45,1976,952,1024
050,13,073,"Georgia","Columbia County",3,46,1988,945,1043
050,13,073,"Georgia","Columbia County",3,47,1976,961,1015
050,13,073,"Georgia","Columbia County",3,48,2008,976,1032
050,13,073,"Georgia","Columbia County",3,49,2124,1067,1057
050,13,073,"Georgia","Columbia County",3,50,2205,1117,1088
050,13,073,"Georgia","Columbia County",3,51,2077,1036,1041
050,13,073,"Georgia","Columbia County",3,52,1931,963,968
050,13,073,"Georgia","Columbia County",3,53,1898,938,960
050,13,073,"Georgia","Columbia County",3,54,1828,895,933
050,13,073,"Georgia","Columbia County",3,55,1901,915,986
050,13,073,"Georgia","Columbia County",3,56,2006,962,1044
050,13,073,"Georgia","Columbia County",3,57,1989,954,1035
050,13,073,"Georgia","Columbia County",3,58,1996,970,1026
050,13,073,"Georgia","Columbia County",3,59,1971,960,1011
050,13,073,"Georgia","Columbia County",3,60,1908,910,998
050,13,073,"Georgia","Columbia County",3,61,1852,865,987
050,13,073,"Georgia","Columbia County",3,62,1808,855,953
050,13,073,"Georgia","Columbia County",3,63,1767,832,935
050,13,073,"Georgia","Columbia County",3,64,1777,841,936
050,13,073,"Georgia","Columbia County",3,65,1726,820,906
050,13,073,"Georgia","Columbia County",3,66,1707,806,901
050,13,073,"Georgia","Columbia County",3,67,1630,775,855
050,13,073,"Georgia","Columbia County",3,68,1561,751,810
050,13,073,"Georgia","Columbia County",3,69,1435,667,768
050,13,073,"Georgia","Columbia County",3,70,1361,617,744
050,13,073,"Georgia","Columbia County",3,71,1303,607,696
050,13,073,"Georgia","Columbia County",3,72,1319,637,682
050,13,073,"Georgia","Columbia County",3,73,1232,604,628
050,13,073,"Georgia","Columbia County",3,74,1329,642,687
050,13,073,"Georgia","Columbia County",3,75,907,421,486
050,13,073,"Georgia","Columbia County",3,76,830,379,451
050,13,073,"Georgia","Columbia County",3,77,796,364,432
050,13,073,"Georgia","Columbia County",3,78,789,347,442
050,13,073,"Georgia","Columbia County",3,79,700,294,406
050,13,073,"Georgia","Columbia County",3,80,622,283,339
050,13,073,"Georgia","Columbia County",3,81,542,253,289
050,13,073,"Georgia","Columbia County",3,82,472,191,281
050,13,073,"Georgia","Columbia County",3,83,405,166,239
050,13,073,"Georgia","Columbia County",3,84,387,148,239
050,13,073,"Georgia","Columbia County",3,85,2275,720,1555
050,13,073,"Georgia","Columbia County",4,0,1833,941,892
050,13,073,"Georgia","Columbia County",4,1,1914,1000,914
050,13,073,"Georgia","Columbia County",4,2,1869,1007,862
050,13,073,"Georgia","Columbia County",4,3,1964,1017,947
050,13,073,"Georgia","Columbia County",4,4,2080,1033,1047
050,13,073,"Georgia","Columbia County",4,5,2227,1147,1080
050,13,073,"Georgia","Columbia County",4,6,2258,1173,1085
050,13,073,"Georgia","Columbia County",4,7,2271,1152,1119
050,13,073,"Georgia","Columbia County",4,8,2224,1085,1139
050,13,073,"Georgia","Columbia County",4,9,2310,1206,1104
050,13,073,"Georgia","Columbia County",4,10,2281,1143,1138
050,13,073,"Georgia","Columbia County",4,11,2458,1206,1252
050,13,073,"Georgia","Columbia County",4,12,2374,1176,1198
050,13,073,"Georgia","Columbia County",4,13,2456,1250,1206
050,13,073,"Georgia","Columbia County",4,14,2489,1268,1221
050,13,073,"Georgia","Columbia County",4,15,2500,1248,1252
050,13,073,"Georgia","Columbia County",4,16,2479,1250,1229
050,13,073,"Georgia","Columbia County",4,17,2433,1211,1222
050,13,073,"Georgia","Columbia County",4,18,2020,1031,989
050,13,073,"Georgia","Columbia County",4,19,1590,807,783
050,13,073,"Georgia","Columbia County",4,20,1640,843,797
050,13,073,"Georgia","Columbia County",4,21,1808,940,868
050,13,073,"Georgia","Columbia County",4,22,1832,916,916
050,13,073,"Georgia","Columbia County",4,23,1823,932,891
050,13,073,"Georgia","Columbia County",4,24,1838,910,928
050,13,073,"Georgia","Columbia County",4,25,1873,942,931
050,13,073,"Georgia","Columbia County",4,26,1933,1004,929
050,13,073,"Georgia","Columbia County",4,27,1991,1029,962
050,13,073,"Georgia","Columbia County",4,28,2041,1004,1037
050,13,073,"Georgia","Columbia County",4,29,2163,1100,1063
050,13,073,"Georgia","Columbia County",4,30,2251,1124,1127
050,13,073,"Georgia","Columbia County",4,31,2274,1138,1136
050,13,073,"Georgia","Columbia County",4,32,2339,1134,1205
050,13,073,"Georgia","Columbia County",4,33,2346,1131,1215
050,13,073,"Georgia","Columbia County",4,34,2357,1147,1210
050,13,073,"Georgia","Columbia County",4,35,2373,1170,1203
050,13,073,"Georgia","Columbia County",4,36,2449,1223,1226
050,13,073,"Georgia","Columbia County",4,37,2468,1192,1276
050,13,073,"Georgia","Columbia County",4,38,2469,1151,1318
050,13,073,"Georgia","Columbia County",4,39,2544,1235,1309
050,13,073,"Georgia","Columbia County",4,40,2496,1180,1316
050,13,073,"Georgia","Columbia County",4,41,2507,1195,1312
050,13,073,"Georgia","Columbia County",4,42,2406,1180,1226
050,13,073,"Georgia","Columbia County",4,43,2316,1147,1169
050,13,073,"Georgia","Columbia County",4,44,2205,1101,1104
050,13,073,"Georgia","Columbia County",4,45,2115,1044,1071
050,13,073,"Georgia","Columbia County",4,46,2006,965,1041
050,13,073,"Georgia","Columbia County",4,47,1999,949,1050
050,13,073,"Georgia","Columbia County",4,48,1951,936,1015
050,13,073,"Georgia","Columbia County",4,49,2029,986,1043
050,13,073,"Georgia","Columbia County",4,50,2143,1071,1072
050,13,073,"Georgia","Columbia County",4,51,2186,1103,1083
050,13,073,"Georgia","Columbia County",4,52,2078,1049,1029
050,13,073,"Georgia","Columbia County",4,53,1901,942,959
050,13,073,"Georgia","Columbia County",4,54,1924,938,986
050,13,073,"Georgia","Columbia County",4,55,1838,896,942
050,13,073,"Georgia","Columbia County",4,56,1881,912,969
050,13,073,"Georgia","Columbia County",4,57,1962,936,1026
050,13,073,"Georgia","Columbia County",4,58,1992,959,1033
050,13,073,"Georgia","Columbia County",4,59,1985,942,1043
050,13,073,"Georgia","Columbia County",4,60,1959,945,1014
050,13,073,"Georgia","Columbia County",4,61,1895,897,998
050,13,073,"Georgia","Columbia County",4,62,1841,868,973
050,13,073,"Georgia","Columbia County",4,63,1802,853,949
050,13,073,"Georgia","Columbia County",4,64,1765,844,921
050,13,073,"Georgia","Columbia County",4,65,1754,826,928
050,13,073,"Georgia","Columbia County",4,66,1704,798,906
050,13,073,"Georgia","Columbia County",4,67,1687,803,884
050,13,073,"Georgia","Columbia County",4,68,1641,777,864
050,13,073,"Georgia","Columbia County",4,69,1570,747,823
050,13,073,"Georgia","Columbia County",4,70,1423,653,770
050,13,073,"Georgia","Columbia County",4,71,1323,593,730
050,13,073,"Georgia","Columbia County",4,72,1276,595,681
050,13,073,"Georgia","Columbia County",4,73,1295,627,668
050,13,073,"Georgia","Columbia County",4,74,1224,602,622
050,13,073,"Georgia","Columbia County",4,75,1295,611,684
050,13,073,"Georgia","Columbia County",4,76,892,407,485
050,13,073,"Georgia","Columbia County",4,77,818,379,439
050,13,073,"Georgia","Columbia County",4,78,762,345,417
050,13,073,"Georgia","Columbia County",4,79,802,340,462
050,13,073,"Georgia","Columbia County",4,80,666,277,389
050,13,073,"Georgia","Columbia County",4,81,603,283,320
050,13,073,"Georgia","Columbia County",4,82,528,225,303
050,13,073,"Georgia","Columbia County",4,83,430,177,253
050,13,073,"Georgia","Columbia County",4,84,400,146,254
050,13,073,"Georgia","Columbia County",4,85,2354,760,1594
050,13,073,"Georgia","Columbia County",5,0,1811,927,884
050,13,073,"Georgia","Columbia County",5,1,1940,993,947
050,13,073,"Georgia","Columbia County",5,2,1994,1023,971
050,13,073,"Georgia","Columbia County",5,3,1877,999,878
050,13,073,"Georgia","Columbia County",5,4,2050,1040,1010
050,13,073,"Georgia","Columbia County",5,5,2144,1084,1060
050,13,073,"Georgia","Columbia County",5,6,2310,1186,1124
050,13,073,"Georgia","Columbia County",5,7,2299,1189,1110
050,13,073,"Georgia","Columbia County",5,8,2391,1212,1179
050,13,073,"Georgia","Columbia County",5,9,2268,1124,1144
050,13,073,"Georgia","Columbia County",5,10,2354,1249,1105
050,13,073,"Georgia","Columbia County",5,11,2331,1163,1168
050,13,073,"Georgia","Columbia County",5,12,2506,1228,1278
050,13,073,"Georgia","Columbia County",5,13,2400,1196,1204
050,13,073,"Georgia","Columbia County",5,14,2472,1245,1227
050,13,073,"Georgia","Columbia County",5,15,2497,1254,1243
050,13,073,"Georgia","Columbia County",5,16,2544,1279,1265
050,13,073,"Georgia","Columbia County",5,17,2486,1243,1243
050,13,073,"Georgia","Columbia County",5,18,2071,1063,1008
050,13,073,"Georgia","Columbia County",5,19,1631,837,794
050,13,073,"Georgia","Columbia County",5,20,1733,878,855
050,13,073,"Georgia","Columbia County",5,21,1736,863,873
050,13,073,"Georgia","Columbia County",5,22,1946,1004,942
050,13,073,"Georgia","Columbia County",5,23,1950,968,982
050,13,073,"Georgia","Columbia County",5,24,1872,952,920
050,13,073,"Georgia","Columbia County",5,25,1843,920,923
050,13,073,"Georgia","Columbia County",5,26,1915,982,933
050,13,073,"Georgia","Columbia County",5,27,1979,1016,963
050,13,073,"Georgia","Columbia County",5,28,2005,1053,952
050,13,073,"Georgia","Columbia County",5,29,2032,999,1033
050,13,073,"Georgia","Columbia County",5,30,2176,1111,1065
050,13,073,"Georgia","Columbia County",5,31,2297,1156,1141
050,13,073,"Georgia","Columbia County",5,32,2329,1148,1181
050,13,073,"Georgia","Columbia County",5,33,2435,1177,1258
050,13,073,"Georgia","Columbia County",5,34,2431,1167,1264
050,13,073,"Georgia","Columbia County",5,35,2434,1175,1259
050,13,073,"Georgia","Columbia County",5,36,2465,1243,1222
050,13,073,"Georgia","Columbia County",5,37,2464,1226,1238
050,13,073,"Georgia","Columbia County",5,38,2529,1217,1312
050,13,073,"Georgia","Columbia County",5,39,2557,1192,1365
050,13,073,"Georgia","Columbia County",5,40,2586,1237,1349
050,13,073,"Georgia","Columbia County",5,41,2540,1207,1333
050,13,073,"Georgia","Columbia County",5,42,2522,1211,1311
050,13,073,"Georgia","Columbia County",5,43,2448,1213,1235
050,13,073,"Georgia","Columbia County",5,44,2325,1143,1182
050,13,073,"Georgia","Columbia County",5,45,2223,1095,1128
050,13,073,"Georgia","Columbia County",5,46,2124,1028,1096
050,13,073,"Georgia","Columbia County",5,47,1987,967,1020
050,13,073,"Georgia","Columbia County",5,48,2003,961,1042
050,13,073,"Georgia","Columbia County",5,49,1950,929,1021
050,13,073,"Georgia","Columbia County",5,50,2022,977,1045
050,13,073,"Georgia","Columbia County",5,51,2136,1061,1075
050,13,073,"Georgia","Columbia County",5,52,2195,1110,1085
050,13,073,"Georgia","Columbia County",5,53,2047,1029,1018
050,13,073,"Georgia","Columbia County",5,54,1880,918,962
050,13,073,"Georgia","Columbia County",5,55,1903,919,984
050,13,073,"Georgia","Columbia County",5,56,1824,880,944
050,13,073,"Georgia","Columbia County",5,57,1879,898,981
050,13,073,"Georgia","Columbia County",5,58,1981,938,1043
050,13,073,"Georgia","Columbia County",5,59,1971,933,1038
050,13,073,"Georgia","Columbia County",5,60,1986,962,1024
050,13,073,"Georgia","Columbia County",5,61,1955,953,1002
050,13,073,"Georgia","Columbia County",5,62,1890,896,994
050,13,073,"Georgia","Columbia County",5,63,1845,881,964
050,13,073,"Georgia","Columbia County",5,64,1799,853,946
050,13,073,"Georgia","Columbia County",5,65,1759,842,917
050,13,073,"Georgia","Columbia County",5,66,1733,816,917
050,13,073,"Georgia","Columbia County",5,67,1723,812,911
050,13,073,"Georgia","Columbia County",5,68,1685,795,890
050,13,073,"Georgia","Columbia County",5,69,1644,774,870
050,13,073,"Georgia","Columbia County",5,70,1575,753,822
050,13,073,"Georgia","Columbia County",5,71,1425,642,783
050,13,073,"Georgia","Columbia County",5,72,1303,586,717
050,13,073,"Georgia","Columbia County",5,73,1253,581,672
050,13,073,"Georgia","Columbia County",5,74,1283,617,666
050,13,073,"Georgia","Columbia County",5,75,1191,577,614
050,13,073,"Georgia","Columbia County",5,76,1272,591,681
050,13,073,"Georgia","Columbia County",5,77,878,410,468
050,13,073,"Georgia","Columbia County",5,78,803,369,434
050,13,073,"Georgia","Columbia County",5,79,773,342,431
050,13,073,"Georgia","Columbia County",5,80,767,328,439
050,13,073,"Georgia","Columbia County",5,81,631,267,364
050,13,073,"Georgia","Columbia County",5,82,585,264,321
050,13,073,"Georgia","Columbia County",5,83,490,220,270
050,13,073,"Georgia","Columbia County",5,84,426,159,267
050,13,073,"Georgia","Columbia County",5,85,2438,784,1654
050,13,075,"Georgia","Cook County",1,0,206,107,99
050,13,075,"Georgia","Cook County",1,1,205,110,95
050,13,075,"Georgia","Cook County",1,2,221,116,105
050,13,075,"Georgia","Cook County",1,3,207,109,98
050,13,075,"Georgia","Cook County",1,4,243,121,122
050,13,075,"Georgia","Cook County",1,5,247,140,107
050,13,075,"Georgia","Cook County",1,6,218,114,104
050,13,075,"Georgia","Cook County",1,7,242,115,127
050,13,075,"Georgia","Cook County",1,8,223,91,132
050,13,075,"Georgia","Cook County",1,9,238,121,117
050,13,075,"Georgia","Cook County",1,10,250,125,125
050,13,075,"Georgia","Cook County",1,11,264,145,119
050,13,075,"Georgia","Cook County",1,12,287,146,141
050,13,075,"Georgia","Cook County",1,13,295,135,160
050,13,075,"Georgia","Cook County",1,14,281,133,148
050,13,075,"Georgia","Cook County",1,15,257,130,127
050,13,075,"Georgia","Cook County",1,16,245,125,120
050,13,075,"Georgia","Cook County",1,17,253,131,122
050,13,075,"Georgia","Cook County",1,18,219,108,111
050,13,075,"Georgia","Cook County",1,19,174,92,82
050,13,075,"Georgia","Cook County",1,20,202,109,93
050,13,075,"Georgia","Cook County",1,21,206,115,91
050,13,075,"Georgia","Cook County",1,22,196,108,88
050,13,075,"Georgia","Cook County",1,23,211,108,103
050,13,075,"Georgia","Cook County",1,24,251,116,135
050,13,075,"Georgia","Cook County",1,25,211,95,116
050,13,075,"Georgia","Cook County",1,26,214,111,103
050,13,075,"Georgia","Cook County",1,27,206,100,106
050,13,075,"Georgia","Cook County",1,28,184,94,90
050,13,075,"Georgia","Cook County",1,29,206,103,103
050,13,075,"Georgia","Cook County",1,30,206,95,111
050,13,075,"Georgia","Cook County",1,31,216,101,115
050,13,075,"Georgia","Cook County",1,32,215,104,111
050,13,075,"Georgia","Cook County",1,33,204,87,117
050,13,075,"Georgia","Cook County",1,34,214,98,116
050,13,075,"Georgia","Cook County",1,35,216,109,107
050,13,075,"Georgia","Cook County",1,36,198,93,105
050,13,075,"Georgia","Cook County",1,37,188,87,101
050,13,075,"Georgia","Cook County",1,38,189,81,108
050,13,075,"Georgia","Cook County",1,39,213,104,109
050,13,075,"Georgia","Cook County",1,40,239,118,121
050,13,075,"Georgia","Cook County",1,41,243,119,124
050,13,075,"Georgia","Cook County",1,42,205,99,106
050,13,075,"Georgia","Cook County",1,43,196,89,107
050,13,075,"Georgia","Cook County",1,44,205,96,109
050,13,075,"Georgia","Cook County",1,45,223,112,111
050,13,075,"Georgia","Cook County",1,46,208,114,94
050,13,075,"Georgia","Cook County",1,47,237,118,119
050,13,075,"Georgia","Cook County",1,48,236,120,116
050,13,075,"Georgia","Cook County",1,49,236,119,117
050,13,075,"Georgia","Cook County",1,50,225,107,118
050,13,075,"Georgia","Cook County",1,51,222,107,115
050,13,075,"Georgia","Cook County",1,52,231,112,119
050,13,075,"Georgia","Cook County",1,53,222,99,123
050,13,075,"Georgia","Cook County",1,54,230,109,121
050,13,075,"Georgia","Cook County",1,55,236,122,114
050,13,075,"Georgia","Cook County",1,56,224,112,112
050,13,075,"Georgia","Cook County",1,57,241,116,125
050,13,075,"Georgia","Cook County",1,58,208,99,109
050,13,075,"Georgia","Cook County",1,59,208,92,116
050,13,075,"Georgia","Cook County",1,60,218,115,103
050,13,075,"Georgia","Cook County",1,61,208,103,105
050,13,075,"Georgia","Cook County",1,62,207,101,106
050,13,075,"Georgia","Cook County",1,63,202,98,104
050,13,075,"Georgia","Cook County",1,64,188,82,106
050,13,075,"Georgia","Cook County",1,65,187,91,96
050,13,075,"Georgia","Cook County",1,66,171,79,92
050,13,075,"Georgia","Cook County",1,67,177,79,98
050,13,075,"Georgia","Cook County",1,68,169,86,83
050,13,075,"Georgia","Cook County",1,69,182,85,97
050,13,075,"Georgia","Cook County",1,70,178,82,96
050,13,075,"Georgia","Cook County",1,71,165,81,84
050,13,075,"Georgia","Cook County",1,72,164,80,84
050,13,075,"Georgia","Cook County",1,73,159,77,82
050,13,075,"Georgia","Cook County",1,74,111,61,50
050,13,075,"Georgia","Cook County",1,75,118,62,56
050,13,075,"Georgia","Cook County",1,76,104,44,60
050,13,075,"Georgia","Cook County",1,77,106,43,63
050,13,075,"Georgia","Cook County",1,78,107,44,63
050,13,075,"Georgia","Cook County",1,79,80,29,51
050,13,075,"Georgia","Cook County",1,80,97,42,55
050,13,075,"Georgia","Cook County",1,81,78,35,43
050,13,075,"Georgia","Cook County",1,82,73,34,39
050,13,075,"Georgia","Cook County",1,83,59,24,35
050,13,075,"Georgia","Cook County",1,84,49,17,32
050,13,075,"Georgia","Cook County",1,85,279,86,193
050,13,075,"Georgia","Cook County",2,0,203,100,103
050,13,075,"Georgia","Cook County",2,1,204,109,95
050,13,075,"Georgia","Cook County",2,2,220,115,105
050,13,075,"Georgia","Cook County",2,3,212,112,100
050,13,075,"Georgia","Cook County",2,4,235,119,116
050,13,075,"Georgia","Cook County",2,5,242,132,110
050,13,075,"Georgia","Cook County",2,6,228,120,108
050,13,075,"Georgia","Cook County",2,7,238,114,124
050,13,075,"Georgia","Cook County",2,8,230,98,132
050,13,075,"Georgia","Cook County",2,9,237,116,121
050,13,075,"Georgia","Cook County",2,10,247,124,123
050,13,075,"Georgia","Cook County",2,11,261,141,120
050,13,075,"Georgia","Cook County",2,12,286,148,138
050,13,075,"Georgia","Cook County",2,13,296,140,156
050,13,075,"Georgia","Cook County",2,14,288,135,153
050,13,075,"Georgia","Cook County",2,15,262,130,132
050,13,075,"Georgia","Cook County",2,16,245,126,119
050,13,075,"Georgia","Cook County",2,17,248,130,118
050,13,075,"Georgia","Cook County",2,18,216,109,107
050,13,075,"Georgia","Cook County",2,19,176,91,85
050,13,075,"Georgia","Cook County",2,20,205,110,95
050,13,075,"Georgia","Cook County",2,21,204,114,90
050,13,075,"Georgia","Cook County",2,22,198,109,89
050,13,075,"Georgia","Cook County",2,23,209,108,101
050,13,075,"Georgia","Cook County",2,24,240,112,128
050,13,075,"Georgia","Cook County",2,25,222,100,122
050,13,075,"Georgia","Cook County",2,26,215,107,108
050,13,075,"Georgia","Cook County",2,27,207,102,105
050,13,075,"Georgia","Cook County",2,28,191,97,94
050,13,075,"Georgia","Cook County",2,29,202,100,102
050,13,075,"Georgia","Cook County",2,30,206,96,110
050,13,075,"Georgia","Cook County",2,31,208,98,110
050,13,075,"Georgia","Cook County",2,32,216,104,112
050,13,075,"Georgia","Cook County",2,33,206,90,116
050,13,075,"Georgia","Cook County",2,34,213,97,116
050,13,075,"Georgia","Cook County",2,35,216,106,110
050,13,075,"Georgia","Cook County",2,36,200,97,103
050,13,075,"Georgia","Cook County",2,37,191,89,102
050,13,075,"Georgia","Cook County",2,38,193,86,107
050,13,075,"Georgia","Cook County",2,39,207,98,109
050,13,075,"Georgia","Cook County",2,40,231,114,117
050,13,075,"Georgia","Cook County",2,41,244,119,125
050,13,075,"Georgia","Cook County",2,42,210,102,108
050,13,075,"Georgia","Cook County",2,43,199,91,108
050,13,075,"Georgia","Cook County",2,44,200,93,107
050,13,075,"Georgia","Cook County",2,45,223,111,112
050,13,075,"Georgia","Cook County",2,46,211,112,99
050,13,075,"Georgia","Cook County",2,47,226,114,112
050,13,075,"Georgia","Cook County",2,48,240,122,118
050,13,075,"Georgia","Cook County",2,49,238,120,118
050,13,075,"Georgia","Cook County",2,50,227,110,117
050,13,075,"Georgia","Cook County",2,51,223,106,117
050,13,075,"Georgia","Cook County",2,52,228,110,118
050,13,075,"Georgia","Cook County",2,53,222,101,121
050,13,075,"Georgia","Cook County",2,54,230,108,122
050,13,075,"Georgia","Cook County",2,55,235,119,116
050,13,075,"Georgia","Cook County",2,56,226,114,112
050,13,075,"Georgia","Cook County",2,57,237,114,123
050,13,075,"Georgia","Cook County",2,58,215,104,111
050,13,075,"Georgia","Cook County",2,59,207,93,114
050,13,075,"Georgia","Cook County",2,60,217,109,108
050,13,075,"Georgia","Cook County",2,61,210,106,104
050,13,075,"Georgia","Cook County",2,62,203,98,105
050,13,075,"Georgia","Cook County",2,63,204,98,106
050,13,075,"Georgia","Cook County",2,64,187,85,102
050,13,075,"Georgia","Cook County",2,65,184,86,98
050,13,075,"Georgia","Cook County",2,66,176,83,93
050,13,075,"Georgia","Cook County",2,67,176,79,97
050,13,075,"Georgia","Cook County",2,68,170,84,86
050,13,075,"Georgia","Cook County",2,69,179,86,93
050,13,075,"Georgia","Cook County",2,70,178,84,94
050,13,075,"Georgia","Cook County",2,71,168,81,87
050,13,075,"Georgia","Cook County",2,72,161,78,83
050,13,075,"Georgia","Cook County",2,73,167,81,86
050,13,075,"Georgia","Cook County",2,74,117,62,55
050,13,075,"Georgia","Cook County",2,75,115,61,54
050,13,075,"Georgia","Cook County",2,76,105,47,58
050,13,075,"Georgia","Cook County",2,77,107,44,63
050,13,075,"Georgia","Cook County",2,78,104,41,63
050,13,075,"Georgia","Cook County",2,79,81,30,51
050,13,075,"Georgia","Cook County",2,80,92,38,54
050,13,075,"Georgia","Cook County",2,81,80,34,46
050,13,075,"Georgia","Cook County",2,82,72,33,39
050,13,075,"Georgia","Cook County",2,83,61,27,34
050,13,075,"Georgia","Cook County",2,84,49,16,33
050,13,075,"Georgia","Cook County",2,85,278,87,191
050,13,075,"Georgia","Cook County",3,0,189,105,84
050,13,075,"Georgia","Cook County",3,1,203,97,106
050,13,075,"Georgia","Cook County",3,2,204,115,89
050,13,075,"Georgia","Cook County",3,3,212,109,103
050,13,075,"Georgia","Cook County",3,4,212,111,101
050,13,075,"Georgia","Cook County",3,5,237,125,112
050,13,075,"Georgia","Cook County",3,6,242,138,104
050,13,075,"Georgia","Cook County",3,7,239,124,115
050,13,075,"Georgia","Cook County",3,8,253,121,132
050,13,075,"Georgia","Cook County",3,9,228,99,129
050,13,075,"Georgia","Cook County",3,10,252,117,135
050,13,075,"Georgia","Cook County",3,11,250,127,123
050,13,075,"Georgia","Cook County",3,12,261,146,115
050,13,075,"Georgia","Cook County",3,13,289,146,143
050,13,075,"Georgia","Cook County",3,14,304,149,155
050,13,075,"Georgia","Cook County",3,15,299,137,162
050,13,075,"Georgia","Cook County",3,16,256,127,129
050,13,075,"Georgia","Cook County",3,17,244,126,118
050,13,075,"Georgia","Cook County",3,18,215,113,102
050,13,075,"Georgia","Cook County",3,19,179,88,91
050,13,075,"Georgia","Cook County",3,20,185,101,84
050,13,075,"Georgia","Cook County",3,21,202,108,94
050,13,075,"Georgia","Cook County",3,22,221,117,104
050,13,075,"Georgia","Cook County",3,23,208,114,94
050,13,075,"Georgia","Cook County",3,24,214,108,106
050,13,075,"Georgia","Cook County",3,25,224,101,123
050,13,075,"Georgia","Cook County",3,26,214,98,116
050,13,075,"Georgia","Cook County",3,27,227,107,120
050,13,075,"Georgia","Cook County",3,28,214,105,109
050,13,075,"Georgia","Cook County",3,29,195,101,94
050,13,075,"Georgia","Cook County",3,30,209,107,102
050,13,075,"Georgia","Cook County",3,31,216,102,114
050,13,075,"Georgia","Cook County",3,32,196,88,108
050,13,075,"Georgia","Cook County",3,33,234,110,124
050,13,075,"Georgia","Cook County",3,34,201,90,111
050,13,075,"Georgia","Cook County",3,35,217,90,127
050,13,075,"Georgia","Cook County",3,36,220,112,108
050,13,075,"Georgia","Cook County",3,37,200,95,105
050,13,075,"Georgia","Cook County",3,38,189,91,98
050,13,075,"Georgia","Cook County",3,39,184,84,100
050,13,075,"Georgia","Cook County",3,40,201,97,104
050,13,075,"Georgia","Cook County",3,41,235,111,124
050,13,075,"Georgia","Cook County",3,42,240,120,120
050,13,075,"Georgia","Cook County",3,43,201,96,105
050,13,075,"Georgia","Cook County",3,44,204,94,110
050,13,075,"Georgia","Cook County",3,45,213,105,108
050,13,075,"Georgia","Cook County",3,46,226,110,116
050,13,075,"Georgia","Cook County",3,47,183,86,97
050,13,075,"Georgia","Cook County",3,48,231,119,112
050,13,075,"Georgia","Cook County",3,49,234,123,111
050,13,075,"Georgia","Cook County",3,50,240,116,124
050,13,075,"Georgia","Cook County",3,51,232,113,119
050,13,075,"Georgia","Cook County",3,52,235,115,120
050,13,075,"Georgia","Cook County",3,53,217,97,120
050,13,075,"Georgia","Cook County",3,54,229,108,121
050,13,075,"Georgia","Cook County",3,55,228,101,127
050,13,075,"Georgia","Cook County",3,56,237,116,121
050,13,075,"Georgia","Cook County",3,57,227,111,116
050,13,075,"Georgia","Cook County",3,58,240,115,125
050,13,075,"Georgia","Cook County",3,59,206,96,110
050,13,075,"Georgia","Cook County",3,60,202,90,112
050,13,075,"Georgia","Cook County",3,61,217,110,107
050,13,075,"Georgia","Cook County",3,62,206,104,102
050,13,075,"Georgia","Cook County",3,63,197,98,99
050,13,075,"Georgia","Cook County",3,64,194,90,104
050,13,075,"Georgia","Cook County",3,65,180,80,100
050,13,075,"Georgia","Cook County",3,66,180,86,94
050,13,075,"Georgia","Cook County",3,67,176,81,95
050,13,075,"Georgia","Cook County",3,68,173,75,98
050,13,075,"Georgia","Cook County",3,69,164,79,85
050,13,075,"Georgia","Cook County",3,70,171,84,87
050,13,075,"Georgia","Cook County",3,71,175,83,92
050,13,075,"Georgia","Cook County",3,72,163,76,87
050,13,075,"Georgia","Cook County",3,73,165,82,83
050,13,075,"Georgia","Cook County",3,74,166,83,83
050,13,075,"Georgia","Cook County",3,75,106,55,51
050,13,075,"Georgia","Cook County",3,76,116,58,58
050,13,075,"Georgia","Cook County",3,77,103,48,55
050,13,075,"Georgia","Cook County",3,78,101,43,58
050,13,075,"Georgia","Cook County",3,79,89,34,55
050,13,075,"Georgia","Cook County",3,80,72,27,45
050,13,075,"Georgia","Cook County",3,81,85,35,50
050,13,075,"Georgia","Cook County",3,82,76,31,45
050,13,075,"Georgia","Cook County",3,83,60,30,30
050,13,075,"Georgia","Cook County",3,84,52,20,32
050,13,075,"Georgia","Cook County",3,85,276,85,191
050,13,075,"Georgia","Cook County",4,0,213,114,99
050,13,075,"Georgia","Cook County",4,1,198,104,94
050,13,075,"Georgia","Cook County",4,2,215,104,111
050,13,075,"Georgia","Cook County",4,3,212,118,94
050,13,075,"Georgia","Cook County",4,4,202,100,102
050,13,075,"Georgia","Cook County",4,5,208,109,99
050,13,075,"Georgia","Cook County",4,6,237,124,113
050,13,075,"Georgia","Cook County",4,7,232,136,96
050,13,075,"Georgia","Cook County",4,8,242,122,120
050,13,075,"Georgia","Cook County",4,9,251,118,133
050,13,075,"Georgia","Cook County",4,10,244,105,139
050,13,075,"Georgia","Cook County",4,11,247,116,131
050,13,075,"Georgia","Cook County",4,12,253,128,125
050,13,075,"Georgia","Cook County",4,13,256,148,108
050,13,075,"Georgia","Cook County",4,14,306,154,152
050,13,075,"Georgia","Cook County",4,15,315,141,174
050,13,075,"Georgia","Cook County",4,16,305,142,163
050,13,075,"Georgia","Cook County",4,17,252,120,132
050,13,075,"Georgia","Cook County",4,18,219,115,104
050,13,075,"Georgia","Cook County",4,19,185,99,86
050,13,075,"Georgia","Cook County",4,20,223,110,113
050,13,075,"Georgia","Cook County",4,21,188,107,81
050,13,075,"Georgia","Cook County",4,22,215,113,102
050,13,075,"Georgia","Cook County",4,23,236,115,121
050,13,075,"Georgia","Cook County",4,24,211,117,94
050,13,075,"Georgia","Cook County",4,25,234,109,125
050,13,075,"Georgia","Cook County",4,26,225,96,129
050,13,075,"Georgia","Cook County",4,27,221,109,112
050,13,075,"Georgia","Cook County",4,28,222,99,123
050,13,075,"Georgia","Cook County",4,29,209,100,109
050,13,075,"Georgia","Cook County",4,30,204,111,93
050,13,075,"Georgia","Cook County",4,31,212,106,106
050,13,075,"Georgia","Cook County",4,32,207,96,111
050,13,075,"Georgia","Cook County",4,33,202,85,117
050,13,075,"Georgia","Cook County",4,34,242,121,121
050,13,075,"Georgia","Cook County",4,35,196,85,111
050,13,075,"Georgia","Cook County",4,36,217,89,128
050,13,075,"Georgia","Cook County",4,37,221,116,105
050,13,075,"Georgia","Cook County",4,38,207,96,111
050,13,075,"Georgia","Cook County",4,39,193,85,108
050,13,075,"Georgia","Cook County",4,40,186,86,100
050,13,075,"Georgia","Cook County",4,41,209,104,105
050,13,075,"Georgia","Cook County",4,42,230,115,115
050,13,075,"Georgia","Cook County",4,43,249,122,127
050,13,075,"Georgia","Cook County",4,44,199,93,106
050,13,075,"Georgia","Cook County",4,45,205,97,108
050,13,075,"Georgia","Cook County",4,46,205,103,102
050,13,075,"Georgia","Cook County",4,47,210,101,109
050,13,075,"Georgia","Cook County",4,48,187,89,98
050,13,075,"Georgia","Cook County",4,49,221,110,111
050,13,075,"Georgia","Cook County",4,50,240,129,111
050,13,075,"Georgia","Cook County",4,51,236,111,125
050,13,075,"Georgia","Cook County",4,52,234,119,115
050,13,075,"Georgia","Cook County",4,53,220,105,115
050,13,075,"Georgia","Cook County",4,54,216,99,117
050,13,075,"Georgia","Cook County",4,55,233,105,128
050,13,075,"Georgia","Cook County",4,56,227,95,132
050,13,075,"Georgia","Cook County",4,57,233,113,120
050,13,075,"Georgia","Cook County",4,58,219,110,109
050,13,075,"Georgia","Cook County",4,59,235,112,123
050,13,075,"Georgia","Cook County",4,60,210,97,113
050,13,075,"Georgia","Cook County",4,61,197,91,106
050,13,075,"Georgia","Cook County",4,62,219,112,107
050,13,075,"Georgia","Cook County",4,63,206,108,98
050,13,075,"Georgia","Cook County",4,64,197,95,102
050,13,075,"Georgia","Cook County",4,65,189,88,101
050,13,075,"Georgia","Cook County",4,66,176,77,99
050,13,075,"Georgia","Cook County",4,67,184,89,95
050,13,075,"Georgia","Cook County",4,68,171,76,95
050,13,075,"Georgia","Cook County",4,69,171,72,99
050,13,075,"Georgia","Cook County",4,70,157,75,82
050,13,075,"Georgia","Cook County",4,71,173,88,85
050,13,075,"Georgia","Cook County",4,72,170,79,91
050,13,075,"Georgia","Cook County",4,73,161,75,86
050,13,075,"Georgia","Cook County",4,74,164,84,80
050,13,075,"Georgia","Cook County",4,75,150,72,78
050,13,075,"Georgia","Cook County",4,76,102,49,53
050,13,075,"Georgia","Cook County",4,77,112,56,56
050,13,075,"Georgia","Cook County",4,78,106,50,56
050,13,075,"Georgia","Cook County",4,79,87,40,47
050,13,075,"Georgia","Cook County",4,80,89,36,53
050,13,075,"Georgia","Cook County",4,81,66,23,43
050,13,075,"Georgia","Cook County",4,82,81,33,48
050,13,075,"Georgia","Cook County",4,83,65,30,35
050,13,075,"Georgia","Cook County",4,84,58,27,31
050,13,075,"Georgia","Cook County",4,85,277,91,186
050,13,075,"Georgia","Cook County",5,0,219,116,103
050,13,075,"Georgia","Cook County",5,1,224,131,93
050,13,075,"Georgia","Cook County",5,2,196,104,92
050,13,075,"Georgia","Cook County",5,3,238,115,123
050,13,075,"Georgia","Cook County",5,4,212,113,99
050,13,075,"Georgia","Cook County",5,5,212,101,111
050,13,075,"Georgia","Cook County",5,6,223,115,108
050,13,075,"Georgia","Cook County",5,7,242,120,122
050,13,075,"Georgia","Cook County",5,8,250,145,105
050,13,075,"Georgia","Cook County",5,9,243,130,113
050,13,075,"Georgia","Cook County",5,10,256,124,132
050,13,075,"Georgia","Cook County",5,11,231,98,133
050,13,075,"Georgia","Cook County",5,12,260,118,142
050,13,075,"Georgia","Cook County",5,13,243,125,118
050,13,075,"Georgia","Cook County",5,14,279,159,120
050,13,075,"Georgia","Cook County",5,15,327,159,168
050,13,075,"Georgia","Cook County",5,16,319,144,175
050,13,075,"Georgia","Cook County",5,17,305,140,165
050,13,075,"Georgia","Cook County",5,18,225,115,110
050,13,075,"Georgia","Cook County",5,19,189,107,82
050,13,075,"Georgia","Cook County",5,20,220,124,96
050,13,075,"Georgia","Cook County",5,21,218,104,114
050,13,075,"Georgia","Cook County",5,22,185,105,80
050,13,075,"Georgia","Cook County",5,23,233,121,112
050,13,075,"Georgia","Cook County",5,24,250,124,126
050,13,075,"Georgia","Cook County",5,25,211,108,103
050,13,075,"Georgia","Cook County",5,26,229,112,117
050,13,075,"Georgia","Cook County",5,27,227,97,130
050,13,075,"Georgia","Cook County",5,28,230,107,123
050,13,075,"Georgia","Cook County",5,29,239,107,132
050,13,075,"Georgia","Cook County",5,30,217,106,111
050,13,075,"Georgia","Cook County",5,31,220,114,106
050,13,075,"Georgia","Cook County",5,32,203,96,107
050,13,075,"Georgia","Cook County",5,33,214,102,112
050,13,075,"Georgia","Cook County",5,34,222,100,122
050,13,075,"Georgia","Cook County",5,35,246,124,122
050,13,075,"Georgia","Cook County",5,36,199,85,114
050,13,075,"Georgia","Cook County",5,37,222,98,124
050,13,075,"Georgia","Cook County",5,38,229,118,111
050,13,075,"Georgia","Cook County",5,39,208,101,107
050,13,075,"Georgia","Cook County",5,40,194,86,108
050,13,075,"Georgia","Cook County",5,41,181,91,90
050,13,075,"Georgia","Cook County",5,42,221,111,110
050,13,075,"Georgia","Cook County",5,43,228,110,118
050,13,075,"Georgia","Cook County",5,44,242,120,122
050,13,075,"Georgia","Cook County",5,45,212,106,106
050,13,075,"Georgia","Cook County",5,46,209,102,107
050,13,075,"Georgia","Cook County",5,47,198,92,106
050,13,075,"Georgia","Cook County",5,48,217,103,114
050,13,075,"Georgia","Cook County",5,49,197,97,100
050,13,075,"Georgia","Cook County",5,50,218,114,104
050,13,075,"Georgia","Cook County",5,51,238,128,110
050,13,075,"Georgia","Cook County",5,52,237,116,121
050,13,075,"Georgia","Cook County",5,53,232,116,116
050,13,075,"Georgia","Cook County",5,54,213,104,109
050,13,075,"Georgia","Cook County",5,55,217,97,120
050,13,075,"Georgia","Cook County",5,56,225,103,122
050,13,075,"Georgia","Cook County",5,57,232,95,137
050,13,075,"Georgia","Cook County",5,58,232,115,117
050,13,075,"Georgia","Cook County",5,59,234,115,119
050,13,075,"Georgia","Cook County",5,60,239,109,130
050,13,075,"Georgia","Cook County",5,61,206,97,109
050,13,075,"Georgia","Cook County",5,62,197,91,106
050,13,075,"Georgia","Cook County",5,63,218,110,108
050,13,075,"Georgia","Cook County",5,64,199,104,95
050,13,075,"Georgia","Cook County",5,65,191,95,96
050,13,075,"Georgia","Cook County",5,66,187,86,101
050,13,075,"Georgia","Cook County",5,67,181,79,102
050,13,075,"Georgia","Cook County",5,68,182,85,97
050,13,075,"Georgia","Cook County",5,69,166,74,92
050,13,075,"Georgia","Cook County",5,70,163,67,96
050,13,075,"Georgia","Cook County",5,71,156,77,79
050,13,075,"Georgia","Cook County",5,72,171,84,87
050,13,075,"Georgia","Cook County",5,73,170,78,92
050,13,075,"Georgia","Cook County",5,74,156,74,82
050,13,075,"Georgia","Cook County",5,75,146,73,73
050,13,075,"Georgia","Cook County",5,76,145,67,78
050,13,075,"Georgia","Cook County",5,77,100,48,52
050,13,075,"Georgia","Cook County",5,78,113,58,55
050,13,075,"Georgia","Cook County",5,79,88,43,45
050,13,075,"Georgia","Cook County",5,80,82,37,45
050,13,075,"Georgia","Cook County",5,81,83,31,52
050,13,075,"Georgia","Cook County",5,82,60,21,39
050,13,075,"Georgia","Cook County",5,83,69,32,37
050,13,075,"Georgia","Cook County",5,84,64,27,37
050,13,075,"Georgia","Cook County",5,85,290,108,182
050,13,077,"Georgia","Coweta County",1,0,1553,798,755
050,13,077,"Georgia","Coweta County",1,1,1567,801,766
050,13,077,"Georgia","Coweta County",1,2,1718,868,850
050,13,077,"Georgia","Coweta County",1,3,1724,850,874
050,13,077,"Georgia","Coweta County",1,4,1751,891,860
050,13,077,"Georgia","Coweta County",1,5,1804,899,905
050,13,077,"Georgia","Coweta County",1,6,1865,911,954
050,13,077,"Georgia","Coweta County",1,7,1873,941,932
050,13,077,"Georgia","Coweta County",1,8,1881,973,908
050,13,077,"Georgia","Coweta County",1,9,1889,987,902
050,13,077,"Georgia","Coweta County",1,10,2014,1051,963
050,13,077,"Georgia","Coweta County",1,11,2115,1063,1052
050,13,077,"Georgia","Coweta County",1,12,2164,1099,1065
050,13,077,"Georgia","Coweta County",1,13,2158,1075,1083
050,13,077,"Georgia","Coweta County",1,14,2209,1102,1107
050,13,077,"Georgia","Coweta County",1,15,2240,1137,1103
050,13,077,"Georgia","Coweta County",1,16,2208,1103,1105
050,13,077,"Georgia","Coweta County",1,17,2233,1117,1116
050,13,077,"Georgia","Coweta County",1,18,1884,970,914
050,13,077,"Georgia","Coweta County",1,19,1519,792,727
050,13,077,"Georgia","Coweta County",1,20,1592,798,794
050,13,077,"Georgia","Coweta County",1,21,1668,832,836
050,13,077,"Georgia","Coweta County",1,22,1687,819,868
050,13,077,"Georgia","Coweta County",1,23,1759,889,870
050,13,077,"Georgia","Coweta County",1,24,1726,860,866
050,13,077,"Georgia","Coweta County",1,25,1714,830,884
050,13,077,"Georgia","Coweta County",1,26,1753,860,893
050,13,077,"Georgia","Coweta County",1,27,1855,928,927
050,13,077,"Georgia","Coweta County",1,28,1764,884,880
050,13,077,"Georgia","Coweta County",1,29,1771,882,889
050,13,077,"Georgia","Coweta County",1,30,1799,872,927
050,13,077,"Georgia","Coweta County",1,31,1798,860,938
050,13,077,"Georgia","Coweta County",1,32,1799,859,940
050,13,077,"Georgia","Coweta County",1,33,1840,881,959
050,13,077,"Georgia","Coweta County",1,34,1918,933,985
050,13,077,"Georgia","Coweta County",1,35,1916,936,980
050,13,077,"Georgia","Coweta County",1,36,1930,947,983
050,13,077,"Georgia","Coweta County",1,37,1858,883,975
050,13,077,"Georgia","Coweta County",1,38,1919,933,986
050,13,077,"Georgia","Coweta County",1,39,1991,963,1028
050,13,077,"Georgia","Coweta County",1,40,1979,960,1019
050,13,077,"Georgia","Coweta County",1,41,2012,961,1051
050,13,077,"Georgia","Coweta County",1,42,1947,894,1053
050,13,077,"Georgia","Coweta County",1,43,1895,934,961
050,13,077,"Georgia","Coweta County",1,44,1851,907,944
050,13,077,"Georgia","Coweta County",1,45,1927,910,1017
050,13,077,"Georgia","Coweta County",1,46,1929,925,1004
050,13,077,"Georgia","Coweta County",1,47,2050,990,1060
050,13,077,"Georgia","Coweta County",1,48,2236,1085,1151
050,13,077,"Georgia","Coweta County",1,49,2405,1171,1234
050,13,077,"Georgia","Coweta County",1,50,2207,1073,1134
050,13,077,"Georgia","Coweta County",1,51,2170,1065,1105
050,13,077,"Georgia","Coweta County",1,52,2181,1086,1095
050,13,077,"Georgia","Coweta County",1,53,2237,1123,1114
050,13,077,"Georgia","Coweta County",1,54,2202,1088,1114
050,13,077,"Georgia","Coweta County",1,55,2199,1092,1107
050,13,077,"Georgia","Coweta County",1,56,2172,1099,1073
050,13,077,"Georgia","Coweta County",1,57,2097,1053,1044
050,13,077,"Georgia","Coweta County",1,58,2051,999,1052
050,13,077,"Georgia","Coweta County",1,59,2053,1008,1045
050,13,077,"Georgia","Coweta County",1,60,1959,968,991
050,13,077,"Georgia","Coweta County",1,61,1873,909,964
050,13,077,"Georgia","Coweta County",1,62,1829,921,908
050,13,077,"Georgia","Coweta County",1,63,1747,908,839
050,13,077,"Georgia","Coweta County",1,64,1641,793,848
050,13,077,"Georgia","Coweta County",1,65,1559,727,832
050,13,077,"Georgia","Coweta County",1,66,1478,691,787
050,13,077,"Georgia","Coweta County",1,67,1427,666,761
050,13,077,"Georgia","Coweta County",1,68,1339,623,716
050,13,077,"Georgia","Coweta County",1,69,1280,611,669
050,13,077,"Georgia","Coweta County",1,70,1265,591,674
050,13,077,"Georgia","Coweta County",1,71,1247,568,679
050,13,077,"Georgia","Coweta County",1,72,1299,607,692
050,13,077,"Georgia","Coweta County",1,73,1319,621,698
050,13,077,"Georgia","Coweta County",1,74,931,431,500
050,13,077,"Georgia","Coweta County",1,75,865,401,464
050,13,077,"Georgia","Coweta County",1,76,820,369,451
050,13,077,"Georgia","Coweta County",1,77,841,364,477
050,13,077,"Georgia","Coweta County",1,78,702,313,389
050,13,077,"Georgia","Coweta County",1,79,623,290,333
050,13,077,"Georgia","Coweta County",1,80,528,240,288
050,13,077,"Georgia","Coweta County",1,81,500,217,283
050,13,077,"Georgia","Coweta County",1,82,453,205,248
050,13,077,"Georgia","Coweta County",1,83,380,161,219
050,13,077,"Georgia","Coweta County",1,84,343,148,195
050,13,077,"Georgia","Coweta County",1,85,1689,600,1089
050,13,077,"Georgia","Coweta County",2,0,1540,785,755
050,13,077,"Georgia","Coweta County",2,1,1569,805,764
050,13,077,"Georgia","Coweta County",2,2,1694,858,836
050,13,077,"Georgia","Coweta County",2,3,1728,857,871
050,13,077,"Georgia","Coweta County",2,4,1757,887,870
050,13,077,"Georgia","Coweta County",2,5,1803,902,901
050,13,077,"Georgia","Coweta County",2,6,1858,913,945
050,13,077,"Georgia","Coweta County",2,7,1876,940,936
050,13,077,"Georgia","Coweta County",2,8,1877,965,912
050,13,077,"Georgia","Coweta County",2,9,1887,984,903
050,13,077,"Georgia","Coweta County",2,10,1989,1034,955
050,13,077,"Georgia","Coweta County",2,11,2085,1058,1027
050,13,077,"Georgia","Coweta County",2,12,2167,1099,1068
050,13,077,"Georgia","Coweta County",2,13,2168,1086,1082
050,13,077,"Georgia","Coweta County",2,14,2201,1098,1103
050,13,077,"Georgia","Coweta County",2,15,2234,1128,1106
050,13,077,"Georgia","Coweta County",2,16,2224,1115,1109
050,13,077,"Georgia","Coweta County",2,17,2228,1112,1116
050,13,077,"Georgia","Coweta County",2,18,1887,975,912
050,13,077,"Georgia","Coweta County",2,19,1539,796,743
050,13,077,"Georgia","Coweta County",2,20,1621,819,802
050,13,077,"Georgia","Coweta County",2,21,1673,833,840
050,13,077,"Georgia","Coweta County",2,22,1703,831,872
050,13,077,"Georgia","Coweta County",2,23,1767,886,881
050,13,077,"Georgia","Coweta County",2,24,1735,862,873
050,13,077,"Georgia","Coweta County",2,25,1722,836,886
050,13,077,"Georgia","Coweta County",2,26,1768,868,900
050,13,077,"Georgia","Coweta County",2,27,1835,915,920
050,13,077,"Georgia","Coweta County",2,28,1799,902,897
050,13,077,"Georgia","Coweta County",2,29,1774,882,892
050,13,077,"Georgia","Coweta County",2,30,1818,883,935
050,13,077,"Georgia","Coweta County",2,31,1807,867,940
050,13,077,"Georgia","Coweta County",2,32,1808,865,943
050,13,077,"Georgia","Coweta County",2,33,1846,881,965
050,13,077,"Georgia","Coweta County",2,34,1910,928,982
050,13,077,"Georgia","Coweta County",2,35,1938,947,991
050,13,077,"Georgia","Coweta County",2,36,1921,940,981
050,13,077,"Georgia","Coweta County",2,37,1884,901,983
050,13,077,"Georgia","Coweta County",2,38,1921,931,990
050,13,077,"Georgia","Coweta County",2,39,1972,955,1017
050,13,077,"Georgia","Coweta County",2,40,2005,969,1036
050,13,077,"Georgia","Coweta County",2,41,2011,964,1047
050,13,077,"Georgia","Coweta County",2,42,1964,911,1053
050,13,077,"Georgia","Coweta County",2,43,1927,931,996
050,13,077,"Georgia","Coweta County",2,44,1855,911,944
050,13,077,"Georgia","Coweta County",2,45,1922,916,1006
050,13,077,"Georgia","Coweta County",2,46,1931,924,1007
050,13,077,"Georgia","Coweta County",2,47,2018,977,1041
050,13,077,"Georgia","Coweta County",2,48,2192,1061,1131
050,13,077,"Georgia","Coweta County",2,49,2378,1156,1222
050,13,077,"Georgia","Coweta County",2,50,2265,1102,1163
050,13,077,"Georgia","Coweta County",2,51,2181,1067,1114
050,13,077,"Georgia","Coweta County",2,52,2179,1080,1099
050,13,077,"Georgia","Coweta County",2,53,2230,1115,1115
050,13,077,"Georgia","Coweta County",2,54,2209,1093,1116
050,13,077,"Georgia","Coweta County",2,55,2206,1090,1116
050,13,077,"Georgia","Coweta County",2,56,2195,1105,1090
050,13,077,"Georgia","Coweta County",2,57,2119,1066,1053
050,13,077,"Georgia","Coweta County",2,58,2055,1011,1044
050,13,077,"Georgia","Coweta County",2,59,2063,1013,1050
050,13,077,"Georgia","Coweta County",2,60,1978,974,1004
050,13,077,"Georgia","Coweta County",2,61,1896,925,971
050,13,077,"Georgia","Coweta County",2,62,1837,916,921
050,13,077,"Georgia","Coweta County",2,63,1781,918,863
050,13,077,"Georgia","Coweta County",2,64,1656,813,843
050,13,077,"Georgia","Coweta County",2,65,1586,745,841
050,13,077,"Georgia","Coweta County",2,66,1503,702,801
050,13,077,"Georgia","Coweta County",2,67,1444,674,770
050,13,077,"Georgia","Coweta County",2,68,1357,631,726
050,13,077,"Georgia","Coweta County",2,69,1304,618,686
050,13,077,"Georgia","Coweta County",2,70,1271,596,675
050,13,077,"Georgia","Coweta County",2,71,1250,571,679
050,13,077,"Georgia","Coweta County",2,72,1265,584,681
050,13,077,"Georgia","Coweta County",2,73,1378,648,730
050,13,077,"Georgia","Coweta County",2,74,961,444,517
050,13,077,"Georgia","Coweta County",2,75,878,406,472
050,13,077,"Georgia","Coweta County",2,76,815,369,446
050,13,077,"Georgia","Coweta County",2,77,851,370,481
050,13,077,"Georgia","Coweta County",2,78,712,315,397
050,13,077,"Georgia","Coweta County",2,79,638,293,345
050,13,077,"Georgia","Coweta County",2,80,545,249,296
050,13,077,"Georgia","Coweta County",2,81,498,219,279
050,13,077,"Georgia","Coweta County",2,82,461,206,255
050,13,077,"Georgia","Coweta County",2,83,390,170,220
050,13,077,"Georgia","Coweta County",2,84,346,146,200
050,13,077,"Georgia","Coweta County",2,85,1708,609,1099
050,13,077,"Georgia","Coweta County",3,0,1497,733,764
050,13,077,"Georgia","Coweta County",3,1,1609,832,777
050,13,077,"Georgia","Coweta County",3,2,1659,855,804
050,13,077,"Georgia","Coweta County",3,3,1723,866,857
050,13,077,"Georgia","Coweta County",3,4,1797,886,911
050,13,077,"Georgia","Coweta County",3,5,1819,916,903
050,13,077,"Georgia","Coweta County",3,6,1881,938,943
050,13,077,"Georgia","Coweta County",3,7,1916,957,959
050,13,077,"Georgia","Coweta County",3,8,1952,976,976
050,13,077,"Georgia","Coweta County",3,9,1917,975,942
050,13,077,"Georgia","Coweta County",3,10,1952,1003,949
050,13,077,"Georgia","Coweta County",3,11,1995,1030,965
050,13,077,"Georgia","Coweta County",3,12,2156,1109,1047
050,13,077,"Georgia","Coweta County",3,13,2235,1127,1108
050,13,077,"Georgia","Coweta County",3,14,2207,1102,1105
050,13,077,"Georgia","Coweta County",3,15,2249,1116,1133
050,13,077,"Georgia","Coweta County",3,16,2259,1142,1117
050,13,077,"Georgia","Coweta County",3,17,2234,1107,1127
050,13,077,"Georgia","Coweta County",3,18,1919,990,929
050,13,077,"Georgia","Coweta County",3,19,1599,817,782
050,13,077,"Georgia","Coweta County",3,20,1703,872,831
050,13,077,"Georgia","Coweta County",3,21,1736,878,858
050,13,077,"Georgia","Coweta County",3,22,1751,845,906
050,13,077,"Georgia","Coweta County",3,23,1821,895,926
050,13,077,"Georgia","Coweta County",3,24,1792,872,920
050,13,077,"Georgia","Coweta County",3,25,1819,910,909
050,13,077,"Georgia","Coweta County",3,26,1763,865,898
050,13,077,"Georgia","Coweta County",3,27,1847,906,941
050,13,077,"Georgia","Coweta County",3,28,1904,924,980
050,13,077,"Georgia","Coweta County",3,29,1891,934,957
050,13,077,"Georgia","Coweta County",3,30,1820,880,940
050,13,077,"Georgia","Coweta County",3,31,1907,906,1001
050,13,077,"Georgia","Coweta County",3,32,1880,898,982
050,13,077,"Georgia","Coweta County",3,33,1877,893,984
050,13,077,"Georgia","Coweta County",3,34,1968,944,1024
050,13,077,"Georgia","Coweta County",3,35,1978,958,1020
050,13,077,"Georgia","Coweta County",3,36,2031,991,1040
050,13,077,"Georgia","Coweta County",3,37,1958,936,1022
050,13,077,"Georgia","Coweta County",3,38,1958,922,1036
050,13,077,"Georgia","Coweta County",3,39,1982,958,1024
050,13,077,"Georgia","Coweta County",3,40,2004,966,1038
050,13,077,"Georgia","Coweta County",3,41,2023,950,1073
050,13,077,"Georgia","Coweta County",3,42,2077,1011,1066
050,13,077,"Georgia","Coweta County",3,43,1971,924,1047
050,13,077,"Georgia","Coweta County",3,44,1978,947,1031
050,13,077,"Georgia","Coweta County",3,45,1889,937,952
050,13,077,"Georgia","Coweta County",3,46,1951,929,1022
050,13,077,"Georgia","Coweta County",3,47,1957,920,1037
050,13,077,"Georgia","Coweta County",3,48,2061,1013,1048
050,13,077,"Georgia","Coweta County",3,49,2231,1072,1159
050,13,077,"Georgia","Coweta County",3,50,2382,1157,1225
050,13,077,"Georgia","Coweta County",3,51,2296,1101,1195
050,13,077,"Georgia","Coweta County",3,52,2203,1079,1124
050,13,077,"Georgia","Coweta County",3,53,2180,1082,1098
050,13,077,"Georgia","Coweta County",3,54,2246,1110,1136
050,13,077,"Georgia","Coweta County",3,55,2220,1108,1112
050,13,077,"Georgia","Coweta County",3,56,2243,1111,1132
050,13,077,"Georgia","Coweta County",3,57,2205,1119,1086
050,13,077,"Georgia","Coweta County",3,58,2122,1068,1054
050,13,077,"Georgia","Coweta County",3,59,2038,997,1041
050,13,077,"Georgia","Coweta County",3,60,2048,1012,1036
050,13,077,"Georgia","Coweta County",3,61,1981,968,1013
050,13,077,"Georgia","Coweta County",3,62,1858,898,960
050,13,077,"Georgia","Coweta County",3,63,1821,903,918
050,13,077,"Georgia","Coweta County",3,64,1787,906,881
050,13,077,"Georgia","Coweta County",3,65,1633,799,834
050,13,077,"Georgia","Coweta County",3,66,1602,740,862
050,13,077,"Georgia","Coweta County",3,67,1517,692,825
050,13,077,"Georgia","Coweta County",3,68,1431,653,778
050,13,077,"Georgia","Coweta County",3,69,1373,635,738
050,13,077,"Georgia","Coweta County",3,70,1307,618,689
050,13,077,"Georgia","Coweta County",3,71,1276,597,679
050,13,077,"Georgia","Coweta County",3,72,1241,565,676
050,13,077,"Georgia","Coweta County",3,73,1262,580,682
050,13,077,"Georgia","Coweta County",3,74,1367,632,735
050,13,077,"Georgia","Coweta County",3,75,951,434,517
050,13,077,"Georgia","Coweta County",3,76,872,409,463
050,13,077,"Georgia","Coweta County",3,77,783,348,435
050,13,077,"Georgia","Coweta County",3,78,823,354,469
050,13,077,"Georgia","Coweta County",3,79,707,307,400
050,13,077,"Georgia","Coweta County",3,80,603,274,329
050,13,077,"Georgia","Coweta County",3,81,507,234,273
050,13,077,"Georgia","Coweta County",3,82,468,210,258
050,13,077,"Georgia","Coweta County",3,83,438,192,246
050,13,077,"Georgia","Coweta County",3,84,365,155,210
050,13,077,"Georgia","Coweta County",3,85,1714,635,1079
050,13,077,"Georgia","Coweta County",4,0,1641,805,836
050,13,077,"Georgia","Coweta County",4,1,1581,763,818
050,13,077,"Georgia","Coweta County",4,2,1691,865,826
050,13,077,"Georgia","Coweta County",4,3,1726,886,840
050,13,077,"Georgia","Coweta County",4,4,1765,910,855
050,13,077,"Georgia","Coweta County",4,5,1834,911,923
050,13,077,"Georgia","Coweta County",4,6,1865,937,928
050,13,077,"Georgia","Coweta County",4,7,1901,954,947
050,13,077,"Georgia","Coweta County",4,8,1969,983,986
050,13,077,"Georgia","Coweta County",4,9,1962,975,987
050,13,077,"Georgia","Coweta County",4,10,1960,1001,959
050,13,077,"Georgia","Coweta County",4,11,2014,1039,975
050,13,077,"Georgia","Coweta County",4,12,2037,1051,986
050,13,077,"Georgia","Coweta County",4,13,2200,1116,1084
050,13,077,"Georgia","Coweta County",4,14,2261,1128,1133
050,13,077,"Georgia","Coweta County",4,15,2274,1131,1143
050,13,077,"Georgia","Coweta County",4,16,2247,1118,1129
050,13,077,"Georgia","Coweta County",4,17,2232,1135,1097
050,13,077,"Georgia","Coweta County",4,18,1961,1004,957
050,13,077,"Georgia","Coweta County",4,19,1586,822,764
050,13,077,"Georgia","Coweta County",4,20,1671,859,812
050,13,077,"Georgia","Coweta County",4,21,1792,912,880
050,13,077,"Georgia","Coweta County",4,22,1823,905,918
050,13,077,"Georgia","Coweta County",4,23,1805,893,912
050,13,077,"Georgia","Coweta County",4,24,1853,939,914
050,13,077,"Georgia","Coweta County",4,25,1807,894,913
050,13,077,"Georgia","Coweta County",4,26,1864,953,911
050,13,077,"Georgia","Coweta County",4,27,1840,896,944
050,13,077,"Georgia","Coweta County",4,28,1928,939,989
050,13,077,"Georgia","Coweta County",4,29,1953,921,1032
050,13,077,"Georgia","Coweta County",4,30,1965,961,1004
050,13,077,"Georgia","Coweta County",4,31,1948,952,996
050,13,077,"Georgia","Coweta County",4,32,1990,937,1053
050,13,077,"Georgia","Coweta County",4,33,1923,930,993
050,13,077,"Georgia","Coweta County",4,34,1970,938,1032
050,13,077,"Georgia","Coweta County",4,35,2072,973,1099
050,13,077,"Georgia","Coweta County",4,36,2078,1032,1046
050,13,077,"Georgia","Coweta County",4,37,2083,1002,1081
050,13,077,"Georgia","Coweta County",4,38,2015,970,1045
050,13,077,"Georgia","Coweta County",4,39,2021,950,1071
050,13,077,"Georgia","Coweta County",4,40,2021,979,1042
050,13,077,"Georgia","Coweta County",4,41,2037,979,1058
050,13,077,"Georgia","Coweta County",4,42,2096,1002,1094
050,13,077,"Georgia","Coweta County",4,43,2120,1015,1105
050,13,077,"Georgia","Coweta County",4,44,2032,945,1087
050,13,077,"Georgia","Coweta County",4,45,2046,993,1053
050,13,077,"Georgia","Coweta County",4,46,1905,952,953
050,13,077,"Georgia","Coweta County",4,47,2028,983,1045
050,13,077,"Georgia","Coweta County",4,48,1969,922,1047
050,13,077,"Georgia","Coweta County",4,49,2071,1003,1068
050,13,077,"Georgia","Coweta County",4,50,2254,1077,1177
050,13,077,"Georgia","Coweta County",4,51,2445,1206,1239
050,13,077,"Georgia","Coweta County",4,52,2273,1093,1180
050,13,077,"Georgia","Coweta County",4,53,2229,1108,1121
050,13,077,"Georgia","Coweta County",4,54,2233,1113,1120
050,13,077,"Georgia","Coweta County",4,55,2244,1097,1147
050,13,077,"Georgia","Coweta County",4,56,2191,1080,1111
050,13,077,"Georgia","Coweta County",4,57,2256,1121,1135
050,13,077,"Georgia","Coweta County",4,58,2208,1117,1091
050,13,077,"Georgia","Coweta County",4,59,2126,1061,1065
050,13,077,"Georgia","Coweta County",4,60,2056,1012,1044
050,13,077,"Georgia","Coweta County",4,61,2044,1004,1040
050,13,077,"Georgia","Coweta County",4,62,1958,949,1009
050,13,077,"Georgia","Coweta County",4,63,1856,890,966
050,13,077,"Georgia","Coweta County",4,64,1836,902,934
050,13,077,"Georgia","Coweta County",4,65,1784,887,897
050,13,077,"Georgia","Coweta County",4,66,1625,780,845
050,13,077,"Georgia","Coweta County",4,67,1599,731,868
050,13,077,"Georgia","Coweta County",4,68,1510,671,839
050,13,077,"Georgia","Coweta County",4,69,1406,635,771
050,13,077,"Georgia","Coweta County",4,70,1337,617,720
050,13,077,"Georgia","Coweta County",4,71,1304,627,677
050,13,077,"Georgia","Coweta County",4,72,1257,581,676
050,13,077,"Georgia","Coweta County",4,73,1219,553,666
050,13,077,"Georgia","Coweta County",4,74,1229,571,658
050,13,077,"Georgia","Coweta County",4,75,1341,609,732
050,13,077,"Georgia","Coweta County",4,76,914,413,501
050,13,077,"Georgia","Coweta County",4,77,835,387,448
050,13,077,"Georgia","Coweta County",4,78,740,331,409
050,13,077,"Georgia","Coweta County",4,79,787,335,452
050,13,077,"Georgia","Coweta County",4,80,668,286,382
050,13,077,"Georgia","Coweta County",4,81,573,263,310
050,13,077,"Georgia","Coweta County",4,82,456,208,248
050,13,077,"Georgia","Coweta County",4,83,434,194,240
050,13,077,"Georgia","Coweta County",4,84,404,173,231
050,13,077,"Georgia","Coweta County",4,85,1815,672,1143
050,13,077,"Georgia","Coweta County",5,0,1670,820,850
050,13,077,"Georgia","Coweta County",5,1,1748,867,881
050,13,077,"Georgia","Coweta County",5,2,1628,778,850
050,13,077,"Georgia","Coweta County",5,3,1758,912,846
050,13,077,"Georgia","Coweta County",5,4,1779,905,874
050,13,077,"Georgia","Coweta County",5,5,1842,945,897
050,13,077,"Georgia","Coweta County",5,6,1912,958,954
050,13,077,"Georgia","Coweta County",5,7,1915,961,954
050,13,077,"Georgia","Coweta County",5,8,1953,980,973
050,13,077,"Georgia","Coweta County",5,9,2029,1010,1019
050,13,077,"Georgia","Coweta County",5,10,2031,996,1035
050,13,077,"Georgia","Coweta County",5,11,1989,1019,970
050,13,077,"Georgia","Coweta County",5,12,2066,1062,1004
050,13,077,"Georgia","Coweta County",5,13,2076,1086,990
050,13,077,"Georgia","Coweta County",5,14,2233,1141,1092
050,13,077,"Georgia","Coweta County",5,15,2281,1146,1135
050,13,077,"Georgia","Coweta County",5,16,2302,1151,1151
050,13,077,"Georgia","Coweta County",5,17,2232,1120,1112
050,13,077,"Georgia","Coweta County",5,18,1907,1008,899
050,13,077,"Georgia","Coweta County",5,19,1602,838,764
050,13,077,"Georgia","Coweta County",5,20,1757,889,868
050,13,077,"Georgia","Coweta County",5,21,1768,891,877
050,13,077,"Georgia","Coweta County",5,22,1864,925,939
050,13,077,"Georgia","Coweta County",5,23,1966,991,975
050,13,077,"Georgia","Coweta County",5,24,1796,889,907
050,13,077,"Georgia","Coweta County",5,25,1879,949,930
050,13,077,"Georgia","Coweta County",5,26,1843,914,929
050,13,077,"Georgia","Coweta County",5,27,1924,983,941
050,13,077,"Georgia","Coweta County",5,28,1899,915,984
050,13,077,"Georgia","Coweta County",5,29,1985,982,1003
050,13,077,"Georgia","Coweta County",5,30,2023,978,1045
050,13,077,"Georgia","Coweta County",5,31,2005,970,1035
050,13,077,"Georgia","Coweta County",5,32,2031,999,1032
050,13,077,"Georgia","Coweta County",5,33,2061,952,1109
050,13,077,"Georgia","Coweta County",5,34,2012,970,1042
050,13,077,"Georgia","Coweta County",5,35,2081,976,1105
050,13,077,"Georgia","Coweta County",5,36,2154,1026,1128
050,13,077,"Georgia","Coweta County",5,37,2106,1031,1075
050,13,077,"Georgia","Coweta County",5,38,2089,1002,1087
050,13,077,"Georgia","Coweta County",5,39,2049,993,1056
050,13,077,"Georgia","Coweta County",5,40,2090,978,1112
050,13,077,"Georgia","Coweta County",5,41,2066,1013,1053
050,13,077,"Georgia","Coweta County",5,42,2124,1017,1107
050,13,077,"Georgia","Coweta County",5,43,2144,1036,1108
050,13,077,"Georgia","Coweta County",5,44,2174,1051,1123
050,13,077,"Georgia","Coweta County",5,45,2071,965,1106
050,13,077,"Georgia","Coweta County",5,46,2090,1029,1061
050,13,077,"Georgia","Coweta County",5,47,1930,971,959
050,13,077,"Georgia","Coweta County",5,48,2035,990,1045
050,13,077,"Georgia","Coweta County",5,49,1973,924,1049
050,13,077,"Georgia","Coweta County",5,50,2090,1006,1084
050,13,077,"Georgia","Coweta County",5,51,2256,1107,1149
050,13,077,"Georgia","Coweta County",5,52,2476,1207,1269
050,13,077,"Georgia","Coweta County",5,53,2268,1096,1172
050,13,077,"Georgia","Coweta County",5,54,2250,1114,1136
050,13,077,"Georgia","Coweta County",5,55,2240,1120,1120
050,13,077,"Georgia","Coweta County",5,56,2261,1111,1150
050,13,077,"Georgia","Coweta County",5,57,2217,1087,1130
050,13,077,"Georgia","Coweta County",5,58,2237,1110,1127
050,13,077,"Georgia","Coweta County",5,59,2177,1080,1097
050,13,077,"Georgia","Coweta County",5,60,2114,1052,1062
050,13,077,"Georgia","Coweta County",5,61,2062,1008,1054
050,13,077,"Georgia","Coweta County",5,62,2035,989,1046
050,13,077,"Georgia","Coweta County",5,63,1942,942,1000
050,13,077,"Georgia","Coweta County",5,64,1865,893,972
050,13,077,"Georgia","Coweta County",5,65,1839,902,937
050,13,077,"Georgia","Coweta County",5,66,1763,859,904
050,13,077,"Georgia","Coweta County",5,67,1625,779,846
050,13,077,"Georgia","Coweta County",5,68,1583,714,869
050,13,077,"Georgia","Coweta County",5,69,1513,672,841
050,13,077,"Georgia","Coweta County",5,70,1405,629,776
050,13,077,"Georgia","Coweta County",5,71,1338,604,734
050,13,077,"Georgia","Coweta County",5,72,1308,627,681
050,13,077,"Georgia","Coweta County",5,73,1241,573,668
050,13,077,"Georgia","Coweta County",5,74,1185,528,657
050,13,077,"Georgia","Coweta County",5,75,1206,555,651
050,13,077,"Georgia","Coweta County",5,76,1343,599,744
050,13,077,"Georgia","Coweta County",5,77,881,401,480
050,13,077,"Georgia","Coweta County",5,78,801,365,436
050,13,077,"Georgia","Coweta County",5,79,718,313,405
050,13,077,"Georgia","Coweta County",5,80,759,330,429
050,13,077,"Georgia","Coweta County",5,81,623,270,353
050,13,077,"Georgia","Coweta County",5,82,533,241,292
050,13,077,"Georgia","Coweta County",5,83,425,189,236
050,13,077,"Georgia","Coweta County",5,84,400,176,224
050,13,077,"Georgia","Coweta County",5,85,1971,738,1233
050,13,079,"Georgia","Crawford County",1,0,105,54,51
050,13,079,"Georgia","Crawford County",1,1,117,57,60
050,13,079,"Georgia","Crawford County",1,2,107,53,54
050,13,079,"Georgia","Crawford County",1,3,118,64,54
050,13,079,"Georgia","Crawford County",1,4,124,61,63
050,13,079,"Georgia","Crawford County",1,5,134,65,69
050,13,079,"Georgia","Crawford County",1,6,124,59,65
050,13,079,"Georgia","Crawford County",1,7,131,65,66
050,13,079,"Georgia","Crawford County",1,8,129,61,68
050,13,079,"Georgia","Crawford County",1,9,136,66,70
050,13,079,"Georgia","Crawford County",1,10,141,79,62
050,13,079,"Georgia","Crawford County",1,11,152,78,74
050,13,079,"Georgia","Crawford County",1,12,176,95,81
050,13,079,"Georgia","Crawford County",1,13,162,79,83
050,13,079,"Georgia","Crawford County",1,14,156,76,80
050,13,079,"Georgia","Crawford County",1,15,150,80,70
050,13,079,"Georgia","Crawford County",1,16,150,81,69
050,13,079,"Georgia","Crawford County",1,17,156,77,79
050,13,079,"Georgia","Crawford County",1,18,129,75,54
050,13,079,"Georgia","Crawford County",1,19,114,68,46
050,13,079,"Georgia","Crawford County",1,20,113,63,50
050,13,079,"Georgia","Crawford County",1,21,113,63,50
050,13,079,"Georgia","Crawford County",1,22,126,69,57
050,13,079,"Georgia","Crawford County",1,23,125,71,54
050,13,079,"Georgia","Crawford County",1,24,112,62,50
050,13,079,"Georgia","Crawford County",1,25,143,82,61
050,13,079,"Georgia","Crawford County",1,26,122,65,57
050,13,079,"Georgia","Crawford County",1,27,139,73,66
050,13,079,"Georgia","Crawford County",1,28,132,67,65
050,13,079,"Georgia","Crawford County",1,29,143,73,70
050,13,079,"Georgia","Crawford County",1,30,159,84,75
050,13,079,"Georgia","Crawford County",1,31,161,90,71
050,13,079,"Georgia","Crawford County",1,32,165,91,74
050,13,079,"Georgia","Crawford County",1,33,137,78,59
050,13,079,"Georgia","Crawford County",1,34,137,79,58
050,13,079,"Georgia","Crawford County",1,35,130,73,57
050,13,079,"Georgia","Crawford County",1,36,134,65,69
050,13,079,"Georgia","Crawford County",1,37,125,62,63
050,13,079,"Georgia","Crawford County",1,38,136,68,68
050,13,079,"Georgia","Crawford County",1,39,120,57,63
050,13,079,"Georgia","Crawford County",1,40,129,61,68
050,13,079,"Georgia","Crawford County",1,41,149,80,69
050,13,079,"Georgia","Crawford County",1,42,130,68,62
050,13,079,"Georgia","Crawford County",1,43,139,69,70
050,13,079,"Georgia","Crawford County",1,44,123,57,66
050,13,079,"Georgia","Crawford County",1,45,127,51,76
050,13,079,"Georgia","Crawford County",1,46,156,79,77
050,13,079,"Georgia","Crawford County",1,47,157,76,81
050,13,079,"Georgia","Crawford County",1,48,161,85,76
050,13,079,"Georgia","Crawford County",1,49,177,94,83
050,13,079,"Georgia","Crawford County",1,50,156,84,72
050,13,079,"Georgia","Crawford County",1,51,183,105,78
050,13,079,"Georgia","Crawford County",1,52,174,93,81
050,13,079,"Georgia","Crawford County",1,53,168,85,83
050,13,079,"Georgia","Crawford County",1,54,174,88,86
050,13,079,"Georgia","Crawford County",1,55,207,107,100
050,13,079,"Georgia","Crawford County",1,56,245,125,120
050,13,079,"Georgia","Crawford County",1,57,237,117,120
050,13,079,"Georgia","Crawford County",1,58,218,115,103
050,13,079,"Georgia","Crawford County",1,59,217,104,113
050,13,079,"Georgia","Crawford County",1,60,231,112,119
050,13,079,"Georgia","Crawford County",1,61,200,100,100
050,13,079,"Georgia","Crawford County",1,62,201,100,101
050,13,079,"Georgia","Crawford County",1,63,178,90,88
050,13,079,"Georgia","Crawford County",1,64,175,90,85
050,13,079,"Georgia","Crawford County",1,65,163,86,77
050,13,079,"Georgia","Crawford County",1,66,174,83,91
050,13,079,"Georgia","Crawford County",1,67,152,70,82
050,13,079,"Georgia","Crawford County",1,68,138,69,69
050,13,079,"Georgia","Crawford County",1,69,131,62,69
050,13,079,"Georgia","Crawford County",1,70,169,84,85
050,13,079,"Georgia","Crawford County",1,71,159,75,84
050,13,079,"Georgia","Crawford County",1,72,157,78,79
050,13,079,"Georgia","Crawford County",1,73,144,68,76
050,13,079,"Georgia","Crawford County",1,74,107,41,66
050,13,079,"Georgia","Crawford County",1,75,110,44,66
050,13,079,"Georgia","Crawford County",1,76,101,56,45
050,13,079,"Georgia","Crawford County",1,77,86,46,40
050,13,079,"Georgia","Crawford County",1,78,79,36,43
050,13,079,"Georgia","Crawford County",1,79,58,18,40
050,13,079,"Georgia","Crawford County",1,80,60,24,36
050,13,079,"Georgia","Crawford County",1,81,59,32,27
050,13,079,"Georgia","Crawford County",1,82,53,21,32
050,13,079,"Georgia","Crawford County",1,83,41,16,25
050,13,079,"Georgia","Crawford County",1,84,41,18,23
050,13,079,"Georgia","Crawford County",1,85,151,53,98
050,13,079,"Georgia","Crawford County",2,0,114,59,55
050,13,079,"Georgia","Crawford County",2,1,114,56,58
050,13,079,"Georgia","Crawford County",2,2,111,55,56
050,13,079,"Georgia","Crawford County",2,3,115,61,54
050,13,079,"Georgia","Crawford County",2,4,124,61,63
050,13,079,"Georgia","Crawford County",2,5,131,63,68
050,13,079,"Georgia","Crawford County",2,6,127,61,66
050,13,079,"Georgia","Crawford County",2,7,127,63,64
050,13,079,"Georgia","Crawford County",2,8,129,62,67
050,13,079,"Georgia","Crawford County",2,9,136,65,71
050,13,079,"Georgia","Crawford County",2,10,138,75,63
050,13,079,"Georgia","Crawford County",2,11,149,78,71
050,13,079,"Georgia","Crawford County",2,12,169,91,78
050,13,079,"Georgia","Crawford County",2,13,166,83,83
050,13,079,"Georgia","Crawford County",2,14,155,76,79
050,13,079,"Georgia","Crawford County",2,15,150,78,72
050,13,079,"Georgia","Crawford County",2,16,148,79,69
050,13,079,"Georgia","Crawford County",2,17,154,78,76
050,13,079,"Georgia","Crawford County",2,18,131,74,57
050,13,079,"Georgia","Crawford County",2,19,113,67,46
050,13,079,"Georgia","Crawford County",2,20,114,65,49
050,13,079,"Georgia","Crawford County",2,21,113,63,50
050,13,079,"Georgia","Crawford County",2,22,124,67,57
050,13,079,"Georgia","Crawford County",2,23,122,69,53
050,13,079,"Georgia","Crawford County",2,24,112,62,50
050,13,079,"Georgia","Crawford County",2,25,133,76,57
050,13,079,"Georgia","Crawford County",2,26,125,68,57
050,13,079,"Georgia","Crawford County",2,27,134,71,63
050,13,079,"Georgia","Crawford County",2,28,134,68,66
050,13,079,"Georgia","Crawford County",2,29,140,72,68
050,13,079,"Georgia","Crawford County",2,30,155,83,72
050,13,079,"Georgia","Crawford County",2,31,161,88,73
050,13,079,"Georgia","Crawford County",2,32,165,92,73
050,13,079,"Georgia","Crawford County",2,33,142,80,62
050,13,079,"Georgia","Crawford County",2,34,136,78,58
050,13,079,"Georgia","Crawford County",2,35,136,76,60
050,13,079,"Georgia","Crawford County",2,36,133,66,67
050,13,079,"Georgia","Crawford County",2,37,127,63,64
050,13,079,"Georgia","Crawford County",2,38,133,66,67
050,13,079,"Georgia","Crawford County",2,39,122,58,64
050,13,079,"Georgia","Crawford County",2,40,131,62,69
050,13,079,"Georgia","Crawford County",2,41,143,74,69
050,13,079,"Georgia","Crawford County",2,42,136,71,65
050,13,079,"Georgia","Crawford County",2,43,138,68,70
050,13,079,"Georgia","Crawford County",2,44,125,60,65
050,13,079,"Georgia","Crawford County",2,45,127,53,74
050,13,079,"Georgia","Crawford County",2,46,148,71,77
050,13,079,"Georgia","Crawford County",2,47,154,76,78
050,13,079,"Georgia","Crawford County",2,48,163,84,79
050,13,079,"Georgia","Crawford County",2,49,174,93,81
050,13,079,"Georgia","Crawford County",2,50,162,88,74
050,13,079,"Georgia","Crawford County",2,51,176,101,75
050,13,079,"Georgia","Crawford County",2,52,174,93,81
050,13,079,"Georgia","Crawford County",2,53,169,87,82
050,13,079,"Georgia","Crawford County",2,54,171,86,85
050,13,079,"Georgia","Crawford County",2,55,199,102,97
050,13,079,"Georgia","Crawford County",2,56,236,121,115
050,13,079,"Georgia","Crawford County",2,57,238,118,120
050,13,079,"Georgia","Crawford County",2,58,220,114,106
050,13,079,"Georgia","Crawford County",2,59,215,104,111
050,13,079,"Georgia","Crawford County",2,60,228,111,117
050,13,079,"Georgia","Crawford County",2,61,205,102,103
050,13,079,"Georgia","Crawford County",2,62,199,99,100
050,13,079,"Georgia","Crawford County",2,63,187,95,92
050,13,079,"Georgia","Crawford County",2,64,175,90,85
050,13,079,"Georgia","Crawford County",2,65,167,87,80
050,13,079,"Georgia","Crawford County",2,66,172,85,87
050,13,079,"Georgia","Crawford County",2,67,160,74,86
050,13,079,"Georgia","Crawford County",2,68,142,69,73
050,13,079,"Georgia","Crawford County",2,69,132,62,70
050,13,079,"Georgia","Crawford County",2,70,158,77,81
050,13,079,"Georgia","Crawford County",2,71,159,75,84
050,13,079,"Georgia","Crawford County",2,72,152,74,78
050,13,079,"Georgia","Crawford County",2,73,151,73,78
050,13,079,"Georgia","Crawford County",2,74,108,44,64
050,13,079,"Georgia","Crawford County",2,75,108,42,66
050,13,079,"Georgia","Crawford County",2,76,100,52,48
050,13,079,"Georgia","Crawford County",2,77,92,50,42
050,13,079,"Georgia","Crawford County",2,78,79,37,42
050,13,079,"Georgia","Crawford County",2,79,61,21,40
050,13,079,"Georgia","Crawford County",2,80,56,22,34
050,13,079,"Georgia","Crawford County",2,81,58,29,29
050,13,079,"Georgia","Crawford County",2,82,54,23,31
050,13,079,"Georgia","Crawford County",2,83,45,18,27
050,13,079,"Georgia","Crawford County",2,84,39,17,22
050,13,079,"Georgia","Crawford County",2,85,155,57,98
050,13,079,"Georgia","Crawford County",3,0,91,45,46
050,13,079,"Georgia","Crawford County",3,1,104,53,51
050,13,079,"Georgia","Crawford County",3,2,114,56,58
050,13,079,"Georgia","Crawford County",3,3,119,55,64
050,13,079,"Georgia","Crawford County",3,4,117,59,58
050,13,079,"Georgia","Crawford County",3,5,130,64,66
050,13,079,"Georgia","Crawford County",3,6,138,65,73
050,13,079,"Georgia","Crawford County",3,7,127,62,65
050,13,079,"Georgia","Crawford County",3,8,141,69,72
050,13,079,"Georgia","Crawford County",3,9,131,60,71
050,13,079,"Georgia","Crawford County",3,10,144,70,74
050,13,079,"Georgia","Crawford County",3,11,147,81,66
050,13,079,"Georgia","Crawford County",3,12,153,78,75
050,13,079,"Georgia","Crawford County",3,13,165,92,73
050,13,079,"Georgia","Crawford County",3,14,167,81,86
050,13,079,"Georgia","Crawford County",3,15,160,77,83
050,13,079,"Georgia","Crawford County",3,16,159,79,80
050,13,079,"Georgia","Crawford County",3,17,154,80,74
050,13,079,"Georgia","Crawford County",3,18,138,71,67
050,13,079,"Georgia","Crawford County",3,19,102,60,42
050,13,079,"Georgia","Crawford County",3,20,126,68,58
050,13,079,"Georgia","Crawford County",3,21,116,62,54
050,13,079,"Georgia","Crawford County",3,22,121,69,52
050,13,079,"Georgia","Crawford County",3,23,120,63,57
050,13,079,"Georgia","Crawford County",3,24,127,74,53
050,13,079,"Georgia","Crawford County",3,25,108,55,53
050,13,079,"Georgia","Crawford County",3,26,129,75,54
050,13,079,"Georgia","Crawford County",3,27,126,77,49
050,13,079,"Georgia","Crawford County",3,28,131,69,62
050,13,079,"Georgia","Crawford County",3,29,138,71,67
050,13,079,"Georgia","Crawford County",3,30,142,74,68
050,13,079,"Georgia","Crawford County",3,31,157,77,80
050,13,079,"Georgia","Crawford County",3,32,165,92,73
050,13,079,"Georgia","Crawford County",3,33,170,94,76
050,13,079,"Georgia","Crawford County",3,34,138,75,63
050,13,079,"Georgia","Crawford County",3,35,142,81,61
050,13,079,"Georgia","Crawford County",3,36,130,75,55
050,13,079,"Georgia","Crawford County",3,37,134,67,67
050,13,079,"Georgia","Crawford County",3,38,133,64,69
050,13,079,"Georgia","Crawford County",3,39,145,74,71
050,13,079,"Georgia","Crawford County",3,40,128,62,66
050,13,079,"Georgia","Crawford County",3,41,132,62,70
050,13,079,"Georgia","Crawford County",3,42,144,73,71
050,13,079,"Georgia","Crawford County",3,43,143,79,64
050,13,079,"Georgia","Crawford County",3,44,141,70,71
050,13,079,"Georgia","Crawford County",3,45,122,58,64
050,13,079,"Georgia","Crawford County",3,46,138,56,82
050,13,079,"Georgia","Crawford County",3,47,144,66,78
050,13,079,"Georgia","Crawford County",3,48,154,77,77
050,13,079,"Georgia","Crawford County",3,49,162,84,78
050,13,079,"Georgia","Crawford County",3,50,172,88,84
050,13,079,"Georgia","Crawford County",3,51,157,84,73
050,13,079,"Georgia","Crawford County",3,52,173,93,80
050,13,079,"Georgia","Crawford County",3,53,178,95,83
050,13,079,"Georgia","Crawford County",3,54,165,83,82
050,13,079,"Georgia","Crawford County",3,55,171,88,83
050,13,079,"Georgia","Crawford County",3,56,199,104,95
050,13,079,"Georgia","Crawford County",3,57,233,117,116
050,13,079,"Georgia","Crawford County",3,58,230,112,118
050,13,079,"Georgia","Crawford County",3,59,217,110,107
050,13,079,"Georgia","Crawford County",3,60,214,100,114
050,13,079,"Georgia","Crawford County",3,61,225,113,112
050,13,079,"Georgia","Crawford County",3,62,202,100,102
050,13,079,"Georgia","Crawford County",3,63,196,101,95
050,13,079,"Georgia","Crawford County",3,64,190,98,92
050,13,079,"Georgia","Crawford County",3,65,171,81,90
050,13,079,"Georgia","Crawford County",3,66,164,84,80
050,13,079,"Georgia","Crawford County",3,67,172,88,84
050,13,079,"Georgia","Crawford County",3,68,152,67,85
050,13,079,"Georgia","Crawford County",3,69,144,72,72
050,13,079,"Georgia","Crawford County",3,70,130,59,71
050,13,079,"Georgia","Crawford County",3,71,150,75,75
050,13,079,"Georgia","Crawford County",3,72,149,67,82
050,13,079,"Georgia","Crawford County",3,73,149,74,75
050,13,079,"Georgia","Crawford County",3,74,141,67,74
050,13,079,"Georgia","Crawford County",3,75,97,38,59
050,13,079,"Georgia","Crawford County",3,76,103,40,63
050,13,079,"Georgia","Crawford County",3,77,98,49,49
050,13,079,"Georgia","Crawford County",3,78,90,48,42
050,13,079,"Georgia","Crawford County",3,79,69,30,39
050,13,079,"Georgia","Crawford County",3,80,56,19,37
050,13,079,"Georgia","Crawford County",3,81,53,21,32
050,13,079,"Georgia","Crawford County",3,82,51,22,29
050,13,079,"Georgia","Crawford County",3,83,52,22,30
050,13,079,"Georgia","Crawford County",3,84,43,17,26
050,13,079,"Georgia","Crawford County",3,85,176,68,108
050,13,079,"Georgia","Crawford County",4,0,115,67,48
050,13,079,"Georgia","Crawford County",4,1,87,45,42
050,13,079,"Georgia","Crawford County",4,2,121,63,58
050,13,079,"Georgia","Crawford County",4,3,125,58,67
050,13,079,"Georgia","Crawford County",4,4,126,61,65
050,13,079,"Georgia","Crawford County",4,5,131,69,62
050,13,079,"Georgia","Crawford County",4,6,131,65,66
050,13,079,"Georgia","Crawford County",4,7,146,72,74
050,13,079,"Georgia","Crawford County",4,8,123,59,64
050,13,079,"Georgia","Crawford County",4,9,137,67,70
050,13,079,"Georgia","Crawford County",4,10,130,63,67
050,13,079,"Georgia","Crawford County",4,11,145,70,75
050,13,079,"Georgia","Crawford County",4,12,150,81,69
050,13,079,"Georgia","Crawford County",4,13,143,73,70
050,13,079,"Georgia","Crawford County",4,14,165,92,73
050,13,079,"Georgia","Crawford County",4,15,160,76,84
050,13,079,"Georgia","Crawford County",4,16,159,79,80
050,13,079,"Georgia","Crawford County",4,17,161,77,84
050,13,079,"Georgia","Crawford County",4,18,131,70,61
050,13,079,"Georgia","Crawford County",4,19,113,61,52
050,13,079,"Georgia","Crawford County",4,20,112,64,48
050,13,079,"Georgia","Crawford County",4,21,127,67,60
050,13,079,"Georgia","Crawford County",4,22,130,68,62
050,13,079,"Georgia","Crawford County",4,23,126,69,57
050,13,079,"Georgia","Crawford County",4,24,128,66,62
050,13,079,"Georgia","Crawford County",4,25,142,83,59
050,13,079,"Georgia","Crawford County",4,26,108,57,51
050,13,079,"Georgia","Crawford County",4,27,143,81,62
050,13,079,"Georgia","Crawford County",4,28,130,78,52
050,13,079,"Georgia","Crawford County",4,29,134,66,68
050,13,079,"Georgia","Crawford County",4,30,141,70,71
050,13,079,"Georgia","Crawford County",4,31,149,78,71
050,13,079,"Georgia","Crawford County",4,32,170,85,85
050,13,079,"Georgia","Crawford County",4,33,149,87,62
050,13,079,"Georgia","Crawford County",4,34,164,88,76
050,13,079,"Georgia","Crawford County",4,35,140,79,61
050,13,079,"Georgia","Crawford County",4,36,138,78,60
050,13,079,"Georgia","Crawford County",4,37,128,67,61
050,13,079,"Georgia","Crawford County",4,38,129,62,67
050,13,079,"Georgia","Crawford County",4,39,133,65,68
050,13,079,"Georgia","Crawford County",4,40,137,69,68
050,13,079,"Georgia","Crawford County",4,41,129,60,69
050,13,079,"Georgia","Crawford County",4,42,138,64,74
050,13,079,"Georgia","Crawford County",4,43,148,75,73
050,13,079,"Georgia","Crawford County",4,44,140,76,64
050,13,079,"Georgia","Crawford County",4,45,138,66,72
050,13,079,"Georgia","Crawford County",4,46,126,55,71
050,13,079,"Georgia","Crawford County",4,47,132,52,80
050,13,079,"Georgia","Crawford County",4,48,148,65,83
050,13,079,"Georgia","Crawford County",4,49,160,79,81
050,13,079,"Georgia","Crawford County",4,50,163,83,80
050,13,079,"Georgia","Crawford County",4,51,172,91,81
050,13,079,"Georgia","Crawford County",4,52,153,80,73
050,13,079,"Georgia","Crawford County",4,53,177,94,83
050,13,079,"Georgia","Crawford County",4,54,162,81,81
050,13,079,"Georgia","Crawford County",4,55,171,87,84
050,13,079,"Georgia","Crawford County",4,56,170,88,82
050,13,079,"Georgia","Crawford County",4,57,199,104,95
050,13,079,"Georgia","Crawford County",4,58,230,112,118
050,13,079,"Georgia","Crawford County",4,59,233,117,116
050,13,079,"Georgia","Crawford County",4,60,222,109,113
050,13,079,"Georgia","Crawford County",4,61,221,104,117
050,13,079,"Georgia","Crawford County",4,62,221,109,112
050,13,079,"Georgia","Crawford County",4,63,207,107,100
050,13,079,"Georgia","Crawford County",4,64,192,100,92
050,13,079,"Georgia","Crawford County",4,65,178,91,87
050,13,079,"Georgia","Crawford County",4,66,162,72,90
050,13,079,"Georgia","Crawford County",4,67,164,81,83
050,13,079,"Georgia","Crawford County",4,68,165,81,84
050,13,079,"Georgia","Crawford County",4,69,154,66,88
050,13,079,"Georgia","Crawford County",4,70,143,70,73
050,13,079,"Georgia","Crawford County",4,71,124,54,70
050,13,079,"Georgia","Crawford County",4,72,140,70,70
050,13,079,"Georgia","Crawford County",4,73,146,67,79
050,13,079,"Georgia","Crawford County",4,74,139,68,71
050,13,079,"Georgia","Crawford County",4,75,126,57,69
050,13,079,"Georgia","Crawford County",4,76,90,34,56
050,13,079,"Georgia","Crawford County",4,77,101,38,63
050,13,079,"Georgia","Crawford County",4,78,93,45,48
050,13,079,"Georgia","Crawford County",4,79,83,45,38
050,13,079,"Georgia","Crawford County",4,80,64,30,34
050,13,079,"Georgia","Crawford County",4,81,55,19,36
050,13,079,"Georgia","Crawford County",4,82,47,14,33
050,13,079,"Georgia","Crawford County",4,83,47,19,28
050,13,079,"Georgia","Crawford County",4,84,48,20,28
050,13,079,"Georgia","Crawford County",4,85,191,73,118
050,13,079,"Georgia","Crawford County",5,0,97,58,39
050,13,079,"Georgia","Crawford County",5,1,127,75,52
050,13,079,"Georgia","Crawford County",5,2,86,46,40
050,13,079,"Georgia","Crawford County",5,3,127,62,65
050,13,079,"Georgia","Crawford County",5,4,123,55,68
050,13,079,"Georgia","Crawford County",5,5,139,68,71
050,13,079,"Georgia","Crawford County",5,6,135,75,60
050,13,079,"Georgia","Crawford County",5,7,131,69,62
050,13,079,"Georgia","Crawford County",5,8,148,75,73
050,13,079,"Georgia","Crawford County",5,9,130,58,72
050,13,079,"Georgia","Crawford County",5,10,136,61,75
050,13,079,"Georgia","Crawford County",5,11,134,68,66
050,13,079,"Georgia","Crawford County",5,12,149,72,77
050,13,079,"Georgia","Crawford County",5,13,157,86,71
050,13,079,"Georgia","Crawford County",5,14,151,80,71
050,13,079,"Georgia","Crawford County",5,15,172,101,71
050,13,079,"Georgia","Crawford County",5,16,169,82,87
050,13,079,"Georgia","Crawford County",5,17,153,76,77
050,13,079,"Georgia","Crawford County",5,18,136,70,66
050,13,079,"Georgia","Crawford County",5,19,106,58,48
050,13,079,"Georgia","Crawford County",5,20,126,71,55
050,13,079,"Georgia","Crawford County",5,21,116,68,48
050,13,079,"Georgia","Crawford County",5,22,137,74,63
050,13,079,"Georgia","Crawford County",5,23,149,79,70
050,13,079,"Georgia","Crawford County",5,24,130,69,61
050,13,079,"Georgia","Crawford County",5,25,132,66,66
050,13,079,"Georgia","Crawford County",5,26,150,84,66
050,13,079,"Georgia","Crawford County",5,27,109,56,53
050,13,079,"Georgia","Crawford County",5,28,147,76,71
050,13,079,"Georgia","Crawford County",5,29,127,78,49
050,13,079,"Georgia","Crawford County",5,30,141,68,73
050,13,079,"Georgia","Crawford County",5,31,147,80,67
050,13,079,"Georgia","Crawford County",5,32,154,81,73
050,13,079,"Georgia","Crawford County",5,33,173,89,84
050,13,079,"Georgia","Crawford County",5,34,139,75,64
050,13,079,"Georgia","Crawford County",5,35,176,91,85
050,13,079,"Georgia","Crawford County",5,36,152,81,71
050,13,079,"Georgia","Crawford County",5,37,146,81,65
050,13,079,"Georgia","Crawford County",5,38,130,67,63
050,13,079,"Georgia","Crawford County",5,39,129,62,67
050,13,079,"Georgia","Crawford County",5,40,135,65,70
050,13,079,"Georgia","Crawford County",5,41,147,74,73
050,13,079,"Georgia","Crawford County",5,42,130,63,67
050,13,079,"Georgia","Crawford County",5,43,143,65,78
050,13,079,"Georgia","Crawford County",5,44,159,83,76
050,13,079,"Georgia","Crawford County",5,45,137,72,65
050,13,079,"Georgia","Crawford County",5,46,144,68,76
050,13,079,"Georgia","Crawford County",5,47,120,53,67
050,13,079,"Georgia","Crawford County",5,48,131,53,78
050,13,079,"Georgia","Crawford County",5,49,146,65,81
050,13,079,"Georgia","Crawford County",5,50,155,74,81
050,13,079,"Georgia","Crawford County",5,51,164,83,81
050,13,079,"Georgia","Crawford County",5,52,165,85,80
050,13,079,"Georgia","Crawford County",5,53,160,82,78
050,13,079,"Georgia","Crawford County",5,54,173,89,84
050,13,079,"Georgia","Crawford County",5,55,157,79,78
050,13,079,"Georgia","Crawford County",5,56,163,83,80
050,13,079,"Georgia","Crawford County",5,57,175,90,85
050,13,079,"Georgia","Crawford County",5,58,197,99,98
050,13,079,"Georgia","Crawford County",5,59,230,113,117
050,13,079,"Georgia","Crawford County",5,60,234,122,112
050,13,079,"Georgia","Crawford County",5,61,224,110,114
050,13,079,"Georgia","Crawford County",5,62,226,105,121
050,13,079,"Georgia","Crawford County",5,63,216,107,109
050,13,079,"Georgia","Crawford County",5,64,202,108,94
050,13,079,"Georgia","Crawford County",5,65,176,92,84
050,13,079,"Georgia","Crawford County",5,66,170,84,86
050,13,079,"Georgia","Crawford County",5,67,159,70,89
050,13,079,"Georgia","Crawford County",5,68,160,78,82
050,13,079,"Georgia","Crawford County",5,69,157,75,82
050,13,079,"Georgia","Crawford County",5,70,159,67,92
050,13,079,"Georgia","Crawford County",5,71,141,67,74
050,13,079,"Georgia","Crawford County",5,72,119,52,67
050,13,079,"Georgia","Crawford County",5,73,137,69,68
050,13,079,"Georgia","Crawford County",5,74,137,62,75
050,13,079,"Georgia","Crawford County",5,75,133,64,69
050,13,079,"Georgia","Crawford County",5,76,123,55,68
050,13,079,"Georgia","Crawford County",5,77,85,33,52
050,13,079,"Georgia","Crawford County",5,78,93,33,60
050,13,079,"Georgia","Crawford County",5,79,89,44,45
050,13,079,"Georgia","Crawford County",5,80,78,43,35
050,13,079,"Georgia","Crawford County",5,81,61,28,33
050,13,079,"Georgia","Crawford County",5,82,52,15,37
050,13,079,"Georgia","Crawford County",5,83,42,11,31
050,13,079,"Georgia","Crawford County",5,84,40,15,25
050,13,079,"Georgia","Crawford County",5,85,217,82,135
050,13,081,"Georgia","Crisp County",1,0,210,109,101
050,13,081,"Georgia","Crisp County",1,1,227,115,112
050,13,081,"Georgia","Crisp County",1,2,243,109,134
050,13,081,"Georgia","Crisp County",1,3,241,116,125
050,13,081,"Georgia","Crisp County",1,4,273,130,143
050,13,081,"Georgia","Crisp County",1,5,258,121,137
050,13,081,"Georgia","Crisp County",1,6,249,123,126
050,13,081,"Georgia","Crisp County",1,7,248,131,117
050,13,081,"Georgia","Crisp County",1,8,232,112,120
050,13,081,"Georgia","Crisp County",1,9,267,127,140
050,13,081,"Georgia","Crisp County",1,10,271,143,128
050,13,081,"Georgia","Crisp County",1,11,299,167,132
050,13,081,"Georgia","Crisp County",1,12,315,167,148
050,13,081,"Georgia","Crisp County",1,13,302,151,151
050,13,081,"Georgia","Crisp County",1,14,295,151,144
050,13,081,"Georgia","Crisp County",1,15,298,151,147
050,13,081,"Georgia","Crisp County",1,16,289,137,152
050,13,081,"Georgia","Crisp County",1,17,288,157,131
050,13,081,"Georgia","Crisp County",1,18,251,143,108
050,13,081,"Georgia","Crisp County",1,19,207,106,101
050,13,081,"Georgia","Crisp County",1,20,214,109,105
050,13,081,"Georgia","Crisp County",1,21,219,112,107
050,13,081,"Georgia","Crisp County",1,22,219,107,112
050,13,081,"Georgia","Crisp County",1,23,215,111,104
050,13,081,"Georgia","Crisp County",1,24,234,118,116
050,13,081,"Georgia","Crisp County",1,25,238,100,138
050,13,081,"Georgia","Crisp County",1,26,250,114,136
050,13,081,"Georgia","Crisp County",1,27,245,119,126
050,13,081,"Georgia","Crisp County",1,28,248,117,131
050,13,081,"Georgia","Crisp County",1,29,239,109,130
050,13,081,"Georgia","Crisp County",1,30,246,120,126
050,13,081,"Georgia","Crisp County",1,31,232,101,131
050,13,081,"Georgia","Crisp County",1,32,223,102,121
050,13,081,"Georgia","Crisp County",1,33,217,101,116
050,13,081,"Georgia","Crisp County",1,34,229,118,111
050,13,081,"Georgia","Crisp County",1,35,207,110,97
050,13,081,"Georgia","Crisp County",1,36,238,115,123
050,13,081,"Georgia","Crisp County",1,37,258,130,128
050,13,081,"Georgia","Crisp County",1,38,262,134,128
050,13,081,"Georgia","Crisp County",1,39,253,124,129
050,13,081,"Georgia","Crisp County",1,40,235,111,124
050,13,081,"Georgia","Crisp County",1,41,209,87,122
050,13,081,"Georgia","Crisp County",1,42,251,109,142
050,13,081,"Georgia","Crisp County",1,43,211,87,124
050,13,081,"Georgia","Crisp County",1,44,221,93,128
050,13,081,"Georgia","Crisp County",1,45,245,112,133
050,13,081,"Georgia","Crisp County",1,46,216,87,129
050,13,081,"Georgia","Crisp County",1,47,220,95,125
050,13,081,"Georgia","Crisp County",1,48,234,113,121
050,13,081,"Georgia","Crisp County",1,49,242,114,128
050,13,081,"Georgia","Crisp County",1,50,254,126,128
050,13,081,"Georgia","Crisp County",1,51,250,122,128
050,13,081,"Georgia","Crisp County",1,52,257,119,138
050,13,081,"Georgia","Crisp County",1,53,253,113,140
050,13,081,"Georgia","Crisp County",1,54,250,122,128
050,13,081,"Georgia","Crisp County",1,55,257,123,134
050,13,081,"Georgia","Crisp County",1,56,273,138,135
050,13,081,"Georgia","Crisp County",1,57,279,139,140
050,13,081,"Georgia","Crisp County",1,58,297,147,150
050,13,081,"Georgia","Crisp County",1,59,292,141,151
050,13,081,"Georgia","Crisp County",1,60,285,130,155
050,13,081,"Georgia","Crisp County",1,61,252,120,132
050,13,081,"Georgia","Crisp County",1,62,254,118,136
050,13,081,"Georgia","Crisp County",1,63,271,124,147
050,13,081,"Georgia","Crisp County",1,64,281,136,145
050,13,081,"Georgia","Crisp County",1,65,298,143,155
050,13,081,"Georgia","Crisp County",1,66,282,133,149
050,13,081,"Georgia","Crisp County",1,67,257,119,138
050,13,081,"Georgia","Crisp County",1,68,245,108,137
050,13,081,"Georgia","Crisp County",1,69,236,103,133
050,13,081,"Georgia","Crisp County",1,70,235,116,119
050,13,081,"Georgia","Crisp County",1,71,224,108,116
050,13,081,"Georgia","Crisp County",1,72,234,120,114
050,13,081,"Georgia","Crisp County",1,73,216,105,111
050,13,081,"Georgia","Crisp County",1,74,166,75,91
050,13,081,"Georgia","Crisp County",1,75,165,72,93
050,13,081,"Georgia","Crisp County",1,76,138,64,74
050,13,081,"Georgia","Crisp County",1,77,127,55,72
050,13,081,"Georgia","Crisp County",1,78,110,53,57
050,13,081,"Georgia","Crisp County",1,79,109,49,60
050,13,081,"Georgia","Crisp County",1,80,84,38,46
050,13,081,"Georgia","Crisp County",1,81,93,35,58
050,13,081,"Georgia","Crisp County",1,82,94,37,57
050,13,081,"Georgia","Crisp County",1,83,76,28,48
050,13,081,"Georgia","Crisp County",1,84,61,18,43
050,13,081,"Georgia","Crisp County",1,85,440,148,292
050,13,081,"Georgia","Crisp County",2,0,220,113,107
050,13,081,"Georgia","Crisp County",2,1,226,115,111
050,13,081,"Georgia","Crisp County",2,2,237,110,127
050,13,081,"Georgia","Crisp County",2,3,239,113,126
050,13,081,"Georgia","Crisp County",2,4,264,125,139
050,13,081,"Georgia","Crisp County",2,5,263,123,140
050,13,081,"Georgia","Crisp County",2,6,247,120,127
050,13,081,"Georgia","Crisp County",2,7,245,128,117
050,13,081,"Georgia","Crisp County",2,8,235,115,120
050,13,081,"Georgia","Crisp County",2,9,261,125,136
050,13,081,"Georgia","Crisp County",2,10,267,138,129
050,13,081,"Georgia","Crisp County",2,11,290,160,130
050,13,081,"Georgia","Crisp County",2,12,311,167,144
050,13,081,"Georgia","Crisp County",2,13,306,156,150
050,13,081,"Georgia","Crisp County",2,14,297,152,145
050,13,081,"Georgia","Crisp County",2,15,296,152,144
050,13,081,"Georgia","Crisp County",2,16,293,142,151
050,13,081,"Georgia","Crisp County",2,17,286,151,135
050,13,081,"Georgia","Crisp County",2,18,246,138,108
050,13,081,"Georgia","Crisp County",2,19,211,111,100
050,13,081,"Georgia","Crisp County",2,20,217,112,105
050,13,081,"Georgia","Crisp County",2,21,216,109,107
050,13,081,"Georgia","Crisp County",2,22,220,107,113
050,13,081,"Georgia","Crisp County",2,23,217,111,106
050,13,081,"Georgia","Crisp County",2,24,230,117,113
050,13,081,"Georgia","Crisp County",2,25,233,102,131
050,13,081,"Georgia","Crisp County",2,26,248,112,136
050,13,081,"Georgia","Crisp County",2,27,248,117,131
050,13,081,"Georgia","Crisp County",2,28,250,119,131
050,13,081,"Georgia","Crisp County",2,29,243,111,132
050,13,081,"Georgia","Crisp County",2,30,245,119,126
050,13,081,"Georgia","Crisp County",2,31,232,102,130
050,13,081,"Georgia","Crisp County",2,32,223,101,122
050,13,081,"Georgia","Crisp County",2,33,216,101,115
050,13,081,"Georgia","Crisp County",2,34,224,113,111
050,13,081,"Georgia","Crisp County",2,35,219,116,103
050,13,081,"Georgia","Crisp County",2,36,227,111,116
050,13,081,"Georgia","Crisp County",2,37,256,128,128
050,13,081,"Georgia","Crisp County",2,38,262,134,128
050,13,081,"Georgia","Crisp County",2,39,252,125,127
050,13,081,"Georgia","Crisp County",2,40,239,113,126
050,13,081,"Georgia","Crisp County",2,41,215,92,123
050,13,081,"Georgia","Crisp County",2,42,242,105,137
050,13,081,"Georgia","Crisp County",2,43,222,92,130
050,13,081,"Georgia","Crisp County",2,44,214,89,125
050,13,081,"Georgia","Crisp County",2,45,241,109,132
050,13,081,"Georgia","Crisp County",2,46,222,92,130
050,13,081,"Georgia","Crisp County",2,47,217,93,124
050,13,081,"Georgia","Crisp County",2,48,234,111,123
050,13,081,"Georgia","Crisp County",2,49,243,116,127
050,13,081,"Georgia","Crisp County",2,50,247,122,125
050,13,081,"Georgia","Crisp County",2,51,248,123,125
050,13,081,"Georgia","Crisp County",2,52,253,117,136
050,13,081,"Georgia","Crisp County",2,53,248,112,136
050,13,081,"Georgia","Crisp County",2,54,249,119,130
050,13,081,"Georgia","Crisp County",2,55,255,123,132
050,13,081,"Georgia","Crisp County",2,56,266,132,134
050,13,081,"Georgia","Crisp County",2,57,275,138,137
050,13,081,"Georgia","Crisp County",2,58,291,145,146
050,13,081,"Georgia","Crisp County",2,59,294,142,152
050,13,081,"Georgia","Crisp County",2,60,286,134,152
050,13,081,"Georgia","Crisp County",2,61,259,122,137
050,13,081,"Georgia","Crisp County",2,62,249,116,133
050,13,081,"Georgia","Crisp County",2,63,264,120,144
050,13,081,"Georgia","Crisp County",2,64,273,130,143
050,13,081,"Georgia","Crisp County",2,65,292,140,152
050,13,081,"Georgia","Crisp County",2,66,285,136,149
050,13,081,"Georgia","Crisp County",2,67,260,121,139
050,13,081,"Georgia","Crisp County",2,68,248,110,138
050,13,081,"Georgia","Crisp County",2,69,237,104,133
050,13,081,"Georgia","Crisp County",2,70,233,111,122
050,13,081,"Georgia","Crisp County",2,71,222,106,116
050,13,081,"Georgia","Crisp County",2,72,227,115,112
050,13,081,"Georgia","Crisp County",2,73,227,111,116
050,13,081,"Georgia","Crisp County",2,74,167,77,90
050,13,081,"Georgia","Crisp County",2,75,165,73,92
050,13,081,"Georgia","Crisp County",2,76,142,64,78
050,13,081,"Georgia","Crisp County",2,77,131,56,75
050,13,081,"Georgia","Crisp County",2,78,109,50,59
050,13,081,"Georgia","Crisp County",2,79,106,47,59
050,13,081,"Georgia","Crisp County",2,80,88,39,49
050,13,081,"Georgia","Crisp County",2,81,89,36,53
050,13,081,"Georgia","Crisp County",2,82,87,33,54
050,13,081,"Georgia","Crisp County",2,83,76,28,48
050,13,081,"Georgia","Crisp County",2,84,64,20,44
050,13,081,"Georgia","Crisp County",2,85,434,143,291
050,13,081,"Georgia","Crisp County",3,0,243,124,119
050,13,081,"Georgia","Crisp County",3,1,213,107,106
050,13,081,"Georgia","Crisp County",3,2,223,112,111
050,13,081,"Georgia","Crisp County",3,3,243,118,125
050,13,081,"Georgia","Crisp County",3,4,240,114,126
050,13,081,"Georgia","Crisp County",3,5,269,131,138
050,13,081,"Georgia","Crisp County",3,6,261,120,141
050,13,081,"Georgia","Crisp County",3,7,243,117,126
050,13,081,"Georgia","Crisp County",3,8,247,127,120
050,13,081,"Georgia","Crisp County",3,9,246,125,121
050,13,081,"Georgia","Crisp County",3,10,258,123,135
050,13,081,"Georgia","Crisp County",3,11,266,131,135
050,13,081,"Georgia","Crisp County",3,12,291,162,129
050,13,081,"Georgia","Crisp County",3,13,306,166,140
050,13,081,"Georgia","Crisp County",3,14,303,160,143
050,13,081,"Georgia","Crisp County",3,15,289,144,145
050,13,081,"Georgia","Crisp County",3,16,306,150,156
050,13,081,"Georgia","Crisp County",3,17,287,139,148
050,13,081,"Georgia","Crisp County",3,18,249,134,115
050,13,081,"Georgia","Crisp County",3,19,215,114,101
050,13,081,"Georgia","Crisp County",3,20,226,123,103
050,13,081,"Georgia","Crisp County",3,21,221,109,112
050,13,081,"Georgia","Crisp County",3,22,222,111,111
050,13,081,"Georgia","Crisp County",3,23,220,109,111
050,13,081,"Georgia","Crisp County",3,24,215,116,99
050,13,081,"Georgia","Crisp County",3,25,204,101,103
050,13,081,"Georgia","Crisp County",3,26,231,106,125
050,13,081,"Georgia","Crisp County",3,27,244,110,134
050,13,081,"Georgia","Crisp County",3,28,241,112,129
050,13,081,"Georgia","Crisp County",3,29,236,116,120
050,13,081,"Georgia","Crisp County",3,30,261,120,141
050,13,081,"Georgia","Crisp County",3,31,227,107,120
050,13,081,"Georgia","Crisp County",3,32,231,98,133
050,13,081,"Georgia","Crisp County",3,33,225,99,126
050,13,081,"Georgia","Crisp County",3,34,220,107,113
050,13,081,"Georgia","Crisp County",3,35,235,127,108
050,13,081,"Georgia","Crisp County",3,36,218,107,111
050,13,081,"Georgia","Crisp County",3,37,230,110,120
050,13,081,"Georgia","Crisp County",3,38,271,142,129
050,13,081,"Georgia","Crisp County",3,39,259,136,123
050,13,081,"Georgia","Crisp County",3,40,251,120,131
050,13,081,"Georgia","Crisp County",3,41,229,111,118
050,13,081,"Georgia","Crisp County",3,42,222,97,125
050,13,081,"Georgia","Crisp County",3,43,231,103,128
050,13,081,"Georgia","Crisp County",3,44,222,91,131
050,13,081,"Georgia","Crisp County",3,45,216,97,119
050,13,081,"Georgia","Crisp County",3,46,225,97,128
050,13,081,"Georgia","Crisp County",3,47,229,97,132
050,13,081,"Georgia","Crisp County",3,48,213,92,121
050,13,081,"Georgia","Crisp County",3,49,236,110,126
050,13,081,"Georgia","Crisp County",3,50,234,112,122
050,13,081,"Georgia","Crisp County",3,51,253,130,123
050,13,081,"Georgia","Crisp County",3,52,246,123,123
050,13,081,"Georgia","Crisp County",3,53,247,107,140
050,13,081,"Georgia","Crisp County",3,54,254,115,139
050,13,081,"Georgia","Crisp County",3,55,253,122,131
050,13,081,"Georgia","Crisp County",3,56,248,120,128
050,13,081,"Georgia","Crisp County",3,57,254,125,129
050,13,081,"Georgia","Crisp County",3,58,275,140,135
050,13,081,"Georgia","Crisp County",3,59,289,146,143
050,13,081,"Georgia","Crisp County",3,60,306,150,156
050,13,081,"Georgia","Crisp County",3,61,276,132,144
050,13,081,"Georgia","Crisp County",3,62,256,122,134
050,13,081,"Georgia","Crisp County",3,63,242,109,133
050,13,081,"Georgia","Crisp County",3,64,269,126,143
050,13,081,"Georgia","Crisp County",3,65,269,129,140
050,13,081,"Georgia","Crisp County",3,66,281,135,146
050,13,081,"Georgia","Crisp County",3,67,275,131,144
050,13,081,"Georgia","Crisp County",3,68,257,116,141
050,13,081,"Georgia","Crisp County",3,69,240,105,135
050,13,081,"Georgia","Crisp County",3,70,228,99,129
050,13,081,"Georgia","Crisp County",3,71,232,108,124
050,13,081,"Georgia","Crisp County",3,72,216,103,113
050,13,081,"Georgia","Crisp County",3,73,219,107,112
050,13,081,"Georgia","Crisp County",3,74,218,103,115
050,13,081,"Georgia","Crisp County",3,75,155,72,83
050,13,081,"Georgia","Crisp County",3,76,154,71,83
050,13,081,"Georgia","Crisp County",3,77,132,59,73
050,13,081,"Georgia","Crisp County",3,78,121,49,72
050,13,081,"Georgia","Crisp County",3,79,110,50,60
050,13,081,"Georgia","Crisp County",3,80,97,43,54
050,13,081,"Georgia","Crisp County",3,81,91,40,51
050,13,081,"Georgia","Crisp County",3,82,80,32,48
050,13,081,"Georgia","Crisp County",3,83,86,30,56
050,13,081,"Georgia","Crisp County",3,84,75,29,46
050,13,081,"Georgia","Crisp County",3,85,453,152,301
050,13,081,"Georgia","Crisp County",4,0,233,113,120
050,13,081,"Georgia","Crisp County",4,1,243,127,116
050,13,081,"Georgia","Crisp County",4,2,228,114,114
050,13,081,"Georgia","Crisp County",4,3,234,121,113
050,13,081,"Georgia","Crisp County",4,4,239,116,123
050,13,081,"Georgia","Crisp County",4,5,254,114,140
050,13,081,"Georgia","Crisp County",4,6,261,125,136
050,13,081,"Georgia","Crisp County",4,7,272,124,148
050,13,081,"Georgia","Crisp County",4,8,245,117,128
050,13,081,"Georgia","Crisp County",4,9,248,128,120
050,13,081,"Georgia","Crisp County",4,10,237,113,124
050,13,081,"Georgia","Crisp County",4,11,254,122,132
050,13,081,"Georgia","Crisp County",4,12,258,122,136
050,13,081,"Georgia","Crisp County",4,13,297,166,131
050,13,081,"Georgia","Crisp County",4,14,308,164,144
050,13,081,"Georgia","Crisp County",4,15,299,162,137
050,13,081,"Georgia","Crisp County",4,16,289,140,149
050,13,081,"Georgia","Crisp County",4,17,310,153,157
050,13,081,"Georgia","Crisp County",4,18,246,120,126
050,13,081,"Georgia","Crisp County",4,19,198,107,91
050,13,081,"Georgia","Crisp County",4,20,221,125,96
050,13,081,"Georgia","Crisp County",4,21,224,122,102
050,13,081,"Georgia","Crisp County",4,22,217,103,114
050,13,081,"Georgia","Crisp County",4,23,248,125,123
050,13,081,"Georgia","Crisp County",4,24,222,109,113
050,13,081,"Georgia","Crisp County",4,25,203,97,106
050,13,081,"Georgia","Crisp County",4,26,213,108,105
050,13,081,"Georgia","Crisp County",4,27,233,99,134
050,13,081,"Georgia","Crisp County",4,28,246,116,130
050,13,081,"Georgia","Crisp County",4,29,243,119,124
050,13,081,"Georgia","Crisp County",4,30,242,119,123
050,13,081,"Georgia","Crisp County",4,31,245,106,139
050,13,081,"Georgia","Crisp County",4,32,230,112,118
050,13,081,"Georgia","Crisp County",4,33,239,102,137
050,13,081,"Georgia","Crisp County",4,34,219,96,123
050,13,081,"Georgia","Crisp County",4,35,213,103,110
050,13,081,"Georgia","Crisp County",4,36,211,110,101
050,13,081,"Georgia","Crisp County",4,37,212,108,104
050,13,081,"Georgia","Crisp County",4,38,229,118,111
050,13,081,"Georgia","Crisp County",4,39,271,134,137
050,13,081,"Georgia","Crisp County",4,40,261,132,129
050,13,081,"Georgia","Crisp County",4,41,236,110,126
050,13,081,"Georgia","Crisp County",4,42,232,114,118
050,13,081,"Georgia","Crisp County",4,43,207,95,112
050,13,081,"Georgia","Crisp County",4,44,231,102,129
050,13,081,"Georgia","Crisp County",4,45,214,92,122
050,13,081,"Georgia","Crisp County",4,46,200,86,114
050,13,081,"Georgia","Crisp County",4,47,222,103,119
050,13,081,"Georgia","Crisp County",4,48,231,99,132
050,13,081,"Georgia","Crisp County",4,49,214,96,118
050,13,081,"Georgia","Crisp County",4,50,235,110,125
050,13,081,"Georgia","Crisp County",4,51,220,110,110
050,13,081,"Georgia","Crisp County",4,52,255,129,126
050,13,081,"Georgia","Crisp County",4,53,239,120,119
050,13,081,"Georgia","Crisp County",4,54,249,108,141
050,13,081,"Georgia","Crisp County",4,55,247,114,133
050,13,081,"Georgia","Crisp County",4,56,247,121,126
050,13,081,"Georgia","Crisp County",4,57,246,117,129
050,13,081,"Georgia","Crisp County",4,58,255,121,134
050,13,081,"Georgia","Crisp County",4,59,269,131,138
050,13,081,"Georgia","Crisp County",4,60,282,141,141
050,13,081,"Georgia","Crisp County",4,61,303,150,153
050,13,081,"Georgia","Crisp County",4,62,284,136,148
050,13,081,"Georgia","Crisp County",4,63,251,116,135
050,13,081,"Georgia","Crisp County",4,64,240,112,128
050,13,081,"Georgia","Crisp County",4,65,260,123,137
050,13,081,"Georgia","Crisp County",4,66,256,124,132
050,13,081,"Georgia","Crisp County",4,67,262,131,131
050,13,081,"Georgia","Crisp County",4,68,260,119,141
050,13,081,"Georgia","Crisp County",4,69,243,110,133
050,13,081,"Georgia","Crisp County",4,70,234,101,133
050,13,081,"Georgia","Crisp County",4,71,212,90,122
050,13,081,"Georgia","Crisp County",4,72,224,102,122
050,13,081,"Georgia","Crisp County",4,73,207,99,108
050,13,081,"Georgia","Crisp County",4,74,206,100,106
050,13,081,"Georgia","Crisp County",4,75,209,103,106
050,13,081,"Georgia","Crisp County",4,76,148,71,77
050,13,081,"Georgia","Crisp County",4,77,140,61,79
050,13,081,"Georgia","Crisp County",4,78,124,56,68
050,13,081,"Georgia","Crisp County",4,79,118,48,70
050,13,081,"Georgia","Crisp County",4,80,98,46,52
050,13,081,"Georgia","Crisp County",4,81,93,42,51
050,13,081,"Georgia","Crisp County",4,82,76,33,43
050,13,081,"Georgia","Crisp County",4,83,75,27,48
050,13,081,"Georgia","Crisp County",4,84,77,27,50
050,13,081,"Georgia","Crisp County",4,85,403,139,264
050,13,081,"Georgia","Crisp County",5,0,239,117,122
050,13,081,"Georgia","Crisp County",5,1,237,115,122
050,13,081,"Georgia","Crisp County",5,2,239,124,115
050,13,081,"Georgia","Crisp County",5,3,215,110,105
050,13,081,"Georgia","Crisp County",5,4,218,113,105
050,13,081,"Georgia","Crisp County",5,5,243,120,123
050,13,081,"Georgia","Crisp County",5,6,253,125,128
050,13,081,"Georgia","Crisp County",5,7,268,130,138
050,13,081,"Georgia","Crisp County",5,8,265,123,142
050,13,081,"Georgia","Crisp County",5,9,243,116,127
050,13,081,"Georgia","Crisp County",5,10,254,126,128
050,13,081,"Georgia","Crisp County",5,11,229,108,121
050,13,081,"Georgia","Crisp County",5,12,259,123,136
050,13,081,"Georgia","Crisp County",5,13,254,128,126
050,13,081,"Georgia","Crisp County",5,14,295,160,135
050,13,081,"Georgia","Crisp County",5,15,312,170,142
050,13,081,"Georgia","Crisp County",5,16,303,164,139
050,13,081,"Georgia","Crisp County",5,17,266,126,140
050,13,081,"Georgia","Crisp County",5,18,256,127,129
050,13,081,"Georgia","Crisp County",5,19,209,94,115
050,13,081,"Georgia","Crisp County",5,20,202,108,94
050,13,081,"Georgia","Crisp County",5,21,224,121,103
050,13,081,"Georgia","Crisp County",5,22,226,120,106
050,13,081,"Georgia","Crisp County",5,23,221,106,115
050,13,081,"Georgia","Crisp County",5,24,254,122,132
050,13,081,"Georgia","Crisp County",5,25,216,105,111
050,13,081,"Georgia","Crisp County",5,26,224,111,113
050,13,081,"Georgia","Crisp County",5,27,200,95,105
050,13,081,"Georgia","Crisp County",5,28,233,102,131
050,13,081,"Georgia","Crisp County",5,29,239,108,131
050,13,081,"Georgia","Crisp County",5,30,268,133,135
050,13,081,"Georgia","Crisp County",5,31,227,109,118
050,13,081,"Georgia","Crisp County",5,32,254,109,145
050,13,081,"Georgia","Crisp County",5,33,222,102,120
050,13,081,"Georgia","Crisp County",5,34,244,105,139
050,13,081,"Georgia","Crisp County",5,35,226,102,124
050,13,081,"Georgia","Crisp County",5,36,200,91,109
050,13,081,"Georgia","Crisp County",5,37,219,115,104
050,13,081,"Georgia","Crisp County",5,38,205,112,93
050,13,081,"Georgia","Crisp County",5,39,234,124,110
050,13,081,"Georgia","Crisp County",5,40,269,128,141
050,13,081,"Georgia","Crisp County",5,41,248,120,128
050,13,081,"Georgia","Crisp County",5,42,241,113,128
050,13,081,"Georgia","Crisp County",5,43,231,115,116
050,13,081,"Georgia","Crisp County",5,44,197,86,111
050,13,081,"Georgia","Crisp County",5,45,230,105,125
050,13,081,"Georgia","Crisp County",5,46,203,87,116
050,13,081,"Georgia","Crisp County",5,47,198,84,114
050,13,081,"Georgia","Crisp County",5,48,218,104,114
050,13,081,"Georgia","Crisp County",5,49,221,87,134
050,13,081,"Georgia","Crisp County",5,50,219,93,126
050,13,081,"Georgia","Crisp County",5,51,233,111,122
050,13,081,"Georgia","Crisp County",5,52,223,112,111
050,13,081,"Georgia","Crisp County",5,53,257,130,127
050,13,081,"Georgia","Crisp County",5,54,245,124,121
050,13,081,"Georgia","Crisp County",5,55,247,111,136
050,13,081,"Georgia","Crisp County",5,56,244,113,131
050,13,081,"Georgia","Crisp County",5,57,233,114,119
050,13,081,"Georgia","Crisp County",5,58,238,105,133
050,13,081,"Georgia","Crisp County",5,59,255,122,133
050,13,081,"Georgia","Crisp County",5,60,279,136,143
050,13,081,"Georgia","Crisp County",5,61,287,150,137
050,13,081,"Georgia","Crisp County",5,62,308,152,156
050,13,081,"Georgia","Crisp County",5,63,287,139,148
050,13,081,"Georgia","Crisp County",5,64,252,116,136
050,13,081,"Georgia","Crisp County",5,65,237,107,130
050,13,081,"Georgia","Crisp County",5,66,255,119,136
050,13,081,"Georgia","Crisp County",5,67,246,120,126
050,13,081,"Georgia","Crisp County",5,68,262,128,134
050,13,081,"Georgia","Crisp County",5,69,251,115,136
050,13,081,"Georgia","Crisp County",5,70,238,109,129
050,13,081,"Georgia","Crisp County",5,71,219,95,124
050,13,081,"Georgia","Crisp County",5,72,208,89,119
050,13,081,"Georgia","Crisp County",5,73,220,100,120
050,13,081,"Georgia","Crisp County",5,74,201,96,105
050,13,081,"Georgia","Crisp County",5,75,199,98,101
050,13,081,"Georgia","Crisp County",5,76,198,100,98
050,13,081,"Georgia","Crisp County",5,77,143,69,74
050,13,081,"Georgia","Crisp County",5,78,130,59,71
050,13,081,"Georgia","Crisp County",5,79,119,52,67
050,13,081,"Georgia","Crisp County",5,80,111,47,64
050,13,081,"Georgia","Crisp County",5,81,95,43,52
050,13,081,"Georgia","Crisp County",5,82,84,38,46
050,13,081,"Georgia","Crisp County",5,83,78,31,47
050,13,081,"Georgia","Crisp County",5,84,71,26,45
050,13,081,"Georgia","Crisp County",5,85,408,137,271
050,13,083,"Georgia","Dade County",1,0,146,75,71
050,13,083,"Georgia","Dade County",1,1,151,81,70
050,13,083,"Georgia","Dade County",1,2,153,82,71
050,13,083,"Georgia","Dade County",1,3,174,88,86
050,13,083,"Georgia","Dade County",1,4,185,104,81
050,13,083,"Georgia","Dade County",1,5,159,91,68
050,13,083,"Georgia","Dade County",1,6,167,80,87
050,13,083,"Georgia","Dade County",1,7,193,91,102
050,13,083,"Georgia","Dade County",1,8,180,92,88
050,13,083,"Georgia","Dade County",1,9,169,82,87
050,13,083,"Georgia","Dade County",1,10,175,92,83
050,13,083,"Georgia","Dade County",1,11,192,99,93
050,13,083,"Georgia","Dade County",1,12,185,94,91
050,13,083,"Georgia","Dade County",1,13,190,94,96
050,13,083,"Georgia","Dade County",1,14,207,100,107
050,13,083,"Georgia","Dade County",1,15,184,93,91
050,13,083,"Georgia","Dade County",1,16,190,99,91
050,13,083,"Georgia","Dade County",1,17,185,96,89
050,13,083,"Georgia","Dade County",1,18,261,131,130
050,13,083,"Georgia","Dade County",1,19,321,152,169
050,13,083,"Georgia","Dade County",1,20,323,159,164
050,13,083,"Georgia","Dade County",1,21,283,144,139
050,13,083,"Georgia","Dade County",1,22,214,109,105
050,13,083,"Georgia","Dade County",1,23,164,92,72
050,13,083,"Georgia","Dade County",1,24,185,93,92
050,13,083,"Georgia","Dade County",1,25,188,87,101
050,13,083,"Georgia","Dade County",1,26,196,105,91
050,13,083,"Georgia","Dade County",1,27,177,98,79
050,13,083,"Georgia","Dade County",1,28,191,97,94
050,13,083,"Georgia","Dade County",1,29,205,95,110
050,13,083,"Georgia","Dade County",1,30,198,92,106
050,13,083,"Georgia","Dade County",1,31,179,88,91
050,13,083,"Georgia","Dade County",1,32,169,88,81
050,13,083,"Georgia","Dade County",1,33,170,85,85
050,13,083,"Georgia","Dade County",1,34,170,83,87
050,13,083,"Georgia","Dade County",1,35,202,100,102
050,13,083,"Georgia","Dade County",1,36,180,71,109
050,13,083,"Georgia","Dade County",1,37,185,93,92
050,13,083,"Georgia","Dade County",1,38,187,97,90
050,13,083,"Georgia","Dade County",1,39,186,84,102
050,13,083,"Georgia","Dade County",1,40,191,88,103
050,13,083,"Georgia","Dade County",1,41,161,87,74
050,13,083,"Georgia","Dade County",1,42,205,111,94
050,13,083,"Georgia","Dade County",1,43,202,113,89
050,13,083,"Georgia","Dade County",1,44,196,104,92
050,13,083,"Georgia","Dade County",1,45,187,100,87
050,13,083,"Georgia","Dade County",1,46,185,100,85
050,13,083,"Georgia","Dade County",1,47,194,108,86
050,13,083,"Georgia","Dade County",1,48,197,96,101
050,13,083,"Georgia","Dade County",1,49,200,101,99
050,13,083,"Georgia","Dade County",1,50,210,100,110
050,13,083,"Georgia","Dade County",1,51,209,103,106
050,13,083,"Georgia","Dade County",1,52,198,99,99
050,13,083,"Georgia","Dade County",1,53,202,104,98
050,13,083,"Georgia","Dade County",1,54,203,108,95
050,13,083,"Georgia","Dade County",1,55,222,115,107
050,13,083,"Georgia","Dade County",1,56,224,98,126
050,13,083,"Georgia","Dade County",1,57,221,99,122
050,13,083,"Georgia","Dade County",1,58,228,106,122
050,13,083,"Georgia","Dade County",1,59,233,119,114
050,13,083,"Georgia","Dade County",1,60,262,137,125
050,13,083,"Georgia","Dade County",1,61,263,120,143
050,13,083,"Georgia","Dade County",1,62,260,115,145
050,13,083,"Georgia","Dade County",1,63,215,110,105
050,13,083,"Georgia","Dade County",1,64,234,131,103
050,13,083,"Georgia","Dade County",1,65,258,135,123
050,13,083,"Georgia","Dade County",1,66,234,117,117
050,13,083,"Georgia","Dade County",1,67,197,94,103
050,13,083,"Georgia","Dade County",1,68,219,99,120
050,13,083,"Georgia","Dade County",1,69,214,99,115
050,13,083,"Georgia","Dade County",1,70,212,103,109
050,13,083,"Georgia","Dade County",1,71,185,86,99
050,13,083,"Georgia","Dade County",1,72,173,79,94
050,13,083,"Georgia","Dade County",1,73,180,78,102
050,13,083,"Georgia","Dade County",1,74,126,47,79
050,13,083,"Georgia","Dade County",1,75,119,49,70
050,13,083,"Georgia","Dade County",1,76,136,66,70
050,13,083,"Georgia","Dade County",1,77,132,67,65
050,13,083,"Georgia","Dade County",1,78,118,60,58
050,13,083,"Georgia","Dade County",1,79,102,50,52
050,13,083,"Georgia","Dade County",1,80,74,37,37
050,13,083,"Georgia","Dade County",1,81,84,31,53
050,13,083,"Georgia","Dade County",1,82,82,35,47
050,13,083,"Georgia","Dade County",1,83,56,25,31
050,13,083,"Georgia","Dade County",1,84,54,26,28
050,13,083,"Georgia","Dade County",1,85,273,111,162
050,13,083,"Georgia","Dade County",2,0,145,73,72
050,13,083,"Georgia","Dade County",2,1,148,78,70
050,13,083,"Georgia","Dade County",2,2,152,81,71
050,13,083,"Georgia","Dade County",2,3,172,88,84
050,13,083,"Georgia","Dade County",2,4,181,100,81
050,13,083,"Georgia","Dade County",2,5,167,95,72
050,13,083,"Georgia","Dade County",2,6,167,82,85
050,13,083,"Georgia","Dade County",2,7,189,89,100
050,13,083,"Georgia","Dade County",2,8,182,91,91
050,13,083,"Georgia","Dade County",2,9,172,86,86
050,13,083,"Georgia","Dade County",2,10,172,88,84
050,13,083,"Georgia","Dade County",2,11,186,97,89
050,13,083,"Georgia","Dade County",2,12,186,94,92
050,13,083,"Georgia","Dade County",2,13,188,93,95
050,13,083,"Georgia","Dade County",2,14,203,99,104
050,13,083,"Georgia","Dade County",2,15,190,96,94
050,13,083,"Georgia","Dade County",2,16,191,99,92
050,13,083,"Georgia","Dade County",2,17,189,99,90
050,13,083,"Georgia","Dade County",2,18,256,129,127
050,13,083,"Georgia","Dade County",2,19,325,152,173
050,13,083,"Georgia","Dade County",2,20,323,159,164
050,13,083,"Georgia","Dade County",2,21,283,146,137
050,13,083,"Georgia","Dade County",2,22,213,108,105
050,13,083,"Georgia","Dade County",2,23,165,92,73
050,13,083,"Georgia","Dade County",2,24,176,92,84
050,13,083,"Georgia","Dade County",2,25,183,86,97
050,13,083,"Georgia","Dade County",2,26,195,101,94
050,13,083,"Georgia","Dade County",2,27,181,99,82
050,13,083,"Georgia","Dade County",2,28,189,98,91
050,13,083,"Georgia","Dade County",2,29,203,96,107
050,13,083,"Georgia","Dade County",2,30,202,96,106
050,13,083,"Georgia","Dade County",2,31,183,89,94
050,13,083,"Georgia","Dade County",2,32,172,88,84
050,13,083,"Georgia","Dade County",2,33,169,87,82
050,13,083,"Georgia","Dade County",2,34,173,85,88
050,13,083,"Georgia","Dade County",2,35,194,94,100
050,13,083,"Georgia","Dade County",2,36,185,77,108
050,13,083,"Georgia","Dade County",2,37,183,88,95
050,13,083,"Georgia","Dade County",2,38,189,96,93
050,13,083,"Georgia","Dade County",2,39,187,87,100
050,13,083,"Georgia","Dade County",2,40,190,88,102
050,13,083,"Georgia","Dade County",2,41,166,87,79
050,13,083,"Georgia","Dade County",2,42,192,103,89
050,13,083,"Georgia","Dade County",2,43,205,115,90
050,13,083,"Georgia","Dade County",2,44,195,105,90
050,13,083,"Georgia","Dade County",2,45,190,103,87
050,13,083,"Georgia","Dade County",2,46,182,99,83
050,13,083,"Georgia","Dade County",2,47,189,102,87
050,13,083,"Georgia","Dade County",2,48,196,99,97
050,13,083,"Georgia","Dade County",2,49,200,100,100
050,13,083,"Georgia","Dade County",2,50,208,100,108
050,13,083,"Georgia","Dade County",2,51,210,103,107
050,13,083,"Georgia","Dade County",2,52,201,100,101
050,13,083,"Georgia","Dade County",2,53,201,102,99
050,13,083,"Georgia","Dade County",2,54,201,107,94
050,13,083,"Georgia","Dade County",2,55,219,113,106
050,13,083,"Georgia","Dade County",2,56,223,101,122
050,13,083,"Georgia","Dade County",2,57,220,98,122
050,13,083,"Georgia","Dade County",2,58,228,104,124
050,13,083,"Georgia","Dade County",2,59,233,117,116
050,13,083,"Georgia","Dade County",2,60,254,132,122
050,13,083,"Georgia","Dade County",2,61,262,123,139
050,13,083,"Georgia","Dade County",2,62,259,115,144
050,13,083,"Georgia","Dade County",2,63,229,113,116
050,13,083,"Georgia","Dade County",2,64,227,126,101
050,13,083,"Georgia","Dade County",2,65,250,133,117
050,13,083,"Georgia","Dade County",2,66,239,121,118
050,13,083,"Georgia","Dade County",2,67,204,99,105
050,13,083,"Georgia","Dade County",2,68,213,97,116
050,13,083,"Georgia","Dade County",2,69,219,100,119
050,13,083,"Georgia","Dade County",2,70,212,100,112
050,13,083,"Georgia","Dade County",2,71,191,91,100
050,13,083,"Georgia","Dade County",2,72,173,80,93
050,13,083,"Georgia","Dade County",2,73,189,84,105
050,13,083,"Georgia","Dade County",2,74,131,52,79
050,13,083,"Georgia","Dade County",2,75,119,48,71
050,13,083,"Georgia","Dade County",2,76,128,58,70
050,13,083,"Georgia","Dade County",2,77,134,66,68
050,13,083,"Georgia","Dade County",2,78,117,59,58
050,13,083,"Georgia","Dade County",2,79,101,50,51
050,13,083,"Georgia","Dade County",2,80,80,40,40
050,13,083,"Georgia","Dade County",2,81,79,32,47
050,13,083,"Georgia","Dade County",2,82,81,34,47
050,13,083,"Georgia","Dade County",2,83,63,28,35
050,13,083,"Georgia","Dade County",2,84,51,25,26
050,13,083,"Georgia","Dade County",2,85,276,113,163
050,13,083,"Georgia","Dade County",3,0,138,71,67
050,13,083,"Georgia","Dade County",3,1,149,77,72
050,13,083,"Georgia","Dade County",3,2,142,77,65
050,13,083,"Georgia","Dade County",3,3,154,77,77
050,13,083,"Georgia","Dade County",3,4,175,88,87
050,13,083,"Georgia","Dade County",3,5,180,100,80
050,13,083,"Georgia","Dade County",3,6,173,98,75
050,13,083,"Georgia","Dade County",3,7,177,87,90
050,13,083,"Georgia","Dade County",3,8,185,88,97
050,13,083,"Georgia","Dade County",3,9,187,94,93
050,13,083,"Georgia","Dade County",3,10,171,87,84
050,13,083,"Georgia","Dade County",3,11,178,86,92
050,13,083,"Georgia","Dade County",3,12,197,104,93
050,13,083,"Georgia","Dade County",3,13,186,100,86
050,13,083,"Georgia","Dade County",3,14,190,94,96
050,13,083,"Georgia","Dade County",3,15,206,102,104
050,13,083,"Georgia","Dade County",3,16,187,93,94
050,13,083,"Georgia","Dade County",3,17,203,107,96
050,13,083,"Georgia","Dade County",3,18,237,123,114
050,13,083,"Georgia","Dade County",3,19,301,133,168
050,13,083,"Georgia","Dade County",3,20,296,142,154
050,13,083,"Georgia","Dade County",3,21,261,138,123
050,13,083,"Georgia","Dade County",3,22,224,110,114
050,13,083,"Georgia","Dade County",3,23,162,83,79
050,13,083,"Georgia","Dade County",3,24,159,84,75
050,13,083,"Georgia","Dade County",3,25,171,90,81
050,13,083,"Georgia","Dade County",3,26,195,93,102
050,13,083,"Georgia","Dade County",3,27,200,108,92
050,13,083,"Georgia","Dade County",3,28,191,105,86
050,13,083,"Georgia","Dade County",3,29,196,103,93
050,13,083,"Georgia","Dade County",3,30,194,96,98
050,13,083,"Georgia","Dade County",3,31,199,94,105
050,13,083,"Georgia","Dade County",3,32,192,94,98
050,13,083,"Georgia","Dade County",3,33,190,98,92
050,13,083,"Georgia","Dade County",3,34,171,86,85
050,13,083,"Georgia","Dade County",3,35,184,95,89
050,13,083,"Georgia","Dade County",3,36,205,99,106
050,13,083,"Georgia","Dade County",3,37,186,77,109
050,13,083,"Georgia","Dade County",3,38,186,95,91
050,13,083,"Georgia","Dade County",3,39,184,94,90
050,13,083,"Georgia","Dade County",3,40,198,94,104
050,13,083,"Georgia","Dade County",3,41,187,89,98
050,13,083,"Georgia","Dade County",3,42,166,87,79
050,13,083,"Georgia","Dade County",3,43,190,98,92
050,13,083,"Georgia","Dade County",3,44,208,115,93
050,13,083,"Georgia","Dade County",3,45,194,101,93
050,13,083,"Georgia","Dade County",3,46,192,103,89
050,13,083,"Georgia","Dade County",3,47,192,105,87
050,13,083,"Georgia","Dade County",3,48,183,100,83
050,13,083,"Georgia","Dade County",3,49,192,96,96
050,13,083,"Georgia","Dade County",3,50,194,97,97
050,13,083,"Georgia","Dade County",3,51,203,99,104
050,13,083,"Georgia","Dade County",3,52,211,102,109
050,13,083,"Georgia","Dade County",3,53,207,104,103
050,13,083,"Georgia","Dade County",3,54,194,105,89
050,13,083,"Georgia","Dade County",3,55,200,105,95
050,13,083,"Georgia","Dade County",3,56,207,105,102
050,13,083,"Georgia","Dade County",3,57,228,103,125
050,13,083,"Georgia","Dade County",3,58,216,93,123
050,13,083,"Georgia","Dade County",3,59,224,100,124
050,13,083,"Georgia","Dade County",3,60,229,116,113
050,13,083,"Georgia","Dade County",3,61,251,128,123
050,13,083,"Georgia","Dade County",3,62,261,118,143
050,13,083,"Georgia","Dade County",3,63,269,119,150
050,13,083,"Georgia","Dade County",3,64,230,113,117
050,13,083,"Georgia","Dade County",3,65,228,125,103
050,13,083,"Georgia","Dade County",3,66,257,135,122
050,13,083,"Georgia","Dade County",3,67,237,115,122
050,13,083,"Georgia","Dade County",3,68,208,101,107
050,13,083,"Georgia","Dade County",3,69,211,97,114
050,13,083,"Georgia","Dade County",3,70,221,101,120
050,13,083,"Georgia","Dade County",3,71,204,97,107
050,13,083,"Georgia","Dade County",3,72,183,81,102
050,13,083,"Georgia","Dade County",3,73,170,77,93
050,13,083,"Georgia","Dade County",3,74,186,82,104
050,13,083,"Georgia","Dade County",3,75,125,51,74
050,13,083,"Georgia","Dade County",3,76,111,45,66
050,13,083,"Georgia","Dade County",3,77,113,49,64
050,13,083,"Georgia","Dade County",3,78,126,62,64
050,13,083,"Georgia","Dade County",3,79,111,54,57
050,13,083,"Georgia","Dade County",3,80,100,52,48
050,13,083,"Georgia","Dade County",3,81,67,34,33
050,13,083,"Georgia","Dade County",3,82,78,31,47
050,13,083,"Georgia","Dade County",3,83,72,29,43
050,13,083,"Georgia","Dade County",3,84,55,26,29
050,13,083,"Georgia","Dade County",3,85,270,122,148
050,13,083,"Georgia","Dade County",4,0,151,77,74
050,13,083,"Georgia","Dade County",4,1,128,76,52
050,13,083,"Georgia","Dade County",4,2,158,85,73
050,13,083,"Georgia","Dade County",4,3,152,82,70
050,13,083,"Georgia","Dade County",4,4,160,81,79
050,13,083,"Georgia","Dade County",4,5,171,85,86
050,13,083,"Georgia","Dade County",4,6,177,96,81
050,13,083,"Georgia","Dade County",4,7,163,92,71
050,13,083,"Georgia","Dade County",4,8,175,89,86
050,13,083,"Georgia","Dade County",4,9,177,81,96
050,13,083,"Georgia","Dade County",4,10,196,107,89
050,13,083,"Georgia","Dade County",4,11,165,88,77
050,13,083,"Georgia","Dade County",4,12,181,90,91
050,13,083,"Georgia","Dade County",4,13,188,98,90
050,13,083,"Georgia","Dade County",4,14,184,96,88
050,13,083,"Georgia","Dade County",4,15,192,94,98
050,13,083,"Georgia","Dade County",4,16,202,97,105
050,13,083,"Georgia","Dade County",4,17,189,95,94
050,13,083,"Georgia","Dade County",4,18,235,122,113
050,13,083,"Georgia","Dade County",4,19,273,129,144
050,13,083,"Georgia","Dade County",4,20,274,126,148
050,13,083,"Georgia","Dade County",4,21,256,135,121
050,13,083,"Georgia","Dade County",4,22,210,109,101
050,13,083,"Georgia","Dade County",4,23,175,92,83
050,13,083,"Georgia","Dade County",4,24,150,83,67
050,13,083,"Georgia","Dade County",4,25,137,67,70
050,13,083,"Georgia","Dade County",4,26,160,85,75
050,13,083,"Georgia","Dade County",4,27,195,98,97
050,13,083,"Georgia","Dade County",4,28,193,98,95
050,13,083,"Georgia","Dade County",4,29,189,103,86
050,13,083,"Georgia","Dade County",4,30,203,107,96
050,13,083,"Georgia","Dade County",4,31,198,97,101
050,13,083,"Georgia","Dade County",4,32,205,98,107
050,13,083,"Georgia","Dade County",4,33,190,95,95
050,13,083,"Georgia","Dade County",4,34,183,95,88
050,13,083,"Georgia","Dade County",4,35,175,91,84
050,13,083,"Georgia","Dade County",4,36,184,92,92
050,13,083,"Georgia","Dade County",4,37,194,91,103
050,13,083,"Georgia","Dade County",4,38,196,83,113
050,13,083,"Georgia","Dade County",4,39,187,100,87
050,13,083,"Georgia","Dade County",4,40,182,99,83
050,13,083,"Georgia","Dade County",4,41,192,94,98
050,13,083,"Georgia","Dade County",4,42,191,89,102
050,13,083,"Georgia","Dade County",4,43,168,86,82
050,13,083,"Georgia","Dade County",4,44,194,101,93
050,13,083,"Georgia","Dade County",4,45,209,114,95
050,13,083,"Georgia","Dade County",4,46,190,100,90
050,13,083,"Georgia","Dade County",4,47,192,102,90
050,13,083,"Georgia","Dade County",4,48,191,103,88
050,13,083,"Georgia","Dade County",4,49,182,99,83
050,13,083,"Georgia","Dade County",4,50,196,100,96
050,13,083,"Georgia","Dade County",4,51,193,95,98
050,13,083,"Georgia","Dade County",4,52,206,100,106
050,13,083,"Georgia","Dade County",4,53,219,108,111
050,13,083,"Georgia","Dade County",4,54,212,110,102
050,13,083,"Georgia","Dade County",4,55,196,104,92
050,13,083,"Georgia","Dade County",4,56,202,104,98
050,13,083,"Georgia","Dade County",4,57,205,105,100
050,13,083,"Georgia","Dade County",4,58,218,99,119
050,13,083,"Georgia","Dade County",4,59,223,96,127
050,13,083,"Georgia","Dade County",4,60,217,98,119
050,13,083,"Georgia","Dade County",4,61,236,120,116
050,13,083,"Georgia","Dade County",4,62,253,128,125
050,13,083,"Georgia","Dade County",4,63,280,134,146
050,13,083,"Georgia","Dade County",4,64,268,117,151
050,13,083,"Georgia","Dade County",4,65,231,111,120
050,13,083,"Georgia","Dade County",4,66,220,122,98
050,13,083,"Georgia","Dade County",4,67,252,132,120
050,13,083,"Georgia","Dade County",4,68,232,113,119
050,13,083,"Georgia","Dade County",4,69,204,96,108
050,13,083,"Georgia","Dade County",4,70,210,92,118
050,13,083,"Georgia","Dade County",4,71,220,101,119
050,13,083,"Georgia","Dade County",4,72,202,95,107
050,13,083,"Georgia","Dade County",4,73,184,79,105
050,13,083,"Georgia","Dade County",4,74,164,72,92
050,13,083,"Georgia","Dade County",4,75,169,74,95
050,13,083,"Georgia","Dade County",4,76,116,46,70
050,13,083,"Georgia","Dade County",4,77,107,44,63
050,13,083,"Georgia","Dade County",4,78,107,44,63
050,13,083,"Georgia","Dade County",4,79,116,59,57
050,13,083,"Georgia","Dade County",4,80,109,55,54
050,13,083,"Georgia","Dade County",4,81,86,46,40
050,13,083,"Georgia","Dade County",4,82,64,33,31
050,13,083,"Georgia","Dade County",4,83,66,23,43
050,13,083,"Georgia","Dade County",4,84,62,26,36
050,13,083,"Georgia","Dade County",4,85,283,132,151
050,13,083,"Georgia","Dade County",5,0,126,69,57
050,13,083,"Georgia","Dade County",5,1,140,72,68
050,13,083,"Georgia","Dade County",5,2,145,83,62
050,13,083,"Georgia","Dade County",5,3,157,85,72
050,13,083,"Georgia","Dade County",5,4,162,85,77
050,13,083,"Georgia","Dade County",5,5,167,86,81
050,13,083,"Georgia","Dade County",5,6,182,90,92
050,13,083,"Georgia","Dade County",5,7,186,97,89
050,13,083,"Georgia","Dade County",5,8,172,98,74
050,13,083,"Georgia","Dade County",5,9,180,94,86
050,13,083,"Georgia","Dade County",5,10,183,86,97
050,13,083,"Georgia","Dade County",5,11,199,107,92
050,13,083,"Georgia","Dade County",5,12,170,95,75
050,13,083,"Georgia","Dade County",5,13,186,91,95
050,13,083,"Georgia","Dade County",5,14,191,102,89
050,13,083,"Georgia","Dade County",5,15,189,100,89
050,13,083,"Georgia","Dade County",5,16,204,96,108
050,13,083,"Georgia","Dade County",5,17,209,100,109
050,13,083,"Georgia","Dade County",5,18,215,115,100
050,13,083,"Georgia","Dade County",5,19,258,122,136
050,13,083,"Georgia","Dade County",5,20,260,127,133
050,13,083,"Georgia","Dade County",5,21,247,122,125
050,13,083,"Georgia","Dade County",5,22,215,109,106
050,13,083,"Georgia","Dade County",5,23,167,88,79
050,13,083,"Georgia","Dade County",5,24,165,82,83
050,13,083,"Georgia","Dade County",5,25,153,82,71
050,13,083,"Georgia","Dade County",5,26,145,65,80
050,13,083,"Georgia","Dade County",5,27,169,92,77
050,13,083,"Georgia","Dade County",5,28,201,96,105
050,13,083,"Georgia","Dade County",5,29,200,96,104
050,13,083,"Georgia","Dade County",5,30,187,109,78
050,13,083,"Georgia","Dade County",5,31,209,108,101
050,13,083,"Georgia","Dade County",5,32,208,97,111
050,13,083,"Georgia","Dade County",5,33,206,99,107
050,13,083,"Georgia","Dade County",5,34,189,88,101
050,13,083,"Georgia","Dade County",5,35,186,98,88
050,13,083,"Georgia","Dade County",5,36,169,90,79
050,13,083,"Georgia","Dade County",5,37,190,97,93
050,13,083,"Georgia","Dade County",5,38,200,91,109
050,13,083,"Georgia","Dade County",5,39,199,82,117
050,13,083,"Georgia","Dade County",5,40,194,104,90
050,13,083,"Georgia","Dade County",5,41,207,115,92
050,13,083,"Georgia","Dade County",5,42,198,98,100
050,13,083,"Georgia","Dade County",5,43,192,91,101
050,13,083,"Georgia","Dade County",5,44,181,96,85
050,13,083,"Georgia","Dade County",5,45,201,105,96
050,13,083,"Georgia","Dade County",5,46,207,112,95
050,13,083,"Georgia","Dade County",5,47,202,105,97
050,13,083,"Georgia","Dade County",5,48,191,103,88
050,13,083,"Georgia","Dade County",5,49,197,104,93
050,13,083,"Georgia","Dade County",5,50,187,103,84
050,13,083,"Georgia","Dade County",5,51,197,104,93
050,13,083,"Georgia","Dade County",5,52,186,93,93
050,13,083,"Georgia","Dade County",5,53,202,99,103
050,13,083,"Georgia","Dade County",5,54,222,111,111
050,13,083,"Georgia","Dade County",5,55,206,107,99
050,13,083,"Georgia","Dade County",5,56,205,114,91
050,13,083,"Georgia","Dade County",5,57,205,106,99
050,13,083,"Georgia","Dade County",5,58,202,108,94
050,13,083,"Georgia","Dade County",5,59,223,97,126
050,13,083,"Georgia","Dade County",5,60,222,93,129
050,13,083,"Georgia","Dade County",5,61,216,98,118
050,13,083,"Georgia","Dade County",5,62,227,112,115
050,13,083,"Georgia","Dade County",5,63,244,125,119
050,13,083,"Georgia","Dade County",5,64,275,131,144
050,13,083,"Georgia","Dade County",5,65,272,120,152
050,13,083,"Georgia","Dade County",5,66,229,110,119
050,13,083,"Georgia","Dade County",5,67,214,118,96
050,13,083,"Georgia","Dade County",5,68,240,125,115
050,13,083,"Georgia","Dade County",5,69,225,111,114
050,13,083,"Georgia","Dade County",5,70,200,94,106
050,13,083,"Georgia","Dade County",5,71,206,92,114
050,13,083,"Georgia","Dade County",5,72,212,96,116
050,13,083,"Georgia","Dade County",5,73,199,91,108
050,13,083,"Georgia","Dade County",5,74,179,76,103
050,13,083,"Georgia","Dade County",5,75,151,64,87
050,13,083,"Georgia","Dade County",5,76,163,70,93
050,13,083,"Georgia","Dade County",5,77,100,37,63
050,13,083,"Georgia","Dade County",5,78,104,41,63
050,13,083,"Georgia","Dade County",5,79,97,41,56
050,13,083,"Georgia","Dade County",5,80,111,55,56
050,13,083,"Georgia","Dade County",5,81,97,50,47
050,13,083,"Georgia","Dade County",5,82,85,44,41
050,13,083,"Georgia","Dade County",5,83,54,27,27
050,13,083,"Georgia","Dade County",5,84,55,18,37
050,13,083,"Georgia","Dade County",5,85,297,145,152
050,13,085,"Georgia","Dawson County",1,0,294,153,141
050,13,085,"Georgia","Dawson County",1,1,287,153,134
050,13,085,"Georgia","Dawson County",1,2,287,144,143
050,13,085,"Georgia","Dawson County",1,3,298,155,143
050,13,085,"Georgia","Dawson County",1,4,269,134,135
050,13,085,"Georgia","Dawson County",1,5,270,138,132
050,13,085,"Georgia","Dawson County",1,6,324,159,165
050,13,085,"Georgia","Dawson County",1,7,279,151,128
050,13,085,"Georgia","Dawson County",1,8,261,132,129
050,13,085,"Georgia","Dawson County",1,9,267,134,133
050,13,085,"Georgia","Dawson County",1,10,311,157,154
050,13,085,"Georgia","Dawson County",1,11,315,167,148
050,13,085,"Georgia","Dawson County",1,12,346,173,173
050,13,085,"Georgia","Dawson County",1,13,344,185,159
050,13,085,"Georgia","Dawson County",1,14,311,154,157
050,13,085,"Georgia","Dawson County",1,15,325,172,153
050,13,085,"Georgia","Dawson County",1,16,345,174,171
050,13,085,"Georgia","Dawson County",1,17,329,153,176
050,13,085,"Georgia","Dawson County",1,18,293,159,134
050,13,085,"Georgia","Dawson County",1,19,247,142,105
050,13,085,"Georgia","Dawson County",1,20,255,134,121
050,13,085,"Georgia","Dawson County",1,21,281,151,130
050,13,085,"Georgia","Dawson County",1,22,327,165,162
050,13,085,"Georgia","Dawson County",1,23,332,175,157
050,13,085,"Georgia","Dawson County",1,24,331,171,160
050,13,085,"Georgia","Dawson County",1,25,313,156,157
050,13,085,"Georgia","Dawson County",1,26,322,163,159
050,13,085,"Georgia","Dawson County",1,27,339,172,167
050,13,085,"Georgia","Dawson County",1,28,338,178,160
050,13,085,"Georgia","Dawson County",1,29,351,172,179
050,13,085,"Georgia","Dawson County",1,30,356,169,187
050,13,085,"Georgia","Dawson County",1,31,316,154,162
050,13,085,"Georgia","Dawson County",1,32,336,170,166
050,13,085,"Georgia","Dawson County",1,33,321,159,162
050,13,085,"Georgia","Dawson County",1,34,328,166,162
050,13,085,"Georgia","Dawson County",1,35,300,155,145
050,13,085,"Georgia","Dawson County",1,36,318,163,155
050,13,085,"Georgia","Dawson County",1,37,301,147,154
050,13,085,"Georgia","Dawson County",1,38,277,128,149
050,13,085,"Georgia","Dawson County",1,39,322,162,160
050,13,085,"Georgia","Dawson County",1,40,305,146,159
050,13,085,"Georgia","Dawson County",1,41,302,145,157
050,13,085,"Georgia","Dawson County",1,42,303,138,165
050,13,085,"Georgia","Dawson County",1,43,288,158,130
050,13,085,"Georgia","Dawson County",1,44,343,195,148
050,13,085,"Georgia","Dawson County",1,45,324,172,152
050,13,085,"Georgia","Dawson County",1,46,310,156,154
050,13,085,"Georgia","Dawson County",1,47,314,154,160
050,13,085,"Georgia","Dawson County",1,48,374,214,160
050,13,085,"Georgia","Dawson County",1,49,408,226,182
050,13,085,"Georgia","Dawson County",1,50,375,175,200
050,13,085,"Georgia","Dawson County",1,51,357,186,171
050,13,085,"Georgia","Dawson County",1,52,351,180,171
050,13,085,"Georgia","Dawson County",1,53,389,191,198
050,13,085,"Georgia","Dawson County",1,54,378,185,193
050,13,085,"Georgia","Dawson County",1,55,430,201,229
050,13,085,"Georgia","Dawson County",1,56,412,205,207
050,13,085,"Georgia","Dawson County",1,57,428,223,205
050,13,085,"Georgia","Dawson County",1,58,407,196,211
050,13,085,"Georgia","Dawson County",1,59,392,188,204
050,13,085,"Georgia","Dawson County",1,60,352,162,190
050,13,085,"Georgia","Dawson County",1,61,376,182,194
050,13,085,"Georgia","Dawson County",1,62,408,198,210
050,13,085,"Georgia","Dawson County",1,63,372,181,191
050,13,085,"Georgia","Dawson County",1,64,388,181,207
050,13,085,"Georgia","Dawson County",1,65,369,171,198
050,13,085,"Georgia","Dawson County",1,66,345,155,190
050,13,085,"Georgia","Dawson County",1,67,346,174,172
050,13,085,"Georgia","Dawson County",1,68,345,164,181
050,13,085,"Georgia","Dawson County",1,69,344,153,191
050,13,085,"Georgia","Dawson County",1,70,336,155,181
050,13,085,"Georgia","Dawson County",1,71,354,171,183
050,13,085,"Georgia","Dawson County",1,72,347,179,168
050,13,085,"Georgia","Dawson County",1,73,359,176,183
050,13,085,"Georgia","Dawson County",1,74,242,121,121
050,13,085,"Georgia","Dawson County",1,75,239,124,115
050,13,085,"Georgia","Dawson County",1,76,254,116,138
050,13,085,"Georgia","Dawson County",1,77,232,105,127
050,13,085,"Georgia","Dawson County",1,78,199,99,100
050,13,085,"Georgia","Dawson County",1,79,162,82,80
050,13,085,"Georgia","Dawson County",1,80,137,69,68
050,13,085,"Georgia","Dawson County",1,81,128,64,64
050,13,085,"Georgia","Dawson County",1,82,123,62,61
050,13,085,"Georgia","Dawson County",1,83,88,42,46
050,13,085,"Georgia","Dawson County",1,84,75,29,46
050,13,085,"Georgia","Dawson County",1,85,320,141,179
050,13,085,"Georgia","Dawson County",2,0,289,149,140
050,13,085,"Georgia","Dawson County",2,1,292,153,139
050,13,085,"Georgia","Dawson County",2,2,294,150,144
050,13,085,"Georgia","Dawson County",2,3,300,157,143
050,13,085,"Georgia","Dawson County",2,4,284,145,139
050,13,085,"Georgia","Dawson County",2,5,274,141,133
050,13,085,"Georgia","Dawson County",2,6,313,155,158
050,13,085,"Georgia","Dawson County",2,7,290,152,138
050,13,085,"Georgia","Dawson County",2,8,268,139,129
050,13,085,"Georgia","Dawson County",2,9,271,135,136
050,13,085,"Georgia","Dawson County",2,10,299,151,148
050,13,085,"Georgia","Dawson County",2,11,315,164,151
050,13,085,"Georgia","Dawson County",2,12,341,175,166
050,13,085,"Georgia","Dawson County",2,13,347,183,164
050,13,085,"Georgia","Dawson County",2,14,319,163,156
050,13,085,"Georgia","Dawson County",2,15,323,168,155
050,13,085,"Georgia","Dawson County",2,16,342,174,168
050,13,085,"Georgia","Dawson County",2,17,337,159,178
050,13,085,"Georgia","Dawson County",2,18,288,151,137
050,13,085,"Georgia","Dawson County",2,19,247,139,108
050,13,085,"Georgia","Dawson County",2,20,263,142,121
050,13,085,"Georgia","Dawson County",2,21,287,154,133
050,13,085,"Georgia","Dawson County",2,22,320,165,155
050,13,085,"Georgia","Dawson County",2,23,336,175,161
050,13,085,"Georgia","Dawson County",2,24,335,174,161
050,13,085,"Georgia","Dawson County",2,25,321,161,160
050,13,085,"Georgia","Dawson County",2,26,326,165,161
050,13,085,"Georgia","Dawson County",2,27,336,170,166
050,13,085,"Georgia","Dawson County",2,28,343,178,165
050,13,085,"Georgia","Dawson County",2,29,354,176,178
050,13,085,"Georgia","Dawson County",2,30,363,175,188
050,13,085,"Georgia","Dawson County",2,31,330,162,168
050,13,085,"Georgia","Dawson County",2,32,335,168,167
050,13,085,"Georgia","Dawson County",2,33,326,162,164
050,13,085,"Georgia","Dawson County",2,34,331,166,165
050,13,085,"Georgia","Dawson County",2,35,316,164,152
050,13,085,"Georgia","Dawson County",2,36,316,162,154
050,13,085,"Georgia","Dawson County",2,37,309,151,158
050,13,085,"Georgia","Dawson County",2,38,290,136,154
050,13,085,"Georgia","Dawson County",2,39,314,156,158
050,13,085,"Georgia","Dawson County",2,40,311,151,160
050,13,085,"Georgia","Dawson County",2,41,301,144,157
050,13,085,"Georgia","Dawson County",2,42,303,141,162
050,13,085,"Georgia","Dawson County",2,43,296,157,139
050,13,085,"Georgia","Dawson County",2,44,331,187,144
050,13,085,"Georgia","Dawson County",2,45,334,179,155
050,13,085,"Georgia","Dawson County",2,46,313,159,154
050,13,085,"Georgia","Dawson County",2,47,312,155,157
050,13,085,"Georgia","Dawson County",2,48,363,202,161
050,13,085,"Georgia","Dawson County",2,49,407,227,180
050,13,085,"Georgia","Dawson County",2,50,384,189,195
050,13,085,"Georgia","Dawson County",2,51,363,184,179
050,13,085,"Georgia","Dawson County",2,52,360,184,176
050,13,085,"Georgia","Dawson County",2,53,382,190,192
050,13,085,"Georgia","Dawson County",2,54,382,186,196
050,13,085,"Georgia","Dawson County",2,55,418,197,221
050,13,085,"Georgia","Dawson County",2,56,421,207,214
050,13,085,"Georgia","Dawson County",2,57,427,218,209
050,13,085,"Georgia","Dawson County",2,58,415,205,210
050,13,085,"Georgia","Dawson County",2,59,402,194,208
050,13,085,"Georgia","Dawson County",2,60,364,169,195
050,13,085,"Georgia","Dawson County",2,61,374,178,196
050,13,085,"Georgia","Dawson County",2,62,402,194,208
050,13,085,"Georgia","Dawson County",2,63,393,191,202
050,13,085,"Georgia","Dawson County",2,64,389,182,207
050,13,085,"Georgia","Dawson County",2,65,376,175,201
050,13,085,"Georgia","Dawson County",2,66,353,160,193
050,13,085,"Georgia","Dawson County",2,67,348,171,177
050,13,085,"Georgia","Dawson County",2,68,347,166,181
050,13,085,"Georgia","Dawson County",2,69,346,156,190
050,13,085,"Georgia","Dawson County",2,70,340,155,185
050,13,085,"Georgia","Dawson County",2,71,352,169,183
050,13,085,"Georgia","Dawson County",2,72,344,175,169
050,13,085,"Georgia","Dawson County",2,73,377,187,190
050,13,085,"Georgia","Dawson County",2,74,249,124,125
050,13,085,"Georgia","Dawson County",2,75,241,123,118
050,13,085,"Georgia","Dawson County",2,76,247,117,130
050,13,085,"Georgia","Dawson County",2,77,243,112,131
050,13,085,"Georgia","Dawson County",2,78,202,99,103
050,13,085,"Georgia","Dawson County",2,79,169,84,85
050,13,085,"Georgia","Dawson County",2,80,141,73,68
050,13,085,"Georgia","Dawson County",2,81,127,64,63
050,13,085,"Georgia","Dawson County",2,82,124,62,62
050,13,085,"Georgia","Dawson County",2,83,96,47,49
050,13,085,"Georgia","Dawson County",2,84,77,32,45
050,13,085,"Georgia","Dawson County",2,85,329,145,184
050,13,085,"Georgia","Dawson County",3,0,311,162,149
050,13,085,"Georgia","Dawson County",3,1,294,149,145
050,13,085,"Georgia","Dawson County",3,2,307,161,146
050,13,085,"Georgia","Dawson County",3,3,319,159,160
050,13,085,"Georgia","Dawson County",3,4,316,159,157
050,13,085,"Georgia","Dawson County",3,5,302,146,156
050,13,085,"Georgia","Dawson County",3,6,299,148,151
050,13,085,"Georgia","Dawson County",3,7,315,168,147
050,13,085,"Georgia","Dawson County",3,8,306,156,150
050,13,085,"Georgia","Dawson County",3,9,284,150,134
050,13,085,"Georgia","Dawson County",3,10,290,147,143
050,13,085,"Georgia","Dawson County",3,11,335,162,173
050,13,085,"Georgia","Dawson County",3,12,330,172,158
050,13,085,"Georgia","Dawson County",3,13,367,191,176
050,13,085,"Georgia","Dawson County",3,14,363,188,175
050,13,085,"Georgia","Dawson County",3,15,332,173,159
050,13,085,"Georgia","Dawson County",3,16,352,182,170
050,13,085,"Georgia","Dawson County",3,17,352,187,165
050,13,085,"Georgia","Dawson County",3,18,308,152,156
050,13,085,"Georgia","Dawson County",3,19,259,134,125
050,13,085,"Georgia","Dawson County",3,20,293,157,136
050,13,085,"Georgia","Dawson County",3,21,300,154,146
050,13,085,"Georgia","Dawson County",3,22,305,162,143
050,13,085,"Georgia","Dawson County",3,23,336,172,164
050,13,085,"Georgia","Dawson County",3,24,368,190,178
050,13,085,"Georgia","Dawson County",3,25,374,187,187
050,13,085,"Georgia","Dawson County",3,26,340,175,165
050,13,085,"Georgia","Dawson County",3,27,351,172,179
050,13,085,"Georgia","Dawson County",3,28,361,184,177
050,13,085,"Georgia","Dawson County",3,29,365,184,181
050,13,085,"Georgia","Dawson County",3,30,379,188,191
050,13,085,"Georgia","Dawson County",3,31,398,192,206
050,13,085,"Georgia","Dawson County",3,32,367,186,181
050,13,085,"Georgia","Dawson County",3,33,365,182,183
050,13,085,"Georgia","Dawson County",3,34,357,175,182
050,13,085,"Georgia","Dawson County",3,35,360,176,184
050,13,085,"Georgia","Dawson County",3,36,345,182,163
050,13,085,"Georgia","Dawson County",3,37,330,167,163
050,13,085,"Georgia","Dawson County",3,38,325,156,169
050,13,085,"Georgia","Dawson County",3,39,304,149,155
050,13,085,"Georgia","Dawson County",3,40,330,167,163
050,13,085,"Georgia","Dawson County",3,41,320,157,163
050,13,085,"Georgia","Dawson County",3,42,321,159,162
050,13,085,"Georgia","Dawson County",3,43,310,141,169
050,13,085,"Georgia","Dawson County",3,44,322,183,139
050,13,085,"Georgia","Dawson County",3,45,353,195,158
050,13,085,"Georgia","Dawson County",3,46,351,191,160
050,13,085,"Georgia","Dawson County",3,47,317,158,159
050,13,085,"Georgia","Dawson County",3,48,312,159,153
050,13,085,"Georgia","Dawson County",3,49,387,207,180
050,13,085,"Georgia","Dawson County",3,50,410,218,192
050,13,085,"Georgia","Dawson County",3,51,405,204,201
050,13,085,"Georgia","Dawson County",3,52,377,192,185
050,13,085,"Georgia","Dawson County",3,53,393,202,191
050,13,085,"Georgia","Dawson County",3,54,403,199,204
050,13,085,"Georgia","Dawson County",3,55,400,190,210
050,13,085,"Georgia","Dawson County",3,56,443,209,234
050,13,085,"Georgia","Dawson County",3,57,431,208,223
050,13,085,"Georgia","Dawson County",3,58,453,228,225
050,13,085,"Georgia","Dawson County",3,59,417,209,208
050,13,085,"Georgia","Dawson County",3,60,439,207,232
050,13,085,"Georgia","Dawson County",3,61,382,182,200
050,13,085,"Georgia","Dawson County",3,62,415,195,220
050,13,085,"Georgia","Dawson County",3,63,418,199,219
050,13,085,"Georgia","Dawson County",3,64,415,198,217
050,13,085,"Georgia","Dawson County",3,65,419,197,222
050,13,085,"Georgia","Dawson County",3,66,381,177,204
050,13,085,"Georgia","Dawson County",3,67,353,157,196
050,13,085,"Georgia","Dawson County",3,68,359,176,183
050,13,085,"Georgia","Dawson County",3,69,352,174,178
050,13,085,"Georgia","Dawson County",3,70,340,158,182
050,13,085,"Georgia","Dawson County",3,71,347,161,186
050,13,085,"Georgia","Dawson County",3,72,361,173,188
050,13,085,"Georgia","Dawson County",3,73,352,180,172
050,13,085,"Georgia","Dawson County",3,74,370,180,190
050,13,085,"Georgia","Dawson County",3,75,233,117,116
050,13,085,"Georgia","Dawson County",3,76,235,119,116
050,13,085,"Georgia","Dawson County",3,77,224,102,122
050,13,085,"Georgia","Dawson County",3,78,234,109,125
050,13,085,"Georgia","Dawson County",3,79,184,91,93
050,13,085,"Georgia","Dawson County",3,80,154,72,82
050,13,085,"Georgia","Dawson County",3,81,134,72,62
050,13,085,"Georgia","Dawson County",3,82,123,67,56
050,13,085,"Georgia","Dawson County",3,83,114,55,59
050,13,085,"Georgia","Dawson County",3,84,92,43,49
050,13,085,"Georgia","Dawson County",3,85,349,158,191
050,13,085,"Georgia","Dawson County",4,0,326,162,164
050,13,085,"Georgia","Dawson County",4,1,307,157,150
050,13,085,"Georgia","Dawson County",4,2,332,168,164
050,13,085,"Georgia","Dawson County",4,3,330,168,162
050,13,085,"Georgia","Dawson County",4,4,349,174,175
050,13,085,"Georgia","Dawson County",4,5,334,171,163
050,13,085,"Georgia","Dawson County",4,6,324,169,155
050,13,085,"Georgia","Dawson County",4,7,320,163,157
050,13,085,"Georgia","Dawson County",4,8,333,176,157
050,13,085,"Georgia","Dawson County",4,9,325,159,166
050,13,085,"Georgia","Dawson County",4,10,322,171,151
050,13,085,"Georgia","Dawson County",4,11,311,151,160
050,13,085,"Georgia","Dawson County",4,12,347,166,181
050,13,085,"Georgia","Dawson County",4,13,349,185,164
050,13,085,"Georgia","Dawson County",4,14,387,202,185
050,13,085,"Georgia","Dawson County",4,15,390,207,183
050,13,085,"Georgia","Dawson County",4,16,352,178,174
050,13,085,"Georgia","Dawson County",4,17,354,184,170
050,13,085,"Georgia","Dawson County",4,18,300,159,141
050,13,085,"Georgia","Dawson County",4,19,263,132,131
050,13,085,"Georgia","Dawson County",4,20,285,142,143
050,13,085,"Georgia","Dawson County",4,21,338,180,158
050,13,085,"Georgia","Dawson County",4,22,365,197,168
050,13,085,"Georgia","Dawson County",4,23,374,200,174
050,13,085,"Georgia","Dawson County",4,24,445,223,222
050,13,085,"Georgia","Dawson County",4,25,434,224,210
050,13,085,"Georgia","Dawson County",4,26,397,206,191
050,13,085,"Georgia","Dawson County",4,27,366,198,168
050,13,085,"Georgia","Dawson County",4,28,386,187,199
050,13,085,"Georgia","Dawson County",4,29,375,193,182
050,13,085,"Georgia","Dawson County",4,30,408,205,203
050,13,085,"Georgia","Dawson County",4,31,389,190,199
050,13,085,"Georgia","Dawson County",4,32,417,190,227
050,13,085,"Georgia","Dawson County",4,33,390,194,196
050,13,085,"Georgia","Dawson County",4,34,387,187,200
050,13,085,"Georgia","Dawson County",4,35,381,189,192
050,13,085,"Georgia","Dawson County",4,36,388,196,192
050,13,085,"Georgia","Dawson County",4,37,382,206,176
050,13,085,"Georgia","Dawson County",4,38,357,183,174
050,13,085,"Georgia","Dawson County",4,39,343,172,171
050,13,085,"Georgia","Dawson County",4,40,330,167,163
050,13,085,"Georgia","Dawson County",4,41,363,183,180
050,13,085,"Georgia","Dawson County",4,42,354,173,181
050,13,085,"Georgia","Dawson County",4,43,348,170,178
050,13,085,"Georgia","Dawson County",4,44,337,164,173
050,13,085,"Georgia","Dawson County",4,45,337,183,154
050,13,085,"Georgia","Dawson County",4,46,346,192,154
050,13,085,"Georgia","Dawson County",4,47,361,201,160
050,13,085,"Georgia","Dawson County",4,48,348,179,169
050,13,085,"Georgia","Dawson County",4,49,314,159,155
050,13,085,"Georgia","Dawson County",4,50,396,210,186
050,13,085,"Georgia","Dawson County",4,51,440,228,212
050,13,085,"Georgia","Dawson County",4,52,428,221,207
050,13,085,"Georgia","Dawson County",4,53,402,200,202
050,13,085,"Georgia","Dawson County",4,54,425,219,206
050,13,085,"Georgia","Dawson County",4,55,422,206,216
050,13,085,"Georgia","Dawson County",4,56,430,201,229
050,13,085,"Georgia","Dawson County",4,57,434,201,233
050,13,085,"Georgia","Dawson County",4,58,446,222,224
050,13,085,"Georgia","Dawson County",4,59,473,231,242
050,13,085,"Georgia","Dawson County",4,60,429,218,211
050,13,085,"Georgia","Dawson County",4,61,451,210,241
050,13,085,"Georgia","Dawson County",4,62,408,186,222
050,13,085,"Georgia","Dawson County",4,63,408,200,208
050,13,085,"Georgia","Dawson County",4,64,427,207,220
050,13,085,"Georgia","Dawson County",4,65,420,196,224
050,13,085,"Georgia","Dawson County",4,66,416,199,217
050,13,085,"Georgia","Dawson County",4,67,390,184,206
050,13,085,"Georgia","Dawson County",4,68,357,152,205
050,13,085,"Georgia","Dawson County",4,69,367,184,183
050,13,085,"Georgia","Dawson County",4,70,334,172,162
050,13,085,"Georgia","Dawson County",4,71,340,152,188
050,13,085,"Georgia","Dawson County",4,72,354,162,192
050,13,085,"Georgia","Dawson County",4,73,362,172,190
050,13,085,"Georgia","Dawson County",4,74,351,181,170
050,13,085,"Georgia","Dawson County",4,75,360,170,190
050,13,085,"Georgia","Dawson County",4,76,226,115,111
050,13,085,"Georgia","Dawson County",4,77,234,119,115
050,13,085,"Georgia","Dawson County",4,78,225,104,121
050,13,085,"Georgia","Dawson County",4,79,228,101,127
050,13,085,"Georgia","Dawson County",4,80,180,89,91
050,13,085,"Georgia","Dawson County",4,81,150,74,76
050,13,085,"Georgia","Dawson County",4,82,138,69,69
050,13,085,"Georgia","Dawson County",4,83,124,72,52
050,13,085,"Georgia","Dawson County",4,84,102,43,59
050,13,085,"Georgia","Dawson County",4,85,412,188,224
050,13,085,"Georgia","Dawson County",5,0,334,167,167
050,13,085,"Georgia","Dawson County",5,1,339,178,161
050,13,085,"Georgia","Dawson County",5,2,346,166,180
050,13,085,"Georgia","Dawson County",5,3,365,193,172
050,13,085,"Georgia","Dawson County",5,4,367,193,174
050,13,085,"Georgia","Dawson County",5,5,366,191,175
050,13,085,"Georgia","Dawson County",5,6,342,175,167
050,13,085,"Georgia","Dawson County",5,7,346,177,169
050,13,085,"Georgia","Dawson County",5,8,345,175,170
050,13,085,"Georgia","Dawson County",5,9,362,202,160
050,13,085,"Georgia","Dawson County",5,10,354,169,185
050,13,085,"Georgia","Dawson County",5,11,350,185,165
050,13,085,"Georgia","Dawson County",5,12,316,155,161
050,13,085,"Georgia","Dawson County",5,13,370,174,196
050,13,085,"Georgia","Dawson County",5,14,361,199,162
050,13,085,"Georgia","Dawson County",5,15,391,205,186
050,13,085,"Georgia","Dawson County",5,16,403,208,195
050,13,085,"Georgia","Dawson County",5,17,363,182,181
050,13,085,"Georgia","Dawson County",5,18,323,175,148
050,13,085,"Georgia","Dawson County",5,19,262,138,124
050,13,085,"Georgia","Dawson County",5,20,299,139,160
050,13,085,"Georgia","Dawson County",5,21,362,179,183
050,13,085,"Georgia","Dawson County",5,22,380,196,184
050,13,085,"Georgia","Dawson County",5,23,415,226,189
050,13,085,"Georgia","Dawson County",5,24,427,224,203
050,13,085,"Georgia","Dawson County",5,25,452,221,231
050,13,085,"Georgia","Dawson County",5,26,484,243,241
050,13,085,"Georgia","Dawson County",5,27,440,231,209
050,13,085,"Georgia","Dawson County",5,28,413,223,190
050,13,085,"Georgia","Dawson County",5,29,428,210,218
050,13,085,"Georgia","Dawson County",5,30,434,224,210
050,13,085,"Georgia","Dawson County",5,31,406,199,207
050,13,085,"Georgia","Dawson County",5,32,433,216,217
050,13,085,"Georgia","Dawson County",5,33,450,206,244
050,13,085,"Georgia","Dawson County",5,34,411,208,203
050,13,085,"Georgia","Dawson County",5,35,399,192,207
050,13,085,"Georgia","Dawson County",5,36,416,216,200
050,13,085,"Georgia","Dawson County",5,37,418,209,209
050,13,085,"Georgia","Dawson County",5,38,404,209,195
050,13,085,"Georgia","Dawson County",5,39,378,203,175
050,13,085,"Georgia","Dawson County",5,40,369,181,188
050,13,085,"Georgia","Dawson County",5,41,351,179,172
050,13,085,"Georgia","Dawson County",5,42,393,204,189
050,13,085,"Georgia","Dawson County",5,43,384,191,193
050,13,085,"Georgia","Dawson County",5,44,380,188,192
050,13,085,"Georgia","Dawson County",5,45,345,171,174
050,13,085,"Georgia","Dawson County",5,46,362,193,169
050,13,085,"Georgia","Dawson County",5,47,354,193,161
050,13,085,"Georgia","Dawson County",5,48,370,210,160
050,13,085,"Georgia","Dawson County",5,49,340,176,164
050,13,085,"Georgia","Dawson County",5,50,320,153,167
050,13,085,"Georgia","Dawson County",5,51,420,226,194
050,13,085,"Georgia","Dawson County",5,52,458,231,227
050,13,085,"Georgia","Dawson County",5,53,433,219,214
050,13,085,"Georgia","Dawson County",5,54,417,211,206
050,13,085,"Georgia","Dawson County",5,55,437,214,223
050,13,085,"Georgia","Dawson County",5,56,425,211,214
050,13,085,"Georgia","Dawson County",5,57,437,205,232
050,13,085,"Georgia","Dawson County",5,58,443,213,230
050,13,085,"Georgia","Dawson County",5,59,449,219,230
050,13,085,"Georgia","Dawson County",5,60,465,226,239
050,13,085,"Georgia","Dawson County",5,61,437,223,214
050,13,085,"Georgia","Dawson County",5,62,469,219,250
050,13,085,"Georgia","Dawson County",5,63,411,181,230
050,13,085,"Georgia","Dawson County",5,64,408,199,209
050,13,085,"Georgia","Dawson County",5,65,438,214,224
050,13,085,"Georgia","Dawson County",5,66,420,205,215
050,13,085,"Georgia","Dawson County",5,67,413,199,214
050,13,085,"Georgia","Dawson County",5,68,385,180,205
050,13,085,"Georgia","Dawson County",5,69,350,150,200
050,13,085,"Georgia","Dawson County",5,70,368,187,181
050,13,085,"Georgia","Dawson County",5,71,343,176,167
050,13,085,"Georgia","Dawson County",5,72,338,155,183
050,13,085,"Georgia","Dawson County",5,73,354,162,192
050,13,085,"Georgia","Dawson County",5,74,362,172,190
050,13,085,"Georgia","Dawson County",5,75,350,174,176
050,13,085,"Georgia","Dawson County",5,76,354,165,189
050,13,085,"Georgia","Dawson County",5,77,219,113,106
050,13,085,"Georgia","Dawson County",5,78,221,109,112
050,13,085,"Georgia","Dawson County",5,79,227,107,120
050,13,085,"Georgia","Dawson County",5,80,214,92,122
050,13,085,"Georgia","Dawson County",5,81,172,85,87
050,13,085,"Georgia","Dawson County",5,82,147,72,75
050,13,085,"Georgia","Dawson County",5,83,133,65,68
050,13,085,"Georgia","Dawson County",5,84,112,63,49
050,13,085,"Georgia","Dawson County",5,85,481,208,273
050,13,087,"Georgia","Decatur County",1,0,394,200,194
050,13,087,"Georgia","Decatur County",1,1,427,227,200
050,13,087,"Georgia","Decatur County",1,2,413,213,200
050,13,087,"Georgia","Decatur County",1,3,432,230,202
050,13,087,"Georgia","Decatur County",1,4,411,202,209
050,13,087,"Georgia","Decatur County",1,5,366,194,172
050,13,087,"Georgia","Decatur County",1,6,386,199,187
050,13,087,"Georgia","Decatur County",1,7,397,213,184
050,13,087,"Georgia","Decatur County",1,8,394,207,187
050,13,087,"Georgia","Decatur County",1,9,395,187,208
050,13,087,"Georgia","Decatur County",1,10,403,197,206
050,13,087,"Georgia","Decatur County",1,11,418,208,210
050,13,087,"Georgia","Decatur County",1,12,406,204,202
050,13,087,"Georgia","Decatur County",1,13,414,211,203
050,13,087,"Georgia","Decatur County",1,14,413,198,215
050,13,087,"Georgia","Decatur County",1,15,410,209,201
050,13,087,"Georgia","Decatur County",1,16,428,210,218
050,13,087,"Georgia","Decatur County",1,17,410,203,207
050,13,087,"Georgia","Decatur County",1,18,371,204,167
050,13,087,"Georgia","Decatur County",1,19,336,178,158
050,13,087,"Georgia","Decatur County",1,20,353,192,161
050,13,087,"Georgia","Decatur County",1,21,354,190,164
050,13,087,"Georgia","Decatur County",1,22,362,197,165
050,13,087,"Georgia","Decatur County",1,23,369,191,178
050,13,087,"Georgia","Decatur County",1,24,385,181,204
050,13,087,"Georgia","Decatur County",1,25,359,164,195
050,13,087,"Georgia","Decatur County",1,26,362,188,174
050,13,087,"Georgia","Decatur County",1,27,384,198,186
050,13,087,"Georgia","Decatur County",1,28,391,201,190
050,13,087,"Georgia","Decatur County",1,29,389,183,206
050,13,087,"Georgia","Decatur County",1,30,365,152,213
050,13,087,"Georgia","Decatur County",1,31,390,188,202
050,13,087,"Georgia","Decatur County",1,32,348,165,183
050,13,087,"Georgia","Decatur County",1,33,331,162,169
050,13,087,"Georgia","Decatur County",1,34,312,146,166
050,13,087,"Georgia","Decatur County",1,35,335,162,173
050,13,087,"Georgia","Decatur County",1,36,328,150,178
050,13,087,"Georgia","Decatur County",1,37,361,169,192
050,13,087,"Georgia","Decatur County",1,38,336,159,177
050,13,087,"Georgia","Decatur County",1,39,383,185,198
050,13,087,"Georgia","Decatur County",1,40,329,150,179
050,13,087,"Georgia","Decatur County",1,41,358,191,167
050,13,087,"Georgia","Decatur County",1,42,339,170,169
050,13,087,"Georgia","Decatur County",1,43,337,156,181
050,13,087,"Georgia","Decatur County",1,44,357,184,173
050,13,087,"Georgia","Decatur County",1,45,341,166,175
050,13,087,"Georgia","Decatur County",1,46,333,150,183
050,13,087,"Georgia","Decatur County",1,47,362,160,202
050,13,087,"Georgia","Decatur County",1,48,388,192,196
050,13,087,"Georgia","Decatur County",1,49,392,180,212
050,13,087,"Georgia","Decatur County",1,50,384,184,200
050,13,087,"Georgia","Decatur County",1,51,350,180,170
050,13,087,"Georgia","Decatur County",1,52,363,190,173
050,13,087,"Georgia","Decatur County",1,53,352,160,192
050,13,087,"Georgia","Decatur County",1,54,367,161,206
050,13,087,"Georgia","Decatur County",1,55,399,198,201
050,13,087,"Georgia","Decatur County",1,56,411,210,201
050,13,087,"Georgia","Decatur County",1,57,409,204,205
050,13,087,"Georgia","Decatur County",1,58,402,211,191
050,13,087,"Georgia","Decatur County",1,59,378,182,196
050,13,087,"Georgia","Decatur County",1,60,386,193,193
050,13,087,"Georgia","Decatur County",1,61,388,208,180
050,13,087,"Georgia","Decatur County",1,62,370,181,189
050,13,087,"Georgia","Decatur County",1,63,372,183,189
050,13,087,"Georgia","Decatur County",1,64,341,153,188
050,13,087,"Georgia","Decatur County",1,65,373,165,208
050,13,087,"Georgia","Decatur County",1,66,343,143,200
050,13,087,"Georgia","Decatur County",1,67,296,133,163
050,13,087,"Georgia","Decatur County",1,68,310,140,170
050,13,087,"Georgia","Decatur County",1,69,288,130,158
050,13,087,"Georgia","Decatur County",1,70,261,114,147
050,13,087,"Georgia","Decatur County",1,71,254,111,143
050,13,087,"Georgia","Decatur County",1,72,260,119,141
050,13,087,"Georgia","Decatur County",1,73,313,156,157
050,13,087,"Georgia","Decatur County",1,74,215,97,118
050,13,087,"Georgia","Decatur County",1,75,206,86,120
050,13,087,"Georgia","Decatur County",1,76,190,91,99
050,13,087,"Georgia","Decatur County",1,77,202,92,110
050,13,087,"Georgia","Decatur County",1,78,159,68,91
050,13,087,"Georgia","Decatur County",1,79,161,66,95
050,13,087,"Georgia","Decatur County",1,80,132,51,81
050,13,087,"Georgia","Decatur County",1,81,123,46,77
050,13,087,"Georgia","Decatur County",1,82,123,43,80
050,13,087,"Georgia","Decatur County",1,83,109,41,68
050,13,087,"Georgia","Decatur County",1,84,108,41,67
050,13,087,"Georgia","Decatur County",1,85,513,161,352
050,13,087,"Georgia","Decatur County",2,0,360,183,177
050,13,087,"Georgia","Decatur County",2,1,421,219,202
050,13,087,"Georgia","Decatur County",2,2,419,218,201
050,13,087,"Georgia","Decatur County",2,3,428,225,203
050,13,087,"Georgia","Decatur County",2,4,414,208,206
050,13,087,"Georgia","Decatur County",2,5,377,196,181
050,13,087,"Georgia","Decatur County",2,6,383,199,184
050,13,087,"Georgia","Decatur County",2,7,396,212,184
050,13,087,"Georgia","Decatur County",2,8,393,207,186
050,13,087,"Georgia","Decatur County",2,9,393,190,203
050,13,087,"Georgia","Decatur County",2,10,400,194,206
050,13,087,"Georgia","Decatur County",2,11,411,205,206
050,13,087,"Georgia","Decatur County",2,12,411,207,204
050,13,087,"Georgia","Decatur County",2,13,408,206,202
050,13,087,"Georgia","Decatur County",2,14,417,203,214
050,13,087,"Georgia","Decatur County",2,15,410,207,203
050,13,087,"Georgia","Decatur County",2,16,426,211,215
050,13,087,"Georgia","Decatur County",2,17,413,203,210
050,13,087,"Georgia","Decatur County",2,18,368,199,169
050,13,087,"Georgia","Decatur County",2,19,333,178,155
050,13,087,"Georgia","Decatur County",2,20,357,194,163
050,13,087,"Georgia","Decatur County",2,21,355,190,165
050,13,087,"Georgia","Decatur County",2,22,360,195,165
050,13,087,"Georgia","Decatur County",2,23,371,194,177
050,13,087,"Georgia","Decatur County",2,24,379,182,197
050,13,087,"Georgia","Decatur County",2,25,360,162,198
050,13,087,"Georgia","Decatur County",2,26,365,184,181
050,13,087,"Georgia","Decatur County",2,27,375,194,181
050,13,087,"Georgia","Decatur County",2,28,387,198,189
050,13,087,"Georgia","Decatur County",2,29,389,185,204
050,13,087,"Georgia","Decatur County",2,30,370,155,215
050,13,087,"Georgia","Decatur County",2,31,387,185,202
050,13,087,"Georgia","Decatur County",2,32,355,170,185
050,13,087,"Georgia","Decatur County",2,33,336,163,173
050,13,087,"Georgia","Decatur County",2,34,316,150,166
050,13,087,"Georgia","Decatur County",2,35,331,159,172
050,13,087,"Georgia","Decatur County",2,36,329,152,177
050,13,087,"Georgia","Decatur County",2,37,355,167,188
050,13,087,"Georgia","Decatur County",2,38,341,160,181
050,13,087,"Georgia","Decatur County",2,39,371,180,191
050,13,087,"Georgia","Decatur County",2,40,342,156,186
050,13,087,"Georgia","Decatur County",2,41,354,185,169
050,13,087,"Georgia","Decatur County",2,42,338,170,168
050,13,087,"Georgia","Decatur County",2,43,339,159,180
050,13,087,"Georgia","Decatur County",2,44,350,175,175
050,13,087,"Georgia","Decatur County",2,45,348,171,177
050,13,087,"Georgia","Decatur County",2,46,331,150,181
050,13,087,"Georgia","Decatur County",2,47,353,157,196
050,13,087,"Georgia","Decatur County",2,48,386,190,196
050,13,087,"Georgia","Decatur County",2,49,390,179,211
050,13,087,"Georgia","Decatur County",2,50,385,184,201
050,13,087,"Georgia","Decatur County",2,51,354,177,177
050,13,087,"Georgia","Decatur County",2,52,364,191,173
050,13,087,"Georgia","Decatur County",2,53,349,163,186
050,13,087,"Georgia","Decatur County",2,54,362,160,202
050,13,087,"Georgia","Decatur County",2,55,392,191,201
050,13,087,"Georgia","Decatur County",2,56,408,206,202
050,13,087,"Georgia","Decatur County",2,57,414,209,205
050,13,087,"Georgia","Decatur County",2,58,403,208,195
050,13,087,"Georgia","Decatur County",2,59,383,189,194
050,13,087,"Georgia","Decatur County",2,60,383,193,190
050,13,087,"Georgia","Decatur County",2,61,387,204,183
050,13,087,"Georgia","Decatur County",2,62,370,184,186
050,13,087,"Georgia","Decatur County",2,63,371,183,188
050,13,087,"Georgia","Decatur County",2,64,347,160,187
050,13,087,"Georgia","Decatur County",2,65,362,160,202
050,13,087,"Georgia","Decatur County",2,66,349,146,203
050,13,087,"Georgia","Decatur County",2,67,303,135,168
050,13,087,"Georgia","Decatur County",2,68,305,137,168
050,13,087,"Georgia","Decatur County",2,69,294,132,162
050,13,087,"Georgia","Decatur County",2,70,266,118,148
050,13,087,"Georgia","Decatur County",2,71,257,114,143
050,13,087,"Georgia","Decatur County",2,72,250,111,139
050,13,087,"Georgia","Decatur County",2,73,314,153,161
050,13,087,"Georgia","Decatur County",2,74,221,102,119
050,13,087,"Georgia","Decatur County",2,75,207,89,118
050,13,087,"Georgia","Decatur County",2,76,187,84,103
050,13,087,"Georgia","Decatur County",2,77,199,90,109
050,13,087,"Georgia","Decatur County",2,78,165,73,92
050,13,087,"Georgia","Decatur County",2,79,159,67,92
050,13,087,"Georgia","Decatur County",2,80,137,54,83
050,13,087,"Georgia","Decatur County",2,81,120,45,75
050,13,087,"Georgia","Decatur County",2,82,125,45,80
050,13,087,"Georgia","Decatur County",2,83,111,41,70
050,13,087,"Georgia","Decatur County",2,84,106,40,66
050,13,087,"Georgia","Decatur County",2,85,516,163,353
050,13,087,"Georgia","Decatur County",3,0,370,195,175
050,13,087,"Georgia","Decatur County",3,1,354,185,169
050,13,087,"Georgia","Decatur County",3,2,418,217,201
050,13,087,"Georgia","Decatur County",3,3,418,226,192
050,13,087,"Georgia","Decatur County",3,4,413,222,191
050,13,087,"Georgia","Decatur County",3,5,407,206,201
050,13,087,"Georgia","Decatur County",3,6,387,200,187
050,13,087,"Georgia","Decatur County",3,7,378,194,184
050,13,087,"Georgia","Decatur County",3,8,385,210,175
050,13,087,"Georgia","Decatur County",3,9,387,205,182
050,13,087,"Georgia","Decatur County",3,10,378,176,202
050,13,087,"Georgia","Decatur County",3,11,410,204,206
050,13,087,"Georgia","Decatur County",3,12,395,199,196
050,13,087,"Georgia","Decatur County",3,13,415,207,208
050,13,087,"Georgia","Decatur County",3,14,397,205,192
050,13,087,"Georgia","Decatur County",3,15,415,206,209
050,13,087,"Georgia","Decatur County",3,16,405,208,197
050,13,087,"Georgia","Decatur County",3,17,428,215,213
050,13,087,"Georgia","Decatur County",3,18,378,198,180
050,13,087,"Georgia","Decatur County",3,19,317,172,145
050,13,087,"Georgia","Decatur County",3,20,355,187,168
050,13,087,"Georgia","Decatur County",3,21,360,201,159
050,13,087,"Georgia","Decatur County",3,22,360,200,160
050,13,087,"Georgia","Decatur County",3,23,392,212,180
050,13,087,"Georgia","Decatur County",3,24,366,200,166
050,13,087,"Georgia","Decatur County",3,25,354,164,190
050,13,087,"Georgia","Decatur County",3,26,354,171,183
050,13,087,"Georgia","Decatur County",3,27,352,166,186
050,13,087,"Georgia","Decatur County",3,28,383,204,179
050,13,087,"Georgia","Decatur County",3,29,390,192,198
050,13,087,"Georgia","Decatur County",3,30,361,161,200
050,13,087,"Georgia","Decatur County",3,31,368,171,197
050,13,087,"Georgia","Decatur County",3,32,385,183,202
050,13,087,"Georgia","Decatur County",3,33,360,171,189
050,13,087,"Georgia","Decatur County",3,34,339,158,181
050,13,087,"Georgia","Decatur County",3,35,308,149,159
050,13,087,"Georgia","Decatur County",3,36,320,151,169
050,13,087,"Georgia","Decatur County",3,37,328,154,174
050,13,087,"Georgia","Decatur County",3,38,349,162,187
050,13,087,"Georgia","Decatur County",3,39,362,171,191
050,13,087,"Georgia","Decatur County",3,40,355,168,187
050,13,087,"Georgia","Decatur County",3,41,360,178,182
050,13,087,"Georgia","Decatur County",3,42,346,177,169
050,13,087,"Georgia","Decatur County",3,43,332,171,161
050,13,087,"Georgia","Decatur County",3,44,331,157,174
050,13,087,"Georgia","Decatur County",3,45,345,169,176
050,13,087,"Georgia","Decatur County",3,46,345,166,179
050,13,087,"Georgia","Decatur County",3,47,316,135,181
050,13,087,"Georgia","Decatur County",3,48,377,178,199
050,13,087,"Georgia","Decatur County",3,49,353,168,185
050,13,087,"Georgia","Decatur County",3,50,387,180,207
050,13,087,"Georgia","Decatur County",3,51,379,187,192
050,13,087,"Georgia","Decatur County",3,52,374,197,177
050,13,087,"Georgia","Decatur County",3,53,341,175,166
050,13,087,"Georgia","Decatur County",3,54,342,158,184
050,13,087,"Georgia","Decatur County",3,55,356,151,205
050,13,087,"Georgia","Decatur County",3,56,388,190,198
050,13,087,"Georgia","Decatur County",3,57,414,207,207
050,13,087,"Georgia","Decatur County",3,58,400,194,206
050,13,087,"Georgia","Decatur County",3,59,406,198,208
050,13,087,"Georgia","Decatur County",3,60,373,191,182
050,13,087,"Georgia","Decatur County",3,61,381,193,188
050,13,087,"Georgia","Decatur County",3,62,374,194,180
050,13,087,"Georgia","Decatur County",3,63,375,189,186
050,13,087,"Georgia","Decatur County",3,64,355,173,182
050,13,087,"Georgia","Decatur County",3,65,346,161,185
050,13,087,"Georgia","Decatur County",3,66,366,160,206
050,13,087,"Georgia","Decatur County",3,67,329,137,192
050,13,087,"Georgia","Decatur County",3,68,291,130,161
050,13,087,"Georgia","Decatur County",3,69,288,125,163
050,13,087,"Georgia","Decatur County",3,70,284,127,157
050,13,087,"Georgia","Decatur County",3,71,265,121,144
050,13,087,"Georgia","Decatur County",3,72,241,107,134
050,13,087,"Georgia","Decatur County",3,73,249,108,141
050,13,087,"Georgia","Decatur County",3,74,279,135,144
050,13,087,"Georgia","Decatur County",3,75,216,98,118
050,13,087,"Georgia","Decatur County",3,76,187,77,110
050,13,087,"Georgia","Decatur County",3,77,178,78,100
050,13,087,"Georgia","Decatur County",3,78,185,84,101
050,13,087,"Georgia","Decatur County",3,79,165,74,91
050,13,087,"Georgia","Decatur County",3,80,145,57,88
050,13,087,"Georgia","Decatur County",3,81,127,52,75
050,13,087,"Georgia","Decatur County",3,82,105,40,65
050,13,087,"Georgia","Decatur County",3,83,119,41,78
050,13,087,"Georgia","Decatur County",3,84,99,33,66
050,13,087,"Georgia","Decatur County",3,85,521,163,358
050,13,087,"Georgia","Decatur County",4,0,333,177,156
050,13,087,"Georgia","Decatur County",4,1,388,201,187
050,13,087,"Georgia","Decatur County",4,2,353,181,172
050,13,087,"Georgia","Decatur County",4,3,424,221,203
050,13,087,"Georgia","Decatur County",4,4,427,236,191
050,13,087,"Georgia","Decatur County",4,5,418,219,199
050,13,087,"Georgia","Decatur County",4,6,404,198,206
050,13,087,"Georgia","Decatur County",4,7,387,197,190
050,13,087,"Georgia","Decatur County",4,8,386,198,188
050,13,087,"Georgia","Decatur County",4,9,384,209,175
050,13,087,"Georgia","Decatur County",4,10,380,198,182
050,13,087,"Georgia","Decatur County",4,11,369,175,194
050,13,087,"Georgia","Decatur County",4,12,395,196,199
050,13,087,"Georgia","Decatur County",4,13,401,194,207
050,13,087,"Georgia","Decatur County",4,14,420,211,209
050,13,087,"Georgia","Decatur County",4,15,408,210,198
050,13,087,"Georgia","Decatur County",4,16,432,209,223
050,13,087,"Georgia","Decatur County",4,17,407,202,205
050,13,087,"Georgia","Decatur County",4,18,390,211,179
050,13,087,"Georgia","Decatur County",4,19,303,162,141
050,13,087,"Georgia","Decatur County",4,20,341,188,153
050,13,087,"Georgia","Decatur County",4,21,355,183,172
050,13,087,"Georgia","Decatur County",4,22,375,208,167
050,13,087,"Georgia","Decatur County",4,23,369,201,168
050,13,087,"Georgia","Decatur County",4,24,395,218,177
050,13,087,"Georgia","Decatur County",4,25,348,176,172
050,13,087,"Georgia","Decatur County",4,26,361,179,182
050,13,087,"Georgia","Decatur County",4,27,348,170,178
050,13,087,"Georgia","Decatur County",4,28,358,166,192
050,13,087,"Georgia","Decatur County",4,29,384,208,176
050,13,087,"Georgia","Decatur County",4,30,373,170,203
050,13,087,"Georgia","Decatur County",4,31,372,177,195
050,13,087,"Georgia","Decatur County",4,32,364,168,196
050,13,087,"Georgia","Decatur County",4,33,389,191,198
050,13,087,"Georgia","Decatur County",4,34,347,166,181
050,13,087,"Georgia","Decatur County",4,35,336,154,182
050,13,087,"Georgia","Decatur County",4,36,309,150,159
050,13,087,"Georgia","Decatur County",4,37,319,150,169
050,13,087,"Georgia","Decatur County",4,38,327,144,183
050,13,087,"Georgia","Decatur County",4,39,371,181,190
050,13,087,"Georgia","Decatur County",4,40,339,146,193
050,13,087,"Georgia","Decatur County",4,41,373,186,187
050,13,087,"Georgia","Decatur County",4,42,358,175,183
050,13,087,"Georgia","Decatur County",4,43,351,181,170
050,13,087,"Georgia","Decatur County",4,44,330,169,161
050,13,087,"Georgia","Decatur County",4,45,333,159,174
050,13,087,"Georgia","Decatur County",4,46,333,160,173
050,13,087,"Georgia","Decatur County",4,47,332,157,175
050,13,087,"Georgia","Decatur County",4,48,330,154,176
050,13,087,"Georgia","Decatur County",4,49,357,157,200
050,13,087,"Georgia","Decatur County",4,50,346,165,181
050,13,087,"Georgia","Decatur County",4,51,386,180,206
050,13,087,"Georgia","Decatur County",4,52,387,195,192
050,13,087,"Georgia","Decatur County",4,53,359,182,177
050,13,087,"Georgia","Decatur County",4,54,333,170,163
050,13,087,"Georgia","Decatur County",4,55,345,159,186
050,13,087,"Georgia","Decatur County",4,56,362,157,205
050,13,087,"Georgia","Decatur County",4,57,394,201,193
050,13,087,"Georgia","Decatur County",4,58,408,203,205
050,13,087,"Georgia","Decatur County",4,59,403,192,211
050,13,087,"Georgia","Decatur County",4,60,392,188,204
050,13,087,"Georgia","Decatur County",4,61,375,198,177
050,13,087,"Georgia","Decatur County",4,62,369,183,186
050,13,087,"Georgia","Decatur County",4,63,363,188,175
050,13,087,"Georgia","Decatur County",4,64,366,181,185
050,13,087,"Georgia","Decatur County",4,65,348,170,178
050,13,087,"Georgia","Decatur County",4,66,343,162,181
050,13,087,"Georgia","Decatur County",4,67,361,163,198
050,13,087,"Georgia","Decatur County",4,68,321,132,189
050,13,087,"Georgia","Decatur County",4,69,274,123,151
050,13,087,"Georgia","Decatur County",4,70,280,120,160
050,13,087,"Georgia","Decatur County",4,71,286,128,158
050,13,087,"Georgia","Decatur County",4,72,256,115,141
050,13,087,"Georgia","Decatur County",4,73,244,108,136
050,13,087,"Georgia","Decatur County",4,74,228,97,131
050,13,087,"Georgia","Decatur County",4,75,267,127,140
050,13,087,"Georgia","Decatur County",4,76,201,92,109
050,13,087,"Georgia","Decatur County",4,77,177,72,105
050,13,087,"Georgia","Decatur County",4,78,164,70,94
050,13,087,"Georgia","Decatur County",4,79,174,79,95
050,13,087,"Georgia","Decatur County",4,80,157,66,91
050,13,087,"Georgia","Decatur County",4,81,134,55,79
050,13,087,"Georgia","Decatur County",4,82,113,44,69
050,13,087,"Georgia","Decatur County",4,83,92,33,59
050,13,087,"Georgia","Decatur County",4,84,102,28,74
050,13,087,"Georgia","Decatur County",4,85,523,161,362
050,13,087,"Georgia","Decatur County",5,0,347,187,160
050,13,087,"Georgia","Decatur County",5,1,318,168,150
050,13,087,"Georgia","Decatur County",5,2,393,212,181
050,13,087,"Georgia","Decatur County",5,3,361,182,179
050,13,087,"Georgia","Decatur County",5,4,424,218,206
050,13,087,"Georgia","Decatur County",5,5,439,234,205
050,13,087,"Georgia","Decatur County",5,6,402,223,179
050,13,087,"Georgia","Decatur County",5,7,395,198,197
050,13,087,"Georgia","Decatur County",5,8,381,196,185
050,13,087,"Georgia","Decatur County",5,9,379,192,187
050,13,087,"Georgia","Decatur County",5,10,386,212,174
050,13,087,"Georgia","Decatur County",5,11,362,196,166
050,13,087,"Georgia","Decatur County",5,12,379,184,195
050,13,087,"Georgia","Decatur County",5,13,409,199,210
050,13,087,"Georgia","Decatur County",5,14,402,199,203
050,13,087,"Georgia","Decatur County",5,15,405,201,204
050,13,087,"Georgia","Decatur County",5,16,416,221,195
050,13,087,"Georgia","Decatur County",5,17,433,204,229
050,13,087,"Georgia","Decatur County",5,18,366,199,167
050,13,087,"Georgia","Decatur County",5,19,334,184,150
050,13,087,"Georgia","Decatur County",5,20,334,175,159
050,13,087,"Georgia","Decatur County",5,21,357,196,161
050,13,087,"Georgia","Decatur County",5,22,371,187,184
050,13,087,"Georgia","Decatur County",5,23,400,226,174
050,13,087,"Georgia","Decatur County",5,24,389,219,170
050,13,087,"Georgia","Decatur County",5,25,373,208,165
050,13,087,"Georgia","Decatur County",5,26,353,180,173
050,13,087,"Georgia","Decatur County",5,27,365,176,189
050,13,087,"Georgia","Decatur County",5,28,352,172,180
050,13,087,"Georgia","Decatur County",5,29,350,161,189
050,13,087,"Georgia","Decatur County",5,30,352,174,178
050,13,087,"Georgia","Decatur County",5,31,392,198,194
050,13,087,"Georgia","Decatur County",5,32,374,182,192
050,13,087,"Georgia","Decatur County",5,33,372,171,201
050,13,087,"Georgia","Decatur County",5,34,374,183,191
050,13,087,"Georgia","Decatur County",5,35,343,167,176
050,13,087,"Georgia","Decatur County",5,36,334,144,190
050,13,087,"Georgia","Decatur County",5,37,313,155,158
050,13,087,"Georgia","Decatur County",5,38,338,159,179
050,13,087,"Georgia","Decatur County",5,39,335,163,172
050,13,087,"Georgia","Decatur County",5,40,351,161,190
050,13,087,"Georgia","Decatur County",5,41,358,174,184
050,13,087,"Georgia","Decatur County",5,42,370,180,190
050,13,087,"Georgia","Decatur County",5,43,361,182,179
050,13,087,"Georgia","Decatur County",5,44,363,190,173
050,13,087,"Georgia","Decatur County",5,45,322,164,158
050,13,087,"Georgia","Decatur County",5,46,320,149,171
050,13,087,"Georgia","Decatur County",5,47,323,157,166
050,13,087,"Georgia","Decatur County",5,48,368,193,175
050,13,087,"Georgia","Decatur County",5,49,319,142,177
050,13,087,"Georgia","Decatur County",5,50,360,166,194
050,13,087,"Georgia","Decatur County",5,51,342,164,178
050,13,087,"Georgia","Decatur County",5,52,411,198,213
050,13,087,"Georgia","Decatur County",5,53,366,175,191
050,13,087,"Georgia","Decatur County",5,54,354,176,178
050,13,087,"Georgia","Decatur County",5,55,319,166,153
050,13,087,"Georgia","Decatur County",5,56,342,157,185
050,13,087,"Georgia","Decatur County",5,57,358,160,198
050,13,087,"Georgia","Decatur County",5,58,398,200,198
050,13,087,"Georgia","Decatur County",5,59,409,199,210
050,13,087,"Georgia","Decatur County",5,60,400,188,212
050,13,087,"Georgia","Decatur County",5,61,401,197,204
050,13,087,"Georgia","Decatur County",5,62,349,178,171
050,13,087,"Georgia","Decatur County",5,63,363,174,189
050,13,087,"Georgia","Decatur County",5,64,358,183,175
050,13,087,"Georgia","Decatur County",5,65,358,175,183
050,13,087,"Georgia","Decatur County",5,66,358,174,184
050,13,087,"Georgia","Decatur County",5,67,332,159,173
050,13,087,"Georgia","Decatur County",5,68,357,160,197
050,13,087,"Georgia","Decatur County",5,69,309,125,184
050,13,087,"Georgia","Decatur County",5,70,272,121,151
050,13,087,"Georgia","Decatur County",5,71,276,117,159
050,13,087,"Georgia","Decatur County",5,72,273,123,150
050,13,087,"Georgia","Decatur County",5,73,261,115,146
050,13,087,"Georgia","Decatur County",5,74,230,99,131
050,13,087,"Georgia","Decatur County",5,75,223,94,129
050,13,087,"Georgia","Decatur County",5,76,251,122,129
050,13,087,"Georgia","Decatur County",5,77,193,85,108
050,13,087,"Georgia","Decatur County",5,78,170,68,102
050,13,087,"Georgia","Decatur County",5,79,162,72,90
050,13,087,"Georgia","Decatur County",5,80,168,73,95
050,13,087,"Georgia","Decatur County",5,81,150,64,86
050,13,087,"Georgia","Decatur County",5,82,123,48,75
050,13,087,"Georgia","Decatur County",5,83,110,42,68
050,13,087,"Georgia","Decatur County",5,84,79,25,54
050,13,087,"Georgia","Decatur County",5,85,545,155,390
050,13,089,"Georgia","DeKalb County",1,0,10776,5505,5271
050,13,089,"Georgia","DeKalb County",1,1,10497,5385,5112
050,13,089,"Georgia","DeKalb County",1,2,10648,5482,5166
050,13,089,"Georgia","DeKalb County",1,3,10433,5334,5099
050,13,089,"Georgia","DeKalb County",1,4,10261,5192,5069
050,13,089,"Georgia","DeKalb County",1,5,10142,5043,5099
050,13,089,"Georgia","DeKalb County",1,6,10089,5138,4951
050,13,089,"Georgia","DeKalb County",1,7,9904,5037,4867
050,13,089,"Georgia","DeKalb County",1,8,9721,4978,4743
050,13,089,"Georgia","DeKalb County",1,9,9729,4981,4748
050,13,089,"Georgia","DeKalb County",1,10,9846,5086,4760
050,13,089,"Georgia","DeKalb County",1,11,10016,5115,4901
050,13,089,"Georgia","DeKalb County",1,12,10154,5070,5084
050,13,089,"Georgia","DeKalb County",1,13,9920,5083,4837
050,13,089,"Georgia","DeKalb County",1,14,9551,4912,4639
050,13,089,"Georgia","DeKalb County",1,15,9280,4759,4521
050,13,089,"Georgia","DeKalb County",1,16,9411,4801,4610
050,13,089,"Georgia","DeKalb County",1,17,9108,4608,4500
050,13,089,"Georgia","DeKalb County",1,18,8674,4351,4323
050,13,089,"Georgia","DeKalb County",1,19,8776,4328,4448
050,13,089,"Georgia","DeKalb County",1,20,8784,4359,4425
050,13,089,"Georgia","DeKalb County",1,21,8715,4170,4545
050,13,089,"Georgia","DeKalb County",1,22,8630,4058,4572
050,13,089,"Georgia","DeKalb County",1,23,9188,4238,4950
050,13,089,"Georgia","DeKalb County",1,24,10161,4735,5426
050,13,089,"Georgia","DeKalb County",1,25,11051,5229,5822
050,13,089,"Georgia","DeKalb County",1,26,11963,5676,6287
050,13,089,"Georgia","DeKalb County",1,27,12536,5985,6551
050,13,089,"Georgia","DeKalb County",1,28,13183,6249,6934
050,13,089,"Georgia","DeKalb County",1,29,13553,6344,7209
050,13,089,"Georgia","DeKalb County",1,30,13517,6458,7059
050,13,089,"Georgia","DeKalb County",1,31,13306,6385,6921
050,13,089,"Georgia","DeKalb County",1,32,12872,6205,6667
050,13,089,"Georgia","DeKalb County",1,33,12549,6045,6504
050,13,089,"Georgia","DeKalb County",1,34,12223,5921,6302
050,13,089,"Georgia","DeKalb County",1,35,11725,5752,5973
050,13,089,"Georgia","DeKalb County",1,36,11619,5648,5971
050,13,089,"Georgia","DeKalb County",1,37,11817,5720,6097
050,13,089,"Georgia","DeKalb County",1,38,11474,5454,6020
050,13,089,"Georgia","DeKalb County",1,39,11236,5343,5893
050,13,089,"Georgia","DeKalb County",1,40,11087,5347,5740
050,13,089,"Georgia","DeKalb County",1,41,10773,5157,5616
050,13,089,"Georgia","DeKalb County",1,42,10346,5011,5335
050,13,089,"Georgia","DeKalb County",1,43,10068,4833,5235
050,13,089,"Georgia","DeKalb County",1,44,9810,4663,5147
050,13,089,"Georgia","DeKalb County",1,45,9856,4661,5195
050,13,089,"Georgia","DeKalb County",1,46,9522,4458,5064
050,13,089,"Georgia","DeKalb County",1,47,9741,4751,4990
050,13,089,"Georgia","DeKalb County",1,48,10248,4982,5266
050,13,089,"Georgia","DeKalb County",1,49,10758,5144,5614
050,13,089,"Georgia","DeKalb County",1,50,10185,4873,5312
050,13,089,"Georgia","DeKalb County",1,51,9569,4554,5015
050,13,089,"Georgia","DeKalb County",1,52,9233,4456,4777
050,13,089,"Georgia","DeKalb County",1,53,9271,4439,4832
050,13,089,"Georgia","DeKalb County",1,54,9512,4477,5035
050,13,089,"Georgia","DeKalb County",1,55,9641,4613,5028
050,13,089,"Georgia","DeKalb County",1,56,9757,4640,5117
050,13,089,"Georgia","DeKalb County",1,57,9617,4475,5142
050,13,089,"Georgia","DeKalb County",1,58,9400,4398,5002
050,13,089,"Georgia","DeKalb County",1,59,9294,4366,4928
050,13,089,"Georgia","DeKalb County",1,60,8983,4069,4914
050,13,089,"Georgia","DeKalb County",1,61,8947,4000,4947
050,13,089,"Georgia","DeKalb County",1,62,8508,3762,4746
050,13,089,"Georgia","DeKalb County",1,63,8159,3626,4533
050,13,089,"Georgia","DeKalb County",1,64,7968,3542,4426
050,13,089,"Georgia","DeKalb County",1,65,7691,3385,4306
050,13,089,"Georgia","DeKalb County",1,66,7262,3185,4077
050,13,089,"Georgia","DeKalb County",1,67,7062,3102,3960
050,13,089,"Georgia","DeKalb County",1,68,6879,2943,3936
050,13,089,"Georgia","DeKalb County",1,69,6475,2745,3730
050,13,089,"Georgia","DeKalb County",1,70,6127,2599,3528
050,13,089,"Georgia","DeKalb County",1,71,5807,2492,3315
050,13,089,"Georgia","DeKalb County",1,72,5552,2381,3171
050,13,089,"Georgia","DeKalb County",1,73,5247,2261,2986
050,13,089,"Georgia","DeKalb County",1,74,3810,1597,2213
050,13,089,"Georgia","DeKalb County",1,75,3783,1584,2199
050,13,089,"Georgia","DeKalb County",1,76,3533,1462,2071
050,13,089,"Georgia","DeKalb County",1,77,3354,1428,1926
050,13,089,"Georgia","DeKalb County",1,78,2813,1163,1650
050,13,089,"Georgia","DeKalb County",1,79,2482,1058,1424
050,13,089,"Georgia","DeKalb County",1,80,2284,945,1339
050,13,089,"Georgia","DeKalb County",1,81,2101,827,1274
050,13,089,"Georgia","DeKalb County",1,82,1927,756,1171
050,13,089,"Georgia","DeKalb County",1,83,1696,670,1026
050,13,089,"Georgia","DeKalb County",1,84,1609,630,979
050,13,089,"Georgia","DeKalb County",1,85,9640,3099,6541
050,13,089,"Georgia","DeKalb County",2,0,10501,5337,5164
050,13,089,"Georgia","DeKalb County",2,1,10474,5370,5104
050,13,089,"Georgia","DeKalb County",2,2,10560,5434,5126
050,13,089,"Georgia","DeKalb County",2,3,10394,5320,5074
050,13,089,"Georgia","DeKalb County",2,4,10230,5179,5051
050,13,089,"Georgia","DeKalb County",2,5,10132,5066,5066
050,13,089,"Georgia","DeKalb County",2,6,10067,5103,4964
050,13,089,"Georgia","DeKalb County",2,7,9894,5043,4851
050,13,089,"Georgia","DeKalb County",2,8,9695,4957,4738
050,13,089,"Georgia","DeKalb County",2,9,9665,4948,4717
050,13,089,"Georgia","DeKalb County",2,10,9761,5038,4723
050,13,089,"Georgia","DeKalb County",2,11,9908,5066,4842
050,13,089,"Georgia","DeKalb County",2,12,10130,5088,5042
050,13,089,"Georgia","DeKalb County",2,13,9938,5066,4872
050,13,089,"Georgia","DeKalb County",2,14,9582,4919,4663
050,13,089,"Georgia","DeKalb County",2,15,9331,4788,4543
050,13,089,"Georgia","DeKalb County",2,16,9357,4790,4567
050,13,089,"Georgia","DeKalb County",2,17,9121,4615,4506
050,13,089,"Georgia","DeKalb County",2,18,8642,4333,4309
050,13,089,"Georgia","DeKalb County",2,19,8767,4327,4440
050,13,089,"Georgia","DeKalb County",2,20,8914,4403,4511
050,13,089,"Georgia","DeKalb County",2,21,8725,4194,4531
050,13,089,"Georgia","DeKalb County",2,22,8736,4101,4635
050,13,089,"Georgia","DeKalb County",2,23,9226,4274,4952
050,13,089,"Georgia","DeKalb County",2,24,10045,4672,5373
050,13,089,"Georgia","DeKalb County",2,25,10975,5183,5792
050,13,089,"Georgia","DeKalb County",2,26,11853,5622,6231
050,13,089,"Georgia","DeKalb County",2,27,12442,5926,6516
050,13,089,"Georgia","DeKalb County",2,28,13082,6205,6877
050,13,089,"Georgia","DeKalb County",2,29,13490,6327,7163
050,13,089,"Georgia","DeKalb County",2,30,13594,6470,7124
050,13,089,"Georgia","DeKalb County",2,31,13372,6421,6951
050,13,089,"Georgia","DeKalb County",2,32,12952,6250,6702
050,13,089,"Georgia","DeKalb County",2,33,12602,6078,6524
050,13,089,"Georgia","DeKalb County",2,34,12250,5931,6319
050,13,089,"Georgia","DeKalb County",2,35,11866,5807,6059
050,13,089,"Georgia","DeKalb County",2,36,11518,5616,5902
050,13,089,"Georgia","DeKalb County",2,37,11732,5690,6042
050,13,089,"Georgia","DeKalb County",2,38,11560,5520,6040
050,13,089,"Georgia","DeKalb County",2,39,11198,5325,5873
050,13,089,"Georgia","DeKalb County",2,40,11171,5365,5806
050,13,089,"Georgia","DeKalb County",2,41,10788,5175,5613
050,13,089,"Georgia","DeKalb County",2,42,10365,5008,5357
050,13,089,"Georgia","DeKalb County",2,43,10181,4894,5287
050,13,089,"Georgia","DeKalb County",2,44,9750,4642,5108
050,13,089,"Georgia","DeKalb County",2,45,9870,4664,5206
050,13,089,"Georgia","DeKalb County",2,46,9526,4470,5056
050,13,089,"Georgia","DeKalb County",2,47,9651,4654,4997
050,13,089,"Georgia","DeKalb County",2,48,10121,4923,5198
050,13,089,"Georgia","DeKalb County",2,49,10625,5095,5530
050,13,089,"Georgia","DeKalb County",2,50,10294,4916,5378
050,13,089,"Georgia","DeKalb County",2,51,9620,4590,5030
050,13,089,"Georgia","DeKalb County",2,52,9301,4476,4825
050,13,089,"Georgia","DeKalb County",2,53,9200,4408,4792
050,13,089,"Georgia","DeKalb County",2,54,9429,4464,4965
050,13,089,"Georgia","DeKalb County",2,55,9594,4570,5024
050,13,089,"Georgia","DeKalb County",2,56,9742,4642,5100
050,13,089,"Georgia","DeKalb County",2,57,9623,4502,5121
050,13,089,"Georgia","DeKalb County",2,58,9438,4408,5030
050,13,089,"Georgia","DeKalb County",2,59,9305,4368,4937
050,13,089,"Georgia","DeKalb County",2,60,9055,4138,4917
050,13,089,"Georgia","DeKalb County",2,61,8908,3984,4924
050,13,089,"Georgia","DeKalb County",2,62,8536,3782,4754
050,13,089,"Georgia","DeKalb County",2,63,8265,3666,4599
050,13,089,"Georgia","DeKalb County",2,64,7931,3513,4418
050,13,089,"Georgia","DeKalb County",2,65,7685,3384,4301
050,13,089,"Georgia","DeKalb County",2,66,7357,3221,4136
050,13,089,"Georgia","DeKalb County",2,67,7053,3096,3957
050,13,089,"Georgia","DeKalb County",2,68,6829,2935,3894
050,13,089,"Georgia","DeKalb County",2,69,6571,2788,3783
050,13,089,"Georgia","DeKalb County",2,70,6178,2619,3559
050,13,089,"Georgia","DeKalb County",2,71,5836,2496,3340
050,13,089,"Georgia","DeKalb County",2,72,5544,2378,3166
050,13,089,"Georgia","DeKalb County",2,73,5466,2349,3117
050,13,089,"Georgia","DeKalb County",2,74,3934,1655,2279
050,13,089,"Georgia","DeKalb County",2,75,3775,1576,2199
050,13,089,"Georgia","DeKalb County",2,76,3536,1476,2060
050,13,089,"Georgia","DeKalb County",2,77,3418,1434,1984
050,13,089,"Georgia","DeKalb County",2,78,2883,1200,1683
050,13,089,"Georgia","DeKalb County",2,79,2529,1062,1467
050,13,089,"Georgia","DeKalb County",2,80,2310,956,1354
050,13,089,"Georgia","DeKalb County",2,81,2095,832,1263
050,13,089,"Georgia","DeKalb County",2,82,1947,767,1180
050,13,089,"Georgia","DeKalb County",2,83,1721,674,1047
050,13,089,"Georgia","DeKalb County",2,84,1609,631,978
050,13,089,"Georgia","DeKalb County",2,85,9643,3118,6525
050,13,089,"Georgia","DeKalb County",3,0,9910,5023,4887
050,13,089,"Georgia","DeKalb County",3,1,10050,5085,4965
050,13,089,"Georgia","DeKalb County",3,2,9945,5072,4873
050,13,089,"Georgia","DeKalb County",3,3,10230,5246,4984
050,13,089,"Georgia","DeKalb County",3,4,9994,5167,4827
050,13,089,"Georgia","DeKalb County",3,5,9782,4956,4826
050,13,089,"Georgia","DeKalb County",3,6,9755,4903,4852
050,13,089,"Georgia","DeKalb County",3,7,9740,4945,4795
050,13,089,"Georgia","DeKalb County",3,8,9525,4861,4664
050,13,089,"Georgia","DeKalb County",3,9,9424,4794,4630
050,13,089,"Georgia","DeKalb County",3,10,9464,4878,4586
050,13,089,"Georgia","DeKalb County",3,11,9490,4910,4580
050,13,089,"Georgia","DeKalb County",3,12,9677,4866,4811
050,13,089,"Georgia","DeKalb County",3,13,9877,4974,4903
050,13,089,"Georgia","DeKalb County",3,14,9756,5008,4748
050,13,089,"Georgia","DeKalb County",3,15,9426,4848,4578
050,13,089,"Georgia","DeKalb County",3,16,9085,4631,4454
050,13,089,"Georgia","DeKalb County",3,17,9137,4592,4545
050,13,089,"Georgia","DeKalb County",3,18,8935,4428,4507
050,13,089,"Georgia","DeKalb County",3,19,9146,4427,4719
050,13,089,"Georgia","DeKalb County",3,20,9297,4475,4822
050,13,089,"Georgia","DeKalb County",3,21,9125,4403,4722
050,13,089,"Georgia","DeKalb County",3,22,8803,4186,4617
050,13,089,"Georgia","DeKalb County",3,23,9160,4239,4921
050,13,089,"Georgia","DeKalb County",3,24,9948,4568,5380
050,13,089,"Georgia","DeKalb County",3,25,10579,4882,5697
050,13,089,"Georgia","DeKalb County",3,26,11137,5259,5878
050,13,089,"Georgia","DeKalb County",3,27,12282,5727,6555
050,13,089,"Georgia","DeKalb County",3,28,12487,5935,6552
050,13,089,"Georgia","DeKalb County",3,29,13063,6120,6943
050,13,089,"Georgia","DeKalb County",3,30,13279,6273,7006
050,13,089,"Georgia","DeKalb County",3,31,13487,6369,7118
050,13,089,"Georgia","DeKalb County",3,32,13123,6382,6741
050,13,089,"Georgia","DeKalb County",3,33,12783,6197,6586
050,13,089,"Georgia","DeKalb County",3,34,12255,5937,6318
050,13,089,"Georgia","DeKalb County",3,35,11902,5770,6132
050,13,089,"Georgia","DeKalb County",3,36,11429,5537,5892
050,13,089,"Georgia","DeKalb County",3,37,11181,5482,5699
050,13,089,"Georgia","DeKalb County",3,38,11331,5515,5816
050,13,089,"Georgia","DeKalb County",3,39,11292,5388,5904
050,13,089,"Georgia","DeKalb County",3,40,10864,5147,5717
050,13,089,"Georgia","DeKalb County",3,41,10878,5174,5704
050,13,089,"Georgia","DeKalb County",3,42,10462,4967,5495
050,13,089,"Georgia","DeKalb County",3,43,10011,4811,5200
050,13,089,"Georgia","DeKalb County",3,44,9871,4672,5199
050,13,089,"Georgia","DeKalb County",3,45,9429,4425,5004
050,13,089,"Georgia","DeKalb County",3,46,9664,4599,5065
050,13,089,"Georgia","DeKalb County",3,47,9330,4391,4939
050,13,089,"Georgia","DeKalb County",3,48,9419,4519,4900
050,13,089,"Georgia","DeKalb County",3,49,9875,4807,5068
050,13,089,"Georgia","DeKalb County",3,50,10418,4960,5458
050,13,089,"Georgia","DeKalb County",3,51,10182,4883,5299
050,13,089,"Georgia","DeKalb County",3,52,9485,4533,4952
050,13,089,"Georgia","DeKalb County",3,53,9096,4380,4716
050,13,089,"Georgia","DeKalb County",3,54,9079,4341,4738
050,13,089,"Georgia","DeKalb County",3,55,9216,4378,4838
050,13,089,"Georgia","DeKalb County",3,56,9421,4483,4938
050,13,089,"Georgia","DeKalb County",3,57,9458,4489,4969
050,13,089,"Georgia","DeKalb County",3,58,9447,4381,5066
050,13,089,"Georgia","DeKalb County",3,59,9135,4250,4885
050,13,089,"Georgia","DeKalb County",3,60,9045,4219,4826
050,13,089,"Georgia","DeKalb County",3,61,8797,4018,4779
050,13,089,"Georgia","DeKalb County",3,62,8616,3837,4779
050,13,089,"Georgia","DeKalb County",3,63,8399,3756,4643
050,13,089,"Georgia","DeKalb County",3,64,8018,3510,4508
050,13,089,"Georgia","DeKalb County",3,65,7694,3392,4302
050,13,089,"Georgia","DeKalb County",3,66,7534,3310,4224
050,13,089,"Georgia","DeKalb County",3,67,7182,3128,4054
050,13,089,"Georgia","DeKalb County",3,68,6790,2951,3839
050,13,089,"Georgia","DeKalb County",3,69,6676,2848,3828
050,13,089,"Georgia","DeKalb County",3,70,6381,2693,3688
050,13,089,"Georgia","DeKalb County",3,71,6010,2553,3457
050,13,089,"Georgia","DeKalb County",3,72,5679,2406,3273
050,13,089,"Georgia","DeKalb County",3,73,5363,2263,3100
050,13,089,"Georgia","DeKalb County",3,74,5307,2264,3043
050,13,089,"Georgia","DeKalb County",3,75,3826,1600,2226
050,13,089,"Georgia","DeKalb County",3,76,3702,1531,2171
050,13,089,"Georgia","DeKalb County",3,77,3394,1401,1993
050,13,089,"Georgia","DeKalb County",3,78,3290,1372,1918
050,13,089,"Georgia","DeKalb County",3,79,2774,1147,1627
050,13,089,"Georgia","DeKalb County",3,80,2398,1000,1398
050,13,089,"Georgia","DeKalb County",3,81,2186,905,1281
050,13,089,"Georgia","DeKalb County",3,82,1955,766,1189
050,13,089,"Georgia","DeKalb County",3,83,1804,694,1110
050,13,089,"Georgia","DeKalb County",3,84,1597,620,977
050,13,089,"Georgia","DeKalb County",3,85,9665,3228,6437
050,13,089,"Georgia","DeKalb County",4,0,10096,5160,4936
050,13,089,"Georgia","DeKalb County",4,1,9565,4902,4663
050,13,089,"Georgia","DeKalb County",4,2,9828,4952,4876
050,13,089,"Georgia","DeKalb County",4,3,9736,4933,4803
050,13,089,"Georgia","DeKalb County",4,4,9984,5126,4858
050,13,089,"Georgia","DeKalb County",4,5,9794,5030,4764
050,13,089,"Georgia","DeKalb County",4,6,9625,4881,4744
050,13,089,"Georgia","DeKalb County",4,7,9614,4874,4740
050,13,089,"Georgia","DeKalb County",4,8,9597,4893,4704
050,13,089,"Georgia","DeKalb County",4,9,9381,4769,4612
050,13,089,"Georgia","DeKalb County",4,10,9313,4720,4593
050,13,089,"Georgia","DeKalb County",4,11,9352,4846,4506
050,13,089,"Georgia","DeKalb County",4,12,9409,4810,4599
050,13,089,"Georgia","DeKalb County",4,13,9662,4865,4797
050,13,089,"Georgia","DeKalb County",4,14,9876,4991,4885
050,13,089,"Georgia","DeKalb County",4,15,9737,4962,4775
050,13,089,"Georgia","DeKalb County",4,16,9459,4834,4625
050,13,089,"Georgia","DeKalb County",4,17,9143,4586,4557
050,13,089,"Georgia","DeKalb County",4,18,8900,4373,4527
050,13,089,"Georgia","DeKalb County",4,19,8815,4345,4470
050,13,089,"Georgia","DeKalb County",4,20,9030,4405,4625
050,13,089,"Georgia","DeKalb County",4,21,9202,4401,4801
050,13,089,"Georgia","DeKalb County",4,22,9120,4324,4796
050,13,089,"Georgia","DeKalb County",4,23,9226,4303,4923
050,13,089,"Georgia","DeKalb County",4,24,9975,4650,5325
050,13,089,"Georgia","DeKalb County",4,25,10647,4907,5740
050,13,089,"Georgia","DeKalb County",4,26,11193,5157,6036
050,13,089,"Georgia","DeKalb County",4,27,11786,5560,6226
050,13,089,"Georgia","DeKalb County",4,28,12752,6011,6741
050,13,089,"Georgia","DeKalb County",4,29,12638,5950,6688
050,13,089,"Georgia","DeKalb County",4,30,13214,6230,6984
050,13,089,"Georgia","DeKalb County",4,31,13484,6260,7224
050,13,089,"Georgia","DeKalb County",4,32,13525,6369,7156
050,13,089,"Georgia","DeKalb County",4,33,13110,6356,6754
050,13,089,"Georgia","DeKalb County",4,34,12722,6182,6540
050,13,089,"Georgia","DeKalb County",4,35,12049,5848,6201
050,13,089,"Georgia","DeKalb County",4,36,11711,5677,6034
050,13,089,"Georgia","DeKalb County",4,37,11301,5475,5826
050,13,089,"Georgia","DeKalb County",4,38,10939,5296,5643
050,13,089,"Georgia","DeKalb County",4,39,11177,5456,5721
050,13,089,"Georgia","DeKalb County",4,40,11050,5267,5783
050,13,089,"Georgia","DeKalb County",4,41,10687,5045,5642
050,13,089,"Georgia","DeKalb County",4,42,10628,5036,5592
050,13,089,"Georgia","DeKalb County",4,43,10380,4909,5471
050,13,089,"Georgia","DeKalb County",4,44,9841,4680,5161
050,13,089,"Georgia","DeKalb County",4,45,9689,4527,5162
050,13,089,"Georgia","DeKalb County",4,46,9335,4374,4961
050,13,089,"Georgia","DeKalb County",4,47,9558,4550,5008
050,13,089,"Georgia","DeKalb County",4,48,9197,4288,4909
050,13,089,"Georgia","DeKalb County",4,49,9291,4464,4827
050,13,089,"Georgia","DeKalb County",4,50,9911,4837,5074
050,13,089,"Georgia","DeKalb County",4,51,10364,4927,5437
050,13,089,"Georgia","DeKalb County",4,52,9986,4784,5202
050,13,089,"Georgia","DeKalb County",4,53,9323,4477,4846
050,13,089,"Georgia","DeKalb County",4,54,8943,4299,4644
050,13,089,"Georgia","DeKalb County",4,55,8939,4264,4675
050,13,089,"Georgia","DeKalb County",4,56,9024,4275,4749
050,13,089,"Georgia","DeKalb County",4,57,9308,4379,4929
050,13,089,"Georgia","DeKalb County",4,58,9369,4349,5020
050,13,089,"Georgia","DeKalb County",4,59,9323,4328,4995
050,13,089,"Georgia","DeKalb County",4,60,8960,4173,4787
050,13,089,"Georgia","DeKalb County",4,61,8897,4103,4794
050,13,089,"Georgia","DeKalb County",4,62,8578,3913,4665
050,13,089,"Georgia","DeKalb County",4,63,8418,3758,4660
050,13,089,"Georgia","DeKalb County",4,64,8210,3679,4531
050,13,089,"Georgia","DeKalb County",4,65,7833,3426,4407
050,13,089,"Georgia","DeKalb County",4,66,7511,3299,4212
050,13,089,"Georgia","DeKalb County",4,67,7300,3207,4093
050,13,089,"Georgia","DeKalb County",4,68,6982,3024,3958
050,13,089,"Georgia","DeKalb County",4,69,6622,2877,3745
050,13,089,"Georgia","DeKalb County",4,70,6506,2766,3740
050,13,089,"Georgia","DeKalb County",4,71,6246,2608,3638
050,13,089,"Georgia","DeKalb County",4,72,5840,2462,3378
050,13,089,"Georgia","DeKalb County",4,73,5505,2303,3202
050,13,089,"Georgia","DeKalb County",4,74,5245,2187,3058
050,13,089,"Georgia","DeKalb County",4,75,5192,2184,3008
050,13,089,"Georgia","DeKalb County",4,76,3715,1539,2176
050,13,089,"Georgia","DeKalb County",4,77,3606,1477,2129
050,13,089,"Georgia","DeKalb County",4,78,3275,1348,1927
050,13,089,"Georgia","DeKalb County",4,79,3174,1325,1849
050,13,089,"Georgia","DeKalb County",4,80,2676,1097,1579
050,13,089,"Georgia","DeKalb County",4,81,2303,949,1354
050,13,089,"Georgia","DeKalb County",4,82,2074,851,1223
050,13,089,"Georgia","DeKalb County",4,83,1851,713,1138
050,13,089,"Georgia","DeKalb County",4,84,1711,647,1064
050,13,089,"Georgia","DeKalb County",4,85,9716,3333,6383
050,13,089,"Georgia","DeKalb County",5,0,10160,5186,4974
050,13,089,"Georgia","DeKalb County",5,1,9599,4916,4683
050,13,089,"Georgia","DeKalb County",5,2,9364,4739,4625
050,13,089,"Georgia","DeKalb County",5,3,9598,4891,4707
050,13,089,"Georgia","DeKalb County",5,4,9458,4805,4653
050,13,089,"Georgia","DeKalb County",5,5,9851,5057,4794
050,13,089,"Georgia","DeKalb County",5,6,9541,4868,4673
050,13,089,"Georgia","DeKalb County",5,7,9424,4809,4615
050,13,089,"Georgia","DeKalb County",5,8,9470,4764,4706
050,13,089,"Georgia","DeKalb County",5,9,9470,4797,4673
050,13,089,"Georgia","DeKalb County",5,10,9175,4664,4511
050,13,089,"Georgia","DeKalb County",5,11,9154,4663,4491
050,13,089,"Georgia","DeKalb County",5,12,9161,4729,4432
050,13,089,"Georgia","DeKalb County",5,13,9212,4664,4548
050,13,089,"Georgia","DeKalb County",5,14,9631,4848,4783
050,13,089,"Georgia","DeKalb County",5,15,9797,4928,4869
050,13,089,"Georgia","DeKalb County",5,16,9625,4882,4743
050,13,089,"Georgia","DeKalb County",5,17,9371,4740,4631
050,13,089,"Georgia","DeKalb County",5,18,8960,4430,4530
050,13,089,"Georgia","DeKalb County",5,19,9244,4506,4738
050,13,089,"Georgia","DeKalb County",5,20,9182,4486,4696
050,13,089,"Georgia","DeKalb County",5,21,9092,4405,4687
050,13,089,"Georgia","DeKalb County",5,22,9163,4311,4852
050,13,089,"Georgia","DeKalb County",5,23,9514,4513,5001
050,13,089,"Georgia","DeKalb County",5,24,9923,4574,5349
050,13,089,"Georgia","DeKalb County",5,25,10596,4887,5709
050,13,089,"Georgia","DeKalb County",5,26,11055,5114,5941
050,13,089,"Georgia","DeKalb County",5,27,11451,5357,6094
050,13,089,"Georgia","DeKalb County",5,28,11796,5510,6286
050,13,089,"Georgia","DeKalb County",5,29,12886,5993,6893
050,13,089,"Georgia","DeKalb County",5,30,12582,5946,6636
050,13,089,"Georgia","DeKalb County",5,31,13288,6296,6992
050,13,089,"Georgia","DeKalb County",5,32,13388,6301,7087
050,13,089,"Georgia","DeKalb County",5,33,13602,6443,7159
050,13,089,"Georgia","DeKalb County",5,34,13138,6427,6711
050,13,089,"Georgia","DeKalb County",5,35,12598,6144,6454
050,13,089,"Georgia","DeKalb County",5,36,12002,5845,6157
050,13,089,"Georgia","DeKalb County",5,37,11611,5626,5985
050,13,089,"Georgia","DeKalb County",5,38,11026,5310,5716
050,13,089,"Georgia","DeKalb County",5,39,10708,5161,5547
050,13,089,"Georgia","DeKalb County",5,40,10989,5394,5595
050,13,089,"Georgia","DeKalb County",5,41,10881,5227,5654
050,13,089,"Georgia","DeKalb County",5,42,10531,4972,5559
050,13,089,"Georgia","DeKalb County",5,43,10447,4916,5531
050,13,089,"Georgia","DeKalb County",5,44,10171,4728,5443
050,13,089,"Georgia","DeKalb County",5,45,9604,4524,5080
050,13,089,"Georgia","DeKalb County",5,46,9532,4434,5098
050,13,089,"Georgia","DeKalb County",5,47,9136,4264,4872
050,13,089,"Georgia","DeKalb County",5,48,9478,4517,4961
050,13,089,"Georgia","DeKalb County",5,49,9097,4246,4851
050,13,089,"Georgia","DeKalb County",5,50,9133,4385,4748
050,13,089,"Georgia","DeKalb County",5,51,9807,4811,4996
050,13,089,"Georgia","DeKalb County",5,52,10170,4827,5343
050,13,089,"Georgia","DeKalb County",5,53,9826,4679,5147
050,13,089,"Georgia","DeKalb County",5,54,9163,4370,4793
050,13,089,"Georgia","DeKalb County",5,55,8774,4224,4550
050,13,089,"Georgia","DeKalb County",5,56,8798,4155,4643
050,13,089,"Georgia","DeKalb County",5,57,8967,4241,4726
050,13,089,"Georgia","DeKalb County",5,58,9233,4326,4907
050,13,089,"Georgia","DeKalb County",5,59,9274,4336,4938
050,13,089,"Georgia","DeKalb County",5,60,9160,4267,4893
050,13,089,"Georgia","DeKalb County",5,61,8749,4073,4676
050,13,089,"Georgia","DeKalb County",5,62,8727,4040,4687
050,13,089,"Georgia","DeKalb County",5,63,8428,3822,4606
050,13,089,"Georgia","DeKalb County",5,64,8297,3729,4568
050,13,089,"Georgia","DeKalb County",5,65,8008,3579,4429
050,13,089,"Georgia","DeKalb County",5,66,7675,3335,4340
050,13,089,"Georgia","DeKalb County",5,67,7316,3189,4127
050,13,089,"Georgia","DeKalb County",5,68,7081,3094,3987
050,13,089,"Georgia","DeKalb County",5,69,6781,2919,3862
050,13,089,"Georgia","DeKalb County",5,70,6446,2790,3656
050,13,089,"Georgia","DeKalb County",5,71,6337,2699,3638
050,13,089,"Georgia","DeKalb County",5,72,6116,2544,3572
050,13,089,"Georgia","DeKalb County",5,73,5730,2387,3343
050,13,089,"Georgia","DeKalb County",5,74,5377,2237,3140
050,13,089,"Georgia","DeKalb County",5,75,5141,2137,3004
050,13,089,"Georgia","DeKalb County",5,76,5049,2122,2927
050,13,089,"Georgia","DeKalb County",5,77,3593,1485,2108
050,13,089,"Georgia","DeKalb County",5,78,3472,1428,2044
050,13,089,"Georgia","DeKalb County",5,79,3192,1328,1864
050,13,089,"Georgia","DeKalb County",5,80,3078,1286,1792
050,13,089,"Georgia","DeKalb County",5,81,2546,1028,1518
050,13,089,"Georgia","DeKalb County",5,82,2181,893,1288
050,13,089,"Georgia","DeKalb County",5,83,1967,796,1171
050,13,089,"Georgia","DeKalb County",5,84,1745,673,1072
050,13,089,"Georgia","DeKalb County",5,85,9923,3512,6411
050,13,091,"Georgia","Dodge County",1,0,193,99,94
050,13,091,"Georgia","Dodge County",1,1,195,105,90
050,13,091,"Georgia","Dodge County",1,2,201,104,97
050,13,091,"Georgia","Dodge County",1,3,179,87,92
050,13,091,"Georgia","Dodge County",1,4,200,100,100
050,13,091,"Georgia","Dodge County",1,5,211,117,94
050,13,091,"Georgia","Dodge County",1,6,201,108,93
050,13,091,"Georgia","Dodge County",1,7,224,108,116
050,13,091,"Georgia","Dodge County",1,8,194,88,106
050,13,091,"Georgia","Dodge County",1,9,201,99,102
050,13,091,"Georgia","Dodge County",1,10,220,117,103
050,13,091,"Georgia","Dodge County",1,11,248,120,128
050,13,091,"Georgia","Dodge County",1,12,249,118,131
050,13,091,"Georgia","Dodge County",1,13,232,123,109
050,13,091,"Georgia","Dodge County",1,14,215,108,107
050,13,091,"Georgia","Dodge County",1,15,232,123,109
050,13,091,"Georgia","Dodge County",1,16,236,125,111
050,13,091,"Georgia","Dodge County",1,17,240,137,103
050,13,091,"Georgia","Dodge County",1,18,231,147,84
050,13,091,"Georgia","Dodge County",1,19,218,139,79
050,13,091,"Georgia","Dodge County",1,20,214,129,85
050,13,091,"Georgia","Dodge County",1,21,240,149,91
050,13,091,"Georgia","Dodge County",1,22,218,122,96
050,13,091,"Georgia","Dodge County",1,23,209,112,97
050,13,091,"Georgia","Dodge County",1,24,235,139,96
050,13,091,"Georgia","Dodge County",1,25,236,134,102
050,13,091,"Georgia","Dodge County",1,26,227,138,89
050,13,091,"Georgia","Dodge County",1,27,267,158,109
050,13,091,"Georgia","Dodge County",1,28,270,153,117
050,13,091,"Georgia","Dodge County",1,29,290,167,123
050,13,091,"Georgia","Dodge County",1,30,285,162,123
050,13,091,"Georgia","Dodge County",1,31,290,173,117
050,13,091,"Georgia","Dodge County",1,32,235,140,95
050,13,091,"Georgia","Dodge County",1,33,233,144,89
050,13,091,"Georgia","Dodge County",1,34,252,150,102
050,13,091,"Georgia","Dodge County",1,35,257,149,108
050,13,091,"Georgia","Dodge County",1,36,228,131,97
050,13,091,"Georgia","Dodge County",1,37,251,149,102
050,13,091,"Georgia","Dodge County",1,38,240,118,122
050,13,091,"Georgia","Dodge County",1,39,275,144,131
050,13,091,"Georgia","Dodge County",1,40,263,147,116
050,13,091,"Georgia","Dodge County",1,41,272,152,120
050,13,091,"Georgia","Dodge County",1,42,253,140,113
050,13,091,"Georgia","Dodge County",1,43,260,148,112
050,13,091,"Georgia","Dodge County",1,44,256,145,111
050,13,091,"Georgia","Dodge County",1,45,245,132,113
050,13,091,"Georgia","Dodge County",1,46,256,141,115
050,13,091,"Georgia","Dodge County",1,47,273,144,129
050,13,091,"Georgia","Dodge County",1,48,302,151,151
050,13,091,"Georgia","Dodge County",1,49,369,205,164
050,13,091,"Georgia","Dodge County",1,50,315,162,153
050,13,091,"Georgia","Dodge County",1,51,280,143,137
050,13,091,"Georgia","Dodge County",1,52,293,159,134
050,13,091,"Georgia","Dodge County",1,53,286,160,126
050,13,091,"Georgia","Dodge County",1,54,298,154,144
050,13,091,"Georgia","Dodge County",1,55,295,154,141
050,13,091,"Georgia","Dodge County",1,56,278,145,133
050,13,091,"Georgia","Dodge County",1,57,295,159,136
050,13,091,"Georgia","Dodge County",1,58,277,137,140
050,13,091,"Georgia","Dodge County",1,59,253,123,130
050,13,091,"Georgia","Dodge County",1,60,291,149,142
050,13,091,"Georgia","Dodge County",1,61,279,150,129
050,13,091,"Georgia","Dodge County",1,62,273,130,143
050,13,091,"Georgia","Dodge County",1,63,272,143,129
050,13,091,"Georgia","Dodge County",1,64,269,133,136
050,13,091,"Georgia","Dodge County",1,65,249,116,133
050,13,091,"Georgia","Dodge County",1,66,236,113,123
050,13,091,"Georgia","Dodge County",1,67,248,122,126
050,13,091,"Georgia","Dodge County",1,68,257,119,138
050,13,091,"Georgia","Dodge County",1,69,215,97,118
050,13,091,"Georgia","Dodge County",1,70,192,89,103
050,13,091,"Georgia","Dodge County",1,71,195,100,95
050,13,091,"Georgia","Dodge County",1,72,208,106,102
050,13,091,"Georgia","Dodge County",1,73,214,107,107
050,13,091,"Georgia","Dodge County",1,74,161,71,90
050,13,091,"Georgia","Dodge County",1,75,158,66,92
050,13,091,"Georgia","Dodge County",1,76,157,61,96
050,13,091,"Georgia","Dodge County",1,77,146,61,85
050,13,091,"Georgia","Dodge County",1,78,131,55,76
050,13,091,"Georgia","Dodge County",1,79,101,36,65
050,13,091,"Georgia","Dodge County",1,80,103,44,59
050,13,091,"Georgia","Dodge County",1,81,98,55,43
050,13,091,"Georgia","Dodge County",1,82,109,50,59
050,13,091,"Georgia","Dodge County",1,83,89,34,55
050,13,091,"Georgia","Dodge County",1,84,88,33,55
050,13,091,"Georgia","Dodge County",1,85,371,121,250
050,13,091,"Georgia","Dodge County",2,0,185,101,84
050,13,091,"Georgia","Dodge County",2,1,195,104,91
050,13,091,"Georgia","Dodge County",2,2,197,103,94
050,13,091,"Georgia","Dodge County",2,3,181,90,91
050,13,091,"Georgia","Dodge County",2,4,194,97,97
050,13,091,"Georgia","Dodge County",2,5,205,110,95
050,13,091,"Georgia","Dodge County",2,6,202,110,92
050,13,091,"Georgia","Dodge County",2,7,217,106,111
050,13,091,"Georgia","Dodge County",2,8,201,93,108
050,13,091,"Georgia","Dodge County",2,9,199,96,103
050,13,091,"Georgia","Dodge County",2,10,215,113,102
050,13,091,"Georgia","Dodge County",2,11,240,119,121
050,13,091,"Georgia","Dodge County",2,12,249,119,130
050,13,091,"Georgia","Dodge County",2,13,233,120,113
050,13,091,"Georgia","Dodge County",2,14,217,111,106
050,13,091,"Georgia","Dodge County",2,15,228,120,108
050,13,091,"Georgia","Dodge County",2,16,236,127,109
050,13,091,"Georgia","Dodge County",2,17,242,138,104
050,13,091,"Georgia","Dodge County",2,18,232,146,86
050,13,091,"Georgia","Dodge County",2,19,218,139,79
050,13,091,"Georgia","Dodge County",2,20,215,128,87
050,13,091,"Georgia","Dodge County",2,21,241,149,92
050,13,091,"Georgia","Dodge County",2,22,218,122,96
050,13,091,"Georgia","Dodge County",2,23,211,114,97
050,13,091,"Georgia","Dodge County",2,24,229,135,94
050,13,091,"Georgia","Dodge County",2,25,234,135,99
050,13,091,"Georgia","Dodge County",2,26,227,136,91
050,13,091,"Georgia","Dodge County",2,27,258,154,104
050,13,091,"Georgia","Dodge County",2,28,264,152,112
050,13,091,"Georgia","Dodge County",2,29,286,166,120
050,13,091,"Georgia","Dodge County",2,30,289,165,124
050,13,091,"Georgia","Dodge County",2,31,288,169,119
050,13,091,"Georgia","Dodge County",2,32,244,144,100
050,13,091,"Georgia","Dodge County",2,33,234,145,89
050,13,091,"Georgia","Dodge County",2,34,245,146,99
050,13,091,"Georgia","Dodge County",2,35,259,153,106
050,13,091,"Georgia","Dodge County",2,36,231,132,99
050,13,091,"Georgia","Dodge County",2,37,248,148,100
050,13,091,"Georgia","Dodge County",2,38,240,124,116
050,13,091,"Georgia","Dodge County",2,39,263,136,127
050,13,091,"Georgia","Dodge County",2,40,268,147,121
050,13,091,"Georgia","Dodge County",2,41,269,153,116
050,13,091,"Georgia","Dodge County",2,42,255,141,114
050,13,091,"Georgia","Dodge County",2,43,263,149,114
050,13,091,"Georgia","Dodge County",2,44,253,144,109
050,13,091,"Georgia","Dodge County",2,45,246,132,114
050,13,091,"Georgia","Dodge County",2,46,252,139,113
050,13,091,"Georgia","Dodge County",2,47,268,143,125
050,13,091,"Georgia","Dodge County",2,48,293,147,146
050,13,091,"Georgia","Dodge County",2,49,363,201,162
050,13,091,"Georgia","Dodge County",2,50,323,168,155
050,13,091,"Georgia","Dodge County",2,51,284,143,141
050,13,091,"Georgia","Dodge County",2,52,294,157,137
050,13,091,"Georgia","Dodge County",2,53,289,160,129
050,13,091,"Georgia","Dodge County",2,54,295,156,139
050,13,091,"Georgia","Dodge County",2,55,295,153,142
050,13,091,"Georgia","Dodge County",2,56,278,144,134
050,13,091,"Georgia","Dodge County",2,57,290,155,135
050,13,091,"Georgia","Dodge County",2,58,282,142,140
050,13,091,"Georgia","Dodge County",2,59,260,127,133
050,13,091,"Georgia","Dodge County",2,60,283,145,138
050,13,091,"Georgia","Dodge County",2,61,279,148,131
050,13,091,"Georgia","Dodge County",2,62,274,135,139
050,13,091,"Georgia","Dodge County",2,63,274,142,132
050,13,091,"Georgia","Dodge County",2,64,268,134,134
050,13,091,"Georgia","Dodge County",2,65,251,119,132
050,13,091,"Georgia","Dodge County",2,66,236,111,125
050,13,091,"Georgia","Dodge County",2,67,242,118,124
050,13,091,"Georgia","Dodge County",2,68,253,118,135
050,13,091,"Georgia","Dodge County",2,69,228,103,125
050,13,091,"Georgia","Dodge County",2,70,194,90,104
050,13,091,"Georgia","Dodge County",2,71,194,96,98
050,13,091,"Georgia","Dodge County",2,72,200,101,99
050,13,091,"Georgia","Dodge County",2,73,224,113,111
050,13,091,"Georgia","Dodge County",2,74,162,73,89
050,13,091,"Georgia","Dodge County",2,75,157,67,90
050,13,091,"Georgia","Dodge County",2,76,154,61,93
050,13,091,"Georgia","Dodge County",2,77,149,63,86
050,13,091,"Georgia","Dodge County",2,78,130,54,76
050,13,091,"Georgia","Dodge County",2,79,109,41,68
050,13,091,"Georgia","Dodge County",2,80,101,41,60
050,13,091,"Georgia","Dodge County",2,81,98,51,47
050,13,091,"Georgia","Dodge County",2,82,103,48,55
050,13,091,"Georgia","Dodge County",2,83,91,38,53
050,13,091,"Georgia","Dodge County",2,84,86,32,54
050,13,091,"Georgia","Dodge County",2,85,379,123,256
050,13,091,"Georgia","Dodge County",3,0,182,99,83
050,13,091,"Georgia","Dodge County",3,1,194,111,83
050,13,091,"Georgia","Dodge County",3,2,203,109,94
050,13,091,"Georgia","Dodge County",3,3,197,104,93
050,13,091,"Georgia","Dodge County",3,4,174,87,87
050,13,091,"Georgia","Dodge County",3,5,193,99,94
050,13,091,"Georgia","Dodge County",3,6,209,116,93
050,13,091,"Georgia","Dodge County",3,7,200,108,92
050,13,091,"Georgia","Dodge County",3,8,214,110,104
050,13,091,"Georgia","Dodge County",3,9,196,93,103
050,13,091,"Georgia","Dodge County",3,10,195,100,95
050,13,091,"Georgia","Dodge County",3,11,209,103,106
050,13,091,"Georgia","Dodge County",3,12,229,109,120
050,13,091,"Georgia","Dodge County",3,13,246,120,126
050,13,091,"Georgia","Dodge County",3,14,226,114,112
050,13,091,"Georgia","Dodge County",3,15,216,117,99
050,13,091,"Georgia","Dodge County",3,16,240,130,110
050,13,091,"Georgia","Dodge County",3,17,255,143,112
050,13,091,"Georgia","Dodge County",3,18,236,146,90
050,13,091,"Georgia","Dodge County",3,19,208,139,69
050,13,091,"Georgia","Dodge County",3,20,203,120,83
050,13,091,"Georgia","Dodge County",3,21,235,147,88
050,13,091,"Georgia","Dodge County",3,22,213,112,101
050,13,091,"Georgia","Dodge County",3,23,229,121,108
050,13,091,"Georgia","Dodge County",3,24,229,131,98
050,13,091,"Georgia","Dodge County",3,25,245,144,101
050,13,091,"Georgia","Dodge County",3,26,227,120,107
050,13,091,"Georgia","Dodge County",3,27,228,142,86
050,13,091,"Georgia","Dodge County",3,28,239,130,109
050,13,091,"Georgia","Dodge County",3,29,278,159,119
050,13,091,"Georgia","Dodge County",3,30,310,179,131
050,13,091,"Georgia","Dodge County",3,31,300,168,132
050,13,091,"Georgia","Dodge County",3,32,281,161,120
050,13,091,"Georgia","Dodge County",3,33,248,147,101
050,13,091,"Georgia","Dodge County",3,34,216,129,87
050,13,091,"Georgia","Dodge County",3,35,245,149,96
050,13,091,"Georgia","Dodge County",3,36,245,138,107
050,13,091,"Georgia","Dodge County",3,37,229,135,94
050,13,091,"Georgia","Dodge County",3,38,231,140,91
050,13,091,"Georgia","Dodge County",3,39,244,125,119
050,13,091,"Georgia","Dodge County",3,40,248,119,129
050,13,091,"Georgia","Dodge County",3,41,283,156,127
050,13,091,"Georgia","Dodge County",3,42,247,133,114
050,13,091,"Georgia","Dodge County",3,43,259,145,114
050,13,091,"Georgia","Dodge County",3,44,268,149,119
050,13,091,"Georgia","Dodge County",3,45,240,131,109
050,13,091,"Georgia","Dodge County",3,46,246,134,112
050,13,091,"Georgia","Dodge County",3,47,249,139,110
050,13,091,"Georgia","Dodge County",3,48,257,130,127
050,13,091,"Georgia","Dodge County",3,49,325,181,144
050,13,091,"Georgia","Dodge County",3,50,335,176,159
050,13,091,"Georgia","Dodge County",3,51,311,155,156
050,13,091,"Georgia","Dodge County",3,52,285,144,141
050,13,091,"Georgia","Dodge County",3,53,283,156,127
050,13,091,"Georgia","Dodge County",3,54,276,154,122
050,13,091,"Georgia","Dodge County",3,55,296,153,143
050,13,091,"Georgia","Dodge County",3,56,287,144,143
050,13,091,"Georgia","Dodge County",3,57,274,141,133
050,13,091,"Georgia","Dodge County",3,58,278,147,131
050,13,091,"Georgia","Dodge County",3,59,282,142,140
050,13,091,"Georgia","Dodge County",3,60,264,130,134
050,13,091,"Georgia","Dodge County",3,61,267,130,137
050,13,091,"Georgia","Dodge County",3,62,273,144,129
050,13,091,"Georgia","Dodge County",3,63,273,138,135
050,13,091,"Georgia","Dodge County",3,64,266,140,126
050,13,091,"Georgia","Dodge County",3,65,253,122,131
050,13,091,"Georgia","Dodge County",3,66,239,105,134
050,13,091,"Georgia","Dodge County",3,67,224,105,119
050,13,091,"Georgia","Dodge County",3,68,235,121,114
050,13,091,"Georgia","Dodge County",3,69,247,116,131
050,13,091,"Georgia","Dodge County",3,70,216,98,118
050,13,091,"Georgia","Dodge County",3,71,190,89,101
050,13,091,"Georgia","Dodge County",3,72,186,90,96
050,13,091,"Georgia","Dodge County",3,73,198,100,98
050,13,091,"Georgia","Dodge County",3,74,211,105,106
050,13,091,"Georgia","Dodge County",3,75,154,70,84
050,13,091,"Georgia","Dodge County",3,76,149,61,88
050,13,091,"Georgia","Dodge County",3,77,142,55,87
050,13,091,"Georgia","Dodge County",3,78,143,58,85
050,13,091,"Georgia","Dodge County",3,79,123,51,72
050,13,091,"Georgia","Dodge County",3,80,96,37,59
050,13,091,"Georgia","Dodge County",3,81,97,37,60
050,13,091,"Georgia","Dodge County",3,82,86,39,47
050,13,091,"Georgia","Dodge County",3,83,91,42,49
050,13,091,"Georgia","Dodge County",3,84,90,36,54
050,13,091,"Georgia","Dodge County",3,85,395,133,262
050,13,091,"Georgia","Dodge County",4,0,180,93,87
050,13,091,"Georgia","Dodge County",4,1,175,92,83
050,13,091,"Georgia","Dodge County",4,2,196,110,86
050,13,091,"Georgia","Dodge County",4,3,206,112,94
050,13,091,"Georgia","Dodge County",4,4,199,103,96
050,13,091,"Georgia","Dodge County",4,5,191,96,95
050,13,091,"Georgia","Dodge County",4,6,178,95,83
050,13,091,"Georgia","Dodge County",4,7,211,120,91
050,13,091,"Georgia","Dodge County",4,8,204,111,93
050,13,091,"Georgia","Dodge County",4,9,225,114,111
050,13,091,"Georgia","Dodge County",4,10,192,97,95
050,13,091,"Georgia","Dodge County",4,11,201,107,94
050,13,091,"Georgia","Dodge County",4,12,208,102,106
050,13,091,"Georgia","Dodge County",4,13,228,109,119
050,13,091,"Georgia","Dodge County",4,14,238,113,125
050,13,091,"Georgia","Dodge County",4,15,225,116,109
050,13,091,"Georgia","Dodge County",4,16,240,129,111
050,13,091,"Georgia","Dodge County",4,17,251,142,109
050,13,091,"Georgia","Dodge County",4,18,252,159,93
050,13,091,"Georgia","Dodge County",4,19,219,139,80
050,13,091,"Georgia","Dodge County",4,20,196,124,72
050,13,091,"Georgia","Dodge County",4,21,234,145,89
050,13,091,"Georgia","Dodge County",4,22,221,120,101
050,13,091,"Georgia","Dodge County",4,23,213,114,99
050,13,091,"Georgia","Dodge County",4,24,247,137,110
050,13,091,"Georgia","Dodge County",4,25,228,135,93
050,13,091,"Georgia","Dodge County",4,26,224,126,98
050,13,091,"Georgia","Dodge County",4,27,244,136,108
050,13,091,"Georgia","Dodge County",4,28,216,129,87
050,13,091,"Georgia","Dodge County",4,29,252,146,106
050,13,091,"Georgia","Dodge County",4,30,283,168,115
050,13,091,"Georgia","Dodge County",4,31,324,195,129
050,13,091,"Georgia","Dodge County",4,32,285,165,120
050,13,091,"Georgia","Dodge County",4,33,293,178,115
050,13,091,"Georgia","Dodge County",4,34,239,138,101
050,13,091,"Georgia","Dodge County",4,35,225,140,85
050,13,091,"Georgia","Dodge County",4,36,240,137,103
050,13,091,"Georgia","Dodge County",4,37,261,149,112
050,13,091,"Georgia","Dodge County",4,38,221,127,94
050,13,091,"Georgia","Dodge County",4,39,245,150,95
050,13,091,"Georgia","Dodge County",4,40,240,126,114
050,13,091,"Georgia","Dodge County",4,41,280,148,132
050,13,091,"Georgia","Dodge County",4,42,288,153,135
050,13,091,"Georgia","Dodge County",4,43,259,142,117
050,13,091,"Georgia","Dodge County",4,44,263,148,115
050,13,091,"Georgia","Dodge County",4,45,265,144,121
050,13,091,"Georgia","Dodge County",4,46,246,142,104
050,13,091,"Georgia","Dodge County",4,47,249,137,112
050,13,091,"Georgia","Dodge County",4,48,233,122,111
050,13,091,"Georgia","Dodge County",4,49,293,167,126
050,13,091,"Georgia","Dodge County",4,50,302,155,147
050,13,091,"Georgia","Dodge County",4,51,322,160,162
050,13,091,"Georgia","Dodge County",4,52,321,166,155
050,13,091,"Georgia","Dodge County",4,53,298,155,143
050,13,091,"Georgia","Dodge County",4,54,278,154,124
050,13,091,"Georgia","Dodge County",4,55,271,149,122
050,13,091,"Georgia","Dodge County",4,56,280,135,145
050,13,091,"Georgia","Dodge County",4,57,284,141,143
050,13,091,"Georgia","Dodge County",4,58,273,138,135
050,13,091,"Georgia","Dodge County",4,59,274,143,131
050,13,091,"Georgia","Dodge County",4,60,283,148,135
050,13,091,"Georgia","Dodge County",4,61,244,115,129
050,13,091,"Georgia","Dodge County",4,62,265,125,140
050,13,091,"Georgia","Dodge County",4,63,286,155,131
050,13,091,"Georgia","Dodge County",4,64,275,141,134
050,13,091,"Georgia","Dodge County",4,65,258,133,125
050,13,091,"Georgia","Dodge County",4,66,247,114,133
050,13,091,"Georgia","Dodge County",4,67,235,105,130
050,13,091,"Georgia","Dodge County",4,68,233,112,121
050,13,091,"Georgia","Dodge County",4,69,238,124,114
050,13,091,"Georgia","Dodge County",4,70,240,112,128
050,13,091,"Georgia","Dodge County",4,71,209,93,116
050,13,091,"Georgia","Dodge County",4,72,191,88,103
050,13,091,"Georgia","Dodge County",4,73,185,86,99
050,13,091,"Georgia","Dodge County",4,74,183,91,92
050,13,091,"Georgia","Dodge County",4,75,204,103,101
050,13,091,"Georgia","Dodge County",4,76,143,63,80
050,13,091,"Georgia","Dodge County",4,77,138,57,81
050,13,091,"Georgia","Dodge County",4,78,140,53,87
050,13,091,"Georgia","Dodge County",4,79,139,55,84
050,13,091,"Georgia","Dodge County",4,80,119,50,69
050,13,091,"Georgia","Dodge County",4,81,97,37,60
050,13,091,"Georgia","Dodge County",4,82,88,27,61
050,13,091,"Georgia","Dodge County",4,83,77,33,44
050,13,091,"Georgia","Dodge County",4,84,90,40,50
050,13,091,"Georgia","Dodge County",4,85,437,154,283
050,13,091,"Georgia","Dodge County",5,0,175,90,85
050,13,091,"Georgia","Dodge County",5,1,177,95,82
050,13,091,"Georgia","Dodge County",5,2,167,87,80
050,13,091,"Georgia","Dodge County",5,3,194,109,85
050,13,091,"Georgia","Dodge County",5,4,200,104,96
050,13,091,"Georgia","Dodge County",5,5,197,102,95
050,13,091,"Georgia","Dodge County",5,6,191,94,97
050,13,091,"Georgia","Dodge County",5,7,194,103,91
050,13,091,"Georgia","Dodge County",5,8,198,111,87
050,13,091,"Georgia","Dodge County",5,9,205,110,95
050,13,091,"Georgia","Dodge County",5,10,207,106,101
050,13,091,"Georgia","Dodge County",5,11,193,94,99
050,13,091,"Georgia","Dodge County",5,12,198,104,94
050,13,091,"Georgia","Dodge County",5,13,200,104,96
050,13,091,"Georgia","Dodge County",5,14,226,109,117
050,13,091,"Georgia","Dodge County",5,15,248,121,127
050,13,091,"Georgia","Dodge County",5,16,226,127,99
050,13,091,"Georgia","Dodge County",5,17,252,148,104
050,13,091,"Georgia","Dodge County",5,18,249,148,101
050,13,091,"Georgia","Dodge County",5,19,231,147,84
050,13,091,"Georgia","Dodge County",5,20,211,125,86
050,13,091,"Georgia","Dodge County",5,21,217,140,77
050,13,091,"Georgia","Dodge County",5,22,227,125,102
050,13,091,"Georgia","Dodge County",5,23,227,122,105
050,13,091,"Georgia","Dodge County",5,24,232,131,101
050,13,091,"Georgia","Dodge County",5,25,262,148,114
050,13,091,"Georgia","Dodge County",5,26,225,123,102
050,13,091,"Georgia","Dodge County",5,27,235,130,105
050,13,091,"Georgia","Dodge County",5,28,233,129,104
050,13,091,"Georgia","Dodge County",5,29,212,134,78
050,13,091,"Georgia","Dodge County",5,30,255,150,105
050,13,091,"Georgia","Dodge County",5,31,286,174,112
050,13,091,"Georgia","Dodge County",5,32,324,197,127
050,13,091,"Georgia","Dodge County",5,33,299,177,122
050,13,091,"Georgia","Dodge County",5,34,274,153,121
050,13,091,"Georgia","Dodge County",5,35,238,145,93
050,13,091,"Georgia","Dodge County",5,36,200,117,83
050,13,091,"Georgia","Dodge County",5,37,246,147,99
050,13,091,"Georgia","Dodge County",5,38,246,128,118
050,13,091,"Georgia","Dodge County",5,39,221,126,95
050,13,091,"Georgia","Dodge County",5,40,243,146,97
050,13,091,"Georgia","Dodge County",5,41,254,139,115
050,13,091,"Georgia","Dodge County",5,42,262,133,129
050,13,091,"Georgia","Dodge County",5,43,288,152,136
050,13,091,"Georgia","Dodge County",5,44,259,146,113
050,13,091,"Georgia","Dodge County",5,45,249,133,116
050,13,091,"Georgia","Dodge County",5,46,262,152,110
050,13,091,"Georgia","Dodge County",5,47,250,141,109
050,13,091,"Georgia","Dodge County",5,48,230,117,113
050,13,091,"Georgia","Dodge County",5,49,263,153,110
050,13,091,"Georgia","Dodge County",5,50,273,146,127
050,13,091,"Georgia","Dodge County",5,51,294,144,150
050,13,091,"Georgia","Dodge County",5,52,333,166,167
050,13,091,"Georgia","Dodge County",5,53,329,169,160
050,13,091,"Georgia","Dodge County",5,54,296,154,142
050,13,091,"Georgia","Dodge County",5,55,275,148,127
050,13,091,"Georgia","Dodge County",5,56,264,140,124
050,13,091,"Georgia","Dodge County",5,57,270,137,133
050,13,091,"Georgia","Dodge County",5,58,278,139,139
050,13,091,"Georgia","Dodge County",5,59,268,135,133
050,13,091,"Georgia","Dodge County",5,60,271,146,125
050,13,091,"Georgia","Dodge County",5,61,266,131,135
050,13,091,"Georgia","Dodge County",5,62,242,109,133
050,13,091,"Georgia","Dodge County",5,63,268,132,136
050,13,091,"Georgia","Dodge County",5,64,279,148,131
050,13,091,"Georgia","Dodge County",5,65,271,139,132
050,13,091,"Georgia","Dodge County",5,66,247,123,124
050,13,091,"Georgia","Dodge County",5,67,235,110,125
050,13,091,"Georgia","Dodge County",5,68,238,112,126
050,13,091,"Georgia","Dodge County",5,69,231,109,122
050,13,091,"Georgia","Dodge County",5,70,227,122,105
050,13,091,"Georgia","Dodge County",5,71,238,109,129
050,13,091,"Georgia","Dodge County",5,72,207,93,114
050,13,091,"Georgia","Dodge County",5,73,186,84,102
050,13,091,"Georgia","Dodge County",5,74,176,79,97
050,13,091,"Georgia","Dodge County",5,75,181,91,90
050,13,091,"Georgia","Dodge County",5,76,196,93,103
050,13,091,"Georgia","Dodge County",5,77,136,60,76
050,13,091,"Georgia","Dodge County",5,78,134,53,81
050,13,091,"Georgia","Dodge County",5,79,136,51,85
050,13,091,"Georgia","Dodge County",5,80,129,51,78
050,13,091,"Georgia","Dodge County",5,81,120,49,71
050,13,091,"Georgia","Dodge County",5,82,88,28,60
050,13,091,"Georgia","Dodge County",5,83,83,24,59
050,13,091,"Georgia","Dodge County",5,84,76,31,45
050,13,091,"Georgia","Dodge County",5,85,477,179,298
050,13,093,"Georgia","Dooly County",1,0,91,45,46
050,13,093,"Georgia","Dooly County",1,1,84,42,42
050,13,093,"Georgia","Dooly County",1,2,80,39,41
050,13,093,"Georgia","Dooly County",1,3,90,48,42
050,13,093,"Georgia","Dooly County",1,4,93,48,45
050,13,093,"Georgia","Dooly County",1,5,86,41,45
050,13,093,"Georgia","Dooly County",1,6,92,50,42
050,13,093,"Georgia","Dooly County",1,7,90,42,48
050,13,093,"Georgia","Dooly County",1,8,102,51,51
050,13,093,"Georgia","Dooly County",1,9,107,53,54
050,13,093,"Georgia","Dooly County",1,10,107,62,45
050,13,093,"Georgia","Dooly County",1,11,103,53,50
050,13,093,"Georgia","Dooly County",1,12,119,65,54
050,13,093,"Georgia","Dooly County",1,13,104,56,48
050,13,093,"Georgia","Dooly County",1,14,115,56,59
050,13,093,"Georgia","Dooly County",1,15,123,59,64
050,13,093,"Georgia","Dooly County",1,16,126,54,72
050,13,093,"Georgia","Dooly County",1,17,119,54,65
050,13,093,"Georgia","Dooly County",1,18,116,47,69
050,13,093,"Georgia","Dooly County",1,19,119,61,58
050,13,093,"Georgia","Dooly County",1,20,133,81,52
050,13,093,"Georgia","Dooly County",1,21,131,80,51
050,13,093,"Georgia","Dooly County",1,22,116,76,40
050,13,093,"Georgia","Dooly County",1,23,140,87,53
050,13,093,"Georgia","Dooly County",1,24,137,86,51
050,13,093,"Georgia","Dooly County",1,25,131,87,44
050,13,093,"Georgia","Dooly County",1,26,137,100,37
050,13,093,"Georgia","Dooly County",1,27,130,94,36
050,13,093,"Georgia","Dooly County",1,28,163,106,57
050,13,093,"Georgia","Dooly County",1,29,151,98,53
050,13,093,"Georgia","Dooly County",1,30,149,105,44
050,13,093,"Georgia","Dooly County",1,31,133,86,47
050,13,093,"Georgia","Dooly County",1,32,130,95,35
050,13,093,"Georgia","Dooly County",1,33,129,93,36
050,13,093,"Georgia","Dooly County",1,34,108,78,30
050,13,093,"Georgia","Dooly County",1,35,115,74,41
050,13,093,"Georgia","Dooly County",1,36,131,78,53
050,13,093,"Georgia","Dooly County",1,37,170,104,66
050,13,093,"Georgia","Dooly County",1,38,155,86,69
050,13,093,"Georgia","Dooly County",1,39,159,94,65
050,13,093,"Georgia","Dooly County",1,40,172,111,61
050,13,093,"Georgia","Dooly County",1,41,165,106,59
050,13,093,"Georgia","Dooly County",1,42,162,91,71
050,13,093,"Georgia","Dooly County",1,43,153,91,62
050,13,093,"Georgia","Dooly County",1,44,143,98,45
050,13,093,"Georgia","Dooly County",1,45,150,102,48
050,13,093,"Georgia","Dooly County",1,46,151,100,51
050,13,093,"Georgia","Dooly County",1,47,165,102,63
050,13,093,"Georgia","Dooly County",1,48,164,93,71
050,13,093,"Georgia","Dooly County",1,49,167,101,66
050,13,093,"Georgia","Dooly County",1,50,128,70,58
050,13,093,"Georgia","Dooly County",1,51,157,88,69
050,13,093,"Georgia","Dooly County",1,52,152,95,57
050,13,093,"Georgia","Dooly County",1,53,141,73,68
050,13,093,"Georgia","Dooly County",1,54,161,89,72
050,13,093,"Georgia","Dooly County",1,55,171,101,70
050,13,093,"Georgia","Dooly County",1,56,168,94,74
050,13,093,"Georgia","Dooly County",1,57,138,63,75
050,13,093,"Georgia","Dooly County",1,58,166,71,95
050,13,093,"Georgia","Dooly County",1,59,181,98,83
050,13,093,"Georgia","Dooly County",1,60,170,93,77
050,13,093,"Georgia","Dooly County",1,61,197,107,90
050,13,093,"Georgia","Dooly County",1,62,183,104,79
050,13,093,"Georgia","Dooly County",1,63,183,91,92
050,13,093,"Georgia","Dooly County",1,64,147,73,74
050,13,093,"Georgia","Dooly County",1,65,169,81,88
050,13,093,"Georgia","Dooly County",1,66,168,81,87
050,13,093,"Georgia","Dooly County",1,67,162,74,88
050,13,093,"Georgia","Dooly County",1,68,137,73,64
050,13,093,"Georgia","Dooly County",1,69,129,66,63
050,13,093,"Georgia","Dooly County",1,70,129,56,73
050,13,093,"Georgia","Dooly County",1,71,136,60,76
050,13,093,"Georgia","Dooly County",1,72,141,67,74
050,13,093,"Georgia","Dooly County",1,73,130,64,66
050,13,093,"Georgia","Dooly County",1,74,107,51,56
050,13,093,"Georgia","Dooly County",1,75,81,31,50
050,13,093,"Georgia","Dooly County",1,76,78,40,38
050,13,093,"Georgia","Dooly County",1,77,115,55,60
050,13,093,"Georgia","Dooly County",1,78,104,55,49
050,13,093,"Georgia","Dooly County",1,79,76,41,35
050,13,093,"Georgia","Dooly County",1,80,71,33,38
050,13,093,"Georgia","Dooly County",1,81,50,24,26
050,13,093,"Georgia","Dooly County",1,82,59,27,32
050,13,093,"Georgia","Dooly County",1,83,52,23,29
050,13,093,"Georgia","Dooly County",1,84,39,15,24
050,13,093,"Georgia","Dooly County",1,85,227,78,149
050,13,093,"Georgia","Dooly County",2,0,91,46,45
050,13,093,"Georgia","Dooly County",2,1,85,42,43
050,13,093,"Georgia","Dooly County",2,2,82,40,42
050,13,093,"Georgia","Dooly County",2,3,88,45,43
050,13,093,"Georgia","Dooly County",2,4,91,47,44
050,13,093,"Georgia","Dooly County",2,5,89,44,45
050,13,093,"Georgia","Dooly County",2,6,90,48,42
050,13,093,"Georgia","Dooly County",2,7,91,44,47
050,13,093,"Georgia","Dooly County",2,8,97,48,49
050,13,093,"Georgia","Dooly County",2,9,106,52,54
050,13,093,"Georgia","Dooly County",2,10,103,57,46
050,13,093,"Georgia","Dooly County",2,11,104,56,48
050,13,093,"Georgia","Dooly County",2,12,115,62,53
050,13,093,"Georgia","Dooly County",2,13,107,57,50
050,13,093,"Georgia","Dooly County",2,14,110,55,55
050,13,093,"Georgia","Dooly County",2,15,118,57,61
050,13,093,"Georgia","Dooly County",2,16,123,54,69
050,13,093,"Georgia","Dooly County",2,17,120,55,65
050,13,093,"Georgia","Dooly County",2,18,114,48,66
050,13,093,"Georgia","Dooly County",2,19,117,58,59
050,13,093,"Georgia","Dooly County",2,20,136,82,54
050,13,093,"Georgia","Dooly County",2,21,131,80,51
050,13,093,"Georgia","Dooly County",2,22,121,79,42
050,13,093,"Georgia","Dooly County",2,23,138,88,50
050,13,093,"Georgia","Dooly County",2,24,134,83,51
050,13,093,"Georgia","Dooly County",2,25,132,88,44
050,13,093,"Georgia","Dooly County",2,26,140,100,40
050,13,093,"Georgia","Dooly County",2,27,127,92,35
050,13,093,"Georgia","Dooly County",2,28,157,106,51
050,13,093,"Georgia","Dooly County",2,29,150,98,52
050,13,093,"Georgia","Dooly County",2,30,146,100,46
050,13,093,"Georgia","Dooly County",2,31,135,90,45
050,13,093,"Georgia","Dooly County",2,32,132,94,38
050,13,093,"Georgia","Dooly County",2,33,127,92,35
050,13,093,"Georgia","Dooly County",2,34,110,78,32
050,13,093,"Georgia","Dooly County",2,35,113,74,39
050,13,093,"Georgia","Dooly County",2,36,124,76,48
050,13,093,"Georgia","Dooly County",2,37,163,100,63
050,13,093,"Georgia","Dooly County",2,38,156,86,70
050,13,093,"Georgia","Dooly County",2,39,160,94,66
050,13,093,"Georgia","Dooly County",2,40,172,109,63
050,13,093,"Georgia","Dooly County",2,41,164,105,59
050,13,093,"Georgia","Dooly County",2,42,163,95,68
050,13,093,"Georgia","Dooly County",2,43,152,89,63
050,13,093,"Georgia","Dooly County",2,44,142,94,48
050,13,093,"Georgia","Dooly County",2,45,149,102,47
050,13,093,"Georgia","Dooly County",2,46,150,100,50
050,13,093,"Georgia","Dooly County",2,47,159,99,60
050,13,093,"Georgia","Dooly County",2,48,161,92,69
050,13,093,"Georgia","Dooly County",2,49,169,101,68
050,13,093,"Georgia","Dooly County",2,50,134,73,61
050,13,093,"Georgia","Dooly County",2,51,150,83,67
050,13,093,"Georgia","Dooly County",2,52,153,96,57
050,13,093,"Georgia","Dooly County",2,53,140,75,65
050,13,093,"Georgia","Dooly County",2,54,154,84,70
050,13,093,"Georgia","Dooly County",2,55,170,99,71
050,13,093,"Georgia","Dooly County",2,56,168,94,74
050,13,093,"Georgia","Dooly County",2,57,143,69,74
050,13,093,"Georgia","Dooly County",2,58,159,69,90
050,13,093,"Georgia","Dooly County",2,59,176,92,84
050,13,093,"Georgia","Dooly County",2,60,170,91,79
050,13,093,"Georgia","Dooly County",2,61,192,106,86
050,13,093,"Georgia","Dooly County",2,62,182,102,80
050,13,093,"Georgia","Dooly County",2,63,184,95,89
050,13,093,"Georgia","Dooly County",2,64,154,75,79
050,13,093,"Georgia","Dooly County",2,65,163,76,87
050,13,093,"Georgia","Dooly County",2,66,169,83,86
050,13,093,"Georgia","Dooly County",2,67,162,76,86
050,13,093,"Georgia","Dooly County",2,68,141,72,69
050,13,093,"Georgia","Dooly County",2,69,130,67,63
050,13,093,"Georgia","Dooly County",2,70,127,58,69
050,13,093,"Georgia","Dooly County",2,71,136,60,76
050,13,093,"Georgia","Dooly County",2,72,136,66,70
050,13,093,"Georgia","Dooly County",2,73,135,66,69
050,13,093,"Georgia","Dooly County",2,74,108,52,56
050,13,093,"Georgia","Dooly County",2,75,86,34,52
050,13,093,"Georgia","Dooly County",2,76,80,40,40
050,13,093,"Georgia","Dooly County",2,77,106,51,55
050,13,093,"Georgia","Dooly County",2,78,106,54,52
050,13,093,"Georgia","Dooly County",2,79,82,45,37
050,13,093,"Georgia","Dooly County",2,80,72,34,38
050,13,093,"Georgia","Dooly County",2,81,54,26,28
050,13,093,"Georgia","Dooly County",2,82,58,25,33
050,13,093,"Georgia","Dooly County",2,83,52,24,28
050,13,093,"Georgia","Dooly County",2,84,42,17,25
050,13,093,"Georgia","Dooly County",2,85,228,76,152
050,13,093,"Georgia","Dooly County",3,0,89,40,49
050,13,093,"Georgia","Dooly County",3,1,89,41,48
050,13,093,"Georgia","Dooly County",3,2,77,34,43
050,13,093,"Georgia","Dooly County",3,3,73,33,40
050,13,093,"Georgia","Dooly County",3,4,87,40,47
050,13,093,"Georgia","Dooly County",3,5,90,51,39
050,13,093,"Georgia","Dooly County",3,6,76,36,40
050,13,093,"Georgia","Dooly County",3,7,84,44,40
050,13,093,"Georgia","Dooly County",3,8,79,39,40
050,13,093,"Georgia","Dooly County",3,9,88,43,45
050,13,093,"Georgia","Dooly County",3,10,101,48,53
050,13,093,"Georgia","Dooly County",3,11,100,53,47
050,13,093,"Georgia","Dooly County",3,12,101,57,44
050,13,093,"Georgia","Dooly County",3,13,115,59,56
050,13,093,"Georgia","Dooly County",3,14,101,56,45
050,13,093,"Georgia","Dooly County",3,15,100,52,48
050,13,093,"Georgia","Dooly County",3,16,119,59,60
050,13,093,"Georgia","Dooly County",3,17,130,57,73
050,13,093,"Georgia","Dooly County",3,18,103,48,55
050,13,093,"Georgia","Dooly County",3,19,108,50,58
050,13,093,"Georgia","Dooly County",3,20,135,77,58
050,13,093,"Georgia","Dooly County",3,21,132,84,48
050,13,093,"Georgia","Dooly County",3,22,137,84,53
050,13,093,"Georgia","Dooly County",3,23,129,86,43
050,13,093,"Georgia","Dooly County",3,24,119,75,44
050,13,093,"Georgia","Dooly County",3,25,139,88,51
050,13,093,"Georgia","Dooly County",3,26,141,102,39
050,13,093,"Georgia","Dooly County",3,27,122,85,37
050,13,093,"Georgia","Dooly County",3,28,129,98,31
050,13,093,"Georgia","Dooly County",3,29,146,96,50
050,13,093,"Georgia","Dooly County",3,30,142,92,50
050,13,093,"Georgia","Dooly County",3,31,141,97,44
050,13,093,"Georgia","Dooly County",3,32,128,89,39
050,13,093,"Georgia","Dooly County",3,33,128,92,36
050,13,093,"Georgia","Dooly County",3,34,110,80,30
050,13,093,"Georgia","Dooly County",3,35,100,68,32
050,13,093,"Georgia","Dooly County",3,36,115,78,37
050,13,093,"Georgia","Dooly County",3,37,129,85,44
050,13,093,"Georgia","Dooly County",3,38,164,101,63
050,13,093,"Georgia","Dooly County",3,39,154,87,67
050,13,093,"Georgia","Dooly County",3,40,159,97,62
050,13,093,"Georgia","Dooly County",3,41,154,95,59
050,13,093,"Georgia","Dooly County",3,42,166,105,61
050,13,093,"Georgia","Dooly County",3,43,160,90,70
050,13,093,"Georgia","Dooly County",3,44,156,89,67
050,13,093,"Georgia","Dooly County",3,45,151,101,50
050,13,093,"Georgia","Dooly County",3,46,155,108,47
050,13,093,"Georgia","Dooly County",3,47,139,91,48
050,13,093,"Georgia","Dooly County",3,48,152,92,60
050,13,093,"Georgia","Dooly County",3,49,171,101,70
050,13,093,"Georgia","Dooly County",3,50,153,87,66
050,13,093,"Georgia","Dooly County",3,51,139,76,63
050,13,093,"Georgia","Dooly County",3,52,155,93,62
050,13,093,"Georgia","Dooly County",3,53,145,86,59
050,13,093,"Georgia","Dooly County",3,54,130,71,59
050,13,093,"Georgia","Dooly County",3,55,161,92,69
050,13,093,"Georgia","Dooly County",3,56,169,97,72
050,13,093,"Georgia","Dooly County",3,57,148,86,62
050,13,093,"Georgia","Dooly County",3,58,148,76,72
050,13,093,"Georgia","Dooly County",3,59,155,70,85
050,13,093,"Georgia","Dooly County",3,60,162,76,86
050,13,093,"Georgia","Dooly County",3,61,181,105,76
050,13,093,"Georgia","Dooly County",3,62,179,92,87
050,13,093,"Georgia","Dooly County",3,63,184,106,78
050,13,093,"Georgia","Dooly County",3,64,177,92,85
050,13,093,"Georgia","Dooly County",3,65,151,69,82
050,13,093,"Georgia","Dooly County",3,66,164,79,85
050,13,093,"Georgia","Dooly County",3,67,159,79,80
050,13,093,"Georgia","Dooly County",3,68,150,68,82
050,13,093,"Georgia","Dooly County",3,69,140,72,68
050,13,093,"Georgia","Dooly County",3,70,118,60,58
050,13,093,"Georgia","Dooly County",3,71,127,60,67
050,13,093,"Georgia","Dooly County",3,72,128,58,70
050,13,093,"Georgia","Dooly County",3,73,123,57,66
050,13,093,"Georgia","Dooly County",3,74,135,65,70
050,13,093,"Georgia","Dooly County",3,75,100,48,52
050,13,093,"Georgia","Dooly County",3,76,79,32,47
050,13,093,"Georgia","Dooly County",3,77,75,36,39
050,13,093,"Georgia","Dooly County",3,78,107,51,56
050,13,093,"Georgia","Dooly County",3,79,91,49,42
050,13,093,"Georgia","Dooly County",3,80,77,42,35
050,13,093,"Georgia","Dooly County",3,81,63,29,34
050,13,093,"Georgia","Dooly County",3,82,52,25,27
050,13,093,"Georgia","Dooly County",3,83,50,22,28
050,13,093,"Georgia","Dooly County",3,84,51,25,26
050,13,093,"Georgia","Dooly County",3,85,230,79,151
050,13,093,"Georgia","Dooly County",4,0,95,52,43
050,13,093,"Georgia","Dooly County",4,1,88,38,50
050,13,093,"Georgia","Dooly County",4,2,84,43,41
050,13,093,"Georgia","Dooly County",4,3,78,36,42
050,13,093,"Georgia","Dooly County",4,4,82,37,45
050,13,093,"Georgia","Dooly County",4,5,77,36,41
050,13,093,"Georgia","Dooly County",4,6,93,52,41
050,13,093,"Georgia","Dooly County",4,7,79,40,39
050,13,093,"Georgia","Dooly County",4,8,81,44,37
050,13,093,"Georgia","Dooly County",4,9,83,42,41
050,13,093,"Georgia","Dooly County",4,10,98,46,52
050,13,093,"Georgia","Dooly County",4,11,103,51,52
050,13,093,"Georgia","Dooly County",4,12,100,52,48
050,13,093,"Georgia","Dooly County",4,13,97,53,44
050,13,093,"Georgia","Dooly County",4,14,114,62,52
050,13,093,"Georgia","Dooly County",4,15,102,58,44
050,13,093,"Georgia","Dooly County",4,16,106,54,52
050,13,093,"Georgia","Dooly County",4,17,121,61,60
050,13,093,"Georgia","Dooly County",4,18,110,51,59
050,13,093,"Georgia","Dooly County",4,19,94,47,47
050,13,093,"Georgia","Dooly County",4,20,126,64,62
050,13,093,"Georgia","Dooly County",4,21,129,75,54
050,13,093,"Georgia","Dooly County",4,22,136,84,52
050,13,093,"Georgia","Dooly County",4,23,143,82,61
050,13,093,"Georgia","Dooly County",4,24,115,77,38
050,13,093,"Georgia","Dooly County",4,25,121,77,44
050,13,093,"Georgia","Dooly County",4,26,146,94,52
050,13,093,"Georgia","Dooly County",4,27,128,86,42
050,13,093,"Georgia","Dooly County",4,28,124,87,37
050,13,093,"Georgia","Dooly County",4,29,117,82,35
050,13,093,"Georgia","Dooly County",4,30,142,90,52
050,13,093,"Georgia","Dooly County",4,31,130,77,53
050,13,093,"Georgia","Dooly County",4,32,132,85,47
050,13,093,"Georgia","Dooly County",4,33,128,84,44
050,13,093,"Georgia","Dooly County",4,34,114,79,35
050,13,093,"Georgia","Dooly County",4,35,93,66,27
050,13,093,"Georgia","Dooly County",4,36,94,58,36
050,13,093,"Georgia","Dooly County",4,37,132,89,43
050,13,093,"Georgia","Dooly County",4,38,115,72,43
050,13,093,"Georgia","Dooly County",4,39,162,103,59
050,13,093,"Georgia","Dooly County",4,40,150,81,69
050,13,093,"Georgia","Dooly County",4,41,141,85,56
050,13,093,"Georgia","Dooly County",4,42,152,90,62
050,13,093,"Georgia","Dooly County",4,43,153,92,61
050,13,093,"Georgia","Dooly County",4,44,158,88,70
050,13,093,"Georgia","Dooly County",4,45,164,99,65
050,13,093,"Georgia","Dooly County",4,46,154,98,56
050,13,093,"Georgia","Dooly County",4,47,139,89,50
050,13,093,"Georgia","Dooly County",4,48,119,75,44
050,13,093,"Georgia","Dooly County",4,49,156,94,62
050,13,093,"Georgia","Dooly County",4,50,143,74,69
050,13,093,"Georgia","Dooly County",4,51,153,84,69
050,13,093,"Georgia","Dooly County",4,52,127,73,54
050,13,093,"Georgia","Dooly County",4,53,143,80,63
050,13,093,"Georgia","Dooly County",4,54,136,78,58
050,13,093,"Georgia","Dooly County",4,55,130,68,62
050,13,093,"Georgia","Dooly County",4,56,147,81,66
050,13,093,"Georgia","Dooly County",4,57,154,83,71
050,13,093,"Georgia","Dooly County",4,58,147,83,64
050,13,093,"Georgia","Dooly County",4,59,146,72,74
050,13,093,"Georgia","Dooly County",4,60,154,67,87
050,13,093,"Georgia","Dooly County",4,61,169,89,80
050,13,093,"Georgia","Dooly County",4,62,174,96,78
050,13,093,"Georgia","Dooly County",4,63,174,89,85
050,13,093,"Georgia","Dooly County",4,64,166,99,67
050,13,093,"Georgia","Dooly County",4,65,178,90,88
050,13,093,"Georgia","Dooly County",4,66,152,75,77
050,13,093,"Georgia","Dooly County",4,67,157,72,85
050,13,093,"Georgia","Dooly County",4,68,151,71,80
050,13,093,"Georgia","Dooly County",4,69,153,69,84
050,13,093,"Georgia","Dooly County",4,70,129,65,64
050,13,093,"Georgia","Dooly County",4,71,118,60,58
050,13,093,"Georgia","Dooly County",4,72,129,65,64
050,13,093,"Georgia","Dooly County",4,73,126,54,72
050,13,093,"Georgia","Dooly County",4,74,122,56,66
050,13,093,"Georgia","Dooly County",4,75,131,63,68
050,13,093,"Georgia","Dooly County",4,76,98,48,50
050,13,093,"Georgia","Dooly County",4,77,73,30,43
050,13,093,"Georgia","Dooly County",4,78,70,33,37
050,13,093,"Georgia","Dooly County",4,79,92,44,48
050,13,093,"Georgia","Dooly County",4,80,89,48,41
050,13,093,"Georgia","Dooly County",4,81,67,37,30
050,13,093,"Georgia","Dooly County",4,82,61,28,33
050,13,093,"Georgia","Dooly County",4,83,45,22,23
050,13,093,"Georgia","Dooly County",4,84,53,22,31
050,13,093,"Georgia","Dooly County",4,85,230,83,147
050,13,093,"Georgia","Dooly County",5,0,96,53,43
050,13,093,"Georgia","Dooly County",5,1,96,60,36
050,13,093,"Georgia","Dooly County",5,2,98,46,52
050,13,093,"Georgia","Dooly County",5,3,82,39,43
050,13,093,"Georgia","Dooly County",5,4,92,42,50
050,13,093,"Georgia","Dooly County",5,5,76,39,37
050,13,093,"Georgia","Dooly County",5,6,80,38,42
050,13,093,"Georgia","Dooly County",5,7,92,51,41
050,13,093,"Georgia","Dooly County",5,8,81,41,40
050,13,093,"Georgia","Dooly County",5,9,89,45,44
050,13,093,"Georgia","Dooly County",5,10,75,40,35
050,13,093,"Georgia","Dooly County",5,11,102,51,51
050,13,093,"Georgia","Dooly County",5,12,99,52,47
050,13,093,"Georgia","Dooly County",5,13,101,52,49
050,13,093,"Georgia","Dooly County",5,14,96,53,43
050,13,093,"Georgia","Dooly County",5,15,105,53,52
050,13,093,"Georgia","Dooly County",5,16,102,54,48
050,13,093,"Georgia","Dooly County",5,17,116,59,57
050,13,093,"Georgia","Dooly County",5,18,115,58,57
050,13,093,"Georgia","Dooly County",5,19,103,54,49
050,13,093,"Georgia","Dooly County",5,20,124,68,56
050,13,093,"Georgia","Dooly County",5,21,129,70,59
050,13,093,"Georgia","Dooly County",5,22,156,93,63
050,13,093,"Georgia","Dooly County",5,23,150,100,50
050,13,093,"Georgia","Dooly County",5,24,145,79,66
050,13,093,"Georgia","Dooly County",5,25,129,89,40
050,13,093,"Georgia","Dooly County",5,26,149,104,45
050,13,093,"Georgia","Dooly County",5,27,157,107,50
050,13,093,"Georgia","Dooly County",5,28,152,108,44
050,13,093,"Georgia","Dooly County",5,29,136,95,41
050,13,093,"Georgia","Dooly County",5,30,130,93,37
050,13,093,"Georgia","Dooly County",5,31,156,104,52
050,13,093,"Georgia","Dooly County",5,32,142,89,53
050,13,093,"Georgia","Dooly County",5,33,143,98,45
050,13,093,"Georgia","Dooly County",5,34,136,84,52
050,13,093,"Georgia","Dooly County",5,35,128,86,42
050,13,093,"Georgia","Dooly County",5,36,103,71,32
050,13,093,"Georgia","Dooly County",5,37,112,76,36
050,13,093,"Georgia","Dooly County",5,38,139,92,47
050,13,093,"Georgia","Dooly County",5,39,132,89,43
050,13,093,"Georgia","Dooly County",5,40,184,123,61
050,13,093,"Georgia","Dooly County",5,41,155,91,64
050,13,093,"Georgia","Dooly County",5,42,161,100,61
050,13,093,"Georgia","Dooly County",5,43,155,92,63
050,13,093,"Georgia","Dooly County",5,44,164,98,66
050,13,093,"Georgia","Dooly County",5,45,208,141,67
050,13,093,"Georgia","Dooly County",5,46,177,114,63
050,13,093,"Georgia","Dooly County",5,47,153,100,53
050,13,093,"Georgia","Dooly County",5,48,140,87,53
050,13,093,"Georgia","Dooly County",5,49,144,93,51
050,13,093,"Georgia","Dooly County",5,50,138,77,61
050,13,093,"Georgia","Dooly County",5,51,155,81,74
050,13,093,"Georgia","Dooly County",5,52,164,102,62
050,13,093,"Georgia","Dooly County",5,53,124,71,53
050,13,093,"Georgia","Dooly County",5,54,139,81,58
050,13,093,"Georgia","Dooly County",5,55,152,93,59
050,13,093,"Georgia","Dooly County",5,56,133,70,63
050,13,093,"Georgia","Dooly County",5,57,143,73,70
050,13,093,"Georgia","Dooly County",5,58,159,90,69
050,13,093,"Georgia","Dooly County",5,59,141,77,64
050,13,093,"Georgia","Dooly County",5,60,143,69,74
050,13,093,"Georgia","Dooly County",5,61,167,80,87
050,13,093,"Georgia","Dooly County",5,62,159,81,78
050,13,093,"Georgia","Dooly County",5,63,171,95,76
050,13,093,"Georgia","Dooly County",5,64,164,85,79
050,13,093,"Georgia","Dooly County",5,65,164,97,67
050,13,093,"Georgia","Dooly County",5,66,178,92,86
050,13,093,"Georgia","Dooly County",5,67,147,68,79
050,13,093,"Georgia","Dooly County",5,68,157,70,87
050,13,093,"Georgia","Dooly County",5,69,146,68,78
050,13,093,"Georgia","Dooly County",5,70,141,62,79
050,13,093,"Georgia","Dooly County",5,71,128,64,64
050,13,093,"Georgia","Dooly County",5,72,120,62,58
050,13,093,"Georgia","Dooly County",5,73,122,59,63
050,13,093,"Georgia","Dooly County",5,74,124,50,74
050,13,093,"Georgia","Dooly County",5,75,115,52,63
050,13,093,"Georgia","Dooly County",5,76,126,62,64
050,13,093,"Georgia","Dooly County",5,77,91,43,48
050,13,093,"Georgia","Dooly County",5,78,68,27,41
050,13,093,"Georgia","Dooly County",5,79,54,25,29
050,13,093,"Georgia","Dooly County",5,80,87,43,44
050,13,093,"Georgia","Dooly County",5,81,78,42,36
050,13,093,"Georgia","Dooly County",5,82,62,35,27
050,13,093,"Georgia","Dooly County",5,83,55,25,30
050,13,093,"Georgia","Dooly County",5,84,44,21,23
050,13,093,"Georgia","Dooly County",5,85,237,84,153
050,13,095,"Georgia","Dougherty County",1,0,1141,578,563
050,13,095,"Georgia","Dougherty County",1,1,1113,586,527
050,13,095,"Georgia","Dougherty County",1,2,1130,584,546
050,13,095,"Georgia","Dougherty County",1,3,1099,561,538
050,13,095,"Georgia","Dougherty County",1,4,1095,582,513
050,13,095,"Georgia","Dougherty County",1,5,1094,556,538
050,13,095,"Georgia","Dougherty County",1,6,1112,560,552
050,13,095,"Georgia","Dougherty County",1,7,1109,573,536
050,13,095,"Georgia","Dougherty County",1,8,1170,606,564
050,13,095,"Georgia","Dougherty County",1,9,1214,623,591
050,13,095,"Georgia","Dougherty County",1,10,1160,582,578
050,13,095,"Georgia","Dougherty County",1,11,1207,641,566
050,13,095,"Georgia","Dougherty County",1,12,1222,625,597
050,13,095,"Georgia","Dougherty County",1,13,1233,639,594
050,13,095,"Georgia","Dougherty County",1,14,1147,579,568
050,13,095,"Georgia","Dougherty County",1,15,1085,533,552
050,13,095,"Georgia","Dougherty County",1,16,1087,554,533
050,13,095,"Georgia","Dougherty County",1,17,1112,554,558
050,13,095,"Georgia","Dougherty County",1,18,1412,665,747
050,13,095,"Georgia","Dougherty County",1,19,1685,728,957
050,13,095,"Georgia","Dougherty County",1,20,1536,696,840
050,13,095,"Georgia","Dougherty County",1,21,1337,608,729
050,13,095,"Georgia","Dougherty County",1,22,1181,569,612
050,13,095,"Georgia","Dougherty County",1,23,1158,547,611
050,13,095,"Georgia","Dougherty County",1,24,1207,565,642
050,13,095,"Georgia","Dougherty County",1,25,1143,527,616
050,13,095,"Georgia","Dougherty County",1,26,1200,552,648
050,13,095,"Georgia","Dougherty County",1,27,1161,519,642
050,13,095,"Georgia","Dougherty County",1,28,1180,556,624
050,13,095,"Georgia","Dougherty County",1,29,1253,579,674
050,13,095,"Georgia","Dougherty County",1,30,1207,523,684
050,13,095,"Georgia","Dougherty County",1,31,1149,501,648
050,13,095,"Georgia","Dougherty County",1,32,1098,507,591
050,13,095,"Georgia","Dougherty County",1,33,997,452,545
050,13,095,"Georgia","Dougherty County",1,34,973,431,542
050,13,095,"Georgia","Dougherty County",1,35,906,390,516
050,13,095,"Georgia","Dougherty County",1,36,962,409,553
050,13,095,"Georgia","Dougherty County",1,37,1028,469,559
050,13,095,"Georgia","Dougherty County",1,38,1046,442,604
050,13,095,"Georgia","Dougherty County",1,39,1079,489,590
050,13,095,"Georgia","Dougherty County",1,40,1025,490,535
050,13,095,"Georgia","Dougherty County",1,41,941,429,512
050,13,095,"Georgia","Dougherty County",1,42,961,416,545
050,13,095,"Georgia","Dougherty County",1,43,970,430,540
050,13,095,"Georgia","Dougherty County",1,44,900,387,513
050,13,095,"Georgia","Dougherty County",1,45,914,404,510
050,13,095,"Georgia","Dougherty County",1,46,919,416,503
050,13,095,"Georgia","Dougherty County",1,47,953,448,505
050,13,095,"Georgia","Dougherty County",1,48,1011,494,517
050,13,095,"Georgia","Dougherty County",1,49,1032,481,551
050,13,095,"Georgia","Dougherty County",1,50,964,446,518
050,13,095,"Georgia","Dougherty County",1,51,908,391,517
050,13,095,"Georgia","Dougherty County",1,52,909,398,511
050,13,095,"Georgia","Dougherty County",1,53,982,456,526
050,13,095,"Georgia","Dougherty County",1,54,1023,442,581
050,13,095,"Georgia","Dougherty County",1,55,1059,428,631
050,13,095,"Georgia","Dougherty County",1,56,1079,476,603
050,13,095,"Georgia","Dougherty County",1,57,1094,504,590
050,13,095,"Georgia","Dougherty County",1,58,1111,490,621
050,13,095,"Georgia","Dougherty County",1,59,1078,473,605
050,13,095,"Georgia","Dougherty County",1,60,1048,458,590
050,13,095,"Georgia","Dougherty County",1,61,1082,497,585
050,13,095,"Georgia","Dougherty County",1,62,1066,498,568
050,13,095,"Georgia","Dougherty County",1,63,1077,467,610
050,13,095,"Georgia","Dougherty County",1,64,1024,450,574
050,13,095,"Georgia","Dougherty County",1,65,1001,439,562
050,13,095,"Georgia","Dougherty County",1,66,1031,462,569
050,13,095,"Georgia","Dougherty County",1,67,995,438,557
050,13,095,"Georgia","Dougherty County",1,68,950,432,518
050,13,095,"Georgia","Dougherty County",1,69,910,419,491
050,13,095,"Georgia","Dougherty County",1,70,921,410,511
050,13,095,"Georgia","Dougherty County",1,71,877,394,483
050,13,095,"Georgia","Dougherty County",1,72,793,361,432
050,13,095,"Georgia","Dougherty County",1,73,724,311,413
050,13,095,"Georgia","Dougherty County",1,74,561,243,318
050,13,095,"Georgia","Dougherty County",1,75,553,250,303
050,13,095,"Georgia","Dougherty County",1,76,508,214,294
050,13,095,"Georgia","Dougherty County",1,77,508,222,286
050,13,095,"Georgia","Dougherty County",1,78,429,182,247
050,13,095,"Georgia","Dougherty County",1,79,382,148,234
050,13,095,"Georgia","Dougherty County",1,80,377,144,233
050,13,095,"Georgia","Dougherty County",1,81,339,125,214
050,13,095,"Georgia","Dougherty County",1,82,306,121,185
050,13,095,"Georgia","Dougherty County",1,83,275,98,177
050,13,095,"Georgia","Dougherty County",1,84,267,86,181
050,13,095,"Georgia","Dougherty County",1,85,1528,501,1027
050,13,095,"Georgia","Dougherty County",2,0,1116,566,550
050,13,095,"Georgia","Dougherty County",2,1,1113,584,529
050,13,095,"Georgia","Dougherty County",2,2,1114,575,539
050,13,095,"Georgia","Dougherty County",2,3,1093,561,532
050,13,095,"Georgia","Dougherty County",2,4,1087,572,515
050,13,095,"Georgia","Dougherty County",2,5,1092,561,531
050,13,095,"Georgia","Dougherty County",2,6,1101,557,544
050,13,095,"Georgia","Dougherty County",2,7,1101,566,535
050,13,095,"Georgia","Dougherty County",2,8,1145,593,552
050,13,095,"Georgia","Dougherty County",2,9,1193,613,580
050,13,095,"Georgia","Dougherty County",2,10,1166,590,576
050,13,095,"Georgia","Dougherty County",2,11,1183,619,564
050,13,095,"Georgia","Dougherty County",2,12,1223,632,591
050,13,095,"Georgia","Dougherty County",2,13,1222,632,590
050,13,095,"Georgia","Dougherty County",2,14,1161,589,572
050,13,095,"Georgia","Dougherty County",2,15,1092,541,551
050,13,095,"Georgia","Dougherty County",2,16,1081,542,539
050,13,095,"Georgia","Dougherty County",2,17,1105,554,551
050,13,095,"Georgia","Dougherty County",2,18,1394,655,739
050,13,095,"Georgia","Dougherty County",2,19,1666,721,945
050,13,095,"Georgia","Dougherty County",2,20,1539,687,852
050,13,095,"Georgia","Dougherty County",2,21,1327,603,724
050,13,095,"Georgia","Dougherty County",2,22,1187,565,622
050,13,095,"Georgia","Dougherty County",2,23,1151,540,611
050,13,095,"Georgia","Dougherty County",2,24,1178,549,629
050,13,095,"Georgia","Dougherty County",2,25,1136,516,620
050,13,095,"Georgia","Dougherty County",2,26,1167,531,636
050,13,095,"Georgia","Dougherty County",2,27,1145,507,638
050,13,095,"Georgia","Dougherty County",2,28,1160,537,623
050,13,095,"Georgia","Dougherty County",2,29,1218,561,657
050,13,095,"Georgia","Dougherty County",2,30,1207,528,679
050,13,095,"Georgia","Dougherty County",2,31,1146,493,653
050,13,095,"Georgia","Dougherty County",2,32,1093,494,599
050,13,095,"Georgia","Dougherty County",2,33,1013,457,556
050,13,095,"Georgia","Dougherty County",2,34,966,429,537
050,13,095,"Georgia","Dougherty County",2,35,914,396,518
050,13,095,"Georgia","Dougherty County",2,36,933,397,536
050,13,095,"Georgia","Dougherty County",2,37,1002,448,554
050,13,095,"Georgia","Dougherty County",2,38,1029,441,588
050,13,095,"Georgia","Dougherty County",2,39,1048,471,577
050,13,095,"Georgia","Dougherty County",2,40,1033,485,548
050,13,095,"Georgia","Dougherty County",2,41,953,439,514
050,13,095,"Georgia","Dougherty County",2,42,948,416,532
050,13,095,"Georgia","Dougherty County",2,43,969,427,542
050,13,095,"Georgia","Dougherty County",2,44,901,389,512
050,13,095,"Georgia","Dougherty County",2,45,908,397,511
050,13,095,"Georgia","Dougherty County",2,46,903,404,499
050,13,095,"Georgia","Dougherty County",2,47,933,435,498
050,13,095,"Georgia","Dougherty County",2,48,988,477,511
050,13,095,"Georgia","Dougherty County",2,49,1016,475,541
050,13,095,"Georgia","Dougherty County",2,50,977,451,526
050,13,095,"Georgia","Dougherty County",2,51,912,400,512
050,13,095,"Georgia","Dougherty County",2,52,910,396,514
050,13,095,"Georgia","Dougherty County",2,53,954,437,517
050,13,095,"Georgia","Dougherty County",2,54,1011,443,568
050,13,095,"Georgia","Dougherty County",2,55,1047,432,615
050,13,095,"Georgia","Dougherty County",2,56,1076,468,608
050,13,095,"Georgia","Dougherty County",2,57,1085,495,590
050,13,095,"Georgia","Dougherty County",2,58,1107,492,615
050,13,095,"Georgia","Dougherty County",2,59,1075,469,606
050,13,095,"Georgia","Dougherty County",2,60,1053,461,592
050,13,095,"Georgia","Dougherty County",2,61,1062,479,583
050,13,095,"Georgia","Dougherty County",2,62,1053,487,566
050,13,095,"Georgia","Dougherty County",2,63,1068,470,598
050,13,095,"Georgia","Dougherty County",2,64,1022,447,575
050,13,095,"Georgia","Dougherty County",2,65,996,433,563
050,13,095,"Georgia","Dougherty County",2,66,1016,452,564
050,13,095,"Georgia","Dougherty County",2,67,993,438,555
050,13,095,"Georgia","Dougherty County",2,68,943,424,519
050,13,095,"Georgia","Dougherty County",2,69,922,421,501
050,13,095,"Georgia","Dougherty County",2,70,906,404,502
050,13,095,"Georgia","Dougherty County",2,71,878,392,486
050,13,095,"Georgia","Dougherty County",2,72,799,361,438
050,13,095,"Georgia","Dougherty County",2,73,758,327,431
050,13,095,"Georgia","Dougherty County",2,74,563,239,324
050,13,095,"Georgia","Dougherty County",2,75,548,244,304
050,13,095,"Georgia","Dougherty County",2,76,507,215,292
050,13,095,"Georgia","Dougherty County",2,77,514,221,293
050,13,095,"Georgia","Dougherty County",2,78,430,182,248
050,13,095,"Georgia","Dougherty County",2,79,386,154,232
050,13,095,"Georgia","Dougherty County",2,80,368,141,227
050,13,095,"Georgia","Dougherty County",2,81,334,124,210
050,13,095,"Georgia","Dougherty County",2,82,304,115,189
050,13,095,"Georgia","Dougherty County",2,83,272,99,173
050,13,095,"Georgia","Dougherty County",2,84,253,81,172
050,13,095,"Georgia","Dougherty County",2,85,1494,489,1005
050,13,095,"Georgia","Dougherty County",3,0,1089,560,529
050,13,095,"Georgia","Dougherty County",3,1,1071,541,530
050,13,095,"Georgia","Dougherty County",3,2,1115,585,530
050,13,095,"Georgia","Dougherty County",3,3,1111,567,544
050,13,095,"Georgia","Dougherty County",3,4,1116,570,546
050,13,095,"Georgia","Dougherty County",3,5,1085,577,508
050,13,095,"Georgia","Dougherty County",3,6,1096,562,534
050,13,095,"Georgia","Dougherty County",3,7,1105,579,526
050,13,095,"Georgia","Dougherty County",3,8,1095,557,538
050,13,095,"Georgia","Dougherty County",3,9,1149,583,566
050,13,095,"Georgia","Dougherty County",3,10,1207,616,591
050,13,095,"Georgia","Dougherty County",3,11,1152,597,555
050,13,095,"Georgia","Dougherty County",3,12,1155,605,550
050,13,095,"Georgia","Dougherty County",3,13,1240,628,612
050,13,095,"Georgia","Dougherty County",3,14,1220,640,580
050,13,095,"Georgia","Dougherty County",3,15,1153,585,568
050,13,095,"Georgia","Dougherty County",3,16,1096,538,558
050,13,095,"Georgia","Dougherty County",3,17,1085,548,537
050,13,095,"Georgia","Dougherty County",3,18,980,496,484
050,13,095,"Georgia","Dougherty County",3,19,886,435,451
050,13,095,"Georgia","Dougherty County",3,20,1033,503,530
050,13,095,"Georgia","Dougherty County",3,21,1093,512,581
050,13,095,"Georgia","Dougherty County",3,22,1084,491,593
050,13,095,"Georgia","Dougherty County",3,23,1079,488,591
050,13,095,"Georgia","Dougherty County",3,24,1129,536,593
050,13,095,"Georgia","Dougherty County",3,25,1070,488,582
050,13,095,"Georgia","Dougherty County",3,26,1077,483,594
050,13,095,"Georgia","Dougherty County",3,27,1114,490,624
050,13,095,"Georgia","Dougherty County",3,28,1110,486,624
050,13,095,"Georgia","Dougherty County",3,29,1112,496,616
050,13,095,"Georgia","Dougherty County",3,30,1201,536,665
050,13,095,"Georgia","Dougherty County",3,31,1174,506,668
050,13,095,"Georgia","Dougherty County",3,32,1152,507,645
050,13,095,"Georgia","Dougherty County",3,33,1090,496,594
050,13,095,"Georgia","Dougherty County",3,34,997,450,547
050,13,095,"Georgia","Dougherty County",3,35,967,439,528
050,13,095,"Georgia","Dougherty County",3,36,888,383,505
050,13,095,"Georgia","Dougherty County",3,37,893,373,520
050,13,095,"Georgia","Dougherty County",3,38,979,421,558
050,13,095,"Georgia","Dougherty County",3,39,996,426,570
050,13,095,"Georgia","Dougherty County",3,40,1034,460,574
050,13,095,"Georgia","Dougherty County",3,41,1017,485,532
050,13,095,"Georgia","Dougherty County",3,42,941,430,511
050,13,095,"Georgia","Dougherty County",3,43,928,401,527
050,13,095,"Georgia","Dougherty County",3,44,942,410,532
050,13,095,"Georgia","Dougherty County",3,45,889,376,513
050,13,095,"Georgia","Dougherty County",3,46,882,379,503
050,13,095,"Georgia","Dougherty County",3,47,885,402,483
050,13,095,"Georgia","Dougherty County",3,48,906,422,484
050,13,095,"Georgia","Dougherty County",3,49,961,449,512
050,13,095,"Georgia","Dougherty County",3,50,1007,466,541
050,13,095,"Georgia","Dougherty County",3,51,964,443,521
050,13,095,"Georgia","Dougherty County",3,52,888,386,502
050,13,095,"Georgia","Dougherty County",3,53,902,395,507
050,13,095,"Georgia","Dougherty County",3,54,919,418,501
050,13,095,"Georgia","Dougherty County",3,55,1005,441,564
050,13,095,"Georgia","Dougherty County",3,56,1045,432,613
050,13,095,"Georgia","Dougherty County",3,57,1048,453,595
050,13,095,"Georgia","Dougherty County",3,58,1054,467,587
050,13,095,"Georgia","Dougherty County",3,59,1067,487,580
050,13,095,"Georgia","Dougherty County",3,60,1056,455,601
050,13,095,"Georgia","Dougherty County",3,61,1022,445,577
050,13,095,"Georgia","Dougherty County",3,62,1028,460,568
050,13,095,"Georgia","Dougherty County",3,63,1039,484,555
050,13,095,"Georgia","Dougherty County",3,64,1037,462,575
050,13,095,"Georgia","Dougherty County",3,65,988,426,562
050,13,095,"Georgia","Dougherty County",3,66,971,426,545
050,13,095,"Georgia","Dougherty County",3,67,987,445,542
050,13,095,"Georgia","Dougherty County",3,68,964,420,544
050,13,095,"Georgia","Dougherty County",3,69,912,408,504
050,13,095,"Georgia","Dougherty County",3,70,888,404,484
050,13,095,"Georgia","Dougherty County",3,71,885,399,486
050,13,095,"Georgia","Dougherty County",3,72,838,368,470
050,13,095,"Georgia","Dougherty County",3,73,757,330,427
050,13,095,"Georgia","Dougherty County",3,74,734,317,417
050,13,095,"Georgia","Dougherty County",3,75,545,231,314
050,13,095,"Georgia","Dougherty County",3,76,518,227,291
050,13,095,"Georgia","Dougherty County",3,77,487,205,282
050,13,095,"Georgia","Dougherty County",3,78,493,204,289
050,13,095,"Georgia","Dougherty County",3,79,395,168,227
050,13,095,"Georgia","Dougherty County",3,80,359,139,220
050,13,095,"Georgia","Dougherty County",3,81,347,125,222
050,13,095,"Georgia","Dougherty County",3,82,310,118,192
050,13,095,"Georgia","Dougherty County",3,83,264,96,168
050,13,095,"Georgia","Dougherty County",3,84,247,90,157
050,13,095,"Georgia","Dougherty County",3,85,1436,475,961
050,13,095,"Georgia","Dougherty County",4,0,1046,539,507
050,13,095,"Georgia","Dougherty County",4,1,1095,551,544
050,13,095,"Georgia","Dougherty County",4,2,1058,519,539
050,13,095,"Georgia","Dougherty County",4,3,1110,573,537
050,13,095,"Georgia","Dougherty County",4,4,1086,567,519
050,13,095,"Georgia","Dougherty County",4,5,1096,553,543
050,13,095,"Georgia","Dougherty County",4,6,1052,563,489
050,13,095,"Georgia","Dougherty County",4,7,1109,570,539
050,13,095,"Georgia","Dougherty County",4,8,1099,585,514
050,13,095,"Georgia","Dougherty County",4,9,1084,557,527
050,13,095,"Georgia","Dougherty County",4,10,1129,578,551
050,13,095,"Georgia","Dougherty County",4,11,1201,616,585
050,13,095,"Georgia","Dougherty County",4,12,1139,589,550
050,13,095,"Georgia","Dougherty County",4,13,1144,599,545
050,13,095,"Georgia","Dougherty County",4,14,1230,608,622
050,13,095,"Georgia","Dougherty County",4,15,1188,613,575
050,13,095,"Georgia","Dougherty County",4,16,1136,586,550
050,13,095,"Georgia","Dougherty County",4,17,1087,525,562
050,13,095,"Georgia","Dougherty County",4,18,1290,631,659
050,13,095,"Georgia","Dougherty County",4,19,1487,672,815
050,13,095,"Georgia","Dougherty County",4,20,1335,594,741
050,13,095,"Georgia","Dougherty County",4,21,1298,585,713
050,13,095,"Georgia","Dougherty County",4,22,1215,554,661
050,13,095,"Georgia","Dougherty County",4,23,1128,483,645
050,13,095,"Georgia","Dougherty County",4,24,1110,512,598
050,13,095,"Georgia","Dougherty County",4,25,1100,500,600
050,13,095,"Georgia","Dougherty County",4,26,1060,487,573
050,13,095,"Georgia","Dougherty County",4,27,1045,471,574
050,13,095,"Georgia","Dougherty County",4,28,1061,470,591
050,13,095,"Georgia","Dougherty County",4,29,1095,481,614
050,13,095,"Georgia","Dougherty County",4,30,1096,496,600
050,13,095,"Georgia","Dougherty County",4,31,1147,508,639
050,13,095,"Georgia","Dougherty County",4,32,1158,499,659
050,13,095,"Georgia","Dougherty County",4,33,1114,482,632
050,13,095,"Georgia","Dougherty County",4,34,1046,461,585
050,13,095,"Georgia","Dougherty County",4,35,991,440,551
050,13,095,"Georgia","Dougherty County",4,36,950,434,516
050,13,095,"Georgia","Dougherty County",4,37,859,358,501
050,13,095,"Georgia","Dougherty County",4,38,871,356,515
050,13,095,"Georgia","Dougherty County",4,39,953,418,535
050,13,095,"Georgia","Dougherty County",4,40,998,429,569
050,13,095,"Georgia","Dougherty County",4,41,1016,444,572
050,13,095,"Georgia","Dougherty County",4,42,1018,479,539
050,13,095,"Georgia","Dougherty County",4,43,901,404,497
050,13,095,"Georgia","Dougherty County",4,44,891,384,507
050,13,095,"Georgia","Dougherty County",4,45,908,403,505
050,13,095,"Georgia","Dougherty County",4,46,856,357,499
050,13,095,"Georgia","Dougherty County",4,47,859,355,504
050,13,095,"Georgia","Dougherty County",4,48,902,407,495
050,13,095,"Georgia","Dougherty County",4,49,893,426,467
050,13,095,"Georgia","Dougherty County",4,50,944,434,510
050,13,095,"Georgia","Dougherty County",4,51,998,470,528
050,13,095,"Georgia","Dougherty County",4,52,943,434,509
050,13,095,"Georgia","Dougherty County",4,53,893,387,506
050,13,095,"Georgia","Dougherty County",4,54,879,379,500
050,13,095,"Georgia","Dougherty County",4,55,893,411,482
050,13,095,"Georgia","Dougherty County",4,56,981,433,548
050,13,095,"Georgia","Dougherty County",4,57,1042,432,610
050,13,095,"Georgia","Dougherty County",4,58,1013,431,582
050,13,095,"Georgia","Dougherty County",4,59,1017,442,575
050,13,095,"Georgia","Dougherty County",4,60,1052,483,569
050,13,095,"Georgia","Dougherty County",4,61,1024,443,581
050,13,095,"Georgia","Dougherty County",4,62,984,434,550
050,13,095,"Georgia","Dougherty County",4,63,997,445,552
050,13,095,"Georgia","Dougherty County",4,64,1009,471,538
050,13,095,"Georgia","Dougherty County",4,65,1009,451,558
050,13,095,"Georgia","Dougherty County",4,66,963,416,547
050,13,095,"Georgia","Dougherty County",4,67,949,422,527
050,13,095,"Georgia","Dougherty County",4,68,966,436,530
050,13,095,"Georgia","Dougherty County",4,69,915,397,518
050,13,095,"Georgia","Dougherty County",4,70,872,386,486
050,13,095,"Georgia","Dougherty County",4,71,856,387,469
050,13,095,"Georgia","Dougherty County",4,72,862,386,476
050,13,095,"Georgia","Dougherty County",4,73,811,348,463
050,13,095,"Georgia","Dougherty County",4,74,734,318,416
050,13,095,"Georgia","Dougherty County",4,75,698,302,396
050,13,095,"Georgia","Dougherty County",4,76,521,213,308
050,13,095,"Georgia","Dougherty County",4,77,499,218,281
050,13,095,"Georgia","Dougherty County",4,78,465,187,278
050,13,095,"Georgia","Dougherty County",4,79,464,189,275
050,13,095,"Georgia","Dougherty County",4,80,368,154,214
050,13,095,"Georgia","Dougherty County",4,81,335,123,212
050,13,095,"Georgia","Dougherty County",4,82,313,116,197
050,13,095,"Georgia","Dougherty County",4,83,275,100,175
050,13,095,"Georgia","Dougherty County",4,84,232,86,146
050,13,095,"Georgia","Dougherty County",4,85,1379,464,915
050,13,095,"Georgia","Dougherty County",5,0,1084,558,526
050,13,095,"Georgia","Dougherty County",5,1,1094,572,522
050,13,095,"Georgia","Dougherty County",5,2,1097,554,543
050,13,095,"Georgia","Dougherty County",5,3,1054,525,529
050,13,095,"Georgia","Dougherty County",5,4,1114,574,540
050,13,095,"Georgia","Dougherty County",5,5,1056,542,514
050,13,095,"Georgia","Dougherty County",5,6,1102,556,546
050,13,095,"Georgia","Dougherty County",5,7,1037,561,476
050,13,095,"Georgia","Dougherty County",5,8,1083,547,536
050,13,095,"Georgia","Dougherty County",5,9,1081,565,516
050,13,095,"Georgia","Dougherty County",5,10,1094,556,538
050,13,095,"Georgia","Dougherty County",5,11,1126,574,552
050,13,095,"Georgia","Dougherty County",5,12,1205,628,577
050,13,095,"Georgia","Dougherty County",5,13,1147,579,568
050,13,095,"Georgia","Dougherty County",5,14,1147,582,565
050,13,095,"Georgia","Dougherty County",5,15,1201,588,613
050,13,095,"Georgia","Dougherty County",5,16,1188,607,581
050,13,095,"Georgia","Dougherty County",5,17,1117,566,551
050,13,095,"Georgia","Dougherty County",5,18,1297,601,696
050,13,095,"Georgia","Dougherty County",5,19,1534,674,860
050,13,095,"Georgia","Dougherty County",5,20,1356,621,735
050,13,095,"Georgia","Dougherty County",5,21,1215,551,664
050,13,095,"Georgia","Dougherty County",5,22,1191,542,649
050,13,095,"Georgia","Dougherty County",5,23,1177,527,650
050,13,095,"Georgia","Dougherty County",5,24,1108,474,634
050,13,095,"Georgia","Dougherty County",5,25,1084,484,600
050,13,095,"Georgia","Dougherty County",5,26,1089,489,600
050,13,095,"Georgia","Dougherty County",5,27,1059,489,570
050,13,095,"Georgia","Dougherty County",5,28,1030,464,566
050,13,095,"Georgia","Dougherty County",5,29,1069,450,619
050,13,095,"Georgia","Dougherty County",5,30,1060,469,591
050,13,095,"Georgia","Dougherty County",5,31,1105,488,617
050,13,095,"Georgia","Dougherty County",5,32,1127,496,631
050,13,095,"Georgia","Dougherty County",5,33,1145,481,664
050,13,095,"Georgia","Dougherty County",5,34,1101,473,628
050,13,095,"Georgia","Dougherty County",5,35,1038,468,570
050,13,095,"Georgia","Dougherty County",5,36,985,440,545
050,13,095,"Georgia","Dougherty County",5,37,920,425,495
050,13,095,"Georgia","Dougherty County",5,38,847,355,492
050,13,095,"Georgia","Dougherty County",5,39,879,363,516
050,13,095,"Georgia","Dougherty County",5,40,932,409,523
050,13,095,"Georgia","Dougherty County",5,41,1005,420,585
050,13,095,"Georgia","Dougherty County",5,42,1009,437,572
050,13,095,"Georgia","Dougherty County",5,43,998,456,542
050,13,095,"Georgia","Dougherty County",5,44,875,392,483
050,13,095,"Georgia","Dougherty County",5,45,880,377,503
050,13,095,"Georgia","Dougherty County",5,46,890,391,499
050,13,095,"Georgia","Dougherty County",5,47,837,343,494
050,13,095,"Georgia","Dougherty County",5,48,845,360,485
050,13,095,"Georgia","Dougherty County",5,49,893,400,493
050,13,095,"Georgia","Dougherty County",5,50,883,416,467
050,13,095,"Georgia","Dougherty County",5,51,928,427,501
050,13,095,"Georgia","Dougherty County",5,52,1007,464,543
050,13,095,"Georgia","Dougherty County",5,53,929,439,490
050,13,095,"Georgia","Dougherty County",5,54,874,372,502
050,13,095,"Georgia","Dougherty County",5,55,879,383,496
050,13,095,"Georgia","Dougherty County",5,56,898,416,482
050,13,095,"Georgia","Dougherty County",5,57,958,426,532
050,13,095,"Georgia","Dougherty County",5,58,1030,421,609
050,13,095,"Georgia","Dougherty County",5,59,999,430,569
050,13,095,"Georgia","Dougherty County",5,60,979,415,564
050,13,095,"Georgia","Dougherty County",5,61,1030,466,564
050,13,095,"Georgia","Dougherty County",5,62,995,429,566
050,13,095,"Georgia","Dougherty County",5,63,975,437,538
050,13,095,"Georgia","Dougherty County",5,64,980,438,542
050,13,095,"Georgia","Dougherty County",5,65,998,466,532
050,13,095,"Georgia","Dougherty County",5,66,994,443,551
050,13,095,"Georgia","Dougherty County",5,67,951,419,532
050,13,095,"Georgia","Dougherty County",5,68,932,410,522
050,13,095,"Georgia","Dougherty County",5,69,920,410,510
050,13,095,"Georgia","Dougherty County",5,70,874,377,497
050,13,095,"Georgia","Dougherty County",5,71,845,376,469
050,13,095,"Georgia","Dougherty County",5,72,828,369,459
050,13,095,"Georgia","Dougherty County",5,73,838,367,471
050,13,095,"Georgia","Dougherty County",5,74,785,333,452
050,13,095,"Georgia","Dougherty County",5,75,705,306,399
050,13,095,"Georgia","Dougherty County",5,76,667,286,381
050,13,095,"Georgia","Dougherty County",5,77,501,207,294
050,13,095,"Georgia","Dougherty County",5,78,480,199,281
050,13,095,"Georgia","Dougherty County",5,79,432,164,268
050,13,095,"Georgia","Dougherty County",5,80,438,178,260
050,13,095,"Georgia","Dougherty County",5,81,346,138,208
050,13,095,"Georgia","Dougherty County",5,82,301,115,186
050,13,095,"Georgia","Dougherty County",5,83,280,98,182
050,13,095,"Georgia","Dougherty County",5,84,244,87,157
050,13,095,"Georgia","Dougherty County",5,85,1335,460,875
050,13,097,"Georgia","Douglas County",1,0,1603,810,793
050,13,097,"Georgia","Douglas County",1,1,1627,818,809
050,13,097,"Georgia","Douglas County",1,2,1797,914,883
050,13,097,"Georgia","Douglas County",1,3,1789,900,889
050,13,097,"Georgia","Douglas County",1,4,1908,953,955
050,13,097,"Georgia","Douglas County",1,5,1919,979,940
050,13,097,"Georgia","Douglas County",1,6,1892,952,940
050,13,097,"Georgia","Douglas County",1,7,2000,1028,972
050,13,097,"Georgia","Douglas County",1,8,2040,1021,1019
050,13,097,"Georgia","Douglas County",1,9,2029,1059,970
050,13,097,"Georgia","Douglas County",1,10,2159,1094,1065
050,13,097,"Georgia","Douglas County",1,11,2272,1113,1159
050,13,097,"Georgia","Douglas County",1,12,2369,1209,1160
050,13,097,"Georgia","Douglas County",1,13,2395,1217,1178
050,13,097,"Georgia","Douglas County",1,14,2432,1229,1203
050,13,097,"Georgia","Douglas County",1,15,2366,1211,1155
050,13,097,"Georgia","Douglas County",1,16,2349,1207,1142
050,13,097,"Georgia","Douglas County",1,17,2376,1212,1164
050,13,097,"Georgia","Douglas County",1,18,2116,1106,1010
050,13,097,"Georgia","Douglas County",1,19,1781,932,849
050,13,097,"Georgia","Douglas County",1,20,1833,925,908
050,13,097,"Georgia","Douglas County",1,21,1887,925,962
050,13,097,"Georgia","Douglas County",1,22,1865,934,931
050,13,097,"Georgia","Douglas County",1,23,1866,906,960
050,13,097,"Georgia","Douglas County",1,24,1848,895,953
050,13,097,"Georgia","Douglas County",1,25,1843,852,991
050,13,097,"Georgia","Douglas County",1,26,1959,913,1046
050,13,097,"Georgia","Douglas County",1,27,1877,919,958
050,13,097,"Georgia","Douglas County",1,28,1904,941,963
050,13,097,"Georgia","Douglas County",1,29,1973,952,1021
050,13,097,"Georgia","Douglas County",1,30,1901,893,1008
050,13,097,"Georgia","Douglas County",1,31,1743,801,942
050,13,097,"Georgia","Douglas County",1,32,1709,772,937
050,13,097,"Georgia","Douglas County",1,33,1741,819,922
050,13,097,"Georgia","Douglas County",1,34,1740,818,922
050,13,097,"Georgia","Douglas County",1,35,1733,789,944
050,13,097,"Georgia","Douglas County",1,36,1820,814,1006
050,13,097,"Georgia","Douglas County",1,37,1863,855,1008
050,13,097,"Georgia","Douglas County",1,38,1916,859,1057
050,13,097,"Georgia","Douglas County",1,39,2027,929,1098
050,13,097,"Georgia","Douglas County",1,40,2046,898,1148
050,13,097,"Georgia","Douglas County",1,41,2003,918,1085
050,13,097,"Georgia","Douglas County",1,42,2049,949,1100
050,13,097,"Georgia","Douglas County",1,43,1942,902,1040
050,13,097,"Georgia","Douglas County",1,44,1927,843,1084
050,13,097,"Georgia","Douglas County",1,45,2041,908,1133
050,13,097,"Georgia","Douglas County",1,46,2049,903,1146
050,13,097,"Georgia","Douglas County",1,47,2080,941,1139
050,13,097,"Georgia","Douglas County",1,48,2221,1041,1180
050,13,097,"Georgia","Douglas County",1,49,2384,1111,1273
050,13,097,"Georgia","Douglas County",1,50,2237,1070,1167
050,13,097,"Georgia","Douglas County",1,51,2069,975,1094
050,13,097,"Georgia","Douglas County",1,52,2018,935,1083
050,13,097,"Georgia","Douglas County",1,53,2066,981,1085
050,13,097,"Georgia","Douglas County",1,54,2039,968,1071
050,13,097,"Georgia","Douglas County",1,55,2075,977,1098
050,13,097,"Georgia","Douglas County",1,56,2027,975,1052
050,13,097,"Georgia","Douglas County",1,57,1974,961,1013
050,13,097,"Georgia","Douglas County",1,58,1889,912,977
050,13,097,"Georgia","Douglas County",1,59,1810,879,931
050,13,097,"Georgia","Douglas County",1,60,1753,870,883
050,13,097,"Georgia","Douglas County",1,61,1672,807,865
050,13,097,"Georgia","Douglas County",1,62,1623,778,845
050,13,097,"Georgia","Douglas County",1,63,1541,760,781
050,13,097,"Georgia","Douglas County",1,64,1495,710,785
050,13,097,"Georgia","Douglas County",1,65,1438,679,759
050,13,097,"Georgia","Douglas County",1,66,1286,573,713
050,13,097,"Georgia","Douglas County",1,67,1219,540,679
050,13,097,"Georgia","Douglas County",1,68,1198,532,666
050,13,097,"Georgia","Douglas County",1,69,1080,466,614
050,13,097,"Georgia","Douglas County",1,70,1101,466,635
050,13,097,"Georgia","Douglas County",1,71,1008,453,555
050,13,097,"Georgia","Douglas County",1,72,1005,462,543
050,13,097,"Georgia","Douglas County",1,73,985,433,552
050,13,097,"Georgia","Douglas County",1,74,681,288,393
050,13,097,"Georgia","Douglas County",1,75,711,325,386
050,13,097,"Georgia","Douglas County",1,76,689,312,377
050,13,097,"Georgia","Douglas County",1,77,644,298,346
050,13,097,"Georgia","Douglas County",1,78,542,225,317
050,13,097,"Georgia","Douglas County",1,79,474,211,263
050,13,097,"Georgia","Douglas County",1,80,439,201,238
050,13,097,"Georgia","Douglas County",1,81,403,171,232
050,13,097,"Georgia","Douglas County",1,82,360,145,215
050,13,097,"Georgia","Douglas County",1,83,279,116,163
050,13,097,"Georgia","Douglas County",1,84,247,99,148
050,13,097,"Georgia","Douglas County",1,85,1224,399,825
050,13,097,"Georgia","Douglas County",2,0,1592,804,788
050,13,097,"Georgia","Douglas County",2,1,1641,822,819
050,13,097,"Georgia","Douglas County",2,2,1764,889,875
050,13,097,"Georgia","Douglas County",2,3,1793,905,888
050,13,097,"Georgia","Douglas County",2,4,1888,948,940
050,13,097,"Georgia","Douglas County",2,5,1924,977,947
050,13,097,"Georgia","Douglas County",2,6,1917,970,947
050,13,097,"Georgia","Douglas County",2,7,1988,1015,973
050,13,097,"Georgia","Douglas County",2,8,2035,1027,1008
050,13,097,"Georgia","Douglas County",2,9,2042,1054,988
050,13,097,"Georgia","Douglas County",2,10,2138,1090,1048
050,13,097,"Georgia","Douglas County",2,11,2247,1109,1138
050,13,097,"Georgia","Douglas County",2,12,2368,1196,1172
050,13,097,"Georgia","Douglas County",2,13,2402,1221,1181
050,13,097,"Georgia","Douglas County",2,14,2422,1224,1198
050,13,097,"Georgia","Douglas County",2,15,2385,1219,1166
050,13,097,"Georgia","Douglas County",2,16,2360,1211,1149
050,13,097,"Georgia","Douglas County",2,17,2369,1212,1157
050,13,097,"Georgia","Douglas County",2,18,2092,1098,994
050,13,097,"Georgia","Douglas County",2,19,1808,946,862
050,13,097,"Georgia","Douglas County",2,20,1865,946,919
050,13,097,"Georgia","Douglas County",2,21,1886,932,954
050,13,097,"Georgia","Douglas County",2,22,1889,939,950
050,13,097,"Georgia","Douglas County",2,23,1875,912,963
050,13,097,"Georgia","Douglas County",2,24,1846,894,952
050,13,097,"Georgia","Douglas County",2,25,1859,869,990
050,13,097,"Georgia","Douglas County",2,26,1943,909,1034
050,13,097,"Georgia","Douglas County",2,27,1908,925,983
050,13,097,"Georgia","Douglas County",2,28,1915,947,968
050,13,097,"Georgia","Douglas County",2,29,1964,951,1013
050,13,097,"Georgia","Douglas County",2,30,1932,914,1018
050,13,097,"Georgia","Douglas County",2,31,1783,825,958
050,13,097,"Georgia","Douglas County",2,32,1725,786,939
050,13,097,"Georgia","Douglas County",2,33,1736,810,926
050,13,097,"Georgia","Douglas County",2,34,1745,825,920
050,13,097,"Georgia","Douglas County",2,35,1762,809,953
050,13,097,"Georgia","Douglas County",2,36,1801,810,991
050,13,097,"Georgia","Douglas County",2,37,1865,853,1012
050,13,097,"Georgia","Douglas County",2,38,1923,869,1054
050,13,097,"Georgia","Douglas County",2,39,1997,909,1088
050,13,097,"Georgia","Douglas County",2,40,2064,918,1146
050,13,097,"Georgia","Douglas County",2,41,2019,916,1103
050,13,097,"Georgia","Douglas County",2,42,2029,940,1089
050,13,097,"Georgia","Douglas County",2,43,1991,923,1068
050,13,097,"Georgia","Douglas County",2,44,1921,857,1064
050,13,097,"Georgia","Douglas County",2,45,2032,902,1130
050,13,097,"Georgia","Douglas County",2,46,2041,900,1141
050,13,097,"Georgia","Douglas County",2,47,2070,930,1140
050,13,097,"Georgia","Douglas County",2,48,2183,1016,1167
050,13,097,"Georgia","Douglas County",2,49,2351,1098,1253
050,13,097,"Georgia","Douglas County",2,50,2271,1079,1192
050,13,097,"Georgia","Douglas County",2,51,2090,989,1101
050,13,097,"Georgia","Douglas County",2,52,2035,945,1090
050,13,097,"Georgia","Douglas County",2,53,2046,964,1082
050,13,097,"Georgia","Douglas County",2,54,2046,971,1075
050,13,097,"Georgia","Douglas County",2,55,2063,971,1092
050,13,097,"Georgia","Douglas County",2,56,2037,971,1066
050,13,097,"Georgia","Douglas County",2,57,1979,960,1019
050,13,097,"Georgia","Douglas County",2,58,1905,924,981
050,13,097,"Georgia","Douglas County",2,59,1830,888,942
050,13,097,"Georgia","Douglas County",2,60,1763,868,895
050,13,097,"Georgia","Douglas County",2,61,1681,817,864
050,13,097,"Georgia","Douglas County",2,62,1620,777,843
050,13,097,"Georgia","Douglas County",2,63,1565,766,799
050,13,097,"Georgia","Douglas County",2,64,1495,716,779
050,13,097,"Georgia","Douglas County",2,65,1446,684,762
050,13,097,"Georgia","Douglas County",2,66,1320,599,721
050,13,097,"Georgia","Douglas County",2,67,1223,542,681
050,13,097,"Georgia","Douglas County",2,68,1193,529,664
050,13,097,"Georgia","Douglas County",2,69,1104,477,627
050,13,097,"Georgia","Douglas County",2,70,1090,461,629
050,13,097,"Georgia","Douglas County",2,71,1019,453,566
050,13,097,"Georgia","Douglas County",2,72,980,443,537
050,13,097,"Georgia","Douglas County",2,73,1015,453,562
050,13,097,"Georgia","Douglas County",2,74,702,298,404
050,13,097,"Georgia","Douglas County",2,75,705,315,390
050,13,097,"Georgia","Douglas County",2,76,672,304,368
050,13,097,"Georgia","Douglas County",2,77,658,302,356
050,13,097,"Georgia","Douglas County",2,78,547,236,311
050,13,097,"Georgia","Douglas County",2,79,483,207,276
050,13,097,"Georgia","Douglas County",2,80,440,198,242
050,13,097,"Georgia","Douglas County",2,81,401,173,228
050,13,097,"Georgia","Douglas County",2,82,364,148,216
050,13,097,"Georgia","Douglas County",2,83,291,116,175
050,13,097,"Georgia","Douglas County",2,84,251,101,150
050,13,097,"Georgia","Douglas County",2,85,1223,396,827
050,13,097,"Georgia","Douglas County",3,0,1621,855,766
050,13,097,"Georgia","Douglas County",3,1,1735,846,889
050,13,097,"Georgia","Douglas County",3,2,1679,829,850
050,13,097,"Georgia","Douglas County",3,3,1845,923,922
050,13,097,"Georgia","Douglas County",3,4,1833,927,906
050,13,097,"Georgia","Douglas County",3,5,1900,988,912
050,13,097,"Georgia","Douglas County",3,6,1982,996,986
050,13,097,"Georgia","Douglas County",3,7,1964,982,982
050,13,097,"Georgia","Douglas County",3,8,2035,1040,995
050,13,097,"Georgia","Douglas County",3,9,2057,1026,1031
050,13,097,"Georgia","Douglas County",3,10,2104,1090,1014
050,13,097,"Georgia","Douglas County",3,11,2141,1082,1059
050,13,097,"Georgia","Douglas County",3,12,2291,1131,1160
050,13,097,"Georgia","Douglas County",3,13,2421,1212,1209
050,13,097,"Georgia","Douglas County",3,14,2453,1222,1231
050,13,097,"Georgia","Douglas County",3,15,2455,1248,1207
050,13,097,"Georgia","Douglas County",3,16,2462,1255,1207
050,13,097,"Georgia","Douglas County",3,17,2348,1204,1144
050,13,097,"Georgia","Douglas County",3,18,2084,1096,988
050,13,097,"Georgia","Douglas County",3,19,1802,934,868
050,13,097,"Georgia","Douglas County",3,20,1850,948,902
050,13,097,"Georgia","Douglas County",3,21,1908,938,970
050,13,097,"Georgia","Douglas County",3,22,1915,931,984
050,13,097,"Georgia","Douglas County",3,23,1915,956,959
050,13,097,"Georgia","Douglas County",3,24,1921,927,994
050,13,097,"Georgia","Douglas County",3,25,1852,889,963
050,13,097,"Georgia","Douglas County",3,26,1894,879,1015
050,13,097,"Georgia","Douglas County",3,27,1931,928,1003
050,13,097,"Georgia","Douglas County",3,28,1980,944,1036
050,13,097,"Georgia","Douglas County",3,29,1972,945,1027
050,13,097,"Georgia","Douglas County",3,30,1962,930,1032
050,13,097,"Georgia","Douglas County",3,31,1933,921,1012
050,13,097,"Georgia","Douglas County",3,32,1795,846,949
050,13,097,"Georgia","Douglas County",3,33,1733,774,959
050,13,097,"Georgia","Douglas County",3,34,1781,842,939
050,13,097,"Georgia","Douglas County",3,35,1798,862,936
050,13,097,"Georgia","Douglas County",3,36,1815,813,1002
050,13,097,"Georgia","Douglas County",3,37,1833,818,1015
050,13,097,"Georgia","Douglas County",3,38,1897,873,1024
050,13,097,"Georgia","Douglas County",3,39,1958,884,1074
050,13,097,"Georgia","Douglas County",3,40,1998,900,1098
050,13,097,"Georgia","Douglas County",3,41,2105,942,1163
050,13,097,"Georgia","Douglas County",3,42,2006,907,1099
050,13,097,"Georgia","Douglas County",3,43,2032,927,1105
050,13,097,"Georgia","Douglas County",3,44,1994,920,1074
050,13,097,"Georgia","Douglas County",3,45,1899,833,1066
050,13,097,"Georgia","Douglas County",3,46,2032,894,1138
050,13,097,"Georgia","Douglas County",3,47,2038,914,1124
050,13,097,"Georgia","Douglas County",3,48,2096,932,1164
050,13,097,"Georgia","Douglas County",3,49,2155,1012,1143
050,13,097,"Georgia","Douglas County",3,50,2378,1102,1276
050,13,097,"Georgia","Douglas County",3,51,2270,1081,1189
050,13,097,"Georgia","Douglas County",3,52,2070,975,1095
050,13,097,"Georgia","Douglas County",3,53,2021,951,1070
050,13,097,"Georgia","Douglas County",3,54,2014,953,1061
050,13,097,"Georgia","Douglas County",3,55,2049,968,1081
050,13,097,"Georgia","Douglas County",3,56,2010,946,1064
050,13,097,"Georgia","Douglas County",3,57,2026,960,1066
050,13,097,"Georgia","Douglas County",3,58,1970,941,1029
050,13,097,"Georgia","Douglas County",3,59,1851,888,963
050,13,097,"Georgia","Douglas County",3,60,1786,862,924
050,13,097,"Georgia","Douglas County",3,61,1712,851,861
050,13,097,"Georgia","Douglas County",3,62,1638,802,836
050,13,097,"Georgia","Douglas County",3,63,1546,750,796
050,13,097,"Georgia","Douglas County",3,64,1521,731,790
050,13,097,"Georgia","Douglas County",3,65,1467,701,766
050,13,097,"Georgia","Douglas County",3,66,1420,673,747
050,13,097,"Georgia","Douglas County",3,67,1292,578,714
050,13,097,"Georgia","Douglas County",3,68,1176,510,666
050,13,097,"Georgia","Douglas County",3,69,1160,502,658
050,13,097,"Georgia","Douglas County",3,70,1071,458,613
050,13,097,"Georgia","Douglas County",3,71,1019,427,592
050,13,097,"Georgia","Douglas County",3,72,995,436,559
050,13,097,"Georgia","Douglas County",3,73,944,425,519
050,13,097,"Georgia","Douglas County",3,74,974,439,535
050,13,097,"Georgia","Douglas County",3,75,677,285,392
050,13,097,"Georgia","Douglas County",3,76,667,287,380
050,13,097,"Georgia","Douglas County",3,77,641,296,345
050,13,097,"Georgia","Douglas County",3,78,606,274,332
050,13,097,"Georgia","Douglas County",3,79,511,214,297
050,13,097,"Georgia","Douglas County",3,80,457,190,267
050,13,097,"Georgia","Douglas County",3,81,405,188,217
050,13,097,"Georgia","Douglas County",3,82,372,162,210
050,13,097,"Georgia","Douglas County",3,83,340,129,211
050,13,097,"Georgia","Douglas County",3,84,259,106,153
050,13,097,"Georgia","Douglas County",3,85,1223,407,816
050,13,097,"Georgia","Douglas County",4,0,1682,861,821
050,13,097,"Georgia","Douglas County",4,1,1668,879,789
050,13,097,"Georgia","Douglas County",4,2,1758,855,903
050,13,097,"Georgia","Douglas County",4,3,1731,857,874
050,13,097,"Georgia","Douglas County",4,4,1898,958,940
050,13,097,"Georgia","Douglas County",4,5,1883,942,941
050,13,097,"Georgia","Douglas County",4,6,1948,1026,922
050,13,097,"Georgia","Douglas County",4,7,2027,1031,996
050,13,097,"Georgia","Douglas County",4,8,1983,995,988
050,13,097,"Georgia","Douglas County",4,9,2089,1087,1002
050,13,097,"Georgia","Douglas County",4,10,2130,1065,1065
050,13,097,"Georgia","Douglas County",4,11,2149,1094,1055
050,13,097,"Georgia","Douglas County",4,12,2220,1132,1088
050,13,097,"Georgia","Douglas County",4,13,2329,1180,1149
050,13,097,"Georgia","Douglas County",4,14,2476,1249,1227
050,13,097,"Georgia","Douglas County",4,15,2470,1241,1229
050,13,097,"Georgia","Douglas County",4,16,2525,1267,1258
050,13,097,"Georgia","Douglas County",4,17,2502,1282,1220
050,13,097,"Georgia","Douglas County",4,18,2078,1086,992
050,13,097,"Georgia","Douglas County",4,19,1813,964,849
050,13,097,"Georgia","Douglas County",4,20,1899,940,959
050,13,097,"Georgia","Douglas County",4,21,1980,1000,980
050,13,097,"Georgia","Douglas County",4,22,1996,986,1010
050,13,097,"Georgia","Douglas County",4,23,1949,957,992
050,13,097,"Georgia","Douglas County",4,24,1943,955,988
050,13,097,"Georgia","Douglas County",4,25,1916,937,979
050,13,097,"Georgia","Douglas County",4,26,1899,913,986
050,13,097,"Georgia","Douglas County",4,27,1901,907,994
050,13,097,"Georgia","Douglas County",4,28,1955,925,1030
050,13,097,"Georgia","Douglas County",4,29,1981,934,1047
050,13,097,"Georgia","Douglas County",4,30,1983,959,1024
050,13,097,"Georgia","Douglas County",4,31,1996,935,1061
050,13,097,"Georgia","Douglas County",4,32,2010,959,1051
050,13,097,"Georgia","Douglas County",4,33,1847,886,961
050,13,097,"Georgia","Douglas County",4,34,1815,826,989
050,13,097,"Georgia","Douglas County",4,35,1839,845,994
050,13,097,"Georgia","Douglas County",4,36,1848,912,936
050,13,097,"Georgia","Douglas County",4,37,1871,816,1055
050,13,097,"Georgia","Douglas County",4,38,1857,834,1023
050,13,097,"Georgia","Douglas County",4,39,1913,859,1054
050,13,097,"Georgia","Douglas County",4,40,2003,897,1106
050,13,097,"Georgia","Douglas County",4,41,2019,911,1108
050,13,097,"Georgia","Douglas County",4,42,2149,969,1180
050,13,097,"Georgia","Douglas County",4,43,2062,927,1135
050,13,097,"Georgia","Douglas County",4,44,2041,945,1096
050,13,097,"Georgia","Douglas County",4,45,2006,911,1095
050,13,097,"Georgia","Douglas County",4,46,1939,866,1073
050,13,097,"Georgia","Douglas County",4,47,2025,894,1131
050,13,097,"Georgia","Douglas County",4,48,2008,913,1095
050,13,097,"Georgia","Douglas County",4,49,2097,931,1166
050,13,097,"Georgia","Douglas County",4,50,2153,1007,1146
050,13,097,"Georgia","Douglas County",4,51,2358,1075,1283
050,13,097,"Georgia","Douglas County",4,52,2279,1076,1203
050,13,097,"Georgia","Douglas County",4,53,2057,959,1098
050,13,097,"Georgia","Douglas County",4,54,2014,939,1075
050,13,097,"Georgia","Douglas County",4,55,2008,955,1053
050,13,097,"Georgia","Douglas County",4,56,2001,969,1032
050,13,097,"Georgia","Douglas County",4,57,2000,950,1050
050,13,097,"Georgia","Douglas County",4,58,1987,958,1029
050,13,097,"Georgia","Douglas County",4,59,1946,925,1021
050,13,097,"Georgia","Douglas County",4,60,1827,878,949
050,13,097,"Georgia","Douglas County",4,61,1770,865,905
050,13,097,"Georgia","Douglas County",4,62,1682,815,867
050,13,097,"Georgia","Douglas County",4,63,1616,796,820
050,13,097,"Georgia","Douglas County",4,64,1536,751,785
050,13,097,"Georgia","Douglas County",4,65,1466,682,784
050,13,097,"Georgia","Douglas County",4,66,1412,668,744
050,13,097,"Georgia","Douglas County",4,67,1368,640,728
050,13,097,"Georgia","Douglas County",4,68,1233,551,682
050,13,097,"Georgia","Douglas County",4,69,1135,487,648
050,13,097,"Georgia","Douglas County",4,70,1135,492,643
050,13,097,"Georgia","Douglas County",4,71,1016,428,588
050,13,097,"Georgia","Douglas County",4,72,978,393,585
050,13,097,"Georgia","Douglas County",4,73,958,420,538
050,13,097,"Georgia","Douglas County",4,74,876,386,490
050,13,097,"Georgia","Douglas County",4,75,948,429,519
050,13,097,"Georgia","Douglas County",4,76,644,261,383
050,13,097,"Georgia","Douglas County",4,77,622,273,349
050,13,097,"Georgia","Douglas County",4,78,601,280,321
050,13,097,"Georgia","Douglas County",4,79,576,259,317
050,13,097,"Georgia","Douglas County",4,80,470,186,284
050,13,097,"Georgia","Douglas County",4,81,433,185,248
050,13,097,"Georgia","Douglas County",4,82,384,171,213
050,13,097,"Georgia","Douglas County",4,83,324,138,186
050,13,097,"Georgia","Douglas County",4,84,301,118,183
050,13,097,"Georgia","Douglas County",4,85,1233,419,814
050,13,097,"Georgia","Douglas County",5,0,1679,861,818
050,13,097,"Georgia","Douglas County",5,1,1745,886,859
050,13,097,"Georgia","Douglas County",5,2,1737,880,857
050,13,097,"Georgia","Douglas County",5,3,1803,877,926
050,13,097,"Georgia","Douglas County",5,4,1774,902,872
050,13,097,"Georgia","Douglas County",5,5,2004,1031,973
050,13,097,"Georgia","Douglas County",5,6,1955,984,971
050,13,097,"Georgia","Douglas County",5,7,2009,1054,955
050,13,097,"Georgia","Douglas County",5,8,2105,1075,1030
050,13,097,"Georgia","Douglas County",5,9,2026,1025,1001
050,13,097,"Georgia","Douglas County",5,10,2150,1091,1059
050,13,097,"Georgia","Douglas County",5,11,2166,1101,1065
050,13,097,"Georgia","Douglas County",5,12,2188,1126,1062
050,13,097,"Georgia","Douglas County",5,13,2256,1163,1093
050,13,097,"Georgia","Douglas County",5,14,2387,1193,1194
050,13,097,"Georgia","Douglas County",5,15,2473,1233,1240
050,13,097,"Georgia","Douglas County",5,16,2488,1247,1241
050,13,097,"Georgia","Douglas County",5,17,2513,1263,1250
050,13,097,"Georgia","Douglas County",5,18,2144,1116,1028
050,13,097,"Georgia","Douglas County",5,19,1811,945,866
050,13,097,"Georgia","Douglas County",5,20,1926,996,930
050,13,097,"Georgia","Douglas County",5,21,2029,986,1043
050,13,097,"Georgia","Douglas County",5,22,2061,1027,1034
050,13,097,"Georgia","Douglas County",5,23,2079,1015,1064
050,13,097,"Georgia","Douglas County",5,24,2028,1015,1013
050,13,097,"Georgia","Douglas County",5,25,1950,945,1005
050,13,097,"Georgia","Douglas County",5,26,1931,974,957
050,13,097,"Georgia","Douglas County",5,27,1938,935,1003
050,13,097,"Georgia","Douglas County",5,28,1973,915,1058
050,13,097,"Georgia","Douglas County",5,29,1982,936,1046
050,13,097,"Georgia","Douglas County",5,30,2016,936,1080
050,13,097,"Georgia","Douglas County",5,31,2067,973,1094
050,13,097,"Georgia","Douglas County",5,32,2069,961,1108
050,13,097,"Georgia","Douglas County",5,33,2037,968,1069
050,13,097,"Georgia","Douglas County",5,34,1944,947,997
050,13,097,"Georgia","Douglas County",5,35,1881,860,1021
050,13,097,"Georgia","Douglas County",5,36,1820,832,988
050,13,097,"Georgia","Douglas County",5,37,1870,908,962
050,13,097,"Georgia","Douglas County",5,38,1870,795,1075
050,13,097,"Georgia","Douglas County",5,39,1837,819,1018
050,13,097,"Georgia","Douglas County",5,40,1914,847,1067
050,13,097,"Georgia","Douglas County",5,41,2035,922,1113
050,13,097,"Georgia","Douglas County",5,42,2022,899,1123
050,13,097,"Georgia","Douglas County",5,43,2172,963,1209
050,13,097,"Georgia","Douglas County",5,44,2073,915,1158
050,13,097,"Georgia","Douglas County",5,45,2047,942,1105
050,13,097,"Georgia","Douglas County",5,46,1999,951,1048
050,13,097,"Georgia","Douglas County",5,47,1929,864,1065
050,13,097,"Georgia","Douglas County",5,48,2056,911,1145
050,13,097,"Georgia","Douglas County",5,49,2033,908,1125
050,13,097,"Georgia","Douglas County",5,50,2112,939,1173
050,13,097,"Georgia","Douglas County",5,51,2146,1005,1141
050,13,097,"Georgia","Douglas County",5,52,2348,1061,1287
050,13,097,"Georgia","Douglas County",5,53,2269,1066,1203
050,13,097,"Georgia","Douglas County",5,54,2066,962,1104
050,13,097,"Georgia","Douglas County",5,55,2030,952,1078
050,13,097,"Georgia","Douglas County",5,56,1986,955,1031
050,13,097,"Georgia","Douglas County",5,57,1976,947,1029
050,13,097,"Georgia","Douglas County",5,58,1990,950,1040
050,13,097,"Georgia","Douglas County",5,59,1938,939,999
050,13,097,"Georgia","Douglas County",5,60,1907,916,991
050,13,097,"Georgia","Douglas County",5,61,1790,848,942
050,13,097,"Georgia","Douglas County",5,62,1718,835,883
050,13,097,"Georgia","Douglas County",5,63,1650,795,855
050,13,097,"Georgia","Douglas County",5,64,1616,781,835
050,13,097,"Georgia","Douglas County",5,65,1532,726,806
050,13,097,"Georgia","Douglas County",5,66,1397,647,750
050,13,097,"Georgia","Douglas County",5,67,1375,652,723
050,13,097,"Georgia","Douglas County",5,68,1328,617,711
050,13,097,"Georgia","Douglas County",5,69,1187,527,660
050,13,097,"Georgia","Douglas County",5,70,1114,478,636
050,13,097,"Georgia","Douglas County",5,71,1077,464,613
050,13,097,"Georgia","Douglas County",5,72,974,405,569
050,13,097,"Georgia","Douglas County",5,73,935,381,554
050,13,097,"Georgia","Douglas County",5,74,909,400,509
050,13,097,"Georgia","Douglas County",5,75,844,370,474
050,13,097,"Georgia","Douglas County",5,76,888,397,491
050,13,097,"Georgia","Douglas County",5,77,590,230,360
050,13,097,"Georgia","Douglas County",5,78,594,259,335
050,13,097,"Georgia","Douglas County",5,79,571,264,307
050,13,097,"Georgia","Douglas County",5,80,527,237,290
050,13,097,"Georgia","Douglas County",5,81,441,173,268
050,13,097,"Georgia","Douglas County",5,82,396,164,232
050,13,097,"Georgia","Douglas County",5,83,351,148,203
050,13,097,"Georgia","Douglas County",5,84,286,125,161
050,13,097,"Georgia","Douglas County",5,85,1301,450,851
050,13,099,"Georgia","Early County",1,0,137,70,67
050,13,099,"Georgia","Early County",1,1,148,79,69
050,13,099,"Georgia","Early County",1,2,130,74,56
050,13,099,"Georgia","Early County",1,3,137,64,73
050,13,099,"Georgia","Early County",1,4,154,75,79
050,13,099,"Georgia","Early County",1,5,142,62,80
050,13,099,"Georgia","Early County",1,6,135,77,58
050,13,099,"Georgia","Early County",1,7,132,68,64
050,13,099,"Georgia","Early County",1,8,150,73,77
050,13,099,"Georgia","Early County",1,9,152,74,78
050,13,099,"Georgia","Early County",1,10,157,74,83
050,13,099,"Georgia","Early County",1,11,164,82,82
050,13,099,"Georgia","Early County",1,12,173,91,82
050,13,099,"Georgia","Early County",1,13,161,84,77
050,13,099,"Georgia","Early County",1,14,161,75,86
050,13,099,"Georgia","Early County",1,15,166,84,82
050,13,099,"Georgia","Early County",1,16,160,87,73
050,13,099,"Georgia","Early County",1,17,161,84,77
050,13,099,"Georgia","Early County",1,18,159,90,69
050,13,099,"Georgia","Early County",1,19,118,65,53
050,13,099,"Georgia","Early County",1,20,110,57,53
050,13,099,"Georgia","Early County",1,21,122,57,65
050,13,099,"Georgia","Early County",1,22,121,50,71
050,13,099,"Georgia","Early County",1,23,134,61,73
050,13,099,"Georgia","Early County",1,24,122,61,61
050,13,099,"Georgia","Early County",1,25,105,53,52
050,13,099,"Georgia","Early County",1,26,118,57,61
050,13,099,"Georgia","Early County",1,27,128,67,61
050,13,099,"Georgia","Early County",1,28,112,45,67
050,13,099,"Georgia","Early County",1,29,127,50,77
050,13,099,"Georgia","Early County",1,30,147,70,77
050,13,099,"Georgia","Early County",1,31,128,58,70
050,13,099,"Georgia","Early County",1,32,117,54,63
050,13,099,"Georgia","Early County",1,33,99,43,56
050,13,099,"Georgia","Early County",1,34,112,50,62
050,13,099,"Georgia","Early County",1,35,114,47,67
050,13,099,"Georgia","Early County",1,36,110,46,64
050,13,099,"Georgia","Early County",1,37,112,57,55
050,13,099,"Georgia","Early County",1,38,105,50,55
050,13,099,"Georgia","Early County",1,39,123,57,66
050,13,099,"Georgia","Early County",1,40,132,59,73
050,13,099,"Georgia","Early County",1,41,124,61,63
050,13,099,"Georgia","Early County",1,42,126,51,75
050,13,099,"Georgia","Early County",1,43,114,44,70
050,13,099,"Georgia","Early County",1,44,127,61,66
050,13,099,"Georgia","Early County",1,45,127,61,66
050,13,099,"Georgia","Early County",1,46,121,60,61
050,13,099,"Georgia","Early County",1,47,139,59,80
050,13,099,"Georgia","Early County",1,48,139,62,77
050,13,099,"Georgia","Early County",1,49,141,66,75
050,13,099,"Georgia","Early County",1,50,135,59,76
050,13,099,"Georgia","Early County",1,51,127,53,74
050,13,099,"Georgia","Early County",1,52,136,65,71
050,13,099,"Georgia","Early County",1,53,133,69,64
050,13,099,"Georgia","Early County",1,54,154,76,78
050,13,099,"Georgia","Early County",1,55,152,82,70
050,13,099,"Georgia","Early County",1,56,142,67,75
050,13,099,"Georgia","Early County",1,57,150,69,81
050,13,099,"Georgia","Early County",1,58,155,79,76
050,13,099,"Georgia","Early County",1,59,132,57,75
050,13,099,"Georgia","Early County",1,60,143,60,83
050,13,099,"Georgia","Early County",1,61,148,59,89
050,13,099,"Georgia","Early County",1,62,136,60,76
050,13,099,"Georgia","Early County",1,63,163,85,78
050,13,099,"Georgia","Early County",1,64,150,75,75
050,13,099,"Georgia","Early County",1,65,137,65,72
050,13,099,"Georgia","Early County",1,66,125,56,69
050,13,099,"Georgia","Early County",1,67,121,63,58
050,13,099,"Georgia","Early County",1,68,99,51,48
050,13,099,"Georgia","Early County",1,69,106,56,50
050,13,099,"Georgia","Early County",1,70,98,48,50
050,13,099,"Georgia","Early County",1,71,105,46,59
050,13,099,"Georgia","Early County",1,72,116,49,67
050,13,099,"Georgia","Early County",1,73,133,56,77
050,13,099,"Georgia","Early County",1,74,87,31,56
050,13,099,"Georgia","Early County",1,75,105,38,67
050,13,099,"Georgia","Early County",1,76,81,30,51
050,13,099,"Georgia","Early County",1,77,94,38,56
050,13,099,"Georgia","Early County",1,78,79,34,45
050,13,099,"Georgia","Early County",1,79,66,26,40
050,13,099,"Georgia","Early County",1,80,64,26,38
050,13,099,"Georgia","Early County",1,81,60,24,36
050,13,099,"Georgia","Early County",1,82,48,17,31
050,13,099,"Georgia","Early County",1,83,38,11,27
050,13,099,"Georgia","Early County",1,84,43,13,30
050,13,099,"Georgia","Early County",1,85,235,69,166
050,13,099,"Georgia","Early County",2,0,136,72,64
050,13,099,"Georgia","Early County",2,1,144,76,68
050,13,099,"Georgia","Early County",2,2,134,75,59
050,13,099,"Georgia","Early County",2,3,136,67,69
050,13,099,"Georgia","Early County",2,4,149,73,76
050,13,099,"Georgia","Early County",2,5,146,66,80
050,13,099,"Georgia","Early County",2,6,137,75,62
050,13,099,"Georgia","Early County",2,7,132,71,61
050,13,099,"Georgia","Early County",2,8,144,71,73
050,13,099,"Georgia","Early County",2,9,154,76,78
050,13,099,"Georgia","Early County",2,10,155,73,82
050,13,099,"Georgia","Early County",2,11,161,80,81
050,13,099,"Georgia","Early County",2,12,170,89,81
050,13,099,"Georgia","Early County",2,13,163,86,77
050,13,099,"Georgia","Early County",2,14,160,75,85
050,13,099,"Georgia","Early County",2,15,164,82,82
050,13,099,"Georgia","Early County",2,16,162,86,76
050,13,099,"Georgia","Early County",2,17,160,83,77
050,13,099,"Georgia","Early County",2,18,150,84,66
050,13,099,"Georgia","Early County",2,19,124,68,56
050,13,099,"Georgia","Early County",2,20,115,61,54
050,13,099,"Georgia","Early County",2,21,120,57,63
050,13,099,"Georgia","Early County",2,22,122,52,70
050,13,099,"Georgia","Early County",2,23,132,59,73
050,13,099,"Georgia","Early County",2,24,123,60,63
050,13,099,"Georgia","Early County",2,25,110,55,55
050,13,099,"Georgia","Early County",2,26,115,56,59
050,13,099,"Georgia","Early County",2,27,124,63,61
050,13,099,"Georgia","Early County",2,28,115,50,65
050,13,099,"Georgia","Early County",2,29,124,49,75
050,13,099,"Georgia","Early County",2,30,143,66,77
050,13,099,"Georgia","Early County",2,31,133,61,72
050,13,099,"Georgia","Early County",2,32,121,55,66
050,13,099,"Georgia","Early County",2,33,104,45,59
050,13,099,"Georgia","Early County",2,34,107,48,59
050,13,099,"Georgia","Early County",2,35,113,47,66
050,13,099,"Georgia","Early County",2,36,110,46,64
050,13,099,"Georgia","Early County",2,37,112,55,57
050,13,099,"Georgia","Early County",2,38,107,52,55
050,13,099,"Georgia","Early County",2,39,117,55,62
050,13,099,"Georgia","Early County",2,40,131,60,71
050,13,099,"Georgia","Early County",2,41,124,60,64
050,13,099,"Georgia","Early County",2,42,123,52,71
050,13,099,"Georgia","Early County",2,43,117,45,72
050,13,099,"Georgia","Early County",2,44,122,56,66
050,13,099,"Georgia","Early County",2,45,125,60,65
050,13,099,"Georgia","Early County",2,46,121,60,61
050,13,099,"Georgia","Early County",2,47,136,59,77
050,13,099,"Georgia","Early County",2,48,141,62,79
050,13,099,"Georgia","Early County",2,49,142,66,76
050,13,099,"Georgia","Early County",2,50,135,60,75
050,13,099,"Georgia","Early County",2,51,129,55,74
050,13,099,"Georgia","Early County",2,52,130,60,70
050,13,099,"Georgia","Early County",2,53,132,67,65
050,13,099,"Georgia","Early County",2,54,148,73,75
050,13,099,"Georgia","Early County",2,55,153,81,72
050,13,099,"Georgia","Early County",2,56,143,69,74
050,13,099,"Georgia","Early County",2,57,148,69,79
050,13,099,"Georgia","Early County",2,58,152,75,77
050,13,099,"Georgia","Early County",2,59,137,61,76
050,13,099,"Georgia","Early County",2,60,140,59,81
050,13,099,"Georgia","Early County",2,61,147,59,88
050,13,099,"Georgia","Early County",2,62,136,58,78
050,13,099,"Georgia","Early County",2,63,155,79,76
050,13,099,"Georgia","Early County",2,64,153,78,75
050,13,099,"Georgia","Early County",2,65,136,64,72
050,13,099,"Georgia","Early County",2,66,128,59,69
050,13,099,"Georgia","Early County",2,67,122,61,61
050,13,099,"Georgia","Early County",2,68,100,52,48
050,13,099,"Georgia","Early County",2,69,105,55,50
050,13,099,"Georgia","Early County",2,70,97,48,49
050,13,099,"Georgia","Early County",2,71,103,46,57
050,13,099,"Georgia","Early County",2,72,110,47,63
050,13,099,"Georgia","Early County",2,73,130,56,74
050,13,099,"Georgia","Early County",2,74,92,35,57
050,13,099,"Georgia","Early County",2,75,99,35,64
050,13,099,"Georgia","Early County",2,76,84,31,53
050,13,099,"Georgia","Early County",2,77,91,36,55
050,13,099,"Georgia","Early County",2,78,79,32,47
050,13,099,"Georgia","Early County",2,79,66,26,40
050,13,099,"Georgia","Early County",2,80,64,27,37
050,13,099,"Georgia","Early County",2,81,62,25,37
050,13,099,"Georgia","Early County",2,82,50,19,31
050,13,099,"Georgia","Early County",2,83,36,11,25
050,13,099,"Georgia","Early County",2,84,41,12,29
050,13,099,"Georgia","Early County",2,85,231,67,164
050,13,099,"Georgia","Early County",3,0,98,42,56
050,13,099,"Georgia","Early County",3,1,137,75,62
050,13,099,"Georgia","Early County",3,2,142,74,68
050,13,099,"Georgia","Early County",3,3,132,69,63
050,13,099,"Georgia","Early County",3,4,131,63,68
050,13,099,"Georgia","Early County",3,5,140,65,75
050,13,099,"Georgia","Early County",3,6,142,66,76
050,13,099,"Georgia","Early County",3,7,136,73,63
050,13,099,"Georgia","Early County",3,8,121,64,57
050,13,099,"Georgia","Early County",3,9,146,73,73
050,13,099,"Georgia","Early County",3,10,155,74,81
050,13,099,"Georgia","Early County",3,11,146,69,77
050,13,099,"Georgia","Early County",3,12,163,78,85
050,13,099,"Georgia","Early County",3,13,164,87,77
050,13,099,"Georgia","Early County",3,14,158,76,82
050,13,099,"Georgia","Early County",3,15,154,73,81
050,13,099,"Georgia","Early County",3,16,160,84,76
050,13,099,"Georgia","Early County",3,17,164,89,75
050,13,099,"Georgia","Early County",3,18,132,72,60
050,13,099,"Georgia","Early County",3,19,126,71,55
050,13,099,"Georgia","Early County",3,20,133,69,64
050,13,099,"Georgia","Early County",3,21,111,58,53
050,13,099,"Georgia","Early County",3,22,129,66,63
050,13,099,"Georgia","Early County",3,23,118,51,67
050,13,099,"Georgia","Early County",3,24,133,60,73
050,13,099,"Georgia","Early County",3,25,115,56,59
050,13,099,"Georgia","Early County",3,26,98,47,51
050,13,099,"Georgia","Early County",3,27,121,62,59
050,13,099,"Georgia","Early County",3,28,117,57,60
050,13,099,"Georgia","Early County",3,29,103,42,61
050,13,099,"Georgia","Early County",3,30,116,47,69
050,13,099,"Georgia","Early County",3,31,133,63,70
050,13,099,"Georgia","Early County",3,32,127,59,68
050,13,099,"Georgia","Early County",3,33,120,54,66
050,13,099,"Georgia","Early County",3,34,99,46,53
050,13,099,"Georgia","Early County",3,35,105,48,57
050,13,099,"Georgia","Early County",3,36,114,45,69
050,13,099,"Georgia","Early County",3,37,114,47,67
050,13,099,"Georgia","Early County",3,38,110,54,56
050,13,099,"Georgia","Early County",3,39,106,51,55
050,13,099,"Georgia","Early County",3,40,119,55,64
050,13,099,"Georgia","Early County",3,41,131,59,72
050,13,099,"Georgia","Early County",3,42,123,58,65
050,13,099,"Georgia","Early County",3,43,119,51,68
050,13,099,"Georgia","Early County",3,44,121,48,73
050,13,099,"Georgia","Early County",3,45,120,54,66
050,13,099,"Georgia","Early County",3,46,122,59,63
050,13,099,"Georgia","Early County",3,47,119,59,60
050,13,099,"Georgia","Early County",3,48,135,62,73
050,13,099,"Georgia","Early County",3,49,140,60,80
050,13,099,"Georgia","Early County",3,50,137,64,73
050,13,099,"Georgia","Early County",3,51,136,61,75
050,13,099,"Georgia","Early County",3,52,130,53,77
050,13,099,"Georgia","Early County",3,53,138,67,71
050,13,099,"Georgia","Early County",3,54,136,65,71
050,13,099,"Georgia","Early County",3,55,155,79,76
050,13,099,"Georgia","Early County",3,56,149,78,71
050,13,099,"Georgia","Early County",3,57,144,70,74
050,13,099,"Georgia","Early County",3,58,146,68,78
050,13,099,"Georgia","Early County",3,59,148,69,79
050,13,099,"Georgia","Early County",3,60,139,61,78
050,13,099,"Georgia","Early County",3,61,140,57,83
050,13,099,"Georgia","Early County",3,62,142,58,84
050,13,099,"Georgia","Early County",3,63,132,55,77
050,13,099,"Georgia","Early County",3,64,144,73,71
050,13,099,"Georgia","Early County",3,65,153,75,78
050,13,099,"Georgia","Early County",3,66,131,59,72
050,13,099,"Georgia","Early County",3,67,127,59,68
050,13,099,"Georgia","Early County",3,68,120,58,62
050,13,099,"Georgia","Early County",3,69,97,48,49
050,13,099,"Georgia","Early County",3,70,103,53,50
050,13,099,"Georgia","Early County",3,71,100,52,48
050,13,099,"Georgia","Early County",3,72,98,40,58
050,13,099,"Georgia","Early County",3,73,110,48,62
050,13,099,"Georgia","Early County",3,74,123,50,73
050,13,099,"Georgia","Early County",3,75,87,34,53
050,13,099,"Georgia","Early County",3,76,93,32,61
050,13,099,"Georgia","Early County",3,77,85,33,52
050,13,099,"Georgia","Early County",3,78,86,30,56
050,13,099,"Georgia","Early County",3,79,71,27,44
050,13,099,"Georgia","Early County",3,80,58,19,39
050,13,099,"Georgia","Early County",3,81,64,25,39
050,13,099,"Georgia","Early County",3,82,56,22,34
050,13,099,"Georgia","Early County",3,83,46,18,28
050,13,099,"Georgia","Early County",3,84,40,12,28
050,13,099,"Georgia","Early County",3,85,253,68,185
050,13,099,"Georgia","Early County",4,0,113,50,63
050,13,099,"Georgia","Early County",4,1,104,46,58
050,13,099,"Georgia","Early County",4,2,140,77,63
050,13,099,"Georgia","Early County",4,3,149,77,72
050,13,099,"Georgia","Early County",4,4,128,66,62
050,13,099,"Georgia","Early County",4,5,124,59,65
050,13,099,"Georgia","Early County",4,6,139,66,73
050,13,099,"Georgia","Early County",4,7,150,69,81
050,13,099,"Georgia","Early County",4,8,138,74,64
050,13,099,"Georgia","Early County",4,9,138,71,67
050,13,099,"Georgia","Early County",4,10,148,76,72
050,13,099,"Georgia","Early County",4,11,161,79,82
050,13,099,"Georgia","Early County",4,12,147,67,80
050,13,099,"Georgia","Early County",4,13,154,77,77
050,13,099,"Georgia","Early County",4,14,166,86,80
050,13,099,"Georgia","Early County",4,15,159,80,79
050,13,099,"Georgia","Early County",4,16,153,73,80
050,13,099,"Georgia","Early County",4,17,153,78,75
050,13,099,"Georgia","Early County",4,18,145,80,65
050,13,099,"Georgia","Early County",4,19,104,58,46
050,13,099,"Georgia","Early County",4,20,118,68,50
050,13,099,"Georgia","Early County",4,21,126,69,57
050,13,099,"Georgia","Early County",4,22,110,59,51
050,13,099,"Georgia","Early County",4,23,120,61,59
050,13,099,"Georgia","Early County",4,24,111,47,64
050,13,099,"Georgia","Early County",4,25,126,59,67
050,13,099,"Georgia","Early County",4,26,108,57,51
050,13,099,"Georgia","Early County",4,27,93,47,46
050,13,099,"Georgia","Early County",4,28,118,56,62
050,13,099,"Georgia","Early County",4,29,113,53,60
050,13,099,"Georgia","Early County",4,30,113,50,63
050,13,099,"Georgia","Early County",4,31,118,46,72
050,13,099,"Georgia","Early County",4,32,130,61,69
050,13,099,"Georgia","Early County",4,33,130,59,71
050,13,099,"Georgia","Early County",4,34,129,60,69
050,13,099,"Georgia","Early County",4,35,99,46,53
050,13,099,"Georgia","Early County",4,36,109,49,60
050,13,099,"Georgia","Early County",4,37,118,45,73
050,13,099,"Georgia","Early County",4,38,108,45,63
050,13,099,"Georgia","Early County",4,39,107,55,52
050,13,099,"Georgia","Early County",4,40,113,55,58
050,13,099,"Georgia","Early County",4,41,113,55,58
050,13,099,"Georgia","Early County",4,42,139,61,78
050,13,099,"Georgia","Early County",4,43,124,62,62
050,13,099,"Georgia","Early County",4,44,124,52,72
050,13,099,"Georgia","Early County",4,45,117,43,74
050,13,099,"Georgia","Early County",4,46,121,57,64
050,13,099,"Georgia","Early County",4,47,117,58,59
050,13,099,"Georgia","Early County",4,48,125,64,61
050,13,099,"Georgia","Early County",4,49,136,61,75
050,13,099,"Georgia","Early County",4,50,136,59,77
050,13,099,"Georgia","Early County",4,51,136,68,68
050,13,099,"Georgia","Early County",4,52,134,58,76
050,13,099,"Georgia","Early County",4,53,127,52,75
050,13,099,"Georgia","Early County",4,54,138,63,75
050,13,099,"Georgia","Early County",4,55,132,65,67
050,13,099,"Georgia","Early County",4,56,152,71,81
050,13,099,"Georgia","Early County",4,57,158,86,72
050,13,099,"Georgia","Early County",4,58,145,71,74
050,13,099,"Georgia","Early County",4,59,146,63,83
050,13,099,"Georgia","Early County",4,60,152,70,82
050,13,099,"Georgia","Early County",4,61,142,58,84
050,13,099,"Georgia","Early County",4,62,133,56,77
050,13,099,"Georgia","Early County",4,63,138,55,83
050,13,099,"Georgia","Early County",4,64,126,53,73
050,13,099,"Georgia","Early County",4,65,146,70,76
050,13,099,"Georgia","Early County",4,66,147,70,77
050,13,099,"Georgia","Early County",4,67,127,62,65
050,13,099,"Georgia","Early County",4,68,120,55,65
050,13,099,"Georgia","Early County",4,69,118,55,63
050,13,099,"Georgia","Early County",4,70,98,48,50
050,13,099,"Georgia","Early County",4,71,105,56,49
050,13,099,"Georgia","Early County",4,72,95,45,50
050,13,099,"Georgia","Early County",4,73,93,42,51
050,13,099,"Georgia","Early County",4,74,101,42,59
050,13,099,"Georgia","Early County",4,75,117,46,71
050,13,099,"Georgia","Early County",4,76,79,32,47
050,13,099,"Georgia","Early County",4,77,94,35,59
050,13,099,"Georgia","Early County",4,78,81,29,52
050,13,099,"Georgia","Early County",4,79,77,22,55
050,13,099,"Georgia","Early County",4,80,62,22,40
050,13,099,"Georgia","Early County",4,81,59,19,40
050,13,099,"Georgia","Early County",4,82,53,22,31
050,13,099,"Georgia","Early County",4,83,51,19,32
050,13,099,"Georgia","Early County",4,84,43,16,27
050,13,099,"Georgia","Early County",4,85,253,69,184
050,13,099,"Georgia","Early County",5,0,117,50,67
050,13,099,"Georgia","Early County",5,1,117,46,71
050,13,099,"Georgia","Early County",5,2,105,50,55
050,13,099,"Georgia","Early County",5,3,147,85,62
050,13,099,"Georgia","Early County",5,4,143,75,68
050,13,099,"Georgia","Early County",5,5,141,69,72
050,13,099,"Georgia","Early County",5,6,130,63,67
050,13,099,"Georgia","Early County",5,7,137,66,71
050,13,099,"Georgia","Early County",5,8,149,69,80
050,13,099,"Georgia","Early County",5,9,141,80,61
050,13,099,"Georgia","Early County",5,10,149,78,71
050,13,099,"Georgia","Early County",5,11,151,78,73
050,13,099,"Georgia","Early County",5,12,169,86,83
050,13,099,"Georgia","Early County",5,13,145,66,79
050,13,099,"Georgia","Early County",5,14,157,81,76
050,13,099,"Georgia","Early County",5,15,177,93,84
050,13,099,"Georgia","Early County",5,16,153,79,74
050,13,099,"Georgia","Early County",5,17,149,69,80
050,13,099,"Georgia","Early County",5,18,131,70,61
050,13,099,"Georgia","Early County",5,19,113,64,49
050,13,099,"Georgia","Early County",5,20,104,54,50
050,13,099,"Georgia","Early County",5,21,123,67,56
050,13,099,"Georgia","Early County",5,22,124,72,52
050,13,099,"Georgia","Early County",5,23,116,62,54
050,13,099,"Georgia","Early County",5,24,115,58,57
050,13,099,"Georgia","Early County",5,25,115,47,68
050,13,099,"Georgia","Early County",5,26,124,59,65
050,13,099,"Georgia","Early County",5,27,110,59,51
050,13,099,"Georgia","Early County",5,28,103,50,53
050,13,099,"Georgia","Early County",5,29,111,52,59
050,13,099,"Georgia","Early County",5,30,124,60,64
050,13,099,"Georgia","Early County",5,31,115,48,67
050,13,099,"Georgia","Early County",5,32,128,51,77
050,13,099,"Georgia","Early County",5,33,134,62,72
050,13,099,"Georgia","Early County",5,34,128,59,69
050,13,099,"Georgia","Early County",5,35,120,52,68
050,13,099,"Georgia","Early County",5,36,95,46,49
050,13,099,"Georgia","Early County",5,37,102,46,56
050,13,099,"Georgia","Early County",5,38,114,44,70
050,13,099,"Georgia","Early County",5,39,107,46,61
050,13,099,"Georgia","Early County",5,40,115,58,57
050,13,099,"Georgia","Early County",5,41,106,53,53
050,13,099,"Georgia","Early County",5,42,113,53,60
050,13,099,"Georgia","Early County",5,43,133,52,81
050,13,099,"Georgia","Early County",5,44,131,69,62
050,13,099,"Georgia","Early County",5,45,117,43,74
050,13,099,"Georgia","Early County",5,46,120,46,74
050,13,099,"Georgia","Early County",5,47,121,59,62
050,13,099,"Georgia","Early County",5,48,118,60,58
050,13,099,"Georgia","Early County",5,49,124,61,63
050,13,099,"Georgia","Early County",5,50,128,56,72
050,13,099,"Georgia","Early County",5,51,134,57,77
050,13,099,"Georgia","Early County",5,52,140,65,75
050,13,099,"Georgia","Early County",5,53,139,60,79
050,13,099,"Georgia","Early County",5,54,123,51,72
050,13,099,"Georgia","Early County",5,55,142,71,71
050,13,099,"Georgia","Early County",5,56,128,56,72
050,13,099,"Georgia","Early County",5,57,159,76,83
050,13,099,"Georgia","Early County",5,58,148,82,66
050,13,099,"Georgia","Early County",5,59,147,70,77
050,13,099,"Georgia","Early County",5,60,148,66,82
050,13,099,"Georgia","Early County",5,61,152,71,81
050,13,099,"Georgia","Early County",5,62,138,56,82
050,13,099,"Georgia","Early County",5,63,136,55,81
050,13,099,"Georgia","Early County",5,64,136,57,79
050,13,099,"Georgia","Early County",5,65,128,51,77
050,13,099,"Georgia","Early County",5,66,139,65,74
050,13,099,"Georgia","Early County",5,67,142,70,72
050,13,099,"Georgia","Early County",5,68,125,58,67
050,13,099,"Georgia","Early County",5,69,120,52,68
050,13,099,"Georgia","Early County",5,70,118,56,62
050,13,099,"Georgia","Early County",5,71,98,49,49
050,13,099,"Georgia","Early County",5,72,99,47,52
050,13,099,"Georgia","Early County",5,73,94,45,49
050,13,099,"Georgia","Early County",5,74,85,38,47
050,13,099,"Georgia","Early County",5,75,95,38,57
050,13,099,"Georgia","Early County",5,76,109,41,68
050,13,099,"Georgia","Early County",5,77,78,35,43
050,13,099,"Georgia","Early County",5,78,88,32,56
050,13,099,"Georgia","Early County",5,79,70,20,50
050,13,099,"Georgia","Early County",5,80,68,18,50
050,13,099,"Georgia","Early County",5,81,62,21,41
050,13,099,"Georgia","Early County",5,82,51,17,34
050,13,099,"Georgia","Early County",5,83,48,19,29
050,13,099,"Georgia","Early County",5,84,49,17,32
050,13,099,"Georgia","Early County",5,85,268,76,192
050,13,101,"Georgia","Echols County",1,0,38,19,19
050,13,101,"Georgia","Echols County",1,1,58,26,32
050,13,101,"Georgia","Echols County",1,2,41,20,21
050,13,101,"Georgia","Echols County",1,3,46,26,20
050,13,101,"Georgia","Echols County",1,4,42,27,15
050,13,101,"Georgia","Echols County",1,5,54,31,23
050,13,101,"Georgia","Echols County",1,6,70,37,33
050,13,101,"Georgia","Echols County",1,7,66,41,25
050,13,101,"Georgia","Echols County",1,8,55,30,25
050,13,101,"Georgia","Echols County",1,9,65,33,32
050,13,101,"Georgia","Echols County",1,10,61,32,29
050,13,101,"Georgia","Echols County",1,11,67,33,34
050,13,101,"Georgia","Echols County",1,12,72,31,41
050,13,101,"Georgia","Echols County",1,13,65,34,31
050,13,101,"Georgia","Echols County",1,14,52,22,30
050,13,101,"Georgia","Echols County",1,15,54,20,34
050,13,101,"Georgia","Echols County",1,16,57,26,31
050,13,101,"Georgia","Echols County",1,17,46,22,24
050,13,101,"Georgia","Echols County",1,18,50,24,26
050,13,101,"Georgia","Echols County",1,19,45,25,20
050,13,101,"Georgia","Echols County",1,20,39,22,17
050,13,101,"Georgia","Echols County",1,21,32,16,16
050,13,101,"Georgia","Echols County",1,22,47,20,27
050,13,101,"Georgia","Echols County",1,23,41,21,20
050,13,101,"Georgia","Echols County",1,24,39,26,13
050,13,101,"Georgia","Echols County",1,25,41,24,17
050,13,101,"Georgia","Echols County",1,26,39,19,20
050,13,101,"Georgia","Echols County",1,27,50,27,23
050,13,101,"Georgia","Echols County",1,28,42,22,20
050,13,101,"Georgia","Echols County",1,29,42,20,22
050,13,101,"Georgia","Echols County",1,30,46,19,27
050,13,101,"Georgia","Echols County",1,31,50,27,23
050,13,101,"Georgia","Echols County",1,32,47,20,27
050,13,101,"Georgia","Echols County",1,33,50,24,26
050,13,101,"Georgia","Echols County",1,34,67,31,36
050,13,101,"Georgia","Echols County",1,35,78,50,28
050,13,101,"Georgia","Echols County",1,36,49,23,26
050,13,101,"Georgia","Echols County",1,37,47,23,24
050,13,101,"Georgia","Echols County",1,38,39,24,15
050,13,101,"Georgia","Echols County",1,39,49,34,15
050,13,101,"Georgia","Echols County",1,40,49,26,23
050,13,101,"Georgia","Echols County",1,41,53,26,27
050,13,101,"Georgia","Echols County",1,42,58,24,34
050,13,101,"Georgia","Echols County",1,43,48,28,20
050,13,101,"Georgia","Echols County",1,44,52,27,25
050,13,101,"Georgia","Echols County",1,45,54,26,28
050,13,101,"Georgia","Echols County",1,46,62,31,31
050,13,101,"Georgia","Echols County",1,47,55,27,28
050,13,101,"Georgia","Echols County",1,48,45,19,26
050,13,101,"Georgia","Echols County",1,49,41,25,16
050,13,101,"Georgia","Echols County",1,50,44,24,20
050,13,101,"Georgia","Echols County",1,51,36,18,18
050,13,101,"Georgia","Echols County",1,52,37,19,18
050,13,101,"Georgia","Echols County",1,53,40,23,17
050,13,101,"Georgia","Echols County",1,54,44,23,21
050,13,101,"Georgia","Echols County",1,55,48,24,24
050,13,101,"Georgia","Echols County",1,56,61,35,26
050,13,101,"Georgia","Echols County",1,57,49,24,25
050,13,101,"Georgia","Echols County",1,58,49,24,25
050,13,101,"Georgia","Echols County",1,59,40,22,18
050,13,101,"Georgia","Echols County",1,60,45,26,19
050,13,101,"Georgia","Echols County",1,61,41,24,17
050,13,101,"Georgia","Echols County",1,62,46,25,21
050,13,101,"Georgia","Echols County",1,63,45,25,20
050,13,101,"Georgia","Echols County",1,64,35,15,20
050,13,101,"Georgia","Echols County",1,65,35,16,19
050,13,101,"Georgia","Echols County",1,66,40,19,21
050,13,101,"Georgia","Echols County",1,67,35,16,19
050,13,101,"Georgia","Echols County",1,68,28,14,14
050,13,101,"Georgia","Echols County",1,69,32,14,18
050,13,101,"Georgia","Echols County",1,70,36,15,21
050,13,101,"Georgia","Echols County",1,71,39,20,19
050,13,101,"Georgia","Echols County",1,72,31,14,17
050,13,101,"Georgia","Echols County",1,73,23,11,12
050,13,101,"Georgia","Echols County",1,74,8,3,5
050,13,101,"Georgia","Echols County",1,75,12,7,5
050,13,101,"Georgia","Echols County",1,76,12,5,7
050,13,101,"Georgia","Echols County",1,77,16,6,10
050,13,101,"Georgia","Echols County",1,78,21,6,15
050,13,101,"Georgia","Echols County",1,79,10,4,6
050,13,101,"Georgia","Echols County",1,80,10,3,7
050,13,101,"Georgia","Echols County",1,81,16,5,11
050,13,101,"Georgia","Echols County",1,82,9,4,5
050,13,101,"Georgia","Echols County",1,83,11,5,6
050,13,101,"Georgia","Echols County",1,84,11,5,6
050,13,101,"Georgia","Echols County",1,85,54,30,24
050,13,101,"Georgia","Echols County",2,0,46,23,23
050,13,101,"Georgia","Echols County",2,1,55,25,30
050,13,101,"Georgia","Echols County",2,2,46,22,24
050,13,101,"Georgia","Echols County",2,3,44,25,19
050,13,101,"Georgia","Echols County",2,4,44,27,17
050,13,101,"Georgia","Echols County",2,5,52,29,23
050,13,101,"Georgia","Echols County",2,6,65,35,30
050,13,101,"Georgia","Echols County",2,7,66,39,27
050,13,101,"Georgia","Echols County",2,8,57,32,25
050,13,101,"Georgia","Echols County",2,9,63,32,31
050,13,101,"Georgia","Echols County",2,10,62,32,30
050,13,101,"Georgia","Echols County",2,11,66,33,33
050,13,101,"Georgia","Echols County",2,12,72,32,40
050,13,101,"Georgia","Echols County",2,13,67,34,33
050,13,101,"Georgia","Echols County",2,14,54,23,31
050,13,101,"Georgia","Echols County",2,15,54,20,34
050,13,101,"Georgia","Echols County",2,16,57,25,32
050,13,101,"Georgia","Echols County",2,17,48,23,25
050,13,101,"Georgia","Echols County",2,18,48,23,25
050,13,101,"Georgia","Echols County",2,19,45,25,20
050,13,101,"Georgia","Echols County",2,20,41,23,18
050,13,101,"Georgia","Echols County",2,21,34,18,16
050,13,101,"Georgia","Echols County",2,22,44,19,25
050,13,101,"Georgia","Echols County",2,23,42,21,21
050,13,101,"Georgia","Echols County",2,24,39,24,15
050,13,101,"Georgia","Echols County",2,25,40,25,15
050,13,101,"Georgia","Echols County",2,26,39,20,19
050,13,101,"Georgia","Echols County",2,27,49,26,23
050,13,101,"Georgia","Echols County",2,28,43,22,21
050,13,101,"Georgia","Echols County",2,29,41,20,21
050,13,101,"Georgia","Echols County",2,30,46,20,26
050,13,101,"Georgia","Echols County",2,31,48,24,24
050,13,101,"Georgia","Echols County",2,32,48,22,26
050,13,101,"Georgia","Echols County",2,33,50,23,27
050,13,101,"Georgia","Echols County",2,34,64,30,34
050,13,101,"Georgia","Echols County",2,35,73,44,29
050,13,101,"Georgia","Echols County",2,36,56,29,27
050,13,101,"Georgia","Echols County",2,37,49,23,26
050,13,101,"Georgia","Echols County",2,38,42,24,18
050,13,101,"Georgia","Echols County",2,39,48,33,15
050,13,101,"Georgia","Echols County",2,40,50,29,21
050,13,101,"Georgia","Echols County",2,41,49,24,25
050,13,101,"Georgia","Echols County",2,42,55,24,31
050,13,101,"Georgia","Echols County",2,43,51,27,24
050,13,101,"Georgia","Echols County",2,44,51,27,24
050,13,101,"Georgia","Echols County",2,45,54,26,28
050,13,101,"Georgia","Echols County",2,46,61,31,30
050,13,101,"Georgia","Echols County",2,47,56,27,29
050,13,101,"Georgia","Echols County",2,48,47,21,26
050,13,101,"Georgia","Echols County",2,49,44,25,19
050,13,101,"Georgia","Echols County",2,50,45,26,19
050,13,101,"Georgia","Echols County",2,51,37,19,18
050,13,101,"Georgia","Echols County",2,52,37,19,18
050,13,101,"Georgia","Echols County",2,53,39,22,17
050,13,101,"Georgia","Echols County",2,54,43,22,21
050,13,101,"Georgia","Echols County",2,55,47,23,24
050,13,101,"Georgia","Echols County",2,56,57,32,25
050,13,101,"Georgia","Echols County",2,57,53,27,26
050,13,101,"Georgia","Echols County",2,58,50,25,25
050,13,101,"Georgia","Echols County",2,59,42,22,20
050,13,101,"Georgia","Echols County",2,60,44,25,19
050,13,101,"Georgia","Echols County",2,61,42,24,18
050,13,101,"Georgia","Echols County",2,62,45,25,20
050,13,101,"Georgia","Echols County",2,63,46,26,20
050,13,101,"Georgia","Echols County",2,64,37,17,20
050,13,101,"Georgia","Echols County",2,65,36,16,20
050,13,101,"Georgia","Echols County",2,66,39,18,21
050,13,101,"Georgia","Echols County",2,67,36,17,19
050,13,101,"Georgia","Echols County",2,68,29,14,15
050,13,101,"Georgia","Echols County",2,69,32,14,18
050,13,101,"Georgia","Echols County",2,70,35,15,20
050,13,101,"Georgia","Echols County",2,71,38,18,20
050,13,101,"Georgia","Echols County",2,72,32,14,18
050,13,101,"Georgia","Echols County",2,73,26,12,14
050,13,101,"Georgia","Echols County",2,74,10,4,6
050,13,101,"Georgia","Echols County",2,75,11,7,4
050,13,101,"Georgia","Echols County",2,76,10,4,6
050,13,101,"Georgia","Echols County",2,77,16,6,10
050,13,101,"Georgia","Echols County",2,78,19,6,13
050,13,101,"Georgia","Echols County",2,79,13,5,8
050,13,101,"Georgia","Echols County",2,80,10,3,7
050,13,101,"Georgia","Echols County",2,81,14,4,10
050,13,101,"Georgia","Echols County",2,82,11,4,7
050,13,101,"Georgia","Echols County",2,83,11,5,6
050,13,101,"Georgia","Echols County",2,84,11,5,6
050,13,101,"Georgia","Echols County",2,85,53,29,24
050,13,101,"Georgia","Echols County",3,0,45,24,21
050,13,101,"Georgia","Echols County",3,1,46,27,19
050,13,101,"Georgia","Echols County",3,2,62,31,31
050,13,101,"Georgia","Echols County",3,3,44,21,23
050,13,101,"Georgia","Echols County",3,4,43,25,18
050,13,101,"Georgia","Echols County",3,5,45,29,16
050,13,101,"Georgia","Echols County",3,6,50,27,23
050,13,101,"Georgia","Echols County",3,7,58,33,25
050,13,101,"Georgia","Echols County",3,8,67,41,26
050,13,101,"Georgia","Echols County",3,9,53,28,25
050,13,101,"Georgia","Echols County",3,10,60,32,28
050,13,101,"Georgia","Echols County",3,11,56,31,25
050,13,101,"Georgia","Echols County",3,12,64,33,31
050,13,101,"Georgia","Echols County",3,13,67,33,34
050,13,101,"Georgia","Echols County",3,14,64,31,33
050,13,101,"Georgia","Echols County",3,15,56,26,30
050,13,101,"Georgia","Echols County",3,16,53,22,31
050,13,101,"Georgia","Echols County",3,17,58,27,31
050,13,101,"Georgia","Echols County",3,18,42,20,22
050,13,101,"Georgia","Echols County",3,19,43,20,23
050,13,101,"Georgia","Echols County",3,20,46,26,20
050,13,101,"Georgia","Echols County",3,21,47,24,23
050,13,101,"Georgia","Echols County",3,22,40,18,22
050,13,101,"Georgia","Echols County",3,23,47,19,28
050,13,101,"Georgia","Echols County",3,24,46,27,19
050,13,101,"Georgia","Echols County",3,25,42,22,20
050,13,101,"Georgia","Echols County",3,26,42,28,14
050,13,101,"Georgia","Echols County",3,27,33,19,14
050,13,101,"Georgia","Echols County",3,28,45,23,22
050,13,101,"Georgia","Echols County",3,29,36,16,20
050,13,101,"Georgia","Echols County",3,30,44,21,23
050,13,101,"Georgia","Echols County",3,31,41,19,22
050,13,101,"Georgia","Echols County",3,32,47,25,22
050,13,101,"Georgia","Echols County",3,33,50,25,25
050,13,101,"Georgia","Echols County",3,34,53,27,26
050,13,101,"Georgia","Echols County",3,35,62,30,32
050,13,101,"Georgia","Echols County",3,36,76,47,29
050,13,101,"Georgia","Echols County",3,37,51,28,23
050,13,101,"Georgia","Echols County",3,38,47,22,25
050,13,101,"Georgia","Echols County",3,39,42,24,18
050,13,101,"Georgia","Echols County",3,40,52,37,15
050,13,101,"Georgia","Echols County",3,41,54,29,25
050,13,101,"Georgia","Echols County",3,42,46,20,26
050,13,101,"Georgia","Echols County",3,43,56,24,32
050,13,101,"Georgia","Echols County",3,44,51,29,22
050,13,101,"Georgia","Echols County",3,45,49,29,20
050,13,101,"Georgia","Echols County",3,46,54,26,28
050,13,101,"Georgia","Echols County",3,47,59,31,28
050,13,101,"Georgia","Echols County",3,48,58,28,30
050,13,101,"Georgia","Echols County",3,49,48,22,26
050,13,101,"Georgia","Echols County",3,50,49,27,22
050,13,101,"Georgia","Echols County",3,51,44,24,20
050,13,101,"Georgia","Echols County",3,52,38,21,17
050,13,101,"Georgia","Echols County",3,53,39,19,20
050,13,101,"Georgia","Echols County",3,54,40,23,17
050,13,101,"Georgia","Echols County",3,55,45,22,23
050,13,101,"Georgia","Echols County",3,56,43,22,21
050,13,101,"Georgia","Echols County",3,57,55,32,23
050,13,101,"Georgia","Echols County",3,58,53,27,26
050,13,101,"Georgia","Echols County",3,59,51,25,26
050,13,101,"Georgia","Echols County",3,60,42,22,20
050,13,101,"Georgia","Echols County",3,61,44,25,19
050,13,101,"Georgia","Echols County",3,62,41,23,18
050,13,101,"Georgia","Echols County",3,63,45,24,21
050,13,101,"Georgia","Echols County",3,64,41,25,16
050,13,101,"Georgia","Echols County",3,65,39,17,22
050,13,101,"Georgia","Echols County",3,66,37,16,21
050,13,101,"Georgia","Echols County",3,67,37,16,21
050,13,101,"Georgia","Echols County",3,68,31,14,17
050,13,101,"Georgia","Echols County",3,69,27,13,14
050,13,101,"Georgia","Echols County",3,70,31,14,17
050,13,101,"Georgia","Echols County",3,71,30,14,16
050,13,101,"Georgia","Echols County",3,72,38,17,21
050,13,101,"Georgia","Echols County",3,73,30,13,17
050,13,101,"Georgia","Echols County",3,74,26,12,14
050,13,101,"Georgia","Echols County",3,75,8,2,6
050,13,101,"Georgia","Echols County",3,76,10,7,3
050,13,101,"Georgia","Echols County",3,77,9,4,5
050,13,101,"Georgia","Echols County",3,78,13,3,10
050,13,101,"Georgia","Echols County",3,79,18,5,13
050,13,101,"Georgia","Echols County",3,80,11,5,6
050,13,101,"Georgia","Echols County",3,81,11,3,8
050,13,101,"Georgia","Echols County",3,82,12,2,10
050,13,101,"Georgia","Echols County",3,83,10,4,6
050,13,101,"Georgia","Echols County",3,84,11,5,6
050,13,101,"Georgia","Echols County",3,85,49,25,24
050,13,101,"Georgia","Echols County",4,0,49,27,22
050,13,101,"Georgia","Echols County",4,1,50,22,28
050,13,101,"Georgia","Echols County",4,2,47,26,21
050,13,101,"Georgia","Echols County",4,3,58,29,29
050,13,101,"Georgia","Echols County",4,4,42,19,23
050,13,101,"Georgia","Echols County",4,5,44,25,19
050,13,101,"Georgia","Echols County",4,6,44,25,19
050,13,101,"Georgia","Echols County",4,7,51,29,22
050,13,101,"Georgia","Echols County",4,8,59,31,28
050,13,101,"Georgia","Echols County",4,9,62,36,26
050,13,101,"Georgia","Echols County",4,10,54,31,23
050,13,101,"Georgia","Echols County",4,11,61,31,30
050,13,101,"Georgia","Echols County",4,12,54,28,26
050,13,101,"Georgia","Echols County",4,13,58,31,27
050,13,101,"Georgia","Echols County",4,14,67,33,34
050,13,101,"Georgia","Echols County",4,15,60,32,28
050,13,101,"Georgia","Echols County",4,16,56,26,30
050,13,101,"Georgia","Echols County",4,17,51,22,29
050,13,101,"Georgia","Echols County",4,18,50,24,26
050,13,101,"Georgia","Echols County",4,19,33,17,16
050,13,101,"Georgia","Echols County",4,20,40,19,21
050,13,101,"Georgia","Echols County",4,21,47,26,21
050,13,101,"Georgia","Echols County",4,22,49,25,24
050,13,101,"Georgia","Echols County",4,23,35,18,17
050,13,101,"Georgia","Echols County",4,24,48,21,27
050,13,101,"Georgia","Echols County",4,25,42,20,22
050,13,101,"Georgia","Echols County",4,26,42,24,18
050,13,101,"Georgia","Echols County",4,27,44,31,13
050,13,101,"Georgia","Echols County",4,28,35,18,17
050,13,101,"Georgia","Echols County",4,29,51,26,25
050,13,101,"Georgia","Echols County",4,30,35,17,18
050,13,101,"Georgia","Echols County",4,31,42,21,21
050,13,101,"Georgia","Echols County",4,32,42,19,23
050,13,101,"Georgia","Echols County",4,33,43,22,21
050,13,101,"Georgia","Echols County",4,34,48,23,25
050,13,101,"Georgia","Echols County",4,35,56,30,26
050,13,101,"Georgia","Echols County",4,36,61,29,32
050,13,101,"Georgia","Echols County",4,37,76,48,28
050,13,101,"Georgia","Echols County",4,38,53,27,26
050,13,101,"Georgia","Echols County",4,39,50,24,26
050,13,101,"Georgia","Echols County",4,40,38,24,14
050,13,101,"Georgia","Echols County",4,41,51,35,16
050,13,101,"Georgia","Echols County",4,42,52,28,24
050,13,101,"Georgia","Echols County",4,43,49,23,26
050,13,101,"Georgia","Echols County",4,44,51,22,29
050,13,101,"Georgia","Echols County",4,45,52,29,23
050,13,101,"Georgia","Echols County",4,46,44,24,20
050,13,101,"Georgia","Echols County",4,47,57,30,27
050,13,101,"Georgia","Echols County",4,48,59,31,28
050,13,101,"Georgia","Echols County",4,49,58,28,30
050,13,101,"Georgia","Echols County",4,50,45,22,23
050,13,101,"Georgia","Echols County",4,51,53,27,26
050,13,101,"Georgia","Echols County",4,52,45,24,21
050,13,101,"Georgia","Echols County",4,53,39,22,17
050,13,101,"Georgia","Echols County",4,54,38,19,19
050,13,101,"Georgia","Echols County",4,55,40,22,18
050,13,101,"Georgia","Echols County",4,56,43,21,22
050,13,101,"Georgia","Echols County",4,57,44,22,22
050,13,101,"Georgia","Echols County",4,58,55,32,23
050,13,101,"Georgia","Echols County",4,59,54,28,26
050,13,101,"Georgia","Echols County",4,60,51,25,26
050,13,101,"Georgia","Echols County",4,61,40,20,20
050,13,101,"Georgia","Echols County",4,62,43,24,19
050,13,101,"Georgia","Echols County",4,63,40,22,18
050,13,101,"Georgia","Echols County",4,64,46,26,20
050,13,101,"Georgia","Echols County",4,65,40,24,16
050,13,101,"Georgia","Echols County",4,66,38,16,22
050,13,101,"Georgia","Echols County",4,67,35,15,20
050,13,101,"Georgia","Echols County",4,68,39,18,21
050,13,101,"Georgia","Echols County",4,69,31,15,16
050,13,101,"Georgia","Echols County",4,70,27,14,13
050,13,101,"Georgia","Echols County",4,71,29,14,15
050,13,101,"Georgia","Echols County",4,72,31,15,16
050,13,101,"Georgia","Echols County",4,73,37,16,21
050,13,101,"Georgia","Echols County",4,74,27,10,17
050,13,101,"Georgia","Echols County",4,75,27,12,15
050,13,101,"Georgia","Echols County",4,76,7,2,5
050,13,101,"Georgia","Echols County",4,77,10,6,4
050,13,101,"Georgia","Echols County",4,78,8,4,4
050,13,101,"Georgia","Echols County",4,79,14,3,11
050,13,101,"Georgia","Echols County",4,80,17,5,12
050,13,101,"Georgia","Echols County",4,81,12,5,7
050,13,101,"Georgia","Echols County",4,82,10,2,8
050,13,101,"Georgia","Echols County",4,83,12,2,10
050,13,101,"Georgia","Echols County",4,84,8,4,4
050,13,101,"Georgia","Echols County",4,85,51,25,26
050,13,101,"Georgia","Echols County",5,0,49,26,23
050,13,101,"Georgia","Echols County",5,1,51,29,22
050,13,101,"Georgia","Echols County",5,2,50,21,29
050,13,101,"Georgia","Echols County",5,3,46,25,21
050,13,101,"Georgia","Echols County",5,4,58,27,31
050,13,101,"Georgia","Echols County",5,5,42,19,23
050,13,101,"Georgia","Echols County",5,6,44,23,21
050,13,101,"Georgia","Echols County",5,7,42,23,19
050,13,101,"Georgia","Echols County",5,8,56,32,24
050,13,101,"Georgia","Echols County",5,9,56,32,24
050,13,101,"Georgia","Echols County",5,10,60,33,27
050,13,101,"Georgia","Echols County",5,11,57,34,23
050,13,101,"Georgia","Echols County",5,12,61,29,32
050,13,101,"Georgia","Echols County",5,13,56,29,27
050,13,101,"Georgia","Echols County",5,14,56,28,28
050,13,101,"Georgia","Echols County",5,15,71,33,38
050,13,101,"Georgia","Echols County",5,16,63,33,30
050,13,101,"Georgia","Echols County",5,17,55,28,27
050,13,101,"Georgia","Echols County",5,18,49,23,26
050,13,101,"Georgia","Echols County",5,19,42,18,24
050,13,101,"Georgia","Echols County",5,20,37,19,18
050,13,101,"Georgia","Echols County",5,21,36,18,18
050,13,101,"Georgia","Echols County",5,22,47,25,22
050,13,101,"Georgia","Echols County",5,23,49,24,25
050,13,101,"Georgia","Echols County",5,24,40,21,19
050,13,101,"Georgia","Echols County",5,25,48,21,27
050,13,101,"Georgia","Echols County",5,26,42,19,23
050,13,101,"Georgia","Echols County",5,27,33,19,14
050,13,101,"Georgia","Echols County",5,28,46,30,16
050,13,101,"Georgia","Echols County",5,29,40,21,19
050,13,101,"Georgia","Echols County",5,30,56,30,26
050,13,101,"Georgia","Echols County",5,31,35,19,16
050,13,101,"Georgia","Echols County",5,32,47,26,21
050,13,101,"Georgia","Echols County",5,33,43,18,25
050,13,101,"Georgia","Echols County",5,34,47,25,22
050,13,101,"Georgia","Echols County",5,35,48,22,26
050,13,101,"Georgia","Echols County",5,36,55,28,27
050,13,101,"Georgia","Echols County",5,37,67,32,35
050,13,101,"Georgia","Echols County",5,38,78,48,30
050,13,101,"Georgia","Echols County",5,39,53,28,25
050,13,101,"Georgia","Echols County",5,40,46,24,22
050,13,101,"Georgia","Echols County",5,41,39,24,15
050,13,101,"Georgia","Echols County",5,42,49,32,17
050,13,101,"Georgia","Echols County",5,43,52,28,24
050,13,101,"Georgia","Echols County",5,44,45,18,27
050,13,101,"Georgia","Echols County",5,45,52,22,30
050,13,101,"Georgia","Echols County",5,46,52,29,23
050,13,101,"Georgia","Echols County",5,47,43,24,19
050,13,101,"Georgia","Echols County",5,48,57,30,27
050,13,101,"Georgia","Echols County",5,49,58,29,29
050,13,101,"Georgia","Echols County",5,50,57,27,30
050,13,101,"Georgia","Echols County",5,51,47,21,26
050,13,101,"Georgia","Echols County",5,52,52,26,26
050,13,101,"Georgia","Echols County",5,53,44,24,20
050,13,101,"Georgia","Echols County",5,54,34,17,17
050,13,101,"Georgia","Echols County",5,55,38,20,18
050,13,101,"Georgia","Echols County",5,56,41,21,20
050,13,101,"Georgia","Echols County",5,57,41,20,21
050,13,101,"Georgia","Echols County",5,58,40,21,19
050,13,101,"Georgia","Echols County",5,59,56,32,24
050,13,101,"Georgia","Echols County",5,60,52,26,26
050,13,101,"Georgia","Echols County",5,61,54,28,26
050,13,101,"Georgia","Echols County",5,62,39,19,20
050,13,101,"Georgia","Echols County",5,63,43,24,19
050,13,101,"Georgia","Echols County",5,64,39,22,17
050,13,101,"Georgia","Echols County",5,65,45,26,19
050,13,101,"Georgia","Echols County",5,66,43,25,18
050,13,101,"Georgia","Echols County",5,67,37,15,22
050,13,101,"Georgia","Echols County",5,68,32,13,19
050,13,101,"Georgia","Echols County",5,69,38,18,20
050,13,101,"Georgia","Echols County",5,70,29,14,15
050,13,101,"Georgia","Echols County",5,71,24,14,10
050,13,101,"Georgia","Echols County",5,72,29,14,15
050,13,101,"Georgia","Echols County",5,73,30,14,16
050,13,101,"Georgia","Echols County",5,74,36,16,20
050,13,101,"Georgia","Echols County",5,75,26,10,16
050,13,101,"Georgia","Echols County",5,76,26,12,14
050,13,101,"Georgia","Echols County",5,77,6,1,5
050,13,101,"Georgia","Echols County",5,78,9,6,3
050,13,101,"Georgia","Echols County",5,79,8,4,4
050,13,101,"Georgia","Echols County",5,80,13,3,10
050,13,101,"Georgia","Echols County",5,81,16,5,11
050,13,101,"Georgia","Echols County",5,82,11,4,7
050,13,101,"Georgia","Echols County",5,83,11,2,9
050,13,101,"Georgia","Echols County",5,84,8,2,6
050,13,101,"Georgia","Echols County",5,85,51,25,26
050,13,103,"Georgia","Effingham County",1,0,784,403,381
050,13,103,"Georgia","Effingham County",1,1,801,407,394
050,13,103,"Georgia","Effingham County",1,2,845,410,435
050,13,103,"Georgia","Effingham County",1,3,899,463,436
050,13,103,"Georgia","Effingham County",1,4,921,479,442
050,13,103,"Georgia","Effingham County",1,5,987,493,494
050,13,103,"Georgia","Effingham County",1,6,1034,524,510
050,13,103,"Georgia","Effingham County",1,7,1007,529,478
050,13,103,"Georgia","Effingham County",1,8,995,512,483
050,13,103,"Georgia","Effingham County",1,9,950,501,449
050,13,103,"Georgia","Effingham County",1,10,977,514,463
050,13,103,"Georgia","Effingham County",1,11,1028,539,489
050,13,103,"Georgia","Effingham County",1,12,1042,552,490
050,13,103,"Georgia","Effingham County",1,13,1047,528,519
050,13,103,"Georgia","Effingham County",1,14,1065,555,510
050,13,103,"Georgia","Effingham County",1,15,1027,523,504
050,13,103,"Georgia","Effingham County",1,16,1008,510,498
050,13,103,"Georgia","Effingham County",1,17,955,491,464
050,13,103,"Georgia","Effingham County",1,18,813,419,394
050,13,103,"Georgia","Effingham County",1,19,656,336,320
050,13,103,"Georgia","Effingham County",1,20,696,370,326
050,13,103,"Georgia","Effingham County",1,21,665,348,317
050,13,103,"Georgia","Effingham County",1,22,695,349,346
050,13,103,"Georgia","Effingham County",1,23,715,366,349
050,13,103,"Georgia","Effingham County",1,24,684,345,339
050,13,103,"Georgia","Effingham County",1,25,756,366,390
050,13,103,"Georgia","Effingham County",1,26,779,384,395
050,13,103,"Georgia","Effingham County",1,27,806,395,411
050,13,103,"Georgia","Effingham County",1,28,928,438,490
050,13,103,"Georgia","Effingham County",1,29,943,436,507
050,13,103,"Georgia","Effingham County",1,30,913,444,469
050,13,103,"Georgia","Effingham County",1,31,891,449,442
050,13,103,"Georgia","Effingham County",1,32,923,453,470
050,13,103,"Georgia","Effingham County",1,33,935,468,467
050,13,103,"Georgia","Effingham County",1,34,985,490,495
050,13,103,"Georgia","Effingham County",1,35,991,475,516
050,13,103,"Georgia","Effingham County",1,36,1023,505,518
050,13,103,"Georgia","Effingham County",1,37,1011,510,501
050,13,103,"Georgia","Effingham County",1,38,949,466,483
050,13,103,"Georgia","Effingham County",1,39,933,456,477
050,13,103,"Georgia","Effingham County",1,40,970,478,492
050,13,103,"Georgia","Effingham County",1,41,945,475,470
050,13,103,"Georgia","Effingham County",1,42,927,442,485
050,13,103,"Georgia","Effingham County",1,43,892,438,454
050,13,103,"Georgia","Effingham County",1,44,827,407,420
050,13,103,"Georgia","Effingham County",1,45,823,395,428
050,13,103,"Georgia","Effingham County",1,46,871,445,426
050,13,103,"Georgia","Effingham County",1,47,848,443,405
050,13,103,"Georgia","Effingham County",1,48,868,461,407
050,13,103,"Georgia","Effingham County",1,49,928,494,434
050,13,103,"Georgia","Effingham County",1,50,871,439,432
050,13,103,"Georgia","Effingham County",1,51,828,389,439
050,13,103,"Georgia","Effingham County",1,52,806,382,424
050,13,103,"Georgia","Effingham County",1,53,810,416,394
050,13,103,"Georgia","Effingham County",1,54,837,429,408
050,13,103,"Georgia","Effingham County",1,55,894,432,462
050,13,103,"Georgia","Effingham County",1,56,883,429,454
050,13,103,"Georgia","Effingham County",1,57,845,413,432
050,13,103,"Georgia","Effingham County",1,58,837,421,416
050,13,103,"Georgia","Effingham County",1,59,805,396,409
050,13,103,"Georgia","Effingham County",1,60,786,400,386
050,13,103,"Georgia","Effingham County",1,61,773,380,393
050,13,103,"Georgia","Effingham County",1,62,777,386,391
050,13,103,"Georgia","Effingham County",1,63,717,361,356
050,13,103,"Georgia","Effingham County",1,64,651,338,313
050,13,103,"Georgia","Effingham County",1,65,622,308,314
050,13,103,"Georgia","Effingham County",1,66,617,299,318
050,13,103,"Georgia","Effingham County",1,67,566,252,314
050,13,103,"Georgia","Effingham County",1,68,558,256,302
050,13,103,"Georgia","Effingham County",1,69,502,233,269
050,13,103,"Georgia","Effingham County",1,70,474,231,243
050,13,103,"Georgia","Effingham County",1,71,432,209,223
050,13,103,"Georgia","Effingham County",1,72,437,214,223
050,13,103,"Georgia","Effingham County",1,73,440,210,230
050,13,103,"Georgia","Effingham County",1,74,301,144,157
050,13,103,"Georgia","Effingham County",1,75,311,149,162
050,13,103,"Georgia","Effingham County",1,76,298,129,169
050,13,103,"Georgia","Effingham County",1,77,303,145,158
050,13,103,"Georgia","Effingham County",1,78,243,100,143
050,13,103,"Georgia","Effingham County",1,79,229,105,124
050,13,103,"Georgia","Effingham County",1,80,198,83,115
050,13,103,"Georgia","Effingham County",1,81,177,79,98
050,13,103,"Georgia","Effingham County",1,82,153,70,83
050,13,103,"Georgia","Effingham County",1,83,125,60,65
050,13,103,"Georgia","Effingham County",1,84,106,45,61
050,13,103,"Georgia","Effingham County",1,85,598,211,387
050,13,103,"Georgia","Effingham County",2,0,790,414,376
050,13,103,"Georgia","Effingham County",2,1,803,408,395
050,13,103,"Georgia","Effingham County",2,2,842,410,432
050,13,103,"Georgia","Effingham County",2,3,890,451,439
050,13,103,"Georgia","Effingham County",2,4,931,482,449
050,13,103,"Georgia","Effingham County",2,5,987,499,488
050,13,103,"Georgia","Effingham County",2,6,1031,521,510
050,13,103,"Georgia","Effingham County",2,7,1021,532,489
050,13,103,"Georgia","Effingham County",2,8,999,517,482
050,13,103,"Georgia","Effingham County",2,9,969,505,464
050,13,103,"Georgia","Effingham County",2,10,976,512,464
050,13,103,"Georgia","Effingham County",2,11,1013,530,483
050,13,103,"Georgia","Effingham County",2,12,1041,549,492
050,13,103,"Georgia","Effingham County",2,13,1055,537,518
050,13,103,"Georgia","Effingham County",2,14,1066,549,517
050,13,103,"Georgia","Effingham County",2,15,1042,534,508
050,13,103,"Georgia","Effingham County",2,16,1017,517,500
050,13,103,"Georgia","Effingham County",2,17,975,498,477
050,13,103,"Georgia","Effingham County",2,18,807,416,391
050,13,103,"Georgia","Effingham County",2,19,664,343,321
050,13,103,"Georgia","Effingham County",2,20,703,372,331
050,13,103,"Georgia","Effingham County",2,21,675,355,320
050,13,103,"Georgia","Effingham County",2,22,697,353,344
050,13,103,"Georgia","Effingham County",2,23,717,365,352
050,13,103,"Georgia","Effingham County",2,24,693,350,343
050,13,103,"Georgia","Effingham County",2,25,743,365,378
050,13,103,"Georgia","Effingham County",2,26,776,381,395
050,13,103,"Georgia","Effingham County",2,27,813,400,413
050,13,103,"Georgia","Effingham County",2,28,907,431,476
050,13,103,"Georgia","Effingham County",2,29,946,440,506
050,13,103,"Georgia","Effingham County",2,30,937,448,489
050,13,103,"Georgia","Effingham County",2,31,902,452,450
050,13,103,"Georgia","Effingham County",2,32,922,453,469
050,13,103,"Georgia","Effingham County",2,33,943,471,472
050,13,103,"Georgia","Effingham County",2,34,977,486,491
050,13,103,"Georgia","Effingham County",2,35,1004,488,516
050,13,103,"Georgia","Effingham County",2,36,1018,500,518
050,13,103,"Georgia","Effingham County",2,37,1024,514,510
050,13,103,"Georgia","Effingham County",2,38,970,478,492
050,13,103,"Georgia","Effingham County",2,39,940,457,483
050,13,103,"Georgia","Effingham County",2,40,970,480,490
050,13,103,"Georgia","Effingham County",2,41,948,475,473
050,13,103,"Georgia","Effingham County",2,42,931,450,481
050,13,103,"Georgia","Effingham County",2,43,913,444,469
050,13,103,"Georgia","Effingham County",2,44,836,411,425
050,13,103,"Georgia","Effingham County",2,45,832,403,429
050,13,103,"Georgia","Effingham County",2,46,856,434,422
050,13,103,"Georgia","Effingham County",2,47,851,442,409
050,13,103,"Georgia","Effingham County",2,48,863,455,408
050,13,103,"Georgia","Effingham County",2,49,922,492,430
050,13,103,"Georgia","Effingham County",2,50,891,456,435
050,13,103,"Georgia","Effingham County",2,51,839,401,438
050,13,103,"Georgia","Effingham County",2,52,813,385,428
050,13,103,"Georgia","Effingham County",2,53,812,409,403
050,13,103,"Georgia","Effingham County",2,54,829,424,405
050,13,103,"Georgia","Effingham County",2,55,881,432,449
050,13,103,"Georgia","Effingham County",2,56,886,430,456
050,13,103,"Georgia","Effingham County",2,57,859,421,438
050,13,103,"Georgia","Effingham County",2,58,838,418,420
050,13,103,"Georgia","Effingham County",2,59,817,403,414
050,13,103,"Georgia","Effingham County",2,60,792,397,395
050,13,103,"Georgia","Effingham County",2,61,776,386,390
050,13,103,"Georgia","Effingham County",2,62,776,385,391
050,13,103,"Georgia","Effingham County",2,63,738,370,368
050,13,103,"Georgia","Effingham County",2,64,666,339,327
050,13,103,"Georgia","Effingham County",2,65,627,314,313
050,13,103,"Georgia","Effingham County",2,66,622,303,319
050,13,103,"Georgia","Effingham County",2,67,578,263,315
050,13,103,"Georgia","Effingham County",2,68,555,252,303
050,13,103,"Georgia","Effingham County",2,69,517,237,280
050,13,103,"Georgia","Effingham County",2,70,480,229,251
050,13,103,"Georgia","Effingham County",2,71,442,213,229
050,13,103,"Georgia","Effingham County",2,72,429,210,219
050,13,103,"Georgia","Effingham County",2,73,456,218,238
050,13,103,"Georgia","Effingham County",2,74,312,148,164
050,13,103,"Georgia","Effingham County",2,75,310,149,161
050,13,103,"Georgia","Effingham County",2,76,301,135,166
050,13,103,"Georgia","Effingham County",2,77,310,146,164
050,13,103,"Georgia","Effingham County",2,78,254,110,144
050,13,103,"Georgia","Effingham County",2,79,230,103,127
050,13,103,"Georgia","Effingham County",2,80,202,87,115
050,13,103,"Georgia","Effingham County",2,81,179,78,101
050,13,103,"Georgia","Effingham County",2,82,158,71,87
050,13,103,"Georgia","Effingham County",2,83,128,61,67
050,13,103,"Georgia","Effingham County",2,84,110,48,62
050,13,103,"Georgia","Effingham County",2,85,608,214,394
050,13,103,"Georgia","Effingham County",3,0,826,427,399
050,13,103,"Georgia","Effingham County",3,1,845,450,395
050,13,103,"Georgia","Effingham County",3,2,852,447,405
050,13,103,"Georgia","Effingham County",3,3,879,420,459
050,13,103,"Georgia","Effingham County",3,4,913,472,441
050,13,103,"Georgia","Effingham County",3,5,966,494,472
050,13,103,"Georgia","Effingham County",3,6,1034,521,513
050,13,103,"Georgia","Effingham County",3,7,1072,538,534
050,13,103,"Georgia","Effingham County",3,8,1054,550,504
050,13,103,"Georgia","Effingham County",3,9,1018,527,491
050,13,103,"Georgia","Effingham County",3,10,995,523,472
050,13,103,"Georgia","Effingham County",3,11,1002,522,480
050,13,103,"Georgia","Effingham County",3,12,1050,550,500
050,13,103,"Georgia","Effingham County",3,13,1062,548,514
050,13,103,"Georgia","Effingham County",3,14,1092,547,545
050,13,103,"Georgia","Effingham County",3,15,1082,555,527
050,13,103,"Georgia","Effingham County",3,16,1065,552,513
050,13,103,"Georgia","Effingham County",3,17,1029,517,512
050,13,103,"Georgia","Effingham County",3,18,837,447,390
050,13,103,"Georgia","Effingham County",3,19,643,335,308
050,13,103,"Georgia","Effingham County",3,20,685,345,340
050,13,103,"Georgia","Effingham County",3,21,736,384,352
050,13,103,"Georgia","Effingham County",3,22,731,376,355
050,13,103,"Georgia","Effingham County",3,23,728,359,369
050,13,103,"Georgia","Effingham County",3,24,754,375,379
050,13,103,"Georgia","Effingham County",3,25,710,359,351
050,13,103,"Georgia","Effingham County",3,26,753,373,380
050,13,103,"Georgia","Effingham County",3,27,825,399,426
050,13,103,"Georgia","Effingham County",3,28,876,428,448
050,13,103,"Georgia","Effingham County",3,29,917,439,478
050,13,103,"Georgia","Effingham County",3,30,996,470,526
050,13,103,"Georgia","Effingham County",3,31,972,465,507
050,13,103,"Georgia","Effingham County",3,32,924,448,476
050,13,103,"Georgia","Effingham County",3,33,963,480,483
050,13,103,"Georgia","Effingham County",3,34,981,482,499
050,13,103,"Georgia","Effingham County",3,35,989,496,493
050,13,103,"Georgia","Effingham County",3,36,1039,498,541
050,13,103,"Georgia","Effingham County",3,37,1042,520,522
050,13,103,"Georgia","Effingham County",3,38,1018,507,511
050,13,103,"Georgia","Effingham County",3,39,1021,511,510
050,13,103,"Georgia","Effingham County",3,40,955,473,482
050,13,103,"Georgia","Effingham County",3,41,1000,478,522
050,13,103,"Georgia","Effingham County",3,42,968,489,479
050,13,103,"Georgia","Effingham County",3,43,945,460,485
050,13,103,"Georgia","Effingham County",3,44,917,441,476
050,13,103,"Georgia","Effingham County",3,45,849,423,426
050,13,103,"Georgia","Effingham County",3,46,862,418,444
050,13,103,"Georgia","Effingham County",3,47,866,449,417
050,13,103,"Georgia","Effingham County",3,48,852,449,403
050,13,103,"Georgia","Effingham County",3,49,878,452,426
050,13,103,"Georgia","Effingham County",3,50,957,507,450
050,13,103,"Georgia","Effingham County",3,51,906,454,452
050,13,103,"Georgia","Effingham County",3,52,845,394,451
050,13,103,"Georgia","Effingham County",3,53,813,393,420
050,13,103,"Georgia","Effingham County",3,54,801,408,393
050,13,103,"Georgia","Effingham County",3,55,821,421,400
050,13,103,"Georgia","Effingham County",3,56,895,443,452
050,13,103,"Georgia","Effingham County",3,57,906,438,468
050,13,103,"Georgia","Effingham County",3,58,849,409,440
050,13,103,"Georgia","Effingham County",3,59,836,418,418
050,13,103,"Georgia","Effingham County",3,60,832,413,419
050,13,103,"Georgia","Effingham County",3,61,812,399,413
050,13,103,"Georgia","Effingham County",3,62,773,379,394
050,13,103,"Georgia","Effingham County",3,63,778,377,401
050,13,103,"Georgia","Effingham County",3,64,736,362,374
050,13,103,"Georgia","Effingham County",3,65,660,334,326
050,13,103,"Georgia","Effingham County",3,66,632,313,319
050,13,103,"Georgia","Effingham County",3,67,608,295,313
050,13,103,"Georgia","Effingham County",3,68,569,254,315
050,13,103,"Georgia","Effingham County",3,69,545,246,299
050,13,103,"Georgia","Effingham County",3,70,512,230,282
050,13,103,"Georgia","Effingham County",3,71,471,223,248
050,13,103,"Georgia","Effingham County",3,72,430,202,228
050,13,103,"Georgia","Effingham County",3,73,420,201,219
050,13,103,"Georgia","Effingham County",3,74,428,202,226
050,13,103,"Georgia","Effingham County",3,75,306,152,154
050,13,103,"Georgia","Effingham County",3,76,285,137,148
050,13,103,"Georgia","Effingham County",3,77,302,133,169
050,13,103,"Georgia","Effingham County",3,78,287,139,148
050,13,103,"Georgia","Effingham County",3,79,238,100,138
050,13,103,"Georgia","Effingham County",3,80,214,94,120
050,13,103,"Georgia","Effingham County",3,81,193,85,108
050,13,103,"Georgia","Effingham County",3,82,166,70,96
050,13,103,"Georgia","Effingham County",3,83,142,65,77
050,13,103,"Georgia","Effingham County",3,84,123,54,69
050,13,103,"Georgia","Effingham County",3,85,605,212,393
050,13,103,"Georgia","Effingham County",4,0,842,456,386
050,13,103,"Georgia","Effingham County",4,1,842,440,402
050,13,103,"Georgia","Effingham County",4,2,896,469,427
050,13,103,"Georgia","Effingham County",4,3,902,464,438
050,13,103,"Georgia","Effingham County",4,4,943,446,497
050,13,103,"Georgia","Effingham County",4,5,975,502,473
050,13,103,"Georgia","Effingham County",4,6,1018,523,495
050,13,103,"Georgia","Effingham County",4,7,1083,553,530
050,13,103,"Georgia","Effingham County",4,8,1109,561,548
050,13,103,"Georgia","Effingham County",4,9,1103,591,512
050,13,103,"Georgia","Effingham County",4,10,1042,536,506
050,13,103,"Georgia","Effingham County",4,11,1050,545,505
050,13,103,"Georgia","Effingham County",4,12,1038,525,513
050,13,103,"Georgia","Effingham County",4,13,1090,581,509
050,13,103,"Georgia","Effingham County",4,14,1130,592,538
050,13,103,"Georgia","Effingham County",4,15,1110,564,546
050,13,103,"Georgia","Effingham County",4,16,1111,567,544
050,13,103,"Georgia","Effingham County",4,17,1072,556,516
050,13,103,"Georgia","Effingham County",4,18,889,472,417
050,13,103,"Georgia","Effingham County",4,19,679,366,313
050,13,103,"Georgia","Effingham County",4,20,676,349,327
050,13,103,"Georgia","Effingham County",4,21,703,364,339
050,13,103,"Georgia","Effingham County",4,22,785,396,389
050,13,103,"Georgia","Effingham County",4,23,785,415,370
050,13,103,"Georgia","Effingham County",4,24,777,388,389
050,13,103,"Georgia","Effingham County",4,25,762,387,375
050,13,103,"Georgia","Effingham County",4,26,737,375,362
050,13,103,"Georgia","Effingham County",4,27,828,425,403
050,13,103,"Georgia","Effingham County",4,28,881,433,448
050,13,103,"Georgia","Effingham County",4,29,930,449,481
050,13,103,"Georgia","Effingham County",4,30,967,468,499
050,13,103,"Georgia","Effingham County",4,31,1065,509,556
050,13,103,"Georgia","Effingham County",4,32,1031,496,535
050,13,103,"Georgia","Effingham County",4,33,978,473,505
050,13,103,"Georgia","Effingham County",4,34,1044,514,530
050,13,103,"Georgia","Effingham County",4,35,1033,501,532
050,13,103,"Georgia","Effingham County",4,36,1059,536,523
050,13,103,"Georgia","Effingham County",4,37,1091,527,564
050,13,103,"Georgia","Effingham County",4,38,1084,544,540
050,13,103,"Georgia","Effingham County",4,39,1052,508,544
050,13,103,"Georgia","Effingham County",4,40,1055,521,534
050,13,103,"Georgia","Effingham County",4,41,976,475,501
050,13,103,"Georgia","Effingham County",4,42,1032,503,529
050,13,103,"Georgia","Effingham County",4,43,996,500,496
050,13,103,"Georgia","Effingham County",4,44,960,471,489
050,13,103,"Georgia","Effingham County",4,45,945,466,479
050,13,103,"Georgia","Effingham County",4,46,865,428,437
050,13,103,"Georgia","Effingham County",4,47,886,425,461
050,13,103,"Georgia","Effingham County",4,48,881,443,438
050,13,103,"Georgia","Effingham County",4,49,844,439,405
050,13,103,"Georgia","Effingham County",4,50,881,440,441
050,13,103,"Georgia","Effingham County",4,51,954,505,449
050,13,103,"Georgia","Effingham County",4,52,920,469,451
050,13,103,"Georgia","Effingham County",4,53,858,401,457
050,13,103,"Georgia","Effingham County",4,54,792,372,420
050,13,103,"Georgia","Effingham County",4,55,820,431,389
050,13,103,"Georgia","Effingham County",4,56,831,433,398
050,13,103,"Georgia","Effingham County",4,57,910,451,459
050,13,103,"Georgia","Effingham County",4,58,911,448,463
050,13,103,"Georgia","Effingham County",4,59,854,407,447
050,13,103,"Georgia","Effingham County",4,60,847,419,428
050,13,103,"Georgia","Effingham County",4,61,843,416,427
050,13,103,"Georgia","Effingham County",4,62,813,401,412
050,13,103,"Georgia","Effingham County",4,63,761,367,394
050,13,103,"Georgia","Effingham County",4,64,794,381,413
050,13,103,"Georgia","Effingham County",4,65,730,361,369
050,13,103,"Georgia","Effingham County",4,66,660,333,327
050,13,103,"Georgia","Effingham County",4,67,626,310,316
050,13,103,"Georgia","Effingham County",4,68,615,298,317
050,13,103,"Georgia","Effingham County",4,69,583,262,321
050,13,103,"Georgia","Effingham County",4,70,545,247,298
050,13,103,"Georgia","Effingham County",4,71,502,226,276
050,13,103,"Georgia","Effingham County",4,72,472,217,255
050,13,103,"Georgia","Effingham County",4,73,413,189,224
050,13,103,"Georgia","Effingham County",4,74,397,191,206
050,13,103,"Georgia","Effingham County",4,75,427,197,230
050,13,103,"Georgia","Effingham County",4,76,290,150,140
050,13,103,"Georgia","Effingham County",4,77,290,131,159
050,13,103,"Georgia","Effingham County",4,78,283,128,155
050,13,103,"Georgia","Effingham County",4,79,277,129,148
050,13,103,"Georgia","Effingham County",4,80,222,88,134
050,13,103,"Georgia","Effingham County",4,81,193,87,106
050,13,103,"Georgia","Effingham County",4,82,184,82,102
050,13,103,"Georgia","Effingham County",4,83,149,65,84
050,13,103,"Georgia","Effingham County",4,84,129,53,76
050,13,103,"Georgia","Effingham County",4,85,626,217,409
050,13,103,"Georgia","Effingham County",5,0,841,458,383
050,13,103,"Georgia","Effingham County",5,1,881,476,405
050,13,103,"Georgia","Effingham County",5,2,892,456,436
050,13,103,"Georgia","Effingham County",5,3,943,494,449
050,13,103,"Georgia","Effingham County",5,4,956,493,463
050,13,103,"Georgia","Effingham County",5,5,996,471,525
050,13,103,"Georgia","Effingham County",5,6,985,505,480
050,13,103,"Georgia","Effingham County",5,7,1035,523,512
050,13,103,"Georgia","Effingham County",5,8,1146,584,562
050,13,103,"Georgia","Effingham County",5,9,1142,594,548
050,13,103,"Georgia","Effingham County",5,10,1168,624,544
050,13,103,"Georgia","Effingham County",5,11,1075,548,527
050,13,103,"Georgia","Effingham County",5,12,1097,573,524
050,13,103,"Georgia","Effingham County",5,13,1060,541,519
050,13,103,"Georgia","Effingham County",5,14,1124,595,529
050,13,103,"Georgia","Effingham County",5,15,1155,607,548
050,13,103,"Georgia","Effingham County",5,16,1137,563,574
050,13,103,"Georgia","Effingham County",5,17,1136,583,553
050,13,103,"Georgia","Effingham County",5,18,897,474,423
050,13,103,"Georgia","Effingham County",5,19,741,408,333
050,13,103,"Georgia","Effingham County",5,20,733,383,350
050,13,103,"Georgia","Effingham County",5,21,742,385,357
050,13,103,"Georgia","Effingham County",5,22,751,377,374
050,13,103,"Georgia","Effingham County",5,23,856,433,423
050,13,103,"Georgia","Effingham County",5,24,813,414,399
050,13,103,"Georgia","Effingham County",5,25,844,425,419
050,13,103,"Georgia","Effingham County",5,26,813,412,401
050,13,103,"Georgia","Effingham County",5,27,828,440,388
050,13,103,"Georgia","Effingham County",5,28,869,454,415
050,13,103,"Georgia","Effingham County",5,29,936,451,485
050,13,103,"Georgia","Effingham County",5,30,954,465,489
050,13,103,"Georgia","Effingham County",5,31,1033,499,534
050,13,103,"Georgia","Effingham County",5,32,1111,547,564
050,13,103,"Georgia","Effingham County",5,33,1081,523,558
050,13,103,"Georgia","Effingham County",5,34,1026,493,533
050,13,103,"Georgia","Effingham County",5,35,1094,528,566
050,13,103,"Georgia","Effingham County",5,36,1067,509,558
050,13,103,"Georgia","Effingham County",5,37,1111,546,565
050,13,103,"Georgia","Effingham County",5,38,1138,543,595
050,13,103,"Georgia","Effingham County",5,39,1128,569,559
050,13,103,"Georgia","Effingham County",5,40,1101,532,569
050,13,103,"Georgia","Effingham County",5,41,1116,550,566
050,13,103,"Georgia","Effingham County",5,42,1023,499,524
050,13,103,"Georgia","Effingham County",5,43,1071,515,556
050,13,103,"Georgia","Effingham County",5,44,1031,524,507
050,13,103,"Georgia","Effingham County",5,45,1003,506,497
050,13,103,"Georgia","Effingham County",5,46,974,473,501
050,13,103,"Georgia","Effingham County",5,47,899,444,455
050,13,103,"Georgia","Effingham County",5,48,928,446,482
050,13,103,"Georgia","Effingham County",5,49,893,445,448
050,13,103,"Georgia","Effingham County",5,50,875,448,427
050,13,103,"Georgia","Effingham County",5,51,911,458,453
050,13,103,"Georgia","Effingham County",5,52,986,519,467
050,13,103,"Georgia","Effingham County",5,53,924,472,452
050,13,103,"Georgia","Effingham County",5,54,878,412,466
050,13,103,"Georgia","Effingham County",5,55,799,381,418
050,13,103,"Georgia","Effingham County",5,56,823,427,396
050,13,103,"Georgia","Effingham County",5,57,845,436,409
050,13,103,"Georgia","Effingham County",5,58,926,457,469
050,13,103,"Georgia","Effingham County",5,59,933,453,480
050,13,103,"Georgia","Effingham County",5,60,852,406,446
050,13,103,"Georgia","Effingham County",5,61,848,416,432
050,13,103,"Georgia","Effingham County",5,62,835,411,424
050,13,103,"Georgia","Effingham County",5,63,802,391,411
050,13,103,"Georgia","Effingham County",5,64,778,367,411
050,13,103,"Georgia","Effingham County",5,65,807,389,418
050,13,103,"Georgia","Effingham County",5,66,727,357,370
050,13,103,"Georgia","Effingham County",5,67,673,343,330
050,13,103,"Georgia","Effingham County",5,68,630,311,319
050,13,103,"Georgia","Effingham County",5,69,617,299,318
050,13,103,"Georgia","Effingham County",5,70,574,253,321
050,13,103,"Georgia","Effingham County",5,71,544,248,296
050,13,103,"Georgia","Effingham County",5,72,487,222,265
050,13,103,"Georgia","Effingham County",5,73,452,199,253
050,13,103,"Georgia","Effingham County",5,74,396,180,216
050,13,103,"Georgia","Effingham County",5,75,396,190,206
050,13,103,"Georgia","Effingham County",5,76,408,191,217
050,13,103,"Georgia","Effingham County",5,77,290,147,143
050,13,103,"Georgia","Effingham County",5,78,265,123,142
050,13,103,"Georgia","Effingham County",5,79,263,118,145
050,13,103,"Georgia","Effingham County",5,80,263,119,144
050,13,103,"Georgia","Effingham County",5,81,210,88,122
050,13,103,"Georgia","Effingham County",5,82,182,83,99
050,13,103,"Georgia","Effingham County",5,83,167,77,90
050,13,103,"Georgia","Effingham County",5,84,140,57,83
050,13,103,"Georgia","Effingham County",5,85,661,231,430
050,13,105,"Georgia","Elbert County",1,0,215,109,106
050,13,105,"Georgia","Elbert County",1,1,221,118,103
050,13,105,"Georgia","Elbert County",1,2,218,113,105
050,13,105,"Georgia","Elbert County",1,3,244,125,119
050,13,105,"Georgia","Elbert County",1,4,229,119,110
050,13,105,"Georgia","Elbert County",1,5,241,129,112
050,13,105,"Georgia","Elbert County",1,6,244,135,109
050,13,105,"Georgia","Elbert County",1,7,226,108,118
050,13,105,"Georgia","Elbert County",1,8,252,121,131
050,13,105,"Georgia","Elbert County",1,9,259,124,135
050,13,105,"Georgia","Elbert County",1,10,246,124,122
050,13,105,"Georgia","Elbert County",1,11,275,136,139
050,13,105,"Georgia","Elbert County",1,12,275,131,144
050,13,105,"Georgia","Elbert County",1,13,251,131,120
050,13,105,"Georgia","Elbert County",1,14,232,104,128
050,13,105,"Georgia","Elbert County",1,15,244,124,120
050,13,105,"Georgia","Elbert County",1,16,236,120,116
050,13,105,"Georgia","Elbert County",1,17,220,115,105
050,13,105,"Georgia","Elbert County",1,18,205,102,103
050,13,105,"Georgia","Elbert County",1,19,188,91,97
050,13,105,"Georgia","Elbert County",1,20,203,101,102
050,13,105,"Georgia","Elbert County",1,21,191,88,103
050,13,105,"Georgia","Elbert County",1,22,203,97,106
050,13,105,"Georgia","Elbert County",1,23,217,99,118
050,13,105,"Georgia","Elbert County",1,24,209,107,102
050,13,105,"Georgia","Elbert County",1,25,212,105,107
050,13,105,"Georgia","Elbert County",1,26,242,120,122
050,13,105,"Georgia","Elbert County",1,27,234,118,116
050,13,105,"Georgia","Elbert County",1,28,279,142,137
050,13,105,"Georgia","Elbert County",1,29,270,137,133
050,13,105,"Georgia","Elbert County",1,30,233,111,122
050,13,105,"Georgia","Elbert County",1,31,252,132,120
050,13,105,"Georgia","Elbert County",1,32,232,119,113
050,13,105,"Georgia","Elbert County",1,33,222,112,110
050,13,105,"Georgia","Elbert County",1,34,216,101,115
050,13,105,"Georgia","Elbert County",1,35,218,109,109
050,13,105,"Georgia","Elbert County",1,36,227,111,116
050,13,105,"Georgia","Elbert County",1,37,207,98,109
050,13,105,"Georgia","Elbert County",1,38,200,99,101
050,13,105,"Georgia","Elbert County",1,39,236,124,112
050,13,105,"Georgia","Elbert County",1,40,240,114,126
050,13,105,"Georgia","Elbert County",1,41,239,114,125
050,13,105,"Georgia","Elbert County",1,42,216,100,116
050,13,105,"Georgia","Elbert County",1,43,196,94,102
050,13,105,"Georgia","Elbert County",1,44,184,88,96
050,13,105,"Georgia","Elbert County",1,45,204,108,96
050,13,105,"Georgia","Elbert County",1,46,188,88,100
050,13,105,"Georgia","Elbert County",1,47,232,106,126
050,13,105,"Georgia","Elbert County",1,48,241,116,125
050,13,105,"Georgia","Elbert County",1,49,266,123,143
050,13,105,"Georgia","Elbert County",1,50,240,115,125
050,13,105,"Georgia","Elbert County",1,51,247,119,128
050,13,105,"Georgia","Elbert County",1,52,244,118,126
050,13,105,"Georgia","Elbert County",1,53,258,115,143
050,13,105,"Georgia","Elbert County",1,54,259,116,143
050,13,105,"Georgia","Elbert County",1,55,280,130,150
050,13,105,"Georgia","Elbert County",1,56,293,140,153
050,13,105,"Georgia","Elbert County",1,57,274,123,151
050,13,105,"Georgia","Elbert County",1,58,301,147,154
050,13,105,"Georgia","Elbert County",1,59,288,132,156
050,13,105,"Georgia","Elbert County",1,60,279,129,150
050,13,105,"Georgia","Elbert County",1,61,279,134,145
050,13,105,"Georgia","Elbert County",1,62,275,132,143
050,13,105,"Georgia","Elbert County",1,63,272,127,145
050,13,105,"Georgia","Elbert County",1,64,267,123,144
050,13,105,"Georgia","Elbert County",1,65,258,122,136
050,13,105,"Georgia","Elbert County",1,66,248,121,127
050,13,105,"Georgia","Elbert County",1,67,271,123,148
050,13,105,"Georgia","Elbert County",1,68,267,125,142
050,13,105,"Georgia","Elbert County",1,69,245,116,129
050,13,105,"Georgia","Elbert County",1,70,242,116,126
050,13,105,"Georgia","Elbert County",1,71,238,106,132
050,13,105,"Georgia","Elbert County",1,72,242,117,125
050,13,105,"Georgia","Elbert County",1,73,235,118,117
050,13,105,"Georgia","Elbert County",1,74,174,83,91
050,13,105,"Georgia","Elbert County",1,75,163,77,86
050,13,105,"Georgia","Elbert County",1,76,155,57,98
050,13,105,"Georgia","Elbert County",1,77,152,58,94
050,13,105,"Georgia","Elbert County",1,78,149,62,87
050,13,105,"Georgia","Elbert County",1,79,137,64,73
050,13,105,"Georgia","Elbert County",1,80,129,63,66
050,13,105,"Georgia","Elbert County",1,81,108,44,64
050,13,105,"Georgia","Elbert County",1,82,102,44,58
050,13,105,"Georgia","Elbert County",1,83,92,42,50
050,13,105,"Georgia","Elbert County",1,84,88,31,57
050,13,105,"Georgia","Elbert County",1,85,457,141,316
050,13,105,"Georgia","Elbert County",2,0,210,112,98
050,13,105,"Georgia","Elbert County",2,1,218,114,104
050,13,105,"Georgia","Elbert County",2,2,219,114,105
050,13,105,"Georgia","Elbert County",2,3,238,123,115
050,13,105,"Georgia","Elbert County",2,4,234,121,113
050,13,105,"Georgia","Elbert County",2,5,238,127,111
050,13,105,"Georgia","Elbert County",2,6,242,134,108
050,13,105,"Georgia","Elbert County",2,7,233,117,116
050,13,105,"Georgia","Elbert County",2,8,245,118,127
050,13,105,"Georgia","Elbert County",2,9,262,127,135
050,13,105,"Georgia","Elbert County",2,10,250,124,126
050,13,105,"Georgia","Elbert County",2,11,269,134,135
050,13,105,"Georgia","Elbert County",2,12,279,135,144
050,13,105,"Georgia","Elbert County",2,13,256,131,125
050,13,105,"Georgia","Elbert County",2,14,240,113,127
050,13,105,"Georgia","Elbert County",2,15,243,121,122
050,13,105,"Georgia","Elbert County",2,16,239,122,117
050,13,105,"Georgia","Elbert County",2,17,226,117,109
050,13,105,"Georgia","Elbert County",2,18,201,102,99
050,13,105,"Georgia","Elbert County",2,19,186,91,95
050,13,105,"Georgia","Elbert County",2,20,207,102,105
050,13,105,"Georgia","Elbert County",2,21,194,91,103
050,13,105,"Georgia","Elbert County",2,22,206,97,109
050,13,105,"Georgia","Elbert County",2,23,217,101,116
050,13,105,"Georgia","Elbert County",2,24,211,107,104
050,13,105,"Georgia","Elbert County",2,25,213,106,107
050,13,105,"Georgia","Elbert County",2,26,236,116,120
050,13,105,"Georgia","Elbert County",2,27,237,119,118
050,13,105,"Georgia","Elbert County",2,28,271,138,133
050,13,105,"Georgia","Elbert County",2,29,272,137,135
050,13,105,"Georgia","Elbert County",2,30,246,120,126
050,13,105,"Georgia","Elbert County",2,31,248,126,122
050,13,105,"Georgia","Elbert County",2,32,236,121,115
050,13,105,"Georgia","Elbert County",2,33,226,114,112
050,13,105,"Georgia","Elbert County",2,34,219,105,114
050,13,105,"Georgia","Elbert County",2,35,222,109,113
050,13,105,"Georgia","Elbert County",2,36,224,109,115
050,13,105,"Georgia","Elbert County",2,37,211,101,110
050,13,105,"Georgia","Elbert County",2,38,205,100,105
050,13,105,"Georgia","Elbert County",2,39,226,118,108
050,13,105,"Georgia","Elbert County",2,40,241,117,124
050,13,105,"Georgia","Elbert County",2,41,240,114,126
050,13,105,"Georgia","Elbert County",2,42,221,102,119
050,13,105,"Georgia","Elbert County",2,43,203,96,107
050,13,105,"Georgia","Elbert County",2,44,184,89,95
050,13,105,"Georgia","Elbert County",2,45,198,102,96
050,13,105,"Georgia","Elbert County",2,46,192,93,99
050,13,105,"Georgia","Elbert County",2,47,222,102,120
050,13,105,"Georgia","Elbert County",2,48,241,114,127
050,13,105,"Georgia","Elbert County",2,49,263,123,140
050,13,105,"Georgia","Elbert County",2,50,248,117,131
050,13,105,"Georgia","Elbert County",2,51,242,117,125
050,13,105,"Georgia","Elbert County",2,52,242,118,124
050,13,105,"Georgia","Elbert County",2,53,251,114,137
050,13,105,"Georgia","Elbert County",2,54,258,116,142
050,13,105,"Georgia","Elbert County",2,55,275,127,148
050,13,105,"Georgia","Elbert County",2,56,290,137,153
050,13,105,"Georgia","Elbert County",2,57,279,127,152
050,13,105,"Georgia","Elbert County",2,58,295,142,153
050,13,105,"Georgia","Elbert County",2,59,292,136,156
050,13,105,"Georgia","Elbert County",2,60,281,130,151
050,13,105,"Georgia","Elbert County",2,61,279,133,146
050,13,105,"Georgia","Elbert County",2,62,273,129,144
050,13,105,"Georgia","Elbert County",2,63,276,131,145
050,13,105,"Georgia","Elbert County",2,64,263,122,141
050,13,105,"Georgia","Elbert County",2,65,259,121,138
050,13,105,"Georgia","Elbert County",2,66,251,122,129
050,13,105,"Georgia","Elbert County",2,67,263,120,143
050,13,105,"Georgia","Elbert County",2,68,268,125,143
050,13,105,"Georgia","Elbert County",2,69,252,118,134
050,13,105,"Georgia","Elbert County",2,70,242,117,125
050,13,105,"Georgia","Elbert County",2,71,237,110,127
050,13,105,"Georgia","Elbert County",2,72,238,114,124
050,13,105,"Georgia","Elbert County",2,73,243,119,124
050,13,105,"Georgia","Elbert County",2,74,178,86,92
050,13,105,"Georgia","Elbert County",2,75,165,79,86
050,13,105,"Georgia","Elbert County",2,76,155,61,94
050,13,105,"Georgia","Elbert County",2,77,154,59,95
050,13,105,"Georgia","Elbert County",2,78,147,58,89
050,13,105,"Georgia","Elbert County",2,79,137,63,74
050,13,105,"Georgia","Elbert County",2,80,127,60,67
050,13,105,"Georgia","Elbert County",2,81,113,47,66
050,13,105,"Georgia","Elbert County",2,82,100,42,58
050,13,105,"Georgia","Elbert County",2,83,92,43,49
050,13,105,"Georgia","Elbert County",2,84,89,33,56
050,13,105,"Georgia","Elbert County",2,85,454,144,310
050,13,105,"Georgia","Elbert County",3,0,202,108,94
050,13,105,"Georgia","Elbert County",3,1,222,116,106
050,13,105,"Georgia","Elbert County",3,2,217,110,107
050,13,105,"Georgia","Elbert County",3,3,213,112,101
050,13,105,"Georgia","Elbert County",3,4,236,117,119
050,13,105,"Georgia","Elbert County",3,5,239,122,117
050,13,105,"Georgia","Elbert County",3,6,236,125,111
050,13,105,"Georgia","Elbert County",3,7,245,138,107
050,13,105,"Georgia","Elbert County",3,8,226,108,118
050,13,105,"Georgia","Elbert County",3,9,250,122,128
050,13,105,"Georgia","Elbert County",3,10,266,127,139
050,13,105,"Georgia","Elbert County",3,11,245,117,128
050,13,105,"Georgia","Elbert County",3,12,269,136,133
050,13,105,"Georgia","Elbert County",3,13,275,135,140
050,13,105,"Georgia","Elbert County",3,14,255,126,129
050,13,105,"Georgia","Elbert County",3,15,244,116,128
050,13,105,"Georgia","Elbert County",3,16,243,119,124
050,13,105,"Georgia","Elbert County",3,17,237,121,116
050,13,105,"Georgia","Elbert County",3,18,201,106,95
050,13,105,"Georgia","Elbert County",3,19,167,84,83
050,13,105,"Georgia","Elbert County",3,20,184,90,94
050,13,105,"Georgia","Elbert County",3,21,213,101,112
050,13,105,"Georgia","Elbert County",3,22,206,95,111
050,13,105,"Georgia","Elbert County",3,23,224,102,122
050,13,105,"Georgia","Elbert County",3,24,216,100,116
050,13,105,"Georgia","Elbert County",3,25,217,111,106
050,13,105,"Georgia","Elbert County",3,26,225,119,106
050,13,105,"Georgia","Elbert County",3,27,229,113,116
050,13,105,"Georgia","Elbert County",3,28,241,120,121
050,13,105,"Georgia","Elbert County",3,29,254,128,126
050,13,105,"Georgia","Elbert County",3,30,261,130,131
050,13,105,"Georgia","Elbert County",3,31,239,116,123
050,13,105,"Georgia","Elbert County",3,32,251,133,118
050,13,105,"Georgia","Elbert County",3,33,240,126,114
050,13,105,"Georgia","Elbert County",3,34,218,108,110
050,13,105,"Georgia","Elbert County",3,35,234,112,122
050,13,105,"Georgia","Elbert County",3,36,223,108,115
050,13,105,"Georgia","Elbert County",3,37,229,112,117
050,13,105,"Georgia","Elbert County",3,38,211,96,115
050,13,105,"Georgia","Elbert County",3,39,206,99,107
050,13,105,"Georgia","Elbert County",3,40,222,113,109
050,13,105,"Georgia","Elbert County",3,41,241,115,126
050,13,105,"Georgia","Elbert County",3,42,232,110,122
050,13,105,"Georgia","Elbert County",3,43,219,104,115
050,13,105,"Georgia","Elbert County",3,44,196,97,99
050,13,105,"Georgia","Elbert County",3,45,174,87,87
050,13,105,"Georgia","Elbert County",3,46,196,99,97
050,13,105,"Georgia","Elbert County",3,47,197,99,98
050,13,105,"Georgia","Elbert County",3,48,221,103,118
050,13,105,"Georgia","Elbert County",3,49,243,113,130
050,13,105,"Georgia","Elbert County",3,50,258,119,139
050,13,105,"Georgia","Elbert County",3,51,260,123,137
050,13,105,"Georgia","Elbert County",3,52,238,114,124
050,13,105,"Georgia","Elbert County",3,53,245,117,128
050,13,105,"Georgia","Elbert County",3,54,245,112,133
050,13,105,"Georgia","Elbert County",3,55,258,112,146
050,13,105,"Georgia","Elbert County",3,56,279,127,152
050,13,105,"Georgia","Elbert County",3,57,290,130,160
050,13,105,"Georgia","Elbert County",3,58,278,132,146
050,13,105,"Georgia","Elbert County",3,59,301,150,151
050,13,105,"Georgia","Elbert County",3,60,293,139,154
050,13,105,"Georgia","Elbert County",3,61,285,135,150
050,13,105,"Georgia","Elbert County",3,62,276,129,147
050,13,105,"Georgia","Elbert County",3,63,271,131,140
050,13,105,"Georgia","Elbert County",3,64,276,129,147
050,13,105,"Georgia","Elbert County",3,65,259,117,142
050,13,105,"Georgia","Elbert County",3,66,249,122,127
050,13,105,"Georgia","Elbert County",3,67,250,120,130
050,13,105,"Georgia","Elbert County",3,68,264,122,142
050,13,105,"Georgia","Elbert County",3,69,250,113,137
050,13,105,"Georgia","Elbert County",3,70,241,114,127
050,13,105,"Georgia","Elbert County",3,71,235,112,123
050,13,105,"Georgia","Elbert County",3,72,225,101,124
050,13,105,"Georgia","Elbert County",3,73,237,113,124
050,13,105,"Georgia","Elbert County",3,74,227,113,114
050,13,105,"Georgia","Elbert County",3,75,176,83,93
050,13,105,"Georgia","Elbert County",3,76,167,82,85
050,13,105,"Georgia","Elbert County",3,77,147,58,89
050,13,105,"Georgia","Elbert County",3,78,154,54,100
050,13,105,"Georgia","Elbert County",3,79,124,50,74
050,13,105,"Georgia","Elbert County",3,80,129,56,73
050,13,105,"Georgia","Elbert County",3,81,120,57,63
050,13,105,"Georgia","Elbert County",3,82,99,43,56
050,13,105,"Georgia","Elbert County",3,83,92,39,53
050,13,105,"Georgia","Elbert County",3,84,86,32,54
050,13,105,"Georgia","Elbert County",3,85,437,141,296
050,13,105,"Georgia","Elbert County",4,0,222,114,108
050,13,105,"Georgia","Elbert County",4,1,187,101,86
050,13,105,"Georgia","Elbert County",4,2,232,120,112
050,13,105,"Georgia","Elbert County",4,3,221,115,106
050,13,105,"Georgia","Elbert County",4,4,230,115,115
050,13,105,"Georgia","Elbert County",4,5,242,121,121
050,13,105,"Georgia","Elbert County",4,6,239,124,115
050,13,105,"Georgia","Elbert County",4,7,252,139,113
050,13,105,"Georgia","Elbert County",4,8,243,137,106
050,13,105,"Georgia","Elbert County",4,9,240,112,128
050,13,105,"Georgia","Elbert County",4,10,250,119,131
050,13,105,"Georgia","Elbert County",4,11,287,136,151
050,13,105,"Georgia","Elbert County",4,12,245,121,124
050,13,105,"Georgia","Elbert County",4,13,275,139,136
050,13,105,"Georgia","Elbert County",4,14,286,145,141
050,13,105,"Georgia","Elbert County",4,15,263,131,132
050,13,105,"Georgia","Elbert County",4,16,268,129,139
050,13,105,"Georgia","Elbert County",4,17,249,127,122
050,13,105,"Georgia","Elbert County",4,18,210,107,103
050,13,105,"Georgia","Elbert County",4,19,164,89,75
050,13,105,"Georgia","Elbert County",4,20,185,92,93
050,13,105,"Georgia","Elbert County",4,21,193,91,102
050,13,105,"Georgia","Elbert County",4,22,228,102,126
050,13,105,"Georgia","Elbert County",4,23,204,89,115
050,13,105,"Georgia","Elbert County",4,24,234,100,134
050,13,105,"Georgia","Elbert County",4,25,225,100,125
050,13,105,"Georgia","Elbert County",4,26,236,121,115
050,13,105,"Georgia","Elbert County",4,27,219,115,104
050,13,105,"Georgia","Elbert County",4,28,229,112,117
050,13,105,"Georgia","Elbert County",4,29,237,116,121
050,13,105,"Georgia","Elbert County",4,30,263,131,132
050,13,105,"Georgia","Elbert County",4,31,283,144,139
050,13,105,"Georgia","Elbert County",4,32,242,119,123
050,13,105,"Georgia","Elbert County",4,33,255,140,115
050,13,105,"Georgia","Elbert County",4,34,236,119,117
050,13,105,"Georgia","Elbert County",4,35,236,117,119
050,13,105,"Georgia","Elbert County",4,36,232,117,115
050,13,105,"Georgia","Elbert County",4,37,226,106,120
050,13,105,"Georgia","Elbert County",4,38,236,112,124
050,13,105,"Georgia","Elbert County",4,39,221,100,121
050,13,105,"Georgia","Elbert County",4,40,213,102,111
050,13,105,"Georgia","Elbert County",4,41,224,112,112
050,13,105,"Georgia","Elbert County",4,42,242,114,128
050,13,105,"Georgia","Elbert County",4,43,237,112,125
050,13,105,"Georgia","Elbert County",4,44,232,108,124
050,13,105,"Georgia","Elbert County",4,45,190,95,95
050,13,105,"Georgia","Elbert County",4,46,185,90,95
050,13,105,"Georgia","Elbert County",4,47,211,106,105
050,13,105,"Georgia","Elbert County",4,48,204,105,99
050,13,105,"Georgia","Elbert County",4,49,231,110,121
050,13,105,"Georgia","Elbert County",4,50,242,112,130
050,13,105,"Georgia","Elbert County",4,51,264,121,143
050,13,105,"Georgia","Elbert County",4,52,258,121,137
050,13,105,"Georgia","Elbert County",4,53,239,120,119
050,13,105,"Georgia","Elbert County",4,54,251,122,129
050,13,105,"Georgia","Elbert County",4,55,244,109,135
050,13,105,"Georgia","Elbert County",4,56,270,111,159
050,13,105,"Georgia","Elbert County",4,57,266,116,150
050,13,105,"Georgia","Elbert County",4,58,296,133,163
050,13,105,"Georgia","Elbert County",4,59,268,126,142
050,13,105,"Georgia","Elbert County",4,60,307,152,155
050,13,105,"Georgia","Elbert County",4,61,310,157,153
050,13,105,"Georgia","Elbert County",4,62,279,129,150
050,13,105,"Georgia","Elbert County",4,63,277,133,144
050,13,105,"Georgia","Elbert County",4,64,263,126,137
050,13,105,"Georgia","Elbert County",4,65,271,126,145
050,13,105,"Georgia","Elbert County",4,66,251,109,142
050,13,105,"Georgia","Elbert County",4,67,242,119,123
050,13,105,"Georgia","Elbert County",4,68,256,127,129
050,13,105,"Georgia","Elbert County",4,69,248,108,140
050,13,105,"Georgia","Elbert County",4,70,245,114,131
050,13,105,"Georgia","Elbert County",4,71,232,106,126
050,13,105,"Georgia","Elbert County",4,72,232,108,124
050,13,105,"Georgia","Elbert County",4,73,230,99,131
050,13,105,"Georgia","Elbert County",4,74,221,108,113
050,13,105,"Georgia","Elbert County",4,75,228,113,115
050,13,105,"Georgia","Elbert County",4,76,169,82,87
050,13,105,"Georgia","Elbert County",4,77,153,78,75
050,13,105,"Georgia","Elbert County",4,78,152,58,94
050,13,105,"Georgia","Elbert County",4,79,133,44,89
050,13,105,"Georgia","Elbert County",4,80,120,46,74
050,13,105,"Georgia","Elbert County",4,81,128,53,75
050,13,105,"Georgia","Elbert County",4,82,107,53,54
050,13,105,"Georgia","Elbert County",4,83,93,41,52
050,13,105,"Georgia","Elbert County",4,84,89,28,61
050,13,105,"Georgia","Elbert County",4,85,445,152,293
050,13,105,"Georgia","Elbert County",5,0,217,108,109
050,13,105,"Georgia","Elbert County",5,1,231,119,112
050,13,105,"Georgia","Elbert County",5,2,188,100,88
050,13,105,"Georgia","Elbert County",5,3,244,125,119
050,13,105,"Georgia","Elbert County",5,4,237,120,117
050,13,105,"Georgia","Elbert County",5,5,243,120,123
050,13,105,"Georgia","Elbert County",5,6,238,114,124
050,13,105,"Georgia","Elbert County",5,7,233,119,114
050,13,105,"Georgia","Elbert County",5,8,267,147,120
050,13,105,"Georgia","Elbert County",5,9,242,136,106
050,13,105,"Georgia","Elbert County",5,10,250,116,134
050,13,105,"Georgia","Elbert County",5,11,253,123,130
050,13,105,"Georgia","Elbert County",5,12,277,129,148
050,13,105,"Georgia","Elbert County",5,13,247,123,124
050,13,105,"Georgia","Elbert County",5,14,276,137,139
050,13,105,"Georgia","Elbert County",5,15,283,143,140
050,13,105,"Georgia","Elbert County",5,16,261,126,135
050,13,105,"Georgia","Elbert County",5,17,262,122,140
050,13,105,"Georgia","Elbert County",5,18,203,107,96
050,13,105,"Georgia","Elbert County",5,19,166,87,79
050,13,105,"Georgia","Elbert County",5,20,182,99,83
050,13,105,"Georgia","Elbert County",5,21,202,96,106
050,13,105,"Georgia","Elbert County",5,22,214,100,114
050,13,105,"Georgia","Elbert County",5,23,235,109,126
050,13,105,"Georgia","Elbert County",5,24,198,89,109
050,13,105,"Georgia","Elbert County",5,25,240,108,132
050,13,105,"Georgia","Elbert County",5,26,248,111,137
050,13,105,"Georgia","Elbert County",5,27,252,133,119
050,13,105,"Georgia","Elbert County",5,28,226,113,113
050,13,105,"Georgia","Elbert County",5,29,231,113,118
050,13,105,"Georgia","Elbert County",5,30,246,119,127
050,13,105,"Georgia","Elbert County",5,31,262,124,138
050,13,105,"Georgia","Elbert County",5,32,286,142,144
050,13,105,"Georgia","Elbert County",5,33,247,122,125
050,13,105,"Georgia","Elbert County",5,34,259,139,120
050,13,105,"Georgia","Elbert County",5,35,244,127,117
050,13,105,"Georgia","Elbert County",5,36,235,118,117
050,13,105,"Georgia","Elbert County",5,37,232,117,115
050,13,105,"Georgia","Elbert County",5,38,235,113,122
050,13,105,"Georgia","Elbert County",5,39,237,109,128
050,13,105,"Georgia","Elbert County",5,40,220,102,118
050,13,105,"Georgia","Elbert County",5,41,216,100,116
050,13,105,"Georgia","Elbert County",5,42,225,110,115
050,13,105,"Georgia","Elbert County",5,43,240,113,127
050,13,105,"Georgia","Elbert County",5,44,227,110,117
050,13,105,"Georgia","Elbert County",5,45,237,114,123
050,13,105,"Georgia","Elbert County",5,46,190,93,97
050,13,105,"Georgia","Elbert County",5,47,180,90,90
050,13,105,"Georgia","Elbert County",5,48,204,108,96
050,13,105,"Georgia","Elbert County",5,49,206,102,104
050,13,105,"Georgia","Elbert County",5,50,243,112,131
050,13,105,"Georgia","Elbert County",5,51,246,116,130
050,13,105,"Georgia","Elbert County",5,52,266,123,143
050,13,105,"Georgia","Elbert County",5,53,258,120,138
050,13,105,"Georgia","Elbert County",5,54,244,124,120
050,13,105,"Georgia","Elbert County",5,55,251,126,125
050,13,105,"Georgia","Elbert County",5,56,249,109,140
050,13,105,"Georgia","Elbert County",5,57,269,109,160
050,13,105,"Georgia","Elbert County",5,58,270,122,148
050,13,105,"Georgia","Elbert County",5,59,305,136,169
050,13,105,"Georgia","Elbert County",5,60,268,127,141
050,13,105,"Georgia","Elbert County",5,61,308,155,153
050,13,105,"Georgia","Elbert County",5,62,315,162,153
050,13,105,"Georgia","Elbert County",5,63,288,137,151
050,13,105,"Georgia","Elbert County",5,64,267,129,138
050,13,105,"Georgia","Elbert County",5,65,258,122,136
050,13,105,"Georgia","Elbert County",5,66,259,121,138
050,13,105,"Georgia","Elbert County",5,67,248,110,138
050,13,105,"Georgia","Elbert County",5,68,250,127,123
050,13,105,"Georgia","Elbert County",5,69,245,116,129
050,13,105,"Georgia","Elbert County",5,70,237,106,131
050,13,105,"Georgia","Elbert County",5,71,241,112,129
050,13,105,"Georgia","Elbert County",5,72,222,101,121
050,13,105,"Georgia","Elbert County",5,73,230,104,126
050,13,105,"Georgia","Elbert County",5,74,222,98,124
050,13,105,"Georgia","Elbert County",5,75,217,106,111
050,13,105,"Georgia","Elbert County",5,76,217,108,109
050,13,105,"Georgia","Elbert County",5,77,155,77,78
050,13,105,"Georgia","Elbert County",5,78,163,79,84
050,13,105,"Georgia","Elbert County",5,79,131,52,79
050,13,105,"Georgia","Elbert County",5,80,123,36,87
050,13,105,"Georgia","Elbert County",5,81,116,42,74
050,13,105,"Georgia","Elbert County",5,82,111,46,65
050,13,105,"Georgia","Elbert County",5,83,101,49,52
050,13,105,"Georgia","Elbert County",5,84,88,30,58
050,13,105,"Georgia","Elbert County",5,85,458,154,304
050,13,107,"Georgia","Emanuel County",1,0,286,148,138
050,13,107,"Georgia","Emanuel County",1,1,303,162,141
050,13,107,"Georgia","Emanuel County",1,2,303,168,135
050,13,107,"Georgia","Emanuel County",1,3,316,162,154
050,13,107,"Georgia","Emanuel County",1,4,323,158,165
050,13,107,"Georgia","Emanuel County",1,5,321,168,153
050,13,107,"Georgia","Emanuel County",1,6,316,165,151
050,13,107,"Georgia","Emanuel County",1,7,310,166,144
050,13,107,"Georgia","Emanuel County",1,8,291,157,134
050,13,107,"Georgia","Emanuel County",1,9,336,162,174
050,13,107,"Georgia","Emanuel County",1,10,337,175,162
050,13,107,"Georgia","Emanuel County",1,11,332,172,160
050,13,107,"Georgia","Emanuel County",1,12,373,183,190
050,13,107,"Georgia","Emanuel County",1,13,360,173,187
050,13,107,"Georgia","Emanuel County",1,14,332,168,164
050,13,107,"Georgia","Emanuel County",1,15,340,162,178
050,13,107,"Georgia","Emanuel County",1,16,313,157,156
050,13,107,"Georgia","Emanuel County",1,17,296,146,150
050,13,107,"Georgia","Emanuel County",1,18,257,130,127
050,13,107,"Georgia","Emanuel County",1,19,232,135,97
050,13,107,"Georgia","Emanuel County",1,20,255,140,115
050,13,107,"Georgia","Emanuel County",1,21,258,141,117
050,13,107,"Georgia","Emanuel County",1,22,272,152,120
050,13,107,"Georgia","Emanuel County",1,23,287,158,129
050,13,107,"Georgia","Emanuel County",1,24,283,154,129
050,13,107,"Georgia","Emanuel County",1,25,259,131,128
050,13,107,"Georgia","Emanuel County",1,26,305,163,142
050,13,107,"Georgia","Emanuel County",1,27,302,151,151
050,13,107,"Georgia","Emanuel County",1,28,298,159,139
050,13,107,"Georgia","Emanuel County",1,29,333,183,150
050,13,107,"Georgia","Emanuel County",1,30,312,160,152
050,13,107,"Georgia","Emanuel County",1,31,296,141,155
050,13,107,"Georgia","Emanuel County",1,32,314,156,158
050,13,107,"Georgia","Emanuel County",1,33,277,137,140
050,13,107,"Georgia","Emanuel County",1,34,305,166,139
050,13,107,"Georgia","Emanuel County",1,35,314,169,145
050,13,107,"Georgia","Emanuel County",1,36,289,146,143
050,13,107,"Georgia","Emanuel County",1,37,300,164,136
050,13,107,"Georgia","Emanuel County",1,38,294,163,131
050,13,107,"Georgia","Emanuel County",1,39,321,174,147
050,13,107,"Georgia","Emanuel County",1,40,302,162,140
050,13,107,"Georgia","Emanuel County",1,41,269,138,131
050,13,107,"Georgia","Emanuel County",1,42,275,145,130
050,13,107,"Georgia","Emanuel County",1,43,286,157,129
050,13,107,"Georgia","Emanuel County",1,44,257,136,121
050,13,107,"Georgia","Emanuel County",1,45,243,117,126
050,13,107,"Georgia","Emanuel County",1,46,256,115,141
050,13,107,"Georgia","Emanuel County",1,47,269,139,130
050,13,107,"Georgia","Emanuel County",1,48,253,134,119
050,13,107,"Georgia","Emanuel County",1,49,248,124,124
050,13,107,"Georgia","Emanuel County",1,50,285,153,132
050,13,107,"Georgia","Emanuel County",1,51,271,134,137
050,13,107,"Georgia","Emanuel County",1,52,245,110,135
050,13,107,"Georgia","Emanuel County",1,53,259,125,134
050,13,107,"Georgia","Emanuel County",1,54,266,129,137
050,13,107,"Georgia","Emanuel County",1,55,306,163,143
050,13,107,"Georgia","Emanuel County",1,56,296,151,145
050,13,107,"Georgia","Emanuel County",1,57,292,145,147
050,13,107,"Georgia","Emanuel County",1,58,313,147,166
050,13,107,"Georgia","Emanuel County",1,59,297,145,152
050,13,107,"Georgia","Emanuel County",1,60,299,147,152
050,13,107,"Georgia","Emanuel County",1,61,279,131,148
050,13,107,"Georgia","Emanuel County",1,62,288,130,158
050,13,107,"Georgia","Emanuel County",1,63,294,130,164
050,13,107,"Georgia","Emanuel County",1,64,276,122,154
050,13,107,"Georgia","Emanuel County",1,65,267,123,144
050,13,107,"Georgia","Emanuel County",1,66,261,122,139
050,13,107,"Georgia","Emanuel County",1,67,245,108,137
050,13,107,"Georgia","Emanuel County",1,68,240,103,137
050,13,107,"Georgia","Emanuel County",1,69,226,108,118
050,13,107,"Georgia","Emanuel County",1,70,232,111,121
050,13,107,"Georgia","Emanuel County",1,71,226,108,118
050,13,107,"Georgia","Emanuel County",1,72,212,102,110
050,13,107,"Georgia","Emanuel County",1,73,203,89,114
050,13,107,"Georgia","Emanuel County",1,74,154,63,91
050,13,107,"Georgia","Emanuel County",1,75,167,66,101
050,13,107,"Georgia","Emanuel County",1,76,146,67,79
050,13,107,"Georgia","Emanuel County",1,77,135,62,73
050,13,107,"Georgia","Emanuel County",1,78,121,51,70
050,13,107,"Georgia","Emanuel County",1,79,108,49,59
050,13,107,"Georgia","Emanuel County",1,80,109,48,61
050,13,107,"Georgia","Emanuel County",1,81,93,41,52
050,13,107,"Georgia","Emanuel County",1,82,93,35,58
050,13,107,"Georgia","Emanuel County",1,83,77,34,43
050,13,107,"Georgia","Emanuel County",1,84,62,25,37
050,13,107,"Georgia","Emanuel County",1,85,318,106,212
050,13,107,"Georgia","Emanuel County",2,0,284,144,140
050,13,107,"Georgia","Emanuel County",2,1,302,160,142
050,13,107,"Georgia","Emanuel County",2,2,304,167,137
050,13,107,"Georgia","Emanuel County",2,3,312,162,150
050,13,107,"Georgia","Emanuel County",2,4,322,158,164
050,13,107,"Georgia","Emanuel County",2,5,323,165,158
050,13,107,"Georgia","Emanuel County",2,6,321,168,153
050,13,107,"Georgia","Emanuel County",2,7,311,166,145
050,13,107,"Georgia","Emanuel County",2,8,293,156,137
050,13,107,"Georgia","Emanuel County",2,9,323,160,163
050,13,107,"Georgia","Emanuel County",2,10,334,171,163
050,13,107,"Georgia","Emanuel County",2,11,335,175,160
050,13,107,"Georgia","Emanuel County",2,12,366,181,185
050,13,107,"Georgia","Emanuel County",2,13,359,173,186
050,13,107,"Georgia","Emanuel County",2,14,336,166,170
050,13,107,"Georgia","Emanuel County",2,15,335,161,174
050,13,107,"Georgia","Emanuel County",2,16,318,157,161
050,13,107,"Georgia","Emanuel County",2,17,298,146,152
050,13,107,"Georgia","Emanuel County",2,18,258,130,128
050,13,107,"Georgia","Emanuel County",2,19,238,138,100
050,13,107,"Georgia","Emanuel County",2,20,259,144,115
050,13,107,"Georgia","Emanuel County",2,21,264,147,117
050,13,107,"Georgia","Emanuel County",2,22,285,161,124
050,13,107,"Georgia","Emanuel County",2,23,290,160,130
050,13,107,"Georgia","Emanuel County",2,24,286,157,129
050,13,107,"Georgia","Emanuel County",2,25,269,141,128
050,13,107,"Georgia","Emanuel County",2,26,301,162,139
050,13,107,"Georgia","Emanuel County",2,27,306,159,147
050,13,107,"Georgia","Emanuel County",2,28,306,164,142
050,13,107,"Georgia","Emanuel County",2,29,337,189,148
050,13,107,"Georgia","Emanuel County",2,30,323,169,154
050,13,107,"Georgia","Emanuel County",2,31,301,149,152
050,13,107,"Georgia","Emanuel County",2,32,312,157,155
050,13,107,"Georgia","Emanuel County",2,33,283,140,143
050,13,107,"Georgia","Emanuel County",2,34,307,167,140
050,13,107,"Georgia","Emanuel County",2,35,318,174,144
050,13,107,"Georgia","Emanuel County",2,36,287,148,139
050,13,107,"Georgia","Emanuel County",2,37,300,165,135
050,13,107,"Georgia","Emanuel County",2,38,303,171,132
050,13,107,"Georgia","Emanuel County",2,39,314,173,141
050,13,107,"Georgia","Emanuel County",2,40,309,165,144
050,13,107,"Georgia","Emanuel County",2,41,273,141,132
050,13,107,"Georgia","Emanuel County",2,42,278,148,130
050,13,107,"Georgia","Emanuel County",2,43,290,160,130
050,13,107,"Georgia","Emanuel County",2,44,263,141,122
050,13,107,"Georgia","Emanuel County",2,45,248,122,126
050,13,107,"Georgia","Emanuel County",2,46,254,118,136
050,13,107,"Georgia","Emanuel County",2,47,266,136,130
050,13,107,"Georgia","Emanuel County",2,48,259,136,123
050,13,107,"Georgia","Emanuel County",2,49,255,130,125
050,13,107,"Georgia","Emanuel County",2,50,282,150,132
050,13,107,"Georgia","Emanuel County",2,51,270,136,134
050,13,107,"Georgia","Emanuel County",2,52,251,115,136
050,13,107,"Georgia","Emanuel County",2,53,256,123,133
050,13,107,"Georgia","Emanuel County",2,54,265,129,136
050,13,107,"Georgia","Emanuel County",2,55,299,156,143
050,13,107,"Georgia","Emanuel County",2,56,299,152,147
050,13,107,"Georgia","Emanuel County",2,57,290,144,146
050,13,107,"Georgia","Emanuel County",2,58,309,148,161
050,13,107,"Georgia","Emanuel County",2,59,297,143,154
050,13,107,"Georgia","Emanuel County",2,60,301,150,151
050,13,107,"Georgia","Emanuel County",2,61,283,133,150
050,13,107,"Georgia","Emanuel County",2,62,280,126,154
050,13,107,"Georgia","Emanuel County",2,63,296,133,163
050,13,107,"Georgia","Emanuel County",2,64,280,125,155
050,13,107,"Georgia","Emanuel County",2,65,267,122,145
050,13,107,"Georgia","Emanuel County",2,66,263,123,140
050,13,107,"Georgia","Emanuel County",2,67,246,110,136
050,13,107,"Georgia","Emanuel County",2,68,243,107,136
050,13,107,"Georgia","Emanuel County",2,69,232,108,124
050,13,107,"Georgia","Emanuel County",2,70,230,110,120
050,13,107,"Georgia","Emanuel County",2,71,226,109,117
050,13,107,"Georgia","Emanuel County",2,72,210,100,110
050,13,107,"Georgia","Emanuel County",2,73,212,96,116
050,13,107,"Georgia","Emanuel County",2,74,152,63,89
050,13,107,"Georgia","Emanuel County",2,75,165,65,100
050,13,107,"Georgia","Emanuel County",2,76,145,65,80
050,13,107,"Georgia","Emanuel County",2,77,139,64,75
050,13,107,"Georgia","Emanuel County",2,78,122,54,68
050,13,107,"Georgia","Emanuel County",2,79,113,51,62
050,13,107,"Georgia","Emanuel County",2,80,109,49,60
050,13,107,"Georgia","Emanuel County",2,81,93,39,54
050,13,107,"Georgia","Emanuel County",2,82,91,35,56
050,13,107,"Georgia","Emanuel County",2,83,80,33,47
050,13,107,"Georgia","Emanuel County",2,84,60,25,35
050,13,107,"Georgia","Emanuel County",2,85,319,108,211
050,13,107,"Georgia","Emanuel County",3,0,293,150,143
050,13,107,"Georgia","Emanuel County",3,1,294,137,157
050,13,107,"Georgia","Emanuel County",3,2,301,166,135
050,13,107,"Georgia","Emanuel County",3,3,303,163,140
050,13,107,"Georgia","Emanuel County",3,4,320,162,158
050,13,107,"Georgia","Emanuel County",3,5,320,161,159
050,13,107,"Georgia","Emanuel County",3,6,329,166,163
050,13,107,"Georgia","Emanuel County",3,7,314,165,149
050,13,107,"Georgia","Emanuel County",3,8,313,166,147
050,13,107,"Georgia","Emanuel County",3,9,306,160,146
050,13,107,"Georgia","Emanuel County",3,10,330,163,167
050,13,107,"Georgia","Emanuel County",3,11,341,177,164
050,13,107,"Georgia","Emanuel County",3,12,334,168,166
050,13,107,"Georgia","Emanuel County",3,13,361,181,180
050,13,107,"Georgia","Emanuel County",3,14,366,174,192
050,13,107,"Georgia","Emanuel County",3,15,335,174,161
050,13,107,"Georgia","Emanuel County",3,16,331,160,171
050,13,107,"Georgia","Emanuel County",3,17,318,155,163
050,13,107,"Georgia","Emanuel County",3,18,270,137,133
050,13,107,"Georgia","Emanuel County",3,19,242,140,102
050,13,107,"Georgia","Emanuel County",3,20,239,137,102
050,13,107,"Georgia","Emanuel County",3,21,278,157,121
050,13,107,"Georgia","Emanuel County",3,22,311,187,124
050,13,107,"Georgia","Emanuel County",3,23,288,156,132
050,13,107,"Georgia","Emanuel County",3,24,270,152,118
050,13,107,"Georgia","Emanuel County",3,25,281,153,128
050,13,107,"Georgia","Emanuel County",3,26,280,152,128
050,13,107,"Georgia","Emanuel County",3,27,297,161,136
050,13,107,"Georgia","Emanuel County",3,28,292,149,143
050,13,107,"Georgia","Emanuel County",3,29,324,182,142
050,13,107,"Georgia","Emanuel County",3,30,318,178,140
050,13,107,"Georgia","Emanuel County",3,31,318,155,163
050,13,107,"Georgia","Emanuel County",3,32,304,144,160
050,13,107,"Georgia","Emanuel County",3,33,295,137,158
050,13,107,"Georgia","Emanuel County",3,34,291,158,133
050,13,107,"Georgia","Emanuel County",3,35,319,173,146
050,13,107,"Georgia","Emanuel County",3,36,296,150,146
050,13,107,"Georgia","Emanuel County",3,37,305,162,143
050,13,107,"Georgia","Emanuel County",3,38,303,170,133
050,13,107,"Georgia","Emanuel County",3,39,299,167,132
050,13,107,"Georgia","Emanuel County",3,40,297,163,134
050,13,107,"Georgia","Emanuel County",3,41,302,157,145
050,13,107,"Georgia","Emanuel County",3,42,289,163,126
050,13,107,"Georgia","Emanuel County",3,43,291,159,132
050,13,107,"Georgia","Emanuel County",3,44,278,148,130
050,13,107,"Georgia","Emanuel County",3,45,266,137,129
050,13,107,"Georgia","Emanuel County",3,46,258,129,129
050,13,107,"Georgia","Emanuel County",3,47,260,124,136
050,13,107,"Georgia","Emanuel County",3,48,265,125,140
050,13,107,"Georgia","Emanuel County",3,49,251,129,122
050,13,107,"Georgia","Emanuel County",3,50,255,136,119
050,13,107,"Georgia","Emanuel County",3,51,276,144,132
050,13,107,"Georgia","Emanuel County",3,52,257,125,132
050,13,107,"Georgia","Emanuel County",3,53,250,111,139
050,13,107,"Georgia","Emanuel County",3,54,253,122,131
050,13,107,"Georgia","Emanuel County",3,55,267,134,133
050,13,107,"Georgia","Emanuel County",3,56,297,153,144
050,13,107,"Georgia","Emanuel County",3,57,291,142,149
050,13,107,"Georgia","Emanuel County",3,58,293,143,150
050,13,107,"Georgia","Emanuel County",3,59,310,144,166
050,13,107,"Georgia","Emanuel County",3,60,302,152,150
050,13,107,"Georgia","Emanuel County",3,61,291,140,151
050,13,107,"Georgia","Emanuel County",3,62,280,125,155
050,13,107,"Georgia","Emanuel County",3,63,276,120,156
050,13,107,"Georgia","Emanuel County",3,64,291,135,156
050,13,107,"Georgia","Emanuel County",3,65,272,120,152
050,13,107,"Georgia","Emanuel County",3,66,252,114,138
050,13,107,"Georgia","Emanuel County",3,67,256,124,132
050,13,107,"Georgia","Emanuel County",3,68,235,106,129
050,13,107,"Georgia","Emanuel County",3,69,234,101,133
050,13,107,"Georgia","Emanuel County",3,70,212,92,120
050,13,107,"Georgia","Emanuel County",3,71,224,106,118
050,13,107,"Georgia","Emanuel County",3,72,228,109,119
050,13,107,"Georgia","Emanuel County",3,73,191,91,100
050,13,107,"Georgia","Emanuel County",3,74,199,89,110
050,13,107,"Georgia","Emanuel County",3,75,150,61,89
050,13,107,"Georgia","Emanuel County",3,76,146,61,85
050,13,107,"Georgia","Emanuel County",3,77,133,58,75
050,13,107,"Georgia","Emanuel County",3,78,133,60,73
050,13,107,"Georgia","Emanuel County",3,79,116,49,67
050,13,107,"Georgia","Emanuel County",3,80,107,51,56
050,13,107,"Georgia","Emanuel County",3,81,96,40,56
050,13,107,"Georgia","Emanuel County",3,82,86,35,51
050,13,107,"Georgia","Emanuel County",3,83,85,29,56
050,13,107,"Georgia","Emanuel County",3,84,68,30,38
050,13,107,"Georgia","Emanuel County",3,85,301,103,198
050,13,107,"Georgia","Emanuel County",4,0,281,138,143
050,13,107,"Georgia","Emanuel County",4,1,287,154,133
050,13,107,"Georgia","Emanuel County",4,2,297,140,157
050,13,107,"Georgia","Emanuel County",4,3,307,168,139
050,13,107,"Georgia","Emanuel County",4,4,312,173,139
050,13,107,"Georgia","Emanuel County",4,5,317,163,154
050,13,107,"Georgia","Emanuel County",4,6,309,151,158
050,13,107,"Georgia","Emanuel County",4,7,325,164,161
050,13,107,"Georgia","Emanuel County",4,8,317,170,147
050,13,107,"Georgia","Emanuel County",4,9,314,167,147
050,13,107,"Georgia","Emanuel County",4,10,290,151,139
050,13,107,"Georgia","Emanuel County",4,11,317,161,156
050,13,107,"Georgia","Emanuel County",4,12,325,164,161
050,13,107,"Georgia","Emanuel County",4,13,325,164,161
050,13,107,"Georgia","Emanuel County",4,14,365,185,180
050,13,107,"Georgia","Emanuel County",4,15,372,173,199
050,13,107,"Georgia","Emanuel County",4,16,331,169,162
050,13,107,"Georgia","Emanuel County",4,17,331,153,178
050,13,107,"Georgia","Emanuel County",4,18,275,140,135
050,13,107,"Georgia","Emanuel County",4,19,248,141,107
050,13,107,"Georgia","Emanuel County",4,20,261,145,116
050,13,107,"Georgia","Emanuel County",4,21,273,157,116
050,13,107,"Georgia","Emanuel County",4,22,323,180,143
050,13,107,"Georgia","Emanuel County",4,23,303,180,123
050,13,107,"Georgia","Emanuel County",4,24,303,167,136
050,13,107,"Georgia","Emanuel County",4,25,269,154,115
050,13,107,"Georgia","Emanuel County",4,26,292,164,128
050,13,107,"Georgia","Emanuel County",4,27,293,152,141
050,13,107,"Georgia","Emanuel County",4,28,315,168,147
050,13,107,"Georgia","Emanuel County",4,29,334,191,143
050,13,107,"Georgia","Emanuel County",4,30,313,170,143
050,13,107,"Georgia","Emanuel County",4,31,311,164,147
050,13,107,"Georgia","Emanuel County",4,32,318,162,156
050,13,107,"Georgia","Emanuel County",4,33,285,139,146
050,13,107,"Georgia","Emanuel County",4,34,326,167,159
050,13,107,"Georgia","Emanuel County",4,35,305,164,141
050,13,107,"Georgia","Emanuel County",4,36,296,157,139
050,13,107,"Georgia","Emanuel County",4,37,309,164,145
050,13,107,"Georgia","Emanuel County",4,38,311,166,145
050,13,107,"Georgia","Emanuel County",4,39,293,161,132
050,13,107,"Georgia","Emanuel County",4,40,294,158,136
050,13,107,"Georgia","Emanuel County",4,41,295,155,140
050,13,107,"Georgia","Emanuel County",4,42,321,166,155
050,13,107,"Georgia","Emanuel County",4,43,291,168,123
050,13,107,"Georgia","Emanuel County",4,44,281,147,134
050,13,107,"Georgia","Emanuel County",4,45,273,147,126
050,13,107,"Georgia","Emanuel County",4,46,279,151,128
050,13,107,"Georgia","Emanuel County",4,47,263,143,120
050,13,107,"Georgia","Emanuel County",4,48,252,118,134
050,13,107,"Georgia","Emanuel County",4,49,260,123,137
050,13,107,"Georgia","Emanuel County",4,50,243,129,114
050,13,107,"Georgia","Emanuel County",4,51,241,122,119
050,13,107,"Georgia","Emanuel County",4,52,266,132,134
050,13,107,"Georgia","Emanuel County",4,53,250,120,130
050,13,107,"Georgia","Emanuel County",4,54,256,114,142
050,13,107,"Georgia","Emanuel County",4,55,255,125,130
050,13,107,"Georgia","Emanuel County",4,56,266,130,136
050,13,107,"Georgia","Emanuel County",4,57,296,152,144
050,13,107,"Georgia","Emanuel County",4,58,296,145,151
050,13,107,"Georgia","Emanuel County",4,59,305,147,158
050,13,107,"Georgia","Emanuel County",4,60,310,151,159
050,13,107,"Georgia","Emanuel County",4,61,288,135,153
050,13,107,"Georgia","Emanuel County",4,62,283,132,151
050,13,107,"Georgia","Emanuel County",4,63,277,122,155
050,13,107,"Georgia","Emanuel County",4,64,272,122,150
050,13,107,"Georgia","Emanuel County",4,65,289,133,156
050,13,107,"Georgia","Emanuel County",4,66,265,114,151
050,13,107,"Georgia","Emanuel County",4,67,245,114,131
050,13,107,"Georgia","Emanuel County",4,68,244,116,128
050,13,107,"Georgia","Emanuel County",4,69,230,104,126
050,13,107,"Georgia","Emanuel County",4,70,220,94,126
050,13,107,"Georgia","Emanuel County",4,71,205,90,115
050,13,107,"Georgia","Emanuel County",4,72,222,101,121
050,13,107,"Georgia","Emanuel County",4,73,213,106,107
050,13,107,"Georgia","Emanuel County",4,74,178,81,97
050,13,107,"Georgia","Emanuel County",4,75,194,81,113
050,13,107,"Georgia","Emanuel County",4,76,135,57,78
050,13,107,"Georgia","Emanuel County",4,77,134,54,80
050,13,107,"Georgia","Emanuel County",4,78,126,55,71
050,13,107,"Georgia","Emanuel County",4,79,120,50,70
050,13,107,"Georgia","Emanuel County",4,80,107,44,63
050,13,107,"Georgia","Emanuel County",4,81,86,39,47
050,13,107,"Georgia","Emanuel County",4,82,92,39,53
050,13,107,"Georgia","Emanuel County",4,83,79,30,49
050,13,107,"Georgia","Emanuel County",4,84,74,26,48
050,13,107,"Georgia","Emanuel County",4,85,297,102,195
050,13,107,"Georgia","Emanuel County",5,0,283,140,143
050,13,107,"Georgia","Emanuel County",5,1,285,146,139
050,13,107,"Georgia","Emanuel County",5,2,289,154,135
050,13,107,"Georgia","Emanuel County",5,3,305,144,161
050,13,107,"Georgia","Emanuel County",5,4,311,171,140
050,13,107,"Georgia","Emanuel County",5,5,304,160,144
050,13,107,"Georgia","Emanuel County",5,6,315,165,150
050,13,107,"Georgia","Emanuel County",5,7,311,154,157
050,13,107,"Georgia","Emanuel County",5,8,325,160,165
050,13,107,"Georgia","Emanuel County",5,9,326,179,147
050,13,107,"Georgia","Emanuel County",5,10,310,159,151
050,13,107,"Georgia","Emanuel County",5,11,285,152,133
050,13,107,"Georgia","Emanuel County",5,12,304,154,150
050,13,107,"Georgia","Emanuel County",5,13,326,167,159
050,13,107,"Georgia","Emanuel County",5,14,327,163,164
050,13,107,"Georgia","Emanuel County",5,15,351,176,175
050,13,107,"Georgia","Emanuel County",5,16,377,177,200
050,13,107,"Georgia","Emanuel County",5,17,333,166,167
050,13,107,"Georgia","Emanuel County",5,18,285,141,144
050,13,107,"Georgia","Emanuel County",5,19,257,146,111
050,13,107,"Georgia","Emanuel County",5,20,276,154,122
050,13,107,"Georgia","Emanuel County",5,21,297,162,135
050,13,107,"Georgia","Emanuel County",5,22,313,184,129
050,13,107,"Georgia","Emanuel County",5,23,313,177,136
050,13,107,"Georgia","Emanuel County",5,24,312,184,128
050,13,107,"Georgia","Emanuel County",5,25,299,170,129
050,13,107,"Georgia","Emanuel County",5,26,279,166,113
050,13,107,"Georgia","Emanuel County",5,27,285,155,130
050,13,107,"Georgia","Emanuel County",5,28,297,149,148
050,13,107,"Georgia","Emanuel County",5,29,351,202,149
050,13,107,"Georgia","Emanuel County",5,30,323,172,151
050,13,107,"Georgia","Emanuel County",5,31,306,164,142
050,13,107,"Georgia","Emanuel County",5,32,316,171,145
050,13,107,"Georgia","Emanuel County",5,33,301,146,155
050,13,107,"Georgia","Emanuel County",5,34,324,173,151
050,13,107,"Georgia","Emanuel County",5,35,335,171,164
050,13,107,"Georgia","Emanuel County",5,36,290,145,145
050,13,107,"Georgia","Emanuel County",5,37,312,172,140
050,13,107,"Georgia","Emanuel County",5,38,317,170,147
050,13,107,"Georgia","Emanuel County",5,39,313,168,145
050,13,107,"Georgia","Emanuel County",5,40,288,157,131
050,13,107,"Georgia","Emanuel County",5,41,290,143,147
050,13,107,"Georgia","Emanuel County",5,42,312,174,138
050,13,107,"Georgia","Emanuel County",5,43,324,174,150
050,13,107,"Georgia","Emanuel County",5,44,289,160,129
050,13,107,"Georgia","Emanuel County",5,45,276,142,134
050,13,107,"Georgia","Emanuel County",5,46,298,165,133
050,13,107,"Georgia","Emanuel County",5,47,283,161,122
050,13,107,"Georgia","Emanuel County",5,48,260,136,124
050,13,107,"Georgia","Emanuel County",5,49,255,119,136
050,13,107,"Georgia","Emanuel County",5,50,260,127,133
050,13,107,"Georgia","Emanuel County",5,51,227,115,112
050,13,107,"Georgia","Emanuel County",5,52,241,120,121
050,13,107,"Georgia","Emanuel County",5,53,266,134,132
050,13,107,"Georgia","Emanuel County",5,54,262,135,127
050,13,107,"Georgia","Emanuel County",5,55,261,126,135
050,13,107,"Georgia","Emanuel County",5,56,245,114,131
050,13,107,"Georgia","Emanuel County",5,57,262,126,136
050,13,107,"Georgia","Emanuel County",5,58,302,151,151
050,13,107,"Georgia","Emanuel County",5,59,288,136,152
050,13,107,"Georgia","Emanuel County",5,60,310,154,156
050,13,107,"Georgia","Emanuel County",5,61,293,135,158
050,13,107,"Georgia","Emanuel County",5,62,283,131,152
050,13,107,"Georgia","Emanuel County",5,63,275,128,147
050,13,107,"Georgia","Emanuel County",5,64,272,121,151
050,13,107,"Georgia","Emanuel County",5,65,264,121,143
050,13,107,"Georgia","Emanuel County",5,66,283,129,154
050,13,107,"Georgia","Emanuel County",5,67,259,113,146
050,13,107,"Georgia","Emanuel County",5,68,237,110,127
050,13,107,"Georgia","Emanuel County",5,69,238,116,122
050,13,107,"Georgia","Emanuel County",5,70,224,99,125
050,13,107,"Georgia","Emanuel County",5,71,212,92,120
050,13,107,"Georgia","Emanuel County",5,72,206,87,119
050,13,107,"Georgia","Emanuel County",5,73,215,97,118
050,13,107,"Georgia","Emanuel County",5,74,205,103,102
050,13,107,"Georgia","Emanuel County",5,75,173,75,98
050,13,107,"Georgia","Emanuel County",5,76,178,73,105
050,13,107,"Georgia","Emanuel County",5,77,127,49,78
050,13,107,"Georgia","Emanuel County",5,78,131,51,80
050,13,107,"Georgia","Emanuel County",5,79,122,50,72
050,13,107,"Georgia","Emanuel County",5,80,110,45,65
050,13,107,"Georgia","Emanuel County",5,81,90,35,55
050,13,107,"Georgia","Emanuel County",5,82,83,37,46
050,13,107,"Georgia","Emanuel County",5,83,87,34,53
050,13,107,"Georgia","Emanuel County",5,84,69,26,43
050,13,107,"Georgia","Emanuel County",5,85,316,107,209
050,13,109,"Georgia","Evans County",1,0,129,64,65
050,13,109,"Georgia","Evans County",1,1,118,55,63
050,13,109,"Georgia","Evans County",1,2,138,74,64
050,13,109,"Georgia","Evans County",1,3,146,81,65
050,13,109,"Georgia","Evans County",1,4,140,74,66
050,13,109,"Georgia","Evans County",1,5,153,80,73
050,13,109,"Georgia","Evans County",1,6,150,82,68
050,13,109,"Georgia","Evans County",1,7,160,83,77
050,13,109,"Georgia","Evans County",1,8,177,100,77
050,13,109,"Georgia","Evans County",1,9,152,79,73
050,13,109,"Georgia","Evans County",1,10,158,78,80
050,13,109,"Georgia","Evans County",1,11,157,78,79
050,13,109,"Georgia","Evans County",1,12,179,92,87
050,13,109,"Georgia","Evans County",1,13,179,96,83
050,13,109,"Georgia","Evans County",1,14,190,101,89
050,13,109,"Georgia","Evans County",1,15,191,105,86
050,13,109,"Georgia","Evans County",1,16,171,91,80
050,13,109,"Georgia","Evans County",1,17,168,81,87
050,13,109,"Georgia","Evans County",1,18,143,72,71
050,13,109,"Georgia","Evans County",1,19,116,58,58
050,13,109,"Georgia","Evans County",1,20,130,70,60
050,13,109,"Georgia","Evans County",1,21,119,60,59
050,13,109,"Georgia","Evans County",1,22,125,57,68
050,13,109,"Georgia","Evans County",1,23,133,63,70
050,13,109,"Georgia","Evans County",1,24,116,55,61
050,13,109,"Georgia","Evans County",1,25,117,62,55
050,13,109,"Georgia","Evans County",1,26,124,67,57
050,13,109,"Georgia","Evans County",1,27,126,53,73
050,13,109,"Georgia","Evans County",1,28,155,79,76
050,13,109,"Georgia","Evans County",1,29,141,76,65
050,13,109,"Georgia","Evans County",1,30,133,66,67
050,13,109,"Georgia","Evans County",1,31,130,62,68
050,13,109,"Georgia","Evans County",1,32,139,66,73
050,13,109,"Georgia","Evans County",1,33,142,78,64
050,13,109,"Georgia","Evans County",1,34,119,59,60
050,13,109,"Georgia","Evans County",1,35,127,68,59
050,13,109,"Georgia","Evans County",1,36,128,60,68
050,13,109,"Georgia","Evans County",1,37,122,63,59
050,13,109,"Georgia","Evans County",1,38,137,57,80
050,13,109,"Georgia","Evans County",1,39,148,58,90
050,13,109,"Georgia","Evans County",1,40,131,56,75
050,13,109,"Georgia","Evans County",1,41,121,54,67
050,13,109,"Georgia","Evans County",1,42,130,61,69
050,13,109,"Georgia","Evans County",1,43,118,50,68
050,13,109,"Georgia","Evans County",1,44,126,61,65
050,13,109,"Georgia","Evans County",1,45,114,54,60
050,13,109,"Georgia","Evans County",1,46,138,67,71
050,13,109,"Georgia","Evans County",1,47,119,56,63
050,13,109,"Georgia","Evans County",1,48,131,62,69
050,13,109,"Georgia","Evans County",1,49,130,69,61
050,13,109,"Georgia","Evans County",1,50,138,74,64
050,13,109,"Georgia","Evans County",1,51,145,76,69
050,13,109,"Georgia","Evans County",1,52,130,68,62
050,13,109,"Georgia","Evans County",1,53,120,61,59
050,13,109,"Georgia","Evans County",1,54,126,54,72
050,13,109,"Georgia","Evans County",1,55,126,57,69
050,13,109,"Georgia","Evans County",1,56,138,69,69
050,13,109,"Georgia","Evans County",1,57,123,61,62
050,13,109,"Georgia","Evans County",1,58,143,63,80
050,13,109,"Georgia","Evans County",1,59,158,76,82
050,13,109,"Georgia","Evans County",1,60,144,73,71
050,13,109,"Georgia","Evans County",1,61,136,77,59
050,13,109,"Georgia","Evans County",1,62,147,75,72
050,13,109,"Georgia","Evans County",1,63,129,55,74
050,13,109,"Georgia","Evans County",1,64,116,51,65
050,13,109,"Georgia","Evans County",1,65,127,56,71
050,13,109,"Georgia","Evans County",1,66,124,60,64
050,13,109,"Georgia","Evans County",1,67,107,51,56
050,13,109,"Georgia","Evans County",1,68,108,45,63
050,13,109,"Georgia","Evans County",1,69,96,33,63
050,13,109,"Georgia","Evans County",1,70,81,37,44
050,13,109,"Georgia","Evans County",1,71,97,56,41
050,13,109,"Georgia","Evans County",1,72,103,53,50
050,13,109,"Georgia","Evans County",1,73,91,44,47
050,13,109,"Georgia","Evans County",1,74,80,33,47
050,13,109,"Georgia","Evans County",1,75,78,35,43
050,13,109,"Georgia","Evans County",1,76,76,35,41
050,13,109,"Georgia","Evans County",1,77,74,33,41
050,13,109,"Georgia","Evans County",1,78,65,26,39
050,13,109,"Georgia","Evans County",1,79,54,22,32
050,13,109,"Georgia","Evans County",1,80,55,22,33
050,13,109,"Georgia","Evans County",1,81,49,17,32
050,13,109,"Georgia","Evans County",1,82,50,24,26
050,13,109,"Georgia","Evans County",1,83,37,19,18
050,13,109,"Georgia","Evans County",1,84,27,8,19
050,13,109,"Georgia","Evans County",1,85,191,76,115
050,13,109,"Georgia","Evans County",2,0,144,70,74
050,13,109,"Georgia","Evans County",2,1,119,56,63
050,13,109,"Georgia","Evans County",2,2,131,69,62
050,13,109,"Georgia","Evans County",2,3,144,80,64
050,13,109,"Georgia","Evans County",2,4,139,75,64
050,13,109,"Georgia","Evans County",2,5,148,78,70
050,13,109,"Georgia","Evans County",2,6,151,82,69
050,13,109,"Georgia","Evans County",2,7,158,83,75
050,13,109,"Georgia","Evans County",2,8,172,96,76
050,13,109,"Georgia","Evans County",2,9,158,83,75
050,13,109,"Georgia","Evans County",2,10,155,78,77
050,13,109,"Georgia","Evans County",2,11,155,76,79
050,13,109,"Georgia","Evans County",2,12,176,90,86
050,13,109,"Georgia","Evans County",2,13,180,95,85
050,13,109,"Georgia","Evans County",2,14,191,101,90
050,13,109,"Georgia","Evans County",2,15,189,104,85
050,13,109,"Georgia","Evans County",2,16,177,95,82
050,13,109,"Georgia","Evans County",2,17,169,82,87
050,13,109,"Georgia","Evans County",2,18,144,72,72
050,13,109,"Georgia","Evans County",2,19,119,60,59
050,13,109,"Georgia","Evans County",2,20,133,70,63
050,13,109,"Georgia","Evans County",2,21,122,62,60
050,13,109,"Georgia","Evans County",2,22,127,59,68
050,13,109,"Georgia","Evans County",2,23,133,63,70
050,13,109,"Georgia","Evans County",2,24,115,54,61
050,13,109,"Georgia","Evans County",2,25,116,61,55
050,13,109,"Georgia","Evans County",2,26,123,66,57
050,13,109,"Georgia","Evans County",2,27,125,57,68
050,13,109,"Georgia","Evans County",2,28,150,75,75
050,13,109,"Georgia","Evans County",2,29,140,75,65
050,13,109,"Georgia","Evans County",2,30,137,68,69
050,13,109,"Georgia","Evans County",2,31,132,63,69
050,13,109,"Georgia","Evans County",2,32,136,66,70
050,13,109,"Georgia","Evans County",2,33,142,74,68
050,13,109,"Georgia","Evans County",2,34,123,62,61
050,13,109,"Georgia","Evans County",2,35,128,68,60
050,13,109,"Georgia","Evans County",2,36,125,59,66
050,13,109,"Georgia","Evans County",2,37,126,64,62
050,13,109,"Georgia","Evans County",2,38,135,58,77
050,13,109,"Georgia","Evans County",2,39,141,55,86
050,13,109,"Georgia","Evans County",2,40,138,59,79
050,13,109,"Georgia","Evans County",2,41,123,55,68
050,13,109,"Georgia","Evans County",2,42,127,58,69
050,13,109,"Georgia","Evans County",2,43,122,54,68
050,13,109,"Georgia","Evans County",2,44,122,59,63
050,13,109,"Georgia","Evans County",2,45,118,57,61
050,13,109,"Georgia","Evans County",2,46,130,63,67
050,13,109,"Georgia","Evans County",2,47,122,57,65
050,13,109,"Georgia","Evans County",2,48,127,59,68
050,13,109,"Georgia","Evans County",2,49,135,71,64
050,13,109,"Georgia","Evans County",2,50,138,74,64
050,13,109,"Georgia","Evans County",2,51,138,73,65
050,13,109,"Georgia","Evans County",2,52,134,69,65
050,13,109,"Georgia","Evans County",2,53,119,62,57
050,13,109,"Georgia","Evans County",2,54,123,54,69
050,13,109,"Georgia","Evans County",2,55,126,57,69
050,13,109,"Georgia","Evans County",2,56,134,65,69
050,13,109,"Georgia","Evans County",2,57,126,62,64
050,13,109,"Georgia","Evans County",2,58,139,63,76
050,13,109,"Georgia","Evans County",2,59,155,74,81
050,13,109,"Georgia","Evans County",2,60,149,75,74
050,13,109,"Georgia","Evans County",2,61,137,76,61
050,13,109,"Georgia","Evans County",2,62,144,74,70
050,13,109,"Georgia","Evans County",2,63,134,61,73
050,13,109,"Georgia","Evans County",2,64,119,53,66
050,13,109,"Georgia","Evans County",2,65,127,57,70
050,13,109,"Georgia","Evans County",2,66,125,58,67
050,13,109,"Georgia","Evans County",2,67,111,53,58
050,13,109,"Georgia","Evans County",2,68,105,46,59
050,13,109,"Georgia","Evans County",2,69,101,37,64
050,13,109,"Georgia","Evans County",2,70,84,35,49
050,13,109,"Georgia","Evans County",2,71,92,52,40
050,13,109,"Georgia","Evans County",2,72,100,52,48
050,13,109,"Georgia","Evans County",2,73,98,48,50
050,13,109,"Georgia","Evans County",2,74,78,34,44
050,13,109,"Georgia","Evans County",2,75,78,34,44
050,13,109,"Georgia","Evans County",2,76,74,33,41
050,13,109,"Georgia","Evans County",2,77,75,34,41
050,13,109,"Georgia","Evans County",2,78,67,27,40
050,13,109,"Georgia","Evans County",2,79,55,22,33
050,13,109,"Georgia","Evans County",2,80,55,21,34
050,13,109,"Georgia","Evans County",2,81,51,19,32
050,13,109,"Georgia","Evans County",2,82,49,22,27
050,13,109,"Georgia","Evans County",2,83,39,20,19
050,13,109,"Georgia","Evans County",2,84,29,11,18
050,13,109,"Georgia","Evans County",2,85,192,75,117
050,13,109,"Georgia","Evans County",3,0,117,57,60
050,13,109,"Georgia","Evans County",3,1,138,65,73
050,13,109,"Georgia","Evans County",3,2,102,47,55
050,13,109,"Georgia","Evans County",3,3,133,70,63
050,13,109,"Georgia","Evans County",3,4,143,74,69
050,13,109,"Georgia","Evans County",3,5,136,75,61
050,13,109,"Georgia","Evans County",3,6,146,78,68
050,13,109,"Georgia","Evans County",3,7,143,75,68
050,13,109,"Georgia","Evans County",3,8,145,75,70
050,13,109,"Georgia","Evans County",3,9,158,85,73
050,13,109,"Georgia","Evans County",3,10,154,81,73
050,13,109,"Georgia","Evans County",3,11,161,80,81
050,13,109,"Georgia","Evans County",3,12,154,79,75
050,13,109,"Georgia","Evans County",3,13,170,94,76
050,13,109,"Georgia","Evans County",3,14,173,95,78
050,13,109,"Georgia","Evans County",3,15,194,99,95
050,13,109,"Georgia","Evans County",3,16,186,102,84
050,13,109,"Georgia","Evans County",3,17,170,88,82
050,13,109,"Georgia","Evans County",3,18,139,66,73
050,13,109,"Georgia","Evans County",3,19,112,53,59
050,13,109,"Georgia","Evans County",3,20,136,72,64
050,13,109,"Georgia","Evans County",3,21,130,67,63
050,13,109,"Georgia","Evans County",3,22,131,66,65
050,13,109,"Georgia","Evans County",3,23,153,81,72
050,13,109,"Georgia","Evans County",3,24,106,49,57
050,13,109,"Georgia","Evans County",3,25,127,65,62
050,13,109,"Georgia","Evans County",3,26,129,67,62
050,13,109,"Georgia","Evans County",3,27,119,67,52
050,13,109,"Georgia","Evans County",3,28,145,69,76
050,13,109,"Georgia","Evans County",3,29,127,66,61
050,13,109,"Georgia","Evans County",3,30,140,72,68
050,13,109,"Georgia","Evans County",3,31,141,71,70
050,13,109,"Georgia","Evans County",3,32,127,67,60
050,13,109,"Georgia","Evans County",3,33,133,60,73
050,13,109,"Georgia","Evans County",3,34,133,64,69
050,13,109,"Georgia","Evans County",3,35,134,76,58
050,13,109,"Georgia","Evans County",3,36,126,60,66
050,13,109,"Georgia","Evans County",3,37,133,63,70
050,13,109,"Georgia","Evans County",3,38,147,76,71
050,13,109,"Georgia","Evans County",3,39,139,56,83
050,13,109,"Georgia","Evans County",3,40,143,59,84
050,13,109,"Georgia","Evans County",3,41,129,61,68
050,13,109,"Georgia","Evans County",3,42,127,57,70
050,13,109,"Georgia","Evans County",3,43,127,62,65
050,13,109,"Georgia","Evans County",3,44,128,58,70
050,13,109,"Georgia","Evans County",3,45,124,60,64
050,13,109,"Georgia","Evans County",3,46,122,56,66
050,13,109,"Georgia","Evans County",3,47,135,67,68
050,13,109,"Georgia","Evans County",3,48,122,56,66
050,13,109,"Georgia","Evans County",3,49,118,53,65
050,13,109,"Georgia","Evans County",3,50,133,68,65
050,13,109,"Georgia","Evans County",3,51,143,79,64
050,13,109,"Georgia","Evans County",3,52,150,77,73
050,13,109,"Georgia","Evans County",3,53,127,68,59
050,13,109,"Georgia","Evans County",3,54,118,60,58
050,13,109,"Georgia","Evans County",3,55,120,49,71
050,13,109,"Georgia","Evans County",3,56,119,57,62
050,13,109,"Georgia","Evans County",3,57,129,61,68
050,13,109,"Georgia","Evans County",3,58,126,63,63
050,13,109,"Georgia","Evans County",3,59,138,64,74
050,13,109,"Georgia","Evans County",3,60,147,69,78
050,13,109,"Georgia","Evans County",3,61,148,75,73
050,13,109,"Georgia","Evans County",3,62,138,73,65
050,13,109,"Georgia","Evans County",3,63,143,75,68
050,13,109,"Georgia","Evans County",3,64,133,63,70
050,13,109,"Georgia","Evans County",3,65,117,53,64
050,13,109,"Georgia","Evans County",3,66,124,55,69
050,13,109,"Georgia","Evans County",3,67,118,53,65
050,13,109,"Georgia","Evans County",3,68,112,53,59
050,13,109,"Georgia","Evans County",3,69,101,43,58
050,13,109,"Georgia","Evans County",3,70,96,36,60
050,13,109,"Georgia","Evans County",3,71,82,33,49
050,13,109,"Georgia","Evans County",3,72,90,52,38
050,13,109,"Georgia","Evans County",3,73,94,50,44
050,13,109,"Georgia","Evans County",3,74,88,43,45
050,13,109,"Georgia","Evans County",3,75,70,32,38
050,13,109,"Georgia","Evans County",3,76,76,32,44
050,13,109,"Georgia","Evans County",3,77,70,31,39
050,13,109,"Georgia","Evans County",3,78,73,34,39
050,13,109,"Georgia","Evans County",3,79,66,26,40
050,13,109,"Georgia","Evans County",3,80,51,19,32
050,13,109,"Georgia","Evans County",3,81,51,21,30
050,13,109,"Georgia","Evans County",3,82,47,17,30
050,13,109,"Georgia","Evans County",3,83,41,19,22
050,13,109,"Georgia","Evans County",3,84,38,19,19
050,13,109,"Georgia","Evans County",3,85,175,67,108
050,13,109,"Georgia","Evans County",4,0,117,53,64
050,13,109,"Georgia","Evans County",4,1,119,52,67
050,13,109,"Georgia","Evans County",4,2,130,58,72
050,13,109,"Georgia","Evans County",4,3,102,48,54
050,13,109,"Georgia","Evans County",4,4,132,77,55
050,13,109,"Georgia","Evans County",4,5,132,70,62
050,13,109,"Georgia","Evans County",4,6,132,76,56
050,13,109,"Georgia","Evans County",4,7,142,75,67
050,13,109,"Georgia","Evans County",4,8,135,70,65
050,13,109,"Georgia","Evans County",4,9,140,76,64
050,13,109,"Georgia","Evans County",4,10,166,87,79
050,13,109,"Georgia","Evans County",4,11,151,80,71
050,13,109,"Georgia","Evans County",4,12,162,85,77
050,13,109,"Georgia","Evans County",4,13,162,84,78
050,13,109,"Georgia","Evans County",4,14,186,102,84
050,13,109,"Georgia","Evans County",4,15,180,98,82
050,13,109,"Georgia","Evans County",4,16,196,104,92
050,13,109,"Georgia","Evans County",4,17,174,95,79
050,13,109,"Georgia","Evans County",4,18,150,77,73
050,13,109,"Georgia","Evans County",4,19,108,49,59
050,13,109,"Georgia","Evans County",4,20,124,60,64
050,13,109,"Georgia","Evans County",4,21,142,71,71
050,13,109,"Georgia","Evans County",4,22,126,62,64
050,13,109,"Georgia","Evans County",4,23,160,84,76
050,13,109,"Georgia","Evans County",4,24,142,78,64
050,13,109,"Georgia","Evans County",4,25,123,59,64
050,13,109,"Georgia","Evans County",4,26,127,64,63
050,13,109,"Georgia","Evans County",4,27,129,69,60
050,13,109,"Georgia","Evans County",4,28,123,71,52
050,13,109,"Georgia","Evans County",4,29,124,66,58
050,13,109,"Georgia","Evans County",4,30,143,67,76
050,13,109,"Georgia","Evans County",4,31,144,76,68
050,13,109,"Georgia","Evans County",4,32,141,70,71
050,13,109,"Georgia","Evans County",4,33,134,67,67
050,13,109,"Georgia","Evans County",4,34,125,52,73
050,13,109,"Georgia","Evans County",4,35,141,74,67
050,13,109,"Georgia","Evans County",4,36,123,65,58
050,13,109,"Georgia","Evans County",4,37,129,64,65
050,13,109,"Georgia","Evans County",4,38,141,69,72
050,13,109,"Georgia","Evans County",4,39,141,67,74
050,13,109,"Georgia","Evans County",4,40,129,50,79
050,13,109,"Georgia","Evans County",4,41,140,61,79
050,13,109,"Georgia","Evans County",4,42,132,60,72
050,13,109,"Georgia","Evans County",4,43,120,59,61
050,13,109,"Georgia","Evans County",4,44,129,63,66
050,13,109,"Georgia","Evans County",4,45,130,55,75
050,13,109,"Georgia","Evans County",4,46,122,54,68
050,13,109,"Georgia","Evans County",4,47,122,58,64
050,13,109,"Georgia","Evans County",4,48,131,62,69
050,13,109,"Georgia","Evans County",4,49,121,56,65
050,13,109,"Georgia","Evans County",4,50,126,56,70
050,13,109,"Georgia","Evans County",4,51,137,72,65
050,13,109,"Georgia","Evans County",4,52,142,74,68
050,13,109,"Georgia","Evans County",4,53,145,78,67
050,13,109,"Georgia","Evans County",4,54,132,73,59
050,13,109,"Georgia","Evans County",4,55,113,59,54
050,13,109,"Georgia","Evans County",4,56,127,52,75
050,13,109,"Georgia","Evans County",4,57,114,56,58
050,13,109,"Georgia","Evans County",4,58,136,65,71
050,13,109,"Georgia","Evans County",4,59,122,65,57
050,13,109,"Georgia","Evans County",4,60,139,65,74
050,13,109,"Georgia","Evans County",4,61,148,74,74
050,13,109,"Georgia","Evans County",4,62,142,70,72
050,13,109,"Georgia","Evans County",4,63,137,74,63
050,13,109,"Georgia","Evans County",4,64,139,73,66
050,13,109,"Georgia","Evans County",4,65,133,65,68
050,13,109,"Georgia","Evans County",4,66,118,54,64
050,13,109,"Georgia","Evans County",4,67,120,51,69
050,13,109,"Georgia","Evans County",4,68,112,52,60
050,13,109,"Georgia","Evans County",4,69,111,51,60
050,13,109,"Georgia","Evans County",4,70,104,44,60
050,13,109,"Georgia","Evans County",4,71,94,35,59
050,13,109,"Georgia","Evans County",4,72,80,34,46
050,13,109,"Georgia","Evans County",4,73,87,51,36
050,13,109,"Georgia","Evans County",4,74,91,49,42
050,13,109,"Georgia","Evans County",4,75,86,40,46
050,13,109,"Georgia","Evans County",4,76,64,29,35
050,13,109,"Georgia","Evans County",4,77,71,29,42
050,13,109,"Georgia","Evans County",4,78,60,24,36
050,13,109,"Georgia","Evans County",4,79,61,27,34
050,13,109,"Georgia","Evans County",4,80,63,24,39
050,13,109,"Georgia","Evans County",4,81,46,18,28
050,13,109,"Georgia","Evans County",4,82,44,17,27
050,13,109,"Georgia","Evans County",4,83,40,14,26
050,13,109,"Georgia","Evans County",4,84,31,13,18
050,13,109,"Georgia","Evans County",4,85,170,70,100
050,13,109,"Georgia","Evans County",5,0,119,54,65
050,13,109,"Georgia","Evans County",5,1,122,61,61
050,13,109,"Georgia","Evans County",5,2,114,57,57
050,13,109,"Georgia","Evans County",5,3,136,65,71
050,13,109,"Georgia","Evans County",5,4,106,49,57
050,13,109,"Georgia","Evans County",5,5,130,75,55
050,13,109,"Georgia","Evans County",5,6,136,64,72
050,13,109,"Georgia","Evans County",5,7,133,75,58
050,13,109,"Georgia","Evans County",5,8,143,78,65
050,13,109,"Georgia","Evans County",5,9,138,70,68
050,13,109,"Georgia","Evans County",5,10,147,82,65
050,13,109,"Georgia","Evans County",5,11,182,95,87
050,13,109,"Georgia","Evans County",5,12,141,74,67
050,13,109,"Georgia","Evans County",5,13,169,90,79
050,13,109,"Georgia","Evans County",5,14,168,84,84
050,13,109,"Georgia","Evans County",5,15,181,98,83
050,13,109,"Georgia","Evans County",5,16,188,104,84
050,13,109,"Georgia","Evans County",5,17,186,93,93
050,13,109,"Georgia","Evans County",5,18,156,85,71
050,13,109,"Georgia","Evans County",5,19,114,57,57
050,13,109,"Georgia","Evans County",5,20,131,60,71
050,13,109,"Georgia","Evans County",5,21,129,63,66
050,13,109,"Georgia","Evans County",5,22,147,73,74
050,13,109,"Georgia","Evans County",5,23,162,82,80
050,13,109,"Georgia","Evans County",5,24,144,71,73
050,13,109,"Georgia","Evans County",5,25,155,83,72
050,13,109,"Georgia","Evans County",5,26,141,72,69
050,13,109,"Georgia","Evans County",5,27,114,63,51
050,13,109,"Georgia","Evans County",5,28,142,75,67
050,13,109,"Georgia","Evans County",5,29,110,67,43
050,13,109,"Georgia","Evans County",5,30,141,70,71
050,13,109,"Georgia","Evans County",5,31,150,75,75
050,13,109,"Georgia","Evans County",5,32,152,83,69
050,13,109,"Georgia","Evans County",5,33,145,67,78
050,13,109,"Georgia","Evans County",5,34,127,57,70
050,13,109,"Georgia","Evans County",5,35,145,72,73
050,13,109,"Georgia","Evans County",5,36,125,65,60
050,13,109,"Georgia","Evans County",5,37,133,74,59
050,13,109,"Georgia","Evans County",5,38,140,72,68
050,13,109,"Georgia","Evans County",5,39,139,61,78
050,13,109,"Georgia","Evans County",5,40,141,66,75
050,13,109,"Georgia","Evans County",5,41,110,46,64
050,13,109,"Georgia","Evans County",5,42,145,62,83
050,13,109,"Georgia","Evans County",5,43,128,65,63
050,13,109,"Georgia","Evans County",5,44,123,60,63
050,13,109,"Georgia","Evans County",5,45,134,63,71
050,13,109,"Georgia","Evans County",5,46,128,50,78
050,13,109,"Georgia","Evans County",5,47,122,56,66
050,13,109,"Georgia","Evans County",5,48,117,51,66
050,13,109,"Georgia","Evans County",5,49,126,63,63
050,13,109,"Georgia","Evans County",5,50,128,61,67
050,13,109,"Georgia","Evans County",5,51,118,49,69
050,13,109,"Georgia","Evans County",5,52,136,65,71
050,13,109,"Georgia","Evans County",5,53,131,69,62
050,13,109,"Georgia","Evans County",5,54,143,74,69
050,13,109,"Georgia","Evans County",5,55,127,72,55
050,13,109,"Georgia","Evans County",5,56,109,57,52
050,13,109,"Georgia","Evans County",5,57,128,53,75
050,13,109,"Georgia","Evans County",5,58,114,57,57
050,13,109,"Georgia","Evans County",5,59,139,71,68
050,13,109,"Georgia","Evans County",5,60,120,61,59
050,13,109,"Georgia","Evans County",5,61,136,63,73
050,13,109,"Georgia","Evans County",5,62,148,73,75
050,13,109,"Georgia","Evans County",5,63,139,67,72
050,13,109,"Georgia","Evans County",5,64,138,73,65
050,13,109,"Georgia","Evans County",5,65,137,72,65
050,13,109,"Georgia","Evans County",5,66,135,67,68
050,13,109,"Georgia","Evans County",5,67,114,48,66
050,13,109,"Georgia","Evans County",5,68,122,52,70
050,13,109,"Georgia","Evans County",5,69,110,48,62
050,13,109,"Georgia","Evans County",5,70,105,48,57
050,13,109,"Georgia","Evans County",5,71,104,42,62
050,13,109,"Georgia","Evans County",5,72,94,35,59
050,13,109,"Georgia","Evans County",5,73,77,34,43
050,13,109,"Georgia","Evans County",5,74,85,49,36
050,13,109,"Georgia","Evans County",5,75,86,47,39
050,13,109,"Georgia","Evans County",5,76,86,38,48
050,13,109,"Georgia","Evans County",5,77,60,27,33
050,13,109,"Georgia","Evans County",5,78,67,26,41
050,13,109,"Georgia","Evans County",5,79,54,21,33
050,13,109,"Georgia","Evans County",5,80,58,26,32
050,13,109,"Georgia","Evans County",5,81,62,25,37
050,13,109,"Georgia","Evans County",5,82,44,16,28
050,13,109,"Georgia","Evans County",5,83,37,15,22
050,13,109,"Georgia","Evans County",5,84,35,11,24
050,13,109,"Georgia","Evans County",5,85,173,70,103
050,13,111,"Georgia","Fannin County",1,0,190,99,91
050,13,111,"Georgia","Fannin County",1,1,186,105,81
050,13,111,"Georgia","Fannin County",1,2,208,110,98
050,13,111,"Georgia","Fannin County",1,3,186,100,86
050,13,111,"Georgia","Fannin County",1,4,219,108,111
050,13,111,"Georgia","Fannin County",1,5,217,110,107
050,13,111,"Georgia","Fannin County",1,6,229,117,112
050,13,111,"Georgia","Fannin County",1,7,219,110,109
050,13,111,"Georgia","Fannin County",1,8,218,105,113
050,13,111,"Georgia","Fannin County",1,9,214,109,105
050,13,111,"Georgia","Fannin County",1,10,237,119,118
050,13,111,"Georgia","Fannin County",1,11,218,120,98
050,13,111,"Georgia","Fannin County",1,12,256,143,113
050,13,111,"Georgia","Fannin County",1,13,272,150,122
050,13,111,"Georgia","Fannin County",1,14,262,135,127
050,13,111,"Georgia","Fannin County",1,15,278,136,142
050,13,111,"Georgia","Fannin County",1,16,273,138,135
050,13,111,"Georgia","Fannin County",1,17,253,131,122
050,13,111,"Georgia","Fannin County",1,18,219,107,112
050,13,111,"Georgia","Fannin County",1,19,189,96,93
050,13,111,"Georgia","Fannin County",1,20,207,105,102
050,13,111,"Georgia","Fannin County",1,21,207,107,100
050,13,111,"Georgia","Fannin County",1,22,228,101,127
050,13,111,"Georgia","Fannin County",1,23,224,114,110
050,13,111,"Georgia","Fannin County",1,24,206,113,93
050,13,111,"Georgia","Fannin County",1,25,218,120,98
050,13,111,"Georgia","Fannin County",1,26,227,109,118
050,13,111,"Georgia","Fannin County",1,27,231,105,126
050,13,111,"Georgia","Fannin County",1,28,209,106,103
050,13,111,"Georgia","Fannin County",1,29,208,108,100
050,13,111,"Georgia","Fannin County",1,30,242,109,133
050,13,111,"Georgia","Fannin County",1,31,226,99,127
050,13,111,"Georgia","Fannin County",1,32,222,106,116
050,13,111,"Georgia","Fannin County",1,33,231,110,121
050,13,111,"Georgia","Fannin County",1,34,218,99,119
050,13,111,"Georgia","Fannin County",1,35,204,97,107
050,13,111,"Georgia","Fannin County",1,36,207,100,107
050,13,111,"Georgia","Fannin County",1,37,236,125,111
050,13,111,"Georgia","Fannin County",1,38,242,112,130
050,13,111,"Georgia","Fannin County",1,39,224,104,120
050,13,111,"Georgia","Fannin County",1,40,266,136,130
050,13,111,"Georgia","Fannin County",1,41,277,140,137
050,13,111,"Georgia","Fannin County",1,42,256,131,125
050,13,111,"Georgia","Fannin County",1,43,237,121,116
050,13,111,"Georgia","Fannin County",1,44,248,126,122
050,13,111,"Georgia","Fannin County",1,45,233,121,112
050,13,111,"Georgia","Fannin County",1,46,248,122,126
050,13,111,"Georgia","Fannin County",1,47,250,130,120
050,13,111,"Georgia","Fannin County",1,48,295,144,151
050,13,111,"Georgia","Fannin County",1,49,320,168,152
050,13,111,"Georgia","Fannin County",1,50,302,136,166
050,13,111,"Georgia","Fannin County",1,51,309,142,167
050,13,111,"Georgia","Fannin County",1,52,320,150,170
050,13,111,"Georgia","Fannin County",1,53,339,168,171
050,13,111,"Georgia","Fannin County",1,54,322,155,167
050,13,111,"Georgia","Fannin County",1,55,336,162,174
050,13,111,"Georgia","Fannin County",1,56,404,187,217
050,13,111,"Georgia","Fannin County",1,57,420,191,229
050,13,111,"Georgia","Fannin County",1,58,441,206,235
050,13,111,"Georgia","Fannin County",1,59,456,216,240
050,13,111,"Georgia","Fannin County",1,60,444,215,229
050,13,111,"Georgia","Fannin County",1,61,481,234,247
050,13,111,"Georgia","Fannin County",1,62,537,278,259
050,13,111,"Georgia","Fannin County",1,63,502,265,237
050,13,111,"Georgia","Fannin County",1,64,527,268,259
050,13,111,"Georgia","Fannin County",1,65,498,222,276
050,13,111,"Georgia","Fannin County",1,66,492,194,298
050,13,111,"Georgia","Fannin County",1,67,494,218,276
050,13,111,"Georgia","Fannin County",1,68,508,252,256
050,13,111,"Georgia","Fannin County",1,69,475,239,236
050,13,111,"Georgia","Fannin County",1,70,474,236,238
050,13,111,"Georgia","Fannin County",1,71,482,244,238
050,13,111,"Georgia","Fannin County",1,72,463,234,229
050,13,111,"Georgia","Fannin County",1,73,477,258,219
050,13,111,"Georgia","Fannin County",1,74,331,173,158
050,13,111,"Georgia","Fannin County",1,75,333,163,170
050,13,111,"Georgia","Fannin County",1,76,320,156,164
050,13,111,"Georgia","Fannin County",1,77,284,143,141
050,13,111,"Georgia","Fannin County",1,78,267,131,136
050,13,111,"Georgia","Fannin County",1,79,219,112,107
050,13,111,"Georgia","Fannin County",1,80,193,100,93
050,13,111,"Georgia","Fannin County",1,81,182,87,95
050,13,111,"Georgia","Fannin County",1,82,148,70,78
050,13,111,"Georgia","Fannin County",1,83,138,74,64
050,13,111,"Georgia","Fannin County",1,84,134,62,72
050,13,111,"Georgia","Fannin County",1,85,679,291,388
050,13,111,"Georgia","Fannin County",2,0,179,96,83
050,13,111,"Georgia","Fannin County",2,1,186,103,83
050,13,111,"Georgia","Fannin County",2,2,202,109,93
050,13,111,"Georgia","Fannin County",2,3,190,101,89
050,13,111,"Georgia","Fannin County",2,4,211,105,106
050,13,111,"Georgia","Fannin County",2,5,217,108,109
050,13,111,"Georgia","Fannin County",2,6,229,118,111
050,13,111,"Georgia","Fannin County",2,7,225,112,113
050,13,111,"Georgia","Fannin County",2,8,219,106,113
050,13,111,"Georgia","Fannin County",2,9,218,109,109
050,13,111,"Georgia","Fannin County",2,10,233,118,115
050,13,111,"Georgia","Fannin County",2,11,224,121,103
050,13,111,"Georgia","Fannin County",2,12,250,140,110
050,13,111,"Georgia","Fannin County",2,13,268,149,119
050,13,111,"Georgia","Fannin County",2,14,266,140,126
050,13,111,"Georgia","Fannin County",2,15,275,137,138
050,13,111,"Georgia","Fannin County",2,16,276,139,137
050,13,111,"Georgia","Fannin County",2,17,259,134,125
050,13,111,"Georgia","Fannin County",2,18,217,108,109
050,13,111,"Georgia","Fannin County",2,19,186,93,93
050,13,111,"Georgia","Fannin County",2,20,211,107,104
050,13,111,"Georgia","Fannin County",2,21,212,107,105
050,13,111,"Georgia","Fannin County",2,22,226,104,122
050,13,111,"Georgia","Fannin County",2,23,229,114,115
050,13,111,"Georgia","Fannin County",2,24,213,115,98
050,13,111,"Georgia","Fannin County",2,25,214,117,97
050,13,111,"Georgia","Fannin County",2,26,227,113,114
050,13,111,"Georgia","Fannin County",2,27,231,106,125
050,13,111,"Georgia","Fannin County",2,28,212,104,108
050,13,111,"Georgia","Fannin County",2,29,208,107,101
050,13,111,"Georgia","Fannin County",2,30,235,109,126
050,13,111,"Georgia","Fannin County",2,31,228,101,127
050,13,111,"Georgia","Fannin County",2,32,226,106,120
050,13,111,"Georgia","Fannin County",2,33,229,110,119
050,13,111,"Georgia","Fannin County",2,34,223,104,119
050,13,111,"Georgia","Fannin County",2,35,210,100,110
050,13,111,"Georgia","Fannin County",2,36,209,102,107
050,13,111,"Georgia","Fannin County",2,37,234,121,113
050,13,111,"Georgia","Fannin County",2,38,243,116,127
050,13,111,"Georgia","Fannin County",2,39,228,106,122
050,13,111,"Georgia","Fannin County",2,40,258,129,129
050,13,111,"Georgia","Fannin County",2,41,273,138,135
050,13,111,"Georgia","Fannin County",2,42,263,134,129
050,13,111,"Georgia","Fannin County",2,43,249,126,123
050,13,111,"Georgia","Fannin County",2,44,243,124,119
050,13,111,"Georgia","Fannin County",2,45,240,125,115
050,13,111,"Georgia","Fannin County",2,46,244,123,121
050,13,111,"Georgia","Fannin County",2,47,251,129,122
050,13,111,"Georgia","Fannin County",2,48,285,142,143
050,13,111,"Georgia","Fannin County",2,49,318,163,155
050,13,111,"Georgia","Fannin County",2,50,310,146,164
050,13,111,"Georgia","Fannin County",2,51,309,143,166
050,13,111,"Georgia","Fannin County",2,52,322,151,171
050,13,111,"Georgia","Fannin County",2,53,338,167,171
050,13,111,"Georgia","Fannin County",2,54,331,160,171
050,13,111,"Georgia","Fannin County",2,55,339,163,176
050,13,111,"Georgia","Fannin County",2,56,394,183,211
050,13,111,"Georgia","Fannin County",2,57,421,192,229
050,13,111,"Georgia","Fannin County",2,58,441,205,236
050,13,111,"Georgia","Fannin County",2,59,462,217,245
050,13,111,"Georgia","Fannin County",2,60,454,217,237
050,13,111,"Georgia","Fannin County",2,61,476,233,243
050,13,111,"Georgia","Fannin County",2,62,526,269,257
050,13,111,"Georgia","Fannin County",2,63,523,277,246
050,13,111,"Georgia","Fannin County",2,64,522,267,255
050,13,111,"Georgia","Fannin County",2,65,513,235,278
050,13,111,"Georgia","Fannin County",2,66,499,203,296
050,13,111,"Georgia","Fannin County",2,67,495,213,282
050,13,111,"Georgia","Fannin County",2,68,503,244,259
050,13,111,"Georgia","Fannin County",2,69,487,244,243
050,13,111,"Georgia","Fannin County",2,70,472,236,236
050,13,111,"Georgia","Fannin County",2,71,479,243,236
050,13,111,"Georgia","Fannin County",2,72,459,235,224
050,13,111,"Georgia","Fannin County",2,73,501,267,234
050,13,111,"Georgia","Fannin County",2,74,338,178,160
050,13,111,"Georgia","Fannin County",2,75,332,167,165
050,13,111,"Georgia","Fannin County",2,76,316,156,160
050,13,111,"Georgia","Fannin County",2,77,298,148,150
050,13,111,"Georgia","Fannin County",2,78,263,131,132
050,13,111,"Georgia","Fannin County",2,79,228,114,114
050,13,111,"Georgia","Fannin County",2,80,200,105,95
050,13,111,"Georgia","Fannin County",2,81,179,88,91
050,13,111,"Georgia","Fannin County",2,82,153,71,82
050,13,111,"Georgia","Fannin County",2,83,135,71,64
050,13,111,"Georgia","Fannin County",2,84,129,62,67
050,13,111,"Georgia","Fannin County",2,85,687,293,394
050,13,111,"Georgia","Fannin County",3,0,174,86,88
050,13,111,"Georgia","Fannin County",3,1,197,102,95
050,13,111,"Georgia","Fannin County",3,2,194,104,90
050,13,111,"Georgia","Fannin County",3,3,190,102,88
050,13,111,"Georgia","Fannin County",3,4,201,108,93
050,13,111,"Georgia","Fannin County",3,5,219,108,111
050,13,111,"Georgia","Fannin County",3,6,220,113,107
050,13,111,"Georgia","Fannin County",3,7,227,120,107
050,13,111,"Georgia","Fannin County",3,8,226,114,112
050,13,111,"Georgia","Fannin County",3,9,219,107,112
050,13,111,"Georgia","Fannin County",3,10,217,113,104
050,13,111,"Georgia","Fannin County",3,11,224,114,110
050,13,111,"Georgia","Fannin County",3,12,234,125,109
050,13,111,"Georgia","Fannin County",3,13,256,136,120
050,13,111,"Georgia","Fannin County",3,14,267,151,116
050,13,111,"Georgia","Fannin County",3,15,270,143,127
050,13,111,"Georgia","Fannin County",3,16,272,132,140
050,13,111,"Georgia","Fannin County",3,17,278,142,136
050,13,111,"Georgia","Fannin County",3,18,219,114,105
050,13,111,"Georgia","Fannin County",3,19,178,88,90
050,13,111,"Georgia","Fannin County",3,20,204,100,104
050,13,111,"Georgia","Fannin County",3,21,232,118,114
050,13,111,"Georgia","Fannin County",3,22,222,115,107
050,13,111,"Georgia","Fannin County",3,23,239,115,124
050,13,111,"Georgia","Fannin County",3,24,228,113,115
050,13,111,"Georgia","Fannin County",3,25,216,106,110
050,13,111,"Georgia","Fannin County",3,26,220,119,101
050,13,111,"Georgia","Fannin County",3,27,222,110,112
050,13,111,"Georgia","Fannin County",3,28,229,107,122
050,13,111,"Georgia","Fannin County",3,29,218,111,107
050,13,111,"Georgia","Fannin County",3,30,226,106,120
050,13,111,"Georgia","Fannin County",3,31,224,105,119
050,13,111,"Georgia","Fannin County",3,32,230,105,125
050,13,111,"Georgia","Fannin County",3,33,229,109,120
050,13,111,"Georgia","Fannin County",3,34,234,111,123
050,13,111,"Georgia","Fannin County",3,35,231,106,125
050,13,111,"Georgia","Fannin County",3,36,218,97,121
050,13,111,"Georgia","Fannin County",3,37,209,96,113
050,13,111,"Georgia","Fannin County",3,38,232,117,115
050,13,111,"Georgia","Fannin County",3,39,238,116,122
050,13,111,"Georgia","Fannin County",3,40,230,105,125
050,13,111,"Georgia","Fannin County",3,41,258,125,133
050,13,111,"Georgia","Fannin County",3,42,284,143,141
050,13,111,"Georgia","Fannin County",3,43,269,134,135
050,13,111,"Georgia","Fannin County",3,44,264,134,130
050,13,111,"Georgia","Fannin County",3,45,255,131,124
050,13,111,"Georgia","Fannin County",3,46,245,129,116
050,13,111,"Georgia","Fannin County",3,47,254,134,120
050,13,111,"Georgia","Fannin County",3,48,263,138,125
050,13,111,"Georgia","Fannin County",3,49,307,150,157
050,13,111,"Georgia","Fannin County",3,50,329,169,160
050,13,111,"Georgia","Fannin County",3,51,328,155,173
050,13,111,"Georgia","Fannin County",3,52,318,148,170
050,13,111,"Georgia","Fannin County",3,53,336,157,179
050,13,111,"Georgia","Fannin County",3,54,350,174,176
050,13,111,"Georgia","Fannin County",3,55,360,173,187
050,13,111,"Georgia","Fannin County",3,56,368,179,189
050,13,111,"Georgia","Fannin County",3,57,422,196,226
050,13,111,"Georgia","Fannin County",3,58,454,202,252
050,13,111,"Georgia","Fannin County",3,59,460,219,241
050,13,111,"Georgia","Fannin County",3,60,474,221,253
050,13,111,"Georgia","Fannin County",3,61,484,233,251
050,13,111,"Georgia","Fannin County",3,62,494,245,249
050,13,111,"Georgia","Fannin County",3,63,540,276,264
050,13,111,"Georgia","Fannin County",3,64,524,275,249
050,13,111,"Georgia","Fannin County",3,65,524,274,250
050,13,111,"Georgia","Fannin County",3,66,515,241,274
050,13,111,"Georgia","Fannin County",3,67,506,209,297
050,13,111,"Georgia","Fannin County",3,68,492,213,279
050,13,111,"Georgia","Fannin County",3,69,504,241,263
050,13,111,"Georgia","Fannin County",3,70,474,239,235
050,13,111,"Georgia","Fannin County",3,71,474,242,232
050,13,111,"Georgia","Fannin County",3,72,474,236,238
050,13,111,"Georgia","Fannin County",3,73,459,231,228
050,13,111,"Georgia","Fannin County",3,74,492,263,229
050,13,111,"Georgia","Fannin County",3,75,330,174,156
050,13,111,"Georgia","Fannin County",3,76,318,159,159
050,13,111,"Georgia","Fannin County",3,77,315,155,160
050,13,111,"Georgia","Fannin County",3,78,296,147,149
050,13,111,"Georgia","Fannin County",3,79,259,126,133
050,13,111,"Georgia","Fannin County",3,80,211,103,108
050,13,111,"Georgia","Fannin County",3,81,183,97,86
050,13,111,"Georgia","Fannin County",3,82,169,79,90
050,13,111,"Georgia","Fannin County",3,83,137,62,75
050,13,111,"Georgia","Fannin County",3,84,126,64,62
050,13,111,"Georgia","Fannin County",3,85,686,304,382
050,13,111,"Georgia","Fannin County",4,0,182,99,83
050,13,111,"Georgia","Fannin County",4,1,183,93,90
050,13,111,"Georgia","Fannin County",4,2,196,106,90
050,13,111,"Georgia","Fannin County",4,3,187,100,87
050,13,111,"Georgia","Fannin County",4,4,199,107,92
050,13,111,"Georgia","Fannin County",4,5,214,117,97
050,13,111,"Georgia","Fannin County",4,6,223,115,108
050,13,111,"Georgia","Fannin County",4,7,210,102,108
050,13,111,"Georgia","Fannin County",4,8,232,120,112
050,13,111,"Georgia","Fannin County",4,9,216,107,109
050,13,111,"Georgia","Fannin County",4,10,211,107,104
050,13,111,"Georgia","Fannin County",4,11,209,112,97
050,13,111,"Georgia","Fannin County",4,12,230,118,112
050,13,111,"Georgia","Fannin County",4,13,222,117,105
050,13,111,"Georgia","Fannin County",4,14,251,135,116
050,13,111,"Georgia","Fannin County",4,15,255,146,109
050,13,111,"Georgia","Fannin County",4,16,262,140,122
050,13,111,"Georgia","Fannin County",4,17,267,130,137
050,13,111,"Georgia","Fannin County",4,18,228,118,110
050,13,111,"Georgia","Fannin County",4,19,176,92,84
050,13,111,"Georgia","Fannin County",4,20,200,98,102
050,13,111,"Georgia","Fannin County",4,21,218,104,114
050,13,111,"Georgia","Fannin County",4,22,248,120,128
050,13,111,"Georgia","Fannin County",4,23,219,113,106
050,13,111,"Georgia","Fannin County",4,24,245,126,119
050,13,111,"Georgia","Fannin County",4,25,232,115,117
050,13,111,"Georgia","Fannin County",4,26,219,108,111
050,13,111,"Georgia","Fannin County",4,27,227,128,99
050,13,111,"Georgia","Fannin County",4,28,229,116,113
050,13,111,"Georgia","Fannin County",4,29,236,111,125
050,13,111,"Georgia","Fannin County",4,30,222,111,111
050,13,111,"Georgia","Fannin County",4,31,231,110,121
050,13,111,"Georgia","Fannin County",4,32,228,102,126
050,13,111,"Georgia","Fannin County",4,33,232,108,124
050,13,111,"Georgia","Fannin County",4,34,223,111,112
050,13,111,"Georgia","Fannin County",4,35,237,116,121
050,13,111,"Georgia","Fannin County",4,36,231,108,123
050,13,111,"Georgia","Fannin County",4,37,214,94,120
050,13,111,"Georgia","Fannin County",4,38,209,98,111
050,13,111,"Georgia","Fannin County",4,39,228,116,112
050,13,111,"Georgia","Fannin County",4,40,233,117,116
050,13,111,"Georgia","Fannin County",4,41,234,108,126
050,13,111,"Georgia","Fannin County",4,42,249,121,128
050,13,111,"Georgia","Fannin County",4,43,284,145,139
050,13,111,"Georgia","Fannin County",4,44,276,139,137
050,13,111,"Georgia","Fannin County",4,45,263,132,131
050,13,111,"Georgia","Fannin County",4,46,255,130,125
050,13,111,"Georgia","Fannin County",4,47,243,128,115
050,13,111,"Georgia","Fannin County",4,48,256,139,117
050,13,111,"Georgia","Fannin County",4,49,255,131,124
050,13,111,"Georgia","Fannin County",4,50,318,151,167
050,13,111,"Georgia","Fannin County",4,51,337,176,161
050,13,111,"Georgia","Fannin County",4,52,345,172,173
050,13,111,"Georgia","Fannin County",4,53,319,147,172
050,13,111,"Georgia","Fannin County",4,54,347,165,182
050,13,111,"Georgia","Fannin County",4,55,368,178,190
050,13,111,"Georgia","Fannin County",4,56,364,168,196
050,13,111,"Georgia","Fannin County",4,57,384,188,196
050,13,111,"Georgia","Fannin County",4,58,441,211,230
050,13,111,"Georgia","Fannin County",4,59,473,211,262
050,13,111,"Georgia","Fannin County",4,60,467,222,245
050,13,111,"Georgia","Fannin County",4,61,482,218,264
050,13,111,"Georgia","Fannin County",4,62,487,239,248
050,13,111,"Georgia","Fannin County",4,63,501,245,256
050,13,111,"Georgia","Fannin County",4,64,553,282,271
050,13,111,"Georgia","Fannin County",4,65,521,272,249
050,13,111,"Georgia","Fannin County",4,66,516,267,249
050,13,111,"Georgia","Fannin County",4,67,515,241,274
050,13,111,"Georgia","Fannin County",4,68,497,212,285
050,13,111,"Georgia","Fannin County",4,69,496,211,285
050,13,111,"Georgia","Fannin County",4,70,500,241,259
050,13,111,"Georgia","Fannin County",4,71,460,230,230
050,13,111,"Georgia","Fannin County",4,72,461,233,228
050,13,111,"Georgia","Fannin County",4,73,464,235,229
050,13,111,"Georgia","Fannin County",4,74,448,224,224
050,13,111,"Georgia","Fannin County",4,75,476,252,224
050,13,111,"Georgia","Fannin County",4,76,313,160,153
050,13,111,"Georgia","Fannin County",4,77,316,153,163
050,13,111,"Georgia","Fannin County",4,78,294,146,148
050,13,111,"Georgia","Fannin County",4,79,293,146,147
050,13,111,"Georgia","Fannin County",4,80,240,115,125
050,13,111,"Georgia","Fannin County",4,81,200,94,106
050,13,111,"Georgia","Fannin County",4,82,170,92,78
050,13,111,"Georgia","Fannin County",4,83,150,67,83
050,13,111,"Georgia","Fannin County",4,84,116,49,67
050,13,111,"Georgia","Fannin County",4,85,672,317,355
050,13,111,"Georgia","Fannin County",5,0,184,99,85
050,13,111,"Georgia","Fannin County",5,1,204,108,96
050,13,111,"Georgia","Fannin County",5,2,186,91,95
050,13,111,"Georgia","Fannin County",5,3,191,109,82
050,13,111,"Georgia","Fannin County",5,4,194,105,89
050,13,111,"Georgia","Fannin County",5,5,203,112,91
050,13,111,"Georgia","Fannin County",5,6,230,119,111
050,13,111,"Georgia","Fannin County",5,7,234,121,113
050,13,111,"Georgia","Fannin County",5,8,218,109,109
050,13,111,"Georgia","Fannin County",5,9,240,121,119
050,13,111,"Georgia","Fannin County",5,10,223,113,110
050,13,111,"Georgia","Fannin County",5,11,211,109,102
050,13,111,"Georgia","Fannin County",5,12,226,118,108
050,13,111,"Georgia","Fannin County",5,13,239,125,114
050,13,111,"Georgia","Fannin County",5,14,229,116,113
050,13,111,"Georgia","Fannin County",5,15,273,139,134
050,13,111,"Georgia","Fannin County",5,16,262,149,113
050,13,111,"Georgia","Fannin County",5,17,270,148,122
050,13,111,"Georgia","Fannin County",5,18,225,113,112
050,13,111,"Georgia","Fannin County",5,19,184,93,91
050,13,111,"Georgia","Fannin County",5,20,185,97,88
050,13,111,"Georgia","Fannin County",5,21,209,104,105
050,13,111,"Georgia","Fannin County",5,22,237,113,124
050,13,111,"Georgia","Fannin County",5,23,268,133,135
050,13,111,"Georgia","Fannin County",5,24,212,120,92
050,13,111,"Georgia","Fannin County",5,25,251,121,130
050,13,111,"Georgia","Fannin County",5,26,234,114,120
050,13,111,"Georgia","Fannin County",5,27,219,110,109
050,13,111,"Georgia","Fannin County",5,28,236,128,108
050,13,111,"Georgia","Fannin County",5,29,224,115,109
050,13,111,"Georgia","Fannin County",5,30,245,115,130
050,13,111,"Georgia","Fannin County",5,31,219,109,110
050,13,111,"Georgia","Fannin County",5,32,245,120,125
050,13,111,"Georgia","Fannin County",5,33,240,111,129
050,13,111,"Georgia","Fannin County",5,34,250,113,137
050,13,111,"Georgia","Fannin County",5,35,230,119,111
050,13,111,"Georgia","Fannin County",5,36,249,125,124
050,13,111,"Georgia","Fannin County",5,37,248,117,131
050,13,111,"Georgia","Fannin County",5,38,226,97,129
050,13,111,"Georgia","Fannin County",5,39,206,95,111
050,13,111,"Georgia","Fannin County",5,40,239,123,116
050,13,111,"Georgia","Fannin County",5,41,240,118,122
050,13,111,"Georgia","Fannin County",5,42,243,122,121
050,13,111,"Georgia","Fannin County",5,43,255,125,130
050,13,111,"Georgia","Fannin County",5,44,291,150,141
050,13,111,"Georgia","Fannin County",5,45,284,144,140
050,13,111,"Georgia","Fannin County",5,46,272,139,133
050,13,111,"Georgia","Fannin County",5,47,253,131,122
050,13,111,"Georgia","Fannin County",5,48,249,134,115
050,13,111,"Georgia","Fannin County",5,49,252,135,117
050,13,111,"Georgia","Fannin County",5,50,253,126,127
050,13,111,"Georgia","Fannin County",5,51,322,156,166
050,13,111,"Georgia","Fannin County",5,52,334,173,161
050,13,111,"Georgia","Fannin County",5,53,353,175,178
050,13,111,"Georgia","Fannin County",5,54,335,153,182
050,13,111,"Georgia","Fannin County",5,55,342,158,184
050,13,111,"Georgia","Fannin County",5,56,379,179,200
050,13,111,"Georgia","Fannin County",5,57,376,173,203
050,13,111,"Georgia","Fannin County",5,58,389,196,193
050,13,111,"Georgia","Fannin County",5,59,463,215,248
050,13,111,"Georgia","Fannin County",5,60,482,225,257
050,13,111,"Georgia","Fannin County",5,61,476,220,256
050,13,111,"Georgia","Fannin County",5,62,495,221,274
050,13,111,"Georgia","Fannin County",5,63,480,231,249
050,13,111,"Georgia","Fannin County",5,64,508,247,261
050,13,111,"Georgia","Fannin County",5,65,556,290,266
050,13,111,"Georgia","Fannin County",5,66,521,270,251
050,13,111,"Georgia","Fannin County",5,67,520,271,249
050,13,111,"Georgia","Fannin County",5,68,527,252,275
050,13,111,"Georgia","Fannin County",5,69,495,214,281
050,13,111,"Georgia","Fannin County",5,70,484,206,278
050,13,111,"Georgia","Fannin County",5,71,474,226,248
050,13,111,"Georgia","Fannin County",5,72,441,228,213
050,13,111,"Georgia","Fannin County",5,73,450,225,225
050,13,111,"Georgia","Fannin County",5,74,450,224,226
050,13,111,"Georgia","Fannin County",5,75,428,218,210
050,13,111,"Georgia","Fannin County",5,76,457,241,216
050,13,111,"Georgia","Fannin County",5,77,303,157,146
050,13,111,"Georgia","Fannin County",5,78,301,141,160
050,13,111,"Georgia","Fannin County",5,79,285,146,139
050,13,111,"Georgia","Fannin County",5,80,269,135,134
050,13,111,"Georgia","Fannin County",5,81,218,100,118
050,13,111,"Georgia","Fannin County",5,82,182,86,96
050,13,111,"Georgia","Fannin County",5,83,150,82,68
050,13,111,"Georgia","Fannin County",5,84,133,55,78
050,13,111,"Georgia","Fannin County",5,85,687,326,361
050,13,113,"Georgia","Fayette County",1,0,893,463,430
050,13,113,"Georgia","Fayette County",1,1,962,509,453
050,13,113,"Georgia","Fayette County",1,2,1053,533,520
050,13,113,"Georgia","Fayette County",1,3,1154,578,576
050,13,113,"Georgia","Fayette County",1,4,1223,636,587
050,13,113,"Georgia","Fayette County",1,5,1291,685,606
050,13,113,"Georgia","Fayette County",1,6,1395,717,678
050,13,113,"Georgia","Fayette County",1,7,1424,738,686
050,13,113,"Georgia","Fayette County",1,8,1512,756,756
050,13,113,"Georgia","Fayette County",1,9,1527,800,727
050,13,113,"Georgia","Fayette County",1,10,1652,867,785
050,13,113,"Georgia","Fayette County",1,11,1721,866,855
050,13,113,"Georgia","Fayette County",1,12,1854,912,942
050,13,113,"Georgia","Fayette County",1,13,1899,982,917
050,13,113,"Georgia","Fayette County",1,14,1974,1049,925
050,13,113,"Georgia","Fayette County",1,15,1974,1006,968
050,13,113,"Georgia","Fayette County",1,16,2082,1046,1036
050,13,113,"Georgia","Fayette County",1,17,2056,1024,1032
050,13,113,"Georgia","Fayette County",1,18,1779,901,878
050,13,113,"Georgia","Fayette County",1,19,1429,716,713
050,13,113,"Georgia","Fayette County",1,20,1421,736,685
050,13,113,"Georgia","Fayette County",1,21,1398,724,674
050,13,113,"Georgia","Fayette County",1,22,1408,691,717
050,13,113,"Georgia","Fayette County",1,23,1366,689,677
050,13,113,"Georgia","Fayette County",1,24,1260,644,616
050,13,113,"Georgia","Fayette County",1,25,1177,597,580
050,13,113,"Georgia","Fayette County",1,26,1119,571,548
050,13,113,"Georgia","Fayette County",1,27,1090,557,533
050,13,113,"Georgia","Fayette County",1,28,1027,518,509
050,13,113,"Georgia","Fayette County",1,29,954,469,485
050,13,113,"Georgia","Fayette County",1,30,1000,464,536
050,13,113,"Georgia","Fayette County",1,31,936,459,477
050,13,113,"Georgia","Fayette County",1,32,1020,489,531
050,13,113,"Georgia","Fayette County",1,33,1074,508,566
050,13,113,"Georgia","Fayette County",1,34,1182,542,640
050,13,113,"Georgia","Fayette County",1,35,1210,545,665
050,13,113,"Georgia","Fayette County",1,36,1308,628,680
050,13,113,"Georgia","Fayette County",1,37,1380,665,715
050,13,113,"Georgia","Fayette County",1,38,1395,694,701
050,13,113,"Georgia","Fayette County",1,39,1411,663,748
050,13,113,"Georgia","Fayette County",1,40,1467,683,784
050,13,113,"Georgia","Fayette County",1,41,1427,687,740
050,13,113,"Georgia","Fayette County",1,42,1395,678,717
050,13,113,"Georgia","Fayette County",1,43,1450,721,729
050,13,113,"Georgia","Fayette County",1,44,1429,679,750
050,13,113,"Georgia","Fayette County",1,45,1534,724,810
050,13,113,"Georgia","Fayette County",1,46,1516,735,781
050,13,113,"Georgia","Fayette County",1,47,1559,731,828
050,13,113,"Georgia","Fayette County",1,48,1711,825,886
050,13,113,"Georgia","Fayette County",1,49,1781,853,928
050,13,113,"Georgia","Fayette County",1,50,1758,886,872
050,13,113,"Georgia","Fayette County",1,51,1694,838,856
050,13,113,"Georgia","Fayette County",1,52,1651,798,853
050,13,113,"Georgia","Fayette County",1,53,1747,832,915
050,13,113,"Georgia","Fayette County",1,54,1813,861,952
050,13,113,"Georgia","Fayette County",1,55,1886,929,957
050,13,113,"Georgia","Fayette County",1,56,1903,921,982
050,13,113,"Georgia","Fayette County",1,57,1864,896,968
050,13,113,"Georgia","Fayette County",1,58,1859,927,932
050,13,113,"Georgia","Fayette County",1,59,1790,877,913
050,13,113,"Georgia","Fayette County",1,60,1717,837,880
050,13,113,"Georgia","Fayette County",1,61,1706,833,873
050,13,113,"Georgia","Fayette County",1,62,1768,861,907
050,13,113,"Georgia","Fayette County",1,63,1702,815,887
050,13,113,"Georgia","Fayette County",1,64,1634,754,880
050,13,113,"Georgia","Fayette County",1,65,1540,718,822
050,13,113,"Georgia","Fayette County",1,66,1530,703,827
050,13,113,"Georgia","Fayette County",1,67,1455,702,753
050,13,113,"Georgia","Fayette County",1,68,1421,679,742
050,13,113,"Georgia","Fayette County",1,69,1307,588,719
050,13,113,"Georgia","Fayette County",1,70,1371,630,741
050,13,113,"Georgia","Fayette County",1,71,1362,634,728
050,13,113,"Georgia","Fayette County",1,72,1383,659,724
050,13,113,"Georgia","Fayette County",1,73,1368,661,707
050,13,113,"Georgia","Fayette County",1,74,952,446,506
050,13,113,"Georgia","Fayette County",1,75,907,425,482
050,13,113,"Georgia","Fayette County",1,76,921,421,500
050,13,113,"Georgia","Fayette County",1,77,905,410,495
050,13,113,"Georgia","Fayette County",1,78,740,340,400
050,13,113,"Georgia","Fayette County",1,79,678,322,356
050,13,113,"Georgia","Fayette County",1,80,588,265,323
050,13,113,"Georgia","Fayette County",1,81,525,231,294
050,13,113,"Georgia","Fayette County",1,82,481,216,265
050,13,113,"Georgia","Fayette County",1,83,413,183,230
050,13,113,"Georgia","Fayette County",1,84,396,172,224
050,13,113,"Georgia","Fayette County",1,85,2187,730,1457
050,13,113,"Georgia","Fayette County",2,0,898,488,410
050,13,113,"Georgia","Fayette County",2,1,964,506,458
050,13,113,"Georgia","Fayette County",2,2,1060,539,521
050,13,113,"Georgia","Fayette County",2,3,1152,579,573
050,13,113,"Georgia","Fayette County",2,4,1226,631,595
050,13,113,"Georgia","Fayette County",2,5,1300,684,616
050,13,113,"Georgia","Fayette County",2,6,1393,722,671
050,13,113,"Georgia","Fayette County",2,7,1433,742,691
050,13,113,"Georgia","Fayette County",2,8,1504,758,746
050,13,113,"Georgia","Fayette County",2,9,1543,801,742
050,13,113,"Georgia","Fayette County",2,10,1642,859,783
050,13,113,"Georgia","Fayette County",2,11,1718,875,843
050,13,113,"Georgia","Fayette County",2,12,1850,918,932
050,13,113,"Georgia","Fayette County",2,13,1905,975,930
050,13,113,"Georgia","Fayette County",2,14,1970,1042,928
050,13,113,"Georgia","Fayette County",2,15,1983,1023,960
050,13,113,"Georgia","Fayette County",2,16,2061,1037,1024
050,13,113,"Georgia","Fayette County",2,17,2062,1026,1036
050,13,113,"Georgia","Fayette County",2,18,1750,885,865
050,13,113,"Georgia","Fayette County",2,19,1439,727,712
050,13,113,"Georgia","Fayette County",2,20,1452,744,708
050,13,113,"Georgia","Fayette County",2,21,1403,726,677
050,13,113,"Georgia","Fayette County",2,22,1402,699,703
050,13,113,"Georgia","Fayette County",2,23,1369,687,682
050,13,113,"Georgia","Fayette County",2,24,1259,642,617
050,13,113,"Georgia","Fayette County",2,25,1185,604,581
050,13,113,"Georgia","Fayette County",2,26,1119,571,548
050,13,113,"Georgia","Fayette County",2,27,1083,553,530
050,13,113,"Georgia","Fayette County",2,28,1038,525,513
050,13,113,"Georgia","Fayette County",2,29,975,480,495
050,13,113,"Georgia","Fayette County",2,30,998,471,527
050,13,113,"Georgia","Fayette County",2,31,960,464,496
050,13,113,"Georgia","Fayette County",2,32,1013,489,524
050,13,113,"Georgia","Fayette County",2,33,1081,511,570
050,13,113,"Georgia","Fayette County",2,34,1173,540,633
050,13,113,"Georgia","Fayette County",2,35,1229,553,676
050,13,113,"Georgia","Fayette County",2,36,1293,611,682
050,13,113,"Georgia","Fayette County",2,37,1380,666,714
050,13,113,"Georgia","Fayette County",2,38,1411,693,718
050,13,113,"Georgia","Fayette County",2,39,1421,674,747
050,13,113,"Georgia","Fayette County",2,40,1486,692,794
050,13,113,"Georgia","Fayette County",2,41,1444,691,753
050,13,113,"Georgia","Fayette County",2,42,1405,686,719
050,13,113,"Georgia","Fayette County",2,43,1452,716,736
050,13,113,"Georgia","Fayette County",2,44,1431,687,744
050,13,113,"Georgia","Fayette County",2,45,1530,724,806
050,13,113,"Georgia","Fayette County",2,46,1526,734,792
050,13,113,"Georgia","Fayette County",2,47,1548,734,814
050,13,113,"Georgia","Fayette County",2,48,1671,799,872
050,13,113,"Georgia","Fayette County",2,49,1777,852,925
050,13,113,"Georgia","Fayette County",2,50,1765,880,885
050,13,113,"Georgia","Fayette County",2,51,1707,850,857
050,13,113,"Georgia","Fayette County",2,52,1662,809,853
050,13,113,"Georgia","Fayette County",2,53,1719,823,896
050,13,113,"Georgia","Fayette County",2,54,1795,853,942
050,13,113,"Georgia","Fayette County",2,55,1867,908,959
050,13,113,"Georgia","Fayette County",2,56,1905,922,983
050,13,113,"Georgia","Fayette County",2,57,1873,901,972
050,13,113,"Georgia","Fayette County",2,58,1849,916,933
050,13,113,"Georgia","Fayette County",2,59,1810,890,920
050,13,113,"Georgia","Fayette County",2,60,1726,841,885
050,13,113,"Georgia","Fayette County",2,61,1696,827,869
050,13,113,"Georgia","Fayette County",2,62,1747,852,895
050,13,113,"Georgia","Fayette County",2,63,1722,823,899
050,13,113,"Georgia","Fayette County",2,64,1635,760,875
050,13,113,"Georgia","Fayette County",2,65,1559,725,834
050,13,113,"Georgia","Fayette County",2,66,1534,703,831
050,13,113,"Georgia","Fayette County",2,67,1473,701,772
050,13,113,"Georgia","Fayette County",2,68,1417,676,741
050,13,113,"Georgia","Fayette County",2,69,1342,613,729
050,13,113,"Georgia","Fayette County",2,70,1350,617,733
050,13,113,"Georgia","Fayette County",2,71,1362,629,733
050,13,113,"Georgia","Fayette County",2,72,1352,639,713
050,13,113,"Georgia","Fayette County",2,73,1424,682,742
050,13,113,"Georgia","Fayette County",2,74,987,465,522
050,13,113,"Georgia","Fayette County",2,75,923,431,492
050,13,113,"Georgia","Fayette County",2,76,903,412,491
050,13,113,"Georgia","Fayette County",2,77,922,418,504
050,13,113,"Georgia","Fayette County",2,78,766,349,417
050,13,113,"Georgia","Fayette County",2,79,691,325,366
050,13,113,"Georgia","Fayette County",2,80,607,277,330
050,13,113,"Georgia","Fayette County",2,81,535,237,298
050,13,113,"Georgia","Fayette County",2,82,491,218,273
050,13,113,"Georgia","Fayette County",2,83,415,186,229
050,13,113,"Georgia","Fayette County",2,84,393,171,222
050,13,113,"Georgia","Fayette County",2,85,2200,740,1460
050,13,113,"Georgia","Fayette County",3,0,833,445,388
050,13,113,"Georgia","Fayette County",3,1,1002,514,488
050,13,113,"Georgia","Fayette County",3,2,1016,539,477
050,13,113,"Georgia","Fayette County",3,3,1105,574,531
050,13,113,"Georgia","Fayette County",3,4,1224,629,595
050,13,113,"Georgia","Fayette County",3,5,1305,682,623
050,13,113,"Georgia","Fayette County",3,6,1357,719,638
050,13,113,"Georgia","Fayette County",3,7,1470,762,708
050,13,113,"Georgia","Fayette County",3,8,1528,772,756
050,13,113,"Georgia","Fayette County",3,9,1574,800,774
050,13,113,"Georgia","Fayette County",3,10,1613,835,778
050,13,113,"Georgia","Fayette County",3,11,1749,916,833
050,13,113,"Georgia","Fayette County",3,12,1798,908,890
050,13,113,"Georgia","Fayette County",3,13,1923,953,970
050,13,113,"Georgia","Fayette County",3,14,1960,989,971
050,13,113,"Georgia","Fayette County",3,15,2018,1049,969
050,13,113,"Georgia","Fayette County",3,16,1995,1046,949
050,13,113,"Georgia","Fayette County",3,17,2078,1036,1042
050,13,113,"Georgia","Fayette County",3,18,1753,894,859
050,13,113,"Georgia","Fayette County",3,19,1401,705,696
050,13,113,"Georgia","Fayette County",3,20,1486,756,730
050,13,113,"Georgia","Fayette County",3,21,1479,735,744
050,13,113,"Georgia","Fayette County",3,22,1422,734,688
050,13,113,"Georgia","Fayette County",3,23,1356,684,672
050,13,113,"Georgia","Fayette County",3,24,1287,671,616
050,13,113,"Georgia","Fayette County",3,25,1214,607,607
050,13,113,"Georgia","Fayette County",3,26,1126,591,535
050,13,113,"Georgia","Fayette County",3,27,1075,548,527
050,13,113,"Georgia","Fayette County",3,28,1071,521,550
050,13,113,"Georgia","Fayette County",3,29,1047,507,540
050,13,113,"Georgia","Fayette County",3,30,1033,519,514
050,13,113,"Georgia","Fayette County",3,31,1064,499,565
050,13,113,"Georgia","Fayette County",3,32,1010,488,522
050,13,113,"Georgia","Fayette County",3,33,1088,531,557
050,13,113,"Georgia","Fayette County",3,34,1131,525,606
050,13,113,"Georgia","Fayette County",3,35,1281,584,697
050,13,113,"Georgia","Fayette County",3,36,1325,627,698
050,13,113,"Georgia","Fayette County",3,37,1360,646,714
050,13,113,"Georgia","Fayette County",3,38,1435,690,745
050,13,113,"Georgia","Fayette County",3,39,1466,699,767
050,13,113,"Georgia","Fayette County",3,40,1491,711,780
050,13,113,"Georgia","Fayette County",3,41,1535,707,828
050,13,113,"Georgia","Fayette County",3,42,1483,715,768
050,13,113,"Georgia","Fayette County",3,43,1474,702,772
050,13,113,"Georgia","Fayette County",3,44,1491,729,762
050,13,113,"Georgia","Fayette County",3,45,1483,709,774
050,13,113,"Georgia","Fayette County",3,46,1570,746,824
050,13,113,"Georgia","Fayette County",3,47,1545,754,791
050,13,113,"Georgia","Fayette County",3,48,1559,734,825
050,13,113,"Georgia","Fayette County",3,49,1712,825,887
050,13,113,"Georgia","Fayette County",3,50,1786,856,930
050,13,113,"Georgia","Fayette County",3,51,1803,888,915
050,13,113,"Georgia","Fayette County",3,52,1735,852,883
050,13,113,"Georgia","Fayette County",3,53,1642,788,854
050,13,113,"Georgia","Fayette County",3,54,1695,817,878
050,13,113,"Georgia","Fayette County",3,55,1764,843,921
050,13,113,"Georgia","Fayette County",3,56,1838,887,951
050,13,113,"Georgia","Fayette County",3,57,1880,920,960
050,13,113,"Georgia","Fayette County",3,58,1850,905,945
050,13,113,"Georgia","Fayette County",3,59,1849,909,940
050,13,113,"Georgia","Fayette County",3,60,1796,875,921
050,13,113,"Georgia","Fayette County",3,61,1707,832,875
050,13,113,"Georgia","Fayette County",3,62,1651,802,849
050,13,113,"Georgia","Fayette County",3,63,1755,846,909
050,13,113,"Georgia","Fayette County",3,64,1719,806,913
050,13,113,"Georgia","Fayette County",3,65,1614,749,865
050,13,113,"Georgia","Fayette County",3,66,1520,710,810
050,13,113,"Georgia","Fayette County",3,67,1511,691,820
050,13,113,"Georgia","Fayette County",3,68,1449,690,759
050,13,113,"Georgia","Fayette County",3,69,1405,671,734
050,13,113,"Georgia","Fayette County",3,70,1326,606,720
050,13,113,"Georgia","Fayette County",3,71,1346,610,736
050,13,113,"Georgia","Fayette County",3,72,1348,622,726
050,13,113,"Georgia","Fayette County",3,73,1329,619,710
050,13,113,"Georgia","Fayette County",3,74,1384,663,721
050,13,113,"Georgia","Fayette County",3,75,982,458,524
050,13,113,"Georgia","Fayette County",3,76,897,414,483
050,13,113,"Georgia","Fayette County",3,77,874,396,478
050,13,113,"Georgia","Fayette County",3,78,880,401,479
050,13,113,"Georgia","Fayette County",3,79,750,348,402
050,13,113,"Georgia","Fayette County",3,80,648,303,345
050,13,113,"Georgia","Fayette County",3,81,582,256,326
050,13,113,"Georgia","Fayette County",3,82,524,224,300
050,13,113,"Georgia","Fayette County",3,83,459,204,255
050,13,113,"Georgia","Fayette County",3,84,382,169,213
050,13,113,"Georgia","Fayette County",3,85,2234,762,1472
050,13,113,"Georgia","Fayette County",4,0,917,473,444
050,13,113,"Georgia","Fayette County",4,1,902,462,440
050,13,113,"Georgia","Fayette County",4,2,1098,548,550
050,13,113,"Georgia","Fayette County",4,3,1096,577,519
050,13,113,"Georgia","Fayette County",4,4,1195,609,586
050,13,113,"Georgia","Fayette County",4,5,1297,660,637
050,13,113,"Georgia","Fayette County",4,6,1411,728,683
050,13,113,"Georgia","Fayette County",4,7,1435,759,676
050,13,113,"Georgia","Fayette County",4,8,1549,789,760
050,13,113,"Georgia","Fayette County",4,9,1609,817,792
050,13,113,"Georgia","Fayette County",4,10,1665,846,819
050,13,113,"Georgia","Fayette County",4,11,1663,857,806
050,13,113,"Georgia","Fayette County",4,12,1829,947,882
050,13,113,"Georgia","Fayette County",4,13,1843,937,906
050,13,113,"Georgia","Fayette County",4,14,1980,993,987
050,13,113,"Georgia","Fayette County",4,15,1993,1016,977
050,13,113,"Georgia","Fayette County",4,16,2019,1051,968
050,13,113,"Georgia","Fayette County",4,17,2024,1055,969
050,13,113,"Georgia","Fayette County",4,18,1769,918,851
050,13,113,"Georgia","Fayette County",4,19,1398,728,670
050,13,113,"Georgia","Fayette County",4,20,1444,708,736
050,13,113,"Georgia","Fayette County",4,21,1511,754,757
050,13,113,"Georgia","Fayette County",4,22,1452,715,737
050,13,113,"Georgia","Fayette County",4,23,1409,753,656
050,13,113,"Georgia","Fayette County",4,24,1288,638,650
050,13,113,"Georgia","Fayette County",4,25,1232,628,604
050,13,113,"Georgia","Fayette County",4,26,1107,557,550
050,13,113,"Georgia","Fayette County",4,27,1084,558,526
050,13,113,"Georgia","Fayette County",4,28,1068,535,533
050,13,113,"Georgia","Fayette County",4,29,1065,523,542
050,13,113,"Georgia","Fayette County",4,30,1037,517,520
050,13,113,"Georgia","Fayette County",4,31,1008,490,518
050,13,113,"Georgia","Fayette County",4,32,1125,541,584
050,13,113,"Georgia","Fayette County",4,33,1094,538,556
050,13,113,"Georgia","Fayette County",4,34,1184,583,601
050,13,113,"Georgia","Fayette County",4,35,1245,584,661
050,13,113,"Georgia","Fayette County",4,36,1367,633,734
050,13,113,"Georgia","Fayette County",4,37,1373,654,719
050,13,113,"Georgia","Fayette County",4,38,1433,694,739
050,13,113,"Georgia","Fayette County",4,39,1523,716,807
050,13,113,"Georgia","Fayette County",4,40,1492,725,767
050,13,113,"Georgia","Fayette County",4,41,1573,749,824
050,13,113,"Georgia","Fayette County",4,42,1615,756,859
050,13,113,"Georgia","Fayette County",4,43,1521,731,790
050,13,113,"Georgia","Fayette County",4,44,1544,744,800
050,13,113,"Georgia","Fayette County",4,45,1538,758,780
050,13,113,"Georgia","Fayette County",4,46,1509,731,778
050,13,113,"Georgia","Fayette County",4,47,1604,762,842
050,13,113,"Georgia","Fayette County",4,48,1561,765,796
050,13,113,"Georgia","Fayette County",4,49,1546,728,818
050,13,113,"Georgia","Fayette County",4,50,1736,835,901
050,13,113,"Georgia","Fayette County",4,51,1793,849,944
050,13,113,"Georgia","Fayette County",4,52,1827,900,927
050,13,113,"Georgia","Fayette County",4,53,1737,859,878
050,13,113,"Georgia","Fayette County",4,54,1616,790,826
050,13,113,"Georgia","Fayette County",4,55,1726,831,895
050,13,113,"Georgia","Fayette County",4,56,1715,809,906
050,13,113,"Georgia","Fayette County",4,57,1813,876,937
050,13,113,"Georgia","Fayette County",4,58,1843,901,942
050,13,113,"Georgia","Fayette County",4,59,1826,915,911
050,13,113,"Georgia","Fayette County",4,60,1821,875,946
050,13,113,"Georgia","Fayette County",4,61,1763,860,903
050,13,113,"Georgia","Fayette County",4,62,1684,814,870
050,13,113,"Georgia","Fayette County",4,63,1647,795,852
050,13,113,"Georgia","Fayette County",4,64,1738,838,900
050,13,113,"Georgia","Fayette County",4,65,1699,792,907
050,13,113,"Georgia","Fayette County",4,66,1585,738,847
050,13,113,"Georgia","Fayette County",4,67,1505,709,796
050,13,113,"Georgia","Fayette County",4,68,1469,667,802
050,13,113,"Georgia","Fayette County",4,69,1441,678,763
050,13,113,"Georgia","Fayette County",4,70,1415,670,745
050,13,113,"Georgia","Fayette County",4,71,1303,588,715
050,13,113,"Georgia","Fayette County",4,72,1341,605,736
050,13,113,"Georgia","Fayette County",4,73,1306,594,712
050,13,113,"Georgia","Fayette County",4,74,1303,594,709
050,13,113,"Georgia","Fayette County",4,75,1364,644,720
050,13,113,"Georgia","Fayette County",4,76,976,447,529
050,13,113,"Georgia","Fayette County",4,77,872,400,472
050,13,113,"Georgia","Fayette County",4,78,849,371,478
050,13,113,"Georgia","Fayette County",4,79,867,388,479
050,13,113,"Georgia","Fayette County",4,80,708,330,378
050,13,113,"Georgia","Fayette County",4,81,620,286,334
050,13,113,"Georgia","Fayette County",4,82,578,248,330
050,13,113,"Georgia","Fayette County",4,83,491,205,286
050,13,113,"Georgia","Fayette County",4,84,437,196,241
050,13,113,"Georgia","Fayette County",4,85,2323,806,1517
050,13,113,"Georgia","Fayette County",5,0,924,480,444
050,13,113,"Georgia","Fayette County",5,1,998,494,504
050,13,113,"Georgia","Fayette County",5,2,1002,529,473
050,13,113,"Georgia","Fayette County",5,3,1132,559,573
050,13,113,"Georgia","Fayette County",5,4,1144,612,532
050,13,113,"Georgia","Fayette County",5,5,1256,646,610
050,13,113,"Georgia","Fayette County",5,6,1403,689,714
050,13,113,"Georgia","Fayette County",5,7,1487,761,726
050,13,113,"Georgia","Fayette County",5,8,1540,808,732
050,13,113,"Georgia","Fayette County",5,9,1607,815,792
050,13,113,"Georgia","Fayette County",5,10,1656,847,809
050,13,113,"Georgia","Fayette County",5,11,1686,862,824
050,13,113,"Georgia","Fayette County",5,12,1727,896,831
050,13,113,"Georgia","Fayette County",5,13,1857,964,893
050,13,113,"Georgia","Fayette County",5,14,1879,963,916
050,13,113,"Georgia","Fayette County",5,15,2024,1014,1010
050,13,113,"Georgia","Fayette County",5,16,1997,1023,974
050,13,113,"Georgia","Fayette County",5,17,2058,1050,1008
050,13,113,"Georgia","Fayette County",5,18,1729,926,803
050,13,113,"Georgia","Fayette County",5,19,1423,742,681
050,13,113,"Georgia","Fayette County",5,20,1459,738,721
050,13,113,"Georgia","Fayette County",5,21,1490,722,768
050,13,113,"Georgia","Fayette County",5,22,1535,756,779
050,13,113,"Georgia","Fayette County",5,23,1455,726,729
050,13,113,"Georgia","Fayette County",5,24,1326,714,612
050,13,113,"Georgia","Fayette County",5,25,1200,609,591
050,13,113,"Georgia","Fayette County",5,26,1198,607,591
050,13,113,"Georgia","Fayette County",5,27,1093,530,563
050,13,113,"Georgia","Fayette County",5,28,1101,571,530
050,13,113,"Georgia","Fayette County",5,29,1058,530,528
050,13,113,"Georgia","Fayette County",5,30,1072,522,550
050,13,113,"Georgia","Fayette County",5,31,1057,523,534
050,13,113,"Georgia","Fayette County",5,32,1070,512,558
050,13,113,"Georgia","Fayette County",5,33,1212,578,634
050,13,113,"Georgia","Fayette County",5,34,1178,583,595
050,13,113,"Georgia","Fayette County",5,35,1230,602,628
050,13,113,"Georgia","Fayette County",5,36,1343,646,697
050,13,113,"Georgia","Fayette County",5,37,1406,658,748
050,13,113,"Georgia","Fayette County",5,38,1450,692,758
050,13,113,"Georgia","Fayette County",5,39,1516,735,781
050,13,113,"Georgia","Fayette County",5,40,1586,717,869
050,13,113,"Georgia","Fayette County",5,41,1564,770,794
050,13,113,"Georgia","Fayette County",5,42,1633,780,853
050,13,113,"Georgia","Fayette County",5,43,1710,794,916
050,13,113,"Georgia","Fayette County",5,44,1598,782,816
050,13,113,"Georgia","Fayette County",5,45,1565,766,799
050,13,113,"Georgia","Fayette County",5,46,1581,775,806
050,13,113,"Georgia","Fayette County",5,47,1569,761,808
050,13,113,"Georgia","Fayette County",5,48,1595,753,842
050,13,113,"Georgia","Fayette County",5,49,1566,765,801
050,13,113,"Georgia","Fayette County",5,50,1527,739,788
050,13,113,"Georgia","Fayette County",5,51,1747,834,913
050,13,113,"Georgia","Fayette County",5,52,1767,850,917
050,13,113,"Georgia","Fayette County",5,53,1816,876,940
050,13,113,"Georgia","Fayette County",5,54,1754,874,880
050,13,113,"Georgia","Fayette County",5,55,1600,783,817
050,13,113,"Georgia","Fayette County",5,56,1705,820,885
050,13,113,"Georgia","Fayette County",5,57,1695,803,892
050,13,113,"Georgia","Fayette County",5,58,1791,859,932
050,13,113,"Georgia","Fayette County",5,59,1836,909,927
050,13,113,"Georgia","Fayette County",5,60,1813,896,917
050,13,113,"Georgia","Fayette County",5,61,1780,862,918
050,13,113,"Georgia","Fayette County",5,62,1762,870,892
050,13,113,"Georgia","Fayette County",5,63,1675,794,881
050,13,113,"Georgia","Fayette County",5,64,1652,794,858
050,13,113,"Georgia","Fayette County",5,65,1724,828,896
050,13,113,"Georgia","Fayette County",5,66,1677,775,902
050,13,113,"Georgia","Fayette County",5,67,1581,731,850
050,13,113,"Georgia","Fayette County",5,68,1474,686,788
050,13,113,"Georgia","Fayette County",5,69,1462,655,807
050,13,113,"Georgia","Fayette County",5,70,1423,673,750
050,13,113,"Georgia","Fayette County",5,71,1386,651,735
050,13,113,"Georgia","Fayette County",5,72,1301,588,713
050,13,113,"Georgia","Fayette County",5,73,1318,596,722
050,13,113,"Georgia","Fayette County",5,74,1283,585,698
050,13,113,"Georgia","Fayette County",5,75,1266,566,700
050,13,113,"Georgia","Fayette County",5,76,1322,625,697
050,13,113,"Georgia","Fayette County",5,77,951,430,521
050,13,113,"Georgia","Fayette County",5,78,837,381,456
050,13,113,"Georgia","Fayette County",5,79,836,359,477
050,13,113,"Georgia","Fayette County",5,80,828,368,460
050,13,113,"Georgia","Fayette County",5,81,679,318,361
050,13,113,"Georgia","Fayette County",5,82,631,284,347
050,13,113,"Georgia","Fayette County",5,83,538,229,309
050,13,113,"Georgia","Fayette County",5,84,457,186,271
050,13,113,"Georgia","Fayette County",5,85,2512,897,1615
050,13,115,"Georgia","Floyd County",1,0,1058,541,517
050,13,115,"Georgia","Floyd County",1,1,1085,572,513
050,13,115,"Georgia","Floyd County",1,2,1110,573,537
050,13,115,"Georgia","Floyd County",1,3,1183,625,558
050,13,115,"Georgia","Floyd County",1,4,1281,627,654
050,13,115,"Georgia","Floyd County",1,5,1202,615,587
050,13,115,"Georgia","Floyd County",1,6,1205,633,572
050,13,115,"Georgia","Floyd County",1,7,1211,616,595
050,13,115,"Georgia","Floyd County",1,8,1211,613,598
050,13,115,"Georgia","Floyd County",1,9,1266,659,607
050,13,115,"Georgia","Floyd County",1,10,1309,676,633
050,13,115,"Georgia","Floyd County",1,11,1296,656,640
050,13,115,"Georgia","Floyd County",1,12,1409,737,672
050,13,115,"Georgia","Floyd County",1,13,1439,733,706
050,13,115,"Georgia","Floyd County",1,14,1372,729,643
050,13,115,"Georgia","Floyd County",1,15,1332,687,645
050,13,115,"Georgia","Floyd County",1,16,1346,699,647
050,13,115,"Georgia","Floyd County",1,17,1343,682,661
050,13,115,"Georgia","Floyd County",1,18,1763,718,1045
050,13,115,"Georgia","Floyd County",1,19,1846,842,1004
050,13,115,"Georgia","Floyd County",1,20,1580,688,892
050,13,115,"Georgia","Floyd County",1,21,1284,587,697
050,13,115,"Georgia","Floyd County",1,22,1262,568,694
050,13,115,"Georgia","Floyd County",1,23,1319,638,681
050,13,115,"Georgia","Floyd County",1,24,1302,680,622
050,13,115,"Georgia","Floyd County",1,25,1226,627,599
050,13,115,"Georgia","Floyd County",1,26,1221,593,628
050,13,115,"Georgia","Floyd County",1,27,1263,643,620
050,13,115,"Georgia","Floyd County",1,28,1313,653,660
050,13,115,"Georgia","Floyd County",1,29,1384,660,724
050,13,115,"Georgia","Floyd County",1,30,1335,686,649
050,13,115,"Georgia","Floyd County",1,31,1300,681,619
050,13,115,"Georgia","Floyd County",1,32,1231,644,587
050,13,115,"Georgia","Floyd County",1,33,1177,582,595
050,13,115,"Georgia","Floyd County",1,34,1193,598,595
050,13,115,"Georgia","Floyd County",1,35,1172,571,601
050,13,115,"Georgia","Floyd County",1,36,1174,559,615
050,13,115,"Georgia","Floyd County",1,37,1201,552,649
050,13,115,"Georgia","Floyd County",1,38,1266,620,646
050,13,115,"Georgia","Floyd County",1,39,1270,650,620
050,13,115,"Georgia","Floyd County",1,40,1233,627,606
050,13,115,"Georgia","Floyd County",1,41,1149,549,600
050,13,115,"Georgia","Floyd County",1,42,1155,589,566
050,13,115,"Georgia","Floyd County",1,43,1144,598,546
050,13,115,"Georgia","Floyd County",1,44,1167,596,571
050,13,115,"Georgia","Floyd County",1,45,1128,571,557
050,13,115,"Georgia","Floyd County",1,46,1160,580,580
050,13,115,"Georgia","Floyd County",1,47,1228,623,605
050,13,115,"Georgia","Floyd County",1,48,1229,633,596
050,13,115,"Georgia","Floyd County",1,49,1336,677,659
050,13,115,"Georgia","Floyd County",1,50,1267,628,639
050,13,115,"Georgia","Floyd County",1,51,1238,627,611
050,13,115,"Georgia","Floyd County",1,52,1217,600,617
050,13,115,"Georgia","Floyd County",1,53,1198,578,620
050,13,115,"Georgia","Floyd County",1,54,1225,600,625
050,13,115,"Georgia","Floyd County",1,55,1269,611,658
050,13,115,"Georgia","Floyd County",1,56,1266,607,659
050,13,115,"Georgia","Floyd County",1,57,1278,623,655
050,13,115,"Georgia","Floyd County",1,58,1281,631,650
050,13,115,"Georgia","Floyd County",1,59,1260,629,631
050,13,115,"Georgia","Floyd County",1,60,1232,602,630
050,13,115,"Georgia","Floyd County",1,61,1182,582,600
050,13,115,"Georgia","Floyd County",1,62,1235,600,635
050,13,115,"Georgia","Floyd County",1,63,1237,610,627
050,13,115,"Georgia","Floyd County",1,64,1141,545,596
050,13,115,"Georgia","Floyd County",1,65,1110,519,591
050,13,115,"Georgia","Floyd County",1,66,1136,528,608
050,13,115,"Georgia","Floyd County",1,67,1097,516,581
050,13,115,"Georgia","Floyd County",1,68,1056,512,544
050,13,115,"Georgia","Floyd County",1,69,950,449,501
050,13,115,"Georgia","Floyd County",1,70,934,427,507
050,13,115,"Georgia","Floyd County",1,71,886,384,502
050,13,115,"Georgia","Floyd County",1,72,913,405,508
050,13,115,"Georgia","Floyd County",1,73,948,447,501
050,13,115,"Georgia","Floyd County",1,74,663,314,349
050,13,115,"Georgia","Floyd County",1,75,657,298,359
050,13,115,"Georgia","Floyd County",1,76,610,281,329
050,13,115,"Georgia","Floyd County",1,77,640,298,342
050,13,115,"Georgia","Floyd County",1,78,569,239,330
050,13,115,"Georgia","Floyd County",1,79,531,219,312
050,13,115,"Georgia","Floyd County",1,80,490,196,294
050,13,115,"Georgia","Floyd County",1,81,442,174,268
050,13,115,"Georgia","Floyd County",1,82,375,139,236
050,13,115,"Georgia","Floyd County",1,83,343,150,193
050,13,115,"Georgia","Floyd County",1,84,322,128,194
050,13,115,"Georgia","Floyd County",1,85,1715,572,1143
050,13,115,"Georgia","Floyd County",2,0,1059,541,518
050,13,115,"Georgia","Floyd County",2,1,1071,560,511
050,13,115,"Georgia","Floyd County",2,2,1104,575,529
050,13,115,"Georgia","Floyd County",2,3,1170,613,557
050,13,115,"Georgia","Floyd County",2,4,1262,628,634
050,13,115,"Georgia","Floyd County",2,5,1224,619,605
050,13,115,"Georgia","Floyd County",2,6,1206,629,577
050,13,115,"Georgia","Floyd County",2,7,1206,618,588
050,13,115,"Georgia","Floyd County",2,8,1206,611,595
050,13,115,"Georgia","Floyd County",2,9,1253,646,607
050,13,115,"Georgia","Floyd County",2,10,1294,667,627
050,13,115,"Georgia","Floyd County",2,11,1290,657,633
050,13,115,"Georgia","Floyd County",2,12,1390,723,667
050,13,115,"Georgia","Floyd County",2,13,1436,739,697
050,13,115,"Georgia","Floyd County",2,14,1389,731,658
050,13,115,"Georgia","Floyd County",2,15,1341,698,643
050,13,115,"Georgia","Floyd County",2,16,1348,700,648
050,13,115,"Georgia","Floyd County",2,17,1344,686,658
050,13,115,"Georgia","Floyd County",2,18,1759,714,1045
050,13,115,"Georgia","Floyd County",2,19,1845,842,1003
050,13,115,"Georgia","Floyd County",2,20,1598,697,901
050,13,115,"Georgia","Floyd County",2,21,1286,591,695
050,13,115,"Georgia","Floyd County",2,22,1278,578,700
050,13,115,"Georgia","Floyd County",2,23,1305,630,675
050,13,115,"Georgia","Floyd County",2,24,1308,677,631
050,13,115,"Georgia","Floyd County",2,25,1229,625,604
050,13,115,"Georgia","Floyd County",2,26,1222,598,624
050,13,115,"Georgia","Floyd County",2,27,1254,630,624
050,13,115,"Georgia","Floyd County",2,28,1308,654,654
050,13,115,"Georgia","Floyd County",2,29,1362,653,709
050,13,115,"Georgia","Floyd County",2,30,1361,688,673
050,13,115,"Georgia","Floyd County",2,31,1303,678,625
050,13,115,"Georgia","Floyd County",2,32,1241,645,596
050,13,115,"Georgia","Floyd County",2,33,1193,600,593
050,13,115,"Georgia","Floyd County",2,34,1196,595,601
050,13,115,"Georgia","Floyd County",2,35,1191,586,605
050,13,115,"Georgia","Floyd County",2,36,1165,558,607
050,13,115,"Georgia","Floyd County",2,37,1196,549,647
050,13,115,"Georgia","Floyd County",2,38,1257,609,648
050,13,115,"Georgia","Floyd County",2,39,1268,647,621
050,13,115,"Georgia","Floyd County",2,40,1243,625,618
050,13,115,"Georgia","Floyd County",2,41,1169,567,602
050,13,115,"Georgia","Floyd County",2,42,1146,573,573
050,13,115,"Georgia","Floyd County",2,43,1153,600,553
050,13,115,"Georgia","Floyd County",2,44,1154,593,561
050,13,115,"Georgia","Floyd County",2,45,1145,581,564
050,13,115,"Georgia","Floyd County",2,46,1151,579,572
050,13,115,"Georgia","Floyd County",2,47,1212,610,602
050,13,115,"Georgia","Floyd County",2,48,1227,631,596
050,13,115,"Georgia","Floyd County",2,49,1323,676,647
050,13,115,"Georgia","Floyd County",2,50,1286,641,645
050,13,115,"Georgia","Floyd County",2,51,1244,625,619
050,13,115,"Georgia","Floyd County",2,52,1218,603,615
050,13,115,"Georgia","Floyd County",2,53,1199,581,618
050,13,115,"Georgia","Floyd County",2,54,1218,594,624
050,13,115,"Georgia","Floyd County",2,55,1248,605,643
050,13,115,"Georgia","Floyd County",2,56,1268,612,656
050,13,115,"Georgia","Floyd County",2,57,1274,619,655
050,13,115,"Georgia","Floyd County",2,58,1283,629,654
050,13,115,"Georgia","Floyd County",2,59,1267,629,638
050,13,115,"Georgia","Floyd County",2,60,1236,609,627
050,13,115,"Georgia","Floyd County",2,61,1185,580,605
050,13,115,"Georgia","Floyd County",2,62,1215,590,625
050,13,115,"Georgia","Floyd County",2,63,1240,609,631
050,13,115,"Georgia","Floyd County",2,64,1154,556,598
050,13,115,"Georgia","Floyd County",2,65,1113,522,591
050,13,115,"Georgia","Floyd County",2,66,1128,524,604
050,13,115,"Georgia","Floyd County",2,67,1101,518,583
050,13,115,"Georgia","Floyd County",2,68,1053,507,546
050,13,115,"Georgia","Floyd County",2,69,974,463,511
050,13,115,"Georgia","Floyd County",2,70,936,429,507
050,13,115,"Georgia","Floyd County",2,71,894,391,503
050,13,115,"Georgia","Floyd County",2,72,890,394,496
050,13,115,"Georgia","Floyd County",2,73,979,456,523
050,13,115,"Georgia","Floyd County",2,74,684,324,360
050,13,115,"Georgia","Floyd County",2,75,654,300,354
050,13,115,"Georgia","Floyd County",2,76,608,277,331
050,13,115,"Georgia","Floyd County",2,77,640,296,344
050,13,115,"Georgia","Floyd County",2,78,570,247,323
050,13,115,"Georgia","Floyd County",2,79,526,215,311
050,13,115,"Georgia","Floyd County",2,80,491,195,296
050,13,115,"Georgia","Floyd County",2,81,442,175,267
050,13,115,"Georgia","Floyd County",2,82,382,144,238
050,13,115,"Georgia","Floyd County",2,83,341,143,198
050,13,115,"Georgia","Floyd County",2,84,316,131,185
050,13,115,"Georgia","Floyd County",2,85,1685,574,1111
050,13,115,"Georgia","Floyd County",3,0,1096,575,521
050,13,115,"Georgia","Floyd County",3,1,1103,587,516
050,13,115,"Georgia","Floyd County",3,2,1072,561,511
050,13,115,"Georgia","Floyd County",3,3,1146,619,527
050,13,115,"Georgia","Floyd County",3,4,1198,649,549
050,13,115,"Georgia","Floyd County",3,5,1250,617,633
050,13,115,"Georgia","Floyd County",3,6,1231,624,607
050,13,115,"Georgia","Floyd County",3,7,1199,635,564
050,13,115,"Georgia","Floyd County",3,8,1199,613,586
050,13,115,"Georgia","Floyd County",3,9,1184,595,589
050,13,115,"Georgia","Floyd County",3,10,1247,645,602
050,13,115,"Georgia","Floyd County",3,11,1286,661,625
050,13,115,"Georgia","Floyd County",3,12,1301,675,626
050,13,115,"Georgia","Floyd County",3,13,1412,735,677
050,13,115,"Georgia","Floyd County",3,14,1427,735,692
050,13,115,"Georgia","Floyd County",3,15,1406,740,666
050,13,115,"Georgia","Floyd County",3,16,1336,697,639
050,13,115,"Georgia","Floyd County",3,17,1339,693,646
050,13,115,"Georgia","Floyd County",3,18,1747,701,1046
050,13,115,"Georgia","Floyd County",3,19,1815,815,1000
050,13,115,"Georgia","Floyd County",3,20,1622,714,908
050,13,115,"Georgia","Floyd County",3,21,1290,623,667
050,13,115,"Georgia","Floyd County",3,22,1302,613,689
050,13,115,"Georgia","Floyd County",3,23,1288,607,681
050,13,115,"Georgia","Floyd County",3,24,1345,678,667
050,13,115,"Georgia","Floyd County",3,25,1264,653,611
050,13,115,"Georgia","Floyd County",3,26,1217,610,607
050,13,115,"Georgia","Floyd County",3,27,1255,625,630
050,13,115,"Georgia","Floyd County",3,28,1237,613,624
050,13,115,"Georgia","Floyd County",3,29,1281,635,646
050,13,115,"Georgia","Floyd County",3,30,1406,677,729
050,13,115,"Georgia","Floyd County",3,31,1370,671,699
050,13,115,"Georgia","Floyd County",3,32,1317,687,630
050,13,115,"Georgia","Floyd County",3,33,1250,661,589
050,13,115,"Georgia","Floyd County",3,34,1191,592,599
050,13,115,"Georgia","Floyd County",3,35,1210,603,607
050,13,115,"Georgia","Floyd County",3,36,1168,573,595
050,13,115,"Georgia","Floyd County",3,37,1163,547,616
050,13,115,"Georgia","Floyd County",3,38,1187,551,636
050,13,115,"Georgia","Floyd County",3,39,1270,629,641
050,13,115,"Georgia","Floyd County",3,40,1230,601,629
050,13,115,"Georgia","Floyd County",3,41,1227,609,618
050,13,115,"Georgia","Floyd County",3,42,1130,544,586
050,13,115,"Georgia","Floyd County",3,43,1148,582,566
050,13,115,"Georgia","Floyd County",3,44,1151,599,552
050,13,115,"Georgia","Floyd County",3,45,1136,582,554
050,13,115,"Georgia","Floyd County",3,46,1147,587,560
050,13,115,"Georgia","Floyd County",3,47,1145,572,573
050,13,115,"Georgia","Floyd County",3,48,1219,620,599
050,13,115,"Georgia","Floyd County",3,49,1235,641,594
050,13,115,"Georgia","Floyd County",3,50,1305,665,640
050,13,115,"Georgia","Floyd County",3,51,1283,626,657
050,13,115,"Georgia","Floyd County",3,52,1217,608,609
050,13,115,"Georgia","Floyd County",3,53,1214,588,626
050,13,115,"Georgia","Floyd County",3,54,1211,588,623
050,13,115,"Georgia","Floyd County",3,55,1197,579,618
050,13,115,"Georgia","Floyd County",3,56,1246,591,655
050,13,115,"Georgia","Floyd County",3,57,1233,591,642
050,13,115,"Georgia","Floyd County",3,58,1301,627,674
050,13,115,"Georgia","Floyd County",3,59,1289,630,659
050,13,115,"Georgia","Floyd County",3,60,1235,608,627
050,13,115,"Georgia","Floyd County",3,61,1223,599,624
050,13,115,"Georgia","Floyd County",3,62,1182,571,611
050,13,115,"Georgia","Floyd County",3,63,1181,569,612
050,13,115,"Georgia","Floyd County",3,64,1237,607,630
050,13,115,"Georgia","Floyd County",3,65,1130,542,588
050,13,115,"Georgia","Floyd County",3,66,1081,506,575
050,13,115,"Georgia","Floyd County",3,67,1103,507,596
050,13,115,"Georgia","Floyd County",3,68,1064,495,569
050,13,115,"Georgia","Floyd County",3,69,1005,483,522
050,13,115,"Georgia","Floyd County",3,70,984,463,521
050,13,115,"Georgia","Floyd County",3,71,902,411,491
050,13,115,"Georgia","Floyd County",3,72,871,373,498
050,13,115,"Georgia","Floyd County",3,73,835,366,469
050,13,115,"Georgia","Floyd County",3,74,943,443,500
050,13,115,"Georgia","Floyd County",3,75,663,307,356
050,13,115,"Georgia","Floyd County",3,76,620,279,341
050,13,115,"Georgia","Floyd County",3,77,587,273,314
050,13,115,"Georgia","Floyd County",3,78,609,281,328
050,13,115,"Georgia","Floyd County",3,79,524,226,298
050,13,115,"Georgia","Floyd County",3,80,497,199,298
050,13,115,"Georgia","Floyd County",3,81,462,181,281
050,13,115,"Georgia","Floyd County",3,82,391,155,236
050,13,115,"Georgia","Floyd County",3,83,339,125,214
050,13,115,"Georgia","Floyd County",3,84,309,127,182
050,13,115,"Georgia","Floyd County",3,85,1619,586,1033
050,13,115,"Georgia","Floyd County",4,0,1120,559,561
050,13,115,"Georgia","Floyd County",4,1,1131,607,524
050,13,115,"Georgia","Floyd County",4,2,1127,593,534
050,13,115,"Georgia","Floyd County",4,3,1096,576,520
050,13,115,"Georgia","Floyd County",4,4,1147,608,539
050,13,115,"Georgia","Floyd County",4,5,1225,653,572
050,13,115,"Georgia","Floyd County",4,6,1281,641,640
050,13,115,"Georgia","Floyd County",4,7,1257,638,619
050,13,115,"Georgia","Floyd County",4,8,1209,645,564
050,13,115,"Georgia","Floyd County",4,9,1190,603,587
050,13,115,"Georgia","Floyd County",4,10,1237,618,619
050,13,115,"Georgia","Floyd County",4,11,1271,664,607
050,13,115,"Georgia","Floyd County",4,12,1319,682,637
050,13,115,"Georgia","Floyd County",4,13,1329,698,631
050,13,115,"Georgia","Floyd County",4,14,1407,745,662
050,13,115,"Georgia","Floyd County",4,15,1461,762,699
050,13,115,"Georgia","Floyd County",4,16,1407,754,653
050,13,115,"Georgia","Floyd County",4,17,1336,686,650
050,13,115,"Georgia","Floyd County",4,18,1750,715,1035
050,13,115,"Georgia","Floyd County",4,19,1811,809,1002
050,13,115,"Georgia","Floyd County",4,20,1571,673,898
050,13,115,"Georgia","Floyd County",4,21,1355,659,696
050,13,115,"Georgia","Floyd County",4,22,1352,655,697
050,13,115,"Georgia","Floyd County",4,23,1334,655,679
050,13,115,"Georgia","Floyd County",4,24,1364,684,680
050,13,115,"Georgia","Floyd County",4,25,1370,671,699
050,13,115,"Georgia","Floyd County",4,26,1274,639,635
050,13,115,"Georgia","Floyd County",4,27,1234,600,634
050,13,115,"Georgia","Floyd County",4,28,1269,645,624
050,13,115,"Georgia","Floyd County",4,29,1221,598,623
050,13,115,"Georgia","Floyd County",4,30,1332,658,674
050,13,115,"Georgia","Floyd County",4,31,1421,670,751
050,13,115,"Georgia","Floyd County",4,32,1367,679,688
050,13,115,"Georgia","Floyd County",4,33,1336,713,623
050,13,115,"Georgia","Floyd County",4,34,1253,662,591
050,13,115,"Georgia","Floyd County",4,35,1248,627,621
050,13,115,"Georgia","Floyd County",4,36,1235,612,623
050,13,115,"Georgia","Floyd County",4,37,1160,558,602
050,13,115,"Georgia","Floyd County",4,38,1173,554,619
050,13,115,"Georgia","Floyd County",4,39,1247,615,632
050,13,115,"Georgia","Floyd County",4,40,1237,598,639
050,13,115,"Georgia","Floyd County",4,41,1217,595,622
050,13,115,"Georgia","Floyd County",4,42,1235,605,630
050,13,115,"Georgia","Floyd County",4,43,1162,564,598
050,13,115,"Georgia","Floyd County",4,44,1158,579,579
050,13,115,"Georgia","Floyd County",4,45,1166,610,556
050,13,115,"Georgia","Floyd County",4,46,1141,583,558
050,13,115,"Georgia","Floyd County",4,47,1177,599,578
050,13,115,"Georgia","Floyd County",4,48,1149,571,578
050,13,115,"Georgia","Floyd County",4,49,1251,636,615
050,13,115,"Georgia","Floyd County",4,50,1221,634,587
050,13,115,"Georgia","Floyd County",4,51,1335,672,663
050,13,115,"Georgia","Floyd County",4,52,1290,629,661
050,13,115,"Georgia","Floyd County",4,53,1202,596,606
050,13,115,"Georgia","Floyd County",4,54,1226,602,624
050,13,115,"Georgia","Floyd County",4,55,1202,584,618
050,13,115,"Georgia","Floyd County",4,56,1203,583,620
050,13,115,"Georgia","Floyd County",4,57,1227,576,651
050,13,115,"Georgia","Floyd County",4,58,1248,586,662
050,13,115,"Georgia","Floyd County",4,59,1276,622,654
050,13,115,"Georgia","Floyd County",4,60,1274,616,658
050,13,115,"Georgia","Floyd County",4,61,1215,603,612
050,13,115,"Georgia","Floyd County",4,62,1218,598,620
050,13,115,"Georgia","Floyd County",4,63,1182,573,609
050,13,115,"Georgia","Floyd County",4,64,1160,556,604
050,13,115,"Georgia","Floyd County",4,65,1207,587,620
050,13,115,"Georgia","Floyd County",4,66,1098,523,575
050,13,115,"Georgia","Floyd County",4,67,1059,492,567
050,13,115,"Georgia","Floyd County",4,68,1047,487,560
050,13,115,"Georgia","Floyd County",4,69,1035,482,553
050,13,115,"Georgia","Floyd County",4,70,991,474,517
050,13,115,"Georgia","Floyd County",4,71,954,447,507
050,13,115,"Georgia","Floyd County",4,72,895,406,489
050,13,115,"Georgia","Floyd County",4,73,845,357,488
050,13,115,"Georgia","Floyd County",4,74,806,343,463
050,13,115,"Georgia","Floyd County",4,75,913,426,487
050,13,115,"Georgia","Floyd County",4,76,638,292,346
050,13,115,"Georgia","Floyd County",4,77,603,278,325
050,13,115,"Georgia","Floyd County",4,78,561,252,309
050,13,115,"Georgia","Floyd County",4,79,574,264,310
050,13,115,"Georgia","Floyd County",4,80,495,214,281
050,13,115,"Georgia","Floyd County",4,81,468,189,279
050,13,115,"Georgia","Floyd County",4,82,415,162,253
050,13,115,"Georgia","Floyd County",4,83,349,133,216
050,13,115,"Georgia","Floyd County",4,84,296,99,197
050,13,115,"Georgia","Floyd County",4,85,1589,601,988
050,13,115,"Georgia","Floyd County",5,0,1131,569,562
050,13,115,"Georgia","Floyd County",5,1,1130,586,544
050,13,115,"Georgia","Floyd County",5,2,1141,608,533
050,13,115,"Georgia","Floyd County",5,3,1173,617,556
050,13,115,"Georgia","Floyd County",5,4,1127,603,524
050,13,115,"Georgia","Floyd County",5,5,1189,637,552
050,13,115,"Georgia","Floyd County",5,6,1251,678,573
050,13,115,"Georgia","Floyd County",5,7,1278,635,643
050,13,115,"Georgia","Floyd County",5,8,1261,644,617
050,13,115,"Georgia","Floyd County",5,9,1237,653,584
050,13,115,"Georgia","Floyd County",5,10,1207,612,595
050,13,115,"Georgia","Floyd County",5,11,1260,629,631
050,13,115,"Georgia","Floyd County",5,12,1318,674,644
050,13,115,"Georgia","Floyd County",5,13,1325,687,638
050,13,115,"Georgia","Floyd County",5,14,1326,686,640
050,13,115,"Georgia","Floyd County",5,15,1440,745,695
050,13,115,"Georgia","Floyd County",5,16,1468,758,710
050,13,115,"Georgia","Floyd County",5,17,1408,751,657
050,13,115,"Georgia","Floyd County",5,18,1746,701,1045
050,13,115,"Georgia","Floyd County",5,19,1790,817,973
050,13,115,"Georgia","Floyd County",5,20,1614,690,924
050,13,115,"Georgia","Floyd County",5,21,1286,620,666
050,13,115,"Georgia","Floyd County",5,22,1364,667,697
050,13,115,"Georgia","Floyd County",5,23,1355,691,664
050,13,115,"Georgia","Floyd County",5,24,1398,719,679
050,13,115,"Georgia","Floyd County",5,25,1342,661,681
050,13,115,"Georgia","Floyd County",5,26,1338,648,690
050,13,115,"Georgia","Floyd County",5,27,1314,661,653
050,13,115,"Georgia","Floyd County",5,28,1263,601,662
050,13,115,"Georgia","Floyd County",5,29,1245,622,623
050,13,115,"Georgia","Floyd County",5,30,1245,609,636
050,13,115,"Georgia","Floyd County",5,31,1319,650,669
050,13,115,"Georgia","Floyd County",5,32,1377,645,732
050,13,115,"Georgia","Floyd County",5,33,1357,683,674
050,13,115,"Georgia","Floyd County",5,34,1314,678,636
050,13,115,"Georgia","Floyd County",5,35,1288,675,613
050,13,115,"Georgia","Floyd County",5,36,1266,628,638
050,13,115,"Georgia","Floyd County",5,37,1243,596,647
050,13,115,"Georgia","Floyd County",5,38,1175,574,601
050,13,115,"Georgia","Floyd County",5,39,1199,584,615
050,13,115,"Georgia","Floyd County",5,40,1209,569,640
050,13,115,"Georgia","Floyd County",5,41,1212,588,624
050,13,115,"Georgia","Floyd County",5,42,1190,562,628
050,13,115,"Georgia","Floyd County",5,43,1263,633,630
050,13,115,"Georgia","Floyd County",5,44,1174,573,601
050,13,115,"Georgia","Floyd County",5,45,1178,588,590
050,13,115,"Georgia","Floyd County",5,46,1168,600,568
050,13,115,"Georgia","Floyd County",5,47,1133,584,549
050,13,115,"Georgia","Floyd County",5,48,1189,607,582
050,13,115,"Georgia","Floyd County",5,49,1193,606,587
050,13,115,"Georgia","Floyd County",5,50,1238,633,605
050,13,115,"Georgia","Floyd County",5,51,1236,640,596
050,13,115,"Georgia","Floyd County",5,52,1331,666,665
050,13,115,"Georgia","Floyd County",5,53,1283,613,670
050,13,115,"Georgia","Floyd County",5,54,1214,612,602
050,13,115,"Georgia","Floyd County",5,55,1224,606,618
050,13,115,"Georgia","Floyd County",5,56,1206,577,629
050,13,115,"Georgia","Floyd County",5,57,1197,580,617
050,13,115,"Georgia","Floyd County",5,58,1221,574,647
050,13,115,"Georgia","Floyd County",5,59,1251,588,663
050,13,115,"Georgia","Floyd County",5,60,1263,607,656
050,13,115,"Georgia","Floyd County",5,61,1280,619,661
050,13,115,"Georgia","Floyd County",5,62,1210,595,615
050,13,115,"Georgia","Floyd County",5,63,1219,598,621
050,13,115,"Georgia","Floyd County",5,64,1149,551,598
050,13,115,"Georgia","Floyd County",5,65,1123,540,583
050,13,115,"Georgia","Floyd County",5,66,1203,579,624
050,13,115,"Georgia","Floyd County",5,67,1098,522,576
050,13,115,"Georgia","Floyd County",5,68,1044,483,561
050,13,115,"Georgia","Floyd County",5,69,1018,475,543
050,13,115,"Georgia","Floyd County",5,70,1026,476,550
050,13,115,"Georgia","Floyd County",5,71,949,446,503
050,13,115,"Georgia","Floyd County",5,72,948,434,514
050,13,115,"Georgia","Floyd County",5,73,852,382,470
050,13,115,"Georgia","Floyd County",5,74,822,337,485
050,13,115,"Georgia","Floyd County",5,75,774,327,447
050,13,115,"Georgia","Floyd County",5,76,874,400,474
050,13,115,"Georgia","Floyd County",5,77,614,284,330
050,13,115,"Georgia","Floyd County",5,78,580,262,318
050,13,115,"Georgia","Floyd County",5,79,507,230,277
050,13,115,"Georgia","Floyd County",5,80,549,249,300
050,13,115,"Georgia","Floyd County",5,81,475,205,270
050,13,115,"Georgia","Floyd County",5,82,422,173,249
050,13,115,"Georgia","Floyd County",5,83,386,145,241
050,13,115,"Georgia","Floyd County",5,84,309,113,196
050,13,115,"Georgia","Floyd County",5,85,1601,616,985
050,13,117,"Georgia","Forsyth County",1,0,2392,1222,1170
050,13,117,"Georgia","Forsyth County",1,1,2722,1384,1338
050,13,117,"Georgia","Forsyth County",1,2,2784,1400,1384
050,13,117,"Georgia","Forsyth County",1,3,3080,1571,1509
050,13,117,"Georgia","Forsyth County",1,4,3296,1694,1602
050,13,117,"Georgia","Forsyth County",1,5,3443,1771,1672
050,13,117,"Georgia","Forsyth County",1,6,3474,1790,1684
050,13,117,"Georgia","Forsyth County",1,7,3634,1842,1792
050,13,117,"Georgia","Forsyth County",1,8,3854,1938,1916
050,13,117,"Georgia","Forsyth County",1,9,4025,2065,1960
050,13,117,"Georgia","Forsyth County",1,10,4284,2159,2125
050,13,117,"Georgia","Forsyth County",1,11,4288,2184,2104
050,13,117,"Georgia","Forsyth County",1,12,4405,2331,2074
050,13,117,"Georgia","Forsyth County",1,13,4395,2303,2092
050,13,117,"Georgia","Forsyth County",1,14,4426,2269,2157
050,13,117,"Georgia","Forsyth County",1,15,4414,2239,2175
050,13,117,"Georgia","Forsyth County",1,16,4510,2303,2207
050,13,117,"Georgia","Forsyth County",1,17,4268,2214,2054
050,13,117,"Georgia","Forsyth County",1,18,3474,1804,1670
050,13,117,"Georgia","Forsyth County",1,19,2732,1419,1313
050,13,117,"Georgia","Forsyth County",1,20,2773,1458,1315
050,13,117,"Georgia","Forsyth County",1,21,2808,1434,1374
050,13,117,"Georgia","Forsyth County",1,22,2591,1302,1289
050,13,117,"Georgia","Forsyth County",1,23,2469,1262,1207
050,13,117,"Georgia","Forsyth County",1,24,2276,1164,1112
050,13,117,"Georgia","Forsyth County",1,25,2149,1107,1042
050,13,117,"Georgia","Forsyth County",1,26,2071,1058,1013
050,13,117,"Georgia","Forsyth County",1,27,2014,1016,998
050,13,117,"Georgia","Forsyth County",1,28,2024,995,1029
050,13,117,"Georgia","Forsyth County",1,29,2090,1012,1078
050,13,117,"Georgia","Forsyth County",1,30,2205,1054,1151
050,13,117,"Georgia","Forsyth County",1,31,2333,1086,1247
050,13,117,"Georgia","Forsyth County",1,32,2553,1214,1339
050,13,117,"Georgia","Forsyth County",1,33,2851,1349,1502
050,13,117,"Georgia","Forsyth County",1,34,3151,1471,1680
050,13,117,"Georgia","Forsyth County",1,35,3429,1603,1826
050,13,117,"Georgia","Forsyth County",1,36,3685,1748,1937
050,13,117,"Georgia","Forsyth County",1,37,4054,1976,2078
050,13,117,"Georgia","Forsyth County",1,38,4087,1959,2128
050,13,117,"Georgia","Forsyth County",1,39,4159,2020,2139
050,13,117,"Georgia","Forsyth County",1,40,4233,2103,2130
050,13,117,"Georgia","Forsyth County",1,41,4173,2049,2124
050,13,117,"Georgia","Forsyth County",1,42,4300,2104,2196
050,13,117,"Georgia","Forsyth County",1,43,4238,2153,2085
050,13,117,"Georgia","Forsyth County",1,44,4274,2182,2092
050,13,117,"Georgia","Forsyth County",1,45,4239,2189,2050
050,13,117,"Georgia","Forsyth County",1,46,4150,2223,1927
050,13,117,"Georgia","Forsyth County",1,47,4245,2239,2006
050,13,117,"Georgia","Forsyth County",1,48,4420,2283,2137
050,13,117,"Georgia","Forsyth County",1,49,4727,2520,2207
050,13,117,"Georgia","Forsyth County",1,50,4404,2299,2105
050,13,117,"Georgia","Forsyth County",1,51,4017,2030,1987
050,13,117,"Georgia","Forsyth County",1,52,3759,1933,1826
050,13,117,"Georgia","Forsyth County",1,53,3659,1886,1773
050,13,117,"Georgia","Forsyth County",1,54,3536,1840,1696
050,13,117,"Georgia","Forsyth County",1,55,3515,1826,1689
050,13,117,"Georgia","Forsyth County",1,56,3555,1840,1715
050,13,117,"Georgia","Forsyth County",1,57,3312,1705,1607
050,13,117,"Georgia","Forsyth County",1,58,3150,1603,1547
050,13,117,"Georgia","Forsyth County",1,59,2948,1507,1441
050,13,117,"Georgia","Forsyth County",1,60,2720,1360,1360
050,13,117,"Georgia","Forsyth County",1,61,2587,1293,1294
050,13,117,"Georgia","Forsyth County",1,62,2494,1259,1235
050,13,117,"Georgia","Forsyth County",1,63,2360,1195,1165
050,13,117,"Georgia","Forsyth County",1,64,2099,1049,1050
050,13,117,"Georgia","Forsyth County",1,65,2033,944,1089
050,13,117,"Georgia","Forsyth County",1,66,1924,897,1027
050,13,117,"Georgia","Forsyth County",1,67,1913,887,1026
050,13,117,"Georgia","Forsyth County",1,68,1969,930,1039
050,13,117,"Georgia","Forsyth County",1,69,1790,787,1003
050,13,117,"Georgia","Forsyth County",1,70,1774,816,958
050,13,117,"Georgia","Forsyth County",1,71,1807,819,988
050,13,117,"Georgia","Forsyth County",1,72,1886,875,1011
050,13,117,"Georgia","Forsyth County",1,73,1880,862,1018
050,13,117,"Georgia","Forsyth County",1,74,1382,610,772
050,13,117,"Georgia","Forsyth County",1,75,1369,635,734
050,13,117,"Georgia","Forsyth County",1,76,1296,600,696
050,13,117,"Georgia","Forsyth County",1,77,1273,553,720
050,13,117,"Georgia","Forsyth County",1,78,1092,494,598
050,13,117,"Georgia","Forsyth County",1,79,986,436,550
050,13,117,"Georgia","Forsyth County",1,80,878,380,498
050,13,117,"Georgia","Forsyth County",1,81,780,357,423
050,13,117,"Georgia","Forsyth County",1,82,659,287,372
050,13,117,"Georgia","Forsyth County",1,83,600,260,340
050,13,117,"Georgia","Forsyth County",1,84,528,230,298
050,13,117,"Georgia","Forsyth County",1,85,2682,988,1694
050,13,117,"Georgia","Forsyth County",2,0,2403,1215,1188
050,13,117,"Georgia","Forsyth County",2,1,2681,1365,1316
050,13,117,"Georgia","Forsyth County",2,2,2813,1419,1394
050,13,117,"Georgia","Forsyth County",2,3,3051,1556,1495
050,13,117,"Georgia","Forsyth County",2,4,3287,1686,1601
050,13,117,"Georgia","Forsyth County",2,5,3452,1776,1676
050,13,117,"Georgia","Forsyth County",2,6,3516,1814,1702
050,13,117,"Georgia","Forsyth County",2,7,3630,1850,1780
050,13,117,"Georgia","Forsyth County",2,8,3820,1921,1899
050,13,117,"Georgia","Forsyth County",2,9,4008,2046,1962
050,13,117,"Georgia","Forsyth County",2,10,4254,2150,2104
050,13,117,"Georgia","Forsyth County",2,11,4304,2184,2120
050,13,117,"Georgia","Forsyth County",2,12,4415,2313,2102
050,13,117,"Georgia","Forsyth County",2,13,4413,2317,2096
050,13,117,"Georgia","Forsyth County",2,14,4438,2283,2155
050,13,117,"Georgia","Forsyth County",2,15,4441,2251,2190
050,13,117,"Georgia","Forsyth County",2,16,4509,2299,2210
050,13,117,"Georgia","Forsyth County",2,17,4340,2242,2098
050,13,117,"Georgia","Forsyth County",2,18,3494,1827,1667
050,13,117,"Georgia","Forsyth County",2,19,2780,1438,1342
050,13,117,"Georgia","Forsyth County",2,20,2830,1474,1356
050,13,117,"Georgia","Forsyth County",2,21,2807,1442,1365
050,13,117,"Georgia","Forsyth County",2,22,2644,1329,1315
050,13,117,"Georgia","Forsyth County",2,23,2495,1270,1225
050,13,117,"Georgia","Forsyth County",2,24,2299,1177,1122
050,13,117,"Georgia","Forsyth County",2,25,2190,1133,1057
050,13,117,"Georgia","Forsyth County",2,26,2093,1074,1019
050,13,117,"Georgia","Forsyth County",2,27,2037,1029,1008
050,13,117,"Georgia","Forsyth County",2,28,2050,1008,1042
050,13,117,"Georgia","Forsyth County",2,29,2112,1026,1086
050,13,117,"Georgia","Forsyth County",2,30,2222,1062,1160
050,13,117,"Georgia","Forsyth County",2,31,2336,1094,1242
050,13,117,"Georgia","Forsyth County",2,32,2536,1196,1340
050,13,117,"Georgia","Forsyth County",2,33,2831,1344,1487
050,13,117,"Georgia","Forsyth County",2,34,3148,1476,1672
050,13,117,"Georgia","Forsyth County",2,35,3436,1605,1831
050,13,117,"Georgia","Forsyth County",2,36,3674,1740,1934
050,13,117,"Georgia","Forsyth County",2,37,4027,1958,2069
050,13,117,"Georgia","Forsyth County",2,38,4143,1996,2147
050,13,117,"Georgia","Forsyth County",2,39,4171,2022,2149
050,13,117,"Georgia","Forsyth County",2,40,4276,2117,2159
050,13,117,"Georgia","Forsyth County",2,41,4233,2088,2145
050,13,117,"Georgia","Forsyth County",2,42,4287,2107,2180
050,13,117,"Georgia","Forsyth County",2,43,4311,2172,2139
050,13,117,"Georgia","Forsyth County",2,44,4260,2175,2085
050,13,117,"Georgia","Forsyth County",2,45,4282,2209,2073
050,13,117,"Georgia","Forsyth County",2,46,4186,2225,1961
050,13,117,"Georgia","Forsyth County",2,47,4234,2241,1993
050,13,117,"Georgia","Forsyth County",2,48,4395,2284,2111
050,13,117,"Georgia","Forsyth County",2,49,4669,2472,2197
050,13,117,"Georgia","Forsyth County",2,50,4496,2363,2133
050,13,117,"Georgia","Forsyth County",2,51,4093,2086,2007
050,13,117,"Georgia","Forsyth County",2,52,3814,1954,1860
050,13,117,"Georgia","Forsyth County",2,53,3678,1894,1784
050,13,117,"Georgia","Forsyth County",2,54,3556,1848,1708
050,13,117,"Georgia","Forsyth County",2,55,3518,1827,1691
050,13,117,"Georgia","Forsyth County",2,56,3551,1839,1712
050,13,117,"Georgia","Forsyth County",2,57,3372,1736,1636
050,13,117,"Georgia","Forsyth County",2,58,3180,1623,1557
050,13,117,"Georgia","Forsyth County",2,59,3010,1538,1472
050,13,117,"Georgia","Forsyth County",2,60,2768,1389,1379
050,13,117,"Georgia","Forsyth County",2,61,2612,1302,1310
050,13,117,"Georgia","Forsyth County",2,62,2527,1274,1253
050,13,117,"Georgia","Forsyth County",2,63,2408,1220,1188
050,13,117,"Georgia","Forsyth County",2,64,2159,1084,1075
050,13,117,"Georgia","Forsyth County",2,65,2048,964,1084
050,13,117,"Georgia","Forsyth County",2,66,1959,912,1047
050,13,117,"Georgia","Forsyth County",2,67,1906,884,1022
050,13,117,"Georgia","Forsyth County",2,68,1950,916,1034
050,13,117,"Georgia","Forsyth County",2,69,1846,826,1020
050,13,117,"Georgia","Forsyth County",2,70,1780,812,968
050,13,117,"Georgia","Forsyth County",2,71,1807,825,982
050,13,117,"Georgia","Forsyth County",2,72,1842,852,990
050,13,117,"Georgia","Forsyth County",2,73,1977,909,1068
050,13,117,"Georgia","Forsyth County",2,74,1424,631,793
050,13,117,"Georgia","Forsyth County",2,75,1376,632,744
050,13,117,"Georgia","Forsyth County",2,76,1308,606,702
050,13,117,"Georgia","Forsyth County",2,77,1300,568,732
050,13,117,"Georgia","Forsyth County",2,78,1117,500,617
050,13,117,"Georgia","Forsyth County",2,79,1008,447,561
050,13,117,"Georgia","Forsyth County",2,80,892,386,506
050,13,117,"Georgia","Forsyth County",2,81,798,360,438
050,13,117,"Georgia","Forsyth County",2,82,690,301,389
050,13,117,"Georgia","Forsyth County",2,83,601,257,344
050,13,117,"Georgia","Forsyth County",2,84,540,238,302
050,13,117,"Georgia","Forsyth County",2,85,2727,1011,1716
050,13,117,"Georgia","Forsyth County",3,0,2336,1184,1152
050,13,117,"Georgia","Forsyth County",3,1,2663,1372,1291
050,13,117,"Georgia","Forsyth County",3,2,2959,1517,1442
050,13,117,"Georgia","Forsyth County",3,3,3054,1537,1517
050,13,117,"Georgia","Forsyth County",3,4,3298,1675,1623
050,13,117,"Georgia","Forsyth County",3,5,3489,1767,1722
050,13,117,"Georgia","Forsyth County",3,6,3674,1876,1798
050,13,117,"Georgia","Forsyth County",3,7,3708,1901,1807
050,13,117,"Georgia","Forsyth County",3,8,3779,1938,1841
050,13,117,"Georgia","Forsyth County",3,9,3970,1979,1991
050,13,117,"Georgia","Forsyth County",3,10,4088,2075,2013
050,13,117,"Georgia","Forsyth County",3,11,4393,2206,2187
050,13,117,"Georgia","Forsyth County",3,12,4428,2253,2175
050,13,117,"Georgia","Forsyth County",3,13,4546,2381,2165
050,13,117,"Georgia","Forsyth County",3,14,4460,2335,2125
050,13,117,"Georgia","Forsyth County",3,15,4544,2333,2211
050,13,117,"Georgia","Forsyth County",3,16,4505,2290,2215
050,13,117,"Georgia","Forsyth County",3,17,4520,2300,2220
050,13,117,"Georgia","Forsyth County",3,18,3719,1989,1730
050,13,117,"Georgia","Forsyth County",3,19,2872,1498,1374
050,13,117,"Georgia","Forsyth County",3,20,2947,1516,1431
050,13,117,"Georgia","Forsyth County",3,21,2920,1517,1403
050,13,117,"Georgia","Forsyth County",3,22,2912,1494,1418
050,13,117,"Georgia","Forsyth County",3,23,2670,1356,1314
050,13,117,"Georgia","Forsyth County",3,24,2442,1263,1179
050,13,117,"Georgia","Forsyth County",3,25,2286,1170,1116
050,13,117,"Georgia","Forsyth County",3,26,2236,1154,1082
050,13,117,"Georgia","Forsyth County",3,27,2209,1132,1077
050,13,117,"Georgia","Forsyth County",3,28,2201,1100,1101
050,13,117,"Georgia","Forsyth County",3,29,2185,1066,1119
050,13,117,"Georgia","Forsyth County",3,30,2334,1138,1196
050,13,117,"Georgia","Forsyth County",3,31,2469,1201,1268
050,13,117,"Georgia","Forsyth County",3,32,2648,1206,1442
050,13,117,"Georgia","Forsyth County",3,33,2786,1318,1468
050,13,117,"Georgia","Forsyth County",3,34,3164,1474,1690
050,13,117,"Georgia","Forsyth County",3,35,3477,1654,1823
050,13,117,"Georgia","Forsyth County",3,36,3833,1829,2004
050,13,117,"Georgia","Forsyth County",3,37,3969,1894,2075
050,13,117,"Georgia","Forsyth County",3,38,4333,2125,2208
050,13,117,"Georgia","Forsyth County",3,39,4424,2154,2270
050,13,117,"Georgia","Forsyth County",3,40,4408,2167,2241
050,13,117,"Georgia","Forsyth County",3,41,4512,2235,2277
050,13,117,"Georgia","Forsyth County",3,42,4409,2185,2224
050,13,117,"Georgia","Forsyth County",3,43,4452,2219,2233
050,13,117,"Georgia","Forsyth County",3,44,4418,2231,2187
050,13,117,"Georgia","Forsyth County",3,45,4349,2233,2116
050,13,117,"Georgia","Forsyth County",3,46,4380,2295,2085
050,13,117,"Georgia","Forsyth County",3,47,4259,2268,1991
050,13,117,"Georgia","Forsyth County",3,48,4276,2267,2009
050,13,117,"Georgia","Forsyth County",3,49,4419,2324,2095
050,13,117,"Georgia","Forsyth County",3,50,4656,2494,2162
050,13,117,"Georgia","Forsyth County",3,51,4452,2339,2113
050,13,117,"Georgia","Forsyth County",3,52,4112,2091,2021
050,13,117,"Georgia","Forsyth County",3,53,3837,1957,1880
050,13,117,"Georgia","Forsyth County",3,54,3649,1901,1748
050,13,117,"Georgia","Forsyth County",3,55,3528,1843,1685
050,13,117,"Georgia","Forsyth County",3,56,3504,1820,1684
050,13,117,"Georgia","Forsyth County",3,57,3567,1860,1707
050,13,117,"Georgia","Forsyth County",3,58,3365,1740,1625
050,13,117,"Georgia","Forsyth County",3,59,3148,1621,1527
050,13,117,"Georgia","Forsyth County",3,60,2975,1506,1469
050,13,117,"Georgia","Forsyth County",3,61,2746,1370,1376
050,13,117,"Georgia","Forsyth County",3,62,2639,1313,1326
050,13,117,"Georgia","Forsyth County",3,63,2509,1255,1254
050,13,117,"Georgia","Forsyth County",3,64,2429,1237,1192
050,13,117,"Georgia","Forsyth County",3,65,2148,1070,1078
050,13,117,"Georgia","Forsyth County",3,66,2090,978,1112
050,13,117,"Georgia","Forsyth County",3,67,1964,906,1058
050,13,117,"Georgia","Forsyth County",3,68,1912,887,1025
050,13,117,"Georgia","Forsyth County",3,69,1951,905,1046
050,13,117,"Georgia","Forsyth County",3,70,1848,820,1028
050,13,117,"Georgia","Forsyth County",3,71,1789,813,976
050,13,117,"Georgia","Forsyth County",3,72,1776,815,961
050,13,117,"Georgia","Forsyth County",3,73,1840,841,999
050,13,117,"Georgia","Forsyth County",3,74,1948,888,1060
050,13,117,"Georgia","Forsyth County",3,75,1383,612,771
050,13,117,"Georgia","Forsyth County",3,76,1363,631,732
050,13,117,"Georgia","Forsyth County",3,77,1274,593,681
050,13,117,"Georgia","Forsyth County",3,78,1273,547,726
050,13,117,"Georgia","Forsyth County",3,79,1095,479,616
050,13,117,"Georgia","Forsyth County",3,80,968,434,534
050,13,117,"Georgia","Forsyth County",3,81,841,365,476
050,13,117,"Georgia","Forsyth County",3,82,753,334,419
050,13,117,"Georgia","Forsyth County",3,83,658,276,382
050,13,117,"Georgia","Forsyth County",3,84,591,243,348
050,13,117,"Georgia","Forsyth County",3,85,2870,1072,1798
050,13,117,"Georgia","Forsyth County",4,0,2481,1276,1205
050,13,117,"Georgia","Forsyth County",4,1,2571,1329,1242
050,13,117,"Georgia","Forsyth County",4,2,2917,1483,1434
050,13,117,"Georgia","Forsyth County",4,3,3172,1612,1560
050,13,117,"Georgia","Forsyth County",4,4,3329,1683,1646
050,13,117,"Georgia","Forsyth County",4,5,3516,1806,1710
050,13,117,"Georgia","Forsyth County",4,6,3763,1894,1869
050,13,117,"Georgia","Forsyth County",4,7,3840,1945,1895
050,13,117,"Georgia","Forsyth County",4,8,3846,1953,1893
050,13,117,"Georgia","Forsyth County",4,9,3928,2007,1921
050,13,117,"Georgia","Forsyth County",4,10,4120,2044,2076
050,13,117,"Georgia","Forsyth County",4,11,4171,2117,2054
050,13,117,"Georgia","Forsyth County",4,12,4500,2251,2249
050,13,117,"Georgia","Forsyth County",4,13,4552,2316,2236
050,13,117,"Georgia","Forsyth County",4,14,4551,2373,2178
050,13,117,"Georgia","Forsyth County",4,15,4487,2340,2147
050,13,117,"Georgia","Forsyth County",4,16,4540,2349,2191
050,13,117,"Georgia","Forsyth County",4,17,4504,2293,2211
050,13,117,"Georgia","Forsyth County",4,18,3792,1982,1810
050,13,117,"Georgia","Forsyth County",4,19,2935,1548,1387
050,13,117,"Georgia","Forsyth County",4,20,3015,1568,1447
050,13,117,"Georgia","Forsyth County",4,21,2977,1521,1456
050,13,117,"Georgia","Forsyth County",4,22,2961,1502,1459
050,13,117,"Georgia","Forsyth County",4,23,2855,1468,1387
050,13,117,"Georgia","Forsyth County",4,24,2578,1308,1270
050,13,117,"Georgia","Forsyth County",4,25,2425,1266,1159
050,13,117,"Georgia","Forsyth County",4,26,2232,1156,1076
050,13,117,"Georgia","Forsyth County",4,27,2276,1176,1100
050,13,117,"Georgia","Forsyth County",4,28,2266,1146,1120
050,13,117,"Georgia","Forsyth County",4,29,2258,1099,1159
050,13,117,"Georgia","Forsyth County",4,30,2324,1113,1211
050,13,117,"Georgia","Forsyth County",4,31,2551,1247,1304
050,13,117,"Georgia","Forsyth County",4,32,2685,1277,1408
050,13,117,"Georgia","Forsyth County",4,33,2880,1319,1561
050,13,117,"Georgia","Forsyth County",4,34,3153,1475,1678
050,13,117,"Georgia","Forsyth County",4,35,3478,1613,1865
050,13,117,"Georgia","Forsyth County",4,36,3882,1875,2007
050,13,117,"Georgia","Forsyth County",4,37,4136,1991,2145
050,13,117,"Georgia","Forsyth County",4,38,4306,2079,2227
050,13,117,"Georgia","Forsyth County",4,39,4670,2316,2354
050,13,117,"Georgia","Forsyth County",4,40,4783,2360,2423
050,13,117,"Georgia","Forsyth County",4,41,4682,2354,2328
050,13,117,"Georgia","Forsyth County",4,42,4742,2423,2319
050,13,117,"Georgia","Forsyth County",4,43,4642,2322,2320
050,13,117,"Georgia","Forsyth County",4,44,4576,2292,2284
050,13,117,"Georgia","Forsyth County",4,45,4541,2325,2216
050,13,117,"Georgia","Forsyth County",4,46,4436,2294,2142
050,13,117,"Georgia","Forsyth County",4,47,4451,2343,2108
050,13,117,"Georgia","Forsyth County",4,48,4275,2291,1984
050,13,117,"Georgia","Forsyth County",4,49,4320,2282,2038
050,13,117,"Georgia","Forsyth County",4,50,4408,2335,2073
050,13,117,"Georgia","Forsyth County",4,51,4588,2447,2141
050,13,117,"Georgia","Forsyth County",4,52,4399,2329,2070
050,13,117,"Georgia","Forsyth County",4,53,4093,2083,2010
050,13,117,"Georgia","Forsyth County",4,54,3784,1938,1846
050,13,117,"Georgia","Forsyth County",4,55,3636,1924,1712
050,13,117,"Georgia","Forsyth County",4,56,3456,1811,1645
050,13,117,"Georgia","Forsyth County",4,57,3481,1806,1675
050,13,117,"Georgia","Forsyth County",4,58,3480,1823,1657
050,13,117,"Georgia","Forsyth County",4,59,3339,1711,1628
050,13,117,"Georgia","Forsyth County",4,60,3110,1611,1499
050,13,117,"Georgia","Forsyth County",4,61,2960,1499,1461
050,13,117,"Georgia","Forsyth County",4,62,2694,1332,1362
050,13,117,"Georgia","Forsyth County",4,63,2599,1276,1323
050,13,117,"Georgia","Forsyth County",4,64,2493,1231,1262
050,13,117,"Georgia","Forsyth County",4,65,2416,1217,1199
050,13,117,"Georgia","Forsyth County",4,66,2124,1058,1066
050,13,117,"Georgia","Forsyth County",4,67,2091,966,1125
050,13,117,"Georgia","Forsyth County",4,68,1979,916,1063
050,13,117,"Georgia","Forsyth County",4,69,1896,869,1027
050,13,117,"Georgia","Forsyth County",4,70,1927,887,1040
050,13,117,"Georgia","Forsyth County",4,71,1840,809,1031
050,13,117,"Georgia","Forsyth County",4,72,1762,798,964
050,13,117,"Georgia","Forsyth County",4,73,1776,786,990
050,13,117,"Georgia","Forsyth County",4,74,1819,827,992
050,13,117,"Georgia","Forsyth County",4,75,1903,853,1050
050,13,117,"Georgia","Forsyth County",4,76,1392,602,790
050,13,117,"Georgia","Forsyth County",4,77,1340,618,722
050,13,117,"Georgia","Forsyth County",4,78,1244,584,660
050,13,117,"Georgia","Forsyth County",4,79,1239,527,712
050,13,117,"Georgia","Forsyth County",4,80,1042,452,590
050,13,117,"Georgia","Forsyth County",4,81,920,408,512
050,13,117,"Georgia","Forsyth County",4,82,815,342,473
050,13,117,"Georgia","Forsyth County",4,83,725,308,417
050,13,117,"Georgia","Forsyth County",4,84,616,257,359
050,13,117,"Georgia","Forsyth County",4,85,3055,1147,1908
050,13,117,"Georgia","Forsyth County",5,0,2436,1261,1175
050,13,117,"Georgia","Forsyth County",5,1,2630,1339,1291
050,13,117,"Georgia","Forsyth County",5,2,2787,1442,1345
050,13,117,"Georgia","Forsyth County",5,3,3070,1554,1516
050,13,117,"Georgia","Forsyth County",5,4,3391,1765,1626
050,13,117,"Georgia","Forsyth County",5,5,3539,1792,1747
050,13,117,"Georgia","Forsyth County",5,6,3709,1909,1800
050,13,117,"Georgia","Forsyth County",5,7,3937,1991,1946
050,13,117,"Georgia","Forsyth County",5,8,4018,2025,1993
050,13,117,"Georgia","Forsyth County",5,9,3992,2036,1956
050,13,117,"Georgia","Forsyth County",5,10,4059,2069,1990
050,13,117,"Georgia","Forsyth County",5,11,4209,2096,2113
050,13,117,"Georgia","Forsyth County",5,12,4308,2160,2148
050,13,117,"Georgia","Forsyth County",5,13,4589,2281,2308
050,13,117,"Georgia","Forsyth County",5,14,4620,2343,2277
050,13,117,"Georgia","Forsyth County",5,15,4620,2407,2213
050,13,117,"Georgia","Forsyth County",5,16,4479,2323,2156
050,13,117,"Georgia","Forsyth County",5,17,4555,2361,2194
050,13,117,"Georgia","Forsyth County",5,18,3742,1967,1775
050,13,117,"Georgia","Forsyth County",5,19,3063,1579,1484
050,13,117,"Georgia","Forsyth County",5,20,3151,1644,1507
050,13,117,"Georgia","Forsyth County",5,21,3072,1577,1495
050,13,117,"Georgia","Forsyth County",5,22,3091,1561,1530
050,13,117,"Georgia","Forsyth County",5,23,2958,1554,1404
050,13,117,"Georgia","Forsyth County",5,24,2724,1420,1304
050,13,117,"Georgia","Forsyth County",5,25,2496,1265,1231
050,13,117,"Georgia","Forsyth County",5,26,2309,1203,1106
050,13,117,"Georgia","Forsyth County",5,27,2251,1142,1109
050,13,117,"Georgia","Forsyth County",5,28,2218,1153,1065
050,13,117,"Georgia","Forsyth County",5,29,2306,1126,1180
050,13,117,"Georgia","Forsyth County",5,30,2377,1122,1255
050,13,117,"Georgia","Forsyth County",5,31,2544,1218,1326
050,13,117,"Georgia","Forsyth County",5,32,2692,1276,1416
050,13,117,"Georgia","Forsyth County",5,33,2913,1348,1565
050,13,117,"Georgia","Forsyth County",5,34,3177,1442,1735
050,13,117,"Georgia","Forsyth County",5,35,3449,1581,1868
050,13,117,"Georgia","Forsyth County",5,36,3762,1762,2000
050,13,117,"Georgia","Forsyth County",5,37,4196,2030,2166
050,13,117,"Georgia","Forsyth County",5,38,4444,2139,2305
050,13,117,"Georgia","Forsyth County",5,39,4641,2273,2368
050,13,117,"Georgia","Forsyth County",5,40,4978,2498,2480
050,13,117,"Georgia","Forsyth County",5,41,5063,2513,2550
050,13,117,"Georgia","Forsyth County",5,42,4895,2496,2399
050,13,117,"Georgia","Forsyth County",5,43,4947,2560,2387
050,13,117,"Georgia","Forsyth County",5,44,4753,2433,2320
050,13,117,"Georgia","Forsyth County",5,45,4654,2351,2303
050,13,117,"Georgia","Forsyth County",5,46,4662,2409,2253
050,13,117,"Georgia","Forsyth County",5,47,4532,2377,2155
050,13,117,"Georgia","Forsyth County",5,48,4488,2342,2146
050,13,117,"Georgia","Forsyth County",5,49,4298,2289,2009
050,13,117,"Georgia","Forsyth County",5,50,4325,2311,2014
050,13,117,"Georgia","Forsyth County",5,51,4402,2345,2057
050,13,117,"Georgia","Forsyth County",5,52,4510,2433,2077
050,13,117,"Georgia","Forsyth County",5,53,4330,2278,2052
050,13,117,"Georgia","Forsyth County",5,54,4048,2071,1977
050,13,117,"Georgia","Forsyth County",5,55,3745,1938,1807
050,13,117,"Georgia","Forsyth County",5,56,3554,1879,1675
050,13,117,"Georgia","Forsyth County",5,57,3403,1776,1627
050,13,117,"Georgia","Forsyth County",5,58,3451,1778,1673
050,13,117,"Georgia","Forsyth County",5,59,3454,1773,1681
050,13,117,"Georgia","Forsyth County",5,60,3304,1697,1607
050,13,117,"Georgia","Forsyth County",5,61,3068,1608,1460
050,13,117,"Georgia","Forsyth County",5,62,2866,1447,1419
050,13,117,"Georgia","Forsyth County",5,63,2634,1298,1336
050,13,117,"Georgia","Forsyth County",5,64,2569,1246,1323
050,13,117,"Georgia","Forsyth County",5,65,2454,1203,1251
050,13,117,"Georgia","Forsyth County",5,66,2394,1203,1191
050,13,117,"Georgia","Forsyth County",5,67,2141,1062,1079
050,13,117,"Georgia","Forsyth County",5,68,2092,974,1118
050,13,117,"Georgia","Forsyth County",5,69,1962,894,1068
050,13,117,"Georgia","Forsyth County",5,70,1852,850,1002
050,13,117,"Georgia","Forsyth County",5,71,1906,868,1038
050,13,117,"Georgia","Forsyth County",5,72,1785,776,1009
050,13,117,"Georgia","Forsyth County",5,73,1721,767,954
050,13,117,"Georgia","Forsyth County",5,74,1765,773,992
050,13,117,"Georgia","Forsyth County",5,75,1783,801,982
050,13,117,"Georgia","Forsyth County",5,76,1899,841,1058
050,13,117,"Georgia","Forsyth County",5,77,1345,570,775
050,13,117,"Georgia","Forsyth County",5,78,1292,601,691
050,13,117,"Georgia","Forsyth County",5,79,1252,583,669
050,13,117,"Georgia","Forsyth County",5,80,1170,505,665
050,13,117,"Georgia","Forsyth County",5,81,993,437,556
050,13,117,"Georgia","Forsyth County",5,82,870,380,490
050,13,117,"Georgia","Forsyth County",5,83,775,320,455
050,13,117,"Georgia","Forsyth County",5,84,692,291,401
050,13,117,"Georgia","Forsyth County",5,85,3287,1240,2047
050,13,119,"Georgia","Franklin County",1,0,268,139,129
050,13,119,"Georgia","Franklin County",1,1,268,137,131
050,13,119,"Georgia","Franklin County",1,2,262,144,118
050,13,119,"Georgia","Franklin County",1,3,299,152,147
050,13,119,"Georgia","Franklin County",1,4,272,138,134
050,13,119,"Georgia","Franklin County",1,5,286,156,130
050,13,119,"Georgia","Franklin County",1,6,265,138,127
050,13,119,"Georgia","Franklin County",1,7,273,145,128
050,13,119,"Georgia","Franklin County",1,8,277,133,144
050,13,119,"Georgia","Franklin County",1,9,291,147,144
050,13,119,"Georgia","Franklin County",1,10,297,149,148
050,13,119,"Georgia","Franklin County",1,11,286,145,141
050,13,119,"Georgia","Franklin County",1,12,309,162,147
050,13,119,"Georgia","Franklin County",1,13,288,159,129
050,13,119,"Georgia","Franklin County",1,14,294,139,155
050,13,119,"Georgia","Franklin County",1,15,297,145,152
050,13,119,"Georgia","Franklin County",1,16,312,164,148
050,13,119,"Georgia","Franklin County",1,17,320,173,147
050,13,119,"Georgia","Franklin County",1,18,347,194,153
050,13,119,"Georgia","Franklin County",1,19,382,197,185
050,13,119,"Georgia","Franklin County",1,20,356,175,181
050,13,119,"Georgia","Franklin County",1,21,321,168,153
050,13,119,"Georgia","Franklin County",1,22,292,155,137
050,13,119,"Georgia","Franklin County",1,23,274,126,148
050,13,119,"Georgia","Franklin County",1,24,293,147,146
050,13,119,"Georgia","Franklin County",1,25,308,158,150
050,13,119,"Georgia","Franklin County",1,26,277,140,137
050,13,119,"Georgia","Franklin County",1,27,288,145,143
050,13,119,"Georgia","Franklin County",1,28,316,150,166
050,13,119,"Georgia","Franklin County",1,29,318,156,162
050,13,119,"Georgia","Franklin County",1,30,316,154,162
050,13,119,"Georgia","Franklin County",1,31,277,143,134
050,13,119,"Georgia","Franklin County",1,32,286,161,125
050,13,119,"Georgia","Franklin County",1,33,268,140,128
050,13,119,"Georgia","Franklin County",1,34,264,145,119
050,13,119,"Georgia","Franklin County",1,35,244,122,122
050,13,119,"Georgia","Franklin County",1,36,247,124,123
050,13,119,"Georgia","Franklin County",1,37,237,113,124
050,13,119,"Georgia","Franklin County",1,38,262,129,133
050,13,119,"Georgia","Franklin County",1,39,252,125,127
050,13,119,"Georgia","Franklin County",1,40,253,137,116
050,13,119,"Georgia","Franklin County",1,41,250,126,124
050,13,119,"Georgia","Franklin County",1,42,258,119,139
050,13,119,"Georgia","Franklin County",1,43,253,123,130
050,13,119,"Georgia","Franklin County",1,44,251,126,125
050,13,119,"Georgia","Franklin County",1,45,275,126,149
050,13,119,"Georgia","Franklin County",1,46,244,118,126
050,13,119,"Georgia","Franklin County",1,47,263,138,125
050,13,119,"Georgia","Franklin County",1,48,301,144,157
050,13,119,"Georgia","Franklin County",1,49,328,163,165
050,13,119,"Georgia","Franklin County",1,50,289,148,141
050,13,119,"Georgia","Franklin County",1,51,293,159,134
050,13,119,"Georgia","Franklin County",1,52,343,183,160
050,13,119,"Georgia","Franklin County",1,53,322,160,162
050,13,119,"Georgia","Franklin County",1,54,311,147,164
050,13,119,"Georgia","Franklin County",1,55,295,146,149
050,13,119,"Georgia","Franklin County",1,56,315,157,158
050,13,119,"Georgia","Franklin County",1,57,327,153,174
050,13,119,"Georgia","Franklin County",1,58,336,177,159
050,13,119,"Georgia","Franklin County",1,59,326,172,154
050,13,119,"Georgia","Franklin County",1,60,331,177,154
050,13,119,"Georgia","Franklin County",1,61,307,155,152
050,13,119,"Georgia","Franklin County",1,62,298,142,156
050,13,119,"Georgia","Franklin County",1,63,329,164,165
050,13,119,"Georgia","Franklin County",1,64,314,155,159
050,13,119,"Georgia","Franklin County",1,65,314,150,164
050,13,119,"Georgia","Franklin County",1,66,318,157,161
050,13,119,"Georgia","Franklin County",1,67,288,137,151
050,13,119,"Georgia","Franklin County",1,68,249,113,136
050,13,119,"Georgia","Franklin County",1,69,242,109,133
050,13,119,"Georgia","Franklin County",1,70,265,136,129
050,13,119,"Georgia","Franklin County",1,71,241,116,125
050,13,119,"Georgia","Franklin County",1,72,248,114,134
050,13,119,"Georgia","Franklin County",1,73,251,117,134
050,13,119,"Georgia","Franklin County",1,74,206,92,114
050,13,119,"Georgia","Franklin County",1,75,198,87,111
050,13,119,"Georgia","Franklin County",1,76,190,79,111
050,13,119,"Georgia","Franklin County",1,77,198,88,110
050,13,119,"Georgia","Franklin County",1,78,152,64,88
050,13,119,"Georgia","Franklin County",1,79,134,64,70
050,13,119,"Georgia","Franklin County",1,80,110,39,71
050,13,119,"Georgia","Franklin County",1,81,109,36,73
050,13,119,"Georgia","Franklin County",1,82,101,43,58
050,13,119,"Georgia","Franklin County",1,83,94,46,48
050,13,119,"Georgia","Franklin County",1,84,93,38,55
050,13,119,"Georgia","Franklin County",1,85,422,128,294
050,13,119,"Georgia","Franklin County",2,0,271,141,130
050,13,119,"Georgia","Franklin County",2,1,264,135,129
050,13,119,"Georgia","Franklin County",2,2,264,142,122
050,13,119,"Georgia","Franklin County",2,3,287,148,139
050,13,119,"Georgia","Franklin County",2,4,280,141,139
050,13,119,"Georgia","Franklin County",2,5,282,151,131
050,13,119,"Georgia","Franklin County",2,6,271,145,126
050,13,119,"Georgia","Franklin County",2,7,273,144,129
050,13,119,"Georgia","Franklin County",2,8,275,135,140
050,13,119,"Georgia","Franklin County",2,9,284,141,143
050,13,119,"Georgia","Franklin County",2,10,296,149,147
050,13,119,"Georgia","Franklin County",2,11,289,144,145
050,13,119,"Georgia","Franklin County",2,12,305,159,146
050,13,119,"Georgia","Franklin County",2,13,294,159,135
050,13,119,"Georgia","Franklin County",2,14,294,145,149
050,13,119,"Georgia","Franklin County",2,15,299,144,155
050,13,119,"Georgia","Franklin County",2,16,312,162,150
050,13,119,"Georgia","Franklin County",2,17,321,172,149
050,13,119,"Georgia","Franklin County",2,18,346,194,152
050,13,119,"Georgia","Franklin County",2,19,381,197,184
050,13,119,"Georgia","Franklin County",2,20,362,180,182
050,13,119,"Georgia","Franklin County",2,21,326,169,157
050,13,119,"Georgia","Franklin County",2,22,296,162,134
050,13,119,"Georgia","Franklin County",2,23,276,127,149
050,13,119,"Georgia","Franklin County",2,24,294,147,147
050,13,119,"Georgia","Franklin County",2,25,304,155,149
050,13,119,"Georgia","Franklin County",2,26,285,144,141
050,13,119,"Georgia","Franklin County",2,27,284,142,142
050,13,119,"Georgia","Franklin County",2,28,305,146,159
050,13,119,"Georgia","Franklin County",2,29,320,157,163
050,13,119,"Georgia","Franklin County",2,30,319,155,164
050,13,119,"Georgia","Franklin County",2,31,282,144,138
050,13,119,"Georgia","Franklin County",2,32,281,155,126
050,13,119,"Georgia","Franklin County",2,33,269,144,125
050,13,119,"Georgia","Franklin County",2,34,260,140,120
050,13,119,"Georgia","Franklin County",2,35,250,128,122
050,13,119,"Georgia","Franklin County",2,36,247,125,122
050,13,119,"Georgia","Franklin County",2,37,238,113,125
050,13,119,"Georgia","Franklin County",2,38,258,127,131
050,13,119,"Georgia","Franklin County",2,39,252,126,126
050,13,119,"Georgia","Franklin County",2,40,255,134,121
050,13,119,"Georgia","Franklin County",2,41,253,128,125
050,13,119,"Georgia","Franklin County",2,42,250,118,132
050,13,119,"Georgia","Franklin County",2,43,257,124,133
050,13,119,"Georgia","Franklin County",2,44,252,125,127
050,13,119,"Georgia","Franklin County",2,45,270,125,145
050,13,119,"Georgia","Franklin County",2,46,255,122,133
050,13,119,"Georgia","Franklin County",2,47,259,132,127
050,13,119,"Georgia","Franklin County",2,48,295,144,151
050,13,119,"Georgia","Franklin County",2,49,323,158,165
050,13,119,"Georgia","Franklin County",2,50,300,154,146
050,13,119,"Georgia","Franklin County",2,51,295,158,137
050,13,119,"Georgia","Franklin County",2,52,330,179,151
050,13,119,"Georgia","Franklin County",2,53,331,167,164
050,13,119,"Georgia","Franklin County",2,54,312,149,163
050,13,119,"Georgia","Franklin County",2,55,300,147,153
050,13,119,"Georgia","Franklin County",2,56,313,156,157
050,13,119,"Georgia","Franklin County",2,57,324,154,170
050,13,119,"Georgia","Franklin County",2,58,336,173,163
050,13,119,"Georgia","Franklin County",2,59,329,173,156
050,13,119,"Georgia","Franklin County",2,60,330,175,155
050,13,119,"Georgia","Franklin County",2,61,314,161,153
050,13,119,"Georgia","Franklin County",2,62,300,145,155
050,13,119,"Georgia","Franklin County",2,63,326,160,166
050,13,119,"Georgia","Franklin County",2,64,314,156,158
050,13,119,"Georgia","Franklin County",2,65,316,151,165
050,13,119,"Georgia","Franklin County",2,66,316,154,162
050,13,119,"Georgia","Franklin County",2,67,291,140,151
050,13,119,"Georgia","Franklin County",2,68,255,116,139
050,13,119,"Georgia","Franklin County",2,69,246,110,136
050,13,119,"Georgia","Franklin County",2,70,259,128,131
050,13,119,"Georgia","Franklin County",2,71,249,122,127
050,13,119,"Georgia","Franklin County",2,72,241,113,128
050,13,119,"Georgia","Franklin County",2,73,263,124,139
050,13,119,"Georgia","Franklin County",2,74,201,91,110
050,13,119,"Georgia","Franklin County",2,75,201,89,112
050,13,119,"Georgia","Franklin County",2,76,185,78,107
050,13,119,"Georgia","Franklin County",2,77,200,87,113
050,13,119,"Georgia","Franklin County",2,78,156,66,90
050,13,119,"Georgia","Franklin County",2,79,135,61,74
050,13,119,"Georgia","Franklin County",2,80,116,45,71
050,13,119,"Georgia","Franklin County",2,81,107,36,71
050,13,119,"Georgia","Franklin County",2,82,100,40,60
050,13,119,"Georgia","Franklin County",2,83,94,45,49
050,13,119,"Georgia","Franklin County",2,84,91,39,52
050,13,119,"Georgia","Franklin County",2,85,430,131,299
050,13,119,"Georgia","Franklin County",3,0,263,147,116
050,13,119,"Georgia","Franklin County",3,1,271,154,117
050,13,119,"Georgia","Franklin County",3,2,251,121,130
050,13,119,"Georgia","Franklin County",3,3,275,136,139
050,13,119,"Georgia","Franklin County",3,4,285,140,145
050,13,119,"Georgia","Franklin County",3,5,284,139,145
050,13,119,"Georgia","Franklin County",3,6,294,152,142
050,13,119,"Georgia","Franklin County",3,7,293,157,136
050,13,119,"Georgia","Franklin County",3,8,277,139,138
050,13,119,"Georgia","Franklin County",3,9,280,137,143
050,13,119,"Georgia","Franklin County",3,10,276,132,144
050,13,119,"Georgia","Franklin County",3,11,314,160,154
050,13,119,"Georgia","Franklin County",3,12,300,147,153
050,13,119,"Georgia","Franklin County",3,13,324,165,159
050,13,119,"Georgia","Franklin County",3,14,306,163,143
050,13,119,"Georgia","Franklin County",3,15,308,143,165
050,13,119,"Georgia","Franklin County",3,16,307,151,156
050,13,119,"Georgia","Franklin County",3,17,316,160,156
050,13,119,"Georgia","Franklin County",3,18,310,169,141
050,13,119,"Georgia","Franklin County",3,19,301,163,138
050,13,119,"Georgia","Franklin County",3,20,306,157,149
050,13,119,"Georgia","Franklin County",3,21,301,149,152
050,13,119,"Georgia","Franklin County",3,22,291,161,130
050,13,119,"Georgia","Franklin County",3,23,266,125,141
050,13,119,"Georgia","Franklin County",3,24,288,151,137
050,13,119,"Georgia","Franklin County",3,25,275,138,137
050,13,119,"Georgia","Franklin County",3,26,296,147,149
050,13,119,"Georgia","Franklin County",3,27,281,140,141
050,13,119,"Georgia","Franklin County",3,28,274,144,130
050,13,119,"Georgia","Franklin County",3,29,326,156,170
050,13,119,"Georgia","Franklin County",3,30,331,160,171
050,13,119,"Georgia","Franklin County",3,31,313,150,163
050,13,119,"Georgia","Franklin County",3,32,290,141,149
050,13,119,"Georgia","Franklin County",3,33,296,159,137
050,13,119,"Georgia","Franklin County",3,34,273,146,127
050,13,119,"Georgia","Franklin County",3,35,279,153,126
050,13,119,"Georgia","Franklin County",3,36,261,140,121
050,13,119,"Georgia","Franklin County",3,37,252,120,132
050,13,119,"Georgia","Franklin County",3,38,251,116,135
050,13,119,"Georgia","Franklin County",3,39,263,127,136
050,13,119,"Georgia","Franklin County",3,40,259,127,132
050,13,119,"Georgia","Franklin County",3,41,270,141,129
050,13,119,"Georgia","Franklin County",3,42,246,128,118
050,13,119,"Georgia","Franklin County",3,43,252,122,130
050,13,119,"Georgia","Franklin County",3,44,250,119,131
050,13,119,"Georgia","Franklin County",3,45,247,120,127
050,13,119,"Georgia","Franklin County",3,46,279,130,149
050,13,119,"Georgia","Franklin County",3,47,261,128,133
050,13,119,"Georgia","Franklin County",3,48,265,132,133
050,13,119,"Georgia","Franklin County",3,49,299,144,155
050,13,119,"Georgia","Franklin County",3,50,334,155,179
050,13,119,"Georgia","Franklin County",3,51,303,155,148
050,13,119,"Georgia","Franklin County",3,52,310,171,139
050,13,119,"Georgia","Franklin County",3,53,340,185,155
050,13,119,"Georgia","Franklin County",3,54,327,172,155
050,13,119,"Georgia","Franklin County",3,55,314,150,164
050,13,119,"Georgia","Franklin County",3,56,306,146,160
050,13,119,"Georgia","Franklin County",3,57,325,159,166
050,13,119,"Georgia","Franklin County",3,58,318,148,170
050,13,119,"Georgia","Franklin County",3,59,343,169,174
050,13,119,"Georgia","Franklin County",3,60,339,184,155
050,13,119,"Georgia","Franklin County",3,61,328,170,158
050,13,119,"Georgia","Franklin County",3,62,313,157,156
050,13,119,"Georgia","Franklin County",3,63,298,142,156
050,13,119,"Georgia","Franklin County",3,64,329,164,165
050,13,119,"Georgia","Franklin County",3,65,318,155,163
050,13,119,"Georgia","Franklin County",3,66,306,143,163
050,13,119,"Georgia","Franklin County",3,67,315,156,159
050,13,119,"Georgia","Franklin County",3,68,297,145,152
050,13,119,"Georgia","Franklin County",3,69,250,111,139
050,13,119,"Georgia","Franklin County",3,70,232,101,131
050,13,119,"Georgia","Franklin County",3,71,247,119,128
050,13,119,"Georgia","Franklin County",3,72,242,116,126
050,13,119,"Georgia","Franklin County",3,73,235,109,126
050,13,119,"Georgia","Franklin County",3,74,253,118,135
050,13,119,"Georgia","Franklin County",3,75,196,84,112
050,13,119,"Georgia","Franklin County",3,76,190,84,106
050,13,119,"Georgia","Franklin County",3,77,173,72,101
050,13,119,"Georgia","Franklin County",3,78,189,81,108
050,13,119,"Georgia","Franklin County",3,79,134,54,80
050,13,119,"Georgia","Franklin County",3,80,133,60,73
050,13,119,"Georgia","Franklin County",3,81,108,42,66
050,13,119,"Georgia","Franklin County",3,82,96,33,63
050,13,119,"Georgia","Franklin County",3,83,83,32,51
050,13,119,"Georgia","Franklin County",3,84,88,41,47
050,13,119,"Georgia","Franklin County",3,85,422,134,288
050,13,119,"Georgia","Franklin County",4,0,270,144,126
050,13,119,"Georgia","Franklin County",4,1,276,166,110
050,13,119,"Georgia","Franklin County",4,2,267,141,126
050,13,119,"Georgia","Franklin County",4,3,275,125,150
050,13,119,"Georgia","Franklin County",4,4,283,143,140
050,13,119,"Georgia","Franklin County",4,5,282,138,144
050,13,119,"Georgia","Franklin County",4,6,290,138,152
050,13,119,"Georgia","Franklin County",4,7,299,160,139
050,13,119,"Georgia","Franklin County",4,8,290,162,128
050,13,119,"Georgia","Franklin County",4,9,283,146,137
050,13,119,"Georgia","Franklin County",4,10,283,142,141
050,13,119,"Georgia","Franklin County",4,11,283,140,143
050,13,119,"Georgia","Franklin County",4,12,319,159,160
050,13,119,"Georgia","Franklin County",4,13,308,150,158
050,13,119,"Georgia","Franklin County",4,14,339,170,169
050,13,119,"Georgia","Franklin County",4,15,293,156,137
050,13,119,"Georgia","Franklin County",4,16,324,157,167
050,13,119,"Georgia","Franklin County",4,17,319,157,162
050,13,119,"Georgia","Franklin County",4,18,346,183,163
050,13,119,"Georgia","Franklin County",4,19,382,201,181
050,13,119,"Georgia","Franklin County",4,20,348,182,166
050,13,119,"Georgia","Franklin County",4,21,345,171,174
050,13,119,"Georgia","Franklin County",4,22,327,179,148
050,13,119,"Georgia","Franklin County",4,23,308,154,154
050,13,119,"Georgia","Franklin County",4,24,276,138,138
050,13,119,"Georgia","Franklin County",4,25,309,161,148
050,13,119,"Georgia","Franklin County",4,26,307,147,160
050,13,119,"Georgia","Franklin County",4,27,299,144,155
050,13,119,"Georgia","Franklin County",4,28,296,139,157
050,13,119,"Georgia","Franklin County",4,29,290,162,128
050,13,119,"Georgia","Franklin County",4,30,323,153,170
050,13,119,"Georgia","Franklin County",4,31,328,158,170
050,13,119,"Georgia","Franklin County",4,32,322,157,165
050,13,119,"Georgia","Franklin County",4,33,287,142,145
050,13,119,"Georgia","Franklin County",4,34,298,158,140
050,13,119,"Georgia","Franklin County",4,35,288,156,132
050,13,119,"Georgia","Franklin County",4,36,298,162,136
050,13,119,"Georgia","Franklin County",4,37,261,136,125
050,13,119,"Georgia","Franklin County",4,38,266,126,140
050,13,119,"Georgia","Franklin County",4,39,242,108,134
050,13,119,"Georgia","Franklin County",4,40,266,132,134
050,13,119,"Georgia","Franklin County",4,41,270,139,131
050,13,119,"Georgia","Franklin County",4,42,271,147,124
050,13,119,"Georgia","Franklin County",4,43,257,133,124
050,13,119,"Georgia","Franklin County",4,44,257,117,140
050,13,119,"Georgia","Franklin County",4,45,251,118,133
050,13,119,"Georgia","Franklin County",4,46,254,124,130
050,13,119,"Georgia","Franklin County",4,47,279,132,147
050,13,119,"Georgia","Franklin County",4,48,255,123,132
050,13,119,"Georgia","Franklin County",4,49,281,132,149
050,13,119,"Georgia","Franklin County",4,50,305,147,158
050,13,119,"Georgia","Franklin County",4,51,331,155,176
050,13,119,"Georgia","Franklin County",4,52,303,162,141
050,13,119,"Georgia","Franklin County",4,53,309,170,139
050,13,119,"Georgia","Franklin County",4,54,332,181,151
050,13,119,"Georgia","Franklin County",4,55,342,183,159
050,13,119,"Georgia","Franklin County",4,56,308,143,165
050,13,119,"Georgia","Franklin County",4,57,321,151,170
050,13,119,"Georgia","Franklin County",4,58,323,156,167
050,13,119,"Georgia","Franklin County",4,59,325,150,175
050,13,119,"Georgia","Franklin County",4,60,333,164,169
050,13,119,"Georgia","Franklin County",4,61,345,188,157
050,13,119,"Georgia","Franklin County",4,62,332,169,163
050,13,119,"Georgia","Franklin County",4,63,324,163,161
050,13,119,"Georgia","Franklin County",4,64,291,131,160
050,13,119,"Georgia","Franklin County",4,65,319,159,160
050,13,119,"Georgia","Franklin County",4,66,309,150,159
050,13,119,"Georgia","Franklin County",4,67,305,140,165
050,13,119,"Georgia","Franklin County",4,68,322,158,164
050,13,119,"Georgia","Franklin County",4,69,301,148,153
050,13,119,"Georgia","Franklin County",4,70,250,108,142
050,13,119,"Georgia","Franklin County",4,71,236,103,133
050,13,119,"Georgia","Franklin County",4,72,235,108,127
050,13,119,"Georgia","Franklin County",4,73,236,114,122
050,13,119,"Georgia","Franklin County",4,74,231,109,122
050,13,119,"Georgia","Franklin County",4,75,251,115,136
050,13,119,"Georgia","Franklin County",4,76,186,77,109
050,13,119,"Georgia","Franklin County",4,77,185,77,108
050,13,119,"Georgia","Franklin County",4,78,151,64,87
050,13,119,"Georgia","Franklin County",4,79,184,79,105
050,13,119,"Georgia","Franklin County",4,80,135,53,82
050,13,119,"Georgia","Franklin County",4,81,127,54,73
050,13,119,"Georgia","Franklin County",4,82,93,34,59
050,13,119,"Georgia","Franklin County",4,83,77,27,50
050,13,119,"Georgia","Franklin County",4,84,81,29,52
050,13,119,"Georgia","Franklin County",4,85,438,154,284
050,13,119,"Georgia","Franklin County",5,0,275,147,128
050,13,119,"Georgia","Franklin County",5,1,297,153,144
050,13,119,"Georgia","Franklin County",5,2,290,158,132
050,13,119,"Georgia","Franklin County",5,3,291,149,142
050,13,119,"Georgia","Franklin County",5,4,315,147,168
050,13,119,"Georgia","Franklin County",5,5,283,145,138
050,13,119,"Georgia","Franklin County",5,6,297,154,143
050,13,119,"Georgia","Franklin County",5,7,314,156,158
050,13,119,"Georgia","Franklin County",5,8,308,166,142
050,13,119,"Georgia","Franklin County",5,9,310,172,138
050,13,119,"Georgia","Franklin County",5,10,303,156,147
050,13,119,"Georgia","Franklin County",5,11,294,148,146
050,13,119,"Georgia","Franklin County",5,12,300,147,153
050,13,119,"Georgia","Franklin County",5,13,320,155,165
050,13,119,"Georgia","Franklin County",5,14,318,158,160
050,13,119,"Georgia","Franklin County",5,15,345,181,164
050,13,119,"Georgia","Franklin County",5,16,302,163,139
050,13,119,"Georgia","Franklin County",5,17,328,156,172
050,13,119,"Georgia","Franklin County",5,18,343,173,170
050,13,119,"Georgia","Franklin County",5,19,373,188,185
050,13,119,"Georgia","Franklin County",5,20,374,189,185
050,13,119,"Georgia","Franklin County",5,21,332,180,152
050,13,119,"Georgia","Franklin County",5,22,339,184,155
050,13,119,"Georgia","Franklin County",5,23,324,163,161
050,13,119,"Georgia","Franklin County",5,24,340,179,161
050,13,119,"Georgia","Franklin County",5,25,289,137,152
050,13,119,"Georgia","Franklin County",5,26,319,153,166
050,13,119,"Georgia","Franklin County",5,27,313,155,158
050,13,119,"Georgia","Franklin County",5,28,302,146,156
050,13,119,"Georgia","Franklin County",5,29,320,152,168
050,13,119,"Georgia","Franklin County",5,30,298,155,143
050,13,119,"Georgia","Franklin County",5,31,340,166,174
050,13,119,"Georgia","Franklin County",5,32,337,168,169
050,13,119,"Georgia","Franklin County",5,33,322,159,163
050,13,119,"Georgia","Franklin County",5,34,308,156,152
050,13,119,"Georgia","Franklin County",5,35,305,157,148
050,13,119,"Georgia","Franklin County",5,36,290,160,130
050,13,119,"Georgia","Franklin County",5,37,314,162,152
050,13,119,"Georgia","Franklin County",5,38,289,149,140
050,13,119,"Georgia","Franklin County",5,39,272,121,151
050,13,119,"Georgia","Franklin County",5,40,253,115,138
050,13,119,"Georgia","Franklin County",5,41,275,138,137
050,13,119,"Georgia","Franklin County",5,42,277,140,137
050,13,119,"Georgia","Franklin County",5,43,273,150,123
050,13,119,"Georgia","Franklin County",5,44,259,136,123
050,13,119,"Georgia","Franklin County",5,45,248,113,135
050,13,119,"Georgia","Franklin County",5,46,256,114,142
050,13,119,"Georgia","Franklin County",5,47,256,125,131
050,13,119,"Georgia","Franklin County",5,48,274,126,148
050,13,119,"Georgia","Franklin County",5,49,255,116,139
050,13,119,"Georgia","Franklin County",5,50,289,129,160
050,13,119,"Georgia","Franklin County",5,51,317,159,158
050,13,119,"Georgia","Franklin County",5,52,345,171,174
050,13,119,"Georgia","Franklin County",5,53,313,169,144
050,13,119,"Georgia","Franklin County",5,54,310,167,143
050,13,119,"Georgia","Franklin County",5,55,331,180,151
050,13,119,"Georgia","Franklin County",5,56,327,175,152
050,13,119,"Georgia","Franklin County",5,57,310,141,169
050,13,119,"Georgia","Franklin County",5,58,327,149,178
050,13,119,"Georgia","Franklin County",5,59,333,160,173
050,13,119,"Georgia","Franklin County",5,60,334,148,186
050,13,119,"Georgia","Franklin County",5,61,341,170,171
050,13,119,"Georgia","Franklin County",5,62,340,188,152
050,13,119,"Georgia","Franklin County",5,63,327,167,160
050,13,119,"Georgia","Franklin County",5,64,330,165,165
050,13,119,"Georgia","Franklin County",5,65,292,131,161
050,13,119,"Georgia","Franklin County",5,66,311,154,157
050,13,119,"Georgia","Franklin County",5,67,312,149,163
050,13,119,"Georgia","Franklin County",5,68,298,134,164
050,13,119,"Georgia","Franklin County",5,69,321,159,162
050,13,119,"Georgia","Franklin County",5,70,296,146,150
050,13,119,"Georgia","Franklin County",5,71,249,111,138
050,13,119,"Georgia","Franklin County",5,72,224,91,133
050,13,119,"Georgia","Franklin County",5,73,231,106,125
050,13,119,"Georgia","Franklin County",5,74,230,109,121
050,13,119,"Georgia","Franklin County",5,75,226,107,119
050,13,119,"Georgia","Franklin County",5,76,240,108,132
050,13,119,"Georgia","Franklin County",5,77,177,67,110
050,13,119,"Georgia","Franklin County",5,78,162,68,94
050,13,119,"Georgia","Franklin County",5,79,147,65,82
050,13,119,"Georgia","Franklin County",5,80,180,76,104
050,13,119,"Georgia","Franklin County",5,81,126,47,79
050,13,119,"Georgia","Franklin County",5,82,116,49,67
050,13,119,"Georgia","Franklin County",5,83,81,30,51
050,13,119,"Georgia","Franklin County",5,84,75,25,50
050,13,119,"Georgia","Franklin County",5,85,455,161,294
050,13,121,"Georgia","Fulton County",1,0,12025,6150,5875
050,13,121,"Georgia","Fulton County",1,1,11400,5807,5593
050,13,121,"Georgia","Fulton County",1,2,11808,6068,5740
050,13,121,"Georgia","Fulton County",1,3,11868,6017,5851
050,13,121,"Georgia","Fulton County",1,4,12010,6118,5892
050,13,121,"Georgia","Fulton County",1,5,12468,6214,6254
050,13,121,"Georgia","Fulton County",1,6,12039,6091,5948
050,13,121,"Georgia","Fulton County",1,7,12197,6200,5997
050,13,121,"Georgia","Fulton County",1,8,12569,6374,6195
050,13,121,"Georgia","Fulton County",1,9,12641,6503,6138
050,13,121,"Georgia","Fulton County",1,10,13046,6657,6389
050,13,121,"Georgia","Fulton County",1,11,13355,6780,6575
050,13,121,"Georgia","Fulton County",1,12,13844,7001,6843
050,13,121,"Georgia","Fulton County",1,13,13840,7072,6768
050,13,121,"Georgia","Fulton County",1,14,13532,6893,6639
050,13,121,"Georgia","Fulton County",1,15,13347,6669,6678
050,13,121,"Georgia","Fulton County",1,16,13492,6766,6726
050,13,121,"Georgia","Fulton County",1,17,13349,6716,6633
050,13,121,"Georgia","Fulton County",1,18,14541,7350,7191
050,13,121,"Georgia","Fulton County",1,19,15844,8091,7753
050,13,121,"Georgia","Fulton County",1,20,14787,7661,7126
050,13,121,"Georgia","Fulton County",1,21,14413,7371,7042
050,13,121,"Georgia","Fulton County",1,22,14023,7048,6975
050,13,121,"Georgia","Fulton County",1,23,14831,7307,7524
050,13,121,"Georgia","Fulton County",1,24,15995,7719,8276
050,13,121,"Georgia","Fulton County",1,25,17078,8328,8750
050,13,121,"Georgia","Fulton County",1,26,18425,8897,9528
050,13,121,"Georgia","Fulton County",1,27,19444,9594,9850
050,13,121,"Georgia","Fulton County",1,28,19773,9646,10127
050,13,121,"Georgia","Fulton County",1,29,19549,9810,9739
050,13,121,"Georgia","Fulton County",1,30,19132,9530,9602
050,13,121,"Georgia","Fulton County",1,31,18661,9142,9519
050,13,121,"Georgia","Fulton County",1,32,17899,8804,9095
050,13,121,"Georgia","Fulton County",1,33,17247,8551,8696
050,13,121,"Georgia","Fulton County",1,34,16793,8363,8430
050,13,121,"Georgia","Fulton County",1,35,16361,8163,8198
050,13,121,"Georgia","Fulton County",1,36,16187,8026,8161
050,13,121,"Georgia","Fulton County",1,37,16107,7891,8216
050,13,121,"Georgia","Fulton County",1,38,15847,7740,8107
050,13,121,"Georgia","Fulton County",1,39,15618,7500,8118
050,13,121,"Georgia","Fulton County",1,40,15399,7400,7999
050,13,121,"Georgia","Fulton County",1,41,14918,7135,7783
050,13,121,"Georgia","Fulton County",1,42,14763,7238,7525
050,13,121,"Georgia","Fulton County",1,43,14305,6937,7368
050,13,121,"Georgia","Fulton County",1,44,14139,6745,7394
050,13,121,"Georgia","Fulton County",1,45,14387,6803,7584
050,13,121,"Georgia","Fulton County",1,46,14196,6831,7365
050,13,121,"Georgia","Fulton County",1,47,14610,7055,7555
050,13,121,"Georgia","Fulton County",1,48,15614,7701,7913
050,13,121,"Georgia","Fulton County",1,49,16430,8212,8218
050,13,121,"Georgia","Fulton County",1,50,15592,7827,7765
050,13,121,"Georgia","Fulton County",1,51,14365,7253,7112
050,13,121,"Georgia","Fulton County",1,52,13681,6935,6746
050,13,121,"Georgia","Fulton County",1,53,13756,6961,6795
050,13,121,"Georgia","Fulton County",1,54,13780,6868,6912
050,13,121,"Georgia","Fulton County",1,55,13803,6818,6985
050,13,121,"Georgia","Fulton County",1,56,13579,6762,6817
050,13,121,"Georgia","Fulton County",1,57,13329,6510,6819
050,13,121,"Georgia","Fulton County",1,58,13168,6515,6653
050,13,121,"Georgia","Fulton County",1,59,12635,6147,6488
050,13,121,"Georgia","Fulton County",1,60,12156,5952,6204
050,13,121,"Georgia","Fulton County",1,61,11622,5625,5997
050,13,121,"Georgia","Fulton County",1,62,11118,5297,5821
050,13,121,"Georgia","Fulton County",1,63,10818,5120,5698
050,13,121,"Georgia","Fulton County",1,64,10317,4762,5555
050,13,121,"Georgia","Fulton County",1,65,9891,4562,5329
050,13,121,"Georgia","Fulton County",1,66,9141,4128,5013
050,13,121,"Georgia","Fulton County",1,67,8680,3888,4792
050,13,121,"Georgia","Fulton County",1,68,8363,3740,4623
050,13,121,"Georgia","Fulton County",1,69,7880,3473,4407
050,13,121,"Georgia","Fulton County",1,70,7762,3413,4349
050,13,121,"Georgia","Fulton County",1,71,7516,3323,4193
050,13,121,"Georgia","Fulton County",1,72,7342,3170,4172
050,13,121,"Georgia","Fulton County",1,73,7095,3158,3937
050,13,121,"Georgia","Fulton County",1,74,5159,2302,2857
050,13,121,"Georgia","Fulton County",1,75,4973,2165,2808
050,13,121,"Georgia","Fulton County",1,76,4680,1971,2709
050,13,121,"Georgia","Fulton County",1,77,4483,1868,2615
050,13,121,"Georgia","Fulton County",1,78,3896,1643,2253
050,13,121,"Georgia","Fulton County",1,79,3526,1501,2025
050,13,121,"Georgia","Fulton County",1,80,3160,1282,1878
050,13,121,"Georgia","Fulton County",1,81,2970,1196,1774
050,13,121,"Georgia","Fulton County",1,82,2657,1049,1608
050,13,121,"Georgia","Fulton County",1,83,2300,917,1383
050,13,121,"Georgia","Fulton County",1,84,2092,767,1325
050,13,121,"Georgia","Fulton County",1,85,13244,4312,8932
050,13,121,"Georgia","Fulton County",2,0,11760,6053,5707
050,13,121,"Georgia","Fulton County",2,1,11529,5871,5658
050,13,121,"Georgia","Fulton County",2,2,11723,6007,5716
050,13,121,"Georgia","Fulton County",2,3,11800,6014,5786
050,13,121,"Georgia","Fulton County",2,4,11983,6085,5898
050,13,121,"Georgia","Fulton County",2,5,12363,6193,6170
050,13,121,"Georgia","Fulton County",2,6,12144,6120,6024
050,13,121,"Georgia","Fulton County",2,7,12135,6155,5980
050,13,121,"Georgia","Fulton County",2,8,12429,6306,6123
050,13,121,"Georgia","Fulton County",2,9,12607,6475,6132
050,13,121,"Georgia","Fulton County",2,10,12924,6609,6315
050,13,121,"Georgia","Fulton County",2,11,13215,6709,6506
050,13,121,"Georgia","Fulton County",2,12,13800,6984,6816
050,13,121,"Georgia","Fulton County",2,13,13835,7059,6776
050,13,121,"Georgia","Fulton County",2,14,13612,6931,6681
050,13,121,"Georgia","Fulton County",2,15,13424,6737,6687
050,13,121,"Georgia","Fulton County",2,16,13474,6747,6727
050,13,121,"Georgia","Fulton County",2,17,13399,6726,6673
050,13,121,"Georgia","Fulton County",2,18,14495,7336,7159
050,13,121,"Georgia","Fulton County",2,19,15888,8101,7787
050,13,121,"Georgia","Fulton County",2,20,14980,7718,7262
050,13,121,"Georgia","Fulton County",2,21,14540,7439,7101
050,13,121,"Georgia","Fulton County",2,22,14295,7175,7120
050,13,121,"Georgia","Fulton County",2,23,14940,7354,7586
050,13,121,"Georgia","Fulton County",2,24,15913,7685,8228
050,13,121,"Georgia","Fulton County",2,25,17071,8301,8770
050,13,121,"Georgia","Fulton County",2,26,18345,8911,9434
050,13,121,"Georgia","Fulton County",2,27,19339,9508,9831
050,13,121,"Georgia","Fulton County",2,28,19816,9734,10082
050,13,121,"Georgia","Fulton County",2,29,19654,9816,9838
050,13,121,"Georgia","Fulton County",2,30,19343,9618,9725
050,13,121,"Georgia","Fulton County",2,31,18760,9218,9542
050,13,121,"Georgia","Fulton County",2,32,18047,8873,9174
050,13,121,"Georgia","Fulton County",2,33,17381,8595,8786
050,13,121,"Georgia","Fulton County",2,34,16912,8410,8502
050,13,121,"Georgia","Fulton County",2,35,16576,8271,8305
050,13,121,"Georgia","Fulton County",2,36,16135,8007,8128
050,13,121,"Georgia","Fulton County",2,37,16126,7923,8203
050,13,121,"Georgia","Fulton County",2,38,15951,7785,8166
050,13,121,"Georgia","Fulton County",2,39,15582,7514,8068
050,13,121,"Georgia","Fulton County",2,40,15551,7457,8094
050,13,121,"Georgia","Fulton County",2,41,15039,7200,7839
050,13,121,"Georgia","Fulton County",2,42,14783,7227,7556
050,13,121,"Georgia","Fulton County",2,43,14488,7018,7470
050,13,121,"Georgia","Fulton County",2,44,14028,6710,7318
050,13,121,"Georgia","Fulton County",2,45,14396,6821,7575
050,13,121,"Georgia","Fulton County",2,46,14177,6781,7396
050,13,121,"Georgia","Fulton County",2,47,14505,6997,7508
050,13,121,"Georgia","Fulton County",2,48,15435,7575,7860
050,13,121,"Georgia","Fulton County",2,49,16315,8143,8172
050,13,121,"Georgia","Fulton County",2,50,15779,7903,7876
050,13,121,"Georgia","Fulton County",2,51,14581,7342,7239
050,13,121,"Georgia","Fulton County",2,52,13869,7036,6833
050,13,121,"Georgia","Fulton County",2,53,13711,6922,6789
050,13,121,"Georgia","Fulton County",2,54,13746,6880,6866
050,13,121,"Georgia","Fulton County",2,55,13762,6813,6949
050,13,121,"Georgia","Fulton County",2,56,13630,6767,6863
050,13,121,"Georgia","Fulton County",2,57,13377,6562,6815
050,13,121,"Georgia","Fulton County",2,58,13215,6530,6685
050,13,121,"Georgia","Fulton County",2,59,12723,6209,6514
050,13,121,"Georgia","Fulton County",2,60,12223,5966,6257
050,13,121,"Georgia","Fulton County",2,61,11697,5672,6025
050,13,121,"Georgia","Fulton County",2,62,11173,5346,5827
050,13,121,"Georgia","Fulton County",2,63,10918,5165,5753
050,13,121,"Georgia","Fulton County",2,64,10345,4801,5544
050,13,121,"Georgia","Fulton County",2,65,9936,4576,5360
050,13,121,"Georgia","Fulton County",2,66,9288,4207,5081
050,13,121,"Georgia","Fulton County",2,67,8696,3906,4790
050,13,121,"Georgia","Fulton County",2,68,8314,3717,4597
050,13,121,"Georgia","Fulton County",2,69,8005,3528,4477
050,13,121,"Georgia","Fulton County",2,70,7736,3401,4335
050,13,121,"Georgia","Fulton County",2,71,7511,3306,4205
050,13,121,"Georgia","Fulton County",2,72,7259,3142,4117
050,13,121,"Georgia","Fulton County",2,73,7382,3256,4126
050,13,121,"Georgia","Fulton County",2,74,5316,2360,2956
050,13,121,"Georgia","Fulton County",2,75,4992,2184,2808
050,13,121,"Georgia","Fulton County",2,76,4690,1996,2694
050,13,121,"Georgia","Fulton County",2,77,4571,1899,2672
050,13,121,"Georgia","Fulton County",2,78,3929,1637,2292
050,13,121,"Georgia","Fulton County",2,79,3563,1508,2055
050,13,121,"Georgia","Fulton County",2,80,3203,1309,1894
050,13,121,"Georgia","Fulton County",2,81,2952,1191,1761
050,13,121,"Georgia","Fulton County",2,82,2705,1070,1635
050,13,121,"Georgia","Fulton County",2,83,2352,925,1427
050,13,121,"Georgia","Fulton County",2,84,2109,787,1322
050,13,121,"Georgia","Fulton County",2,85,13174,4314,8860
050,13,121,"Georgia","Fulton County",3,0,11217,5709,5508
050,13,121,"Georgia","Fulton County",3,1,11373,5774,5599
050,13,121,"Georgia","Fulton County",3,2,11289,5783,5506
050,13,121,"Georgia","Fulton County",3,3,11496,5871,5625
050,13,121,"Georgia","Fulton County",3,4,11639,5869,5770
050,13,121,"Georgia","Fulton County",3,5,11968,6098,5870
050,13,121,"Georgia","Fulton County",3,6,12210,6160,6050
050,13,121,"Georgia","Fulton County",3,7,12147,6181,5966
050,13,121,"Georgia","Fulton County",3,8,12050,6133,5917
050,13,121,"Georgia","Fulton County",3,9,12427,6360,6067
050,13,121,"Georgia","Fulton County",3,10,12627,6494,6133
050,13,121,"Georgia","Fulton County",3,11,12871,6547,6324
050,13,121,"Georgia","Fulton County",3,12,13212,6706,6506
050,13,121,"Georgia","Fulton County",3,13,13735,6931,6804
050,13,121,"Georgia","Fulton County",3,14,13739,6971,6768
050,13,121,"Georgia","Fulton County",3,15,13526,6854,6672
050,13,121,"Georgia","Fulton County",3,16,13347,6692,6655
050,13,121,"Georgia","Fulton County",3,17,13480,6741,6739
050,13,121,"Georgia","Fulton County",3,18,13871,7061,6810
050,13,121,"Georgia","Fulton County",3,19,14365,7303,7062
050,13,121,"Georgia","Fulton County",3,20,13931,7090,6841
050,13,121,"Georgia","Fulton County",3,21,14083,7148,6935
050,13,121,"Georgia","Fulton County",3,22,13880,6951,6929
050,13,121,"Georgia","Fulton County",3,23,14743,7195,7548
050,13,121,"Georgia","Fulton County",3,24,15830,7566,8264
050,13,121,"Georgia","Fulton County",3,25,16604,7938,8666
050,13,121,"Georgia","Fulton County",3,26,17478,8498,8980
050,13,121,"Georgia","Fulton County",3,27,18584,9018,9566
050,13,121,"Georgia","Fulton County",3,28,19394,9514,9880
050,13,121,"Georgia","Fulton County",3,29,19576,9665,9911
050,13,121,"Georgia","Fulton County",3,30,19237,9431,9806
050,13,121,"Georgia","Fulton County",3,31,19025,9443,9582
050,13,121,"Georgia","Fulton County",3,32,18487,9128,9359
050,13,121,"Georgia","Fulton County",3,33,17576,8575,9001
050,13,121,"Georgia","Fulton County",3,34,17056,8520,8536
050,13,121,"Georgia","Fulton County",3,35,16563,8233,8330
050,13,121,"Georgia","Fulton County",3,36,16154,8058,8096
050,13,121,"Georgia","Fulton County",3,37,15866,7791,8075
050,13,121,"Georgia","Fulton County",3,38,15908,7824,8084
050,13,121,"Georgia","Fulton County",3,39,15745,7625,8120
050,13,121,"Georgia","Fulton County",3,40,15359,7386,7973
050,13,121,"Georgia","Fulton County",3,41,15285,7374,7911
050,13,121,"Georgia","Fulton County",3,42,15067,7334,7733
050,13,121,"Georgia","Fulton County",3,43,14476,6998,7478
050,13,121,"Georgia","Fulton County",3,44,14254,6816,7438
050,13,121,"Georgia","Fulton County",3,45,13913,6676,7237
050,13,121,"Georgia","Fulton County",3,46,14279,6781,7498
050,13,121,"Georgia","Fulton County",3,47,13969,6671,7298
050,13,121,"Georgia","Fulton County",3,48,14395,6946,7449
050,13,121,"Georgia","Fulton County",3,49,15413,7578,7835
050,13,121,"Georgia","Fulton County",3,50,15979,7897,8082
050,13,121,"Georgia","Fulton County",3,51,15588,7769,7819
050,13,121,"Georgia","Fulton County",3,52,14337,7264,7073
050,13,121,"Georgia","Fulton County",3,53,13534,6812,6722
050,13,121,"Georgia","Fulton County",3,54,13437,6726,6711
050,13,121,"Georgia","Fulton County",3,55,13374,6657,6717
050,13,121,"Georgia","Fulton County",3,56,13421,6597,6824
050,13,121,"Georgia","Fulton County",3,57,13320,6553,6767
050,13,121,"Georgia","Fulton County",3,58,13084,6458,6626
050,13,121,"Georgia","Fulton County",3,59,12814,6249,6565
050,13,121,"Georgia","Fulton County",3,60,12323,5992,6331
050,13,121,"Georgia","Fulton County",3,61,11844,5736,6108
050,13,121,"Georgia","Fulton County",3,62,11343,5442,5901
050,13,121,"Georgia","Fulton County",3,63,10833,5143,5690
050,13,121,"Georgia","Fulton County",3,64,10548,4987,5561
050,13,121,"Georgia","Fulton County",3,65,10031,4605,5426
050,13,121,"Georgia","Fulton County",3,66,9675,4432,5243
050,13,121,"Georgia","Fulton County",3,67,9056,4100,4956
050,13,121,"Georgia","Fulton County",3,68,8478,3775,4703
050,13,121,"Georgia","Fulton County",3,69,8093,3571,4522
050,13,121,"Georgia","Fulton County",3,70,7782,3393,4389
050,13,121,"Georgia","Fulton County",3,71,7480,3273,4207
050,13,121,"Georgia","Fulton County",3,72,7321,3198,4123
050,13,121,"Georgia","Fulton County",3,73,7111,3066,4045
050,13,121,"Georgia","Fulton County",3,74,7155,3123,4032
050,13,121,"Georgia","Fulton County",3,75,5163,2257,2906
050,13,121,"Georgia","Fulton County",3,76,4859,2104,2755
050,13,121,"Georgia","Fulton County",3,77,4562,1912,2650
050,13,121,"Georgia","Fulton County",3,78,4381,1796,2585
050,13,121,"Georgia","Fulton County",3,79,3732,1528,2204
050,13,121,"Georgia","Fulton County",3,80,3393,1416,1977
050,13,121,"Georgia","Fulton County",3,81,3002,1209,1793
050,13,121,"Georgia","Fulton County",3,82,2758,1091,1667
050,13,121,"Georgia","Fulton County",3,83,2554,1001,1553
050,13,121,"Georgia","Fulton County",3,84,2187,858,1329
050,13,121,"Georgia","Fulton County",3,85,13180,4362,8818
050,13,121,"Georgia","Fulton County",4,0,11643,5902,5741
050,13,121,"Georgia","Fulton County",4,1,11205,5746,5459
050,13,121,"Georgia","Fulton County",4,2,11254,5707,5547
050,13,121,"Georgia","Fulton County",4,3,11258,5768,5490
050,13,121,"Georgia","Fulton County",4,4,11566,5916,5650
050,13,121,"Georgia","Fulton County",4,5,11832,5966,5866
050,13,121,"Georgia","Fulton County",4,6,12033,6130,5903
050,13,121,"Georgia","Fulton County",4,7,12361,6283,6078
050,13,121,"Georgia","Fulton County",4,8,12221,6195,6026
050,13,121,"Georgia","Fulton County",4,9,12241,6227,6014
050,13,121,"Georgia","Fulton County",4,10,12546,6440,6106
050,13,121,"Georgia","Fulton County",4,11,12727,6562,6165
050,13,121,"Georgia","Fulton County",4,12,12953,6646,6307
050,13,121,"Georgia","Fulton County",4,13,13354,6824,6530
050,13,121,"Georgia","Fulton County",4,14,13767,6934,6833
050,13,121,"Georgia","Fulton County",4,15,13831,7023,6808
050,13,121,"Georgia","Fulton County",4,16,13572,6845,6727
050,13,121,"Georgia","Fulton County",4,17,13472,6715,6757
050,13,121,"Georgia","Fulton County",4,18,14503,7406,7097
050,13,121,"Georgia","Fulton County",4,19,15369,7871,7498
050,13,121,"Georgia","Fulton County",4,20,14459,7352,7107
050,13,121,"Georgia","Fulton County",4,21,14607,7468,7139
050,13,121,"Georgia","Fulton County",4,22,14564,7280,7284
050,13,121,"Georgia","Fulton County",4,23,15237,7472,7765
050,13,121,"Georgia","Fulton County",4,24,16266,7681,8585
050,13,121,"Georgia","Fulton County",4,25,17083,8181,8902
050,13,121,"Georgia","Fulton County",4,26,17521,8406,9115
050,13,121,"Georgia","Fulton County",4,27,17787,8667,9120
050,13,121,"Georgia","Fulton County",4,28,18889,9216,9673
050,13,121,"Georgia","Fulton County",4,29,19566,9619,9947
050,13,121,"Georgia","Fulton County",4,30,19466,9447,10019
050,13,121,"Georgia","Fulton County",4,31,19116,9331,9785
050,13,121,"Georgia","Fulton County",4,32,19178,9497,9681
050,13,121,"Georgia","Fulton County",4,33,18330,8997,9333
050,13,121,"Georgia","Fulton County",4,34,17672,8684,8988
050,13,121,"Georgia","Fulton County",4,35,17030,8500,8530
050,13,121,"Georgia","Fulton County",4,36,16556,8147,8409
050,13,121,"Georgia","Fulton County",4,37,16107,7993,8114
050,13,121,"Georgia","Fulton County",4,38,15696,7714,7982
050,13,121,"Georgia","Fulton County",4,39,15818,7724,8094
050,13,121,"Georgia","Fulton County",4,40,15488,7438,8050
050,13,121,"Georgia","Fulton County",4,41,15388,7424,7964
050,13,121,"Georgia","Fulton County",4,42,15512,7587,7925
050,13,121,"Georgia","Fulton County",4,43,14890,7156,7734
050,13,121,"Georgia","Fulton County",4,44,14273,6839,7434
050,13,121,"Georgia","Fulton County",4,45,14317,6847,7470
050,13,121,"Georgia","Fulton County",4,46,13826,6594,7232
050,13,121,"Georgia","Fulton County",4,47,14321,6820,7501
050,13,121,"Georgia","Fulton County",4,48,13996,6706,7290
050,13,121,"Georgia","Fulton County",4,49,14312,6958,7354
050,13,121,"Georgia","Fulton County",4,50,15101,7342,7759
050,13,121,"Georgia","Fulton County",4,51,15854,7768,8086
050,13,121,"Georgia","Fulton County",4,52,15417,7736,7681
050,13,121,"Georgia","Fulton County",4,53,14191,7183,7008
050,13,121,"Georgia","Fulton County",4,54,13359,6714,6645
050,13,121,"Georgia","Fulton County",4,55,13142,6544,6598
050,13,121,"Georgia","Fulton County",4,56,13139,6557,6582
050,13,121,"Georgia","Fulton County",4,57,13066,6386,6680
050,13,121,"Georgia","Fulton County",4,58,13131,6510,6621
050,13,121,"Georgia","Fulton County",4,59,12714,6213,6501
050,13,121,"Georgia","Fulton County",4,60,12455,6053,6402
050,13,121,"Georgia","Fulton County",4,61,11931,5829,6102
050,13,121,"Georgia","Fulton County",4,62,11598,5591,6007
050,13,121,"Georgia","Fulton County",4,63,11008,5256,5752
050,13,121,"Georgia","Fulton County",4,64,10527,4963,5564
050,13,121,"Georgia","Fulton County",4,65,10183,4778,5405
050,13,121,"Georgia","Fulton County",4,66,9680,4404,5276
050,13,121,"Georgia","Fulton County",4,67,9386,4305,5081
050,13,121,"Georgia","Fulton County",4,68,8785,3938,4847
050,13,121,"Georgia","Fulton County",4,69,8224,3614,4610
050,13,121,"Georgia","Fulton County",4,70,7842,3417,4425
050,13,121,"Georgia","Fulton County",4,71,7555,3284,4271
050,13,121,"Georgia","Fulton County",4,72,7288,3171,4117
050,13,121,"Georgia","Fulton County",4,73,7116,3093,4023
050,13,121,"Georgia","Fulton County",4,74,6862,2923,3939
050,13,121,"Georgia","Fulton County",4,75,6948,3031,3917
050,13,121,"Georgia","Fulton County",4,76,5004,2167,2837
050,13,121,"Georgia","Fulton County",4,77,4683,2001,2682
050,13,121,"Georgia","Fulton County",4,78,4398,1829,2569
050,13,121,"Georgia","Fulton County",4,79,4208,1715,2493
050,13,121,"Georgia","Fulton County",4,80,3516,1430,2086
050,13,121,"Georgia","Fulton County",4,81,3205,1327,1878
050,13,121,"Georgia","Fulton County",4,82,2814,1115,1699
050,13,121,"Georgia","Fulton County",4,83,2591,1009,1582
050,13,121,"Georgia","Fulton County",4,84,2399,930,1469
050,13,121,"Georgia","Fulton County",4,85,13399,4591,8808
050,13,121,"Georgia","Fulton County",5,0,11976,6072,5904
050,13,121,"Georgia","Fulton County",5,1,11408,5751,5657
050,13,121,"Georgia","Fulton County",5,2,10965,5616,5349
050,13,121,"Georgia","Fulton County",5,3,11153,5700,5453
050,13,121,"Georgia","Fulton County",5,4,11263,5733,5530
050,13,121,"Georgia","Fulton County",5,5,11546,5933,5613
050,13,121,"Georgia","Fulton County",5,6,11853,5978,5875
050,13,121,"Georgia","Fulton County",5,7,12065,6104,5961
050,13,121,"Georgia","Fulton County",5,8,12378,6229,6149
050,13,121,"Georgia","Fulton County",5,9,12253,6221,6032
050,13,121,"Georgia","Fulton County",5,10,12407,6340,6067
050,13,121,"Georgia","Fulton County",5,11,12527,6403,6124
050,13,121,"Georgia","Fulton County",5,12,12847,6625,6222
050,13,121,"Georgia","Fulton County",5,13,12900,6592,6308
050,13,121,"Georgia","Fulton County",5,14,13338,6848,6490
050,13,121,"Georgia","Fulton County",5,15,13838,6955,6883
050,13,121,"Georgia","Fulton County",5,16,13838,7014,6824
050,13,121,"Georgia","Fulton County",5,17,13748,6906,6842
050,13,121,"Georgia","Fulton County",5,18,14439,7366,7073
050,13,121,"Georgia","Fulton County",5,19,15450,7905,7545
050,13,121,"Georgia","Fulton County",5,20,14484,7429,7055
050,13,121,"Georgia","Fulton County",5,21,14191,7210,6981
050,13,121,"Georgia","Fulton County",5,22,14448,7247,7201
050,13,121,"Georgia","Fulton County",5,23,15334,7532,7802
050,13,121,"Georgia","Fulton County",5,24,16227,7872,8355
050,13,121,"Georgia","Fulton County",5,25,17001,8122,8879
050,13,121,"Georgia","Fulton County",5,26,17641,8407,9234
050,13,121,"Georgia","Fulton County",5,27,17876,8567,9309
050,13,121,"Georgia","Fulton County",5,28,17970,8854,9116
050,13,121,"Georgia","Fulton County",5,29,18845,9261,9584
050,13,121,"Georgia","Fulton County",5,30,19250,9453,9797
050,13,121,"Georgia","Fulton County",5,31,19367,9380,9987
050,13,121,"Georgia","Fulton County",5,32,19115,9297,9818
050,13,121,"Georgia","Fulton County",5,33,18961,9393,9568
050,13,121,"Georgia","Fulton County",5,34,18148,8968,9180
050,13,121,"Georgia","Fulton County",5,35,17302,8497,8805
050,13,121,"Georgia","Fulton County",5,36,16867,8407,8460
050,13,121,"Georgia","Fulton County",5,37,16457,8078,8379
050,13,121,"Georgia","Fulton County",5,38,16061,8006,8055
050,13,121,"Georgia","Fulton County",5,39,15638,7576,8062
050,13,121,"Georgia","Fulton County",5,40,15517,7528,7989
050,13,121,"Georgia","Fulton County",5,41,15456,7401,8055
050,13,121,"Georgia","Fulton County",5,42,15454,7627,7827
050,13,121,"Georgia","Fulton County",5,43,15314,7416,7898
050,13,121,"Georgia","Fulton County",5,44,14667,6971,7696
050,13,121,"Georgia","Fulton County",5,45,14378,6950,7428
050,13,121,"Georgia","Fulton County",5,46,14349,6807,7542
050,13,121,"Georgia","Fulton County",5,47,13738,6538,7200
050,13,121,"Georgia","Fulton County",5,48,14325,6833,7492
050,13,121,"Georgia","Fulton County",5,49,14025,6831,7194
050,13,121,"Georgia","Fulton County",5,50,14087,6737,7350
050,13,121,"Georgia","Fulton County",5,51,14990,7309,7681
050,13,121,"Georgia","Fulton County",5,52,15817,7810,8007
050,13,121,"Georgia","Fulton County",5,53,15237,7655,7582
050,13,121,"Georgia","Fulton County",5,54,13971,7065,6906
050,13,121,"Georgia","Fulton County",5,55,13108,6561,6547
050,13,121,"Georgia","Fulton County",5,56,12851,6410,6441
050,13,121,"Georgia","Fulton County",5,57,12748,6300,6448
050,13,121,"Georgia","Fulton County",5,58,12944,6412,6532
050,13,121,"Georgia","Fulton County",5,59,12833,6304,6529
050,13,121,"Georgia","Fulton County",5,60,12460,6076,6384
050,13,121,"Georgia","Fulton County",5,61,12303,5935,6368
050,13,121,"Georgia","Fulton County",5,62,11682,5676,6006
050,13,121,"Georgia","Fulton County",5,63,11349,5477,5872
050,13,121,"Georgia","Fulton County",5,64,10694,5050,5644
050,13,121,"Georgia","Fulton County",5,65,10228,4834,5394
050,13,121,"Georgia","Fulton County",5,66,9952,4639,5313
050,13,121,"Georgia","Fulton County",5,67,9439,4316,5123
050,13,121,"Georgia","Fulton County",5,68,9215,4191,5024
050,13,121,"Georgia","Fulton County",5,69,8596,3821,4775
050,13,121,"Georgia","Fulton County",5,70,8053,3505,4548
050,13,121,"Georgia","Fulton County",5,71,7690,3333,4357
050,13,121,"Georgia","Fulton County",5,72,7379,3183,4196
050,13,121,"Georgia","Fulton County",5,73,7140,3065,4075
050,13,121,"Georgia","Fulton County",5,74,6920,2973,3947
050,13,121,"Georgia","Fulton County",5,75,6738,2832,3906
050,13,121,"Georgia","Fulton County",5,76,6782,2948,3834
050,13,121,"Georgia","Fulton County",5,77,4876,2100,2776
050,13,121,"Georgia","Fulton County",5,78,4547,1907,2640
050,13,121,"Georgia","Fulton County",5,79,4266,1752,2514
050,13,121,"Georgia","Fulton County",5,80,4019,1628,2391
050,13,121,"Georgia","Fulton County",5,81,3389,1362,2027
050,13,121,"Georgia","Fulton County",5,82,3041,1247,1794
050,13,121,"Georgia","Fulton County",5,83,2704,1043,1661
050,13,121,"Georgia","Fulton County",5,84,2445,938,1507
050,13,121,"Georgia","Fulton County",5,85,14014,4948,9066
050,13,123,"Georgia","Gilmer County",1,0,313,159,154
050,13,123,"Georgia","Gilmer County",1,1,302,153,149
050,13,123,"Georgia","Gilmer County",1,2,305,146,159
050,13,123,"Georgia","Gilmer County",1,3,304,155,149
050,13,123,"Georgia","Gilmer County",1,4,311,156,155
050,13,123,"Georgia","Gilmer County",1,5,334,173,161
050,13,123,"Georgia","Gilmer County",1,6,335,176,159
050,13,123,"Georgia","Gilmer County",1,7,321,175,146
050,13,123,"Georgia","Gilmer County",1,8,298,167,131
050,13,123,"Georgia","Gilmer County",1,9,311,160,151
050,13,123,"Georgia","Gilmer County",1,10,310,152,158
050,13,123,"Georgia","Gilmer County",1,11,334,162,172
050,13,123,"Georgia","Gilmer County",1,12,354,182,172
050,13,123,"Georgia","Gilmer County",1,13,390,204,186
050,13,123,"Georgia","Gilmer County",1,14,354,175,179
050,13,123,"Georgia","Gilmer County",1,15,334,168,166
050,13,123,"Georgia","Gilmer County",1,16,344,171,173
050,13,123,"Georgia","Gilmer County",1,17,313,148,165
050,13,123,"Georgia","Gilmer County",1,18,296,152,144
050,13,123,"Georgia","Gilmer County",1,19,259,129,130
050,13,123,"Georgia","Gilmer County",1,20,288,142,146
050,13,123,"Georgia","Gilmer County",1,21,297,148,149
050,13,123,"Georgia","Gilmer County",1,22,317,167,150
050,13,123,"Georgia","Gilmer County",1,23,307,162,145
050,13,123,"Georgia","Gilmer County",1,24,308,152,156
050,13,123,"Georgia","Gilmer County",1,25,304,163,141
050,13,123,"Georgia","Gilmer County",1,26,285,153,132
050,13,123,"Georgia","Gilmer County",1,27,300,150,150
050,13,123,"Georgia","Gilmer County",1,28,303,150,153
050,13,123,"Georgia","Gilmer County",1,29,319,164,155
050,13,123,"Georgia","Gilmer County",1,30,293,158,135
050,13,123,"Georgia","Gilmer County",1,31,266,140,126
050,13,123,"Georgia","Gilmer County",1,32,286,146,140
050,13,123,"Georgia","Gilmer County",1,33,294,151,143
050,13,123,"Georgia","Gilmer County",1,34,299,146,153
050,13,123,"Georgia","Gilmer County",1,35,296,158,138
050,13,123,"Georgia","Gilmer County",1,36,312,155,157
050,13,123,"Georgia","Gilmer County",1,37,301,148,153
050,13,123,"Georgia","Gilmer County",1,38,315,165,150
050,13,123,"Georgia","Gilmer County",1,39,309,164,145
050,13,123,"Georgia","Gilmer County",1,40,320,176,144
050,13,123,"Georgia","Gilmer County",1,41,312,168,144
050,13,123,"Georgia","Gilmer County",1,42,345,195,150
050,13,123,"Georgia","Gilmer County",1,43,381,211,170
050,13,123,"Georgia","Gilmer County",1,44,374,194,180
050,13,123,"Georgia","Gilmer County",1,45,342,166,176
050,13,123,"Georgia","Gilmer County",1,46,357,175,182
050,13,123,"Georgia","Gilmer County",1,47,377,186,191
050,13,123,"Georgia","Gilmer County",1,48,376,196,180
050,13,123,"Georgia","Gilmer County",1,49,429,234,195
050,13,123,"Georgia","Gilmer County",1,50,370,191,179
050,13,123,"Georgia","Gilmer County",1,51,407,211,196
050,13,123,"Georgia","Gilmer County",1,52,397,208,189
050,13,123,"Georgia","Gilmer County",1,53,400,201,199
050,13,123,"Georgia","Gilmer County",1,54,440,211,229
050,13,123,"Georgia","Gilmer County",1,55,482,231,251
050,13,123,"Georgia","Gilmer County",1,56,499,248,251
050,13,123,"Georgia","Gilmer County",1,57,469,234,235
050,13,123,"Georgia","Gilmer County",1,58,499,263,236
050,13,123,"Georgia","Gilmer County",1,59,523,264,259
050,13,123,"Georgia","Gilmer County",1,60,523,266,257
050,13,123,"Georgia","Gilmer County",1,61,531,247,284
050,13,123,"Georgia","Gilmer County",1,62,584,279,305
050,13,123,"Georgia","Gilmer County",1,63,549,256,293
050,13,123,"Georgia","Gilmer County",1,64,532,267,265
050,13,123,"Georgia","Gilmer County",1,65,570,286,284
050,13,123,"Georgia","Gilmer County",1,66,561,260,301
050,13,123,"Georgia","Gilmer County",1,67,552,270,282
050,13,123,"Georgia","Gilmer County",1,68,519,261,258
050,13,123,"Georgia","Gilmer County",1,69,537,266,271
050,13,123,"Georgia","Gilmer County",1,70,528,269,259
050,13,123,"Georgia","Gilmer County",1,71,515,263,252
050,13,123,"Georgia","Gilmer County",1,72,533,273,260
050,13,123,"Georgia","Gilmer County",1,73,512,253,259
050,13,123,"Georgia","Gilmer County",1,74,329,166,163
050,13,123,"Georgia","Gilmer County",1,75,343,173,170
050,13,123,"Georgia","Gilmer County",1,76,349,177,172
050,13,123,"Georgia","Gilmer County",1,77,316,166,150
050,13,123,"Georgia","Gilmer County",1,78,246,122,124
050,13,123,"Georgia","Gilmer County",1,79,233,125,108
050,13,123,"Georgia","Gilmer County",1,80,208,113,95
050,13,123,"Georgia","Gilmer County",1,81,179,81,98
050,13,123,"Georgia","Gilmer County",1,82,170,81,89
050,13,123,"Georgia","Gilmer County",1,83,137,66,71
050,13,123,"Georgia","Gilmer County",1,84,137,67,70
050,13,123,"Georgia","Gilmer County",1,85,636,247,389
050,13,123,"Georgia","Gilmer County",2,0,314,170,144
050,13,123,"Georgia","Gilmer County",2,1,303,154,149
050,13,123,"Georgia","Gilmer County",2,2,303,146,157
050,13,123,"Georgia","Gilmer County",2,3,303,153,150
050,13,123,"Georgia","Gilmer County",2,4,313,159,154
050,13,123,"Georgia","Gilmer County",2,5,332,170,162
050,13,123,"Georgia","Gilmer County",2,6,337,177,160
050,13,123,"Georgia","Gilmer County",2,7,322,175,147
050,13,123,"Georgia","Gilmer County",2,8,302,169,133
050,13,123,"Georgia","Gilmer County",2,9,309,164,145
050,13,123,"Georgia","Gilmer County",2,10,309,154,155
050,13,123,"Georgia","Gilmer County",2,11,327,157,170
050,13,123,"Georgia","Gilmer County",2,12,348,178,170
050,13,123,"Georgia","Gilmer County",2,13,379,199,180
050,13,123,"Georgia","Gilmer County",2,14,364,182,182
050,13,123,"Georgia","Gilmer County",2,15,339,170,169
050,13,123,"Georgia","Gilmer County",2,16,340,169,171
050,13,123,"Georgia","Gilmer County",2,17,321,154,167
050,13,123,"Georgia","Gilmer County",2,18,286,145,141
050,13,123,"Georgia","Gilmer County",2,19,254,125,129
050,13,123,"Georgia","Gilmer County",2,20,287,142,145
050,13,123,"Georgia","Gilmer County",2,21,298,147,151
050,13,123,"Georgia","Gilmer County",2,22,315,165,150
050,13,123,"Georgia","Gilmer County",2,23,312,163,149
050,13,123,"Georgia","Gilmer County",2,24,308,155,153
050,13,123,"Georgia","Gilmer County",2,25,304,158,146
050,13,123,"Georgia","Gilmer County",2,26,289,155,134
050,13,123,"Georgia","Gilmer County",2,27,293,148,145
050,13,123,"Georgia","Gilmer County",2,28,305,151,154
050,13,123,"Georgia","Gilmer County",2,29,314,159,155
050,13,123,"Georgia","Gilmer County",2,30,303,161,142
050,13,123,"Georgia","Gilmer County",2,31,276,146,130
050,13,123,"Georgia","Gilmer County",2,32,280,145,135
050,13,123,"Georgia","Gilmer County",2,33,296,151,145
050,13,123,"Georgia","Gilmer County",2,34,297,148,149
050,13,123,"Georgia","Gilmer County",2,35,300,156,144
050,13,123,"Georgia","Gilmer County",2,36,306,153,153
050,13,123,"Georgia","Gilmer County",2,37,305,151,154
050,13,123,"Georgia","Gilmer County",2,38,314,163,151
050,13,123,"Georgia","Gilmer County",2,39,310,164,146
050,13,123,"Georgia","Gilmer County",2,40,321,174,147
050,13,123,"Georgia","Gilmer County",2,41,314,171,143
050,13,123,"Georgia","Gilmer County",2,42,336,187,149
050,13,123,"Georgia","Gilmer County",2,43,375,207,168
050,13,123,"Georgia","Gilmer County",2,44,374,197,177
050,13,123,"Georgia","Gilmer County",2,45,352,174,178
050,13,123,"Georgia","Gilmer County",2,46,352,172,180
050,13,123,"Georgia","Gilmer County",2,47,372,184,188
050,13,123,"Georgia","Gilmer County",2,48,380,196,184
050,13,123,"Georgia","Gilmer County",2,49,419,224,195
050,13,123,"Georgia","Gilmer County",2,50,387,201,186
050,13,123,"Georgia","Gilmer County",2,51,401,207,194
050,13,123,"Georgia","Gilmer County",2,52,401,212,189
050,13,123,"Georgia","Gilmer County",2,53,402,203,199
050,13,123,"Georgia","Gilmer County",2,54,435,211,224
050,13,123,"Georgia","Gilmer County",2,55,481,232,249
050,13,123,"Georgia","Gilmer County",2,56,501,248,253
050,13,123,"Georgia","Gilmer County",2,57,479,241,238
050,13,123,"Georgia","Gilmer County",2,58,498,259,239
050,13,123,"Georgia","Gilmer County",2,59,528,270,258
050,13,123,"Georgia","Gilmer County",2,60,533,271,262
050,13,123,"Georgia","Gilmer County",2,61,537,255,282
050,13,123,"Georgia","Gilmer County",2,62,578,276,302
050,13,123,"Georgia","Gilmer County",2,63,566,267,299
050,13,123,"Georgia","Gilmer County",2,64,537,264,273
050,13,123,"Georgia","Gilmer County",2,65,568,283,285
050,13,123,"Georgia","Gilmer County",2,66,569,270,299
050,13,123,"Georgia","Gilmer County",2,67,554,266,288
050,13,123,"Georgia","Gilmer County",2,68,526,262,264
050,13,123,"Georgia","Gilmer County",2,69,536,267,269
050,13,123,"Georgia","Gilmer County",2,70,526,268,258
050,13,123,"Georgia","Gilmer County",2,71,516,263,253
050,13,123,"Georgia","Gilmer County",2,72,521,266,255
050,13,123,"Georgia","Gilmer County",2,73,536,265,271
050,13,123,"Georgia","Gilmer County",2,74,344,173,171
050,13,123,"Georgia","Gilmer County",2,75,334,168,166
050,13,123,"Georgia","Gilmer County",2,76,342,174,168
050,13,123,"Georgia","Gilmer County",2,77,327,173,154
050,13,123,"Georgia","Gilmer County",2,78,256,130,126
050,13,123,"Georgia","Gilmer County",2,79,231,120,111
050,13,123,"Georgia","Gilmer County",2,80,208,113,95
050,13,123,"Georgia","Gilmer County",2,81,184,87,97
050,13,123,"Georgia","Gilmer County",2,82,167,79,88
050,13,123,"Georgia","Gilmer County",2,83,143,70,73
050,13,123,"Georgia","Gilmer County",2,84,132,63,69
050,13,123,"Georgia","Gilmer County",2,85,631,253,378
050,13,123,"Georgia","Gilmer County",3,0,290,157,133
050,13,123,"Georgia","Gilmer County",3,1,330,182,148
050,13,123,"Georgia","Gilmer County",3,2,324,163,161
050,13,123,"Georgia","Gilmer County",3,3,311,149,162
050,13,123,"Georgia","Gilmer County",3,4,298,149,149
050,13,123,"Georgia","Gilmer County",3,5,315,159,156
050,13,123,"Georgia","Gilmer County",3,6,350,181,169
050,13,123,"Georgia","Gilmer County",3,7,328,176,152
050,13,123,"Georgia","Gilmer County",3,8,327,186,141
050,13,123,"Georgia","Gilmer County",3,9,303,166,137
050,13,123,"Georgia","Gilmer County",3,10,306,161,145
050,13,123,"Georgia","Gilmer County",3,11,314,160,154
050,13,123,"Georgia","Gilmer County",3,12,335,166,169
050,13,123,"Georgia","Gilmer County",3,13,342,175,167
050,13,123,"Georgia","Gilmer County",3,14,385,193,192
050,13,123,"Georgia","Gilmer County",3,15,355,175,180
050,13,123,"Georgia","Gilmer County",3,16,342,170,172
050,13,123,"Georgia","Gilmer County",3,17,339,166,173
050,13,123,"Georgia","Gilmer County",3,18,286,143,143
050,13,123,"Georgia","Gilmer County",3,19,238,122,116
050,13,123,"Georgia","Gilmer County",3,20,287,138,149
050,13,123,"Georgia","Gilmer County",3,21,293,152,141
050,13,123,"Georgia","Gilmer County",3,22,313,162,151
050,13,123,"Georgia","Gilmer County",3,23,326,169,157
050,13,123,"Georgia","Gilmer County",3,24,334,168,166
050,13,123,"Georgia","Gilmer County",3,25,301,163,138
050,13,123,"Georgia","Gilmer County",3,26,307,153,154
050,13,123,"Georgia","Gilmer County",3,27,292,161,131
050,13,123,"Georgia","Gilmer County",3,28,300,147,153
050,13,123,"Georgia","Gilmer County",3,29,305,154,151
050,13,123,"Georgia","Gilmer County",3,30,318,166,152
050,13,123,"Georgia","Gilmer County",3,31,309,160,149
050,13,123,"Georgia","Gilmer County",3,32,284,147,137
050,13,123,"Georgia","Gilmer County",3,33,299,159,140
050,13,123,"Georgia","Gilmer County",3,34,306,160,146
050,13,123,"Georgia","Gilmer County",3,35,312,163,149
050,13,123,"Georgia","Gilmer County",3,36,294,150,144
050,13,123,"Georgia","Gilmer County",3,37,321,162,159
050,13,123,"Georgia","Gilmer County",3,38,324,156,168
050,13,123,"Georgia","Gilmer County",3,39,296,159,137
050,13,123,"Georgia","Gilmer County",3,40,326,173,153
050,13,123,"Georgia","Gilmer County",3,41,335,180,155
050,13,123,"Georgia","Gilmer County",3,42,322,172,150
050,13,123,"Georgia","Gilmer County",3,43,350,194,156
050,13,123,"Georgia","Gilmer County",3,44,382,217,165
050,13,123,"Georgia","Gilmer County",3,45,381,198,183
050,13,123,"Georgia","Gilmer County",3,46,363,172,191
050,13,123,"Georgia","Gilmer County",3,47,362,179,183
050,13,123,"Georgia","Gilmer County",3,48,397,199,198
050,13,123,"Georgia","Gilmer County",3,49,406,208,198
050,13,123,"Georgia","Gilmer County",3,50,431,225,206
050,13,123,"Georgia","Gilmer County",3,51,418,217,201
050,13,123,"Georgia","Gilmer County",3,52,403,207,196
050,13,123,"Georgia","Gilmer County",3,53,429,226,203
050,13,123,"Georgia","Gilmer County",3,54,422,210,212
050,13,123,"Georgia","Gilmer County",3,55,449,217,232
050,13,123,"Georgia","Gilmer County",3,56,506,249,257
050,13,123,"Georgia","Gilmer County",3,57,515,247,268
050,13,123,"Georgia","Gilmer County",3,58,483,247,236
050,13,123,"Georgia","Gilmer County",3,59,494,256,238
050,13,123,"Georgia","Gilmer County",3,60,553,281,272
050,13,123,"Georgia","Gilmer County",3,61,569,291,278
050,13,123,"Georgia","Gilmer County",3,62,565,277,288
050,13,123,"Georgia","Gilmer County",3,63,604,297,307
050,13,123,"Georgia","Gilmer County",3,64,587,279,308
050,13,123,"Georgia","Gilmer County",3,65,556,276,280
050,13,123,"Georgia","Gilmer County",3,66,582,291,291
050,13,123,"Georgia","Gilmer County",3,67,571,268,303
050,13,123,"Georgia","Gilmer County",3,68,552,264,288
050,13,123,"Georgia","Gilmer County",3,69,531,266,265
050,13,123,"Georgia","Gilmer County",3,70,526,256,270
050,13,123,"Georgia","Gilmer County",3,71,499,249,250
050,13,123,"Georgia","Gilmer County",3,72,508,256,252
050,13,123,"Georgia","Gilmer County",3,73,512,265,247
050,13,123,"Georgia","Gilmer County",3,74,535,259,276
050,13,123,"Georgia","Gilmer County",3,75,340,170,170
050,13,123,"Georgia","Gilmer County",3,76,325,164,161
050,13,123,"Georgia","Gilmer County",3,77,332,164,168
050,13,123,"Georgia","Gilmer County",3,78,323,171,152
050,13,123,"Georgia","Gilmer County",3,79,237,117,120
050,13,123,"Georgia","Gilmer County",3,80,225,125,100
050,13,123,"Georgia","Gilmer County",3,81,197,106,91
050,13,123,"Georgia","Gilmer County",3,82,173,79,94
050,13,123,"Georgia","Gilmer County",3,83,151,70,81
050,13,123,"Georgia","Gilmer County",3,84,138,65,73
050,13,123,"Georgia","Gilmer County",3,85,702,286,416
050,13,123,"Georgia","Gilmer County",4,0,300,150,150
050,13,123,"Georgia","Gilmer County",4,1,285,141,144
050,13,123,"Georgia","Gilmer County",4,2,316,172,144
050,13,123,"Georgia","Gilmer County",4,3,307,160,147
050,13,123,"Georgia","Gilmer County",4,4,323,157,166
050,13,123,"Georgia","Gilmer County",4,5,281,142,139
050,13,123,"Georgia","Gilmer County",4,6,317,158,159
050,13,123,"Georgia","Gilmer County",4,7,357,180,177
050,13,123,"Georgia","Gilmer County",4,8,338,184,154
050,13,123,"Georgia","Gilmer County",4,9,329,183,146
050,13,123,"Georgia","Gilmer County",4,10,313,170,143
050,13,123,"Georgia","Gilmer County",4,11,316,170,146
050,13,123,"Georgia","Gilmer County",4,12,329,166,163
050,13,123,"Georgia","Gilmer County",4,13,340,172,168
050,13,123,"Georgia","Gilmer County",4,14,351,181,170
050,13,123,"Georgia","Gilmer County",4,15,389,200,189
050,13,123,"Georgia","Gilmer County",4,16,356,174,182
050,13,123,"Georgia","Gilmer County",4,17,349,169,180
050,13,123,"Georgia","Gilmer County",4,18,298,155,143
050,13,123,"Georgia","Gilmer County",4,19,232,116,116
050,13,123,"Georgia","Gilmer County",4,20,271,142,129
050,13,123,"Georgia","Gilmer County",4,21,320,155,165
050,13,123,"Georgia","Gilmer County",4,22,311,163,148
050,13,123,"Georgia","Gilmer County",4,23,339,173,166
050,13,123,"Georgia","Gilmer County",4,24,317,159,158
050,13,123,"Georgia","Gilmer County",4,25,329,162,167
050,13,123,"Georgia","Gilmer County",4,26,300,165,135
050,13,123,"Georgia","Gilmer County",4,27,315,157,158
050,13,123,"Georgia","Gilmer County",4,28,294,163,131
050,13,123,"Georgia","Gilmer County",4,29,300,148,152
050,13,123,"Georgia","Gilmer County",4,30,303,154,149
050,13,123,"Georgia","Gilmer County",4,31,309,162,147
050,13,123,"Georgia","Gilmer County",4,32,316,167,149
050,13,123,"Georgia","Gilmer County",4,33,297,152,145
050,13,123,"Georgia","Gilmer County",4,34,313,168,145
050,13,123,"Georgia","Gilmer County",4,35,314,161,153
050,13,123,"Georgia","Gilmer County",4,36,306,149,157
050,13,123,"Georgia","Gilmer County",4,37,297,153,144
050,13,123,"Georgia","Gilmer County",4,38,338,176,162
050,13,123,"Georgia","Gilmer County",4,39,329,162,167
050,13,123,"Georgia","Gilmer County",4,40,305,154,151
050,13,123,"Georgia","Gilmer County",4,41,341,182,159
050,13,123,"Georgia","Gilmer County",4,42,348,183,165
050,13,123,"Georgia","Gilmer County",4,43,324,171,153
050,13,123,"Georgia","Gilmer County",4,44,349,199,150
050,13,123,"Georgia","Gilmer County",4,45,375,213,162
050,13,123,"Georgia","Gilmer County",4,46,397,204,193
050,13,123,"Georgia","Gilmer County",4,47,358,169,189
050,13,123,"Georgia","Gilmer County",4,48,369,183,186
050,13,123,"Georgia","Gilmer County",4,49,401,197,204
050,13,123,"Georgia","Gilmer County",4,50,408,206,202
050,13,123,"Georgia","Gilmer County",4,51,455,230,225
050,13,123,"Georgia","Gilmer County",4,52,442,228,214
050,13,123,"Georgia","Gilmer County",4,53,406,209,197
050,13,123,"Georgia","Gilmer County",4,54,447,237,210
050,13,123,"Georgia","Gilmer County",4,55,443,218,225
050,13,123,"Georgia","Gilmer County",4,56,463,233,230
050,13,123,"Georgia","Gilmer County",4,57,502,240,262
050,13,123,"Georgia","Gilmer County",4,58,523,248,275
050,13,123,"Georgia","Gilmer County",4,59,490,250,240
050,13,123,"Georgia","Gilmer County",4,60,511,270,241
050,13,123,"Georgia","Gilmer County",4,61,579,292,287
050,13,123,"Georgia","Gilmer County",4,62,598,299,299
050,13,123,"Georgia","Gilmer County",4,63,572,284,288
050,13,123,"Georgia","Gilmer County",4,64,601,289,312
050,13,123,"Georgia","Gilmer County",4,65,585,287,298
050,13,123,"Georgia","Gilmer County",4,66,565,288,277
050,13,123,"Georgia","Gilmer County",4,67,583,292,291
050,13,123,"Georgia","Gilmer County",4,68,571,275,296
050,13,123,"Georgia","Gilmer County",4,69,545,263,282
050,13,123,"Georgia","Gilmer County",4,70,533,266,267
050,13,123,"Georgia","Gilmer County",4,71,522,258,264
050,13,123,"Georgia","Gilmer County",4,72,478,239,239
050,13,123,"Georgia","Gilmer County",4,73,495,249,246
050,13,123,"Georgia","Gilmer County",4,74,501,254,247
050,13,123,"Georgia","Gilmer County",4,75,505,242,263
050,13,123,"Georgia","Gilmer County",4,76,326,167,159
050,13,123,"Georgia","Gilmer County",4,77,306,151,155
050,13,123,"Georgia","Gilmer County",4,78,308,157,151
050,13,123,"Georgia","Gilmer County",4,79,300,150,150
050,13,123,"Georgia","Gilmer County",4,80,231,120,111
050,13,123,"Georgia","Gilmer County",4,81,210,120,90
050,13,123,"Georgia","Gilmer County",4,82,173,90,83
050,13,123,"Georgia","Gilmer County",4,83,158,68,90
050,13,123,"Georgia","Gilmer County",4,84,137,63,74
050,13,123,"Georgia","Gilmer County",4,85,720,306,414
050,13,123,"Georgia","Gilmer County",5,0,294,148,146
050,13,123,"Georgia","Gilmer County",5,1,304,159,145
050,13,123,"Georgia","Gilmer County",5,2,300,153,147
050,13,123,"Georgia","Gilmer County",5,3,324,179,145
050,13,123,"Georgia","Gilmer County",5,4,316,166,150
050,13,123,"Georgia","Gilmer County",5,5,319,151,168
050,13,123,"Georgia","Gilmer County",5,6,291,145,146
050,13,123,"Georgia","Gilmer County",5,7,328,167,161
050,13,123,"Georgia","Gilmer County",5,8,352,177,175
050,13,123,"Georgia","Gilmer County",5,9,341,185,156
050,13,123,"Georgia","Gilmer County",5,10,325,186,139
050,13,123,"Georgia","Gilmer County",5,11,323,178,145
050,13,123,"Georgia","Gilmer County",5,12,339,187,152
050,13,123,"Georgia","Gilmer County",5,13,329,168,161
050,13,123,"Georgia","Gilmer County",5,14,347,176,171
050,13,123,"Georgia","Gilmer County",5,15,341,178,163
050,13,123,"Georgia","Gilmer County",5,16,388,195,193
050,13,123,"Georgia","Gilmer County",5,17,363,180,183
050,13,123,"Georgia","Gilmer County",5,18,303,155,148
050,13,123,"Georgia","Gilmer County",5,19,252,129,123
050,13,123,"Georgia","Gilmer County",5,20,266,133,133
050,13,123,"Georgia","Gilmer County",5,21,303,159,144
050,13,123,"Georgia","Gilmer County",5,22,337,158,179
050,13,123,"Georgia","Gilmer County",5,23,337,169,168
050,13,123,"Georgia","Gilmer County",5,24,346,177,169
050,13,123,"Georgia","Gilmer County",5,25,336,184,152
050,13,123,"Georgia","Gilmer County",5,26,337,168,169
050,13,123,"Georgia","Gilmer County",5,27,289,160,129
050,13,123,"Georgia","Gilmer County",5,28,317,157,160
050,13,123,"Georgia","Gilmer County",5,29,311,170,141
050,13,123,"Georgia","Gilmer County",5,30,300,151,149
050,13,123,"Georgia","Gilmer County",5,31,313,155,158
050,13,123,"Georgia","Gilmer County",5,32,313,162,151
050,13,123,"Georgia","Gilmer County",5,33,326,171,155
050,13,123,"Georgia","Gilmer County",5,34,309,166,143
050,13,123,"Georgia","Gilmer County",5,35,325,172,153
050,13,123,"Georgia","Gilmer County",5,36,317,163,154
050,13,123,"Georgia","Gilmer County",5,37,307,144,163
050,13,123,"Georgia","Gilmer County",5,38,300,151,149
050,13,123,"Georgia","Gilmer County",5,39,338,172,166
050,13,123,"Georgia","Gilmer County",5,40,331,168,163
050,13,123,"Georgia","Gilmer County",5,41,311,154,157
050,13,123,"Georgia","Gilmer County",5,42,341,186,155
050,13,123,"Georgia","Gilmer County",5,43,365,187,178
050,13,123,"Georgia","Gilmer County",5,44,321,170,151
050,13,123,"Georgia","Gilmer County",5,45,353,200,153
050,13,123,"Georgia","Gilmer County",5,46,369,211,158
050,13,123,"Georgia","Gilmer County",5,47,396,202,194
050,13,123,"Georgia","Gilmer County",5,48,365,177,188
050,13,123,"Georgia","Gilmer County",5,49,374,180,194
050,13,123,"Georgia","Gilmer County",5,50,409,199,210
050,13,123,"Georgia","Gilmer County",5,51,409,208,201
050,13,123,"Georgia","Gilmer County",5,52,472,239,233
050,13,123,"Georgia","Gilmer County",5,53,463,243,220
050,13,123,"Georgia","Gilmer County",5,54,413,205,208
050,13,123,"Georgia","Gilmer County",5,55,472,244,228
050,13,123,"Georgia","Gilmer County",5,56,450,214,236
050,13,123,"Georgia","Gilmer County",5,57,474,232,242
050,13,123,"Georgia","Gilmer County",5,58,533,250,283
050,13,123,"Georgia","Gilmer County",5,59,533,258,275
050,13,123,"Georgia","Gilmer County",5,60,507,260,247
050,13,123,"Georgia","Gilmer County",5,61,531,285,246
050,13,123,"Georgia","Gilmer County",5,62,586,295,291
050,13,123,"Georgia","Gilmer County",5,63,612,307,305
050,13,123,"Georgia","Gilmer County",5,64,584,294,290
050,13,123,"Georgia","Gilmer County",5,65,611,289,322
050,13,123,"Georgia","Gilmer County",5,66,587,286,301
050,13,123,"Georgia","Gilmer County",5,67,574,292,282
050,13,123,"Georgia","Gilmer County",5,68,578,296,282
050,13,123,"Georgia","Gilmer County",5,69,567,281,286
050,13,123,"Georgia","Gilmer County",5,70,544,260,284
050,13,123,"Georgia","Gilmer County",5,71,524,263,261
050,13,123,"Georgia","Gilmer County",5,72,514,251,263
050,13,123,"Georgia","Gilmer County",5,73,472,238,234
050,13,123,"Georgia","Gilmer County",5,74,477,238,239
050,13,123,"Georgia","Gilmer County",5,75,493,255,238
050,13,123,"Georgia","Gilmer County",5,76,488,232,256
050,13,123,"Georgia","Gilmer County",5,77,305,156,149
050,13,123,"Georgia","Gilmer County",5,78,291,142,149
050,13,123,"Georgia","Gilmer County",5,79,293,142,151
050,13,123,"Georgia","Gilmer County",5,80,290,150,140
050,13,123,"Georgia","Gilmer County",5,81,209,113,96
050,13,123,"Georgia","Gilmer County",5,82,193,105,88
050,13,123,"Georgia","Gilmer County",5,83,171,91,80
050,13,123,"Georgia","Gilmer County",5,84,147,61,86
050,13,123,"Georgia","Gilmer County",5,85,752,320,432
050,13,125,"Georgia","Glascock County",1,0,25,13,12
050,13,125,"Georgia","Glascock County",1,1,30,17,13
050,13,125,"Georgia","Glascock County",1,2,30,11,19
050,13,125,"Georgia","Glascock County",1,3,28,11,17
050,13,125,"Georgia","Glascock County",1,4,27,10,17
050,13,125,"Georgia","Glascock County",1,5,31,15,16
050,13,125,"Georgia","Glascock County",1,6,32,19,13
050,13,125,"Georgia","Glascock County",1,7,33,18,15
050,13,125,"Georgia","Glascock County",1,8,33,18,15
050,13,125,"Georgia","Glascock County",1,9,35,20,15
050,13,125,"Georgia","Glascock County",1,10,37,22,15
050,13,125,"Georgia","Glascock County",1,11,47,27,20
050,13,125,"Georgia","Glascock County",1,12,35,22,13
050,13,125,"Georgia","Glascock County",1,13,35,24,11
050,13,125,"Georgia","Glascock County",1,14,47,28,19
050,13,125,"Georgia","Glascock County",1,15,40,22,18
050,13,125,"Georgia","Glascock County",1,16,35,21,14
050,13,125,"Georgia","Glascock County",1,17,42,23,19
050,13,125,"Georgia","Glascock County",1,18,41,22,19
050,13,125,"Georgia","Glascock County",1,19,31,17,14
050,13,125,"Georgia","Glascock County",1,20,35,19,16
050,13,125,"Georgia","Glascock County",1,21,39,16,23
050,13,125,"Georgia","Glascock County",1,22,41,20,21
050,13,125,"Georgia","Glascock County",1,23,33,15,18
050,13,125,"Georgia","Glascock County",1,24,30,18,12
050,13,125,"Georgia","Glascock County",1,25,22,13,9
050,13,125,"Georgia","Glascock County",1,26,36,15,21
050,13,125,"Georgia","Glascock County",1,27,35,20,15
050,13,125,"Georgia","Glascock County",1,28,24,10,14
050,13,125,"Georgia","Glascock County",1,29,31,13,18
050,13,125,"Georgia","Glascock County",1,30,33,15,18
050,13,125,"Georgia","Glascock County",1,31,29,12,17
050,13,125,"Georgia","Glascock County",1,32,23,14,9
050,13,125,"Georgia","Glascock County",1,33,28,14,14
050,13,125,"Georgia","Glascock County",1,34,33,15,18
050,13,125,"Georgia","Glascock County",1,35,36,23,13
050,13,125,"Georgia","Glascock County",1,36,31,14,17
050,13,125,"Georgia","Glascock County",1,37,33,11,22
050,13,125,"Georgia","Glascock County",1,38,29,11,18
050,13,125,"Georgia","Glascock County",1,39,32,17,15
050,13,125,"Georgia","Glascock County",1,40,31,18,13
050,13,125,"Georgia","Glascock County",1,41,41,17,24
050,13,125,"Georgia","Glascock County",1,42,38,18,20
050,13,125,"Georgia","Glascock County",1,43,45,25,20
050,13,125,"Georgia","Glascock County",1,44,41,23,18
050,13,125,"Georgia","Glascock County",1,45,36,15,21
050,13,125,"Georgia","Glascock County",1,46,46,20,26
050,13,125,"Georgia","Glascock County",1,47,43,22,21
050,13,125,"Georgia","Glascock County",1,48,35,19,16
050,13,125,"Georgia","Glascock County",1,49,47,22,25
050,13,125,"Georgia","Glascock County",1,50,55,27,28
050,13,125,"Georgia","Glascock County",1,51,46,23,23
050,13,125,"Georgia","Glascock County",1,52,35,17,18
050,13,125,"Georgia","Glascock County",1,53,39,20,19
050,13,125,"Georgia","Glascock County",1,54,45,22,23
050,13,125,"Georgia","Glascock County",1,55,43,24,19
050,13,125,"Georgia","Glascock County",1,56,41,22,19
050,13,125,"Georgia","Glascock County",1,57,41,23,18
050,13,125,"Georgia","Glascock County",1,58,43,27,16
050,13,125,"Georgia","Glascock County",1,59,46,21,25
050,13,125,"Georgia","Glascock County",1,60,38,19,19
050,13,125,"Georgia","Glascock County",1,61,46,22,24
050,13,125,"Georgia","Glascock County",1,62,46,24,22
050,13,125,"Georgia","Glascock County",1,63,38,18,20
050,13,125,"Georgia","Glascock County",1,64,39,19,20
050,13,125,"Georgia","Glascock County",1,65,36,15,21
050,13,125,"Georgia","Glascock County",1,66,38,19,19
050,13,125,"Georgia","Glascock County",1,67,33,14,19
050,13,125,"Georgia","Glascock County",1,68,28,8,20
050,13,125,"Georgia","Glascock County",1,69,32,13,19
050,13,125,"Georgia","Glascock County",1,70,30,14,16
050,13,125,"Georgia","Glascock County",1,71,22,13,9
050,13,125,"Georgia","Glascock County",1,72,24,14,10
050,13,125,"Georgia","Glascock County",1,73,29,14,15
050,13,125,"Georgia","Glascock County",1,74,17,7,10
050,13,125,"Georgia","Glascock County",1,75,24,10,14
050,13,125,"Georgia","Glascock County",1,76,22,13,9
050,13,125,"Georgia","Glascock County",1,77,24,10,14
050,13,125,"Georgia","Glascock County",1,78,21,10,11
050,13,125,"Georgia","Glascock County",1,79,15,6,9
050,13,125,"Georgia","Glascock County",1,80,15,6,9
050,13,125,"Georgia","Glascock County",1,81,12,5,7
050,13,125,"Georgia","Glascock County",1,82,7,4,3
050,13,125,"Georgia","Glascock County",1,83,11,2,9
050,13,125,"Georgia","Glascock County",1,84,6,3,3
050,13,125,"Georgia","Glascock County",1,85,70,18,52
050,13,125,"Georgia","Glascock County",2,0,28,13,15
050,13,125,"Georgia","Glascock County",2,1,30,16,14
050,13,125,"Georgia","Glascock County",2,2,31,12,19
050,13,125,"Georgia","Glascock County",2,3,29,11,18
050,13,125,"Georgia","Glascock County",2,4,28,11,17
050,13,125,"Georgia","Glascock County",2,5,31,15,16
050,13,125,"Georgia","Glascock County",2,6,32,18,14
050,13,125,"Georgia","Glascock County",2,7,34,19,15
050,13,125,"Georgia","Glascock County",2,8,33,18,15
050,13,125,"Georgia","Glascock County",2,9,34,19,15
050,13,125,"Georgia","Glascock County",2,10,36,21,15
050,13,125,"Georgia","Glascock County",2,11,44,25,19
050,13,125,"Georgia","Glascock County",2,12,37,23,14
050,13,125,"Georgia","Glascock County",2,13,35,23,12
050,13,125,"Georgia","Glascock County",2,14,42,26,16
050,13,125,"Georgia","Glascock County",2,15,41,23,18
050,13,125,"Georgia","Glascock County",2,16,36,21,15
050,13,125,"Georgia","Glascock County",2,17,40,22,18
050,13,125,"Georgia","Glascock County",2,18,39,21,18
050,13,125,"Georgia","Glascock County",2,19,31,17,14
050,13,125,"Georgia","Glascock County",2,20,35,19,16
050,13,125,"Georgia","Glascock County",2,21,39,17,22
050,13,125,"Georgia","Glascock County",2,22,42,20,22
050,13,125,"Georgia","Glascock County",2,23,35,17,18
050,13,125,"Georgia","Glascock County",2,24,29,17,12
050,13,125,"Georgia","Glascock County",2,25,24,14,10
050,13,125,"Georgia","Glascock County",2,26,34,15,19
050,13,125,"Georgia","Glascock County",2,27,35,19,16
050,13,125,"Georgia","Glascock County",2,28,28,13,15
050,13,125,"Georgia","Glascock County",2,29,28,12,16
050,13,125,"Georgia","Glascock County",2,30,33,15,18
050,13,125,"Georgia","Glascock County",2,31,29,13,16
050,13,125,"Georgia","Glascock County",2,32,23,13,10
050,13,125,"Georgia","Glascock County",2,33,27,14,13
050,13,125,"Georgia","Glascock County",2,34,33,15,18
050,13,125,"Georgia","Glascock County",2,35,36,21,15
050,13,125,"Georgia","Glascock County",2,36,31,16,15
050,13,125,"Georgia","Glascock County",2,37,33,12,21
050,13,125,"Georgia","Glascock County",2,38,33,13,20
050,13,125,"Georgia","Glascock County",2,39,30,14,16
050,13,125,"Georgia","Glascock County",2,40,31,17,14
050,13,125,"Georgia","Glascock County",2,41,38,17,21
050,13,125,"Georgia","Glascock County",2,42,39,18,21
050,13,125,"Georgia","Glascock County",2,43,44,24,20
050,13,125,"Georgia","Glascock County",2,44,41,23,18
050,13,125,"Georgia","Glascock County",2,45,37,17,20
050,13,125,"Georgia","Glascock County",2,46,42,18,24
050,13,125,"Georgia","Glascock County",2,47,44,22,22
050,13,125,"Georgia","Glascock County",2,48,37,20,17
050,13,125,"Georgia","Glascock County",2,49,45,22,23
050,13,125,"Georgia","Glascock County",2,50,54,26,28
050,13,125,"Georgia","Glascock County",2,51,47,23,24
050,13,125,"Georgia","Glascock County",2,52,37,18,19
050,13,125,"Georgia","Glascock County",2,53,38,20,18
050,13,125,"Georgia","Glascock County",2,54,43,21,22
050,13,125,"Georgia","Glascock County",2,55,44,23,21
050,13,125,"Georgia","Glascock County",2,56,42,23,19
050,13,125,"Georgia","Glascock County",2,57,42,23,19
050,13,125,"Georgia","Glascock County",2,58,44,27,17
050,13,125,"Georgia","Glascock County",2,59,47,23,24
050,13,125,"Georgia","Glascock County",2,60,40,20,20
050,13,125,"Georgia","Glascock County",2,61,44,21,23
050,13,125,"Georgia","Glascock County",2,62,45,23,22
050,13,125,"Georgia","Glascock County",2,63,41,20,21
050,13,125,"Georgia","Glascock County",2,64,40,19,21
050,13,125,"Georgia","Glascock County",2,65,36,16,20
050,13,125,"Georgia","Glascock County",2,66,37,18,19
050,13,125,"Georgia","Glascock County",2,67,35,15,20
050,13,125,"Georgia","Glascock County",2,68,28,9,19
050,13,125,"Georgia","Glascock County",2,69,31,12,19
050,13,125,"Georgia","Glascock County",2,70,30,13,17
050,13,125,"Georgia","Glascock County",2,71,25,14,11
050,13,125,"Georgia","Glascock County",2,72,24,14,10
050,13,125,"Georgia","Glascock County",2,73,31,15,16
050,13,125,"Georgia","Glascock County",2,74,19,8,11
050,13,125,"Georgia","Glascock County",2,75,22,9,13
050,13,125,"Georgia","Glascock County",2,76,21,12,9
050,13,125,"Georgia","Glascock County",2,77,25,11,14
050,13,125,"Georgia","Glascock County",2,78,21,10,11
050,13,125,"Georgia","Glascock County",2,79,16,7,9
050,13,125,"Georgia","Glascock County",2,80,15,6,9
050,13,125,"Georgia","Glascock County",2,81,12,5,7
050,13,125,"Georgia","Glascock County",2,82,9,5,4
050,13,125,"Georgia","Glascock County",2,83,10,2,8
050,13,125,"Georgia","Glascock County",2,84,6,3,3
050,13,125,"Georgia","Glascock County",2,85,72,19,53
050,13,125,"Georgia","Glascock County",3,0,30,12,18
050,13,125,"Georgia","Glascock County",3,1,25,13,12
050,13,125,"Georgia","Glascock County",3,2,32,15,17
050,13,125,"Georgia","Glascock County",3,3,33,15,18
050,13,125,"Georgia","Glascock County",3,4,27,11,16
050,13,125,"Georgia","Glascock County",3,5,30,10,20
050,13,125,"Georgia","Glascock County",3,6,30,14,16
050,13,125,"Georgia","Glascock County",3,7,30,16,14
050,13,125,"Georgia","Glascock County",3,8,33,20,13
050,13,125,"Georgia","Glascock County",3,9,34,20,14
050,13,125,"Georgia","Glascock County",3,10,35,17,18
050,13,125,"Georgia","Glascock County",3,11,35,21,14
050,13,125,"Georgia","Glascock County",3,12,44,25,19
050,13,125,"Georgia","Glascock County",3,13,35,21,14
050,13,125,"Georgia","Glascock County",3,14,35,22,13
050,13,125,"Georgia","Glascock County",3,15,44,27,17
050,13,125,"Georgia","Glascock County",3,16,47,25,22
050,13,125,"Georgia","Glascock County",3,17,36,21,15
050,13,125,"Georgia","Glascock County",3,18,38,23,15
050,13,125,"Georgia","Glascock County",3,19,30,16,14
050,13,125,"Georgia","Glascock County",3,20,36,18,18
050,13,125,"Georgia","Glascock County",3,21,37,20,17
050,13,125,"Georgia","Glascock County",3,22,47,23,24
050,13,125,"Georgia","Glascock County",3,23,44,20,24
050,13,125,"Georgia","Glascock County",3,24,33,17,16
050,13,125,"Georgia","Glascock County",3,25,27,14,13
050,13,125,"Georgia","Glascock County",3,26,29,15,14
050,13,125,"Georgia","Glascock County",3,27,33,17,16
050,13,125,"Georgia","Glascock County",3,28,35,20,15
050,13,125,"Georgia","Glascock County",3,29,26,12,14
050,13,125,"Georgia","Glascock County",3,30,29,12,17
050,13,125,"Georgia","Glascock County",3,31,29,12,17
050,13,125,"Georgia","Glascock County",3,32,28,10,18
050,13,125,"Georgia","Glascock County",3,33,20,12,8
050,13,125,"Georgia","Glascock County",3,34,28,15,13
050,13,125,"Georgia","Glascock County",3,35,35,17,18
050,13,125,"Georgia","Glascock County",3,36,36,22,14
050,13,125,"Georgia","Glascock County",3,37,32,16,16
050,13,125,"Georgia","Glascock County",3,38,31,13,18
050,13,125,"Georgia","Glascock County",3,39,35,13,22
050,13,125,"Georgia","Glascock County",3,40,30,13,17
050,13,125,"Georgia","Glascock County",3,41,32,17,15
050,13,125,"Georgia","Glascock County",3,42,37,17,20
050,13,125,"Georgia","Glascock County",3,43,41,20,21
050,13,125,"Georgia","Glascock County",3,44,47,26,21
050,13,125,"Georgia","Glascock County",3,45,38,19,19
050,13,125,"Georgia","Glascock County",3,46,37,16,21
050,13,125,"Georgia","Glascock County",3,47,42,18,24
050,13,125,"Georgia","Glascock County",3,48,42,21,21
050,13,125,"Georgia","Glascock County",3,49,34,20,14
050,13,125,"Georgia","Glascock County",3,50,47,24,23
050,13,125,"Georgia","Glascock County",3,51,55,27,28
050,13,125,"Georgia","Glascock County",3,52,48,24,24
050,13,125,"Georgia","Glascock County",3,53,38,20,18
050,13,125,"Georgia","Glascock County",3,54,38,19,19
050,13,125,"Georgia","Glascock County",3,55,45,23,22
050,13,125,"Georgia","Glascock County",3,56,46,25,21
050,13,125,"Georgia","Glascock County",3,57,44,23,21
050,13,125,"Georgia","Glascock County",3,58,43,22,21
050,13,125,"Georgia","Glascock County",3,59,50,31,19
050,13,125,"Georgia","Glascock County",3,60,43,22,21
050,13,125,"Georgia","Glascock County",3,61,43,22,21
050,13,125,"Georgia","Glascock County",3,62,44,21,23
050,13,125,"Georgia","Glascock County",3,63,45,23,22
050,13,125,"Georgia","Glascock County",3,64,41,18,23
050,13,125,"Georgia","Glascock County",3,65,39,19,20
050,13,125,"Georgia","Glascock County",3,66,30,11,19
050,13,125,"Georgia","Glascock County",3,67,40,19,21
050,13,125,"Georgia","Glascock County",3,68,31,14,17
050,13,125,"Georgia","Glascock County",3,69,29,10,19
050,13,125,"Georgia","Glascock County",3,70,30,13,17
050,13,125,"Georgia","Glascock County",3,71,28,13,15
050,13,125,"Georgia","Glascock County",3,72,24,13,11
050,13,125,"Georgia","Glascock County",3,73,26,13,13
050,13,125,"Georgia","Glascock County",3,74,27,13,14
050,13,125,"Georgia","Glascock County",3,75,15,5,10
050,13,125,"Georgia","Glascock County",3,76,19,7,12
050,13,125,"Georgia","Glascock County",3,77,21,12,9
050,13,125,"Georgia","Glascock County",3,78,23,11,12
050,13,125,"Georgia","Glascock County",3,79,20,10,10
050,13,125,"Georgia","Glascock County",3,80,14,7,7
050,13,125,"Georgia","Glascock County",3,81,16,8,8
050,13,125,"Georgia","Glascock County",3,82,9,3,6
050,13,125,"Georgia","Glascock County",3,83,10,4,6
050,13,125,"Georgia","Glascock County",3,84,4,1,3
050,13,125,"Georgia","Glascock County",3,85,63,19,44
050,13,125,"Georgia","Glascock County",4,0,31,12,19
050,13,125,"Georgia","Glascock County",4,1,25,11,14
050,13,125,"Georgia","Glascock County",4,2,27,16,11
050,13,125,"Georgia","Glascock County",4,3,27,15,12
050,13,125,"Georgia","Glascock County",4,4,28,12,16
050,13,125,"Georgia","Glascock County",4,5,31,13,18
050,13,125,"Georgia","Glascock County",4,6,35,12,23
050,13,125,"Georgia","Glascock County",4,7,31,18,13
050,13,125,"Georgia","Glascock County",4,8,40,22,18
050,13,125,"Georgia","Glascock County",4,9,33,20,13
050,13,125,"Georgia","Glascock County",4,10,42,22,20
050,13,125,"Georgia","Glascock County",4,11,37,19,18
050,13,125,"Georgia","Glascock County",4,12,35,21,14
050,13,125,"Georgia","Glascock County",4,13,43,24,19
050,13,125,"Georgia","Glascock County",4,14,40,24,16
050,13,125,"Georgia","Glascock County",4,15,36,22,14
050,13,125,"Georgia","Glascock County",4,16,44,24,20
050,13,125,"Georgia","Glascock County",4,17,46,24,22
050,13,125,"Georgia","Glascock County",4,18,34,17,17
050,13,125,"Georgia","Glascock County",4,19,26,16,10
050,13,125,"Georgia","Glascock County",4,20,25,15,10
050,13,125,"Georgia","Glascock County",4,21,37,18,19
050,13,125,"Georgia","Glascock County",4,22,43,23,20
050,13,125,"Georgia","Glascock County",4,23,54,25,29
050,13,125,"Georgia","Glascock County",4,24,37,17,20
050,13,125,"Georgia","Glascock County",4,25,33,19,14
050,13,125,"Georgia","Glascock County",4,26,34,17,17
050,13,125,"Georgia","Glascock County",4,27,30,16,14
050,13,125,"Georgia","Glascock County",4,28,39,20,19
050,13,125,"Georgia","Glascock County",4,29,29,17,12
050,13,125,"Georgia","Glascock County",4,30,21,7,14
050,13,125,"Georgia","Glascock County",4,31,31,12,19
050,13,125,"Georgia","Glascock County",4,32,31,13,18
050,13,125,"Georgia","Glascock County",4,33,32,13,19
050,13,125,"Georgia","Glascock County",4,34,22,13,9
050,13,125,"Georgia","Glascock County",4,35,29,16,13
050,13,125,"Georgia","Glascock County",4,36,38,18,20
050,13,125,"Georgia","Glascock County",4,37,39,27,12
050,13,125,"Georgia","Glascock County",4,38,37,19,18
050,13,125,"Georgia","Glascock County",4,39,35,15,20
050,13,125,"Georgia","Glascock County",4,40,33,11,22
050,13,125,"Georgia","Glascock County",4,41,31,13,18
050,13,125,"Georgia","Glascock County",4,42,33,17,16
050,13,125,"Georgia","Glascock County",4,43,36,16,20
050,13,125,"Georgia","Glascock County",4,44,41,21,20
050,13,125,"Georgia","Glascock County",4,45,45,25,20
050,13,125,"Georgia","Glascock County",4,46,35,17,18
050,13,125,"Georgia","Glascock County",4,47,37,15,22
050,13,125,"Georgia","Glascock County",4,48,41,16,25
050,13,125,"Georgia","Glascock County",4,49,41,22,19
050,13,125,"Georgia","Glascock County",4,50,37,20,17
050,13,125,"Georgia","Glascock County",4,51,52,29,23
050,13,125,"Georgia","Glascock County",4,52,54,27,27
050,13,125,"Georgia","Glascock County",4,53,48,24,24
050,13,125,"Georgia","Glascock County",4,54,40,21,19
050,13,125,"Georgia","Glascock County",4,55,38,18,20
050,13,125,"Georgia","Glascock County",4,56,45,23,22
050,13,125,"Georgia","Glascock County",4,57,49,26,23
050,13,125,"Georgia","Glascock County",4,58,44,24,20
050,13,125,"Georgia","Glascock County",4,59,45,25,20
050,13,125,"Georgia","Glascock County",4,60,45,27,18
050,13,125,"Georgia","Glascock County",4,61,44,21,23
050,13,125,"Georgia","Glascock County",4,62,41,21,20
050,13,125,"Georgia","Glascock County",4,63,45,21,24
050,13,125,"Georgia","Glascock County",4,64,46,24,22
050,13,125,"Georgia","Glascock County",4,65,40,18,22
050,13,125,"Georgia","Glascock County",4,66,36,17,19
050,13,125,"Georgia","Glascock County",4,67,29,11,18
050,13,125,"Georgia","Glascock County",4,68,38,17,21
050,13,125,"Georgia","Glascock County",4,69,31,13,18
050,13,125,"Georgia","Glascock County",4,70,26,10,16
050,13,125,"Georgia","Glascock County",4,71,28,13,15
050,13,125,"Georgia","Glascock County",4,72,24,10,14
050,13,125,"Georgia","Glascock County",4,73,24,11,13
050,13,125,"Georgia","Glascock County",4,74,25,13,12
050,13,125,"Georgia","Glascock County",4,75,24,10,14
050,13,125,"Georgia","Glascock County",4,76,14,4,10
050,13,125,"Georgia","Glascock County",4,77,21,7,14
050,13,125,"Georgia","Glascock County",4,78,19,11,8
050,13,125,"Georgia","Glascock County",4,79,20,9,11
050,13,125,"Georgia","Glascock County",4,80,19,10,9
050,13,125,"Georgia","Glascock County",4,81,9,6,3
050,13,125,"Georgia","Glascock County",4,82,15,8,7
050,13,125,"Georgia","Glascock County",4,83,11,3,8
050,13,125,"Georgia","Glascock County",4,84,6,3,3
050,13,125,"Georgia","Glascock County",4,85,56,15,41
050,13,125,"Georgia","Glascock County",5,0,32,13,19
050,13,125,"Georgia","Glascock County",5,1,37,16,21
050,13,125,"Georgia","Glascock County",5,2,26,13,13
050,13,125,"Georgia","Glascock County",5,3,32,20,12
050,13,125,"Georgia","Glascock County",5,4,26,14,12
050,13,125,"Georgia","Glascock County",5,5,33,13,20
050,13,125,"Georgia","Glascock County",5,6,34,15,19
050,13,125,"Georgia","Glascock County",5,7,37,12,25
050,13,125,"Georgia","Glascock County",5,8,28,15,13
050,13,125,"Georgia","Glascock County",5,9,41,24,17
050,13,125,"Georgia","Glascock County",5,10,31,20,11
050,13,125,"Georgia","Glascock County",5,11,42,21,21
050,13,125,"Georgia","Glascock County",5,12,38,21,17
050,13,125,"Georgia","Glascock County",5,13,34,22,12
050,13,125,"Georgia","Glascock County",5,14,41,23,18
050,13,125,"Georgia","Glascock County",5,15,39,22,17
050,13,125,"Georgia","Glascock County",5,16,37,24,13
050,13,125,"Georgia","Glascock County",5,17,47,24,23
050,13,125,"Georgia","Glascock County",5,18,38,20,18
050,13,125,"Georgia","Glascock County",5,19,23,13,10
050,13,125,"Georgia","Glascock County",5,20,25,17,8
050,13,125,"Georgia","Glascock County",5,21,27,15,12
050,13,125,"Georgia","Glascock County",5,22,36,19,17
050,13,125,"Georgia","Glascock County",5,23,47,26,21
050,13,125,"Georgia","Glascock County",5,24,45,21,24
050,13,125,"Georgia","Glascock County",5,25,40,17,23
050,13,125,"Georgia","Glascock County",5,26,31,18,13
050,13,125,"Georgia","Glascock County",5,27,43,22,21
050,13,125,"Georgia","Glascock County",5,28,27,14,13
050,13,125,"Georgia","Glascock County",5,29,44,22,22
050,13,125,"Georgia","Glascock County",5,30,33,21,12
050,13,125,"Georgia","Glascock County",5,31,22,7,15
050,13,125,"Georgia","Glascock County",5,32,36,15,21
050,13,125,"Georgia","Glascock County",5,33,29,12,17
050,13,125,"Georgia","Glascock County",5,34,36,14,22
050,13,125,"Georgia","Glascock County",5,35,23,14,9
050,13,125,"Georgia","Glascock County",5,36,29,16,13
050,13,125,"Georgia","Glascock County",5,37,36,18,18
050,13,125,"Georgia","Glascock County",5,38,40,28,12
050,13,125,"Georgia","Glascock County",5,39,36,19,17
050,13,125,"Georgia","Glascock County",5,40,34,13,21
050,13,125,"Georgia","Glascock County",5,41,32,11,21
050,13,125,"Georgia","Glascock County",5,42,29,13,16
050,13,125,"Georgia","Glascock County",5,43,31,16,15
050,13,125,"Georgia","Glascock County",5,44,37,17,20
050,13,125,"Georgia","Glascock County",5,45,42,21,21
050,13,125,"Georgia","Glascock County",5,46,45,25,20
050,13,125,"Georgia","Glascock County",5,47,37,17,20
050,13,125,"Georgia","Glascock County",5,48,35,15,20
050,13,125,"Georgia","Glascock County",5,49,40,16,24
050,13,125,"Georgia","Glascock County",5,50,45,24,21
050,13,125,"Georgia","Glascock County",5,51,34,20,14
050,13,125,"Georgia","Glascock County",5,52,54,30,24
050,13,125,"Georgia","Glascock County",5,53,54,27,27
050,13,125,"Georgia","Glascock County",5,54,48,24,24
050,13,125,"Georgia","Glascock County",5,55,45,25,20
050,13,125,"Georgia","Glascock County",5,56,38,18,20
050,13,125,"Georgia","Glascock County",5,57,45,22,23
050,13,125,"Georgia","Glascock County",5,58,49,28,21
050,13,125,"Georgia","Glascock County",5,59,47,25,22
050,13,125,"Georgia","Glascock County",5,60,42,23,19
050,13,125,"Georgia","Glascock County",5,61,44,26,18
050,13,125,"Georgia","Glascock County",5,62,47,24,23
050,13,125,"Georgia","Glascock County",5,63,42,23,19
050,13,125,"Georgia","Glascock County",5,64,45,22,23
050,13,125,"Georgia","Glascock County",5,65,45,24,21
050,13,125,"Georgia","Glascock County",5,66,40,18,22
050,13,125,"Georgia","Glascock County",5,67,38,19,19
050,13,125,"Georgia","Glascock County",5,68,29,10,19
050,13,125,"Georgia","Glascock County",5,69,36,17,19
050,13,125,"Georgia","Glascock County",5,70,30,13,17
050,13,125,"Georgia","Glascock County",5,71,22,8,14
050,13,125,"Georgia","Glascock County",5,72,25,11,14
050,13,125,"Georgia","Glascock County",5,73,22,7,15
050,13,125,"Georgia","Glascock County",5,74,23,11,12
050,13,125,"Georgia","Glascock County",5,75,21,9,12
050,13,125,"Georgia","Glascock County",5,76,20,8,12
050,13,125,"Georgia","Glascock County",5,77,17,4,13
050,13,125,"Georgia","Glascock County",5,78,21,8,13
050,13,125,"Georgia","Glascock County",5,79,19,11,8
050,13,125,"Georgia","Glascock County",5,80,20,9,11
050,13,125,"Georgia","Glascock County",5,81,17,9,8
050,13,125,"Georgia","Glascock County",5,82,8,6,2
050,13,125,"Georgia","Glascock County",5,83,16,8,8
050,13,125,"Georgia","Glascock County",5,84,8,3,5
050,13,125,"Georgia","Glascock County",5,85,55,16,39
050,13,127,"Georgia","Glynn County",1,0,879,450,429
050,13,127,"Georgia","Glynn County",1,1,914,468,446
050,13,127,"Georgia","Glynn County",1,2,902,469,433
050,13,127,"Georgia","Glynn County",1,3,923,454,469
050,13,127,"Georgia","Glynn County",1,4,909,451,458
050,13,127,"Georgia","Glynn County",1,5,941,469,472
050,13,127,"Georgia","Glynn County",1,6,977,473,504
050,13,127,"Georgia","Glynn County",1,7,1011,483,528
050,13,127,"Georgia","Glynn County",1,8,951,470,481
050,13,127,"Georgia","Glynn County",1,9,1011,526,485
050,13,127,"Georgia","Glynn County",1,10,1059,566,493
050,13,127,"Georgia","Glynn County",1,11,1103,588,515
050,13,127,"Georgia","Glynn County",1,12,1094,555,539
050,13,127,"Georgia","Glynn County",1,13,1112,544,568
050,13,127,"Georgia","Glynn County",1,14,1058,523,535
050,13,127,"Georgia","Glynn County",1,15,1034,510,524
050,13,127,"Georgia","Glynn County",1,16,1094,545,549
050,13,127,"Georgia","Glynn County",1,17,1140,589,551
050,13,127,"Georgia","Glynn County",1,18,987,516,471
050,13,127,"Georgia","Glynn County",1,19,869,460,409
050,13,127,"Georgia","Glynn County",1,20,925,493,432
050,13,127,"Georgia","Glynn County",1,21,921,476,445
050,13,127,"Georgia","Glynn County",1,22,921,457,464
050,13,127,"Georgia","Glynn County",1,23,931,466,465
050,13,127,"Georgia","Glynn County",1,24,951,473,478
050,13,127,"Georgia","Glynn County",1,25,997,488,509
050,13,127,"Georgia","Glynn County",1,26,942,449,493
050,13,127,"Georgia","Glynn County",1,27,1009,466,543
050,13,127,"Georgia","Glynn County",1,28,1055,482,573
050,13,127,"Georgia","Glynn County",1,29,936,431,505
050,13,127,"Georgia","Glynn County",1,30,1011,493,518
050,13,127,"Georgia","Glynn County",1,31,993,473,520
050,13,127,"Georgia","Glynn County",1,32,1010,458,552
050,13,127,"Georgia","Glynn County",1,33,937,419,518
050,13,127,"Georgia","Glynn County",1,34,958,447,511
050,13,127,"Georgia","Glynn County",1,35,971,430,541
050,13,127,"Georgia","Glynn County",1,36,926,444,482
050,13,127,"Georgia","Glynn County",1,37,984,436,548
050,13,127,"Georgia","Glynn County",1,38,1017,466,551
050,13,127,"Georgia","Glynn County",1,39,985,433,552
050,13,127,"Georgia","Glynn County",1,40,1045,466,579
050,13,127,"Georgia","Glynn County",1,41,1027,475,552
050,13,127,"Georgia","Glynn County",1,42,976,445,531
050,13,127,"Georgia","Glynn County",1,43,919,424,495
050,13,127,"Georgia","Glynn County",1,44,934,454,480
050,13,127,"Georgia","Glynn County",1,45,935,449,486
050,13,127,"Georgia","Glynn County",1,46,997,497,500
050,13,127,"Georgia","Glynn County",1,47,962,447,515
050,13,127,"Georgia","Glynn County",1,48,1059,495,564
050,13,127,"Georgia","Glynn County",1,49,1099,532,567
050,13,127,"Georgia","Glynn County",1,50,1057,489,568
050,13,127,"Georgia","Glynn County",1,51,1060,503,557
050,13,127,"Georgia","Glynn County",1,52,955,476,479
050,13,127,"Georgia","Glynn County",1,53,1005,471,534
050,13,127,"Georgia","Glynn County",1,54,1090,510,580
050,13,127,"Georgia","Glynn County",1,55,1187,553,634
050,13,127,"Georgia","Glynn County",1,56,1213,580,633
050,13,127,"Georgia","Glynn County",1,57,1138,532,606
050,13,127,"Georgia","Glynn County",1,58,1182,542,640
050,13,127,"Georgia","Glynn County",1,59,1190,518,672
050,13,127,"Georgia","Glynn County",1,60,1202,520,682
050,13,127,"Georgia","Glynn County",1,61,1227,546,681
050,13,127,"Georgia","Glynn County",1,62,1226,552,674
050,13,127,"Georgia","Glynn County",1,63,1169,543,626
050,13,127,"Georgia","Glynn County",1,64,1116,519,597
050,13,127,"Georgia","Glynn County",1,65,1156,536,620
050,13,127,"Georgia","Glynn County",1,66,1179,529,650
050,13,127,"Georgia","Glynn County",1,67,1129,486,643
050,13,127,"Georgia","Glynn County",1,68,1083,477,606
050,13,127,"Georgia","Glynn County",1,69,983,456,527
050,13,127,"Georgia","Glynn County",1,70,1006,419,587
050,13,127,"Georgia","Glynn County",1,71,1094,513,581
050,13,127,"Georgia","Glynn County",1,72,1082,489,593
050,13,127,"Georgia","Glynn County",1,73,1044,495,549
050,13,127,"Georgia","Glynn County",1,74,770,348,422
050,13,127,"Georgia","Glynn County",1,75,783,354,429
050,13,127,"Georgia","Glynn County",1,76,748,338,410
050,13,127,"Georgia","Glynn County",1,77,731,320,411
050,13,127,"Georgia","Glynn County",1,78,605,266,339
050,13,127,"Georgia","Glynn County",1,79,554,228,326
050,13,127,"Georgia","Glynn County",1,80,508,226,282
050,13,127,"Georgia","Glynn County",1,81,477,191,286
050,13,127,"Georgia","Glynn County",1,82,387,174,213
050,13,127,"Georgia","Glynn County",1,83,360,161,199
050,13,127,"Georgia","Glynn County",1,84,352,151,201
050,13,127,"Georgia","Glynn County",1,85,2151,656,1495
050,13,127,"Georgia","Glynn County",2,0,854,432,422
050,13,127,"Georgia","Glynn County",2,1,902,462,440
050,13,127,"Georgia","Glynn County",2,2,903,467,436
050,13,127,"Georgia","Glynn County",2,3,909,456,453
050,13,127,"Georgia","Glynn County",2,4,915,453,462
050,13,127,"Georgia","Glynn County",2,5,936,465,471
050,13,127,"Georgia","Glynn County",2,6,974,474,500
050,13,127,"Georgia","Glynn County",2,7,1001,480,521
050,13,127,"Georgia","Glynn County",2,8,963,473,490
050,13,127,"Georgia","Glynn County",2,9,994,512,482
050,13,127,"Georgia","Glynn County",2,10,1051,557,494
050,13,127,"Georgia","Glynn County",2,11,1086,579,507
050,13,127,"Georgia","Glynn County",2,12,1101,565,536
050,13,127,"Georgia","Glynn County",2,13,1106,547,559
050,13,127,"Georgia","Glynn County",2,14,1067,526,541
050,13,127,"Georgia","Glynn County",2,15,1041,513,528
050,13,127,"Georgia","Glynn County",2,16,1086,540,546
050,13,127,"Georgia","Glynn County",2,17,1132,581,551
050,13,127,"Georgia","Glynn County",2,18,995,523,472
050,13,127,"Georgia","Glynn County",2,19,876,459,417
050,13,127,"Georgia","Glynn County",2,20,938,497,441
050,13,127,"Georgia","Glynn County",2,21,924,479,445
050,13,127,"Georgia","Glynn County",2,22,927,460,467
050,13,127,"Georgia","Glynn County",2,23,928,461,467
050,13,127,"Georgia","Glynn County",2,24,948,469,479
050,13,127,"Georgia","Glynn County",2,25,983,484,499
050,13,127,"Georgia","Glynn County",2,26,950,455,495
050,13,127,"Georgia","Glynn County",2,27,997,463,534
050,13,127,"Georgia","Glynn County",2,28,1037,472,565
050,13,127,"Georgia","Glynn County",2,29,962,441,521
050,13,127,"Georgia","Glynn County",2,30,998,481,517
050,13,127,"Georgia","Glynn County",2,31,994,476,518
050,13,127,"Georgia","Glynn County",2,32,1003,459,544
050,13,127,"Georgia","Glynn County",2,33,954,433,521
050,13,127,"Georgia","Glynn County",2,34,954,441,513
050,13,127,"Georgia","Glynn County",2,35,968,437,531
050,13,127,"Georgia","Glynn County",2,36,930,434,496
050,13,127,"Georgia","Glynn County",2,37,973,438,535
050,13,127,"Georgia","Glynn County",2,38,1013,459,554
050,13,127,"Georgia","Glynn County",2,39,996,442,554
050,13,127,"Georgia","Glynn County",2,40,1052,470,582
050,13,127,"Georgia","Glynn County",2,41,1031,473,558
050,13,127,"Georgia","Glynn County",2,42,982,448,534
050,13,127,"Georgia","Glynn County",2,43,946,435,511
050,13,127,"Georgia","Glynn County",2,44,920,445,475
050,13,127,"Georgia","Glynn County",2,45,944,452,492
050,13,127,"Georgia","Glynn County",2,46,982,486,496
050,13,127,"Georgia","Glynn County",2,47,974,460,514
050,13,127,"Georgia","Glynn County",2,48,1030,479,551
050,13,127,"Georgia","Glynn County",2,49,1098,530,568
050,13,127,"Georgia","Glynn County",2,50,1069,500,569
050,13,127,"Georgia","Glynn County",2,51,1057,498,559
050,13,127,"Georgia","Glynn County",2,52,979,483,496
050,13,127,"Georgia","Glynn County",2,53,992,472,520
050,13,127,"Georgia","Glynn County",2,54,1065,495,570
050,13,127,"Georgia","Glynn County",2,55,1165,544,621
050,13,127,"Georgia","Glynn County",2,56,1211,574,637
050,13,127,"Georgia","Glynn County",2,57,1163,547,616
050,13,127,"Georgia","Glynn County",2,58,1170,537,633
050,13,127,"Georgia","Glynn County",2,59,1189,520,669
050,13,127,"Georgia","Glynn County",2,60,1205,523,682
050,13,127,"Georgia","Glynn County",2,61,1216,535,681
050,13,127,"Georgia","Glynn County",2,62,1221,547,674
050,13,127,"Georgia","Glynn County",2,63,1190,550,640
050,13,127,"Georgia","Glynn County",2,64,1124,524,600
050,13,127,"Georgia","Glynn County",2,65,1141,526,615
050,13,127,"Georgia","Glynn County",2,66,1181,533,648
050,13,127,"Georgia","Glynn County",2,67,1139,497,642
050,13,127,"Georgia","Glynn County",2,68,1075,475,600
050,13,127,"Georgia","Glynn County",2,69,1010,461,549
050,13,127,"Georgia","Glynn County",2,70,993,424,569
050,13,127,"Georgia","Glynn County",2,71,1075,488,587
050,13,127,"Georgia","Glynn County",2,72,1064,486,578
050,13,127,"Georgia","Glynn County",2,73,1093,512,581
050,13,127,"Georgia","Glynn County",2,74,778,356,422
050,13,127,"Georgia","Glynn County",2,75,772,349,423
050,13,127,"Georgia","Glynn County",2,76,741,332,409
050,13,127,"Georgia","Glynn County",2,77,757,334,423
050,13,127,"Georgia","Glynn County",2,78,618,270,348
050,13,127,"Georgia","Glynn County",2,79,553,231,322
050,13,127,"Georgia","Glynn County",2,80,512,229,283
050,13,127,"Georgia","Glynn County",2,81,485,195,290
050,13,127,"Georgia","Glynn County",2,82,393,175,218
050,13,127,"Georgia","Glynn County",2,83,359,160,199
050,13,127,"Georgia","Glynn County",2,84,346,150,196
050,13,127,"Georgia","Glynn County",2,85,2153,664,1489
050,13,127,"Georgia","Glynn County",3,0,872,466,406
050,13,127,"Georgia","Glynn County",3,1,856,417,439
050,13,127,"Georgia","Glynn County",3,2,902,454,448
050,13,127,"Georgia","Glynn County",3,3,927,475,452
050,13,127,"Georgia","Glynn County",3,4,905,447,458
050,13,127,"Georgia","Glynn County",3,5,932,463,469
050,13,127,"Georgia","Glynn County",3,6,928,459,469
050,13,127,"Georgia","Glynn County",3,7,978,482,496
050,13,127,"Georgia","Glynn County",3,8,976,463,513
050,13,127,"Georgia","Glynn County",3,9,970,471,499
050,13,127,"Georgia","Glynn County",3,10,1005,512,493
050,13,127,"Georgia","Glynn County",3,11,1099,576,523
050,13,127,"Georgia","Glynn County",3,12,1083,595,488
050,13,127,"Georgia","Glynn County",3,13,1092,549,543
050,13,127,"Georgia","Glynn County",3,14,1090,545,545
050,13,127,"Georgia","Glynn County",3,15,1057,516,541
050,13,127,"Georgia","Glynn County",3,16,1041,516,525
050,13,127,"Georgia","Glynn County",3,17,1101,549,552
050,13,127,"Georgia","Glynn County",3,18,1011,534,477
050,13,127,"Georgia","Glynn County",3,19,888,462,426
050,13,127,"Georgia","Glynn County",3,20,911,478,433
050,13,127,"Georgia","Glynn County",3,21,969,499,470
050,13,127,"Georgia","Glynn County",3,22,967,488,479
050,13,127,"Georgia","Glynn County",3,23,955,481,474
050,13,127,"Georgia","Glynn County",3,24,917,453,464
050,13,127,"Georgia","Glynn County",3,25,963,465,498
050,13,127,"Georgia","Glynn County",3,26,914,446,468
050,13,127,"Georgia","Glynn County",3,27,940,451,489
050,13,127,"Georgia","Glynn County",3,28,980,467,513
050,13,127,"Georgia","Glynn County",3,29,1035,472,563
050,13,127,"Georgia","Glynn County",3,30,944,433,511
050,13,127,"Georgia","Glynn County",3,31,1003,491,512
050,13,127,"Georgia","Glynn County",3,32,989,481,508
050,13,127,"Georgia","Glynn County",3,33,1017,467,550
050,13,127,"Georgia","Glynn County",3,34,957,422,535
050,13,127,"Georgia","Glynn County",3,35,968,444,524
050,13,127,"Georgia","Glynn County",3,36,960,431,529
050,13,127,"Georgia","Glynn County",3,37,928,428,500
050,13,127,"Georgia","Glynn County",3,38,991,459,532
050,13,127,"Georgia","Glynn County",3,39,1006,448,558
050,13,127,"Georgia","Glynn County",3,40,1003,446,557
050,13,127,"Georgia","Glynn County",3,41,1068,465,603
050,13,127,"Georgia","Glynn County",3,42,1007,462,545
050,13,127,"Georgia","Glynn County",3,43,993,442,551
050,13,127,"Georgia","Glynn County",3,44,933,442,491
050,13,127,"Georgia","Glynn County",3,45,922,437,485
050,13,127,"Georgia","Glynn County",3,46,944,450,494
050,13,127,"Georgia","Glynn County",3,47,992,490,502
050,13,127,"Georgia","Glynn County",3,48,973,455,518
050,13,127,"Georgia","Glynn County",3,49,1033,488,545
050,13,127,"Georgia","Glynn County",3,50,1119,552,567
050,13,127,"Georgia","Glynn County",3,51,1097,513,584
050,13,127,"Georgia","Glynn County",3,52,1059,497,562
050,13,127,"Georgia","Glynn County",3,53,980,482,498
050,13,127,"Georgia","Glynn County",3,54,1000,476,524
050,13,127,"Georgia","Glynn County",3,55,1071,501,570
050,13,127,"Georgia","Glynn County",3,56,1173,548,625
050,13,127,"Georgia","Glynn County",3,57,1207,572,635
050,13,127,"Georgia","Glynn County",3,58,1153,518,635
050,13,127,"Georgia","Glynn County",3,59,1208,570,638
050,13,127,"Georgia","Glynn County",3,60,1217,534,683
050,13,127,"Georgia","Glynn County",3,61,1195,524,671
050,13,127,"Georgia","Glynn County",3,62,1201,531,670
050,13,127,"Georgia","Glynn County",3,63,1230,556,674
050,13,127,"Georgia","Glynn County",3,64,1211,563,648
050,13,127,"Georgia","Glynn County",3,65,1113,515,598
050,13,127,"Georgia","Glynn County",3,66,1149,517,632
050,13,127,"Georgia","Glynn County",3,67,1169,516,653
050,13,127,"Georgia","Glynn County",3,68,1125,499,626
050,13,127,"Georgia","Glynn County",3,69,1088,485,603
050,13,127,"Georgia","Glynn County",3,70,1011,462,549
050,13,127,"Georgia","Glynn County",3,71,996,420,576
050,13,127,"Georgia","Glynn County",3,72,1071,483,588
050,13,127,"Georgia","Glynn County",3,73,1049,490,559
050,13,127,"Georgia","Glynn County",3,74,1070,495,575
050,13,127,"Georgia","Glynn County",3,75,734,336,398
050,13,127,"Georgia","Glynn County",3,76,751,334,417
050,13,127,"Georgia","Glynn County",3,77,764,343,421
050,13,127,"Georgia","Glynn County",3,78,712,306,406
050,13,127,"Georgia","Glynn County",3,79,592,258,334
050,13,127,"Georgia","Glynn County",3,80,525,230,295
050,13,127,"Georgia","Glynn County",3,81,516,206,310
050,13,127,"Georgia","Glynn County",3,82,412,174,238
050,13,127,"Georgia","Glynn County",3,83,369,165,204
050,13,127,"Georgia","Glynn County",3,84,349,149,200
050,13,127,"Georgia","Glynn County",3,85,2205,692,1513
050,13,127,"Georgia","Glynn County",4,0,865,456,409
050,13,127,"Georgia","Glynn County",4,1,856,460,396
050,13,127,"Georgia","Glynn County",4,2,881,434,447
050,13,127,"Georgia","Glynn County",4,3,911,456,455
050,13,127,"Georgia","Glynn County",4,4,937,484,453
050,13,127,"Georgia","Glynn County",4,5,927,458,469
050,13,127,"Georgia","Glynn County",4,6,963,472,491
050,13,127,"Georgia","Glynn County",4,7,935,463,472
050,13,127,"Georgia","Glynn County",4,8,965,477,488
050,13,127,"Georgia","Glynn County",4,9,987,474,513
050,13,127,"Georgia","Glynn County",4,10,968,470,498
050,13,127,"Georgia","Glynn County",4,11,998,514,484
050,13,127,"Georgia","Glynn County",4,12,1080,567,513
050,13,127,"Georgia","Glynn County",4,13,1068,585,483
050,13,127,"Georgia","Glynn County",4,14,1094,544,550
050,13,127,"Georgia","Glynn County",4,15,1065,540,525
050,13,127,"Georgia","Glynn County",4,16,1071,531,540
050,13,127,"Georgia","Glynn County",4,17,1065,535,530
050,13,127,"Georgia","Glynn County",4,18,973,513,460
050,13,127,"Georgia","Glynn County",4,19,867,449,418
050,13,127,"Georgia","Glynn County",4,20,927,482,445
050,13,127,"Georgia","Glynn County",4,21,931,477,454
050,13,127,"Georgia","Glynn County",4,22,1007,509,498
050,13,127,"Georgia","Glynn County",4,23,972,507,465
050,13,127,"Georgia","Glynn County",4,24,973,489,484
050,13,127,"Georgia","Glynn County",4,25,909,430,479
050,13,127,"Georgia","Glynn County",4,26,949,472,477
050,13,127,"Georgia","Glynn County",4,27,921,447,474
050,13,127,"Georgia","Glynn County",4,28,951,450,501
050,13,127,"Georgia","Glynn County",4,29,996,470,526
050,13,127,"Georgia","Glynn County",4,30,1019,465,554
050,13,127,"Georgia","Glynn County",4,31,943,428,515
050,13,127,"Georgia","Glynn County",4,32,1003,487,516
050,13,127,"Georgia","Glynn County",4,33,1003,495,508
050,13,127,"Georgia","Glynn County",4,34,1034,472,562
050,13,127,"Georgia","Glynn County",4,35,951,425,526
050,13,127,"Georgia","Glynn County",4,36,979,453,526
050,13,127,"Georgia","Glynn County",4,37,970,430,540
050,13,127,"Georgia","Glynn County",4,38,945,426,519
050,13,127,"Georgia","Glynn County",4,39,981,451,530
050,13,127,"Georgia","Glynn County",4,40,1033,481,552
050,13,127,"Georgia","Glynn County",4,41,1025,451,574
050,13,127,"Georgia","Glynn County",4,42,1070,468,602
050,13,127,"Georgia","Glynn County",4,43,1022,460,562
050,13,127,"Georgia","Glynn County",4,44,995,461,534
050,13,127,"Georgia","Glynn County",4,45,943,443,500
050,13,127,"Georgia","Glynn County",4,46,946,452,494
050,13,127,"Georgia","Glynn County",4,47,960,449,511
050,13,127,"Georgia","Glynn County",4,48,973,471,502
050,13,127,"Georgia","Glynn County",4,49,995,464,531
050,13,127,"Georgia","Glynn County",4,50,1021,490,531
050,13,127,"Georgia","Glynn County",4,51,1116,563,553
050,13,127,"Georgia","Glynn County",4,52,1076,506,570
050,13,127,"Georgia","Glynn County",4,53,1068,504,564
050,13,127,"Georgia","Glynn County",4,54,959,466,493
050,13,127,"Georgia","Glynn County",4,55,1021,493,528
050,13,127,"Georgia","Glynn County",4,56,1071,499,572
050,13,127,"Georgia","Glynn County",4,57,1205,565,640
050,13,127,"Georgia","Glynn County",4,58,1208,562,646
050,13,127,"Georgia","Glynn County",4,59,1146,516,630
050,13,127,"Georgia","Glynn County",4,60,1224,574,650
050,13,127,"Georgia","Glynn County",4,61,1231,527,704
050,13,127,"Georgia","Glynn County",4,62,1183,513,670
050,13,127,"Georgia","Glynn County",4,63,1190,525,665
050,13,127,"Georgia","Glynn County",4,64,1262,573,689
050,13,127,"Georgia","Glynn County",4,65,1190,548,642
050,13,127,"Georgia","Glynn County",4,66,1138,524,614
050,13,127,"Georgia","Glynn County",4,67,1141,507,634
050,13,127,"Georgia","Glynn County",4,68,1154,514,640
050,13,127,"Georgia","Glynn County",4,69,1115,496,619
050,13,127,"Georgia","Glynn County",4,70,1083,478,605
050,13,127,"Georgia","Glynn County",4,71,1046,474,572
050,13,127,"Georgia","Glynn County",4,72,974,421,553
050,13,127,"Georgia","Glynn County",4,73,1036,473,563
050,13,127,"Georgia","Glynn County",4,74,1019,473,546
050,13,127,"Georgia","Glynn County",4,75,1042,482,560
050,13,127,"Georgia","Glynn County",4,76,718,326,392
050,13,127,"Georgia","Glynn County",4,77,760,330,430
050,13,127,"Georgia","Glynn County",4,78,717,316,401
050,13,127,"Georgia","Glynn County",4,79,674,296,378
050,13,127,"Georgia","Glynn County",4,80,570,258,312
050,13,127,"Georgia","Glynn County",4,81,520,209,311
050,13,127,"Georgia","Glynn County",4,82,455,194,261
050,13,127,"Georgia","Glynn County",4,83,403,173,230
050,13,127,"Georgia","Glynn County",4,84,341,146,195
050,13,127,"Georgia","Glynn County",4,85,2266,715,1551
050,13,127,"Georgia","Glynn County",5,0,881,466,415
050,13,127,"Georgia","Glynn County",5,1,889,474,415
050,13,127,"Georgia","Glynn County",5,2,852,468,384
050,13,127,"Georgia","Glynn County",5,3,895,447,448
050,13,127,"Georgia","Glynn County",5,4,902,451,451
050,13,127,"Georgia","Glynn County",5,5,959,495,464
050,13,127,"Georgia","Glynn County",5,6,932,469,463
050,13,127,"Georgia","Glynn County",5,7,989,484,505
050,13,127,"Georgia","Glynn County",5,8,938,465,473
050,13,127,"Georgia","Glynn County",5,9,973,480,493
050,13,127,"Georgia","Glynn County",5,10,1014,496,518
050,13,127,"Georgia","Glynn County",5,11,994,493,501
050,13,127,"Georgia","Glynn County",5,12,1026,537,489
050,13,127,"Georgia","Glynn County",5,13,1075,571,504
050,13,127,"Georgia","Glynn County",5,14,1088,601,487
050,13,127,"Georgia","Glynn County",5,15,1094,550,544
050,13,127,"Georgia","Glynn County",5,16,1082,543,539
050,13,127,"Georgia","Glynn County",5,17,1094,541,553
050,13,127,"Georgia","Glynn County",5,18,961,505,456
050,13,127,"Georgia","Glynn County",5,19,871,454,417
050,13,127,"Georgia","Glynn County",5,20,951,492,459
050,13,127,"Georgia","Glynn County",5,21,966,479,487
050,13,127,"Georgia","Glynn County",5,22,1003,496,507
050,13,127,"Georgia","Glynn County",5,23,1056,536,520
050,13,127,"Georgia","Glynn County",5,24,1000,525,475
050,13,127,"Georgia","Glynn County",5,25,956,478,478
050,13,127,"Georgia","Glynn County",5,26,908,430,478
050,13,127,"Georgia","Glynn County",5,27,929,466,463
050,13,127,"Georgia","Glynn County",5,28,923,451,472
050,13,127,"Georgia","Glynn County",5,29,917,431,486
050,13,127,"Georgia","Glynn County",5,30,1003,462,541
050,13,127,"Georgia","Glynn County",5,31,1041,458,583
050,13,127,"Georgia","Glynn County",5,32,952,430,522
050,13,127,"Georgia","Glynn County",5,33,1068,527,541
050,13,127,"Georgia","Glynn County",5,34,1005,508,497
050,13,127,"Georgia","Glynn County",5,35,1026,485,541
050,13,127,"Georgia","Glynn County",5,36,983,429,554
050,13,127,"Georgia","Glynn County",5,37,1001,464,537
050,13,127,"Georgia","Glynn County",5,38,992,440,552
050,13,127,"Georgia","Glynn County",5,39,962,444,518
050,13,127,"Georgia","Glynn County",5,40,1004,476,528
050,13,127,"Georgia","Glynn County",5,41,1013,477,536
050,13,127,"Georgia","Glynn County",5,42,1039,459,580
050,13,127,"Georgia","Glynn County",5,43,1087,473,614
050,13,127,"Georgia","Glynn County",5,44,1046,477,569
050,13,127,"Georgia","Glynn County",5,45,997,451,546
050,13,127,"Georgia","Glynn County",5,46,963,450,513
050,13,127,"Georgia","Glynn County",5,47,951,451,500
050,13,127,"Georgia","Glynn County",5,48,933,433,500
050,13,127,"Georgia","Glynn County",5,49,976,481,495
050,13,127,"Georgia","Glynn County",5,50,1005,472,533
050,13,127,"Georgia","Glynn County",5,51,1031,494,537
050,13,127,"Georgia","Glynn County",5,52,1124,568,556
050,13,127,"Georgia","Glynn County",5,53,1103,527,576
050,13,127,"Georgia","Glynn County",5,54,1115,521,594
050,13,127,"Georgia","Glynn County",5,55,955,468,487
050,13,127,"Georgia","Glynn County",5,56,1066,507,559
050,13,127,"Georgia","Glynn County",5,57,1078,497,581
050,13,127,"Georgia","Glynn County",5,58,1199,561,638
050,13,127,"Georgia","Glynn County",5,59,1215,577,638
050,13,127,"Georgia","Glynn County",5,60,1171,531,640
050,13,127,"Georgia","Glynn County",5,61,1223,575,648
050,13,127,"Georgia","Glynn County",5,62,1228,527,701
050,13,127,"Georgia","Glynn County",5,63,1211,534,677
050,13,127,"Georgia","Glynn County",5,64,1229,540,689
050,13,127,"Georgia","Glynn County",5,65,1245,553,692
050,13,127,"Georgia","Glynn County",5,66,1215,553,662
050,13,127,"Georgia","Glynn County",5,67,1138,526,612
050,13,127,"Georgia","Glynn County",5,68,1111,493,618
050,13,127,"Georgia","Glynn County",5,69,1154,515,639
050,13,127,"Georgia","Glynn County",5,70,1100,486,614
050,13,127,"Georgia","Glynn County",5,71,1100,485,615
050,13,127,"Georgia","Glynn County",5,72,1028,461,567
050,13,127,"Georgia","Glynn County",5,73,965,429,536
050,13,127,"Georgia","Glynn County",5,74,1008,456,552
050,13,127,"Georgia","Glynn County",5,75,972,455,517
050,13,127,"Georgia","Glynn County",5,76,1022,466,556
050,13,127,"Georgia","Glynn County",5,77,722,320,402
050,13,127,"Georgia","Glynn County",5,78,736,308,428
050,13,127,"Georgia","Glynn County",5,79,685,296,389
050,13,127,"Georgia","Glynn County",5,80,646,294,352
050,13,127,"Georgia","Glynn County",5,81,566,226,340
050,13,127,"Georgia","Glynn County",5,82,450,195,255
050,13,127,"Georgia","Glynn County",5,83,442,188,254
050,13,127,"Georgia","Glynn County",5,84,383,162,221
050,13,127,"Georgia","Glynn County",5,85,2371,772,1599
050,13,129,"Georgia","Gordon County",1,0,650,334,316
050,13,129,"Georgia","Gordon County",1,1,663,344,319
050,13,129,"Georgia","Gordon County",1,2,651,342,309
050,13,129,"Georgia","Gordon County",1,3,658,332,326
050,13,129,"Georgia","Gordon County",1,4,717,351,366
050,13,129,"Georgia","Gordon County",1,5,729,381,348
050,13,129,"Georgia","Gordon County",1,6,690,358,332
050,13,129,"Georgia","Gordon County",1,7,716,353,363
050,13,129,"Georgia","Gordon County",1,8,763,393,370
050,13,129,"Georgia","Gordon County",1,9,758,384,374
050,13,129,"Georgia","Gordon County",1,10,784,395,389
050,13,129,"Georgia","Gordon County",1,11,798,413,385
050,13,129,"Georgia","Gordon County",1,12,861,460,401
050,13,129,"Georgia","Gordon County",1,13,870,453,417
050,13,129,"Georgia","Gordon County",1,14,817,411,406
050,13,129,"Georgia","Gordon County",1,15,842,423,419
050,13,129,"Georgia","Gordon County",1,16,839,435,404
050,13,129,"Georgia","Gordon County",1,17,838,452,386
050,13,129,"Georgia","Gordon County",1,18,766,401,365
050,13,129,"Georgia","Gordon County",1,19,657,352,305
050,13,129,"Georgia","Gordon County",1,20,711,383,328
050,13,129,"Georgia","Gordon County",1,21,702,365,337
050,13,129,"Georgia","Gordon County",1,22,742,382,360
050,13,129,"Georgia","Gordon County",1,23,718,366,352
050,13,129,"Georgia","Gordon County",1,24,703,359,344
050,13,129,"Georgia","Gordon County",1,25,693,337,356
050,13,129,"Georgia","Gordon County",1,26,740,372,368
050,13,129,"Georgia","Gordon County",1,27,724,367,357
050,13,129,"Georgia","Gordon County",1,28,743,367,376
050,13,129,"Georgia","Gordon County",1,29,746,374,372
050,13,129,"Georgia","Gordon County",1,30,761,359,402
050,13,129,"Georgia","Gordon County",1,31,740,345,395
050,13,129,"Georgia","Gordon County",1,32,701,361,340
050,13,129,"Georgia","Gordon County",1,33,689,341,348
050,13,129,"Georgia","Gordon County",1,34,706,356,350
050,13,129,"Georgia","Gordon County",1,35,678,364,314
050,13,129,"Georgia","Gordon County",1,36,714,373,341
050,13,129,"Georgia","Gordon County",1,37,742,376,366
050,13,129,"Georgia","Gordon County",1,38,744,359,385
050,13,129,"Georgia","Gordon County",1,39,760,363,397
050,13,129,"Georgia","Gordon County",1,40,744,349,395
050,13,129,"Georgia","Gordon County",1,41,706,344,362
050,13,129,"Georgia","Gordon County",1,42,754,353,401
050,13,129,"Georgia","Gordon County",1,43,719,325,394
050,13,129,"Georgia","Gordon County",1,44,732,374,358
050,13,129,"Georgia","Gordon County",1,45,767,392,375
050,13,129,"Georgia","Gordon County",1,46,781,400,381
050,13,129,"Georgia","Gordon County",1,47,801,389,412
050,13,129,"Georgia","Gordon County",1,48,857,414,443
050,13,129,"Georgia","Gordon County",1,49,867,445,422
050,13,129,"Georgia","Gordon County",1,50,820,397,423
050,13,129,"Georgia","Gordon County",1,51,841,417,424
050,13,129,"Georgia","Gordon County",1,52,810,410,400
050,13,129,"Georgia","Gordon County",1,53,795,427,368
050,13,129,"Georgia","Gordon County",1,54,789,403,386
050,13,129,"Georgia","Gordon County",1,55,833,412,421
050,13,129,"Georgia","Gordon County",1,56,849,422,427
050,13,129,"Georgia","Gordon County",1,57,775,398,377
050,13,129,"Georgia","Gordon County",1,58,771,396,375
050,13,129,"Georgia","Gordon County",1,59,748,372,376
050,13,129,"Georgia","Gordon County",1,60,749,348,401
050,13,129,"Georgia","Gordon County",1,61,694,317,377
050,13,129,"Georgia","Gordon County",1,62,654,310,344
050,13,129,"Georgia","Gordon County",1,63,657,312,345
050,13,129,"Georgia","Gordon County",1,64,644,299,345
050,13,129,"Georgia","Gordon County",1,65,653,330,323
050,13,129,"Georgia","Gordon County",1,66,640,323,317
050,13,129,"Georgia","Gordon County",1,67,593,284,309
050,13,129,"Georgia","Gordon County",1,68,551,259,292
050,13,129,"Georgia","Gordon County",1,69,547,254,293
050,13,129,"Georgia","Gordon County",1,70,534,251,283
050,13,129,"Georgia","Gordon County",1,71,490,244,246
050,13,129,"Georgia","Gordon County",1,72,492,232,260
050,13,129,"Georgia","Gordon County",1,73,522,240,282
050,13,129,"Georgia","Gordon County",1,74,367,163,204
050,13,129,"Georgia","Gordon County",1,75,372,166,206
050,13,129,"Georgia","Gordon County",1,76,379,185,194
050,13,129,"Georgia","Gordon County",1,77,351,162,189
050,13,129,"Georgia","Gordon County",1,78,304,130,174
050,13,129,"Georgia","Gordon County",1,79,280,125,155
050,13,129,"Georgia","Gordon County",1,80,251,107,144
050,13,129,"Georgia","Gordon County",1,81,214,76,138
050,13,129,"Georgia","Gordon County",1,82,197,74,123
050,13,129,"Georgia","Gordon County",1,83,171,80,91
050,13,129,"Georgia","Gordon County",1,84,159,63,96
050,13,129,"Georgia","Gordon County",1,85,796,278,518
050,13,129,"Georgia","Gordon County",2,0,644,341,303
050,13,129,"Georgia","Gordon County",2,1,664,342,322
050,13,129,"Georgia","Gordon County",2,2,661,344,317
050,13,129,"Georgia","Gordon County",2,3,659,336,323
050,13,129,"Georgia","Gordon County",2,4,711,352,359
050,13,129,"Georgia","Gordon County",2,5,730,376,354
050,13,129,"Georgia","Gordon County",2,6,706,367,339
050,13,129,"Georgia","Gordon County",2,7,718,357,361
050,13,129,"Georgia","Gordon County",2,8,750,381,369
050,13,129,"Georgia","Gordon County",2,9,760,387,373
050,13,129,"Georgia","Gordon County",2,10,774,389,385
050,13,129,"Georgia","Gordon County",2,11,793,407,386
050,13,129,"Georgia","Gordon County",2,12,852,455,397
050,13,129,"Georgia","Gordon County",2,13,863,453,410
050,13,129,"Georgia","Gordon County",2,14,829,421,408
050,13,129,"Georgia","Gordon County",2,15,836,419,417
050,13,129,"Georgia","Gordon County",2,16,841,436,405
050,13,129,"Georgia","Gordon County",2,17,842,447,395
050,13,129,"Georgia","Gordon County",2,18,754,401,353
050,13,129,"Georgia","Gordon County",2,19,664,355,309
050,13,129,"Georgia","Gordon County",2,20,717,385,332
050,13,129,"Georgia","Gordon County",2,21,715,373,342
050,13,129,"Georgia","Gordon County",2,22,742,381,361
050,13,129,"Georgia","Gordon County",2,23,733,374,359
050,13,129,"Georgia","Gordon County",2,24,711,362,349
050,13,129,"Georgia","Gordon County",2,25,705,346,359
050,13,129,"Georgia","Gordon County",2,26,736,369,367
050,13,129,"Georgia","Gordon County",2,27,727,370,357
050,13,129,"Georgia","Gordon County",2,28,735,365,370
050,13,129,"Georgia","Gordon County",2,29,752,372,380
050,13,129,"Georgia","Gordon County",2,30,773,366,407
050,13,129,"Georgia","Gordon County",2,31,752,352,400
050,13,129,"Georgia","Gordon County",2,32,712,358,354
050,13,129,"Georgia","Gordon County",2,33,695,346,349
050,13,129,"Georgia","Gordon County",2,34,702,352,350
050,13,129,"Georgia","Gordon County",2,35,693,367,326
050,13,129,"Georgia","Gordon County",2,36,707,371,336
050,13,129,"Georgia","Gordon County",2,37,738,377,361
050,13,129,"Georgia","Gordon County",2,38,748,364,384
050,13,129,"Georgia","Gordon County",2,39,753,359,394
050,13,129,"Georgia","Gordon County",2,40,758,360,398
050,13,129,"Georgia","Gordon County",2,41,719,345,374
050,13,129,"Georgia","Gordon County",2,42,741,350,391
050,13,129,"Georgia","Gordon County",2,43,735,338,397
050,13,129,"Georgia","Gordon County",2,44,724,360,364
050,13,129,"Georgia","Gordon County",2,45,763,390,373
050,13,129,"Georgia","Gordon County",2,46,777,396,381
050,13,129,"Georgia","Gordon County",2,47,793,389,404
050,13,129,"Georgia","Gordon County",2,48,844,409,435
050,13,129,"Georgia","Gordon County",2,49,871,440,431
050,13,129,"Georgia","Gordon County",2,50,831,409,422
050,13,129,"Georgia","Gordon County",2,51,833,412,421
050,13,129,"Georgia","Gordon County",2,52,817,412,405
050,13,129,"Georgia","Gordon County",2,53,800,423,377
050,13,129,"Georgia","Gordon County",2,54,789,409,380
050,13,129,"Georgia","Gordon County",2,55,821,410,411
050,13,129,"Georgia","Gordon County",2,56,847,421,426
050,13,129,"Georgia","Gordon County",2,57,799,407,392
050,13,129,"Georgia","Gordon County",2,58,774,398,376
050,13,129,"Georgia","Gordon County",2,59,759,380,379
050,13,129,"Georgia","Gordon County",2,60,749,354,395
050,13,129,"Georgia","Gordon County",2,61,707,325,382
050,13,129,"Georgia","Gordon County",2,62,658,309,349
050,13,129,"Georgia","Gordon County",2,63,656,307,349
050,13,129,"Georgia","Gordon County",2,64,640,298,342
050,13,129,"Georgia","Gordon County",2,65,647,320,327
050,13,129,"Georgia","Gordon County",2,66,643,327,316
050,13,129,"Georgia","Gordon County",2,67,600,293,307
050,13,129,"Georgia","Gordon County",2,68,561,263,298
050,13,129,"Georgia","Gordon County",2,69,548,255,293
050,13,129,"Georgia","Gordon County",2,70,531,249,282
050,13,129,"Georgia","Gordon County",2,71,499,243,256
050,13,129,"Georgia","Gordon County",2,72,482,228,254
050,13,129,"Georgia","Gordon County",2,73,537,247,290
050,13,129,"Georgia","Gordon County",2,74,376,169,207
050,13,129,"Georgia","Gordon County",2,75,370,163,207
050,13,129,"Georgia","Gordon County",2,76,368,177,191
050,13,129,"Georgia","Gordon County",2,77,366,171,195
050,13,129,"Georgia","Gordon County",2,78,301,133,168
050,13,129,"Georgia","Gordon County",2,79,278,122,156
050,13,129,"Georgia","Gordon County",2,80,255,110,145
050,13,129,"Georgia","Gordon County",2,81,216,82,134
050,13,129,"Georgia","Gordon County",2,82,203,74,129
050,13,129,"Georgia","Gordon County",2,83,175,79,96
050,13,129,"Georgia","Gordon County",2,84,157,66,91
050,13,129,"Georgia","Gordon County",2,85,807,285,522
050,13,129,"Georgia","Gordon County",3,0,632,323,309
050,13,129,"Georgia","Gordon County",3,1,657,328,329
050,13,129,"Georgia","Gordon County",3,2,662,348,314
050,13,129,"Georgia","Gordon County",3,3,664,352,312
050,13,129,"Georgia","Gordon County",3,4,675,340,335
050,13,129,"Georgia","Gordon County",3,5,726,361,365
050,13,129,"Georgia","Gordon County",3,6,754,388,366
050,13,129,"Georgia","Gordon County",3,7,731,375,356
050,13,129,"Georgia","Gordon County",3,8,731,355,376
050,13,129,"Georgia","Gordon County",3,9,739,372,367
050,13,129,"Georgia","Gordon County",3,10,763,384,379
050,13,129,"Georgia","Gordon County",3,11,791,401,390
050,13,129,"Georgia","Gordon County",3,12,783,406,377
050,13,129,"Georgia","Gordon County",3,13,869,453,416
050,13,129,"Georgia","Gordon County",3,14,860,450,410
050,13,129,"Georgia","Gordon County",3,15,831,428,403
050,13,129,"Georgia","Gordon County",3,16,834,422,412
050,13,129,"Georgia","Gordon County",3,17,852,437,415
050,13,129,"Georgia","Gordon County",3,18,734,392,342
050,13,129,"Georgia","Gordon County",3,19,626,327,299
050,13,129,"Georgia","Gordon County",3,20,700,369,331
050,13,129,"Georgia","Gordon County",3,21,785,420,365
050,13,129,"Georgia","Gordon County",3,22,744,366,378
050,13,129,"Georgia","Gordon County",3,23,780,406,374
050,13,129,"Georgia","Gordon County",3,24,747,392,355
050,13,129,"Georgia","Gordon County",3,25,720,356,364
050,13,129,"Georgia","Gordon County",3,26,741,368,373
050,13,129,"Georgia","Gordon County",3,27,746,375,371
050,13,129,"Georgia","Gordon County",3,28,761,384,377
050,13,129,"Georgia","Gordon County",3,29,745,369,376
050,13,129,"Georgia","Gordon County",3,30,764,372,392
050,13,129,"Georgia","Gordon County",3,31,784,378,406
050,13,129,"Georgia","Gordon County",3,32,755,351,404
050,13,129,"Georgia","Gordon County",3,33,741,375,366
050,13,129,"Georgia","Gordon County",3,34,707,362,345
050,13,129,"Georgia","Gordon County",3,35,704,358,346
050,13,129,"Georgia","Gordon County",3,36,706,367,339
050,13,129,"Georgia","Gordon County",3,37,708,372,336
050,13,129,"Georgia","Gordon County",3,38,748,377,371
050,13,129,"Georgia","Gordon County",3,39,760,373,387
050,13,129,"Georgia","Gordon County",3,40,743,345,398
050,13,129,"Georgia","Gordon County",3,41,767,368,399
050,13,129,"Georgia","Gordon County",3,42,732,352,380
050,13,129,"Georgia","Gordon County",3,43,731,343,388
050,13,129,"Georgia","Gordon County",3,44,749,349,400
050,13,129,"Georgia","Gordon County",3,45,730,363,367
050,13,129,"Georgia","Gordon County",3,46,765,393,372
050,13,129,"Georgia","Gordon County",3,47,791,405,386
050,13,129,"Georgia","Gordon County",3,48,821,403,418
050,13,129,"Georgia","Gordon County",3,49,836,411,425
050,13,129,"Georgia","Gordon County",3,50,878,449,429
050,13,129,"Georgia","Gordon County",3,51,847,414,433
050,13,129,"Georgia","Gordon County",3,52,842,418,424
050,13,129,"Georgia","Gordon County",3,53,815,404,411
050,13,129,"Georgia","Gordon County",3,54,812,416,396
050,13,129,"Georgia","Gordon County",3,55,786,410,376
050,13,129,"Georgia","Gordon County",3,56,802,399,403
050,13,129,"Georgia","Gordon County",3,57,857,427,430
050,13,129,"Georgia","Gordon County",3,58,800,404,396
050,13,129,"Georgia","Gordon County",3,59,761,394,367
050,13,129,"Georgia","Gordon County",3,60,756,381,375
050,13,129,"Georgia","Gordon County",3,61,745,355,390
050,13,129,"Georgia","Gordon County",3,62,705,318,387
050,13,129,"Georgia","Gordon County",3,63,653,303,350
050,13,129,"Georgia","Gordon County",3,64,635,294,341
050,13,129,"Georgia","Gordon County",3,65,644,308,336
050,13,129,"Georgia","Gordon County",3,66,623,308,315
050,13,129,"Georgia","Gordon County",3,67,649,330,319
050,13,129,"Georgia","Gordon County",3,68,597,286,311
050,13,129,"Georgia","Gordon County",3,69,553,261,292
050,13,129,"Georgia","Gordon County",3,70,541,243,298
050,13,129,"Georgia","Gordon County",3,71,504,236,268
050,13,129,"Georgia","Gordon County",3,72,475,233,242
050,13,129,"Georgia","Gordon County",3,73,470,216,254
050,13,129,"Georgia","Gordon County",3,74,509,228,281
050,13,129,"Georgia","Gordon County",3,75,367,160,207
050,13,129,"Georgia","Gordon County",3,76,350,158,192
050,13,129,"Georgia","Gordon County",3,77,356,165,191
050,13,129,"Georgia","Gordon County",3,78,346,161,185
050,13,129,"Georgia","Gordon County",3,79,287,126,161
050,13,129,"Georgia","Gordon County",3,80,258,115,143
050,13,129,"Georgia","Gordon County",3,81,236,104,132
050,13,129,"Georgia","Gordon County",3,82,203,77,126
050,13,129,"Georgia","Gordon County",3,83,186,67,119
050,13,129,"Georgia","Gordon County",3,84,155,69,86
050,13,129,"Georgia","Gordon County",3,85,811,291,520
050,13,129,"Georgia","Gordon County",4,0,645,327,318
050,13,129,"Georgia","Gordon County",4,1,642,324,318
050,13,129,"Georgia","Gordon County",4,2,679,346,333
050,13,129,"Georgia","Gordon County",4,3,668,348,320
050,13,129,"Georgia","Gordon County",4,4,679,354,325
050,13,129,"Georgia","Gordon County",4,5,703,351,352
050,13,129,"Georgia","Gordon County",4,6,735,370,365
050,13,129,"Georgia","Gordon County",4,7,773,393,380
050,13,129,"Georgia","Gordon County",4,8,750,374,376
050,13,129,"Georgia","Gordon County",4,9,765,371,394
050,13,129,"Georgia","Gordon County",4,10,738,373,365
050,13,129,"Georgia","Gordon County",4,11,760,390,370
050,13,129,"Georgia","Gordon County",4,12,800,405,395
050,13,129,"Georgia","Gordon County",4,13,807,416,391
050,13,129,"Georgia","Gordon County",4,14,896,470,426
050,13,129,"Georgia","Gordon County",4,15,857,447,410
050,13,129,"Georgia","Gordon County",4,16,825,417,408
050,13,129,"Georgia","Gordon County",4,17,850,425,425
050,13,129,"Georgia","Gordon County",4,18,750,391,359
050,13,129,"Georgia","Gordon County",4,19,618,341,277
050,13,129,"Georgia","Gordon County",4,20,658,336,322
050,13,129,"Georgia","Gordon County",4,21,727,381,346
050,13,129,"Georgia","Gordon County",4,22,825,434,391
050,13,129,"Georgia","Gordon County",4,23,792,399,393
050,13,129,"Georgia","Gordon County",4,24,777,411,366
050,13,129,"Georgia","Gordon County",4,25,719,365,354
050,13,129,"Georgia","Gordon County",4,26,738,368,370
050,13,129,"Georgia","Gordon County",4,27,750,370,380
050,13,129,"Georgia","Gordon County",4,28,767,389,378
050,13,129,"Georgia","Gordon County",4,29,769,390,379
050,13,129,"Georgia","Gordon County",4,30,759,381,378
050,13,129,"Georgia","Gordon County",4,31,787,379,408
050,13,129,"Georgia","Gordon County",4,32,765,368,397
050,13,129,"Georgia","Gordon County",4,33,769,359,410
050,13,129,"Georgia","Gordon County",4,34,773,392,381
050,13,129,"Georgia","Gordon County",4,35,723,371,352
050,13,129,"Georgia","Gordon County",4,36,725,378,347
050,13,129,"Georgia","Gordon County",4,37,728,373,355
050,13,129,"Georgia","Gordon County",4,38,757,399,358
050,13,129,"Georgia","Gordon County",4,39,757,383,374
050,13,129,"Georgia","Gordon County",4,40,783,389,394
050,13,129,"Georgia","Gordon County",4,41,740,343,397
050,13,129,"Georgia","Gordon County",4,42,786,381,405
050,13,129,"Georgia","Gordon County",4,43,732,352,380
050,13,129,"Georgia","Gordon County",4,44,737,344,393
050,13,129,"Georgia","Gordon County",4,45,775,360,415
050,13,129,"Georgia","Gordon County",4,46,743,369,374
050,13,129,"Georgia","Gordon County",4,47,778,396,382
050,13,129,"Georgia","Gordon County",4,48,803,407,396
050,13,129,"Georgia","Gordon County",4,49,812,399,413
050,13,129,"Georgia","Gordon County",4,50,837,414,423
050,13,129,"Georgia","Gordon County",4,51,905,470,435
050,13,129,"Georgia","Gordon County",4,52,856,421,435
050,13,129,"Georgia","Gordon County",4,53,829,408,421
050,13,129,"Georgia","Gordon County",4,54,806,410,396
050,13,129,"Georgia","Gordon County",4,55,806,409,397
050,13,129,"Georgia","Gordon County",4,56,780,403,377
050,13,129,"Georgia","Gordon County",4,57,795,385,410
050,13,129,"Georgia","Gordon County",4,58,860,425,435
050,13,129,"Georgia","Gordon County",4,59,789,397,392
050,13,129,"Georgia","Gordon County",4,60,754,394,360
050,13,129,"Georgia","Gordon County",4,61,737,372,365
050,13,129,"Georgia","Gordon County",4,62,730,339,391
050,13,129,"Georgia","Gordon County",4,63,700,302,398
050,13,129,"Georgia","Gordon County",4,64,649,305,344
050,13,129,"Georgia","Gordon County",4,65,625,290,335
050,13,129,"Georgia","Gordon County",4,66,637,306,331
050,13,129,"Georgia","Gordon County",4,67,617,299,318
050,13,129,"Georgia","Gordon County",4,68,644,322,322
050,13,129,"Georgia","Gordon County",4,69,586,283,303
050,13,129,"Georgia","Gordon County",4,70,543,257,286
050,13,129,"Georgia","Gordon County",4,71,517,236,281
050,13,129,"Georgia","Gordon County",4,72,487,226,261
050,13,129,"Georgia","Gordon County",4,73,472,227,245
050,13,129,"Georgia","Gordon County",4,74,456,208,248
050,13,129,"Georgia","Gordon County",4,75,497,218,279
050,13,129,"Georgia","Gordon County",4,76,348,155,193
050,13,129,"Georgia","Gordon County",4,77,341,152,189
050,13,129,"Georgia","Gordon County",4,78,342,156,186
050,13,129,"Georgia","Gordon County",4,79,337,159,178
050,13,129,"Georgia","Gordon County",4,80,255,109,146
050,13,129,"Georgia","Gordon County",4,81,241,109,132
050,13,129,"Georgia","Gordon County",4,82,233,100,133
050,13,129,"Georgia","Gordon County",4,83,185,74,111
050,13,129,"Georgia","Gordon County",4,84,168,59,109
050,13,129,"Georgia","Gordon County",4,85,797,295,502
050,13,129,"Georgia","Gordon County",5,0,651,328,323
050,13,129,"Georgia","Gordon County",5,1,665,338,327
050,13,129,"Georgia","Gordon County",5,2,663,338,325
050,13,129,"Georgia","Gordon County",5,3,687,360,327
050,13,129,"Georgia","Gordon County",5,4,687,357,330
050,13,129,"Georgia","Gordon County",5,5,720,376,344
050,13,129,"Georgia","Gordon County",5,6,723,356,367
050,13,129,"Georgia","Gordon County",5,7,757,385,372
050,13,129,"Georgia","Gordon County",5,8,786,414,372
050,13,129,"Georgia","Gordon County",5,9,749,371,378
050,13,129,"Georgia","Gordon County",5,10,773,374,399
050,13,129,"Georgia","Gordon County",5,11,747,376,371
050,13,129,"Georgia","Gordon County",5,12,773,390,383
050,13,129,"Georgia","Gordon County",5,13,809,409,400
050,13,129,"Georgia","Gordon County",5,14,818,421,397
050,13,129,"Georgia","Gordon County",5,15,890,476,414
050,13,129,"Georgia","Gordon County",5,16,869,459,410
050,13,129,"Georgia","Gordon County",5,17,848,428,420
050,13,129,"Georgia","Gordon County",5,18,743,381,362
050,13,129,"Georgia","Gordon County",5,19,636,345,291
050,13,129,"Georgia","Gordon County",5,20,660,362,298
050,13,129,"Georgia","Gordon County",5,21,729,376,353
050,13,129,"Georgia","Gordon County",5,22,782,400,382
050,13,129,"Georgia","Gordon County",5,23,865,453,412
050,13,129,"Georgia","Gordon County",5,24,804,409,395
050,13,129,"Georgia","Gordon County",5,25,781,410,371
050,13,129,"Georgia","Gordon County",5,26,752,386,366
050,13,129,"Georgia","Gordon County",5,27,739,374,365
050,13,129,"Georgia","Gordon County",5,28,751,378,373
050,13,129,"Georgia","Gordon County",5,29,786,385,401
050,13,129,"Georgia","Gordon County",5,30,775,389,386
050,13,129,"Georgia","Gordon County",5,31,760,382,378
050,13,129,"Georgia","Gordon County",5,32,795,376,419
050,13,129,"Georgia","Gordon County",5,33,776,366,410
050,13,129,"Georgia","Gordon County",5,34,782,359,423
050,13,129,"Georgia","Gordon County",5,35,795,407,388
050,13,129,"Georgia","Gordon County",5,36,750,391,359
050,13,129,"Georgia","Gordon County",5,37,713,368,345
050,13,129,"Georgia","Gordon County",5,38,742,377,365
050,13,129,"Georgia","Gordon County",5,39,779,406,373
050,13,129,"Georgia","Gordon County",5,40,791,411,380
050,13,129,"Georgia","Gordon County",5,41,795,385,410
050,13,129,"Georgia","Gordon County",5,42,756,356,400
050,13,129,"Georgia","Gordon County",5,43,792,381,411
050,13,129,"Georgia","Gordon County",5,44,732,345,387
050,13,129,"Georgia","Gordon County",5,45,765,367,398
050,13,129,"Georgia","Gordon County",5,46,787,361,426
050,13,129,"Georgia","Gordon County",5,47,755,371,384
050,13,129,"Georgia","Gordon County",5,48,824,421,403
050,13,129,"Georgia","Gordon County",5,49,806,400,406
050,13,129,"Georgia","Gordon County",5,50,824,405,419
050,13,129,"Georgia","Gordon County",5,51,837,409,428
050,13,129,"Georgia","Gordon County",5,52,924,488,436
050,13,129,"Georgia","Gordon County",5,53,845,414,431
050,13,129,"Georgia","Gordon County",5,54,831,420,411
050,13,129,"Georgia","Gordon County",5,55,808,413,395
050,13,129,"Georgia","Gordon County",5,56,803,407,396
050,13,129,"Georgia","Gordon County",5,57,782,404,378
050,13,129,"Georgia","Gordon County",5,58,796,387,409
050,13,129,"Georgia","Gordon County",5,59,855,418,437
050,13,129,"Georgia","Gordon County",5,60,791,396,395
050,13,129,"Georgia","Gordon County",5,61,768,399,369
050,13,129,"Georgia","Gordon County",5,62,749,373,376
050,13,129,"Georgia","Gordon County",5,63,730,336,394
050,13,129,"Georgia","Gordon County",5,64,695,306,389
050,13,129,"Georgia","Gordon County",5,65,641,302,339
050,13,129,"Georgia","Gordon County",5,66,624,285,339
050,13,129,"Georgia","Gordon County",5,67,637,299,338
050,13,129,"Georgia","Gordon County",5,68,605,288,317
050,13,129,"Georgia","Gordon County",5,69,635,319,316
050,13,129,"Georgia","Gordon County",5,70,578,279,299
050,13,129,"Georgia","Gordon County",5,71,523,244,279
050,13,129,"Georgia","Gordon County",5,72,504,227,277
050,13,129,"Georgia","Gordon County",5,73,473,216,257
050,13,129,"Georgia","Gordon County",5,74,460,223,237
050,13,129,"Georgia","Gordon County",5,75,445,198,247
050,13,129,"Georgia","Gordon County",5,76,485,220,265
050,13,129,"Georgia","Gordon County",5,77,339,147,192
050,13,129,"Georgia","Gordon County",5,78,327,142,185
050,13,129,"Georgia","Gordon County",5,79,330,148,182
050,13,129,"Georgia","Gordon County",5,80,310,147,163
050,13,129,"Georgia","Gordon County",5,81,240,99,141
050,13,129,"Georgia","Gordon County",5,82,235,104,131
050,13,129,"Georgia","Gordon County",5,83,218,99,119
050,13,129,"Georgia","Gordon County",5,84,167,68,99
050,13,129,"Georgia","Gordon County",5,85,830,304,526
050,13,131,"Georgia","Grady County",1,0,310,156,154
050,13,131,"Georgia","Grady County",1,1,341,167,174
050,13,131,"Georgia","Grady County",1,2,339,177,162
050,13,131,"Georgia","Grady County",1,3,352,190,162
050,13,131,"Georgia","Grady County",1,4,346,180,166
050,13,131,"Georgia","Grady County",1,5,353,188,165
050,13,131,"Georgia","Grady County",1,6,355,185,170
050,13,131,"Georgia","Grady County",1,7,344,175,169
050,13,131,"Georgia","Grady County",1,8,376,194,182
050,13,131,"Georgia","Grady County",1,9,366,187,179
050,13,131,"Georgia","Grady County",1,10,379,205,174
050,13,131,"Georgia","Grady County",1,11,367,192,175
050,13,131,"Georgia","Grady County",1,12,399,209,190
050,13,131,"Georgia","Grady County",1,13,407,211,196
050,13,131,"Georgia","Grady County",1,14,424,218,206
050,13,131,"Georgia","Grady County",1,15,394,208,186
050,13,131,"Georgia","Grady County",1,16,397,207,190
050,13,131,"Georgia","Grady County",1,17,363,171,192
050,13,131,"Georgia","Grady County",1,18,317,159,158
050,13,131,"Georgia","Grady County",1,19,280,132,148
050,13,131,"Georgia","Grady County",1,20,265,135,130
050,13,131,"Georgia","Grady County",1,21,257,130,127
050,13,131,"Georgia","Grady County",1,22,277,130,147
050,13,131,"Georgia","Grady County",1,23,289,153,136
050,13,131,"Georgia","Grady County",1,24,322,150,172
050,13,131,"Georgia","Grady County",1,25,266,110,156
050,13,131,"Georgia","Grady County",1,26,261,110,151
050,13,131,"Georgia","Grady County",1,27,274,138,136
050,13,131,"Georgia","Grady County",1,28,287,126,161
050,13,131,"Georgia","Grady County",1,29,304,144,160
050,13,131,"Georgia","Grady County",1,30,316,154,162
050,13,131,"Georgia","Grady County",1,31,322,166,156
050,13,131,"Georgia","Grady County",1,32,273,134,139
050,13,131,"Georgia","Grady County",1,33,308,144,164
050,13,131,"Georgia","Grady County",1,34,307,143,164
050,13,131,"Georgia","Grady County",1,35,310,122,188
050,13,131,"Georgia","Grady County",1,36,309,138,171
050,13,131,"Georgia","Grady County",1,37,357,166,191
050,13,131,"Georgia","Grady County",1,38,332,153,179
050,13,131,"Georgia","Grady County",1,39,310,161,149
050,13,131,"Georgia","Grady County",1,40,331,166,165
050,13,131,"Georgia","Grady County",1,41,307,150,157
050,13,131,"Georgia","Grady County",1,42,293,145,148
050,13,131,"Georgia","Grady County",1,43,297,157,140
050,13,131,"Georgia","Grady County",1,44,275,145,130
050,13,131,"Georgia","Grady County",1,45,288,151,137
050,13,131,"Georgia","Grady County",1,46,295,143,152
050,13,131,"Georgia","Grady County",1,47,319,152,167
050,13,131,"Georgia","Grady County",1,48,326,149,177
050,13,131,"Georgia","Grady County",1,49,340,173,167
050,13,131,"Georgia","Grady County",1,50,309,156,153
050,13,131,"Georgia","Grady County",1,51,314,164,150
050,13,131,"Georgia","Grady County",1,52,317,159,158
050,13,131,"Georgia","Grady County",1,53,366,176,190
050,13,131,"Georgia","Grady County",1,54,357,177,180
050,13,131,"Georgia","Grady County",1,55,395,199,196
050,13,131,"Georgia","Grady County",1,56,359,170,189
050,13,131,"Georgia","Grady County",1,57,347,170,177
050,13,131,"Georgia","Grady County",1,58,375,183,192
050,13,131,"Georgia","Grady County",1,59,383,189,194
050,13,131,"Georgia","Grady County",1,60,361,181,180
050,13,131,"Georgia","Grady County",1,61,317,142,175
050,13,131,"Georgia","Grady County",1,62,329,158,171
050,13,131,"Georgia","Grady County",1,63,347,171,176
050,13,131,"Georgia","Grady County",1,64,334,161,173
050,13,131,"Georgia","Grady County",1,65,333,164,169
050,13,131,"Georgia","Grady County",1,66,311,152,159
050,13,131,"Georgia","Grady County",1,67,328,163,165
050,13,131,"Georgia","Grady County",1,68,287,139,148
050,13,131,"Georgia","Grady County",1,69,285,134,151
050,13,131,"Georgia","Grady County",1,70,285,131,154
050,13,131,"Georgia","Grady County",1,71,285,130,155
050,13,131,"Georgia","Grady County",1,72,282,129,153
050,13,131,"Georgia","Grady County",1,73,269,127,142
050,13,131,"Georgia","Grady County",1,74,191,93,98
050,13,131,"Georgia","Grady County",1,75,214,102,112
050,13,131,"Georgia","Grady County",1,76,204,87,117
050,13,131,"Georgia","Grady County",1,77,202,84,118
050,13,131,"Georgia","Grady County",1,78,166,73,93
050,13,131,"Georgia","Grady County",1,79,139,45,94
050,13,131,"Georgia","Grady County",1,80,118,41,77
050,13,131,"Georgia","Grady County",1,81,129,60,69
050,13,131,"Georgia","Grady County",1,82,103,53,50
050,13,131,"Georgia","Grady County",1,83,109,54,55
050,13,131,"Georgia","Grady County",1,84,106,43,63
050,13,131,"Georgia","Grady County",1,85,454,171,283
050,13,131,"Georgia","Grady County",2,0,314,163,151
050,13,131,"Georgia","Grady County",2,1,335,167,168
050,13,131,"Georgia","Grady County",2,2,340,175,165
050,13,131,"Georgia","Grady County",2,3,351,187,164
050,13,131,"Georgia","Grady County",2,4,351,184,167
050,13,131,"Georgia","Grady County",2,5,354,188,166
050,13,131,"Georgia","Grady County",2,6,352,183,169
050,13,131,"Georgia","Grady County",2,7,346,177,169
050,13,131,"Georgia","Grady County",2,8,366,187,179
050,13,131,"Georgia","Grady County",2,9,368,189,179
050,13,131,"Georgia","Grady County",2,10,376,201,175
050,13,131,"Georgia","Grady County",2,11,367,194,173
050,13,131,"Georgia","Grady County",2,12,391,204,187
050,13,131,"Georgia","Grady County",2,13,402,208,194
050,13,131,"Georgia","Grady County",2,14,418,217,201
050,13,131,"Georgia","Grady County",2,15,399,209,190
050,13,131,"Georgia","Grady County",2,16,395,206,189
050,13,131,"Georgia","Grady County",2,17,370,180,190
050,13,131,"Georgia","Grady County",2,18,314,157,157
050,13,131,"Georgia","Grady County",2,19,278,135,143
050,13,131,"Georgia","Grady County",2,20,274,137,137
050,13,131,"Georgia","Grady County",2,21,258,129,129
050,13,131,"Georgia","Grady County",2,22,272,131,141
050,13,131,"Georgia","Grady County",2,23,288,148,140
050,13,131,"Georgia","Grady County",2,24,308,146,162
050,13,131,"Georgia","Grady County",2,25,278,117,161
050,13,131,"Georgia","Grady County",2,26,267,112,155
050,13,131,"Georgia","Grady County",2,27,272,132,140
050,13,131,"Georgia","Grady County",2,28,285,131,154
050,13,131,"Georgia","Grady County",2,29,303,141,162
050,13,131,"Georgia","Grady County",2,30,316,153,163
050,13,131,"Georgia","Grady County",2,31,318,162,156
050,13,131,"Georgia","Grady County",2,32,285,142,143
050,13,131,"Georgia","Grady County",2,33,300,142,158
050,13,131,"Georgia","Grady County",2,34,306,142,164
050,13,131,"Georgia","Grady County",2,35,308,128,180
050,13,131,"Georgia","Grady County",2,36,306,134,172
050,13,131,"Georgia","Grady County",2,37,343,158,185
050,13,131,"Georgia","Grady County",2,38,338,156,182
050,13,131,"Georgia","Grady County",2,39,315,159,156
050,13,131,"Georgia","Grady County",2,40,330,167,163
050,13,131,"Georgia","Grady County",2,41,309,152,157
050,13,131,"Georgia","Grady County",2,42,295,144,151
050,13,131,"Georgia","Grady County",2,43,299,157,142
050,13,131,"Georgia","Grady County",2,44,280,148,132
050,13,131,"Georgia","Grady County",2,45,285,150,135
050,13,131,"Georgia","Grady County",2,46,294,145,149
050,13,131,"Georgia","Grady County",2,47,314,150,164
050,13,131,"Georgia","Grady County",2,48,326,151,175
050,13,131,"Georgia","Grady County",2,49,338,167,171
050,13,131,"Georgia","Grady County",2,50,314,159,155
050,13,131,"Georgia","Grady County",2,51,312,163,149
050,13,131,"Georgia","Grady County",2,52,317,161,156
050,13,131,"Georgia","Grady County",2,53,352,171,181
050,13,131,"Georgia","Grady County",2,54,354,175,179
050,13,131,"Georgia","Grady County",2,55,381,192,189
050,13,131,"Georgia","Grady County",2,56,372,180,192
050,13,131,"Georgia","Grady County",2,57,348,171,177
050,13,131,"Georgia","Grady County",2,58,366,179,187
050,13,131,"Georgia","Grady County",2,59,378,185,193
050,13,131,"Georgia","Grady County",2,60,364,180,184
050,13,131,"Georgia","Grady County",2,61,325,151,174
050,13,131,"Georgia","Grady County",2,62,322,152,170
050,13,131,"Georgia","Grady County",2,63,344,167,177
050,13,131,"Georgia","Grady County",2,64,334,162,172
050,13,131,"Georgia","Grady County",2,65,335,164,171
050,13,131,"Georgia","Grady County",2,66,319,156,163
050,13,131,"Georgia","Grady County",2,67,324,160,164
050,13,131,"Georgia","Grady County",2,68,293,143,150
050,13,131,"Georgia","Grady County",2,69,287,134,153
050,13,131,"Georgia","Grady County",2,70,284,132,152
050,13,131,"Georgia","Grady County",2,71,284,129,155
050,13,131,"Georgia","Grady County",2,72,279,127,152
050,13,131,"Georgia","Grady County",2,73,283,134,149
050,13,131,"Georgia","Grady County",2,74,199,95,104
050,13,131,"Georgia","Grady County",2,75,209,100,109
050,13,131,"Georgia","Grady County",2,76,203,89,114
050,13,131,"Georgia","Grady County",2,77,206,85,121
050,13,131,"Georgia","Grady County",2,78,169,73,96
050,13,131,"Georgia","Grady County",2,79,144,52,92
050,13,131,"Georgia","Grady County",2,80,123,43,80
050,13,131,"Georgia","Grady County",2,81,126,56,70
050,13,131,"Georgia","Grady County",2,82,109,54,55
050,13,131,"Georgia","Grady County",2,83,106,53,53
050,13,131,"Georgia","Grady County",2,84,104,44,60
050,13,131,"Georgia","Grady County",2,85,458,177,281
050,13,131,"Georgia","Grady County",3,0,291,165,126
050,13,131,"Georgia","Grady County",3,1,302,146,156
050,13,131,"Georgia","Grady County",3,2,334,168,166
050,13,131,"Georgia","Grady County",3,3,333,170,163
050,13,131,"Georgia","Grady County",3,4,328,168,160
050,13,131,"Georgia","Grady County",3,5,340,184,156
050,13,131,"Georgia","Grady County",3,6,347,176,171
050,13,131,"Georgia","Grady County",3,7,353,178,175
050,13,131,"Georgia","Grady County",3,8,344,179,165
050,13,131,"Georgia","Grady County",3,9,364,191,173
050,13,131,"Georgia","Grady County",3,10,357,184,173
050,13,131,"Georgia","Grady County",3,11,376,192,184
050,13,131,"Georgia","Grady County",3,12,369,192,177
050,13,131,"Georgia","Grady County",3,13,388,206,182
050,13,131,"Georgia","Grady County",3,14,402,210,192
050,13,131,"Georgia","Grady County",3,15,407,213,194
050,13,131,"Georgia","Grady County",3,16,397,203,194
050,13,131,"Georgia","Grady County",3,17,383,194,189
050,13,131,"Georgia","Grady County",3,18,329,168,161
050,13,131,"Georgia","Grady County",3,19,257,131,126
050,13,131,"Georgia","Grady County",3,20,284,134,150
050,13,131,"Georgia","Grady County",3,21,275,130,145
050,13,131,"Georgia","Grady County",3,22,259,131,128
050,13,131,"Georgia","Grady County",3,23,272,142,130
050,13,131,"Georgia","Grady County",3,24,283,144,139
050,13,131,"Georgia","Grady County",3,25,306,140,166
050,13,131,"Georgia","Grady County",3,26,276,116,160
050,13,131,"Georgia","Grady County",3,27,257,113,144
050,13,131,"Georgia","Grady County",3,28,270,133,137
050,13,131,"Georgia","Grady County",3,29,294,138,156
050,13,131,"Georgia","Grady County",3,30,298,133,165
050,13,131,"Georgia","Grady County",3,31,314,154,160
050,13,131,"Georgia","Grady County",3,32,316,159,157
050,13,131,"Georgia","Grady County",3,33,281,142,139
050,13,131,"Georgia","Grady County",3,34,273,129,144
050,13,131,"Georgia","Grady County",3,35,302,138,164
050,13,131,"Georgia","Grady County",3,36,307,126,181
050,13,131,"Georgia","Grady County",3,37,302,127,175
050,13,131,"Georgia","Grady County",3,38,331,159,172
050,13,131,"Georgia","Grady County",3,39,328,157,171
050,13,131,"Georgia","Grady County",3,40,308,152,156
050,13,131,"Georgia","Grady County",3,41,320,155,165
050,13,131,"Georgia","Grady County",3,42,305,152,153
050,13,131,"Georgia","Grady County",3,43,292,141,151
050,13,131,"Georgia","Grady County",3,44,296,159,137
050,13,131,"Georgia","Grady County",3,45,271,143,128
050,13,131,"Georgia","Grady County",3,46,285,152,133
050,13,131,"Georgia","Grady County",3,47,301,148,153
050,13,131,"Georgia","Grady County",3,48,309,142,167
050,13,131,"Georgia","Grady County",3,49,321,152,169
050,13,131,"Georgia","Grady County",3,50,325,160,165
050,13,131,"Georgia","Grady County",3,51,315,160,155
050,13,131,"Georgia","Grady County",3,52,314,165,149
050,13,131,"Georgia","Grady County",3,53,320,169,151
050,13,131,"Georgia","Grady County",3,54,343,164,179
050,13,131,"Georgia","Grady County",3,55,360,174,186
050,13,131,"Georgia","Grady County",3,56,376,186,190
050,13,131,"Georgia","Grady County",3,57,370,178,192
050,13,131,"Georgia","Grady County",3,58,352,175,177
050,13,131,"Georgia","Grady County",3,59,352,173,179
050,13,131,"Georgia","Grady County",3,60,372,181,191
050,13,131,"Georgia","Grady County",3,61,355,174,181
050,13,131,"Georgia","Grady County",3,62,318,147,171
050,13,131,"Georgia","Grady County",3,63,315,150,165
050,13,131,"Georgia","Grady County",3,64,347,169,178
050,13,131,"Georgia","Grady County",3,65,329,161,168
050,13,131,"Georgia","Grady County",3,66,328,161,167
050,13,131,"Georgia","Grady County",3,67,313,153,160
050,13,131,"Georgia","Grady County",3,68,312,152,160
050,13,131,"Georgia","Grady County",3,69,285,135,150
050,13,131,"Georgia","Grady County",3,70,288,136,152
050,13,131,"Georgia","Grady County",3,71,274,123,151
050,13,131,"Georgia","Grady County",3,72,272,124,148
050,13,131,"Georgia","Grady County",3,73,271,120,151
050,13,131,"Georgia","Grady County",3,74,268,123,145
050,13,131,"Georgia","Grady County",3,75,188,89,99
050,13,131,"Georgia","Grady County",3,76,196,92,104
050,13,131,"Georgia","Grady County",3,77,187,83,104
050,13,131,"Georgia","Grady County",3,78,194,77,117
050,13,131,"Georgia","Grady County",3,79,155,69,86
050,13,131,"Georgia","Grady County",3,80,132,49,83
050,13,131,"Georgia","Grady County",3,81,105,34,71
050,13,131,"Georgia","Grady County",3,82,118,52,66
050,13,131,"Georgia","Grady County",3,83,99,44,55
050,13,131,"Georgia","Grady County",3,84,98,48,50
050,13,131,"Georgia","Grady County",3,85,467,179,288
050,13,131,"Georgia","Grady County",4,0,297,162,135
050,13,131,"Georgia","Grady County",4,1,303,175,128
050,13,131,"Georgia","Grady County",4,2,313,146,167
050,13,131,"Georgia","Grady County",4,3,334,164,170
050,13,131,"Georgia","Grady County",4,4,346,172,174
050,13,131,"Georgia","Grady County",4,5,327,163,164
050,13,131,"Georgia","Grady County",4,6,341,189,152
050,13,131,"Georgia","Grady County",4,7,338,167,171
050,13,131,"Georgia","Grady County",4,8,371,187,184
050,13,131,"Georgia","Grady County",4,9,346,184,162
050,13,131,"Georgia","Grady County",4,10,381,198,183
050,13,131,"Georgia","Grady County",4,11,369,188,181
050,13,131,"Georgia","Grady County",4,12,384,193,191
050,13,131,"Georgia","Grady County",4,13,384,201,183
050,13,131,"Georgia","Grady County",4,14,400,211,189
050,13,131,"Georgia","Grady County",4,15,415,222,193
050,13,131,"Georgia","Grady County",4,16,397,211,186
050,13,131,"Georgia","Grady County",4,17,412,216,196
050,13,131,"Georgia","Grady County",4,18,346,175,171
050,13,131,"Georgia","Grady County",4,19,271,140,131
050,13,131,"Georgia","Grady County",4,20,267,135,132
050,13,131,"Georgia","Grady County",4,21,295,132,163
050,13,131,"Georgia","Grady County",4,22,280,130,150
050,13,131,"Georgia","Grady County",4,23,259,127,132
050,13,131,"Georgia","Grady County",4,24,269,138,131
050,13,131,"Georgia","Grady County",4,25,284,147,137
050,13,131,"Georgia","Grady County",4,26,315,149,166
050,13,131,"Georgia","Grady County",4,27,288,125,163
050,13,131,"Georgia","Grady County",4,28,247,110,137
050,13,131,"Georgia","Grady County",4,29,270,136,134
050,13,131,"Georgia","Grady County",4,30,286,132,154
050,13,131,"Georgia","Grady County",4,31,297,133,164
050,13,131,"Georgia","Grady County",4,32,311,158,153
050,13,131,"Georgia","Grady County",4,33,304,153,151
050,13,131,"Georgia","Grady County",4,34,269,137,132
050,13,131,"Georgia","Grady County",4,35,272,132,140
050,13,131,"Georgia","Grady County",4,36,307,139,168
050,13,131,"Georgia","Grady County",4,37,321,130,191
050,13,131,"Georgia","Grady County",4,38,301,121,180
050,13,131,"Georgia","Grady County",4,39,336,154,182
050,13,131,"Georgia","Grady County",4,40,330,155,175
050,13,131,"Georgia","Grady County",4,41,317,156,161
050,13,131,"Georgia","Grady County",4,42,322,154,168
050,13,131,"Georgia","Grady County",4,43,310,158,152
050,13,131,"Georgia","Grady County",4,44,299,144,155
050,13,131,"Georgia","Grady County",4,45,289,155,134
050,13,131,"Georgia","Grady County",4,46,276,147,129
050,13,131,"Georgia","Grady County",4,47,294,156,138
050,13,131,"Georgia","Grady County",4,48,285,144,141
050,13,131,"Georgia","Grady County",4,49,313,141,172
050,13,131,"Georgia","Grady County",4,50,332,157,175
050,13,131,"Georgia","Grady County",4,51,337,166,171
050,13,131,"Georgia","Grady County",4,52,328,165,163
050,13,131,"Georgia","Grady County",4,53,317,167,150
050,13,131,"Georgia","Grady County",4,54,307,156,151
050,13,131,"Georgia","Grady County",4,55,337,166,171
050,13,131,"Georgia","Grady County",4,56,364,174,190
050,13,131,"Georgia","Grady County",4,57,372,190,182
050,13,131,"Georgia","Grady County",4,58,352,172,180
050,13,131,"Georgia","Grady County",4,59,349,175,174
050,13,131,"Georgia","Grady County",4,60,347,179,168
050,13,131,"Georgia","Grady County",4,61,366,171,195
050,13,131,"Georgia","Grady County",4,62,363,174,189
050,13,131,"Georgia","Grady County",4,63,329,153,176
050,13,131,"Georgia","Grady County",4,64,316,153,163
050,13,131,"Georgia","Grady County",4,65,342,163,179
050,13,131,"Georgia","Grady County",4,66,327,156,171
050,13,131,"Georgia","Grady County",4,67,323,159,164
050,13,131,"Georgia","Grady County",4,68,306,149,157
050,13,131,"Georgia","Grady County",4,69,312,150,162
050,13,131,"Georgia","Grady County",4,70,281,132,149
050,13,131,"Georgia","Grady County",4,71,269,127,142
050,13,131,"Georgia","Grady County",4,72,272,122,150
050,13,131,"Georgia","Grady County",4,73,261,117,144
050,13,131,"Georgia","Grady County",4,74,261,114,147
050,13,131,"Georgia","Grady County",4,75,261,120,141
050,13,131,"Georgia","Grady County",4,76,188,89,99
050,13,131,"Georgia","Grady County",4,77,190,85,105
050,13,131,"Georgia","Grady County",4,78,172,74,98
050,13,131,"Georgia","Grady County",4,79,179,72,107
050,13,131,"Georgia","Grady County",4,80,143,63,80
050,13,131,"Georgia","Grady County",4,81,122,44,78
050,13,131,"Georgia","Grady County",4,82,95,29,66
050,13,131,"Georgia","Grady County",4,83,111,49,62
050,13,131,"Georgia","Grady County",4,84,94,42,52
050,13,131,"Georgia","Grady County",4,85,481,196,285
050,13,131,"Georgia","Grady County",5,0,296,162,134
050,13,131,"Georgia","Grady County",5,1,310,174,136
050,13,131,"Georgia","Grady County",5,2,323,182,141
050,13,131,"Georgia","Grady County",5,3,303,143,160
050,13,131,"Georgia","Grady County",5,4,334,166,168
050,13,131,"Georgia","Grady County",5,5,337,172,165
050,13,131,"Georgia","Grady County",5,6,334,172,162
050,13,131,"Georgia","Grady County",5,7,346,183,163
050,13,131,"Georgia","Grady County",5,8,340,171,169
050,13,131,"Georgia","Grady County",5,9,373,191,182
050,13,131,"Georgia","Grady County",5,10,344,182,162
050,13,131,"Georgia","Grady County",5,11,384,192,192
050,13,131,"Georgia","Grady County",5,12,371,186,185
050,13,131,"Georgia","Grady County",5,13,391,199,192
050,13,131,"Georgia","Grady County",5,14,373,190,183
050,13,131,"Georgia","Grady County",5,15,400,208,192
050,13,131,"Georgia","Grady County",5,16,413,223,190
050,13,131,"Georgia","Grady County",5,17,399,216,183
050,13,131,"Georgia","Grady County",5,18,357,196,161
050,13,131,"Georgia","Grady County",5,19,293,148,145
050,13,131,"Georgia","Grady County",5,20,275,140,135
050,13,131,"Georgia","Grady County",5,21,282,138,144
050,13,131,"Georgia","Grady County",5,22,294,131,163
050,13,131,"Georgia","Grady County",5,23,305,138,167
050,13,131,"Georgia","Grady County",5,24,250,121,129
050,13,131,"Georgia","Grady County",5,25,276,134,142
050,13,131,"Georgia","Grady County",5,26,300,155,145
050,13,131,"Georgia","Grady County",5,27,310,154,156
050,13,131,"Georgia","Grady County",5,28,278,123,155
050,13,131,"Georgia","Grady County",5,29,248,117,131
050,13,131,"Georgia","Grady County",5,30,258,126,132
050,13,131,"Georgia","Grady County",5,31,288,139,149
050,13,131,"Georgia","Grady County",5,32,306,137,169
050,13,131,"Georgia","Grady County",5,33,313,157,156
050,13,131,"Georgia","Grady County",5,34,304,154,150
050,13,131,"Georgia","Grady County",5,35,272,140,132
050,13,131,"Georgia","Grady County",5,36,289,147,142
050,13,131,"Georgia","Grady County",5,37,297,128,169
050,13,131,"Georgia","Grady County",5,38,330,130,200
050,13,131,"Georgia","Grady County",5,39,318,134,184
050,13,131,"Georgia","Grady County",5,40,336,153,183
050,13,131,"Georgia","Grady County",5,41,339,153,186
050,13,131,"Georgia","Grady County",5,42,303,147,156
050,13,131,"Georgia","Grady County",5,43,331,162,169
050,13,131,"Georgia","Grady County",5,44,311,160,151
050,13,131,"Georgia","Grady County",5,45,294,142,152
050,13,131,"Georgia","Grady County",5,46,292,159,133
050,13,131,"Georgia","Grady County",5,47,282,152,130
050,13,131,"Georgia","Grady County",5,48,284,148,136
050,13,131,"Georgia","Grady County",5,49,284,140,144
050,13,131,"Georgia","Grady County",5,50,311,141,170
050,13,131,"Georgia","Grady County",5,51,330,153,177
050,13,131,"Georgia","Grady County",5,52,332,160,172
050,13,131,"Georgia","Grady County",5,53,327,172,155
050,13,131,"Georgia","Grady County",5,54,319,166,153
050,13,131,"Georgia","Grady County",5,55,311,166,145
050,13,131,"Georgia","Grady County",5,56,340,170,170
050,13,131,"Georgia","Grady County",5,57,369,174,195
050,13,131,"Georgia","Grady County",5,58,366,193,173
050,13,131,"Georgia","Grady County",5,59,351,172,179
050,13,131,"Georgia","Grady County",5,60,345,175,170
050,13,131,"Georgia","Grady County",5,61,343,174,169
050,13,131,"Georgia","Grady County",5,62,350,160,190
050,13,131,"Georgia","Grady County",5,63,362,173,189
050,13,131,"Georgia","Grady County",5,64,333,156,177
050,13,131,"Georgia","Grady County",5,65,306,149,157
050,13,131,"Georgia","Grady County",5,66,340,159,181
050,13,131,"Georgia","Grady County",5,67,329,160,169
050,13,131,"Georgia","Grady County",5,68,326,155,171
050,13,131,"Georgia","Grady County",5,69,295,141,154
050,13,131,"Georgia","Grady County",5,70,312,150,162
050,13,131,"Georgia","Grady County",5,71,267,125,142
050,13,131,"Georgia","Grady County",5,72,263,126,137
050,13,131,"Georgia","Grady County",5,73,264,114,150
050,13,131,"Georgia","Grady County",5,74,260,114,146
050,13,131,"Georgia","Grady County",5,75,262,114,148
050,13,131,"Georgia","Grady County",5,76,258,119,139
050,13,131,"Georgia","Grady County",5,77,178,82,96
050,13,131,"Georgia","Grady County",5,78,180,76,104
050,13,131,"Georgia","Grady County",5,79,163,70,93
050,13,131,"Georgia","Grady County",5,80,169,65,104
050,13,131,"Georgia","Grady County",5,81,135,60,75
050,13,131,"Georgia","Grady County",5,82,110,40,70
050,13,131,"Georgia","Grady County",5,83,91,28,63
050,13,131,"Georgia","Grady County",5,84,96,39,57
050,13,131,"Georgia","Grady County",5,85,503,210,293
050,13,133,"Georgia","Greene County",1,0,177,89,88
050,13,133,"Georgia","Greene County",1,1,167,87,80
050,13,133,"Georgia","Greene County",1,2,162,82,80
050,13,133,"Georgia","Greene County",1,3,179,96,83
050,13,133,"Georgia","Greene County",1,4,207,108,99
050,13,133,"Georgia","Greene County",1,5,195,111,84
050,13,133,"Georgia","Greene County",1,6,220,129,91
050,13,133,"Georgia","Greene County",1,7,203,102,101
050,13,133,"Georgia","Greene County",1,8,208,100,108
050,13,133,"Georgia","Greene County",1,9,202,102,100
050,13,133,"Georgia","Greene County",1,10,227,113,114
050,13,133,"Georgia","Greene County",1,11,220,107,113
050,13,133,"Georgia","Greene County",1,12,203,107,96
050,13,133,"Georgia","Greene County",1,13,186,98,88
050,13,133,"Georgia","Greene County",1,14,214,118,96
050,13,133,"Georgia","Greene County",1,15,191,98,93
050,13,133,"Georgia","Greene County",1,16,191,91,100
050,13,133,"Georgia","Greene County",1,17,207,107,100
050,13,133,"Georgia","Greene County",1,18,162,82,80
050,13,133,"Georgia","Greene County",1,19,153,85,68
050,13,133,"Georgia","Greene County",1,20,148,78,70
050,13,133,"Georgia","Greene County",1,21,162,83,79
050,13,133,"Georgia","Greene County",1,22,190,97,93
050,13,133,"Georgia","Greene County",1,23,199,106,93
050,13,133,"Georgia","Greene County",1,24,174,89,85
050,13,133,"Georgia","Greene County",1,25,160,81,79
050,13,133,"Georgia","Greene County",1,26,160,90,70
050,13,133,"Georgia","Greene County",1,27,172,85,87
050,13,133,"Georgia","Greene County",1,28,182,89,93
050,13,133,"Georgia","Greene County",1,29,181,90,91
050,13,133,"Georgia","Greene County",1,30,157,74,83
050,13,133,"Georgia","Greene County",1,31,152,77,75
050,13,133,"Georgia","Greene County",1,32,160,73,87
050,13,133,"Georgia","Greene County",1,33,192,96,96
050,13,133,"Georgia","Greene County",1,34,189,81,108
050,13,133,"Georgia","Greene County",1,35,197,91,106
050,13,133,"Georgia","Greene County",1,36,199,105,94
050,13,133,"Georgia","Greene County",1,37,203,96,107
050,13,133,"Georgia","Greene County",1,38,213,102,111
050,13,133,"Georgia","Greene County",1,39,191,88,103
050,13,133,"Georgia","Greene County",1,40,163,89,74
050,13,133,"Georgia","Greene County",1,41,182,74,108
050,13,133,"Georgia","Greene County",1,42,186,83,103
050,13,133,"Georgia","Greene County",1,43,178,88,90
050,13,133,"Georgia","Greene County",1,44,199,101,98
050,13,133,"Georgia","Greene County",1,45,177,84,93
050,13,133,"Georgia","Greene County",1,46,159,67,92
050,13,133,"Georgia","Greene County",1,47,165,72,93
050,13,133,"Georgia","Greene County",1,48,188,89,99
050,13,133,"Georgia","Greene County",1,49,220,103,117
050,13,133,"Georgia","Greene County",1,50,183,88,95
050,13,133,"Georgia","Greene County",1,51,198,107,91
050,13,133,"Georgia","Greene County",1,52,232,122,110
050,13,133,"Georgia","Greene County",1,53,206,103,103
050,13,133,"Georgia","Greene County",1,54,237,115,122
050,13,133,"Georgia","Greene County",1,55,262,133,129
050,13,133,"Georgia","Greene County",1,56,302,144,158
050,13,133,"Georgia","Greene County",1,57,291,130,161
050,13,133,"Georgia","Greene County",1,58,272,124,148
050,13,133,"Georgia","Greene County",1,59,292,145,147
050,13,133,"Georgia","Greene County",1,60,300,145,155
050,13,133,"Georgia","Greene County",1,61,324,149,175
050,13,133,"Georgia","Greene County",1,62,331,154,177
050,13,133,"Georgia","Greene County",1,63,327,146,181
050,13,133,"Georgia","Greene County",1,64,373,165,208
050,13,133,"Georgia","Greene County",1,65,374,165,209
050,13,133,"Georgia","Greene County",1,66,339,158,181
050,13,133,"Georgia","Greene County",1,67,303,146,157
050,13,133,"Georgia","Greene County",1,68,332,159,173
050,13,133,"Georgia","Greene County",1,69,367,182,185
050,13,133,"Georgia","Greene County",1,70,336,177,159
050,13,133,"Georgia","Greene County",1,71,345,186,159
050,13,133,"Georgia","Greene County",1,72,349,180,169
050,13,133,"Georgia","Greene County",1,73,371,184,187
050,13,133,"Georgia","Greene County",1,74,272,141,131
050,13,133,"Georgia","Greene County",1,75,268,127,141
050,13,133,"Georgia","Greene County",1,76,251,123,128
050,13,133,"Georgia","Greene County",1,77,249,133,116
050,13,133,"Georgia","Greene County",1,78,195,90,105
050,13,133,"Georgia","Greene County",1,79,165,88,77
050,13,133,"Georgia","Greene County",1,80,153,75,78
050,13,133,"Georgia","Greene County",1,81,143,73,70
050,13,133,"Georgia","Greene County",1,82,122,63,59
050,13,133,"Georgia","Greene County",1,83,89,46,43
050,13,133,"Georgia","Greene County",1,84,74,32,42
050,13,133,"Georgia","Greene County",1,85,414,154,260
050,13,133,"Georgia","Greene County",2,0,160,81,79
050,13,133,"Georgia","Greene County",2,1,169,88,81
050,13,133,"Georgia","Greene County",2,2,163,83,80
050,13,133,"Georgia","Greene County",2,3,176,92,84
050,13,133,"Georgia","Greene County",2,4,198,104,94
050,13,133,"Georgia","Greene County",2,5,196,110,86
050,13,133,"Georgia","Greene County",2,6,215,126,89
050,13,133,"Georgia","Greene County",2,7,208,110,98
050,13,133,"Georgia","Greene County",2,8,205,98,107
050,13,133,"Georgia","Greene County",2,9,203,102,101
050,13,133,"Georgia","Greene County",2,10,222,111,111
050,13,133,"Georgia","Greene County",2,11,219,107,112
050,13,133,"Georgia","Greene County",2,12,208,106,102
050,13,133,"Georgia","Greene County",2,13,188,98,90
050,13,133,"Georgia","Greene County",2,14,209,114,95
050,13,133,"Georgia","Greene County",2,15,193,101,92
050,13,133,"Georgia","Greene County",2,16,194,93,101
050,13,133,"Georgia","Greene County",2,17,202,102,100
050,13,133,"Georgia","Greene County",2,18,170,87,83
050,13,133,"Georgia","Greene County",2,19,150,80,70
050,13,133,"Georgia","Greene County",2,20,153,81,72
050,13,133,"Georgia","Greene County",2,21,164,86,78
050,13,133,"Georgia","Greene County",2,22,191,98,93
050,13,133,"Georgia","Greene County",2,23,196,104,92
050,13,133,"Georgia","Greene County",2,24,177,91,86
050,13,133,"Georgia","Greene County",2,25,162,83,79
050,13,133,"Georgia","Greene County",2,26,160,88,72
050,13,133,"Georgia","Greene County",2,27,170,86,84
050,13,133,"Georgia","Greene County",2,28,181,90,91
050,13,133,"Georgia","Greene County",2,29,182,89,93
050,13,133,"Georgia","Greene County",2,30,163,77,86
050,13,133,"Georgia","Greene County",2,31,153,75,78
050,13,133,"Georgia","Greene County",2,32,161,75,86
050,13,133,"Georgia","Greene County",2,33,185,91,94
050,13,133,"Georgia","Greene County",2,34,191,85,106
050,13,133,"Georgia","Greene County",2,35,195,89,106
050,13,133,"Georgia","Greene County",2,36,196,101,95
050,13,133,"Georgia","Greene County",2,37,203,99,104
050,13,133,"Georgia","Greene County",2,38,211,99,112
050,13,133,"Georgia","Greene County",2,39,197,93,104
050,13,133,"Georgia","Greene County",2,40,169,88,81
050,13,133,"Georgia","Greene County",2,41,176,76,100
050,13,133,"Georgia","Greene County",2,42,186,82,104
050,13,133,"Georgia","Greene County",2,43,183,88,95
050,13,133,"Georgia","Greene County",2,44,193,98,95
050,13,133,"Georgia","Greene County",2,45,182,90,92
050,13,133,"Georgia","Greene County",2,46,165,72,93
050,13,133,"Georgia","Greene County",2,47,165,72,93
050,13,133,"Georgia","Greene County",2,48,186,87,99
050,13,133,"Georgia","Greene County",2,49,217,102,115
050,13,133,"Georgia","Greene County",2,50,197,94,103
050,13,133,"Georgia","Greene County",2,51,198,103,95
050,13,133,"Georgia","Greene County",2,52,229,120,109
050,13,133,"Georgia","Greene County",2,53,218,110,108
050,13,133,"Georgia","Greene County",2,54,230,111,119
050,13,133,"Georgia","Greene County",2,55,264,133,131
050,13,133,"Georgia","Greene County",2,56,302,146,156
050,13,133,"Georgia","Greene County",2,57,299,135,164
050,13,133,"Georgia","Greene County",2,58,284,130,154
050,13,133,"Georgia","Greene County",2,59,295,143,152
050,13,133,"Georgia","Greene County",2,60,302,146,156
050,13,133,"Georgia","Greene County",2,61,324,151,173
050,13,133,"Georgia","Greene County",2,62,333,155,178
050,13,133,"Georgia","Greene County",2,63,336,152,184
050,13,133,"Georgia","Greene County",2,64,366,162,204
050,13,133,"Georgia","Greene County",2,65,380,169,211
050,13,133,"Georgia","Greene County",2,66,355,164,191
050,13,133,"Georgia","Greene County",2,67,313,149,164
050,13,133,"Georgia","Greene County",2,68,322,155,167
050,13,133,"Georgia","Greene County",2,69,365,179,186
050,13,133,"Georgia","Greene County",2,70,347,181,166
050,13,133,"Georgia","Greene County",2,71,344,183,161
050,13,133,"Georgia","Greene County",2,72,341,179,162
050,13,133,"Georgia","Greene County",2,73,385,193,192
050,13,133,"Georgia","Greene County",2,74,277,142,135
050,13,133,"Georgia","Greene County",2,75,270,129,141
050,13,133,"Georgia","Greene County",2,76,250,122,128
050,13,133,"Georgia","Greene County",2,77,255,133,122
050,13,133,"Georgia","Greene County",2,78,204,99,105
050,13,133,"Georgia","Greene County",2,79,166,86,80
050,13,133,"Georgia","Greene County",2,80,156,77,79
050,13,133,"Georgia","Greene County",2,81,140,70,70
050,13,133,"Georgia","Greene County",2,82,126,64,62
050,13,133,"Georgia","Greene County",2,83,93,48,45
050,13,133,"Georgia","Greene County",2,84,78,36,42
050,13,133,"Georgia","Greene County",2,85,423,157,266
050,13,133,"Georgia","Greene County",3,0,141,75,66
050,13,133,"Georgia","Greene County",3,1,160,89,71
050,13,133,"Georgia","Greene County",3,2,177,92,85
050,13,133,"Georgia","Greene County",3,3,161,79,82
050,13,133,"Georgia","Greene County",3,4,177,91,86
050,13,133,"Georgia","Greene County",3,5,201,113,88
050,13,133,"Georgia","Greene County",3,6,204,110,94
050,13,133,"Georgia","Greene County",3,7,217,123,94
050,13,133,"Georgia","Greene County",3,8,205,110,95
050,13,133,"Georgia","Greene County",3,9,217,107,110
050,13,133,"Georgia","Greene County",3,10,203,102,101
050,13,133,"Georgia","Greene County",3,11,228,114,114
050,13,133,"Georgia","Greene County",3,12,220,106,114
050,13,133,"Georgia","Greene County",3,13,201,102,99
050,13,133,"Georgia","Greene County",3,14,189,104,85
050,13,133,"Georgia","Greene County",3,15,209,116,93
050,13,133,"Georgia","Greene County",3,16,193,104,89
050,13,133,"Georgia","Greene County",3,17,187,93,94
050,13,133,"Georgia","Greene County",3,18,173,90,83
050,13,133,"Georgia","Greene County",3,19,160,78,82
050,13,133,"Georgia","Greene County",3,20,163,84,79
050,13,133,"Georgia","Greene County",3,21,175,95,80
050,13,133,"Georgia","Greene County",3,22,182,98,84
050,13,133,"Georgia","Greene County",3,23,190,98,92
050,13,133,"Georgia","Greene County",3,24,201,105,96
050,13,133,"Georgia","Greene County",3,25,173,88,85
050,13,133,"Georgia","Greene County",3,26,181,97,84
050,13,133,"Georgia","Greene County",3,27,163,88,75
050,13,133,"Georgia","Greene County",3,28,178,94,84
050,13,133,"Georgia","Greene County",3,29,197,96,101
050,13,133,"Georgia","Greene County",3,30,177,82,95
050,13,133,"Georgia","Greene County",3,31,172,76,96
050,13,133,"Georgia","Greene County",3,32,160,81,79
050,13,133,"Georgia","Greene County",3,33,168,81,87
050,13,133,"Georgia","Greene County",3,34,184,87,97
050,13,133,"Georgia","Greene County",3,35,190,85,105
050,13,133,"Georgia","Greene County",3,36,193,93,100
050,13,133,"Georgia","Greene County",3,37,188,96,92
050,13,133,"Georgia","Greene County",3,38,197,95,102
050,13,133,"Georgia","Greene County",3,39,213,102,111
050,13,133,"Georgia","Greene County",3,40,210,94,116
050,13,133,"Georgia","Greene County",3,41,170,91,79
050,13,133,"Georgia","Greene County",3,42,173,70,103
050,13,133,"Georgia","Greene County",3,43,195,90,105
050,13,133,"Georgia","Greene County",3,44,187,85,102
050,13,133,"Georgia","Greene County",3,45,205,108,97
050,13,133,"Georgia","Greene County",3,46,176,91,85
050,13,133,"Georgia","Greene County",3,47,169,72,97
050,13,133,"Georgia","Greene County",3,48,170,78,92
050,13,133,"Georgia","Greene County",3,49,192,94,98
050,13,133,"Georgia","Greene County",3,50,231,110,121
050,13,133,"Georgia","Greene County",3,51,225,106,119
050,13,133,"Georgia","Greene County",3,52,213,107,106
050,13,133,"Georgia","Greene County",3,53,243,124,119
050,13,133,"Georgia","Greene County",3,54,231,119,112
050,13,133,"Georgia","Greene County",3,55,253,129,124
050,13,133,"Georgia","Greene County",3,56,296,145,151
050,13,133,"Georgia","Greene County",3,57,325,148,177
050,13,133,"Georgia","Greene County",3,58,327,146,181
050,13,133,"Georgia","Greene County",3,59,315,146,169
050,13,133,"Georgia","Greene County",3,60,329,157,172
050,13,133,"Georgia","Greene County",3,61,312,146,166
050,13,133,"Georgia","Greene County",3,62,330,153,177
050,13,133,"Georgia","Greene County",3,63,360,169,191
050,13,133,"Georgia","Greene County",3,64,384,189,195
050,13,133,"Georgia","Greene County",3,65,387,174,213
050,13,133,"Georgia","Greene County",3,66,389,171,218
050,13,133,"Georgia","Greene County",3,67,374,170,204
050,13,133,"Georgia","Greene County",3,68,327,158,169
050,13,133,"Georgia","Greene County",3,69,336,166,170
050,13,133,"Georgia","Greene County",3,70,372,181,191
050,13,133,"Georgia","Greene County",3,71,331,173,158
050,13,133,"Georgia","Greene County",3,72,347,179,168
050,13,133,"Georgia","Greene County",3,73,338,174,164
050,13,133,"Georgia","Greene County",3,74,378,195,183
050,13,133,"Georgia","Greene County",3,75,268,136,132
050,13,133,"Georgia","Greene County",3,76,255,121,134
050,13,133,"Georgia","Greene County",3,77,235,114,121
050,13,133,"Georgia","Greene County",3,78,245,126,119
050,13,133,"Georgia","Greene County",3,79,195,92,103
050,13,133,"Georgia","Greene County",3,80,165,81,84
050,13,133,"Georgia","Greene County",3,81,142,75,67
050,13,133,"Georgia","Greene County",3,82,127,60,67
050,13,133,"Georgia","Greene County",3,83,113,58,55
050,13,133,"Georgia","Greene County",3,84,89,47,42
050,13,133,"Georgia","Greene County",3,85,442,164,278
050,13,133,"Georgia","Greene County",4,0,137,69,68
050,13,133,"Georgia","Greene County",4,1,151,82,69
050,13,133,"Georgia","Greene County",4,2,170,99,71
050,13,133,"Georgia","Greene County",4,3,183,96,87
050,13,133,"Georgia","Greene County",4,4,165,84,81
050,13,133,"Georgia","Greene County",4,5,186,102,84
050,13,133,"Georgia","Greene County",4,6,197,103,94
050,13,133,"Georgia","Greene County",4,7,202,106,96
050,13,133,"Georgia","Greene County",4,8,230,130,100
050,13,133,"Georgia","Greene County",4,9,206,117,89
050,13,133,"Georgia","Greene County",4,10,214,105,109
050,13,133,"Georgia","Greene County",4,11,206,107,99
050,13,133,"Georgia","Greene County",4,12,236,116,120
050,13,133,"Georgia","Greene County",4,13,221,103,118
050,13,133,"Georgia","Greene County",4,14,207,106,101
050,13,133,"Georgia","Greene County",4,15,188,97,91
050,13,133,"Georgia","Greene County",4,16,206,116,90
050,13,133,"Georgia","Greene County",4,17,194,107,87
050,13,133,"Georgia","Greene County",4,18,164,86,78
050,13,133,"Georgia","Greene County",4,19,153,78,75
050,13,133,"Georgia","Greene County",4,20,170,86,84
050,13,133,"Georgia","Greene County",4,21,187,96,91
050,13,133,"Georgia","Greene County",4,22,195,111,84
050,13,133,"Georgia","Greene County",4,23,177,96,81
050,13,133,"Georgia","Greene County",4,24,202,108,94
050,13,133,"Georgia","Greene County",4,25,199,110,89
050,13,133,"Georgia","Greene County",4,26,180,93,87
050,13,133,"Georgia","Greene County",4,27,193,99,94
050,13,133,"Georgia","Greene County",4,28,163,83,80
050,13,133,"Georgia","Greene County",4,29,175,90,85
050,13,133,"Georgia","Greene County",4,30,192,91,101
050,13,133,"Georgia","Greene County",4,31,176,79,97
050,13,133,"Georgia","Greene County",4,32,199,93,106
050,13,133,"Georgia","Greene County",4,33,180,95,85
050,13,133,"Georgia","Greene County",4,34,168,79,89
050,13,133,"Georgia","Greene County",4,35,185,87,98
050,13,133,"Georgia","Greene County",4,36,193,89,104
050,13,133,"Georgia","Greene County",4,37,194,97,97
050,13,133,"Georgia","Greene County",4,38,204,103,101
050,13,133,"Georgia","Greene County",4,39,206,98,108
050,13,133,"Georgia","Greene County",4,40,211,102,109
050,13,133,"Georgia","Greene County",4,41,204,94,110
050,13,133,"Georgia","Greene County",4,42,182,97,85
050,13,133,"Georgia","Greene County",4,43,173,68,105
050,13,133,"Georgia","Greene County",4,44,195,90,105
050,13,133,"Georgia","Greene County",4,45,188,85,103
050,13,133,"Georgia","Greene County",4,46,208,103,105
050,13,133,"Georgia","Greene County",4,47,183,88,95
050,13,133,"Georgia","Greene County",4,48,187,83,104
050,13,133,"Georgia","Greene County",4,49,188,88,100
050,13,133,"Georgia","Greene County",4,50,198,93,105
050,13,133,"Georgia","Greene County",4,51,243,112,131
050,13,133,"Georgia","Greene County",4,52,237,111,126
050,13,133,"Georgia","Greene County",4,53,223,118,105
050,13,133,"Georgia","Greene County",4,54,264,137,127
050,13,133,"Georgia","Greene County",4,55,261,134,127
050,13,133,"Georgia","Greene County",4,56,264,138,126
050,13,133,"Georgia","Greene County",4,57,319,155,164
050,13,133,"Georgia","Greene County",4,58,339,153,186
050,13,133,"Georgia","Greene County",4,59,351,162,189
050,13,133,"Georgia","Greene County",4,60,343,164,179
050,13,133,"Georgia","Greene County",4,61,346,174,172
050,13,133,"Georgia","Greene County",4,62,327,153,174
050,13,133,"Georgia","Greene County",4,63,347,158,189
050,13,133,"Georgia","Greene County",4,64,387,182,205
050,13,133,"Georgia","Greene County",4,65,388,190,198
050,13,133,"Georgia","Greene County",4,66,417,193,224
050,13,133,"Georgia","Greene County",4,67,411,185,226
050,13,133,"Georgia","Greene County",4,68,391,186,205
050,13,133,"Georgia","Greene County",4,69,339,162,177
050,13,133,"Georgia","Greene County",4,70,346,171,175
050,13,133,"Georgia","Greene County",4,71,370,175,195
050,13,133,"Georgia","Greene County",4,72,328,165,163
050,13,133,"Georgia","Greene County",4,73,345,181,164
050,13,133,"Georgia","Greene County",4,74,345,174,171
050,13,133,"Georgia","Greene County",4,75,372,187,185
050,13,133,"Georgia","Greene County",4,76,259,132,127
050,13,133,"Georgia","Greene County",4,77,255,121,134
050,13,133,"Georgia","Greene County",4,78,217,107,110
050,13,133,"Georgia","Greene County",4,79,237,122,115
050,13,133,"Georgia","Greene County",4,80,199,91,108
050,13,133,"Georgia","Greene County",4,81,152,79,73
050,13,133,"Georgia","Greene County",4,82,128,67,61
050,13,133,"Georgia","Greene County",4,83,117,53,64
050,13,133,"Georgia","Greene County",4,84,100,50,50
050,13,133,"Georgia","Greene County",4,85,473,175,298
050,13,133,"Georgia","Greene County",5,0,140,71,69
050,13,133,"Georgia","Greene County",5,1,151,77,74
050,13,133,"Georgia","Greene County",5,2,163,93,70
050,13,133,"Georgia","Greene County",5,3,177,97,80
050,13,133,"Georgia","Greene County",5,4,187,99,88
050,13,133,"Georgia","Greene County",5,5,160,80,80
050,13,133,"Georgia","Greene County",5,6,187,107,80
050,13,133,"Georgia","Greene County",5,7,197,107,90
050,13,133,"Georgia","Greene County",5,8,195,108,87
050,13,133,"Georgia","Greene County",5,9,224,126,98
050,13,133,"Georgia","Greene County",5,10,203,113,90
050,13,133,"Georgia","Greene County",5,11,222,110,112
050,13,133,"Georgia","Greene County",5,12,212,108,104
050,13,133,"Georgia","Greene County",5,13,234,118,116
050,13,133,"Georgia","Greene County",5,14,227,110,117
050,13,133,"Georgia","Greene County",5,15,208,104,104
050,13,133,"Georgia","Greene County",5,16,194,95,99
050,13,133,"Georgia","Greene County",5,17,206,111,95
050,13,133,"Georgia","Greene County",5,18,176,105,71
050,13,133,"Georgia","Greene County",5,19,149,78,71
050,13,133,"Georgia","Greene County",5,20,188,91,97
050,13,133,"Georgia","Greene County",5,21,191,99,92
050,13,133,"Georgia","Greene County",5,22,220,110,110
050,13,133,"Georgia","Greene County",5,23,198,106,92
050,13,133,"Georgia","Greene County",5,24,183,100,83
050,13,133,"Georgia","Greene County",5,25,196,99,97
050,13,133,"Georgia","Greene County",5,26,209,109,100
050,13,133,"Georgia","Greene County",5,27,183,94,89
050,13,133,"Georgia","Greene County",5,28,174,87,87
050,13,133,"Georgia","Greene County",5,29,157,78,79
050,13,133,"Georgia","Greene County",5,30,161,84,77
050,13,133,"Georgia","Greene County",5,31,198,88,110
050,13,133,"Georgia","Greene County",5,32,177,82,95
050,13,133,"Georgia","Greene County",5,33,209,107,102
050,13,133,"Georgia","Greene County",5,34,186,94,92
050,13,133,"Georgia","Greene County",5,35,174,81,93
050,13,133,"Georgia","Greene County",5,36,193,91,102
050,13,133,"Georgia","Greene County",5,37,187,88,99
050,13,133,"Georgia","Greene County",5,38,193,97,96
050,13,133,"Georgia","Greene County",5,39,207,108,99
050,13,133,"Georgia","Greene County",5,40,208,101,107
050,13,133,"Georgia","Greene County",5,41,228,107,121
050,13,133,"Georgia","Greene County",5,42,204,96,108
050,13,133,"Georgia","Greene County",5,43,188,95,93
050,13,133,"Georgia","Greene County",5,44,180,74,106
050,13,133,"Georgia","Greene County",5,45,196,88,108
050,13,133,"Georgia","Greene County",5,46,188,86,102
050,13,133,"Georgia","Greene County",5,47,217,109,108
050,13,133,"Georgia","Greene County",5,48,198,93,105
050,13,133,"Georgia","Greene County",5,49,193,82,111
050,13,133,"Georgia","Greene County",5,50,196,92,104
050,13,133,"Georgia","Greene County",5,51,216,98,118
050,13,133,"Georgia","Greene County",5,52,250,111,139
050,13,133,"Georgia","Greene County",5,53,245,121,124
050,13,133,"Georgia","Greene County",5,54,255,127,128
050,13,133,"Georgia","Greene County",5,55,271,141,130
050,13,133,"Georgia","Greene County",5,56,302,155,147
050,13,133,"Georgia","Greene County",5,57,283,144,139
050,13,133,"Georgia","Greene County",5,58,328,153,175
050,13,133,"Georgia","Greene County",5,59,368,168,200
050,13,133,"Georgia","Greene County",5,60,378,179,199
050,13,133,"Georgia","Greene County",5,61,372,182,190
050,13,133,"Georgia","Greene County",5,62,373,184,189
050,13,133,"Georgia","Greene County",5,63,357,165,192
050,13,133,"Georgia","Greene County",5,64,379,176,203
050,13,133,"Georgia","Greene County",5,65,402,197,205
050,13,133,"Georgia","Greene County",5,66,408,212,196
050,13,133,"Georgia","Greene County",5,67,438,199,239
050,13,133,"Georgia","Greene County",5,68,419,189,230
050,13,133,"Georgia","Greene County",5,69,401,188,213
050,13,133,"Georgia","Greene County",5,70,344,165,179
050,13,133,"Georgia","Greene County",5,71,340,162,178
050,13,133,"Georgia","Greene County",5,72,368,169,199
050,13,133,"Georgia","Greene County",5,73,336,165,171
050,13,133,"Georgia","Greene County",5,74,347,176,171
050,13,133,"Georgia","Greene County",5,75,342,172,170
050,13,133,"Georgia","Greene County",5,76,369,186,183
050,13,133,"Georgia","Greene County",5,77,258,133,125
050,13,133,"Georgia","Greene County",5,78,249,118,131
050,13,133,"Georgia","Greene County",5,79,202,95,107
050,13,133,"Georgia","Greene County",5,80,229,113,116
050,13,133,"Georgia","Greene County",5,81,187,89,98
050,13,133,"Georgia","Greene County",5,82,145,80,65
050,13,133,"Georgia","Greene County",5,83,123,63,60
050,13,133,"Georgia","Greene County",5,84,114,54,60
050,13,133,"Georgia","Greene County",5,85,532,209,323
050,13,135,"Georgia","Gwinnett County",1,0,11233,5723,5510
050,13,135,"Georgia","Gwinnett County",1,1,11724,5953,5771
050,13,135,"Georgia","Gwinnett County",1,2,12061,6141,5920
050,13,135,"Georgia","Gwinnett County",1,3,12694,6449,6245
050,13,135,"Georgia","Gwinnett County",1,4,12989,6640,6349
050,13,135,"Georgia","Gwinnett County",1,5,13415,6817,6598
050,13,135,"Georgia","Gwinnett County",1,6,13324,6697,6627
050,13,135,"Georgia","Gwinnett County",1,7,13609,6800,6809
050,13,135,"Georgia","Gwinnett County",1,8,14202,7196,7006
050,13,135,"Georgia","Gwinnett County",1,9,14518,7350,7168
050,13,135,"Georgia","Gwinnett County",1,10,14920,7541,7379
050,13,135,"Georgia","Gwinnett County",1,11,15577,7915,7662
050,13,135,"Georgia","Gwinnett County",1,12,16287,8280,8007
050,13,135,"Georgia","Gwinnett County",1,13,16324,8277,8047
050,13,135,"Georgia","Gwinnett County",1,14,16158,8212,7946
050,13,135,"Georgia","Gwinnett County",1,15,16064,8132,7932
050,13,135,"Georgia","Gwinnett County",1,16,16315,8241,8074
050,13,135,"Georgia","Gwinnett County",1,17,15929,8034,7895
050,13,135,"Georgia","Gwinnett County",1,18,13852,7156,6696
050,13,135,"Georgia","Gwinnett County",1,19,12312,6342,5970
050,13,135,"Georgia","Gwinnett County",1,20,12330,6310,6020
050,13,135,"Georgia","Gwinnett County",1,21,12010,6116,5894
050,13,135,"Georgia","Gwinnett County",1,22,12398,6284,6114
050,13,135,"Georgia","Gwinnett County",1,23,12613,6394,6219
050,13,135,"Georgia","Gwinnett County",1,24,12554,6285,6269
050,13,135,"Georgia","Gwinnett County",1,25,12349,6095,6254
050,13,135,"Georgia","Gwinnett County",1,26,12287,6033,6254
050,13,135,"Georgia","Gwinnett County",1,27,12389,6144,6245
050,13,135,"Georgia","Gwinnett County",1,28,12364,6143,6221
050,13,135,"Georgia","Gwinnett County",1,29,12299,6093,6206
050,13,135,"Georgia","Gwinnett County",1,30,12405,6064,6341
050,13,135,"Georgia","Gwinnett County",1,31,12419,6117,6302
050,13,135,"Georgia","Gwinnett County",1,32,12266,6020,6246
050,13,135,"Georgia","Gwinnett County",1,33,12316,5928,6388
050,13,135,"Georgia","Gwinnett County",1,34,12885,6309,6576
050,13,135,"Georgia","Gwinnett County",1,35,12990,6380,6610
050,13,135,"Georgia","Gwinnett County",1,36,13099,6344,6755
050,13,135,"Georgia","Gwinnett County",1,37,13869,6767,7102
050,13,135,"Georgia","Gwinnett County",1,38,13953,6827,7126
050,13,135,"Georgia","Gwinnett County",1,39,14127,6842,7285
050,13,135,"Georgia","Gwinnett County",1,40,14147,6886,7261
050,13,135,"Georgia","Gwinnett County",1,41,13727,6586,7141
050,13,135,"Georgia","Gwinnett County",1,42,13706,6520,7186
050,13,135,"Georgia","Gwinnett County",1,43,13654,6460,7194
050,13,135,"Georgia","Gwinnett County",1,44,13527,6436,7091
050,13,135,"Georgia","Gwinnett County",1,45,13716,6658,7058
050,13,135,"Georgia","Gwinnett County",1,46,13640,6498,7142
050,13,135,"Georgia","Gwinnett County",1,47,14114,6856,7258
050,13,135,"Georgia","Gwinnett County",1,48,14405,7026,7379
050,13,135,"Georgia","Gwinnett County",1,49,15042,7344,7698
050,13,135,"Georgia","Gwinnett County",1,50,14280,7088,7192
050,13,135,"Georgia","Gwinnett County",1,51,13694,6728,6966
050,13,135,"Georgia","Gwinnett County",1,52,13251,6539,6712
050,13,135,"Georgia","Gwinnett County",1,53,12997,6456,6541
050,13,135,"Georgia","Gwinnett County",1,54,13121,6459,6662
050,13,135,"Georgia","Gwinnett County",1,55,13115,6450,6665
050,13,135,"Georgia","Gwinnett County",1,56,12968,6402,6566
050,13,135,"Georgia","Gwinnett County",1,57,12426,6064,6362
050,13,135,"Georgia","Gwinnett County",1,58,12282,5951,6331
050,13,135,"Georgia","Gwinnett County",1,59,11860,5882,5978
050,13,135,"Georgia","Gwinnett County",1,60,11003,5362,5641
050,13,135,"Georgia","Gwinnett County",1,61,10526,5180,5346
050,13,135,"Georgia","Gwinnett County",1,62,10352,5079,5273
050,13,135,"Georgia","Gwinnett County",1,63,9754,4700,5054
050,13,135,"Georgia","Gwinnett County",1,64,9124,4413,4711
050,13,135,"Georgia","Gwinnett County",1,65,8558,4120,4438
050,13,135,"Georgia","Gwinnett County",1,66,7958,3750,4208
050,13,135,"Georgia","Gwinnett County",1,67,7520,3484,4036
050,13,135,"Georgia","Gwinnett County",1,68,7108,3305,3803
050,13,135,"Georgia","Gwinnett County",1,69,6612,3064,3548
050,13,135,"Georgia","Gwinnett County",1,70,6139,2772,3367
050,13,135,"Georgia","Gwinnett County",1,71,5889,2660,3229
050,13,135,"Georgia","Gwinnett County",1,72,5777,2575,3202
050,13,135,"Georgia","Gwinnett County",1,73,5642,2553,3089
050,13,135,"Georgia","Gwinnett County",1,74,4068,1805,2263
050,13,135,"Georgia","Gwinnett County",1,75,3849,1737,2112
050,13,135,"Georgia","Gwinnett County",1,76,3653,1656,1997
050,13,135,"Georgia","Gwinnett County",1,77,3522,1584,1938
050,13,135,"Georgia","Gwinnett County",1,78,3008,1322,1686
050,13,135,"Georgia","Gwinnett County",1,79,2688,1192,1496
050,13,135,"Georgia","Gwinnett County",1,80,2413,1001,1412
050,13,135,"Georgia","Gwinnett County",1,81,2124,898,1226
050,13,135,"Georgia","Gwinnett County",1,82,1917,817,1100
050,13,135,"Georgia","Gwinnett County",1,83,1680,686,994
050,13,135,"Georgia","Gwinnett County",1,84,1473,577,896
050,13,135,"Georgia","Gwinnett County",1,85,7848,2764,5084
050,13,135,"Georgia","Gwinnett County",2,0,11130,5697,5433
050,13,135,"Georgia","Gwinnett County",2,1,11666,5934,5732
050,13,135,"Georgia","Gwinnett County",2,2,12041,6136,5905
050,13,135,"Georgia","Gwinnett County",2,3,12535,6375,6160
050,13,135,"Georgia","Gwinnett County",2,4,12964,6613,6351
050,13,135,"Georgia","Gwinnett County",2,5,13370,6798,6572
050,13,135,"Georgia","Gwinnett County",2,6,13417,6744,6673
050,13,135,"Georgia","Gwinnett County",2,7,13590,6795,6795
050,13,135,"Georgia","Gwinnett County",2,8,14063,7099,6964
050,13,135,"Georgia","Gwinnett County",2,9,14452,7318,7134
050,13,135,"Georgia","Gwinnett County",2,10,14860,7517,7343
050,13,135,"Georgia","Gwinnett County",2,11,15387,7806,7581
050,13,135,"Georgia","Gwinnett County",2,12,16208,8235,7973
050,13,135,"Georgia","Gwinnett County",2,13,16338,8299,8039
050,13,135,"Georgia","Gwinnett County",2,14,16229,8237,7992
050,13,135,"Georgia","Gwinnett County",2,15,16123,8170,7953
050,13,135,"Georgia","Gwinnett County",2,16,16296,8236,8060
050,13,135,"Georgia","Gwinnett County",2,17,15993,8077,7916
050,13,135,"Georgia","Gwinnett County",2,18,13869,7161,6708
050,13,135,"Georgia","Gwinnett County",2,19,12338,6348,5990
050,13,135,"Georgia","Gwinnett County",2,20,12525,6401,6124
050,13,135,"Georgia","Gwinnett County",2,21,12123,6175,5948
050,13,135,"Georgia","Gwinnett County",2,22,12423,6305,6118
050,13,135,"Georgia","Gwinnett County",2,23,12635,6394,6241
050,13,135,"Georgia","Gwinnett County",2,24,12528,6286,6242
050,13,135,"Georgia","Gwinnett County",2,25,12386,6127,6259
050,13,135,"Georgia","Gwinnett County",2,26,12317,6057,6260
050,13,135,"Georgia","Gwinnett County",2,27,12334,6105,6229
050,13,135,"Georgia","Gwinnett County",2,28,12377,6156,6221
050,13,135,"Georgia","Gwinnett County",2,29,12324,6104,6220
050,13,135,"Georgia","Gwinnett County",2,30,12479,6122,6357
050,13,135,"Georgia","Gwinnett County",2,31,12395,6099,6296
050,13,135,"Georgia","Gwinnett County",2,32,12302,6038,6264
050,13,135,"Georgia","Gwinnett County",2,33,12344,5968,6376
050,13,135,"Georgia","Gwinnett County",2,34,12774,6233,6541
050,13,135,"Georgia","Gwinnett County",2,35,13059,6411,6648
050,13,135,"Georgia","Gwinnett County",2,36,13049,6337,6712
050,13,135,"Georgia","Gwinnett County",2,37,13711,6688,7023
050,13,135,"Georgia","Gwinnett County",2,38,14015,6844,7171
050,13,135,"Georgia","Gwinnett County",2,39,14040,6820,7220
050,13,135,"Georgia","Gwinnett County",2,40,14282,6944,7338
050,13,135,"Georgia","Gwinnett County",2,41,13802,6634,7168
050,13,135,"Georgia","Gwinnett County",2,42,13646,6519,7127
050,13,135,"Georgia","Gwinnett County",2,43,13742,6514,7228
050,13,135,"Georgia","Gwinnett County",2,44,13445,6398,7047
050,13,135,"Georgia","Gwinnett County",2,45,13720,6629,7091
050,13,135,"Georgia","Gwinnett County",2,46,13601,6514,7087
050,13,135,"Georgia","Gwinnett County",2,47,13955,6752,7203
050,13,135,"Georgia","Gwinnett County",2,48,14342,6989,7353
050,13,135,"Georgia","Gwinnett County",2,49,14904,7279,7625
050,13,135,"Georgia","Gwinnett County",2,50,14464,7153,7311
050,13,135,"Georgia","Gwinnett County",2,51,13734,6758,6976
050,13,135,"Georgia","Gwinnett County",2,52,13324,6563,6761
050,13,135,"Georgia","Gwinnett County",2,53,12989,6439,6550
050,13,135,"Georgia","Gwinnett County",2,54,13052,6449,6603
050,13,135,"Georgia","Gwinnett County",2,55,13075,6437,6638
050,13,135,"Georgia","Gwinnett County",2,56,12975,6404,6571
050,13,135,"Georgia","Gwinnett County",2,57,12518,6123,6395
050,13,135,"Georgia","Gwinnett County",2,58,12262,5956,6306
050,13,135,"Georgia","Gwinnett County",2,59,11904,5858,6046
050,13,135,"Georgia","Gwinnett County",2,60,11179,5474,5705
050,13,135,"Georgia","Gwinnett County",2,61,10558,5175,5383
050,13,135,"Georgia","Gwinnett County",2,62,10338,5066,5272
050,13,135,"Georgia","Gwinnett County",2,63,9908,4791,5117
050,13,135,"Georgia","Gwinnett County",2,64,9187,4441,4746
050,13,135,"Georgia","Gwinnett County",2,65,8640,4169,4471
050,13,135,"Georgia","Gwinnett County",2,66,8072,3819,4253
050,13,135,"Georgia","Gwinnett County",2,67,7561,3520,4041
050,13,135,"Georgia","Gwinnett County",2,68,7126,3304,3822
050,13,135,"Georgia","Gwinnett County",2,69,6720,3108,3612
050,13,135,"Georgia","Gwinnett County",2,70,6212,2825,3387
050,13,135,"Georgia","Gwinnett County",2,71,5906,2663,3243
050,13,135,"Georgia","Gwinnett County",2,72,5712,2546,3166
050,13,135,"Georgia","Gwinnett County",2,73,5859,2640,3219
050,13,135,"Georgia","Gwinnett County",2,74,4201,1868,2333
050,13,135,"Georgia","Gwinnett County",2,75,3893,1747,2146
050,13,135,"Georgia","Gwinnett County",2,76,3646,1650,1996
050,13,135,"Georgia","Gwinnett County",2,77,3582,1617,1965
050,13,135,"Georgia","Gwinnett County",2,78,3064,1345,1719
050,13,135,"Georgia","Gwinnett County",2,79,2717,1203,1514
050,13,135,"Georgia","Gwinnett County",2,80,2454,1033,1421
050,13,135,"Georgia","Gwinnett County",2,81,2140,900,1240
050,13,135,"Georgia","Gwinnett County",2,82,1935,823,1112
050,13,135,"Georgia","Gwinnett County",2,83,1689,693,996
050,13,135,"Georgia","Gwinnett County",2,84,1499,592,907
050,13,135,"Georgia","Gwinnett County",2,85,7816,2762,5054
050,13,135,"Georgia","Gwinnett County",3,0,10716,5307,5409
050,13,135,"Georgia","Gwinnett County",3,1,11291,5840,5451
050,13,135,"Georgia","Gwinnett County",3,2,11979,6131,5848
050,13,135,"Georgia","Gwinnett County",3,3,12380,6319,6061
050,13,135,"Georgia","Gwinnett County",3,4,12823,6514,6309
050,13,135,"Georgia","Gwinnett County",3,5,13314,6833,6481
050,13,135,"Georgia","Gwinnett County",3,6,13683,6868,6815
050,13,135,"Georgia","Gwinnett County",3,7,13669,6861,6808
050,13,135,"Georgia","Gwinnett County",3,8,13857,6914,6943
050,13,135,"Georgia","Gwinnett County",3,9,14226,7215,7011
050,13,135,"Georgia","Gwinnett County",3,10,14633,7419,7214
050,13,135,"Georgia","Gwinnett County",3,11,15045,7634,7411
050,13,135,"Georgia","Gwinnett County",3,12,15582,7893,7689
050,13,135,"Georgia","Gwinnett County",3,13,16449,8342,8107
050,13,135,"Georgia","Gwinnett County",3,14,16473,8326,8147
050,13,135,"Georgia","Gwinnett County",3,15,16389,8270,8119
050,13,135,"Georgia","Gwinnett County",3,16,16272,8238,8034
050,13,135,"Georgia","Gwinnett County",3,17,16358,8266,8092
050,13,135,"Georgia","Gwinnett County",3,18,14176,7288,6888
050,13,135,"Georgia","Gwinnett County",3,19,12128,6194,5934
050,13,135,"Georgia","Gwinnett County",3,20,12677,6464,6213
050,13,135,"Georgia","Gwinnett County",3,21,12821,6493,6328
050,13,135,"Georgia","Gwinnett County",3,22,12604,6361,6243
050,13,135,"Georgia","Gwinnett County",3,23,12766,6399,6367
050,13,135,"Georgia","Gwinnett County",3,24,12739,6473,6266
050,13,135,"Georgia","Gwinnett County",3,25,12567,6268,6299
050,13,135,"Georgia","Gwinnett County",3,26,12589,6191,6398
050,13,135,"Georgia","Gwinnett County",3,27,12373,6119,6254
050,13,135,"Georgia","Gwinnett County",3,28,12275,6022,6253
050,13,135,"Georgia","Gwinnett County",3,29,12565,6209,6356
050,13,135,"Georgia","Gwinnett County",3,30,12494,6073,6421
050,13,135,"Georgia","Gwinnett County",3,31,12613,6126,6487
050,13,135,"Georgia","Gwinnett County",3,32,12672,6184,6488
050,13,135,"Georgia","Gwinnett County",3,33,12454,6086,6368
050,13,135,"Georgia","Gwinnett County",3,34,12516,6022,6494
050,13,135,"Georgia","Gwinnett County",3,35,12961,6287,6674
050,13,135,"Georgia","Gwinnett County",3,36,13154,6454,6700
050,13,135,"Georgia","Gwinnett County",3,37,13185,6422,6763
050,13,135,"Georgia","Gwinnett County",3,38,13814,6738,7076
050,13,135,"Georgia","Gwinnett County",3,39,14123,6896,7227
050,13,135,"Georgia","Gwinnett County",3,40,14221,6866,7355
050,13,135,"Georgia","Gwinnett County",3,41,14324,6926,7398
050,13,135,"Georgia","Gwinnett County",3,42,13867,6711,7156
050,13,135,"Georgia","Gwinnett County",3,43,13744,6587,7157
050,13,135,"Georgia","Gwinnett County",3,44,13698,6524,7174
050,13,135,"Georgia","Gwinnett County",3,45,13413,6381,7032
050,13,135,"Georgia","Gwinnett County",3,46,13750,6663,7087
050,13,135,"Georgia","Gwinnett County",3,47,13608,6510,7098
050,13,135,"Georgia","Gwinnett County",3,48,13868,6682,7186
050,13,135,"Georgia","Gwinnett County",3,49,14220,6936,7284
050,13,135,"Georgia","Gwinnett County",3,50,14816,7232,7584
050,13,135,"Georgia","Gwinnett County",3,51,14405,7097,7308
050,13,135,"Georgia","Gwinnett County",3,52,13574,6684,6890
050,13,135,"Georgia","Gwinnett County",3,53,13184,6491,6693
050,13,135,"Georgia","Gwinnett County",3,54,12885,6416,6469
050,13,135,"Georgia","Gwinnett County",3,55,12890,6356,6534
050,13,135,"Georgia","Gwinnett County",3,56,12830,6359,6471
050,13,135,"Georgia","Gwinnett County",3,57,12717,6250,6467
050,13,135,"Georgia","Gwinnett County",3,58,12286,6023,6263
050,13,135,"Georgia","Gwinnett County",3,59,11986,5834,6152
050,13,135,"Georgia","Gwinnett County",3,60,11569,5650,5919
050,13,135,"Georgia","Gwinnett County",3,61,10924,5380,5544
050,13,135,"Georgia","Gwinnett County",3,62,10336,5016,5320
050,13,135,"Georgia","Gwinnett County",3,63,10093,4923,5170
050,13,135,"Georgia","Gwinnett County",3,64,9672,4662,5010
050,13,135,"Georgia","Gwinnett County",3,65,8945,4294,4651
050,13,135,"Georgia","Gwinnett County",3,66,8446,4025,4421
050,13,135,"Georgia","Gwinnett County",3,67,7978,3754,4224
050,13,135,"Georgia","Gwinnett County",3,68,7302,3381,3921
050,13,135,"Georgia","Gwinnett County",3,69,6924,3183,3741
050,13,135,"Georgia","Gwinnett County",3,70,6514,3013,3501
050,13,135,"Georgia","Gwinnett County",3,71,6079,2728,3351
050,13,135,"Georgia","Gwinnett County",3,72,5772,2584,3188
050,13,135,"Georgia","Gwinnett County",3,73,5544,2452,3092
050,13,135,"Georgia","Gwinnett County",3,74,5681,2543,3138
050,13,135,"Georgia","Gwinnett County",3,75,4044,1801,2243
050,13,135,"Georgia","Gwinnett County",3,76,3741,1671,2070
050,13,135,"Georgia","Gwinnett County",3,77,3539,1605,1934
050,13,135,"Georgia","Gwinnett County",3,78,3487,1558,1929
050,13,135,"Georgia","Gwinnett County",3,79,2865,1233,1632
050,13,135,"Georgia","Gwinnett County",3,80,2597,1121,1476
050,13,135,"Georgia","Gwinnett County",3,81,2306,964,1342
050,13,135,"Georgia","Gwinnett County",3,82,1999,847,1152
050,13,135,"Georgia","Gwinnett County",3,83,1797,743,1054
050,13,135,"Georgia","Gwinnett County",3,84,1541,607,934
050,13,135,"Georgia","Gwinnett County",3,85,7952,2826,5126
050,13,135,"Georgia","Gwinnett County",4,0,11393,5670,5723
050,13,135,"Georgia","Gwinnett County",4,1,11057,5492,5565
050,13,135,"Georgia","Gwinnett County",4,2,11706,5984,5722
050,13,135,"Georgia","Gwinnett County",4,3,12363,6340,6023
050,13,135,"Georgia","Gwinnett County",4,4,12705,6448,6257
050,13,135,"Georgia","Gwinnett County",4,5,13113,6702,6411
050,13,135,"Georgia","Gwinnett County",4,6,13728,7057,6671
050,13,135,"Georgia","Gwinnett County",4,7,13991,7072,6919
050,13,135,"Georgia","Gwinnett County",4,8,14052,7069,6983
050,13,135,"Georgia","Gwinnett County",4,9,14155,7117,7038
050,13,135,"Georgia","Gwinnett County",4,10,14522,7350,7172
050,13,135,"Georgia","Gwinnett County",4,11,14927,7603,7324
050,13,135,"Georgia","Gwinnett County",4,12,15261,7723,7538
050,13,135,"Georgia","Gwinnett County",4,13,15859,8044,7815
050,13,135,"Georgia","Gwinnett County",4,14,16561,8419,8142
050,13,135,"Georgia","Gwinnett County",4,15,16644,8428,8216
050,13,135,"Georgia","Gwinnett County",4,16,16486,8322,8164
050,13,135,"Georgia","Gwinnett County",4,17,16352,8276,8076
050,13,135,"Georgia","Gwinnett County",4,18,14358,7457,6901
050,13,135,"Georgia","Gwinnett County",4,19,12286,6286,6000
050,13,135,"Georgia","Gwinnett County",4,20,12497,6348,6149
050,13,135,"Georgia","Gwinnett County",4,21,12998,6582,6416
050,13,135,"Georgia","Gwinnett County",4,22,13332,6704,6628
050,13,135,"Georgia","Gwinnett County",4,23,12994,6616,6378
050,13,135,"Georgia","Gwinnett County",4,24,12884,6500,6384
050,13,135,"Georgia","Gwinnett County",4,25,12973,6605,6368
050,13,135,"Georgia","Gwinnett County",4,26,12671,6306,6365
050,13,135,"Georgia","Gwinnett County",4,27,12633,6237,6396
050,13,135,"Georgia","Gwinnett County",4,28,12436,6132,6304
050,13,135,"Georgia","Gwinnett County",4,29,12585,6175,6410
050,13,135,"Georgia","Gwinnett County",4,30,12806,6268,6538
050,13,135,"Georgia","Gwinnett County",4,31,12869,6246,6623
050,13,135,"Georgia","Gwinnett County",4,32,12992,6357,6635
050,13,135,"Georgia","Gwinnett County",4,33,13097,6392,6705
050,13,135,"Georgia","Gwinnett County",4,34,12787,6289,6498
050,13,135,"Georgia","Gwinnett County",4,35,12909,6253,6656
050,13,135,"Georgia","Gwinnett County",4,36,13247,6396,6851
050,13,135,"Georgia","Gwinnett County",4,37,13460,6555,6905
050,13,135,"Georgia","Gwinnett County",4,38,13400,6493,6907
050,13,135,"Georgia","Gwinnett County",4,39,13948,6821,7127
050,13,135,"Georgia","Gwinnett County",4,40,14530,7110,7420
050,13,135,"Georgia","Gwinnett County",4,41,14377,6915,7462
050,13,135,"Georgia","Gwinnett County",4,42,14368,6970,7398
050,13,135,"Georgia","Gwinnett County",4,43,13965,6746,7219
050,13,135,"Georgia","Gwinnett County",4,44,13849,6661,7188
050,13,135,"Georgia","Gwinnett County",4,45,13574,6485,7089
050,13,135,"Georgia","Gwinnett County",4,46,13413,6356,7057
050,13,135,"Georgia","Gwinnett County",4,47,13722,6694,7028
050,13,135,"Georgia","Gwinnett County",4,48,13617,6496,7121
050,13,135,"Georgia","Gwinnett County",4,49,13728,6626,7102
050,13,135,"Georgia","Gwinnett County",4,50,14117,6843,7274
050,13,135,"Georgia","Gwinnett County",4,51,14586,7103,7483
050,13,135,"Georgia","Gwinnett County",4,52,14278,7019,7259
050,13,135,"Georgia","Gwinnett County",4,53,13478,6626,6852
050,13,135,"Georgia","Gwinnett County",4,54,12977,6404,6573
050,13,135,"Georgia","Gwinnett County",4,55,12734,6320,6414
050,13,135,"Georgia","Gwinnett County",4,56,12725,6296,6429
050,13,135,"Georgia","Gwinnett County",4,57,12625,6286,6339
050,13,135,"Georgia","Gwinnett County",4,58,12477,6135,6342
050,13,135,"Georgia","Gwinnett County",4,59,12103,5956,6147
050,13,135,"Georgia","Gwinnett County",4,60,11767,5705,6062
050,13,135,"Georgia","Gwinnett County",4,61,11230,5451,5779
050,13,135,"Georgia","Gwinnett County",4,62,10785,5245,5540
050,13,135,"Georgia","Gwinnett County",4,63,10082,4891,5191
050,13,135,"Georgia","Gwinnett County",4,64,9764,4716,5048
050,13,135,"Georgia","Gwinnett County",4,65,9444,4506,4938
050,13,135,"Georgia","Gwinnett County",4,66,8748,4155,4593
050,13,135,"Georgia","Gwinnett County",4,67,8296,3922,4374
050,13,135,"Georgia","Gwinnett County",4,68,7794,3654,4140
050,13,135,"Georgia","Gwinnett County",4,69,7126,3233,3893
050,13,135,"Georgia","Gwinnett County",4,70,6706,3061,3645
050,13,135,"Georgia","Gwinnett County",4,71,6281,2880,3401
050,13,135,"Georgia","Gwinnett County",4,72,5951,2671,3280
050,13,135,"Georgia","Gwinnett County",4,73,5591,2493,3098
050,13,135,"Georgia","Gwinnett County",4,74,5379,2356,3023
050,13,135,"Georgia","Gwinnett County",4,75,5470,2465,3005
050,13,135,"Georgia","Gwinnett County",4,76,3874,1718,2156
050,13,135,"Georgia","Gwinnett County",4,77,3595,1598,1997
050,13,135,"Georgia","Gwinnett County",4,78,3427,1535,1892
050,13,135,"Georgia","Gwinnett County",4,79,3340,1475,1865
050,13,135,"Georgia","Gwinnett County",4,80,2754,1155,1599
050,13,135,"Georgia","Gwinnett County",4,81,2454,1045,1409
050,13,135,"Georgia","Gwinnett County",4,82,2187,904,1283
050,13,135,"Georgia","Gwinnett County",4,83,1906,779,1127
050,13,135,"Georgia","Gwinnett County",4,84,1675,692,983
050,13,135,"Georgia","Gwinnett County",4,85,8267,2995,5272
050,13,135,"Georgia","Gwinnett County",5,0,11257,5607,5650
050,13,135,"Georgia","Gwinnett County",5,1,11671,5788,5883
050,13,135,"Georgia","Gwinnett County",5,2,11269,5591,5678
050,13,135,"Georgia","Gwinnett County",5,3,11927,6095,5832
050,13,135,"Georgia","Gwinnett County",5,4,12571,6457,6114
050,13,135,"Georgia","Gwinnett County",5,5,12933,6575,6358
050,13,135,"Georgia","Gwinnett County",5,6,13466,6882,6584
050,13,135,"Georgia","Gwinnett County",5,7,13891,7142,6749
050,13,135,"Georgia","Gwinnett County",5,8,14193,7160,7033
050,13,135,"Georgia","Gwinnett County",5,9,14261,7207,7054
050,13,135,"Georgia","Gwinnett County",5,10,14279,7211,7068
050,13,135,"Georgia","Gwinnett County",5,11,14688,7461,7227
050,13,135,"Georgia","Gwinnett County",5,12,15053,7671,7382
050,13,135,"Georgia","Gwinnett County",5,13,15456,7847,7609
050,13,135,"Georgia","Gwinnett County",5,14,15894,8062,7832
050,13,135,"Georgia","Gwinnett County",5,15,16620,8429,8191
050,13,135,"Georgia","Gwinnett County",5,16,16649,8475,8174
050,13,135,"Georgia","Gwinnett County",5,17,16462,8262,8200
050,13,135,"Georgia","Gwinnett County",5,18,14439,7477,6962
050,13,135,"Georgia","Gwinnett County",5,19,12632,6568,6064
050,13,135,"Georgia","Gwinnett County",5,20,12879,6546,6333
050,13,135,"Georgia","Gwinnett County",5,21,12867,6493,6374
050,13,135,"Georgia","Gwinnett County",5,22,13514,6793,6721
050,13,135,"Georgia","Gwinnett County",5,23,13747,6934,6813
050,13,135,"Georgia","Gwinnett County",5,24,13086,6734,6352
050,13,135,"Georgia","Gwinnett County",5,25,13005,6572,6433
050,13,135,"Georgia","Gwinnett County",5,26,13064,6663,6401
050,13,135,"Georgia","Gwinnett County",5,27,12641,6328,6313
050,13,135,"Georgia","Gwinnett County",5,28,12449,6183,6266
050,13,135,"Georgia","Gwinnett County",5,29,12589,6245,6344
050,13,135,"Georgia","Gwinnett County",5,30,12754,6204,6550
050,13,135,"Georgia","Gwinnett County",5,31,12899,6302,6597
050,13,135,"Georgia","Gwinnett County",5,32,13085,6415,6670
050,13,135,"Georgia","Gwinnett County",5,33,13126,6399,6727
050,13,135,"Georgia","Gwinnett County",5,34,13258,6453,6805
050,13,135,"Georgia","Gwinnett County",5,35,13181,6458,6723
050,13,135,"Georgia","Gwinnett County",5,36,13078,6306,6772
050,13,135,"Georgia","Gwinnett County",5,37,13391,6462,6929
050,13,135,"Georgia","Gwinnett County",5,38,13549,6596,6953
050,13,135,"Georgia","Gwinnett County",5,39,13562,6533,7029
050,13,135,"Georgia","Gwinnett County",5,40,14152,6935,7217
050,13,135,"Georgia","Gwinnett County",5,41,14534,7105,7429
050,13,135,"Georgia","Gwinnett County",5,42,14507,7020,7487
050,13,135,"Georgia","Gwinnett County",5,43,14413,7018,7395
050,13,135,"Georgia","Gwinnett County",5,44,13989,6753,7236
050,13,135,"Georgia","Gwinnett County",5,45,13775,6610,7165
050,13,135,"Georgia","Gwinnett County",5,46,13588,6507,7081
050,13,135,"Georgia","Gwinnett County",5,47,13376,6359,7017
050,13,135,"Georgia","Gwinnett County",5,48,13621,6591,7030
050,13,135,"Georgia","Gwinnett County",5,49,13498,6454,7044
050,13,135,"Georgia","Gwinnett County",5,50,13707,6644,7063
050,13,135,"Georgia","Gwinnett County",5,51,14005,6716,7289
050,13,135,"Georgia","Gwinnett County",5,52,14418,7052,7366
050,13,135,"Georgia","Gwinnett County",5,53,14091,6911,7180
050,13,135,"Georgia","Gwinnett County",5,54,13252,6512,6740
050,13,135,"Georgia","Gwinnett County",5,55,12812,6244,6568
050,13,135,"Georgia","Gwinnett County",5,56,12546,6225,6321
050,13,135,"Georgia","Gwinnett County",5,57,12449,6154,6295
050,13,135,"Georgia","Gwinnett County",5,58,12385,6199,6186
050,13,135,"Georgia","Gwinnett County",5,59,12316,6030,6286
050,13,135,"Georgia","Gwinnett County",5,60,11888,5813,6075
050,13,135,"Georgia","Gwinnett County",5,61,11512,5593,5919
050,13,135,"Georgia","Gwinnett County",5,62,11144,5370,5774
050,13,135,"Georgia","Gwinnett County",5,63,10591,5164,5427
050,13,135,"Georgia","Gwinnett County",5,64,9845,4755,5090
050,13,135,"Georgia","Gwinnett County",5,65,9698,4675,5023
050,13,135,"Georgia","Gwinnett County",5,66,9237,4397,4840
050,13,135,"Georgia","Gwinnett County",5,67,8595,4101,4494
050,13,135,"Georgia","Gwinnett County",5,68,8117,3803,4314
050,13,135,"Georgia","Gwinnett County",5,69,7581,3545,4036
050,13,135,"Georgia","Gwinnett County",5,70,6947,3124,3823
050,13,135,"Georgia","Gwinnett County",5,71,6583,2991,3592
050,13,135,"Georgia","Gwinnett County",5,72,6104,2809,3295
050,13,135,"Georgia","Gwinnett County",5,73,5740,2568,3172
050,13,135,"Georgia","Gwinnett County",5,74,5443,2407,3036
050,13,135,"Georgia","Gwinnett County",5,75,5214,2283,2931
050,13,135,"Georgia","Gwinnett County",5,76,5289,2365,2924
050,13,135,"Georgia","Gwinnett County",5,77,3731,1650,2081
050,13,135,"Georgia","Gwinnett County",5,78,3485,1529,1956
050,13,135,"Georgia","Gwinnett County",5,79,3275,1455,1820
050,13,135,"Georgia","Gwinnett County",5,80,3183,1378,1805
050,13,135,"Georgia","Gwinnett County",5,81,2605,1093,1512
050,13,135,"Georgia","Gwinnett County",5,82,2325,996,1329
050,13,135,"Georgia","Gwinnett County",5,83,2074,825,1249
050,13,135,"Georgia","Gwinnett County",5,84,1771,718,1053
050,13,135,"Georgia","Gwinnett County",5,85,8780,3256,5524
050,13,137,"Georgia","Habersham County",1,0,457,233,224
050,13,137,"Georgia","Habersham County",1,1,487,255,232
050,13,137,"Georgia","Habersham County",1,2,508,258,250
050,13,137,"Georgia","Habersham County",1,3,569,286,283
050,13,137,"Georgia","Habersham County",1,4,546,292,254
050,13,137,"Georgia","Habersham County",1,5,492,252,240
050,13,137,"Georgia","Habersham County",1,6,540,283,257
050,13,137,"Georgia","Habersham County",1,7,566,303,263
050,13,137,"Georgia","Habersham County",1,8,573,297,276
050,13,137,"Georgia","Habersham County",1,9,550,296,254
050,13,137,"Georgia","Habersham County",1,10,552,283,269
050,13,137,"Georgia","Habersham County",1,11,581,295,286
050,13,137,"Georgia","Habersham County",1,12,625,313,312
050,13,137,"Georgia","Habersham County",1,13,635,315,320
050,13,137,"Georgia","Habersham County",1,14,608,314,294
050,13,137,"Georgia","Habersham County",1,15,611,302,309
050,13,137,"Georgia","Habersham County",1,16,608,306,302
050,13,137,"Georgia","Habersham County",1,17,602,301,301
050,13,137,"Georgia","Habersham County",1,18,637,309,328
050,13,137,"Georgia","Habersham County",1,19,680,332,348
050,13,137,"Georgia","Habersham County",1,20,716,339,377
050,13,137,"Georgia","Habersham County",1,21,666,306,360
050,13,137,"Georgia","Habersham County",1,22,633,305,328
050,13,137,"Georgia","Habersham County",1,23,573,266,307
050,13,137,"Georgia","Habersham County",1,24,585,266,319
050,13,137,"Georgia","Habersham County",1,25,554,269,285
050,13,137,"Georgia","Habersham County",1,26,580,268,312
050,13,137,"Georgia","Habersham County",1,27,601,282,319
050,13,137,"Georgia","Habersham County",1,28,597,286,311
050,13,137,"Georgia","Habersham County",1,29,591,283,308
050,13,137,"Georgia","Habersham County",1,30,545,248,297
050,13,137,"Georgia","Habersham County",1,31,572,265,307
050,13,137,"Georgia","Habersham County",1,32,608,277,331
050,13,137,"Georgia","Habersham County",1,33,558,268,290
050,13,137,"Georgia","Habersham County",1,34,540,243,297
050,13,137,"Georgia","Habersham County",1,35,539,251,288
050,13,137,"Georgia","Habersham County",1,36,543,248,295
050,13,137,"Georgia","Habersham County",1,37,608,285,323
050,13,137,"Georgia","Habersham County",1,38,528,250,278
050,13,137,"Georgia","Habersham County",1,39,544,229,315
050,13,137,"Georgia","Habersham County",1,40,553,251,302
050,13,137,"Georgia","Habersham County",1,41,572,260,312
050,13,137,"Georgia","Habersham County",1,42,554,249,305
050,13,137,"Georgia","Habersham County",1,43,547,246,301
050,13,137,"Georgia","Habersham County",1,44,518,224,294
050,13,137,"Georgia","Habersham County",1,45,553,223,330
050,13,137,"Georgia","Habersham County",1,46,524,242,282
050,13,137,"Georgia","Habersham County",1,47,521,241,280
050,13,137,"Georgia","Habersham County",1,48,594,286,308
050,13,137,"Georgia","Habersham County",1,49,638,311,327
050,13,137,"Georgia","Habersham County",1,50,623,307,316
050,13,137,"Georgia","Habersham County",1,51,573,270,303
050,13,137,"Georgia","Habersham County",1,52,545,253,292
050,13,137,"Georgia","Habersham County",1,53,547,261,286
050,13,137,"Georgia","Habersham County",1,54,549,266,283
050,13,137,"Georgia","Habersham County",1,55,599,281,318
050,13,137,"Georgia","Habersham County",1,56,607,303,304
050,13,137,"Georgia","Habersham County",1,57,630,305,325
050,13,137,"Georgia","Habersham County",1,58,607,294,313
050,13,137,"Georgia","Habersham County",1,59,600,292,308
050,13,137,"Georgia","Habersham County",1,60,612,303,309
050,13,137,"Georgia","Habersham County",1,61,584,269,315
050,13,137,"Georgia","Habersham County",1,62,620,291,329
050,13,137,"Georgia","Habersham County",1,63,580,284,296
050,13,137,"Georgia","Habersham County",1,64,538,261,277
050,13,137,"Georgia","Habersham County",1,65,565,261,304
050,13,137,"Georgia","Habersham County",1,66,547,272,275
050,13,137,"Georgia","Habersham County",1,67,545,261,284
050,13,137,"Georgia","Habersham County",1,68,516,255,261
050,13,137,"Georgia","Habersham County",1,69,467,208,259
050,13,137,"Georgia","Habersham County",1,70,508,224,284
050,13,137,"Georgia","Habersham County",1,71,482,248,234
050,13,137,"Georgia","Habersham County",1,72,504,259,245
050,13,137,"Georgia","Habersham County",1,73,509,260,249
050,13,137,"Georgia","Habersham County",1,74,360,170,190
050,13,137,"Georgia","Habersham County",1,75,373,167,206
050,13,137,"Georgia","Habersham County",1,76,352,155,197
050,13,137,"Georgia","Habersham County",1,77,351,161,190
050,13,137,"Georgia","Habersham County",1,78,305,136,169
050,13,137,"Georgia","Habersham County",1,79,286,132,154
050,13,137,"Georgia","Habersham County",1,80,253,110,143
050,13,137,"Georgia","Habersham County",1,81,224,95,129
050,13,137,"Georgia","Habersham County",1,82,203,95,108
050,13,137,"Georgia","Habersham County",1,83,185,91,94
050,13,137,"Georgia","Habersham County",1,84,173,81,92
050,13,137,"Georgia","Habersham County",1,85,830,292,538
050,13,137,"Georgia","Habersham County",2,0,486,252,234
050,13,137,"Georgia","Habersham County",2,1,481,250,231
050,13,137,"Georgia","Habersham County",2,2,504,257,247
050,13,137,"Georgia","Habersham County",2,3,556,278,278
050,13,137,"Georgia","Habersham County",2,4,553,291,262
050,13,137,"Georgia","Habersham County",2,5,506,262,244
050,13,137,"Georgia","Habersham County",2,6,530,278,252
050,13,137,"Georgia","Habersham County",2,7,562,300,262
050,13,137,"Georgia","Habersham County",2,8,570,297,273
050,13,137,"Georgia","Habersham County",2,9,557,295,262
050,13,137,"Georgia","Habersham County",2,10,554,287,267
050,13,137,"Georgia","Habersham County",2,11,573,292,281
050,13,137,"Georgia","Habersham County",2,12,620,310,310
050,13,137,"Georgia","Habersham County",2,13,631,316,315
050,13,137,"Georgia","Habersham County",2,14,617,315,302
050,13,137,"Georgia","Habersham County",2,15,612,306,306
050,13,137,"Georgia","Habersham County",2,16,611,307,304
050,13,137,"Georgia","Habersham County",2,17,606,303,303
050,13,137,"Georgia","Habersham County",2,18,641,310,331
050,13,137,"Georgia","Habersham County",2,19,677,330,347
050,13,137,"Georgia","Habersham County",2,20,715,339,376
050,13,137,"Georgia","Habersham County",2,21,676,312,364
050,13,137,"Georgia","Habersham County",2,22,638,309,329
050,13,137,"Georgia","Habersham County",2,23,582,271,311
050,13,137,"Georgia","Habersham County",2,24,576,267,309
050,13,137,"Georgia","Habersham County",2,25,560,268,292
050,13,137,"Georgia","Habersham County",2,26,584,270,314
050,13,137,"Georgia","Habersham County",2,27,591,275,316
050,13,137,"Georgia","Habersham County",2,28,601,287,314
050,13,137,"Georgia","Habersham County",2,29,590,284,306
050,13,137,"Georgia","Habersham County",2,30,562,258,304
050,13,137,"Georgia","Habersham County",2,31,567,261,306
050,13,137,"Georgia","Habersham County",2,32,599,273,326
050,13,137,"Georgia","Habersham County",2,33,566,268,298
050,13,137,"Georgia","Habersham County",2,34,546,249,297
050,13,137,"Georgia","Habersham County",2,35,542,251,291
050,13,137,"Georgia","Habersham County",2,36,546,250,296
050,13,137,"Georgia","Habersham County",2,37,598,277,321
050,13,137,"Georgia","Habersham County",2,38,549,257,292
050,13,137,"Georgia","Habersham County",2,39,539,235,304
050,13,137,"Georgia","Habersham County",2,40,555,250,305
050,13,137,"Georgia","Habersham County",2,41,559,254,305
050,13,137,"Georgia","Habersham County",2,42,560,252,308
050,13,137,"Georgia","Habersham County",2,43,552,250,302
050,13,137,"Georgia","Habersham County",2,44,522,231,291
050,13,137,"Georgia","Habersham County",2,45,552,225,327
050,13,137,"Georgia","Habersham County",2,46,526,238,288
050,13,137,"Georgia","Habersham County",2,47,521,242,279
050,13,137,"Georgia","Habersham County",2,48,578,278,300
050,13,137,"Georgia","Habersham County",2,49,629,305,324
050,13,137,"Georgia","Habersham County",2,50,627,307,320
050,13,137,"Georgia","Habersham County",2,51,582,279,303
050,13,137,"Georgia","Habersham County",2,52,555,258,297
050,13,137,"Georgia","Habersham County",2,53,542,258,284
050,13,137,"Georgia","Habersham County",2,54,549,266,283
050,13,137,"Georgia","Habersham County",2,55,589,279,310
050,13,137,"Georgia","Habersham County",2,56,612,301,311
050,13,137,"Georgia","Habersham County",2,57,629,306,323
050,13,137,"Georgia","Habersham County",2,58,610,297,313
050,13,137,"Georgia","Habersham County",2,59,609,297,312
050,13,137,"Georgia","Habersham County",2,60,611,301,310
050,13,137,"Georgia","Habersham County",2,61,593,281,312
050,13,137,"Georgia","Habersham County",2,62,611,287,324
050,13,137,"Georgia","Habersham County",2,63,593,287,306
050,13,137,"Georgia","Habersham County",2,64,546,265,281
050,13,137,"Georgia","Habersham County",2,65,561,263,298
050,13,137,"Georgia","Habersham County",2,66,555,270,285
050,13,137,"Georgia","Habersham County",2,67,548,265,283
050,13,137,"Georgia","Habersham County",2,68,515,256,259
050,13,137,"Georgia","Habersham County",2,69,482,220,262
050,13,137,"Georgia","Habersham County",2,70,491,217,274
050,13,137,"Georgia","Habersham County",2,71,487,243,244
050,13,137,"Georgia","Habersham County",2,72,488,250,238
050,13,137,"Georgia","Habersham County",2,73,532,274,258
050,13,137,"Georgia","Habersham County",2,74,369,178,191
050,13,137,"Georgia","Habersham County",2,75,366,167,199
050,13,137,"Georgia","Habersham County",2,76,352,154,198
050,13,137,"Georgia","Habersham County",2,77,355,160,195
050,13,137,"Georgia","Habersham County",2,78,307,137,170
050,13,137,"Georgia","Habersham County",2,79,286,131,155
050,13,137,"Georgia","Habersham County",2,80,257,114,143
050,13,137,"Georgia","Habersham County",2,81,225,97,128
050,13,137,"Georgia","Habersham County",2,82,202,92,110
050,13,137,"Georgia","Habersham County",2,83,182,90,92
050,13,137,"Georgia","Habersham County",2,84,169,78,91
050,13,137,"Georgia","Habersham County",2,85,827,296,531
050,13,137,"Georgia","Habersham County",3,0,483,255,228
050,13,137,"Georgia","Habersham County",3,1,490,231,259
050,13,137,"Georgia","Habersham County",3,2,502,251,251
050,13,137,"Georgia","Habersham County",3,3,510,264,246
050,13,137,"Georgia","Habersham County",3,4,576,287,289
050,13,137,"Georgia","Habersham County",3,5,576,310,266
050,13,137,"Georgia","Habersham County",3,6,514,264,250
050,13,137,"Georgia","Habersham County",3,7,558,285,273
050,13,137,"Georgia","Habersham County",3,8,584,307,277
050,13,137,"Georgia","Habersham County",3,9,571,296,275
050,13,137,"Georgia","Habersham County",3,10,567,299,268
050,13,137,"Georgia","Habersham County",3,11,564,295,269
050,13,137,"Georgia","Habersham County",3,12,590,297,293
050,13,137,"Georgia","Habersham County",3,13,630,317,313
050,13,137,"Georgia","Habersham County",3,14,634,312,322
050,13,137,"Georgia","Habersham County",3,15,608,312,296
050,13,137,"Georgia","Habersham County",3,16,607,303,304
050,13,137,"Georgia","Habersham County",3,17,623,310,313
050,13,137,"Georgia","Habersham County",3,18,673,321,352
050,13,137,"Georgia","Habersham County",3,19,649,316,333
050,13,137,"Georgia","Habersham County",3,20,715,341,374
050,13,137,"Georgia","Habersham County",3,21,706,329,377
050,13,137,"Georgia","Habersham County",3,22,673,320,353
050,13,137,"Georgia","Habersham County",3,23,605,292,313
050,13,137,"Georgia","Habersham County",3,24,605,283,322
050,13,137,"Georgia","Habersham County",3,25,557,262,295
050,13,137,"Georgia","Habersham County",3,26,629,302,327
050,13,137,"Georgia","Habersham County",3,27,574,258,316
050,13,137,"Georgia","Habersham County",3,28,608,283,325
050,13,137,"Georgia","Habersham County",3,29,622,316,306
050,13,137,"Georgia","Habersham County",3,30,590,273,317
050,13,137,"Georgia","Habersham County",3,31,581,266,315
050,13,137,"Georgia","Habersham County",3,32,566,262,304
050,13,137,"Georgia","Habersham County",3,33,585,271,314
050,13,137,"Georgia","Habersham County",3,34,565,262,303
050,13,137,"Georgia","Habersham County",3,35,544,243,301
050,13,137,"Georgia","Habersham County",3,36,549,270,279
050,13,137,"Georgia","Habersham County",3,37,550,249,301
050,13,137,"Georgia","Habersham County",3,38,609,280,329
050,13,137,"Georgia","Habersham County",3,39,563,256,307
050,13,137,"Georgia","Habersham County",3,40,545,243,302
050,13,137,"Georgia","Habersham County",3,41,533,244,289
050,13,137,"Georgia","Habersham County",3,42,576,263,313
050,13,137,"Georgia","Habersham County",3,43,565,254,311
050,13,137,"Georgia","Habersham County",3,44,544,248,296
050,13,137,"Georgia","Habersham County",3,45,552,235,317
050,13,137,"Georgia","Habersham County",3,46,555,236,319
050,13,137,"Georgia","Habersham County",3,47,512,234,278
050,13,137,"Georgia","Habersham County",3,48,530,251,279
050,13,137,"Georgia","Habersham County",3,49,581,281,300
050,13,137,"Georgia","Habersham County",3,50,626,302,324
050,13,137,"Georgia","Habersham County",3,51,624,322,302
050,13,137,"Georgia","Habersham County",3,52,605,284,321
050,13,137,"Georgia","Habersham County",3,53,536,250,286
050,13,137,"Georgia","Habersham County",3,54,545,261,284
050,13,137,"Georgia","Habersham County",3,55,565,278,287
050,13,137,"Georgia","Habersham County",3,56,612,285,327
050,13,137,"Georgia","Habersham County",3,57,615,307,308
050,13,137,"Georgia","Habersham County",3,58,633,309,324
050,13,137,"Georgia","Habersham County",3,59,615,293,322
050,13,137,"Georgia","Habersham County",3,60,605,299,306
050,13,137,"Georgia","Habersham County",3,61,618,307,311
050,13,137,"Georgia","Habersham County",3,62,607,285,322
050,13,137,"Georgia","Habersham County",3,63,609,287,322
050,13,137,"Georgia","Habersham County",3,64,596,288,308
050,13,137,"Georgia","Habersham County",3,65,552,269,283
050,13,137,"Georgia","Habersham County",3,66,569,267,302
050,13,137,"Georgia","Habersham County",3,67,551,262,289
050,13,137,"Georgia","Habersham County",3,68,541,266,275
050,13,137,"Georgia","Habersham County",3,69,505,248,257
050,13,137,"Georgia","Habersham County",3,70,477,222,255
050,13,137,"Georgia","Habersham County",3,71,471,214,257
050,13,137,"Georgia","Habersham County",3,72,473,229,244
050,13,137,"Georgia","Habersham County",3,73,474,239,235
050,13,137,"Georgia","Habersham County",3,74,529,269,260
050,13,137,"Georgia","Habersham County",3,75,357,170,187
050,13,137,"Georgia","Habersham County",3,76,336,152,184
050,13,137,"Georgia","Habersham County",3,77,339,144,195
050,13,137,"Georgia","Habersham County",3,78,335,152,183
050,13,137,"Georgia","Habersham County",3,79,296,130,166
050,13,137,"Georgia","Habersham County",3,80,275,129,146
050,13,137,"Georgia","Habersham County",3,81,240,102,138
050,13,137,"Georgia","Habersham County",3,82,206,86,120
050,13,137,"Georgia","Habersham County",3,83,190,93,97
050,13,137,"Georgia","Habersham County",3,84,164,77,87
050,13,137,"Georgia","Habersham County",3,85,859,311,548
050,13,137,"Georgia","Habersham County",4,0,521,265,256
050,13,137,"Georgia","Habersham County",4,1,505,264,241
050,13,137,"Georgia","Habersham County",4,2,524,257,267
050,13,137,"Georgia","Habersham County",4,3,542,274,268
050,13,137,"Georgia","Habersham County",4,4,528,273,255
050,13,137,"Georgia","Habersham County",4,5,570,285,285
050,13,137,"Georgia","Habersham County",4,6,587,313,274
050,13,137,"Georgia","Habersham County",4,7,556,285,271
050,13,137,"Georgia","Habersham County",4,8,575,297,278
050,13,137,"Georgia","Habersham County",4,9,587,311,276
050,13,137,"Georgia","Habersham County",4,10,590,302,288
050,13,137,"Georgia","Habersham County",4,11,598,303,295
050,13,137,"Georgia","Habersham County",4,12,578,298,280
050,13,137,"Georgia","Habersham County",4,13,604,312,292
050,13,137,"Georgia","Habersham County",4,14,658,324,334
050,13,137,"Georgia","Habersham County",4,15,647,323,324
050,13,137,"Georgia","Habersham County",4,16,613,311,302
050,13,137,"Georgia","Habersham County",4,17,636,329,307
050,13,137,"Georgia","Habersham County",4,18,682,327,355
050,13,137,"Georgia","Habersham County",4,19,658,319,339
050,13,137,"Georgia","Habersham County",4,20,659,306,353
050,13,137,"Georgia","Habersham County",4,21,690,318,372
050,13,137,"Georgia","Habersham County",4,22,679,326,353
050,13,137,"Georgia","Habersham County",4,23,641,297,344
050,13,137,"Georgia","Habersham County",4,24,618,305,313
050,13,137,"Georgia","Habersham County",4,25,589,291,298
050,13,137,"Georgia","Habersham County",4,26,616,283,333
050,13,137,"Georgia","Habersham County",4,27,596,283,313
050,13,137,"Georgia","Habersham County",4,28,594,268,326
050,13,137,"Georgia","Habersham County",4,29,610,291,319
050,13,137,"Georgia","Habersham County",4,30,607,308,299
050,13,137,"Georgia","Habersham County",4,31,619,301,318
050,13,137,"Georgia","Habersham County",4,32,568,260,308
050,13,137,"Georgia","Habersham County",4,33,575,268,307
050,13,137,"Georgia","Habersham County",4,34,620,282,338
050,13,137,"Georgia","Habersham County",4,35,574,282,292
050,13,137,"Georgia","Habersham County",4,36,565,256,309
050,13,137,"Georgia","Habersham County",4,37,557,274,283
050,13,137,"Georgia","Habersham County",4,38,554,265,289
050,13,137,"Georgia","Habersham County",4,39,614,292,322
050,13,137,"Georgia","Habersham County",4,40,555,253,302
050,13,137,"Georgia","Habersham County",4,41,533,235,298
050,13,137,"Georgia","Habersham County",4,42,535,244,291
050,13,137,"Georgia","Habersham County",4,43,592,275,317
050,13,137,"Georgia","Habersham County",4,44,557,259,298
050,13,137,"Georgia","Habersham County",4,45,568,257,311
050,13,137,"Georgia","Habersham County",4,46,540,240,300
050,13,137,"Georgia","Habersham County",4,47,549,243,306
050,13,137,"Georgia","Habersham County",4,48,498,232,266
050,13,137,"Georgia","Habersham County",4,49,536,263,273
050,13,137,"Georgia","Habersham County",4,50,581,284,297
050,13,137,"Georgia","Habersham County",4,51,624,306,318
050,13,137,"Georgia","Habersham County",4,52,651,328,323
050,13,137,"Georgia","Habersham County",4,53,594,279,315
050,13,137,"Georgia","Habersham County",4,54,541,254,287
050,13,137,"Georgia","Habersham County",4,55,568,272,296
050,13,137,"Georgia","Habersham County",4,56,584,287,297
050,13,137,"Georgia","Habersham County",4,57,632,299,333
050,13,137,"Georgia","Habersham County",4,58,621,307,314
050,13,137,"Georgia","Habersham County",4,59,654,316,338
050,13,137,"Georgia","Habersham County",4,60,622,295,327
050,13,137,"Georgia","Habersham County",4,61,604,305,299
050,13,137,"Georgia","Habersham County",4,62,626,310,316
050,13,137,"Georgia","Habersham County",4,63,610,298,312
050,13,137,"Georgia","Habersham County",4,64,620,291,329
050,13,137,"Georgia","Habersham County",4,65,609,296,313
050,13,137,"Georgia","Habersham County",4,66,535,257,278
050,13,137,"Georgia","Habersham County",4,67,571,267,304
050,13,137,"Georgia","Habersham County",4,68,533,265,268
050,13,137,"Georgia","Habersham County",4,69,534,261,273
050,13,137,"Georgia","Habersham County",4,70,507,250,257
050,13,137,"Georgia","Habersham County",4,71,467,220,247
050,13,137,"Georgia","Habersham County",4,72,468,210,258
050,13,137,"Georgia","Habersham County",4,73,464,222,242
050,13,137,"Georgia","Habersham County",4,74,469,229,240
050,13,137,"Georgia","Habersham County",4,75,515,262,253
050,13,137,"Georgia","Habersham County",4,76,322,159,163
050,13,137,"Georgia","Habersham County",4,77,323,141,182
050,13,137,"Georgia","Habersham County",4,78,319,138,181
050,13,137,"Georgia","Habersham County",4,79,310,140,170
050,13,137,"Georgia","Habersham County",4,80,293,127,166
050,13,137,"Georgia","Habersham County",4,81,259,116,143
050,13,137,"Georgia","Habersham County",4,82,222,93,129
050,13,137,"Georgia","Habersham County",4,83,196,89,107
050,13,137,"Georgia","Habersham County",4,84,178,82,96
050,13,137,"Georgia","Habersham County",4,85,872,326,546
050,13,137,"Georgia","Habersham County",5,0,519,267,252
050,13,137,"Georgia","Habersham County",5,1,543,275,268
050,13,137,"Georgia","Habersham County",5,2,511,268,243
050,13,137,"Georgia","Habersham County",5,3,544,263,281
050,13,137,"Georgia","Habersham County",5,4,567,285,282
050,13,137,"Georgia","Habersham County",5,5,540,277,263
050,13,137,"Georgia","Habersham County",5,6,584,302,282
050,13,137,"Georgia","Habersham County",5,7,589,309,280
050,13,137,"Georgia","Habersham County",5,8,563,279,284
050,13,137,"Georgia","Habersham County",5,9,609,305,304
050,13,137,"Georgia","Habersham County",5,10,601,307,294
050,13,137,"Georgia","Habersham County",5,11,622,308,314
050,13,137,"Georgia","Habersham County",5,12,621,307,314
050,13,137,"Georgia","Habersham County",5,13,601,307,294
050,13,137,"Georgia","Habersham County",5,14,623,320,303
050,13,137,"Georgia","Habersham County",5,15,679,334,345
050,13,137,"Georgia","Habersham County",5,16,650,333,317
050,13,137,"Georgia","Habersham County",5,17,640,323,317
050,13,137,"Georgia","Habersham County",5,18,704,354,350
050,13,137,"Georgia","Habersham County",5,19,709,341,368
050,13,137,"Georgia","Habersham County",5,20,710,332,378
050,13,137,"Georgia","Habersham County",5,21,656,300,356
050,13,137,"Georgia","Habersham County",5,22,697,332,365
050,13,137,"Georgia","Habersham County",5,23,655,317,338
050,13,137,"Georgia","Habersham County",5,24,682,313,369
050,13,137,"Georgia","Habersham County",5,25,603,296,307
050,13,137,"Georgia","Habersham County",5,26,656,323,333
050,13,137,"Georgia","Habersham County",5,27,622,295,327
050,13,137,"Georgia","Habersham County",5,28,591,269,322
050,13,137,"Georgia","Habersham County",5,29,603,270,333
050,13,137,"Georgia","Habersham County",5,30,650,309,341
050,13,137,"Georgia","Habersham County",5,31,637,314,323
050,13,137,"Georgia","Habersham County",5,32,641,305,336
050,13,137,"Georgia","Habersham County",5,33,568,249,319
050,13,137,"Georgia","Habersham County",5,34,616,280,336
050,13,137,"Georgia","Habersham County",5,35,619,283,336
050,13,137,"Georgia","Habersham County",5,36,582,281,301
050,13,137,"Georgia","Habersham County",5,37,603,269,334
050,13,137,"Georgia","Habersham County",5,38,583,299,284
050,13,137,"Georgia","Habersham County",5,39,573,265,308
050,13,137,"Georgia","Habersham County",5,40,634,300,334
050,13,137,"Georgia","Habersham County",5,41,564,252,312
050,13,137,"Georgia","Habersham County",5,42,573,253,320
050,13,137,"Georgia","Habersham County",5,43,555,253,302
050,13,137,"Georgia","Habersham County",5,44,598,281,317
050,13,137,"Georgia","Habersham County",5,45,612,278,334
050,13,137,"Georgia","Habersham County",5,46,586,275,311
050,13,137,"Georgia","Habersham County",5,47,540,239,301
050,13,137,"Georgia","Habersham County",5,48,563,245,318
050,13,137,"Georgia","Habersham County",5,49,505,235,270
050,13,137,"Georgia","Habersham County",5,50,527,257,270
050,13,137,"Georgia","Habersham County",5,51,562,284,278
050,13,137,"Georgia","Habersham County",5,52,650,311,339
050,13,137,"Georgia","Habersham County",5,53,659,336,323
050,13,137,"Georgia","Habersham County",5,54,618,294,324
050,13,137,"Georgia","Habersham County",5,55,553,258,295
050,13,137,"Georgia","Habersham County",5,56,587,280,307
050,13,137,"Georgia","Habersham County",5,57,588,288,300
050,13,137,"Georgia","Habersham County",5,58,633,292,341
050,13,137,"Georgia","Habersham County",5,59,638,314,324
050,13,137,"Georgia","Habersham County",5,60,658,323,335
050,13,137,"Georgia","Habersham County",5,61,616,291,325
050,13,137,"Georgia","Habersham County",5,62,622,314,308
050,13,137,"Georgia","Habersham County",5,63,622,309,313
050,13,137,"Georgia","Habersham County",5,64,624,304,320
050,13,137,"Georgia","Habersham County",5,65,611,287,324
050,13,137,"Georgia","Habersham County",5,66,618,290,328
050,13,137,"Georgia","Habersham County",5,67,545,257,288
050,13,137,"Georgia","Habersham County",5,68,575,275,300
050,13,137,"Georgia","Habersham County",5,69,530,262,268
050,13,137,"Georgia","Habersham County",5,70,526,258,268
050,13,137,"Georgia","Habersham County",5,71,500,246,254
050,13,137,"Georgia","Habersham County",5,72,464,218,246
050,13,137,"Georgia","Habersham County",5,73,468,206,262
050,13,137,"Georgia","Habersham County",5,74,466,220,246
050,13,137,"Georgia","Habersham County",5,75,459,226,233
050,13,137,"Georgia","Habersham County",5,76,487,250,237
050,13,137,"Georgia","Habersham County",5,77,316,151,165
050,13,137,"Georgia","Habersham County",5,78,319,143,176
050,13,137,"Georgia","Habersham County",5,79,290,125,165
050,13,137,"Georgia","Habersham County",5,80,310,139,171
050,13,137,"Georgia","Habersham County",5,81,274,114,160
050,13,137,"Georgia","Habersham County",5,82,241,107,134
050,13,137,"Georgia","Habersham County",5,83,210,91,119
050,13,137,"Georgia","Habersham County",5,84,181,76,105
050,13,137,"Georgia","Habersham County",5,85,914,354,560
050,13,139,"Georgia","Hall County",1,0,2429,1235,1194
050,13,139,"Georgia","Hall County",1,1,2472,1271,1201
050,13,139,"Georgia","Hall County",1,2,2533,1287,1246
050,13,139,"Georgia","Hall County",1,3,2541,1263,1278
050,13,139,"Georgia","Hall County",1,4,2707,1344,1363
050,13,139,"Georgia","Hall County",1,5,2624,1349,1275
050,13,139,"Georgia","Hall County",1,6,2540,1328,1212
050,13,139,"Georgia","Hall County",1,7,2509,1257,1252
050,13,139,"Georgia","Hall County",1,8,2650,1356,1294
050,13,139,"Georgia","Hall County",1,9,2689,1405,1284
050,13,139,"Georgia","Hall County",1,10,2834,1486,1348
050,13,139,"Georgia","Hall County",1,11,2960,1563,1397
050,13,139,"Georgia","Hall County",1,12,3104,1613,1491
050,13,139,"Georgia","Hall County",1,13,3093,1610,1483
050,13,139,"Georgia","Hall County",1,14,3110,1657,1453
050,13,139,"Georgia","Hall County",1,15,3089,1609,1480
050,13,139,"Georgia","Hall County",1,16,3175,1671,1504
050,13,139,"Georgia","Hall County",1,17,3079,1589,1490
050,13,139,"Georgia","Hall County",1,18,2786,1495,1291
050,13,139,"Georgia","Hall County",1,19,2453,1270,1183
050,13,139,"Georgia","Hall County",1,20,2545,1262,1283
050,13,139,"Georgia","Hall County",1,21,2542,1283,1259
050,13,139,"Georgia","Hall County",1,22,2669,1378,1291
050,13,139,"Georgia","Hall County",1,23,2702,1343,1359
050,13,139,"Georgia","Hall County",1,24,2634,1314,1320
050,13,139,"Georgia","Hall County",1,25,2676,1348,1328
050,13,139,"Georgia","Hall County",1,26,2578,1310,1268
050,13,139,"Georgia","Hall County",1,27,2558,1274,1284
050,13,139,"Georgia","Hall County",1,28,2601,1307,1294
050,13,139,"Georgia","Hall County",1,29,2702,1371,1331
050,13,139,"Georgia","Hall County",1,30,2608,1315,1293
050,13,139,"Georgia","Hall County",1,31,2583,1333,1250
050,13,139,"Georgia","Hall County",1,32,2528,1287,1241
050,13,139,"Georgia","Hall County",1,33,2450,1251,1199
050,13,139,"Georgia","Hall County",1,34,2522,1288,1234
050,13,139,"Georgia","Hall County",1,35,2476,1277,1199
050,13,139,"Georgia","Hall County",1,36,2482,1282,1200
050,13,139,"Georgia","Hall County",1,37,2505,1239,1266
050,13,139,"Georgia","Hall County",1,38,2493,1269,1224
050,13,139,"Georgia","Hall County",1,39,2562,1273,1289
050,13,139,"Georgia","Hall County",1,40,2579,1279,1300
050,13,139,"Georgia","Hall County",1,41,2510,1239,1271
050,13,139,"Georgia","Hall County",1,42,2469,1225,1244
050,13,139,"Georgia","Hall County",1,43,2447,1243,1204
050,13,139,"Georgia","Hall County",1,44,2435,1229,1206
050,13,139,"Georgia","Hall County",1,45,2533,1289,1244
050,13,139,"Georgia","Hall County",1,46,2534,1286,1248
050,13,139,"Georgia","Hall County",1,47,2610,1317,1293
050,13,139,"Georgia","Hall County",1,48,2834,1403,1431
050,13,139,"Georgia","Hall County",1,49,2941,1468,1473
050,13,139,"Georgia","Hall County",1,50,2817,1470,1347
050,13,139,"Georgia","Hall County",1,51,2743,1442,1301
050,13,139,"Georgia","Hall County",1,52,2647,1322,1325
050,13,139,"Georgia","Hall County",1,53,2659,1322,1337
050,13,139,"Georgia","Hall County",1,54,2657,1329,1328
050,13,139,"Georgia","Hall County",1,55,2787,1441,1346
050,13,139,"Georgia","Hall County",1,56,2743,1414,1329
050,13,139,"Georgia","Hall County",1,57,2665,1362,1303
050,13,139,"Georgia","Hall County",1,58,2634,1346,1288
050,13,139,"Georgia","Hall County",1,59,2539,1265,1274
050,13,139,"Georgia","Hall County",1,60,2384,1182,1202
050,13,139,"Georgia","Hall County",1,61,2368,1159,1209
050,13,139,"Georgia","Hall County",1,62,2363,1126,1237
050,13,139,"Georgia","Hall County",1,63,2308,1106,1202
050,13,139,"Georgia","Hall County",1,64,2285,1088,1197
050,13,139,"Georgia","Hall County",1,65,2199,1039,1160
050,13,139,"Georgia","Hall County",1,66,2078,1011,1067
050,13,139,"Georgia","Hall County",1,67,1941,933,1008
050,13,139,"Georgia","Hall County",1,68,1969,924,1045
050,13,139,"Georgia","Hall County",1,69,1864,881,983
050,13,139,"Georgia","Hall County",1,70,1789,839,950
050,13,139,"Georgia","Hall County",1,71,1796,832,964
050,13,139,"Georgia","Hall County",1,72,1876,860,1016
050,13,139,"Georgia","Hall County",1,73,1932,893,1039
050,13,139,"Georgia","Hall County",1,74,1413,644,769
050,13,139,"Georgia","Hall County",1,75,1367,635,732
050,13,139,"Georgia","Hall County",1,76,1295,588,707
050,13,139,"Georgia","Hall County",1,77,1326,632,694
050,13,139,"Georgia","Hall County",1,78,1136,527,609
050,13,139,"Georgia","Hall County",1,79,994,442,552
050,13,139,"Georgia","Hall County",1,80,865,394,471
050,13,139,"Georgia","Hall County",1,81,802,348,454
050,13,139,"Georgia","Hall County",1,82,734,320,414
050,13,139,"Georgia","Hall County",1,83,625,253,372
050,13,139,"Georgia","Hall County",1,84,552,235,317
050,13,139,"Georgia","Hall County",1,85,3052,1170,1882
050,13,139,"Georgia","Hall County",2,0,2438,1226,1212
050,13,139,"Georgia","Hall County",2,1,2467,1265,1202
050,13,139,"Georgia","Hall County",2,2,2520,1286,1234
050,13,139,"Georgia","Hall County",2,3,2536,1265,1271
050,13,139,"Georgia","Hall County",2,4,2675,1329,1346
050,13,139,"Georgia","Hall County",2,5,2646,1351,1295
050,13,139,"Georgia","Hall County",2,6,2563,1334,1229
050,13,139,"Georgia","Hall County",2,7,2517,1273,1244
050,13,139,"Georgia","Hall County",2,8,2602,1329,1273
050,13,139,"Georgia","Hall County",2,9,2669,1391,1278
050,13,139,"Georgia","Hall County",2,10,2792,1464,1328
050,13,139,"Georgia","Hall County",2,11,2917,1537,1380
050,13,139,"Georgia","Hall County",2,12,3082,1606,1476
050,13,139,"Georgia","Hall County",2,13,3103,1616,1487
050,13,139,"Georgia","Hall County",2,14,3121,1658,1463
050,13,139,"Georgia","Hall County",2,15,3099,1627,1472
050,13,139,"Georgia","Hall County",2,16,3173,1673,1500
050,13,139,"Georgia","Hall County",2,17,3103,1601,1502
050,13,139,"Georgia","Hall County",2,18,2786,1482,1304
050,13,139,"Georgia","Hall County",2,19,2468,1274,1194
050,13,139,"Georgia","Hall County",2,20,2581,1288,1293
050,13,139,"Georgia","Hall County",2,21,2575,1292,1283
050,13,139,"Georgia","Hall County",2,22,2675,1371,1304
050,13,139,"Georgia","Hall County",2,23,2708,1359,1349
050,13,139,"Georgia","Hall County",2,24,2662,1331,1331
050,13,139,"Georgia","Hall County",2,25,2683,1351,1332
050,13,139,"Georgia","Hall County",2,26,2615,1323,1292
050,13,139,"Georgia","Hall County",2,27,2564,1288,1276
050,13,139,"Georgia","Hall County",2,28,2595,1307,1288
050,13,139,"Georgia","Hall County",2,29,2667,1348,1319
050,13,139,"Georgia","Hall County",2,30,2635,1331,1304
050,13,139,"Georgia","Hall County",2,31,2579,1323,1256
050,13,139,"Georgia","Hall County",2,32,2540,1297,1243
050,13,139,"Georgia","Hall County",2,33,2465,1260,1205
050,13,139,"Georgia","Hall County",2,34,2499,1279,1220
050,13,139,"Georgia","Hall County",2,35,2511,1293,1218
050,13,139,"Georgia","Hall County",2,36,2476,1277,1199
050,13,139,"Georgia","Hall County",2,37,2504,1252,1252
050,13,139,"Georgia","Hall County",2,38,2518,1275,1243
050,13,139,"Georgia","Hall County",2,39,2544,1274,1270
050,13,139,"Georgia","Hall County",2,40,2602,1294,1308
050,13,139,"Georgia","Hall County",2,41,2520,1245,1275
050,13,139,"Georgia","Hall County",2,42,2480,1232,1248
050,13,139,"Georgia","Hall County",2,43,2472,1247,1225
050,13,139,"Georgia","Hall County",2,44,2423,1224,1199
050,13,139,"Georgia","Hall County",2,45,2531,1277,1254
050,13,139,"Georgia","Hall County",2,46,2537,1287,1250
050,13,139,"Georgia","Hall County",2,47,2599,1312,1287
050,13,139,"Georgia","Hall County",2,48,2783,1381,1402
050,13,139,"Georgia","Hall County",2,49,2935,1464,1471
050,13,139,"Georgia","Hall County",2,50,2852,1470,1382
050,13,139,"Georgia","Hall County",2,51,2769,1449,1320
050,13,139,"Georgia","Hall County",2,52,2673,1354,1319
050,13,139,"Georgia","Hall County",2,53,2658,1322,1336
050,13,139,"Georgia","Hall County",2,54,2668,1334,1334
050,13,139,"Georgia","Hall County",2,55,2762,1416,1346
050,13,139,"Georgia","Hall County",2,56,2758,1423,1335
050,13,139,"Georgia","Hall County",2,57,2687,1376,1311
050,13,139,"Georgia","Hall County",2,58,2643,1346,1297
050,13,139,"Georgia","Hall County",2,59,2570,1289,1281
050,13,139,"Georgia","Hall County",2,60,2420,1202,1218
050,13,139,"Georgia","Hall County",2,61,2368,1164,1204
050,13,139,"Georgia","Hall County",2,62,2363,1133,1230
050,13,139,"Georgia","Hall County",2,63,2337,1116,1221
050,13,139,"Georgia","Hall County",2,64,2277,1081,1196
050,13,139,"Georgia","Hall County",2,65,2218,1050,1168
050,13,139,"Georgia","Hall County",2,66,2114,1018,1096
050,13,139,"Georgia","Hall County",2,67,1970,947,1023
050,13,139,"Georgia","Hall County",2,68,1950,921,1029
050,13,139,"Georgia","Hall County",2,69,1907,899,1008
050,13,139,"Georgia","Hall County",2,70,1801,848,953
050,13,139,"Georgia","Hall County",2,71,1797,829,968
050,13,139,"Georgia","Hall County",2,72,1827,836,991
050,13,139,"Georgia","Hall County",2,73,2017,932,1085
050,13,139,"Georgia","Hall County",2,74,1445,662,783
050,13,139,"Georgia","Hall County",2,75,1374,633,741
050,13,139,"Georgia","Hall County",2,76,1290,588,702
050,13,139,"Georgia","Hall County",2,77,1339,628,711
050,13,139,"Georgia","Hall County",2,78,1155,536,619
050,13,139,"Georgia","Hall County",2,79,1017,459,558
050,13,139,"Georgia","Hall County",2,80,886,397,489
050,13,139,"Georgia","Hall County",2,81,807,352,455
050,13,139,"Georgia","Hall County",2,82,748,325,423
050,13,139,"Georgia","Hall County",2,83,641,264,377
050,13,139,"Georgia","Hall County",2,84,561,237,324
050,13,139,"Georgia","Hall County",2,85,3049,1185,1864
050,13,139,"Georgia","Hall County",3,0,2476,1223,1253
050,13,139,"Georgia","Hall County",3,1,2429,1243,1186
050,13,139,"Georgia","Hall County",3,2,2497,1286,1211
050,13,139,"Georgia","Hall County",3,3,2531,1279,1252
050,13,139,"Georgia","Hall County",3,4,2578,1293,1285
050,13,139,"Georgia","Hall County",3,5,2672,1328,1344
050,13,139,"Georgia","Hall County",3,6,2692,1382,1310
050,13,139,"Georgia","Hall County",3,7,2587,1327,1260
050,13,139,"Georgia","Hall County",3,8,2555,1289,1266
050,13,139,"Georgia","Hall County",3,9,2666,1365,1301
050,13,139,"Georgia","Hall County",3,10,2704,1420,1284
050,13,139,"Georgia","Hall County",3,11,2800,1458,1342
050,13,139,"Georgia","Hall County",3,12,2965,1572,1393
050,13,139,"Georgia","Hall County",3,13,3100,1614,1486
050,13,139,"Georgia","Hall County",3,14,3181,1673,1508
050,13,139,"Georgia","Hall County",3,15,3120,1674,1446
050,13,139,"Georgia","Hall County",3,16,3190,1698,1492
050,13,139,"Georgia","Hall County",3,17,3180,1643,1537
050,13,139,"Georgia","Hall County",3,18,2822,1456,1366
050,13,139,"Georgia","Hall County",3,19,2486,1259,1227
050,13,139,"Georgia","Hall County",3,20,2640,1328,1312
050,13,139,"Georgia","Hall County",3,21,2743,1342,1401
050,13,139,"Georgia","Hall County",3,22,2750,1361,1389
050,13,139,"Georgia","Hall County",3,23,2790,1421,1369
050,13,139,"Georgia","Hall County",3,24,2734,1388,1346
050,13,139,"Georgia","Hall County",3,25,2704,1351,1353
050,13,139,"Georgia","Hall County",3,26,2733,1407,1326
050,13,139,"Georgia","Hall County",3,27,2624,1320,1304
050,13,139,"Georgia","Hall County",3,28,2601,1320,1281
050,13,139,"Georgia","Hall County",3,29,2673,1329,1344
050,13,139,"Georgia","Hall County",3,30,2719,1408,1311
050,13,139,"Georgia","Hall County",3,31,2694,1372,1322
050,13,139,"Georgia","Hall County",3,32,2644,1344,1300
050,13,139,"Georgia","Hall County",3,33,2588,1322,1266
050,13,139,"Georgia","Hall County",3,34,2526,1284,1242
050,13,139,"Georgia","Hall County",3,35,2542,1295,1247
050,13,139,"Georgia","Hall County",3,36,2594,1324,1270
050,13,139,"Georgia","Hall County",3,37,2533,1295,1238
050,13,139,"Georgia","Hall County",3,38,2545,1278,1267
050,13,139,"Georgia","Hall County",3,39,2583,1313,1270
050,13,139,"Georgia","Hall County",3,40,2590,1301,1289
050,13,139,"Georgia","Hall County",3,41,2634,1314,1320
050,13,139,"Georgia","Hall County",3,42,2559,1255,1304
050,13,139,"Georgia","Hall County",3,43,2539,1263,1276
050,13,139,"Georgia","Hall County",3,44,2520,1264,1256
050,13,139,"Georgia","Hall County",3,45,2463,1239,1224
050,13,139,"Georgia","Hall County",3,46,2514,1275,1239
050,13,139,"Georgia","Hall County",3,47,2523,1267,1256
050,13,139,"Georgia","Hall County",3,48,2633,1327,1306
050,13,139,"Georgia","Hall County",3,49,2865,1415,1450
050,13,139,"Georgia","Hall County",3,50,3019,1518,1501
050,13,139,"Georgia","Hall County",3,51,2895,1482,1413
050,13,139,"Georgia","Hall County",3,52,2818,1467,1351
050,13,139,"Georgia","Hall County",3,53,2712,1388,1324
050,13,139,"Georgia","Hall County",3,54,2715,1346,1369
050,13,139,"Georgia","Hall County",3,55,2702,1348,1354
050,13,139,"Georgia","Hall County",3,56,2779,1414,1365
050,13,139,"Georgia","Hall County",3,57,2779,1428,1351
050,13,139,"Georgia","Hall County",3,58,2757,1399,1358
050,13,139,"Georgia","Hall County",3,59,2698,1392,1306
050,13,139,"Georgia","Hall County",3,60,2587,1282,1305
050,13,139,"Georgia","Hall County",3,61,2448,1210,1238
050,13,139,"Georgia","Hall County",3,62,2337,1147,1190
050,13,139,"Georgia","Hall County",3,63,2354,1119,1235
050,13,139,"Georgia","Hall County",3,64,2331,1114,1217
050,13,139,"Georgia","Hall County",3,65,2289,1090,1199
050,13,139,"Georgia","Hall County",3,66,2235,1053,1182
050,13,139,"Georgia","Hall County",3,67,2097,1009,1088
050,13,139,"Georgia","Hall County",3,68,1952,927,1025
050,13,139,"Georgia","Hall County",3,69,1961,928,1033
050,13,139,"Georgia","Hall County",3,70,1895,883,1012
050,13,139,"Georgia","Hall County",3,71,1809,845,964
050,13,139,"Georgia","Hall County",3,72,1761,820,941
050,13,139,"Georgia","Hall County",3,73,1822,828,994
050,13,139,"Georgia","Hall County",3,74,1968,900,1068
050,13,139,"Georgia","Hall County",3,75,1411,637,774
050,13,139,"Georgia","Hall County",3,76,1334,607,727
050,13,139,"Georgia","Hall County",3,77,1247,578,669
050,13,139,"Georgia","Hall County",3,78,1279,597,682
050,13,139,"Georgia","Hall County",3,79,1120,518,602
050,13,139,"Georgia","Hall County",3,80,998,455,543
050,13,139,"Georgia","Hall County",3,81,845,374,471
050,13,139,"Georgia","Hall County",3,82,748,322,426
050,13,139,"Georgia","Hall County",3,83,693,286,407
050,13,139,"Georgia","Hall County",3,84,578,244,334
050,13,139,"Georgia","Hall County",3,85,3076,1219,1857
050,13,139,"Georgia","Hall County",4,0,2664,1330,1334
050,13,139,"Georgia","Hall County",4,1,2540,1220,1320
050,13,139,"Georgia","Hall County",4,2,2466,1245,1221
050,13,139,"Georgia","Hall County",4,3,2565,1301,1264
050,13,139,"Georgia","Hall County",4,4,2644,1343,1301
050,13,139,"Georgia","Hall County",4,5,2602,1293,1309
050,13,139,"Georgia","Hall County",4,6,2771,1372,1399
050,13,139,"Georgia","Hall County",4,7,2776,1416,1360
050,13,139,"Georgia","Hall County",4,8,2658,1370,1288
050,13,139,"Georgia","Hall County",4,9,2651,1354,1297
050,13,139,"Georgia","Hall County",4,10,2706,1392,1314
050,13,139,"Georgia","Hall County",4,11,2782,1446,1336
050,13,139,"Georgia","Hall County",4,12,2875,1498,1377
050,13,139,"Georgia","Hall County",4,13,3038,1606,1432
050,13,139,"Georgia","Hall County",4,14,3173,1688,1485
050,13,139,"Georgia","Hall County",4,15,3244,1685,1559
050,13,139,"Georgia","Hall County",4,16,3207,1742,1465
050,13,139,"Georgia","Hall County",4,17,3194,1677,1517
050,13,139,"Georgia","Hall County",4,18,2852,1510,1342
050,13,139,"Georgia","Hall County",4,19,2469,1273,1196
050,13,139,"Georgia","Hall County",4,20,2628,1333,1295
050,13,139,"Georgia","Hall County",4,21,2787,1401,1386
050,13,139,"Georgia","Hall County",4,22,2954,1458,1496
050,13,139,"Georgia","Hall County",4,23,2966,1467,1499
050,13,139,"Georgia","Hall County",4,24,2908,1498,1410
050,13,139,"Georgia","Hall County",4,25,2859,1462,1397
050,13,139,"Georgia","Hall County",4,26,2742,1410,1332
050,13,139,"Georgia","Hall County",4,27,2861,1470,1391
050,13,139,"Georgia","Hall County",4,28,2747,1392,1355
050,13,139,"Georgia","Hall County",4,29,2662,1359,1303
050,13,139,"Georgia","Hall County",4,30,2812,1416,1396
050,13,139,"Georgia","Hall County",4,31,2804,1436,1368
050,13,139,"Georgia","Hall County",4,32,2730,1382,1348
050,13,139,"Georgia","Hall County",4,33,2763,1404,1359
050,13,139,"Georgia","Hall County",4,34,2671,1331,1340
050,13,139,"Georgia","Hall County",4,35,2583,1326,1257
050,13,139,"Georgia","Hall County",4,36,2688,1376,1312
050,13,139,"Georgia","Hall County",4,37,2634,1340,1294
050,13,139,"Georgia","Hall County",4,38,2552,1323,1229
050,13,139,"Georgia","Hall County",4,39,2639,1335,1304
050,13,139,"Georgia","Hall County",4,40,2699,1398,1301
050,13,139,"Georgia","Hall County",4,41,2636,1307,1329
050,13,139,"Georgia","Hall County",4,42,2709,1364,1345
050,13,139,"Georgia","Hall County",4,43,2625,1295,1330
050,13,139,"Georgia","Hall County",4,44,2607,1312,1295
050,13,139,"Georgia","Hall County",4,45,2608,1305,1303
050,13,139,"Georgia","Hall County",4,46,2501,1258,1243
050,13,139,"Georgia","Hall County",4,47,2592,1308,1284
050,13,139,"Georgia","Hall County",4,48,2581,1282,1299
050,13,139,"Georgia","Hall County",4,49,2716,1360,1356
050,13,139,"Georgia","Hall County",4,50,2878,1426,1452
050,13,139,"Georgia","Hall County",4,51,3054,1541,1513
050,13,139,"Georgia","Hall County",4,52,2954,1507,1447
050,13,139,"Georgia","Hall County",4,53,2893,1498,1395
050,13,139,"Georgia","Hall County",4,54,2781,1429,1352
050,13,139,"Georgia","Hall County",4,55,2761,1386,1375
050,13,139,"Georgia","Hall County",4,56,2746,1374,1372
050,13,139,"Georgia","Hall County",4,57,2800,1420,1380
050,13,139,"Georgia","Hall County",4,58,2772,1425,1347
050,13,139,"Georgia","Hall County",4,59,2805,1410,1395
050,13,139,"Georgia","Hall County",4,60,2717,1368,1349
050,13,139,"Georgia","Hall County",4,61,2588,1278,1310
050,13,139,"Georgia","Hall County",4,62,2418,1181,1237
050,13,139,"Georgia","Hall County",4,63,2333,1133,1200
050,13,139,"Georgia","Hall County",4,64,2375,1116,1259
050,13,139,"Georgia","Hall County",4,65,2338,1118,1220
050,13,139,"Georgia","Hall County",4,66,2308,1091,1217
050,13,139,"Georgia","Hall County",4,67,2221,1042,1179
050,13,139,"Georgia","Hall County",4,68,2113,1005,1108
050,13,139,"Georgia","Hall County",4,69,1972,949,1023
050,13,139,"Georgia","Hall County",4,70,1964,925,1039
050,13,139,"Georgia","Hall County",4,71,1888,877,1011
050,13,139,"Georgia","Hall County",4,72,1785,836,949
050,13,139,"Georgia","Hall County",4,73,1757,812,945
050,13,139,"Georgia","Hall County",4,74,1803,815,988
050,13,139,"Georgia","Hall County",4,75,1930,891,1039
050,13,139,"Georgia","Hall County",4,76,1384,630,754
050,13,139,"Georgia","Hall County",4,77,1298,588,710
050,13,139,"Georgia","Hall County",4,78,1225,564,661
050,13,139,"Georgia","Hall County",4,79,1223,555,668
050,13,139,"Georgia","Hall County",4,80,1079,501,578
050,13,139,"Georgia","Hall County",4,81,945,419,526
050,13,139,"Georgia","Hall County",4,82,788,359,429
050,13,139,"Georgia","Hall County",4,83,727,305,422
050,13,139,"Georgia","Hall County",4,84,632,257,375
050,13,139,"Georgia","Hall County",4,85,3225,1288,1937
050,13,139,"Georgia","Hall County",5,0,2667,1342,1325
050,13,139,"Georgia","Hall County",5,1,2751,1383,1368
050,13,139,"Georgia","Hall County",5,2,2600,1277,1323
050,13,139,"Georgia","Hall County",5,3,2499,1255,1244
050,13,139,"Georgia","Hall County",5,4,2638,1331,1307
050,13,139,"Georgia","Hall County",5,5,2687,1353,1334
050,13,139,"Georgia","Hall County",5,6,2630,1288,1342
050,13,139,"Georgia","Hall County",5,7,2800,1387,1413
050,13,139,"Georgia","Hall County",5,8,2835,1458,1377
050,13,139,"Georgia","Hall County",5,9,2737,1394,1343
050,13,139,"Georgia","Hall County",5,10,2670,1347,1323
050,13,139,"Georgia","Hall County",5,11,2744,1416,1328
050,13,139,"Georgia","Hall County",5,12,2837,1481,1356
050,13,139,"Georgia","Hall County",5,13,2936,1542,1394
050,13,139,"Georgia","Hall County",5,14,3141,1676,1465
050,13,139,"Georgia","Hall County",5,15,3163,1664,1499
050,13,139,"Georgia","Hall County",5,16,3327,1746,1581
050,13,139,"Georgia","Hall County",5,17,3216,1715,1501
050,13,139,"Georgia","Hall County",5,18,2859,1517,1342
050,13,139,"Georgia","Hall County",5,19,2557,1310,1247
050,13,139,"Georgia","Hall County",5,20,2683,1349,1334
050,13,139,"Georgia","Hall County",5,21,2843,1439,1404
050,13,139,"Georgia","Hall County",5,22,3019,1509,1510
050,13,139,"Georgia","Hall County",5,23,3136,1514,1622
050,13,139,"Georgia","Hall County",5,24,3039,1522,1517
050,13,139,"Georgia","Hall County",5,25,2968,1532,1436
050,13,139,"Georgia","Hall County",5,26,2901,1466,1435
050,13,139,"Georgia","Hall County",5,27,2843,1439,1404
050,13,139,"Georgia","Hall County",5,28,2928,1524,1404
050,13,139,"Georgia","Hall County",5,29,2864,1448,1416
050,13,139,"Georgia","Hall County",5,30,2726,1403,1323
050,13,139,"Georgia","Hall County",5,31,2845,1447,1398
050,13,139,"Georgia","Hall County",5,32,2927,1503,1424
050,13,139,"Georgia","Hall County",5,33,2807,1438,1369
050,13,139,"Georgia","Hall County",5,34,2811,1418,1393
050,13,139,"Georgia","Hall County",5,35,2737,1380,1357
050,13,139,"Georgia","Hall County",5,36,2635,1341,1294
050,13,139,"Georgia","Hall County",5,37,2691,1352,1339
050,13,139,"Georgia","Hall County",5,38,2668,1366,1302
050,13,139,"Georgia","Hall County",5,39,2594,1341,1253
050,13,139,"Georgia","Hall County",5,40,2733,1392,1341
050,13,139,"Georgia","Hall County",5,41,2732,1411,1321
050,13,139,"Georgia","Hall County",5,42,2697,1341,1356
050,13,139,"Georgia","Hall County",5,43,2743,1386,1357
050,13,139,"Georgia","Hall County",5,44,2699,1352,1347
050,13,139,"Georgia","Hall County",5,45,2678,1344,1334
050,13,139,"Georgia","Hall County",5,46,2596,1304,1292
050,13,139,"Georgia","Hall County",5,47,2556,1284,1272
050,13,139,"Georgia","Hall County",5,48,2645,1333,1312
050,13,139,"Georgia","Hall County",5,49,2606,1287,1319
050,13,139,"Georgia","Hall County",5,50,2728,1376,1352
050,13,139,"Georgia","Hall County",5,51,2927,1459,1468
050,13,139,"Georgia","Hall County",5,52,3040,1515,1525
050,13,139,"Georgia","Hall County",5,53,2990,1534,1456
050,13,139,"Georgia","Hall County",5,54,2934,1521,1413
050,13,139,"Georgia","Hall County",5,55,2768,1420,1348
050,13,139,"Georgia","Hall County",5,56,2823,1398,1425
050,13,139,"Georgia","Hall County",5,57,2767,1365,1402
050,13,139,"Georgia","Hall County",5,58,2820,1435,1385
050,13,139,"Georgia","Hall County",5,59,2808,1444,1364
050,13,139,"Georgia","Hall County",5,60,2819,1418,1401
050,13,139,"Georgia","Hall County",5,61,2757,1375,1382
050,13,139,"Georgia","Hall County",5,62,2597,1269,1328
050,13,139,"Georgia","Hall County",5,63,2437,1175,1262
050,13,139,"Georgia","Hall County",5,64,2309,1102,1207
050,13,139,"Georgia","Hall County",5,65,2390,1134,1256
050,13,139,"Georgia","Hall County",5,66,2330,1108,1222
050,13,139,"Georgia","Hall County",5,67,2278,1065,1213
050,13,139,"Georgia","Hall County",5,68,2246,1052,1194
050,13,139,"Georgia","Hall County",5,69,2134,1007,1127
050,13,139,"Georgia","Hall County",5,70,1954,933,1021
050,13,139,"Georgia","Hall County",5,71,1960,922,1038
050,13,139,"Georgia","Hall County",5,72,1887,884,1003
050,13,139,"Georgia","Hall County",5,73,1785,824,961
050,13,139,"Georgia","Hall County",5,74,1735,799,936
050,13,139,"Georgia","Hall County",5,75,1755,803,952
050,13,139,"Georgia","Hall County",5,76,1897,874,1023
050,13,139,"Georgia","Hall County",5,77,1350,625,725
050,13,139,"Georgia","Hall County",5,78,1262,559,703
050,13,139,"Georgia","Hall County",5,79,1198,547,651
050,13,139,"Georgia","Hall County",5,80,1185,541,644
050,13,139,"Georgia","Hall County",5,81,1029,470,559
050,13,139,"Georgia","Hall County",5,82,880,386,494
050,13,139,"Georgia","Hall County",5,83,754,340,414
050,13,139,"Georgia","Hall County",5,84,691,296,395
050,13,139,"Georgia","Hall County",5,85,3399,1360,2039
050,13,141,"Georgia","Hancock County",1,0,54,28,26
050,13,141,"Georgia","Hancock County",1,1,45,27,18
050,13,141,"Georgia","Hancock County",1,2,55,30,25
050,13,141,"Georgia","Hancock County",1,3,67,34,33
050,13,141,"Georgia","Hancock County",1,4,74,38,36
050,13,141,"Georgia","Hancock County",1,5,73,33,40
050,13,141,"Georgia","Hancock County",1,6,59,24,35
050,13,141,"Georgia","Hancock County",1,7,65,36,29
050,13,141,"Georgia","Hancock County",1,8,85,44,41
050,13,141,"Georgia","Hancock County",1,9,77,40,37
050,13,141,"Georgia","Hancock County",1,10,69,39,30
050,13,141,"Georgia","Hancock County",1,11,84,49,35
050,13,141,"Georgia","Hancock County",1,12,89,47,42
050,13,141,"Georgia","Hancock County",1,13,94,45,49
050,13,141,"Georgia","Hancock County",1,14,86,45,41
050,13,141,"Georgia","Hancock County",1,15,72,40,32
050,13,141,"Georgia","Hancock County",1,16,85,48,37
050,13,141,"Georgia","Hancock County",1,17,87,51,36
050,13,141,"Georgia","Hancock County",1,18,89,57,32
050,13,141,"Georgia","Hancock County",1,19,71,45,26
050,13,141,"Georgia","Hancock County",1,20,80,49,31
050,13,141,"Georgia","Hancock County",1,21,97,67,30
050,13,141,"Georgia","Hancock County",1,22,92,61,31
050,13,141,"Georgia","Hancock County",1,23,108,72,36
050,13,141,"Georgia","Hancock County",1,24,107,63,44
050,13,141,"Georgia","Hancock County",1,25,137,83,54
050,13,141,"Georgia","Hancock County",1,26,131,83,48
050,13,141,"Georgia","Hancock County",1,27,106,74,32
050,13,141,"Georgia","Hancock County",1,28,125,88,37
050,13,141,"Georgia","Hancock County",1,29,159,114,45
050,13,141,"Georgia","Hancock County",1,30,144,100,44
050,13,141,"Georgia","Hancock County",1,31,128,96,32
050,13,141,"Georgia","Hancock County",1,32,111,79,32
050,13,141,"Georgia","Hancock County",1,33,90,59,31
050,13,141,"Georgia","Hancock County",1,34,96,66,30
050,13,141,"Georgia","Hancock County",1,35,99,69,30
050,13,141,"Georgia","Hancock County",1,36,91,56,35
050,13,141,"Georgia","Hancock County",1,37,91,60,31
050,13,141,"Georgia","Hancock County",1,38,118,79,39
050,13,141,"Georgia","Hancock County",1,39,123,76,47
050,13,141,"Georgia","Hancock County",1,40,91,57,34
050,13,141,"Georgia","Hancock County",1,41,98,61,37
050,13,141,"Georgia","Hancock County",1,42,103,64,39
050,13,141,"Georgia","Hancock County",1,43,97,58,39
050,13,141,"Georgia","Hancock County",1,44,94,59,35
050,13,141,"Georgia","Hancock County",1,45,82,51,31
050,13,141,"Georgia","Hancock County",1,46,86,45,41
050,13,141,"Georgia","Hancock County",1,47,108,67,41
050,13,141,"Georgia","Hancock County",1,48,97,58,39
050,13,141,"Georgia","Hancock County",1,49,108,61,47
050,13,141,"Georgia","Hancock County",1,50,112,58,54
050,13,141,"Georgia","Hancock County",1,51,114,67,47
050,13,141,"Georgia","Hancock County",1,52,104,65,39
050,13,141,"Georgia","Hancock County",1,53,107,59,48
050,13,141,"Georgia","Hancock County",1,54,147,76,71
050,13,141,"Georgia","Hancock County",1,55,145,68,77
050,13,141,"Georgia","Hancock County",1,56,148,63,85
050,13,141,"Georgia","Hancock County",1,57,112,59,53
050,13,141,"Georgia","Hancock County",1,58,148,71,77
050,13,141,"Georgia","Hancock County",1,59,139,72,67
050,13,141,"Georgia","Hancock County",1,60,119,60,59
050,13,141,"Georgia","Hancock County",1,61,143,75,68
050,13,141,"Georgia","Hancock County",1,62,125,62,63
050,13,141,"Georgia","Hancock County",1,63,144,66,78
050,13,141,"Georgia","Hancock County",1,64,158,69,89
050,13,141,"Georgia","Hancock County",1,65,135,69,66
050,13,141,"Georgia","Hancock County",1,66,153,74,79
050,13,141,"Georgia","Hancock County",1,67,148,76,72
050,13,141,"Georgia","Hancock County",1,68,132,71,61
050,13,141,"Georgia","Hancock County",1,69,115,59,56
050,13,141,"Georgia","Hancock County",1,70,119,59,60
050,13,141,"Georgia","Hancock County",1,71,135,76,59
050,13,141,"Georgia","Hancock County",1,72,123,61,62
050,13,141,"Georgia","Hancock County",1,73,106,52,54
050,13,141,"Georgia","Hancock County",1,74,94,41,53
050,13,141,"Georgia","Hancock County",1,75,101,50,51
050,13,141,"Georgia","Hancock County",1,76,95,49,46
050,13,141,"Georgia","Hancock County",1,77,81,45,36
050,13,141,"Georgia","Hancock County",1,78,66,36,30
050,13,141,"Georgia","Hancock County",1,79,59,29,30
050,13,141,"Georgia","Hancock County",1,80,50,21,29
050,13,141,"Georgia","Hancock County",1,81,39,13,26
050,13,141,"Georgia","Hancock County",1,82,50,21,29
050,13,141,"Georgia","Hancock County",1,83,35,16,19
050,13,141,"Georgia","Hancock County",1,84,28,9,19
050,13,141,"Georgia","Hancock County",1,85,230,66,164
050,13,141,"Georgia","Hancock County",2,0,53,28,25
050,13,141,"Georgia","Hancock County",2,1,48,28,20
050,13,141,"Georgia","Hancock County",2,2,55,30,25
050,13,141,"Georgia","Hancock County",2,3,64,33,31
050,13,141,"Georgia","Hancock County",2,4,72,36,36
050,13,141,"Georgia","Hancock County",2,5,74,34,40
050,13,141,"Georgia","Hancock County",2,6,59,25,34
050,13,141,"Georgia","Hancock County",2,7,65,34,31
050,13,141,"Georgia","Hancock County",2,8,80,43,37
050,13,141,"Georgia","Hancock County",2,9,77,39,38
050,13,141,"Georgia","Hancock County",2,10,71,40,31
050,13,141,"Georgia","Hancock County",2,11,80,46,34
050,13,141,"Georgia","Hancock County",2,12,89,48,41
050,13,141,"Georgia","Hancock County",2,13,93,45,48
050,13,141,"Georgia","Hancock County",2,14,88,45,43
050,13,141,"Georgia","Hancock County",2,15,77,42,35
050,13,141,"Georgia","Hancock County",2,16,81,45,36
050,13,141,"Georgia","Hancock County",2,17,88,52,36
050,13,141,"Georgia","Hancock County",2,18,86,55,31
050,13,141,"Georgia","Hancock County",2,19,73,46,27
050,13,141,"Georgia","Hancock County",2,20,81,50,31
050,13,141,"Georgia","Hancock County",2,21,99,69,30
050,13,141,"Georgia","Hancock County",2,22,93,62,31
050,13,141,"Georgia","Hancock County",2,23,107,71,36
050,13,141,"Georgia","Hancock County",2,24,104,62,42
050,13,141,"Georgia","Hancock County",2,25,134,83,51
050,13,141,"Georgia","Hancock County",2,26,130,82,48
050,13,141,"Georgia","Hancock County",2,27,108,73,35
050,13,141,"Georgia","Hancock County",2,28,123,87,36
050,13,141,"Georgia","Hancock County",2,29,154,111,43
050,13,141,"Georgia","Hancock County",2,30,148,104,44
050,13,141,"Georgia","Hancock County",2,31,131,96,35
050,13,141,"Georgia","Hancock County",2,32,110,79,31
050,13,141,"Georgia","Hancock County",2,33,95,63,32
050,13,141,"Georgia","Hancock County",2,34,95,66,29
050,13,141,"Georgia","Hancock County",2,35,97,68,29
050,13,141,"Georgia","Hancock County",2,36,92,58,34
050,13,141,"Georgia","Hancock County",2,37,90,58,32
050,13,141,"Georgia","Hancock County",2,38,116,78,38
050,13,141,"Georgia","Hancock County",2,39,119,75,44
050,13,141,"Georgia","Hancock County",2,40,98,60,38
050,13,141,"Georgia","Hancock County",2,41,96,60,36
050,13,141,"Georgia","Hancock County",2,42,100,62,38
050,13,141,"Georgia","Hancock County",2,43,100,60,40
050,13,141,"Georgia","Hancock County",2,44,94,59,35
050,13,141,"Georgia","Hancock County",2,45,85,53,32
050,13,141,"Georgia","Hancock County",2,46,83,45,38
050,13,141,"Georgia","Hancock County",2,47,104,63,41
050,13,141,"Georgia","Hancock County",2,48,99,59,40
050,13,141,"Georgia","Hancock County",2,49,107,61,46
050,13,141,"Georgia","Hancock County",2,50,109,57,52
050,13,141,"Georgia","Hancock County",2,51,113,65,48
050,13,141,"Georgia","Hancock County",2,52,106,65,41
050,13,141,"Georgia","Hancock County",2,53,105,59,46
050,13,141,"Georgia","Hancock County",2,54,136,71,65
050,13,141,"Georgia","Hancock County",2,55,148,71,77
050,13,141,"Georgia","Hancock County",2,56,150,65,85
050,13,141,"Georgia","Hancock County",2,57,121,60,61
050,13,141,"Georgia","Hancock County",2,58,143,70,73
050,13,141,"Georgia","Hancock County",2,59,140,71,69
050,13,141,"Georgia","Hancock County",2,60,127,65,62
050,13,141,"Georgia","Hancock County",2,61,140,72,68
050,13,141,"Georgia","Hancock County",2,62,126,62,64
050,13,141,"Georgia","Hancock County",2,63,141,66,75
050,13,141,"Georgia","Hancock County",2,64,154,70,84
050,13,141,"Georgia","Hancock County",2,65,141,68,73
050,13,141,"Georgia","Hancock County",2,66,149,75,74
050,13,141,"Georgia","Hancock County",2,67,147,74,73
050,13,141,"Georgia","Hancock County",2,68,134,72,62
050,13,141,"Georgia","Hancock County",2,69,120,62,58
050,13,141,"Georgia","Hancock County",2,70,117,58,59
050,13,141,"Georgia","Hancock County",2,71,131,72,59
050,13,141,"Georgia","Hancock County",2,72,122,62,60
050,13,141,"Georgia","Hancock County",2,73,110,54,56
050,13,141,"Georgia","Hancock County",2,74,90,41,49
050,13,141,"Georgia","Hancock County",2,75,98,47,51
050,13,141,"Georgia","Hancock County",2,76,96,49,47
050,13,141,"Georgia","Hancock County",2,77,84,46,38
050,13,141,"Georgia","Hancock County",2,78,68,38,30
050,13,141,"Georgia","Hancock County",2,79,61,31,30
050,13,141,"Georgia","Hancock County",2,80,52,22,30
050,13,141,"Georgia","Hancock County",2,81,37,13,24
050,13,141,"Georgia","Hancock County",2,82,46,19,27
050,13,141,"Georgia","Hancock County",2,83,37,17,20
050,13,141,"Georgia","Hancock County",2,84,27,8,19
050,13,141,"Georgia","Hancock County",2,85,220,60,160
050,13,141,"Georgia","Hancock County",3,0,50,24,26
050,13,141,"Georgia","Hancock County",3,1,55,29,26
050,13,141,"Georgia","Hancock County",3,2,51,30,21
050,13,141,"Georgia","Hancock County",3,3,55,30,25
050,13,141,"Georgia","Hancock County",3,4,57,30,27
050,13,141,"Georgia","Hancock County",3,5,69,31,38
050,13,141,"Georgia","Hancock County",3,6,71,30,41
050,13,141,"Georgia","Hancock County",3,7,63,26,37
050,13,141,"Georgia","Hancock County",3,8,65,32,33
050,13,141,"Georgia","Hancock County",3,9,79,41,38
050,13,141,"Georgia","Hancock County",3,10,78,40,38
050,13,141,"Georgia","Hancock County",3,11,74,39,35
050,13,141,"Georgia","Hancock County",3,12,80,46,34
050,13,141,"Georgia","Hancock County",3,13,87,42,45
050,13,141,"Georgia","Hancock County",3,14,94,46,48
050,13,141,"Georgia","Hancock County",3,15,89,45,44
050,13,141,"Georgia","Hancock County",3,16,79,41,38
050,13,141,"Georgia","Hancock County",3,17,77,45,32
050,13,141,"Georgia","Hancock County",3,18,88,58,30
050,13,141,"Georgia","Hancock County",3,19,70,45,25
050,13,141,"Georgia","Hancock County",3,20,92,58,34
050,13,141,"Georgia","Hancock County",3,21,103,72,31
050,13,141,"Georgia","Hancock County",3,22,90,57,33
050,13,141,"Georgia","Hancock County",3,23,95,65,30
050,13,141,"Georgia","Hancock County",3,24,100,67,33
050,13,141,"Georgia","Hancock County",3,25,123,86,37
050,13,141,"Georgia","Hancock County",3,26,137,86,51
050,13,141,"Georgia","Hancock County",3,27,116,73,43
050,13,141,"Georgia","Hancock County",3,28,107,78,29
050,13,141,"Georgia","Hancock County",3,29,141,102,39
050,13,141,"Georgia","Hancock County",3,30,150,109,41
050,13,141,"Georgia","Hancock County",3,31,140,100,40
050,13,141,"Georgia","Hancock County",3,32,123,91,32
050,13,141,"Georgia","Hancock County",3,33,110,73,37
050,13,141,"Georgia","Hancock County",3,34,93,67,26
050,13,141,"Georgia","Hancock County",3,35,88,65,23
050,13,141,"Georgia","Hancock County",3,36,99,65,34
050,13,141,"Georgia","Hancock County",3,37,101,65,36
050,13,141,"Georgia","Hancock County",3,38,101,67,34
050,13,141,"Georgia","Hancock County",3,39,116,79,37
050,13,141,"Georgia","Hancock County",3,40,115,71,44
050,13,141,"Georgia","Hancock County",3,41,96,62,34
050,13,141,"Georgia","Hancock County",3,42,96,62,34
050,13,141,"Georgia","Hancock County",3,43,100,64,36
050,13,141,"Georgia","Hancock County",3,44,110,72,38
050,13,141,"Georgia","Hancock County",3,45,88,54,34
050,13,141,"Georgia","Hancock County",3,46,88,53,35
050,13,141,"Georgia","Hancock County",3,47,96,60,36
050,13,141,"Georgia","Hancock County",3,48,101,57,44
050,13,141,"Georgia","Hancock County",3,49,106,63,43
050,13,141,"Georgia","Hancock County",3,50,102,55,47
050,13,141,"Georgia","Hancock County",3,51,116,63,53
050,13,141,"Georgia","Hancock County",3,52,115,77,38
050,13,141,"Georgia","Hancock County",3,53,102,56,46
050,13,141,"Georgia","Hancock County",3,54,93,54,39
050,13,141,"Georgia","Hancock County",3,55,136,68,68
050,13,141,"Georgia","Hancock County",3,56,145,74,71
050,13,141,"Georgia","Hancock County",3,57,141,59,82
050,13,141,"Georgia","Hancock County",3,58,128,66,62
050,13,141,"Georgia","Hancock County",3,59,137,64,73
050,13,141,"Georgia","Hancock County",3,60,145,72,73
050,13,141,"Georgia","Hancock County",3,61,134,65,69
050,13,141,"Georgia","Hancock County",3,62,136,72,64
050,13,141,"Georgia","Hancock County",3,63,130,65,65
050,13,141,"Georgia","Hancock County",3,64,137,68,69
050,13,141,"Georgia","Hancock County",3,65,134,59,75
050,13,141,"Georgia","Hancock County",3,66,147,72,75
050,13,141,"Georgia","Hancock County",3,67,144,69,75
050,13,141,"Georgia","Hancock County",3,68,154,80,74
050,13,141,"Georgia","Hancock County",3,69,134,74,60
050,13,141,"Georgia","Hancock County",3,70,117,59,58
050,13,141,"Georgia","Hancock County",3,71,115,58,57
050,13,141,"Georgia","Hancock County",3,72,118,60,58
050,13,141,"Georgia","Hancock County",3,73,120,59,61
050,13,141,"Georgia","Hancock County",3,74,106,51,55
050,13,141,"Georgia","Hancock County",3,75,85,40,45
050,13,141,"Georgia","Hancock County",3,76,98,44,54
050,13,141,"Georgia","Hancock County",3,77,86,43,43
050,13,141,"Georgia","Hancock County",3,78,82,47,35
050,13,141,"Georgia","Hancock County",3,79,62,34,28
050,13,141,"Georgia","Hancock County",3,80,60,26,34
050,13,141,"Georgia","Hancock County",3,81,43,19,24
050,13,141,"Georgia","Hancock County",3,82,34,10,24
050,13,141,"Georgia","Hancock County",3,83,43,18,25
050,13,141,"Georgia","Hancock County",3,84,36,15,21
050,13,141,"Georgia","Hancock County",3,85,210,47,163
050,13,141,"Georgia","Hancock County",4,0,51,29,22
050,13,141,"Georgia","Hancock County",4,1,52,29,23
050,13,141,"Georgia","Hancock County",4,2,52,27,25
050,13,141,"Georgia","Hancock County",4,3,50,30,20
050,13,141,"Georgia","Hancock County",4,4,48,26,22
050,13,141,"Georgia","Hancock County",4,5,55,29,26
050,13,141,"Georgia","Hancock County",4,6,66,29,37
050,13,141,"Georgia","Hancock County",4,7,72,33,39
050,13,141,"Georgia","Hancock County",4,8,56,25,31
050,13,141,"Georgia","Hancock County",4,9,68,36,32
050,13,141,"Georgia","Hancock County",4,10,71,36,35
050,13,141,"Georgia","Hancock County",4,11,80,41,39
050,13,141,"Georgia","Hancock County",4,12,73,39,34
050,13,141,"Georgia","Hancock County",4,13,77,46,31
050,13,141,"Georgia","Hancock County",4,14,92,46,46
050,13,141,"Georgia","Hancock County",4,15,95,48,47
050,13,141,"Georgia","Hancock County",4,16,88,45,43
050,13,141,"Georgia","Hancock County",4,17,78,43,35
050,13,141,"Georgia","Hancock County",4,18,81,48,33
050,13,141,"Georgia","Hancock County",4,19,77,47,30
050,13,141,"Georgia","Hancock County",4,20,75,49,26
050,13,141,"Georgia","Hancock County",4,21,106,74,32
050,13,141,"Georgia","Hancock County",4,22,81,51,30
050,13,141,"Georgia","Hancock County",4,23,94,58,36
050,13,141,"Georgia","Hancock County",4,24,86,53,33
050,13,141,"Georgia","Hancock County",4,25,112,80,32
050,13,141,"Georgia","Hancock County",4,26,111,77,34
050,13,141,"Georgia","Hancock County",4,27,112,64,48
050,13,141,"Georgia","Hancock County",4,28,108,67,41
050,13,141,"Georgia","Hancock County",4,29,115,90,25
050,13,141,"Georgia","Hancock County",4,30,132,96,36
050,13,141,"Georgia","Hancock County",4,31,127,88,39
050,13,141,"Georgia","Hancock County",4,32,115,78,37
050,13,141,"Georgia","Hancock County",4,33,109,76,33
050,13,141,"Georgia","Hancock County",4,34,106,71,35
050,13,141,"Georgia","Hancock County",4,35,90,65,25
050,13,141,"Georgia","Hancock County",4,36,74,53,21
050,13,141,"Georgia","Hancock County",4,37,98,61,37
050,13,141,"Georgia","Hancock County",4,38,97,61,36
050,13,141,"Georgia","Hancock County",4,39,90,59,31
050,13,141,"Georgia","Hancock County",4,40,103,66,37
050,13,141,"Georgia","Hancock County",4,41,113,67,46
050,13,141,"Georgia","Hancock County",4,42,89,56,33
050,13,141,"Georgia","Hancock County",4,43,97,62,35
050,13,141,"Georgia","Hancock County",4,44,96,63,33
050,13,141,"Georgia","Hancock County",4,45,100,59,41
050,13,141,"Georgia","Hancock County",4,46,82,47,35
050,13,141,"Georgia","Hancock County",4,47,94,60,34
050,13,141,"Georgia","Hancock County",4,48,78,42,36
050,13,141,"Georgia","Hancock County",4,49,98,52,46
050,13,141,"Georgia","Hancock County",4,50,96,54,42
050,13,141,"Georgia","Hancock County",4,51,113,60,53
050,13,141,"Georgia","Hancock County",4,52,115,65,50
050,13,141,"Georgia","Hancock County",4,53,114,67,47
050,13,141,"Georgia","Hancock County",4,54,103,57,46
050,13,141,"Georgia","Hancock County",4,55,106,57,49
050,13,141,"Georgia","Hancock County",4,56,140,72,68
050,13,141,"Georgia","Hancock County",4,57,142,72,70
050,13,141,"Georgia","Hancock County",4,58,144,63,81
050,13,141,"Georgia","Hancock County",4,59,117,60,57
050,13,141,"Georgia","Hancock County",4,60,149,75,74
050,13,141,"Georgia","Hancock County",4,61,146,74,72
050,13,141,"Georgia","Hancock County",4,62,135,64,71
050,13,141,"Georgia","Hancock County",4,63,140,72,68
050,13,141,"Georgia","Hancock County",4,64,119,63,56
050,13,141,"Georgia","Hancock County",4,65,135,64,71
050,13,141,"Georgia","Hancock County",4,66,137,63,74
050,13,141,"Georgia","Hancock County",4,67,142,68,74
050,13,141,"Georgia","Hancock County",4,68,152,73,79
050,13,141,"Georgia","Hancock County",4,69,154,81,73
050,13,141,"Georgia","Hancock County",4,70,128,71,57
050,13,141,"Georgia","Hancock County",4,71,118,59,59
050,13,141,"Georgia","Hancock County",4,72,104,50,54
050,13,141,"Georgia","Hancock County",4,73,117,59,58
050,13,141,"Georgia","Hancock County",4,74,110,53,57
050,13,141,"Georgia","Hancock County",4,75,99,48,51
050,13,141,"Georgia","Hancock County",4,76,85,41,44
050,13,141,"Georgia","Hancock County",4,77,84,36,48
050,13,141,"Georgia","Hancock County",4,78,86,45,41
050,13,141,"Georgia","Hancock County",4,79,75,42,33
050,13,141,"Georgia","Hancock County",4,80,61,30,31
050,13,141,"Georgia","Hancock County",4,81,54,26,28
050,13,141,"Georgia","Hancock County",4,82,39,15,24
050,13,141,"Georgia","Hancock County",4,83,32,10,22
050,13,141,"Georgia","Hancock County",4,84,38,14,24
050,13,141,"Georgia","Hancock County",4,85,218,54,164
050,13,141,"Georgia","Hancock County",5,0,51,30,21
050,13,141,"Georgia","Hancock County",5,1,58,36,22
050,13,141,"Georgia","Hancock County",5,2,56,29,27
050,13,141,"Georgia","Hancock County",5,3,57,28,29
050,13,141,"Georgia","Hancock County",5,4,54,33,21
050,13,141,"Georgia","Hancock County",5,5,48,23,25
050,13,141,"Georgia","Hancock County",5,6,60,31,29
050,13,141,"Georgia","Hancock County",5,7,69,31,38
050,13,141,"Georgia","Hancock County",5,8,78,33,45
050,13,141,"Georgia","Hancock County",5,9,59,29,30
050,13,141,"Georgia","Hancock County",5,10,80,41,39
050,13,141,"Georgia","Hancock County",5,11,70,35,35
050,13,141,"Georgia","Hancock County",5,12,82,42,40
050,13,141,"Georgia","Hancock County",5,13,77,43,34
050,13,141,"Georgia","Hancock County",5,14,78,45,33
050,13,141,"Georgia","Hancock County",5,15,93,49,44
050,13,141,"Georgia","Hancock County",5,16,96,50,46
050,13,141,"Georgia","Hancock County",5,17,91,47,44
050,13,141,"Georgia","Hancock County",5,18,81,49,32
050,13,141,"Georgia","Hancock County",5,19,71,42,29
050,13,141,"Georgia","Hancock County",5,20,92,60,32
050,13,141,"Georgia","Hancock County",5,21,98,72,26
050,13,141,"Georgia","Hancock County",5,22,105,72,33
050,13,141,"Georgia","Hancock County",5,23,92,63,29
050,13,141,"Georgia","Hancock County",5,24,96,59,37
050,13,141,"Georgia","Hancock County",5,25,106,78,28
050,13,141,"Georgia","Hancock County",5,26,120,83,37
050,13,141,"Georgia","Hancock County",5,27,101,73,28
050,13,141,"Georgia","Hancock County",5,28,127,81,46
050,13,141,"Georgia","Hancock County",5,29,135,93,42
050,13,141,"Georgia","Hancock County",5,30,128,93,35
050,13,141,"Georgia","Hancock County",5,31,141,102,39
050,13,141,"Georgia","Hancock County",5,32,127,86,41
050,13,141,"Georgia","Hancock County",5,33,122,77,45
050,13,141,"Georgia","Hancock County",5,34,120,85,35
050,13,141,"Georgia","Hancock County",5,35,118,82,36
050,13,141,"Georgia","Hancock County",5,36,89,64,25
050,13,141,"Georgia","Hancock County",5,37,86,59,27
050,13,141,"Georgia","Hancock County",5,38,115,80,35
050,13,141,"Georgia","Hancock County",5,39,104,66,38
050,13,141,"Georgia","Hancock County",5,40,92,56,36
050,13,141,"Georgia","Hancock County",5,41,101,67,34
050,13,141,"Georgia","Hancock County",5,42,120,72,48
050,13,141,"Georgia","Hancock County",5,43,99,64,35
050,13,141,"Georgia","Hancock County",5,44,108,71,37
050,13,141,"Georgia","Hancock County",5,45,94,60,34
050,13,141,"Georgia","Hancock County",5,46,106,64,42
050,13,141,"Georgia","Hancock County",5,47,100,64,36
050,13,141,"Georgia","Hancock County",5,48,89,54,35
050,13,141,"Georgia","Hancock County",5,49,82,45,37
050,13,141,"Georgia","Hancock County",5,50,94,46,48
050,13,141,"Georgia","Hancock County",5,51,115,68,47
050,13,141,"Georgia","Hancock County",5,52,123,69,54
050,13,141,"Georgia","Hancock County",5,53,107,54,53
050,13,141,"Georgia","Hancock County",5,54,108,67,41
050,13,141,"Georgia","Hancock County",5,55,113,60,53
050,13,141,"Georgia","Hancock County",5,56,108,58,50
050,13,141,"Georgia","Hancock County",5,57,132,68,64
050,13,141,"Georgia","Hancock County",5,58,142,70,72
050,13,141,"Georgia","Hancock County",5,59,139,61,78
050,13,141,"Georgia","Hancock County",5,60,118,63,55
050,13,141,"Georgia","Hancock County",5,61,148,74,74
050,13,141,"Georgia","Hancock County",5,62,137,65,72
050,13,141,"Georgia","Hancock County",5,63,139,64,75
050,13,141,"Georgia","Hancock County",5,64,137,79,58
050,13,141,"Georgia","Hancock County",5,65,118,61,57
050,13,141,"Georgia","Hancock County",5,66,144,70,74
050,13,141,"Georgia","Hancock County",5,67,128,57,71
050,13,141,"Georgia","Hancock County",5,68,147,69,78
050,13,141,"Georgia","Hancock County",5,69,155,78,77
050,13,141,"Georgia","Hancock County",5,70,151,81,70
050,13,141,"Georgia","Hancock County",5,71,127,74,53
050,13,141,"Georgia","Hancock County",5,72,108,50,58
050,13,141,"Georgia","Hancock County",5,73,95,48,47
050,13,141,"Georgia","Hancock County",5,74,115,56,59
050,13,141,"Georgia","Hancock County",5,75,107,53,54
050,13,141,"Georgia","Hancock County",5,76,92,44,48
050,13,141,"Georgia","Hancock County",5,77,76,35,41
050,13,141,"Georgia","Hancock County",5,78,85,38,47
050,13,141,"Georgia","Hancock County",5,79,81,42,39
050,13,141,"Georgia","Hancock County",5,80,75,39,36
050,13,141,"Georgia","Hancock County",5,81,57,30,27
050,13,141,"Georgia","Hancock County",5,82,51,24,27
050,13,141,"Georgia","Hancock County",5,83,37,15,22
050,13,141,"Georgia","Hancock County",5,84,30,8,22
050,13,141,"Georgia","Hancock County",5,85,215,55,160
050,13,143,"Georgia","Haralson County",1,0,353,179,174
050,13,143,"Georgia","Haralson County",1,1,395,190,205
050,13,143,"Georgia","Haralson County",1,2,385,199,186
050,13,143,"Georgia","Haralson County",1,3,381,190,191
050,13,143,"Georgia","Haralson County",1,4,373,183,190
050,13,143,"Georgia","Haralson County",1,5,381,187,194
050,13,143,"Georgia","Haralson County",1,6,399,204,195
050,13,143,"Georgia","Haralson County",1,7,378,190,188
050,13,143,"Georgia","Haralson County",1,8,380,191,189
050,13,143,"Georgia","Haralson County",1,9,400,194,206
050,13,143,"Georgia","Haralson County",1,10,446,224,222
050,13,143,"Georgia","Haralson County",1,11,416,215,201
050,13,143,"Georgia","Haralson County",1,12,435,219,216
050,13,143,"Georgia","Haralson County",1,13,443,219,224
050,13,143,"Georgia","Haralson County",1,14,426,205,221
050,13,143,"Georgia","Haralson County",1,15,428,220,208
050,13,143,"Georgia","Haralson County",1,16,448,223,225
050,13,143,"Georgia","Haralson County",1,17,434,212,222
050,13,143,"Georgia","Haralson County",1,18,357,178,179
050,13,143,"Georgia","Haralson County",1,19,307,155,152
050,13,143,"Georgia","Haralson County",1,20,298,160,138
050,13,143,"Georgia","Haralson County",1,21,331,175,156
050,13,143,"Georgia","Haralson County",1,22,362,183,179
050,13,143,"Georgia","Haralson County",1,23,353,156,197
050,13,143,"Georgia","Haralson County",1,24,355,174,181
050,13,143,"Georgia","Haralson County",1,25,333,175,158
050,13,143,"Georgia","Haralson County",1,26,358,182,176
050,13,143,"Georgia","Haralson County",1,27,393,201,192
050,13,143,"Georgia","Haralson County",1,28,389,194,195
050,13,143,"Georgia","Haralson County",1,29,409,193,216
050,13,143,"Georgia","Haralson County",1,30,398,197,201
050,13,143,"Georgia","Haralson County",1,31,393,183,210
050,13,143,"Georgia","Haralson County",1,32,370,178,192
050,13,143,"Georgia","Haralson County",1,33,392,198,194
050,13,143,"Georgia","Haralson County",1,34,389,219,170
050,13,143,"Georgia","Haralson County",1,35,371,182,189
050,13,143,"Georgia","Haralson County",1,36,376,173,203
050,13,143,"Georgia","Haralson County",1,37,375,171,204
050,13,143,"Georgia","Haralson County",1,38,366,172,194
050,13,143,"Georgia","Haralson County",1,39,378,176,202
050,13,143,"Georgia","Haralson County",1,40,358,178,180
050,13,143,"Georgia","Haralson County",1,41,356,161,195
050,13,143,"Georgia","Haralson County",1,42,349,182,167
050,13,143,"Georgia","Haralson County",1,43,363,194,169
050,13,143,"Georgia","Haralson County",1,44,358,171,187
050,13,143,"Georgia","Haralson County",1,45,370,177,193
050,13,143,"Georgia","Haralson County",1,46,393,193,200
050,13,143,"Georgia","Haralson County",1,47,390,200,190
050,13,143,"Georgia","Haralson County",1,48,426,206,220
050,13,143,"Georgia","Haralson County",1,49,467,230,237
050,13,143,"Georgia","Haralson County",1,50,460,229,231
050,13,143,"Georgia","Haralson County",1,51,433,227,206
050,13,143,"Georgia","Haralson County",1,52,417,216,201
050,13,143,"Georgia","Haralson County",1,53,419,211,208
050,13,143,"Georgia","Haralson County",1,54,403,191,212
050,13,143,"Georgia","Haralson County",1,55,423,219,204
050,13,143,"Georgia","Haralson County",1,56,430,230,200
050,13,143,"Georgia","Haralson County",1,57,420,213,207
050,13,143,"Georgia","Haralson County",1,58,369,190,179
050,13,143,"Georgia","Haralson County",1,59,387,217,170
050,13,143,"Georgia","Haralson County",1,60,375,187,188
050,13,143,"Georgia","Haralson County",1,61,362,185,177
050,13,143,"Georgia","Haralson County",1,62,373,188,185
050,13,143,"Georgia","Haralson County",1,63,364,173,191
050,13,143,"Georgia","Haralson County",1,64,334,160,174
050,13,143,"Georgia","Haralson County",1,65,322,155,167
050,13,143,"Georgia","Haralson County",1,66,315,156,159
050,13,143,"Georgia","Haralson County",1,67,302,135,167
050,13,143,"Georgia","Haralson County",1,68,290,114,176
050,13,143,"Georgia","Haralson County",1,69,273,124,149
050,13,143,"Georgia","Haralson County",1,70,281,125,156
050,13,143,"Georgia","Haralson County",1,71,296,124,172
050,13,143,"Georgia","Haralson County",1,72,284,124,160
050,13,143,"Georgia","Haralson County",1,73,296,135,161
050,13,143,"Georgia","Haralson County",1,74,188,95,93
050,13,143,"Georgia","Haralson County",1,75,230,107,123
050,13,143,"Georgia","Haralson County",1,76,202,83,119
050,13,143,"Georgia","Haralson County",1,77,197,85,112
050,13,143,"Georgia","Haralson County",1,78,169,78,91
050,13,143,"Georgia","Haralson County",1,79,157,71,86
050,13,143,"Georgia","Haralson County",1,80,145,69,76
050,13,143,"Georgia","Haralson County",1,81,116,49,67
050,13,143,"Georgia","Haralson County",1,82,111,46,65
050,13,143,"Georgia","Haralson County",1,83,101,45,56
050,13,143,"Georgia","Haralson County",1,84,87,41,46
050,13,143,"Georgia","Haralson County",1,85,402,142,260
050,13,143,"Georgia","Haralson County",2,0,358,174,184
050,13,143,"Georgia","Haralson County",2,1,387,189,198
050,13,143,"Georgia","Haralson County",2,2,393,200,193
050,13,143,"Georgia","Haralson County",2,3,384,193,191
050,13,143,"Georgia","Haralson County",2,4,379,187,192
050,13,143,"Georgia","Haralson County",2,5,384,188,196
050,13,143,"Georgia","Haralson County",2,6,397,201,196
050,13,143,"Georgia","Haralson County",2,7,384,192,192
050,13,143,"Georgia","Haralson County",2,8,376,188,188
050,13,143,"Georgia","Haralson County",2,9,394,193,201
050,13,143,"Georgia","Haralson County",2,10,435,217,218
050,13,143,"Georgia","Haralson County",2,11,425,219,206
050,13,143,"Georgia","Haralson County",2,12,433,219,214
050,13,143,"Georgia","Haralson County",2,13,441,219,222
050,13,143,"Georgia","Haralson County",2,14,430,210,220
050,13,143,"Georgia","Haralson County",2,15,431,217,214
050,13,143,"Georgia","Haralson County",2,16,447,224,223
050,13,143,"Georgia","Haralson County",2,17,441,217,224
050,13,143,"Georgia","Haralson County",2,18,361,182,179
050,13,143,"Georgia","Haralson County",2,19,303,154,149
050,13,143,"Georgia","Haralson County",2,20,312,164,148
050,13,143,"Georgia","Haralson County",2,21,327,173,154
050,13,143,"Georgia","Haralson County",2,22,358,181,177
050,13,143,"Georgia","Haralson County",2,23,363,166,197
050,13,143,"Georgia","Haralson County",2,24,354,170,184
050,13,143,"Georgia","Haralson County",2,25,341,176,165
050,13,143,"Georgia","Haralson County",2,26,361,184,177
050,13,143,"Georgia","Haralson County",2,27,390,200,190
050,13,143,"Georgia","Haralson County",2,28,394,198,196
050,13,143,"Georgia","Haralson County",2,29,406,195,211
050,13,143,"Georgia","Haralson County",2,30,406,199,207
050,13,143,"Georgia","Haralson County",2,31,396,189,207
050,13,143,"Georgia","Haralson County",2,32,380,183,197
050,13,143,"Georgia","Haralson County",2,33,390,195,195
050,13,143,"Georgia","Haralson County",2,34,390,214,176
050,13,143,"Georgia","Haralson County",2,35,381,196,185
050,13,143,"Georgia","Haralson County",2,36,372,174,198
050,13,143,"Georgia","Haralson County",2,37,380,175,205
050,13,143,"Georgia","Haralson County",2,38,375,174,201
050,13,143,"Georgia","Haralson County",2,39,375,176,199
050,13,143,"Georgia","Haralson County",2,40,371,180,191
050,13,143,"Georgia","Haralson County",2,41,362,168,194
050,13,143,"Georgia","Haralson County",2,42,355,180,175
050,13,143,"Georgia","Haralson County",2,43,366,195,171
050,13,143,"Georgia","Haralson County",2,44,355,175,180
050,13,143,"Georgia","Haralson County",2,45,370,176,194
050,13,143,"Georgia","Haralson County",2,46,388,190,198
050,13,143,"Georgia","Haralson County",2,47,389,197,192
050,13,143,"Georgia","Haralson County",2,48,416,206,210
050,13,143,"Georgia","Haralson County",2,49,455,225,230
050,13,143,"Georgia","Haralson County",2,50,466,231,235
050,13,143,"Georgia","Haralson County",2,51,438,225,213
050,13,143,"Georgia","Haralson County",2,52,419,218,201
050,13,143,"Georgia","Haralson County",2,53,420,212,208
050,13,143,"Georgia","Haralson County",2,54,407,196,211
050,13,143,"Georgia","Haralson County",2,55,417,211,206
050,13,143,"Georgia","Haralson County",2,56,426,227,199
050,13,143,"Georgia","Haralson County",2,57,419,214,205
050,13,143,"Georgia","Haralson County",2,58,379,195,184
050,13,143,"Georgia","Haralson County",2,59,387,212,175
050,13,143,"Georgia","Haralson County",2,60,377,193,184
050,13,143,"Georgia","Haralson County",2,61,366,185,181
050,13,143,"Georgia","Haralson County",2,62,368,185,183
050,13,143,"Georgia","Haralson County",2,63,368,179,189
050,13,143,"Georgia","Haralson County",2,64,338,161,177
050,13,143,"Georgia","Haralson County",2,65,326,157,169
050,13,143,"Georgia","Haralson County",2,66,319,157,162
050,13,143,"Georgia","Haralson County",2,67,302,137,165
050,13,143,"Georgia","Haralson County",2,68,287,118,169
050,13,143,"Georgia","Haralson County",2,69,279,122,157
050,13,143,"Georgia","Haralson County",2,70,277,124,153
050,13,143,"Georgia","Haralson County",2,71,288,121,167
050,13,143,"Georgia","Haralson County",2,72,278,121,157
050,13,143,"Georgia","Haralson County",2,73,303,138,165
050,13,143,"Georgia","Haralson County",2,74,197,96,101
050,13,143,"Georgia","Haralson County",2,75,218,104,114
050,13,143,"Georgia","Haralson County",2,76,206,89,117
050,13,143,"Georgia","Haralson County",2,77,204,87,117
050,13,143,"Georgia","Haralson County",2,78,170,77,93
050,13,143,"Georgia","Haralson County",2,79,162,74,88
050,13,143,"Georgia","Haralson County",2,80,143,66,77
050,13,143,"Georgia","Haralson County",2,81,122,54,68
050,13,143,"Georgia","Haralson County",2,82,108,45,63
050,13,143,"Georgia","Haralson County",2,83,101,44,57
050,13,143,"Georgia","Haralson County",2,84,88,39,49
050,13,143,"Georgia","Haralson County",2,85,402,143,259
050,13,143,"Georgia","Haralson County",3,0,351,173,178
050,13,143,"Georgia","Haralson County",3,1,386,183,203
050,13,143,"Georgia","Haralson County",3,2,386,193,193
050,13,143,"Georgia","Haralson County",3,3,403,200,203
050,13,143,"Georgia","Haralson County",3,4,417,215,202
050,13,143,"Georgia","Haralson County",3,5,397,191,206
050,13,143,"Georgia","Haralson County",3,6,401,199,202
050,13,143,"Georgia","Haralson County",3,7,412,205,207
050,13,143,"Georgia","Haralson County",3,8,418,204,214
050,13,143,"Georgia","Haralson County",3,9,390,201,189
050,13,143,"Georgia","Haralson County",3,10,408,205,203
050,13,143,"Georgia","Haralson County",3,11,440,211,229
050,13,143,"Georgia","Haralson County",3,12,425,222,203
050,13,143,"Georgia","Haralson County",3,13,446,224,222
050,13,143,"Georgia","Haralson County",3,14,462,231,231
050,13,143,"Georgia","Haralson County",3,15,432,219,213
050,13,143,"Georgia","Haralson County",3,16,438,227,211
050,13,143,"Georgia","Haralson County",3,17,433,213,220
050,13,143,"Georgia","Haralson County",3,18,374,188,186
050,13,143,"Georgia","Haralson County",3,19,285,148,137
050,13,143,"Georgia","Haralson County",3,20,333,168,165
050,13,143,"Georgia","Haralson County",3,21,324,171,153
050,13,143,"Georgia","Haralson County",3,22,352,173,179
050,13,143,"Georgia","Haralson County",3,23,394,196,198
050,13,143,"Georgia","Haralson County",3,24,389,180,209
050,13,143,"Georgia","Haralson County",3,25,374,172,202
050,13,143,"Georgia","Haralson County",3,26,359,185,174
050,13,143,"Georgia","Haralson County",3,27,368,177,191
050,13,143,"Georgia","Haralson County",3,28,401,206,195
050,13,143,"Georgia","Haralson County",3,29,399,199,200
050,13,143,"Georgia","Haralson County",3,30,415,204,211
050,13,143,"Georgia","Haralson County",3,31,421,208,213
050,13,143,"Georgia","Haralson County",3,32,407,199,208
050,13,143,"Georgia","Haralson County",3,33,391,199,192
050,13,143,"Georgia","Haralson County",3,34,417,216,201
050,13,143,"Georgia","Haralson County",3,35,407,221,186
050,13,143,"Georgia","Haralson County",3,36,404,216,188
050,13,143,"Georgia","Haralson County",3,37,377,173,204
050,13,143,"Georgia","Haralson County",3,38,381,176,205
050,13,143,"Georgia","Haralson County",3,39,379,185,194
050,13,143,"Georgia","Haralson County",3,40,389,182,207
050,13,143,"Georgia","Haralson County",3,41,381,190,191
050,13,143,"Georgia","Haralson County",3,42,360,156,204
050,13,143,"Georgia","Haralson County",3,43,364,189,175
050,13,143,"Georgia","Haralson County",3,44,379,201,178
050,13,143,"Georgia","Haralson County",3,45,356,176,180
050,13,143,"Georgia","Haralson County",3,46,392,184,208
050,13,143,"Georgia","Haralson County",3,47,377,182,195
050,13,143,"Georgia","Haralson County",3,48,412,206,206
050,13,143,"Georgia","Haralson County",3,49,426,205,221
050,13,143,"Georgia","Haralson County",3,50,456,224,232
050,13,143,"Georgia","Haralson County",3,51,458,229,229
050,13,143,"Georgia","Haralson County",3,52,430,222,208
050,13,143,"Georgia","Haralson County",3,53,429,224,205
050,13,143,"Georgia","Haralson County",3,54,419,212,207
050,13,143,"Georgia","Haralson County",3,55,411,197,214
050,13,143,"Georgia","Haralson County",3,56,427,213,214
050,13,143,"Georgia","Haralson County",3,57,431,232,199
050,13,143,"Georgia","Haralson County",3,58,428,226,202
050,13,143,"Georgia","Haralson County",3,59,379,193,186
050,13,143,"Georgia","Haralson County",3,60,385,212,173
050,13,143,"Georgia","Haralson County",3,61,374,190,184
050,13,143,"Georgia","Haralson County",3,62,362,179,183
050,13,143,"Georgia","Haralson County",3,63,361,177,184
050,13,143,"Georgia","Haralson County",3,64,372,181,191
050,13,143,"Georgia","Haralson County",3,65,332,157,175
050,13,143,"Georgia","Haralson County",3,66,330,160,170
050,13,143,"Georgia","Haralson County",3,67,309,148,161
050,13,143,"Georgia","Haralson County",3,68,296,136,160
050,13,143,"Georgia","Haralson County",3,69,281,115,166
050,13,143,"Georgia","Haralson County",3,70,267,116,151
050,13,143,"Georgia","Haralson County",3,71,275,122,153
050,13,143,"Georgia","Haralson County",3,72,270,116,154
050,13,143,"Georgia","Haralson County",3,73,263,113,150
050,13,143,"Georgia","Haralson County",3,74,289,130,159
050,13,143,"Georgia","Haralson County",3,75,197,94,103
050,13,143,"Georgia","Haralson County",3,76,202,101,101
050,13,143,"Georgia","Haralson County",3,77,206,87,119
050,13,143,"Georgia","Haralson County",3,78,186,76,110
050,13,143,"Georgia","Haralson County",3,79,165,76,89
050,13,143,"Georgia","Haralson County",3,80,152,70,82
050,13,143,"Georgia","Haralson County",3,81,132,61,71
050,13,143,"Georgia","Haralson County",3,82,105,49,56
050,13,143,"Georgia","Haralson County",3,83,103,44,59
050,13,143,"Georgia","Haralson County",3,84,89,44,45
050,13,143,"Georgia","Haralson County",3,85,392,140,252
050,13,143,"Georgia","Haralson County",4,0,343,173,170
050,13,143,"Georgia","Haralson County",4,1,381,189,192
050,13,143,"Georgia","Haralson County",4,2,410,197,213
050,13,143,"Georgia","Haralson County",4,3,401,202,199
050,13,143,"Georgia","Haralson County",4,4,424,218,206
050,13,143,"Georgia","Haralson County",4,5,442,219,223
050,13,143,"Georgia","Haralson County",4,6,408,206,202
050,13,143,"Georgia","Haralson County",4,7,414,197,217
050,13,143,"Georgia","Haralson County",4,8,452,235,217
050,13,143,"Georgia","Haralson County",4,9,427,214,213
050,13,143,"Georgia","Haralson County",4,10,398,199,199
050,13,143,"Georgia","Haralson County",4,11,423,218,205
050,13,143,"Georgia","Haralson County",4,12,459,219,240
050,13,143,"Georgia","Haralson County",4,13,436,234,202
050,13,143,"Georgia","Haralson County",4,14,464,239,225
050,13,143,"Georgia","Haralson County",4,15,480,242,238
050,13,143,"Georgia","Haralson County",4,16,436,225,211
050,13,143,"Georgia","Haralson County",4,17,441,233,208
050,13,143,"Georgia","Haralson County",4,18,377,197,180
050,13,143,"Georgia","Haralson County",4,19,283,146,137
050,13,143,"Georgia","Haralson County",4,20,319,167,152
050,13,143,"Georgia","Haralson County",4,21,341,168,173
050,13,143,"Georgia","Haralson County",4,22,342,176,166
050,13,143,"Georgia","Haralson County",4,23,380,178,202
050,13,143,"Georgia","Haralson County",4,24,414,209,205
050,13,143,"Georgia","Haralson County",4,25,395,184,211
050,13,143,"Georgia","Haralson County",4,26,372,161,211
050,13,143,"Georgia","Haralson County",4,27,369,187,182
050,13,143,"Georgia","Haralson County",4,28,372,180,192
050,13,143,"Georgia","Haralson County",4,29,413,204,209
050,13,143,"Georgia","Haralson County",4,30,414,206,208
050,13,143,"Georgia","Haralson County",4,31,434,216,218
050,13,143,"Georgia","Haralson County",4,32,432,213,219
050,13,143,"Georgia","Haralson County",4,33,438,207,231
050,13,143,"Georgia","Haralson County",4,34,439,219,220
050,13,143,"Georgia","Haralson County",4,35,427,224,203
050,13,143,"Georgia","Haralson County",4,36,434,234,200
050,13,143,"Georgia","Haralson County",4,37,437,238,199
050,13,143,"Georgia","Haralson County",4,38,389,180,209
050,13,143,"Georgia","Haralson County",4,39,389,178,211
050,13,143,"Georgia","Haralson County",4,40,407,197,210
050,13,143,"Georgia","Haralson County",4,41,409,195,214
050,13,143,"Georgia","Haralson County",4,42,381,196,185
050,13,143,"Georgia","Haralson County",4,43,374,161,213
050,13,143,"Georgia","Haralson County",4,44,390,202,188
050,13,143,"Georgia","Haralson County",4,45,390,213,177
050,13,143,"Georgia","Haralson County",4,46,365,178,187
050,13,143,"Georgia","Haralson County",4,47,417,202,215
050,13,143,"Georgia","Haralson County",4,48,389,194,195
050,13,143,"Georgia","Haralson County",4,49,428,209,219
050,13,143,"Georgia","Haralson County",4,50,446,217,229
050,13,143,"Georgia","Haralson County",4,51,457,226,231
050,13,143,"Georgia","Haralson County",4,52,466,228,238
050,13,143,"Georgia","Haralson County",4,53,434,225,209
050,13,143,"Georgia","Haralson County",4,54,432,233,199
050,13,143,"Georgia","Haralson County",4,55,428,216,212
050,13,143,"Georgia","Haralson County",4,56,414,202,212
050,13,143,"Georgia","Haralson County",4,57,430,212,218
050,13,143,"Georgia","Haralson County",4,58,440,234,206
050,13,143,"Georgia","Haralson County",4,59,426,220,206
050,13,143,"Georgia","Haralson County",4,60,372,188,184
050,13,143,"Georgia","Haralson County",4,61,381,213,168
050,13,143,"Georgia","Haralson County",4,62,379,191,188
050,13,143,"Georgia","Haralson County",4,63,361,177,184
050,13,143,"Georgia","Haralson County",4,64,358,175,183
050,13,143,"Georgia","Haralson County",4,65,358,170,188
050,13,143,"Georgia","Haralson County",4,66,334,159,175
050,13,143,"Georgia","Haralson County",4,67,323,157,166
050,13,143,"Georgia","Haralson County",4,68,296,139,157
050,13,143,"Georgia","Haralson County",4,69,295,133,162
050,13,143,"Georgia","Haralson County",4,70,274,112,162
050,13,143,"Georgia","Haralson County",4,71,254,109,145
050,13,143,"Georgia","Haralson County",4,72,264,114,150
050,13,143,"Georgia","Haralson County",4,73,273,118,155
050,13,143,"Georgia","Haralson County",4,74,251,108,143
050,13,143,"Georgia","Haralson County",4,75,288,127,161
050,13,143,"Georgia","Haralson County",4,76,179,88,91
050,13,143,"Georgia","Haralson County",4,77,192,93,99
050,13,143,"Georgia","Haralson County",4,78,183,74,109
050,13,143,"Georgia","Haralson County",4,79,187,76,111
050,13,143,"Georgia","Haralson County",4,80,151,71,80
050,13,143,"Georgia","Haralson County",4,81,139,62,77
050,13,143,"Georgia","Haralson County",4,82,114,57,57
050,13,143,"Georgia","Haralson County",4,83,97,47,50
050,13,143,"Georgia","Haralson County",4,84,93,41,52
050,13,143,"Georgia","Haralson County",4,85,387,145,242
050,13,143,"Georgia","Haralson County",5,0,339,171,168
050,13,143,"Georgia","Haralson County",5,1,385,187,198
050,13,143,"Georgia","Haralson County",5,2,392,195,197
050,13,143,"Georgia","Haralson County",5,3,418,201,217
050,13,143,"Georgia","Haralson County",5,4,424,218,206
050,13,143,"Georgia","Haralson County",5,5,445,231,214
050,13,143,"Georgia","Haralson County",5,6,449,233,216
050,13,143,"Georgia","Haralson County",5,7,432,221,211
050,13,143,"Georgia","Haralson County",5,8,431,209,222
050,13,143,"Georgia","Haralson County",5,9,453,244,209
050,13,143,"Georgia","Haralson County",5,10,446,227,219
050,13,143,"Georgia","Haralson County",5,11,411,214,197
050,13,143,"Georgia","Haralson County",5,12,439,229,210
050,13,143,"Georgia","Haralson County",5,13,481,235,246
050,13,143,"Georgia","Haralson County",5,14,430,227,203
050,13,143,"Georgia","Haralson County",5,15,471,246,225
050,13,143,"Georgia","Haralson County",5,16,477,242,235
050,13,143,"Georgia","Haralson County",5,17,437,215,222
050,13,143,"Georgia","Haralson County",5,18,368,191,177
050,13,143,"Georgia","Haralson County",5,19,312,160,152
050,13,143,"Georgia","Haralson County",5,20,305,160,145
050,13,143,"Georgia","Haralson County",5,21,341,173,168
050,13,143,"Georgia","Haralson County",5,22,367,175,192
050,13,143,"Georgia","Haralson County",5,23,370,198,172
050,13,143,"Georgia","Haralson County",5,24,388,181,207
050,13,143,"Georgia","Haralson County",5,25,434,217,217
050,13,143,"Georgia","Haralson County",5,26,420,188,232
050,13,143,"Georgia","Haralson County",5,27,403,183,220
050,13,143,"Georgia","Haralson County",5,28,380,195,185
050,13,143,"Georgia","Haralson County",5,29,383,178,205
050,13,143,"Georgia","Haralson County",5,30,430,212,218
050,13,143,"Georgia","Haralson County",5,31,430,206,224
050,13,143,"Georgia","Haralson County",5,32,454,225,229
050,13,143,"Georgia","Haralson County",5,33,463,226,237
050,13,143,"Georgia","Haralson County",5,34,450,218,232
050,13,143,"Georgia","Haralson County",5,35,448,216,232
050,13,143,"Georgia","Haralson County",5,36,464,241,223
050,13,143,"Georgia","Haralson County",5,37,443,240,203
050,13,143,"Georgia","Haralson County",5,38,449,250,199
050,13,143,"Georgia","Haralson County",5,39,415,182,233
050,13,143,"Georgia","Haralson County",5,40,401,182,219
050,13,143,"Georgia","Haralson County",5,41,404,198,206
050,13,143,"Georgia","Haralson County",5,42,399,193,206
050,13,143,"Georgia","Haralson County",5,43,395,200,195
050,13,143,"Georgia","Haralson County",5,44,381,165,216
050,13,143,"Georgia","Haralson County",5,45,395,210,185
050,13,143,"Georgia","Haralson County",5,46,403,219,184
050,13,143,"Georgia","Haralson County",5,47,368,180,188
050,13,143,"Georgia","Haralson County",5,48,429,204,225
050,13,143,"Georgia","Haralson County",5,49,392,197,195
050,13,143,"Georgia","Haralson County",5,50,426,210,216
050,13,143,"Georgia","Haralson County",5,51,455,217,238
050,13,143,"Georgia","Haralson County",5,52,472,227,245
050,13,143,"Georgia","Haralson County",5,53,476,237,239
050,13,143,"Georgia","Haralson County",5,54,431,228,203
050,13,143,"Georgia","Haralson County",5,55,438,234,204
050,13,143,"Georgia","Haralson County",5,56,442,215,227
050,13,143,"Georgia","Haralson County",5,57,408,193,215
050,13,143,"Georgia","Haralson County",5,58,425,211,214
050,13,143,"Georgia","Haralson County",5,59,443,236,207
050,13,143,"Georgia","Haralson County",5,60,438,231,207
050,13,143,"Georgia","Haralson County",5,61,380,186,194
050,13,143,"Georgia","Haralson County",5,62,392,221,171
050,13,143,"Georgia","Haralson County",5,63,370,188,182
050,13,143,"Georgia","Haralson County",5,64,355,171,184
050,13,143,"Georgia","Haralson County",5,65,339,163,176
050,13,143,"Georgia","Haralson County",5,66,358,171,187
050,13,143,"Georgia","Haralson County",5,67,327,155,172
050,13,143,"Georgia","Haralson County",5,68,309,153,156
050,13,143,"Georgia","Haralson County",5,69,296,136,160
050,13,143,"Georgia","Haralson County",5,70,283,130,153
050,13,143,"Georgia","Haralson County",5,71,270,109,161
050,13,143,"Georgia","Haralson County",5,72,250,108,142
050,13,143,"Georgia","Haralson County",5,73,270,116,154
050,13,143,"Georgia","Haralson County",5,74,261,117,144
050,13,143,"Georgia","Haralson County",5,75,242,103,139
050,13,143,"Georgia","Haralson County",5,76,265,119,146
050,13,143,"Georgia","Haralson County",5,77,175,87,88
050,13,143,"Georgia","Haralson County",5,78,180,88,92
050,13,143,"Georgia","Haralson County",5,79,182,75,107
050,13,143,"Georgia","Haralson County",5,80,174,72,102
050,13,143,"Georgia","Haralson County",5,81,136,62,74
050,13,143,"Georgia","Haralson County",5,82,118,57,61
050,13,143,"Georgia","Haralson County",5,83,107,55,52
050,13,143,"Georgia","Haralson County",5,84,92,46,46
050,13,143,"Georgia","Haralson County",5,85,409,154,255
050,13,145,"Georgia","Harris County",1,0,296,151,145
050,13,145,"Georgia","Harris County",1,1,314,165,149
050,13,145,"Georgia","Harris County",1,2,365,201,164
050,13,145,"Georgia","Harris County",1,3,349,182,167
050,13,145,"Georgia","Harris County",1,4,359,181,178
050,13,145,"Georgia","Harris County",1,5,388,209,179
050,13,145,"Georgia","Harris County",1,6,381,189,192
050,13,145,"Georgia","Harris County",1,7,406,198,208
050,13,145,"Georgia","Harris County",1,8,424,212,212
050,13,145,"Georgia","Harris County",1,9,433,217,216
050,13,145,"Georgia","Harris County",1,10,447,249,198
050,13,145,"Georgia","Harris County",1,11,471,239,232
050,13,145,"Georgia","Harris County",1,12,490,252,238
050,13,145,"Georgia","Harris County",1,13,492,253,239
050,13,145,"Georgia","Harris County",1,14,467,239,228
050,13,145,"Georgia","Harris County",1,15,482,262,220
050,13,145,"Georgia","Harris County",1,16,483,274,209
050,13,145,"Georgia","Harris County",1,17,483,259,224
050,13,145,"Georgia","Harris County",1,18,412,214,198
050,13,145,"Georgia","Harris County",1,19,351,188,163
050,13,145,"Georgia","Harris County",1,20,407,235,172
050,13,145,"Georgia","Harris County",1,21,370,192,178
050,13,145,"Georgia","Harris County",1,22,380,214,166
050,13,145,"Georgia","Harris County",1,23,342,182,160
050,13,145,"Georgia","Harris County",1,24,333,173,160
050,13,145,"Georgia","Harris County",1,25,348,195,153
050,13,145,"Georgia","Harris County",1,26,333,177,156
050,13,145,"Georgia","Harris County",1,27,339,182,157
050,13,145,"Georgia","Harris County",1,28,375,197,178
050,13,145,"Georgia","Harris County",1,29,366,191,175
050,13,145,"Georgia","Harris County",1,30,358,167,191
050,13,145,"Georgia","Harris County",1,31,375,185,190
050,13,145,"Georgia","Harris County",1,32,373,180,193
050,13,145,"Georgia","Harris County",1,33,418,214,204
050,13,145,"Georgia","Harris County",1,34,413,215,198
050,13,145,"Georgia","Harris County",1,35,408,214,194
050,13,145,"Georgia","Harris County",1,36,396,199,197
050,13,145,"Georgia","Harris County",1,37,425,212,213
050,13,145,"Georgia","Harris County",1,38,406,188,218
050,13,145,"Georgia","Harris County",1,39,427,209,218
050,13,145,"Georgia","Harris County",1,40,418,208,210
050,13,145,"Georgia","Harris County",1,41,412,204,208
050,13,145,"Georgia","Harris County",1,42,442,235,207
050,13,145,"Georgia","Harris County",1,43,445,210,235
050,13,145,"Georgia","Harris County",1,44,437,213,224
050,13,145,"Georgia","Harris County",1,45,415,200,215
050,13,145,"Georgia","Harris County",1,46,424,215,209
050,13,145,"Georgia","Harris County",1,47,481,240,241
050,13,145,"Georgia","Harris County",1,48,542,280,262
050,13,145,"Georgia","Harris County",1,49,557,284,273
050,13,145,"Georgia","Harris County",1,50,497,239,258
050,13,145,"Georgia","Harris County",1,51,472,222,250
050,13,145,"Georgia","Harris County",1,52,487,239,248
050,13,145,"Georgia","Harris County",1,53,525,261,264
050,13,145,"Georgia","Harris County",1,54,509,245,264
050,13,145,"Georgia","Harris County",1,55,580,294,286
050,13,145,"Georgia","Harris County",1,56,567,281,286
050,13,145,"Georgia","Harris County",1,57,562,295,267
050,13,145,"Georgia","Harris County",1,58,559,290,269
050,13,145,"Georgia","Harris County",1,59,523,263,260
050,13,145,"Georgia","Harris County",1,60,481,250,231
050,13,145,"Georgia","Harris County",1,61,505,254,251
050,13,145,"Georgia","Harris County",1,62,487,241,246
050,13,145,"Georgia","Harris County",1,63,492,245,247
050,13,145,"Georgia","Harris County",1,64,483,238,245
050,13,145,"Georgia","Harris County",1,65,484,220,264
050,13,145,"Georgia","Harris County",1,66,477,237,240
050,13,145,"Georgia","Harris County",1,67,475,241,234
050,13,145,"Georgia","Harris County",1,68,452,210,242
050,13,145,"Georgia","Harris County",1,69,402,189,213
050,13,145,"Georgia","Harris County",1,70,408,207,201
050,13,145,"Georgia","Harris County",1,71,412,214,198
050,13,145,"Georgia","Harris County",1,72,417,208,209
050,13,145,"Georgia","Harris County",1,73,392,190,202
050,13,145,"Georgia","Harris County",1,74,269,132,137
050,13,145,"Georgia","Harris County",1,75,283,132,151
050,13,145,"Georgia","Harris County",1,76,274,130,144
050,13,145,"Georgia","Harris County",1,77,260,132,128
050,13,145,"Georgia","Harris County",1,78,198,99,99
050,13,145,"Georgia","Harris County",1,79,162,81,81
050,13,145,"Georgia","Harris County",1,80,165,85,80
050,13,145,"Georgia","Harris County",1,81,139,66,73
050,13,145,"Georgia","Harris County",1,82,100,44,56
050,13,145,"Georgia","Harris County",1,83,104,45,59
050,13,145,"Georgia","Harris County",1,84,89,40,49
050,13,145,"Georgia","Harris County",1,85,517,187,330
050,13,145,"Georgia","Harris County",2,0,295,145,150
050,13,145,"Georgia","Harris County",2,1,316,166,150
050,13,145,"Georgia","Harris County",2,2,362,199,163
050,13,145,"Georgia","Harris County",2,3,358,188,170
050,13,145,"Georgia","Harris County",2,4,364,187,177
050,13,145,"Georgia","Harris County",2,5,386,205,181
050,13,145,"Georgia","Harris County",2,6,395,198,197
050,13,145,"Georgia","Harris County",2,7,408,199,209
050,13,145,"Georgia","Harris County",2,8,427,213,214
050,13,145,"Georgia","Harris County",2,9,435,218,217
050,13,145,"Georgia","Harris County",2,10,450,243,207
050,13,145,"Georgia","Harris County",2,11,466,241,225
050,13,145,"Georgia","Harris County",2,12,494,252,242
050,13,145,"Georgia","Harris County",2,13,498,257,241
050,13,145,"Georgia","Harris County",2,14,479,246,233
050,13,145,"Georgia","Harris County",2,15,483,257,226
050,13,145,"Georgia","Harris County",2,16,487,273,214
050,13,145,"Georgia","Harris County",2,17,486,265,221
050,13,145,"Georgia","Harris County",2,18,412,217,195
050,13,145,"Georgia","Harris County",2,19,355,189,166
050,13,145,"Georgia","Harris County",2,20,408,232,176
050,13,145,"Georgia","Harris County",2,21,378,200,178
050,13,145,"Georgia","Harris County",2,22,377,208,169
050,13,145,"Georgia","Harris County",2,23,347,186,161
050,13,145,"Georgia","Harris County",2,24,334,176,158
050,13,145,"Georgia","Harris County",2,25,346,190,156
050,13,145,"Georgia","Harris County",2,26,340,181,159
050,13,145,"Georgia","Harris County",2,27,340,183,157
050,13,145,"Georgia","Harris County",2,28,369,195,174
050,13,145,"Georgia","Harris County",2,29,376,195,181
050,13,145,"Georgia","Harris County",2,30,370,177,193
050,13,145,"Georgia","Harris County",2,31,380,186,194
050,13,145,"Georgia","Harris County",2,32,380,185,195
050,13,145,"Georgia","Harris County",2,33,416,209,207
050,13,145,"Georgia","Harris County",2,34,422,218,204
050,13,145,"Georgia","Harris County",2,35,416,218,198
050,13,145,"Georgia","Harris County",2,36,405,209,196
050,13,145,"Georgia","Harris County",2,37,424,213,211
050,13,145,"Georgia","Harris County",2,38,424,201,223
050,13,145,"Georgia","Harris County",2,39,427,208,219
050,13,145,"Georgia","Harris County",2,40,427,212,215
050,13,145,"Georgia","Harris County",2,41,415,207,208
050,13,145,"Georgia","Harris County",2,42,436,229,207
050,13,145,"Georgia","Harris County",2,43,455,221,234
050,13,145,"Georgia","Harris County",2,44,438,213,225
050,13,145,"Georgia","Harris County",2,45,426,207,219
050,13,145,"Georgia","Harris County",2,46,426,214,212
050,13,145,"Georgia","Harris County",2,47,467,234,233
050,13,145,"Georgia","Harris County",2,48,530,271,259
050,13,145,"Georgia","Harris County",2,49,560,286,274
050,13,145,"Georgia","Harris County",2,50,510,250,260
050,13,145,"Georgia","Harris County",2,51,477,227,250
050,13,145,"Georgia","Harris County",2,52,490,238,252
050,13,145,"Georgia","Harris County",2,53,515,256,259
050,13,145,"Georgia","Harris County",2,54,510,249,261
050,13,145,"Georgia","Harris County",2,55,566,283,283
050,13,145,"Georgia","Harris County",2,56,573,286,287
050,13,145,"Georgia","Harris County",2,57,562,289,273
050,13,145,"Georgia","Harris County",2,58,558,291,267
050,13,145,"Georgia","Harris County",2,59,538,272,266
050,13,145,"Georgia","Harris County",2,60,495,256,239
050,13,145,"Georgia","Harris County",2,61,500,255,245
050,13,145,"Georgia","Harris County",2,62,491,245,246
050,13,145,"Georgia","Harris County",2,63,496,247,249
050,13,145,"Georgia","Harris County",2,64,483,237,246
050,13,145,"Georgia","Harris County",2,65,484,225,259
050,13,145,"Georgia","Harris County",2,66,475,231,244
050,13,145,"Georgia","Harris County",2,67,468,236,232
050,13,145,"Georgia","Harris County",2,68,451,214,237
050,13,145,"Georgia","Harris County",2,69,415,194,221
050,13,145,"Georgia","Harris County",2,70,406,203,203
050,13,145,"Georgia","Harris County",2,71,411,212,199
050,13,145,"Georgia","Harris County",2,72,408,205,203
050,13,145,"Georgia","Harris County",2,73,416,203,213
050,13,145,"Georgia","Harris County",2,74,278,136,142
050,13,145,"Georgia","Harris County",2,75,278,132,146
050,13,145,"Georgia","Harris County",2,76,272,128,144
050,13,145,"Georgia","Harris County",2,77,264,131,133
050,13,145,"Georgia","Harris County",2,78,207,104,103
050,13,145,"Georgia","Harris County",2,79,165,83,82
050,13,145,"Georgia","Harris County",2,80,162,83,79
050,13,145,"Georgia","Harris County",2,81,143,70,73
050,13,145,"Georgia","Harris County",2,82,109,49,60
050,13,145,"Georgia","Harris County",2,83,100,43,57
050,13,145,"Georgia","Harris County",2,84,90,39,51
050,13,145,"Georgia","Harris County",2,85,517,191,326
050,13,145,"Georgia","Harris County",3,0,295,156,139
050,13,145,"Georgia","Harris County",3,1,341,162,179
050,13,145,"Georgia","Harris County",3,2,336,179,157
050,13,145,"Georgia","Harris County",3,3,380,210,170
050,13,145,"Georgia","Harris County",3,4,373,193,180
050,13,145,"Georgia","Harris County",3,5,404,203,201
050,13,145,"Georgia","Harris County",3,6,423,221,202
050,13,145,"Georgia","Harris County",3,7,419,212,207
050,13,145,"Georgia","Harris County",3,8,426,210,216
050,13,145,"Georgia","Harris County",3,9,448,231,217
050,13,145,"Georgia","Harris County",3,10,473,231,242
050,13,145,"Georgia","Harris County",3,11,469,256,213
050,13,145,"Georgia","Harris County",3,12,484,248,236
050,13,145,"Georgia","Harris County",3,13,506,257,249
050,13,145,"Georgia","Harris County",3,14,521,272,249
050,13,145,"Georgia","Harris County",3,15,477,249,228
050,13,145,"Georgia","Harris County",3,16,490,266,224
050,13,145,"Georgia","Harris County",3,17,515,281,234
050,13,145,"Georgia","Harris County",3,18,413,235,178
050,13,145,"Georgia","Harris County",3,19,347,195,152
050,13,145,"Georgia","Harris County",3,20,405,224,181
050,13,145,"Georgia","Harris County",3,21,384,209,175
050,13,145,"Georgia","Harris County",3,22,377,211,166
050,13,145,"Georgia","Harris County",3,23,369,200,169
050,13,145,"Georgia","Harris County",3,24,342,179,163
050,13,145,"Georgia","Harris County",3,25,316,166,150
050,13,145,"Georgia","Harris County",3,26,342,181,161
050,13,145,"Georgia","Harris County",3,27,376,194,182
050,13,145,"Georgia","Harris County",3,28,364,190,174
050,13,145,"Georgia","Harris County",3,29,366,189,177
050,13,145,"Georgia","Harris County",3,30,375,180,195
050,13,145,"Georgia","Harris County",3,31,412,205,207
050,13,145,"Georgia","Harris County",3,32,399,197,202
050,13,145,"Georgia","Harris County",3,33,394,205,189
050,13,145,"Georgia","Harris County",3,34,417,205,212
050,13,145,"Georgia","Harris County",3,35,434,224,210
050,13,145,"Georgia","Harris County",3,36,437,231,206
050,13,145,"Georgia","Harris County",3,37,422,213,209
050,13,145,"Georgia","Harris County",3,38,448,222,226
050,13,145,"Georgia","Harris County",3,39,435,213,222
050,13,145,"Georgia","Harris County",3,40,444,207,237
050,13,145,"Georgia","Harris County",3,41,453,232,221
050,13,145,"Georgia","Harris County",3,42,427,212,215
050,13,145,"Georgia","Harris County",3,43,447,237,210
050,13,145,"Georgia","Harris County",3,44,470,235,235
050,13,145,"Georgia","Harris County",3,45,441,208,233
050,13,145,"Georgia","Harris County",3,46,439,223,216
050,13,145,"Georgia","Harris County",3,47,442,218,224
050,13,145,"Georgia","Harris County",3,48,488,248,240
050,13,145,"Georgia","Harris County",3,49,542,270,272
050,13,145,"Georgia","Harris County",3,50,567,289,278
050,13,145,"Georgia","Harris County",3,51,499,252,247
050,13,145,"Georgia","Harris County",3,52,478,233,245
050,13,145,"Georgia","Harris County",3,53,500,254,246
050,13,145,"Georgia","Harris County",3,54,515,259,256
050,13,145,"Georgia","Harris County",3,55,532,258,274
050,13,145,"Georgia","Harris County",3,56,571,288,283
050,13,145,"Georgia","Harris County",3,57,568,281,287
050,13,145,"Georgia","Harris County",3,58,555,279,276
050,13,145,"Georgia","Harris County",3,59,573,301,272
050,13,145,"Georgia","Harris County",3,60,529,260,269
050,13,145,"Georgia","Harris County",3,61,505,261,244
050,13,145,"Georgia","Harris County",3,62,495,252,243
050,13,145,"Georgia","Harris County",3,63,490,247,243
050,13,145,"Georgia","Harris County",3,64,508,245,263
050,13,145,"Georgia","Harris County",3,65,471,226,245
050,13,145,"Georgia","Harris County",3,66,476,223,253
050,13,145,"Georgia","Harris County",3,67,474,230,244
050,13,145,"Georgia","Harris County",3,68,469,227,242
050,13,145,"Georgia","Harris County",3,69,443,212,231
050,13,145,"Georgia","Harris County",3,70,403,186,217
050,13,145,"Georgia","Harris County",3,71,402,200,202
050,13,145,"Georgia","Harris County",3,72,415,211,204
050,13,145,"Georgia","Harris County",3,73,396,198,198
050,13,145,"Georgia","Harris County",3,74,406,198,208
050,13,145,"Georgia","Harris County",3,75,268,131,137
050,13,145,"Georgia","Harris County",3,76,274,126,148
050,13,145,"Georgia","Harris County",3,77,255,122,133
050,13,145,"Georgia","Harris County",3,78,246,122,124
050,13,145,"Georgia","Harris County",3,79,189,92,97
050,13,145,"Georgia","Harris County",3,80,161,77,84
050,13,145,"Georgia","Harris County",3,81,148,77,71
050,13,145,"Georgia","Harris County",3,82,131,58,73
050,13,145,"Georgia","Harris County",3,83,97,45,52
050,13,145,"Georgia","Harris County",3,84,95,40,55
050,13,145,"Georgia","Harris County",3,85,538,200,338
050,13,145,"Georgia","Harris County",4,0,309,150,159
050,13,145,"Georgia","Harris County",4,1,345,181,164
050,13,145,"Georgia","Harris County",4,2,365,173,192
050,13,145,"Georgia","Harris County",4,3,366,197,169
050,13,145,"Georgia","Harris County",4,4,406,218,188
050,13,145,"Georgia","Harris County",4,5,390,204,186
050,13,145,"Georgia","Harris County",4,6,427,213,214
050,13,145,"Georgia","Harris County",4,7,425,218,207
050,13,145,"Georgia","Harris County",4,8,433,216,217
050,13,145,"Georgia","Harris County",4,9,424,213,211
050,13,145,"Georgia","Harris County",4,10,466,245,221
050,13,145,"Georgia","Harris County",4,11,490,246,244
050,13,145,"Georgia","Harris County",4,12,492,264,228
050,13,145,"Georgia","Harris County",4,13,499,251,248
050,13,145,"Georgia","Harris County",4,14,500,254,246
050,13,145,"Georgia","Harris County",4,15,514,273,241
050,13,145,"Georgia","Harris County",4,16,484,250,234
050,13,145,"Georgia","Harris County",4,17,511,276,235
050,13,145,"Georgia","Harris County",4,18,445,253,192
050,13,145,"Georgia","Harris County",4,19,341,195,146
050,13,145,"Georgia","Harris County",4,20,386,227,159
050,13,145,"Georgia","Harris County",4,21,407,210,197
050,13,145,"Georgia","Harris County",4,22,401,222,179
050,13,145,"Georgia","Harris County",4,23,367,198,169
050,13,145,"Georgia","Harris County",4,24,356,205,151
050,13,145,"Georgia","Harris County",4,25,336,184,152
050,13,145,"Georgia","Harris County",4,26,316,169,147
050,13,145,"Georgia","Harris County",4,27,355,179,176
050,13,145,"Georgia","Harris County",4,28,379,189,190
050,13,145,"Georgia","Harris County",4,29,391,198,193
050,13,145,"Georgia","Harris County",4,30,401,201,200
050,13,145,"Georgia","Harris County",4,31,408,201,207
050,13,145,"Georgia","Harris County",4,32,434,220,214
050,13,145,"Georgia","Harris County",4,33,440,220,220
050,13,145,"Georgia","Harris County",4,34,414,211,203
050,13,145,"Georgia","Harris County",4,35,432,214,218
050,13,145,"Georgia","Harris County",4,36,465,239,226
050,13,145,"Georgia","Harris County",4,37,459,237,222
050,13,145,"Georgia","Harris County",4,38,448,229,219
050,13,145,"Georgia","Harris County",4,39,461,232,229
050,13,145,"Georgia","Harris County",4,40,478,233,245
050,13,145,"Georgia","Harris County",4,41,454,212,242
050,13,145,"Georgia","Harris County",4,42,465,239,226
050,13,145,"Georgia","Harris County",4,43,437,218,219
050,13,145,"Georgia","Harris County",4,44,445,227,218
050,13,145,"Georgia","Harris County",4,45,486,236,250
050,13,145,"Georgia","Harris County",4,46,466,224,242
050,13,145,"Georgia","Harris County",4,47,443,227,216
050,13,145,"Georgia","Harris County",4,48,442,219,223
050,13,145,"Georgia","Harris County",4,49,488,253,235
050,13,145,"Georgia","Harris County",4,50,553,275,278
050,13,145,"Georgia","Harris County",4,51,565,286,279
050,13,145,"Georgia","Harris County",4,52,497,247,250
050,13,145,"Georgia","Harris County",4,53,484,231,253
050,13,145,"Georgia","Harris County",4,54,513,265,248
050,13,145,"Georgia","Harris County",4,55,520,262,258
050,13,145,"Georgia","Harris County",4,56,534,265,269
050,13,145,"Georgia","Harris County",4,57,557,274,283
050,13,145,"Georgia","Harris County",4,58,558,278,280
050,13,145,"Georgia","Harris County",4,59,558,286,272
050,13,145,"Georgia","Harris County",4,60,566,292,274
050,13,145,"Georgia","Harris County",4,61,525,255,270
050,13,145,"Georgia","Harris County",4,62,507,259,248
050,13,145,"Georgia","Harris County",4,63,505,259,246
050,13,145,"Georgia","Harris County",4,64,482,241,241
050,13,145,"Georgia","Harris County",4,65,524,255,269
050,13,145,"Georgia","Harris County",4,66,463,224,239
050,13,145,"Georgia","Harris County",4,67,469,220,249
050,13,145,"Georgia","Harris County",4,68,470,225,245
050,13,145,"Georgia","Harris County",4,69,466,227,239
050,13,145,"Georgia","Harris County",4,70,424,202,222
050,13,145,"Georgia","Harris County",4,71,401,187,214
050,13,145,"Georgia","Harris County",4,72,400,200,200
050,13,145,"Georgia","Harris County",4,73,407,204,203
050,13,145,"Georgia","Harris County",4,74,395,197,198
050,13,145,"Georgia","Harris County",4,75,394,193,201
050,13,145,"Georgia","Harris County",4,76,254,123,131
050,13,145,"Georgia","Harris County",4,77,266,122,144
050,13,145,"Georgia","Harris County",4,78,248,119,129
050,13,145,"Georgia","Harris County",4,79,240,110,130
050,13,145,"Georgia","Harris County",4,80,183,89,94
050,13,145,"Georgia","Harris County",4,81,149,72,77
050,13,145,"Georgia","Harris County",4,82,138,65,73
050,13,145,"Georgia","Harris County",4,83,115,53,62
050,13,145,"Georgia","Harris County",4,84,92,41,51
050,13,145,"Georgia","Harris County",4,85,543,209,334
050,13,145,"Georgia","Harris County",5,0,303,146,157
050,13,145,"Georgia","Harris County",5,1,335,172,163
050,13,145,"Georgia","Harris County",5,2,338,174,164
050,13,145,"Georgia","Harris County",5,3,375,173,202
050,13,145,"Georgia","Harris County",5,4,388,202,186
050,13,145,"Georgia","Harris County",5,5,420,230,190
050,13,145,"Georgia","Harris County",5,6,381,205,176
050,13,145,"Georgia","Harris County",5,7,439,220,219
050,13,145,"Georgia","Harris County",5,8,423,214,209
050,13,145,"Georgia","Harris County",5,9,423,217,206
050,13,145,"Georgia","Harris County",5,10,435,227,208
050,13,145,"Georgia","Harris County",5,11,473,244,229
050,13,145,"Georgia","Harris County",5,12,505,243,262
050,13,145,"Georgia","Harris County",5,13,504,272,232
050,13,145,"Georgia","Harris County",5,14,514,261,253
050,13,145,"Georgia","Harris County",5,15,511,255,256
050,13,145,"Georgia","Harris County",5,16,517,272,245
050,13,145,"Georgia","Harris County",5,17,498,259,239
050,13,145,"Georgia","Harris County",5,18,433,242,191
050,13,145,"Georgia","Harris County",5,19,361,211,150
050,13,145,"Georgia","Harris County",5,20,390,227,163
050,13,145,"Georgia","Harris County",5,21,378,206,172
050,13,145,"Georgia","Harris County",5,22,398,212,186
050,13,145,"Georgia","Harris County",5,23,404,222,182
050,13,145,"Georgia","Harris County",5,24,354,188,166
050,13,145,"Georgia","Harris County",5,25,345,192,153
050,13,145,"Georgia","Harris County",5,26,304,163,141
050,13,145,"Georgia","Harris County",5,27,325,170,155
050,13,145,"Georgia","Harris County",5,28,366,175,191
050,13,145,"Georgia","Harris County",5,29,391,205,186
050,13,145,"Georgia","Harris County",5,30,379,191,188
050,13,145,"Georgia","Harris County",5,31,419,210,209
050,13,145,"Georgia","Harris County",5,32,427,214,213
050,13,145,"Georgia","Harris County",5,33,442,223,219
050,13,145,"Georgia","Harris County",5,34,445,216,229
050,13,145,"Georgia","Harris County",5,35,425,225,200
050,13,145,"Georgia","Harris County",5,36,439,208,231
050,13,145,"Georgia","Harris County",5,37,470,243,227
050,13,145,"Georgia","Harris County",5,38,473,243,230
050,13,145,"Georgia","Harris County",5,39,451,237,214
050,13,145,"Georgia","Harris County",5,40,472,243,229
050,13,145,"Georgia","Harris County",5,41,480,234,246
050,13,145,"Georgia","Harris County",5,42,473,217,256
050,13,145,"Georgia","Harris County",5,43,465,235,230
050,13,145,"Georgia","Harris County",5,44,449,223,226
050,13,145,"Georgia","Harris County",5,45,455,232,223
050,13,145,"Georgia","Harris County",5,46,509,253,256
050,13,145,"Georgia","Harris County",5,47,469,220,249
050,13,145,"Georgia","Harris County",5,48,441,223,218
050,13,145,"Georgia","Harris County",5,49,448,225,223
050,13,145,"Georgia","Harris County",5,50,494,261,233
050,13,145,"Georgia","Harris County",5,51,554,278,276
050,13,145,"Georgia","Harris County",5,52,577,293,284
050,13,145,"Georgia","Harris County",5,53,519,250,269
050,13,145,"Georgia","Harris County",5,54,496,241,255
050,13,145,"Georgia","Harris County",5,55,533,271,262
050,13,145,"Georgia","Harris County",5,56,534,270,264
050,13,145,"Georgia","Harris County",5,57,530,252,278
050,13,145,"Georgia","Harris County",5,58,572,285,287
050,13,145,"Georgia","Harris County",5,59,575,287,288
050,13,145,"Georgia","Harris County",5,60,544,284,260
050,13,145,"Georgia","Harris County",5,61,573,288,285
050,13,145,"Georgia","Harris County",5,62,527,256,271
050,13,145,"Georgia","Harris County",5,63,490,253,237
050,13,145,"Georgia","Harris County",5,64,512,258,254
050,13,145,"Georgia","Harris County",5,65,489,245,244
050,13,145,"Georgia","Harris County",5,66,530,255,275
050,13,145,"Georgia","Harris County",5,67,465,222,243
050,13,145,"Georgia","Harris County",5,68,469,217,252
050,13,145,"Georgia","Harris County",5,69,464,227,237
050,13,145,"Georgia","Harris County",5,70,462,222,240
050,13,145,"Georgia","Harris County",5,71,428,203,225
050,13,145,"Georgia","Harris County",5,72,405,191,214
050,13,145,"Georgia","Harris County",5,73,398,195,203
050,13,145,"Georgia","Harris County",5,74,402,199,203
050,13,145,"Georgia","Harris County",5,75,384,198,186
050,13,145,"Georgia","Harris County",5,76,382,184,198
050,13,145,"Georgia","Harris County",5,77,251,126,125
050,13,145,"Georgia","Harris County",5,78,258,116,142
050,13,145,"Georgia","Harris County",5,79,240,112,128
050,13,145,"Georgia","Harris County",5,80,231,106,125
050,13,145,"Georgia","Harris County",5,81,173,83,90
050,13,145,"Georgia","Harris County",5,82,142,64,78
050,13,145,"Georgia","Harris County",5,83,124,61,63
050,13,145,"Georgia","Harris County",5,84,105,48,57
050,13,145,"Georgia","Harris County",5,85,560,223,337
050,13,147,"Georgia","Hart County",1,0,241,124,117
050,13,147,"Georgia","Hart County",1,1,244,122,122
050,13,147,"Georgia","Hart County",1,2,264,126,138
050,13,147,"Georgia","Hart County",1,3,288,160,128
050,13,147,"Georgia","Hart County",1,4,288,159,129
050,13,147,"Georgia","Hart County",1,5,274,143,131
050,13,147,"Georgia","Hart County",1,6,279,145,134
050,13,147,"Georgia","Hart County",1,7,282,141,141
050,13,147,"Georgia","Hart County",1,8,278,140,138
050,13,147,"Georgia","Hart County",1,9,303,165,138
050,13,147,"Georgia","Hart County",1,10,307,158,149
050,13,147,"Georgia","Hart County",1,11,327,169,158
050,13,147,"Georgia","Hart County",1,12,354,199,155
050,13,147,"Georgia","Hart County",1,13,344,189,155
050,13,147,"Georgia","Hart County",1,14,331,160,171
050,13,147,"Georgia","Hart County",1,15,320,169,151
050,13,147,"Georgia","Hart County",1,16,324,177,147
050,13,147,"Georgia","Hart County",1,17,317,171,146
050,13,147,"Georgia","Hart County",1,18,278,143,135
050,13,147,"Georgia","Hart County",1,19,229,123,106
050,13,147,"Georgia","Hart County",1,20,248,130,118
050,13,147,"Georgia","Hart County",1,21,253,139,114
050,13,147,"Georgia","Hart County",1,22,269,140,129
050,13,147,"Georgia","Hart County",1,23,290,143,147
050,13,147,"Georgia","Hart County",1,24,314,167,147
050,13,147,"Georgia","Hart County",1,25,293,155,138
050,13,147,"Georgia","Hart County",1,26,261,136,125
050,13,147,"Georgia","Hart County",1,27,290,159,131
050,13,147,"Georgia","Hart County",1,28,297,152,145
050,13,147,"Georgia","Hart County",1,29,322,160,162
050,13,147,"Georgia","Hart County",1,30,326,176,150
050,13,147,"Georgia","Hart County",1,31,272,147,125
050,13,147,"Georgia","Hart County",1,32,278,146,132
050,13,147,"Georgia","Hart County",1,33,290,138,152
050,13,147,"Georgia","Hart County",1,34,266,127,139
050,13,147,"Georgia","Hart County",1,35,281,140,141
050,13,147,"Georgia","Hart County",1,36,259,126,133
050,13,147,"Georgia","Hart County",1,37,270,141,129
050,13,147,"Georgia","Hart County",1,38,279,133,146
050,13,147,"Georgia","Hart County",1,39,286,138,148
050,13,147,"Georgia","Hart County",1,40,285,152,133
050,13,147,"Georgia","Hart County",1,41,264,127,137
050,13,147,"Georgia","Hart County",1,42,263,135,128
050,13,147,"Georgia","Hart County",1,43,300,155,145
050,13,147,"Georgia","Hart County",1,44,285,158,127
050,13,147,"Georgia","Hart County",1,45,292,154,138
050,13,147,"Georgia","Hart County",1,46,311,159,152
050,13,147,"Georgia","Hart County",1,47,326,161,165
050,13,147,"Georgia","Hart County",1,48,337,167,170
050,13,147,"Georgia","Hart County",1,49,329,164,165
050,13,147,"Georgia","Hart County",1,50,342,167,175
050,13,147,"Georgia","Hart County",1,51,364,175,189
050,13,147,"Georgia","Hart County",1,52,346,178,168
050,13,147,"Georgia","Hart County",1,53,356,181,175
050,13,147,"Georgia","Hart County",1,54,363,176,187
050,13,147,"Georgia","Hart County",1,55,371,172,199
050,13,147,"Georgia","Hart County",1,56,386,196,190
050,13,147,"Georgia","Hart County",1,57,378,182,196
050,13,147,"Georgia","Hart County",1,58,372,172,200
050,13,147,"Georgia","Hart County",1,59,363,169,194
050,13,147,"Georgia","Hart County",1,60,353,176,177
050,13,147,"Georgia","Hart County",1,61,405,198,207
050,13,147,"Georgia","Hart County",1,62,388,191,197
050,13,147,"Georgia","Hart County",1,63,395,199,196
050,13,147,"Georgia","Hart County",1,64,386,196,190
050,13,147,"Georgia","Hart County",1,65,397,190,207
050,13,147,"Georgia","Hart County",1,66,359,164,195
050,13,147,"Georgia","Hart County",1,67,342,159,183
050,13,147,"Georgia","Hart County",1,68,319,146,173
050,13,147,"Georgia","Hart County",1,69,338,162,176
050,13,147,"Georgia","Hart County",1,70,334,144,190
050,13,147,"Georgia","Hart County",1,71,337,151,186
050,13,147,"Georgia","Hart County",1,72,347,167,180
050,13,147,"Georgia","Hart County",1,73,335,166,169
050,13,147,"Georgia","Hart County",1,74,243,118,125
050,13,147,"Georgia","Hart County",1,75,248,117,131
050,13,147,"Georgia","Hart County",1,76,248,114,134
050,13,147,"Georgia","Hart County",1,77,239,109,130
050,13,147,"Georgia","Hart County",1,78,206,99,107
050,13,147,"Georgia","Hart County",1,79,204,87,117
050,13,147,"Georgia","Hart County",1,80,169,69,100
050,13,147,"Georgia","Hart County",1,81,148,61,87
050,13,147,"Georgia","Hart County",1,82,131,62,69
050,13,147,"Georgia","Hart County",1,83,124,53,71
050,13,147,"Georgia","Hart County",1,84,128,51,77
050,13,147,"Georgia","Hart County",1,85,557,190,367
050,13,147,"Georgia","Hart County",2,0,244,128,116
050,13,147,"Georgia","Hart County",2,1,242,121,121
050,13,147,"Georgia","Hart County",2,2,260,127,133
050,13,147,"Georgia","Hart County",2,3,281,152,129
050,13,147,"Georgia","Hart County",2,4,287,160,127
050,13,147,"Georgia","Hart County",2,5,275,146,129
050,13,147,"Georgia","Hart County",2,6,280,145,135
050,13,147,"Georgia","Hart County",2,7,282,144,138
050,13,147,"Georgia","Hart County",2,8,279,141,138
050,13,147,"Georgia","Hart County",2,9,300,160,140
050,13,147,"Georgia","Hart County",2,10,305,158,147
050,13,147,"Georgia","Hart County",2,11,320,165,155
050,13,147,"Georgia","Hart County",2,12,349,194,155
050,13,147,"Georgia","Hart County",2,13,346,191,155
050,13,147,"Georgia","Hart County",2,14,332,165,167
050,13,147,"Georgia","Hart County",2,15,325,169,156
050,13,147,"Georgia","Hart County",2,16,327,178,149
050,13,147,"Georgia","Hart County",2,17,321,173,148
050,13,147,"Georgia","Hart County",2,18,272,143,129
050,13,147,"Georgia","Hart County",2,19,229,122,107
050,13,147,"Georgia","Hart County",2,20,253,133,120
050,13,147,"Georgia","Hart County",2,21,259,141,118
050,13,147,"Georgia","Hart County",2,22,267,140,127
050,13,147,"Georgia","Hart County",2,23,290,146,144
050,13,147,"Georgia","Hart County",2,24,304,158,146
050,13,147,"Georgia","Hart County",2,25,297,157,140
050,13,147,"Georgia","Hart County",2,26,265,137,128
050,13,147,"Georgia","Hart County",2,27,283,155,128
050,13,147,"Georgia","Hart County",2,28,291,150,141
050,13,147,"Georgia","Hart County",2,29,319,160,159
050,13,147,"Georgia","Hart County",2,30,328,173,155
050,13,147,"Georgia","Hart County",2,31,286,154,132
050,13,147,"Georgia","Hart County",2,32,283,151,132
050,13,147,"Georgia","Hart County",2,33,286,139,147
050,13,147,"Georgia","Hart County",2,34,270,127,143
050,13,147,"Georgia","Hart County",2,35,280,139,141
050,13,147,"Georgia","Hart County",2,36,258,126,132
050,13,147,"Georgia","Hart County",2,37,267,137,130
050,13,147,"Georgia","Hart County",2,38,281,136,145
050,13,147,"Georgia","Hart County",2,39,282,135,147
050,13,147,"Georgia","Hart County",2,40,287,149,138
050,13,147,"Georgia","Hart County",2,41,270,135,135
050,13,147,"Georgia","Hart County",2,42,263,133,130
050,13,147,"Georgia","Hart County",2,43,298,156,142
050,13,147,"Georgia","Hart County",2,44,287,156,131
050,13,147,"Georgia","Hart County",2,45,293,157,136
050,13,147,"Georgia","Hart County",2,46,302,156,146
050,13,147,"Georgia","Hart County",2,47,324,160,164
050,13,147,"Georgia","Hart County",2,48,335,168,167
050,13,147,"Georgia","Hart County",2,49,333,166,167
050,13,147,"Georgia","Hart County",2,50,343,169,174
050,13,147,"Georgia","Hart County",2,51,358,174,184
050,13,147,"Georgia","Hart County",2,52,351,178,173
050,13,147,"Georgia","Hart County",2,53,356,180,176
050,13,147,"Georgia","Hart County",2,54,356,175,181
050,13,147,"Georgia","Hart County",2,55,368,171,197
050,13,147,"Georgia","Hart County",2,56,383,189,194
050,13,147,"Georgia","Hart County",2,57,379,182,197
050,13,147,"Georgia","Hart County",2,58,372,173,199
050,13,147,"Georgia","Hart County",2,59,365,168,197
050,13,147,"Georgia","Hart County",2,60,361,176,185
050,13,147,"Georgia","Hart County",2,61,397,196,201
050,13,147,"Georgia","Hart County",2,62,391,192,199
050,13,147,"Georgia","Hart County",2,63,398,198,200
050,13,147,"Georgia","Hart County",2,64,386,194,192
050,13,147,"Georgia","Hart County",2,65,399,194,205
050,13,147,"Georgia","Hart County",2,66,368,170,198
050,13,147,"Georgia","Hart County",2,67,348,161,187
050,13,147,"Georgia","Hart County",2,68,322,149,173
050,13,147,"Georgia","Hart County",2,69,340,161,179
050,13,147,"Georgia","Hart County",2,70,334,146,188
050,13,147,"Georgia","Hart County",2,71,337,151,186
050,13,147,"Georgia","Hart County",2,72,337,160,177
050,13,147,"Georgia","Hart County",2,73,355,176,179
050,13,147,"Georgia","Hart County",2,74,246,120,126
050,13,147,"Georgia","Hart County",2,75,246,115,131
050,13,147,"Georgia","Hart County",2,76,243,112,131
050,13,147,"Georgia","Hart County",2,77,247,113,134
050,13,147,"Georgia","Hart County",2,78,212,100,112
050,13,147,"Georgia","Hart County",2,79,205,88,117
050,13,147,"Georgia","Hart County",2,80,175,73,102
050,13,147,"Georgia","Hart County",2,81,150,61,89
050,13,147,"Georgia","Hart County",2,82,131,60,71
050,13,147,"Georgia","Hart County",2,83,123,54,69
050,13,147,"Georgia","Hart County",2,84,124,52,72
050,13,147,"Georgia","Hart County",2,85,575,197,378
050,13,147,"Georgia","Hart County",3,0,254,143,111
050,13,147,"Georgia","Hart County",3,1,246,123,123
050,13,147,"Georgia","Hart County",3,2,267,135,132
050,13,147,"Georgia","Hart County",3,3,263,131,132
050,13,147,"Georgia","Hart County",3,4,308,166,142
050,13,147,"Georgia","Hart County",3,5,297,163,134
050,13,147,"Georgia","Hart County",3,6,279,151,128
050,13,147,"Georgia","Hart County",3,7,287,145,142
050,13,147,"Georgia","Hart County",3,8,290,153,137
050,13,147,"Georgia","Hart County",3,9,278,134,144
050,13,147,"Georgia","Hart County",3,10,315,164,151
050,13,147,"Georgia","Hart County",3,11,314,164,150
050,13,147,"Georgia","Hart County",3,12,327,173,154
050,13,147,"Georgia","Hart County",3,13,334,180,154
050,13,147,"Georgia","Hart County",3,14,357,193,164
050,13,147,"Georgia","Hart County",3,15,346,173,173
050,13,147,"Georgia","Hart County",3,16,329,166,163
050,13,147,"Georgia","Hart County",3,17,329,183,146
050,13,147,"Georgia","Hart County",3,18,289,161,128
050,13,147,"Georgia","Hart County",3,19,240,127,113
050,13,147,"Georgia","Hart County",3,20,255,134,121
050,13,147,"Georgia","Hart County",3,21,274,141,133
050,13,147,"Georgia","Hart County",3,22,279,144,135
050,13,147,"Georgia","Hart County",3,23,290,153,137
050,13,147,"Georgia","Hart County",3,24,287,146,141
050,13,147,"Georgia","Hart County",3,25,309,151,158
050,13,147,"Georgia","Hart County",3,26,307,155,152
050,13,147,"Georgia","Hart County",3,27,290,154,136
050,13,147,"Georgia","Hart County",3,28,291,145,146
050,13,147,"Georgia","Hart County",3,29,291,153,138
050,13,147,"Georgia","Hart County",3,30,316,156,160
050,13,147,"Georgia","Hart County",3,31,340,190,150
050,13,147,"Georgia","Hart County",3,32,297,161,136
050,13,147,"Georgia","Hart County",3,33,276,140,136
050,13,147,"Georgia","Hart County",3,34,282,130,152
050,13,147,"Georgia","Hart County",3,35,261,121,140
050,13,147,"Georgia","Hart County",3,36,290,149,141
050,13,147,"Georgia","Hart County",3,37,268,130,138
050,13,147,"Georgia","Hart County",3,38,264,131,133
050,13,147,"Georgia","Hart County",3,39,273,129,144
050,13,147,"Georgia","Hart County",3,40,279,127,152
050,13,147,"Georgia","Hart County",3,41,298,156,142
050,13,147,"Georgia","Hart County",3,42,273,135,138
050,13,147,"Georgia","Hart County",3,43,266,140,126
050,13,147,"Georgia","Hart County",3,44,308,160,148
050,13,147,"Georgia","Hart County",3,45,297,162,135
050,13,147,"Georgia","Hart County",3,46,291,152,139
050,13,147,"Georgia","Hart County",3,47,302,151,151
050,13,147,"Georgia","Hart County",3,48,335,166,169
050,13,147,"Georgia","Hart County",3,49,327,162,165
050,13,147,"Georgia","Hart County",3,50,354,172,182
050,13,147,"Georgia","Hart County",3,51,344,174,170
050,13,147,"Georgia","Hart County",3,52,365,172,193
050,13,147,"Georgia","Hart County",3,53,361,177,184
050,13,147,"Georgia","Hart County",3,54,363,174,189
050,13,147,"Georgia","Hart County",3,55,364,173,191
050,13,147,"Georgia","Hart County",3,56,392,183,209
050,13,147,"Georgia","Hart County",3,57,383,183,200
050,13,147,"Georgia","Hart County",3,58,414,203,211
050,13,147,"Georgia","Hart County",3,59,380,176,204
050,13,147,"Georgia","Hart County",3,60,368,167,201
050,13,147,"Georgia","Hart County",3,61,380,183,197
050,13,147,"Georgia","Hart County",3,62,407,198,209
050,13,147,"Georgia","Hart County",3,63,397,187,210
050,13,147,"Georgia","Hart County",3,64,392,197,195
050,13,147,"Georgia","Hart County",3,65,386,199,187
050,13,147,"Georgia","Hart County",3,66,400,196,204
050,13,147,"Georgia","Hart County",3,67,370,167,203
050,13,147,"Georgia","Hart County",3,68,354,167,187
050,13,147,"Georgia","Hart County",3,69,325,152,173
050,13,147,"Georgia","Hart County",3,70,344,159,185
050,13,147,"Georgia","Hart County",3,71,336,145,191
050,13,147,"Georgia","Hart County",3,72,330,148,182
050,13,147,"Georgia","Hart County",3,73,340,160,180
050,13,147,"Georgia","Hart County",3,74,349,172,177
050,13,147,"Georgia","Hart County",3,75,239,120,119
050,13,147,"Georgia","Hart County",3,76,227,106,121
050,13,147,"Georgia","Hart County",3,77,234,106,128
050,13,147,"Georgia","Hart County",3,78,236,104,132
050,13,147,"Georgia","Hart County",3,79,206,95,111
050,13,147,"Georgia","Hart County",3,80,187,85,102
050,13,147,"Georgia","Hart County",3,81,166,70,96
050,13,147,"Georgia","Hart County",3,82,127,53,74
050,13,147,"Georgia","Hart County",3,83,127,55,72
050,13,147,"Georgia","Hart County",3,84,108,50,58
050,13,147,"Georgia","Hart County",3,85,599,220,379
050,13,147,"Georgia","Hart County",4,0,281,145,136
050,13,147,"Georgia","Hart County",4,1,277,150,127
050,13,147,"Georgia","Hart County",4,2,258,136,122
050,13,147,"Georgia","Hart County",4,3,267,137,130
050,13,147,"Georgia","Hart County",4,4,256,124,132
050,13,147,"Georgia","Hart County",4,5,318,175,143
050,13,147,"Georgia","Hart County",4,6,299,164,135
050,13,147,"Georgia","Hart County",4,7,280,153,127
050,13,147,"Georgia","Hart County",4,8,297,152,145
050,13,147,"Georgia","Hart County",4,9,306,162,144
050,13,147,"Georgia","Hart County",4,10,295,143,152
050,13,147,"Georgia","Hart County",4,11,310,159,151
050,13,147,"Georgia","Hart County",4,12,316,163,153
050,13,147,"Georgia","Hart County",4,13,322,171,151
050,13,147,"Georgia","Hart County",4,14,323,174,149
050,13,147,"Georgia","Hart County",4,15,361,194,167
050,13,147,"Georgia","Hart County",4,16,342,170,172
050,13,147,"Georgia","Hart County",4,17,325,164,161
050,13,147,"Georgia","Hart County",4,18,280,160,120
050,13,147,"Georgia","Hart County",4,19,247,137,110
050,13,147,"Georgia","Hart County",4,20,250,132,118
050,13,147,"Georgia","Hart County",4,21,272,140,132
050,13,147,"Georgia","Hart County",4,22,303,151,152
050,13,147,"Georgia","Hart County",4,23,296,167,129
050,13,147,"Georgia","Hart County",4,24,307,166,141
050,13,147,"Georgia","Hart County",4,25,299,148,151
050,13,147,"Georgia","Hart County",4,26,306,151,155
050,13,147,"Georgia","Hart County",4,27,342,185,157
050,13,147,"Georgia","Hart County",4,28,293,159,134
050,13,147,"Georgia","Hart County",4,29,312,152,160
050,13,147,"Georgia","Hart County",4,30,306,163,143
050,13,147,"Georgia","Hart County",4,31,338,172,166
050,13,147,"Georgia","Hart County",4,32,361,203,158
050,13,147,"Georgia","Hart County",4,33,297,163,134
050,13,147,"Georgia","Hart County",4,34,275,143,132
050,13,147,"Georgia","Hart County",4,35,287,135,152
050,13,147,"Georgia","Hart County",4,36,264,123,141
050,13,147,"Georgia","Hart County",4,37,294,149,145
050,13,147,"Georgia","Hart County",4,38,292,149,143
050,13,147,"Georgia","Hart County",4,39,285,144,141
050,13,147,"Georgia","Hart County",4,40,279,133,146
050,13,147,"Georgia","Hart County",4,41,299,148,151
050,13,147,"Georgia","Hart County",4,42,306,159,147
050,13,147,"Georgia","Hart County",4,43,284,144,140
050,13,147,"Georgia","Hart County",4,44,280,153,127
050,13,147,"Georgia","Hart County",4,45,318,167,151
050,13,147,"Georgia","Hart County",4,46,310,168,142
050,13,147,"Georgia","Hart County",4,47,295,151,144
050,13,147,"Georgia","Hart County",4,48,317,160,157
050,13,147,"Georgia","Hart County",4,49,340,164,176
050,13,147,"Georgia","Hart County",4,50,345,173,172
050,13,147,"Georgia","Hart County",4,51,391,188,203
050,13,147,"Georgia","Hart County",4,52,361,181,180
050,13,147,"Georgia","Hart County",4,53,385,187,198
050,13,147,"Georgia","Hart County",4,54,379,187,192
050,13,147,"Georgia","Hart County",4,55,373,176,197
050,13,147,"Georgia","Hart County",4,56,383,181,202
050,13,147,"Georgia","Hart County",4,57,396,189,207
050,13,147,"Georgia","Hart County",4,58,398,189,209
050,13,147,"Georgia","Hart County",4,59,409,192,217
050,13,147,"Georgia","Hart County",4,60,384,182,202
050,13,147,"Georgia","Hart County",4,61,397,186,211
050,13,147,"Georgia","Hart County",4,62,385,181,204
050,13,147,"Georgia","Hart County",4,63,404,194,210
050,13,147,"Georgia","Hart County",4,64,400,190,210
050,13,147,"Georgia","Hart County",4,65,400,195,205
050,13,147,"Georgia","Hart County",4,66,390,203,187
050,13,147,"Georgia","Hart County",4,67,399,197,202
050,13,147,"Georgia","Hart County",4,68,375,175,200
050,13,147,"Georgia","Hart County",4,69,361,170,191
050,13,147,"Georgia","Hart County",4,70,318,146,172
050,13,147,"Georgia","Hart County",4,71,345,165,180
050,13,147,"Georgia","Hart County",4,72,327,140,187
050,13,147,"Georgia","Hart County",4,73,322,146,176
050,13,147,"Georgia","Hart County",4,74,336,153,183
050,13,147,"Georgia","Hart County",4,75,335,169,166
050,13,147,"Georgia","Hart County",4,76,219,108,111
050,13,147,"Georgia","Hart County",4,77,221,103,118
050,13,147,"Georgia","Hart County",4,78,222,96,126
050,13,147,"Georgia","Hart County",4,79,230,97,133
050,13,147,"Georgia","Hart County",4,80,186,93,93
050,13,147,"Georgia","Hart County",4,81,175,79,96
050,13,147,"Georgia","Hart County",4,82,146,64,82
050,13,147,"Georgia","Hart County",4,83,127,54,73
050,13,147,"Georgia","Hart County",4,84,112,50,62
050,13,147,"Georgia","Hart County",4,85,583,225,358
050,13,147,"Georgia","Hart County",5,0,266,134,132
050,13,147,"Georgia","Hart County",5,1,288,154,134
050,13,147,"Georgia","Hart County",5,2,314,177,137
050,13,147,"Georgia","Hart County",5,3,267,137,130
050,13,147,"Georgia","Hart County",5,4,269,138,131
050,13,147,"Georgia","Hart County",5,5,278,145,133
050,13,147,"Georgia","Hart County",5,6,328,176,152
050,13,147,"Georgia","Hart County",5,7,305,168,137
050,13,147,"Georgia","Hart County",5,8,292,158,134
050,13,147,"Georgia","Hart County",5,9,309,154,155
050,13,147,"Georgia","Hart County",5,10,292,155,137
050,13,147,"Georgia","Hart County",5,11,305,151,154
050,13,147,"Georgia","Hart County",5,12,317,161,156
050,13,147,"Georgia","Hart County",5,13,325,168,157
050,13,147,"Georgia","Hart County",5,14,330,174,156
050,13,147,"Georgia","Hart County",5,15,334,182,152
050,13,147,"Georgia","Hart County",5,16,369,189,180
050,13,147,"Georgia","Hart County",5,17,350,175,175
050,13,147,"Georgia","Hart County",5,18,287,147,140
050,13,147,"Georgia","Hart County",5,19,236,130,106
050,13,147,"Georgia","Hart County",5,20,269,155,114
050,13,147,"Georgia","Hart County",5,21,273,139,134
050,13,147,"Georgia","Hart County",5,22,296,153,143
050,13,147,"Georgia","Hart County",5,23,322,170,152
050,13,147,"Georgia","Hart County",5,24,313,171,142
050,13,147,"Georgia","Hart County",5,25,313,162,151
050,13,147,"Georgia","Hart County",5,26,310,153,157
050,13,147,"Georgia","Hart County",5,27,329,170,159
050,13,147,"Georgia","Hart County",5,28,355,194,161
050,13,147,"Georgia","Hart County",5,29,309,168,141
050,13,147,"Georgia","Hart County",5,30,317,153,164
050,13,147,"Georgia","Hart County",5,31,316,174,142
050,13,147,"Georgia","Hart County",5,32,360,187,173
050,13,147,"Georgia","Hart County",5,33,367,195,172
050,13,147,"Georgia","Hart County",5,34,284,155,129
050,13,147,"Georgia","Hart County",5,35,299,157,142
050,13,147,"Georgia","Hart County",5,36,294,140,154
050,13,147,"Georgia","Hart County",5,37,277,132,145
050,13,147,"Georgia","Hart County",5,38,300,150,150
050,13,147,"Georgia","Hart County",5,39,293,150,143
050,13,147,"Georgia","Hart County",5,40,288,142,146
050,13,147,"Georgia","Hart County",5,41,317,156,161
050,13,147,"Georgia","Hart County",5,42,295,151,144
050,13,147,"Georgia","Hart County",5,43,316,163,153
050,13,147,"Georgia","Hart County",5,44,300,151,149
050,13,147,"Georgia","Hart County",5,45,288,156,132
050,13,147,"Georgia","Hart County",5,46,318,168,150
050,13,147,"Georgia","Hart County",5,47,313,167,146
050,13,147,"Georgia","Hart County",5,48,300,156,144
050,13,147,"Georgia","Hart County",5,49,319,156,163
050,13,147,"Georgia","Hart County",5,50,350,172,178
050,13,147,"Georgia","Hart County",5,51,362,179,183
050,13,147,"Georgia","Hart County",5,52,395,184,211
050,13,147,"Georgia","Hart County",5,53,375,184,191
050,13,147,"Georgia","Hart County",5,54,395,192,203
050,13,147,"Georgia","Hart County",5,55,388,189,199
050,13,147,"Georgia","Hart County",5,56,395,190,205
050,13,147,"Georgia","Hart County",5,57,400,189,211
050,13,147,"Georgia","Hart County",5,58,415,199,216
050,13,147,"Georgia","Hart County",5,59,405,189,216
050,13,147,"Georgia","Hart County",5,60,421,197,224
050,13,147,"Georgia","Hart County",5,61,406,192,214
050,13,147,"Georgia","Hart County",5,62,402,187,215
050,13,147,"Georgia","Hart County",5,63,395,180,215
050,13,147,"Georgia","Hart County",5,64,410,196,214
050,13,147,"Georgia","Hart County",5,65,417,197,220
050,13,147,"Georgia","Hart County",5,66,407,194,213
050,13,147,"Georgia","Hart County",5,67,387,203,184
050,13,147,"Georgia","Hart County",5,68,408,199,209
050,13,147,"Georgia","Hart County",5,69,378,177,201
050,13,147,"Georgia","Hart County",5,70,350,166,184
050,13,147,"Georgia","Hart County",5,71,320,142,178
050,13,147,"Georgia","Hart County",5,72,342,164,178
050,13,147,"Georgia","Hart County",5,73,318,137,181
050,13,147,"Georgia","Hart County",5,74,321,145,176
050,13,147,"Georgia","Hart County",5,75,326,156,170
050,13,147,"Georgia","Hart County",5,76,310,152,158
050,13,147,"Georgia","Hart County",5,77,214,106,108
050,13,147,"Georgia","Hart County",5,78,205,94,111
050,13,147,"Georgia","Hart County",5,79,227,97,130
050,13,147,"Georgia","Hart County",5,80,206,90,116
050,13,147,"Georgia","Hart County",5,81,178,89,89
050,13,147,"Georgia","Hart County",5,82,158,73,85
050,13,147,"Georgia","Hart County",5,83,143,59,84
050,13,147,"Georgia","Hart County",5,84,111,45,66
050,13,147,"Georgia","Hart County",5,85,605,241,364
050,13,149,"Georgia","Heard County",1,0,117,60,57
050,13,149,"Georgia","Heard County",1,1,118,53,65
050,13,149,"Georgia","Heard County",1,2,112,59,53
050,13,149,"Georgia","Heard County",1,3,141,66,75
050,13,149,"Georgia","Heard County",1,4,124,56,68
050,13,149,"Georgia","Heard County",1,5,138,71,67
050,13,149,"Georgia","Heard County",1,6,149,83,66
050,13,149,"Georgia","Heard County",1,7,147,76,71
050,13,149,"Georgia","Heard County",1,8,140,74,66
050,13,149,"Georgia","Heard County",1,9,138,71,67
050,13,149,"Georgia","Heard County",1,10,168,81,87
050,13,149,"Georgia","Heard County",1,11,166,89,77
050,13,149,"Georgia","Heard County",1,12,164,82,82
050,13,149,"Georgia","Heard County",1,13,159,76,83
050,13,149,"Georgia","Heard County",1,14,167,88,79
050,13,149,"Georgia","Heard County",1,15,155,80,75
050,13,149,"Georgia","Heard County",1,16,160,88,72
050,13,149,"Georgia","Heard County",1,17,141,80,61
050,13,149,"Georgia","Heard County",1,18,131,71,60
050,13,149,"Georgia","Heard County",1,19,124,69,55
050,13,149,"Georgia","Heard County",1,20,131,67,64
050,13,149,"Georgia","Heard County",1,21,123,62,61
050,13,149,"Georgia","Heard County",1,22,133,69,64
050,13,149,"Georgia","Heard County",1,23,141,69,72
050,13,149,"Georgia","Heard County",1,24,132,61,71
050,13,149,"Georgia","Heard County",1,25,137,71,66
050,13,149,"Georgia","Heard County",1,26,142,77,65
050,13,149,"Georgia","Heard County",1,27,137,82,55
050,13,149,"Georgia","Heard County",1,28,132,64,68
050,13,149,"Georgia","Heard County",1,29,160,82,78
050,13,149,"Georgia","Heard County",1,30,151,61,90
050,13,149,"Georgia","Heard County",1,31,142,61,81
050,13,149,"Georgia","Heard County",1,32,130,62,68
050,13,149,"Georgia","Heard County",1,33,136,70,66
050,13,149,"Georgia","Heard County",1,34,133,71,62
050,13,149,"Georgia","Heard County",1,35,131,58,73
050,13,149,"Georgia","Heard County",1,36,115,57,58
050,13,149,"Georgia","Heard County",1,37,125,62,63
050,13,149,"Georgia","Heard County",1,38,138,72,66
050,13,149,"Georgia","Heard County",1,39,147,72,75
050,13,149,"Georgia","Heard County",1,40,128,63,65
050,13,149,"Georgia","Heard County",1,41,132,62,70
050,13,149,"Georgia","Heard County",1,42,120,57,63
050,13,149,"Georgia","Heard County",1,43,131,66,65
050,13,149,"Georgia","Heard County",1,44,147,77,70
050,13,149,"Georgia","Heard County",1,45,148,77,71
050,13,149,"Georgia","Heard County",1,46,145,74,71
050,13,149,"Georgia","Heard County",1,47,170,94,76
050,13,149,"Georgia","Heard County",1,48,151,72,79
050,13,149,"Georgia","Heard County",1,49,159,74,85
050,13,149,"Georgia","Heard County",1,50,157,89,68
050,13,149,"Georgia","Heard County",1,51,147,80,67
050,13,149,"Georgia","Heard County",1,52,157,71,86
050,13,149,"Georgia","Heard County",1,53,180,97,83
050,13,149,"Georgia","Heard County",1,54,178,104,74
050,13,149,"Georgia","Heard County",1,55,172,84,88
050,13,149,"Georgia","Heard County",1,56,159,77,82
050,13,149,"Georgia","Heard County",1,57,153,72,81
050,13,149,"Georgia","Heard County",1,58,171,88,83
050,13,149,"Georgia","Heard County",1,59,180,83,97
050,13,149,"Georgia","Heard County",1,60,165,82,83
050,13,149,"Georgia","Heard County",1,61,165,85,80
050,13,149,"Georgia","Heard County",1,62,179,83,96
050,13,149,"Georgia","Heard County",1,63,149,71,78
050,13,149,"Georgia","Heard County",1,64,135,71,64
050,13,149,"Georgia","Heard County",1,65,132,67,65
050,13,149,"Georgia","Heard County",1,66,147,64,83
050,13,149,"Georgia","Heard County",1,67,153,69,84
050,13,149,"Georgia","Heard County",1,68,135,72,63
050,13,149,"Georgia","Heard County",1,69,121,67,54
050,13,149,"Georgia","Heard County",1,70,115,61,54
050,13,149,"Georgia","Heard County",1,71,103,44,59
050,13,149,"Georgia","Heard County",1,72,112,51,61
050,13,149,"Georgia","Heard County",1,73,116,59,57
050,13,149,"Georgia","Heard County",1,74,82,38,44
050,13,149,"Georgia","Heard County",1,75,83,40,43
050,13,149,"Georgia","Heard County",1,76,82,40,42
050,13,149,"Georgia","Heard County",1,77,72,30,42
050,13,149,"Georgia","Heard County",1,78,59,27,32
050,13,149,"Georgia","Heard County",1,79,60,33,27
050,13,149,"Georgia","Heard County",1,80,52,21,31
050,13,149,"Georgia","Heard County",1,81,50,25,25
050,13,149,"Georgia","Heard County",1,82,45,15,30
050,13,149,"Georgia","Heard County",1,83,36,17,19
050,13,149,"Georgia","Heard County",1,84,29,14,15
050,13,149,"Georgia","Heard County",1,85,172,63,109
050,13,149,"Georgia","Heard County",2,0,122,60,62
050,13,149,"Georgia","Heard County",2,1,118,55,63
050,13,149,"Georgia","Heard County",2,2,116,58,58
050,13,149,"Georgia","Heard County",2,3,132,62,70
050,13,149,"Georgia","Heard County",2,4,131,59,72
050,13,149,"Georgia","Heard County",2,5,135,67,68
050,13,149,"Georgia","Heard County",2,6,150,81,69
050,13,149,"Georgia","Heard County",2,7,149,78,71
050,13,149,"Georgia","Heard County",2,8,145,76,69
050,13,149,"Georgia","Heard County",2,9,142,74,68
050,13,149,"Georgia","Heard County",2,10,164,82,82
050,13,149,"Georgia","Heard County",2,11,166,88,78
050,13,149,"Georgia","Heard County",2,12,167,85,82
050,13,149,"Georgia","Heard County",2,13,161,79,82
050,13,149,"Georgia","Heard County",2,14,164,83,81
050,13,149,"Georgia","Heard County",2,15,157,80,77
050,13,149,"Georgia","Heard County",2,16,161,87,74
050,13,149,"Georgia","Heard County",2,17,144,82,62
050,13,149,"Georgia","Heard County",2,18,126,69,57
050,13,149,"Georgia","Heard County",2,19,122,67,55
050,13,149,"Georgia","Heard County",2,20,132,68,64
050,13,149,"Georgia","Heard County",2,21,126,63,63
050,13,149,"Georgia","Heard County",2,22,133,67,66
050,13,149,"Georgia","Heard County",2,23,140,69,71
050,13,149,"Georgia","Heard County",2,24,135,63,72
050,13,149,"Georgia","Heard County",2,25,133,68,65
050,13,149,"Georgia","Heard County",2,26,140,76,64
050,13,149,"Georgia","Heard County",2,27,140,80,60
050,13,149,"Georgia","Heard County",2,28,135,70,65
050,13,149,"Georgia","Heard County",2,29,153,76,77
050,13,149,"Georgia","Heard County",2,30,156,67,89
050,13,149,"Georgia","Heard County",2,31,142,60,82
050,13,149,"Georgia","Heard County",2,32,133,62,71
050,13,149,"Georgia","Heard County",2,33,136,69,67
050,13,149,"Georgia","Heard County",2,34,135,72,63
050,13,149,"Georgia","Heard County",2,35,135,63,72
050,13,149,"Georgia","Heard County",2,36,120,58,62
050,13,149,"Georgia","Heard County",2,37,124,60,64
050,13,149,"Georgia","Heard County",2,38,138,71,67
050,13,149,"Georgia","Heard County",2,39,145,73,72
050,13,149,"Georgia","Heard County",2,40,135,66,69
050,13,149,"Georgia","Heard County",2,41,127,61,66
050,13,149,"Georgia","Heard County",2,42,123,57,66
050,13,149,"Georgia","Heard County",2,43,132,65,67
050,13,149,"Georgia","Heard County",2,44,142,73,69
050,13,149,"Georgia","Heard County",2,45,148,77,71
050,13,149,"Georgia","Heard County",2,46,145,75,70
050,13,149,"Georgia","Heard County",2,47,165,89,76
050,13,149,"Georgia","Heard County",2,48,156,77,79
050,13,149,"Georgia","Heard County",2,49,159,75,84
050,13,149,"Georgia","Heard County",2,50,158,85,73
050,13,149,"Georgia","Heard County",2,51,151,83,68
050,13,149,"Georgia","Heard County",2,52,153,71,82
050,13,149,"Georgia","Heard County",2,53,173,91,82
050,13,149,"Georgia","Heard County",2,54,181,103,78
050,13,149,"Georgia","Heard County",2,55,172,88,84
050,13,149,"Georgia","Heard County",2,56,163,79,84
050,13,149,"Georgia","Heard County",2,57,152,71,81
050,13,149,"Georgia","Heard County",2,58,166,84,82
050,13,149,"Georgia","Heard County",2,59,177,82,95
050,13,149,"Georgia","Heard County",2,60,169,82,87
050,13,149,"Georgia","Heard County",2,61,165,84,81
050,13,149,"Georgia","Heard County",2,62,175,83,92
050,13,149,"Georgia","Heard County",2,63,158,75,83
050,13,149,"Georgia","Heard County",2,64,139,71,68
050,13,149,"Georgia","Heard County",2,65,132,67,65
050,13,149,"Georgia","Heard County",2,66,143,64,79
050,13,149,"Georgia","Heard County",2,67,150,67,83
050,13,149,"Georgia","Heard County",2,68,138,70,68
050,13,149,"Georgia","Heard County",2,69,126,69,57
050,13,149,"Georgia","Heard County",2,70,115,61,54
050,13,149,"Georgia","Heard County",2,71,107,49,58
050,13,149,"Georgia","Heard County",2,72,107,48,59
050,13,149,"Georgia","Heard County",2,73,119,58,61
050,13,149,"Georgia","Heard County",2,74,83,40,43
050,13,149,"Georgia","Heard County",2,75,82,39,43
050,13,149,"Georgia","Heard County",2,76,80,40,40
050,13,149,"Georgia","Heard County",2,77,74,31,43
050,13,149,"Georgia","Heard County",2,78,60,27,33
050,13,149,"Georgia","Heard County",2,79,57,31,26
050,13,149,"Georgia","Heard County",2,80,52,23,29
050,13,149,"Georgia","Heard County",2,81,49,24,25
050,13,149,"Georgia","Heard County",2,82,45,17,28
050,13,149,"Georgia","Heard County",2,83,36,14,22
050,13,149,"Georgia","Heard County",2,84,28,14,14
050,13,149,"Georgia","Heard County",2,85,174,63,111
050,13,149,"Georgia","Heard County",3,0,124,57,67
050,13,149,"Georgia","Heard County",3,1,120,63,57
050,13,149,"Georgia","Heard County",3,2,124,61,63
050,13,149,"Georgia","Heard County",3,3,113,54,59
050,13,149,"Georgia","Heard County",3,4,136,63,73
050,13,149,"Georgia","Heard County",3,5,131,60,71
050,13,149,"Georgia","Heard County",3,6,147,77,70
050,13,149,"Georgia","Heard County",3,7,151,81,70
050,13,149,"Georgia","Heard County",3,8,148,77,71
050,13,149,"Georgia","Heard County",3,9,149,75,74
050,13,149,"Georgia","Heard County",3,10,136,69,67
050,13,149,"Georgia","Heard County",3,11,165,80,85
050,13,149,"Georgia","Heard County",3,12,162,84,78
050,13,149,"Georgia","Heard County",3,13,166,83,83
050,13,149,"Georgia","Heard County",3,14,166,84,82
050,13,149,"Georgia","Heard County",3,15,169,84,85
050,13,149,"Georgia","Heard County",3,16,170,88,82
050,13,149,"Georgia","Heard County",3,17,168,94,74
050,13,149,"Georgia","Heard County",3,18,135,76,59
050,13,149,"Georgia","Heard County",3,19,91,49,42
050,13,149,"Georgia","Heard County",3,20,122,69,53
050,13,149,"Georgia","Heard County",3,21,142,71,71
050,13,149,"Georgia","Heard County",3,22,139,68,71
050,13,149,"Georgia","Heard County",3,23,141,70,71
050,13,149,"Georgia","Heard County",3,24,130,69,61
050,13,149,"Georgia","Heard County",3,25,142,70,72
050,13,149,"Georgia","Heard County",3,26,137,71,66
050,13,149,"Georgia","Heard County",3,27,149,76,73
050,13,149,"Georgia","Heard County",3,28,136,72,64
050,13,149,"Georgia","Heard County",3,29,139,71,68
050,13,149,"Georgia","Heard County",3,30,142,71,71
050,13,149,"Georgia","Heard County",3,31,160,69,91
050,13,149,"Georgia","Heard County",3,32,136,54,82
050,13,149,"Georgia","Heard County",3,33,138,69,69
050,13,149,"Georgia","Heard County",3,34,134,66,68
050,13,149,"Georgia","Heard County",3,35,143,75,68
050,13,149,"Georgia","Heard County",3,36,125,62,63
050,13,149,"Georgia","Heard County",3,37,122,54,68
050,13,149,"Georgia","Heard County",3,38,129,64,65
050,13,149,"Georgia","Heard County",3,39,138,72,66
050,13,149,"Georgia","Heard County",3,40,145,72,73
050,13,149,"Georgia","Heard County",3,41,137,68,69
050,13,149,"Georgia","Heard County",3,42,125,58,67
050,13,149,"Georgia","Heard County",3,43,130,57,73
050,13,149,"Georgia","Heard County",3,44,130,66,64
050,13,149,"Georgia","Heard County",3,45,139,72,67
050,13,149,"Georgia","Heard County",3,46,142,76,66
050,13,149,"Georgia","Heard County",3,47,144,74,70
050,13,149,"Georgia","Heard County",3,48,169,92,77
050,13,149,"Georgia","Heard County",3,49,160,79,81
050,13,149,"Georgia","Heard County",3,50,170,78,92
050,13,149,"Georgia","Heard County",3,51,165,89,76
050,13,149,"Georgia","Heard County",3,52,149,80,69
050,13,149,"Georgia","Heard County",3,53,152,74,78
050,13,149,"Georgia","Heard County",3,54,181,97,84
050,13,149,"Georgia","Heard County",3,55,182,102,80
050,13,149,"Georgia","Heard County",3,56,164,84,80
050,13,149,"Georgia","Heard County",3,57,163,78,85
050,13,149,"Georgia","Heard County",3,58,155,74,81
050,13,149,"Georgia","Heard County",3,59,169,85,84
050,13,149,"Georgia","Heard County",3,60,176,80,96
050,13,149,"Georgia","Heard County",3,61,166,81,85
050,13,149,"Georgia","Heard County",3,62,163,87,76
050,13,149,"Georgia","Heard County",3,63,182,85,97
050,13,149,"Georgia","Heard County",3,64,154,74,80
050,13,149,"Georgia","Heard County",3,65,129,64,65
050,13,149,"Georgia","Heard County",3,66,129,67,62
050,13,149,"Georgia","Heard County",3,67,143,66,77
050,13,149,"Georgia","Heard County",3,68,154,70,84
050,13,149,"Georgia","Heard County",3,69,142,73,69
050,13,149,"Georgia","Heard County",3,70,117,65,52
050,13,149,"Georgia","Heard County",3,71,117,63,54
050,13,149,"Georgia","Heard County",3,72,100,46,54
050,13,149,"Georgia","Heard County",3,73,98,43,55
050,13,149,"Georgia","Heard County",3,74,116,59,57
050,13,149,"Georgia","Heard County",3,75,82,38,44
050,13,149,"Georgia","Heard County",3,76,76,37,39
050,13,149,"Georgia","Heard County",3,77,78,38,40
050,13,149,"Georgia","Heard County",3,78,73,28,45
050,13,149,"Georgia","Heard County",3,79,56,22,34
050,13,149,"Georgia","Heard County",3,80,50,28,22
050,13,149,"Georgia","Heard County",3,81,48,25,23
050,13,149,"Georgia","Heard County",3,82,45,22,23
050,13,149,"Georgia","Heard County",3,83,47,17,30
050,13,149,"Georgia","Heard County",3,84,31,12,19
050,13,149,"Georgia","Heard County",3,85,174,64,110
050,13,149,"Georgia","Heard County",4,0,122,58,64
050,13,149,"Georgia","Heard County",4,1,129,57,72
050,13,149,"Georgia","Heard County",4,2,118,62,56
050,13,149,"Georgia","Heard County",4,3,140,74,66
050,13,149,"Georgia","Heard County",4,4,131,67,64
050,13,149,"Georgia","Heard County",4,5,140,65,75
050,13,149,"Georgia","Heard County",4,6,144,70,74
050,13,149,"Georgia","Heard County",4,7,145,79,66
050,13,149,"Georgia","Heard County",4,8,162,85,77
050,13,149,"Georgia","Heard County",4,9,153,79,74
050,13,149,"Georgia","Heard County",4,10,148,73,75
050,13,149,"Georgia","Heard County",4,11,145,68,77
050,13,149,"Georgia","Heard County",4,12,172,87,85
050,13,149,"Georgia","Heard County",4,13,174,88,86
050,13,149,"Georgia","Heard County",4,14,178,94,84
050,13,149,"Georgia","Heard County",4,15,171,83,88
050,13,149,"Georgia","Heard County",4,16,181,93,88
050,13,149,"Georgia","Heard County",4,17,161,84,77
050,13,149,"Georgia","Heard County",4,18,149,84,65
050,13,149,"Georgia","Heard County",4,19,98,54,44
050,13,149,"Georgia","Heard County",4,20,97,52,45
050,13,149,"Georgia","Heard County",4,21,122,69,53
050,13,149,"Georgia","Heard County",4,22,148,71,77
050,13,149,"Georgia","Heard County",4,23,138,68,70
050,13,149,"Georgia","Heard County",4,24,149,73,76
050,13,149,"Georgia","Heard County",4,25,128,60,68
050,13,149,"Georgia","Heard County",4,26,141,72,69
050,13,149,"Georgia","Heard County",4,27,138,74,64
050,13,149,"Georgia","Heard County",4,28,141,68,73
050,13,149,"Georgia","Heard County",4,29,147,78,69
050,13,149,"Georgia","Heard County",4,30,146,74,72
050,13,149,"Georgia","Heard County",4,31,159,82,77
050,13,149,"Georgia","Heard County",4,32,168,76,92
050,13,149,"Georgia","Heard County",4,33,138,54,84
050,13,149,"Georgia","Heard County",4,34,141,68,73
050,13,149,"Georgia","Heard County",4,35,148,73,75
050,13,149,"Georgia","Heard County",4,36,147,72,75
050,13,149,"Georgia","Heard County",4,37,133,66,67
050,13,149,"Georgia","Heard County",4,38,131,59,72
050,13,149,"Georgia","Heard County",4,39,134,64,70
050,13,149,"Georgia","Heard County",4,40,144,73,71
050,13,149,"Georgia","Heard County",4,41,143,74,69
050,13,149,"Georgia","Heard County",4,42,138,69,69
050,13,149,"Georgia","Heard County",4,43,123,57,66
050,13,149,"Georgia","Heard County",4,44,128,56,72
050,13,149,"Georgia","Heard County",4,45,132,67,65
050,13,149,"Georgia","Heard County",4,46,133,69,64
050,13,149,"Georgia","Heard County",4,47,142,79,63
050,13,149,"Georgia","Heard County",4,48,140,72,68
050,13,149,"Georgia","Heard County",4,49,165,91,74
050,13,149,"Georgia","Heard County",4,50,166,82,84
050,13,149,"Georgia","Heard County",4,51,170,76,94
050,13,149,"Georgia","Heard County",4,52,160,87,73
050,13,149,"Georgia","Heard County",4,53,150,79,71
050,13,149,"Georgia","Heard County",4,54,161,74,87
050,13,149,"Georgia","Heard County",4,55,171,91,80
050,13,149,"Georgia","Heard County",4,56,182,103,79
050,13,149,"Georgia","Heard County",4,57,163,89,74
050,13,149,"Georgia","Heard County",4,58,170,84,86
050,13,149,"Georgia","Heard County",4,59,158,74,84
050,13,149,"Georgia","Heard County",4,60,167,82,85
050,13,149,"Georgia","Heard County",4,61,179,81,98
050,13,149,"Georgia","Heard County",4,62,166,80,86
050,13,149,"Georgia","Heard County",4,63,157,84,73
050,13,149,"Georgia","Heard County",4,64,179,84,95
050,13,149,"Georgia","Heard County",4,65,150,71,79
050,13,149,"Georgia","Heard County",4,66,120,60,60
050,13,149,"Georgia","Heard County",4,67,127,64,63
050,13,149,"Georgia","Heard County",4,68,146,66,80
050,13,149,"Georgia","Heard County",4,69,155,71,84
050,13,149,"Georgia","Heard County",4,70,134,72,62
050,13,149,"Georgia","Heard County",4,71,119,64,55
050,13,149,"Georgia","Heard County",4,72,119,64,55
050,13,149,"Georgia","Heard County",4,73,92,39,53
050,13,149,"Georgia","Heard County",4,74,96,43,53
050,13,149,"Georgia","Heard County",4,75,116,57,59
050,13,149,"Georgia","Heard County",4,76,77,36,41
050,13,149,"Georgia","Heard County",4,77,72,35,37
050,13,149,"Georgia","Heard County",4,78,72,32,40
050,13,149,"Georgia","Heard County",4,79,71,28,43
050,13,149,"Georgia","Heard County",4,80,48,17,31
050,13,149,"Georgia","Heard County",4,81,48,27,21
050,13,149,"Georgia","Heard County",4,82,49,25,24
050,13,149,"Georgia","Heard County",4,83,45,20,25
050,13,149,"Georgia","Heard County",4,84,41,15,26
050,13,149,"Georgia","Heard County",4,85,177,66,111
050,13,149,"Georgia","Heard County",5,0,111,53,58
050,13,149,"Georgia","Heard County",5,1,126,56,70
050,13,149,"Georgia","Heard County",5,2,136,63,73
050,13,149,"Georgia","Heard County",5,3,121,65,56
050,13,149,"Georgia","Heard County",5,4,148,79,69
050,13,149,"Georgia","Heard County",5,5,139,64,75
050,13,149,"Georgia","Heard County",5,6,146,73,73
050,13,149,"Georgia","Heard County",5,7,150,71,79
050,13,149,"Georgia","Heard County",5,8,152,92,60
050,13,149,"Georgia","Heard County",5,9,171,89,82
050,13,149,"Georgia","Heard County",5,10,157,80,77
050,13,149,"Georgia","Heard County",5,11,156,76,80
050,13,149,"Georgia","Heard County",5,12,156,73,83
050,13,149,"Georgia","Heard County",5,13,173,87,86
050,13,149,"Georgia","Heard County",5,14,184,88,96
050,13,149,"Georgia","Heard County",5,15,177,96,81
050,13,149,"Georgia","Heard County",5,16,177,86,91
050,13,149,"Georgia","Heard County",5,17,179,95,84
050,13,149,"Georgia","Heard County",5,18,137,76,61
050,13,149,"Georgia","Heard County",5,19,118,70,48
050,13,149,"Georgia","Heard County",5,20,119,67,52
050,13,149,"Georgia","Heard County",5,21,107,50,57
050,13,149,"Georgia","Heard County",5,22,136,77,59
050,13,149,"Georgia","Heard County",5,23,168,86,82
050,13,149,"Georgia","Heard County",5,24,150,72,78
050,13,149,"Georgia","Heard County",5,25,143,69,74
050,13,149,"Georgia","Heard County",5,26,138,64,74
050,13,149,"Georgia","Heard County",5,27,153,76,77
050,13,149,"Georgia","Heard County",5,28,157,86,71
050,13,149,"Georgia","Heard County",5,29,145,68,77
050,13,149,"Georgia","Heard County",5,30,150,72,78
050,13,149,"Georgia","Heard County",5,31,151,79,72
050,13,149,"Georgia","Heard County",5,32,158,85,73
050,13,149,"Georgia","Heard County",5,33,169,79,90
050,13,149,"Georgia","Heard County",5,34,137,56,81
050,13,149,"Georgia","Heard County",5,35,162,79,83
050,13,149,"Georgia","Heard County",5,36,155,75,80
050,13,149,"Georgia","Heard County",5,37,158,80,78
050,13,149,"Georgia","Heard County",5,38,150,73,77
050,13,149,"Georgia","Heard County",5,39,138,65,73
050,13,149,"Georgia","Heard County",5,40,146,73,73
050,13,149,"Georgia","Heard County",5,41,143,74,69
050,13,149,"Georgia","Heard County",5,42,152,81,71
050,13,149,"Georgia","Heard County",5,43,138,65,73
050,13,149,"Georgia","Heard County",5,44,126,61,65
050,13,149,"Georgia","Heard County",5,45,125,59,66
050,13,149,"Georgia","Heard County",5,46,137,72,65
050,13,149,"Georgia","Heard County",5,47,135,70,65
050,13,149,"Georgia","Heard County",5,48,147,80,67
050,13,149,"Georgia","Heard County",5,49,148,75,73
050,13,149,"Georgia","Heard County",5,50,169,95,74
050,13,149,"Georgia","Heard County",5,51,168,85,83
050,13,149,"Georgia","Heard County",5,52,173,80,93
050,13,149,"Georgia","Heard County",5,53,178,95,83
050,13,149,"Georgia","Heard County",5,54,156,80,76
050,13,149,"Georgia","Heard County",5,55,150,67,83
050,13,149,"Georgia","Heard County",5,56,167,88,79
050,13,149,"Georgia","Heard County",5,57,182,104,78
050,13,149,"Georgia","Heard County",5,58,171,94,77
050,13,149,"Georgia","Heard County",5,59,167,78,89
050,13,149,"Georgia","Heard County",5,60,166,79,87
050,13,149,"Georgia","Heard County",5,61,166,80,86
050,13,149,"Georgia","Heard County",5,62,180,82,98
050,13,149,"Georgia","Heard County",5,63,165,78,87
050,13,149,"Georgia","Heard County",5,64,155,80,75
050,13,149,"Georgia","Heard County",5,65,175,78,97
050,13,149,"Georgia","Heard County",5,66,145,72,73
050,13,149,"Georgia","Heard County",5,67,126,59,67
050,13,149,"Georgia","Heard County",5,68,128,64,64
050,13,149,"Georgia","Heard County",5,69,147,67,80
050,13,149,"Georgia","Heard County",5,70,149,72,77
050,13,149,"Georgia","Heard County",5,71,135,68,67
050,13,149,"Georgia","Heard County",5,72,114,61,53
050,13,149,"Georgia","Heard County",5,73,109,59,50
050,13,149,"Georgia","Heard County",5,74,90,40,50
050,13,149,"Georgia","Heard County",5,75,99,43,56
050,13,149,"Georgia","Heard County",5,76,108,54,54
050,13,149,"Georgia","Heard County",5,77,71,33,38
050,13,149,"Georgia","Heard County",5,78,67,29,38
050,13,149,"Georgia","Heard County",5,79,67,31,36
050,13,149,"Georgia","Heard County",5,80,65,24,41
050,13,149,"Georgia","Heard County",5,81,45,15,30
050,13,149,"Georgia","Heard County",5,82,45,25,20
050,13,149,"Georgia","Heard County",5,83,49,22,27
050,13,149,"Georgia","Heard County",5,84,37,18,19
050,13,149,"Georgia","Heard County",5,85,195,70,125
050,13,151,"Georgia","Henry County",1,0,2592,1324,1268
050,13,151,"Georgia","Henry County",1,1,2683,1374,1309
050,13,151,"Georgia","Henry County",1,2,2751,1407,1344
050,13,151,"Georgia","Henry County",1,3,2779,1428,1351
050,13,151,"Georgia","Henry County",1,4,2943,1505,1438
050,13,151,"Georgia","Henry County",1,5,3059,1571,1488
050,13,151,"Georgia","Henry County",1,6,3056,1534,1522
050,13,151,"Georgia","Henry County",1,7,3097,1578,1519
050,13,151,"Georgia","Henry County",1,8,3231,1653,1578
050,13,151,"Georgia","Henry County",1,9,3369,1682,1687
050,13,151,"Georgia","Henry County",1,10,3507,1743,1764
050,13,151,"Georgia","Henry County",1,11,3685,1886,1799
050,13,151,"Georgia","Henry County",1,12,3992,2069,1923
050,13,151,"Georgia","Henry County",1,13,4080,2061,2019
050,13,151,"Georgia","Henry County",1,14,4154,2103,2051
050,13,151,"Georgia","Henry County",1,15,4102,2123,1979
050,13,151,"Georgia","Henry County",1,16,4181,2116,2065
050,13,151,"Georgia","Henry County",1,17,4205,2074,2131
050,13,151,"Georgia","Henry County",1,18,3545,1848,1697
050,13,151,"Georgia","Henry County",1,19,3088,1605,1483
050,13,151,"Georgia","Henry County",1,20,3131,1585,1546
050,13,151,"Georgia","Henry County",1,21,3130,1543,1587
050,13,151,"Georgia","Henry County",1,22,3203,1569,1634
050,13,151,"Georgia","Henry County",1,23,3161,1553,1608
050,13,151,"Georgia","Henry County",1,24,3153,1519,1634
050,13,151,"Georgia","Henry County",1,25,3005,1482,1523
050,13,151,"Georgia","Henry County",1,26,2994,1466,1528
050,13,151,"Georgia","Henry County",1,27,3091,1517,1574
050,13,151,"Georgia","Henry County",1,28,3045,1447,1598
050,13,151,"Georgia","Henry County",1,29,2983,1440,1543
050,13,151,"Georgia","Henry County",1,30,3026,1428,1598
050,13,151,"Georgia","Henry County",1,31,2929,1336,1593
050,13,151,"Georgia","Henry County",1,32,2891,1317,1574
050,13,151,"Georgia","Henry County",1,33,2857,1315,1542
050,13,151,"Georgia","Henry County",1,34,2926,1372,1554
050,13,151,"Georgia","Henry County",1,35,3000,1390,1610
050,13,151,"Georgia","Henry County",1,36,2929,1300,1629
050,13,151,"Georgia","Henry County",1,37,3066,1351,1715
050,13,151,"Georgia","Henry County",1,38,3209,1408,1801
050,13,151,"Georgia","Henry County",1,39,3356,1444,1912
050,13,151,"Georgia","Henry County",1,40,3400,1491,1909
050,13,151,"Georgia","Henry County",1,41,3244,1454,1790
050,13,151,"Georgia","Henry County",1,42,3245,1458,1787
050,13,151,"Georgia","Henry County",1,43,3320,1488,1832
050,13,151,"Georgia","Henry County",1,44,3370,1489,1881
050,13,151,"Georgia","Henry County",1,45,3384,1524,1860
050,13,151,"Georgia","Henry County",1,46,3443,1551,1892
050,13,151,"Georgia","Henry County",1,47,3567,1607,1960
050,13,151,"Georgia","Henry County",1,48,3755,1706,2049
050,13,151,"Georgia","Henry County",1,49,3959,1824,2135
050,13,151,"Georgia","Henry County",1,50,3807,1819,1988
050,13,151,"Georgia","Henry County",1,51,3562,1723,1839
050,13,151,"Georgia","Henry County",1,52,3601,1730,1871
050,13,151,"Georgia","Henry County",1,53,3467,1682,1785
050,13,151,"Georgia","Henry County",1,54,3491,1730,1761
050,13,151,"Georgia","Henry County",1,55,3567,1708,1859
050,13,151,"Georgia","Henry County",1,56,3527,1676,1851
050,13,151,"Georgia","Henry County",1,57,3391,1639,1752
050,13,151,"Georgia","Henry County",1,58,3196,1541,1655
050,13,151,"Georgia","Henry County",1,59,3088,1502,1586
050,13,151,"Georgia","Henry County",1,60,2989,1452,1537
050,13,151,"Georgia","Henry County",1,61,2802,1347,1455
050,13,151,"Georgia","Henry County",1,62,2630,1251,1379
050,13,151,"Georgia","Henry County",1,63,2588,1218,1370
050,13,151,"Georgia","Henry County",1,64,2476,1164,1312
050,13,151,"Georgia","Henry County",1,65,2399,1111,1288
050,13,151,"Georgia","Henry County",1,66,2220,1026,1194
050,13,151,"Georgia","Henry County",1,67,2103,916,1187
050,13,151,"Georgia","Henry County",1,68,1973,882,1091
050,13,151,"Georgia","Henry County",1,69,1804,780,1024
050,13,151,"Georgia","Henry County",1,70,1809,823,986
050,13,151,"Georgia","Henry County",1,71,1719,769,950
050,13,151,"Georgia","Henry County",1,72,1733,763,970
050,13,151,"Georgia","Henry County",1,73,1694,776,918
050,13,151,"Georgia","Henry County",1,74,1195,519,676
050,13,151,"Georgia","Henry County",1,75,1172,518,654
050,13,151,"Georgia","Henry County",1,76,1123,505,618
050,13,151,"Georgia","Henry County",1,77,1079,498,581
050,13,151,"Georgia","Henry County",1,78,919,406,513
050,13,151,"Georgia","Henry County",1,79,798,344,454
050,13,151,"Georgia","Henry County",1,80,735,306,429
050,13,151,"Georgia","Henry County",1,81,641,268,373
050,13,151,"Georgia","Henry County",1,82,575,246,329
050,13,151,"Georgia","Henry County",1,83,469,201,268
050,13,151,"Georgia","Henry County",1,84,436,172,264
050,13,151,"Georgia","Henry County",1,85,2054,759,1295
050,13,151,"Georgia","Henry County",2,0,2553,1299,1254
050,13,151,"Georgia","Henry County",2,1,2702,1387,1315
050,13,151,"Georgia","Henry County",2,2,2774,1418,1356
050,13,151,"Georgia","Henry County",2,3,2806,1433,1373
050,13,151,"Georgia","Henry County",2,4,2938,1499,1439
050,13,151,"Georgia","Henry County",2,5,3054,1563,1491
050,13,151,"Georgia","Henry County",2,6,3093,1561,1532
050,13,151,"Georgia","Henry County",2,7,3120,1583,1537
050,13,151,"Georgia","Henry County",2,8,3229,1648,1581
050,13,151,"Georgia","Henry County",2,9,3372,1697,1675
050,13,151,"Georgia","Henry County",2,10,3507,1744,1763
050,13,151,"Georgia","Henry County",2,11,3675,1869,1806
050,13,151,"Georgia","Henry County",2,12,3969,2048,1921
050,13,151,"Georgia","Henry County",2,13,4097,2080,2017
050,13,151,"Georgia","Henry County",2,14,4156,2100,2056
050,13,151,"Georgia","Henry County",2,15,4134,2126,2008
050,13,151,"Georgia","Henry County",2,16,4200,2133,2067
050,13,151,"Georgia","Henry County",2,17,4203,2087,2116
050,13,151,"Georgia","Henry County",2,18,3559,1834,1725
050,13,151,"Georgia","Henry County",2,19,3093,1601,1492
050,13,151,"Georgia","Henry County",2,20,3195,1618,1577
050,13,151,"Georgia","Henry County",2,21,3142,1550,1592
050,13,151,"Georgia","Henry County",2,22,3209,1566,1643
050,13,151,"Georgia","Henry County",2,23,3216,1573,1643
050,13,151,"Georgia","Henry County",2,24,3136,1512,1624
050,13,151,"Georgia","Henry County",2,25,3048,1494,1554
050,13,151,"Georgia","Henry County",2,26,3024,1483,1541
050,13,151,"Georgia","Henry County",2,27,3089,1513,1576
050,13,151,"Georgia","Henry County",2,28,3077,1477,1600
050,13,151,"Georgia","Henry County",2,29,3028,1449,1579
050,13,151,"Georgia","Henry County",2,30,3058,1447,1611
050,13,151,"Georgia","Henry County",2,31,2986,1377,1609
050,13,151,"Georgia","Henry County",2,32,2919,1324,1595
050,13,151,"Georgia","Henry County",2,33,2881,1320,1561
050,13,151,"Georgia","Henry County",2,34,2929,1367,1562
050,13,151,"Georgia","Henry County",2,35,3022,1401,1621
050,13,151,"Georgia","Henry County",2,36,2959,1326,1633
050,13,151,"Georgia","Henry County",2,37,3061,1351,1710
050,13,151,"Georgia","Henry County",2,38,3212,1404,1808
050,13,151,"Georgia","Henry County",2,39,3317,1429,1888
050,13,151,"Georgia","Henry County",2,40,3426,1500,1926
050,13,151,"Georgia","Henry County",2,41,3285,1463,1822
050,13,151,"Georgia","Henry County",2,42,3236,1455,1781
050,13,151,"Georgia","Henry County",2,43,3346,1495,1851
050,13,151,"Georgia","Henry County",2,44,3336,1477,1859
050,13,151,"Georgia","Henry County",2,45,3408,1530,1878
050,13,151,"Georgia","Henry County",2,46,3415,1539,1876
050,13,151,"Georgia","Henry County",2,47,3543,1599,1944
050,13,151,"Georgia","Henry County",2,48,3729,1688,2041
050,13,151,"Georgia","Henry County",2,49,3938,1810,2128
050,13,151,"Georgia","Henry County",2,50,3860,1826,2034
050,13,151,"Georgia","Henry County",2,51,3605,1736,1869
050,13,151,"Georgia","Henry County",2,52,3600,1737,1863
050,13,151,"Georgia","Henry County",2,53,3488,1691,1797
050,13,151,"Georgia","Henry County",2,54,3484,1723,1761
050,13,151,"Georgia","Henry County",2,55,3547,1710,1837
050,13,151,"Georgia","Henry County",2,56,3548,1689,1859
050,13,151,"Georgia","Henry County",2,57,3422,1646,1776
050,13,151,"Georgia","Henry County",2,58,3241,1561,1680
050,13,151,"Georgia","Henry County",2,59,3112,1509,1603
050,13,151,"Georgia","Henry County",2,60,3009,1463,1546
050,13,151,"Georgia","Henry County",2,61,2832,1362,1470
050,13,151,"Georgia","Henry County",2,62,2666,1269,1397
050,13,151,"Georgia","Henry County",2,63,2611,1229,1382
050,13,151,"Georgia","Henry County",2,64,2481,1165,1316
050,13,151,"Georgia","Henry County",2,65,2410,1119,1291
050,13,151,"Georgia","Henry County",2,66,2264,1045,1219
050,13,151,"Georgia","Henry County",2,67,2123,938,1185
050,13,151,"Georgia","Henry County",2,68,1981,872,1109
050,13,151,"Georgia","Henry County",2,69,1854,807,1047
050,13,151,"Georgia","Henry County",2,70,1798,804,994
050,13,151,"Georgia","Henry County",2,71,1733,778,955
050,13,151,"Georgia","Henry County",2,72,1696,746,950
050,13,151,"Georgia","Henry County",2,73,1760,797,963
050,13,151,"Georgia","Henry County",2,74,1235,543,692
050,13,151,"Georgia","Henry County",2,75,1170,518,652
050,13,151,"Georgia","Henry County",2,76,1118,500,618
050,13,151,"Georgia","Henry County",2,77,1103,507,596
050,13,151,"Georgia","Henry County",2,78,935,418,517
050,13,151,"Georgia","Henry County",2,79,812,350,462
050,13,151,"Georgia","Henry County",2,80,740,308,432
050,13,151,"Georgia","Henry County",2,81,654,276,378
050,13,151,"Georgia","Henry County",2,82,579,245,334
050,13,151,"Georgia","Henry County",2,83,473,201,272
050,13,151,"Georgia","Henry County",2,84,440,177,263
050,13,151,"Georgia","Henry County",2,85,2064,766,1298
050,13,151,"Georgia","Henry County",3,0,2568,1323,1245
050,13,151,"Georgia","Henry County",3,1,2654,1335,1319
050,13,151,"Georgia","Henry County",3,2,2812,1460,1352
050,13,151,"Georgia","Henry County",3,3,2869,1478,1391
050,13,151,"Georgia","Henry County",3,4,2889,1472,1417
050,13,151,"Georgia","Henry County",3,5,3078,1560,1518
050,13,151,"Georgia","Henry County",3,6,3198,1632,1566
050,13,151,"Georgia","Henry County",3,7,3233,1628,1605
050,13,151,"Georgia","Henry County",3,8,3204,1611,1593
050,13,151,"Georgia","Henry County",3,9,3368,1715,1653
050,13,151,"Georgia","Henry County",3,10,3489,1750,1739
050,13,151,"Georgia","Henry County",3,11,3634,1783,1851
050,13,151,"Georgia","Henry County",3,12,3813,1946,1867
050,13,151,"Georgia","Henry County",3,13,4091,2125,1966
050,13,151,"Georgia","Henry County",3,14,4252,2168,2084
050,13,151,"Georgia","Henry County",3,15,4269,2140,2129
050,13,151,"Georgia","Henry County",3,16,4231,2175,2056
050,13,151,"Georgia","Henry County",3,17,4268,2147,2121
050,13,151,"Georgia","Henry County",3,18,3629,1842,1787
050,13,151,"Georgia","Henry County",3,19,3036,1531,1505
050,13,151,"Georgia","Henry County",3,20,3243,1633,1610
050,13,151,"Georgia","Henry County",3,21,3295,1662,1633
050,13,151,"Georgia","Henry County",3,22,3244,1591,1653
050,13,151,"Georgia","Henry County",3,23,3371,1645,1726
050,13,151,"Georgia","Henry County",3,24,3182,1555,1627
050,13,151,"Georgia","Henry County",3,25,3143,1537,1606
050,13,151,"Georgia","Henry County",3,26,3019,1495,1524
050,13,151,"Georgia","Henry County",3,27,3070,1504,1566
050,13,151,"Georgia","Henry County",3,28,3156,1529,1627
050,13,151,"Georgia","Henry County",3,29,3045,1428,1617
050,13,151,"Georgia","Henry County",3,30,3134,1469,1665
050,13,151,"Georgia","Henry County",3,31,3196,1499,1697
050,13,151,"Georgia","Henry County",3,32,3094,1408,1686
050,13,151,"Georgia","Henry County",3,33,2982,1332,1650
050,13,151,"Georgia","Henry County",3,34,2971,1376,1595
050,13,151,"Georgia","Henry County",3,35,2989,1382,1607
050,13,151,"Georgia","Henry County",3,36,3094,1386,1708
050,13,151,"Georgia","Henry County",3,37,3027,1347,1680
050,13,151,"Georgia","Henry County",3,38,3156,1376,1780
050,13,151,"Georgia","Henry County",3,39,3284,1461,1823
050,13,151,"Georgia","Henry County",3,40,3373,1419,1954
050,13,151,"Georgia","Henry County",3,41,3463,1492,1971
050,13,151,"Georgia","Henry County",3,42,3348,1475,1873
050,13,151,"Georgia","Henry County",3,43,3289,1486,1803
050,13,151,"Georgia","Henry County",3,44,3380,1497,1883
050,13,151,"Georgia","Henry County",3,45,3368,1462,1906
050,13,151,"Georgia","Henry County",3,46,3383,1501,1882
050,13,151,"Georgia","Henry County",3,47,3402,1561,1841
050,13,151,"Georgia","Henry County",3,48,3570,1615,1955
050,13,151,"Georgia","Henry County",3,49,3719,1678,2041
050,13,151,"Georgia","Henry County",3,50,3998,1839,2159
050,13,151,"Georgia","Henry County",3,51,3858,1820,2038
050,13,151,"Georgia","Henry County",3,52,3582,1703,1879
050,13,151,"Georgia","Henry County",3,53,3590,1713,1877
050,13,151,"Georgia","Henry County",3,54,3499,1715,1784
050,13,151,"Georgia","Henry County",3,55,3449,1687,1762
050,13,151,"Georgia","Henry County",3,56,3508,1692,1816
050,13,151,"Georgia","Henry County",3,57,3516,1668,1848
050,13,151,"Georgia","Henry County",3,58,3384,1639,1745
050,13,151,"Georgia","Henry County",3,59,3204,1553,1651
050,13,151,"Georgia","Henry County",3,60,3072,1474,1598
050,13,151,"Georgia","Henry County",3,61,2986,1455,1531
050,13,151,"Georgia","Henry County",3,62,2778,1333,1445
050,13,151,"Georgia","Henry County",3,63,2568,1227,1341
050,13,151,"Georgia","Henry County",3,64,2563,1204,1359
050,13,151,"Georgia","Henry County",3,65,2406,1122,1284
050,13,151,"Georgia","Henry County",3,66,2357,1100,1257
050,13,151,"Georgia","Henry County",3,67,2197,1022,1175
050,13,151,"Georgia","Henry County",3,68,2093,923,1170
050,13,151,"Georgia","Henry County",3,69,1973,864,1109
050,13,151,"Georgia","Henry County",3,70,1797,774,1023
050,13,151,"Georgia","Henry County",3,71,1725,779,946
050,13,151,"Georgia","Henry County",3,72,1695,756,939
050,13,151,"Georgia","Henry County",3,73,1632,702,930
050,13,151,"Georgia","Henry County",3,74,1709,763,946
050,13,151,"Georgia","Henry County",3,75,1203,538,665
050,13,151,"Georgia","Henry County",3,76,1126,494,632
050,13,151,"Georgia","Henry County",3,77,1065,465,600
050,13,151,"Georgia","Henry County",3,78,1030,474,556
050,13,151,"Georgia","Henry County",3,79,870,389,481
050,13,151,"Georgia","Henry County",3,80,751,315,436
050,13,151,"Georgia","Henry County",3,81,684,281,403
050,13,151,"Georgia","Henry County",3,82,582,244,338
050,13,151,"Georgia","Henry County",3,83,522,212,310
050,13,151,"Georgia","Henry County",3,84,438,170,268
050,13,151,"Georgia","Henry County",3,85,2100,780,1320
050,13,151,"Georgia","Henry County",4,0,2712,1377,1335
050,13,151,"Georgia","Henry County",4,1,2704,1388,1316
050,13,151,"Georgia","Henry County",4,2,2760,1403,1357
050,13,151,"Georgia","Henry County",4,3,2890,1492,1398
050,13,151,"Georgia","Henry County",4,4,2987,1565,1422
050,13,151,"Georgia","Henry County",4,5,3025,1559,1466
050,13,151,"Georgia","Henry County",4,6,3185,1616,1569
050,13,151,"Georgia","Henry County",4,7,3338,1707,1631
050,13,151,"Georgia","Henry County",4,8,3316,1658,1658
050,13,151,"Georgia","Henry County",4,9,3356,1695,1661
050,13,151,"Georgia","Henry County",4,10,3501,1768,1733
050,13,151,"Georgia","Henry County",4,11,3621,1817,1804
050,13,151,"Georgia","Henry County",4,12,3742,1845,1897
050,13,151,"Georgia","Henry County",4,13,3959,2025,1934
050,13,151,"Georgia","Henry County",4,14,4275,2213,2062
050,13,151,"Georgia","Henry County",4,15,4371,2228,2143
050,13,151,"Georgia","Henry County",4,16,4354,2183,2171
050,13,151,"Georgia","Henry County",4,17,4281,2199,2082
050,13,151,"Georgia","Henry County",4,18,3702,1914,1788
050,13,151,"Georgia","Henry County",4,19,3049,1562,1487
050,13,151,"Georgia","Henry County",4,20,3108,1552,1556
050,13,151,"Georgia","Henry County",4,21,3326,1649,1677
050,13,151,"Georgia","Henry County",4,22,3407,1696,1711
050,13,151,"Georgia","Henry County",4,23,3383,1639,1744
050,13,151,"Georgia","Henry County",4,24,3379,1675,1704
050,13,151,"Georgia","Henry County",4,25,3219,1595,1624
050,13,151,"Georgia","Henry County",4,26,3159,1536,1623
050,13,151,"Georgia","Henry County",4,27,3085,1529,1556
050,13,151,"Georgia","Henry County",4,28,3107,1515,1592
050,13,151,"Georgia","Henry County",4,29,3203,1537,1666
050,13,151,"Georgia","Henry County",4,30,3149,1469,1680
050,13,151,"Georgia","Henry County",4,31,3196,1511,1685
050,13,151,"Georgia","Henry County",4,32,3342,1533,1809
050,13,151,"Georgia","Henry County",4,33,3220,1471,1749
050,13,151,"Georgia","Henry County",4,34,3067,1306,1761
050,13,151,"Georgia","Henry County",4,35,3127,1409,1718
050,13,151,"Georgia","Henry County",4,36,3037,1398,1639
050,13,151,"Georgia","Henry County",4,37,3233,1481,1752
050,13,151,"Georgia","Henry County",4,38,3064,1356,1708
050,13,151,"Georgia","Henry County",4,39,3175,1399,1776
050,13,151,"Georgia","Henry County",4,40,3337,1462,1875
050,13,151,"Georgia","Henry County",4,41,3443,1440,2003
050,13,151,"Georgia","Henry County",4,42,3546,1495,2051
050,13,151,"Georgia","Henry County",4,43,3439,1541,1898
050,13,151,"Georgia","Henry County",4,44,3311,1485,1826
050,13,151,"Georgia","Henry County",4,45,3380,1481,1899
050,13,151,"Georgia","Henry County",4,46,3391,1465,1926
050,13,151,"Georgia","Henry County",4,47,3403,1507,1896
050,13,151,"Georgia","Henry County",4,48,3427,1556,1871
050,13,151,"Georgia","Henry County",4,49,3583,1606,1977
050,13,151,"Georgia","Henry County",4,50,3703,1661,2042
050,13,151,"Georgia","Henry County",4,51,3970,1831,2139
050,13,151,"Georgia","Henry County",4,52,3831,1789,2042
050,13,151,"Georgia","Henry County",4,53,3589,1700,1889
050,13,151,"Georgia","Henry County",4,54,3548,1708,1840
050,13,151,"Georgia","Henry County",4,55,3493,1718,1775
050,13,151,"Georgia","Henry County",4,56,3419,1669,1750
050,13,151,"Georgia","Henry County",4,57,3450,1634,1816
050,13,151,"Georgia","Henry County",4,58,3442,1628,1814
050,13,151,"Georgia","Henry County",4,59,3311,1588,1723
050,13,151,"Georgia","Henry County",4,60,3184,1527,1657
050,13,151,"Georgia","Henry County",4,61,3019,1444,1575
050,13,151,"Georgia","Henry County",4,62,2932,1400,1532
050,13,151,"Georgia","Henry County",4,63,2717,1304,1413
050,13,151,"Georgia","Henry County",4,64,2545,1205,1340
050,13,151,"Georgia","Henry County",4,65,2521,1161,1360
050,13,151,"Georgia","Henry County",4,66,2335,1075,1260
050,13,151,"Georgia","Henry County",4,67,2320,1083,1237
050,13,151,"Georgia","Henry County",4,68,2148,997,1151
050,13,151,"Georgia","Henry County",4,69,2012,880,1132
050,13,151,"Georgia","Henry County",4,70,1920,843,1077
050,13,151,"Georgia","Henry County",4,71,1738,739,999
050,13,151,"Georgia","Henry County",4,72,1689,754,935
050,13,151,"Georgia","Henry County",4,73,1595,703,892
050,13,151,"Georgia","Henry County",4,74,1570,665,905
050,13,151,"Georgia","Henry County",4,75,1626,719,907
050,13,151,"Georgia","Henry County",4,76,1148,508,640
050,13,151,"Georgia","Henry County",4,77,1080,465,615
050,13,151,"Georgia","Henry County",4,78,995,416,579
050,13,151,"Georgia","Henry County",4,79,956,437,519
050,13,151,"Georgia","Henry County",4,80,819,350,469
050,13,151,"Georgia","Henry County",4,81,690,288,402
050,13,151,"Georgia","Henry County",4,82,633,248,385
050,13,151,"Georgia","Henry County",4,83,531,224,307
050,13,151,"Georgia","Henry County",4,84,475,189,286
050,13,151,"Georgia","Henry County",4,85,2144,792,1352
050,13,151,"Georgia","Henry County",5,0,2770,1409,1361
050,13,151,"Georgia","Henry County",5,1,2940,1492,1448
050,13,151,"Georgia","Henry County",5,2,2876,1494,1382
050,13,151,"Georgia","Henry County",5,3,2942,1501,1441
050,13,151,"Georgia","Henry County",5,4,3036,1561,1475
050,13,151,"Georgia","Henry County",5,5,3191,1633,1558
050,13,151,"Georgia","Henry County",5,6,3194,1640,1554
050,13,151,"Georgia","Henry County",5,7,3274,1673,1601
050,13,151,"Georgia","Henry County",5,8,3457,1787,1670
050,13,151,"Georgia","Henry County",5,9,3482,1739,1743
050,13,151,"Georgia","Henry County",5,10,3463,1745,1718
050,13,151,"Georgia","Henry County",5,11,3598,1784,1814
050,13,151,"Georgia","Henry County",5,12,3742,1866,1876
050,13,151,"Georgia","Henry County",5,13,3856,1906,1950
050,13,151,"Georgia","Henry County",5,14,4080,2086,1994
050,13,151,"Georgia","Henry County",5,15,4412,2260,2152
050,13,151,"Georgia","Henry County",5,16,4528,2299,2229
050,13,151,"Georgia","Henry County",5,17,4466,2262,2204
050,13,151,"Georgia","Henry County",5,18,3742,1970,1772
050,13,151,"Georgia","Henry County",5,19,3201,1627,1574
050,13,151,"Georgia","Henry County",5,20,3275,1667,1608
050,13,151,"Georgia","Henry County",5,21,3321,1637,1684
050,13,151,"Georgia","Henry County",5,22,3463,1704,1759
050,13,151,"Georgia","Henry County",5,23,3580,1797,1783
050,13,151,"Georgia","Henry County",5,24,3431,1677,1754
050,13,151,"Georgia","Henry County",5,25,3449,1678,1771
050,13,151,"Georgia","Henry County",5,26,3263,1576,1687
050,13,151,"Georgia","Henry County",5,27,3225,1582,1643
050,13,151,"Georgia","Henry County",5,28,3234,1595,1639
050,13,151,"Georgia","Henry County",5,29,3210,1586,1624
050,13,151,"Georgia","Henry County",5,30,3329,1581,1748
050,13,151,"Georgia","Henry County",5,31,3313,1550,1763
050,13,151,"Georgia","Henry County",5,32,3286,1566,1720
050,13,151,"Georgia","Henry County",5,33,3403,1561,1842
050,13,151,"Georgia","Henry County",5,34,3362,1518,1844
050,13,151,"Georgia","Henry County",5,35,3207,1361,1846
050,13,151,"Georgia","Henry County",5,36,3290,1461,1829
050,13,151,"Georgia","Henry County",5,37,3157,1433,1724
050,13,151,"Georgia","Henry County",5,38,3349,1532,1817
050,13,151,"Georgia","Henry County",5,39,3187,1408,1779
050,13,151,"Georgia","Henry County",5,40,3299,1451,1848
050,13,151,"Georgia","Henry County",5,41,3479,1530,1949
050,13,151,"Georgia","Henry County",5,42,3553,1469,2084
050,13,151,"Georgia","Henry County",5,43,3651,1553,2098
050,13,151,"Georgia","Henry County",5,44,3541,1568,1973
050,13,151,"Georgia","Henry County",5,45,3365,1514,1851
050,13,151,"Georgia","Henry County",5,46,3420,1501,1919
050,13,151,"Georgia","Henry County",5,47,3429,1484,1945
050,13,151,"Georgia","Henry County",5,48,3489,1553,1936
050,13,151,"Georgia","Henry County",5,49,3441,1554,1887
050,13,151,"Georgia","Henry County",5,50,3619,1612,2007
050,13,151,"Georgia","Henry County",5,51,3773,1685,2088
050,13,151,"Georgia","Henry County",5,52,3982,1842,2140
050,13,151,"Georgia","Henry County",5,53,3817,1795,2022
050,13,151,"Georgia","Henry County",5,54,3592,1717,1875
050,13,151,"Georgia","Henry County",5,55,3569,1716,1853
050,13,151,"Georgia","Henry County",5,56,3498,1747,1751
050,13,151,"Georgia","Henry County",5,57,3421,1649,1772
050,13,151,"Georgia","Henry County",5,58,3433,1630,1803
050,13,151,"Georgia","Henry County",5,59,3441,1612,1829
050,13,151,"Georgia","Henry County",5,60,3243,1543,1700
050,13,151,"Georgia","Henry County",5,61,3161,1506,1655
050,13,151,"Georgia","Henry County",5,62,2961,1408,1553
050,13,151,"Georgia","Henry County",5,63,2890,1373,1517
050,13,151,"Georgia","Henry County",5,64,2703,1300,1403
050,13,151,"Georgia","Henry County",5,65,2546,1191,1355
050,13,151,"Georgia","Henry County",5,66,2521,1153,1368
050,13,151,"Georgia","Henry County",5,67,2308,1061,1247
050,13,151,"Georgia","Henry County",5,68,2280,1054,1226
050,13,151,"Georgia","Henry County",5,69,2095,976,1119
050,13,151,"Georgia","Henry County",5,70,1965,852,1113
050,13,151,"Georgia","Henry County",5,71,1864,819,1045
050,13,151,"Georgia","Henry County",5,72,1698,714,984
050,13,151,"Georgia","Henry County",5,73,1624,713,911
050,13,151,"Georgia","Henry County",5,74,1543,673,870
050,13,151,"Georgia","Henry County",5,75,1528,633,895
050,13,151,"Georgia","Henry County",5,76,1558,689,869
050,13,151,"Georgia","Henry County",5,77,1098,486,612
050,13,151,"Georgia","Henry County",5,78,1035,438,597
050,13,151,"Georgia","Henry County",5,79,951,385,566
050,13,151,"Georgia","Henry County",5,80,908,404,504
050,13,151,"Georgia","Henry County",5,81,767,321,446
050,13,151,"Georgia","Henry County",5,82,652,267,385
050,13,151,"Georgia","Henry County",5,83,577,219,358
050,13,151,"Georgia","Henry County",5,84,488,197,291
050,13,151,"Georgia","Henry County",5,85,2253,838,1415
050,13,153,"Georgia","Houston County",1,0,2000,1009,991
050,13,153,"Georgia","Houston County",1,1,2061,1014,1047
050,13,153,"Georgia","Houston County",1,2,2084,1016,1068
050,13,153,"Georgia","Houston County",1,3,2208,1124,1084
050,13,153,"Georgia","Houston County",1,4,2257,1173,1084
050,13,153,"Georgia","Houston County",1,5,2290,1164,1126
050,13,153,"Georgia","Houston County",1,6,2290,1173,1117
050,13,153,"Georgia","Houston County",1,7,2344,1155,1189
050,13,153,"Georgia","Houston County",1,8,2442,1206,1236
050,13,153,"Georgia","Houston County",1,9,2383,1230,1153
050,13,153,"Georgia","Houston County",1,10,2436,1242,1194
050,13,153,"Georgia","Houston County",1,11,2561,1290,1271
050,13,153,"Georgia","Houston County",1,12,2645,1373,1272
050,13,153,"Georgia","Houston County",1,13,2652,1388,1264
050,13,153,"Georgia","Houston County",1,14,2516,1289,1227
050,13,153,"Georgia","Houston County",1,15,2447,1228,1219
050,13,153,"Georgia","Houston County",1,16,2410,1215,1195
050,13,153,"Georgia","Houston County",1,17,2329,1219,1110
050,13,153,"Georgia","Houston County",1,18,2043,1068,975
050,13,153,"Georgia","Houston County",1,19,1811,951,860
050,13,153,"Georgia","Houston County",1,20,1913,977,936
050,13,153,"Georgia","Houston County",1,21,1908,955,953
050,13,153,"Georgia","Houston County",1,22,2030,1034,996
050,13,153,"Georgia","Houston County",1,23,2136,1096,1040
050,13,153,"Georgia","Houston County",1,24,2209,1110,1099
050,13,153,"Georgia","Houston County",1,25,2252,1133,1119
050,13,153,"Georgia","Houston County",1,26,2233,1105,1128
050,13,153,"Georgia","Houston County",1,27,2210,1077,1133
050,13,153,"Georgia","Houston County",1,28,2387,1191,1196
050,13,153,"Georgia","Houston County",1,29,2391,1194,1197
050,13,153,"Georgia","Houston County",1,30,2423,1193,1230
050,13,153,"Georgia","Houston County",1,31,2402,1131,1271
050,13,153,"Georgia","Houston County",1,32,2306,1089,1217
050,13,153,"Georgia","Houston County",1,33,2350,1088,1262
050,13,153,"Georgia","Houston County",1,34,2367,1106,1261
050,13,153,"Georgia","Houston County",1,35,2479,1156,1323
050,13,153,"Georgia","Houston County",1,36,2505,1159,1346
050,13,153,"Georgia","Houston County",1,37,2411,1154,1257
050,13,153,"Georgia","Houston County",1,38,2350,1126,1224
050,13,153,"Georgia","Houston County",1,39,2304,1096,1208
050,13,153,"Georgia","Houston County",1,40,2350,1102,1248
050,13,153,"Georgia","Houston County",1,41,2151,1012,1139
050,13,153,"Georgia","Houston County",1,42,2097,1000,1097
050,13,153,"Georgia","Houston County",1,43,2000,941,1059
050,13,153,"Georgia","Houston County",1,44,1919,872,1047
050,13,153,"Georgia","Houston County",1,45,1933,903,1030
050,13,153,"Georgia","Houston County",1,46,1932,918,1014
050,13,153,"Georgia","Houston County",1,47,2027,973,1054
050,13,153,"Georgia","Houston County",1,48,1972,941,1031
050,13,153,"Georgia","Houston County",1,49,2072,990,1082
050,13,153,"Georgia","Houston County",1,50,1958,933,1025
050,13,153,"Georgia","Houston County",1,51,1926,918,1008
050,13,153,"Georgia","Houston County",1,52,1887,942,945
050,13,153,"Georgia","Houston County",1,53,1884,912,972
050,13,153,"Georgia","Houston County",1,54,2026,961,1065
050,13,153,"Georgia","Houston County",1,55,2172,1046,1126
050,13,153,"Georgia","Houston County",1,56,2281,1093,1188
050,13,153,"Georgia","Houston County",1,57,2248,1113,1135
050,13,153,"Georgia","Houston County",1,58,2243,1128,1115
050,13,153,"Georgia","Houston County",1,59,2189,1057,1132
050,13,153,"Georgia","Houston County",1,60,2070,1034,1036
050,13,153,"Georgia","Houston County",1,61,1923,941,982
050,13,153,"Georgia","Houston County",1,62,1861,935,926
050,13,153,"Georgia","Houston County",1,63,1810,867,943
050,13,153,"Georgia","Houston County",1,64,1758,829,929
050,13,153,"Georgia","Houston County",1,65,1652,768,884
050,13,153,"Georgia","Houston County",1,66,1528,715,813
050,13,153,"Georgia","Houston County",1,67,1489,699,790
050,13,153,"Georgia","Houston County",1,68,1366,614,752
050,13,153,"Georgia","Houston County",1,69,1275,604,671
050,13,153,"Georgia","Houston County",1,70,1230,576,654
050,13,153,"Georgia","Houston County",1,71,1246,580,666
050,13,153,"Georgia","Houston County",1,72,1298,637,661
050,13,153,"Georgia","Houston County",1,73,1202,567,635
050,13,153,"Georgia","Houston County",1,74,830,358,472
050,13,153,"Georgia","Houston County",1,75,841,354,487
050,13,153,"Georgia","Houston County",1,76,851,350,501
050,13,153,"Georgia","Houston County",1,77,770,326,444
050,13,153,"Georgia","Houston County",1,78,653,279,374
050,13,153,"Georgia","Houston County",1,79,583,240,343
050,13,153,"Georgia","Houston County",1,80,523,217,306
050,13,153,"Georgia","Houston County",1,81,531,202,329
050,13,153,"Georgia","Houston County",1,82,537,206,331
050,13,153,"Georgia","Houston County",1,83,446,161,285
050,13,153,"Georgia","Houston County",1,84,442,184,258
050,13,153,"Georgia","Houston County",1,85,1885,687,1198
050,13,153,"Georgia","Houston County",2,0,1965,989,976
050,13,153,"Georgia","Houston County",2,1,2056,1015,1041
050,13,153,"Georgia","Houston County",2,2,2105,1026,1079
050,13,153,"Georgia","Houston County",2,3,2190,1108,1082
050,13,153,"Georgia","Houston County",2,4,2265,1172,1093
050,13,153,"Georgia","Houston County",2,5,2305,1178,1127
050,13,153,"Georgia","Houston County",2,6,2315,1183,1132
050,13,153,"Georgia","Houston County",2,7,2345,1165,1180
050,13,153,"Georgia","Houston County",2,8,2420,1196,1224
050,13,153,"Georgia","Houston County",2,9,2402,1227,1175
050,13,153,"Georgia","Houston County",2,10,2439,1247,1192
050,13,153,"Georgia","Houston County",2,11,2536,1280,1256
050,13,153,"Georgia","Houston County",2,12,2660,1370,1290
050,13,153,"Georgia","Houston County",2,13,2665,1391,1274
050,13,153,"Georgia","Houston County",2,14,2559,1314,1245
050,13,153,"Georgia","Houston County",2,15,2479,1248,1231
050,13,153,"Georgia","Houston County",2,16,2427,1224,1203
050,13,153,"Georgia","Houston County",2,17,2350,1216,1134
050,13,153,"Georgia","Houston County",2,18,2036,1075,961
050,13,153,"Georgia","Houston County",2,19,1826,960,866
050,13,153,"Georgia","Houston County",2,20,1945,996,949
050,13,153,"Georgia","Houston County",2,21,1938,971,967
050,13,153,"Georgia","Houston County",2,22,2038,1030,1008
050,13,153,"Georgia","Houston County",2,23,2152,1101,1051
050,13,153,"Georgia","Houston County",2,24,2200,1106,1094
050,13,153,"Georgia","Houston County",2,25,2250,1127,1123
050,13,153,"Georgia","Houston County",2,26,2253,1115,1138
050,13,153,"Georgia","Houston County",2,27,2233,1091,1142
050,13,153,"Georgia","Houston County",2,28,2360,1174,1186
050,13,153,"Georgia","Houston County",2,29,2412,1209,1203
050,13,153,"Georgia","Houston County",2,30,2442,1205,1237
050,13,153,"Georgia","Houston County",2,31,2411,1149,1262
050,13,153,"Georgia","Houston County",2,32,2330,1095,1235
050,13,153,"Georgia","Houston County",2,33,2342,1090,1252
050,13,153,"Georgia","Houston County",2,34,2370,1104,1266
050,13,153,"Georgia","Houston County",2,35,2481,1157,1324
050,13,153,"Georgia","Houston County",2,36,2487,1148,1339
050,13,153,"Georgia","Houston County",2,37,2445,1159,1286
050,13,153,"Georgia","Houston County",2,38,2379,1137,1242
050,13,153,"Georgia","Houston County",2,39,2315,1101,1214
050,13,153,"Georgia","Houston County",2,40,2368,1117,1251
050,13,153,"Georgia","Houston County",2,41,2216,1038,1178
050,13,153,"Georgia","Houston County",2,42,2111,1000,1111
050,13,153,"Georgia","Houston County",2,43,2043,963,1080
050,13,153,"Georgia","Houston County",2,44,1931,885,1046
050,13,153,"Georgia","Houston County",2,45,1942,903,1039
050,13,153,"Georgia","Houston County",2,46,1935,919,1016
050,13,153,"Georgia","Houston County",2,47,1993,953,1040
050,13,153,"Georgia","Houston County",2,48,1982,947,1035
050,13,153,"Georgia","Houston County",2,49,2056,985,1071
050,13,153,"Georgia","Houston County",2,50,1994,951,1043
050,13,153,"Georgia","Houston County",2,51,1926,919,1007
050,13,153,"Georgia","Houston County",2,52,1894,936,958
050,13,153,"Georgia","Houston County",2,53,1877,917,960
050,13,153,"Georgia","Houston County",2,54,1984,946,1038
050,13,153,"Georgia","Houston County",2,55,2139,1027,1112
050,13,153,"Georgia","Houston County",2,56,2252,1079,1173
050,13,153,"Georgia","Houston County",2,57,2254,1110,1144
050,13,153,"Georgia","Houston County",2,58,2237,1123,1114
050,13,153,"Georgia","Houston County",2,59,2206,1078,1128
050,13,153,"Georgia","Houston County",2,60,2095,1034,1061
050,13,153,"Georgia","Houston County",2,61,1950,960,990
050,13,153,"Georgia","Houston County",2,62,1870,934,936
050,13,153,"Georgia","Houston County",2,63,1833,891,942
050,13,153,"Georgia","Houston County",2,64,1764,832,932
050,13,153,"Georgia","Houston County",2,65,1678,784,894
050,13,153,"Georgia","Houston County",2,66,1553,723,830
050,13,153,"Georgia","Houston County",2,67,1488,697,791
050,13,153,"Georgia","Houston County",2,68,1380,626,754
050,13,153,"Georgia","Houston County",2,69,1298,603,695
050,13,153,"Georgia","Houston County",2,70,1234,581,653
050,13,153,"Georgia","Houston County",2,71,1234,575,659
050,13,153,"Georgia","Houston County",2,72,1262,609,653
050,13,153,"Georgia","Houston County",2,73,1278,608,670
050,13,153,"Georgia","Houston County",2,74,866,383,483
050,13,153,"Georgia","Houston County",2,75,844,355,489
050,13,153,"Georgia","Houston County",2,76,836,349,487
050,13,153,"Georgia","Houston County",2,77,791,329,462
050,13,153,"Georgia","Houston County",2,78,661,281,380
050,13,153,"Georgia","Houston County",2,79,593,245,348
050,13,153,"Georgia","Houston County",2,80,531,221,310
050,13,153,"Georgia","Houston County",2,81,517,201,316
050,13,153,"Georgia","Houston County",2,82,532,201,331
050,13,153,"Georgia","Houston County",2,83,457,169,288
050,13,153,"Georgia","Houston County",2,84,435,175,260
050,13,153,"Georgia","Houston County",2,85,1908,693,1215
050,13,153,"Georgia","Houston County",3,0,1973,1014,959
050,13,153,"Georgia","Houston County",3,1,1997,989,1008
050,13,153,"Georgia","Houston County",3,2,2096,1026,1070
050,13,153,"Georgia","Houston County",3,3,2175,1073,1102
050,13,153,"Georgia","Houston County",3,4,2282,1158,1124
050,13,153,"Georgia","Houston County",3,5,2332,1180,1152
050,13,153,"Georgia","Houston County",3,6,2423,1243,1180
050,13,153,"Georgia","Houston County",3,7,2405,1228,1177
050,13,153,"Georgia","Houston County",3,8,2416,1207,1209
050,13,153,"Georgia","Houston County",3,9,2511,1239,1272
050,13,153,"Georgia","Houston County",3,10,2481,1264,1217
050,13,153,"Georgia","Houston County",3,11,2504,1291,1213
050,13,153,"Georgia","Houston County",3,12,2596,1305,1291
050,13,153,"Georgia","Houston County",3,13,2717,1399,1318
050,13,153,"Georgia","Houston County",3,14,2683,1384,1299
050,13,153,"Georgia","Houston County",3,15,2593,1314,1279
050,13,153,"Georgia","Houston County",3,16,2473,1221,1252
050,13,153,"Georgia","Houston County",3,17,2403,1208,1195
050,13,153,"Georgia","Houston County",3,18,2059,1107,952
050,13,153,"Georgia","Houston County",3,19,1827,983,844
050,13,153,"Georgia","Houston County",3,20,2022,1055,967
050,13,153,"Georgia","Houston County",3,21,2053,1029,1024
050,13,153,"Georgia","Houston County",3,22,2052,1044,1008
050,13,153,"Georgia","Houston County",3,23,2188,1116,1072
050,13,153,"Georgia","Houston County",3,24,2285,1163,1122
050,13,153,"Georgia","Houston County",3,25,2270,1143,1127
050,13,153,"Georgia","Houston County",3,26,2288,1139,1149
050,13,153,"Georgia","Houston County",3,27,2298,1136,1162
050,13,153,"Georgia","Houston County",3,28,2324,1150,1174
050,13,153,"Georgia","Houston County",3,29,2453,1209,1244
050,13,153,"Georgia","Houston County",3,30,2497,1243,1254
050,13,153,"Georgia","Houston County",3,31,2497,1234,1263
050,13,153,"Georgia","Houston County",3,32,2463,1154,1309
050,13,153,"Georgia","Houston County",3,33,2376,1132,1244
050,13,153,"Georgia","Houston County",3,34,2360,1085,1275
050,13,153,"Georgia","Houston County",3,35,2403,1126,1277
050,13,153,"Georgia","Houston County",3,36,2506,1140,1366
050,13,153,"Georgia","Houston County",3,37,2514,1169,1345
050,13,153,"Georgia","Houston County",3,38,2470,1152,1318
050,13,153,"Georgia","Houston County",3,39,2401,1145,1256
050,13,153,"Georgia","Houston County",3,40,2365,1135,1230
050,13,153,"Georgia","Houston County",3,41,2395,1131,1264
050,13,153,"Georgia","Houston County",3,42,2260,1069,1191
050,13,153,"Georgia","Houston County",3,43,2128,1015,1113
050,13,153,"Georgia","Houston County",3,44,2024,930,1094
050,13,153,"Georgia","Houston County",3,45,1911,882,1029
050,13,153,"Georgia","Houston County",3,46,1941,904,1037
050,13,153,"Georgia","Houston County",3,47,1968,934,1034
050,13,153,"Georgia","Houston County",3,48,1999,972,1027
050,13,153,"Georgia","Houston County",3,49,2013,956,1057
050,13,153,"Georgia","Houston County",3,50,2099,1008,1091
050,13,153,"Georgia","Houston County",3,51,1989,940,1049
050,13,153,"Georgia","Houston County",3,52,1908,917,991
050,13,153,"Georgia","Houston County",3,53,1904,935,969
050,13,153,"Georgia","Houston County",3,54,1879,918,961
050,13,153,"Georgia","Houston County",3,55,1986,942,1044
050,13,153,"Georgia","Houston County",3,56,2138,1024,1114
050,13,153,"Georgia","Houston County",3,57,2245,1082,1163
050,13,153,"Georgia","Houston County",3,58,2256,1085,1171
050,13,153,"Georgia","Houston County",3,59,2228,1118,1110
050,13,153,"Georgia","Houston County",3,60,2163,1046,1117
050,13,153,"Georgia","Houston County",3,61,2080,1036,1044
050,13,153,"Georgia","Houston County",3,62,1923,948,975
050,13,153,"Georgia","Houston County",3,63,1828,907,921
050,13,153,"Georgia","Houston County",3,64,1814,885,929
050,13,153,"Georgia","Houston County",3,65,1735,820,915
050,13,153,"Georgia","Houston County",3,66,1660,767,893
050,13,153,"Georgia","Houston County",3,67,1512,699,813
050,13,153,"Georgia","Houston County",3,68,1463,684,779
050,13,153,"Georgia","Houston County",3,69,1357,607,750
050,13,153,"Georgia","Houston County",3,70,1283,585,698
050,13,153,"Georgia","Houston County",3,71,1204,556,648
050,13,153,"Georgia","Houston County",3,72,1211,566,645
050,13,153,"Georgia","Houston County",3,73,1242,592,650
050,13,153,"Georgia","Houston County",3,74,1234,584,650
050,13,153,"Georgia","Houston County",3,75,842,363,479
050,13,153,"Georgia","Houston County",3,76,784,323,461
050,13,153,"Georgia","Houston County",3,77,801,328,473
050,13,153,"Georgia","Houston County",3,78,747,312,435
050,13,153,"Georgia","Houston County",3,79,640,266,374
050,13,153,"Georgia","Houston County",3,80,552,227,325
050,13,153,"Georgia","Houston County",3,81,504,207,297
050,13,153,"Georgia","Houston County",3,82,488,179,309
050,13,153,"Georgia","Houston County",3,83,470,177,293
050,13,153,"Georgia","Houston County",3,84,418,148,270
050,13,153,"Georgia","Houston County",3,85,1971,723,1248
050,13,153,"Georgia","Houston County",4,0,2001,1049,952
050,13,153,"Georgia","Houston County",4,1,2075,1056,1019
050,13,153,"Georgia","Houston County",4,2,2047,1031,1016
050,13,153,"Georgia","Houston County",4,3,2189,1068,1121
050,13,153,"Georgia","Houston County",4,4,2197,1097,1100
050,13,153,"Georgia","Houston County",4,5,2322,1210,1112
050,13,153,"Georgia","Houston County",4,6,2402,1221,1181
050,13,153,"Georgia","Houston County",4,7,2446,1259,1187
050,13,153,"Georgia","Houston County",4,8,2474,1258,1216
050,13,153,"Georgia","Houston County",4,9,2453,1227,1226
050,13,153,"Georgia","Houston County",4,10,2553,1265,1288
050,13,153,"Georgia","Houston County",4,11,2516,1278,1238
050,13,153,"Georgia","Houston County",4,12,2595,1340,1255
050,13,153,"Georgia","Houston County",4,13,2660,1324,1336
050,13,153,"Georgia","Houston County",4,14,2732,1386,1346
050,13,153,"Georgia","Houston County",4,15,2742,1422,1320
050,13,153,"Georgia","Houston County",4,16,2608,1328,1280
050,13,153,"Georgia","Houston County",4,17,2497,1242,1255
050,13,153,"Georgia","Houston County",4,18,2122,1092,1030
050,13,153,"Georgia","Houston County",4,19,1808,1003,805
050,13,153,"Georgia","Houston County",4,20,2000,1076,924
050,13,153,"Georgia","Houston County",4,21,2113,1098,1015
050,13,153,"Georgia","Houston County",4,22,2185,1100,1085
050,13,153,"Georgia","Houston County",4,23,2231,1160,1071
050,13,153,"Georgia","Houston County",4,24,2228,1142,1086
050,13,153,"Georgia","Houston County",4,25,2356,1204,1152
050,13,153,"Georgia","Houston County",4,26,2309,1146,1163
050,13,153,"Georgia","Houston County",4,27,2295,1123,1172
050,13,153,"Georgia","Houston County",4,28,2334,1172,1162
050,13,153,"Georgia","Houston County",4,29,2327,1154,1173
050,13,153,"Georgia","Houston County",4,30,2458,1196,1262
050,13,153,"Georgia","Houston County",4,31,2550,1257,1293
050,13,153,"Georgia","Houston County",4,32,2551,1242,1309
050,13,153,"Georgia","Houston County",4,33,2470,1172,1298
050,13,153,"Georgia","Houston County",4,34,2455,1133,1322
050,13,153,"Georgia","Houston County",4,35,2388,1086,1302
050,13,153,"Georgia","Houston County",4,36,2489,1151,1338
050,13,153,"Georgia","Houston County",4,37,2537,1175,1362
050,13,153,"Georgia","Houston County",4,38,2536,1166,1370
050,13,153,"Georgia","Houston County",4,39,2486,1159,1327
050,13,153,"Georgia","Houston County",4,40,2431,1168,1263
050,13,153,"Georgia","Houston County",4,41,2389,1144,1245
050,13,153,"Georgia","Houston County",4,42,2399,1116,1283
050,13,153,"Georgia","Houston County",4,43,2277,1067,1210
050,13,153,"Georgia","Houston County",4,44,2126,1000,1126
050,13,153,"Georgia","Houston County",4,45,2036,938,1098
050,13,153,"Georgia","Houston County",4,46,2005,933,1072
050,13,153,"Georgia","Houston County",4,47,1938,890,1048
050,13,153,"Georgia","Houston County",4,48,1953,934,1019
050,13,153,"Georgia","Houston County",4,49,2011,975,1036
050,13,153,"Georgia","Houston County",4,50,2038,978,1060
050,13,153,"Georgia","Houston County",4,51,2120,1022,1098
050,13,153,"Georgia","Houston County",4,52,1975,922,1053
050,13,153,"Georgia","Houston County",4,53,1874,888,986
050,13,153,"Georgia","Houston County",4,54,1902,933,969
050,13,153,"Georgia","Houston County",4,55,1879,921,958
050,13,153,"Georgia","Houston County",4,56,1979,932,1047
050,13,153,"Georgia","Houston County",4,57,2097,997,1100
050,13,153,"Georgia","Houston County",4,58,2247,1081,1166
050,13,153,"Georgia","Houston County",4,59,2233,1071,1162
050,13,153,"Georgia","Houston County",4,60,2199,1093,1106
050,13,153,"Georgia","Houston County",4,61,2157,1049,1108
050,13,153,"Georgia","Houston County",4,62,2002,982,1020
050,13,153,"Georgia","Houston County",4,63,1912,943,969
050,13,153,"Georgia","Houston County",4,64,1810,887,923
050,13,153,"Georgia","Houston County",4,65,1795,869,926
050,13,153,"Georgia","Houston County",4,66,1722,810,912
050,13,153,"Georgia","Houston County",4,67,1653,755,898
050,13,153,"Georgia","Houston County",4,68,1521,700,821
050,13,153,"Georgia","Houston County",4,69,1439,668,771
050,13,153,"Georgia","Houston County",4,70,1334,591,743
050,13,153,"Georgia","Houston County",4,71,1246,561,685
050,13,153,"Georgia","Houston County",4,72,1164,536,628
050,13,153,"Georgia","Houston County",4,73,1197,551,646
050,13,153,"Georgia","Houston County",4,74,1215,580,635
050,13,153,"Georgia","Houston County",4,75,1207,570,637
050,13,153,"Georgia","Houston County",4,76,811,357,454
050,13,153,"Georgia","Houston County",4,77,744,299,445
050,13,153,"Georgia","Houston County",4,78,759,310,449
050,13,153,"Georgia","Houston County",4,79,725,297,428
050,13,153,"Georgia","Houston County",4,80,611,254,357
050,13,153,"Georgia","Houston County",4,81,518,214,304
050,13,153,"Georgia","Houston County",4,82,487,195,292
050,13,153,"Georgia","Houston County",4,83,433,156,277
050,13,153,"Georgia","Houston County",4,84,420,155,265
050,13,153,"Georgia","Houston County",4,85,2048,721,1327
050,13,153,"Georgia","Houston County",5,0,2010,1054,956
050,13,153,"Georgia","Houston County",5,1,1968,1012,956
050,13,153,"Georgia","Houston County",5,2,2080,1061,1019
050,13,153,"Georgia","Houston County",5,3,2140,1070,1070
050,13,153,"Georgia","Houston County",5,4,2239,1109,1130
050,13,153,"Georgia","Houston County",5,5,2258,1138,1120
050,13,153,"Georgia","Houston County",5,6,2337,1197,1140
050,13,153,"Georgia","Houston County",5,7,2453,1236,1217
050,13,153,"Georgia","Houston County",5,8,2521,1294,1227
050,13,153,"Georgia","Houston County",5,9,2461,1258,1203
050,13,153,"Georgia","Houston County",5,10,2531,1294,1237
050,13,153,"Georgia","Houston County",5,11,2596,1294,1302
050,13,153,"Georgia","Houston County",5,12,2550,1295,1255
050,13,153,"Georgia","Houston County",5,13,2637,1354,1283
050,13,153,"Georgia","Houston County",5,14,2702,1341,1361
050,13,153,"Georgia","Houston County",5,15,2774,1418,1356
050,13,153,"Georgia","Houston County",5,16,2759,1424,1335
050,13,153,"Georgia","Houston County",5,17,2666,1358,1308
050,13,153,"Georgia","Houston County",5,18,2184,1116,1068
050,13,153,"Georgia","Houston County",5,19,1842,968,874
050,13,153,"Georgia","Houston County",5,20,1969,1062,907
050,13,153,"Georgia","Houston County",5,21,2069,1077,992
050,13,153,"Georgia","Houston County",5,22,2257,1132,1125
050,13,153,"Georgia","Houston County",5,23,2285,1146,1139
050,13,153,"Georgia","Houston County",5,24,2289,1188,1101
050,13,153,"Georgia","Houston County",5,25,2189,1112,1077
050,13,153,"Georgia","Houston County",5,26,2324,1170,1154
050,13,153,"Georgia","Houston County",5,27,2324,1137,1187
050,13,153,"Georgia","Houston County",5,28,2319,1127,1192
050,13,153,"Georgia","Houston County",5,29,2358,1168,1190
050,13,153,"Georgia","Houston County",5,30,2364,1175,1189
050,13,153,"Georgia","Houston County",5,31,2482,1208,1274
050,13,153,"Georgia","Houston County",5,32,2561,1232,1329
050,13,153,"Georgia","Houston County",5,33,2585,1243,1342
050,13,153,"Georgia","Houston County",5,34,2508,1178,1330
050,13,153,"Georgia","Houston County",5,35,2485,1164,1321
050,13,153,"Georgia","Houston County",5,36,2408,1095,1313
050,13,153,"Georgia","Houston County",5,37,2504,1153,1351
050,13,153,"Georgia","Houston County",5,38,2558,1158,1400
050,13,153,"Georgia","Houston County",5,39,2546,1162,1384
050,13,153,"Georgia","Houston County",5,40,2556,1191,1365
050,13,153,"Georgia","Houston County",5,41,2453,1175,1278
050,13,153,"Georgia","Houston County",5,42,2397,1153,1244
050,13,153,"Georgia","Houston County",5,43,2401,1122,1279
050,13,153,"Georgia","Houston County",5,44,2299,1063,1236
050,13,153,"Georgia","Houston County",5,45,2154,1018,1136
050,13,153,"Georgia","Houston County",5,46,2088,984,1104
050,13,153,"Georgia","Houston County",5,47,2032,937,1095
050,13,153,"Georgia","Houston County",5,48,1957,909,1048
050,13,153,"Georgia","Houston County",5,49,1944,930,1014
050,13,153,"Georgia","Houston County",5,50,2012,996,1016
050,13,153,"Georgia","Houston County",5,51,2022,968,1054
050,13,153,"Georgia","Houston County",5,52,2103,1000,1103
050,13,153,"Georgia","Houston County",5,53,1976,906,1070
050,13,153,"Georgia","Houston County",5,54,1883,887,996
050,13,153,"Georgia","Houston County",5,55,1902,929,973
050,13,153,"Georgia","Houston County",5,56,1834,893,941
050,13,153,"Georgia","Houston County",5,57,1974,926,1048
050,13,153,"Georgia","Houston County",5,58,2136,1013,1123
050,13,153,"Georgia","Houston County",5,59,2214,1049,1165
050,13,153,"Georgia","Houston County",5,60,2216,1069,1147
050,13,153,"Georgia","Houston County",5,61,2188,1086,1102
050,13,153,"Georgia","Houston County",5,62,2119,1029,1090
050,13,153,"Georgia","Houston County",5,63,1996,968,1028
050,13,153,"Georgia","Houston County",5,64,1896,921,975
050,13,153,"Georgia","Houston County",5,65,1774,858,916
050,13,153,"Georgia","Houston County",5,66,1787,877,910
050,13,153,"Georgia","Houston County",5,67,1742,818,924
050,13,153,"Georgia","Houston County",5,68,1617,737,880
050,13,153,"Georgia","Houston County",5,69,1490,675,815
050,13,153,"Georgia","Houston County",5,70,1426,663,763
050,13,153,"Georgia","Houston County",5,71,1308,567,741
050,13,153,"Georgia","Houston County",5,72,1231,555,676
050,13,153,"Georgia","Houston County",5,73,1144,521,623
050,13,153,"Georgia","Houston County",5,74,1194,551,643
050,13,153,"Georgia","Houston County",5,75,1199,558,641
050,13,153,"Georgia","Houston County",5,76,1191,565,626
050,13,153,"Georgia","Houston County",5,77,779,338,441
050,13,153,"Georgia","Houston County",5,78,712,282,430
050,13,153,"Georgia","Houston County",5,79,739,296,443
050,13,153,"Georgia","Houston County",5,80,703,292,411
050,13,153,"Georgia","Houston County",5,81,596,242,354
050,13,153,"Georgia","Houston County",5,82,501,208,293
050,13,153,"Georgia","Houston County",5,83,449,178,271
050,13,153,"Georgia","Houston County",5,84,397,141,256
050,13,153,"Georgia","Houston County",5,85,2151,755,1396
050,13,155,"Georgia","Irwin County",1,0,108,57,51
050,13,155,"Georgia","Irwin County",1,1,119,72,47
050,13,155,"Georgia","Irwin County",1,2,99,44,55
050,13,155,"Georgia","Irwin County",1,3,96,37,59
050,13,155,"Georgia","Irwin County",1,4,129,67,62
050,13,155,"Georgia","Irwin County",1,5,118,57,61
050,13,155,"Georgia","Irwin County",1,6,96,45,51
050,13,155,"Georgia","Irwin County",1,7,123,62,61
050,13,155,"Georgia","Irwin County",1,8,109,56,53
050,13,155,"Georgia","Irwin County",1,9,116,65,51
050,13,155,"Georgia","Irwin County",1,10,126,71,55
050,13,155,"Georgia","Irwin County",1,11,141,72,69
050,13,155,"Georgia","Irwin County",1,12,130,78,52
050,13,155,"Georgia","Irwin County",1,13,140,77,63
050,13,155,"Georgia","Irwin County",1,14,119,57,62
050,13,155,"Georgia","Irwin County",1,15,116,56,60
050,13,155,"Georgia","Irwin County",1,16,129,55,74
050,13,155,"Georgia","Irwin County",1,17,128,72,56
050,13,155,"Georgia","Irwin County",1,18,121,68,53
050,13,155,"Georgia","Irwin County",1,19,109,66,43
050,13,155,"Georgia","Irwin County",1,20,125,72,53
050,13,155,"Georgia","Irwin County",1,21,117,75,42
050,13,155,"Georgia","Irwin County",1,22,110,69,41
050,13,155,"Georgia","Irwin County",1,23,120,67,53
050,13,155,"Georgia","Irwin County",1,24,134,86,48
050,13,155,"Georgia","Irwin County",1,25,129,76,53
050,13,155,"Georgia","Irwin County",1,26,115,66,49
050,13,155,"Georgia","Irwin County",1,27,108,60,48
050,13,155,"Georgia","Irwin County",1,28,173,108,65
050,13,155,"Georgia","Irwin County",1,29,152,80,72
050,13,155,"Georgia","Irwin County",1,30,146,82,64
050,13,155,"Georgia","Irwin County",1,31,105,58,47
050,13,155,"Georgia","Irwin County",1,32,126,75,51
050,13,155,"Georgia","Irwin County",1,33,132,84,48
050,13,155,"Georgia","Irwin County",1,34,121,62,59
050,13,155,"Georgia","Irwin County",1,35,97,48,49
050,13,155,"Georgia","Irwin County",1,36,110,60,50
050,13,155,"Georgia","Irwin County",1,37,129,67,62
050,13,155,"Georgia","Irwin County",1,38,118,61,57
050,13,155,"Georgia","Irwin County",1,39,130,66,64
050,13,155,"Georgia","Irwin County",1,40,141,68,73
050,13,155,"Georgia","Irwin County",1,41,142,82,60
050,13,155,"Georgia","Irwin County",1,42,106,64,42
050,13,155,"Georgia","Irwin County",1,43,112,61,51
050,13,155,"Georgia","Irwin County",1,44,115,64,51
050,13,155,"Georgia","Irwin County",1,45,125,68,57
050,13,155,"Georgia","Irwin County",1,46,123,59,64
050,13,155,"Georgia","Irwin County",1,47,101,51,50
050,13,155,"Georgia","Irwin County",1,48,133,70,63
050,13,155,"Georgia","Irwin County",1,49,145,81,64
050,13,155,"Georgia","Irwin County",1,50,127,67,60
050,13,155,"Georgia","Irwin County",1,51,123,68,55
050,13,155,"Georgia","Irwin County",1,52,122,65,57
050,13,155,"Georgia","Irwin County",1,53,124,64,60
050,13,155,"Georgia","Irwin County",1,54,116,56,60
050,13,155,"Georgia","Irwin County",1,55,145,68,77
050,13,155,"Georgia","Irwin County",1,56,124,57,67
050,13,155,"Georgia","Irwin County",1,57,128,66,62
050,13,155,"Georgia","Irwin County",1,58,121,67,54
050,13,155,"Georgia","Irwin County",1,59,125,65,60
050,13,155,"Georgia","Irwin County",1,60,117,61,56
050,13,155,"Georgia","Irwin County",1,61,112,63,49
050,13,155,"Georgia","Irwin County",1,62,102,45,57
050,13,155,"Georgia","Irwin County",1,63,111,54,57
050,13,155,"Georgia","Irwin County",1,64,112,58,54
050,13,155,"Georgia","Irwin County",1,65,121,60,61
050,13,155,"Georgia","Irwin County",1,66,111,46,65
050,13,155,"Georgia","Irwin County",1,67,109,58,51
050,13,155,"Georgia","Irwin County",1,68,100,59,41
050,13,155,"Georgia","Irwin County",1,69,89,43,46
050,13,155,"Georgia","Irwin County",1,70,87,43,44
050,13,155,"Georgia","Irwin County",1,71,89,43,46
050,13,155,"Georgia","Irwin County",1,72,106,41,65
050,13,155,"Georgia","Irwin County",1,73,105,42,63
050,13,155,"Georgia","Irwin County",1,74,81,36,45
050,13,155,"Georgia","Irwin County",1,75,83,38,45
050,13,155,"Georgia","Irwin County",1,76,65,27,38
050,13,155,"Georgia","Irwin County",1,77,66,28,38
050,13,155,"Georgia","Irwin County",1,78,58,25,33
050,13,155,"Georgia","Irwin County",1,79,52,22,30
050,13,155,"Georgia","Irwin County",1,80,53,29,24
050,13,155,"Georgia","Irwin County",1,81,53,30,23
050,13,155,"Georgia","Irwin County",1,82,42,21,21
050,13,155,"Georgia","Irwin County",1,83,32,15,17
050,13,155,"Georgia","Irwin County",1,84,35,13,22
050,13,155,"Georgia","Irwin County",1,85,205,60,145
050,13,155,"Georgia","Irwin County",2,0,113,58,55
050,13,155,"Georgia","Irwin County",2,1,114,65,49
050,13,155,"Georgia","Irwin County",2,2,102,48,54
050,13,155,"Georgia","Irwin County",2,3,100,41,59
050,13,155,"Georgia","Irwin County",2,4,122,59,63
050,13,155,"Georgia","Irwin County",2,5,121,60,61
050,13,155,"Georgia","Irwin County",2,6,104,49,55
050,13,155,"Georgia","Irwin County",2,7,114,57,57
050,13,155,"Georgia","Irwin County",2,8,114,59,55
050,13,155,"Georgia","Irwin County",2,9,115,63,52
050,13,155,"Georgia","Irwin County",2,10,125,70,55
050,13,155,"Georgia","Irwin County",2,11,135,70,65
050,13,155,"Georgia","Irwin County",2,12,135,77,58
050,13,155,"Georgia","Irwin County",2,13,136,76,60
050,13,155,"Georgia","Irwin County",2,14,121,60,61
050,13,155,"Georgia","Irwin County",2,15,116,55,61
050,13,155,"Georgia","Irwin County",2,16,124,55,69
050,13,155,"Georgia","Irwin County",2,17,127,67,60
050,13,155,"Georgia","Irwin County",2,18,116,66,50
050,13,155,"Georgia","Irwin County",2,19,110,65,45
050,13,155,"Georgia","Irwin County",2,20,121,73,48
050,13,155,"Georgia","Irwin County",2,21,119,76,43
050,13,155,"Georgia","Irwin County",2,22,112,69,43
050,13,155,"Georgia","Irwin County",2,23,120,67,53
050,13,155,"Georgia","Irwin County",2,24,136,86,50
050,13,155,"Georgia","Irwin County",2,25,128,77,51
050,13,155,"Georgia","Irwin County",2,26,115,66,49
050,13,155,"Georgia","Irwin County",2,27,113,63,50
050,13,155,"Georgia","Irwin County",2,28,163,100,63
050,13,155,"Georgia","Irwin County",2,29,152,82,70
050,13,155,"Georgia","Irwin County",2,30,151,84,67
050,13,155,"Georgia","Irwin County",2,31,113,64,49
050,13,155,"Georgia","Irwin County",2,32,124,73,51
050,13,155,"Georgia","Irwin County",2,33,128,80,48
050,13,155,"Georgia","Irwin County",2,34,124,67,57
050,13,155,"Georgia","Irwin County",2,35,99,48,51
050,13,155,"Georgia","Irwin County",2,36,108,59,49
050,13,155,"Georgia","Irwin County",2,37,125,67,58
050,13,155,"Georgia","Irwin County",2,38,123,64,59
050,13,155,"Georgia","Irwin County",2,39,125,62,63
050,13,155,"Georgia","Irwin County",2,40,144,72,72
050,13,155,"Georgia","Irwin County",2,41,141,78,63
050,13,155,"Georgia","Irwin County",2,42,111,65,46
050,13,155,"Georgia","Irwin County",2,43,110,62,48
050,13,155,"Georgia","Irwin County",2,44,115,65,50
050,13,155,"Georgia","Irwin County",2,45,122,66,56
050,13,155,"Georgia","Irwin County",2,46,125,62,63
050,13,155,"Georgia","Irwin County",2,47,106,52,54
050,13,155,"Georgia","Irwin County",2,48,126,67,59
050,13,155,"Georgia","Irwin County",2,49,146,82,64
050,13,155,"Georgia","Irwin County",2,50,127,66,61
050,13,155,"Georgia","Irwin County",2,51,121,67,54
050,13,155,"Georgia","Irwin County",2,52,124,67,57
050,13,155,"Georgia","Irwin County",2,53,122,62,60
050,13,155,"Georgia","Irwin County",2,54,120,58,62
050,13,155,"Georgia","Irwin County",2,55,139,65,74
050,13,155,"Georgia","Irwin County",2,56,127,60,67
050,13,155,"Georgia","Irwin County",2,57,125,63,62
050,13,155,"Georgia","Irwin County",2,58,120,65,55
050,13,155,"Georgia","Irwin County",2,59,124,65,59
050,13,155,"Georgia","Irwin County",2,60,116,60,56
050,13,155,"Georgia","Irwin County",2,61,112,62,50
050,13,155,"Georgia","Irwin County",2,62,103,49,54
050,13,155,"Georgia","Irwin County",2,63,110,53,57
050,13,155,"Georgia","Irwin County",2,64,111,56,55
050,13,155,"Georgia","Irwin County",2,65,120,60,60
050,13,155,"Georgia","Irwin County",2,66,112,49,63
050,13,155,"Georgia","Irwin County",2,67,107,53,54
050,13,155,"Georgia","Irwin County",2,68,101,58,43
050,13,155,"Georgia","Irwin County",2,69,92,47,45
050,13,155,"Georgia","Irwin County",2,70,86,43,43
050,13,155,"Georgia","Irwin County",2,71,86,42,44
050,13,155,"Georgia","Irwin County",2,72,101,41,60
050,13,155,"Georgia","Irwin County",2,73,110,44,66
050,13,155,"Georgia","Irwin County",2,74,80,34,46
050,13,155,"Georgia","Irwin County",2,75,84,39,45
050,13,155,"Georgia","Irwin County",2,76,67,29,38
050,13,155,"Georgia","Irwin County",2,77,68,28,40
050,13,155,"Georgia","Irwin County",2,78,57,24,33
050,13,155,"Georgia","Irwin County",2,79,51,21,30
050,13,155,"Georgia","Irwin County",2,80,51,27,24
050,13,155,"Georgia","Irwin County",2,81,53,30,23
050,13,155,"Georgia","Irwin County",2,82,45,22,23
050,13,155,"Georgia","Irwin County",2,83,30,14,16
050,13,155,"Georgia","Irwin County",2,84,32,13,19
050,13,155,"Georgia","Irwin County",2,85,204,59,145
050,13,155,"Georgia","Irwin County",3,0,100,53,47
050,13,155,"Georgia","Irwin County",3,1,105,49,56
050,13,155,"Georgia","Irwin County",3,2,113,62,51
050,13,155,"Georgia","Irwin County",3,3,94,47,47
050,13,155,"Georgia","Irwin County",3,4,99,44,55
050,13,155,"Georgia","Irwin County",3,5,113,52,61
050,13,155,"Georgia","Irwin County",3,6,118,59,59
050,13,155,"Georgia","Irwin County",3,7,104,49,55
050,13,155,"Georgia","Irwin County",3,8,106,53,53
050,13,155,"Georgia","Irwin County",3,9,115,58,57
050,13,155,"Georgia","Irwin County",3,10,111,59,52
050,13,155,"Georgia","Irwin County",3,11,119,68,51
050,13,155,"Georgia","Irwin County",3,12,134,70,64
050,13,155,"Georgia","Irwin County",3,13,141,81,60
050,13,155,"Georgia","Irwin County",3,14,130,70,60
050,13,155,"Georgia","Irwin County",3,15,124,62,62
050,13,155,"Georgia","Irwin County",3,16,124,59,65
050,13,155,"Georgia","Irwin County",3,17,122,55,67
050,13,155,"Georgia","Irwin County",3,18,109,58,51
050,13,155,"Georgia","Irwin County",3,19,98,54,44
050,13,155,"Georgia","Irwin County",3,20,121,72,49
050,13,155,"Georgia","Irwin County",3,21,120,67,53
050,13,155,"Georgia","Irwin County",3,22,113,63,50
050,13,155,"Georgia","Irwin County",3,23,115,59,56
050,13,155,"Georgia","Irwin County",3,24,124,70,54
050,13,155,"Georgia","Irwin County",3,25,113,66,47
050,13,155,"Georgia","Irwin County",3,26,102,54,48
050,13,155,"Georgia","Irwin County",3,27,108,57,51
050,13,155,"Georgia","Irwin County",3,28,121,74,47
050,13,155,"Georgia","Irwin County",3,29,138,77,61
050,13,155,"Georgia","Irwin County",3,30,140,76,64
050,13,155,"Georgia","Irwin County",3,31,142,76,66
050,13,155,"Georgia","Irwin County",3,32,112,59,53
050,13,155,"Georgia","Irwin County",3,33,108,59,49
050,13,155,"Georgia","Irwin County",3,34,122,70,52
050,13,155,"Georgia","Irwin County",3,35,107,57,50
050,13,155,"Georgia","Irwin County",3,36,109,53,56
050,13,155,"Georgia","Irwin County",3,37,116,62,54
050,13,155,"Georgia","Irwin County",3,38,129,59,70
050,13,155,"Georgia","Irwin County",3,39,117,55,62
050,13,155,"Georgia","Irwin County",3,40,131,71,60
050,13,155,"Georgia","Irwin County",3,41,138,68,70
050,13,155,"Georgia","Irwin County",3,42,126,61,65
050,13,155,"Georgia","Irwin County",3,43,112,65,47
050,13,155,"Georgia","Irwin County",3,44,110,62,48
050,13,155,"Georgia","Irwin County",3,45,105,55,50
050,13,155,"Georgia","Irwin County",3,46,117,63,54
050,13,155,"Georgia","Irwin County",3,47,115,52,63
050,13,155,"Georgia","Irwin County",3,48,104,50,54
050,13,155,"Georgia","Irwin County",3,49,136,77,59
050,13,155,"Georgia","Irwin County",3,50,125,61,64
050,13,155,"Georgia","Irwin County",3,51,128,66,62
050,13,155,"Georgia","Irwin County",3,52,118,62,56
050,13,155,"Georgia","Irwin County",3,53,129,71,58
050,13,155,"Georgia","Irwin County",3,54,120,55,65
050,13,155,"Georgia","Irwin County",3,55,114,51,63
050,13,155,"Georgia","Irwin County",3,56,136,62,74
050,13,155,"Georgia","Irwin County",3,57,130,63,67
050,13,155,"Georgia","Irwin County",3,58,123,58,65
050,13,155,"Georgia","Irwin County",3,59,118,64,54
050,13,155,"Georgia","Irwin County",3,60,123,65,58
050,13,155,"Georgia","Irwin County",3,61,114,56,58
050,13,155,"Georgia","Irwin County",3,62,105,59,46
050,13,155,"Georgia","Irwin County",3,63,105,54,51
050,13,155,"Georgia","Irwin County",3,64,109,51,58
050,13,155,"Georgia","Irwin County",3,65,110,57,53
050,13,155,"Georgia","Irwin County",3,66,119,60,59
050,13,155,"Georgia","Irwin County",3,67,105,45,60
050,13,155,"Georgia","Irwin County",3,68,102,50,52
050,13,155,"Georgia","Irwin County",3,69,100,55,45
050,13,155,"Georgia","Irwin County",3,70,89,45,44
050,13,155,"Georgia","Irwin County",3,71,77,36,41
050,13,155,"Georgia","Irwin County",3,72,85,43,42
050,13,155,"Georgia","Irwin County",3,73,95,38,57
050,13,155,"Georgia","Irwin County",3,74,109,44,65
050,13,155,"Georgia","Irwin County",3,75,71,30,41
050,13,155,"Georgia","Irwin County",3,76,79,34,45
050,13,155,"Georgia","Irwin County",3,77,66,27,39
050,13,155,"Georgia","Irwin County",3,78,58,26,32
050,13,155,"Georgia","Irwin County",3,79,50,21,29
050,13,155,"Georgia","Irwin County",3,80,51,22,29
050,13,155,"Georgia","Irwin County",3,81,39,21,18
050,13,155,"Georgia","Irwin County",3,82,44,24,20
050,13,155,"Georgia","Irwin County",3,83,48,23,25
050,13,155,"Georgia","Irwin County",3,84,28,14,14
050,13,155,"Georgia","Irwin County",3,85,197,58,139
050,13,155,"Georgia","Irwin County",4,0,99,63,36
050,13,155,"Georgia","Irwin County",4,1,97,55,42
050,13,155,"Georgia","Irwin County",4,2,101,49,52
050,13,155,"Georgia","Irwin County",4,3,120,65,55
050,13,155,"Georgia","Irwin County",4,4,99,48,51
050,13,155,"Georgia","Irwin County",4,5,99,48,51
050,13,155,"Georgia","Irwin County",4,6,118,53,65
050,13,155,"Georgia","Irwin County",4,7,121,63,58
050,13,155,"Georgia","Irwin County",4,8,106,47,59
050,13,155,"Georgia","Irwin County",4,9,113,61,52
050,13,155,"Georgia","Irwin County",4,10,112,56,56
050,13,155,"Georgia","Irwin County",4,11,108,57,51
050,13,155,"Georgia","Irwin County",4,12,133,72,61
050,13,155,"Georgia","Irwin County",4,13,132,69,63
050,13,155,"Georgia","Irwin County",4,14,148,81,67
050,13,155,"Georgia","Irwin County",4,15,131,72,59
050,13,155,"Georgia","Irwin County",4,16,124,60,64
050,13,155,"Georgia","Irwin County",4,17,120,59,61
050,13,155,"Georgia","Irwin County",4,18,110,51,59
050,13,155,"Georgia","Irwin County",4,19,91,50,41
050,13,155,"Georgia","Irwin County",4,20,104,56,48
050,13,155,"Georgia","Irwin County",4,21,123,70,53
050,13,155,"Georgia","Irwin County",4,22,110,57,53
050,13,155,"Georgia","Irwin County",4,23,107,57,50
050,13,155,"Georgia","Irwin County",4,24,100,53,47
050,13,155,"Georgia","Irwin County",4,25,114,59,55
050,13,155,"Georgia","Irwin County",4,26,107,61,46
050,13,155,"Georgia","Irwin County",4,27,99,52,47
050,13,155,"Georgia","Irwin County",4,28,103,58,45
050,13,155,"Georgia","Irwin County",4,29,109,62,47
050,13,155,"Georgia","Irwin County",4,30,119,65,54
050,13,155,"Georgia","Irwin County",4,31,133,76,57
050,13,155,"Georgia","Irwin County",4,32,128,62,66
050,13,155,"Georgia","Irwin County",4,33,106,53,53
050,13,155,"Georgia","Irwin County",4,34,97,46,51
050,13,155,"Georgia","Irwin County",4,35,103,53,50
050,13,155,"Georgia","Irwin County",4,36,104,56,48
050,13,155,"Georgia","Irwin County",4,37,101,49,52
050,13,155,"Georgia","Irwin County",4,38,110,55,55
050,13,155,"Georgia","Irwin County",4,39,117,49,68
050,13,155,"Georgia","Irwin County",4,40,115,58,57
050,13,155,"Georgia","Irwin County",4,41,123,64,59
050,13,155,"Georgia","Irwin County",4,42,131,59,72
050,13,155,"Georgia","Irwin County",4,43,114,53,61
050,13,155,"Georgia","Irwin County",4,44,107,64,43
050,13,155,"Georgia","Irwin County",4,45,100,56,44
050,13,155,"Georgia","Irwin County",4,46,98,49,49
050,13,155,"Georgia","Irwin County",4,47,109,55,54
050,13,155,"Georgia","Irwin County",4,48,112,50,62
050,13,155,"Georgia","Irwin County",4,49,101,52,49
050,13,155,"Georgia","Irwin County",4,50,123,64,59
050,13,155,"Georgia","Irwin County",4,51,126,57,69
050,13,155,"Georgia","Irwin County",4,52,132,66,66
050,13,155,"Georgia","Irwin County",4,53,123,66,57
050,13,155,"Georgia","Irwin County",4,54,123,65,58
050,13,155,"Georgia","Irwin County",4,55,121,57,64
050,13,155,"Georgia","Irwin County",4,56,109,51,58
050,13,155,"Georgia","Irwin County",4,57,134,64,70
050,13,155,"Georgia","Irwin County",4,58,130,58,72
050,13,155,"Georgia","Irwin County",4,59,119,54,65
050,13,155,"Georgia","Irwin County",4,60,112,59,53
050,13,155,"Georgia","Irwin County",4,61,118,58,60
050,13,155,"Georgia","Irwin County",4,62,111,51,60
050,13,155,"Georgia","Irwin County",4,63,103,57,46
050,13,155,"Georgia","Irwin County",4,64,106,52,54
050,13,155,"Georgia","Irwin County",4,65,107,50,57
050,13,155,"Georgia","Irwin County",4,66,107,56,51
050,13,155,"Georgia","Irwin County",4,67,106,52,54
050,13,155,"Georgia","Irwin County",4,68,104,45,59
050,13,155,"Georgia","Irwin County",4,69,104,50,54
050,13,155,"Georgia","Irwin County",4,70,100,54,46
050,13,155,"Georgia","Irwin County",4,71,76,39,37
050,13,155,"Georgia","Irwin County",4,72,78,39,39
050,13,155,"Georgia","Irwin County",4,73,78,39,39
050,13,155,"Georgia","Irwin County",4,74,90,36,54
050,13,155,"Georgia","Irwin County",4,75,107,44,63
050,13,155,"Georgia","Irwin County",4,76,73,28,45
050,13,155,"Georgia","Irwin County",4,77,81,35,46
050,13,155,"Georgia","Irwin County",4,78,60,25,35
050,13,155,"Georgia","Irwin County",4,79,47,19,28
050,13,155,"Georgia","Irwin County",4,80,46,18,28
050,13,155,"Georgia","Irwin County",4,81,45,18,27
050,13,155,"Georgia","Irwin County",4,82,37,16,21
050,13,155,"Georgia","Irwin County",4,83,46,24,22
050,13,155,"Georgia","Irwin County",4,84,45,23,22
050,13,155,"Georgia","Irwin County",4,85,201,62,139
050,13,155,"Georgia","Irwin County",5,0,99,62,37
050,13,155,"Georgia","Irwin County",5,1,106,67,39
050,13,155,"Georgia","Irwin County",5,2,106,58,48
050,13,155,"Georgia","Irwin County",5,3,101,54,47
050,13,155,"Georgia","Irwin County",5,4,121,68,53
050,13,155,"Georgia","Irwin County",5,5,108,52,56
050,13,155,"Georgia","Irwin County",5,6,117,60,57
050,13,155,"Georgia","Irwin County",5,7,129,64,65
050,13,155,"Georgia","Irwin County",5,8,123,64,59
050,13,155,"Georgia","Irwin County",5,9,105,49,56
050,13,155,"Georgia","Irwin County",5,10,112,57,55
050,13,155,"Georgia","Irwin County",5,11,114,54,60
050,13,155,"Georgia","Irwin County",5,12,110,60,50
050,13,155,"Georgia","Irwin County",5,13,127,76,51
050,13,155,"Georgia","Irwin County",5,14,139,71,68
050,13,155,"Georgia","Irwin County",5,15,144,80,64
050,13,155,"Georgia","Irwin County",5,16,132,74,58
050,13,155,"Georgia","Irwin County",5,17,122,56,66
050,13,155,"Georgia","Irwin County",5,18,108,56,52
050,13,155,"Georgia","Irwin County",5,19,85,44,41
050,13,155,"Georgia","Irwin County",5,20,99,55,44
050,13,155,"Georgia","Irwin County",5,21,107,58,49
050,13,155,"Georgia","Irwin County",5,22,128,71,57
050,13,155,"Georgia","Irwin County",5,23,115,53,62
050,13,155,"Georgia","Irwin County",5,24,111,63,48
050,13,155,"Georgia","Irwin County",5,25,90,47,43
050,13,155,"Georgia","Irwin County",5,26,114,59,55
050,13,155,"Georgia","Irwin County",5,27,108,52,56
050,13,155,"Georgia","Irwin County",5,28,111,48,63
050,13,155,"Georgia","Irwin County",5,29,96,49,47
050,13,155,"Georgia","Irwin County",5,30,120,67,53
050,13,155,"Georgia","Irwin County",5,31,117,65,52
050,13,155,"Georgia","Irwin County",5,32,138,75,63
050,13,155,"Georgia","Irwin County",5,33,119,60,59
050,13,155,"Georgia","Irwin County",5,34,98,45,53
050,13,155,"Georgia","Irwin County",5,35,93,43,50
050,13,155,"Georgia","Irwin County",5,36,100,52,48
050,13,155,"Georgia","Irwin County",5,37,107,59,48
050,13,155,"Georgia","Irwin County",5,38,93,45,48
050,13,155,"Georgia","Irwin County",5,39,111,53,58
050,13,155,"Georgia","Irwin County",5,40,119,51,68
050,13,155,"Georgia","Irwin County",5,41,115,59,56
050,13,155,"Georgia","Irwin County",5,42,118,60,58
050,13,155,"Georgia","Irwin County",5,43,136,60,76
050,13,155,"Georgia","Irwin County",5,44,113,54,59
050,13,155,"Georgia","Irwin County",5,45,103,59,44
050,13,155,"Georgia","Irwin County",5,46,103,52,51
050,13,155,"Georgia","Irwin County",5,47,92,42,50
050,13,155,"Georgia","Irwin County",5,48,117,59,58
050,13,155,"Georgia","Irwin County",5,49,119,53,66
050,13,155,"Georgia","Irwin County",5,50,96,48,48
050,13,155,"Georgia","Irwin County",5,51,133,68,65
050,13,155,"Georgia","Irwin County",5,52,125,59,66
050,13,155,"Georgia","Irwin County",5,53,127,65,62
050,13,155,"Georgia","Irwin County",5,54,114,60,54
050,13,155,"Georgia","Irwin County",5,55,122,64,58
050,13,155,"Georgia","Irwin County",5,56,119,56,63
050,13,155,"Georgia","Irwin County",5,57,106,50,56
050,13,155,"Georgia","Irwin County",5,58,130,60,70
050,13,155,"Georgia","Irwin County",5,59,126,59,67
050,13,155,"Georgia","Irwin County",5,60,117,58,59
050,13,155,"Georgia","Irwin County",5,61,114,57,57
050,13,155,"Georgia","Irwin County",5,62,117,55,62
050,13,155,"Georgia","Irwin County",5,63,112,50,62
050,13,155,"Georgia","Irwin County",5,64,102,56,46
050,13,155,"Georgia","Irwin County",5,65,106,52,54
050,13,155,"Georgia","Irwin County",5,66,108,52,56
050,13,155,"Georgia","Irwin County",5,67,99,53,46
050,13,155,"Georgia","Irwin County",5,68,101,50,51
050,13,155,"Georgia","Irwin County",5,69,106,44,62
050,13,155,"Georgia","Irwin County",5,70,104,48,56
050,13,155,"Georgia","Irwin County",5,71,89,48,41
050,13,155,"Georgia","Irwin County",5,72,78,41,37
050,13,155,"Georgia","Irwin County",5,73,68,35,33
050,13,155,"Georgia","Irwin County",5,74,73,35,38
050,13,155,"Georgia","Irwin County",5,75,90,35,55
050,13,155,"Georgia","Irwin County",5,76,108,42,66
050,13,155,"Georgia","Irwin County",5,77,75,30,45
050,13,155,"Georgia","Irwin County",5,78,72,30,42
050,13,155,"Georgia","Irwin County",5,79,46,17,29
050,13,155,"Georgia","Irwin County",5,80,45,17,28
050,13,155,"Georgia","Irwin County",5,81,41,15,26
050,13,155,"Georgia","Irwin County",5,82,40,14,26
050,13,155,"Georgia","Irwin County",5,83,39,17,22
050,13,155,"Georgia","Irwin County",5,84,42,23,19
050,13,155,"Georgia","Irwin County",5,85,212,69,143
050,13,157,"Georgia","Jackson County",1,0,874,446,428
050,13,157,"Georgia","Jackson County",1,1,937,481,456
050,13,157,"Georgia","Jackson County",1,2,988,498,490
050,13,157,"Georgia","Jackson County",1,3,994,499,495
050,13,157,"Georgia","Jackson County",1,4,1000,484,516
050,13,157,"Georgia","Jackson County",1,5,1053,529,524
050,13,157,"Georgia","Jackson County",1,6,1077,589,488
050,13,157,"Georgia","Jackson County",1,7,1079,534,545
050,13,157,"Georgia","Jackson County",1,8,1090,536,554
050,13,157,"Georgia","Jackson County",1,9,1060,543,517
050,13,157,"Georgia","Jackson County",1,10,1139,601,538
050,13,157,"Georgia","Jackson County",1,11,1165,598,567
050,13,157,"Georgia","Jackson County",1,12,1161,609,552
050,13,157,"Georgia","Jackson County",1,13,1145,583,562
050,13,157,"Georgia","Jackson County",1,14,1136,574,562
050,13,157,"Georgia","Jackson County",1,15,1169,598,571
050,13,157,"Georgia","Jackson County",1,16,1132,576,556
050,13,157,"Georgia","Jackson County",1,17,1135,574,561
050,13,157,"Georgia","Jackson County",1,18,954,490,464
050,13,157,"Georgia","Jackson County",1,19,708,360,348
050,13,157,"Georgia","Jackson County",1,20,758,391,367
050,13,157,"Georgia","Jackson County",1,21,783,399,384
050,13,157,"Georgia","Jackson County",1,22,783,391,392
050,13,157,"Georgia","Jackson County",1,23,801,374,427
050,13,157,"Georgia","Jackson County",1,24,822,394,428
050,13,157,"Georgia","Jackson County",1,25,852,443,409
050,13,157,"Georgia","Jackson County",1,26,913,439,474
050,13,157,"Georgia","Jackson County",1,27,932,473,459
050,13,157,"Georgia","Jackson County",1,28,1008,498,510
050,13,157,"Georgia","Jackson County",1,29,1047,503,544
050,13,157,"Georgia","Jackson County",1,30,1060,533,527
050,13,157,"Georgia","Jackson County",1,31,1009,504,505
050,13,157,"Georgia","Jackson County",1,32,1025,527,498
050,13,157,"Georgia","Jackson County",1,33,1021,509,512
050,13,157,"Georgia","Jackson County",1,34,1044,523,521
050,13,157,"Georgia","Jackson County",1,35,1044,517,527
050,13,157,"Georgia","Jackson County",1,36,1052,530,522
050,13,157,"Georgia","Jackson County",1,37,1061,520,541
050,13,157,"Georgia","Jackson County",1,38,1084,531,553
050,13,157,"Georgia","Jackson County",1,39,1124,543,581
050,13,157,"Georgia","Jackson County",1,40,1123,568,555
050,13,157,"Georgia","Jackson County",1,41,1080,536,544
050,13,157,"Georgia","Jackson County",1,42,1070,543,527
050,13,157,"Georgia","Jackson County",1,43,975,504,471
050,13,157,"Georgia","Jackson County",1,44,987,486,501
050,13,157,"Georgia","Jackson County",1,45,985,491,494
050,13,157,"Georgia","Jackson County",1,46,999,507,492
050,13,157,"Georgia","Jackson County",1,47,1016,526,490
050,13,157,"Georgia","Jackson County",1,48,1056,559,497
050,13,157,"Georgia","Jackson County",1,49,1117,561,556
050,13,157,"Georgia","Jackson County",1,50,1117,554,563
050,13,157,"Georgia","Jackson County",1,51,1029,515,514
050,13,157,"Georgia","Jackson County",1,52,1000,517,483
050,13,157,"Georgia","Jackson County",1,53,1024,523,501
050,13,157,"Georgia","Jackson County",1,54,945,504,441
050,13,157,"Georgia","Jackson County",1,55,1014,545,469
050,13,157,"Georgia","Jackson County",1,56,1033,538,495
050,13,157,"Georgia","Jackson County",1,57,1024,515,509
050,13,157,"Georgia","Jackson County",1,58,973,469,504
050,13,157,"Georgia","Jackson County",1,59,963,470,493
050,13,157,"Georgia","Jackson County",1,60,886,456,430
050,13,157,"Georgia","Jackson County",1,61,865,428,437
050,13,157,"Georgia","Jackson County",1,62,879,436,443
050,13,157,"Georgia","Jackson County",1,63,851,414,437
050,13,157,"Georgia","Jackson County",1,64,793,381,412
050,13,157,"Georgia","Jackson County",1,65,783,376,407
050,13,157,"Georgia","Jackson County",1,66,786,379,407
050,13,157,"Georgia","Jackson County",1,67,716,354,362
050,13,157,"Georgia","Jackson County",1,68,695,343,352
050,13,157,"Georgia","Jackson County",1,69,635,271,364
050,13,157,"Georgia","Jackson County",1,70,632,281,351
050,13,157,"Georgia","Jackson County",1,71,632,281,351
050,13,157,"Georgia","Jackson County",1,72,668,314,354
050,13,157,"Georgia","Jackson County",1,73,665,310,355
050,13,157,"Georgia","Jackson County",1,74,467,212,255
050,13,157,"Georgia","Jackson County",1,75,453,211,242
050,13,157,"Georgia","Jackson County",1,76,482,222,260
050,13,157,"Georgia","Jackson County",1,77,468,215,253
050,13,157,"Georgia","Jackson County",1,78,388,173,215
050,13,157,"Georgia","Jackson County",1,79,345,155,190
050,13,157,"Georgia","Jackson County",1,80,325,140,185
050,13,157,"Georgia","Jackson County",1,81,315,142,173
050,13,157,"Georgia","Jackson County",1,82,253,108,145
050,13,157,"Georgia","Jackson County",1,83,192,85,107
050,13,157,"Georgia","Jackson County",1,84,170,77,93
050,13,157,"Georgia","Jackson County",1,85,819,275,544
050,13,157,"Georgia","Jackson County",2,0,878,455,423
050,13,157,"Georgia","Jackson County",2,1,933,480,453
050,13,157,"Georgia","Jackson County",2,2,991,504,487
050,13,157,"Georgia","Jackson County",2,3,1005,505,500
050,13,157,"Georgia","Jackson County",2,4,1014,493,521
050,13,157,"Georgia","Jackson County",2,5,1065,533,532
050,13,157,"Georgia","Jackson County",2,6,1087,581,506
050,13,157,"Georgia","Jackson County",2,7,1092,554,538
050,13,157,"Georgia","Jackson County",2,8,1104,544,560
050,13,157,"Georgia","Jackson County",2,9,1086,552,534
050,13,157,"Georgia","Jackson County",2,10,1134,592,542
050,13,157,"Georgia","Jackson County",2,11,1171,604,567
050,13,157,"Georgia","Jackson County",2,12,1183,614,569
050,13,157,"Georgia","Jackson County",2,13,1158,594,564
050,13,157,"Georgia","Jackson County",2,14,1151,583,568
050,13,157,"Georgia","Jackson County",2,15,1170,601,569
050,13,157,"Georgia","Jackson County",2,16,1151,588,563
050,13,157,"Georgia","Jackson County",2,17,1140,577,563
050,13,157,"Georgia","Jackson County",2,18,960,494,466
050,13,157,"Georgia","Jackson County",2,19,738,375,363
050,13,157,"Georgia","Jackson County",2,20,772,397,375
050,13,157,"Georgia","Jackson County",2,21,786,403,383
050,13,157,"Georgia","Jackson County",2,22,801,399,402
050,13,157,"Georgia","Jackson County",2,23,814,385,429
050,13,157,"Georgia","Jackson County",2,24,825,396,429
050,13,157,"Georgia","Jackson County",2,25,859,434,425
050,13,157,"Georgia","Jackson County",2,26,912,447,465
050,13,157,"Georgia","Jackson County",2,27,939,466,473
050,13,157,"Georgia","Jackson County",2,28,1009,499,510
050,13,157,"Georgia","Jackson County",2,29,1054,512,542
050,13,157,"Georgia","Jackson County",2,30,1076,537,539
050,13,157,"Georgia","Jackson County",2,31,1040,521,519
050,13,157,"Georgia","Jackson County",2,32,1046,533,513
050,13,157,"Georgia","Jackson County",2,33,1043,525,518
050,13,157,"Georgia","Jackson County",2,34,1060,531,529
050,13,157,"Georgia","Jackson County",2,35,1071,533,538
050,13,157,"Georgia","Jackson County",2,36,1051,524,527
050,13,157,"Georgia","Jackson County",2,37,1070,527,543
050,13,157,"Georgia","Jackson County",2,38,1097,536,561
050,13,157,"Georgia","Jackson County",2,39,1124,547,577
050,13,157,"Georgia","Jackson County",2,40,1139,571,568
050,13,157,"Georgia","Jackson County",2,41,1101,549,552
050,13,157,"Georgia","Jackson County",2,42,1072,541,531
050,13,157,"Georgia","Jackson County",2,43,1018,522,496
050,13,157,"Georgia","Jackson County",2,44,986,490,496
050,13,157,"Georgia","Jackson County",2,45,1004,498,506
050,13,157,"Georgia","Jackson County",2,46,1002,504,498
050,13,157,"Georgia","Jackson County",2,47,1019,527,492
050,13,157,"Georgia","Jackson County",2,48,1049,554,495
050,13,157,"Georgia","Jackson County",2,49,1115,569,546
050,13,157,"Georgia","Jackson County",2,50,1126,561,565
050,13,157,"Georgia","Jackson County",2,51,1058,531,527
050,13,157,"Georgia","Jackson County",2,52,1013,518,495
050,13,157,"Georgia","Jackson County",2,53,1025,527,498
050,13,157,"Georgia","Jackson County",2,54,964,511,453
050,13,157,"Georgia","Jackson County",2,55,1002,536,466
050,13,157,"Georgia","Jackson County",2,56,1043,546,497
050,13,157,"Georgia","Jackson County",2,57,1039,526,513
050,13,157,"Georgia","Jackson County",2,58,993,483,510
050,13,157,"Georgia","Jackson County",2,59,972,473,499
050,13,157,"Georgia","Jackson County",2,60,902,455,447
050,13,157,"Georgia","Jackson County",2,61,873,435,438
050,13,157,"Georgia","Jackson County",2,62,881,436,445
050,13,157,"Georgia","Jackson County",2,63,867,422,445
050,13,157,"Georgia","Jackson County",2,64,816,394,422
050,13,157,"Georgia","Jackson County",2,65,788,378,410
050,13,157,"Georgia","Jackson County",2,66,790,383,407
050,13,157,"Georgia","Jackson County",2,67,732,363,369
050,13,157,"Georgia","Jackson County",2,68,698,345,353
050,13,157,"Georgia","Jackson County",2,69,657,291,366
050,13,157,"Georgia","Jackson County",2,70,631,275,356
050,13,157,"Georgia","Jackson County",2,71,633,280,353
050,13,157,"Georgia","Jackson County",2,72,645,299,346
050,13,157,"Georgia","Jackson County",2,73,696,324,372
050,13,157,"Georgia","Jackson County",2,74,482,221,261
050,13,157,"Georgia","Jackson County",2,75,455,212,243
050,13,157,"Georgia","Jackson County",2,76,467,212,255
050,13,157,"Georgia","Jackson County",2,77,479,222,257
050,13,157,"Georgia","Jackson County",2,78,394,176,218
050,13,157,"Georgia","Jackson County",2,79,348,157,191
050,13,157,"Georgia","Jackson County",2,80,326,143,183
050,13,157,"Georgia","Jackson County",2,81,312,140,172
050,13,157,"Georgia","Jackson County",2,82,267,114,153
050,13,157,"Georgia","Jackson County",2,83,204,88,116
050,13,157,"Georgia","Jackson County",2,84,174,80,94
050,13,157,"Georgia","Jackson County",2,85,814,282,532
050,13,157,"Georgia","Jackson County",3,0,937,491,446
050,13,157,"Georgia","Jackson County",3,1,920,493,427
050,13,157,"Georgia","Jackson County",3,2,1002,528,474
050,13,157,"Georgia","Jackson County",3,3,1049,533,516
050,13,157,"Georgia","Jackson County",3,4,1078,528,550
050,13,157,"Georgia","Jackson County",3,5,1103,525,578
050,13,157,"Georgia","Jackson County",3,6,1147,590,557
050,13,157,"Georgia","Jackson County",3,7,1152,617,535
050,13,157,"Georgia","Jackson County",3,8,1169,590,579
050,13,157,"Georgia","Jackson County",3,9,1188,600,588
050,13,157,"Georgia","Jackson County",3,10,1178,605,573
050,13,157,"Georgia","Jackson County",3,11,1205,626,579
050,13,157,"Georgia","Jackson County",3,12,1212,616,596
050,13,157,"Georgia","Jackson County",3,13,1255,662,593
050,13,157,"Georgia","Jackson County",3,14,1186,608,578
050,13,157,"Georgia","Jackson County",3,15,1194,613,581
050,13,157,"Georgia","Jackson County",3,16,1214,627,587
050,13,157,"Georgia","Jackson County",3,17,1172,591,581
050,13,157,"Georgia","Jackson County",3,18,981,514,467
050,13,157,"Georgia","Jackson County",3,19,827,429,398
050,13,157,"Georgia","Jackson County",3,20,808,398,410
050,13,157,"Georgia","Jackson County",3,21,851,439,412
050,13,157,"Georgia","Jackson County",3,22,838,426,412
050,13,157,"Georgia","Jackson County",3,23,897,439,458
050,13,157,"Georgia","Jackson County",3,24,851,408,443
050,13,157,"Georgia","Jackson County",3,25,917,443,474
050,13,157,"Georgia","Jackson County",3,26,936,473,463
050,13,157,"Georgia","Jackson County",3,27,975,475,500
050,13,157,"Georgia","Jackson County",3,28,1015,500,515
050,13,157,"Georgia","Jackson County",3,29,1105,566,539
050,13,157,"Georgia","Jackson County",3,30,1152,559,593
050,13,157,"Georgia","Jackson County",3,31,1151,587,564
050,13,157,"Georgia","Jackson County",3,32,1125,575,550
050,13,157,"Georgia","Jackson County",3,33,1064,532,532
050,13,157,"Georgia","Jackson County",3,34,1105,534,571
050,13,157,"Georgia","Jackson County",3,35,1131,575,556
050,13,157,"Georgia","Jackson County",3,36,1170,567,603
050,13,157,"Georgia","Jackson County",3,37,1136,566,570
050,13,157,"Georgia","Jackson County",3,38,1133,548,585
050,13,157,"Georgia","Jackson County",3,39,1152,571,581
050,13,157,"Georgia","Jackson County",3,40,1173,575,598
050,13,157,"Georgia","Jackson County",3,41,1198,608,590
050,13,157,"Georgia","Jackson County",3,42,1140,569,571
050,13,157,"Georgia","Jackson County",3,43,1119,561,558
050,13,157,"Georgia","Jackson County",3,44,1086,562,524
050,13,157,"Georgia","Jackson County",3,45,1022,514,508
050,13,157,"Georgia","Jackson County",3,46,1027,509,518
050,13,157,"Georgia","Jackson County",3,47,1035,518,517
050,13,157,"Georgia","Jackson County",3,48,1062,551,511
050,13,157,"Georgia","Jackson County",3,49,1064,548,516
050,13,157,"Georgia","Jackson County",3,50,1145,589,556
050,13,157,"Georgia","Jackson County",3,51,1168,587,581
050,13,157,"Georgia","Jackson County",3,52,1076,538,538
050,13,157,"Georgia","Jackson County",3,53,1059,544,515
050,13,157,"Georgia","Jackson County",3,54,1023,526,497
050,13,157,"Georgia","Jackson County",3,55,987,510,477
050,13,157,"Georgia","Jackson County",3,56,1036,542,494
050,13,157,"Georgia","Jackson County",3,57,1091,573,518
050,13,157,"Georgia","Jackson County",3,58,1051,520,531
050,13,157,"Georgia","Jackson County",3,59,1016,483,533
050,13,157,"Georgia","Jackson County",3,60,1002,480,522
050,13,157,"Georgia","Jackson County",3,61,913,452,461
050,13,157,"Georgia","Jackson County",3,62,895,441,454
050,13,157,"Georgia","Jackson County",3,63,909,457,452
050,13,157,"Georgia","Jackson County",3,64,870,428,442
050,13,157,"Georgia","Jackson County",3,65,838,403,435
050,13,157,"Georgia","Jackson County",3,66,792,380,412
050,13,157,"Georgia","Jackson County",3,67,802,386,416
050,13,157,"Georgia","Jackson County",3,68,732,354,378
050,13,157,"Georgia","Jackson County",3,69,694,334,360
050,13,157,"Georgia","Jackson County",3,70,639,287,352
050,13,157,"Georgia","Jackson County",3,71,630,272,358
050,13,157,"Georgia","Jackson County",3,72,632,276,356
050,13,157,"Georgia","Jackson County",3,73,646,294,352
050,13,157,"Georgia","Jackson County",3,74,679,314,365
050,13,157,"Georgia","Jackson County",3,75,467,213,254
050,13,157,"Georgia","Jackson County",3,76,441,202,239
050,13,157,"Georgia","Jackson County",3,77,440,203,237
050,13,157,"Georgia","Jackson County",3,78,467,217,250
050,13,157,"Georgia","Jackson County",3,79,401,174,227
050,13,157,"Georgia","Jackson County",3,80,323,142,181
050,13,157,"Georgia","Jackson County",3,81,318,134,184
050,13,157,"Georgia","Jackson County",3,82,296,127,169
050,13,157,"Georgia","Jackson County",3,83,234,100,134
050,13,157,"Georgia","Jackson County",3,84,186,85,101
050,13,157,"Georgia","Jackson County",3,85,869,302,567
050,13,157,"Georgia","Jackson County",4,0,1005,513,492
050,13,157,"Georgia","Jackson County",4,1,1011,536,475
050,13,157,"Georgia","Jackson County",4,2,971,513,458
050,13,157,"Georgia","Jackson County",4,3,1051,547,504
050,13,157,"Georgia","Jackson County",4,4,1109,571,538
050,13,157,"Georgia","Jackson County",4,5,1164,568,596
050,13,157,"Georgia","Jackson County",4,6,1132,548,584
050,13,157,"Georgia","Jackson County",4,7,1181,598,583
050,13,157,"Georgia","Jackson County",4,8,1212,642,570
050,13,157,"Georgia","Jackson County",4,9,1189,597,592
050,13,157,"Georgia","Jackson County",4,10,1235,630,605
050,13,157,"Georgia","Jackson County",4,11,1240,639,601
050,13,157,"Georgia","Jackson County",4,12,1261,666,595
050,13,157,"Georgia","Jackson County",4,13,1284,647,637
050,13,157,"Georgia","Jackson County",4,14,1335,688,647
050,13,157,"Georgia","Jackson County",4,15,1236,636,600
050,13,157,"Georgia","Jackson County",4,16,1250,637,613
050,13,157,"Georgia","Jackson County",4,17,1226,624,602
050,13,157,"Georgia","Jackson County",4,18,1032,539,493
050,13,157,"Georgia","Jackson County",4,19,808,427,381
050,13,157,"Georgia","Jackson County",4,20,888,467,421
050,13,157,"Georgia","Jackson County",4,21,848,422,426
050,13,157,"Georgia","Jackson County",4,22,898,445,453
050,13,157,"Georgia","Jackson County",4,23,962,497,465
050,13,157,"Georgia","Jackson County",4,24,955,482,473
050,13,157,"Georgia","Jackson County",4,25,895,428,467
050,13,157,"Georgia","Jackson County",4,26,998,481,517
050,13,157,"Georgia","Jackson County",4,27,983,490,493
050,13,157,"Georgia","Jackson County",4,28,1019,494,525
050,13,157,"Georgia","Jackson County",4,29,1075,533,542
050,13,157,"Georgia","Jackson County",4,30,1154,577,577
050,13,157,"Georgia","Jackson County",4,31,1182,566,616
050,13,157,"Georgia","Jackson County",4,32,1226,619,607
050,13,157,"Georgia","Jackson County",4,33,1189,592,597
050,13,157,"Georgia","Jackson County",4,34,1135,558,577
050,13,157,"Georgia","Jackson County",4,35,1199,589,610
050,13,157,"Georgia","Jackson County",4,36,1194,610,584
050,13,157,"Georgia","Jackson County",4,37,1258,614,644
050,13,157,"Georgia","Jackson County",4,38,1222,608,614
050,13,157,"Georgia","Jackson County",4,39,1153,550,603
050,13,157,"Georgia","Jackson County",4,40,1197,586,611
050,13,157,"Georgia","Jackson County",4,41,1223,612,611
050,13,157,"Georgia","Jackson County",4,42,1243,631,612
050,13,157,"Georgia","Jackson County",4,43,1195,605,590
050,13,157,"Georgia","Jackson County",4,44,1167,589,578
050,13,157,"Georgia","Jackson County",4,45,1119,571,548
050,13,157,"Georgia","Jackson County",4,46,1047,526,521
050,13,157,"Georgia","Jackson County",4,47,1070,526,544
050,13,157,"Georgia","Jackson County",4,48,1066,544,522
050,13,157,"Georgia","Jackson County",4,49,1126,577,549
050,13,157,"Georgia","Jackson County",4,50,1091,550,541
050,13,157,"Georgia","Jackson County",4,51,1185,612,573
050,13,157,"Georgia","Jackson County",4,52,1193,604,589
050,13,157,"Georgia","Jackson County",4,53,1102,545,557
050,13,157,"Georgia","Jackson County",4,54,1089,542,547
050,13,157,"Georgia","Jackson County",4,55,1054,523,531
050,13,157,"Georgia","Jackson County",4,56,1033,525,508
050,13,157,"Georgia","Jackson County",4,57,1101,575,526
050,13,157,"Georgia","Jackson County",4,58,1137,595,542
050,13,157,"Georgia","Jackson County",4,59,1061,526,535
050,13,157,"Georgia","Jackson County",4,60,1040,506,534
050,13,157,"Georgia","Jackson County",4,61,1018,477,541
050,13,157,"Georgia","Jackson County",4,62,946,466,480
050,13,157,"Georgia","Jackson County",4,63,932,463,469
050,13,157,"Georgia","Jackson County",4,64,949,473,476
050,13,157,"Georgia","Jackson County",4,65,887,415,472
050,13,157,"Georgia","Jackson County",4,66,857,418,439
050,13,157,"Georgia","Jackson County",4,67,823,393,430
050,13,157,"Georgia","Jackson County",4,68,814,399,415
050,13,157,"Georgia","Jackson County",4,69,754,354,400
050,13,157,"Georgia","Jackson County",4,70,704,348,356
050,13,157,"Georgia","Jackson County",4,71,652,293,359
050,13,157,"Georgia","Jackson County",4,72,648,276,372
050,13,157,"Georgia","Jackson County",4,73,631,271,360
050,13,157,"Georgia","Jackson County",4,74,633,298,335
050,13,157,"Georgia","Jackson County",4,75,675,316,359
050,13,157,"Georgia","Jackson County",4,76,472,211,261
050,13,157,"Georgia","Jackson County",4,77,424,190,234
050,13,157,"Georgia","Jackson County",4,78,419,188,231
050,13,157,"Georgia","Jackson County",4,79,459,206,253
050,13,157,"Georgia","Jackson County",4,80,388,164,224
050,13,157,"Georgia","Jackson County",4,81,309,133,176
050,13,157,"Georgia","Jackson County",4,82,289,120,169
050,13,157,"Georgia","Jackson County",4,83,270,111,159
050,13,157,"Georgia","Jackson County",4,84,215,99,116
050,13,157,"Georgia","Jackson County",4,85,937,341,596
050,13,157,"Georgia","Jackson County",5,0,1029,524,505
050,13,157,"Georgia","Jackson County",5,1,1125,559,566
050,13,157,"Georgia","Jackson County",5,2,1123,581,542
050,13,157,"Georgia","Jackson County",5,3,1098,564,534
050,13,157,"Georgia","Jackson County",5,4,1119,580,539
050,13,157,"Georgia","Jackson County",5,5,1201,618,583
050,13,157,"Georgia","Jackson County",5,6,1230,615,615
050,13,157,"Georgia","Jackson County",5,7,1194,591,603
050,13,157,"Georgia","Jackson County",5,8,1248,621,627
050,13,157,"Georgia","Jackson County",5,9,1286,669,617
050,13,157,"Georgia","Jackson County",5,10,1271,647,624
050,13,157,"Georgia","Jackson County",5,11,1290,664,626
050,13,157,"Georgia","Jackson County",5,12,1307,660,647
050,13,157,"Georgia","Jackson County",5,13,1324,702,622
050,13,157,"Georgia","Jackson County",5,14,1339,668,671
050,13,157,"Georgia","Jackson County",5,15,1395,714,681
050,13,157,"Georgia","Jackson County",5,16,1273,653,620
050,13,157,"Georgia","Jackson County",5,17,1299,668,631
050,13,157,"Georgia","Jackson County",5,18,1082,576,506
050,13,157,"Georgia","Jackson County",5,19,887,463,424
050,13,157,"Georgia","Jackson County",5,20,889,462,427
050,13,157,"Georgia","Jackson County",5,21,985,515,470
050,13,157,"Georgia","Jackson County",5,22,964,463,501
050,13,157,"Georgia","Jackson County",5,23,1001,480,521
050,13,157,"Georgia","Jackson County",5,24,1023,529,494
050,13,157,"Georgia","Jackson County",5,25,1041,545,496
050,13,157,"Georgia","Jackson County",5,26,992,482,510
050,13,157,"Georgia","Jackson County",5,27,1075,517,558
050,13,157,"Georgia","Jackson County",5,28,1062,524,538
050,13,157,"Georgia","Jackson County",5,29,1098,512,586
050,13,157,"Georgia","Jackson County",5,30,1137,567,570
050,13,157,"Georgia","Jackson County",5,31,1265,621,644
050,13,157,"Georgia","Jackson County",5,32,1304,642,662
050,13,157,"Georgia","Jackson County",5,33,1302,629,673
050,13,157,"Georgia","Jackson County",5,34,1277,636,641
050,13,157,"Georgia","Jackson County",5,35,1208,593,615
050,13,157,"Georgia","Jackson County",5,36,1327,639,688
050,13,157,"Georgia","Jackson County",5,37,1323,682,641
050,13,157,"Georgia","Jackson County",5,38,1310,638,672
050,13,157,"Georgia","Jackson County",5,39,1299,657,642
050,13,157,"Georgia","Jackson County",5,40,1251,621,630
050,13,157,"Georgia","Jackson County",5,41,1272,627,645
050,13,157,"Georgia","Jackson County",5,42,1275,635,640
050,13,157,"Georgia","Jackson County",5,43,1290,654,636
050,13,157,"Georgia","Jackson County",5,44,1233,634,599
050,13,157,"Georgia","Jackson County",5,45,1194,603,591
050,13,157,"Georgia","Jackson County",5,46,1140,578,562
050,13,157,"Georgia","Jackson County",5,47,1094,552,542
050,13,157,"Georgia","Jackson County",5,48,1100,537,563
050,13,157,"Georgia","Jackson County",5,49,1118,566,552
050,13,157,"Georgia","Jackson County",5,50,1162,588,574
050,13,157,"Georgia","Jackson County",5,51,1157,585,572
050,13,157,"Georgia","Jackson County",5,52,1220,614,606
050,13,157,"Georgia","Jackson County",5,53,1239,628,611
050,13,157,"Georgia","Jackson County",5,54,1117,544,573
050,13,157,"Georgia","Jackson County",5,55,1134,556,578
050,13,157,"Georgia","Jackson County",5,56,1101,553,548
050,13,157,"Georgia","Jackson County",5,57,1054,527,527
050,13,157,"Georgia","Jackson County",5,58,1122,588,534
050,13,157,"Georgia","Jackson County",5,59,1131,590,541
050,13,157,"Georgia","Jackson County",5,60,1095,540,555
050,13,157,"Georgia","Jackson County",5,61,1067,511,556
050,13,157,"Georgia","Jackson County",5,62,1062,502,560
050,13,157,"Georgia","Jackson County",5,63,976,495,481
050,13,157,"Georgia","Jackson County",5,64,962,463,499
050,13,157,"Georgia","Jackson County",5,65,945,467,478
050,13,157,"Georgia","Jackson County",5,66,886,407,479
050,13,157,"Georgia","Jackson County",5,67,873,420,453
050,13,157,"Georgia","Jackson County",5,68,856,414,442
050,13,157,"Georgia","Jackson County",5,69,836,401,435
050,13,157,"Georgia","Jackson County",5,70,768,356,412
050,13,157,"Georgia","Jackson County",5,71,701,347,354
050,13,157,"Georgia","Jackson County",5,72,647,289,358
050,13,157,"Georgia","Jackson County",5,73,645,276,369
050,13,157,"Georgia","Jackson County",5,74,620,269,351
050,13,157,"Georgia","Jackson County",5,75,635,296,339
050,13,157,"Georgia","Jackson County",5,76,677,314,363
050,13,157,"Georgia","Jackson County",5,77,463,209,254
050,13,157,"Georgia","Jackson County",5,78,408,177,231
050,13,157,"Georgia","Jackson County",5,79,408,179,229
050,13,157,"Georgia","Jackson County",5,80,441,197,244
050,13,157,"Georgia","Jackson County",5,81,378,157,221
050,13,157,"Georgia","Jackson County",5,82,291,119,172
050,13,157,"Georgia","Jackson County",5,83,261,102,159
050,13,157,"Georgia","Jackson County",5,84,255,111,144
050,13,157,"Georgia","Jackson County",5,85,1053,399,654
050,13,159,"Georgia","Jasper County",1,0,143,68,75
050,13,159,"Georgia","Jasper County",1,1,157,70,87
050,13,159,"Georgia","Jasper County",1,2,158,94,64
050,13,159,"Georgia","Jasper County",1,3,156,90,66
050,13,159,"Georgia","Jasper County",1,4,172,85,87
050,13,159,"Georgia","Jasper County",1,5,177,86,91
050,13,159,"Georgia","Jasper County",1,6,177,95,82
050,13,159,"Georgia","Jasper County",1,7,196,101,95
050,13,159,"Georgia","Jasper County",1,8,205,97,108
050,13,159,"Georgia","Jasper County",1,9,211,99,112
050,13,159,"Georgia","Jasper County",1,10,185,100,85
050,13,159,"Georgia","Jasper County",1,11,198,103,95
050,13,159,"Georgia","Jasper County",1,12,213,118,95
050,13,159,"Georgia","Jasper County",1,13,248,147,101
050,13,159,"Georgia","Jasper County",1,14,211,112,99
050,13,159,"Georgia","Jasper County",1,15,218,114,104
050,13,159,"Georgia","Jasper County",1,16,201,106,95
050,13,159,"Georgia","Jasper County",1,17,219,116,103
050,13,159,"Georgia","Jasper County",1,18,176,99,77
050,13,159,"Georgia","Jasper County",1,19,144,77,67
050,13,159,"Georgia","Jasper County",1,20,158,81,77
050,13,159,"Georgia","Jasper County",1,21,144,73,71
050,13,159,"Georgia","Jasper County",1,22,148,78,70
050,13,159,"Georgia","Jasper County",1,23,141,68,73
050,13,159,"Georgia","Jasper County",1,24,159,84,75
050,13,159,"Georgia","Jasper County",1,25,140,72,68
050,13,159,"Georgia","Jasper County",1,26,152,88,64
050,13,159,"Georgia","Jasper County",1,27,148,73,75
050,13,159,"Georgia","Jasper County",1,28,167,73,94
050,13,159,"Georgia","Jasper County",1,29,159,74,85
050,13,159,"Georgia","Jasper County",1,30,163,76,87
050,13,159,"Georgia","Jasper County",1,31,178,89,89
050,13,159,"Georgia","Jasper County",1,32,180,86,94
050,13,159,"Georgia","Jasper County",1,33,176,78,98
050,13,159,"Georgia","Jasper County",1,34,180,91,89
050,13,159,"Georgia","Jasper County",1,35,178,84,94
050,13,159,"Georgia","Jasper County",1,36,159,79,80
050,13,159,"Georgia","Jasper County",1,37,177,82,95
050,13,159,"Georgia","Jasper County",1,38,186,93,93
050,13,159,"Georgia","Jasper County",1,39,190,88,102
050,13,159,"Georgia","Jasper County",1,40,172,86,86
050,13,159,"Georgia","Jasper County",1,41,147,62,85
050,13,159,"Georgia","Jasper County",1,42,149,76,73
050,13,159,"Georgia","Jasper County",1,43,155,87,68
050,13,159,"Georgia","Jasper County",1,44,179,95,84
050,13,159,"Georgia","Jasper County",1,45,176,88,88
050,13,159,"Georgia","Jasper County",1,46,174,84,90
050,13,159,"Georgia","Jasper County",1,47,181,84,97
050,13,159,"Georgia","Jasper County",1,48,201,90,111
050,13,159,"Georgia","Jasper County",1,49,217,104,113
050,13,159,"Georgia","Jasper County",1,50,223,112,111
050,13,159,"Georgia","Jasper County",1,51,189,94,95
050,13,159,"Georgia","Jasper County",1,52,207,111,96
050,13,159,"Georgia","Jasper County",1,53,240,129,111
050,13,159,"Georgia","Jasper County",1,54,216,124,92
050,13,159,"Georgia","Jasper County",1,55,211,107,104
050,13,159,"Georgia","Jasper County",1,56,227,115,112
050,13,159,"Georgia","Jasper County",1,57,208,106,102
050,13,159,"Georgia","Jasper County",1,58,229,109,120
050,13,159,"Georgia","Jasper County",1,59,225,104,121
050,13,159,"Georgia","Jasper County",1,60,220,108,112
050,13,159,"Georgia","Jasper County",1,61,209,102,107
050,13,159,"Georgia","Jasper County",1,62,218,110,108
050,13,159,"Georgia","Jasper County",1,63,201,103,98
050,13,159,"Georgia","Jasper County",1,64,205,98,107
050,13,159,"Georgia","Jasper County",1,65,198,82,116
050,13,159,"Georgia","Jasper County",1,66,186,88,98
050,13,159,"Georgia","Jasper County",1,67,157,74,83
050,13,159,"Georgia","Jasper County",1,68,148,69,79
050,13,159,"Georgia","Jasper County",1,69,161,70,91
050,13,159,"Georgia","Jasper County",1,70,174,81,93
050,13,159,"Georgia","Jasper County",1,71,165,76,89
050,13,159,"Georgia","Jasper County",1,72,167,82,85
050,13,159,"Georgia","Jasper County",1,73,151,71,80
050,13,159,"Georgia","Jasper County",1,74,110,49,61
050,13,159,"Georgia","Jasper County",1,75,98,49,49
050,13,159,"Georgia","Jasper County",1,76,95,44,51
050,13,159,"Georgia","Jasper County",1,77,94,45,49
050,13,159,"Georgia","Jasper County",1,78,76,32,44
050,13,159,"Georgia","Jasper County",1,79,71,31,40
050,13,159,"Georgia","Jasper County",1,80,76,33,43
050,13,159,"Georgia","Jasper County",1,81,52,22,30
050,13,159,"Georgia","Jasper County",1,82,50,24,26
050,13,159,"Georgia","Jasper County",1,83,51,22,29
050,13,159,"Georgia","Jasper County",1,84,51,19,32
050,13,159,"Georgia","Jasper County",1,85,232,82,150
050,13,159,"Georgia","Jasper County",2,0,140,69,71
050,13,159,"Georgia","Jasper County",2,1,153,72,81
050,13,159,"Georgia","Jasper County",2,2,158,89,69
050,13,159,"Georgia","Jasper County",2,3,155,89,66
050,13,159,"Georgia","Jasper County",2,4,172,87,85
050,13,159,"Georgia","Jasper County",2,5,180,88,92
050,13,159,"Georgia","Jasper County",2,6,179,93,86
050,13,159,"Georgia","Jasper County",2,7,193,100,93
050,13,159,"Georgia","Jasper County",2,8,205,99,106
050,13,159,"Georgia","Jasper County",2,9,209,99,110
050,13,159,"Georgia","Jasper County",2,10,191,100,91
050,13,159,"Georgia","Jasper County",2,11,197,102,95
050,13,159,"Georgia","Jasper County",2,12,215,118,97
050,13,159,"Georgia","Jasper County",2,13,240,140,100
050,13,159,"Georgia","Jasper County",2,14,219,121,98
050,13,159,"Georgia","Jasper County",2,15,217,115,102
050,13,159,"Georgia","Jasper County",2,16,207,109,98
050,13,159,"Georgia","Jasper County",2,17,216,114,102
050,13,159,"Georgia","Jasper County",2,18,177,98,79
050,13,159,"Georgia","Jasper County",2,19,145,78,67
050,13,159,"Georgia","Jasper County",2,20,159,82,77
050,13,159,"Georgia","Jasper County",2,21,147,76,71
050,13,159,"Georgia","Jasper County",2,22,145,75,70
050,13,159,"Georgia","Jasper County",2,23,144,72,72
050,13,159,"Georgia","Jasper County",2,24,156,81,75
050,13,159,"Georgia","Jasper County",2,25,144,75,69
050,13,159,"Georgia","Jasper County",2,26,148,83,65
050,13,159,"Georgia","Jasper County",2,27,149,76,73
050,13,159,"Georgia","Jasper County",2,28,164,74,90
050,13,159,"Georgia","Jasper County",2,29,163,75,88
050,13,159,"Georgia","Jasper County",2,30,166,77,89
050,13,159,"Georgia","Jasper County",2,31,179,89,90
050,13,159,"Georgia","Jasper County",2,32,182,88,94
050,13,159,"Georgia","Jasper County",2,33,183,83,100
050,13,159,"Georgia","Jasper County",2,34,181,89,92
050,13,159,"Georgia","Jasper County",2,35,180,87,93
050,13,159,"Georgia","Jasper County",2,36,164,82,82
050,13,159,"Georgia","Jasper County",2,37,172,81,91
050,13,159,"Georgia","Jasper County",2,38,186,91,95
050,13,159,"Georgia","Jasper County",2,39,190,90,100
050,13,159,"Georgia","Jasper County",2,40,180,88,92
050,13,159,"Georgia","Jasper County",2,41,153,68,85
050,13,159,"Georgia","Jasper County",2,42,148,73,75
050,13,159,"Georgia","Jasper County",2,43,156,85,71
050,13,159,"Georgia","Jasper County",2,44,176,95,81
050,13,159,"Georgia","Jasper County",2,45,180,92,88
050,13,159,"Georgia","Jasper County",2,46,175,85,90
050,13,159,"Georgia","Jasper County",2,47,181,85,96
050,13,159,"Georgia","Jasper County",2,48,198,90,108
050,13,159,"Georgia","Jasper County",2,49,219,104,115
050,13,159,"Georgia","Jasper County",2,50,223,110,113
050,13,159,"Georgia","Jasper County",2,51,200,101,99
050,13,159,"Georgia","Jasper County",2,52,206,108,98
050,13,159,"Georgia","Jasper County",2,53,235,128,107
050,13,159,"Georgia","Jasper County",2,54,222,125,97
050,13,159,"Georgia","Jasper County",2,55,213,111,102
050,13,159,"Georgia","Jasper County",2,56,225,114,111
050,13,159,"Georgia","Jasper County",2,57,213,108,105
050,13,159,"Georgia","Jasper County",2,58,221,107,114
050,13,159,"Georgia","Jasper County",2,59,224,104,120
050,13,159,"Georgia","Jasper County",2,60,220,106,114
050,13,159,"Georgia","Jasper County",2,61,210,103,107
050,13,159,"Georgia","Jasper County",2,62,215,108,107
050,13,159,"Georgia","Jasper County",2,63,207,106,101
050,13,159,"Georgia","Jasper County",2,64,202,98,104
050,13,159,"Georgia","Jasper County",2,65,200,85,115
050,13,159,"Georgia","Jasper County",2,66,191,87,104
050,13,159,"Georgia","Jasper County",2,67,165,77,88
050,13,159,"Georgia","Jasper County",2,68,149,70,79
050,13,159,"Georgia","Jasper County",2,69,158,68,90
050,13,159,"Georgia","Jasper County",2,70,167,76,91
050,13,159,"Georgia","Jasper County",2,71,166,76,90
050,13,159,"Georgia","Jasper County",2,72,161,79,82
050,13,159,"Georgia","Jasper County",2,73,162,77,85
050,13,159,"Georgia","Jasper County",2,74,110,49,61
050,13,159,"Georgia","Jasper County",2,75,100,48,52
050,13,159,"Georgia","Jasper County",2,76,94,44,50
050,13,159,"Georgia","Jasper County",2,77,96,45,51
050,13,159,"Georgia","Jasper County",2,78,78,33,45
050,13,159,"Georgia","Jasper County",2,79,72,31,41
050,13,159,"Georgia","Jasper County",2,80,76,32,44
050,13,159,"Georgia","Jasper County",2,81,53,21,32
050,13,159,"Georgia","Jasper County",2,82,51,23,28
050,13,159,"Georgia","Jasper County",2,83,50,24,26
050,13,159,"Georgia","Jasper County",2,84,52,20,32
050,13,159,"Georgia","Jasper County",2,85,239,83,156
050,13,159,"Georgia","Jasper County",3,0,158,85,73
050,13,159,"Georgia","Jasper County",3,1,169,87,82
050,13,159,"Georgia","Jasper County",3,2,167,81,86
050,13,159,"Georgia","Jasper County",3,3,179,95,84
050,13,159,"Georgia","Jasper County",3,4,179,104,75
050,13,159,"Georgia","Jasper County",3,5,184,95,89
050,13,159,"Georgia","Jasper County",3,6,192,94,98
050,13,159,"Georgia","Jasper County",3,7,184,92,92
050,13,159,"Georgia","Jasper County",3,8,199,101,98
050,13,159,"Georgia","Jasper County",3,9,204,104,100
050,13,159,"Georgia","Jasper County",3,10,221,104,117
050,13,159,"Georgia","Jasper County",3,11,201,103,98
050,13,159,"Georgia","Jasper County",3,12,223,114,109
050,13,159,"Georgia","Jasper County",3,13,216,123,93
050,13,159,"Georgia","Jasper County",3,14,251,147,104
050,13,159,"Georgia","Jasper County",3,15,225,118,107
050,13,159,"Georgia","Jasper County",3,16,214,115,99
050,13,159,"Georgia","Jasper County",3,17,218,117,101
050,13,159,"Georgia","Jasper County",3,18,195,102,93
050,13,159,"Georgia","Jasper County",3,19,150,83,67
050,13,159,"Georgia","Jasper County",3,20,164,91,73
050,13,159,"Georgia","Jasper County",3,21,167,81,86
050,13,159,"Georgia","Jasper County",3,22,165,86,79
050,13,159,"Georgia","Jasper County",3,23,167,92,75
050,13,159,"Georgia","Jasper County",3,24,168,81,87
050,13,159,"Georgia","Jasper County",3,25,188,98,90
050,13,159,"Georgia","Jasper County",3,26,165,81,84
050,13,159,"Georgia","Jasper County",3,27,165,84,81
050,13,159,"Georgia","Jasper County",3,28,170,91,79
050,13,159,"Georgia","Jasper County",3,29,191,92,99
050,13,159,"Georgia","Jasper County",3,30,183,84,99
050,13,159,"Georgia","Jasper County",3,31,167,73,94
050,13,159,"Georgia","Jasper County",3,32,201,106,95
050,13,159,"Georgia","Jasper County",3,33,196,87,109
050,13,159,"Georgia","Jasper County",3,34,193,86,107
050,13,159,"Georgia","Jasper County",3,35,179,82,97
050,13,159,"Georgia","Jasper County",3,36,192,93,99
050,13,159,"Georgia","Jasper County",3,37,180,83,97
050,13,159,"Georgia","Jasper County",3,38,177,84,93
050,13,159,"Georgia","Jasper County",3,39,186,91,95
050,13,159,"Georgia","Jasper County",3,40,204,97,107
050,13,159,"Georgia","Jasper County",3,41,184,91,93
050,13,159,"Georgia","Jasper County",3,42,168,79,89
050,13,159,"Georgia","Jasper County",3,43,164,84,80
050,13,159,"Georgia","Jasper County",3,44,161,87,74
050,13,159,"Georgia","Jasper County",3,45,179,103,76
050,13,159,"Georgia","Jasper County",3,46,182,92,90
050,13,159,"Georgia","Jasper County",3,47,196,94,102
050,13,159,"Georgia","Jasper County",3,48,182,88,94
050,13,159,"Georgia","Jasper County",3,49,198,92,106
050,13,159,"Georgia","Jasper County",3,50,222,106,116
050,13,159,"Georgia","Jasper County",3,51,225,113,112
050,13,159,"Georgia","Jasper County",3,52,212,110,102
050,13,159,"Georgia","Jasper County",3,53,213,107,106
050,13,159,"Georgia","Jasper County",3,54,238,124,114
050,13,159,"Georgia","Jasper County",3,55,225,125,100
050,13,159,"Georgia","Jasper County",3,56,216,112,104
050,13,159,"Georgia","Jasper County",3,57,227,113,114
050,13,159,"Georgia","Jasper County",3,58,215,105,110
050,13,159,"Georgia","Jasper County",3,59,218,108,110
050,13,159,"Georgia","Jasper County",3,60,230,105,125
050,13,159,"Georgia","Jasper County",3,61,220,107,113
050,13,159,"Georgia","Jasper County",3,62,216,104,112
050,13,159,"Georgia","Jasper County",3,63,232,117,115
050,13,159,"Georgia","Jasper County",3,64,206,101,105
050,13,159,"Georgia","Jasper County",3,65,200,99,101
050,13,159,"Georgia","Jasper County",3,66,199,86,113
050,13,159,"Georgia","Jasper County",3,67,187,89,98
050,13,159,"Georgia","Jasper County",3,68,161,75,86
050,13,159,"Georgia","Jasper County",3,69,141,67,74
050,13,159,"Georgia","Jasper County",3,70,153,61,92
050,13,159,"Georgia","Jasper County",3,71,165,72,93
050,13,159,"Georgia","Jasper County",3,72,164,76,88
050,13,159,"Georgia","Jasper County",3,73,146,66,80
050,13,159,"Georgia","Jasper County",3,74,147,65,82
050,13,159,"Georgia","Jasper County",3,75,105,47,58
050,13,159,"Georgia","Jasper County",3,76,94,45,49
050,13,159,"Georgia","Jasper County",3,77,95,43,52
050,13,159,"Georgia","Jasper County",3,78,87,39,48
050,13,159,"Georgia","Jasper County",3,79,76,33,43
050,13,159,"Georgia","Jasper County",3,80,64,27,37
050,13,159,"Georgia","Jasper County",3,81,66,26,40
050,13,159,"Georgia","Jasper County",3,82,52,20,32
050,13,159,"Georgia","Jasper County",3,83,46,22,24
050,13,159,"Georgia","Jasper County",3,84,46,20,26
050,13,159,"Georgia","Jasper County",3,85,243,90,153
050,13,159,"Georgia","Jasper County",4,0,177,101,76
050,13,159,"Georgia","Jasper County",4,1,171,89,82
050,13,159,"Georgia","Jasper County",4,2,180,96,84
050,13,159,"Georgia","Jasper County",4,3,175,86,89
050,13,159,"Georgia","Jasper County",4,4,187,98,89
050,13,159,"Georgia","Jasper County",4,5,189,111,78
050,13,159,"Georgia","Jasper County",4,6,195,102,93
050,13,159,"Georgia","Jasper County",4,7,204,100,104
050,13,159,"Georgia","Jasper County",4,8,187,92,95
050,13,159,"Georgia","Jasper County",4,9,215,104,111
050,13,159,"Georgia","Jasper County",4,10,221,110,111
050,13,159,"Georgia","Jasper County",4,11,238,113,125
050,13,159,"Georgia","Jasper County",4,12,221,116,105
050,13,159,"Georgia","Jasper County",4,13,236,125,111
050,13,159,"Georgia","Jasper County",4,14,231,129,102
050,13,159,"Georgia","Jasper County",4,15,260,148,112
050,13,159,"Georgia","Jasper County",4,16,236,128,108
050,13,159,"Georgia","Jasper County",4,17,222,122,100
050,13,159,"Georgia","Jasper County",4,18,185,99,86
050,13,159,"Georgia","Jasper County",4,19,160,82,78
050,13,159,"Georgia","Jasper County",4,20,151,86,65
050,13,159,"Georgia","Jasper County",4,21,180,93,87
050,13,159,"Georgia","Jasper County",4,22,186,92,94
050,13,159,"Georgia","Jasper County",4,23,181,93,88
050,13,159,"Georgia","Jasper County",4,24,163,87,76
050,13,159,"Georgia","Jasper County",4,25,177,84,93
050,13,159,"Georgia","Jasper County",4,26,204,97,107
050,13,159,"Georgia","Jasper County",4,27,184,89,95
050,13,159,"Georgia","Jasper County",4,28,180,93,87
050,13,159,"Georgia","Jasper County",4,29,195,103,92
050,13,159,"Georgia","Jasper County",4,30,213,102,111
050,13,159,"Georgia","Jasper County",4,31,193,84,109
050,13,159,"Georgia","Jasper County",4,32,179,76,103
050,13,159,"Georgia","Jasper County",4,33,215,110,105
050,13,159,"Georgia","Jasper County",4,34,203,93,110
050,13,159,"Georgia","Jasper County",4,35,201,95,106
050,13,159,"Georgia","Jasper County",4,36,180,85,95
050,13,159,"Georgia","Jasper County",4,37,198,98,100
050,13,159,"Georgia","Jasper County",4,38,180,88,92
050,13,159,"Georgia","Jasper County",4,39,183,87,96
050,13,159,"Georgia","Jasper County",4,40,204,100,104
050,13,159,"Georgia","Jasper County",4,41,210,104,106
050,13,159,"Georgia","Jasper County",4,42,197,93,104
050,13,159,"Georgia","Jasper County",4,43,170,83,87
050,13,159,"Georgia","Jasper County",4,44,184,94,90
050,13,159,"Georgia","Jasper County",4,45,178,96,82
050,13,159,"Georgia","Jasper County",4,46,180,103,77
050,13,159,"Georgia","Jasper County",4,47,199,103,96
050,13,159,"Georgia","Jasper County",4,48,206,100,106
050,13,159,"Georgia","Jasper County",4,49,192,96,96
050,13,159,"Georgia","Jasper County",4,50,212,99,113
050,13,159,"Georgia","Jasper County",4,51,231,111,120
050,13,159,"Georgia","Jasper County",4,52,237,120,117
050,13,159,"Georgia","Jasper County",4,53,228,119,109
050,13,159,"Georgia","Jasper County",4,54,232,111,121
050,13,159,"Georgia","Jasper County",4,55,244,123,121
050,13,159,"Georgia","Jasper County",4,56,221,123,98
050,13,159,"Georgia","Jasper County",4,57,216,109,107
050,13,159,"Georgia","Jasper County",4,58,228,115,113
050,13,159,"Georgia","Jasper County",4,59,229,108,121
050,13,159,"Georgia","Jasper County",4,60,228,112,116
050,13,159,"Georgia","Jasper County",4,61,240,113,127
050,13,159,"Georgia","Jasper County",4,62,228,112,116
050,13,159,"Georgia","Jasper County",4,63,237,109,128
050,13,159,"Georgia","Jasper County",4,64,234,127,107
050,13,159,"Georgia","Jasper County",4,65,212,102,110
050,13,159,"Georgia","Jasper County",4,66,202,100,102
050,13,159,"Georgia","Jasper County",4,67,195,85,110
050,13,159,"Georgia","Jasper County",4,68,192,93,99
050,13,159,"Georgia","Jasper County",4,69,162,75,87
050,13,159,"Georgia","Jasper County",4,70,145,68,77
050,13,159,"Georgia","Jasper County",4,71,157,60,97
050,13,159,"Georgia","Jasper County",4,72,168,74,94
050,13,159,"Georgia","Jasper County",4,73,160,73,87
050,13,159,"Georgia","Jasper County",4,74,142,63,79
050,13,159,"Georgia","Jasper County",4,75,143,62,81
050,13,159,"Georgia","Jasper County",4,76,104,47,57
050,13,159,"Georgia","Jasper County",4,77,92,44,48
050,13,159,"Georgia","Jasper County",4,78,90,39,51
050,13,159,"Georgia","Jasper County",4,79,81,36,45
050,13,159,"Georgia","Jasper County",4,80,75,34,41
050,13,159,"Georgia","Jasper County",4,81,57,24,33
050,13,159,"Georgia","Jasper County",4,82,62,23,39
050,13,159,"Georgia","Jasper County",4,83,48,20,28
050,13,159,"Georgia","Jasper County",4,84,40,18,22
050,13,159,"Georgia","Jasper County",4,85,251,99,152
050,13,159,"Georgia","Jasper County",5,0,180,105,75
050,13,159,"Georgia","Jasper County",5,1,173,101,72
050,13,159,"Georgia","Jasper County",5,2,170,89,81
050,13,159,"Georgia","Jasper County",5,3,181,95,86
050,13,159,"Georgia","Jasper County",5,4,180,86,94
050,13,159,"Georgia","Jasper County",5,5,209,109,100
050,13,159,"Georgia","Jasper County",5,6,194,113,81
050,13,159,"Georgia","Jasper County",5,7,210,106,104
050,13,159,"Georgia","Jasper County",5,8,209,104,105
050,13,159,"Georgia","Jasper County",5,9,218,109,109
050,13,159,"Georgia","Jasper County",5,10,237,110,127
050,13,159,"Georgia","Jasper County",5,11,237,113,124
050,13,159,"Georgia","Jasper County",5,12,248,120,128
050,13,159,"Georgia","Jasper County",5,13,233,130,103
050,13,159,"Georgia","Jasper County",5,14,252,130,122
050,13,159,"Georgia","Jasper County",5,15,242,132,110
050,13,159,"Georgia","Jasper County",5,16,264,148,116
050,13,159,"Georgia","Jasper County",5,17,243,127,116
050,13,159,"Georgia","Jasper County",5,18,200,112,88
050,13,159,"Georgia","Jasper County",5,19,146,79,67
050,13,159,"Georgia","Jasper County",5,20,170,86,84
050,13,159,"Georgia","Jasper County",5,21,164,93,71
050,13,159,"Georgia","Jasper County",5,22,204,107,97
050,13,159,"Georgia","Jasper County",5,23,205,104,101
050,13,159,"Georgia","Jasper County",5,24,182,87,95
050,13,159,"Georgia","Jasper County",5,25,178,99,79
050,13,159,"Georgia","Jasper County",5,26,178,82,96
050,13,159,"Georgia","Jasper County",5,27,200,93,107
050,13,159,"Georgia","Jasper County",5,28,196,101,95
050,13,159,"Georgia","Jasper County",5,29,181,91,90
050,13,159,"Georgia","Jasper County",5,30,199,105,94
050,13,159,"Georgia","Jasper County",5,31,221,106,115
050,13,159,"Georgia","Jasper County",5,32,194,83,111
050,13,159,"Georgia","Jasper County",5,33,183,79,104
050,13,159,"Georgia","Jasper County",5,34,215,109,106
050,13,159,"Georgia","Jasper County",5,35,208,98,110
050,13,159,"Georgia","Jasper County",5,36,218,103,115
050,13,159,"Georgia","Jasper County",5,37,185,93,92
050,13,159,"Georgia","Jasper County",5,38,207,101,106
050,13,159,"Georgia","Jasper County",5,39,189,96,93
050,13,159,"Georgia","Jasper County",5,40,187,91,96
050,13,159,"Georgia","Jasper County",5,41,204,100,104
050,13,159,"Georgia","Jasper County",5,42,218,105,113
050,13,159,"Georgia","Jasper County",5,43,202,103,99
050,13,159,"Georgia","Jasper County",5,44,187,90,97
050,13,159,"Georgia","Jasper County",5,45,187,97,90
050,13,159,"Georgia","Jasper County",5,46,181,96,85
050,13,159,"Georgia","Jasper County",5,47,181,103,78
050,13,159,"Georgia","Jasper County",5,48,199,104,95
050,13,159,"Georgia","Jasper County",5,49,217,109,108
050,13,159,"Georgia","Jasper County",5,50,202,98,104
050,13,159,"Georgia","Jasper County",5,51,224,103,121
050,13,159,"Georgia","Jasper County",5,52,236,113,123
050,13,159,"Georgia","Jasper County",5,53,245,120,125
050,13,159,"Georgia","Jasper County",5,54,228,123,105
050,13,159,"Georgia","Jasper County",5,55,236,109,127
050,13,159,"Georgia","Jasper County",5,56,252,129,123
050,13,159,"Georgia","Jasper County",5,57,225,125,100
050,13,159,"Georgia","Jasper County",5,58,212,108,104
050,13,159,"Georgia","Jasper County",5,59,223,109,114
050,13,159,"Georgia","Jasper County",5,60,229,105,124
050,13,159,"Georgia","Jasper County",5,61,234,114,120
050,13,159,"Georgia","Jasper County",5,62,230,107,123
050,13,159,"Georgia","Jasper County",5,63,239,116,123
050,13,159,"Georgia","Jasper County",5,64,237,111,126
050,13,159,"Georgia","Jasper County",5,65,237,126,111
050,13,159,"Georgia","Jasper County",5,66,210,100,110
050,13,159,"Georgia","Jasper County",5,67,203,104,99
050,13,159,"Georgia","Jasper County",5,68,196,87,109
050,13,159,"Georgia","Jasper County",5,69,192,92,100
050,13,159,"Georgia","Jasper County",5,70,162,74,88
050,13,159,"Georgia","Jasper County",5,71,148,65,83
050,13,159,"Georgia","Jasper County",5,72,159,58,101
050,13,159,"Georgia","Jasper County",5,73,164,69,95
050,13,159,"Georgia","Jasper County",5,74,150,67,83
050,13,159,"Georgia","Jasper County",5,75,139,62,77
050,13,159,"Georgia","Jasper County",5,76,137,61,76
050,13,159,"Georgia","Jasper County",5,77,103,45,58
050,13,159,"Georgia","Jasper County",5,78,89,42,47
050,13,159,"Georgia","Jasper County",5,79,88,37,51
050,13,159,"Georgia","Jasper County",5,80,79,34,45
050,13,159,"Georgia","Jasper County",5,81,67,30,37
050,13,159,"Georgia","Jasper County",5,82,52,21,31
050,13,159,"Georgia","Jasper County",5,83,59,23,36
050,13,159,"Georgia","Jasper County",5,84,45,17,28
050,13,159,"Georgia","Jasper County",5,85,258,106,152
050,13,161,"Georgia","Jeff Davis County",1,0,186,95,91
050,13,161,"Georgia","Jeff Davis County",1,1,189,92,97
050,13,161,"Georgia","Jeff Davis County",1,2,198,110,88
050,13,161,"Georgia","Jeff Davis County",1,3,205,112,93
050,13,161,"Georgia","Jeff Davis County",1,4,197,97,100
050,13,161,"Georgia","Jeff Davis County",1,5,204,96,108
050,13,161,"Georgia","Jeff Davis County",1,6,214,112,102
050,13,161,"Georgia","Jeff Davis County",1,7,204,99,105
050,13,161,"Georgia","Jeff Davis County",1,8,223,117,106
050,13,161,"Georgia","Jeff Davis County",1,9,213,116,97
050,13,161,"Georgia","Jeff Davis County",1,10,228,114,114
050,13,161,"Georgia","Jeff Davis County",1,11,240,125,115
050,13,161,"Georgia","Jeff Davis County",1,12,246,124,122
050,13,161,"Georgia","Jeff Davis County",1,13,247,133,114
050,13,161,"Georgia","Jeff Davis County",1,14,226,116,110
050,13,161,"Georgia","Jeff Davis County",1,15,228,110,118
050,13,161,"Georgia","Jeff Davis County",1,16,239,123,116
050,13,161,"Georgia","Jeff Davis County",1,17,218,112,106
050,13,161,"Georgia","Jeff Davis County",1,18,207,111,96
050,13,161,"Georgia","Jeff Davis County",1,19,176,91,85
050,13,161,"Georgia","Jeff Davis County",1,20,173,87,86
050,13,161,"Georgia","Jeff Davis County",1,21,182,92,90
050,13,161,"Georgia","Jeff Davis County",1,22,187,83,104
050,13,161,"Georgia","Jeff Davis County",1,23,166,83,83
050,13,161,"Georgia","Jeff Davis County",1,24,174,85,89
050,13,161,"Georgia","Jeff Davis County",1,25,173,83,90
050,13,161,"Georgia","Jeff Davis County",1,26,181,93,88
050,13,161,"Georgia","Jeff Davis County",1,27,164,79,85
050,13,161,"Georgia","Jeff Davis County",1,28,152,61,91
050,13,161,"Georgia","Jeff Davis County",1,29,164,69,95
050,13,161,"Georgia","Jeff Davis County",1,30,179,83,96
050,13,161,"Georgia","Jeff Davis County",1,31,183,88,95
050,13,161,"Georgia","Jeff Davis County",1,32,191,102,89
050,13,161,"Georgia","Jeff Davis County",1,33,159,72,87
050,13,161,"Georgia","Jeff Davis County",1,34,181,98,83
050,13,161,"Georgia","Jeff Davis County",1,35,193,99,94
050,13,161,"Georgia","Jeff Davis County",1,36,190,102,88
050,13,161,"Georgia","Jeff Davis County",1,37,173,90,83
050,13,161,"Georgia","Jeff Davis County",1,38,177,87,90
050,13,161,"Georgia","Jeff Davis County",1,39,183,85,98
050,13,161,"Georgia","Jeff Davis County",1,40,167,82,85
050,13,161,"Georgia","Jeff Davis County",1,41,174,77,97
050,13,161,"Georgia","Jeff Davis County",1,42,184,85,99
050,13,161,"Georgia","Jeff Davis County",1,43,189,89,100
050,13,161,"Georgia","Jeff Davis County",1,44,180,86,94
050,13,161,"Georgia","Jeff Davis County",1,45,182,95,87
050,13,161,"Georgia","Jeff Davis County",1,46,189,100,89
050,13,161,"Georgia","Jeff Davis County",1,47,201,104,97
050,13,161,"Georgia","Jeff Davis County",1,48,209,103,106
050,13,161,"Georgia","Jeff Davis County",1,49,190,88,102
050,13,161,"Georgia","Jeff Davis County",1,50,189,96,93
050,13,161,"Georgia","Jeff Davis County",1,51,174,92,82
050,13,161,"Georgia","Jeff Davis County",1,52,182,96,86
050,13,161,"Georgia","Jeff Davis County",1,53,197,110,87
050,13,161,"Georgia","Jeff Davis County",1,54,182,101,81
050,13,161,"Georgia","Jeff Davis County",1,55,197,104,93
050,13,161,"Georgia","Jeff Davis County",1,56,211,118,93
050,13,161,"Georgia","Jeff Davis County",1,57,207,105,102
050,13,161,"Georgia","Jeff Davis County",1,58,192,98,94
050,13,161,"Georgia","Jeff Davis County",1,59,186,103,83
050,13,161,"Georgia","Jeff Davis County",1,60,191,90,101
050,13,161,"Georgia","Jeff Davis County",1,61,196,108,88
050,13,161,"Georgia","Jeff Davis County",1,62,174,92,82
050,13,161,"Georgia","Jeff Davis County",1,63,172,78,94
050,13,161,"Georgia","Jeff Davis County",1,64,155,75,80
050,13,161,"Georgia","Jeff Davis County",1,65,154,80,74
050,13,161,"Georgia","Jeff Davis County",1,66,160,73,87
050,13,161,"Georgia","Jeff Davis County",1,67,141,62,79
050,13,161,"Georgia","Jeff Davis County",1,68,140,65,75
050,13,161,"Georgia","Jeff Davis County",1,69,121,52,69
050,13,161,"Georgia","Jeff Davis County",1,70,143,64,79
050,13,161,"Georgia","Jeff Davis County",1,71,149,72,77
050,13,161,"Georgia","Jeff Davis County",1,72,140,77,63
050,13,161,"Georgia","Jeff Davis County",1,73,139,69,70
050,13,161,"Georgia","Jeff Davis County",1,74,114,55,59
050,13,161,"Georgia","Jeff Davis County",1,75,100,49,51
050,13,161,"Georgia","Jeff Davis County",1,76,96,49,47
050,13,161,"Georgia","Jeff Davis County",1,77,92,46,46
050,13,161,"Georgia","Jeff Davis County",1,78,77,32,45
050,13,161,"Georgia","Jeff Davis County",1,79,79,28,51
050,13,161,"Georgia","Jeff Davis County",1,80,67,35,32
050,13,161,"Georgia","Jeff Davis County",1,81,69,33,36
050,13,161,"Georgia","Jeff Davis County",1,82,58,25,33
050,13,161,"Georgia","Jeff Davis County",1,83,50,21,29
050,13,161,"Georgia","Jeff Davis County",1,84,40,16,24
050,13,161,"Georgia","Jeff Davis County",1,85,165,63,102
050,13,161,"Georgia","Jeff Davis County",2,0,185,91,94
050,13,161,"Georgia","Jeff Davis County",2,1,190,94,96
050,13,161,"Georgia","Jeff Davis County",2,2,198,106,92
050,13,161,"Georgia","Jeff Davis County",2,3,204,110,94
050,13,161,"Georgia","Jeff Davis County",2,4,200,100,100
050,13,161,"Georgia","Jeff Davis County",2,5,200,96,104
050,13,161,"Georgia","Jeff Davis County",2,6,211,107,104
050,13,161,"Georgia","Jeff Davis County",2,7,205,102,103
050,13,161,"Georgia","Jeff Davis County",2,8,220,115,105
050,13,161,"Georgia","Jeff Davis County",2,9,217,118,99
050,13,161,"Georgia","Jeff Davis County",2,10,223,115,108
050,13,161,"Georgia","Jeff Davis County",2,11,236,122,114
050,13,161,"Georgia","Jeff Davis County",2,12,248,126,122
050,13,161,"Georgia","Jeff Davis County",2,13,248,131,117
050,13,161,"Georgia","Jeff Davis County",2,14,230,119,111
050,13,161,"Georgia","Jeff Davis County",2,15,227,112,115
050,13,161,"Georgia","Jeff Davis County",2,16,238,121,117
050,13,161,"Georgia","Jeff Davis County",2,17,224,115,109
050,13,161,"Georgia","Jeff Davis County",2,18,201,107,94
050,13,161,"Georgia","Jeff Davis County",2,19,177,93,84
050,13,161,"Georgia","Jeff Davis County",2,20,179,90,89
050,13,161,"Georgia","Jeff Davis County",2,21,182,92,90
050,13,161,"Georgia","Jeff Davis County",2,22,189,86,103
050,13,161,"Georgia","Jeff Davis County",2,23,174,84,90
050,13,161,"Georgia","Jeff Davis County",2,24,173,85,88
050,13,161,"Georgia","Jeff Davis County",2,25,175,85,90
050,13,161,"Georgia","Jeff Davis County",2,26,179,92,87
050,13,161,"Georgia","Jeff Davis County",2,27,165,80,85
050,13,161,"Georgia","Jeff Davis County",2,28,156,67,89
050,13,161,"Georgia","Jeff Davis County",2,29,162,66,96
050,13,161,"Georgia","Jeff Davis County",2,30,175,79,96
050,13,161,"Georgia","Jeff Davis County",2,31,180,86,94
050,13,161,"Georgia","Jeff Davis County",2,32,189,99,90
050,13,161,"Georgia","Jeff Davis County",2,33,166,79,87
050,13,161,"Georgia","Jeff Davis County",2,34,178,92,86
050,13,161,"Georgia","Jeff Davis County",2,35,192,100,92
050,13,161,"Georgia","Jeff Davis County",2,36,187,100,87
050,13,161,"Georgia","Jeff Davis County",2,37,179,93,86
050,13,161,"Georgia","Jeff Davis County",2,38,177,87,90
050,13,161,"Georgia","Jeff Davis County",2,39,182,86,96
050,13,161,"Georgia","Jeff Davis County",2,40,174,84,90
050,13,161,"Georgia","Jeff Davis County",2,41,171,77,94
050,13,161,"Georgia","Jeff Davis County",2,42,181,82,99
050,13,161,"Georgia","Jeff Davis County",2,43,191,89,102
050,13,161,"Georgia","Jeff Davis County",2,44,181,86,95
050,13,161,"Georgia","Jeff Davis County",2,45,182,92,90
050,13,161,"Georgia","Jeff Davis County",2,46,189,99,90
050,13,161,"Georgia","Jeff Davis County",2,47,198,104,94
050,13,161,"Georgia","Jeff Davis County",2,48,207,104,103
050,13,161,"Georgia","Jeff Davis County",2,49,197,93,104
050,13,161,"Georgia","Jeff Davis County",2,50,189,94,95
050,13,161,"Georgia","Jeff Davis County",2,51,180,95,85
050,13,161,"Georgia","Jeff Davis County",2,52,179,94,85
050,13,161,"Georgia","Jeff Davis County",2,53,194,107,87
050,13,161,"Georgia","Jeff Davis County",2,54,185,103,82
050,13,161,"Georgia","Jeff Davis County",2,55,193,103,90
050,13,161,"Georgia","Jeff Davis County",2,56,208,114,94
050,13,161,"Georgia","Jeff Davis County",2,57,207,108,99
050,13,161,"Georgia","Jeff Davis County",2,58,196,99,97
050,13,161,"Georgia","Jeff Davis County",2,59,187,102,85
050,13,161,"Georgia","Jeff Davis County",2,60,190,93,97
050,13,161,"Georgia","Jeff Davis County",2,61,192,102,90
050,13,161,"Georgia","Jeff Davis County",2,62,177,94,83
050,13,161,"Georgia","Jeff Davis County",2,63,173,82,91
050,13,161,"Georgia","Jeff Davis County",2,64,157,75,82
050,13,161,"Georgia","Jeff Davis County",2,65,156,80,76
050,13,161,"Georgia","Jeff Davis County",2,66,157,74,83
050,13,161,"Georgia","Jeff Davis County",2,67,141,62,79
050,13,161,"Georgia","Jeff Davis County",2,68,138,63,75
050,13,161,"Georgia","Jeff Davis County",2,69,125,55,70
050,13,161,"Georgia","Jeff Davis County",2,70,139,62,77
050,13,161,"Georgia","Jeff Davis County",2,71,147,70,77
050,13,161,"Georgia","Jeff Davis County",2,72,139,75,64
050,13,161,"Georgia","Jeff Davis County",2,73,146,74,72
050,13,161,"Georgia","Jeff Davis County",2,74,112,55,57
050,13,161,"Georgia","Jeff Davis County",2,75,103,50,53
050,13,161,"Georgia","Jeff Davis County",2,76,96,49,47
050,13,161,"Georgia","Jeff Davis County",2,77,92,47,45
050,13,161,"Georgia","Jeff Davis County",2,78,78,34,44
050,13,161,"Georgia","Jeff Davis County",2,79,74,27,47
050,13,161,"Georgia","Jeff Davis County",2,80,66,31,35
050,13,161,"Georgia","Jeff Davis County",2,81,68,34,34
050,13,161,"Georgia","Jeff Davis County",2,82,62,28,34
050,13,161,"Georgia","Jeff Davis County",2,83,53,22,31
050,13,161,"Georgia","Jeff Davis County",2,84,42,17,25
050,13,161,"Georgia","Jeff Davis County",2,85,167,64,103
050,13,161,"Georgia","Jeff Davis County",3,0,157,74,83
050,13,161,"Georgia","Jeff Davis County",3,1,165,87,78
050,13,161,"Georgia","Jeff Davis County",3,2,180,90,90
050,13,161,"Georgia","Jeff Davis County",3,3,196,105,91
050,13,161,"Georgia","Jeff Davis County",3,4,206,111,95
050,13,161,"Georgia","Jeff Davis County",3,5,203,98,105
050,13,161,"Georgia","Jeff Davis County",3,6,204,99,105
050,13,161,"Georgia","Jeff Davis County",3,7,218,113,105
050,13,161,"Georgia","Jeff Davis County",3,8,201,98,103
050,13,161,"Georgia","Jeff Davis County",3,9,222,119,103
050,13,161,"Georgia","Jeff Davis County",3,10,212,113,99
050,13,161,"Georgia","Jeff Davis County",3,11,234,121,113
050,13,161,"Georgia","Jeff Davis County",3,12,245,120,125
050,13,161,"Georgia","Jeff Davis County",3,13,248,130,118
050,13,161,"Georgia","Jeff Davis County",3,14,245,128,117
050,13,161,"Georgia","Jeff Davis County",3,15,232,121,111
050,13,161,"Georgia","Jeff Davis County",3,16,231,116,115
050,13,161,"Georgia","Jeff Davis County",3,17,254,125,129
050,13,161,"Georgia","Jeff Davis County",3,18,202,106,96
050,13,161,"Georgia","Jeff Davis County",3,19,180,94,86
050,13,161,"Georgia","Jeff Davis County",3,20,190,103,87
050,13,161,"Georgia","Jeff Davis County",3,21,183,93,90
050,13,161,"Georgia","Jeff Davis County",3,22,203,100,103
050,13,161,"Georgia","Jeff Davis County",3,23,197,87,110
050,13,161,"Georgia","Jeff Davis County",3,24,160,83,77
050,13,161,"Georgia","Jeff Davis County",3,25,180,91,89
050,13,161,"Georgia","Jeff Davis County",3,26,181,90,91
050,13,161,"Georgia","Jeff Davis County",3,27,169,81,88
050,13,161,"Georgia","Jeff Davis County",3,28,179,89,90
050,13,161,"Georgia","Jeff Davis County",3,29,156,70,86
050,13,161,"Georgia","Jeff Davis County",3,30,170,73,97
050,13,161,"Georgia","Jeff Davis County",3,31,176,77,99
050,13,161,"Georgia","Jeff Davis County",3,32,184,84,100
050,13,161,"Georgia","Jeff Davis County",3,33,182,92,90
050,13,161,"Georgia","Jeff Davis County",3,34,173,75,98
050,13,161,"Georgia","Jeff Davis County",3,35,176,93,83
050,13,161,"Georgia","Jeff Davis County",3,36,188,97,91
050,13,161,"Georgia","Jeff Davis County",3,37,191,106,85
050,13,161,"Georgia","Jeff Davis County",3,38,177,94,83
050,13,161,"Georgia","Jeff Davis County",3,39,179,85,94
050,13,161,"Georgia","Jeff Davis County",3,40,188,91,97
050,13,161,"Georgia","Jeff Davis County",3,41,179,88,91
050,13,161,"Georgia","Jeff Davis County",3,42,167,76,91
050,13,161,"Georgia","Jeff Davis County",3,43,182,80,102
050,13,161,"Georgia","Jeff Davis County",3,44,192,95,97
050,13,161,"Georgia","Jeff Davis County",3,45,183,85,98
050,13,161,"Georgia","Jeff Davis County",3,46,188,99,89
050,13,161,"Georgia","Jeff Davis County",3,47,179,91,88
050,13,161,"Georgia","Jeff Davis County",3,48,194,101,93
050,13,161,"Georgia","Jeff Davis County",3,49,211,105,106
050,13,161,"Georgia","Jeff Davis County",3,50,195,90,105
050,13,161,"Georgia","Jeff Davis County",3,51,187,88,99
050,13,161,"Georgia","Jeff Davis County",3,52,182,96,86
050,13,161,"Georgia","Jeff Davis County",3,53,173,91,82
050,13,161,"Georgia","Jeff Davis County",3,54,200,111,89
050,13,161,"Georgia","Jeff Davis County",3,55,182,104,78
050,13,161,"Georgia","Jeff Davis County",3,56,192,101,91
050,13,161,"Georgia","Jeff Davis County",3,57,197,103,94
050,13,161,"Georgia","Jeff Davis County",3,58,190,95,95
050,13,161,"Georgia","Jeff Davis County",3,59,200,101,99
050,13,161,"Georgia","Jeff Davis County",3,60,187,101,86
050,13,161,"Georgia","Jeff Davis County",3,61,188,94,94
050,13,161,"Georgia","Jeff Davis County",3,62,192,102,90
050,13,161,"Georgia","Jeff Davis County",3,63,181,93,88
050,13,161,"Georgia","Jeff Davis County",3,64,169,81,88
050,13,161,"Georgia","Jeff Davis County",3,65,150,72,78
050,13,161,"Georgia","Jeff Davis County",3,66,155,78,77
050,13,161,"Georgia","Jeff Davis County",3,67,157,74,83
050,13,161,"Georgia","Jeff Davis County",3,68,139,59,80
050,13,161,"Georgia","Jeff Davis County",3,69,137,64,73
050,13,161,"Georgia","Jeff Davis County",3,70,124,55,69
050,13,161,"Georgia","Jeff Davis County",3,71,138,60,78
050,13,161,"Georgia","Jeff Davis County",3,72,139,63,76
050,13,161,"Georgia","Jeff Davis County",3,73,142,76,66
050,13,161,"Georgia","Jeff Davis County",3,74,139,69,70
050,13,161,"Georgia","Jeff Davis County",3,75,101,48,53
050,13,161,"Georgia","Jeff Davis County",3,76,95,44,51
050,13,161,"Georgia","Jeff Davis County",3,77,93,48,45
050,13,161,"Georgia","Jeff Davis County",3,78,89,46,43
050,13,161,"Georgia","Jeff Davis County",3,79,76,32,44
050,13,161,"Georgia","Jeff Davis County",3,80,68,23,45
050,13,161,"Georgia","Jeff Davis County",3,81,60,29,31
050,13,161,"Georgia","Jeff Davis County",3,82,63,31,32
050,13,161,"Georgia","Jeff Davis County",3,83,58,25,33
050,13,161,"Georgia","Jeff Davis County",3,84,51,21,30
050,13,161,"Georgia","Jeff Davis County",3,85,179,62,117
050,13,161,"Georgia","Jeff Davis County",4,0,163,77,86
050,13,161,"Georgia","Jeff Davis County",4,1,173,86,87
050,13,161,"Georgia","Jeff Davis County",4,2,179,89,90
050,13,161,"Georgia","Jeff Davis County",4,3,191,96,95
050,13,161,"Georgia","Jeff Davis County",4,4,192,100,92
050,13,161,"Georgia","Jeff Davis County",4,5,210,115,95
050,13,161,"Georgia","Jeff Davis County",4,6,212,108,104
050,13,161,"Georgia","Jeff Davis County",4,7,205,99,106
050,13,161,"Georgia","Jeff Davis County",4,8,222,113,109
050,13,161,"Georgia","Jeff Davis County",4,9,195,99,96
050,13,161,"Georgia","Jeff Davis County",4,10,211,113,98
050,13,161,"Georgia","Jeff Davis County",4,11,212,115,97
050,13,161,"Georgia","Jeff Davis County",4,12,240,125,115
050,13,161,"Georgia","Jeff Davis County",4,13,233,109,124
050,13,161,"Georgia","Jeff Davis County",4,14,254,134,120
050,13,161,"Georgia","Jeff Davis County",4,15,250,130,120
050,13,161,"Georgia","Jeff Davis County",4,16,236,122,114
050,13,161,"Georgia","Jeff Davis County",4,17,225,111,114
050,13,161,"Georgia","Jeff Davis County",4,18,205,105,100
050,13,161,"Georgia","Jeff Davis County",4,19,180,100,80
050,13,161,"Georgia","Jeff Davis County",4,20,175,89,86
050,13,161,"Georgia","Jeff Davis County",4,21,190,104,86
050,13,161,"Georgia","Jeff Davis County",4,22,196,93,103
050,13,161,"Georgia","Jeff Davis County",4,23,218,108,110
050,13,161,"Georgia","Jeff Davis County",4,24,204,94,110
050,13,161,"Georgia","Jeff Davis County",4,25,169,87,82
050,13,161,"Georgia","Jeff Davis County",4,26,180,94,86
050,13,161,"Georgia","Jeff Davis County",4,27,168,82,86
050,13,161,"Georgia","Jeff Davis County",4,28,164,82,82
050,13,161,"Georgia","Jeff Davis County",4,29,188,93,95
050,13,161,"Georgia","Jeff Davis County",4,30,164,70,94
050,13,161,"Georgia","Jeff Davis County",4,31,174,73,101
050,13,161,"Georgia","Jeff Davis County",4,32,173,75,98
050,13,161,"Georgia","Jeff Davis County",4,33,170,78,92
050,13,161,"Georgia","Jeff Davis County",4,34,190,97,93
050,13,161,"Georgia","Jeff Davis County",4,35,179,79,100
050,13,161,"Georgia","Jeff Davis County",4,36,171,88,83
050,13,161,"Georgia","Jeff Davis County",4,37,196,100,96
050,13,161,"Georgia","Jeff Davis County",4,38,196,106,90
050,13,161,"Georgia","Jeff Davis County",4,39,176,98,78
050,13,161,"Georgia","Jeff Davis County",4,40,183,86,97
050,13,161,"Georgia","Jeff Davis County",4,41,188,93,95
050,13,161,"Georgia","Jeff Davis County",4,42,185,87,98
050,13,161,"Georgia","Jeff Davis County",4,43,168,75,93
050,13,161,"Georgia","Jeff Davis County",4,44,183,82,101
050,13,161,"Georgia","Jeff Davis County",4,45,187,91,96
050,13,161,"Georgia","Jeff Davis County",4,46,183,85,98
050,13,161,"Georgia","Jeff Davis County",4,47,191,102,89
050,13,161,"Georgia","Jeff Davis County",4,48,180,88,92
050,13,161,"Georgia","Jeff Davis County",4,49,199,100,99
050,13,161,"Georgia","Jeff Davis County",4,50,216,110,106
050,13,161,"Georgia","Jeff Davis County",4,51,200,98,102
050,13,161,"Georgia","Jeff Davis County",4,52,184,87,97
050,13,161,"Georgia","Jeff Davis County",4,53,180,91,89
050,13,161,"Georgia","Jeff Davis County",4,54,169,85,84
050,13,161,"Georgia","Jeff Davis County",4,55,205,113,92
050,13,161,"Georgia","Jeff Davis County",4,56,177,100,77
050,13,161,"Georgia","Jeff Davis County",4,57,195,103,92
050,13,161,"Georgia","Jeff Davis County",4,58,188,100,88
050,13,161,"Georgia","Jeff Davis County",4,59,188,90,98
050,13,161,"Georgia","Jeff Davis County",4,60,199,101,98
050,13,161,"Georgia","Jeff Davis County",4,61,176,96,80
050,13,161,"Georgia","Jeff Davis County",4,62,187,96,91
050,13,161,"Georgia","Jeff Davis County",4,63,187,98,89
050,13,161,"Georgia","Jeff Davis County",4,64,179,91,88
050,13,161,"Georgia","Jeff Davis County",4,65,166,77,89
050,13,161,"Georgia","Jeff Davis County",4,66,147,73,74
050,13,161,"Georgia","Jeff Davis County",4,67,155,78,77
050,13,161,"Georgia","Jeff Davis County",4,68,153,72,81
050,13,161,"Georgia","Jeff Davis County",4,69,132,56,76
050,13,161,"Georgia","Jeff Davis County",4,70,131,62,69
050,13,161,"Georgia","Jeff Davis County",4,71,120,53,67
050,13,161,"Georgia","Jeff Davis County",4,72,135,58,77
050,13,161,"Georgia","Jeff Davis County",4,73,127,57,70
050,13,161,"Georgia","Jeff Davis County",4,74,136,71,65
050,13,161,"Georgia","Jeff Davis County",4,75,127,63,64
050,13,161,"Georgia","Jeff Davis County",4,76,94,45,49
050,13,161,"Georgia","Jeff Davis County",4,77,90,41,49
050,13,161,"Georgia","Jeff Davis County",4,78,84,43,41
050,13,161,"Georgia","Jeff Davis County",4,79,84,43,41
050,13,161,"Georgia","Jeff Davis County",4,80,73,32,41
050,13,161,"Georgia","Jeff Davis County",4,81,61,22,39
050,13,161,"Georgia","Jeff Davis County",4,82,54,27,27
050,13,161,"Georgia","Jeff Davis County",4,83,59,27,32
050,13,161,"Georgia","Jeff Davis County",4,84,56,24,32
050,13,161,"Georgia","Jeff Davis County",4,85,201,69,132
050,13,161,"Georgia","Jeff Davis County",5,0,160,76,84
050,13,161,"Georgia","Jeff Davis County",5,1,162,80,82
050,13,161,"Georgia","Jeff Davis County",5,2,167,81,86
050,13,161,"Georgia","Jeff Davis County",5,3,188,99,89
050,13,161,"Georgia","Jeff Davis County",5,4,194,91,103
050,13,161,"Georgia","Jeff Davis County",5,5,199,106,93
050,13,161,"Georgia","Jeff Davis County",5,6,213,120,93
050,13,161,"Georgia","Jeff Davis County",5,7,198,100,98
050,13,161,"Georgia","Jeff Davis County",5,8,207,100,107
050,13,161,"Georgia","Jeff Davis County",5,9,229,117,112
050,13,161,"Georgia","Jeff Davis County",5,10,206,100,106
050,13,161,"Georgia","Jeff Davis County",5,11,224,124,100
050,13,161,"Georgia","Jeff Davis County",5,12,203,110,93
050,13,161,"Georgia","Jeff Davis County",5,13,239,118,121
050,13,161,"Georgia","Jeff Davis County",5,14,232,111,121
050,13,161,"Georgia","Jeff Davis County",5,15,245,129,116
050,13,161,"Georgia","Jeff Davis County",5,16,250,135,115
050,13,161,"Georgia","Jeff Davis County",5,17,238,129,109
050,13,161,"Georgia","Jeff Davis County",5,18,191,99,92
050,13,161,"Georgia","Jeff Davis County",5,19,177,95,82
050,13,161,"Georgia","Jeff Davis County",5,20,176,101,75
050,13,161,"Georgia","Jeff Davis County",5,21,174,86,88
050,13,161,"Georgia","Jeff Davis County",5,22,204,108,96
050,13,161,"Georgia","Jeff Davis County",5,23,198,89,109
050,13,161,"Georgia","Jeff Davis County",5,24,238,119,119
050,13,161,"Georgia","Jeff Davis County",5,25,186,96,90
050,13,161,"Georgia","Jeff Davis County",5,26,178,92,86
050,13,161,"Georgia","Jeff Davis County",5,27,179,94,85
050,13,161,"Georgia","Jeff Davis County",5,28,169,80,89
050,13,161,"Georgia","Jeff Davis County",5,29,171,84,87
050,13,161,"Georgia","Jeff Davis County",5,30,190,96,94
050,13,161,"Georgia","Jeff Davis County",5,31,176,70,106
050,13,161,"Georgia","Jeff Davis County",5,32,172,73,99
050,13,161,"Georgia","Jeff Davis County",5,33,177,71,106
050,13,161,"Georgia","Jeff Davis County",5,34,162,76,86
050,13,161,"Georgia","Jeff Davis County",5,35,199,102,97
050,13,161,"Georgia","Jeff Davis County",5,36,167,77,90
050,13,161,"Georgia","Jeff Davis County",5,37,167,88,79
050,13,161,"Georgia","Jeff Davis County",5,38,193,100,93
050,13,161,"Georgia","Jeff Davis County",5,39,202,109,93
050,13,161,"Georgia","Jeff Davis County",5,40,180,99,81
050,13,161,"Georgia","Jeff Davis County",5,41,188,92,96
050,13,161,"Georgia","Jeff Davis County",5,42,199,97,102
050,13,161,"Georgia","Jeff Davis County",5,43,180,80,100
050,13,161,"Georgia","Jeff Davis County",5,44,176,73,103
050,13,161,"Georgia","Jeff Davis County",5,45,185,86,99
050,13,161,"Georgia","Jeff Davis County",5,46,191,92,99
050,13,161,"Georgia","Jeff Davis County",5,47,192,91,101
050,13,161,"Georgia","Jeff Davis County",5,48,185,99,86
050,13,161,"Georgia","Jeff Davis County",5,49,176,87,89
050,13,161,"Georgia","Jeff Davis County",5,50,199,102,97
050,13,161,"Georgia","Jeff Davis County",5,51,213,107,106
050,13,161,"Georgia","Jeff Davis County",5,52,203,96,107
050,13,161,"Georgia","Jeff Davis County",5,53,185,88,97
050,13,161,"Georgia","Jeff Davis County",5,54,175,91,84
050,13,161,"Georgia","Jeff Davis County",5,55,170,88,82
050,13,161,"Georgia","Jeff Davis County",5,56,202,112,90
050,13,161,"Georgia","Jeff Davis County",5,57,175,98,77
050,13,161,"Georgia","Jeff Davis County",5,58,192,100,92
050,13,161,"Georgia","Jeff Davis County",5,59,182,92,90
050,13,161,"Georgia","Jeff Davis County",5,60,193,97,96
050,13,161,"Georgia","Jeff Davis County",5,61,190,96,94
050,13,161,"Georgia","Jeff Davis County",5,62,172,96,76
050,13,161,"Georgia","Jeff Davis County",5,63,181,93,88
050,13,161,"Georgia","Jeff Davis County",5,64,190,99,91
050,13,161,"Georgia","Jeff Davis County",5,65,178,91,87
050,13,161,"Georgia","Jeff Davis County",5,66,163,77,86
050,13,161,"Georgia","Jeff Davis County",5,67,147,76,71
050,13,161,"Georgia","Jeff Davis County",5,68,154,76,78
050,13,161,"Georgia","Jeff Davis County",5,69,145,68,77
050,13,161,"Georgia","Jeff Davis County",5,70,127,55,72
050,13,161,"Georgia","Jeff Davis County",5,71,129,59,70
050,13,161,"Georgia","Jeff Davis County",5,72,116,50,66
050,13,161,"Georgia","Jeff Davis County",5,73,126,52,74
050,13,161,"Georgia","Jeff Davis County",5,74,121,52,69
050,13,161,"Georgia","Jeff Davis County",5,75,117,62,55
050,13,161,"Georgia","Jeff Davis County",5,76,119,60,59
050,13,161,"Georgia","Jeff Davis County",5,77,88,42,46
050,13,161,"Georgia","Jeff Davis County",5,78,84,37,47
050,13,161,"Georgia","Jeff Davis County",5,79,80,40,40
050,13,161,"Georgia","Jeff Davis County",5,80,81,43,38
050,13,161,"Georgia","Jeff Davis County",5,81,63,30,33
050,13,161,"Georgia","Jeff Davis County",5,82,56,21,35
050,13,161,"Georgia","Jeff Davis County",5,83,47,22,25
050,13,161,"Georgia","Jeff Davis County",5,84,57,26,31
050,13,161,"Georgia","Jeff Davis County",5,85,234,80,154
050,13,163,"Georgia","Jefferson County",1,0,188,97,91
050,13,163,"Georgia","Jefferson County",1,1,180,95,85
050,13,163,"Georgia","Jefferson County",1,2,193,102,91
050,13,163,"Georgia","Jefferson County",1,3,215,108,107
050,13,163,"Georgia","Jefferson County",1,4,229,110,119
050,13,163,"Georgia","Jefferson County",1,5,182,96,86
050,13,163,"Georgia","Jefferson County",1,6,185,91,94
050,13,163,"Georgia","Jefferson County",1,7,194,97,97
050,13,163,"Georgia","Jefferson County",1,8,202,106,96
050,13,163,"Georgia","Jefferson County",1,9,203,97,106
050,13,163,"Georgia","Jefferson County",1,10,213,111,102
050,13,163,"Georgia","Jefferson County",1,11,211,114,97
050,13,163,"Georgia","Jefferson County",1,12,242,126,116
050,13,163,"Georgia","Jefferson County",1,13,218,118,100
050,13,163,"Georgia","Jefferson County",1,14,193,100,93
050,13,163,"Georgia","Jefferson County",1,15,210,111,99
050,13,163,"Georgia","Jefferson County",1,16,228,122,106
050,13,163,"Georgia","Jefferson County",1,17,224,119,105
050,13,163,"Georgia","Jefferson County",1,18,185,98,87
050,13,163,"Georgia","Jefferson County",1,19,177,87,90
050,13,163,"Georgia","Jefferson County",1,20,190,95,95
050,13,163,"Georgia","Jefferson County",1,21,185,104,81
050,13,163,"Georgia","Jefferson County",1,22,171,98,73
050,13,163,"Georgia","Jefferson County",1,23,177,87,90
050,13,163,"Georgia","Jefferson County",1,24,185,79,106
050,13,163,"Georgia","Jefferson County",1,25,181,80,101
050,13,163,"Georgia","Jefferson County",1,26,198,105,93
050,13,163,"Georgia","Jefferson County",1,27,198,101,97
050,13,163,"Georgia","Jefferson County",1,28,191,99,92
050,13,163,"Georgia","Jefferson County",1,29,207,104,103
050,13,163,"Georgia","Jefferson County",1,30,213,102,111
050,13,163,"Georgia","Jefferson County",1,31,199,103,96
050,13,163,"Georgia","Jefferson County",1,32,183,99,84
050,13,163,"Georgia","Jefferson County",1,33,168,84,84
050,13,163,"Georgia","Jefferson County",1,34,171,81,90
050,13,163,"Georgia","Jefferson County",1,35,173,79,94
050,13,163,"Georgia","Jefferson County",1,36,199,96,103
050,13,163,"Georgia","Jefferson County",1,37,201,101,100
050,13,163,"Georgia","Jefferson County",1,38,190,97,93
050,13,163,"Georgia","Jefferson County",1,39,191,112,79
050,13,163,"Georgia","Jefferson County",1,40,186,102,84
050,13,163,"Georgia","Jefferson County",1,41,199,97,102
050,13,163,"Georgia","Jefferson County",1,42,175,79,96
050,13,163,"Georgia","Jefferson County",1,43,156,71,85
050,13,163,"Georgia","Jefferson County",1,44,151,78,73
050,13,163,"Georgia","Jefferson County",1,45,158,74,84
050,13,163,"Georgia","Jefferson County",1,46,200,95,105
050,13,163,"Georgia","Jefferson County",1,47,188,94,94
050,13,163,"Georgia","Jefferson County",1,48,189,95,94
050,13,163,"Georgia","Jefferson County",1,49,191,100,91
050,13,163,"Georgia","Jefferson County",1,50,183,91,92
050,13,163,"Georgia","Jefferson County",1,51,199,97,102
050,13,163,"Georgia","Jefferson County",1,52,202,94,108
050,13,163,"Georgia","Jefferson County",1,53,212,91,121
050,13,163,"Georgia","Jefferson County",1,54,231,107,124
050,13,163,"Georgia","Jefferson County",1,55,228,116,112
050,13,163,"Georgia","Jefferson County",1,56,221,97,124
050,13,163,"Georgia","Jefferson County",1,57,218,104,114
050,13,163,"Georgia","Jefferson County",1,58,239,123,116
050,13,163,"Georgia","Jefferson County",1,59,233,114,119
050,13,163,"Georgia","Jefferson County",1,60,213,95,118
050,13,163,"Georgia","Jefferson County",1,61,176,78,98
050,13,163,"Georgia","Jefferson County",1,62,185,97,88
050,13,163,"Georgia","Jefferson County",1,63,202,98,104
050,13,163,"Georgia","Jefferson County",1,64,212,86,126
050,13,163,"Georgia","Jefferson County",1,65,219,97,122
050,13,163,"Georgia","Jefferson County",1,66,219,111,108
050,13,163,"Georgia","Jefferson County",1,67,195,88,107
050,13,163,"Georgia","Jefferson County",1,68,201,91,110
050,13,163,"Georgia","Jefferson County",1,69,176,89,87
050,13,163,"Georgia","Jefferson County",1,70,171,88,83
050,13,163,"Georgia","Jefferson County",1,71,172,82,90
050,13,163,"Georgia","Jefferson County",1,72,171,71,100
050,13,163,"Georgia","Jefferson County",1,73,163,67,96
050,13,163,"Georgia","Jefferson County",1,74,123,48,75
050,13,163,"Georgia","Jefferson County",1,75,102,38,64
050,13,163,"Georgia","Jefferson County",1,76,104,37,67
050,13,163,"Georgia","Jefferson County",1,77,119,47,72
050,13,163,"Georgia","Jefferson County",1,78,105,37,68
050,13,163,"Georgia","Jefferson County",1,79,95,37,58
050,13,163,"Georgia","Jefferson County",1,80,75,26,49
050,13,163,"Georgia","Jefferson County",1,81,82,29,53
050,13,163,"Georgia","Jefferson County",1,82,71,21,50
050,13,163,"Georgia","Jefferson County",1,83,48,15,33
050,13,163,"Georgia","Jefferson County",1,84,57,23,34
050,13,163,"Georgia","Jefferson County",1,85,252,90,162
050,13,163,"Georgia","Jefferson County",2,0,168,88,80
050,13,163,"Georgia","Jefferson County",2,1,183,97,86
050,13,163,"Georgia","Jefferson County",2,2,194,103,91
050,13,163,"Georgia","Jefferson County",2,3,210,106,104
050,13,163,"Georgia","Jefferson County",2,4,224,109,115
050,13,163,"Georgia","Jefferson County",2,5,194,99,95
050,13,163,"Georgia","Jefferson County",2,6,183,92,91
050,13,163,"Georgia","Jefferson County",2,7,190,95,95
050,13,163,"Georgia","Jefferson County",2,8,200,104,96
050,13,163,"Georgia","Jefferson County",2,9,205,101,104
050,13,163,"Georgia","Jefferson County",2,10,211,110,101
050,13,163,"Georgia","Jefferson County",2,11,213,113,100
050,13,163,"Georgia","Jefferson County",2,12,235,123,112
050,13,163,"Georgia","Jefferson County",2,13,222,119,103
050,13,163,"Georgia","Jefferson County",2,14,198,104,94
050,13,163,"Georgia","Jefferson County",2,15,206,110,96
050,13,163,"Georgia","Jefferson County",2,16,224,119,105
050,13,163,"Georgia","Jefferson County",2,17,224,119,105
050,13,163,"Georgia","Jefferson County",2,18,189,100,89
050,13,163,"Georgia","Jefferson County",2,19,176,89,87
050,13,163,"Georgia","Jefferson County",2,20,192,96,96
050,13,163,"Georgia","Jefferson County",2,21,185,101,84
050,13,163,"Georgia","Jefferson County",2,22,179,103,76
050,13,163,"Georgia","Jefferson County",2,23,176,87,89
050,13,163,"Georgia","Jefferson County",2,24,182,79,103
050,13,163,"Georgia","Jefferson County",2,25,181,82,99
050,13,163,"Georgia","Jefferson County",2,26,193,99,94
050,13,163,"Georgia","Jefferson County",2,27,196,100,96
050,13,163,"Georgia","Jefferson County",2,28,190,98,92
050,13,163,"Georgia","Jefferson County",2,29,202,101,101
050,13,163,"Georgia","Jefferson County",2,30,215,105,110
050,13,163,"Georgia","Jefferson County",2,31,199,100,99
050,13,163,"Georgia","Jefferson County",2,32,186,99,87
050,13,163,"Georgia","Jefferson County",2,33,168,86,82
050,13,163,"Georgia","Jefferson County",2,34,171,83,88
050,13,163,"Georgia","Jefferson County",2,35,173,79,94
050,13,163,"Georgia","Jefferson County",2,36,194,94,100
050,13,163,"Georgia","Jefferson County",2,37,202,101,101
050,13,163,"Georgia","Jefferson County",2,38,193,97,96
050,13,163,"Georgia","Jefferson County",2,39,191,109,82
050,13,163,"Georgia","Jefferson County",2,40,189,105,84
050,13,163,"Georgia","Jefferson County",2,41,195,96,99
050,13,163,"Georgia","Jefferson County",2,42,177,82,95
050,13,163,"Georgia","Jefferson County",2,43,162,74,88
050,13,163,"Georgia","Jefferson County",2,44,151,75,76
050,13,163,"Georgia","Jefferson County",2,45,157,74,83
050,13,163,"Georgia","Jefferson County",2,46,188,90,98
050,13,163,"Georgia","Jefferson County",2,47,191,96,95
050,13,163,"Georgia","Jefferson County",2,48,190,94,96
050,13,163,"Georgia","Jefferson County",2,49,193,101,92
050,13,163,"Georgia","Jefferson County",2,50,184,94,90
050,13,163,"Georgia","Jefferson County",2,51,194,95,99
050,13,163,"Georgia","Jefferson County",2,52,203,96,107
050,13,163,"Georgia","Jefferson County",2,53,208,91,117
050,13,163,"Georgia","Jefferson County",2,54,227,104,123
050,13,163,"Georgia","Jefferson County",2,55,228,113,115
050,13,163,"Georgia","Jefferson County",2,56,222,101,121
050,13,163,"Georgia","Jefferson County",2,57,220,104,116
050,13,163,"Georgia","Jefferson County",2,58,233,117,116
050,13,163,"Georgia","Jefferson County",2,59,235,116,119
050,13,163,"Georgia","Jefferson County",2,60,216,99,117
050,13,163,"Georgia","Jefferson County",2,61,182,82,100
050,13,163,"Georgia","Jefferson County",2,62,182,92,90
050,13,163,"Georgia","Jefferson County",2,63,199,99,100
050,13,163,"Georgia","Jefferson County",2,64,206,87,119
050,13,163,"Georgia","Jefferson County",2,65,215,92,123
050,13,163,"Georgia","Jefferson County",2,66,218,108,110
050,13,163,"Georgia","Jefferson County",2,67,200,94,106
050,13,163,"Georgia","Jefferson County",2,68,197,88,109
050,13,163,"Georgia","Jefferson County",2,69,180,87,93
050,13,163,"Georgia","Jefferson County",2,70,170,86,84
050,13,163,"Georgia","Jefferson County",2,71,171,83,88
050,13,163,"Georgia","Jefferson County",2,72,168,73,95
050,13,163,"Georgia","Jefferson County",2,73,172,71,101
050,13,163,"Georgia","Jefferson County",2,74,124,51,73
050,13,163,"Georgia","Jefferson County",2,75,106,40,66
050,13,163,"Georgia","Jefferson County",2,76,101,36,65
050,13,163,"Georgia","Jefferson County",2,77,117,46,71
050,13,163,"Georgia","Jefferson County",2,78,104,37,67
050,13,163,"Georgia","Jefferson County",2,79,96,36,60
050,13,163,"Georgia","Jefferson County",2,80,79,27,52
050,13,163,"Georgia","Jefferson County",2,81,80,29,51
050,13,163,"Georgia","Jefferson County",2,82,72,22,50
050,13,163,"Georgia","Jefferson County",2,83,48,15,33
050,13,163,"Georgia","Jefferson County",2,84,55,20,35
050,13,163,"Georgia","Jefferson County",2,85,254,92,162
050,13,163,"Georgia","Jefferson County",3,0,161,74,87
050,13,163,"Georgia","Jefferson County",3,1,171,90,81
050,13,163,"Georgia","Jefferson County",3,2,178,91,87
050,13,163,"Georgia","Jefferson County",3,3,193,101,92
050,13,163,"Georgia","Jefferson County",3,4,208,102,106
050,13,163,"Georgia","Jefferson County",3,5,224,105,119
050,13,163,"Georgia","Jefferson County",3,6,196,99,97
050,13,163,"Georgia","Jefferson County",3,7,182,93,89
050,13,163,"Georgia","Jefferson County",3,8,204,100,104
050,13,163,"Georgia","Jefferson County",3,9,193,100,93
050,13,163,"Georgia","Jefferson County",3,10,200,98,102
050,13,163,"Georgia","Jefferson County",3,11,211,111,100
050,13,163,"Georgia","Jefferson County",3,12,214,112,102
050,13,163,"Georgia","Jefferson County",3,13,232,121,111
050,13,163,"Georgia","Jefferson County",3,14,217,113,104
050,13,163,"Georgia","Jefferson County",3,15,204,103,101
050,13,163,"Georgia","Jefferson County",3,16,197,103,94
050,13,163,"Georgia","Jefferson County",3,17,217,116,101
050,13,163,"Georgia","Jefferson County",3,18,188,97,91
050,13,163,"Georgia","Jefferson County",3,19,174,96,78
050,13,163,"Georgia","Jefferson County",3,20,184,94,90
050,13,163,"Georgia","Jefferson County",3,21,190,99,91
050,13,163,"Georgia","Jefferson County",3,22,190,102,88
050,13,163,"Georgia","Jefferson County",3,23,178,91,87
050,13,163,"Georgia","Jefferson County",3,24,178,88,90
050,13,163,"Georgia","Jefferson County",3,25,195,88,107
050,13,163,"Georgia","Jefferson County",3,26,178,78,100
050,13,163,"Georgia","Jefferson County",3,27,191,100,91
050,13,163,"Georgia","Jefferson County",3,28,203,102,101
050,13,163,"Georgia","Jefferson County",3,29,190,106,84
050,13,163,"Georgia","Jefferson County",3,30,212,108,104
050,13,163,"Georgia","Jefferson County",3,31,214,107,107
050,13,163,"Georgia","Jefferson County",3,32,201,105,96
050,13,163,"Georgia","Jefferson County",3,33,181,95,86
050,13,163,"Georgia","Jefferson County",3,34,181,97,84
050,13,163,"Georgia","Jefferson County",3,35,169,79,90
050,13,163,"Georgia","Jefferson County",3,36,184,92,92
050,13,163,"Georgia","Jefferson County",3,37,187,97,90
050,13,163,"Georgia","Jefferson County",3,38,201,101,100
050,13,163,"Georgia","Jefferson County",3,39,192,101,91
050,13,163,"Georgia","Jefferson County",3,40,184,106,78
050,13,163,"Georgia","Jefferson County",3,41,179,95,84
050,13,163,"Georgia","Jefferson County",3,42,189,91,98
050,13,163,"Georgia","Jefferson County",3,43,183,86,97
050,13,163,"Georgia","Jefferson County",3,44,169,79,90
050,13,163,"Georgia","Jefferson County",3,45,153,75,78
050,13,163,"Georgia","Jefferson County",3,46,160,81,79
050,13,163,"Georgia","Jefferson County",3,47,183,87,96
050,13,163,"Georgia","Jefferson County",3,48,187,90,97
050,13,163,"Georgia","Jefferson County",3,49,194,96,98
050,13,163,"Georgia","Jefferson County",3,50,191,101,90
050,13,163,"Georgia","Jefferson County",3,51,183,94,89
050,13,163,"Georgia","Jefferson County",3,52,185,89,96
050,13,163,"Georgia","Jefferson County",3,53,198,93,105
050,13,163,"Georgia","Jefferson County",3,54,211,95,116
050,13,163,"Georgia","Jefferson County",3,55,222,102,120
050,13,163,"Georgia","Jefferson County",3,56,220,108,112
050,13,163,"Georgia","Jefferson County",3,57,219,99,120
050,13,163,"Georgia","Jefferson County",3,58,215,100,115
050,13,163,"Georgia","Jefferson County",3,59,224,110,114
050,13,163,"Georgia","Jefferson County",3,60,236,113,123
050,13,163,"Georgia","Jefferson County",3,61,212,97,115
050,13,163,"Georgia","Jefferson County",3,62,178,79,99
050,13,163,"Georgia","Jefferson County",3,63,178,85,93
050,13,163,"Georgia","Jefferson County",3,64,199,98,101
050,13,163,"Georgia","Jefferson County",3,65,202,91,111
050,13,163,"Georgia","Jefferson County",3,66,207,87,120
050,13,163,"Georgia","Jefferson County",3,67,196,94,102
050,13,163,"Georgia","Jefferson County",3,68,195,90,105
050,13,163,"Georgia","Jefferson County",3,69,186,81,105
050,13,163,"Georgia","Jefferson County",3,70,169,81,88
050,13,163,"Georgia","Jefferson County",3,71,158,77,81
050,13,163,"Georgia","Jefferson County",3,72,165,81,84
050,13,163,"Georgia","Jefferson County",3,73,156,66,90
050,13,163,"Georgia","Jefferson County",3,74,168,72,96
050,13,163,"Georgia","Jefferson County",3,75,110,42,68
050,13,163,"Georgia","Jefferson County",3,76,98,36,62
050,13,163,"Georgia","Jefferson County",3,77,98,38,60
050,13,163,"Georgia","Jefferson County",3,78,101,34,67
050,13,163,"Georgia","Jefferson County",3,79,93,33,60
050,13,163,"Georgia","Jefferson County",3,80,90,31,59
050,13,163,"Georgia","Jefferson County",3,81,73,27,46
050,13,163,"Georgia","Jefferson County",3,82,73,26,47
050,13,163,"Georgia","Jefferson County",3,83,60,18,42
050,13,163,"Georgia","Jefferson County",3,84,46,15,31
050,13,163,"Georgia","Jefferson County",3,85,217,82,135
050,13,163,"Georgia","Jefferson County",4,0,154,75,79
050,13,163,"Georgia","Jefferson County",4,1,162,72,90
050,13,163,"Georgia","Jefferson County",4,2,167,86,81
050,13,163,"Georgia","Jefferson County",4,3,175,89,86
050,13,163,"Georgia","Jefferson County",4,4,191,98,93
050,13,163,"Georgia","Jefferson County",4,5,204,102,102
050,13,163,"Georgia","Jefferson County",4,6,214,102,112
050,13,163,"Georgia","Jefferson County",4,7,189,99,90
050,13,163,"Georgia","Jefferson County",4,8,179,92,87
050,13,163,"Georgia","Jefferson County",4,9,196,96,100
050,13,163,"Georgia","Jefferson County",4,10,208,109,99
050,13,163,"Georgia","Jefferson County",4,11,203,103,100
050,13,163,"Georgia","Jefferson County",4,12,210,105,105
050,13,163,"Georgia","Jefferson County",4,13,207,108,99
050,13,163,"Georgia","Jefferson County",4,14,238,126,112
050,13,163,"Georgia","Jefferson County",4,15,215,108,107
050,13,163,"Georgia","Jefferson County",4,16,204,108,96
050,13,163,"Georgia","Jefferson County",4,17,199,99,100
050,13,163,"Georgia","Jefferson County",4,18,185,96,89
050,13,163,"Georgia","Jefferson County",4,19,164,89,75
050,13,163,"Georgia","Jefferson County",4,20,181,98,83
050,13,163,"Georgia","Jefferson County",4,21,174,89,85
050,13,163,"Georgia","Jefferson County",4,22,199,106,93
050,13,163,"Georgia","Jefferson County",4,23,170,84,86
050,13,163,"Georgia","Jefferson County",4,24,194,97,97
050,13,163,"Georgia","Jefferson County",4,25,180,104,76
050,13,163,"Georgia","Jefferson County",4,26,192,86,106
050,13,163,"Georgia","Jefferson County",4,27,165,74,91
050,13,163,"Georgia","Jefferson County",4,28,190,96,94
050,13,163,"Georgia","Jefferson County",4,29,185,95,90
050,13,163,"Georgia","Jefferson County",4,30,195,111,84
050,13,163,"Georgia","Jefferson County",4,31,205,104,101
050,13,163,"Georgia","Jefferson County",4,32,197,93,104
050,13,163,"Georgia","Jefferson County",4,33,196,101,95
050,13,163,"Georgia","Jefferson County",4,34,189,100,89
050,13,163,"Georgia","Jefferson County",4,35,177,91,86
050,13,163,"Georgia","Jefferson County",4,36,177,89,88
050,13,163,"Georgia","Jefferson County",4,37,179,88,91
050,13,163,"Georgia","Jefferson County",4,38,192,94,98
050,13,163,"Georgia","Jefferson County",4,39,203,103,100
050,13,163,"Georgia","Jefferson County",4,40,192,101,91
050,13,163,"Georgia","Jefferson County",4,41,175,99,76
050,13,163,"Georgia","Jefferson County",4,42,175,93,82
050,13,163,"Georgia","Jefferson County",4,43,191,93,98
050,13,163,"Georgia","Jefferson County",4,44,187,91,96
050,13,163,"Georgia","Jefferson County",4,45,160,67,93
050,13,163,"Georgia","Jefferson County",4,46,159,75,84
050,13,163,"Georgia","Jefferson County",4,47,151,78,73
050,13,163,"Georgia","Jefferson County",4,48,187,93,94
050,13,163,"Georgia","Jefferson County",4,49,186,89,97
050,13,163,"Georgia","Jefferson County",4,50,184,95,89
050,13,163,"Georgia","Jefferson County",4,51,188,96,92
050,13,163,"Georgia","Jefferson County",4,52,178,88,90
050,13,163,"Georgia","Jefferson County",4,53,196,92,104
050,13,163,"Georgia","Jefferson County",4,54,200,98,102
050,13,163,"Georgia","Jefferson County",4,55,212,96,116
050,13,163,"Georgia","Jefferson County",4,56,210,94,116
050,13,163,"Georgia","Jefferson County",4,57,220,114,106
050,13,163,"Georgia","Jefferson County",4,58,216,99,117
050,13,163,"Georgia","Jefferson County",4,59,202,97,105
050,13,163,"Georgia","Jefferson County",4,60,222,112,110
050,13,163,"Georgia","Jefferson County",4,61,234,113,121
050,13,163,"Georgia","Jefferson County",4,62,207,95,112
050,13,163,"Georgia","Jefferson County",4,63,175,75,100
050,13,163,"Georgia","Jefferson County",4,64,175,81,94
050,13,163,"Georgia","Jefferson County",4,65,194,97,97
050,13,163,"Georgia","Jefferson County",4,66,201,93,108
050,13,163,"Georgia","Jefferson County",4,67,202,85,117
050,13,163,"Georgia","Jefferson County",4,68,188,90,98
050,13,163,"Georgia","Jefferson County",4,69,196,90,106
050,13,163,"Georgia","Jefferson County",4,70,178,78,100
050,13,163,"Georgia","Jefferson County",4,71,157,74,83
050,13,163,"Georgia","Jefferson County",4,72,156,76,80
050,13,163,"Georgia","Jefferson County",4,73,159,81,78
050,13,163,"Georgia","Jefferson County",4,74,156,67,89
050,13,163,"Georgia","Jefferson County",4,75,158,68,90
050,13,163,"Georgia","Jefferson County",4,76,110,42,68
050,13,163,"Georgia","Jefferson County",4,77,98,39,59
050,13,163,"Georgia","Jefferson County",4,78,86,29,57
050,13,163,"Georgia","Jefferson County",4,79,97,33,64
050,13,163,"Georgia","Jefferson County",4,80,88,29,59
050,13,163,"Georgia","Jefferson County",4,81,79,26,53
050,13,163,"Georgia","Jefferson County",4,82,65,21,44
050,13,163,"Georgia","Jefferson County",4,83,66,24,42
050,13,163,"Georgia","Jefferson County",4,84,57,17,40
050,13,163,"Georgia","Jefferson County",4,85,217,76,141
050,13,163,"Georgia","Jefferson County",5,0,161,80,81
050,13,163,"Georgia","Jefferson County",5,1,164,75,89
050,13,163,"Georgia","Jefferson County",5,2,168,73,95
050,13,163,"Georgia","Jefferson County",5,3,178,90,88
050,13,163,"Georgia","Jefferson County",5,4,171,89,82
050,13,163,"Georgia","Jefferson County",5,5,196,101,95
050,13,163,"Georgia","Jefferson County",5,6,197,95,102
050,13,163,"Georgia","Jefferson County",5,7,208,106,102
050,13,163,"Georgia","Jefferson County",5,8,189,100,89
050,13,163,"Georgia","Jefferson County",5,9,171,85,86
050,13,163,"Georgia","Jefferson County",5,10,186,92,94
050,13,163,"Georgia","Jefferson County",5,11,206,108,98
050,13,163,"Georgia","Jefferson County",5,12,202,100,102
050,13,163,"Georgia","Jefferson County",5,13,204,106,98
050,13,163,"Georgia","Jefferson County",5,14,211,106,105
050,13,163,"Georgia","Jefferson County",5,15,232,124,108
050,13,163,"Georgia","Jefferson County",5,16,215,112,103
050,13,163,"Georgia","Jefferson County",5,17,205,110,95
050,13,163,"Georgia","Jefferson County",5,18,166,87,79
050,13,163,"Georgia","Jefferson County",5,19,170,92,78
050,13,163,"Georgia","Jefferson County",5,20,176,92,84
050,13,163,"Georgia","Jefferson County",5,21,178,97,81
050,13,163,"Georgia","Jefferson County",5,22,192,97,95
050,13,163,"Georgia","Jefferson County",5,23,204,98,106
050,13,163,"Georgia","Jefferson County",5,24,189,95,94
050,13,163,"Georgia","Jefferson County",5,25,196,103,93
050,13,163,"Georgia","Jefferson County",5,26,183,104,79
050,13,163,"Georgia","Jefferson County",5,27,181,85,96
050,13,163,"Georgia","Jefferson County",5,28,159,72,87
050,13,163,"Georgia","Jefferson County",5,29,178,93,85
050,13,163,"Georgia","Jefferson County",5,30,184,96,88
050,13,163,"Georgia","Jefferson County",5,31,183,103,80
050,13,163,"Georgia","Jefferson County",5,32,213,109,104
050,13,163,"Georgia","Jefferson County",5,33,185,86,99
050,13,163,"Georgia","Jefferson County",5,34,199,106,93
050,13,163,"Georgia","Jefferson County",5,35,191,97,94
050,13,163,"Georgia","Jefferson County",5,36,180,101,79
050,13,163,"Georgia","Jefferson County",5,37,186,92,94
050,13,163,"Georgia","Jefferson County",5,38,175,83,92
050,13,163,"Georgia","Jefferson County",5,39,193,98,95
050,13,163,"Georgia","Jefferson County",5,40,209,104,105
050,13,163,"Georgia","Jefferson County",5,41,186,100,86
050,13,163,"Georgia","Jefferson County",5,42,176,100,76
050,13,163,"Georgia","Jefferson County",5,43,174,91,83
050,13,163,"Georgia","Jefferson County",5,44,192,95,97
050,13,163,"Georgia","Jefferson County",5,45,174,81,93
050,13,163,"Georgia","Jefferson County",5,46,161,65,96
050,13,163,"Georgia","Jefferson County",5,47,157,75,82
050,13,163,"Georgia","Jefferson County",5,48,146,75,71
050,13,163,"Georgia","Jefferson County",5,49,191,91,100
050,13,163,"Georgia","Jefferson County",5,50,185,87,98
050,13,163,"Georgia","Jefferson County",5,51,186,98,88
050,13,163,"Georgia","Jefferson County",5,52,176,87,89
050,13,163,"Georgia","Jefferson County",5,53,176,86,90
050,13,163,"Georgia","Jefferson County",5,54,195,96,99
050,13,163,"Georgia","Jefferson County",5,55,201,97,104
050,13,163,"Georgia","Jefferson County",5,56,208,98,110
050,13,163,"Georgia","Jefferson County",5,57,214,97,117
050,13,163,"Georgia","Jefferson County",5,58,213,110,103
050,13,163,"Georgia","Jefferson County",5,59,207,95,112
050,13,163,"Georgia","Jefferson County",5,60,194,92,102
050,13,163,"Georgia","Jefferson County",5,61,230,118,112
050,13,163,"Georgia","Jefferson County",5,62,232,112,120
050,13,163,"Georgia","Jefferson County",5,63,210,96,114
050,13,163,"Georgia","Jefferson County",5,64,175,74,101
050,13,163,"Georgia","Jefferson County",5,65,171,77,94
050,13,163,"Georgia","Jefferson County",5,66,186,95,91
050,13,163,"Georgia","Jefferson County",5,67,195,91,104
050,13,163,"Georgia","Jefferson County",5,68,197,83,114
050,13,163,"Georgia","Jefferson County",5,69,186,86,100
050,13,163,"Georgia","Jefferson County",5,70,186,87,99
050,13,163,"Georgia","Jefferson County",5,71,172,75,97
050,13,163,"Georgia","Jefferson County",5,72,156,74,82
050,13,163,"Georgia","Jefferson County",5,73,146,71,75
050,13,163,"Georgia","Jefferson County",5,74,155,81,74
050,13,163,"Georgia","Jefferson County",5,75,140,62,78
050,13,163,"Georgia","Jefferson County",5,76,152,67,85
050,13,163,"Georgia","Jefferson County",5,77,104,44,60
050,13,163,"Georgia","Jefferson County",5,78,90,31,59
050,13,163,"Georgia","Jefferson County",5,79,80,27,53
050,13,163,"Georgia","Jefferson County",5,80,89,26,63
050,13,163,"Georgia","Jefferson County",5,81,76,25,51
050,13,163,"Georgia","Jefferson County",5,82,70,22,48
050,13,163,"Georgia","Jefferson County",5,83,55,18,37
050,13,163,"Georgia","Jefferson County",5,84,61,21,40
050,13,163,"Georgia","Jefferson County",5,85,223,72,151
050,13,165,"Georgia","Jenkins County",1,0,95,50,45
050,13,165,"Georgia","Jenkins County",1,1,96,48,48
050,13,165,"Georgia","Jenkins County",1,2,97,46,51
050,13,165,"Georgia","Jenkins County",1,3,94,52,42
050,13,165,"Georgia","Jenkins County",1,4,89,50,39
050,13,165,"Georgia","Jenkins County",1,5,101,48,53
050,13,165,"Georgia","Jenkins County",1,6,103,57,46
050,13,165,"Georgia","Jenkins County",1,7,84,39,45
050,13,165,"Georgia","Jenkins County",1,8,92,54,38
050,13,165,"Georgia","Jenkins County",1,9,95,55,40
050,13,165,"Georgia","Jenkins County",1,10,90,43,47
050,13,165,"Georgia","Jenkins County",1,11,97,51,46
050,13,165,"Georgia","Jenkins County",1,12,98,57,41
050,13,165,"Georgia","Jenkins County",1,13,116,64,52
050,13,165,"Georgia","Jenkins County",1,14,112,61,51
050,13,165,"Georgia","Jenkins County",1,15,95,45,50
050,13,165,"Georgia","Jenkins County",1,16,93,48,45
050,13,165,"Georgia","Jenkins County",1,17,115,57,58
050,13,165,"Georgia","Jenkins County",1,18,110,57,53
050,13,165,"Georgia","Jenkins County",1,19,106,64,42
050,13,165,"Georgia","Jenkins County",1,20,117,74,43
050,13,165,"Georgia","Jenkins County",1,21,114,74,40
050,13,165,"Georgia","Jenkins County",1,22,137,86,51
050,13,165,"Georgia","Jenkins County",1,23,151,96,55
050,13,165,"Georgia","Jenkins County",1,24,113,73,40
050,13,165,"Georgia","Jenkins County",1,25,118,74,44
050,13,165,"Georgia","Jenkins County",1,26,127,76,51
050,13,165,"Georgia","Jenkins County",1,27,122,74,48
050,13,165,"Georgia","Jenkins County",1,28,144,89,55
050,13,165,"Georgia","Jenkins County",1,29,145,82,63
050,13,165,"Georgia","Jenkins County",1,30,136,77,59
050,13,165,"Georgia","Jenkins County",1,31,135,74,61
050,13,165,"Georgia","Jenkins County",1,32,126,65,61
050,13,165,"Georgia","Jenkins County",1,33,109,57,52
050,13,165,"Georgia","Jenkins County",1,34,114,63,51
050,13,165,"Georgia","Jenkins County",1,35,101,60,41
050,13,165,"Georgia","Jenkins County",1,36,98,61,37
050,13,165,"Georgia","Jenkins County",1,37,104,58,46
050,13,165,"Georgia","Jenkins County",1,38,110,70,40
050,13,165,"Georgia","Jenkins County",1,39,119,72,47
050,13,165,"Georgia","Jenkins County",1,40,115,59,56
050,13,165,"Georgia","Jenkins County",1,41,120,67,53
050,13,165,"Georgia","Jenkins County",1,42,108,59,49
050,13,165,"Georgia","Jenkins County",1,43,104,58,46
050,13,165,"Georgia","Jenkins County",1,44,107,59,48
050,13,165,"Georgia","Jenkins County",1,45,102,63,39
050,13,165,"Georgia","Jenkins County",1,46,104,56,48
050,13,165,"Georgia","Jenkins County",1,47,117,65,52
050,13,165,"Georgia","Jenkins County",1,48,122,67,55
050,13,165,"Georgia","Jenkins County",1,49,124,74,50
050,13,165,"Georgia","Jenkins County",1,50,112,64,48
050,13,165,"Georgia","Jenkins County",1,51,96,56,40
050,13,165,"Georgia","Jenkins County",1,52,98,54,44
050,13,165,"Georgia","Jenkins County",1,53,93,48,45
050,13,165,"Georgia","Jenkins County",1,54,96,49,47
050,13,165,"Georgia","Jenkins County",1,55,106,67,39
050,13,165,"Georgia","Jenkins County",1,56,115,64,51
050,13,165,"Georgia","Jenkins County",1,57,124,71,53
050,13,165,"Georgia","Jenkins County",1,58,122,67,55
050,13,165,"Georgia","Jenkins County",1,59,134,64,70
050,13,165,"Georgia","Jenkins County",1,60,122,51,71
050,13,165,"Georgia","Jenkins County",1,61,116,51,65
050,13,165,"Georgia","Jenkins County",1,62,112,51,61
050,13,165,"Georgia","Jenkins County",1,63,102,57,45
050,13,165,"Georgia","Jenkins County",1,64,101,49,52
050,13,165,"Georgia","Jenkins County",1,65,104,56,48
050,13,165,"Georgia","Jenkins County",1,66,105,49,56
050,13,165,"Georgia","Jenkins County",1,67,98,45,53
050,13,165,"Georgia","Jenkins County",1,68,97,50,47
050,13,165,"Georgia","Jenkins County",1,69,83,41,42
050,13,165,"Georgia","Jenkins County",1,70,89,41,48
050,13,165,"Georgia","Jenkins County",1,71,95,45,50
050,13,165,"Georgia","Jenkins County",1,72,102,53,49
050,13,165,"Georgia","Jenkins County",1,73,90,36,54
050,13,165,"Georgia","Jenkins County",1,74,59,21,38
050,13,165,"Georgia","Jenkins County",1,75,59,25,34
050,13,165,"Georgia","Jenkins County",1,76,58,30,28
050,13,165,"Georgia","Jenkins County",1,77,45,17,28
050,13,165,"Georgia","Jenkins County",1,78,54,23,31
050,13,165,"Georgia","Jenkins County",1,79,44,16,28
050,13,165,"Georgia","Jenkins County",1,80,43,18,25
050,13,165,"Georgia","Jenkins County",1,81,38,17,21
050,13,165,"Georgia","Jenkins County",1,82,27,8,19
050,13,165,"Georgia","Jenkins County",1,83,22,8,14
050,13,165,"Georgia","Jenkins County",1,84,29,9,20
050,13,165,"Georgia","Jenkins County",1,85,145,41,104
050,13,165,"Georgia","Jenkins County",2,0,90,49,41
050,13,165,"Georgia","Jenkins County",2,1,96,49,47
050,13,165,"Georgia","Jenkins County",2,2,98,48,50
050,13,165,"Georgia","Jenkins County",2,3,96,52,44
050,13,165,"Georgia","Jenkins County",2,4,92,52,40
050,13,165,"Georgia","Jenkins County",2,5,97,48,49
050,13,165,"Georgia","Jenkins County",2,6,101,53,48
050,13,165,"Georgia","Jenkins County",2,7,88,43,45
050,13,165,"Georgia","Jenkins County",2,8,91,52,39
050,13,165,"Georgia","Jenkins County",2,9,96,56,40
050,13,165,"Georgia","Jenkins County",2,10,90,46,44
050,13,165,"Georgia","Jenkins County",2,11,93,49,44
050,13,165,"Georgia","Jenkins County",2,12,99,56,43
050,13,165,"Georgia","Jenkins County",2,13,111,62,49
050,13,165,"Georgia","Jenkins County",2,14,111,62,49
050,13,165,"Georgia","Jenkins County",2,15,97,47,50
050,13,165,"Georgia","Jenkins County",2,16,93,46,47
050,13,165,"Georgia","Jenkins County",2,17,110,55,55
050,13,165,"Georgia","Jenkins County",2,18,108,57,51
050,13,165,"Georgia","Jenkins County",2,19,104,61,43
050,13,165,"Georgia","Jenkins County",2,20,118,75,43
050,13,165,"Georgia","Jenkins County",2,21,116,74,42
050,13,165,"Georgia","Jenkins County",2,22,134,84,50
050,13,165,"Georgia","Jenkins County",2,23,146,92,54
050,13,165,"Georgia","Jenkins County",2,24,123,79,44
050,13,165,"Georgia","Jenkins County",2,25,119,76,43
050,13,165,"Georgia","Jenkins County",2,26,125,75,50
050,13,165,"Georgia","Jenkins County",2,27,126,76,50
050,13,165,"Georgia","Jenkins County",2,28,138,86,52
050,13,165,"Georgia","Jenkins County",2,29,141,82,59
050,13,165,"Georgia","Jenkins County",2,30,140,79,61
050,13,165,"Georgia","Jenkins County",2,31,135,74,61
050,13,165,"Georgia","Jenkins County",2,32,127,66,61
050,13,165,"Georgia","Jenkins County",2,33,113,59,54
050,13,165,"Georgia","Jenkins County",2,34,114,62,52
050,13,165,"Georgia","Jenkins County",2,35,103,60,43
050,13,165,"Georgia","Jenkins County",2,36,98,60,38
050,13,165,"Georgia","Jenkins County",2,37,103,59,44
050,13,165,"Georgia","Jenkins County",2,38,109,67,42
050,13,165,"Georgia","Jenkins County",2,39,119,73,46
050,13,165,"Georgia","Jenkins County",2,40,115,62,53
050,13,165,"Georgia","Jenkins County",2,41,120,65,55
050,13,165,"Georgia","Jenkins County",2,42,112,61,51
050,13,165,"Georgia","Jenkins County",2,43,107,59,48
050,13,165,"Georgia","Jenkins County",2,44,106,59,47
050,13,165,"Georgia","Jenkins County",2,45,103,62,41
050,13,165,"Georgia","Jenkins County",2,46,104,59,45
050,13,165,"Georgia","Jenkins County",2,47,114,63,51
050,13,165,"Georgia","Jenkins County",2,48,121,67,54
050,13,165,"Georgia","Jenkins County",2,49,124,73,51
050,13,165,"Georgia","Jenkins County",2,50,113,65,48
050,13,165,"Georgia","Jenkins County",2,51,100,58,42
050,13,165,"Georgia","Jenkins County",2,52,97,54,43
050,13,165,"Georgia","Jenkins County",2,53,94,49,45
050,13,165,"Georgia","Jenkins County",2,54,95,48,47
050,13,165,"Georgia","Jenkins County",2,55,102,62,40
050,13,165,"Georgia","Jenkins County",2,56,110,63,47
050,13,165,"Georgia","Jenkins County",2,57,121,71,50
050,13,165,"Georgia","Jenkins County",2,58,122,67,55
050,13,165,"Georgia","Jenkins County",2,59,131,64,67
050,13,165,"Georgia","Jenkins County",2,60,124,53,71
050,13,165,"Georgia","Jenkins County",2,61,118,51,67
050,13,165,"Georgia","Jenkins County",2,62,113,50,63
050,13,165,"Georgia","Jenkins County",2,63,105,55,50
050,13,165,"Georgia","Jenkins County",2,64,101,51,50
050,13,165,"Georgia","Jenkins County",2,65,104,56,48
050,13,165,"Georgia","Jenkins County",2,66,103,50,53
050,13,165,"Georgia","Jenkins County",2,67,97,44,53
050,13,165,"Georgia","Jenkins County",2,68,95,49,46
050,13,165,"Georgia","Jenkins County",2,69,85,42,43
050,13,165,"Georgia","Jenkins County",2,70,88,42,46
050,13,165,"Georgia","Jenkins County",2,71,92,43,49
050,13,165,"Georgia","Jenkins County",2,72,96,49,47
050,13,165,"Georgia","Jenkins County",2,73,97,42,55
050,13,165,"Georgia","Jenkins County",2,74,62,23,39
050,13,165,"Georgia","Jenkins County",2,75,58,24,34
050,13,165,"Georgia","Jenkins County",2,76,57,28,29
050,13,165,"Georgia","Jenkins County",2,77,48,20,28
050,13,165,"Georgia","Jenkins County",2,78,53,23,30
050,13,165,"Georgia","Jenkins County",2,79,45,16,29
050,13,165,"Georgia","Jenkins County",2,80,39,15,24
050,13,165,"Georgia","Jenkins County",2,81,39,17,22
050,13,165,"Georgia","Jenkins County",2,82,29,10,19
050,13,165,"Georgia","Jenkins County",2,83,24,8,16
050,13,165,"Georgia","Jenkins County",2,84,28,9,19
050,13,165,"Georgia","Jenkins County",2,85,144,40,104
050,13,165,"Georgia","Jenkins County",3,0,92,39,53
050,13,165,"Georgia","Jenkins County",3,1,98,55,43
050,13,165,"Georgia","Jenkins County",3,2,91,42,49
050,13,165,"Georgia","Jenkins County",3,3,90,44,46
050,13,165,"Georgia","Jenkins County",3,4,89,48,41
050,13,165,"Georgia","Jenkins County",3,5,93,52,41
050,13,165,"Georgia","Jenkins County",3,6,96,47,49
050,13,165,"Georgia","Jenkins County",3,7,99,53,46
050,13,165,"Georgia","Jenkins County",3,8,89,42,47
050,13,165,"Georgia","Jenkins County",3,9,91,52,39
050,13,165,"Georgia","Jenkins County",3,10,93,53,40
050,13,165,"Georgia","Jenkins County",3,11,92,49,43
050,13,165,"Georgia","Jenkins County",3,12,93,48,45
050,13,165,"Georgia","Jenkins County",3,13,107,55,52
050,13,165,"Georgia","Jenkins County",3,14,104,53,51
050,13,165,"Georgia","Jenkins County",3,15,111,61,50
050,13,165,"Georgia","Jenkins County",3,16,99,45,54
050,13,165,"Georgia","Jenkins County",3,17,94,48,46
050,13,165,"Georgia","Jenkins County",3,18,98,56,42
050,13,165,"Georgia","Jenkins County",3,19,106,64,42
050,13,165,"Georgia","Jenkins County",3,20,118,73,45
050,13,165,"Georgia","Jenkins County",3,21,128,79,49
050,13,165,"Georgia","Jenkins County",3,22,123,78,45
050,13,165,"Georgia","Jenkins County",3,23,144,92,52
050,13,165,"Georgia","Jenkins County",3,24,136,88,48
050,13,165,"Georgia","Jenkins County",3,25,123,79,44
050,13,165,"Georgia","Jenkins County",3,26,129,82,47
050,13,165,"Georgia","Jenkins County",3,27,133,85,48
050,13,165,"Georgia","Jenkins County",3,28,127,79,48
050,13,165,"Georgia","Jenkins County",3,29,143,90,53
050,13,165,"Georgia","Jenkins County",3,30,139,82,57
050,13,165,"Georgia","Jenkins County",3,31,143,79,64
050,13,165,"Georgia","Jenkins County",3,32,131,75,56
050,13,165,"Georgia","Jenkins County",3,33,132,71,61
050,13,165,"Georgia","Jenkins County",3,34,125,62,63
050,13,165,"Georgia","Jenkins County",3,35,118,64,54
050,13,165,"Georgia","Jenkins County",3,36,105,61,44
050,13,165,"Georgia","Jenkins County",3,37,96,60,36
050,13,165,"Georgia","Jenkins County",3,38,111,66,45
050,13,165,"Georgia","Jenkins County",3,39,111,68,43
050,13,165,"Georgia","Jenkins County",3,40,119,76,43
050,13,165,"Georgia","Jenkins County",3,41,115,63,52
050,13,165,"Georgia","Jenkins County",3,42,125,65,60
050,13,165,"Georgia","Jenkins County",3,43,118,65,53
050,13,165,"Georgia","Jenkins County",3,44,109,61,48
050,13,165,"Georgia","Jenkins County",3,45,104,61,43
050,13,165,"Georgia","Jenkins County",3,46,110,67,43
050,13,165,"Georgia","Jenkins County",3,47,106,63,43
050,13,165,"Georgia","Jenkins County",3,48,118,67,51
050,13,165,"Georgia","Jenkins County",3,49,121,70,51
050,13,165,"Georgia","Jenkins County",3,50,120,69,51
050,13,165,"Georgia","Jenkins County",3,51,109,62,47
050,13,165,"Georgia","Jenkins County",3,52,106,66,40
050,13,165,"Georgia","Jenkins County",3,53,102,56,46
050,13,165,"Georgia","Jenkins County",3,54,95,50,45
050,13,165,"Georgia","Jenkins County",3,55,97,48,49
050,13,165,"Georgia","Jenkins County",3,56,102,64,38
050,13,165,"Georgia","Jenkins County",3,57,111,62,49
050,13,165,"Georgia","Jenkins County",3,58,115,67,48
050,13,165,"Georgia","Jenkins County",3,59,129,71,58
050,13,165,"Georgia","Jenkins County",3,60,133,64,69
050,13,165,"Georgia","Jenkins County",3,61,125,54,71
050,13,165,"Georgia","Jenkins County",3,62,116,46,70
050,13,165,"Georgia","Jenkins County",3,63,114,52,62
050,13,165,"Georgia","Jenkins County",3,64,100,54,46
050,13,165,"Georgia","Jenkins County",3,65,102,52,50
050,13,165,"Georgia","Jenkins County",3,66,104,56,48
050,13,165,"Georgia","Jenkins County",3,67,101,51,50
050,13,165,"Georgia","Jenkins County",3,68,92,41,51
050,13,165,"Georgia","Jenkins County",3,69,94,47,47
050,13,165,"Georgia","Jenkins County",3,70,82,39,43
050,13,165,"Georgia","Jenkins County",3,71,83,40,43
050,13,165,"Georgia","Jenkins County",3,72,92,41,51
050,13,165,"Georgia","Jenkins County",3,73,94,47,47
050,13,165,"Georgia","Jenkins County",3,74,86,36,50
050,13,165,"Georgia","Jenkins County",3,75,62,22,40
050,13,165,"Georgia","Jenkins County",3,76,53,21,32
050,13,165,"Georgia","Jenkins County",3,77,53,26,27
050,13,165,"Georgia","Jenkins County",3,78,46,20,26
050,13,165,"Georgia","Jenkins County",3,79,50,20,30
050,13,165,"Georgia","Jenkins County",3,80,39,14,25
050,13,165,"Georgia","Jenkins County",3,81,39,13,26
050,13,165,"Georgia","Jenkins County",3,82,34,15,19
050,13,165,"Georgia","Jenkins County",3,83,27,8,19
050,13,165,"Georgia","Jenkins County",3,84,20,6,14
050,13,165,"Georgia","Jenkins County",3,85,152,42,110
050,13,165,"Georgia","Jenkins County",4,0,95,38,57
050,13,165,"Georgia","Jenkins County",4,1,98,40,58
050,13,165,"Georgia","Jenkins County",4,2,96,53,43
050,13,165,"Georgia","Jenkins County",4,3,92,45,47
050,13,165,"Georgia","Jenkins County",4,4,83,38,45
050,13,165,"Georgia","Jenkins County",4,5,93,47,46
050,13,165,"Georgia","Jenkins County",4,6,95,53,42
050,13,165,"Georgia","Jenkins County",4,7,92,45,47
050,13,165,"Georgia","Jenkins County",4,8,102,55,47
050,13,165,"Georgia","Jenkins County",4,9,89,43,46
050,13,165,"Georgia","Jenkins County",4,10,92,51,41
050,13,165,"Georgia","Jenkins County",4,11,90,52,38
050,13,165,"Georgia","Jenkins County",4,12,85,42,43
050,13,165,"Georgia","Jenkins County",4,13,85,44,41
050,13,165,"Georgia","Jenkins County",4,14,97,54,43
050,13,165,"Georgia","Jenkins County",4,15,107,56,51
050,13,165,"Georgia","Jenkins County",4,16,118,57,61
050,13,165,"Georgia","Jenkins County",4,17,100,49,51
050,13,165,"Georgia","Jenkins County",4,18,85,46,39
050,13,165,"Georgia","Jenkins County",4,19,98,61,37
050,13,165,"Georgia","Jenkins County",4,20,114,69,45
050,13,165,"Georgia","Jenkins County",4,21,116,71,45
050,13,165,"Georgia","Jenkins County",4,22,137,81,56
050,13,165,"Georgia","Jenkins County",4,23,128,79,49
050,13,165,"Georgia","Jenkins County",4,24,145,84,61
050,13,165,"Georgia","Jenkins County",4,25,131,84,47
050,13,165,"Georgia","Jenkins County",4,26,130,82,48
050,13,165,"Georgia","Jenkins County",4,27,136,83,53
050,13,165,"Georgia","Jenkins County",4,28,124,80,44
050,13,165,"Georgia","Jenkins County",4,29,124,75,49
050,13,165,"Georgia","Jenkins County",4,30,142,89,53
050,13,165,"Georgia","Jenkins County",4,31,134,74,60
050,13,165,"Georgia","Jenkins County",4,32,135,75,60
050,13,165,"Georgia","Jenkins County",4,33,129,69,60
050,13,165,"Georgia","Jenkins County",4,34,134,71,63
050,13,165,"Georgia","Jenkins County",4,35,114,53,61
050,13,165,"Georgia","Jenkins County",4,36,112,64,48
050,13,165,"Georgia","Jenkins County",4,37,100,58,42
050,13,165,"Georgia","Jenkins County",4,38,102,65,37
050,13,165,"Georgia","Jenkins County",4,39,109,65,44
050,13,165,"Georgia","Jenkins County",4,40,105,63,42
050,13,165,"Georgia","Jenkins County",4,41,116,71,45
050,13,165,"Georgia","Jenkins County",4,42,107,56,51
050,13,165,"Georgia","Jenkins County",4,43,122,64,58
050,13,165,"Georgia","Jenkins County",4,44,123,67,56
050,13,165,"Georgia","Jenkins County",4,45,105,56,49
050,13,165,"Georgia","Jenkins County",4,46,101,60,41
050,13,165,"Georgia","Jenkins County",4,47,112,70,42
050,13,165,"Georgia","Jenkins County",4,48,101,62,39
050,13,165,"Georgia","Jenkins County",4,49,112,65,47
050,13,165,"Georgia","Jenkins County",4,50,112,59,53
050,13,165,"Georgia","Jenkins County",4,51,124,72,52
050,13,165,"Georgia","Jenkins County",4,52,105,58,47
050,13,165,"Georgia","Jenkins County",4,53,100,65,35
050,13,165,"Georgia","Jenkins County",4,54,95,53,42
050,13,165,"Georgia","Jenkins County",4,55,88,43,45
050,13,165,"Georgia","Jenkins County",4,56,99,49,50
050,13,165,"Georgia","Jenkins County",4,57,105,63,42
050,13,165,"Georgia","Jenkins County",4,58,107,59,48
050,13,165,"Georgia","Jenkins County",4,59,109,62,47
050,13,165,"Georgia","Jenkins County",4,60,127,69,58
050,13,165,"Georgia","Jenkins County",4,61,133,61,72
050,13,165,"Georgia","Jenkins County",4,62,119,50,69
050,13,165,"Georgia","Jenkins County",4,63,115,45,70
050,13,165,"Georgia","Jenkins County",4,64,106,48,58
050,13,165,"Georgia","Jenkins County",4,65,99,52,47
050,13,165,"Georgia","Jenkins County",4,66,101,51,50
050,13,165,"Georgia","Jenkins County",4,67,98,50,48
050,13,165,"Georgia","Jenkins County",4,68,99,49,50
050,13,165,"Georgia","Jenkins County",4,69,93,40,53
050,13,165,"Georgia","Jenkins County",4,70,91,44,47
050,13,165,"Georgia","Jenkins County",4,71,78,38,40
050,13,165,"Georgia","Jenkins County",4,72,79,36,43
050,13,165,"Georgia","Jenkins County",4,73,89,41,48
050,13,165,"Georgia","Jenkins County",4,74,87,43,44
050,13,165,"Georgia","Jenkins County",4,75,84,35,49
050,13,165,"Georgia","Jenkins County",4,76,55,17,38
050,13,165,"Georgia","Jenkins County",4,77,47,18,29
050,13,165,"Georgia","Jenkins County",4,78,51,25,26
050,13,165,"Georgia","Jenkins County",4,79,46,17,29
050,13,165,"Georgia","Jenkins County",4,80,44,18,26
050,13,165,"Georgia","Jenkins County",4,81,38,15,23
050,13,165,"Georgia","Jenkins County",4,82,32,10,22
050,13,165,"Georgia","Jenkins County",4,83,33,14,19
050,13,165,"Georgia","Jenkins County",4,84,22,6,16
050,13,165,"Georgia","Jenkins County",4,85,153,42,111
050,13,165,"Georgia","Jenkins County",5,0,94,37,57
050,13,165,"Georgia","Jenkins County",5,1,91,40,51
050,13,165,"Georgia","Jenkins County",5,2,101,43,58
050,13,165,"Georgia","Jenkins County",5,3,98,54,44
050,13,165,"Georgia","Jenkins County",5,4,82,38,44
050,13,165,"Georgia","Jenkins County",5,5,88,43,45
050,13,165,"Georgia","Jenkins County",5,6,100,48,52
050,13,165,"Georgia","Jenkins County",5,7,91,55,36
050,13,165,"Georgia","Jenkins County",5,8,91,45,46
050,13,165,"Georgia","Jenkins County",5,9,97,55,42
050,13,165,"Georgia","Jenkins County",5,10,89,46,43
050,13,165,"Georgia","Jenkins County",5,11,93,53,40
050,13,165,"Georgia","Jenkins County",5,12,92,54,38
050,13,165,"Georgia","Jenkins County",5,13,89,47,42
050,13,165,"Georgia","Jenkins County",5,14,93,50,43
050,13,165,"Georgia","Jenkins County",5,15,100,56,44
050,13,165,"Georgia","Jenkins County",5,16,103,54,49
050,13,165,"Georgia","Jenkins County",5,17,126,63,63
050,13,165,"Georgia","Jenkins County",5,18,100,54,46
050,13,165,"Georgia","Jenkins County",5,19,87,49,38
050,13,165,"Georgia","Jenkins County",5,20,112,66,46
050,13,165,"Georgia","Jenkins County",5,21,114,68,46
050,13,165,"Georgia","Jenkins County",5,22,120,75,45
050,13,165,"Georgia","Jenkins County",5,23,126,77,49
050,13,165,"Georgia","Jenkins County",5,24,129,76,53
050,13,165,"Georgia","Jenkins County",5,25,139,83,56
050,13,165,"Georgia","Jenkins County",5,26,133,79,54
050,13,165,"Georgia","Jenkins County",5,27,134,81,53
050,13,165,"Georgia","Jenkins County",5,28,142,87,55
050,13,165,"Georgia","Jenkins County",5,29,121,76,45
050,13,165,"Georgia","Jenkins County",5,30,131,80,51
050,13,165,"Georgia","Jenkins County",5,31,136,84,52
050,13,165,"Georgia","Jenkins County",5,32,129,74,55
050,13,165,"Georgia","Jenkins County",5,33,133,75,58
050,13,165,"Georgia","Jenkins County",5,34,125,67,58
050,13,165,"Georgia","Jenkins County",5,35,123,64,59
050,13,165,"Georgia","Jenkins County",5,36,106,48,58
050,13,165,"Georgia","Jenkins County",5,37,103,59,44
050,13,165,"Georgia","Jenkins County",5,38,100,58,42
050,13,165,"Georgia","Jenkins County",5,39,104,64,40
050,13,165,"Georgia","Jenkins County",5,40,102,60,42
050,13,165,"Georgia","Jenkins County",5,41,104,62,42
050,13,165,"Georgia","Jenkins County",5,42,115,70,45
050,13,165,"Georgia","Jenkins County",5,43,106,53,53
050,13,165,"Georgia","Jenkins County",5,44,123,63,60
050,13,165,"Georgia","Jenkins County",5,45,117,60,57
050,13,165,"Georgia","Jenkins County",5,46,115,62,53
050,13,165,"Georgia","Jenkins County",5,47,95,55,40
050,13,165,"Georgia","Jenkins County",5,48,117,67,50
050,13,165,"Georgia","Jenkins County",5,49,95,55,40
050,13,165,"Georgia","Jenkins County",5,50,104,55,49
050,13,165,"Georgia","Jenkins County",5,51,107,56,51
050,13,165,"Georgia","Jenkins County",5,52,131,76,55
050,13,165,"Georgia","Jenkins County",5,53,107,56,51
050,13,165,"Georgia","Jenkins County",5,54,96,63,33
050,13,165,"Georgia","Jenkins County",5,55,91,49,42
050,13,165,"Georgia","Jenkins County",5,56,85,41,44
050,13,165,"Georgia","Jenkins County",5,57,101,50,51
050,13,165,"Georgia","Jenkins County",5,58,105,58,47
050,13,165,"Georgia","Jenkins County",5,59,100,60,40
050,13,165,"Georgia","Jenkins County",5,60,109,60,49
050,13,165,"Georgia","Jenkins County",5,61,125,66,59
050,13,165,"Georgia","Jenkins County",5,62,130,57,73
050,13,165,"Georgia","Jenkins County",5,63,125,57,68
050,13,165,"Georgia","Jenkins County",5,64,114,45,69
050,13,165,"Georgia","Jenkins County",5,65,106,49,57
050,13,165,"Georgia","Jenkins County",5,66,97,52,45
050,13,165,"Georgia","Jenkins County",5,67,93,44,49
050,13,165,"Georgia","Jenkins County",5,68,97,50,47
050,13,165,"Georgia","Jenkins County",5,69,98,48,50
050,13,165,"Georgia","Jenkins County",5,70,90,36,54
050,13,165,"Georgia","Jenkins County",5,71,89,44,45
050,13,165,"Georgia","Jenkins County",5,72,73,33,40
050,13,165,"Georgia","Jenkins County",5,73,81,38,43
050,13,165,"Georgia","Jenkins County",5,74,84,38,46
050,13,165,"Georgia","Jenkins County",5,75,87,43,44
050,13,165,"Georgia","Jenkins County",5,76,82,34,48
050,13,165,"Georgia","Jenkins County",5,77,49,16,33
050,13,165,"Georgia","Jenkins County",5,78,45,16,29
050,13,165,"Georgia","Jenkins County",5,79,50,22,28
050,13,165,"Georgia","Jenkins County",5,80,39,16,23
050,13,165,"Georgia","Jenkins County",5,81,42,17,25
050,13,165,"Georgia","Jenkins County",5,82,28,10,18
050,13,165,"Georgia","Jenkins County",5,83,32,9,23
050,13,165,"Georgia","Jenkins County",5,84,27,12,15
050,13,165,"Georgia","Jenkins County",5,85,154,42,112
050,13,167,"Georgia","Johnson County",1,0,94,48,46
050,13,167,"Georgia","Johnson County",1,1,98,50,48
050,13,167,"Georgia","Johnson County",1,2,102,50,52
050,13,167,"Georgia","Johnson County",1,3,102,47,55
050,13,167,"Georgia","Johnson County",1,4,90,45,45
050,13,167,"Georgia","Johnson County",1,5,82,39,43
050,13,167,"Georgia","Johnson County",1,6,72,34,38
050,13,167,"Georgia","Johnson County",1,7,91,39,52
050,13,167,"Georgia","Johnson County",1,8,78,37,41
050,13,167,"Georgia","Johnson County",1,9,84,44,40
050,13,167,"Georgia","Johnson County",1,10,88,45,43
050,13,167,"Georgia","Johnson County",1,11,89,40,49
050,13,167,"Georgia","Johnson County",1,12,100,52,48
050,13,167,"Georgia","Johnson County",1,13,105,50,55
050,13,167,"Georgia","Johnson County",1,14,102,58,44
050,13,167,"Georgia","Johnson County",1,15,100,57,43
050,13,167,"Georgia","Johnson County",1,16,104,49,55
050,13,167,"Georgia","Johnson County",1,17,117,62,55
050,13,167,"Georgia","Johnson County",1,18,87,44,43
050,13,167,"Georgia","Johnson County",1,19,78,42,36
050,13,167,"Georgia","Johnson County",1,20,106,58,48
050,13,167,"Georgia","Johnson County",1,21,103,58,45
050,13,167,"Georgia","Johnson County",1,22,105,63,42
050,13,167,"Georgia","Johnson County",1,23,111,64,47
050,13,167,"Georgia","Johnson County",1,24,111,69,42
050,13,167,"Georgia","Johnson County",1,25,115,67,48
050,13,167,"Georgia","Johnson County",1,26,130,92,38
050,13,167,"Georgia","Johnson County",1,27,115,75,40
050,13,167,"Georgia","Johnson County",1,28,113,71,42
050,13,167,"Georgia","Johnson County",1,29,113,76,37
050,13,167,"Georgia","Johnson County",1,30,123,86,37
050,13,167,"Georgia","Johnson County",1,31,104,70,34
050,13,167,"Georgia","Johnson County",1,32,124,82,42
050,13,167,"Georgia","Johnson County",1,33,130,82,48
050,13,167,"Georgia","Johnson County",1,34,116,74,42
050,13,167,"Georgia","Johnson County",1,35,113,73,40
050,13,167,"Georgia","Johnson County",1,36,114,80,34
050,13,167,"Georgia","Johnson County",1,37,126,87,39
050,13,167,"Georgia","Johnson County",1,38,116,81,35
050,13,167,"Georgia","Johnson County",1,39,130,87,43
050,13,167,"Georgia","Johnson County",1,40,151,105,46
050,13,167,"Georgia","Johnson County",1,41,122,81,41
050,13,167,"Georgia","Johnson County",1,42,123,82,41
050,13,167,"Georgia","Johnson County",1,43,132,86,46
050,13,167,"Georgia","Johnson County",1,44,121,83,38
050,13,167,"Georgia","Johnson County",1,45,126,85,41
050,13,167,"Georgia","Johnson County",1,46,128,89,39
050,13,167,"Georgia","Johnson County",1,47,134,89,45
050,13,167,"Georgia","Johnson County",1,48,147,99,48
050,13,167,"Georgia","Johnson County",1,49,135,87,48
050,13,167,"Georgia","Johnson County",1,50,140,89,51
050,13,167,"Georgia","Johnson County",1,51,126,80,46
050,13,167,"Georgia","Johnson County",1,52,120,80,40
050,13,167,"Georgia","Johnson County",1,53,124,74,50
050,13,167,"Georgia","Johnson County",1,54,135,79,56
050,13,167,"Georgia","Johnson County",1,55,124,81,43
050,13,167,"Georgia","Johnson County",1,56,119,74,45
050,13,167,"Georgia","Johnson County",1,57,120,73,47
050,13,167,"Georgia","Johnson County",1,58,122,62,60
050,13,167,"Georgia","Johnson County",1,59,141,73,68
050,13,167,"Georgia","Johnson County",1,60,134,71,63
050,13,167,"Georgia","Johnson County",1,61,117,57,60
050,13,167,"Georgia","Johnson County",1,62,123,64,59
050,13,167,"Georgia","Johnson County",1,63,125,71,54
050,13,167,"Georgia","Johnson County",1,64,136,71,65
050,13,167,"Georgia","Johnson County",1,65,107,53,54
050,13,167,"Georgia","Johnson County",1,66,98,52,46
050,13,167,"Georgia","Johnson County",1,67,116,67,49
050,13,167,"Georgia","Johnson County",1,68,108,49,59
050,13,167,"Georgia","Johnson County",1,69,108,55,53
050,13,167,"Georgia","Johnson County",1,70,88,43,45
050,13,167,"Georgia","Johnson County",1,71,107,48,59
050,13,167,"Georgia","Johnson County",1,72,96,46,50
050,13,167,"Georgia","Johnson County",1,73,111,57,54
050,13,167,"Georgia","Johnson County",1,74,82,35,47
050,13,167,"Georgia","Johnson County",1,75,83,38,45
050,13,167,"Georgia","Johnson County",1,76,75,45,30
050,13,167,"Georgia","Johnson County",1,77,62,30,32
050,13,167,"Georgia","Johnson County",1,78,67,31,36
050,13,167,"Georgia","Johnson County",1,79,60,30,30
050,13,167,"Georgia","Johnson County",1,80,53,30,23
050,13,167,"Georgia","Johnson County",1,81,36,13,23
050,13,167,"Georgia","Johnson County",1,82,46,15,31
050,13,167,"Georgia","Johnson County",1,83,32,12,20
050,13,167,"Georgia","Johnson County",1,84,32,10,22
050,13,167,"Georgia","Johnson County",1,85,215,74,141
050,13,167,"Georgia","Johnson County",2,0,93,49,44
050,13,167,"Georgia","Johnson County",2,1,97,49,48
050,13,167,"Georgia","Johnson County",2,2,100,49,51
050,13,167,"Georgia","Johnson County",2,3,98,45,53
050,13,167,"Georgia","Johnson County",2,4,94,46,48
050,13,167,"Georgia","Johnson County",2,5,83,40,43
050,13,167,"Georgia","Johnson County",2,6,75,36,39
050,13,167,"Georgia","Johnson County",2,7,87,37,50
050,13,167,"Georgia","Johnson County",2,8,80,37,43
050,13,167,"Georgia","Johnson County",2,9,82,42,40
050,13,167,"Georgia","Johnson County",2,10,88,45,43
050,13,167,"Georgia","Johnson County",2,11,88,41,47
050,13,167,"Georgia","Johnson County",2,12,98,49,49
050,13,167,"Georgia","Johnson County",2,13,104,51,53
050,13,167,"Georgia","Johnson County",2,14,103,56,47
050,13,167,"Georgia","Johnson County",2,15,100,57,43
050,13,167,"Georgia","Johnson County",2,16,103,52,51
050,13,167,"Georgia","Johnson County",2,17,115,59,56
050,13,167,"Georgia","Johnson County",2,18,87,46,41
050,13,167,"Georgia","Johnson County",2,19,80,43,37
050,13,167,"Georgia","Johnson County",2,20,104,57,47
050,13,167,"Georgia","Johnson County",2,21,107,60,47
050,13,167,"Georgia","Johnson County",2,22,106,62,44
050,13,167,"Georgia","Johnson County",2,23,109,65,44
050,13,167,"Georgia","Johnson County",2,24,112,69,43
050,13,167,"Georgia","Johnson County",2,25,114,68,46
050,13,167,"Georgia","Johnson County",2,26,131,90,41
050,13,167,"Georgia","Johnson County",2,27,115,76,39
050,13,167,"Georgia","Johnson County",2,28,114,74,40
050,13,167,"Georgia","Johnson County",2,29,113,74,39
050,13,167,"Georgia","Johnson County",2,30,122,84,38
050,13,167,"Georgia","Johnson County",2,31,106,71,35
050,13,167,"Georgia","Johnson County",2,32,118,78,40
050,13,167,"Georgia","Johnson County",2,33,129,84,45
050,13,167,"Georgia","Johnson County",2,34,118,74,44
050,13,167,"Georgia","Johnson County",2,35,109,69,40
050,13,167,"Georgia","Johnson County",2,36,116,80,36
050,13,167,"Georgia","Johnson County",2,37,124,87,37
050,13,167,"Georgia","Johnson County",2,38,118,82,36
050,13,167,"Georgia","Johnson County",2,39,127,87,40
050,13,167,"Georgia","Johnson County",2,40,151,105,46
050,13,167,"Georgia","Johnson County",2,41,122,81,41
050,13,167,"Georgia","Johnson County",2,42,124,83,41
050,13,167,"Georgia","Johnson County",2,43,130,86,44
050,13,167,"Georgia","Johnson County",2,44,120,82,38
050,13,167,"Georgia","Johnson County",2,45,127,86,41
050,13,167,"Georgia","Johnson County",2,46,127,88,39
050,13,167,"Georgia","Johnson County",2,47,133,89,44
050,13,167,"Georgia","Johnson County",2,48,146,98,48
050,13,167,"Georgia","Johnson County",2,49,136,88,48
050,13,167,"Georgia","Johnson County",2,50,140,90,50
050,13,167,"Georgia","Johnson County",2,51,128,81,47
050,13,167,"Georgia","Johnson County",2,52,121,79,42
050,13,167,"Georgia","Johnson County",2,53,120,72,48
050,13,167,"Georgia","Johnson County",2,54,130,76,54
050,13,167,"Georgia","Johnson County",2,55,129,82,47
050,13,167,"Georgia","Johnson County",2,56,118,74,44
050,13,167,"Georgia","Johnson County",2,57,120,73,47
050,13,167,"Georgia","Johnson County",2,58,119,62,57
050,13,167,"Georgia","Johnson County",2,59,138,71,67
050,13,167,"Georgia","Johnson County",2,60,135,71,64
050,13,167,"Georgia","Johnson County",2,61,118,58,60
050,13,167,"Georgia","Johnson County",2,62,121,63,58
050,13,167,"Georgia","Johnson County",2,63,124,67,57
050,13,167,"Georgia","Johnson County",2,64,134,72,62
050,13,167,"Georgia","Johnson County",2,65,110,54,56
050,13,167,"Georgia","Johnson County",2,66,100,53,47
050,13,167,"Georgia","Johnson County",2,67,113,64,49
050,13,167,"Georgia","Johnson County",2,68,110,53,57
050,13,167,"Georgia","Johnson County",2,69,108,53,55
050,13,167,"Georgia","Johnson County",2,70,94,47,47
050,13,167,"Georgia","Johnson County",2,71,105,49,56
050,13,167,"Georgia","Johnson County",2,72,95,45,50
050,13,167,"Georgia","Johnson County",2,73,113,57,56
050,13,167,"Georgia","Johnson County",2,74,83,37,46
050,13,167,"Georgia","Johnson County",2,75,84,37,47
050,13,167,"Georgia","Johnson County",2,76,77,42,35
050,13,167,"Georgia","Johnson County",2,77,66,34,32
050,13,167,"Georgia","Johnson County",2,78,66,30,36
050,13,167,"Georgia","Johnson County",2,79,62,30,32
050,13,167,"Georgia","Johnson County",2,80,54,30,24
050,13,167,"Georgia","Johnson County",2,81,40,16,24
050,13,167,"Georgia","Johnson County",2,82,46,16,30
050,13,167,"Georgia","Johnson County",2,83,34,12,22
050,13,167,"Georgia","Johnson County",2,84,32,10,22
050,13,167,"Georgia","Johnson County",2,85,213,70,143
050,13,167,"Georgia","Johnson County",3,0,81,38,43
050,13,167,"Georgia","Johnson County",3,1,82,42,40
050,13,167,"Georgia","Johnson County",3,2,100,48,52
050,13,167,"Georgia","Johnson County",3,3,94,48,46
050,13,167,"Georgia","Johnson County",3,4,102,51,51
050,13,167,"Georgia","Johnson County",3,5,93,50,43
050,13,167,"Georgia","Johnson County",3,6,83,40,43
050,13,167,"Georgia","Johnson County",3,7,72,37,35
050,13,167,"Georgia","Johnson County",3,8,80,35,45
050,13,167,"Georgia","Johnson County",3,9,80,36,44
050,13,167,"Georgia","Johnson County",3,10,81,38,43
050,13,167,"Georgia","Johnson County",3,11,91,47,44
050,13,167,"Georgia","Johnson County",3,12,82,43,39
050,13,167,"Georgia","Johnson County",3,13,101,48,53
050,13,167,"Georgia","Johnson County",3,14,101,49,52
050,13,167,"Georgia","Johnson County",3,15,100,50,50
050,13,167,"Georgia","Johnson County",3,16,94,57,37
050,13,167,"Georgia","Johnson County",3,17,108,53,55
050,13,167,"Georgia","Johnson County",3,18,99,53,46
050,13,167,"Georgia","Johnson County",3,19,78,44,34
050,13,167,"Georgia","Johnson County",3,20,99,55,44
050,13,167,"Georgia","Johnson County",3,21,102,62,40
050,13,167,"Georgia","Johnson County",3,22,103,54,49
050,13,167,"Georgia","Johnson County",3,23,103,55,48
050,13,167,"Georgia","Johnson County",3,24,115,70,45
050,13,167,"Georgia","Johnson County",3,25,123,76,47
050,13,167,"Georgia","Johnson County",3,26,121,81,40
050,13,167,"Georgia","Johnson County",3,27,109,71,38
050,13,167,"Georgia","Johnson County",3,28,132,90,42
050,13,167,"Georgia","Johnson County",3,29,112,73,39
050,13,167,"Georgia","Johnson County",3,30,121,82,39
050,13,167,"Georgia","Johnson County",3,31,102,64,38
050,13,167,"Georgia","Johnson County",3,32,104,71,33
050,13,167,"Georgia","Johnson County",3,33,118,83,35
050,13,167,"Georgia","Johnson County",3,34,119,74,45
050,13,167,"Georgia","Johnson County",3,35,99,60,39
050,13,167,"Georgia","Johnson County",3,36,114,75,39
050,13,167,"Georgia","Johnson County",3,37,119,82,37
050,13,167,"Georgia","Johnson County",3,38,113,76,37
050,13,167,"Georgia","Johnson County",3,39,122,84,38
050,13,167,"Georgia","Johnson County",3,40,137,97,40
050,13,167,"Georgia","Johnson County",3,41,127,83,44
050,13,167,"Georgia","Johnson County",3,42,131,89,42
050,13,167,"Georgia","Johnson County",3,43,116,79,37
050,13,167,"Georgia","Johnson County",3,44,117,75,42
050,13,167,"Georgia","Johnson County",3,45,125,84,41
050,13,167,"Georgia","Johnson County",3,46,125,84,41
050,13,167,"Georgia","Johnson County",3,47,131,90,41
050,13,167,"Georgia","Johnson County",3,48,141,94,47
050,13,167,"Georgia","Johnson County",3,49,134,85,49
050,13,167,"Georgia","Johnson County",3,50,130,86,44
050,13,167,"Georgia","Johnson County",3,51,133,85,48
050,13,167,"Georgia","Johnson County",3,52,123,75,48
050,13,167,"Georgia","Johnson County",3,53,113,72,41
050,13,167,"Georgia","Johnson County",3,54,114,66,48
050,13,167,"Georgia","Johnson County",3,55,131,75,56
050,13,167,"Georgia","Johnson County",3,56,114,69,45
050,13,167,"Georgia","Johnson County",3,57,111,68,43
050,13,167,"Georgia","Johnson County",3,58,116,66,50
050,13,167,"Georgia","Johnson County",3,59,118,64,54
050,13,167,"Georgia","Johnson County",3,60,138,72,66
050,13,167,"Georgia","Johnson County",3,61,125,63,62
050,13,167,"Georgia","Johnson County",3,62,129,67,62
050,13,167,"Georgia","Johnson County",3,63,111,58,53
050,13,167,"Georgia","Johnson County",3,64,125,70,55
050,13,167,"Georgia","Johnson County",3,65,116,64,52
050,13,167,"Georgia","Johnson County",3,66,109,55,54
050,13,167,"Georgia","Johnson County",3,67,105,53,52
050,13,167,"Georgia","Johnson County",3,68,108,58,50
050,13,167,"Georgia","Johnson County",3,69,108,53,55
050,13,167,"Georgia","Johnson County",3,70,104,53,51
050,13,167,"Georgia","Johnson County",3,71,100,54,46
050,13,167,"Georgia","Johnson County",3,72,98,43,55
050,13,167,"Georgia","Johnson County",3,73,96,47,49
050,13,167,"Georgia","Johnson County",3,74,102,52,50
050,13,167,"Georgia","Johnson County",3,75,81,33,48
050,13,167,"Georgia","Johnson County",3,76,82,36,46
050,13,167,"Georgia","Johnson County",3,77,66,37,29
050,13,167,"Georgia","Johnson County",3,78,68,35,33
050,13,167,"Georgia","Johnson County",3,79,67,27,40
050,13,167,"Georgia","Johnson County",3,80,54,32,22
050,13,167,"Georgia","Johnson County",3,81,48,25,23
050,13,167,"Georgia","Johnson County",3,82,42,19,23
050,13,167,"Georgia","Johnson County",3,83,37,11,26
050,13,167,"Georgia","Johnson County",3,84,30,8,22
050,13,167,"Georgia","Johnson County",3,85,211,69,142
050,13,167,"Georgia","Johnson County",4,0,95,48,47
050,13,167,"Georgia","Johnson County",4,1,74,32,42
050,13,167,"Georgia","Johnson County",4,2,81,47,34
050,13,167,"Georgia","Johnson County",4,3,100,48,52
050,13,167,"Georgia","Johnson County",4,4,98,48,50
050,13,167,"Georgia","Johnson County",4,5,101,49,52
050,13,167,"Georgia","Johnson County",4,6,102,53,49
050,13,167,"Georgia","Johnson County",4,7,84,41,43
050,13,167,"Georgia","Johnson County",4,8,70,36,34
050,13,167,"Georgia","Johnson County",4,9,86,37,49
050,13,167,"Georgia","Johnson County",4,10,74,37,37
050,13,167,"Georgia","Johnson County",4,11,84,38,46
050,13,167,"Georgia","Johnson County",4,12,92,46,46
050,13,167,"Georgia","Johnson County",4,13,88,43,45
050,13,167,"Georgia","Johnson County",4,14,94,47,47
050,13,167,"Georgia","Johnson County",4,15,102,48,54
050,13,167,"Georgia","Johnson County",4,16,94,46,48
050,13,167,"Georgia","Johnson County",4,17,105,63,42
050,13,167,"Georgia","Johnson County",4,18,89,43,46
050,13,167,"Georgia","Johnson County",4,19,89,56,33
050,13,167,"Georgia","Johnson County",4,20,104,62,42
050,13,167,"Georgia","Johnson County",4,21,111,67,44
050,13,167,"Georgia","Johnson County",4,22,116,65,51
050,13,167,"Georgia","Johnson County",4,23,105,53,52
050,13,167,"Georgia","Johnson County",4,24,102,56,46
050,13,167,"Georgia","Johnson County",4,25,120,74,46
050,13,167,"Georgia","Johnson County",4,26,138,94,44
050,13,167,"Georgia","Johnson County",4,27,110,70,40
050,13,167,"Georgia","Johnson County",4,28,118,82,36
050,13,167,"Georgia","Johnson County",4,29,136,91,45
050,13,167,"Georgia","Johnson County",4,30,136,89,47
050,13,167,"Georgia","Johnson County",4,31,119,78,41
050,13,167,"Georgia","Johnson County",4,32,110,72,38
050,13,167,"Georgia","Johnson County",4,33,128,90,38
050,13,167,"Georgia","Johnson County",4,34,124,82,42
050,13,167,"Georgia","Johnson County",4,35,116,74,42
050,13,167,"Georgia","Johnson County",4,36,106,67,39
050,13,167,"Georgia","Johnson County",4,37,127,86,41
050,13,167,"Georgia","Johnson County",4,38,116,79,37
050,13,167,"Georgia","Johnson County",4,39,122,86,36
050,13,167,"Georgia","Johnson County",4,40,140,100,40
050,13,167,"Georgia","Johnson County",4,41,126,86,40
050,13,167,"Georgia","Johnson County",4,42,145,100,45
050,13,167,"Georgia","Johnson County",4,43,139,100,39
050,13,167,"Georgia","Johnson County",4,44,110,77,33
050,13,167,"Georgia","Johnson County",4,45,130,84,46
050,13,167,"Georgia","Johnson County",4,46,127,86,41
050,13,167,"Georgia","Johnson County",4,47,139,94,45
050,13,167,"Georgia","Johnson County",4,48,143,100,43
050,13,167,"Georgia","Johnson County",4,49,134,89,45
050,13,167,"Georgia","Johnson County",4,50,140,93,47
050,13,167,"Georgia","Johnson County",4,51,134,91,43
050,13,167,"Georgia","Johnson County",4,52,138,90,48
050,13,167,"Georgia","Johnson County",4,53,125,76,49
050,13,167,"Georgia","Johnson County",4,54,116,71,45
050,13,167,"Georgia","Johnson County",4,55,123,73,50
050,13,167,"Georgia","Johnson County",4,56,129,73,56
050,13,167,"Georgia","Johnson County",4,57,112,69,43
050,13,167,"Georgia","Johnson County",4,58,109,64,45
050,13,167,"Georgia","Johnson County",4,59,110,62,48
050,13,167,"Georgia","Johnson County",4,60,118,64,54
050,13,167,"Georgia","Johnson County",4,61,133,64,69
050,13,167,"Georgia","Johnson County",4,62,129,72,57
050,13,167,"Georgia","Johnson County",4,63,116,58,58
050,13,167,"Georgia","Johnson County",4,64,112,60,52
050,13,167,"Georgia","Johnson County",4,65,109,58,51
050,13,167,"Georgia","Johnson County",4,66,115,67,48
050,13,167,"Georgia","Johnson County",4,67,116,58,58
050,13,167,"Georgia","Johnson County",4,68,100,46,54
050,13,167,"Georgia","Johnson County",4,69,104,59,45
050,13,167,"Georgia","Johnson County",4,70,110,52,58
050,13,167,"Georgia","Johnson County",4,71,112,60,52
050,13,167,"Georgia","Johnson County",4,72,93,50,43
050,13,167,"Georgia","Johnson County",4,73,98,43,55
050,13,167,"Georgia","Johnson County",4,74,83,40,43
050,13,167,"Georgia","Johnson County",4,75,101,48,53
050,13,167,"Georgia","Johnson County",4,76,81,35,46
050,13,167,"Georgia","Johnson County",4,77,71,30,41
050,13,167,"Georgia","Johnson County",4,78,64,37,27
050,13,167,"Georgia","Johnson County",4,79,72,34,38
050,13,167,"Georgia","Johnson County",4,80,60,29,31
050,13,167,"Georgia","Johnson County",4,81,49,27,22
050,13,167,"Georgia","Johnson County",4,82,51,27,24
050,13,167,"Georgia","Johnson County",4,83,33,14,19
050,13,167,"Georgia","Johnson County",4,84,37,9,28
050,13,167,"Georgia","Johnson County",4,85,209,67,142
050,13,167,"Georgia","Johnson County",5,0,97,49,48
050,13,167,"Georgia","Johnson County",5,1,106,57,49
050,13,167,"Georgia","Johnson County",5,2,82,38,44
050,13,167,"Georgia","Johnson County",5,3,80,48,32
050,13,167,"Georgia","Johnson County",5,4,94,48,46
050,13,167,"Georgia","Johnson County",5,5,96,52,44
050,13,167,"Georgia","Johnson County",5,6,97,48,49
050,13,167,"Georgia","Johnson County",5,7,94,50,44
050,13,167,"Georgia","Johnson County",5,8,81,40,41
050,13,167,"Georgia","Johnson County",5,9,74,35,39
050,13,167,"Georgia","Johnson County",5,10,82,35,47
050,13,167,"Georgia","Johnson County",5,11,72,35,37
050,13,167,"Georgia","Johnson County",5,12,83,40,43
050,13,167,"Georgia","Johnson County",5,13,95,49,46
050,13,167,"Georgia","Johnson County",5,14,91,50,41
050,13,167,"Georgia","Johnson County",5,15,92,45,47
050,13,167,"Georgia","Johnson County",5,16,102,47,55
050,13,167,"Georgia","Johnson County",5,17,95,49,46
050,13,167,"Georgia","Johnson County",5,18,82,53,29
050,13,167,"Georgia","Johnson County",5,19,75,38,37
050,13,167,"Georgia","Johnson County",5,20,104,72,32
050,13,167,"Georgia","Johnson County",5,21,120,77,43
050,13,167,"Georgia","Johnson County",5,22,115,61,54
050,13,167,"Georgia","Johnson County",5,23,119,71,48
050,13,167,"Georgia","Johnson County",5,24,120,63,57
050,13,167,"Georgia","Johnson County",5,25,117,63,54
050,13,167,"Georgia","Johnson County",5,26,145,98,47
050,13,167,"Georgia","Johnson County",5,27,124,78,46
050,13,167,"Georgia","Johnson County",5,28,125,85,40
050,13,167,"Georgia","Johnson County",5,29,118,84,34
050,13,167,"Georgia","Johnson County",5,30,153,112,41
050,13,167,"Georgia","Johnson County",5,31,119,73,46
050,13,167,"Georgia","Johnson County",5,32,115,78,37
050,13,167,"Georgia","Johnson County",5,33,128,89,39
050,13,167,"Georgia","Johnson County",5,34,118,82,36
050,13,167,"Georgia","Johnson County",5,35,120,78,42
050,13,167,"Georgia","Johnson County",5,36,122,81,41
050,13,167,"Georgia","Johnson County",5,37,116,77,39
050,13,167,"Georgia","Johnson County",5,38,127,84,43
050,13,167,"Georgia","Johnson County",5,39,119,84,35
050,13,167,"Georgia","Johnson County",5,40,141,102,39
050,13,167,"Georgia","Johnson County",5,41,116,80,36
050,13,167,"Georgia","Johnson County",5,42,142,99,43
050,13,167,"Georgia","Johnson County",5,43,155,106,49
050,13,167,"Georgia","Johnson County",5,44,129,93,36
050,13,167,"Georgia","Johnson County",5,45,116,82,34
050,13,167,"Georgia","Johnson County",5,46,136,90,46
050,13,167,"Georgia","Johnson County",5,47,133,89,44
050,13,167,"Georgia","Johnson County",5,48,151,103,48
050,13,167,"Georgia","Johnson County",5,49,132,92,40
050,13,167,"Georgia","Johnson County",5,50,138,93,45
050,13,167,"Georgia","Johnson County",5,51,137,90,47
050,13,167,"Georgia","Johnson County",5,52,138,95,43
050,13,167,"Georgia","Johnson County",5,53,122,77,45
050,13,167,"Georgia","Johnson County",5,54,116,72,44
050,13,167,"Georgia","Johnson County",5,55,121,74,47
050,13,167,"Georgia","Johnson County",5,56,111,63,48
050,13,167,"Georgia","Johnson County",5,57,127,70,57
050,13,167,"Georgia","Johnson County",5,58,112,65,47
050,13,167,"Georgia","Johnson County",5,59,103,62,41
050,13,167,"Georgia","Johnson County",5,60,110,63,47
050,13,167,"Georgia","Johnson County",5,61,106,56,50
050,13,167,"Georgia","Johnson County",5,62,144,74,70
050,13,167,"Georgia","Johnson County",5,63,122,64,58
050,13,167,"Georgia","Johnson County",5,64,127,66,61
050,13,167,"Georgia","Johnson County",5,65,94,45,49
050,13,167,"Georgia","Johnson County",5,66,106,58,48
050,13,167,"Georgia","Johnson County",5,67,121,69,52
050,13,167,"Georgia","Johnson County",5,68,106,49,57
050,13,167,"Georgia","Johnson County",5,69,93,45,48
050,13,167,"Georgia","Johnson County",5,70,107,61,46
050,13,167,"Georgia","Johnson County",5,71,122,61,61
050,13,167,"Georgia","Johnson County",5,72,108,58,50
050,13,167,"Georgia","Johnson County",5,73,92,50,42
050,13,167,"Georgia","Johnson County",5,74,82,33,49
050,13,167,"Georgia","Johnson County",5,75,84,36,48
050,13,167,"Georgia","Johnson County",5,76,99,48,51
050,13,167,"Georgia","Johnson County",5,77,68,31,37
050,13,167,"Georgia","Johnson County",5,78,68,29,39
050,13,167,"Georgia","Johnson County",5,79,67,36,31
050,13,167,"Georgia","Johnson County",5,80,65,34,31
050,13,167,"Georgia","Johnson County",5,81,56,24,32
050,13,167,"Georgia","Johnson County",5,82,50,27,23
050,13,167,"Georgia","Johnson County",5,83,46,23,23
050,13,167,"Georgia","Johnson County",5,84,33,11,22
050,13,167,"Georgia","Johnson County",5,85,216,67,149
050,13,169,"Georgia","Jones County",1,0,238,124,114
050,13,169,"Georgia","Jones County",1,1,295,163,132
050,13,169,"Georgia","Jones County",1,2,309,165,144
050,13,169,"Georgia","Jones County",1,3,285,142,143
050,13,169,"Georgia","Jones County",1,4,320,156,164
050,13,169,"Georgia","Jones County",1,5,337,190,147
050,13,169,"Georgia","Jones County",1,6,322,165,157
050,13,169,"Georgia","Jones County",1,7,337,178,159
050,13,169,"Georgia","Jones County",1,8,340,173,167
050,13,169,"Georgia","Jones County",1,9,389,180,209
050,13,169,"Georgia","Jones County",1,10,396,195,201
050,13,169,"Georgia","Jones County",1,11,408,206,202
050,13,169,"Georgia","Jones County",1,12,411,206,205
050,13,169,"Georgia","Jones County",1,13,420,212,208
050,13,169,"Georgia","Jones County",1,14,448,219,229
050,13,169,"Georgia","Jones County",1,15,430,216,214
050,13,169,"Georgia","Jones County",1,16,441,230,211
050,13,169,"Georgia","Jones County",1,17,421,216,205
050,13,169,"Georgia","Jones County",1,18,375,203,172
050,13,169,"Georgia","Jones County",1,19,296,150,146
050,13,169,"Georgia","Jones County",1,20,313,162,151
050,13,169,"Georgia","Jones County",1,21,305,151,154
050,13,169,"Georgia","Jones County",1,22,310,164,146
050,13,169,"Georgia","Jones County",1,23,294,145,149
050,13,169,"Georgia","Jones County",1,24,322,147,175
050,13,169,"Georgia","Jones County",1,25,322,164,158
050,13,169,"Georgia","Jones County",1,26,333,169,164
050,13,169,"Georgia","Jones County",1,27,321,159,162
050,13,169,"Georgia","Jones County",1,28,329,159,170
050,13,169,"Georgia","Jones County",1,29,346,167,179
050,13,169,"Georgia","Jones County",1,30,339,168,171
050,13,169,"Georgia","Jones County",1,31,326,149,177
050,13,169,"Georgia","Jones County",1,32,301,144,157
050,13,169,"Georgia","Jones County",1,33,307,153,154
050,13,169,"Georgia","Jones County",1,34,294,138,156
050,13,169,"Georgia","Jones County",1,35,318,133,185
050,13,169,"Georgia","Jones County",1,36,317,145,172
050,13,169,"Georgia","Jones County",1,37,360,174,186
050,13,169,"Georgia","Jones County",1,38,379,174,205
050,13,169,"Georgia","Jones County",1,39,377,196,181
050,13,169,"Georgia","Jones County",1,40,393,192,201
050,13,169,"Georgia","Jones County",1,41,345,164,181
050,13,169,"Georgia","Jones County",1,42,359,166,193
050,13,169,"Georgia","Jones County",1,43,329,160,169
050,13,169,"Georgia","Jones County",1,44,345,165,180
050,13,169,"Georgia","Jones County",1,45,327,156,171
050,13,169,"Georgia","Jones County",1,46,351,157,194
050,13,169,"Georgia","Jones County",1,47,364,186,178
050,13,169,"Georgia","Jones County",1,48,402,194,208
050,13,169,"Georgia","Jones County",1,49,442,196,246
050,13,169,"Georgia","Jones County",1,50,409,196,213
050,13,169,"Georgia","Jones County",1,51,371,185,186
050,13,169,"Georgia","Jones County",1,52,375,194,181
050,13,169,"Georgia","Jones County",1,53,383,190,193
050,13,169,"Georgia","Jones County",1,54,406,211,195
050,13,169,"Georgia","Jones County",1,55,397,198,199
050,13,169,"Georgia","Jones County",1,56,439,223,216
050,13,169,"Georgia","Jones County",1,57,433,217,216
050,13,169,"Georgia","Jones County",1,58,411,207,204
050,13,169,"Georgia","Jones County",1,59,383,188,195
050,13,169,"Georgia","Jones County",1,60,398,197,201
050,13,169,"Georgia","Jones County",1,61,394,194,200
050,13,169,"Georgia","Jones County",1,62,382,172,210
050,13,169,"Georgia","Jones County",1,63,370,169,201
050,13,169,"Georgia","Jones County",1,64,365,183,182
050,13,169,"Georgia","Jones County",1,65,339,167,172
050,13,169,"Georgia","Jones County",1,66,345,171,174
050,13,169,"Georgia","Jones County",1,67,341,157,184
050,13,169,"Georgia","Jones County",1,68,318,151,167
050,13,169,"Georgia","Jones County",1,69,341,143,198
050,13,169,"Georgia","Jones County",1,70,319,134,185
050,13,169,"Georgia","Jones County",1,71,311,139,172
050,13,169,"Georgia","Jones County",1,72,298,133,165
050,13,169,"Georgia","Jones County",1,73,306,132,174
050,13,169,"Georgia","Jones County",1,74,193,89,104
050,13,169,"Georgia","Jones County",1,75,183,89,94
050,13,169,"Georgia","Jones County",1,76,210,98,112
050,13,169,"Georgia","Jones County",1,77,209,105,104
050,13,169,"Georgia","Jones County",1,78,178,78,100
050,13,169,"Georgia","Jones County",1,79,130,56,74
050,13,169,"Georgia","Jones County",1,80,141,54,87
050,13,169,"Georgia","Jones County",1,81,121,51,70
050,13,169,"Georgia","Jones County",1,82,104,42,62
050,13,169,"Georgia","Jones County",1,83,98,41,57
050,13,169,"Georgia","Jones County",1,84,115,55,60
050,13,169,"Georgia","Jones County",1,85,449,144,305
050,13,169,"Georgia","Jones County",2,0,249,124,125
050,13,169,"Georgia","Jones County",2,1,285,155,130
050,13,169,"Georgia","Jones County",2,2,311,167,144
050,13,169,"Georgia","Jones County",2,3,297,149,148
050,13,169,"Georgia","Jones County",2,4,314,155,159
050,13,169,"Georgia","Jones County",2,5,337,183,154
050,13,169,"Georgia","Jones County",2,6,328,171,157
050,13,169,"Georgia","Jones County",2,7,336,176,160
050,13,169,"Georgia","Jones County",2,8,344,174,170
050,13,169,"Georgia","Jones County",2,9,376,179,197
050,13,169,"Georgia","Jones County",2,10,395,193,202
050,13,169,"Georgia","Jones County",2,11,404,203,201
050,13,169,"Georgia","Jones County",2,12,414,209,205
050,13,169,"Georgia","Jones County",2,13,414,207,207
050,13,169,"Georgia","Jones County",2,14,443,217,226
050,13,169,"Georgia","Jones County",2,15,435,217,218
050,13,169,"Georgia","Jones County",2,16,440,228,212
050,13,169,"Georgia","Jones County",2,17,428,223,205
050,13,169,"Georgia","Jones County",2,18,370,199,171
050,13,169,"Georgia","Jones County",2,19,299,154,145
050,13,169,"Georgia","Jones County",2,20,314,161,153
050,13,169,"Georgia","Jones County",2,21,308,153,155
050,13,169,"Georgia","Jones County",2,22,310,162,148
050,13,169,"Georgia","Jones County",2,23,298,148,150
050,13,169,"Georgia","Jones County",2,24,312,145,167
050,13,169,"Georgia","Jones County",2,25,327,162,165
050,13,169,"Georgia","Jones County",2,26,333,168,165
050,13,169,"Georgia","Jones County",2,27,327,163,164
050,13,169,"Georgia","Jones County",2,28,331,159,172
050,13,169,"Georgia","Jones County",2,29,345,167,178
050,13,169,"Georgia","Jones County",2,30,347,170,177
050,13,169,"Georgia","Jones County",2,31,332,154,178
050,13,169,"Georgia","Jones County",2,32,309,147,162
050,13,169,"Georgia","Jones County",2,33,306,150,156
050,13,169,"Georgia","Jones County",2,34,300,142,158
050,13,169,"Georgia","Jones County",2,35,310,132,178
050,13,169,"Georgia","Jones County",2,36,319,144,175
050,13,169,"Georgia","Jones County",2,37,350,166,184
050,13,169,"Georgia","Jones County",2,38,375,174,201
050,13,169,"Georgia","Jones County",2,39,377,190,187
050,13,169,"Georgia","Jones County",2,40,392,194,198
050,13,169,"Georgia","Jones County",2,41,356,169,187
050,13,169,"Georgia","Jones County",2,42,350,163,187
050,13,169,"Georgia","Jones County",2,43,342,165,177
050,13,169,"Georgia","Jones County",2,44,335,160,175
050,13,169,"Georgia","Jones County",2,45,332,158,174
050,13,169,"Georgia","Jones County",2,46,345,158,187
050,13,169,"Georgia","Jones County",2,47,361,178,183
050,13,169,"Georgia","Jones County",2,48,395,192,203
050,13,169,"Georgia","Jones County",2,49,435,197,238
050,13,169,"Georgia","Jones County",2,50,417,197,220
050,13,169,"Georgia","Jones County",2,51,382,190,192
050,13,169,"Georgia","Jones County",2,52,373,190,183
050,13,169,"Georgia","Jones County",2,53,382,193,189
050,13,169,"Georgia","Jones County",2,54,400,206,194
050,13,169,"Georgia","Jones County",2,55,399,200,199
050,13,169,"Georgia","Jones County",2,56,430,218,212
050,13,169,"Georgia","Jones County",2,57,433,218,215
050,13,169,"Georgia","Jones County",2,58,418,211,207
050,13,169,"Georgia","Jones County",2,59,391,193,198
050,13,169,"Georgia","Jones County",2,60,394,193,201
050,13,169,"Georgia","Jones County",2,61,395,195,200
050,13,169,"Georgia","Jones County",2,62,384,177,207
050,13,169,"Georgia","Jones County",2,63,375,169,206
050,13,169,"Georgia","Jones County",2,64,361,175,186
050,13,169,"Georgia","Jones County",2,65,344,170,174
050,13,169,"Georgia","Jones County",2,66,344,171,173
050,13,169,"Georgia","Jones County",2,67,340,158,182
050,13,169,"Georgia","Jones County",2,68,317,149,168
050,13,169,"Georgia","Jones County",2,69,334,144,190
050,13,169,"Georgia","Jones County",2,70,322,136,186
050,13,169,"Georgia","Jones County",2,71,314,139,175
050,13,169,"Georgia","Jones County",2,72,292,132,160
050,13,169,"Georgia","Jones County",2,73,317,139,178
050,13,169,"Georgia","Jones County",2,74,206,92,114
050,13,169,"Georgia","Jones County",2,75,186,89,97
050,13,169,"Georgia","Jones County",2,76,198,92,106
050,13,169,"Georgia","Jones County",2,77,211,105,106
050,13,169,"Georgia","Jones County",2,78,178,80,98
050,13,169,"Georgia","Jones County",2,79,138,60,78
050,13,169,"Georgia","Jones County",2,80,137,54,83
050,13,169,"Georgia","Jones County",2,81,124,51,73
050,13,169,"Georgia","Jones County",2,82,105,43,62
050,13,169,"Georgia","Jones County",2,83,98,40,58
050,13,169,"Georgia","Jones County",2,84,105,51,54
050,13,169,"Georgia","Jones County",2,85,466,154,312
050,13,169,"Georgia","Jones County",3,0,250,127,123
050,13,169,"Georgia","Jones County",3,1,276,137,139
050,13,169,"Georgia","Jones County",3,2,285,158,127
050,13,169,"Georgia","Jones County",3,3,307,161,146
050,13,169,"Georgia","Jones County",3,4,318,162,156
050,13,169,"Georgia","Jones County",3,5,319,158,161
050,13,169,"Georgia","Jones County",3,6,340,180,160
050,13,169,"Georgia","Jones County",3,7,318,166,152
050,13,169,"Georgia","Jones County",3,8,343,177,166
050,13,169,"Georgia","Jones County",3,9,363,184,179
050,13,169,"Georgia","Jones County",3,10,393,184,209
050,13,169,"Georgia","Jones County",3,11,413,202,211
050,13,169,"Georgia","Jones County",3,12,396,201,195
050,13,169,"Georgia","Jones County",3,13,440,231,209
050,13,169,"Georgia","Jones County",3,14,429,216,213
050,13,169,"Georgia","Jones County",3,15,458,233,225
050,13,169,"Georgia","Jones County",3,16,452,233,219
050,13,169,"Georgia","Jones County",3,17,429,226,203
050,13,169,"Georgia","Jones County",3,18,367,201,166
050,13,169,"Georgia","Jones County",3,19,294,165,129
050,13,169,"Georgia","Jones County",3,20,319,166,153
050,13,169,"Georgia","Jones County",3,21,313,158,155
050,13,169,"Georgia","Jones County",3,22,323,157,166
050,13,169,"Georgia","Jones County",3,23,311,172,139
050,13,169,"Georgia","Jones County",3,24,307,152,155
050,13,169,"Georgia","Jones County",3,25,324,155,169
050,13,169,"Georgia","Jones County",3,26,344,171,173
050,13,169,"Georgia","Jones County",3,27,326,169,157
050,13,169,"Georgia","Jones County",3,28,327,160,167
050,13,169,"Georgia","Jones County",3,29,325,149,176
050,13,169,"Georgia","Jones County",3,30,334,164,170
050,13,169,"Georgia","Jones County",3,31,352,178,174
050,13,169,"Georgia","Jones County",3,32,352,172,180
050,13,169,"Georgia","Jones County",3,33,312,151,161
050,13,169,"Georgia","Jones County",3,34,308,152,156
050,13,169,"Georgia","Jones County",3,35,315,147,168
050,13,169,"Georgia","Jones County",3,36,317,143,174
050,13,169,"Georgia","Jones County",3,37,325,148,177
050,13,169,"Georgia","Jones County",3,38,366,177,189
050,13,169,"Georgia","Jones County",3,39,373,166,207
050,13,169,"Georgia","Jones County",3,40,384,191,193
050,13,169,"Georgia","Jones County",3,41,402,196,206
050,13,169,"Georgia","Jones County",3,42,359,170,189
050,13,169,"Georgia","Jones County",3,43,353,176,177
050,13,169,"Georgia","Jones County",3,44,341,163,178
050,13,169,"Georgia","Jones County",3,45,336,155,181
050,13,169,"Georgia","Jones County",3,46,331,161,170
050,13,169,"Georgia","Jones County",3,47,338,158,180
050,13,169,"Georgia","Jones County",3,48,357,176,181
050,13,169,"Georgia","Jones County",3,49,403,191,212
050,13,169,"Georgia","Jones County",3,50,428,186,242
050,13,169,"Georgia","Jones County",3,51,429,208,221
050,13,169,"Georgia","Jones County",3,52,372,185,187
050,13,169,"Georgia","Jones County",3,53,379,198,181
050,13,169,"Georgia","Jones County",3,54,369,184,185
050,13,169,"Georgia","Jones County",3,55,383,197,186
050,13,169,"Georgia","Jones County",3,56,404,201,203
050,13,169,"Georgia","Jones County",3,57,415,211,204
050,13,169,"Georgia","Jones County",3,58,425,212,213
050,13,169,"Georgia","Jones County",3,59,408,206,202
050,13,169,"Georgia","Jones County",3,60,389,186,203
050,13,169,"Georgia","Jones County",3,61,395,193,202
050,13,169,"Georgia","Jones County",3,62,388,193,195
050,13,169,"Georgia","Jones County",3,63,380,171,209
050,13,169,"Georgia","Jones County",3,64,368,169,199
050,13,169,"Georgia","Jones County",3,65,357,177,180
050,13,169,"Georgia","Jones County",3,66,337,167,170
050,13,169,"Georgia","Jones County",3,67,330,160,170
050,13,169,"Georgia","Jones County",3,68,334,156,178
050,13,169,"Georgia","Jones County",3,69,299,137,162
050,13,169,"Georgia","Jones County",3,70,318,136,182
050,13,169,"Georgia","Jones County",3,71,316,136,180
050,13,169,"Georgia","Jones County",3,72,303,133,170
050,13,169,"Georgia","Jones County",3,73,271,118,153
050,13,169,"Georgia","Jones County",3,74,303,130,173
050,13,169,"Georgia","Jones County",3,75,199,89,110
050,13,169,"Georgia","Jones County",3,76,174,83,91
050,13,169,"Georgia","Jones County",3,77,188,90,98
050,13,169,"Georgia","Jones County",3,78,200,98,102
050,13,169,"Georgia","Jones County",3,79,157,68,89
050,13,169,"Georgia","Jones County",3,80,120,51,69
050,13,169,"Georgia","Jones County",3,81,127,50,77
050,13,169,"Georgia","Jones County",3,82,113,46,67
050,13,169,"Georgia","Jones County",3,83,101,41,60
050,13,169,"Georgia","Jones County",3,84,76,33,43
050,13,169,"Georgia","Jones County",3,85,484,164,320
050,13,169,"Georgia","Jones County",4,0,281,145,136
050,13,169,"Georgia","Jones County",4,1,268,136,132
050,13,169,"Georgia","Jones County",4,2,290,145,145
050,13,169,"Georgia","Jones County",4,3,291,164,127
050,13,169,"Georgia","Jones County",4,4,305,160,145
050,13,169,"Georgia","Jones County",4,5,324,167,157
050,13,169,"Georgia","Jones County",4,6,328,166,162
050,13,169,"Georgia","Jones County",4,7,346,186,160
050,13,169,"Georgia","Jones County",4,8,332,176,156
050,13,169,"Georgia","Jones County",4,9,354,188,166
050,13,169,"Georgia","Jones County",4,10,365,187,178
050,13,169,"Georgia","Jones County",4,11,388,183,205
050,13,169,"Georgia","Jones County",4,12,408,202,206
050,13,169,"Georgia","Jones County",4,13,410,207,203
050,13,169,"Georgia","Jones County",4,14,453,241,212
050,13,169,"Georgia","Jones County",4,15,449,227,222
050,13,169,"Georgia","Jones County",4,16,459,239,220
050,13,169,"Georgia","Jones County",4,17,442,228,214
050,13,169,"Georgia","Jones County",4,18,375,202,173
050,13,169,"Georgia","Jones County",4,19,286,154,132
050,13,169,"Georgia","Jones County",4,20,311,165,146
050,13,169,"Georgia","Jones County",4,21,326,163,163
050,13,169,"Georgia","Jones County",4,22,318,147,171
050,13,169,"Georgia","Jones County",4,23,333,161,172
050,13,169,"Georgia","Jones County",4,24,322,175,147
050,13,169,"Georgia","Jones County",4,25,314,162,152
050,13,169,"Georgia","Jones County",4,26,321,152,169
050,13,169,"Georgia","Jones County",4,27,344,173,171
050,13,169,"Georgia","Jones County",4,28,315,153,162
050,13,169,"Georgia","Jones County",4,29,345,176,169
050,13,169,"Georgia","Jones County",4,30,337,156,181
050,13,169,"Georgia","Jones County",4,31,348,176,172
050,13,169,"Georgia","Jones County",4,32,350,177,173
050,13,169,"Georgia","Jones County",4,33,364,174,190
050,13,169,"Georgia","Jones County",4,34,318,158,160
050,13,169,"Georgia","Jones County",4,35,319,155,164
050,13,169,"Georgia","Jones County",4,36,324,151,173
050,13,169,"Georgia","Jones County",4,37,309,140,169
050,13,169,"Georgia","Jones County",4,38,350,161,189
050,13,169,"Georgia","Jones County",4,39,372,182,190
050,13,169,"Georgia","Jones County",4,40,369,163,206
050,13,169,"Georgia","Jones County",4,41,381,189,192
050,13,169,"Georgia","Jones County",4,42,404,199,205
050,13,169,"Georgia","Jones County",4,43,360,171,189
050,13,169,"Georgia","Jones County",4,44,354,177,177
050,13,169,"Georgia","Jones County",4,45,353,170,183
050,13,169,"Georgia","Jones County",4,46,329,155,174
050,13,169,"Georgia","Jones County",4,47,335,162,173
050,13,169,"Georgia","Jones County",4,48,336,161,175
050,13,169,"Georgia","Jones County",4,49,361,175,186
050,13,169,"Georgia","Jones County",4,50,396,190,206
050,13,169,"Georgia","Jones County",4,51,425,186,239
050,13,169,"Georgia","Jones County",4,52,430,208,222
050,13,169,"Georgia","Jones County",4,53,371,188,183
050,13,169,"Georgia","Jones County",4,54,378,190,188
050,13,169,"Georgia","Jones County",4,55,376,192,184
050,13,169,"Georgia","Jones County",4,56,403,214,189
050,13,169,"Georgia","Jones County",4,57,401,199,202
050,13,169,"Georgia","Jones County",4,58,418,206,212
050,13,169,"Georgia","Jones County",4,59,419,204,215
050,13,169,"Georgia","Jones County",4,60,416,210,206
050,13,169,"Georgia","Jones County",4,61,387,187,200
050,13,169,"Georgia","Jones County",4,62,384,190,194
050,13,169,"Georgia","Jones County",4,63,388,189,199
050,13,169,"Georgia","Jones County",4,64,359,162,197
050,13,169,"Georgia","Jones County",4,65,362,165,197
050,13,169,"Georgia","Jones County",4,66,342,170,172
050,13,169,"Georgia","Jones County",4,67,342,166,176
050,13,169,"Georgia","Jones County",4,68,320,153,167
050,13,169,"Georgia","Jones County",4,69,320,150,170
050,13,169,"Georgia","Jones County",4,70,293,132,161
050,13,169,"Georgia","Jones County",4,71,314,131,183
050,13,169,"Georgia","Jones County",4,72,313,132,181
050,13,169,"Georgia","Jones County",4,73,293,128,165
050,13,169,"Georgia","Jones County",4,74,257,109,148
050,13,169,"Georgia","Jones County",4,75,294,125,169
050,13,169,"Georgia","Jones County",4,76,192,85,107
050,13,169,"Georgia","Jones County",4,77,160,78,82
050,13,169,"Georgia","Jones County",4,78,182,85,97
050,13,169,"Georgia","Jones County",4,79,181,84,97
050,13,169,"Georgia","Jones County",4,80,140,57,83
050,13,169,"Georgia","Jones County",4,81,110,42,68
050,13,169,"Georgia","Jones County",4,82,112,45,67
050,13,169,"Georgia","Jones County",4,83,107,44,63
050,13,169,"Georgia","Jones County",4,84,84,35,49
050,13,169,"Georgia","Jones County",4,85,467,158,309
050,13,169,"Georgia","Jones County",5,0,251,128,123
050,13,169,"Georgia","Jones County",5,1,310,167,143
050,13,169,"Georgia","Jones County",5,2,297,158,139
050,13,169,"Georgia","Jones County",5,3,326,157,169
050,13,169,"Georgia","Jones County",5,4,300,169,131
050,13,169,"Georgia","Jones County",5,5,323,168,155
050,13,169,"Georgia","Jones County",5,6,339,184,155
050,13,169,"Georgia","Jones County",5,7,340,171,169
050,13,169,"Georgia","Jones County",5,8,365,195,170
050,13,169,"Georgia","Jones County",5,9,338,184,154
050,13,169,"Georgia","Jones County",5,10,353,191,162
050,13,169,"Georgia","Jones County",5,11,379,197,182
050,13,169,"Georgia","Jones County",5,12,404,190,214
050,13,169,"Georgia","Jones County",5,13,419,208,211
050,13,169,"Georgia","Jones County",5,14,418,214,204
050,13,169,"Georgia","Jones County",5,15,446,232,214
050,13,169,"Georgia","Jones County",5,16,458,234,224
050,13,169,"Georgia","Jones County",5,17,464,247,217
050,13,169,"Georgia","Jones County",5,18,376,201,175
050,13,169,"Georgia","Jones County",5,19,297,155,142
050,13,169,"Georgia","Jones County",5,20,304,164,140
050,13,169,"Georgia","Jones County",5,21,320,167,153
050,13,169,"Georgia","Jones County",5,22,347,167,180
050,13,169,"Georgia","Jones County",5,23,355,169,186
050,13,169,"Georgia","Jones County",5,24,350,166,184
050,13,169,"Georgia","Jones County",5,25,346,192,154
050,13,169,"Georgia","Jones County",5,26,316,164,152
050,13,169,"Georgia","Jones County",5,27,314,154,160
050,13,169,"Georgia","Jones County",5,28,342,170,172
050,13,169,"Georgia","Jones County",5,29,336,163,173
050,13,169,"Georgia","Jones County",5,30,366,177,189
050,13,169,"Georgia","Jones County",5,31,378,174,204
050,13,169,"Georgia","Jones County",5,32,364,184,180
050,13,169,"Georgia","Jones County",5,33,361,184,177
050,13,169,"Georgia","Jones County",5,34,367,173,194
050,13,169,"Georgia","Jones County",5,35,327,161,166
050,13,169,"Georgia","Jones County",5,36,338,173,165
050,13,169,"Georgia","Jones County",5,37,342,153,189
050,13,169,"Georgia","Jones County",5,38,323,150,173
050,13,169,"Georgia","Jones County",5,39,366,171,195
050,13,169,"Georgia","Jones County",5,40,385,190,195
050,13,169,"Georgia","Jones County",5,41,369,155,214
050,13,169,"Georgia","Jones County",5,42,386,189,197
050,13,169,"Georgia","Jones County",5,43,422,210,212
050,13,169,"Georgia","Jones County",5,44,374,182,192
050,13,169,"Georgia","Jones County",5,45,355,176,179
050,13,169,"Georgia","Jones County",5,46,365,180,185
050,13,169,"Georgia","Jones County",5,47,343,157,186
050,13,169,"Georgia","Jones County",5,48,344,166,178
050,13,169,"Georgia","Jones County",5,49,328,155,173
050,13,169,"Georgia","Jones County",5,50,345,161,184
050,13,169,"Georgia","Jones County",5,51,413,199,214
050,13,169,"Georgia","Jones County",5,52,438,193,245
050,13,169,"Georgia","Jones County",5,53,415,201,214
050,13,169,"Georgia","Jones County",5,54,371,181,190
050,13,169,"Georgia","Jones County",5,55,390,191,199
050,13,169,"Georgia","Jones County",5,56,377,190,187
050,13,169,"Georgia","Jones County",5,57,402,218,184
050,13,169,"Georgia","Jones County",5,58,399,202,197
050,13,169,"Georgia","Jones County",5,59,414,198,216
050,13,169,"Georgia","Jones County",5,60,426,203,223
050,13,169,"Georgia","Jones County",5,61,413,208,205
050,13,169,"Georgia","Jones County",5,62,387,187,200
050,13,169,"Georgia","Jones County",5,63,376,184,192
050,13,169,"Georgia","Jones County",5,64,386,187,199
050,13,169,"Georgia","Jones County",5,65,352,159,193
050,13,169,"Georgia","Jones County",5,66,359,166,193
050,13,169,"Georgia","Jones County",5,67,342,168,174
050,13,169,"Georgia","Jones County",5,68,334,158,176
050,13,169,"Georgia","Jones County",5,69,315,147,168
050,13,169,"Georgia","Jones County",5,70,310,147,163
050,13,169,"Georgia","Jones County",5,71,297,130,167
050,13,169,"Georgia","Jones County",5,72,302,126,176
050,13,169,"Georgia","Jones County",5,73,303,124,179
050,13,169,"Georgia","Jones County",5,74,274,117,157
050,13,169,"Georgia","Jones County",5,75,243,101,142
050,13,169,"Georgia","Jones County",5,76,283,116,167
050,13,169,"Georgia","Jones County",5,77,177,80,97
050,13,169,"Georgia","Jones County",5,78,157,74,83
050,13,169,"Georgia","Jones County",5,79,164,78,86
050,13,169,"Georgia","Jones County",5,80,165,74,91
050,13,169,"Georgia","Jones County",5,81,133,54,79
050,13,169,"Georgia","Jones County",5,82,102,41,61
050,13,169,"Georgia","Jones County",5,83,102,42,60
050,13,169,"Georgia","Jones County",5,84,92,41,51
050,13,169,"Georgia","Jones County",5,85,475,160,315
050,13,171,"Georgia","Lamar County",1,0,206,106,100
050,13,171,"Georgia","Lamar County",1,1,221,118,103
050,13,171,"Georgia","Lamar County",1,2,220,113,107
050,13,171,"Georgia","Lamar County",1,3,219,119,100
050,13,171,"Georgia","Lamar County",1,4,226,110,116
050,13,171,"Georgia","Lamar County",1,5,210,107,103
050,13,171,"Georgia","Lamar County",1,6,216,109,107
050,13,171,"Georgia","Lamar County",1,7,203,106,97
050,13,171,"Georgia","Lamar County",1,8,221,111,110
050,13,171,"Georgia","Lamar County",1,9,222,113,109
050,13,171,"Georgia","Lamar County",1,10,225,118,107
050,13,171,"Georgia","Lamar County",1,11,223,119,104
050,13,171,"Georgia","Lamar County",1,12,216,112,104
050,13,171,"Georgia","Lamar County",1,13,206,104,102
050,13,171,"Georgia","Lamar County",1,14,220,118,102
050,13,171,"Georgia","Lamar County",1,15,231,124,107
050,13,171,"Georgia","Lamar County",1,16,225,115,110
050,13,171,"Georgia","Lamar County",1,17,224,107,117
050,13,171,"Georgia","Lamar County",1,18,401,169,232
050,13,171,"Georgia","Lamar County",1,19,549,239,310
050,13,171,"Georgia","Lamar County",1,20,403,163,240
050,13,171,"Georgia","Lamar County",1,21,241,110,131
050,13,171,"Georgia","Lamar County",1,22,226,98,128
050,13,171,"Georgia","Lamar County",1,23,241,107,134
050,13,171,"Georgia","Lamar County",1,24,218,95,123
050,13,171,"Georgia","Lamar County",1,25,240,115,125
050,13,171,"Georgia","Lamar County",1,26,230,116,114
050,13,171,"Georgia","Lamar County",1,27,222,111,111
050,13,171,"Georgia","Lamar County",1,28,249,123,126
050,13,171,"Georgia","Lamar County",1,29,258,132,126
050,13,171,"Georgia","Lamar County",1,30,247,120,127
050,13,171,"Georgia","Lamar County",1,31,254,132,122
050,13,171,"Georgia","Lamar County",1,32,248,136,112
050,13,171,"Georgia","Lamar County",1,33,217,122,95
050,13,171,"Georgia","Lamar County",1,34,207,95,112
050,13,171,"Georgia","Lamar County",1,35,180,81,99
050,13,171,"Georgia","Lamar County",1,36,211,100,111
050,13,171,"Georgia","Lamar County",1,37,216,113,103
050,13,171,"Georgia","Lamar County",1,38,206,90,116
050,13,171,"Georgia","Lamar County",1,39,209,89,120
050,13,171,"Georgia","Lamar County",1,40,205,96,109
050,13,171,"Georgia","Lamar County",1,41,205,102,103
050,13,171,"Georgia","Lamar County",1,42,190,84,106
050,13,171,"Georgia","Lamar County",1,43,193,88,105
050,13,171,"Georgia","Lamar County",1,44,176,87,89
050,13,171,"Georgia","Lamar County",1,45,213,114,99
050,13,171,"Georgia","Lamar County",1,46,224,108,116
050,13,171,"Georgia","Lamar County",1,47,220,100,120
050,13,171,"Georgia","Lamar County",1,48,235,117,118
050,13,171,"Georgia","Lamar County",1,49,243,127,116
050,13,171,"Georgia","Lamar County",1,50,218,118,100
050,13,171,"Georgia","Lamar County",1,51,238,127,111
050,13,171,"Georgia","Lamar County",1,52,246,125,121
050,13,171,"Georgia","Lamar County",1,53,236,122,114
050,13,171,"Georgia","Lamar County",1,54,253,124,129
050,13,171,"Georgia","Lamar County",1,55,251,129,122
050,13,171,"Georgia","Lamar County",1,56,239,103,136
050,13,171,"Georgia","Lamar County",1,57,246,102,144
050,13,171,"Georgia","Lamar County",1,58,248,117,131
050,13,171,"Georgia","Lamar County",1,59,225,114,111
050,13,171,"Georgia","Lamar County",1,60,249,129,120
050,13,171,"Georgia","Lamar County",1,61,254,128,126
050,13,171,"Georgia","Lamar County",1,62,262,124,138
050,13,171,"Georgia","Lamar County",1,63,244,120,124
050,13,171,"Georgia","Lamar County",1,64,216,107,109
050,13,171,"Georgia","Lamar County",1,65,226,112,114
050,13,171,"Georgia","Lamar County",1,66,214,104,110
050,13,171,"Georgia","Lamar County",1,67,208,95,113
050,13,171,"Georgia","Lamar County",1,68,207,98,109
050,13,171,"Georgia","Lamar County",1,69,203,87,116
050,13,171,"Georgia","Lamar County",1,70,189,84,105
050,13,171,"Georgia","Lamar County",1,71,181,84,97
050,13,171,"Georgia","Lamar County",1,72,167,72,95
050,13,171,"Georgia","Lamar County",1,73,191,83,108
050,13,171,"Georgia","Lamar County",1,74,151,68,83
050,13,171,"Georgia","Lamar County",1,75,140,63,77
050,13,171,"Georgia","Lamar County",1,76,123,57,66
050,13,171,"Georgia","Lamar County",1,77,130,72,58
050,13,171,"Georgia","Lamar County",1,78,101,45,56
050,13,171,"Georgia","Lamar County",1,79,90,34,56
050,13,171,"Georgia","Lamar County",1,80,83,37,46
050,13,171,"Georgia","Lamar County",1,81,79,33,46
050,13,171,"Georgia","Lamar County",1,82,79,36,43
050,13,171,"Georgia","Lamar County",1,83,54,24,30
050,13,171,"Georgia","Lamar County",1,84,57,27,30
050,13,171,"Georgia","Lamar County",1,85,289,109,180
050,13,171,"Georgia","Lamar County",2,0,204,106,98
050,13,171,"Georgia","Lamar County",2,1,220,116,104
050,13,171,"Georgia","Lamar County",2,2,219,113,106
050,13,171,"Georgia","Lamar County",2,3,219,117,102
050,13,171,"Georgia","Lamar County",2,4,225,113,112
050,13,171,"Georgia","Lamar County",2,5,216,107,109
050,13,171,"Georgia","Lamar County",2,6,217,110,107
050,13,171,"Georgia","Lamar County",2,7,207,107,100
050,13,171,"Georgia","Lamar County",2,8,216,110,106
050,13,171,"Georgia","Lamar County",2,9,219,112,107
050,13,171,"Georgia","Lamar County",2,10,222,116,106
050,13,171,"Georgia","Lamar County",2,11,226,119,107
050,13,171,"Georgia","Lamar County",2,12,218,113,105
050,13,171,"Georgia","Lamar County",2,13,209,107,102
050,13,171,"Georgia","Lamar County",2,14,220,117,103
050,13,171,"Georgia","Lamar County",2,15,228,123,105
050,13,171,"Georgia","Lamar County",2,16,225,116,109
050,13,171,"Georgia","Lamar County",2,17,225,109,116
050,13,171,"Georgia","Lamar County",2,18,400,166,234
050,13,171,"Georgia","Lamar County",2,19,546,237,309
050,13,171,"Georgia","Lamar County",2,20,407,165,242
050,13,171,"Georgia","Lamar County",2,21,242,110,132
050,13,171,"Georgia","Lamar County",2,22,226,97,129
050,13,171,"Georgia","Lamar County",2,23,241,108,133
050,13,171,"Georgia","Lamar County",2,24,222,96,126
050,13,171,"Georgia","Lamar County",2,25,233,110,123
050,13,171,"Georgia","Lamar County",2,26,227,114,113
050,13,171,"Georgia","Lamar County",2,27,224,111,113
050,13,171,"Georgia","Lamar County",2,28,243,122,121
050,13,171,"Georgia","Lamar County",2,29,255,131,124
050,13,171,"Georgia","Lamar County",2,30,252,124,128
050,13,171,"Georgia","Lamar County",2,31,253,131,122
050,13,171,"Georgia","Lamar County",2,32,251,136,115
050,13,171,"Georgia","Lamar County",2,33,227,127,100
050,13,171,"Georgia","Lamar County",2,34,209,101,108
050,13,171,"Georgia","Lamar County",2,35,188,85,103
050,13,171,"Georgia","Lamar County",2,36,201,95,106
050,13,171,"Georgia","Lamar County",2,37,217,110,107
050,13,171,"Georgia","Lamar County",2,38,211,97,114
050,13,171,"Georgia","Lamar County",2,39,209,90,119
050,13,171,"Georgia","Lamar County",2,40,211,98,113
050,13,171,"Georgia","Lamar County",2,41,209,103,106
050,13,171,"Georgia","Lamar County",2,42,194,88,106
050,13,171,"Georgia","Lamar County",2,43,190,85,105
050,13,171,"Georgia","Lamar County",2,44,180,87,93
050,13,171,"Georgia","Lamar County",2,45,208,109,99
050,13,171,"Georgia","Lamar County",2,46,222,108,114
050,13,171,"Georgia","Lamar County",2,47,223,102,121
050,13,171,"Georgia","Lamar County",2,48,235,114,121
050,13,171,"Georgia","Lamar County",2,49,242,124,118
050,13,171,"Georgia","Lamar County",2,50,226,121,105
050,13,171,"Georgia","Lamar County",2,51,234,124,110
050,13,171,"Georgia","Lamar County",2,52,246,128,118
050,13,171,"Georgia","Lamar County",2,53,239,124,115
050,13,171,"Georgia","Lamar County",2,54,249,124,125
050,13,171,"Georgia","Lamar County",2,55,251,128,123
050,13,171,"Georgia","Lamar County",2,56,244,109,135
050,13,171,"Georgia","Lamar County",2,57,247,104,143
050,13,171,"Georgia","Lamar County",2,58,251,115,136
050,13,171,"Georgia","Lamar County",2,59,232,115,117
050,13,171,"Georgia","Lamar County",2,60,244,126,118
050,13,171,"Georgia","Lamar County",2,61,251,127,124
050,13,171,"Georgia","Lamar County",2,62,256,123,133
050,13,171,"Georgia","Lamar County",2,63,247,122,125
050,13,171,"Georgia","Lamar County",2,64,221,109,112
050,13,171,"Georgia","Lamar County",2,65,225,112,113
050,13,171,"Georgia","Lamar County",2,66,218,105,113
050,13,171,"Georgia","Lamar County",2,67,208,97,111
050,13,171,"Georgia","Lamar County",2,68,208,98,110
050,13,171,"Georgia","Lamar County",2,69,203,89,114
050,13,171,"Georgia","Lamar County",2,70,190,82,108
050,13,171,"Georgia","Lamar County",2,71,181,81,100
050,13,171,"Georgia","Lamar County",2,72,168,74,94
050,13,171,"Georgia","Lamar County",2,73,195,84,111
050,13,171,"Georgia","Lamar County",2,74,149,67,82
050,13,171,"Georgia","Lamar County",2,75,141,64,77
050,13,171,"Georgia","Lamar County",2,76,126,57,69
050,13,171,"Georgia","Lamar County",2,77,130,69,61
050,13,171,"Georgia","Lamar County",2,78,104,50,54
050,13,171,"Georgia","Lamar County",2,79,93,37,56
050,13,171,"Georgia","Lamar County",2,80,85,36,49
050,13,171,"Georgia","Lamar County",2,81,79,34,45
050,13,171,"Georgia","Lamar County",2,82,75,33,42
050,13,171,"Georgia","Lamar County",2,83,56,26,30
050,13,171,"Georgia","Lamar County",2,84,54,26,28
050,13,171,"Georgia","Lamar County",2,85,290,111,179
050,13,171,"Georgia","Lamar County",3,0,225,101,124
050,13,171,"Georgia","Lamar County",3,1,221,113,108
050,13,171,"Georgia","Lamar County",3,2,217,113,104
050,13,171,"Georgia","Lamar County",3,3,221,105,116
050,13,171,"Georgia","Lamar County",3,4,232,123,109
050,13,171,"Georgia","Lamar County",3,5,234,126,108
050,13,171,"Georgia","Lamar County",3,6,232,113,119
050,13,171,"Georgia","Lamar County",3,7,226,119,107
050,13,171,"Georgia","Lamar County",3,8,214,111,103
050,13,171,"Georgia","Lamar County",3,9,211,106,105
050,13,171,"Georgia","Lamar County",3,10,217,109,108
050,13,171,"Georgia","Lamar County",3,11,244,126,118
050,13,171,"Georgia","Lamar County",3,12,227,123,104
050,13,171,"Georgia","Lamar County",3,13,231,119,112
050,13,171,"Georgia","Lamar County",3,14,222,114,108
050,13,171,"Georgia","Lamar County",3,15,232,128,104
050,13,171,"Georgia","Lamar County",3,16,251,140,111
050,13,171,"Georgia","Lamar County",3,17,237,125,112
050,13,171,"Georgia","Lamar County",3,18,319,140,179
050,13,171,"Georgia","Lamar County",3,19,387,181,206
050,13,171,"Georgia","Lamar County",3,20,338,147,191
050,13,171,"Georgia","Lamar County",3,21,220,109,111
050,13,171,"Georgia","Lamar County",3,22,253,112,141
050,13,171,"Georgia","Lamar County",3,23,252,116,136
050,13,171,"Georgia","Lamar County",3,24,242,103,139
050,13,171,"Georgia","Lamar County",3,25,222,101,121
050,13,171,"Georgia","Lamar County",3,26,234,110,124
050,13,171,"Georgia","Lamar County",3,27,243,122,121
050,13,171,"Georgia","Lamar County",3,28,226,104,122
050,13,171,"Georgia","Lamar County",3,29,245,123,122
050,13,171,"Georgia","Lamar County",3,30,261,129,132
050,13,171,"Georgia","Lamar County",3,31,262,127,135
050,13,171,"Georgia","Lamar County",3,32,270,141,129
050,13,171,"Georgia","Lamar County",3,33,265,132,133
050,13,171,"Georgia","Lamar County",3,34,243,136,107
050,13,171,"Georgia","Lamar County",3,35,220,108,112
050,13,171,"Georgia","Lamar County",3,36,199,96,103
050,13,171,"Georgia","Lamar County",3,37,204,91,113
050,13,171,"Georgia","Lamar County",3,38,213,105,108
050,13,171,"Georgia","Lamar County",3,39,199,87,112
050,13,171,"Georgia","Lamar County",3,40,216,93,123
050,13,171,"Georgia","Lamar County",3,41,220,99,121
050,13,171,"Georgia","Lamar County",3,42,223,114,109
050,13,171,"Georgia","Lamar County",3,43,189,85,104
050,13,171,"Georgia","Lamar County",3,44,195,86,109
050,13,171,"Georgia","Lamar County",3,45,176,83,93
050,13,171,"Georgia","Lamar County",3,46,222,118,104
050,13,171,"Georgia","Lamar County",3,47,226,108,118
050,13,171,"Georgia","Lamar County",3,48,230,109,121
050,13,171,"Georgia","Lamar County",3,49,257,118,139
050,13,171,"Georgia","Lamar County",3,50,238,118,120
050,13,171,"Georgia","Lamar County",3,51,227,119,108
050,13,171,"Georgia","Lamar County",3,52,238,127,111
050,13,171,"Georgia","Lamar County",3,53,247,133,114
050,13,171,"Georgia","Lamar County",3,54,243,128,115
050,13,171,"Georgia","Lamar County",3,55,259,126,133
050,13,171,"Georgia","Lamar County",3,56,270,136,134
050,13,171,"Georgia","Lamar County",3,57,252,115,137
050,13,171,"Georgia","Lamar County",3,58,256,103,153
050,13,171,"Georgia","Lamar County",3,59,253,118,135
050,13,171,"Georgia","Lamar County",3,60,246,118,128
050,13,171,"Georgia","Lamar County",3,61,238,121,117
050,13,171,"Georgia","Lamar County",3,62,249,127,122
050,13,171,"Georgia","Lamar County",3,63,266,127,139
050,13,171,"Georgia","Lamar County",3,64,248,119,129
050,13,171,"Georgia","Lamar County",3,65,227,109,118
050,13,171,"Georgia","Lamar County",3,66,214,105,109
050,13,171,"Georgia","Lamar County",3,67,222,108,114
050,13,171,"Georgia","Lamar County",3,68,203,91,112
050,13,171,"Georgia","Lamar County",3,69,198,89,109
050,13,171,"Georgia","Lamar County",3,70,194,80,114
050,13,171,"Georgia","Lamar County",3,71,185,78,107
050,13,171,"Georgia","Lamar County",3,72,180,83,97
050,13,171,"Georgia","Lamar County",3,73,162,71,91
050,13,171,"Georgia","Lamar County",3,74,184,80,104
050,13,171,"Georgia","Lamar County",3,75,140,67,73
050,13,171,"Georgia","Lamar County",3,76,136,60,76
050,13,171,"Georgia","Lamar County",3,77,114,51,63
050,13,171,"Georgia","Lamar County",3,78,119,60,59
050,13,171,"Georgia","Lamar County",3,79,92,45,47
050,13,171,"Georgia","Lamar County",3,80,81,28,53
050,13,171,"Georgia","Lamar County",3,81,70,30,40
050,13,171,"Georgia","Lamar County",3,82,79,34,45
050,13,171,"Georgia","Lamar County",3,83,63,27,36
050,13,171,"Georgia","Lamar County",3,84,51,23,28
050,13,171,"Georgia","Lamar County",3,85,288,119,169
050,13,171,"Georgia","Lamar County",4,0,210,109,101
050,13,171,"Georgia","Lamar County",4,1,229,108,121
050,13,171,"Georgia","Lamar County",4,2,237,122,115
050,13,171,"Georgia","Lamar County",4,3,217,109,108
050,13,171,"Georgia","Lamar County",4,4,250,127,123
050,13,171,"Georgia","Lamar County",4,5,235,128,107
050,13,171,"Georgia","Lamar County",4,6,246,124,122
050,13,171,"Georgia","Lamar County",4,7,216,100,116
050,13,171,"Georgia","Lamar County",4,8,243,129,114
050,13,171,"Georgia","Lamar County",4,9,231,120,111
050,13,171,"Georgia","Lamar County",4,10,210,101,109
050,13,171,"Georgia","Lamar County",4,11,232,123,109
050,13,171,"Georgia","Lamar County",4,12,254,134,120
050,13,171,"Georgia","Lamar County",4,13,239,124,115
050,13,171,"Georgia","Lamar County",4,14,240,117,123
050,13,171,"Georgia","Lamar County",4,15,221,114,107
050,13,171,"Georgia","Lamar County",4,16,244,128,116
050,13,171,"Georgia","Lamar County",4,17,261,148,113
050,13,171,"Georgia","Lamar County",4,18,329,148,181
050,13,171,"Georgia","Lamar County",4,19,392,171,221
050,13,171,"Georgia","Lamar County",4,20,359,150,209
050,13,171,"Georgia","Lamar County",4,21,242,115,127
050,13,171,"Georgia","Lamar County",4,22,234,107,127
050,13,171,"Georgia","Lamar County",4,23,273,129,144
050,13,171,"Georgia","Lamar County",4,24,267,115,152
050,13,171,"Georgia","Lamar County",4,25,251,111,140
050,13,171,"Georgia","Lamar County",4,26,249,120,129
050,13,171,"Georgia","Lamar County",4,27,236,112,124
050,13,171,"Georgia","Lamar County",4,28,263,132,131
050,13,171,"Georgia","Lamar County",4,29,238,114,124
050,13,171,"Georgia","Lamar County",4,30,256,125,131
050,13,171,"Georgia","Lamar County",4,31,275,140,135
050,13,171,"Georgia","Lamar County",4,32,277,137,140
050,13,171,"Georgia","Lamar County",4,33,278,146,132
050,13,171,"Georgia","Lamar County",4,34,276,137,139
050,13,171,"Georgia","Lamar County",4,35,240,137,103
050,13,171,"Georgia","Lamar County",4,36,237,113,124
050,13,171,"Georgia","Lamar County",4,37,220,111,109
050,13,171,"Georgia","Lamar County",4,38,229,102,127
050,13,171,"Georgia","Lamar County",4,39,223,112,111
050,13,171,"Georgia","Lamar County",4,40,217,102,115
050,13,171,"Georgia","Lamar County",4,41,224,101,123
050,13,171,"Georgia","Lamar County",4,42,249,109,140
050,13,171,"Georgia","Lamar County",4,43,223,112,111
050,13,171,"Georgia","Lamar County",4,44,192,91,101
050,13,171,"Georgia","Lamar County",4,45,202,92,110
050,13,171,"Georgia","Lamar County",4,46,200,91,109
050,13,171,"Georgia","Lamar County",4,47,233,132,101
050,13,171,"Georgia","Lamar County",4,48,242,113,129
050,13,171,"Georgia","Lamar County",4,49,232,106,126
050,13,171,"Georgia","Lamar County",4,50,266,115,151
050,13,171,"Georgia","Lamar County",4,51,248,132,116
050,13,171,"Georgia","Lamar County",4,52,223,121,102
050,13,171,"Georgia","Lamar County",4,53,252,134,118
050,13,171,"Georgia","Lamar County",4,54,244,132,112
050,13,171,"Georgia","Lamar County",4,55,240,129,111
050,13,171,"Georgia","Lamar County",4,56,277,135,142
050,13,171,"Georgia","Lamar County",4,57,287,142,145
050,13,171,"Georgia","Lamar County",4,58,245,111,134
050,13,171,"Georgia","Lamar County",4,59,269,108,161
050,13,171,"Georgia","Lamar County",4,60,261,123,138
050,13,171,"Georgia","Lamar County",4,61,254,120,134
050,13,171,"Georgia","Lamar County",4,62,255,132,123
050,13,171,"Georgia","Lamar County",4,63,248,122,126
050,13,171,"Georgia","Lamar County",4,64,271,126,145
050,13,171,"Georgia","Lamar County",4,65,251,118,133
050,13,171,"Georgia","Lamar County",4,66,226,110,116
050,13,171,"Georgia","Lamar County",4,67,216,102,114
050,13,171,"Georgia","Lamar County",4,68,218,109,109
050,13,171,"Georgia","Lamar County",4,69,198,90,108
050,13,171,"Georgia","Lamar County",4,70,206,86,120
050,13,171,"Georgia","Lamar County",4,71,190,79,111
050,13,171,"Georgia","Lamar County",4,72,180,73,107
050,13,171,"Georgia","Lamar County",4,73,182,82,100
050,13,171,"Georgia","Lamar County",4,74,163,73,90
050,13,171,"Georgia","Lamar County",4,75,184,86,98
050,13,171,"Georgia","Lamar County",4,76,136,63,73
050,13,171,"Georgia","Lamar County",4,77,129,58,71
050,13,171,"Georgia","Lamar County",4,78,106,44,62
050,13,171,"Georgia","Lamar County",4,79,117,60,57
050,13,171,"Georgia","Lamar County",4,80,86,43,43
050,13,171,"Georgia","Lamar County",4,81,73,24,49
050,13,171,"Georgia","Lamar County",4,82,69,28,41
050,13,171,"Georgia","Lamar County",4,83,70,30,40
050,13,171,"Georgia","Lamar County",4,84,63,26,37
050,13,171,"Georgia","Lamar County",4,85,297,129,168
050,13,171,"Georgia","Lamar County",5,0,218,113,105
050,13,171,"Georgia","Lamar County",5,1,222,122,100
050,13,171,"Georgia","Lamar County",5,2,242,107,135
050,13,171,"Georgia","Lamar County",5,3,234,121,113
050,13,171,"Georgia","Lamar County",5,4,239,128,111
050,13,171,"Georgia","Lamar County",5,5,253,127,126
050,13,171,"Georgia","Lamar County",5,6,244,133,111
050,13,171,"Georgia","Lamar County",5,7,263,138,125
050,13,171,"Georgia","Lamar County",5,8,239,109,130
050,13,171,"Georgia","Lamar County",5,9,235,122,113
050,13,171,"Georgia","Lamar County",5,10,233,122,111
050,13,171,"Georgia","Lamar County",5,11,229,113,116
050,13,171,"Georgia","Lamar County",5,12,245,123,122
050,13,171,"Georgia","Lamar County",5,13,281,155,126
050,13,171,"Georgia","Lamar County",5,14,254,135,119
050,13,171,"Georgia","Lamar County",5,15,250,123,127
050,13,171,"Georgia","Lamar County",5,16,243,124,119
050,13,171,"Georgia","Lamar County",5,17,241,122,119
050,13,171,"Georgia","Lamar County",5,18,382,186,196
050,13,171,"Georgia","Lamar County",5,19,463,214,249
050,13,171,"Georgia","Lamar County",5,20,389,150,239
050,13,171,"Georgia","Lamar County",5,21,279,131,148
050,13,171,"Georgia","Lamar County",5,22,255,125,130
050,13,171,"Georgia","Lamar County",5,23,291,144,147
050,13,171,"Georgia","Lamar County",5,24,276,126,150
050,13,171,"Georgia","Lamar County",5,25,281,117,164
050,13,171,"Georgia","Lamar County",5,26,265,122,143
050,13,171,"Georgia","Lamar County",5,27,243,119,124
050,13,171,"Georgia","Lamar County",5,28,247,118,129
050,13,171,"Georgia","Lamar County",5,29,283,146,137
050,13,171,"Georgia","Lamar County",5,30,231,108,123
050,13,171,"Georgia","Lamar County",5,31,289,143,146
050,13,171,"Georgia","Lamar County",5,32,286,143,143
050,13,171,"Georgia","Lamar County",5,33,296,139,157
050,13,171,"Georgia","Lamar County",5,34,281,136,145
050,13,171,"Georgia","Lamar County",5,35,292,151,141
050,13,171,"Georgia","Lamar County",5,36,268,154,114
050,13,171,"Georgia","Lamar County",5,37,252,125,127
050,13,171,"Georgia","Lamar County",5,38,235,119,116
050,13,171,"Georgia","Lamar County",5,39,244,109,135
050,13,171,"Georgia","Lamar County",5,40,231,115,116
050,13,171,"Georgia","Lamar County",5,41,225,102,123
050,13,171,"Georgia","Lamar County",5,42,242,109,133
050,13,171,"Georgia","Lamar County",5,43,246,105,141
050,13,171,"Georgia","Lamar County",5,44,228,114,114
050,13,171,"Georgia","Lamar County",5,45,204,103,101
050,13,171,"Georgia","Lamar County",5,46,219,99,120
050,13,171,"Georgia","Lamar County",5,47,217,100,117
050,13,171,"Georgia","Lamar County",5,48,239,133,106
050,13,171,"Georgia","Lamar County",5,49,243,113,130
050,13,171,"Georgia","Lamar County",5,50,237,107,130
050,13,171,"Georgia","Lamar County",5,51,272,122,150
050,13,171,"Georgia","Lamar County",5,52,259,139,120
050,13,171,"Georgia","Lamar County",5,53,236,131,105
050,13,171,"Georgia","Lamar County",5,54,267,136,131
050,13,171,"Georgia","Lamar County",5,55,247,136,111
050,13,171,"Georgia","Lamar County",5,56,241,124,117
050,13,171,"Georgia","Lamar County",5,57,282,140,142
050,13,171,"Georgia","Lamar County",5,58,300,149,151
050,13,171,"Georgia","Lamar County",5,59,239,113,126
050,13,171,"Georgia","Lamar County",5,60,280,113,167
050,13,171,"Georgia","Lamar County",5,61,266,126,140
050,13,171,"Georgia","Lamar County",5,62,260,122,138
050,13,171,"Georgia","Lamar County",5,63,257,130,127
050,13,171,"Georgia","Lamar County",5,64,255,126,129
050,13,171,"Georgia","Lamar County",5,65,277,127,150
050,13,171,"Georgia","Lamar County",5,66,246,116,130
050,13,171,"Georgia","Lamar County",5,67,229,113,116
050,13,171,"Georgia","Lamar County",5,68,217,101,116
050,13,171,"Georgia","Lamar County",5,69,209,103,106
050,13,171,"Georgia","Lamar County",5,70,197,87,110
050,13,171,"Georgia","Lamar County",5,71,203,88,115
050,13,171,"Georgia","Lamar County",5,72,187,77,110
050,13,171,"Georgia","Lamar County",5,73,175,70,105
050,13,171,"Georgia","Lamar County",5,74,182,85,97
050,13,171,"Georgia","Lamar County",5,75,157,72,85
050,13,171,"Georgia","Lamar County",5,76,185,84,101
050,13,171,"Georgia","Lamar County",5,77,132,62,70
050,13,171,"Georgia","Lamar County",5,78,120,51,69
050,13,171,"Georgia","Lamar County",5,79,102,42,60
050,13,171,"Georgia","Lamar County",5,80,108,56,52
050,13,171,"Georgia","Lamar County",5,81,80,38,42
050,13,171,"Georgia","Lamar County",5,82,74,23,51
050,13,171,"Georgia","Lamar County",5,83,60,24,36
050,13,171,"Georgia","Lamar County",5,84,67,28,39
050,13,171,"Georgia","Lamar County",5,85,309,143,166
050,13,173,"Georgia","Lanier County",1,0,120,61,59
050,13,173,"Georgia","Lanier County",1,1,129,67,62
050,13,173,"Georgia","Lanier County",1,2,130,65,65
050,13,173,"Georgia","Lanier County",1,3,115,49,66
050,13,173,"Georgia","Lanier County",1,4,137,67,70
050,13,173,"Georgia","Lanier County",1,5,139,68,71
050,13,173,"Georgia","Lanier County",1,6,118,60,58
050,13,173,"Georgia","Lanier County",1,7,116,72,44
050,13,173,"Georgia","Lanier County",1,8,122,59,63
050,13,173,"Georgia","Lanier County",1,9,135,73,62
050,13,173,"Georgia","Lanier County",1,10,156,75,81
050,13,173,"Georgia","Lanier County",1,11,143,69,74
050,13,173,"Georgia","Lanier County",1,12,154,69,85
050,13,173,"Georgia","Lanier County",1,13,133,63,70
050,13,173,"Georgia","Lanier County",1,14,127,64,63
050,13,173,"Georgia","Lanier County",1,15,131,66,65
050,13,173,"Georgia","Lanier County",1,16,143,73,70
050,13,173,"Georgia","Lanier County",1,17,133,65,68
050,13,173,"Georgia","Lanier County",1,18,109,55,54
050,13,173,"Georgia","Lanier County",1,19,104,51,53
050,13,173,"Georgia","Lanier County",1,20,120,68,52
050,13,173,"Georgia","Lanier County",1,21,119,66,53
050,13,173,"Georgia","Lanier County",1,22,109,63,46
050,13,173,"Georgia","Lanier County",1,23,123,76,47
050,13,173,"Georgia","Lanier County",1,24,144,82,62
050,13,173,"Georgia","Lanier County",1,25,130,72,58
050,13,173,"Georgia","Lanier County",1,26,122,66,56
050,13,173,"Georgia","Lanier County",1,27,135,74,61
050,13,173,"Georgia","Lanier County",1,28,146,70,76
050,13,173,"Georgia","Lanier County",1,29,153,71,82
050,13,173,"Georgia","Lanier County",1,30,135,76,59
050,13,173,"Georgia","Lanier County",1,31,157,73,84
050,13,173,"Georgia","Lanier County",1,32,151,74,77
050,13,173,"Georgia","Lanier County",1,33,134,68,66
050,13,173,"Georgia","Lanier County",1,34,140,78,62
050,13,173,"Georgia","Lanier County",1,35,148,82,66
050,13,173,"Georgia","Lanier County",1,36,137,60,77
050,13,173,"Georgia","Lanier County",1,37,132,55,77
050,13,173,"Georgia","Lanier County",1,38,129,68,61
050,13,173,"Georgia","Lanier County",1,39,143,72,71
050,13,173,"Georgia","Lanier County",1,40,134,58,76
050,13,173,"Georgia","Lanier County",1,41,131,64,67
050,13,173,"Georgia","Lanier County",1,42,126,63,63
050,13,173,"Georgia","Lanier County",1,43,133,69,64
050,13,173,"Georgia","Lanier County",1,44,100,50,50
050,13,173,"Georgia","Lanier County",1,45,99,45,54
050,13,173,"Georgia","Lanier County",1,46,111,60,51
050,13,173,"Georgia","Lanier County",1,47,127,63,64
050,13,173,"Georgia","Lanier County",1,48,118,59,59
050,13,173,"Georgia","Lanier County",1,49,111,49,62
050,13,173,"Georgia","Lanier County",1,50,129,64,65
050,13,173,"Georgia","Lanier County",1,51,123,69,54
050,13,173,"Georgia","Lanier County",1,52,127,63,64
050,13,173,"Georgia","Lanier County",1,53,121,60,61
050,13,173,"Georgia","Lanier County",1,54,152,80,72
050,13,173,"Georgia","Lanier County",1,55,146,82,64
050,13,173,"Georgia","Lanier County",1,56,118,65,53
050,13,173,"Georgia","Lanier County",1,57,123,61,62
050,13,173,"Georgia","Lanier County",1,58,144,78,66
050,13,173,"Georgia","Lanier County",1,59,129,71,58
050,13,173,"Georgia","Lanier County",1,60,154,76,78
050,13,173,"Georgia","Lanier County",1,61,133,73,60
050,13,173,"Georgia","Lanier County",1,62,125,66,59
050,13,173,"Georgia","Lanier County",1,63,118,55,63
050,13,173,"Georgia","Lanier County",1,64,116,51,65
050,13,173,"Georgia","Lanier County",1,65,102,52,50
050,13,173,"Georgia","Lanier County",1,66,92,45,47
050,13,173,"Georgia","Lanier County",1,67,95,46,49
050,13,173,"Georgia","Lanier County",1,68,85,40,45
050,13,173,"Georgia","Lanier County",1,69,89,45,44
050,13,173,"Georgia","Lanier County",1,70,104,53,51
050,13,173,"Georgia","Lanier County",1,71,92,45,47
050,13,173,"Georgia","Lanier County",1,72,78,40,38
050,13,173,"Georgia","Lanier County",1,73,91,45,46
050,13,173,"Georgia","Lanier County",1,74,70,31,39
050,13,173,"Georgia","Lanier County",1,75,60,28,32
050,13,173,"Georgia","Lanier County",1,76,55,23,32
050,13,173,"Georgia","Lanier County",1,77,50,21,29
050,13,173,"Georgia","Lanier County",1,78,49,25,24
050,13,173,"Georgia","Lanier County",1,79,44,20,24
050,13,173,"Georgia","Lanier County",1,80,41,18,23
050,13,173,"Georgia","Lanier County",1,81,35,14,21
050,13,173,"Georgia","Lanier County",1,82,43,20,23
050,13,173,"Georgia","Lanier County",1,83,26,10,16
050,13,173,"Georgia","Lanier County",1,84,17,6,11
050,13,173,"Georgia","Lanier County",1,85,116,48,68
050,13,173,"Georgia","Lanier County",2,0,118,63,55
050,13,173,"Georgia","Lanier County",2,1,130,68,62
050,13,173,"Georgia","Lanier County",2,2,131,66,65
050,13,173,"Georgia","Lanier County",2,3,117,53,64
050,13,173,"Georgia","Lanier County",2,4,135,64,71
050,13,173,"Georgia","Lanier County",2,5,139,67,72
050,13,173,"Georgia","Lanier County",2,6,123,63,60
050,13,173,"Georgia","Lanier County",2,7,115,69,46
050,13,173,"Georgia","Lanier County",2,8,119,61,58
050,13,173,"Georgia","Lanier County",2,9,133,70,63
050,13,173,"Georgia","Lanier County",2,10,149,73,76
050,13,173,"Georgia","Lanier County",2,11,145,70,75
050,13,173,"Georgia","Lanier County",2,12,152,69,83
050,13,173,"Georgia","Lanier County",2,13,138,64,74
050,13,173,"Georgia","Lanier County",2,14,129,63,66
050,13,173,"Georgia","Lanier County",2,15,131,66,65
050,13,173,"Georgia","Lanier County",2,16,141,70,71
050,13,173,"Georgia","Lanier County",2,17,137,66,71
050,13,173,"Georgia","Lanier County",2,18,111,55,56
050,13,173,"Georgia","Lanier County",2,19,104,53,51
050,13,173,"Georgia","Lanier County",2,20,122,68,54
050,13,173,"Georgia","Lanier County",2,21,122,68,54
050,13,173,"Georgia","Lanier County",2,22,115,66,49
050,13,173,"Georgia","Lanier County",2,23,126,77,49
050,13,173,"Georgia","Lanier County",2,24,143,83,60
050,13,173,"Georgia","Lanier County",2,25,131,72,59
050,13,173,"Georgia","Lanier County",2,26,124,67,57
050,13,173,"Georgia","Lanier County",2,27,132,72,60
050,13,173,"Georgia","Lanier County",2,28,141,68,73
050,13,173,"Georgia","Lanier County",2,29,150,71,79
050,13,173,"Georgia","Lanier County",2,30,141,75,66
050,13,173,"Georgia","Lanier County",2,31,153,74,79
050,13,173,"Georgia","Lanier County",2,32,152,72,80
050,13,173,"Georgia","Lanier County",2,33,138,69,69
050,13,173,"Georgia","Lanier County",2,34,140,77,63
050,13,173,"Georgia","Lanier County",2,35,147,82,65
050,13,173,"Georgia","Lanier County",2,36,141,67,74
050,13,173,"Georgia","Lanier County",2,37,132,56,76
050,13,173,"Georgia","Lanier County",2,38,132,66,66
050,13,173,"Georgia","Lanier County",2,39,141,72,69
050,13,173,"Georgia","Lanier County",2,40,141,63,78
050,13,173,"Georgia","Lanier County",2,41,131,62,69
050,13,173,"Georgia","Lanier County",2,42,127,63,64
050,13,173,"Georgia","Lanier County",2,43,133,69,64
050,13,173,"Georgia","Lanier County",2,44,106,53,53
050,13,173,"Georgia","Lanier County",2,45,100,47,53
050,13,173,"Georgia","Lanier County",2,46,109,57,52
050,13,173,"Georgia","Lanier County",2,47,121,62,59
050,13,173,"Georgia","Lanier County",2,48,123,61,62
050,13,173,"Georgia","Lanier County",2,49,113,51,62
050,13,173,"Georgia","Lanier County",2,50,126,62,64
050,13,173,"Georgia","Lanier County",2,51,124,68,56
050,13,173,"Georgia","Lanier County",2,52,126,65,61
050,13,173,"Georgia","Lanier County",2,53,122,59,63
050,13,173,"Georgia","Lanier County",2,54,144,76,68
050,13,173,"Georgia","Lanier County",2,55,148,83,65
050,13,173,"Georgia","Lanier County",2,56,124,68,56
050,13,173,"Georgia","Lanier County",2,57,121,61,60
050,13,173,"Georgia","Lanier County",2,58,140,74,66
050,13,173,"Georgia","Lanier County",2,59,134,74,60
050,13,173,"Georgia","Lanier County",2,60,148,75,73
050,13,173,"Georgia","Lanier County",2,61,137,73,64
050,13,173,"Georgia","Lanier County",2,62,127,68,59
050,13,173,"Georgia","Lanier County",2,63,121,58,63
050,13,173,"Georgia","Lanier County",2,64,117,52,65
050,13,173,"Georgia","Lanier County",2,65,104,52,52
050,13,173,"Georgia","Lanier County",2,66,96,48,48
050,13,173,"Georgia","Lanier County",2,67,93,45,48
050,13,173,"Georgia","Lanier County",2,68,87,42,45
050,13,173,"Georgia","Lanier County",2,69,90,45,45
050,13,173,"Georgia","Lanier County",2,70,99,51,48
050,13,173,"Georgia","Lanier County",2,71,94,46,48
050,13,173,"Georgia","Lanier County",2,72,82,42,40
050,13,173,"Georgia","Lanier County",2,73,89,44,45
050,13,173,"Georgia","Lanier County",2,74,72,33,39
050,13,173,"Georgia","Lanier County",2,75,59,28,31
050,13,173,"Georgia","Lanier County",2,76,55,23,32
050,13,173,"Georgia","Lanier County",2,77,52,21,31
050,13,173,"Georgia","Lanier County",2,78,47,23,24
050,13,173,"Georgia","Lanier County",2,79,45,21,24
050,13,173,"Georgia","Lanier County",2,80,39,18,21
050,13,173,"Georgia","Lanier County",2,81,36,15,21
050,13,173,"Georgia","Lanier County",2,82,40,17,23
050,13,173,"Georgia","Lanier County",2,83,29,12,17
050,13,173,"Georgia","Lanier County",2,84,20,7,13
050,13,173,"Georgia","Lanier County",2,85,118,47,71
050,13,173,"Georgia","Lanier County",3,0,133,68,65
050,13,173,"Georgia","Lanier County",3,1,116,65,51
050,13,173,"Georgia","Lanier County",3,2,116,63,53
050,13,173,"Georgia","Lanier County",3,3,137,72,65
050,13,173,"Georgia","Lanier County",3,4,113,58,55
050,13,173,"Georgia","Lanier County",3,5,138,62,76
050,13,173,"Georgia","Lanier County",3,6,138,67,71
050,13,173,"Georgia","Lanier County",3,7,135,72,63
050,13,173,"Georgia","Lanier County",3,8,114,65,49
050,13,173,"Georgia","Lanier County",3,9,126,66,60
050,13,173,"Georgia","Lanier County",3,10,136,70,66
050,13,173,"Georgia","Lanier County",3,11,143,70,73
050,13,173,"Georgia","Lanier County",3,12,135,65,70
050,13,173,"Georgia","Lanier County",3,13,138,66,72
050,13,173,"Georgia","Lanier County",3,14,128,60,68
050,13,173,"Georgia","Lanier County",3,15,129,60,69
050,13,173,"Georgia","Lanier County",3,16,147,74,73
050,13,173,"Georgia","Lanier County",3,17,140,71,69
050,13,173,"Georgia","Lanier County",3,18,128,68,60
050,13,173,"Georgia","Lanier County",3,19,99,53,46
050,13,173,"Georgia","Lanier County",3,20,120,61,59
050,13,173,"Georgia","Lanier County",3,21,126,76,50
050,13,173,"Georgia","Lanier County",3,22,128,73,55
050,13,173,"Georgia","Lanier County",3,23,132,71,61
050,13,173,"Georgia","Lanier County",3,24,148,92,56
050,13,173,"Georgia","Lanier County",3,25,154,82,72
050,13,173,"Georgia","Lanier County",3,26,148,80,68
050,13,173,"Georgia","Lanier County",3,27,140,86,54
050,13,173,"Georgia","Lanier County",3,28,132,70,62
050,13,173,"Georgia","Lanier County",3,29,159,85,74
050,13,173,"Georgia","Lanier County",3,30,158,78,80
050,13,173,"Georgia","Lanier County",3,31,133,69,64
050,13,173,"Georgia","Lanier County",3,32,144,71,73
050,13,173,"Georgia","Lanier County",3,33,156,78,78
050,13,173,"Georgia","Lanier County",3,34,131,65,66
050,13,173,"Georgia","Lanier County",3,35,138,77,61
050,13,173,"Georgia","Lanier County",3,36,155,86,69
050,13,173,"Georgia","Lanier County",3,37,143,69,74
050,13,173,"Georgia","Lanier County",3,38,127,55,72
050,13,173,"Georgia","Lanier County",3,39,140,64,76
050,13,173,"Georgia","Lanier County",3,40,147,74,73
050,13,173,"Georgia","Lanier County",3,41,145,75,70
050,13,173,"Georgia","Lanier County",3,42,134,60,74
050,13,173,"Georgia","Lanier County",3,43,126,64,62
050,13,173,"Georgia","Lanier County",3,44,130,65,65
050,13,173,"Georgia","Lanier County",3,45,104,52,52
050,13,173,"Georgia","Lanier County",3,46,107,49,58
050,13,173,"Georgia","Lanier County",3,47,111,58,53
050,13,173,"Georgia","Lanier County",3,48,121,62,59
050,13,173,"Georgia","Lanier County",3,49,113,58,55
050,13,173,"Georgia","Lanier County",3,50,112,51,61
050,13,173,"Georgia","Lanier County",3,51,126,62,64
050,13,173,"Georgia","Lanier County",3,52,126,64,62
050,13,173,"Georgia","Lanier County",3,53,120,63,57
050,13,173,"Georgia","Lanier County",3,54,113,55,58
050,13,173,"Georgia","Lanier County",3,55,149,78,71
050,13,173,"Georgia","Lanier County",3,56,141,78,63
050,13,173,"Georgia","Lanier County",3,57,121,65,56
050,13,173,"Georgia","Lanier County",3,58,120,62,58
050,13,173,"Georgia","Lanier County",3,59,142,78,64
050,13,173,"Georgia","Lanier County",3,60,139,75,64
050,13,173,"Georgia","Lanier County",3,61,150,74,76
050,13,173,"Georgia","Lanier County",3,62,127,63,64
050,13,173,"Georgia","Lanier County",3,63,123,69,54
050,13,173,"Georgia","Lanier County",3,64,122,55,67
050,13,173,"Georgia","Lanier County",3,65,109,50,59
050,13,173,"Georgia","Lanier County",3,66,98,51,47
050,13,173,"Georgia","Lanier County",3,67,93,47,46
050,13,173,"Georgia","Lanier County",3,68,91,44,47
050,13,173,"Georgia","Lanier County",3,69,87,44,43
050,13,173,"Georgia","Lanier County",3,70,89,47,42
050,13,173,"Georgia","Lanier County",3,71,94,43,51
050,13,173,"Georgia","Lanier County",3,72,89,43,46
050,13,173,"Georgia","Lanier County",3,73,80,40,40
050,13,173,"Georgia","Lanier County",3,74,90,43,47
050,13,173,"Georgia","Lanier County",3,75,64,28,36
050,13,173,"Georgia","Lanier County",3,76,63,30,33
050,13,173,"Georgia","Lanier County",3,77,54,22,32
050,13,173,"Georgia","Lanier County",3,78,48,19,29
050,13,173,"Georgia","Lanier County",3,79,45,21,24
050,13,173,"Georgia","Lanier County",3,80,43,19,24
050,13,173,"Georgia","Lanier County",3,81,30,14,16
050,13,173,"Georgia","Lanier County",3,82,34,13,21
050,13,173,"Georgia","Lanier County",3,83,35,17,18
050,13,173,"Georgia","Lanier County",3,84,29,13,16
050,13,173,"Georgia","Lanier County",3,85,116,44,72
050,13,173,"Georgia","Lanier County",4,0,143,72,71
050,13,173,"Georgia","Lanier County",4,1,148,69,79
050,13,173,"Georgia","Lanier County",4,2,135,66,69
050,13,173,"Georgia","Lanier County",4,3,121,63,58
050,13,173,"Georgia","Lanier County",4,4,119,68,51
050,13,173,"Georgia","Lanier County",4,5,105,48,57
050,13,173,"Georgia","Lanier County",4,6,149,66,83
050,13,173,"Georgia","Lanier County",4,7,143,71,72
050,13,173,"Georgia","Lanier County",4,8,132,70,62
050,13,173,"Georgia","Lanier County",4,9,118,68,50
050,13,173,"Georgia","Lanier County",4,10,118,63,55
050,13,173,"Georgia","Lanier County",4,11,129,69,60
050,13,173,"Georgia","Lanier County",4,12,139,67,72
050,13,173,"Georgia","Lanier County",4,13,136,68,68
050,13,173,"Georgia","Lanier County",4,14,152,71,81
050,13,173,"Georgia","Lanier County",4,15,124,56,68
050,13,173,"Georgia","Lanier County",4,16,137,57,80
050,13,173,"Georgia","Lanier County",4,17,143,69,74
050,13,173,"Georgia","Lanier County",4,18,126,68,58
050,13,173,"Georgia","Lanier County",4,19,115,63,52
050,13,173,"Georgia","Lanier County",4,20,95,54,41
050,13,173,"Georgia","Lanier County",4,21,120,65,55
050,13,173,"Georgia","Lanier County",4,22,114,69,45
050,13,173,"Georgia","Lanier County",4,23,156,82,74
050,13,173,"Georgia","Lanier County",4,24,151,79,72
050,13,173,"Georgia","Lanier County",4,25,171,91,80
050,13,173,"Georgia","Lanier County",4,26,154,79,75
050,13,173,"Georgia","Lanier County",4,27,148,84,64
050,13,173,"Georgia","Lanier County",4,28,121,68,53
050,13,173,"Georgia","Lanier County",4,29,133,69,64
050,13,173,"Georgia","Lanier County",4,30,160,87,73
050,13,173,"Georgia","Lanier County",4,31,134,61,73
050,13,173,"Georgia","Lanier County",4,32,134,68,66
050,13,173,"Georgia","Lanier County",4,33,136,64,72
050,13,173,"Georgia","Lanier County",4,34,152,74,78
050,13,173,"Georgia","Lanier County",4,35,128,64,64
050,13,173,"Georgia","Lanier County",4,36,140,77,63
050,13,173,"Georgia","Lanier County",4,37,160,82,78
050,13,173,"Georgia","Lanier County",4,38,144,73,71
050,13,173,"Georgia","Lanier County",4,39,123,52,71
050,13,173,"Georgia","Lanier County",4,40,166,79,87
050,13,173,"Georgia","Lanier County",4,41,145,73,72
050,13,173,"Georgia","Lanier County",4,42,147,77,70
050,13,173,"Georgia","Lanier County",4,43,143,67,76
050,13,173,"Georgia","Lanier County",4,44,117,60,57
050,13,173,"Georgia","Lanier County",4,45,137,71,66
050,13,173,"Georgia","Lanier County",4,46,109,53,56
050,13,173,"Georgia","Lanier County",4,47,108,50,58
050,13,173,"Georgia","Lanier County",4,48,110,62,48
050,13,173,"Georgia","Lanier County",4,49,111,55,56
050,13,173,"Georgia","Lanier County",4,50,120,63,57
050,13,173,"Georgia","Lanier County",4,51,111,49,62
050,13,173,"Georgia","Lanier County",4,52,128,60,68
050,13,173,"Georgia","Lanier County",4,53,126,62,64
050,13,173,"Georgia","Lanier County",4,54,117,59,58
050,13,173,"Georgia","Lanier County",4,55,119,59,60
050,13,173,"Georgia","Lanier County",4,56,146,78,68
050,13,173,"Georgia","Lanier County",4,57,144,78,66
050,13,173,"Georgia","Lanier County",4,58,110,61,49
050,13,173,"Georgia","Lanier County",4,59,123,66,57
050,13,173,"Georgia","Lanier County",4,60,138,77,61
050,13,173,"Georgia","Lanier County",4,61,134,69,65
050,13,173,"Georgia","Lanier County",4,62,152,75,77
050,13,173,"Georgia","Lanier County",4,63,124,62,62
050,13,173,"Georgia","Lanier County",4,64,128,71,57
050,13,173,"Georgia","Lanier County",4,65,117,51,66
050,13,173,"Georgia","Lanier County",4,66,115,51,64
050,13,173,"Georgia","Lanier County",4,67,97,54,43
050,13,173,"Georgia","Lanier County",4,68,93,46,47
050,13,173,"Georgia","Lanier County",4,69,94,42,52
050,13,173,"Georgia","Lanier County",4,70,85,47,38
050,13,173,"Georgia","Lanier County",4,71,87,45,42
050,13,173,"Georgia","Lanier County",4,72,91,42,49
050,13,173,"Georgia","Lanier County",4,73,88,42,46
050,13,173,"Georgia","Lanier County",4,74,75,36,39
050,13,173,"Georgia","Lanier County",4,75,88,40,48
050,13,173,"Georgia","Lanier County",4,76,66,29,37
050,13,173,"Georgia","Lanier County",4,77,63,29,34
050,13,173,"Georgia","Lanier County",4,78,53,25,28
050,13,173,"Georgia","Lanier County",4,79,46,17,29
050,13,173,"Georgia","Lanier County",4,80,46,23,23
050,13,173,"Georgia","Lanier County",4,81,33,13,20
050,13,173,"Georgia","Lanier County",4,82,32,15,17
050,13,173,"Georgia","Lanier County",4,83,26,12,14
050,13,173,"Georgia","Lanier County",4,84,36,17,19
050,13,173,"Georgia","Lanier County",4,85,127,46,81
050,13,173,"Georgia","Lanier County",5,0,128,66,62
050,13,173,"Georgia","Lanier County",5,1,135,60,75
050,13,173,"Georgia","Lanier County",5,2,157,62,95
050,13,173,"Georgia","Lanier County",5,3,134,66,68
050,13,173,"Georgia","Lanier County",5,4,129,67,62
050,13,173,"Georgia","Lanier County",5,5,134,75,59
050,13,173,"Georgia","Lanier County",5,6,115,55,60
050,13,173,"Georgia","Lanier County",5,7,153,70,83
050,13,173,"Georgia","Lanier County",5,8,138,66,72
050,13,173,"Georgia","Lanier County",5,9,140,72,68
050,13,173,"Georgia","Lanier County",5,10,119,69,50
050,13,173,"Georgia","Lanier County",5,11,124,64,60
050,13,173,"Georgia","Lanier County",5,12,124,68,56
050,13,173,"Georgia","Lanier County",5,13,147,73,74
050,13,173,"Georgia","Lanier County",5,14,135,69,66
050,13,173,"Georgia","Lanier County",5,15,159,74,85
050,13,173,"Georgia","Lanier County",5,16,140,63,77
050,13,173,"Georgia","Lanier County",5,17,149,72,77
050,13,173,"Georgia","Lanier County",5,18,124,64,60
050,13,173,"Georgia","Lanier County",5,19,118,67,51
050,13,173,"Georgia","Lanier County",5,20,121,71,50
050,13,173,"Georgia","Lanier County",5,21,112,65,47
050,13,173,"Georgia","Lanier County",5,22,123,73,50
050,13,173,"Georgia","Lanier County",5,23,139,85,54
050,13,173,"Georgia","Lanier County",5,24,178,92,86
050,13,173,"Georgia","Lanier County",5,25,190,84,106
050,13,173,"Georgia","Lanier County",5,26,167,96,71
050,13,173,"Georgia","Lanier County",5,27,167,87,80
050,13,173,"Georgia","Lanier County",5,28,134,74,60
050,13,173,"Georgia","Lanier County",5,29,133,77,56
050,13,173,"Georgia","Lanier County",5,30,149,74,75
050,13,173,"Georgia","Lanier County",5,31,170,84,86
050,13,173,"Georgia","Lanier County",5,32,144,66,78
050,13,173,"Georgia","Lanier County",5,33,128,73,55
050,13,173,"Georgia","Lanier County",5,34,128,62,66
050,13,173,"Georgia","Lanier County",5,35,154,77,77
050,13,173,"Georgia","Lanier County",5,36,137,76,61
050,13,173,"Georgia","Lanier County",5,37,143,72,71
050,13,173,"Georgia","Lanier County",5,38,153,77,76
050,13,173,"Georgia","Lanier County",5,39,144,70,74
050,13,173,"Georgia","Lanier County",5,40,141,61,80
050,13,173,"Georgia","Lanier County",5,41,159,75,84
050,13,173,"Georgia","Lanier County",5,42,143,69,74
050,13,173,"Georgia","Lanier County",5,43,138,74,64
050,13,173,"Georgia","Lanier County",5,44,143,65,78
050,13,173,"Georgia","Lanier County",5,45,125,63,62
050,13,173,"Georgia","Lanier County",5,46,137,73,64
050,13,173,"Georgia","Lanier County",5,47,112,55,57
050,13,173,"Georgia","Lanier County",5,48,113,54,59
050,13,173,"Georgia","Lanier County",5,49,103,56,47
050,13,173,"Georgia","Lanier County",5,50,127,63,64
050,13,173,"Georgia","Lanier County",5,51,120,61,59
050,13,173,"Georgia","Lanier County",5,52,114,49,65
050,13,173,"Georgia","Lanier County",5,53,126,57,69
050,13,173,"Georgia","Lanier County",5,54,130,66,64
050,13,173,"Georgia","Lanier County",5,55,114,61,53
050,13,173,"Georgia","Lanier County",5,56,120,55,65
050,13,173,"Georgia","Lanier County",5,57,136,76,60
050,13,173,"Georgia","Lanier County",5,58,143,72,71
050,13,173,"Georgia","Lanier County",5,59,110,60,50
050,13,173,"Georgia","Lanier County",5,60,127,73,54
050,13,173,"Georgia","Lanier County",5,61,142,78,64
050,13,173,"Georgia","Lanier County",5,62,125,66,59
050,13,173,"Georgia","Lanier County",5,63,144,64,80
050,13,173,"Georgia","Lanier County",5,64,133,65,68
050,13,173,"Georgia","Lanier County",5,65,120,67,53
050,13,173,"Georgia","Lanier County",5,66,116,50,66
050,13,173,"Georgia","Lanier County",5,67,114,50,64
050,13,173,"Georgia","Lanier County",5,68,88,48,40
050,13,173,"Georgia","Lanier County",5,69,97,46,51
050,13,173,"Georgia","Lanier County",5,70,93,47,46
050,13,173,"Georgia","Lanier County",5,71,87,47,40
050,13,173,"Georgia","Lanier County",5,72,80,44,36
050,13,173,"Georgia","Lanier County",5,73,85,40,45
050,13,173,"Georgia","Lanier County",5,74,90,42,48
050,13,173,"Georgia","Lanier County",5,75,70,32,38
050,13,173,"Georgia","Lanier County",5,76,88,39,49
050,13,173,"Georgia","Lanier County",5,77,66,29,37
050,13,173,"Georgia","Lanier County",5,78,54,27,27
050,13,173,"Georgia","Lanier County",5,79,48,20,28
050,13,173,"Georgia","Lanier County",5,80,46,18,28
050,13,173,"Georgia","Lanier County",5,81,35,19,16
050,13,173,"Georgia","Lanier County",5,82,36,12,24
050,13,173,"Georgia","Lanier County",5,83,23,14,9
050,13,173,"Georgia","Lanier County",5,84,28,13,15
050,13,173,"Georgia","Lanier County",5,85,147,56,91
050,13,175,"Georgia","Laurens County",1,0,643,331,312
050,13,175,"Georgia","Laurens County",1,1,655,339,316
050,13,175,"Georgia","Laurens County",1,2,634,317,317
050,13,175,"Georgia","Laurens County",1,3,663,336,327
050,13,175,"Georgia","Laurens County",1,4,678,359,319
050,13,175,"Georgia","Laurens County",1,5,695,344,351
050,13,175,"Georgia","Laurens County",1,6,680,349,331
050,13,175,"Georgia","Laurens County",1,7,671,339,332
050,13,175,"Georgia","Laurens County",1,8,677,350,327
050,13,175,"Georgia","Laurens County",1,9,648,314,334
050,13,175,"Georgia","Laurens County",1,10,718,362,356
050,13,175,"Georgia","Laurens County",1,11,721,365,356
050,13,175,"Georgia","Laurens County",1,12,737,379,358
050,13,175,"Georgia","Laurens County",1,13,739,385,354
050,13,175,"Georgia","Laurens County",1,14,715,355,360
050,13,175,"Georgia","Laurens County",1,15,702,349,353
050,13,175,"Georgia","Laurens County",1,16,721,349,372
050,13,175,"Georgia","Laurens County",1,17,694,347,347
050,13,175,"Georgia","Laurens County",1,18,594,307,287
050,13,175,"Georgia","Laurens County",1,19,521,264,257
050,13,175,"Georgia","Laurens County",1,20,515,261,254
050,13,175,"Georgia","Laurens County",1,21,519,260,259
050,13,175,"Georgia","Laurens County",1,22,549,287,262
050,13,175,"Georgia","Laurens County",1,23,571,289,282
050,13,175,"Georgia","Laurens County",1,24,562,280,282
050,13,175,"Georgia","Laurens County",1,25,597,289,308
050,13,175,"Georgia","Laurens County",1,26,607,319,288
050,13,175,"Georgia","Laurens County",1,27,619,302,317
050,13,175,"Georgia","Laurens County",1,28,620,286,334
050,13,175,"Georgia","Laurens County",1,29,652,299,353
050,13,175,"Georgia","Laurens County",1,30,645,282,363
050,13,175,"Georgia","Laurens County",1,31,609,285,324
050,13,175,"Georgia","Laurens County",1,32,595,276,319
050,13,175,"Georgia","Laurens County",1,33,559,249,310
050,13,175,"Georgia","Laurens County",1,34,533,233,300
050,13,175,"Georgia","Laurens County",1,35,575,251,324
050,13,175,"Georgia","Laurens County",1,36,606,267,339
050,13,175,"Georgia","Laurens County",1,37,601,258,343
050,13,175,"Georgia","Laurens County",1,38,579,264,315
050,13,175,"Georgia","Laurens County",1,39,631,291,340
050,13,175,"Georgia","Laurens County",1,40,604,298,306
050,13,175,"Georgia","Laurens County",1,41,609,284,325
050,13,175,"Georgia","Laurens County",1,42,595,270,325
050,13,175,"Georgia","Laurens County",1,43,583,276,307
050,13,175,"Georgia","Laurens County",1,44,578,262,316
050,13,175,"Georgia","Laurens County",1,45,555,262,293
050,13,175,"Georgia","Laurens County",1,46,562,273,289
050,13,175,"Georgia","Laurens County",1,47,579,262,317
050,13,175,"Georgia","Laurens County",1,48,600,302,298
050,13,175,"Georgia","Laurens County",1,49,618,314,304
050,13,175,"Georgia","Laurens County",1,50,631,314,317
050,13,175,"Georgia","Laurens County",1,51,657,316,341
050,13,175,"Georgia","Laurens County",1,52,651,311,340
050,13,175,"Georgia","Laurens County",1,53,642,302,340
050,13,175,"Georgia","Laurens County",1,54,617,303,314
050,13,175,"Georgia","Laurens County",1,55,688,340,348
050,13,175,"Georgia","Laurens County",1,56,649,315,334
050,13,175,"Georgia","Laurens County",1,57,636,295,341
050,13,175,"Georgia","Laurens County",1,58,616,308,308
050,13,175,"Georgia","Laurens County",1,59,640,303,337
050,13,175,"Georgia","Laurens County",1,60,663,326,337
050,13,175,"Georgia","Laurens County",1,61,641,309,332
050,13,175,"Georgia","Laurens County",1,62,623,296,327
050,13,175,"Georgia","Laurens County",1,63,616,286,330
050,13,175,"Georgia","Laurens County",1,64,574,256,318
050,13,175,"Georgia","Laurens County",1,65,609,284,325
050,13,175,"Georgia","Laurens County",1,66,599,266,333
050,13,175,"Georgia","Laurens County",1,67,568,247,321
050,13,175,"Georgia","Laurens County",1,68,542,248,294
050,13,175,"Georgia","Laurens County",1,69,519,245,274
050,13,175,"Georgia","Laurens County",1,70,497,242,255
050,13,175,"Georgia","Laurens County",1,71,496,226,270
050,13,175,"Georgia","Laurens County",1,72,484,215,269
050,13,175,"Georgia","Laurens County",1,73,504,234,270
050,13,175,"Georgia","Laurens County",1,74,348,139,209
050,13,175,"Georgia","Laurens County",1,75,345,142,203
050,13,175,"Georgia","Laurens County",1,76,384,166,218
050,13,175,"Georgia","Laurens County",1,77,346,143,203
050,13,175,"Georgia","Laurens County",1,78,294,132,162
050,13,175,"Georgia","Laurens County",1,79,298,124,174
050,13,175,"Georgia","Laurens County",1,80,245,96,149
050,13,175,"Georgia","Laurens County",1,81,229,97,132
050,13,175,"Georgia","Laurens County",1,82,207,94,113
050,13,175,"Georgia","Laurens County",1,83,175,68,107
050,13,175,"Georgia","Laurens County",1,84,184,73,111
050,13,175,"Georgia","Laurens County",1,85,1020,291,729
050,13,175,"Georgia","Laurens County",2,0,621,314,307
050,13,175,"Georgia","Laurens County",2,1,652,337,315
050,13,175,"Georgia","Laurens County",2,2,642,324,318
050,13,175,"Georgia","Laurens County",2,3,654,332,322
050,13,175,"Georgia","Laurens County",2,4,673,352,321
050,13,175,"Georgia","Laurens County",2,5,691,347,344
050,13,175,"Georgia","Laurens County",2,6,686,348,338
050,13,175,"Georgia","Laurens County",2,7,675,343,332
050,13,175,"Georgia","Laurens County",2,8,673,345,328
050,13,175,"Georgia","Laurens County",2,9,657,324,333
050,13,175,"Georgia","Laurens County",2,10,701,352,349
050,13,175,"Georgia","Laurens County",2,11,715,362,353
050,13,175,"Georgia","Laurens County",2,12,737,378,359
050,13,175,"Georgia","Laurens County",2,13,742,385,357
050,13,175,"Georgia","Laurens County",2,14,719,360,359
050,13,175,"Georgia","Laurens County",2,15,707,350,357
050,13,175,"Georgia","Laurens County",2,16,719,349,370
050,13,175,"Georgia","Laurens County",2,17,697,344,353
050,13,175,"Georgia","Laurens County",2,18,591,305,286
050,13,175,"Georgia","Laurens County",2,19,512,262,250
050,13,175,"Georgia","Laurens County",2,20,531,268,263
050,13,175,"Georgia","Laurens County",2,21,524,263,261
050,13,175,"Georgia","Laurens County",2,22,549,282,267
050,13,175,"Georgia","Laurens County",2,23,574,294,280
050,13,175,"Georgia","Laurens County",2,24,562,282,280
050,13,175,"Georgia","Laurens County",2,25,592,291,301
050,13,175,"Georgia","Laurens County",2,26,606,314,292
050,13,175,"Georgia","Laurens County",2,27,615,307,308
050,13,175,"Georgia","Laurens County",2,28,618,290,328
050,13,175,"Georgia","Laurens County",2,29,640,292,348
050,13,175,"Georgia","Laurens County",2,30,646,285,361
050,13,175,"Georgia","Laurens County",2,31,616,286,330
050,13,175,"Georgia","Laurens County",2,32,596,278,318
050,13,175,"Georgia","Laurens County",2,33,568,255,313
050,13,175,"Georgia","Laurens County",2,34,545,240,305
050,13,175,"Georgia","Laurens County",2,35,568,248,320
050,13,175,"Georgia","Laurens County",2,36,595,262,333
050,13,175,"Georgia","Laurens County",2,37,604,262,342
050,13,175,"Georgia","Laurens County",2,38,585,261,324
050,13,175,"Georgia","Laurens County",2,39,614,284,330
050,13,175,"Georgia","Laurens County",2,40,616,299,317
050,13,175,"Georgia","Laurens County",2,41,609,286,323
050,13,175,"Georgia","Laurens County",2,42,593,272,321
050,13,175,"Georgia","Laurens County",2,43,589,274,315
050,13,175,"Georgia","Laurens County",2,44,573,261,312
050,13,175,"Georgia","Laurens County",2,45,564,266,298
050,13,175,"Georgia","Laurens County",2,46,557,268,289
050,13,175,"Georgia","Laurens County",2,47,572,265,307
050,13,175,"Georgia","Laurens County",2,48,597,293,304
050,13,175,"Georgia","Laurens County",2,49,622,315,307
050,13,175,"Georgia","Laurens County",2,50,630,313,317
050,13,175,"Georgia","Laurens County",2,51,647,315,332
050,13,175,"Georgia","Laurens County",2,52,653,311,342
050,13,175,"Georgia","Laurens County",2,53,639,305,334
050,13,175,"Georgia","Laurens County",2,54,625,305,320
050,13,175,"Georgia","Laurens County",2,55,670,333,337
050,13,175,"Georgia","Laurens County",2,56,654,319,335
050,13,175,"Georgia","Laurens County",2,57,634,300,334
050,13,175,"Georgia","Laurens County",2,58,617,302,315
050,13,175,"Georgia","Laurens County",2,59,630,302,328
050,13,175,"Georgia","Laurens County",2,60,658,320,338
050,13,175,"Georgia","Laurens County",2,61,640,306,334
050,13,175,"Georgia","Laurens County",2,62,629,301,328
050,13,175,"Georgia","Laurens County",2,63,613,286,327
050,13,175,"Georgia","Laurens County",2,64,578,261,317
050,13,175,"Georgia","Laurens County",2,65,598,278,320
050,13,175,"Georgia","Laurens County",2,66,598,269,329
050,13,175,"Georgia","Laurens County",2,67,570,247,323
050,13,175,"Georgia","Laurens County",2,68,540,239,301
050,13,175,"Georgia","Laurens County",2,69,522,245,277
050,13,175,"Georgia","Laurens County",2,70,500,244,256
050,13,175,"Georgia","Laurens County",2,71,496,229,267
050,13,175,"Georgia","Laurens County",2,72,481,215,266
050,13,175,"Georgia","Laurens County",2,73,518,240,278
050,13,175,"Georgia","Laurens County",2,74,359,148,211
050,13,175,"Georgia","Laurens County",2,75,342,139,203
050,13,175,"Georgia","Laurens County",2,76,373,158,215
050,13,175,"Georgia","Laurens County",2,77,355,148,207
050,13,175,"Georgia","Laurens County",2,78,296,131,165
050,13,175,"Georgia","Laurens County",2,79,295,123,172
050,13,175,"Georgia","Laurens County",2,80,252,99,153
050,13,175,"Georgia","Laurens County",2,81,226,98,128
050,13,175,"Georgia","Laurens County",2,82,215,96,119
050,13,175,"Georgia","Laurens County",2,83,176,71,105
050,13,175,"Georgia","Laurens County",2,84,178,71,107
050,13,175,"Georgia","Laurens County",2,85,1024,296,728
050,13,175,"Georgia","Laurens County",3,0,595,313,282
050,13,175,"Georgia","Laurens County",3,1,631,318,313
050,13,175,"Georgia","Laurens County",3,2,650,326,324
050,13,175,"Georgia","Laurens County",3,3,631,318,313
050,13,175,"Georgia","Laurens County",3,4,662,335,327
050,13,175,"Georgia","Laurens County",3,5,684,348,336
050,13,175,"Georgia","Laurens County",3,6,677,348,329
050,13,175,"Georgia","Laurens County",3,7,680,343,337
050,13,175,"Georgia","Laurens County",3,8,689,345,344
050,13,175,"Georgia","Laurens County",3,9,691,362,329
050,13,175,"Georgia","Laurens County",3,10,664,325,339
050,13,175,"Georgia","Laurens County",3,11,707,354,353
050,13,175,"Georgia","Laurens County",3,12,716,365,351
050,13,175,"Georgia","Laurens County",3,13,755,390,365
050,13,175,"Georgia","Laurens County",3,14,743,376,367
050,13,175,"Georgia","Laurens County",3,15,723,359,364
050,13,175,"Georgia","Laurens County",3,16,721,358,363
050,13,175,"Georgia","Laurens County",3,17,719,356,363
050,13,175,"Georgia","Laurens County",3,18,602,307,295
050,13,175,"Georgia","Laurens County",3,19,509,258,251
050,13,175,"Georgia","Laurens County",3,20,543,271,272
050,13,175,"Georgia","Laurens County",3,21,570,285,285
050,13,175,"Georgia","Laurens County",3,22,541,262,279
050,13,175,"Georgia","Laurens County",3,23,578,293,285
050,13,175,"Georgia","Laurens County",3,24,571,282,289
050,13,175,"Georgia","Laurens County",3,25,554,281,273
050,13,175,"Georgia","Laurens County",3,26,601,302,299
050,13,175,"Georgia","Laurens County",3,27,587,305,282
050,13,175,"Georgia","Laurens County",3,28,590,282,308
050,13,175,"Georgia","Laurens County",3,29,610,280,330
050,13,175,"Georgia","Laurens County",3,30,633,284,349
050,13,175,"Georgia","Laurens County",3,31,636,286,350
050,13,175,"Georgia","Laurens County",3,32,615,283,332
050,13,175,"Georgia","Laurens County",3,33,614,291,323
050,13,175,"Georgia","Laurens County",3,34,594,273,321
050,13,175,"Georgia","Laurens County",3,35,539,236,303
050,13,175,"Georgia","Laurens County",3,36,585,247,338
050,13,175,"Georgia","Laurens County",3,37,600,258,342
050,13,175,"Georgia","Laurens County",3,38,601,261,340
050,13,175,"Georgia","Laurens County",3,39,599,275,324
050,13,175,"Georgia","Laurens County",3,40,609,278,331
050,13,175,"Georgia","Laurens County",3,41,616,303,313
050,13,175,"Georgia","Laurens County",3,42,600,278,322
050,13,175,"Georgia","Laurens County",3,43,598,271,327
050,13,175,"Georgia","Laurens County",3,44,580,267,313
050,13,175,"Georgia","Laurens County",3,45,574,265,309
050,13,175,"Georgia","Laurens County",3,46,556,257,299
050,13,175,"Georgia","Laurens County",3,47,557,259,298
050,13,175,"Georgia","Laurens County",3,48,574,268,306
050,13,175,"Georgia","Laurens County",3,49,603,297,306
050,13,175,"Georgia","Laurens County",3,50,602,303,299
050,13,175,"Georgia","Laurens County",3,51,627,317,310
050,13,175,"Georgia","Laurens County",3,52,654,316,338
050,13,175,"Georgia","Laurens County",3,53,642,310,332
050,13,175,"Georgia","Laurens County",3,54,646,303,343
050,13,175,"Georgia","Laurens County",3,55,620,294,326
050,13,175,"Georgia","Laurens County",3,56,663,330,333
050,13,175,"Georgia","Laurens County",3,57,647,324,323
050,13,175,"Georgia","Laurens County",3,58,634,296,338
050,13,175,"Georgia","Laurens County",3,59,607,294,313
050,13,175,"Georgia","Laurens County",3,60,635,305,330
050,13,175,"Georgia","Laurens County",3,61,629,296,333
050,13,175,"Georgia","Laurens County",3,62,653,308,345
050,13,175,"Georgia","Laurens County",3,63,596,281,315
050,13,175,"Georgia","Laurens County",3,64,605,280,325
050,13,175,"Georgia","Laurens County",3,65,573,262,311
050,13,175,"Georgia","Laurens County",3,66,581,264,317
050,13,175,"Georgia","Laurens County",3,67,596,272,324
050,13,175,"Georgia","Laurens County",3,68,561,237,324
050,13,175,"Georgia","Laurens County",3,69,529,234,295
050,13,175,"Georgia","Laurens County",3,70,518,251,267
050,13,175,"Georgia","Laurens County",3,71,490,235,255
050,13,175,"Georgia","Laurens County",3,72,483,222,261
050,13,175,"Georgia","Laurens County",3,73,469,218,251
050,13,175,"Georgia","Laurens County",3,74,482,212,270
050,13,175,"Georgia","Laurens County",3,75,334,138,196
050,13,175,"Georgia","Laurens County",3,76,352,140,212
050,13,175,"Georgia","Laurens County",3,77,335,138,197
050,13,175,"Georgia","Laurens County",3,78,331,137,194
050,13,175,"Georgia","Laurens County",3,79,272,110,162
050,13,175,"Georgia","Laurens County",3,80,270,108,162
050,13,175,"Georgia","Laurens County",3,81,235,95,140
050,13,175,"Georgia","Laurens County",3,82,221,95,126
050,13,175,"Georgia","Laurens County",3,83,176,73,103
050,13,175,"Georgia","Laurens County",3,84,178,72,106
050,13,175,"Georgia","Laurens County",3,85,1001,295,706
050,13,175,"Georgia","Laurens County",4,0,590,296,294
050,13,175,"Georgia","Laurens County",4,1,628,339,289
050,13,175,"Georgia","Laurens County",4,2,628,323,305
050,13,175,"Georgia","Laurens County",4,3,651,329,322
050,13,175,"Georgia","Laurens County",4,4,657,319,338
050,13,175,"Georgia","Laurens County",4,5,664,340,324
050,13,175,"Georgia","Laurens County",4,6,681,351,330
050,13,175,"Georgia","Laurens County",4,7,677,345,332
050,13,175,"Georgia","Laurens County",4,8,694,353,341
050,13,175,"Georgia","Laurens County",4,9,698,357,341
050,13,175,"Georgia","Laurens County",4,10,712,383,329
050,13,175,"Georgia","Laurens County",4,11,670,332,338
050,13,175,"Georgia","Laurens County",4,12,706,356,350
050,13,175,"Georgia","Laurens County",4,13,711,370,341
050,13,175,"Georgia","Laurens County",4,14,777,402,375
050,13,175,"Georgia","Laurens County",4,15,748,380,368
050,13,175,"Georgia","Laurens County",4,16,744,377,367
050,13,175,"Georgia","Laurens County",4,17,716,353,363
050,13,175,"Georgia","Laurens County",4,18,616,315,301
050,13,175,"Georgia","Laurens County",4,19,501,246,255
050,13,175,"Georgia","Laurens County",4,20,529,270,259
050,13,175,"Georgia","Laurens County",4,21,576,287,289
050,13,175,"Georgia","Laurens County",4,22,585,298,287
050,13,175,"Georgia","Laurens County",4,23,568,274,294
050,13,175,"Georgia","Laurens County",4,24,615,309,306
050,13,175,"Georgia","Laurens County",4,25,614,319,295
050,13,175,"Georgia","Laurens County",4,26,567,278,289
050,13,175,"Georgia","Laurens County",4,27,603,304,299
050,13,175,"Georgia","Laurens County",4,28,570,292,278
050,13,175,"Georgia","Laurens County",4,29,579,273,306
050,13,175,"Georgia","Laurens County",4,30,626,291,335
050,13,175,"Georgia","Laurens County",4,31,632,276,356
050,13,175,"Georgia","Laurens County",4,32,649,289,360
050,13,175,"Georgia","Laurens County",4,33,625,283,342
050,13,175,"Georgia","Laurens County",4,34,627,306,321
050,13,175,"Georgia","Laurens County",4,35,587,264,323
050,13,175,"Georgia","Laurens County",4,36,543,239,304
050,13,175,"Georgia","Laurens County",4,37,589,247,342
050,13,175,"Georgia","Laurens County",4,38,599,255,344
050,13,175,"Georgia","Laurens County",4,39,591,259,332
050,13,175,"Georgia","Laurens County",4,40,590,271,319
050,13,175,"Georgia","Laurens County",4,41,624,276,348
050,13,175,"Georgia","Laurens County",4,42,603,298,305
050,13,175,"Georgia","Laurens County",4,43,621,281,340
050,13,175,"Georgia","Laurens County",4,44,589,267,322
050,13,175,"Georgia","Laurens County",4,45,588,277,311
050,13,175,"Georgia","Laurens County",4,46,565,259,306
050,13,175,"Georgia","Laurens County",4,47,554,252,302
050,13,175,"Georgia","Laurens County",4,48,554,260,294
050,13,175,"Georgia","Laurens County",4,49,598,283,315
050,13,175,"Georgia","Laurens County",4,50,618,303,315
050,13,175,"Georgia","Laurens County",4,51,600,305,295
050,13,175,"Georgia","Laurens County",4,52,632,316,316
050,13,175,"Georgia","Laurens County",4,53,644,322,322
050,13,175,"Georgia","Laurens County",4,54,635,308,327
050,13,175,"Georgia","Laurens County",4,55,632,295,337
050,13,175,"Georgia","Laurens County",4,56,609,294,315
050,13,175,"Georgia","Laurens County",4,57,656,326,330
050,13,175,"Georgia","Laurens County",4,58,641,316,325
050,13,175,"Georgia","Laurens County",4,59,635,292,343
050,13,175,"Georgia","Laurens County",4,60,597,290,307
050,13,175,"Georgia","Laurens County",4,61,640,304,336
050,13,175,"Georgia","Laurens County",4,62,635,295,340
050,13,175,"Georgia","Laurens County",4,63,629,298,331
050,13,175,"Georgia","Laurens County",4,64,591,276,315
050,13,175,"Georgia","Laurens County",4,65,584,270,314
050,13,175,"Georgia","Laurens County",4,66,549,247,302
050,13,175,"Georgia","Laurens County",4,67,571,255,316
050,13,175,"Georgia","Laurens County",4,68,586,264,322
050,13,175,"Georgia","Laurens County",4,69,537,223,314
050,13,175,"Georgia","Laurens County",4,70,524,239,285
050,13,175,"Georgia","Laurens County",4,71,500,232,268
050,13,175,"Georgia","Laurens County",4,72,472,226,246
050,13,175,"Georgia","Laurens County",4,73,466,222,244
050,13,175,"Georgia","Laurens County",4,74,442,196,246
050,13,175,"Georgia","Laurens County",4,75,458,204,254
050,13,175,"Georgia","Laurens County",4,76,339,136,203
050,13,175,"Georgia","Laurens County",4,77,319,117,202
050,13,175,"Georgia","Laurens County",4,78,309,132,177
050,13,175,"Georgia","Laurens County",4,79,313,119,194
050,13,175,"Georgia","Laurens County",4,80,254,98,156
050,13,175,"Georgia","Laurens County",4,81,252,98,154
050,13,175,"Georgia","Laurens County",4,82,227,88,139
050,13,175,"Georgia","Laurens County",4,83,192,78,114
050,13,175,"Georgia","Laurens County",4,84,172,68,104
050,13,175,"Georgia","Laurens County",4,85,1021,307,714
050,13,175,"Georgia","Laurens County",5,0,604,303,301
050,13,175,"Georgia","Laurens County",5,1,582,298,284
050,13,175,"Georgia","Laurens County",5,2,627,339,288
050,13,175,"Georgia","Laurens County",5,3,614,310,304
050,13,175,"Georgia","Laurens County",5,4,680,333,347
050,13,175,"Georgia","Laurens County",5,5,668,323,345
050,13,175,"Georgia","Laurens County",5,6,668,332,336
050,13,175,"Georgia","Laurens County",5,7,692,350,342
050,13,175,"Georgia","Laurens County",5,8,694,360,334
050,13,175,"Georgia","Laurens County",5,9,734,382,352
050,13,175,"Georgia","Laurens County",5,10,701,355,346
050,13,175,"Georgia","Laurens County",5,11,713,386,327
050,13,175,"Georgia","Laurens County",5,12,680,338,342
050,13,175,"Georgia","Laurens County",5,13,743,379,364
050,13,175,"Georgia","Laurens County",5,14,727,357,370
050,13,175,"Georgia","Laurens County",5,15,752,390,362
050,13,175,"Georgia","Laurens County",5,16,773,394,379
050,13,175,"Georgia","Laurens County",5,17,739,363,376
050,13,175,"Georgia","Laurens County",5,18,619,323,296
050,13,175,"Georgia","Laurens County",5,19,508,260,248
050,13,175,"Georgia","Laurens County",5,20,539,270,269
050,13,175,"Georgia","Laurens County",5,21,568,297,271
050,13,175,"Georgia","Laurens County",5,22,599,299,300
050,13,175,"Georgia","Laurens County",5,23,602,302,300
050,13,175,"Georgia","Laurens County",5,24,581,286,295
050,13,175,"Georgia","Laurens County",5,25,628,325,303
050,13,175,"Georgia","Laurens County",5,26,605,311,294
050,13,175,"Georgia","Laurens County",5,27,557,269,288
050,13,175,"Georgia","Laurens County",5,28,610,304,306
050,13,175,"Georgia","Laurens County",5,29,562,275,287
050,13,175,"Georgia","Laurens County",5,30,597,280,317
050,13,175,"Georgia","Laurens County",5,31,627,288,339
050,13,175,"Georgia","Laurens County",5,32,667,289,378
050,13,175,"Georgia","Laurens County",5,33,631,268,363
050,13,175,"Georgia","Laurens County",5,34,620,284,336
050,13,175,"Georgia","Laurens County",5,35,630,307,323
050,13,175,"Georgia","Laurens County",5,36,591,267,324
050,13,175,"Georgia","Laurens County",5,37,548,242,306
050,13,175,"Georgia","Laurens County",5,38,579,243,336
050,13,175,"Georgia","Laurens County",5,39,612,275,337
050,13,175,"Georgia","Laurens County",5,40,574,241,333
050,13,175,"Georgia","Laurens County",5,41,590,271,319
050,13,175,"Georgia","Laurens County",5,42,625,282,343
050,13,175,"Georgia","Laurens County",5,43,621,310,311
050,13,175,"Georgia","Laurens County",5,44,626,283,343
050,13,175,"Georgia","Laurens County",5,45,591,271,320
050,13,175,"Georgia","Laurens County",5,46,579,270,309
050,13,175,"Georgia","Laurens County",5,47,568,255,313
050,13,175,"Georgia","Laurens County",5,48,560,255,305
050,13,175,"Georgia","Laurens County",5,49,544,254,290
050,13,175,"Georgia","Laurens County",5,50,601,280,321
050,13,175,"Georgia","Laurens County",5,51,626,314,312
050,13,175,"Georgia","Laurens County",5,52,600,301,299
050,13,175,"Georgia","Laurens County",5,53,614,310,304
050,13,175,"Georgia","Laurens County",5,54,650,322,328
050,13,175,"Georgia","Laurens County",5,55,630,298,332
050,13,175,"Georgia","Laurens County",5,56,616,282,334
050,13,175,"Georgia","Laurens County",5,57,615,302,313
050,13,175,"Georgia","Laurens County",5,58,650,316,334
050,13,175,"Georgia","Laurens County",5,59,632,311,321
050,13,175,"Georgia","Laurens County",5,60,632,288,344
050,13,175,"Georgia","Laurens County",5,61,595,281,314
050,13,175,"Georgia","Laurens County",5,62,645,304,341
050,13,175,"Georgia","Laurens County",5,63,622,293,329
050,13,175,"Georgia","Laurens County",5,64,622,297,325
050,13,175,"Georgia","Laurens County",5,65,573,270,303
050,13,175,"Georgia","Laurens County",5,66,572,264,308
050,13,175,"Georgia","Laurens County",5,67,542,238,304
050,13,175,"Georgia","Laurens County",5,68,563,243,320
050,13,175,"Georgia","Laurens County",5,69,563,257,306
050,13,175,"Georgia","Laurens County",5,70,540,228,312
050,13,175,"Georgia","Laurens County",5,71,510,224,286
050,13,175,"Georgia","Laurens County",5,72,485,223,262
050,13,175,"Georgia","Laurens County",5,73,461,222,239
050,13,175,"Georgia","Laurens County",5,74,438,196,242
050,13,175,"Georgia","Laurens County",5,75,419,185,234
050,13,175,"Georgia","Laurens County",5,76,466,207,259
050,13,175,"Georgia","Laurens County",5,77,310,113,197
050,13,175,"Georgia","Laurens County",5,78,295,114,181
050,13,175,"Georgia","Laurens County",5,79,299,122,177
050,13,175,"Georgia","Laurens County",5,80,296,110,186
050,13,175,"Georgia","Laurens County",5,81,232,90,142
050,13,175,"Georgia","Laurens County",5,82,251,95,156
050,13,175,"Georgia","Laurens County",5,83,197,71,126
050,13,175,"Georgia","Laurens County",5,84,192,76,116
050,13,175,"Georgia","Laurens County",5,85,1038,320,718
050,13,177,"Georgia","Lee County",1,0,359,183,176
050,13,177,"Georgia","Lee County",1,1,402,186,216
050,13,177,"Georgia","Lee County",1,2,412,213,199
050,13,177,"Georgia","Lee County",1,3,419,222,197
050,13,177,"Georgia","Lee County",1,4,415,231,184
050,13,177,"Georgia","Lee County",1,5,475,255,220
050,13,177,"Georgia","Lee County",1,6,485,263,222
050,13,177,"Georgia","Lee County",1,7,493,251,242
050,13,177,"Georgia","Lee County",1,8,513,274,239
050,13,177,"Georgia","Lee County",1,9,506,258,248
050,13,177,"Georgia","Lee County",1,10,496,258,238
050,13,177,"Georgia","Lee County",1,11,512,260,252
050,13,177,"Georgia","Lee County",1,12,560,287,273
050,13,177,"Georgia","Lee County",1,13,544,294,250
050,13,177,"Georgia","Lee County",1,14,560,298,262
050,13,177,"Georgia","Lee County",1,15,564,295,269
050,13,177,"Georgia","Lee County",1,16,543,307,236
050,13,177,"Georgia","Lee County",1,17,532,289,243
050,13,177,"Georgia","Lee County",1,18,486,264,222
050,13,177,"Georgia","Lee County",1,19,372,201,171
050,13,177,"Georgia","Lee County",1,20,367,188,179
050,13,177,"Georgia","Lee County",1,21,335,170,165
050,13,177,"Georgia","Lee County",1,22,362,196,166
050,13,177,"Georgia","Lee County",1,23,345,180,165
050,13,177,"Georgia","Lee County",1,24,322,167,155
050,13,177,"Georgia","Lee County",1,25,334,174,160
050,13,177,"Georgia","Lee County",1,26,362,184,178
050,13,177,"Georgia","Lee County",1,27,385,188,197
050,13,177,"Georgia","Lee County",1,28,408,195,213
050,13,177,"Georgia","Lee County",1,29,430,214,216
050,13,177,"Georgia","Lee County",1,30,455,219,236
050,13,177,"Georgia","Lee County",1,31,476,227,249
050,13,177,"Georgia","Lee County",1,32,448,208,240
050,13,177,"Georgia","Lee County",1,33,453,240,213
050,13,177,"Georgia","Lee County",1,34,466,240,226
050,13,177,"Georgia","Lee County",1,35,489,237,252
050,13,177,"Georgia","Lee County",1,36,473,248,225
050,13,177,"Georgia","Lee County",1,37,501,244,257
050,13,177,"Georgia","Lee County",1,38,523,260,263
050,13,177,"Georgia","Lee County",1,39,512,237,275
050,13,177,"Georgia","Lee County",1,40,511,240,271
050,13,177,"Georgia","Lee County",1,41,472,226,246
050,13,177,"Georgia","Lee County",1,42,471,239,232
050,13,177,"Georgia","Lee County",1,43,431,217,214
050,13,177,"Georgia","Lee County",1,44,443,241,202
050,13,177,"Georgia","Lee County",1,45,460,233,227
050,13,177,"Georgia","Lee County",1,46,472,246,226
050,13,177,"Georgia","Lee County",1,47,483,233,250
050,13,177,"Georgia","Lee County",1,48,515,262,253
050,13,177,"Georgia","Lee County",1,49,492,246,246
050,13,177,"Georgia","Lee County",1,50,471,238,233
050,13,177,"Georgia","Lee County",1,51,444,231,213
050,13,177,"Georgia","Lee County",1,52,390,213,177
050,13,177,"Georgia","Lee County",1,53,393,205,188
050,13,177,"Georgia","Lee County",1,54,396,194,202
050,13,177,"Georgia","Lee County",1,55,399,196,203
050,13,177,"Georgia","Lee County",1,56,391,180,211
050,13,177,"Georgia","Lee County",1,57,363,176,187
050,13,177,"Georgia","Lee County",1,58,384,190,194
050,13,177,"Georgia","Lee County",1,59,432,211,221
050,13,177,"Georgia","Lee County",1,60,372,185,187
050,13,177,"Georgia","Lee County",1,61,386,179,207
050,13,177,"Georgia","Lee County",1,62,403,197,206
050,13,177,"Georgia","Lee County",1,63,381,181,200
050,13,177,"Georgia","Lee County",1,64,381,201,180
050,13,177,"Georgia","Lee County",1,65,348,169,179
050,13,177,"Georgia","Lee County",1,66,338,167,171
050,13,177,"Georgia","Lee County",1,67,338,170,168
050,13,177,"Georgia","Lee County",1,68,314,148,166
050,13,177,"Georgia","Lee County",1,69,284,130,154
050,13,177,"Georgia","Lee County",1,70,280,144,136
050,13,177,"Georgia","Lee County",1,71,278,140,138
050,13,177,"Georgia","Lee County",1,72,294,149,145
050,13,177,"Georgia","Lee County",1,73,285,142,143
050,13,177,"Georgia","Lee County",1,74,175,78,97
050,13,177,"Georgia","Lee County",1,75,158,79,79
050,13,177,"Georgia","Lee County",1,76,153,72,81
050,13,177,"Georgia","Lee County",1,77,137,70,67
050,13,177,"Georgia","Lee County",1,78,109,46,63
050,13,177,"Georgia","Lee County",1,79,115,45,70
050,13,177,"Georgia","Lee County",1,80,110,52,58
050,13,177,"Georgia","Lee County",1,81,83,23,60
050,13,177,"Georgia","Lee County",1,82,65,20,45
050,13,177,"Georgia","Lee County",1,83,72,40,32
050,13,177,"Georgia","Lee County",1,84,69,32,37
050,13,177,"Georgia","Lee County",1,85,329,91,238
050,13,177,"Georgia","Lee County",2,0,369,177,192
050,13,177,"Georgia","Lee County",2,1,390,185,205
050,13,177,"Georgia","Lee County",2,2,412,207,205
050,13,177,"Georgia","Lee County",2,3,418,221,197
050,13,177,"Georgia","Lee County",2,4,421,232,189
050,13,177,"Georgia","Lee County",2,5,463,251,212
050,13,177,"Georgia","Lee County",2,6,484,262,222
050,13,177,"Georgia","Lee County",2,7,495,257,238
050,13,177,"Georgia","Lee County",2,8,510,270,240
050,13,177,"Georgia","Lee County",2,9,508,263,245
050,13,177,"Georgia","Lee County",2,10,497,257,240
050,13,177,"Georgia","Lee County",2,11,511,261,250
050,13,177,"Georgia","Lee County",2,12,548,281,267
050,13,177,"Georgia","Lee County",2,13,549,292,257
050,13,177,"Georgia","Lee County",2,14,560,298,262
050,13,177,"Georgia","Lee County",2,15,567,299,268
050,13,177,"Georgia","Lee County",2,16,553,308,245
050,13,177,"Georgia","Lee County",2,17,535,292,243
050,13,177,"Georgia","Lee County",2,18,478,264,214
050,13,177,"Georgia","Lee County",2,19,374,200,174
050,13,177,"Georgia","Lee County",2,20,372,191,181
050,13,177,"Georgia","Lee County",2,21,343,176,167
050,13,177,"Georgia","Lee County",2,22,356,189,167
050,13,177,"Georgia","Lee County",2,23,355,185,170
050,13,177,"Georgia","Lee County",2,24,327,169,158
050,13,177,"Georgia","Lee County",2,25,342,181,161
050,13,177,"Georgia","Lee County",2,26,358,181,177
050,13,177,"Georgia","Lee County",2,27,386,194,192
050,13,177,"Georgia","Lee County",2,28,404,196,208
050,13,177,"Georgia","Lee County",2,29,431,214,217
050,13,177,"Georgia","Lee County",2,30,455,220,235
050,13,177,"Georgia","Lee County",2,31,470,223,247
050,13,177,"Georgia","Lee County",2,32,458,215,243
050,13,177,"Georgia","Lee County",2,33,454,233,221
050,13,177,"Georgia","Lee County",2,34,467,240,227
050,13,177,"Georgia","Lee County",2,35,490,242,248
050,13,177,"Georgia","Lee County",2,36,479,245,234
050,13,177,"Georgia","Lee County",2,37,497,245,252
050,13,177,"Georgia","Lee County",2,38,521,258,263
050,13,177,"Georgia","Lee County",2,39,512,240,272
050,13,177,"Georgia","Lee County",2,40,510,236,274
050,13,177,"Georgia","Lee County",2,41,479,228,251
050,13,177,"Georgia","Lee County",2,42,467,236,231
050,13,177,"Georgia","Lee County",2,43,443,222,221
050,13,177,"Georgia","Lee County",2,44,443,239,204
050,13,177,"Georgia","Lee County",2,45,452,232,220
050,13,177,"Georgia","Lee County",2,46,470,245,225
050,13,177,"Georgia","Lee County",2,47,478,231,247
050,13,177,"Georgia","Lee County",2,48,507,257,250
050,13,177,"Georgia","Lee County",2,49,494,249,245
050,13,177,"Georgia","Lee County",2,50,472,238,234
050,13,177,"Georgia","Lee County",2,51,448,232,216
050,13,177,"Georgia","Lee County",2,52,402,215,187
050,13,177,"Georgia","Lee County",2,53,390,206,184
050,13,177,"Georgia","Lee County",2,54,394,197,197
050,13,177,"Georgia","Lee County",2,55,397,195,202
050,13,177,"Georgia","Lee County",2,56,392,183,209
050,13,177,"Georgia","Lee County",2,57,367,174,193
050,13,177,"Georgia","Lee County",2,58,379,188,191
050,13,177,"Georgia","Lee County",2,59,420,205,215
050,13,177,"Georgia","Lee County",2,60,380,186,194
050,13,177,"Georgia","Lee County",2,61,378,178,200
050,13,177,"Georgia","Lee County",2,62,398,193,205
050,13,177,"Georgia","Lee County",2,63,387,184,203
050,13,177,"Georgia","Lee County",2,64,378,192,186
050,13,177,"Georgia","Lee County",2,65,357,177,180
050,13,177,"Georgia","Lee County",2,66,344,171,173
050,13,177,"Georgia","Lee County",2,67,334,166,168
050,13,177,"Georgia","Lee County",2,68,319,153,166
050,13,177,"Georgia","Lee County",2,69,288,133,155
050,13,177,"Georgia","Lee County",2,70,278,140,138
050,13,177,"Georgia","Lee County",2,71,280,142,138
050,13,177,"Georgia","Lee County",2,72,286,143,143
050,13,177,"Georgia","Lee County",2,73,298,149,149
050,13,177,"Georgia","Lee County",2,74,189,86,103
050,13,177,"Georgia","Lee County",2,75,161,79,82
050,13,177,"Georgia","Lee County",2,76,148,68,80
050,13,177,"Georgia","Lee County",2,77,146,73,73
050,13,177,"Georgia","Lee County",2,78,113,50,63
050,13,177,"Georgia","Lee County",2,79,113,46,67
050,13,177,"Georgia","Lee County",2,80,110,49,61
050,13,177,"Georgia","Lee County",2,81,85,28,57
050,13,177,"Georgia","Lee County",2,82,69,20,49
050,13,177,"Georgia","Lee County",2,83,68,34,34
050,13,177,"Georgia","Lee County",2,84,70,35,35
050,13,177,"Georgia","Lee County",2,85,322,93,229
050,13,177,"Georgia","Lee County",3,0,299,171,128
050,13,177,"Georgia","Lee County",3,1,389,182,207
050,13,177,"Georgia","Lee County",3,2,402,194,208
050,13,177,"Georgia","Lee County",3,3,425,229,196
050,13,177,"Georgia","Lee County",3,4,409,222,187
050,13,177,"Georgia","Lee County",3,5,440,239,201
050,13,177,"Georgia","Lee County",3,6,465,252,213
050,13,177,"Georgia","Lee County",3,7,482,254,228
050,13,177,"Georgia","Lee County",3,8,494,240,254
050,13,177,"Georgia","Lee County",3,9,519,275,244
050,13,177,"Georgia","Lee County",3,10,525,271,254
050,13,177,"Georgia","Lee County",3,11,511,262,249
050,13,177,"Georgia","Lee County",3,12,532,272,260
050,13,177,"Georgia","Lee County",3,13,540,274,266
050,13,177,"Georgia","Lee County",3,14,564,294,270
050,13,177,"Georgia","Lee County",3,15,562,306,256
050,13,177,"Georgia","Lee County",3,16,583,309,274
050,13,177,"Georgia","Lee County",3,17,555,305,250
050,13,177,"Georgia","Lee County",3,18,475,276,199
050,13,177,"Georgia","Lee County",3,19,369,204,165
050,13,177,"Georgia","Lee County",3,20,394,202,192
050,13,177,"Georgia","Lee County",3,21,359,179,180
050,13,177,"Georgia","Lee County",3,22,351,177,174
050,13,177,"Georgia","Lee County",3,23,372,198,174
050,13,177,"Georgia","Lee County",3,24,336,177,159
050,13,177,"Georgia","Lee County",3,25,363,194,169
050,13,177,"Georgia","Lee County",3,26,352,162,190
050,13,177,"Georgia","Lee County",3,27,364,184,180
050,13,177,"Georgia","Lee County",3,28,388,188,200
050,13,177,"Georgia","Lee County",3,29,404,195,209
050,13,177,"Georgia","Lee County",3,30,455,223,232
050,13,177,"Georgia","Lee County",3,31,473,226,247
050,13,177,"Georgia","Lee County",3,32,477,220,257
050,13,177,"Georgia","Lee County",3,33,469,217,252
050,13,177,"Georgia","Lee County",3,34,443,217,226
050,13,177,"Georgia","Lee County",3,35,479,249,230
050,13,177,"Georgia","Lee County",3,36,501,244,257
050,13,177,"Georgia","Lee County",3,37,471,236,235
050,13,177,"Georgia","Lee County",3,38,486,241,245
050,13,177,"Georgia","Lee County",3,39,507,242,265
050,13,177,"Georgia","Lee County",3,40,505,231,274
050,13,177,"Georgia","Lee County",3,41,509,247,262
050,13,177,"Georgia","Lee County",3,42,471,225,246
050,13,177,"Georgia","Lee County",3,43,454,221,233
050,13,177,"Georgia","Lee County",3,44,463,234,229
050,13,177,"Georgia","Lee County",3,45,410,216,194
050,13,177,"Georgia","Lee County",3,46,466,240,226
050,13,177,"Georgia","Lee County",3,47,460,224,236
050,13,177,"Georgia","Lee County",3,48,465,225,240
050,13,177,"Georgia","Lee County",3,49,490,244,246
050,13,177,"Georgia","Lee County",3,50,486,235,251
050,13,177,"Georgia","Lee County",3,51,475,241,234
050,13,177,"Georgia","Lee County",3,52,434,214,220
050,13,177,"Georgia","Lee County",3,53,396,209,187
050,13,177,"Georgia","Lee County",3,54,399,207,192
050,13,177,"Georgia","Lee County",3,55,387,191,196
050,13,177,"Georgia","Lee County",3,56,391,188,203
050,13,177,"Georgia","Lee County",3,57,376,175,201
050,13,177,"Georgia","Lee County",3,58,378,189,189
050,13,177,"Georgia","Lee County",3,59,359,173,186
050,13,177,"Georgia","Lee County",3,60,402,197,205
050,13,177,"Georgia","Lee County",3,61,367,182,185
050,13,177,"Georgia","Lee County",3,62,375,172,203
050,13,177,"Georgia","Lee County",3,63,385,185,200
050,13,177,"Georgia","Lee County",3,64,368,171,197
050,13,177,"Georgia","Lee County",3,65,372,189,183
050,13,177,"Georgia","Lee County",3,66,355,182,173
050,13,177,"Georgia","Lee County",3,67,322,153,169
050,13,177,"Georgia","Lee County",3,68,324,159,165
050,13,177,"Georgia","Lee County",3,69,308,147,161
050,13,177,"Georgia","Lee County",3,70,280,129,151
050,13,177,"Georgia","Lee County",3,71,272,137,135
050,13,177,"Georgia","Lee County",3,72,271,137,134
050,13,177,"Georgia","Lee County",3,73,280,134,146
050,13,177,"Georgia","Lee County",3,74,287,146,141
050,13,177,"Georgia","Lee County",3,75,188,86,102
050,13,177,"Georgia","Lee County",3,76,157,73,84
050,13,177,"Georgia","Lee County",3,77,141,66,75
050,13,177,"Georgia","Lee County",3,78,132,67,65
050,13,177,"Georgia","Lee County",3,79,113,53,60
050,13,177,"Georgia","Lee County",3,80,103,40,63
050,13,177,"Georgia","Lee County",3,81,108,48,60
050,13,177,"Georgia","Lee County",3,82,75,20,55
050,13,177,"Georgia","Lee County",3,83,64,20,44
050,13,177,"Georgia","Lee County",3,84,73,34,39
050,13,177,"Georgia","Lee County",3,85,329,101,228
050,13,177,"Georgia","Lee County",4,0,319,182,137
050,13,177,"Georgia","Lee County",4,1,353,202,151
050,13,177,"Georgia","Lee County",4,2,415,187,228
050,13,177,"Georgia","Lee County",4,3,413,200,213
050,13,177,"Georgia","Lee County",4,4,442,234,208
050,13,177,"Georgia","Lee County",4,5,428,227,201
050,13,177,"Georgia","Lee County",4,6,455,248,207
050,13,177,"Georgia","Lee County",4,7,461,254,207
050,13,177,"Georgia","Lee County",4,8,474,251,223
050,13,177,"Georgia","Lee County",4,9,503,243,260
050,13,177,"Georgia","Lee County",4,10,526,274,252
050,13,177,"Georgia","Lee County",4,11,508,270,238
050,13,177,"Georgia","Lee County",4,12,526,279,247
050,13,177,"Georgia","Lee County",4,13,546,278,268
050,13,177,"Georgia","Lee County",4,14,538,273,265
050,13,177,"Georgia","Lee County",4,15,566,298,268
050,13,177,"Georgia","Lee County",4,16,583,310,273
050,13,177,"Georgia","Lee County",4,17,585,299,286
050,13,177,"Georgia","Lee County",4,18,490,282,208
050,13,177,"Georgia","Lee County",4,19,352,202,150
050,13,177,"Georgia","Lee County",4,20,379,202,177
050,13,177,"Georgia","Lee County",4,21,393,214,179
050,13,177,"Georgia","Lee County",4,22,365,191,174
050,13,177,"Georgia","Lee County",4,23,376,189,187
050,13,177,"Georgia","Lee County",4,24,385,198,187
050,13,177,"Georgia","Lee County",4,25,347,199,148
050,13,177,"Georgia","Lee County",4,26,372,184,188
050,13,177,"Georgia","Lee County",4,27,371,175,196
050,13,177,"Georgia","Lee County",4,28,372,181,191
050,13,177,"Georgia","Lee County",4,29,394,191,203
050,13,177,"Georgia","Lee County",4,30,428,212,216
050,13,177,"Georgia","Lee County",4,31,476,229,247
050,13,177,"Georgia","Lee County",4,32,499,244,255
050,13,177,"Georgia","Lee County",4,33,513,243,270
050,13,177,"Georgia","Lee County",4,34,498,239,259
050,13,177,"Georgia","Lee County",4,35,472,239,233
050,13,177,"Georgia","Lee County",4,36,511,272,239
050,13,177,"Georgia","Lee County",4,37,513,246,267
050,13,177,"Georgia","Lee County",4,38,496,251,245
050,13,177,"Georgia","Lee County",4,39,487,243,244
050,13,177,"Georgia","Lee County",4,40,505,235,270
050,13,177,"Georgia","Lee County",4,41,516,252,264
050,13,177,"Georgia","Lee County",4,42,516,259,257
050,13,177,"Georgia","Lee County",4,43,456,211,245
050,13,177,"Georgia","Lee County",4,44,487,249,238
050,13,177,"Georgia","Lee County",4,45,452,225,227
050,13,177,"Georgia","Lee County",4,46,430,237,193
050,13,177,"Georgia","Lee County",4,47,463,233,230
050,13,177,"Georgia","Lee County",4,48,450,227,223
050,13,177,"Georgia","Lee County",4,49,448,217,231
050,13,177,"Georgia","Lee County",4,50,487,238,249
050,13,177,"Georgia","Lee County",4,51,479,236,243
050,13,177,"Georgia","Lee County",4,52,459,236,223
050,13,177,"Georgia","Lee County",4,53,426,219,207
050,13,177,"Georgia","Lee County",4,54,408,222,186
050,13,177,"Georgia","Lee County",4,55,398,210,188
050,13,177,"Georgia","Lee County",4,56,372,186,186
050,13,177,"Georgia","Lee County",4,57,387,182,205
050,13,177,"Georgia","Lee County",4,58,391,188,203
050,13,177,"Georgia","Lee County",4,59,367,177,190
050,13,177,"Georgia","Lee County",4,60,359,175,184
050,13,177,"Georgia","Lee County",4,61,401,195,206
050,13,177,"Georgia","Lee County",4,62,370,186,184
050,13,177,"Georgia","Lee County",4,63,360,167,193
050,13,177,"Georgia","Lee County",4,64,375,177,198
050,13,177,"Georgia","Lee County",4,65,357,163,194
050,13,177,"Georgia","Lee County",4,66,384,197,187
050,13,177,"Georgia","Lee County",4,67,343,172,171
050,13,177,"Georgia","Lee County",4,68,313,146,167
050,13,177,"Georgia","Lee County",4,69,327,160,167
050,13,177,"Georgia","Lee County",4,70,302,143,159
050,13,177,"Georgia","Lee County",4,71,287,135,152
050,13,177,"Georgia","Lee County",4,72,271,136,135
050,13,177,"Georgia","Lee County",4,73,257,126,131
050,13,177,"Georgia","Lee County",4,74,276,132,144
050,13,177,"Georgia","Lee County",4,75,285,146,139
050,13,177,"Georgia","Lee County",4,76,177,77,100
050,13,177,"Georgia","Lee County",4,77,159,71,88
050,13,177,"Georgia","Lee County",4,78,133,63,70
050,13,177,"Georgia","Lee County",4,79,133,72,61
050,13,177,"Georgia","Lee County",4,80,103,45,58
050,13,177,"Georgia","Lee County",4,81,106,40,66
050,13,177,"Georgia","Lee County",4,82,103,45,58
050,13,177,"Georgia","Lee County",4,83,67,19,48
050,13,177,"Georgia","Lee County",4,84,56,16,40
050,13,177,"Georgia","Lee County",4,85,347,112,235
050,13,177,"Georgia","Lee County",5,0,319,182,137
050,13,177,"Georgia","Lee County",5,1,335,178,157
050,13,177,"Georgia","Lee County",5,2,360,199,161
050,13,177,"Georgia","Lee County",5,3,404,185,219
050,13,177,"Georgia","Lee County",5,4,406,206,200
050,13,177,"Georgia","Lee County",5,5,456,246,210
050,13,177,"Georgia","Lee County",5,6,442,236,206
050,13,177,"Georgia","Lee County",5,7,459,257,202
050,13,177,"Georgia","Lee County",5,8,463,254,209
050,13,177,"Georgia","Lee County",5,9,476,259,217
050,13,177,"Georgia","Lee County",5,10,516,251,265
050,13,177,"Georgia","Lee County",5,11,537,278,259
050,13,177,"Georgia","Lee County",5,12,511,270,241
050,13,177,"Georgia","Lee County",5,13,535,284,251
050,13,177,"Georgia","Lee County",5,14,557,291,266
050,13,177,"Georgia","Lee County",5,15,555,281,274
050,13,177,"Georgia","Lee County",5,16,582,313,269
050,13,177,"Georgia","Lee County",5,17,589,324,265
050,13,177,"Georgia","Lee County",5,18,515,283,232
050,13,177,"Georgia","Lee County",5,19,356,205,151
050,13,177,"Georgia","Lee County",5,20,363,203,160
050,13,177,"Georgia","Lee County",5,21,390,216,174
050,13,177,"Georgia","Lee County",5,22,414,232,182
050,13,177,"Georgia","Lee County",5,23,375,202,173
050,13,177,"Georgia","Lee County",5,24,367,193,174
050,13,177,"Georgia","Lee County",5,25,385,211,174
050,13,177,"Georgia","Lee County",5,26,351,193,158
050,13,177,"Georgia","Lee County",5,27,387,199,188
050,13,177,"Georgia","Lee County",5,28,368,174,194
050,13,177,"Georgia","Lee County",5,29,401,197,204
050,13,177,"Georgia","Lee County",5,30,405,201,204
050,13,177,"Georgia","Lee County",5,31,431,222,209
050,13,177,"Georgia","Lee County",5,32,488,234,254
050,13,177,"Georgia","Lee County",5,33,517,253,264
050,13,177,"Georgia","Lee County",5,34,514,234,280
050,13,177,"Georgia","Lee County",5,35,480,230,250
050,13,177,"Georgia","Lee County",5,36,476,238,238
050,13,177,"Georgia","Lee County",5,37,512,272,240
050,13,177,"Georgia","Lee County",5,38,534,259,275
050,13,177,"Georgia","Lee County",5,39,493,238,255
050,13,177,"Georgia","Lee County",5,40,497,247,250
050,13,177,"Georgia","Lee County",5,41,510,248,262
050,13,177,"Georgia","Lee County",5,42,532,259,273
050,13,177,"Georgia","Lee County",5,43,509,247,262
050,13,177,"Georgia","Lee County",5,44,485,231,254
050,13,177,"Georgia","Lee County",5,45,479,240,239
050,13,177,"Georgia","Lee County",5,46,456,236,220
050,13,177,"Georgia","Lee County",5,47,409,222,187
050,13,177,"Georgia","Lee County",5,48,472,242,230
050,13,177,"Georgia","Lee County",5,49,451,232,219
050,13,177,"Georgia","Lee County",5,50,452,212,240
050,13,177,"Georgia","Lee County",5,51,484,245,239
050,13,177,"Georgia","Lee County",5,52,469,227,242
050,13,177,"Georgia","Lee County",5,53,459,229,230
050,13,177,"Georgia","Lee County",5,54,445,234,211
050,13,177,"Georgia","Lee County",5,55,405,220,185
050,13,177,"Georgia","Lee County",5,56,375,198,177
050,13,177,"Georgia","Lee County",5,57,377,183,194
050,13,177,"Georgia","Lee County",5,58,379,181,198
050,13,177,"Georgia","Lee County",5,59,383,176,207
050,13,177,"Georgia","Lee County",5,60,359,175,184
050,13,177,"Georgia","Lee County",5,61,359,172,187
050,13,177,"Georgia","Lee County",5,62,407,197,210
050,13,177,"Georgia","Lee County",5,63,368,182,186
050,13,177,"Georgia","Lee County",5,64,359,164,195
050,13,177,"Georgia","Lee County",5,65,367,170,197
050,13,177,"Georgia","Lee County",5,66,358,169,189
050,13,177,"Georgia","Lee County",5,67,372,192,180
050,13,177,"Georgia","Lee County",5,68,334,164,170
050,13,177,"Georgia","Lee County",5,69,301,139,162
050,13,177,"Georgia","Lee County",5,70,310,153,157
050,13,177,"Georgia","Lee County",5,71,300,140,160
050,13,177,"Georgia","Lee County",5,72,289,137,152
050,13,177,"Georgia","Lee County",5,73,260,125,135
050,13,177,"Georgia","Lee County",5,74,257,123,134
050,13,177,"Georgia","Lee County",5,75,264,122,142
050,13,177,"Georgia","Lee County",5,76,278,134,144
050,13,177,"Georgia","Lee County",5,77,172,72,100
050,13,177,"Georgia","Lee County",5,78,148,67,81
050,13,177,"Georgia","Lee County",5,79,131,66,65
050,13,177,"Georgia","Lee County",5,80,120,61,59
050,13,177,"Georgia","Lee County",5,81,105,45,60
050,13,177,"Georgia","Lee County",5,82,100,34,66
050,13,177,"Georgia","Lee County",5,83,87,43,44
050,13,177,"Georgia","Lee County",5,84,67,18,49
050,13,177,"Georgia","Lee County",5,85,348,105,243
050,13,179,"Georgia","Liberty County",1,0,1390,712,678
050,13,179,"Georgia","Liberty County",1,1,1308,661,647
050,13,179,"Georgia","Liberty County",1,2,1309,661,648
050,13,179,"Georgia","Liberty County",1,3,1254,657,597
050,13,179,"Georgia","Liberty County",1,4,1218,602,616
050,13,179,"Georgia","Liberty County",1,5,1192,618,574
050,13,179,"Georgia","Liberty County",1,6,1071,568,503
050,13,179,"Georgia","Liberty County",1,7,1001,492,509
050,13,179,"Georgia","Liberty County",1,8,955,491,464
050,13,179,"Georgia","Liberty County",1,9,893,473,420
050,13,179,"Georgia","Liberty County",1,10,870,446,424
050,13,179,"Georgia","Liberty County",1,11,909,465,444
050,13,179,"Georgia","Liberty County",1,12,861,428,433
050,13,179,"Georgia","Liberty County",1,13,847,439,408
050,13,179,"Georgia","Liberty County",1,14,798,396,402
050,13,179,"Georgia","Liberty County",1,15,776,372,404
050,13,179,"Georgia","Liberty County",1,16,737,359,378
050,13,179,"Georgia","Liberty County",1,17,746,377,369
050,13,179,"Georgia","Liberty County",1,18,803,469,334
050,13,179,"Georgia","Liberty County",1,19,1075,701,374
050,13,179,"Georgia","Liberty County",1,20,1428,920,508
050,13,179,"Georgia","Liberty County",1,21,1455,871,584
050,13,179,"Georgia","Liberty County",1,22,1544,899,645
050,13,179,"Georgia","Liberty County",1,23,1587,886,701
050,13,179,"Georgia","Liberty County",1,24,1582,899,683
050,13,179,"Georgia","Liberty County",1,25,1591,884,707
050,13,179,"Georgia","Liberty County",1,26,1538,857,681
050,13,179,"Georgia","Liberty County",1,27,1447,797,650
050,13,179,"Georgia","Liberty County",1,28,1390,745,645
050,13,179,"Georgia","Liberty County",1,29,1309,719,590
050,13,179,"Georgia","Liberty County",1,30,1261,666,595
050,13,179,"Georgia","Liberty County",1,31,1128,566,562
050,13,179,"Georgia","Liberty County",1,32,1066,530,536
050,13,179,"Georgia","Liberty County",1,33,983,503,480
050,13,179,"Georgia","Liberty County",1,34,965,508,457
050,13,179,"Georgia","Liberty County",1,35,938,509,429
050,13,179,"Georgia","Liberty County",1,36,854,431,423
050,13,179,"Georgia","Liberty County",1,37,835,417,418
050,13,179,"Georgia","Liberty County",1,38,747,365,382
050,13,179,"Georgia","Liberty County",1,39,761,383,378
050,13,179,"Georgia","Liberty County",1,40,720,372,348
050,13,179,"Georgia","Liberty County",1,41,637,338,299
050,13,179,"Georgia","Liberty County",1,42,627,314,313
050,13,179,"Georgia","Liberty County",1,43,607,293,314
050,13,179,"Georgia","Liberty County",1,44,547,261,286
050,13,179,"Georgia","Liberty County",1,45,527,249,278
050,13,179,"Georgia","Liberty County",1,46,552,270,282
050,13,179,"Georgia","Liberty County",1,47,574,274,300
050,13,179,"Georgia","Liberty County",1,48,571,283,288
050,13,179,"Georgia","Liberty County",1,49,570,275,295
050,13,179,"Georgia","Liberty County",1,50,562,263,299
050,13,179,"Georgia","Liberty County",1,51,544,260,284
050,13,179,"Georgia","Liberty County",1,52,527,252,275
050,13,179,"Georgia","Liberty County",1,53,513,226,287
050,13,179,"Georgia","Liberty County",1,54,552,247,305
050,13,179,"Georgia","Liberty County",1,55,573,260,313
050,13,179,"Georgia","Liberty County",1,56,643,294,349
050,13,179,"Georgia","Liberty County",1,57,628,271,357
050,13,179,"Georgia","Liberty County",1,58,639,292,347
050,13,179,"Georgia","Liberty County",1,59,646,283,363
050,13,179,"Georgia","Liberty County",1,60,597,269,328
050,13,179,"Georgia","Liberty County",1,61,587,271,316
050,13,179,"Georgia","Liberty County",1,62,551,259,292
050,13,179,"Georgia","Liberty County",1,63,568,270,298
050,13,179,"Georgia","Liberty County",1,64,521,254,267
050,13,179,"Georgia","Liberty County",1,65,549,257,292
050,13,179,"Georgia","Liberty County",1,66,506,233,273
050,13,179,"Georgia","Liberty County",1,67,472,223,249
050,13,179,"Georgia","Liberty County",1,68,425,202,223
050,13,179,"Georgia","Liberty County",1,69,372,175,197
050,13,179,"Georgia","Liberty County",1,70,399,184,215
050,13,179,"Georgia","Liberty County",1,71,370,178,192
050,13,179,"Georgia","Liberty County",1,72,377,183,194
050,13,179,"Georgia","Liberty County",1,73,365,174,191
050,13,179,"Georgia","Liberty County",1,74,260,109,151
050,13,179,"Georgia","Liberty County",1,75,261,111,150
050,13,179,"Georgia","Liberty County",1,76,259,111,148
050,13,179,"Georgia","Liberty County",1,77,269,105,164
050,13,179,"Georgia","Liberty County",1,78,222,93,129
050,13,179,"Georgia","Liberty County",1,79,159,67,92
050,13,179,"Georgia","Liberty County",1,80,152,67,85
050,13,179,"Georgia","Liberty County",1,81,134,61,73
050,13,179,"Georgia","Liberty County",1,82,106,43,63
050,13,179,"Georgia","Liberty County",1,83,106,42,64
050,13,179,"Georgia","Liberty County",1,84,103,39,64
050,13,179,"Georgia","Liberty County",1,85,400,136,264
050,13,179,"Georgia","Liberty County",2,0,1366,695,671
050,13,179,"Georgia","Liberty County",2,1,1318,664,654
050,13,179,"Georgia","Liberty County",2,2,1294,655,639
050,13,179,"Georgia","Liberty County",2,3,1241,642,599
050,13,179,"Georgia","Liberty County",2,4,1220,612,608
050,13,179,"Georgia","Liberty County",2,5,1190,615,575
050,13,179,"Georgia","Liberty County",2,6,1094,577,517
050,13,179,"Georgia","Liberty County",2,7,1015,510,505
050,13,179,"Georgia","Liberty County",2,8,955,488,467
050,13,179,"Georgia","Liberty County",2,9,895,470,425
050,13,179,"Georgia","Liberty County",2,10,866,447,419
050,13,179,"Georgia","Liberty County",2,11,885,450,435
050,13,179,"Georgia","Liberty County",2,12,872,438,434
050,13,179,"Georgia","Liberty County",2,13,848,435,413
050,13,179,"Georgia","Liberty County",2,14,805,403,402
050,13,179,"Georgia","Liberty County",2,15,775,372,403
050,13,179,"Georgia","Liberty County",2,16,745,359,386
050,13,179,"Georgia","Liberty County",2,17,744,375,369
050,13,179,"Georgia","Liberty County",2,18,823,481,342
050,13,179,"Georgia","Liberty County",2,19,1080,706,374
050,13,179,"Georgia","Liberty County",2,20,1404,902,502
050,13,179,"Georgia","Liberty County",2,21,1454,876,578
050,13,179,"Georgia","Liberty County",2,22,1526,879,647
050,13,179,"Georgia","Liberty County",2,23,1589,895,694
050,13,179,"Georgia","Liberty County",2,24,1571,882,689
050,13,179,"Georgia","Liberty County",2,25,1579,881,698
050,13,179,"Georgia","Liberty County",2,26,1524,843,681
050,13,179,"Georgia","Liberty County",2,27,1456,800,656
050,13,179,"Georgia","Liberty County",2,28,1387,748,639
050,13,179,"Georgia","Liberty County",2,29,1322,718,604
050,13,179,"Georgia","Liberty County",2,30,1269,678,591
050,13,179,"Georgia","Liberty County",2,31,1146,579,567
050,13,179,"Georgia","Liberty County",2,32,1067,530,537
050,13,179,"Georgia","Liberty County",2,33,990,508,482
050,13,179,"Georgia","Liberty County",2,34,961,505,456
050,13,179,"Georgia","Liberty County",2,35,944,513,431
050,13,179,"Georgia","Liberty County",2,36,856,434,422
050,13,179,"Georgia","Liberty County",2,37,829,417,412
050,13,179,"Georgia","Liberty County",2,38,759,367,392
050,13,179,"Georgia","Liberty County",2,39,747,372,375
050,13,179,"Georgia","Liberty County",2,40,727,375,352
050,13,179,"Georgia","Liberty County",2,41,648,341,307
050,13,179,"Georgia","Liberty County",2,42,621,315,306
050,13,179,"Georgia","Liberty County",2,43,623,307,316
050,13,179,"Georgia","Liberty County",2,44,546,258,288
050,13,179,"Georgia","Liberty County",2,45,529,249,280
050,13,179,"Georgia","Liberty County",2,46,546,269,277
050,13,179,"Georgia","Liberty County",2,47,561,268,293
050,13,179,"Georgia","Liberty County",2,48,572,283,289
050,13,179,"Georgia","Liberty County",2,49,568,274,294
050,13,179,"Georgia","Liberty County",2,50,565,268,297
050,13,179,"Georgia","Liberty County",2,51,541,260,281
050,13,179,"Georgia","Liberty County",2,52,530,254,276
050,13,179,"Georgia","Liberty County",2,53,512,229,283
050,13,179,"Georgia","Liberty County",2,54,544,243,301
050,13,179,"Georgia","Liberty County",2,55,570,258,312
050,13,179,"Georgia","Liberty County",2,56,631,287,344
050,13,179,"Georgia","Liberty County",2,57,632,276,356
050,13,179,"Georgia","Liberty County",2,58,637,286,351
050,13,179,"Georgia","Liberty County",2,59,641,282,359
050,13,179,"Georgia","Liberty County",2,60,610,274,336
050,13,179,"Georgia","Liberty County",2,61,586,269,317
050,13,179,"Georgia","Liberty County",2,62,554,260,294
050,13,179,"Georgia","Liberty County",2,63,565,269,296
050,13,179,"Georgia","Liberty County",2,64,523,250,273
050,13,179,"Georgia","Liberty County",2,65,543,256,287
050,13,179,"Georgia","Liberty County",2,66,515,239,276
050,13,179,"Georgia","Liberty County",2,67,479,225,254
050,13,179,"Georgia","Liberty County",2,68,429,204,225
050,13,179,"Georgia","Liberty County",2,69,391,184,207
050,13,179,"Georgia","Liberty County",2,70,389,180,209
050,13,179,"Georgia","Liberty County",2,71,377,180,197
050,13,179,"Georgia","Liberty County",2,72,368,177,191
050,13,179,"Georgia","Liberty County",2,73,377,182,195
050,13,179,"Georgia","Liberty County",2,74,268,116,152
050,13,179,"Georgia","Liberty County",2,75,258,108,150
050,13,179,"Georgia","Liberty County",2,76,255,109,146
050,13,179,"Georgia","Liberty County",2,77,267,109,158
050,13,179,"Georgia","Liberty County",2,78,226,94,132
050,13,179,"Georgia","Liberty County",2,79,169,70,99
050,13,179,"Georgia","Liberty County",2,80,154,67,87
050,13,179,"Georgia","Liberty County",2,81,134,62,72
050,13,179,"Georgia","Liberty County",2,82,110,46,64
050,13,179,"Georgia","Liberty County",2,83,103,40,63
050,13,179,"Georgia","Liberty County",2,84,101,39,62
050,13,179,"Georgia","Liberty County",2,85,411,142,269
050,13,179,"Georgia","Liberty County",3,0,1245,659,586
050,13,179,"Georgia","Liberty County",3,1,1348,677,671
050,13,179,"Georgia","Liberty County",3,2,1278,678,600
050,13,179,"Georgia","Liberty County",3,3,1246,652,594
050,13,179,"Georgia","Liberty County",3,4,1226,647,579
050,13,179,"Georgia","Liberty County",3,5,1141,554,587
050,13,179,"Georgia","Liberty County",3,6,1147,590,557
050,13,179,"Georgia","Liberty County",3,7,1029,558,471
050,13,179,"Georgia","Liberty County",3,8,1071,551,520
050,13,179,"Georgia","Liberty County",3,9,960,476,484
050,13,179,"Georgia","Liberty County",3,10,900,482,418
050,13,179,"Georgia","Liberty County",3,11,875,448,427
050,13,179,"Georgia","Liberty County",3,12,883,456,427
050,13,179,"Georgia","Liberty County",3,13,904,448,456
050,13,179,"Georgia","Liberty County",3,14,827,417,410
050,13,179,"Georgia","Liberty County",3,15,787,405,382
050,13,179,"Georgia","Liberty County",3,16,762,352,410
050,13,179,"Georgia","Liberty County",3,17,728,369,359
050,13,179,"Georgia","Liberty County",3,18,878,535,343
050,13,179,"Georgia","Liberty County",3,19,1189,834,355
050,13,179,"Georgia","Liberty County",3,20,1548,1040,508
050,13,179,"Georgia","Liberty County",3,21,1536,966,570
050,13,179,"Georgia","Liberty County",3,22,1513,871,642
050,13,179,"Georgia","Liberty County",3,23,1659,963,696
050,13,179,"Georgia","Liberty County",3,24,1670,978,692
050,13,179,"Georgia","Liberty County",3,25,1537,874,663
050,13,179,"Georgia","Liberty County",3,26,1551,863,688
050,13,179,"Georgia","Liberty County",3,27,1477,823,654
050,13,179,"Georgia","Liberty County",3,28,1423,758,665
050,13,179,"Georgia","Liberty County",3,29,1291,688,603
050,13,179,"Georgia","Liberty County",3,30,1270,692,578
050,13,179,"Georgia","Liberty County",3,31,1199,634,565
050,13,179,"Georgia","Liberty County",3,32,1122,547,575
050,13,179,"Georgia","Liberty County",3,33,1057,538,519
050,13,179,"Georgia","Liberty County",3,34,980,515,465
050,13,179,"Georgia","Liberty County",3,35,1016,561,455
050,13,179,"Georgia","Liberty County",3,36,925,467,458
050,13,179,"Georgia","Liberty County",3,37,877,464,413
050,13,179,"Georgia","Liberty County",3,38,801,388,413
050,13,179,"Georgia","Liberty County",3,39,742,363,379
050,13,179,"Georgia","Liberty County",3,40,762,372,390
050,13,179,"Georgia","Liberty County",3,41,696,357,339
050,13,179,"Georgia","Liberty County",3,42,621,329,292
050,13,179,"Georgia","Liberty County",3,43,644,343,301
050,13,179,"Georgia","Liberty County",3,44,615,305,310
050,13,179,"Georgia","Liberty County",3,45,539,243,296
050,13,179,"Georgia","Liberty County",3,46,551,274,277
050,13,179,"Georgia","Liberty County",3,47,513,248,265
050,13,179,"Georgia","Liberty County",3,48,573,286,287
050,13,179,"Georgia","Liberty County",3,49,554,256,298
050,13,179,"Georgia","Liberty County",3,50,536,261,275
050,13,179,"Georgia","Liberty County",3,51,581,271,310
050,13,179,"Georgia","Liberty County",3,52,556,273,283
050,13,179,"Georgia","Liberty County",3,53,507,229,278
050,13,179,"Georgia","Liberty County",3,54,508,223,285
050,13,179,"Georgia","Liberty County",3,55,530,235,295
050,13,179,"Georgia","Liberty County",3,56,579,267,312
050,13,179,"Georgia","Liberty County",3,57,620,273,347
050,13,179,"Georgia","Liberty County",3,58,599,260,339
050,13,179,"Georgia","Liberty County",3,59,620,276,344
050,13,179,"Georgia","Liberty County",3,60,620,271,349
050,13,179,"Georgia","Liberty County",3,61,604,278,326
050,13,179,"Georgia","Liberty County",3,62,572,259,313
050,13,179,"Georgia","Liberty County",3,63,552,273,279
050,13,179,"Georgia","Liberty County",3,64,536,254,282
050,13,179,"Georgia","Liberty County",3,65,507,245,262
050,13,179,"Georgia","Liberty County",3,66,532,257,275
050,13,179,"Georgia","Liberty County",3,67,519,237,282
050,13,179,"Georgia","Liberty County",3,68,473,219,254
050,13,179,"Georgia","Liberty County",3,69,410,192,218
050,13,179,"Georgia","Liberty County",3,70,376,172,204
050,13,179,"Georgia","Liberty County",3,71,380,177,203
050,13,179,"Georgia","Liberty County",3,72,378,180,198
050,13,179,"Georgia","Liberty County",3,73,349,167,182
050,13,179,"Georgia","Liberty County",3,74,371,175,196
050,13,179,"Georgia","Liberty County",3,75,264,119,145
050,13,179,"Georgia","Liberty County",3,76,250,105,145
050,13,179,"Georgia","Liberty County",3,77,239,105,134
050,13,179,"Georgia","Liberty County",3,78,261,106,155
050,13,179,"Georgia","Liberty County",3,79,211,88,123
050,13,179,"Georgia","Liberty County",3,80,158,66,92
050,13,179,"Georgia","Liberty County",3,81,146,61,85
050,13,179,"Georgia","Liberty County",3,82,124,58,66
050,13,179,"Georgia","Liberty County",3,83,115,46,69
050,13,179,"Georgia","Liberty County",3,84,87,35,52
050,13,179,"Georgia","Liberty County",3,85,444,155,289
050,13,179,"Georgia","Liberty County",4,0,1327,714,613
050,13,179,"Georgia","Liberty County",4,1,1279,648,631
050,13,179,"Georgia","Liberty County",4,2,1308,660,648
050,13,179,"Georgia","Liberty County",4,3,1259,684,575
050,13,179,"Georgia","Liberty County",4,4,1251,638,613
050,13,179,"Georgia","Liberty County",4,5,1226,645,581
050,13,179,"Georgia","Liberty County",4,6,1107,538,569
050,13,179,"Georgia","Liberty County",4,7,1102,579,523
050,13,179,"Georgia","Liberty County",4,8,1002,529,473
050,13,179,"Georgia","Liberty County",4,9,1036,537,499
050,13,179,"Georgia","Liberty County",4,10,964,474,490
050,13,179,"Georgia","Liberty County",4,11,919,480,439
050,13,179,"Georgia","Liberty County",4,12,866,427,439
050,13,179,"Georgia","Liberty County",4,13,870,443,427
050,13,179,"Georgia","Liberty County",4,14,865,422,443
050,13,179,"Georgia","Liberty County",4,15,799,382,417
050,13,179,"Georgia","Liberty County",4,16,768,384,384
050,13,179,"Georgia","Liberty County",4,17,779,384,395
050,13,179,"Georgia","Liberty County",4,18,843,510,333
050,13,179,"Georgia","Liberty County",4,19,1188,825,363
050,13,179,"Georgia","Liberty County",4,20,1529,1029,500
050,13,179,"Georgia","Liberty County",4,21,1566,985,581
050,13,179,"Georgia","Liberty County",4,22,1553,887,666
050,13,179,"Georgia","Liberty County",4,23,1603,935,668
050,13,179,"Georgia","Liberty County",4,24,1660,963,697
050,13,179,"Georgia","Liberty County",4,25,1679,970,709
050,13,179,"Georgia","Liberty County",4,26,1494,836,658
050,13,179,"Georgia","Liberty County",4,27,1518,827,691
050,13,179,"Georgia","Liberty County",4,28,1406,773,633
050,13,179,"Georgia","Liberty County",4,29,1410,741,669
050,13,179,"Georgia","Liberty County",4,30,1275,676,599
050,13,179,"Georgia","Liberty County",4,31,1244,683,561
050,13,179,"Georgia","Liberty County",4,32,1147,584,563
050,13,179,"Georgia","Liberty County",4,33,1049,512,537
050,13,179,"Georgia","Liberty County",4,34,1043,536,507
050,13,179,"Georgia","Liberty County",4,35,1035,581,454
050,13,179,"Georgia","Liberty County",4,36,952,488,464
050,13,179,"Georgia","Liberty County",4,37,932,484,448
050,13,179,"Georgia","Liberty County",4,38,794,395,399
050,13,179,"Georgia","Liberty County",4,39,805,402,403
050,13,179,"Georgia","Liberty County",4,40,720,359,361
050,13,179,"Georgia","Liberty County",4,41,726,350,376
050,13,179,"Georgia","Liberty County",4,42,706,355,351
050,13,179,"Georgia","Liberty County",4,43,661,355,306
050,13,179,"Georgia","Liberty County",4,44,599,313,286
050,13,179,"Georgia","Liberty County",4,45,585,281,304
050,13,179,"Georgia","Liberty County",4,46,550,263,287
050,13,179,"Georgia","Liberty County",4,47,522,241,281
050,13,179,"Georgia","Liberty County",4,48,520,251,269
050,13,179,"Georgia","Liberty County",4,49,545,249,296
050,13,179,"Georgia","Liberty County",4,50,554,263,291
050,13,179,"Georgia","Liberty County",4,51,534,268,266
050,13,179,"Georgia","Liberty County",4,52,557,260,297
050,13,179,"Georgia","Liberty County",4,53,557,272,285
050,13,179,"Georgia","Liberty County",4,54,507,229,278
050,13,179,"Georgia","Liberty County",4,55,509,222,287
050,13,179,"Georgia","Liberty County",4,56,531,237,294
050,13,179,"Georgia","Liberty County",4,57,591,268,323
050,13,179,"Georgia","Liberty County",4,58,606,268,338
050,13,179,"Georgia","Liberty County",4,59,568,248,320
050,13,179,"Georgia","Liberty County",4,60,616,271,345
050,13,179,"Georgia","Liberty County",4,61,611,269,342
050,13,179,"Georgia","Liberty County",4,62,584,270,314
050,13,179,"Georgia","Liberty County",4,63,586,270,316
050,13,179,"Georgia","Liberty County",4,64,517,254,263
050,13,179,"Georgia","Liberty County",4,65,532,255,277
050,13,179,"Georgia","Liberty County",4,66,501,239,262
050,13,179,"Georgia","Liberty County",4,67,539,261,278
050,13,179,"Georgia","Liberty County",4,68,516,231,285
050,13,179,"Georgia","Liberty County",4,69,467,212,255
050,13,179,"Georgia","Liberty County",4,70,413,190,223
050,13,179,"Georgia","Liberty County",4,71,377,173,204
050,13,179,"Georgia","Liberty County",4,72,367,172,195
050,13,179,"Georgia","Liberty County",4,73,361,169,192
050,13,179,"Georgia","Liberty County",4,74,357,168,189
050,13,179,"Georgia","Liberty County",4,75,359,172,187
050,13,179,"Georgia","Liberty County",4,76,250,113,137
050,13,179,"Georgia","Liberty County",4,77,243,104,139
050,13,179,"Georgia","Liberty County",4,78,226,101,125
050,13,179,"Georgia","Liberty County",4,79,247,101,146
050,13,179,"Georgia","Liberty County",4,80,207,87,120
050,13,179,"Georgia","Liberty County",4,81,151,62,89
050,13,179,"Georgia","Liberty County",4,82,135,56,79
050,13,179,"Georgia","Liberty County",4,83,110,49,61
050,13,179,"Georgia","Liberty County",4,84,101,42,59
050,13,179,"Georgia","Liberty County",4,85,446,160,286
050,13,179,"Georgia","Liberty County",5,0,1356,726,630
050,13,179,"Georgia","Liberty County",5,1,1317,709,608
050,13,179,"Georgia","Liberty County",5,2,1285,649,636
050,13,179,"Georgia","Liberty County",5,3,1272,634,638
050,13,179,"Georgia","Liberty County",5,4,1275,701,574
050,13,179,"Georgia","Liberty County",5,5,1280,636,644
050,13,179,"Georgia","Liberty County",5,6,1172,625,547
050,13,179,"Georgia","Liberty County",5,7,1107,529,578
050,13,179,"Georgia","Liberty County",5,8,1088,575,513
050,13,179,"Georgia","Liberty County",5,9,982,529,453
050,13,179,"Georgia","Liberty County",5,10,1019,538,481
050,13,179,"Georgia","Liberty County",5,11,951,474,477
050,13,179,"Georgia","Liberty County",5,12,873,468,405
050,13,179,"Georgia","Liberty County",5,13,876,430,446
050,13,179,"Georgia","Liberty County",5,14,860,446,414
050,13,179,"Georgia","Liberty County",5,15,837,409,428
050,13,179,"Georgia","Liberty County",5,16,765,372,393
050,13,179,"Georgia","Liberty County",5,17,787,398,389
050,13,179,"Georgia","Liberty County",5,18,882,525,357
050,13,179,"Georgia","Liberty County",5,19,1153,796,357
050,13,179,"Georgia","Liberty County",5,20,1530,1015,515
050,13,179,"Georgia","Liberty County",5,21,1535,945,590
050,13,179,"Georgia","Liberty County",5,22,1516,888,628
050,13,179,"Georgia","Liberty County",5,23,1572,923,649
050,13,179,"Georgia","Liberty County",5,24,1690,956,734
050,13,179,"Georgia","Liberty County",5,25,1705,984,721
050,13,179,"Georgia","Liberty County",5,26,1609,884,725
050,13,179,"Georgia","Liberty County",5,27,1487,827,660
050,13,179,"Georgia","Liberty County",5,28,1492,786,706
050,13,179,"Georgia","Liberty County",5,29,1466,789,677
050,13,179,"Georgia","Liberty County",5,30,1379,721,658
050,13,179,"Georgia","Liberty County",5,31,1231,630,601
050,13,179,"Georgia","Liberty County",5,32,1218,662,556
050,13,179,"Georgia","Liberty County",5,33,1154,594,560
050,13,179,"Georgia","Liberty County",5,34,1065,515,550
050,13,179,"Georgia","Liberty County",5,35,1068,581,487
050,13,179,"Georgia","Liberty County",5,36,959,512,447
050,13,179,"Georgia","Liberty County",5,37,962,494,468
050,13,179,"Georgia","Liberty County",5,38,891,425,466
050,13,179,"Georgia","Liberty County",5,39,804,420,384
050,13,179,"Georgia","Liberty County",5,40,788,387,401
050,13,179,"Georgia","Liberty County",5,41,680,325,355
050,13,179,"Georgia","Liberty County",5,42,698,334,364
050,13,179,"Georgia","Liberty County",5,43,768,415,353
050,13,179,"Georgia","Liberty County",5,44,603,313,290
050,13,179,"Georgia","Liberty County",5,45,560,274,286
050,13,179,"Georgia","Liberty County",5,46,623,309,314
050,13,179,"Georgia","Liberty County",5,47,510,227,283
050,13,179,"Georgia","Liberty County",5,48,525,253,272
050,13,179,"Georgia","Liberty County",5,49,501,223,278
050,13,179,"Georgia","Liberty County",5,50,528,244,284
050,13,179,"Georgia","Liberty County",5,51,561,271,290
050,13,179,"Georgia","Liberty County",5,52,530,267,263
050,13,179,"Georgia","Liberty County",5,53,546,254,292
050,13,179,"Georgia","Liberty County",5,54,545,270,275
050,13,179,"Georgia","Liberty County",5,55,503,226,277
050,13,179,"Georgia","Liberty County",5,56,495,217,278
050,13,179,"Georgia","Liberty County",5,57,527,233,294
050,13,179,"Georgia","Liberty County",5,58,572,261,311
050,13,179,"Georgia","Liberty County",5,59,601,267,334
050,13,179,"Georgia","Liberty County",5,60,557,242,315
050,13,179,"Georgia","Liberty County",5,61,611,270,341
050,13,179,"Georgia","Liberty County",5,62,580,259,321
050,13,179,"Georgia","Liberty County",5,63,595,280,315
050,13,179,"Georgia","Liberty County",5,64,564,251,313
050,13,179,"Georgia","Liberty County",5,65,523,259,264
050,13,179,"Georgia","Liberty County",5,66,531,255,276
050,13,179,"Georgia","Liberty County",5,67,502,237,265
050,13,179,"Georgia","Liberty County",5,68,525,260,265
050,13,179,"Georgia","Liberty County",5,69,513,226,287
050,13,179,"Georgia","Liberty County",5,70,458,203,255
050,13,179,"Georgia","Liberty County",5,71,401,183,218
050,13,179,"Georgia","Liberty County",5,72,373,167,206
050,13,179,"Georgia","Liberty County",5,73,360,172,188
050,13,179,"Georgia","Liberty County",5,74,351,163,188
050,13,179,"Georgia","Liberty County",5,75,341,158,183
050,13,179,"Georgia","Liberty County",5,76,342,165,177
050,13,179,"Georgia","Liberty County",5,77,244,110,134
050,13,179,"Georgia","Liberty County",5,78,242,102,140
050,13,179,"Georgia","Liberty County",5,79,213,92,121
050,13,179,"Georgia","Liberty County",5,80,229,92,137
050,13,179,"Georgia","Liberty County",5,81,195,79,116
050,13,179,"Georgia","Liberty County",5,82,140,59,81
050,13,179,"Georgia","Liberty County",5,83,125,49,76
050,13,179,"Georgia","Liberty County",5,84,95,43,52
050,13,179,"Georgia","Liberty County",5,85,466,173,293
050,13,181,"Georgia","Lincoln County",1,0,73,37,36
050,13,181,"Georgia","Lincoln County",1,1,71,32,39
050,13,181,"Georgia","Lincoln County",1,2,72,30,42
050,13,181,"Georgia","Lincoln County",1,3,88,42,46
050,13,181,"Georgia","Lincoln County",1,4,87,49,38
050,13,181,"Georgia","Lincoln County",1,5,75,37,38
050,13,181,"Georgia","Lincoln County",1,6,80,39,41
050,13,181,"Georgia","Lincoln County",1,7,71,40,31
050,13,181,"Georgia","Lincoln County",1,8,80,38,42
050,13,181,"Georgia","Lincoln County",1,9,76,40,36
050,13,181,"Georgia","Lincoln County",1,10,77,38,39
050,13,181,"Georgia","Lincoln County",1,11,92,43,49
050,13,181,"Georgia","Lincoln County",1,12,96,48,48
050,13,181,"Georgia","Lincoln County",1,13,89,46,43
050,13,181,"Georgia","Lincoln County",1,14,81,47,34
050,13,181,"Georgia","Lincoln County",1,15,79,36,43
050,13,181,"Georgia","Lincoln County",1,16,77,32,45
050,13,181,"Georgia","Lincoln County",1,17,73,36,37
050,13,181,"Georgia","Lincoln County",1,18,74,38,36
050,13,181,"Georgia","Lincoln County",1,19,65,38,27
050,13,181,"Georgia","Lincoln County",1,20,73,41,32
050,13,181,"Georgia","Lincoln County",1,21,59,30,29
050,13,181,"Georgia","Lincoln County",1,22,71,38,33
050,13,181,"Georgia","Lincoln County",1,23,74,37,37
050,13,181,"Georgia","Lincoln County",1,24,85,43,42
050,13,181,"Georgia","Lincoln County",1,25,82,38,44
050,13,181,"Georgia","Lincoln County",1,26,95,51,44
050,13,181,"Georgia","Lincoln County",1,27,94,50,44
050,13,181,"Georgia","Lincoln County",1,28,108,61,47
050,13,181,"Georgia","Lincoln County",1,29,69,35,34
050,13,181,"Georgia","Lincoln County",1,30,80,37,43
050,13,181,"Georgia","Lincoln County",1,31,81,31,50
050,13,181,"Georgia","Lincoln County",1,32,80,34,46
050,13,181,"Georgia","Lincoln County",1,33,95,45,50
050,13,181,"Georgia","Lincoln County",1,34,90,48,42
050,13,181,"Georgia","Lincoln County",1,35,82,42,40
050,13,181,"Georgia","Lincoln County",1,36,80,39,41
050,13,181,"Georgia","Lincoln County",1,37,72,35,37
050,13,181,"Georgia","Lincoln County",1,38,88,46,42
050,13,181,"Georgia","Lincoln County",1,39,74,36,38
050,13,181,"Georgia","Lincoln County",1,40,69,33,36
050,13,181,"Georgia","Lincoln County",1,41,68,31,37
050,13,181,"Georgia","Lincoln County",1,42,64,31,33
050,13,181,"Georgia","Lincoln County",1,43,74,33,41
050,13,181,"Georgia","Lincoln County",1,44,86,43,43
050,13,181,"Georgia","Lincoln County",1,45,93,41,52
050,13,181,"Georgia","Lincoln County",1,46,89,50,39
050,13,181,"Georgia","Lincoln County",1,47,84,40,44
050,13,181,"Georgia","Lincoln County",1,48,103,48,55
050,13,181,"Georgia","Lincoln County",1,49,98,47,51
050,13,181,"Georgia","Lincoln County",1,50,91,46,45
050,13,181,"Georgia","Lincoln County",1,51,86,34,52
050,13,181,"Georgia","Lincoln County",1,52,83,38,45
050,13,181,"Georgia","Lincoln County",1,53,97,43,54
050,13,181,"Georgia","Lincoln County",1,54,120,61,59
050,13,181,"Georgia","Lincoln County",1,55,106,52,54
050,13,181,"Georgia","Lincoln County",1,56,123,61,62
050,13,181,"Georgia","Lincoln County",1,57,122,58,64
050,13,181,"Georgia","Lincoln County",1,58,126,57,69
050,13,181,"Georgia","Lincoln County",1,59,135,62,73
050,13,181,"Georgia","Lincoln County",1,60,127,63,64
050,13,181,"Georgia","Lincoln County",1,61,140,69,71
050,13,181,"Georgia","Lincoln County",1,62,136,64,72
050,13,181,"Georgia","Lincoln County",1,63,140,74,66
050,13,181,"Georgia","Lincoln County",1,64,130,70,60
050,13,181,"Georgia","Lincoln County",1,65,123,71,52
050,13,181,"Georgia","Lincoln County",1,66,116,54,62
050,13,181,"Georgia","Lincoln County",1,67,137,65,72
050,13,181,"Georgia","Lincoln County",1,68,140,69,71
050,13,181,"Georgia","Lincoln County",1,69,120,62,58
050,13,181,"Georgia","Lincoln County",1,70,108,57,51
050,13,181,"Georgia","Lincoln County",1,71,108,57,51
050,13,181,"Georgia","Lincoln County",1,72,111,47,64
050,13,181,"Georgia","Lincoln County",1,73,110,54,56
050,13,181,"Georgia","Lincoln County",1,74,72,31,41
050,13,181,"Georgia","Lincoln County",1,75,76,31,45
050,13,181,"Georgia","Lincoln County",1,76,79,36,43
050,13,181,"Georgia","Lincoln County",1,77,88,44,44
050,13,181,"Georgia","Lincoln County",1,78,68,32,36
050,13,181,"Georgia","Lincoln County",1,79,51,20,31
050,13,181,"Georgia","Lincoln County",1,80,57,28,29
050,13,181,"Georgia","Lincoln County",1,81,57,25,32
050,13,181,"Georgia","Lincoln County",1,82,43,22,21
050,13,181,"Georgia","Lincoln County",1,83,34,17,17
050,13,181,"Georgia","Lincoln County",1,84,36,13,23
050,13,181,"Georgia","Lincoln County",1,85,157,58,99
050,13,181,"Georgia","Lincoln County",2,0,67,33,34
050,13,181,"Georgia","Lincoln County",2,1,70,32,38
050,13,181,"Georgia","Lincoln County",2,2,74,32,42
050,13,181,"Georgia","Lincoln County",2,3,84,39,45
050,13,181,"Georgia","Lincoln County",2,4,87,47,40
050,13,181,"Georgia","Lincoln County",2,5,79,41,38
050,13,181,"Georgia","Lincoln County",2,6,79,38,41
050,13,181,"Georgia","Lincoln County",2,7,74,40,34
050,13,181,"Georgia","Lincoln County",2,8,78,38,40
050,13,181,"Georgia","Lincoln County",2,9,78,40,38
050,13,181,"Georgia","Lincoln County",2,10,78,39,39
050,13,181,"Georgia","Lincoln County",2,11,89,43,46
050,13,181,"Georgia","Lincoln County",2,12,96,48,48
050,13,181,"Georgia","Lincoln County",2,13,89,46,43
050,13,181,"Georgia","Lincoln County",2,14,83,46,37
050,13,181,"Georgia","Lincoln County",2,15,78,38,40
050,13,181,"Georgia","Lincoln County",2,16,78,34,44
050,13,181,"Georgia","Lincoln County",2,17,74,35,39
050,13,181,"Georgia","Lincoln County",2,18,71,36,35
050,13,181,"Georgia","Lincoln County",2,19,63,36,27
050,13,181,"Georgia","Lincoln County",2,20,73,41,32
050,13,181,"Georgia","Lincoln County",2,21,63,33,30
050,13,181,"Georgia","Lincoln County",2,22,69,37,32
050,13,181,"Georgia","Lincoln County",2,23,73,37,36
050,13,181,"Georgia","Lincoln County",2,24,82,41,41
050,13,181,"Georgia","Lincoln County",2,25,85,40,45
050,13,181,"Georgia","Lincoln County",2,26,95,51,44
050,13,181,"Georgia","Lincoln County",2,27,95,50,45
050,13,181,"Georgia","Lincoln County",2,28,101,56,45
050,13,181,"Georgia","Lincoln County",2,29,79,41,38
050,13,181,"Georgia","Lincoln County",2,30,78,36,42
050,13,181,"Georgia","Lincoln County",2,31,81,32,49
050,13,181,"Georgia","Lincoln County",2,32,79,34,45
050,13,181,"Georgia","Lincoln County",2,33,91,41,50
050,13,181,"Georgia","Lincoln County",2,34,92,48,44
050,13,181,"Georgia","Lincoln County",2,35,85,43,42
050,13,181,"Georgia","Lincoln County",2,36,81,40,41
050,13,181,"Georgia","Lincoln County",2,37,75,36,39
050,13,181,"Georgia","Lincoln County",2,38,87,45,42
050,13,181,"Georgia","Lincoln County",2,39,76,38,38
050,13,181,"Georgia","Lincoln County",2,40,72,34,38
050,13,181,"Georgia","Lincoln County",2,41,67,31,36
050,13,181,"Georgia","Lincoln County",2,42,65,30,35
050,13,181,"Georgia","Lincoln County",2,43,72,33,39
050,13,181,"Georgia","Lincoln County",2,44,86,42,44
050,13,181,"Georgia","Lincoln County",2,45,92,42,50
050,13,181,"Georgia","Lincoln County",2,46,91,48,43
050,13,181,"Georgia","Lincoln County",2,47,86,43,43
050,13,181,"Georgia","Lincoln County",2,48,99,47,52
050,13,181,"Georgia","Lincoln County",2,49,101,48,53
050,13,181,"Georgia","Lincoln County",2,50,93,45,48
050,13,181,"Georgia","Lincoln County",2,51,86,36,50
050,13,181,"Georgia","Lincoln County",2,52,84,38,46
050,13,181,"Georgia","Lincoln County",2,53,94,42,52
050,13,181,"Georgia","Lincoln County",2,54,116,58,58
050,13,181,"Georgia","Lincoln County",2,55,111,55,56
050,13,181,"Georgia","Lincoln County",2,56,119,59,60
050,13,181,"Georgia","Lincoln County",2,57,121,60,61
050,13,181,"Georgia","Lincoln County",2,58,124,56,68
050,13,181,"Georgia","Lincoln County",2,59,133,60,73
050,13,181,"Georgia","Lincoln County",2,60,131,64,67
050,13,181,"Georgia","Lincoln County",2,61,136,67,69
050,13,181,"Georgia","Lincoln County",2,62,137,65,72
050,13,181,"Georgia","Lincoln County",2,63,142,73,69
050,13,181,"Georgia","Lincoln County",2,64,132,71,61
050,13,181,"Georgia","Lincoln County",2,65,125,71,54
050,13,181,"Georgia","Lincoln County",2,66,120,59,61
050,13,181,"Georgia","Lincoln County",2,67,132,63,69
050,13,181,"Georgia","Lincoln County",2,68,138,67,71
050,13,181,"Georgia","Lincoln County",2,69,124,63,61
050,13,181,"Georgia","Lincoln County",2,70,109,58,51
050,13,181,"Georgia","Lincoln County",2,71,109,57,52
050,13,181,"Georgia","Lincoln County",2,72,109,49,60
050,13,181,"Georgia","Lincoln County",2,73,115,55,60
050,13,181,"Georgia","Lincoln County",2,74,76,33,43
050,13,181,"Georgia","Lincoln County",2,75,73,30,43
050,13,181,"Georgia","Lincoln County",2,76,77,34,43
050,13,181,"Georgia","Lincoln County",2,77,86,42,44
050,13,181,"Georgia","Lincoln County",2,78,70,33,37
050,13,181,"Georgia","Lincoln County",2,79,53,21,32
050,13,181,"Georgia","Lincoln County",2,80,55,26,29
050,13,181,"Georgia","Lincoln County",2,81,56,25,31
050,13,181,"Georgia","Lincoln County",2,82,45,22,23
050,13,181,"Georgia","Lincoln County",2,83,36,18,18
050,13,181,"Georgia","Lincoln County",2,84,36,14,22
050,13,181,"Georgia","Lincoln County",2,85,159,59,100
050,13,181,"Georgia","Lincoln County",3,0,74,34,40
050,13,181,"Georgia","Lincoln County",3,1,62,30,32
050,13,181,"Georgia","Lincoln County",3,2,75,34,41
050,13,181,"Georgia","Lincoln County",3,3,82,39,43
050,13,181,"Georgia","Lincoln County",3,4,88,41,47
050,13,181,"Georgia","Lincoln County",3,5,87,50,37
050,13,181,"Georgia","Lincoln County",3,6,84,39,45
050,13,181,"Georgia","Lincoln County",3,7,80,38,42
050,13,181,"Georgia","Lincoln County",3,8,81,43,38
050,13,181,"Georgia","Lincoln County",3,9,79,40,39
050,13,181,"Georgia","Lincoln County",3,10,80,41,39
050,13,181,"Georgia","Lincoln County",3,11,76,41,35
050,13,181,"Georgia","Lincoln County",3,12,87,41,46
050,13,181,"Georgia","Lincoln County",3,13,96,43,53
050,13,181,"Georgia","Lincoln County",3,14,93,49,44
050,13,181,"Georgia","Lincoln County",3,15,84,44,40
050,13,181,"Georgia","Lincoln County",3,16,77,36,41
050,13,181,"Georgia","Lincoln County",3,17,81,36,45
050,13,181,"Georgia","Lincoln County",3,18,61,29,32
050,13,181,"Georgia","Lincoln County",3,19,59,29,30
050,13,181,"Georgia","Lincoln County",3,20,64,35,29
050,13,181,"Georgia","Lincoln County",3,21,72,41,31
050,13,181,"Georgia","Lincoln County",3,22,69,36,33
050,13,181,"Georgia","Lincoln County",3,23,73,38,35
050,13,181,"Georgia","Lincoln County",3,24,63,33,30
050,13,181,"Georgia","Lincoln County",3,25,77,40,37
050,13,181,"Georgia","Lincoln County",3,26,83,39,44
050,13,181,"Georgia","Lincoln County",3,27,87,47,40
050,13,181,"Georgia","Lincoln County",3,28,95,47,48
050,13,181,"Georgia","Lincoln County",3,29,107,56,51
050,13,181,"Georgia","Lincoln County",3,30,69,34,35
050,13,181,"Georgia","Lincoln County",3,31,78,40,38
050,13,181,"Georgia","Lincoln County",3,32,82,34,48
050,13,181,"Georgia","Lincoln County",3,33,77,33,44
050,13,181,"Georgia","Lincoln County",3,34,96,47,49
050,13,181,"Georgia","Lincoln County",3,35,98,52,46
050,13,181,"Georgia","Lincoln County",3,36,90,46,44
050,13,181,"Georgia","Lincoln County",3,37,82,38,44
050,13,181,"Georgia","Lincoln County",3,38,84,38,46
050,13,181,"Georgia","Lincoln County",3,39,83,40,43
050,13,181,"Georgia","Lincoln County",3,40,77,38,39
050,13,181,"Georgia","Lincoln County",3,41,70,32,38
050,13,181,"Georgia","Lincoln County",3,42,82,36,46
050,13,181,"Georgia","Lincoln County",3,43,67,34,33
050,13,181,"Georgia","Lincoln County",3,44,74,37,37
050,13,181,"Georgia","Lincoln County",3,45,82,38,44
050,13,181,"Georgia","Lincoln County",3,46,100,46,54
050,13,181,"Georgia","Lincoln County",3,47,94,50,44
050,13,181,"Georgia","Lincoln County",3,48,95,48,47
050,13,181,"Georgia","Lincoln County",3,49,102,52,50
050,13,181,"Georgia","Lincoln County",3,50,100,53,47
050,13,181,"Georgia","Lincoln County",3,51,96,46,50
050,13,181,"Georgia","Lincoln County",3,52,84,37,47
050,13,181,"Georgia","Lincoln County",3,53,90,42,48
050,13,181,"Georgia","Lincoln County",3,54,95,43,52
050,13,181,"Georgia","Lincoln County",3,55,121,58,63
050,13,181,"Georgia","Lincoln County",3,56,108,54,54
050,13,181,"Georgia","Lincoln County",3,57,125,60,65
050,13,181,"Georgia","Lincoln County",3,58,125,67,58
050,13,181,"Georgia","Lincoln County",3,59,129,61,68
050,13,181,"Georgia","Lincoln County",3,60,131,59,72
050,13,181,"Georgia","Lincoln County",3,61,131,63,68
050,13,181,"Georgia","Lincoln County",3,62,148,73,75
050,13,181,"Georgia","Lincoln County",3,63,134,63,71
050,13,181,"Georgia","Lincoln County",3,64,141,74,67
050,13,181,"Georgia","Lincoln County",3,65,129,70,59
050,13,181,"Georgia","Lincoln County",3,66,126,74,52
050,13,181,"Georgia","Lincoln County",3,67,121,59,62
050,13,181,"Georgia","Lincoln County",3,68,127,59,68
050,13,181,"Georgia","Lincoln County",3,69,136,66,70
050,13,181,"Georgia","Lincoln County",3,70,121,62,59
050,13,181,"Georgia","Lincoln County",3,71,102,55,47
050,13,181,"Georgia","Lincoln County",3,72,103,53,50
050,13,181,"Georgia","Lincoln County",3,73,100,47,53
050,13,181,"Georgia","Lincoln County",3,74,112,55,57
050,13,181,"Georgia","Lincoln County",3,75,73,33,40
050,13,181,"Georgia","Lincoln County",3,76,68,28,40
050,13,181,"Georgia","Lincoln County",3,77,74,32,42
050,13,181,"Georgia","Lincoln County",3,78,81,40,41
050,13,181,"Georgia","Lincoln County",3,79,66,33,33
050,13,181,"Georgia","Lincoln County",3,80,48,18,30
050,13,181,"Georgia","Lincoln County",3,81,53,25,28
050,13,181,"Georgia","Lincoln County",3,82,53,23,30
050,13,181,"Georgia","Lincoln County",3,83,40,17,23
050,13,181,"Georgia","Lincoln County",3,84,32,16,16
050,13,181,"Georgia","Lincoln County",3,85,168,60,108
050,13,181,"Georgia","Lincoln County",4,0,83,46,37
050,13,181,"Georgia","Lincoln County",4,1,81,38,43
050,13,181,"Georgia","Lincoln County",4,2,63,28,35
050,13,181,"Georgia","Lincoln County",4,3,75,32,43
050,13,181,"Georgia","Lincoln County",4,4,85,36,49
050,13,181,"Georgia","Lincoln County",4,5,90,44,46
050,13,181,"Georgia","Lincoln County",4,6,86,45,41
050,13,181,"Georgia","Lincoln County",4,7,82,39,43
050,13,181,"Georgia","Lincoln County",4,8,80,36,44
050,13,181,"Georgia","Lincoln County",4,9,82,41,41
050,13,181,"Georgia","Lincoln County",4,10,83,37,46
050,13,181,"Georgia","Lincoln County",4,11,88,42,46
050,13,181,"Georgia","Lincoln County",4,12,78,43,35
050,13,181,"Georgia","Lincoln County",4,13,89,44,45
050,13,181,"Georgia","Lincoln County",4,14,97,44,53
050,13,181,"Georgia","Lincoln County",4,15,99,55,44
050,13,181,"Georgia","Lincoln County",4,16,87,45,42
050,13,181,"Georgia","Lincoln County",4,17,82,39,43
050,13,181,"Georgia","Lincoln County",4,18,71,35,36
050,13,181,"Georgia","Lincoln County",4,19,50,24,26
050,13,181,"Georgia","Lincoln County",4,20,62,30,32
050,13,181,"Georgia","Lincoln County",4,21,69,36,33
050,13,181,"Georgia","Lincoln County",4,22,77,44,33
050,13,181,"Georgia","Lincoln County",4,23,76,35,41
050,13,181,"Georgia","Lincoln County",4,24,62,31,31
050,13,181,"Georgia","Lincoln County",4,25,61,29,32
050,13,181,"Georgia","Lincoln County",4,26,78,40,38
050,13,181,"Georgia","Lincoln County",4,27,80,35,45
050,13,181,"Georgia","Lincoln County",4,28,83,46,37
050,13,181,"Georgia","Lincoln County",4,29,92,46,46
050,13,181,"Georgia","Lincoln County",4,30,110,57,53
050,13,181,"Georgia","Lincoln County",4,31,76,39,37
050,13,181,"Georgia","Lincoln County",4,32,85,43,42
050,13,181,"Georgia","Lincoln County",4,33,84,36,48
050,13,181,"Georgia","Lincoln County",4,34,73,30,43
050,13,181,"Georgia","Lincoln County",4,35,88,40,48
050,13,181,"Georgia","Lincoln County",4,36,102,55,47
050,13,181,"Georgia","Lincoln County",4,37,82,38,44
050,13,181,"Georgia","Lincoln County",4,38,90,43,47
050,13,181,"Georgia","Lincoln County",4,39,80,39,41
050,13,181,"Georgia","Lincoln County",4,40,84,40,44
050,13,181,"Georgia","Lincoln County",4,41,77,37,40
050,13,181,"Georgia","Lincoln County",4,42,78,35,43
050,13,181,"Georgia","Lincoln County",4,43,78,33,45
050,13,181,"Georgia","Lincoln County",4,44,77,38,39
050,13,181,"Georgia","Lincoln County",4,45,76,38,38
050,13,181,"Georgia","Lincoln County",4,46,79,36,43
050,13,181,"Georgia","Lincoln County",4,47,100,42,58
050,13,181,"Georgia","Lincoln County",4,48,99,50,49
050,13,181,"Georgia","Lincoln County",4,49,96,49,47
050,13,181,"Georgia","Lincoln County",4,50,106,55,51
050,13,181,"Georgia","Lincoln County",4,51,106,59,47
050,13,181,"Georgia","Lincoln County",4,52,94,48,46
050,13,181,"Georgia","Lincoln County",4,53,83,38,45
050,13,181,"Georgia","Lincoln County",4,54,93,42,51
050,13,181,"Georgia","Lincoln County",4,55,97,38,59
050,13,181,"Georgia","Lincoln County",4,56,126,62,64
050,13,181,"Georgia","Lincoln County",4,57,106,52,54
050,13,181,"Georgia","Lincoln County",4,58,130,64,66
050,13,181,"Georgia","Lincoln County",4,59,126,65,61
050,13,181,"Georgia","Lincoln County",4,60,130,59,71
050,13,181,"Georgia","Lincoln County",4,61,140,65,75
050,13,181,"Georgia","Lincoln County",4,62,141,66,75
050,13,181,"Georgia","Lincoln County",4,63,156,76,80
050,13,181,"Georgia","Lincoln County",4,64,128,57,71
050,13,181,"Georgia","Lincoln County",4,65,151,82,69
050,13,181,"Georgia","Lincoln County",4,66,128,71,57
050,13,181,"Georgia","Lincoln County",4,67,131,74,57
050,13,181,"Georgia","Lincoln County",4,68,118,55,63
050,13,181,"Georgia","Lincoln County",4,69,130,62,68
050,13,181,"Georgia","Lincoln County",4,70,138,67,71
050,13,181,"Georgia","Lincoln County",4,71,117,63,54
050,13,181,"Georgia","Lincoln County",4,72,97,52,45
050,13,181,"Georgia","Lincoln County",4,73,98,47,51
050,13,181,"Georgia","Lincoln County",4,74,98,47,51
050,13,181,"Georgia","Lincoln County",4,75,109,56,53
050,13,181,"Georgia","Lincoln County",4,76,73,34,39
050,13,181,"Georgia","Lincoln County",4,77,64,27,37
050,13,181,"Georgia","Lincoln County",4,78,74,31,43
050,13,181,"Georgia","Lincoln County",4,79,76,35,41
050,13,181,"Georgia","Lincoln County",4,80,65,31,34
050,13,181,"Georgia","Lincoln County",4,81,42,13,29
050,13,181,"Georgia","Lincoln County",4,82,39,18,21
050,13,181,"Georgia","Lincoln County",4,83,48,22,26
050,13,181,"Georgia","Lincoln County",4,84,39,17,22
050,13,181,"Georgia","Lincoln County",4,85,177,69,108
050,13,181,"Georgia","Lincoln County",5,0,86,48,38
050,13,181,"Georgia","Lincoln County",5,1,91,52,39
050,13,181,"Georgia","Lincoln County",5,2,84,40,44
050,13,181,"Georgia","Lincoln County",5,3,65,30,35
050,13,181,"Georgia","Lincoln County",5,4,77,35,42
050,13,181,"Georgia","Lincoln County",5,5,88,39,49
050,13,181,"Georgia","Lincoln County",5,6,95,49,46
050,13,181,"Georgia","Lincoln County",5,7,90,47,43
050,13,181,"Georgia","Lincoln County",5,8,85,42,43
050,13,181,"Georgia","Lincoln County",5,9,81,40,41
050,13,181,"Georgia","Lincoln County",5,10,84,43,41
050,13,181,"Georgia","Lincoln County",5,11,80,40,40
050,13,181,"Georgia","Lincoln County",5,12,83,39,44
050,13,181,"Georgia","Lincoln County",5,13,75,40,35
050,13,181,"Georgia","Lincoln County",5,14,87,43,44
050,13,181,"Georgia","Lincoln County",5,15,90,44,46
050,13,181,"Georgia","Lincoln County",5,16,100,60,40
050,13,181,"Georgia","Lincoln County",5,17,87,43,44
050,13,181,"Georgia","Lincoln County",5,18,72,35,37
050,13,181,"Georgia","Lincoln County",5,19,60,31,29
050,13,181,"Georgia","Lincoln County",5,20,44,20,24
050,13,181,"Georgia","Lincoln County",5,21,65,31,34
050,13,181,"Georgia","Lincoln County",5,22,75,37,38
050,13,181,"Georgia","Lincoln County",5,23,80,45,35
050,13,181,"Georgia","Lincoln County",5,24,71,35,36
050,13,181,"Georgia","Lincoln County",5,25,60,32,28
050,13,181,"Georgia","Lincoln County",5,26,68,36,32
050,13,181,"Georgia","Lincoln County",5,27,83,40,43
050,13,181,"Georgia","Lincoln County",5,28,78,32,46
050,13,181,"Georgia","Lincoln County",5,29,85,45,40
050,13,181,"Georgia","Lincoln County",5,30,98,51,47
050,13,181,"Georgia","Lincoln County",5,31,108,56,52
050,13,181,"Georgia","Lincoln County",5,32,79,40,39
050,13,181,"Georgia","Lincoln County",5,33,86,44,42
050,13,181,"Georgia","Lincoln County",5,34,89,42,47
050,13,181,"Georgia","Lincoln County",5,35,76,32,44
050,13,181,"Georgia","Lincoln County",5,36,83,31,52
050,13,181,"Georgia","Lincoln County",5,37,97,53,44
050,13,181,"Georgia","Lincoln County",5,38,85,45,40
050,13,181,"Georgia","Lincoln County",5,39,86,40,46
050,13,181,"Georgia","Lincoln County",5,40,83,40,43
050,13,181,"Georgia","Lincoln County",5,41,85,42,43
050,13,181,"Georgia","Lincoln County",5,42,71,31,40
050,13,181,"Georgia","Lincoln County",5,43,79,31,48
050,13,181,"Georgia","Lincoln County",5,44,75,32,43
050,13,181,"Georgia","Lincoln County",5,45,83,38,45
050,13,181,"Georgia","Lincoln County",5,46,77,38,39
050,13,181,"Georgia","Lincoln County",5,47,82,39,43
050,13,181,"Georgia","Lincoln County",5,48,100,43,57
050,13,181,"Georgia","Lincoln County",5,49,91,46,45
050,13,181,"Georgia","Lincoln County",5,50,95,48,47
050,13,181,"Georgia","Lincoln County",5,51,99,52,47
050,13,181,"Georgia","Lincoln County",5,52,99,55,44
050,13,181,"Georgia","Lincoln County",5,53,96,48,48
050,13,181,"Georgia","Lincoln County",5,54,85,38,47
050,13,181,"Georgia","Lincoln County",5,55,98,45,53
050,13,181,"Georgia","Lincoln County",5,56,96,37,59
050,13,181,"Georgia","Lincoln County",5,57,126,63,63
050,13,181,"Georgia","Lincoln County",5,58,102,52,50
050,13,181,"Georgia","Lincoln County",5,59,125,58,67
050,13,181,"Georgia","Lincoln County",5,60,129,68,61
050,13,181,"Georgia","Lincoln County",5,61,138,63,75
050,13,181,"Georgia","Lincoln County",5,62,143,64,79
050,13,181,"Georgia","Lincoln County",5,63,136,66,70
050,13,181,"Georgia","Lincoln County",5,64,158,78,80
050,13,181,"Georgia","Lincoln County",5,65,135,63,72
050,13,181,"Georgia","Lincoln County",5,66,147,81,66
050,13,181,"Georgia","Lincoln County",5,67,126,67,59
050,13,181,"Georgia","Lincoln County",5,68,131,71,60
050,13,181,"Georgia","Lincoln County",5,69,115,52,63
050,13,181,"Georgia","Lincoln County",5,70,127,62,65
050,13,181,"Georgia","Lincoln County",5,71,130,66,64
050,13,181,"Georgia","Lincoln County",5,72,110,61,49
050,13,181,"Georgia","Lincoln County",5,73,88,48,40
050,13,181,"Georgia","Lincoln County",5,74,97,46,51
050,13,181,"Georgia","Lincoln County",5,75,97,47,50
050,13,181,"Georgia","Lincoln County",5,76,108,55,53
050,13,181,"Georgia","Lincoln County",5,77,70,32,38
050,13,181,"Georgia","Lincoln County",5,78,63,27,36
050,13,181,"Georgia","Lincoln County",5,79,70,26,44
050,13,181,"Georgia","Lincoln County",5,80,72,33,39
050,13,181,"Georgia","Lincoln County",5,81,68,31,37
050,13,181,"Georgia","Lincoln County",5,82,39,11,28
050,13,181,"Georgia","Lincoln County",5,83,37,17,20
050,13,181,"Georgia","Lincoln County",5,84,48,22,26
050,13,181,"Georgia","Lincoln County",5,85,194,78,116
050,13,183,"Georgia","Long County",1,0,214,111,103
050,13,183,"Georgia","Long County",1,1,231,136,95
050,13,183,"Georgia","Long County",1,2,229,130,99
050,13,183,"Georgia","Long County",1,3,252,119,133
050,13,183,"Georgia","Long County",1,4,245,126,119
050,13,183,"Georgia","Long County",1,5,240,128,112
050,13,183,"Georgia","Long County",1,6,230,115,115
050,13,183,"Georgia","Long County",1,7,230,108,122
050,13,183,"Georgia","Long County",1,8,242,116,126
050,13,183,"Georgia","Long County",1,9,241,125,116
050,13,183,"Georgia","Long County",1,10,280,159,121
050,13,183,"Georgia","Long County",1,11,276,142,134
050,13,183,"Georgia","Long County",1,12,278,133,145
050,13,183,"Georgia","Long County",1,13,276,133,143
050,13,183,"Georgia","Long County",1,14,241,107,134
050,13,183,"Georgia","Long County",1,15,236,107,129
050,13,183,"Georgia","Long County",1,16,225,113,112
050,13,183,"Georgia","Long County",1,17,243,125,118
050,13,183,"Georgia","Long County",1,18,214,114,100
050,13,183,"Georgia","Long County",1,19,170,102,68
050,13,183,"Georgia","Long County",1,20,179,109,70
050,13,183,"Georgia","Long County",1,21,191,99,92
050,13,183,"Georgia","Long County",1,22,191,94,97
050,13,183,"Georgia","Long County",1,23,178,103,75
050,13,183,"Georgia","Long County",1,24,211,107,104
050,13,183,"Georgia","Long County",1,25,237,124,113
050,13,183,"Georgia","Long County",1,26,244,127,117
050,13,183,"Georgia","Long County",1,27,251,132,119
050,13,183,"Georgia","Long County",1,28,235,122,113
050,13,183,"Georgia","Long County",1,29,247,139,108
050,13,183,"Georgia","Long County",1,30,271,142,129
050,13,183,"Georgia","Long County",1,31,247,134,113
050,13,183,"Georgia","Long County",1,32,278,147,131
050,13,183,"Georgia","Long County",1,33,268,131,137
050,13,183,"Georgia","Long County",1,34,243,125,118
050,13,183,"Georgia","Long County",1,35,274,131,143
050,13,183,"Georgia","Long County",1,36,285,133,152
050,13,183,"Georgia","Long County",1,37,236,114,122
050,13,183,"Georgia","Long County",1,38,226,114,112
050,13,183,"Georgia","Long County",1,39,266,153,113
050,13,183,"Georgia","Long County",1,40,267,136,131
050,13,183,"Georgia","Long County",1,41,235,125,110
050,13,183,"Georgia","Long County",1,42,215,109,106
050,13,183,"Georgia","Long County",1,43,228,118,110
050,13,183,"Georgia","Long County",1,44,211,110,101
050,13,183,"Georgia","Long County",1,45,199,97,102
050,13,183,"Georgia","Long County",1,46,180,88,92
050,13,183,"Georgia","Long County",1,47,199,106,93
050,13,183,"Georgia","Long County",1,48,221,119,102
050,13,183,"Georgia","Long County",1,49,221,103,118
050,13,183,"Georgia","Long County",1,50,229,122,107
050,13,183,"Georgia","Long County",1,51,185,91,94
050,13,183,"Georgia","Long County",1,52,169,75,94
050,13,183,"Georgia","Long County",1,53,189,86,103
050,13,183,"Georgia","Long County",1,54,205,108,97
050,13,183,"Georgia","Long County",1,55,210,105,105
050,13,183,"Georgia","Long County",1,56,182,92,90
050,13,183,"Georgia","Long County",1,57,188,97,91
050,13,183,"Georgia","Long County",1,58,186,97,89
050,13,183,"Georgia","Long County",1,59,187,96,91
050,13,183,"Georgia","Long County",1,60,173,88,85
050,13,183,"Georgia","Long County",1,61,187,98,89
050,13,183,"Georgia","Long County",1,62,190,99,91
050,13,183,"Georgia","Long County",1,63,157,74,83
050,13,183,"Georgia","Long County",1,64,154,72,82
050,13,183,"Georgia","Long County",1,65,150,81,69
050,13,183,"Georgia","Long County",1,66,149,76,73
050,13,183,"Georgia","Long County",1,67,135,64,71
050,13,183,"Georgia","Long County",1,68,112,53,59
050,13,183,"Georgia","Long County",1,69,115,52,63
050,13,183,"Georgia","Long County",1,70,111,60,51
050,13,183,"Georgia","Long County",1,71,99,45,54
050,13,183,"Georgia","Long County",1,72,92,43,49
050,13,183,"Georgia","Long County",1,73,87,42,45
050,13,183,"Georgia","Long County",1,74,62,31,31
050,13,183,"Georgia","Long County",1,75,62,30,32
050,13,183,"Georgia","Long County",1,76,46,24,22
050,13,183,"Georgia","Long County",1,77,41,21,20
050,13,183,"Georgia","Long County",1,78,26,8,18
050,13,183,"Georgia","Long County",1,79,37,14,23
050,13,183,"Georgia","Long County",1,80,43,21,22
050,13,183,"Georgia","Long County",1,81,34,15,19
050,13,183,"Georgia","Long County",1,82,26,12,14
050,13,183,"Georgia","Long County",1,83,25,11,14
050,13,183,"Georgia","Long County",1,84,27,11,16
050,13,183,"Georgia","Long County",1,85,161,58,103
050,13,183,"Georgia","Long County",2,0,225,119,106
050,13,183,"Georgia","Long County",2,1,228,131,97
050,13,183,"Georgia","Long County",2,2,234,131,103
050,13,183,"Georgia","Long County",2,3,250,124,126
050,13,183,"Georgia","Long County",2,4,249,125,124
050,13,183,"Georgia","Long County",2,5,240,127,113
050,13,183,"Georgia","Long County",2,6,231,114,117
050,13,183,"Georgia","Long County",2,7,235,112,123
050,13,183,"Georgia","Long County",2,8,241,116,125
050,13,183,"Georgia","Long County",2,9,247,129,118
050,13,183,"Georgia","Long County",2,10,270,151,119
050,13,183,"Georgia","Long County",2,11,276,145,131
050,13,183,"Georgia","Long County",2,12,279,138,141
050,13,183,"Georgia","Long County",2,13,277,132,145
050,13,183,"Georgia","Long County",2,14,249,111,138
050,13,183,"Georgia","Long County",2,15,242,110,132
050,13,183,"Georgia","Long County",2,16,225,110,115
050,13,183,"Georgia","Long County",2,17,236,121,115
050,13,183,"Georgia","Long County",2,18,215,114,101
050,13,183,"Georgia","Long County",2,19,175,103,72
050,13,183,"Georgia","Long County",2,20,182,109,73
050,13,183,"Georgia","Long County",2,21,188,101,87
050,13,183,"Georgia","Long County",2,22,193,99,94
050,13,183,"Georgia","Long County",2,23,189,104,85
050,13,183,"Georgia","Long County",2,24,208,109,99
050,13,183,"Georgia","Long County",2,25,234,121,113
050,13,183,"Georgia","Long County",2,26,250,130,120
050,13,183,"Georgia","Long County",2,27,246,128,118
050,13,183,"Georgia","Long County",2,28,240,126,114
050,13,183,"Georgia","Long County",2,29,255,141,114
050,13,183,"Georgia","Long County",2,30,271,144,127
050,13,183,"Georgia","Long County",2,31,257,138,119
050,13,183,"Georgia","Long County",2,32,271,142,129
050,13,183,"Georgia","Long County",2,33,267,133,134
050,13,183,"Georgia","Long County",2,34,252,127,125
050,13,183,"Georgia","Long County",2,35,271,131,140
050,13,183,"Georgia","Long County",2,36,282,134,148
050,13,183,"Georgia","Long County",2,37,250,120,130
050,13,183,"Georgia","Long County",2,38,232,116,116
050,13,183,"Georgia","Long County",2,39,256,144,112
050,13,183,"Georgia","Long County",2,40,266,140,126
050,13,183,"Georgia","Long County",2,41,243,128,115
050,13,183,"Georgia","Long County",2,42,219,112,107
050,13,183,"Georgia","Long County",2,43,227,115,112
050,13,183,"Georgia","Long County",2,44,213,110,103
050,13,183,"Georgia","Long County",2,45,201,99,102
050,13,183,"Georgia","Long County",2,46,183,90,93
050,13,183,"Georgia","Long County",2,47,195,102,93
050,13,183,"Georgia","Long County",2,48,216,117,99
050,13,183,"Georgia","Long County",2,49,223,109,114
050,13,183,"Georgia","Long County",2,50,229,118,111
050,13,183,"Georgia","Long County",2,51,195,97,98
050,13,183,"Georgia","Long County",2,52,174,78,96
050,13,183,"Georgia","Long County",2,53,186,86,100
050,13,183,"Georgia","Long County",2,54,201,102,99
050,13,183,"Georgia","Long County",2,55,209,107,102
050,13,183,"Georgia","Long County",2,56,188,96,92
050,13,183,"Georgia","Long County",2,57,184,95,89
050,13,183,"Georgia","Long County",2,58,184,98,86
050,13,183,"Georgia","Long County",2,59,187,95,92
050,13,183,"Georgia","Long County",2,60,179,92,87
050,13,183,"Georgia","Long County",2,61,184,96,88
050,13,183,"Georgia","Long County",2,62,189,99,90
050,13,183,"Georgia","Long County",2,63,167,81,86
050,13,183,"Georgia","Long County",2,64,152,74,78
050,13,183,"Georgia","Long County",2,65,152,80,72
050,13,183,"Georgia","Long County",2,66,148,77,71
050,13,183,"Georgia","Long County",2,67,136,66,70
050,13,183,"Georgia","Long County",2,68,115,55,60
050,13,183,"Georgia","Long County",2,69,118,54,64
050,13,183,"Georgia","Long County",2,70,110,57,53
050,13,183,"Georgia","Long County",2,71,102,49,53
050,13,183,"Georgia","Long County",2,72,91,42,49
050,13,183,"Georgia","Long County",2,73,91,41,50
050,13,183,"Georgia","Long County",2,74,63,30,33
050,13,183,"Georgia","Long County",2,75,62,30,32
050,13,183,"Georgia","Long County",2,76,48,25,23
050,13,183,"Georgia","Long County",2,77,44,23,21
050,13,183,"Georgia","Long County",2,78,29,11,18
050,13,183,"Georgia","Long County",2,79,35,13,22
050,13,183,"Georgia","Long County",2,80,39,17,22
050,13,183,"Georgia","Long County",2,81,34,16,18
050,13,183,"Georgia","Long County",2,82,29,13,16
050,13,183,"Georgia","Long County",2,83,26,11,15
050,13,183,"Georgia","Long County",2,84,25,11,14
050,13,183,"Georgia","Long County",2,85,161,56,105
050,13,183,"Georgia","Long County",3,0,265,143,122
050,13,183,"Georgia","Long County",3,1,252,143,109
050,13,183,"Georgia","Long County",3,2,264,148,116
050,13,183,"Georgia","Long County",3,3,266,146,120
050,13,183,"Georgia","Long County",3,4,241,123,118
050,13,183,"Georgia","Long County",3,5,271,142,129
050,13,183,"Georgia","Long County",3,6,273,143,130
050,13,183,"Georgia","Long County",3,7,273,135,138
050,13,183,"Georgia","Long County",3,8,246,119,127
050,13,183,"Georgia","Long County",3,9,247,121,126
050,13,183,"Georgia","Long County",3,10,265,140,125
050,13,183,"Georgia","Long County",3,11,274,149,125
050,13,183,"Georgia","Long County",3,12,292,156,136
050,13,183,"Georgia","Long County",3,13,299,138,161
050,13,183,"Georgia","Long County",3,14,288,135,153
050,13,183,"Georgia","Long County",3,15,255,114,141
050,13,183,"Georgia","Long County",3,16,235,109,126
050,13,183,"Georgia","Long County",3,17,232,114,118
050,13,183,"Georgia","Long County",3,18,222,115,107
050,13,183,"Georgia","Long County",3,19,188,96,92
050,13,183,"Georgia","Long County",3,20,184,103,81
050,13,183,"Georgia","Long County",3,21,187,101,86
050,13,183,"Georgia","Long County",3,22,219,117,102
050,13,183,"Georgia","Long County",3,23,218,110,108
050,13,183,"Georgia","Long County",3,24,209,109,100
050,13,183,"Georgia","Long County",3,25,241,129,112
050,13,183,"Georgia","Long County",3,26,258,127,131
050,13,183,"Georgia","Long County",3,27,262,128,134
050,13,183,"Georgia","Long County",3,28,250,114,136
050,13,183,"Georgia","Long County",3,29,261,140,121
050,13,183,"Georgia","Long County",3,30,313,163,150
050,13,183,"Georgia","Long County",3,31,297,140,157
050,13,183,"Georgia","Long County",3,32,264,131,133
050,13,183,"Georgia","Long County",3,33,284,140,144
050,13,183,"Georgia","Long County",3,34,260,129,131
050,13,183,"Georgia","Long County",3,35,285,156,129
050,13,183,"Georgia","Long County",3,36,276,137,139
050,13,183,"Georgia","Long County",3,37,288,136,152
050,13,183,"Georgia","Long County",3,38,258,123,135
050,13,183,"Georgia","Long County",3,39,233,111,122
050,13,183,"Georgia","Long County",3,40,280,158,122
050,13,183,"Georgia","Long County",3,41,268,141,127
050,13,183,"Georgia","Long County",3,42,251,129,122
050,13,183,"Georgia","Long County",3,43,238,118,120
050,13,183,"Georgia","Long County",3,44,226,113,113
050,13,183,"Georgia","Long County",3,45,209,107,102
050,13,183,"Georgia","Long County",3,46,205,106,99
050,13,183,"Georgia","Long County",3,47,186,89,97
050,13,183,"Georgia","Long County",3,48,209,109,100
050,13,183,"Georgia","Long County",3,49,212,115,97
050,13,183,"Georgia","Long County",3,50,222,111,111
050,13,183,"Georgia","Long County",3,51,223,116,107
050,13,183,"Georgia","Long County",3,52,191,90,101
050,13,183,"Georgia","Long County",3,53,192,84,108
050,13,183,"Georgia","Long County",3,54,179,86,93
050,13,183,"Georgia","Long County",3,55,209,113,96
050,13,183,"Georgia","Long County",3,56,214,112,102
050,13,183,"Georgia","Long County",3,57,193,99,94
050,13,183,"Georgia","Long County",3,58,185,93,92
050,13,183,"Georgia","Long County",3,59,184,100,84
050,13,183,"Georgia","Long County",3,60,188,90,98
050,13,183,"Georgia","Long County",3,61,164,84,80
050,13,183,"Georgia","Long County",3,62,185,93,92
050,13,183,"Georgia","Long County",3,63,183,100,83
050,13,183,"Georgia","Long County",3,64,166,81,85
050,13,183,"Georgia","Long County",3,65,153,69,84
050,13,183,"Georgia","Long County",3,66,154,78,76
050,13,183,"Georgia","Long County",3,67,154,80,74
050,13,183,"Georgia","Long County",3,68,134,62,72
050,13,183,"Georgia","Long County",3,69,111,50,61
050,13,183,"Georgia","Long County",3,70,113,55,58
050,13,183,"Georgia","Long County",3,71,112,58,54
050,13,183,"Georgia","Long County",3,72,102,47,55
050,13,183,"Georgia","Long County",3,73,88,42,46
050,13,183,"Georgia","Long County",3,74,83,33,50
050,13,183,"Georgia","Long County",3,75,57,23,34
050,13,183,"Georgia","Long County",3,76,59,29,30
050,13,183,"Georgia","Long County",3,77,49,24,25
050,13,183,"Georgia","Long County",3,78,37,20,17
050,13,183,"Georgia","Long County",3,79,29,13,16
050,13,183,"Georgia","Long County",3,80,33,11,22
050,13,183,"Georgia","Long County",3,81,33,16,17
050,13,183,"Georgia","Long County",3,82,37,16,21
050,13,183,"Georgia","Long County",3,83,25,11,14
050,13,183,"Georgia","Long County",3,84,22,12,10
050,13,183,"Georgia","Long County",3,85,166,58,108
050,13,183,"Georgia","Long County",4,0,281,146,135
050,13,183,"Georgia","Long County",4,1,319,157,162
050,13,183,"Georgia","Long County",4,2,290,155,135
050,13,183,"Georgia","Long County",4,3,289,154,135
050,13,183,"Georgia","Long County",4,4,293,159,134
050,13,183,"Georgia","Long County",4,5,286,140,146
050,13,183,"Georgia","Long County",4,6,299,157,142
050,13,183,"Georgia","Long County",4,7,309,160,149
050,13,183,"Georgia","Long County",4,8,288,136,152
050,13,183,"Georgia","Long County",4,9,283,149,134
050,13,183,"Georgia","Long County",4,10,242,115,127
050,13,183,"Georgia","Long County",4,11,270,143,127
050,13,183,"Georgia","Long County",4,12,289,163,126
050,13,183,"Georgia","Long County",4,13,306,158,148
050,13,183,"Georgia","Long County",4,14,302,142,160
050,13,183,"Georgia","Long County",4,15,290,145,145
050,13,183,"Georgia","Long County",4,16,267,123,144
050,13,183,"Georgia","Long County",4,17,239,118,121
050,13,183,"Georgia","Long County",4,18,211,111,100
050,13,183,"Georgia","Long County",4,19,181,94,87
050,13,183,"Georgia","Long County",4,20,201,103,98
050,13,183,"Georgia","Long County",4,21,216,118,98
050,13,183,"Georgia","Long County",4,22,216,122,94
050,13,183,"Georgia","Long County",4,23,276,145,131
050,13,183,"Georgia","Long County",4,24,266,120,146
050,13,183,"Georgia","Long County",4,25,252,131,121
050,13,183,"Georgia","Long County",4,26,311,166,145
050,13,183,"Georgia","Long County",4,27,313,161,152
050,13,183,"Georgia","Long County",4,28,306,144,162
050,13,183,"Georgia","Long County",4,29,284,139,145
050,13,183,"Georgia","Long County",4,30,322,176,146
050,13,183,"Georgia","Long County",4,31,325,166,159
050,13,183,"Georgia","Long County",4,32,329,160,169
050,13,183,"Georgia","Long County",4,33,302,145,157
050,13,183,"Georgia","Long County",4,34,315,173,142
050,13,183,"Georgia","Long County",4,35,315,154,161
050,13,183,"Georgia","Long County",4,36,317,184,133
050,13,183,"Georgia","Long County",4,37,287,137,150
050,13,183,"Georgia","Long County",4,38,300,152,148
050,13,183,"Georgia","Long County",4,39,254,112,142
050,13,183,"Georgia","Long County",4,40,246,113,133
050,13,183,"Georgia","Long County",4,41,303,173,130
050,13,183,"Georgia","Long County",4,42,295,154,141
050,13,183,"Georgia","Long County",4,43,242,128,114
050,13,183,"Georgia","Long County",4,44,236,119,117
050,13,183,"Georgia","Long County",4,45,222,111,111
050,13,183,"Georgia","Long County",4,46,213,109,104
050,13,183,"Georgia","Long County",4,47,209,102,107
050,13,183,"Georgia","Long County",4,48,189,100,89
050,13,183,"Georgia","Long County",4,49,215,107,108
050,13,183,"Georgia","Long County",4,50,214,116,98
050,13,183,"Georgia","Long County",4,51,234,119,115
050,13,183,"Georgia","Long County",4,52,222,114,108
050,13,183,"Georgia","Long County",4,53,193,89,104
050,13,183,"Georgia","Long County",4,54,186,77,109
050,13,183,"Georgia","Long County",4,55,170,82,88
050,13,183,"Georgia","Long County",4,56,216,117,99
050,13,183,"Georgia","Long County",4,57,204,107,97
050,13,183,"Georgia","Long County",4,58,190,96,94
050,13,183,"Georgia","Long County",4,59,183,94,89
050,13,183,"Georgia","Long County",4,60,186,103,83
050,13,183,"Georgia","Long County",4,61,195,92,103
050,13,183,"Georgia","Long County",4,62,167,82,85
050,13,183,"Georgia","Long County",4,63,188,96,92
050,13,183,"Georgia","Long County",4,64,182,101,81
050,13,183,"Georgia","Long County",4,65,171,86,85
050,13,183,"Georgia","Long County",4,66,158,72,86
050,13,183,"Georgia","Long County",4,67,158,76,82
050,13,183,"Georgia","Long County",4,68,153,77,76
050,13,183,"Georgia","Long County",4,69,128,59,69
050,13,183,"Georgia","Long County",4,70,112,52,60
050,13,183,"Georgia","Long County",4,71,108,54,54
050,13,183,"Georgia","Long County",4,72,109,58,51
050,13,183,"Georgia","Long County",4,73,97,47,50
050,13,183,"Georgia","Long County",4,74,84,37,47
050,13,183,"Georgia","Long County",4,75,82,30,52
050,13,183,"Georgia","Long County",4,76,57,22,35
050,13,183,"Georgia","Long County",4,77,58,29,29
050,13,183,"Georgia","Long County",4,78,42,23,19
050,13,183,"Georgia","Long County",4,79,34,19,15
050,13,183,"Georgia","Long County",4,80,26,11,15
050,13,183,"Georgia","Long County",4,81,27,9,18
050,13,183,"Georgia","Long County",4,82,33,15,18
050,13,183,"Georgia","Long County",4,83,34,14,20
050,13,183,"Georgia","Long County",4,84,20,11,9
050,13,183,"Georgia","Long County",4,85,163,57,106
050,13,183,"Georgia","Long County",5,0,263,138,125
050,13,183,"Georgia","Long County",5,1,350,180,170
050,13,183,"Georgia","Long County",5,2,325,165,160
050,13,183,"Georgia","Long County",5,3,328,175,153
050,13,183,"Georgia","Long County",5,4,295,163,132
050,13,183,"Georgia","Long County",5,5,309,175,134
050,13,183,"Georgia","Long County",5,6,313,152,161
050,13,183,"Georgia","Long County",5,7,313,160,153
050,13,183,"Georgia","Long County",5,8,321,164,157
050,13,183,"Georgia","Long County",5,9,290,133,157
050,13,183,"Georgia","Long County",5,10,312,167,145
050,13,183,"Georgia","Long County",5,11,266,129,137
050,13,183,"Georgia","Long County",5,12,303,149,154
050,13,183,"Georgia","Long County",5,13,289,153,136
050,13,183,"Georgia","Long County",5,14,305,156,149
050,13,183,"Georgia","Long County",5,15,317,152,165
050,13,183,"Georgia","Long County",5,16,295,145,150
050,13,183,"Georgia","Long County",5,17,277,127,150
050,13,183,"Georgia","Long County",5,18,222,109,113
050,13,183,"Georgia","Long County",5,19,179,95,84
050,13,183,"Georgia","Long County",5,20,201,107,94
050,13,183,"Georgia","Long County",5,21,233,120,113
050,13,183,"Georgia","Long County",5,22,239,129,110
050,13,183,"Georgia","Long County",5,23,257,145,112
050,13,183,"Georgia","Long County",5,24,322,174,148
050,13,183,"Georgia","Long County",5,25,291,125,166
050,13,183,"Georgia","Long County",5,26,302,164,138
050,13,183,"Georgia","Long County",5,27,342,166,176
050,13,183,"Georgia","Long County",5,28,322,168,154
050,13,183,"Georgia","Long County",5,29,329,151,178
050,13,183,"Georgia","Long County",5,30,311,162,149
050,13,183,"Georgia","Long County",5,31,349,189,160
050,13,183,"Georgia","Long County",5,32,350,172,178
050,13,183,"Georgia","Long County",5,33,362,174,188
050,13,183,"Georgia","Long County",5,34,330,159,171
050,13,183,"Georgia","Long County",5,35,357,188,169
050,13,183,"Georgia","Long County",5,36,351,178,173
050,13,183,"Georgia","Long County",5,37,321,175,146
050,13,183,"Georgia","Long County",5,38,289,138,151
050,13,183,"Georgia","Long County",5,39,315,153,162
050,13,183,"Georgia","Long County",5,40,278,131,147
050,13,183,"Georgia","Long County",5,41,256,113,143
050,13,183,"Georgia","Long County",5,42,311,179,132
050,13,183,"Georgia","Long County",5,43,286,148,138
050,13,183,"Georgia","Long County",5,44,263,140,123
050,13,183,"Georgia","Long County",5,45,244,125,119
050,13,183,"Georgia","Long County",5,46,241,124,117
050,13,183,"Georgia","Long County",5,47,207,102,105
050,13,183,"Georgia","Long County",5,48,222,118,104
050,13,183,"Georgia","Long County",5,49,198,102,96
050,13,183,"Georgia","Long County",5,50,231,118,113
050,13,183,"Georgia","Long County",5,51,215,112,103
050,13,183,"Georgia","Long County",5,52,238,119,119
050,13,183,"Georgia","Long County",5,53,245,126,119
050,13,183,"Georgia","Long County",5,54,194,89,105
050,13,183,"Georgia","Long County",5,55,186,85,101
050,13,183,"Georgia","Long County",5,56,174,89,85
050,13,183,"Georgia","Long County",5,57,214,117,97
050,13,183,"Georgia","Long County",5,58,200,102,98
050,13,183,"Georgia","Long County",5,59,198,99,99
050,13,183,"Georgia","Long County",5,60,182,94,88
050,13,183,"Georgia","Long County",5,61,188,106,82
050,13,183,"Georgia","Long County",5,62,202,91,111
050,13,183,"Georgia","Long County",5,63,179,88,91
050,13,183,"Georgia","Long County",5,64,196,100,96
050,13,183,"Georgia","Long County",5,65,187,101,86
050,13,183,"Georgia","Long County",5,66,172,87,85
050,13,183,"Georgia","Long County",5,67,154,73,81
050,13,183,"Georgia","Long County",5,68,163,76,87
050,13,183,"Georgia","Long County",5,69,153,71,82
050,13,183,"Georgia","Long County",5,70,133,65,68
050,13,183,"Georgia","Long County",5,71,106,49,57
050,13,183,"Georgia","Long County",5,72,103,52,51
050,13,183,"Georgia","Long County",5,73,108,58,50
050,13,183,"Georgia","Long County",5,74,95,44,51
050,13,183,"Georgia","Long County",5,75,81,33,48
050,13,183,"Georgia","Long County",5,76,79,29,50
050,13,183,"Georgia","Long County",5,77,54,22,32
050,13,183,"Georgia","Long County",5,78,54,28,26
050,13,183,"Georgia","Long County",5,79,44,25,19
050,13,183,"Georgia","Long County",5,80,32,17,15
050,13,183,"Georgia","Long County",5,81,23,9,14
050,13,183,"Georgia","Long County",5,82,24,9,15
050,13,183,"Georgia","Long County",5,83,33,14,19
050,13,183,"Georgia","Long County",5,84,30,13,17
050,13,183,"Georgia","Long County",5,85,173,63,110
050,13,185,"Georgia","Lowndes County",1,0,1625,823,802
050,13,185,"Georgia","Lowndes County",1,1,1626,803,823
050,13,185,"Georgia","Lowndes County",1,2,1579,818,761
050,13,185,"Georgia","Lowndes County",1,3,1593,812,781
050,13,185,"Georgia","Lowndes County",1,4,1582,810,772
050,13,185,"Georgia","Lowndes County",1,5,1657,813,844
050,13,185,"Georgia","Lowndes County",1,6,1630,846,784
050,13,185,"Georgia","Lowndes County",1,7,1603,809,794
050,13,185,"Georgia","Lowndes County",1,8,1684,861,823
050,13,185,"Georgia","Lowndes County",1,9,1649,872,777
050,13,185,"Georgia","Lowndes County",1,10,1644,824,820
050,13,185,"Georgia","Lowndes County",1,11,1714,869,845
050,13,185,"Georgia","Lowndes County",1,12,1755,890,865
050,13,185,"Georgia","Lowndes County",1,13,1719,877,842
050,13,185,"Georgia","Lowndes County",1,14,1584,796,788
050,13,185,"Georgia","Lowndes County",1,15,1514,759,755
050,13,185,"Georgia","Lowndes County",1,16,1524,764,760
050,13,185,"Georgia","Lowndes County",1,17,1407,710,697
050,13,185,"Georgia","Lowndes County",1,18,2032,933,1099
050,13,185,"Georgia","Lowndes County",1,19,2882,1396,1486
050,13,185,"Georgia","Lowndes County",1,20,3008,1517,1491
050,13,185,"Georgia","Lowndes County",1,21,3324,1542,1782
050,13,185,"Georgia","Lowndes County",1,22,2869,1484,1385
050,13,185,"Georgia","Lowndes County",1,23,2615,1207,1408
050,13,185,"Georgia","Lowndes County",1,24,2200,1113,1087
050,13,185,"Georgia","Lowndes County",1,25,2094,1087,1007
050,13,185,"Georgia","Lowndes County",1,26,1890,970,920
050,13,185,"Georgia","Lowndes County",1,27,1855,974,881
050,13,185,"Georgia","Lowndes County",1,28,1833,928,905
050,13,185,"Georgia","Lowndes County",1,29,1763,875,888
050,13,185,"Georgia","Lowndes County",1,30,1715,865,850
050,13,185,"Georgia","Lowndes County",1,31,1710,821,889
050,13,185,"Georgia","Lowndes County",1,32,1560,767,793
050,13,185,"Georgia","Lowndes County",1,33,1472,742,730
050,13,185,"Georgia","Lowndes County",1,34,1586,799,787
050,13,185,"Georgia","Lowndes County",1,35,1604,773,831
050,13,185,"Georgia","Lowndes County",1,36,1513,746,767
050,13,185,"Georgia","Lowndes County",1,37,1447,727,720
050,13,185,"Georgia","Lowndes County",1,38,1504,723,781
050,13,185,"Georgia","Lowndes County",1,39,1406,669,737
050,13,185,"Georgia","Lowndes County",1,40,1329,634,695
050,13,185,"Georgia","Lowndes County",1,41,1314,636,678
050,13,185,"Georgia","Lowndes County",1,42,1297,610,687
050,13,185,"Georgia","Lowndes County",1,43,1226,599,627
050,13,185,"Georgia","Lowndes County",1,44,1164,580,584
050,13,185,"Georgia","Lowndes County",1,45,1194,562,632
050,13,185,"Georgia","Lowndes County",1,46,1128,515,613
050,13,185,"Georgia","Lowndes County",1,47,1207,551,656
050,13,185,"Georgia","Lowndes County",1,48,1269,589,680
050,13,185,"Georgia","Lowndes County",1,49,1302,617,685
050,13,185,"Georgia","Lowndes County",1,50,1226,597,629
050,13,185,"Georgia","Lowndes County",1,51,1181,559,622
050,13,185,"Georgia","Lowndes County",1,52,1150,545,605
050,13,185,"Georgia","Lowndes County",1,53,1174,576,598
050,13,185,"Georgia","Lowndes County",1,54,1172,557,615
050,13,185,"Georgia","Lowndes County",1,55,1261,596,665
050,13,185,"Georgia","Lowndes County",1,56,1274,599,675
050,13,185,"Georgia","Lowndes County",1,57,1277,633,644
050,13,185,"Georgia","Lowndes County",1,58,1312,646,666
050,13,185,"Georgia","Lowndes County",1,59,1254,582,672
050,13,185,"Georgia","Lowndes County",1,60,1250,585,665
050,13,185,"Georgia","Lowndes County",1,61,1182,558,624
050,13,185,"Georgia","Lowndes County",1,62,1151,542,609
050,13,185,"Georgia","Lowndes County",1,63,1132,538,594
050,13,185,"Georgia","Lowndes County",1,64,1061,487,574
050,13,185,"Georgia","Lowndes County",1,65,1034,472,562
050,13,185,"Georgia","Lowndes County",1,66,1038,465,573
050,13,185,"Georgia","Lowndes County",1,67,1011,453,558
050,13,185,"Georgia","Lowndes County",1,68,1009,469,540
050,13,185,"Georgia","Lowndes County",1,69,918,413,505
050,13,185,"Georgia","Lowndes County",1,70,921,427,494
050,13,185,"Georgia","Lowndes County",1,71,879,399,480
050,13,185,"Georgia","Lowndes County",1,72,878,389,489
050,13,185,"Georgia","Lowndes County",1,73,844,372,472
050,13,185,"Georgia","Lowndes County",1,74,584,231,353
050,13,185,"Georgia","Lowndes County",1,75,568,240,328
050,13,185,"Georgia","Lowndes County",1,76,584,249,335
050,13,185,"Georgia","Lowndes County",1,77,554,225,329
050,13,185,"Georgia","Lowndes County",1,78,475,182,293
050,13,185,"Georgia","Lowndes County",1,79,458,190,268
050,13,185,"Georgia","Lowndes County",1,80,378,160,218
050,13,185,"Georgia","Lowndes County",1,81,373,155,218
050,13,185,"Georgia","Lowndes County",1,82,345,134,211
050,13,185,"Georgia","Lowndes County",1,83,299,117,182
050,13,185,"Georgia","Lowndes County",1,84,261,104,157
050,13,185,"Georgia","Lowndes County",1,85,1378,469,909
050,13,185,"Georgia","Lowndes County",2,0,1585,784,801
050,13,185,"Georgia","Lowndes County",2,1,1629,809,820
050,13,185,"Georgia","Lowndes County",2,2,1596,816,780
050,13,185,"Georgia","Lowndes County",2,3,1577,809,768
050,13,185,"Georgia","Lowndes County",2,4,1589,812,777
050,13,185,"Georgia","Lowndes County",2,5,1642,813,829
050,13,185,"Georgia","Lowndes County",2,6,1636,835,801
050,13,185,"Georgia","Lowndes County",2,7,1615,822,793
050,13,185,"Georgia","Lowndes County",2,8,1662,849,813
050,13,185,"Georgia","Lowndes County",2,9,1654,865,789
050,13,185,"Georgia","Lowndes County",2,10,1645,834,811
050,13,185,"Georgia","Lowndes County",2,11,1688,854,834
050,13,185,"Georgia","Lowndes County",2,12,1752,890,862
050,13,185,"Georgia","Lowndes County",2,13,1721,876,845
050,13,185,"Georgia","Lowndes County",2,14,1618,813,805
050,13,185,"Georgia","Lowndes County",2,15,1530,766,764
050,13,185,"Georgia","Lowndes County",2,16,1521,761,760
050,13,185,"Georgia","Lowndes County",2,17,1441,723,718
050,13,185,"Georgia","Lowndes County",2,18,2032,935,1097
050,13,185,"Georgia","Lowndes County",2,19,2881,1392,1489
050,13,185,"Georgia","Lowndes County",2,20,3016,1514,1502
050,13,185,"Georgia","Lowndes County",2,21,3304,1531,1773
050,13,185,"Georgia","Lowndes County",2,22,2890,1494,1396
050,13,185,"Georgia","Lowndes County",2,23,2621,1210,1411
050,13,185,"Georgia","Lowndes County",2,24,2197,1102,1095
050,13,185,"Georgia","Lowndes County",2,25,2049,1069,980
050,13,185,"Georgia","Lowndes County",2,26,1887,959,928
050,13,185,"Georgia","Lowndes County",2,27,1822,957,865
050,13,185,"Georgia","Lowndes County",2,28,1817,923,894
050,13,185,"Georgia","Lowndes County",2,29,1775,886,889
050,13,185,"Georgia","Lowndes County",2,30,1733,869,864
050,13,185,"Georgia","Lowndes County",2,31,1710,832,878
050,13,185,"Georgia","Lowndes County",2,32,1587,775,812
050,13,185,"Georgia","Lowndes County",2,33,1490,749,741
050,13,185,"Georgia","Lowndes County",2,34,1554,782,772
050,13,185,"Georgia","Lowndes County",2,35,1609,785,824
050,13,185,"Georgia","Lowndes County",2,36,1510,737,773
050,13,185,"Georgia","Lowndes County",2,37,1452,724,728
050,13,185,"Georgia","Lowndes County",2,38,1492,722,770
050,13,185,"Georgia","Lowndes County",2,39,1422,678,744
050,13,185,"Georgia","Lowndes County",2,40,1351,640,711
050,13,185,"Georgia","Lowndes County",2,41,1322,637,685
050,13,185,"Georgia","Lowndes County",2,42,1294,612,682
050,13,185,"Georgia","Lowndes County",2,43,1252,602,650
050,13,185,"Georgia","Lowndes County",2,44,1174,584,590
050,13,185,"Georgia","Lowndes County",2,45,1186,565,621
050,13,185,"Georgia","Lowndes County",2,46,1140,524,616
050,13,185,"Georgia","Lowndes County",2,47,1181,537,644
050,13,185,"Georgia","Lowndes County",2,48,1257,581,676
050,13,185,"Georgia","Lowndes County",2,49,1299,614,685
050,13,185,"Georgia","Lowndes County",2,50,1245,602,643
050,13,185,"Georgia","Lowndes County",2,51,1190,565,625
050,13,185,"Georgia","Lowndes County",2,52,1157,548,609
050,13,185,"Georgia","Lowndes County",2,53,1165,564,601
050,13,185,"Georgia","Lowndes County",2,54,1173,562,611
050,13,185,"Georgia","Lowndes County",2,55,1238,586,652
050,13,185,"Georgia","Lowndes County",2,56,1273,600,673
050,13,185,"Georgia","Lowndes County",2,57,1274,624,650
050,13,185,"Georgia","Lowndes County",2,58,1305,641,664
050,13,185,"Georgia","Lowndes County",2,59,1266,598,668
050,13,185,"Georgia","Lowndes County",2,60,1249,587,662
050,13,185,"Georgia","Lowndes County",2,61,1192,561,631
050,13,185,"Georgia","Lowndes County",2,62,1152,543,609
050,13,185,"Georgia","Lowndes County",2,63,1147,544,603
050,13,185,"Georgia","Lowndes County",2,64,1068,494,574
050,13,185,"Georgia","Lowndes County",2,65,1038,474,564
050,13,185,"Georgia","Lowndes County",2,66,1040,467,573
050,13,185,"Georgia","Lowndes County",2,67,1013,452,561
050,13,185,"Georgia","Lowndes County",2,68,1003,462,541
050,13,185,"Georgia","Lowndes County",2,69,948,428,520
050,13,185,"Georgia","Lowndes County",2,70,919,422,497
050,13,185,"Georgia","Lowndes County",2,71,889,405,484
050,13,185,"Georgia","Lowndes County",2,72,858,383,475
050,13,185,"Georgia","Lowndes County",2,73,883,392,491
050,13,185,"Georgia","Lowndes County",2,74,604,248,356
050,13,185,"Georgia","Lowndes County",2,75,568,236,332
050,13,185,"Georgia","Lowndes County",2,76,573,244,329
050,13,185,"Georgia","Lowndes County",2,77,576,237,339
050,13,185,"Georgia","Lowndes County",2,78,480,188,292
050,13,185,"Georgia","Lowndes County",2,79,458,187,271
050,13,185,"Georgia","Lowndes County",2,80,392,161,231
050,13,185,"Georgia","Lowndes County",2,81,373,156,217
050,13,185,"Georgia","Lowndes County",2,82,349,138,211
050,13,185,"Georgia","Lowndes County",2,83,303,117,186
050,13,185,"Georgia","Lowndes County",2,84,262,103,159
050,13,185,"Georgia","Lowndes County",2,85,1386,478,908
050,13,185,"Georgia","Lowndes County",3,0,1585,848,737
050,13,185,"Georgia","Lowndes County",3,1,1602,812,790
050,13,185,"Georgia","Lowndes County",3,2,1656,819,837
050,13,185,"Georgia","Lowndes County",3,3,1619,833,786
050,13,185,"Georgia","Lowndes County",3,4,1603,814,789
050,13,185,"Georgia","Lowndes County",3,5,1639,846,793
050,13,185,"Georgia","Lowndes County",3,6,1639,805,834
050,13,185,"Georgia","Lowndes County",3,7,1614,806,808
050,13,185,"Georgia","Lowndes County",3,8,1627,825,802
050,13,185,"Georgia","Lowndes County",3,9,1630,824,806
050,13,185,"Georgia","Lowndes County",3,10,1653,864,789
050,13,185,"Georgia","Lowndes County",3,11,1650,834,816
050,13,185,"Georgia","Lowndes County",3,12,1689,869,820
050,13,185,"Georgia","Lowndes County",3,13,1778,868,910
050,13,185,"Georgia","Lowndes County",3,14,1712,873,839
050,13,185,"Georgia","Lowndes County",3,15,1618,815,803
050,13,185,"Georgia","Lowndes County",3,16,1504,739,765
050,13,185,"Georgia","Lowndes County",3,17,1543,771,772
050,13,185,"Georgia","Lowndes County",3,18,2062,951,1111
050,13,185,"Georgia","Lowndes County",3,19,2788,1330,1458
050,13,185,"Georgia","Lowndes County",3,20,2980,1487,1493
050,13,185,"Georgia","Lowndes County",3,21,3291,1511,1780
050,13,185,"Georgia","Lowndes County",3,22,2944,1516,1428
050,13,185,"Georgia","Lowndes County",3,23,2698,1273,1425
050,13,185,"Georgia","Lowndes County",3,24,2202,1103,1099
050,13,185,"Georgia","Lowndes County",3,25,1950,1018,932
050,13,185,"Georgia","Lowndes County",3,26,1893,942,951
050,13,185,"Georgia","Lowndes County",3,27,1735,899,836
050,13,185,"Georgia","Lowndes County",3,28,1755,928,827
050,13,185,"Georgia","Lowndes County",3,29,1799,895,904
050,13,185,"Georgia","Lowndes County",3,30,1692,832,860
050,13,185,"Georgia","Lowndes County",3,31,1735,856,879
050,13,185,"Georgia","Lowndes County",3,32,1680,777,903
050,13,185,"Georgia","Lowndes County",3,33,1567,752,815
050,13,185,"Georgia","Lowndes County",3,34,1515,750,765
050,13,185,"Georgia","Lowndes County",3,35,1547,782,765
050,13,185,"Georgia","Lowndes County",3,36,1628,786,842
050,13,185,"Georgia","Lowndes County",3,37,1472,721,751
050,13,185,"Georgia","Lowndes County",3,38,1461,728,733
050,13,185,"Georgia","Lowndes County",3,39,1475,710,765
050,13,185,"Georgia","Lowndes County",3,40,1400,665,735
050,13,185,"Georgia","Lowndes County",3,41,1347,646,701
050,13,185,"Georgia","Lowndes County",3,42,1273,612,661
050,13,185,"Georgia","Lowndes County",3,43,1244,571,673
050,13,185,"Georgia","Lowndes County",3,44,1258,595,663
050,13,185,"Georgia","Lowndes County",3,45,1143,552,591
050,13,185,"Georgia","Lowndes County",3,46,1180,551,629
050,13,185,"Georgia","Lowndes County",3,47,1142,540,602
050,13,185,"Georgia","Lowndes County",3,48,1166,537,629
050,13,185,"Georgia","Lowndes County",3,49,1240,577,663
050,13,185,"Georgia","Lowndes County",3,50,1259,602,657
050,13,185,"Georgia","Lowndes County",3,51,1220,586,634
050,13,185,"Georgia","Lowndes County",3,52,1170,550,620
050,13,185,"Georgia","Lowndes County",3,53,1134,516,618
050,13,185,"Georgia","Lowndes County",3,54,1150,563,587
050,13,185,"Georgia","Lowndes County",3,55,1172,569,603
050,13,185,"Georgia","Lowndes County",3,56,1247,593,654
050,13,185,"Georgia","Lowndes County",3,57,1248,587,661
050,13,185,"Georgia","Lowndes County",3,58,1244,595,649
050,13,185,"Georgia","Lowndes County",3,59,1311,650,661
050,13,185,"Georgia","Lowndes County",3,60,1246,596,650
050,13,185,"Georgia","Lowndes County",3,61,1231,567,664
050,13,185,"Georgia","Lowndes County",3,62,1175,548,627
050,13,185,"Georgia","Lowndes County",3,63,1144,539,605
050,13,185,"Georgia","Lowndes County",3,64,1131,533,598
050,13,185,"Georgia","Lowndes County",3,65,1061,485,576
050,13,185,"Georgia","Lowndes County",3,66,1032,469,563
050,13,185,"Georgia","Lowndes County",3,67,1001,442,559
050,13,185,"Georgia","Lowndes County",3,68,1003,446,557
050,13,185,"Georgia","Lowndes County",3,69,969,439,530
050,13,185,"Georgia","Lowndes County",3,70,912,410,502
050,13,185,"Georgia","Lowndes County",3,71,905,415,490
050,13,185,"Georgia","Lowndes County",3,72,860,387,473
050,13,185,"Georgia","Lowndes County",3,73,813,359,454
050,13,185,"Georgia","Lowndes County",3,74,858,381,477
050,13,185,"Georgia","Lowndes County",3,75,587,243,344
050,13,185,"Georgia","Lowndes County",3,76,546,223,323
050,13,185,"Georgia","Lowndes County",3,77,544,231,313
050,13,185,"Georgia","Lowndes County",3,78,542,219,323
050,13,185,"Georgia","Lowndes County",3,79,451,180,271
050,13,185,"Georgia","Lowndes County",3,80,419,169,250
050,13,185,"Georgia","Lowndes County",3,81,372,152,220
050,13,185,"Georgia","Lowndes County",3,82,352,139,213
050,13,185,"Georgia","Lowndes County",3,83,318,122,196
050,13,185,"Georgia","Lowndes County",3,84,277,105,172
050,13,185,"Georgia","Lowndes County",3,85,1389,492,897
050,13,185,"Georgia","Lowndes County",4,0,1559,819,740
050,13,185,"Georgia","Lowndes County",4,1,1615,866,749
050,13,185,"Georgia","Lowndes County",4,2,1609,805,804
050,13,185,"Georgia","Lowndes County",4,3,1667,825,842
050,13,185,"Georgia","Lowndes County",4,4,1613,819,794
050,13,185,"Georgia","Lowndes County",4,5,1603,824,779
050,13,185,"Georgia","Lowndes County",4,6,1672,857,815
050,13,185,"Georgia","Lowndes County",4,7,1638,824,814
050,13,185,"Georgia","Lowndes County",4,8,1620,827,793
050,13,185,"Georgia","Lowndes County",4,9,1628,807,821
050,13,185,"Georgia","Lowndes County",4,10,1651,812,839
050,13,185,"Georgia","Lowndes County",4,11,1651,874,777
050,13,185,"Georgia","Lowndes County",4,12,1640,841,799
050,13,185,"Georgia","Lowndes County",4,13,1698,872,826
050,13,185,"Georgia","Lowndes County",4,14,1777,871,906
050,13,185,"Georgia","Lowndes County",4,15,1695,864,831
050,13,185,"Georgia","Lowndes County",4,16,1644,827,817
050,13,185,"Georgia","Lowndes County",4,17,1537,752,785
050,13,185,"Georgia","Lowndes County",4,18,2024,949,1075
050,13,185,"Georgia","Lowndes County",4,19,2651,1254,1397
050,13,185,"Georgia","Lowndes County",4,20,2850,1383,1467
050,13,185,"Georgia","Lowndes County",4,21,3222,1455,1767
050,13,185,"Georgia","Lowndes County",4,22,2947,1505,1442
050,13,185,"Georgia","Lowndes County",4,23,2689,1251,1438
050,13,185,"Georgia","Lowndes County",4,24,2224,1100,1124
050,13,185,"Georgia","Lowndes County",4,25,1977,1022,955
050,13,185,"Georgia","Lowndes County",4,26,1791,907,884
050,13,185,"Georgia","Lowndes County",4,27,1745,899,846
050,13,185,"Georgia","Lowndes County",4,28,1717,891,826
050,13,185,"Georgia","Lowndes County",4,29,1714,897,817
050,13,185,"Georgia","Lowndes County",4,30,1762,867,895
050,13,185,"Georgia","Lowndes County",4,31,1682,831,851
050,13,185,"Georgia","Lowndes County",4,32,1758,853,905
050,13,185,"Georgia","Lowndes County",4,33,1662,772,890
050,13,185,"Georgia","Lowndes County",4,34,1562,755,807
050,13,185,"Georgia","Lowndes County",4,35,1512,755,757
050,13,185,"Georgia","Lowndes County",4,36,1519,777,742
050,13,185,"Georgia","Lowndes County",4,37,1594,776,818
050,13,185,"Georgia","Lowndes County",4,38,1473,708,765
050,13,185,"Georgia","Lowndes County",4,39,1481,721,760
050,13,185,"Georgia","Lowndes County",4,40,1459,702,757
050,13,185,"Georgia","Lowndes County",4,41,1414,677,737
050,13,185,"Georgia","Lowndes County",4,42,1350,648,702
050,13,185,"Georgia","Lowndes County",4,43,1250,590,660
050,13,185,"Georgia","Lowndes County",4,44,1268,593,675
050,13,185,"Georgia","Lowndes County",4,45,1224,582,642
050,13,185,"Georgia","Lowndes County",4,46,1157,554,603
050,13,185,"Georgia","Lowndes County",4,47,1164,548,616
050,13,185,"Georgia","Lowndes County",4,48,1157,543,614
050,13,185,"Georgia","Lowndes County",4,49,1174,533,641
050,13,185,"Georgia","Lowndes County",4,50,1249,568,681
050,13,185,"Georgia","Lowndes County",4,51,1259,598,661
050,13,185,"Georgia","Lowndes County",4,52,1214,584,630
050,13,185,"Georgia","Lowndes County",4,53,1156,544,612
050,13,185,"Georgia","Lowndes County",4,54,1126,515,611
050,13,185,"Georgia","Lowndes County",4,55,1152,563,589
050,13,185,"Georgia","Lowndes County",4,56,1182,572,610
050,13,185,"Georgia","Lowndes County",4,57,1231,581,650
050,13,185,"Georgia","Lowndes County",4,58,1265,597,668
050,13,185,"Georgia","Lowndes County",4,59,1247,599,648
050,13,185,"Georgia","Lowndes County",4,60,1273,633,640
050,13,185,"Georgia","Lowndes County",4,61,1211,581,630
050,13,185,"Georgia","Lowndes County",4,62,1226,564,662
050,13,185,"Georgia","Lowndes County",4,63,1168,546,622
050,13,185,"Georgia","Lowndes County",4,64,1140,529,611
050,13,185,"Georgia","Lowndes County",4,65,1128,541,587
050,13,185,"Georgia","Lowndes County",4,66,1062,491,571
050,13,185,"Georgia","Lowndes County",4,67,1017,452,565
050,13,185,"Georgia","Lowndes County",4,68,1010,444,566
050,13,185,"Georgia","Lowndes County",4,69,986,427,559
050,13,185,"Georgia","Lowndes County",4,70,962,440,522
050,13,185,"Georgia","Lowndes County",4,71,894,406,488
050,13,185,"Georgia","Lowndes County",4,72,885,398,487
050,13,185,"Georgia","Lowndes County",4,73,850,382,468
050,13,185,"Georgia","Lowndes County",4,74,799,351,448
050,13,185,"Georgia","Lowndes County",4,75,828,372,456
050,13,185,"Georgia","Lowndes County",4,76,571,236,335
050,13,185,"Georgia","Lowndes County",4,77,523,213,310
050,13,185,"Georgia","Lowndes County",4,78,520,218,302
050,13,185,"Georgia","Lowndes County",4,79,513,212,301
050,13,185,"Georgia","Lowndes County",4,80,423,162,261
050,13,185,"Georgia","Lowndes County",4,81,403,165,238
050,13,185,"Georgia","Lowndes County",4,82,350,147,203
050,13,185,"Georgia","Lowndes County",4,83,304,118,186
050,13,185,"Georgia","Lowndes County",4,84,293,113,180
050,13,185,"Georgia","Lowndes County",4,85,1389,493,896
050,13,185,"Georgia","Lowndes County",5,0,1601,846,755
050,13,185,"Georgia","Lowndes County",5,1,1549,825,724
050,13,185,"Georgia","Lowndes County",5,2,1616,873,743
050,13,185,"Georgia","Lowndes County",5,3,1613,800,813
050,13,185,"Georgia","Lowndes County",5,4,1651,826,825
050,13,185,"Georgia","Lowndes County",5,5,1602,825,777
050,13,185,"Georgia","Lowndes County",5,6,1628,849,779
050,13,185,"Georgia","Lowndes County",5,7,1695,883,812
050,13,185,"Georgia","Lowndes County",5,8,1654,859,795
050,13,185,"Georgia","Lowndes County",5,9,1639,808,831
050,13,185,"Georgia","Lowndes County",5,10,1626,817,809
050,13,185,"Georgia","Lowndes County",5,11,1645,811,834
050,13,185,"Georgia","Lowndes County",5,12,1650,880,770
050,13,185,"Georgia","Lowndes County",5,13,1639,843,796
050,13,185,"Georgia","Lowndes County",5,14,1739,899,840
050,13,185,"Georgia","Lowndes County",5,15,1757,856,901
050,13,185,"Georgia","Lowndes County",5,16,1688,842,846
050,13,185,"Georgia","Lowndes County",5,17,1656,823,833
050,13,185,"Georgia","Lowndes County",5,18,1885,881,1004
050,13,185,"Georgia","Lowndes County",5,19,2523,1209,1314
050,13,185,"Georgia","Lowndes County",5,20,2756,1371,1385
050,13,185,"Georgia","Lowndes County",5,21,3113,1402,1711
050,13,185,"Georgia","Lowndes County",5,22,2918,1492,1426
050,13,185,"Georgia","Lowndes County",5,23,2803,1293,1510
050,13,185,"Georgia","Lowndes County",5,24,2274,1132,1142
050,13,185,"Georgia","Lowndes County",5,25,1966,1014,952
050,13,185,"Georgia","Lowndes County",5,26,1795,896,899
050,13,185,"Georgia","Lowndes County",5,27,1667,862,805
050,13,185,"Georgia","Lowndes County",5,28,1667,843,824
050,13,185,"Georgia","Lowndes County",5,29,1716,881,835
050,13,185,"Georgia","Lowndes County",5,30,1696,879,817
050,13,185,"Georgia","Lowndes County",5,31,1732,852,880
050,13,185,"Georgia","Lowndes County",5,32,1731,869,862
050,13,185,"Georgia","Lowndes County",5,33,1787,880,907
050,13,185,"Georgia","Lowndes County",5,34,1653,767,886
050,13,185,"Georgia","Lowndes County",5,35,1561,750,811
050,13,185,"Georgia","Lowndes County",5,36,1534,756,778
050,13,185,"Georgia","Lowndes County",5,37,1535,771,764
050,13,185,"Georgia","Lowndes County",5,38,1586,778,808
050,13,185,"Georgia","Lowndes County",5,39,1533,743,790
050,13,185,"Georgia","Lowndes County",5,40,1446,684,762
050,13,185,"Georgia","Lowndes County",5,41,1482,711,771
050,13,185,"Georgia","Lowndes County",5,42,1397,665,732
050,13,185,"Georgia","Lowndes County",5,43,1358,633,725
050,13,185,"Georgia","Lowndes County",5,44,1306,629,677
050,13,185,"Georgia","Lowndes County",5,45,1251,582,669
050,13,185,"Georgia","Lowndes County",5,46,1236,580,656
050,13,185,"Georgia","Lowndes County",5,47,1168,565,603
050,13,185,"Georgia","Lowndes County",5,48,1170,547,623
050,13,185,"Georgia","Lowndes County",5,49,1179,560,619
050,13,185,"Georgia","Lowndes County",5,50,1188,556,632
050,13,185,"Georgia","Lowndes County",5,51,1261,579,682
050,13,185,"Georgia","Lowndes County",5,52,1264,603,661
050,13,185,"Georgia","Lowndes County",5,53,1203,566,637
050,13,185,"Georgia","Lowndes County",5,54,1167,546,621
050,13,185,"Georgia","Lowndes County",5,55,1147,516,631
050,13,185,"Georgia","Lowndes County",5,56,1185,589,596
050,13,185,"Georgia","Lowndes County",5,57,1195,574,621
050,13,185,"Georgia","Lowndes County",5,58,1241,584,657
050,13,185,"Georgia","Lowndes County",5,59,1268,606,662
050,13,185,"Georgia","Lowndes County",5,60,1276,615,661
050,13,185,"Georgia","Lowndes County",5,61,1247,626,621
050,13,185,"Georgia","Lowndes County",5,62,1232,589,643
050,13,185,"Georgia","Lowndes County",5,63,1239,568,671
050,13,185,"Georgia","Lowndes County",5,64,1157,536,621
050,13,185,"Georgia","Lowndes County",5,65,1136,523,613
050,13,185,"Georgia","Lowndes County",5,66,1133,540,593
050,13,185,"Georgia","Lowndes County",5,67,1066,486,580
050,13,185,"Georgia","Lowndes County",5,68,1049,470,579
050,13,185,"Georgia","Lowndes County",5,69,995,431,564
050,13,185,"Georgia","Lowndes County",5,70,983,430,553
050,13,185,"Georgia","Lowndes County",5,71,967,449,518
050,13,185,"Georgia","Lowndes County",5,72,889,402,487
050,13,185,"Georgia","Lowndes County",5,73,873,390,483
050,13,185,"Georgia","Lowndes County",5,74,842,378,464
050,13,185,"Georgia","Lowndes County",5,75,790,350,440
050,13,185,"Georgia","Lowndes County",5,76,799,355,444
050,13,185,"Georgia","Lowndes County",5,77,541,222,319
050,13,185,"Georgia","Lowndes County",5,78,503,203,300
050,13,185,"Georgia","Lowndes County",5,79,490,210,280
050,13,185,"Georgia","Lowndes County",5,80,498,206,292
050,13,185,"Georgia","Lowndes County",5,81,403,160,243
050,13,185,"Georgia","Lowndes County",5,82,384,156,228
050,13,185,"Georgia","Lowndes County",5,83,313,132,181
050,13,185,"Georgia","Lowndes County",5,84,282,109,173
050,13,185,"Georgia","Lowndes County",5,85,1434,510,924
050,13,187,"Georgia","Lumpkin County",1,0,271,136,135
050,13,187,"Georgia","Lumpkin County",1,1,263,134,129
050,13,187,"Georgia","Lumpkin County",1,2,270,131,139
050,13,187,"Georgia","Lumpkin County",1,3,308,163,145
050,13,187,"Georgia","Lumpkin County",1,4,301,151,150
050,13,187,"Georgia","Lumpkin County",1,5,281,136,145
050,13,187,"Georgia","Lumpkin County",1,6,301,159,142
050,13,187,"Georgia","Lumpkin County",1,7,300,143,157
050,13,187,"Georgia","Lumpkin County",1,8,321,158,163
050,13,187,"Georgia","Lumpkin County",1,9,319,161,158
050,13,187,"Georgia","Lumpkin County",1,10,292,155,137
050,13,187,"Georgia","Lumpkin County",1,11,323,167,156
050,13,187,"Georgia","Lumpkin County",1,12,350,176,174
050,13,187,"Georgia","Lumpkin County",1,13,368,193,175
050,13,187,"Georgia","Lumpkin County",1,14,342,176,166
050,13,187,"Georgia","Lumpkin County",1,15,328,156,172
050,13,187,"Georgia","Lumpkin County",1,16,343,184,159
050,13,187,"Georgia","Lumpkin County",1,17,344,180,164
050,13,187,"Georgia","Lumpkin County",1,18,953,457,496
050,13,187,"Georgia","Lumpkin County",1,19,1823,856,967
050,13,187,"Georgia","Lumpkin County",1,20,1346,696,650
050,13,187,"Georgia","Lumpkin County",1,21,1098,581,517
050,13,187,"Georgia","Lumpkin County",1,22,908,519,389
050,13,187,"Georgia","Lumpkin County",1,23,579,301,278
050,13,187,"Georgia","Lumpkin County",1,24,430,232,198
050,13,187,"Georgia","Lumpkin County",1,25,448,216,232
050,13,187,"Georgia","Lumpkin County",1,26,400,210,190
050,13,187,"Georgia","Lumpkin County",1,27,361,186,175
050,13,187,"Georgia","Lumpkin County",1,28,348,173,175
050,13,187,"Georgia","Lumpkin County",1,29,366,198,168
050,13,187,"Georgia","Lumpkin County",1,30,380,199,181
050,13,187,"Georgia","Lumpkin County",1,31,315,157,158
050,13,187,"Georgia","Lumpkin County",1,32,336,165,171
050,13,187,"Georgia","Lumpkin County",1,33,345,175,170
050,13,187,"Georgia","Lumpkin County",1,34,311,145,166
050,13,187,"Georgia","Lumpkin County",1,35,314,153,161
050,13,187,"Georgia","Lumpkin County",1,36,334,167,167
050,13,187,"Georgia","Lumpkin County",1,37,333,170,163
050,13,187,"Georgia","Lumpkin County",1,38,327,176,151
050,13,187,"Georgia","Lumpkin County",1,39,333,167,166
050,13,187,"Georgia","Lumpkin County",1,40,340,172,168
050,13,187,"Georgia","Lumpkin County",1,41,349,176,173
050,13,187,"Georgia","Lumpkin County",1,42,304,144,160
050,13,187,"Georgia","Lumpkin County",1,43,325,156,169
050,13,187,"Georgia","Lumpkin County",1,44,305,161,144
050,13,187,"Georgia","Lumpkin County",1,45,330,165,165
050,13,187,"Georgia","Lumpkin County",1,46,351,165,186
050,13,187,"Georgia","Lumpkin County",1,47,357,177,180
050,13,187,"Georgia","Lumpkin County",1,48,385,192,193
050,13,187,"Georgia","Lumpkin County",1,49,366,184,182
050,13,187,"Georgia","Lumpkin County",1,50,395,188,207
050,13,187,"Georgia","Lumpkin County",1,51,372,173,199
050,13,187,"Georgia","Lumpkin County",1,52,350,184,166
050,13,187,"Georgia","Lumpkin County",1,53,368,192,176
050,13,187,"Georgia","Lumpkin County",1,54,372,192,180
050,13,187,"Georgia","Lumpkin County",1,55,397,206,191
050,13,187,"Georgia","Lumpkin County",1,56,412,212,200
050,13,187,"Georgia","Lumpkin County",1,57,411,204,207
050,13,187,"Georgia","Lumpkin County",1,58,415,205,210
050,13,187,"Georgia","Lumpkin County",1,59,453,216,237
050,13,187,"Georgia","Lumpkin County",1,60,459,213,246
050,13,187,"Georgia","Lumpkin County",1,61,463,222,241
050,13,187,"Georgia","Lumpkin County",1,62,443,206,237
050,13,187,"Georgia","Lumpkin County",1,63,453,207,246
050,13,187,"Georgia","Lumpkin County",1,64,445,218,227
050,13,187,"Georgia","Lumpkin County",1,65,408,206,202
050,13,187,"Georgia","Lumpkin County",1,66,415,189,226
050,13,187,"Georgia","Lumpkin County",1,67,419,199,220
050,13,187,"Georgia","Lumpkin County",1,68,409,199,210
050,13,187,"Georgia","Lumpkin County",1,69,340,170,170
050,13,187,"Georgia","Lumpkin County",1,70,333,163,170
050,13,187,"Georgia","Lumpkin County",1,71,325,155,170
050,13,187,"Georgia","Lumpkin County",1,72,366,178,188
050,13,187,"Georgia","Lumpkin County",1,73,373,183,190
050,13,187,"Georgia","Lumpkin County",1,74,269,126,143
050,13,187,"Georgia","Lumpkin County",1,75,240,107,133
050,13,187,"Georgia","Lumpkin County",1,76,249,122,127
050,13,187,"Georgia","Lumpkin County",1,77,256,131,125
050,13,187,"Georgia","Lumpkin County",1,78,186,79,107
050,13,187,"Georgia","Lumpkin County",1,79,186,97,89
050,13,187,"Georgia","Lumpkin County",1,80,160,85,75
050,13,187,"Georgia","Lumpkin County",1,81,136,61,75
050,13,187,"Georgia","Lumpkin County",1,82,120,46,74
050,13,187,"Georgia","Lumpkin County",1,83,104,46,58
050,13,187,"Georgia","Lumpkin County",1,84,95,36,59
050,13,187,"Georgia","Lumpkin County",1,85,466,175,291
050,13,187,"Georgia","Lumpkin County",2,0,276,147,129
050,13,187,"Georgia","Lumpkin County",2,1,264,133,131
050,13,187,"Georgia","Lumpkin County",2,2,271,134,137
050,13,187,"Georgia","Lumpkin County",2,3,299,154,145
050,13,187,"Georgia","Lumpkin County",2,4,303,152,151
050,13,187,"Georgia","Lumpkin County",2,5,288,140,148
050,13,187,"Georgia","Lumpkin County",2,6,299,155,144
050,13,187,"Georgia","Lumpkin County",2,7,304,149,155
050,13,187,"Georgia","Lumpkin County",2,8,316,152,164
050,13,187,"Georgia","Lumpkin County",2,9,319,159,160
050,13,187,"Georgia","Lumpkin County",2,10,297,155,142
050,13,187,"Georgia","Lumpkin County",2,11,314,162,152
050,13,187,"Georgia","Lumpkin County",2,12,347,175,172
050,13,187,"Georgia","Lumpkin County",2,13,365,189,176
050,13,187,"Georgia","Lumpkin County",2,14,350,180,170
050,13,187,"Georgia","Lumpkin County",2,15,333,162,171
050,13,187,"Georgia","Lumpkin County",2,16,341,179,162
050,13,187,"Georgia","Lumpkin County",2,17,348,182,166
050,13,187,"Georgia","Lumpkin County",2,18,957,460,497
050,13,187,"Georgia","Lumpkin County",2,19,1824,856,968
050,13,187,"Georgia","Lumpkin County",2,20,1352,699,653
050,13,187,"Georgia","Lumpkin County",2,21,1110,588,522
050,13,187,"Georgia","Lumpkin County",2,22,899,514,385
050,13,187,"Georgia","Lumpkin County",2,23,577,299,278
050,13,187,"Georgia","Lumpkin County",2,24,437,233,204
050,13,187,"Georgia","Lumpkin County",2,25,443,217,226
050,13,187,"Georgia","Lumpkin County",2,26,409,214,195
050,13,187,"Georgia","Lumpkin County",2,27,368,191,177
050,13,187,"Georgia","Lumpkin County",2,28,355,180,175
050,13,187,"Georgia","Lumpkin County",2,29,361,192,169
050,13,187,"Georgia","Lumpkin County",2,30,378,199,179
050,13,187,"Georgia","Lumpkin County",2,31,331,166,165
050,13,187,"Georgia","Lumpkin County",2,32,331,162,169
050,13,187,"Georgia","Lumpkin County",2,33,343,172,171
050,13,187,"Georgia","Lumpkin County",2,34,319,150,169
050,13,187,"Georgia","Lumpkin County",2,35,317,154,163
050,13,187,"Georgia","Lumpkin County",2,36,329,164,165
050,13,187,"Georgia","Lumpkin County",2,37,337,169,168
050,13,187,"Georgia","Lumpkin County",2,38,335,179,156
050,13,187,"Georgia","Lumpkin County",2,39,335,171,164
050,13,187,"Georgia","Lumpkin County",2,40,343,174,169
050,13,187,"Georgia","Lumpkin County",2,41,346,176,170
050,13,187,"Georgia","Lumpkin County",2,42,314,152,162
050,13,187,"Georgia","Lumpkin County",2,43,325,156,169
050,13,187,"Georgia","Lumpkin County",2,44,309,159,150
050,13,187,"Georgia","Lumpkin County",2,45,323,163,160
050,13,187,"Georgia","Lumpkin County",2,46,344,166,178
050,13,187,"Georgia","Lumpkin County",2,47,356,174,182
050,13,187,"Georgia","Lumpkin County",2,48,381,190,191
050,13,187,"Georgia","Lumpkin County",2,49,376,188,188
050,13,187,"Georgia","Lumpkin County",2,50,394,189,205
050,13,187,"Georgia","Lumpkin County",2,51,376,174,202
050,13,187,"Georgia","Lumpkin County",2,52,355,183,172
050,13,187,"Georgia","Lumpkin County",2,53,371,194,177
050,13,187,"Georgia","Lumpkin County",2,54,374,194,180
050,13,187,"Georgia","Lumpkin County",2,55,392,204,188
050,13,187,"Georgia","Lumpkin County",2,56,410,211,199
050,13,187,"Georgia","Lumpkin County",2,57,413,207,206
050,13,187,"Georgia","Lumpkin County",2,58,409,199,210
050,13,187,"Georgia","Lumpkin County",2,59,446,215,231
050,13,187,"Georgia","Lumpkin County",2,60,462,217,245
050,13,187,"Georgia","Lumpkin County",2,61,461,219,242
050,13,187,"Georgia","Lumpkin County",2,62,449,210,239
050,13,187,"Georgia","Lumpkin County",2,63,458,209,249
050,13,187,"Georgia","Lumpkin County",2,64,440,213,227
050,13,187,"Georgia","Lumpkin County",2,65,418,208,210
050,13,187,"Georgia","Lumpkin County",2,66,419,196,223
050,13,187,"Georgia","Lumpkin County",2,67,417,196,221
050,13,187,"Georgia","Lumpkin County",2,68,408,198,210
050,13,187,"Georgia","Lumpkin County",2,69,359,180,179
050,13,187,"Georgia","Lumpkin County",2,70,335,164,171
050,13,187,"Georgia","Lumpkin County",2,71,327,156,171
050,13,187,"Georgia","Lumpkin County",2,72,349,170,179
050,13,187,"Georgia","Lumpkin County",2,73,385,190,195
050,13,187,"Georgia","Lumpkin County",2,74,276,131,145
050,13,187,"Georgia","Lumpkin County",2,75,249,113,136
050,13,187,"Georgia","Lumpkin County",2,76,244,115,129
050,13,187,"Georgia","Lumpkin County",2,77,259,133,126
050,13,187,"Georgia","Lumpkin County",2,78,194,85,109
050,13,187,"Georgia","Lumpkin County",2,79,186,92,94
050,13,187,"Georgia","Lumpkin County",2,80,165,88,77
050,13,187,"Georgia","Lumpkin County",2,81,141,65,76
050,13,187,"Georgia","Lumpkin County",2,82,122,49,73
050,13,187,"Georgia","Lumpkin County",2,83,107,45,62
050,13,187,"Georgia","Lumpkin County",2,84,94,37,57
050,13,187,"Georgia","Lumpkin County",2,85,479,181,298
050,13,187,"Georgia","Lumpkin County",3,0,281,150,131
050,13,187,"Georgia","Lumpkin County",3,1,301,156,145
050,13,187,"Georgia","Lumpkin County",3,2,270,139,131
050,13,187,"Georgia","Lumpkin County",3,3,296,142,154
050,13,187,"Georgia","Lumpkin County",3,4,307,153,154
050,13,187,"Georgia","Lumpkin County",3,5,310,149,161
050,13,187,"Georgia","Lumpkin County",3,6,290,146,144
050,13,187,"Georgia","Lumpkin County",3,7,315,165,150
050,13,187,"Georgia","Lumpkin County",3,8,302,154,148
050,13,187,"Georgia","Lumpkin County",3,9,329,155,174
050,13,187,"Georgia","Lumpkin County",3,10,319,162,157
050,13,187,"Georgia","Lumpkin County",3,11,291,157,134
050,13,187,"Georgia","Lumpkin County",3,12,317,158,159
050,13,187,"Georgia","Lumpkin County",3,13,335,172,163
050,13,187,"Georgia","Lumpkin County",3,14,366,193,173
050,13,187,"Georgia","Lumpkin County",3,15,373,195,178
050,13,187,"Georgia","Lumpkin County",3,16,332,162,170
050,13,187,"Georgia","Lumpkin County",3,17,370,187,183
050,13,187,"Georgia","Lumpkin County",3,18,744,378,366
050,13,187,"Georgia","Lumpkin County",3,19,1275,597,678
050,13,187,"Georgia","Lumpkin County",3,20,1041,528,513
050,13,187,"Georgia","Lumpkin County",3,21,991,509,482
050,13,187,"Georgia","Lumpkin County",3,22,820,464,356
050,13,187,"Georgia","Lumpkin County",3,23,563,299,264
050,13,187,"Georgia","Lumpkin County",3,24,440,232,208
050,13,187,"Georgia","Lumpkin County",3,25,419,199,220
050,13,187,"Georgia","Lumpkin County",3,26,403,194,209
050,13,187,"Georgia","Lumpkin County",3,27,366,183,183
050,13,187,"Georgia","Lumpkin County",3,28,375,192,183
050,13,187,"Georgia","Lumpkin County",3,29,366,192,174
050,13,187,"Georgia","Lumpkin County",3,30,354,177,177
050,13,187,"Georgia","Lumpkin County",3,31,370,195,175
050,13,187,"Georgia","Lumpkin County",3,32,347,179,168
050,13,187,"Georgia","Lumpkin County",3,33,336,167,169
050,13,187,"Georgia","Lumpkin County",3,34,363,184,179
050,13,187,"Georgia","Lumpkin County",3,35,350,168,182
050,13,187,"Georgia","Lumpkin County",3,36,325,157,168
050,13,187,"Georgia","Lumpkin County",3,37,324,161,163
050,13,187,"Georgia","Lumpkin County",3,38,334,169,165
050,13,187,"Georgia","Lumpkin County",3,39,350,198,152
050,13,187,"Georgia","Lumpkin County",3,40,350,178,172
050,13,187,"Georgia","Lumpkin County",3,41,346,167,179
050,13,187,"Georgia","Lumpkin County",3,42,349,170,179
050,13,187,"Georgia","Lumpkin County",3,43,316,150,166
050,13,187,"Georgia","Lumpkin County",3,44,345,164,181
050,13,187,"Georgia","Lumpkin County",3,45,303,163,140
050,13,187,"Georgia","Lumpkin County",3,46,328,165,163
050,13,187,"Georgia","Lumpkin County",3,47,359,172,187
050,13,187,"Georgia","Lumpkin County",3,48,361,178,183
050,13,187,"Georgia","Lumpkin County",3,49,390,193,197
050,13,187,"Georgia","Lumpkin County",3,50,383,188,195
050,13,187,"Georgia","Lumpkin County",3,51,404,195,209
050,13,187,"Georgia","Lumpkin County",3,52,391,176,215
050,13,187,"Georgia","Lumpkin County",3,53,366,192,174
050,13,187,"Georgia","Lumpkin County",3,54,381,195,186
050,13,187,"Georgia","Lumpkin County",3,55,388,199,189
050,13,187,"Georgia","Lumpkin County",3,56,402,205,197
050,13,187,"Georgia","Lumpkin County",3,57,430,217,213
050,13,187,"Georgia","Lumpkin County",3,58,419,212,207
050,13,187,"Georgia","Lumpkin County",3,59,430,212,218
050,13,187,"Georgia","Lumpkin County",3,60,458,226,232
050,13,187,"Georgia","Lumpkin County",3,61,466,211,255
050,13,187,"Georgia","Lumpkin County",3,62,452,216,236
050,13,187,"Georgia","Lumpkin County",3,63,463,218,245
050,13,187,"Georgia","Lumpkin County",3,64,465,214,251
050,13,187,"Georgia","Lumpkin County",3,65,445,213,232
050,13,187,"Georgia","Lumpkin County",3,66,421,209,212
050,13,187,"Georgia","Lumpkin County",3,67,421,195,226
050,13,187,"Georgia","Lumpkin County",3,68,419,190,229
050,13,187,"Georgia","Lumpkin County",3,69,406,198,208
050,13,187,"Georgia","Lumpkin County",3,70,358,177,181
050,13,187,"Georgia","Lumpkin County",3,71,323,155,168
050,13,187,"Georgia","Lumpkin County",3,72,321,154,167
050,13,187,"Georgia","Lumpkin County",3,73,345,175,170
050,13,187,"Georgia","Lumpkin County",3,74,372,181,191
050,13,187,"Georgia","Lumpkin County",3,75,271,129,142
050,13,187,"Georgia","Lumpkin County",3,76,246,109,137
050,13,187,"Georgia","Lumpkin County",3,77,232,118,114
050,13,187,"Georgia","Lumpkin County",3,78,234,114,120
050,13,187,"Georgia","Lumpkin County",3,79,194,85,109
050,13,187,"Georgia","Lumpkin County",3,80,178,92,86
050,13,187,"Georgia","Lumpkin County",3,81,152,78,74
050,13,187,"Georgia","Lumpkin County",3,82,125,58,67
050,13,187,"Georgia","Lumpkin County",3,83,116,47,69
050,13,187,"Georgia","Lumpkin County",3,84,92,36,56
050,13,187,"Georgia","Lumpkin County",3,85,467,186,281
050,13,187,"Georgia","Lumpkin County",4,0,329,157,172
050,13,187,"Georgia","Lumpkin County",4,1,314,171,143
050,13,187,"Georgia","Lumpkin County",4,2,312,157,155
050,13,187,"Georgia","Lumpkin County",4,3,278,144,134
050,13,187,"Georgia","Lumpkin County",4,4,286,146,140
050,13,187,"Georgia","Lumpkin County",4,5,306,146,160
050,13,187,"Georgia","Lumpkin County",4,6,312,149,163
050,13,187,"Georgia","Lumpkin County",4,7,293,144,149
050,13,187,"Georgia","Lumpkin County",4,8,318,167,151
050,13,187,"Georgia","Lumpkin County",4,9,295,152,143
050,13,187,"Georgia","Lumpkin County",4,10,320,152,168
050,13,187,"Georgia","Lumpkin County",4,11,339,176,163
050,13,187,"Georgia","Lumpkin County",4,12,306,163,143
050,13,187,"Georgia","Lumpkin County",4,13,323,162,161
050,13,187,"Georgia","Lumpkin County",4,14,338,176,162
050,13,187,"Georgia","Lumpkin County",4,15,364,192,172
050,13,187,"Georgia","Lumpkin County",4,16,374,198,176
050,13,187,"Georgia","Lumpkin County",4,17,350,167,183
050,13,187,"Georgia","Lumpkin County",4,18,982,490,492
050,13,187,"Georgia","Lumpkin County",4,19,1790,842,948
050,13,187,"Georgia","Lumpkin County",4,20,1321,677,644
050,13,187,"Georgia","Lumpkin County",4,21,1129,587,542
050,13,187,"Georgia","Lumpkin County",4,22,952,544,408
050,13,187,"Georgia","Lumpkin County",4,23,603,327,276
050,13,187,"Georgia","Lumpkin County",4,24,444,238,206
050,13,187,"Georgia","Lumpkin County",4,25,446,226,220
050,13,187,"Georgia","Lumpkin County",4,26,378,190,188
050,13,187,"Georgia","Lumpkin County",4,27,393,194,199
050,13,187,"Georgia","Lumpkin County",4,28,382,186,196
050,13,187,"Georgia","Lumpkin County",4,29,374,194,180
050,13,187,"Georgia","Lumpkin County",4,30,374,188,186
050,13,187,"Georgia","Lumpkin County",4,31,352,170,182
050,13,187,"Georgia","Lumpkin County",4,32,391,204,187
050,13,187,"Georgia","Lumpkin County",4,33,344,176,168
050,13,187,"Georgia","Lumpkin County",4,34,348,168,180
050,13,187,"Georgia","Lumpkin County",4,35,383,196,187
050,13,187,"Georgia","Lumpkin County",4,36,357,173,184
050,13,187,"Georgia","Lumpkin County",4,37,343,163,180
050,13,187,"Georgia","Lumpkin County",4,38,339,170,169
050,13,187,"Georgia","Lumpkin County",4,39,351,175,176
050,13,187,"Georgia","Lumpkin County",4,40,351,193,158
050,13,187,"Georgia","Lumpkin County",4,41,353,182,171
050,13,187,"Georgia","Lumpkin County",4,42,360,178,182
050,13,187,"Georgia","Lumpkin County",4,43,344,166,178
050,13,187,"Georgia","Lumpkin County",4,44,327,155,172
050,13,187,"Georgia","Lumpkin County",4,45,347,166,181
050,13,187,"Georgia","Lumpkin County",4,46,303,169,134
050,13,187,"Georgia","Lumpkin County",4,47,336,161,175
050,13,187,"Georgia","Lumpkin County",4,48,368,176,192
050,13,187,"Georgia","Lumpkin County",4,49,381,185,196
050,13,187,"Georgia","Lumpkin County",4,50,399,195,204
050,13,187,"Georgia","Lumpkin County",4,51,382,192,190
050,13,187,"Georgia","Lumpkin County",4,52,397,185,212
050,13,187,"Georgia","Lumpkin County",4,53,412,191,221
050,13,187,"Georgia","Lumpkin County",4,54,368,193,175
050,13,187,"Georgia","Lumpkin County",4,55,391,202,189
050,13,187,"Georgia","Lumpkin County",4,56,389,196,193
050,13,187,"Georgia","Lumpkin County",4,57,409,210,199
050,13,187,"Georgia","Lumpkin County",4,58,439,216,223
050,13,187,"Georgia","Lumpkin County",4,59,430,216,214
050,13,187,"Georgia","Lumpkin County",4,60,435,218,217
050,13,187,"Georgia","Lumpkin County",4,61,481,238,243
050,13,187,"Georgia","Lumpkin County",4,62,476,217,259
050,13,187,"Georgia","Lumpkin County",4,63,457,216,241
050,13,187,"Georgia","Lumpkin County",4,64,465,221,244
050,13,187,"Georgia","Lumpkin County",4,65,487,222,265
050,13,187,"Georgia","Lumpkin County",4,66,450,218,232
050,13,187,"Georgia","Lumpkin County",4,67,422,218,204
050,13,187,"Georgia","Lumpkin County",4,68,414,192,222
050,13,187,"Georgia","Lumpkin County",4,69,417,187,230
050,13,187,"Georgia","Lumpkin County",4,70,406,194,212
050,13,187,"Georgia","Lumpkin County",4,71,343,166,177
050,13,187,"Georgia","Lumpkin County",4,72,314,156,158
050,13,187,"Georgia","Lumpkin County",4,73,319,153,166
050,13,187,"Georgia","Lumpkin County",4,74,342,170,172
050,13,187,"Georgia","Lumpkin County",4,75,363,179,184
050,13,187,"Georgia","Lumpkin County",4,76,254,117,137
050,13,187,"Georgia","Lumpkin County",4,77,216,101,115
050,13,187,"Georgia","Lumpkin County",4,78,207,100,107
050,13,187,"Georgia","Lumpkin County",4,79,224,110,114
050,13,187,"Georgia","Lumpkin County",4,80,179,81,98
050,13,187,"Georgia","Lumpkin County",4,81,163,82,81
050,13,187,"Georgia","Lumpkin County",4,82,143,74,69
050,13,187,"Georgia","Lumpkin County",4,83,121,53,68
050,13,187,"Georgia","Lumpkin County",4,84,103,40,63
050,13,187,"Georgia","Lumpkin County",4,85,486,194,292
050,13,187,"Georgia","Lumpkin County",5,0,321,153,168
050,13,187,"Georgia","Lumpkin County",5,1,317,167,150
050,13,187,"Georgia","Lumpkin County",5,2,328,180,148
050,13,187,"Georgia","Lumpkin County",5,3,322,169,153
050,13,187,"Georgia","Lumpkin County",5,4,289,153,136
050,13,187,"Georgia","Lumpkin County",5,5,287,144,143
050,13,187,"Georgia","Lumpkin County",5,6,318,146,172
050,13,187,"Georgia","Lumpkin County",5,7,336,163,173
050,13,187,"Georgia","Lumpkin County",5,8,287,144,143
050,13,187,"Georgia","Lumpkin County",5,9,322,176,146
050,13,187,"Georgia","Lumpkin County",5,10,294,153,141
050,13,187,"Georgia","Lumpkin County",5,11,312,145,167
050,13,187,"Georgia","Lumpkin County",5,12,329,178,151
050,13,187,"Georgia","Lumpkin County",5,13,293,161,132
050,13,187,"Georgia","Lumpkin County",5,14,328,164,164
050,13,187,"Georgia","Lumpkin County",5,15,338,175,163
050,13,187,"Georgia","Lumpkin County",5,16,384,208,176
050,13,187,"Georgia","Lumpkin County",5,17,376,197,179
050,13,187,"Georgia","Lumpkin County",5,18,969,478,491
050,13,187,"Georgia","Lumpkin County",5,19,1822,870,952
050,13,187,"Georgia","Lumpkin County",5,20,1349,691,658
050,13,187,"Georgia","Lumpkin County",5,21,1133,591,542
050,13,187,"Georgia","Lumpkin County",5,22,933,539,394
050,13,187,"Georgia","Lumpkin County",5,23,616,310,306
050,13,187,"Georgia","Lumpkin County",5,24,477,261,216
050,13,187,"Georgia","Lumpkin County",5,25,447,227,220
050,13,187,"Georgia","Lumpkin County",5,26,405,203,202
050,13,187,"Georgia","Lumpkin County",5,27,364,187,177
050,13,187,"Georgia","Lumpkin County",5,28,423,209,214
050,13,187,"Georgia","Lumpkin County",5,29,385,186,199
050,13,187,"Georgia","Lumpkin County",5,30,385,192,193
050,13,187,"Georgia","Lumpkin County",5,31,396,199,197
050,13,187,"Georgia","Lumpkin County",5,32,374,184,190
050,13,187,"Georgia","Lumpkin County",5,33,396,213,183
050,13,187,"Georgia","Lumpkin County",5,34,358,174,184
050,13,187,"Georgia","Lumpkin County",5,35,341,165,176
050,13,187,"Georgia","Lumpkin County",5,36,386,199,187
050,13,187,"Georgia","Lumpkin County",5,37,357,168,189
050,13,187,"Georgia","Lumpkin County",5,38,338,171,167
050,13,187,"Georgia","Lumpkin County",5,39,326,160,166
050,13,187,"Georgia","Lumpkin County",5,40,348,173,175
050,13,187,"Georgia","Lumpkin County",5,41,349,193,156
050,13,187,"Georgia","Lumpkin County",5,42,354,176,178
050,13,187,"Georgia","Lumpkin County",5,43,358,175,183
050,13,187,"Georgia","Lumpkin County",5,44,349,165,184
050,13,187,"Georgia","Lumpkin County",5,45,331,158,173
050,13,187,"Georgia","Lumpkin County",5,46,352,166,186
050,13,187,"Georgia","Lumpkin County",5,47,302,176,126
050,13,187,"Georgia","Lumpkin County",5,48,352,163,189
050,13,187,"Georgia","Lumpkin County",5,49,371,174,197
050,13,187,"Georgia","Lumpkin County",5,50,396,194,202
050,13,187,"Georgia","Lumpkin County",5,51,399,188,211
050,13,187,"Georgia","Lumpkin County",5,52,388,193,195
050,13,187,"Georgia","Lumpkin County",5,53,413,197,216
050,13,187,"Georgia","Lumpkin County",5,54,408,193,215
050,13,187,"Georgia","Lumpkin County",5,55,376,192,184
050,13,187,"Georgia","Lumpkin County",5,56,397,205,192
050,13,187,"Georgia","Lumpkin County",5,57,399,200,199
050,13,187,"Georgia","Lumpkin County",5,58,415,216,199
050,13,187,"Georgia","Lumpkin County",5,59,467,231,236
050,13,187,"Georgia","Lumpkin County",5,60,449,223,226
050,13,187,"Georgia","Lumpkin County",5,61,442,220,222
050,13,187,"Georgia","Lumpkin County",5,62,487,241,246
050,13,187,"Georgia","Lumpkin County",5,63,465,210,255
050,13,187,"Georgia","Lumpkin County",5,64,468,228,240
050,13,187,"Georgia","Lumpkin County",5,65,474,226,248
050,13,187,"Georgia","Lumpkin County",5,66,500,219,281
050,13,187,"Georgia","Lumpkin County",5,67,453,216,237
050,13,187,"Georgia","Lumpkin County",5,68,427,218,209
050,13,187,"Georgia","Lumpkin County",5,69,411,188,223
050,13,187,"Georgia","Lumpkin County",5,70,420,188,232
050,13,187,"Georgia","Lumpkin County",5,71,396,182,214
050,13,187,"Georgia","Lumpkin County",5,72,344,171,173
050,13,187,"Georgia","Lumpkin County",5,73,312,155,157
050,13,187,"Georgia","Lumpkin County",5,74,318,150,168
050,13,187,"Georgia","Lumpkin County",5,75,334,170,164
050,13,187,"Georgia","Lumpkin County",5,76,350,172,178
050,13,187,"Georgia","Lumpkin County",5,77,242,117,125
050,13,187,"Georgia","Lumpkin County",5,78,202,87,115
050,13,187,"Georgia","Lumpkin County",5,79,199,96,103
050,13,187,"Georgia","Lumpkin County",5,80,208,105,103
050,13,187,"Georgia","Lumpkin County",5,81,169,73,96
050,13,187,"Georgia","Lumpkin County",5,82,159,81,78
050,13,187,"Georgia","Lumpkin County",5,83,137,65,72
050,13,187,"Georgia","Lumpkin County",5,84,105,43,62
050,13,187,"Georgia","Lumpkin County",5,85,502,211,291
050,13,189,"Georgia","McDuffie County",1,0,269,137,132
050,13,189,"Georgia","McDuffie County",1,1,254,126,128
050,13,189,"Georgia","McDuffie County",1,2,275,137,138
050,13,189,"Georgia","McDuffie County",1,3,287,135,152
050,13,189,"Georgia","McDuffie County",1,4,311,145,166
050,13,189,"Georgia","McDuffie County",1,5,264,140,124
050,13,189,"Georgia","McDuffie County",1,6,301,154,147
050,13,189,"Georgia","McDuffie County",1,7,319,169,150
050,13,189,"Georgia","McDuffie County",1,8,307,157,150
050,13,189,"Georgia","McDuffie County",1,9,336,182,154
050,13,189,"Georgia","McDuffie County",1,10,322,158,164
050,13,189,"Georgia","McDuffie County",1,11,337,162,175
050,13,189,"Georgia","McDuffie County",1,12,338,167,171
050,13,189,"Georgia","McDuffie County",1,13,332,169,163
050,13,189,"Georgia","McDuffie County",1,14,333,158,175
050,13,189,"Georgia","McDuffie County",1,15,317,158,159
050,13,189,"Georgia","McDuffie County",1,16,308,158,150
050,13,189,"Georgia","McDuffie County",1,17,276,136,140
050,13,189,"Georgia","McDuffie County",1,18,260,129,131
050,13,189,"Georgia","McDuffie County",1,19,230,111,119
050,13,189,"Georgia","McDuffie County",1,20,266,126,140
050,13,189,"Georgia","McDuffie County",1,21,269,128,141
050,13,189,"Georgia","McDuffie County",1,22,244,120,124
050,13,189,"Georgia","McDuffie County",1,23,230,113,117
050,13,189,"Georgia","McDuffie County",1,24,216,110,106
050,13,189,"Georgia","McDuffie County",1,25,225,113,112
050,13,189,"Georgia","McDuffie County",1,26,241,109,132
050,13,189,"Georgia","McDuffie County",1,27,261,118,143
050,13,189,"Georgia","McDuffie County",1,28,277,133,144
050,13,189,"Georgia","McDuffie County",1,29,270,124,146
050,13,189,"Georgia","McDuffie County",1,30,257,121,136
050,13,189,"Georgia","McDuffie County",1,31,249,118,131
050,13,189,"Georgia","McDuffie County",1,32,234,105,129
050,13,189,"Georgia","McDuffie County",1,33,252,108,144
050,13,189,"Georgia","McDuffie County",1,34,270,119,151
050,13,189,"Georgia","McDuffie County",1,35,252,123,129
050,13,189,"Georgia","McDuffie County",1,36,240,109,131
050,13,189,"Georgia","McDuffie County",1,37,213,97,116
050,13,189,"Georgia","McDuffie County",1,38,249,117,132
050,13,189,"Georgia","McDuffie County",1,39,242,113,129
050,13,189,"Georgia","McDuffie County",1,40,244,107,137
050,13,189,"Georgia","McDuffie County",1,41,244,108,136
050,13,189,"Georgia","McDuffie County",1,42,239,105,134
050,13,189,"Georgia","McDuffie County",1,43,227,102,125
050,13,189,"Georgia","McDuffie County",1,44,233,110,123
050,13,189,"Georgia","McDuffie County",1,45,209,97,112
050,13,189,"Georgia","McDuffie County",1,46,236,107,129
050,13,189,"Georgia","McDuffie County",1,47,273,137,136
050,13,189,"Georgia","McDuffie County",1,48,270,130,140
050,13,189,"Georgia","McDuffie County",1,49,272,136,136
050,13,189,"Georgia","McDuffie County",1,50,253,123,130
050,13,189,"Georgia","McDuffie County",1,51,266,110,156
050,13,189,"Georgia","McDuffie County",1,52,266,123,143
050,13,189,"Georgia","McDuffie County",1,53,242,123,119
050,13,189,"Georgia","McDuffie County",1,54,283,139,144
050,13,189,"Georgia","McDuffie County",1,55,308,147,161
050,13,189,"Georgia","McDuffie County",1,56,326,156,170
050,13,189,"Georgia","McDuffie County",1,57,296,146,150
050,13,189,"Georgia","McDuffie County",1,58,325,151,174
050,13,189,"Georgia","McDuffie County",1,59,298,137,161
050,13,189,"Georgia","McDuffie County",1,60,281,133,148
050,13,189,"Georgia","McDuffie County",1,61,302,153,149
050,13,189,"Georgia","McDuffie County",1,62,312,142,170
050,13,189,"Georgia","McDuffie County",1,63,293,131,162
050,13,189,"Georgia","McDuffie County",1,64,273,120,153
050,13,189,"Georgia","McDuffie County",1,65,285,123,162
050,13,189,"Georgia","McDuffie County",1,66,257,123,134
050,13,189,"Georgia","McDuffie County",1,67,252,109,143
050,13,189,"Georgia","McDuffie County",1,68,228,103,125
050,13,189,"Georgia","McDuffie County",1,69,234,98,136
050,13,189,"Georgia","McDuffie County",1,70,245,105,140
050,13,189,"Georgia","McDuffie County",1,71,236,108,128
050,13,189,"Georgia","McDuffie County",1,72,244,112,132
050,13,189,"Georgia","McDuffie County",1,73,234,117,117
050,13,189,"Georgia","McDuffie County",1,74,178,80,98
050,13,189,"Georgia","McDuffie County",1,75,183,87,96
050,13,189,"Georgia","McDuffie County",1,76,155,73,82
050,13,189,"Georgia","McDuffie County",1,77,161,60,101
050,13,189,"Georgia","McDuffie County",1,78,138,45,93
050,13,189,"Georgia","McDuffie County",1,79,121,48,73
050,13,189,"Georgia","McDuffie County",1,80,110,47,63
050,13,189,"Georgia","McDuffie County",1,81,97,29,68
050,13,189,"Georgia","McDuffie County",1,82,82,23,59
050,13,189,"Georgia","McDuffie County",1,83,76,27,49
050,13,189,"Georgia","McDuffie County",1,84,70,25,45
050,13,189,"Georgia","McDuffie County",1,85,338,111,227
050,13,189,"Georgia","McDuffie County",2,0,274,142,132
050,13,189,"Georgia","McDuffie County",2,1,253,126,127
050,13,189,"Georgia","McDuffie County",2,2,271,134,137
050,13,189,"Georgia","McDuffie County",2,3,282,135,147
050,13,189,"Georgia","McDuffie County",2,4,303,142,161
050,13,189,"Georgia","McDuffie County",2,5,275,141,134
050,13,189,"Georgia","McDuffie County",2,6,293,152,141
050,13,189,"Georgia","McDuffie County",2,7,315,165,150
050,13,189,"Georgia","McDuffie County",2,8,312,161,151
050,13,189,"Georgia","McDuffie County",2,9,327,174,153
050,13,189,"Georgia","McDuffie County",2,10,323,164,159
050,13,189,"Georgia","McDuffie County",2,11,335,163,172
050,13,189,"Georgia","McDuffie County",2,12,340,168,172
050,13,189,"Georgia","McDuffie County",2,13,333,169,164
050,13,189,"Georgia","McDuffie County",2,14,332,159,173
050,13,189,"Georgia","McDuffie County",2,15,320,158,162
050,13,189,"Georgia","McDuffie County",2,16,305,155,150
050,13,189,"Georgia","McDuffie County",2,17,280,140,140
050,13,189,"Georgia","McDuffie County",2,18,250,126,124
050,13,189,"Georgia","McDuffie County",2,19,228,110,118
050,13,189,"Georgia","McDuffie County",2,20,263,125,138
050,13,189,"Georgia","McDuffie County",2,21,267,127,140
050,13,189,"Georgia","McDuffie County",2,22,254,124,130
050,13,189,"Georgia","McDuffie County",2,23,234,115,119
050,13,189,"Georgia","McDuffie County",2,24,218,109,109
050,13,189,"Georgia","McDuffie County",2,25,222,112,110
050,13,189,"Georgia","McDuffie County",2,26,234,109,125
050,13,189,"Georgia","McDuffie County",2,27,253,115,138
050,13,189,"Georgia","McDuffie County",2,28,273,130,143
050,13,189,"Georgia","McDuffie County",2,29,272,127,145
050,13,189,"Georgia","McDuffie County",2,30,262,122,140
050,13,189,"Georgia","McDuffie County",2,31,248,117,131
050,13,189,"Georgia","McDuffie County",2,32,237,106,131
050,13,189,"Georgia","McDuffie County",2,33,246,104,142
050,13,189,"Georgia","McDuffie County",2,34,263,115,148
050,13,189,"Georgia","McDuffie County",2,35,258,122,136
050,13,189,"Georgia","McDuffie County",2,36,241,110,131
050,13,189,"Georgia","McDuffie County",2,37,223,103,120
050,13,189,"Georgia","McDuffie County",2,38,241,112,129
050,13,189,"Georgia","McDuffie County",2,39,244,113,131
050,13,189,"Georgia","McDuffie County",2,40,247,109,138
050,13,189,"Georgia","McDuffie County",2,41,243,108,135
050,13,189,"Georgia","McDuffie County",2,42,238,104,134
050,13,189,"Georgia","McDuffie County",2,43,233,104,129
050,13,189,"Georgia","McDuffie County",2,44,231,108,123
050,13,189,"Georgia","McDuffie County",2,45,216,101,115
050,13,189,"Georgia","McDuffie County",2,46,228,104,124
050,13,189,"Georgia","McDuffie County",2,47,264,130,134
050,13,189,"Georgia","McDuffie County",2,48,271,131,140
050,13,189,"Georgia","McDuffie County",2,49,272,135,137
050,13,189,"Georgia","McDuffie County",2,50,258,126,132
050,13,189,"Georgia","McDuffie County",2,51,260,112,148
050,13,189,"Georgia","McDuffie County",2,52,265,118,147
050,13,189,"Georgia","McDuffie County",2,53,247,122,125
050,13,189,"Georgia","McDuffie County",2,54,274,136,138
050,13,189,"Georgia","McDuffie County",2,55,302,144,158
050,13,189,"Georgia","McDuffie County",2,56,324,155,169
050,13,189,"Georgia","McDuffie County",2,57,303,147,156
050,13,189,"Georgia","McDuffie County",2,58,314,148,166
050,13,189,"Georgia","McDuffie County",2,59,305,141,164
050,13,189,"Georgia","McDuffie County",2,60,286,134,152
050,13,189,"Georgia","McDuffie County",2,61,296,147,149
050,13,189,"Georgia","McDuffie County",2,62,306,143,163
050,13,189,"Georgia","McDuffie County",2,63,298,134,164
050,13,189,"Georgia","McDuffie County",2,64,275,119,156
050,13,189,"Georgia","McDuffie County",2,65,284,123,161
050,13,189,"Georgia","McDuffie County",2,66,263,122,141
050,13,189,"Georgia","McDuffie County",2,67,253,112,141
050,13,189,"Georgia","McDuffie County",2,68,229,102,127
050,13,189,"Georgia","McDuffie County",2,69,236,101,135
050,13,189,"Georgia","McDuffie County",2,70,242,104,138
050,13,189,"Georgia","McDuffie County",2,71,236,105,131
050,13,189,"Georgia","McDuffie County",2,72,237,107,130
050,13,189,"Georgia","McDuffie County",2,73,244,120,124
050,13,189,"Georgia","McDuffie County",2,74,180,83,97
050,13,189,"Georgia","McDuffie County",2,75,182,86,96
050,13,189,"Georgia","McDuffie County",2,76,158,74,84
050,13,189,"Georgia","McDuffie County",2,77,161,65,96
050,13,189,"Georgia","McDuffie County",2,78,139,47,92
050,13,189,"Georgia","McDuffie County",2,79,123,47,76
050,13,189,"Georgia","McDuffie County",2,80,112,46,66
050,13,189,"Georgia","McDuffie County",2,81,96,32,64
050,13,189,"Georgia","McDuffie County",2,82,86,25,61
050,13,189,"Georgia","McDuffie County",2,83,76,26,50
050,13,189,"Georgia","McDuffie County",2,84,69,25,44
050,13,189,"Georgia","McDuffie County",2,85,341,107,234
050,13,189,"Georgia","McDuffie County",3,0,235,113,122
050,13,189,"Georgia","McDuffie County",3,1,278,158,120
050,13,189,"Georgia","McDuffie County",3,2,277,144,133
050,13,189,"Georgia","McDuffie County",3,3,289,143,146
050,13,189,"Georgia","McDuffie County",3,4,288,142,146
050,13,189,"Georgia","McDuffie County",3,5,310,152,158
050,13,189,"Georgia","McDuffie County",3,6,274,141,133
050,13,189,"Georgia","McDuffie County",3,7,297,158,139
050,13,189,"Georgia","McDuffie County",3,8,309,167,142
050,13,189,"Georgia","McDuffie County",3,9,300,155,145
050,13,189,"Georgia","McDuffie County",3,10,314,165,149
050,13,189,"Georgia","McDuffie County",3,11,320,165,155
050,13,189,"Georgia","McDuffie County",3,12,339,168,171
050,13,189,"Georgia","McDuffie County",3,13,344,167,177
050,13,189,"Georgia","McDuffie County",3,14,326,160,166
050,13,189,"Georgia","McDuffie County",3,15,340,171,169
050,13,189,"Georgia","McDuffie County",3,16,312,156,156
050,13,189,"Georgia","McDuffie County",3,17,296,150,146
050,13,189,"Georgia","McDuffie County",3,18,251,125,126
050,13,189,"Georgia","McDuffie County",3,19,217,107,110
050,13,189,"Georgia","McDuffie County",3,20,238,116,122
050,13,189,"Georgia","McDuffie County",3,21,273,129,144
050,13,189,"Georgia","McDuffie County",3,22,281,134,147
050,13,189,"Georgia","McDuffie County",3,23,244,109,135
050,13,189,"Georgia","McDuffie County",3,24,229,113,116
050,13,189,"Georgia","McDuffie County",3,25,222,110,112
050,13,189,"Georgia","McDuffie County",3,26,240,126,114
050,13,189,"Georgia","McDuffie County",3,27,230,104,126
050,13,189,"Georgia","McDuffie County",3,28,271,124,147
050,13,189,"Georgia","McDuffie County",3,29,274,140,134
050,13,189,"Georgia","McDuffie County",3,30,289,139,150
050,13,189,"Georgia","McDuffie County",3,31,264,123,141
050,13,189,"Georgia","McDuffie County",3,32,243,111,132
050,13,189,"Georgia","McDuffie County",3,33,233,99,134
050,13,189,"Georgia","McDuffie County",3,34,253,100,153
050,13,189,"Georgia","McDuffie County",3,35,257,112,145
050,13,189,"Georgia","McDuffie County",3,36,255,119,136
050,13,189,"Georgia","McDuffie County",3,37,233,108,125
050,13,189,"Georgia","McDuffie County",3,38,219,100,119
050,13,189,"Georgia","McDuffie County",3,39,244,116,128
050,13,189,"Georgia","McDuffie County",3,40,246,112,134
050,13,189,"Georgia","McDuffie County",3,41,249,111,138
050,13,189,"Georgia","McDuffie County",3,42,247,111,136
050,13,189,"Georgia","McDuffie County",3,43,241,100,141
050,13,189,"Georgia","McDuffie County",3,44,233,107,126
050,13,189,"Georgia","McDuffie County",3,45,230,111,119
050,13,189,"Georgia","McDuffie County",3,46,215,100,115
050,13,189,"Georgia","McDuffie County",3,47,230,101,129
050,13,189,"Georgia","McDuffie County",3,48,270,129,141
050,13,189,"Georgia","McDuffie County",3,49,267,126,141
050,13,189,"Georgia","McDuffie County",3,50,273,134,139
050,13,189,"Georgia","McDuffie County",3,51,269,129,140
050,13,189,"Georgia","McDuffie County",3,52,270,120,150
050,13,189,"Georgia","McDuffie County",3,53,268,121,147
050,13,189,"Georgia","McDuffie County",3,54,247,121,126
050,13,189,"Georgia","McDuffie County",3,55,272,139,133
050,13,189,"Georgia","McDuffie County",3,56,304,147,157
050,13,189,"Georgia","McDuffie County",3,57,319,150,169
050,13,189,"Georgia","McDuffie County",3,58,296,146,150
050,13,189,"Georgia","McDuffie County",3,59,299,142,157
050,13,189,"Georgia","McDuffie County",3,60,294,132,162
050,13,189,"Georgia","McDuffie County",3,61,275,128,147
050,13,189,"Georgia","McDuffie County",3,62,292,143,149
050,13,189,"Georgia","McDuffie County",3,63,302,145,157
050,13,189,"Georgia","McDuffie County",3,64,285,127,158
050,13,189,"Georgia","McDuffie County",3,65,275,115,160
050,13,189,"Georgia","McDuffie County",3,66,274,119,155
050,13,189,"Georgia","McDuffie County",3,67,257,117,140
050,13,189,"Georgia","McDuffie County",3,68,254,111,143
050,13,189,"Georgia","McDuffie County",3,69,229,102,127
050,13,189,"Georgia","McDuffie County",3,70,232,100,132
050,13,189,"Georgia","McDuffie County",3,71,238,102,136
050,13,189,"Georgia","McDuffie County",3,72,226,93,133
050,13,189,"Georgia","McDuffie County",3,73,228,100,128
050,13,189,"Georgia","McDuffie County",3,74,232,112,120
050,13,189,"Georgia","McDuffie County",3,75,173,80,93
050,13,189,"Georgia","McDuffie County",3,76,175,84,91
050,13,189,"Georgia","McDuffie County",3,77,150,69,81
050,13,189,"Georgia","McDuffie County",3,78,153,59,94
050,13,189,"Georgia","McDuffie County",3,79,129,40,89
050,13,189,"Georgia","McDuffie County",3,80,118,43,75
050,13,189,"Georgia","McDuffie County",3,81,107,42,65
050,13,189,"Georgia","McDuffie County",3,82,87,29,58
050,13,189,"Georgia","McDuffie County",3,83,76,20,56
050,13,189,"Georgia","McDuffie County",3,84,68,24,44
050,13,189,"Georgia","McDuffie County",3,85,337,108,229
050,13,189,"Georgia","McDuffie County",4,0,266,143,123
050,13,189,"Georgia","McDuffie County",4,1,206,92,114
050,13,189,"Georgia","McDuffie County",4,2,297,163,134
050,13,189,"Georgia","McDuffie County",4,3,275,145,130
050,13,189,"Georgia","McDuffie County",4,4,297,144,153
050,13,189,"Georgia","McDuffie County",4,5,304,154,150
050,13,189,"Georgia","McDuffie County",4,6,303,149,154
050,13,189,"Georgia","McDuffie County",4,7,268,139,129
050,13,189,"Georgia","McDuffie County",4,8,291,153,138
050,13,189,"Georgia","McDuffie County",4,9,306,161,145
050,13,189,"Georgia","McDuffie County",4,10,302,154,148
050,13,189,"Georgia","McDuffie County",4,11,306,155,151
050,13,189,"Georgia","McDuffie County",4,12,338,169,169
050,13,189,"Georgia","McDuffie County",4,13,335,167,168
050,13,189,"Georgia","McDuffie County",4,14,318,148,170
050,13,189,"Georgia","McDuffie County",4,15,326,161,165
050,13,189,"Georgia","McDuffie County",4,16,343,170,173
050,13,189,"Georgia","McDuffie County",4,17,312,152,160
050,13,189,"Georgia","McDuffie County",4,18,261,127,134
050,13,189,"Georgia","McDuffie County",4,19,206,100,106
050,13,189,"Georgia","McDuffie County",4,20,226,119,107
050,13,189,"Georgia","McDuffie County",4,21,234,112,122
050,13,189,"Georgia","McDuffie County",4,22,288,136,152
050,13,189,"Georgia","McDuffie County",4,23,278,133,145
050,13,189,"Georgia","McDuffie County",4,24,253,115,138
050,13,189,"Georgia","McDuffie County",4,25,245,127,118
050,13,189,"Georgia","McDuffie County",4,26,226,116,110
050,13,189,"Georgia","McDuffie County",4,27,241,127,114
050,13,189,"Georgia","McDuffie County",4,28,255,111,144
050,13,189,"Georgia","McDuffie County",4,29,256,114,142
050,13,189,"Georgia","McDuffie County",4,30,258,122,136
050,13,189,"Georgia","McDuffie County",4,31,300,153,147
050,13,189,"Georgia","McDuffie County",4,32,254,120,134
050,13,189,"Georgia","McDuffie County",4,33,247,118,129
050,13,189,"Georgia","McDuffie County",4,34,237,105,132
050,13,189,"Georgia","McDuffie County",4,35,265,109,156
050,13,189,"Georgia","McDuffie County",4,36,264,120,144
050,13,189,"Georgia","McDuffie County",4,37,252,118,134
050,13,189,"Georgia","McDuffie County",4,38,236,105,131
050,13,189,"Georgia","McDuffie County",4,39,223,105,118
050,13,189,"Georgia","McDuffie County",4,40,244,114,130
050,13,189,"Georgia","McDuffie County",4,41,262,130,132
050,13,189,"Georgia","McDuffie County",4,42,252,111,141
050,13,189,"Georgia","McDuffie County",4,43,245,112,133
050,13,189,"Georgia","McDuffie County",4,44,248,106,142
050,13,189,"Georgia","McDuffie County",4,45,230,107,123
050,13,189,"Georgia","McDuffie County",4,46,233,115,118
050,13,189,"Georgia","McDuffie County",4,47,216,100,116
050,13,189,"Georgia","McDuffie County",4,48,236,105,131
050,13,189,"Georgia","McDuffie County",4,49,253,119,134
050,13,189,"Georgia","McDuffie County",4,50,271,127,144
050,13,189,"Georgia","McDuffie County",4,51,278,136,142
050,13,189,"Georgia","McDuffie County",4,52,264,122,142
050,13,189,"Georgia","McDuffie County",4,53,267,118,149
050,13,189,"Georgia","McDuffie County",4,54,258,119,139
050,13,189,"Georgia","McDuffie County",4,55,251,122,129
050,13,189,"Georgia","McDuffie County",4,56,270,137,133
050,13,189,"Georgia","McDuffie County",4,57,302,152,150
050,13,189,"Georgia","McDuffie County",4,58,320,152,168
050,13,189,"Georgia","McDuffie County",4,59,295,145,150
050,13,189,"Georgia","McDuffie County",4,60,298,138,160
050,13,189,"Georgia","McDuffie County",4,61,297,127,170
050,13,189,"Georgia","McDuffie County",4,62,268,127,141
050,13,189,"Georgia","McDuffie County",4,63,285,140,145
050,13,189,"Georgia","McDuffie County",4,64,303,146,157
050,13,189,"Georgia","McDuffie County",4,65,294,131,163
050,13,189,"Georgia","McDuffie County",4,66,272,110,162
050,13,189,"Georgia","McDuffie County",4,67,274,118,156
050,13,189,"Georgia","McDuffie County",4,68,255,117,138
050,13,189,"Georgia","McDuffie County",4,69,244,108,136
050,13,189,"Georgia","McDuffie County",4,70,230,104,126
050,13,189,"Georgia","McDuffie County",4,71,226,99,127
050,13,189,"Georgia","McDuffie County",4,72,228,93,135
050,13,189,"Georgia","McDuffie County",4,73,216,82,134
050,13,189,"Georgia","McDuffie County",4,74,223,96,127
050,13,189,"Georgia","McDuffie County",4,75,219,106,113
050,13,189,"Georgia","McDuffie County",4,76,158,74,84
050,13,189,"Georgia","McDuffie County",4,77,167,79,88
050,13,189,"Georgia","McDuffie County",4,78,140,63,77
050,13,189,"Georgia","McDuffie County",4,79,156,60,96
050,13,189,"Georgia","McDuffie County",4,80,123,37,86
050,13,189,"Georgia","McDuffie County",4,81,114,42,72
050,13,189,"Georgia","McDuffie County",4,82,97,39,58
050,13,189,"Georgia","McDuffie County",4,83,82,26,56
050,13,189,"Georgia","McDuffie County",4,84,70,18,52
050,13,189,"Georgia","McDuffie County",4,85,358,104,254
050,13,189,"Georgia","McDuffie County",5,0,262,140,122
050,13,189,"Georgia","McDuffie County",5,1,285,150,135
050,13,189,"Georgia","McDuffie County",5,2,224,110,114
050,13,189,"Georgia","McDuffie County",5,3,287,163,124
050,13,189,"Georgia","McDuffie County",5,4,278,144,134
050,13,189,"Georgia","McDuffie County",5,5,277,139,138
050,13,189,"Georgia","McDuffie County",5,6,301,146,155
050,13,189,"Georgia","McDuffie County",5,7,300,147,153
050,13,189,"Georgia","McDuffie County",5,8,285,149,136
050,13,189,"Georgia","McDuffie County",5,9,282,146,136
050,13,189,"Georgia","McDuffie County",5,10,306,164,142
050,13,189,"Georgia","McDuffie County",5,11,303,150,153
050,13,189,"Georgia","McDuffie County",5,12,303,152,151
050,13,189,"Georgia","McDuffie County",5,13,341,167,174
050,13,189,"Georgia","McDuffie County",5,14,331,163,168
050,13,189,"Georgia","McDuffie County",5,15,331,151,180
050,13,189,"Georgia","McDuffie County",5,16,317,158,159
050,13,189,"Georgia","McDuffie County",5,17,339,170,169
050,13,189,"Georgia","McDuffie County",5,18,261,135,126
050,13,189,"Georgia","McDuffie County",5,19,214,102,112
050,13,189,"Georgia","McDuffie County",5,20,231,118,113
050,13,189,"Georgia","McDuffie County",5,21,223,108,115
050,13,189,"Georgia","McDuffie County",5,22,261,125,136
050,13,189,"Georgia","McDuffie County",5,23,294,137,157
050,13,189,"Georgia","McDuffie County",5,24,298,146,152
050,13,189,"Georgia","McDuffie County",5,25,273,139,134
050,13,189,"Georgia","McDuffie County",5,26,218,104,114
050,13,189,"Georgia","McDuffie County",5,27,228,114,114
050,13,189,"Georgia","McDuffie County",5,28,248,129,119
050,13,189,"Georgia","McDuffie County",5,29,246,110,136
050,13,189,"Georgia","McDuffie County",5,30,264,116,148
050,13,189,"Georgia","McDuffie County",5,31,278,138,140
050,13,189,"Georgia","McDuffie County",5,32,273,129,144
050,13,189,"Georgia","McDuffie County",5,33,267,125,142
050,13,189,"Georgia","McDuffie County",5,34,258,121,137
050,13,189,"Georgia","McDuffie County",5,35,246,114,132
050,13,189,"Georgia","McDuffie County",5,36,272,115,157
050,13,189,"Georgia","McDuffie County",5,37,270,125,145
050,13,189,"Georgia","McDuffie County",5,38,244,116,128
050,13,189,"Georgia","McDuffie County",5,39,235,103,132
050,13,189,"Georgia","McDuffie County",5,40,230,106,124
050,13,189,"Georgia","McDuffie County",5,41,258,129,129
050,13,189,"Georgia","McDuffie County",5,42,251,114,137
050,13,189,"Georgia","McDuffie County",5,43,256,113,143
050,13,189,"Georgia","McDuffie County",5,44,242,111,131
050,13,189,"Georgia","McDuffie County",5,45,241,104,137
050,13,189,"Georgia","McDuffie County",5,46,227,109,118
050,13,189,"Georgia","McDuffie County",5,47,229,113,116
050,13,189,"Georgia","McDuffie County",5,48,229,103,126
050,13,189,"Georgia","McDuffie County",5,49,238,112,126
050,13,189,"Georgia","McDuffie County",5,50,255,119,136
050,13,189,"Georgia","McDuffie County",5,51,273,129,144
050,13,189,"Georgia","McDuffie County",5,52,283,141,142
050,13,189,"Georgia","McDuffie County",5,53,269,123,146
050,13,189,"Georgia","McDuffie County",5,54,266,119,147
050,13,189,"Georgia","McDuffie County",5,55,257,116,141
050,13,189,"Georgia","McDuffie County",5,56,255,120,135
050,13,189,"Georgia","McDuffie County",5,57,265,133,132
050,13,189,"Georgia","McDuffie County",5,58,310,150,160
050,13,189,"Georgia","McDuffie County",5,59,316,147,169
050,13,189,"Georgia","McDuffie County",5,60,289,138,151
050,13,189,"Georgia","McDuffie County",5,61,306,139,167
050,13,189,"Georgia","McDuffie County",5,62,299,128,171
050,13,189,"Georgia","McDuffie County",5,63,269,129,140
050,13,189,"Georgia","McDuffie County",5,64,281,138,143
050,13,189,"Georgia","McDuffie County",5,65,308,146,162
050,13,189,"Georgia","McDuffie County",5,66,289,129,160
050,13,189,"Georgia","McDuffie County",5,67,262,103,159
050,13,189,"Georgia","McDuffie County",5,68,270,114,156
050,13,189,"Georgia","McDuffie County",5,69,237,109,128
050,13,189,"Georgia","McDuffie County",5,70,242,107,135
050,13,189,"Georgia","McDuffie County",5,71,223,100,123
050,13,189,"Georgia","McDuffie County",5,72,215,93,122
050,13,189,"Georgia","McDuffie County",5,73,219,85,134
050,13,189,"Georgia","McDuffie County",5,74,207,76,131
050,13,189,"Georgia","McDuffie County",5,75,217,97,120
050,13,189,"Georgia","McDuffie County",5,76,209,101,108
050,13,189,"Georgia","McDuffie County",5,77,156,74,82
050,13,189,"Georgia","McDuffie County",5,78,156,71,85
050,13,189,"Georgia","McDuffie County",5,79,137,60,77
050,13,189,"Georgia","McDuffie County",5,80,145,54,91
050,13,189,"Georgia","McDuffie County",5,81,121,36,85
050,13,189,"Georgia","McDuffie County",5,82,105,38,67
050,13,189,"Georgia","McDuffie County",5,83,87,35,52
050,13,189,"Georgia","McDuffie County",5,84,78,24,54
050,13,189,"Georgia","McDuffie County",5,85,368,100,268
050,13,191,"Georgia","McIntosh County",1,0,78,41,37
050,13,191,"Georgia","McIntosh County",1,1,81,41,40
050,13,191,"Georgia","McIntosh County",1,2,94,47,47
050,13,191,"Georgia","McIntosh County",1,3,91,45,46
050,13,191,"Georgia","McIntosh County",1,4,86,39,47
050,13,191,"Georgia","McIntosh County",1,5,91,41,50
050,13,191,"Georgia","McIntosh County",1,6,93,56,37
050,13,191,"Georgia","McIntosh County",1,7,86,48,38
050,13,191,"Georgia","McIntosh County",1,8,88,46,42
050,13,191,"Georgia","McIntosh County",1,9,92,47,45
050,13,191,"Georgia","McIntosh County",1,10,84,42,42
050,13,191,"Georgia","McIntosh County",1,11,96,52,44
050,13,191,"Georgia","McIntosh County",1,12,104,50,54
050,13,191,"Georgia","McIntosh County",1,13,110,55,55
050,13,191,"Georgia","McIntosh County",1,14,115,58,57
050,13,191,"Georgia","McIntosh County",1,15,116,58,58
050,13,191,"Georgia","McIntosh County",1,16,112,60,52
050,13,191,"Georgia","McIntosh County",1,17,105,51,54
050,13,191,"Georgia","McIntosh County",1,18,94,49,45
050,13,191,"Georgia","McIntosh County",1,19,80,40,40
050,13,191,"Georgia","McIntosh County",1,20,89,42,47
050,13,191,"Georgia","McIntosh County",1,21,101,53,48
050,13,191,"Georgia","McIntosh County",1,22,104,53,51
050,13,191,"Georgia","McIntosh County",1,23,94,48,46
050,13,191,"Georgia","McIntosh County",1,24,122,58,64
050,13,191,"Georgia","McIntosh County",1,25,119,63,56
050,13,191,"Georgia","McIntosh County",1,26,128,75,53
050,13,191,"Georgia","McIntosh County",1,27,129,71,58
050,13,191,"Georgia","McIntosh County",1,28,120,63,57
050,13,191,"Georgia","McIntosh County",1,29,132,60,72
050,13,191,"Georgia","McIntosh County",1,30,111,47,64
050,13,191,"Georgia","McIntosh County",1,31,106,54,52
050,13,191,"Georgia","McIntosh County",1,32,102,50,52
050,13,191,"Georgia","McIntosh County",1,33,99,42,57
050,13,191,"Georgia","McIntosh County",1,34,105,51,54
050,13,191,"Georgia","McIntosh County",1,35,111,64,47
050,13,191,"Georgia","McIntosh County",1,36,94,48,46
050,13,191,"Georgia","McIntosh County",1,37,101,46,55
050,13,191,"Georgia","McIntosh County",1,38,94,45,49
050,13,191,"Georgia","McIntosh County",1,39,104,55,49
050,13,191,"Georgia","McIntosh County",1,40,105,49,56
050,13,191,"Georgia","McIntosh County",1,41,102,43,59
050,13,191,"Georgia","McIntosh County",1,42,109,55,54
050,13,191,"Georgia","McIntosh County",1,43,99,44,55
050,13,191,"Georgia","McIntosh County",1,44,98,51,47
050,13,191,"Georgia","McIntosh County",1,45,111,58,53
050,13,191,"Georgia","McIntosh County",1,46,126,54,72
050,13,191,"Georgia","McIntosh County",1,47,139,64,75
050,13,191,"Georgia","McIntosh County",1,48,158,82,76
050,13,191,"Georgia","McIntosh County",1,49,158,74,84
050,13,191,"Georgia","McIntosh County",1,50,155,69,86
050,13,191,"Georgia","McIntosh County",1,51,136,73,63
050,13,191,"Georgia","McIntosh County",1,52,156,76,80
050,13,191,"Georgia","McIntosh County",1,53,161,68,93
050,13,191,"Georgia","McIntosh County",1,54,155,70,85
050,13,191,"Georgia","McIntosh County",1,55,163,82,81
050,13,191,"Georgia","McIntosh County",1,56,166,79,87
050,13,191,"Georgia","McIntosh County",1,57,175,84,91
050,13,191,"Georgia","McIntosh County",1,58,191,97,94
050,13,191,"Georgia","McIntosh County",1,59,185,95,90
050,13,191,"Georgia","McIntosh County",1,60,202,97,105
050,13,191,"Georgia","McIntosh County",1,61,198,100,98
050,13,191,"Georgia","McIntosh County",1,62,199,95,104
050,13,191,"Georgia","McIntosh County",1,63,197,92,105
050,13,191,"Georgia","McIntosh County",1,64,204,98,106
050,13,191,"Georgia","McIntosh County",1,65,200,89,111
050,13,191,"Georgia","McIntosh County",1,66,202,94,108
050,13,191,"Georgia","McIntosh County",1,67,198,92,106
050,13,191,"Georgia","McIntosh County",1,68,220,103,117
050,13,191,"Georgia","McIntosh County",1,69,178,79,99
050,13,191,"Georgia","McIntosh County",1,70,165,71,94
050,13,191,"Georgia","McIntosh County",1,71,170,81,89
050,13,191,"Georgia","McIntosh County",1,72,173,87,86
050,13,191,"Georgia","McIntosh County",1,73,191,89,102
050,13,191,"Georgia","McIntosh County",1,74,136,66,70
050,13,191,"Georgia","McIntosh County",1,75,130,66,64
050,13,191,"Georgia","McIntosh County",1,76,137,72,65
050,13,191,"Georgia","McIntosh County",1,77,121,62,59
050,13,191,"Georgia","McIntosh County",1,78,106,46,60
050,13,191,"Georgia","McIntosh County",1,79,103,51,52
050,13,191,"Georgia","McIntosh County",1,80,83,38,45
050,13,191,"Georgia","McIntosh County",1,81,74,37,37
050,13,191,"Georgia","McIntosh County",1,82,59,30,29
050,13,191,"Georgia","McIntosh County",1,83,54,27,27
050,13,191,"Georgia","McIntosh County",1,84,60,31,29
050,13,191,"Georgia","McIntosh County",1,85,304,141,163
050,13,191,"Georgia","McIntosh County",2,0,78,41,37
050,13,191,"Georgia","McIntosh County",2,1,82,41,41
050,13,191,"Georgia","McIntosh County",2,2,92,47,45
050,13,191,"Georgia","McIntosh County",2,3,92,45,47
050,13,191,"Georgia","McIntosh County",2,4,87,40,47
050,13,191,"Georgia","McIntosh County",2,5,88,41,47
050,13,191,"Georgia","McIntosh County",2,6,93,53,40
050,13,191,"Georgia","McIntosh County",2,7,90,51,39
050,13,191,"Georgia","McIntosh County",2,8,89,46,43
050,13,191,"Georgia","McIntosh County",2,9,89,46,43
050,13,191,"Georgia","McIntosh County",2,10,86,42,44
050,13,191,"Georgia","McIntosh County",2,11,93,50,43
050,13,191,"Georgia","McIntosh County",2,12,103,49,54
050,13,191,"Georgia","McIntosh County",2,13,108,54,54
050,13,191,"Georgia","McIntosh County",2,14,111,55,56
050,13,191,"Georgia","McIntosh County",2,15,116,59,57
050,13,191,"Georgia","McIntosh County",2,16,111,58,53
050,13,191,"Georgia","McIntosh County",2,17,105,53,52
050,13,191,"Georgia","McIntosh County",2,18,92,47,45
050,13,191,"Georgia","McIntosh County",2,19,79,39,40
050,13,191,"Georgia","McIntosh County",2,20,90,43,47
050,13,191,"Georgia","McIntosh County",2,21,100,51,49
050,13,191,"Georgia","McIntosh County",2,22,102,52,50
050,13,191,"Georgia","McIntosh County",2,23,99,51,48
050,13,191,"Georgia","McIntosh County",2,24,116,56,60
050,13,191,"Georgia","McIntosh County",2,25,122,64,58
050,13,191,"Georgia","McIntosh County",2,26,129,74,55
050,13,191,"Georgia","McIntosh County",2,27,130,72,58
050,13,191,"Georgia","McIntosh County",2,28,122,66,56
050,13,191,"Georgia","McIntosh County",2,29,127,59,68
050,13,191,"Georgia","McIntosh County",2,30,114,49,65
050,13,191,"Georgia","McIntosh County",2,31,109,53,56
050,13,191,"Georgia","McIntosh County",2,32,104,51,53
050,13,191,"Georgia","McIntosh County",2,33,100,44,56
050,13,191,"Georgia","McIntosh County",2,34,103,49,54
050,13,191,"Georgia","McIntosh County",2,35,111,62,49
050,13,191,"Georgia","McIntosh County",2,36,95,50,45
050,13,191,"Georgia","McIntosh County",2,37,99,47,52
050,13,191,"Georgia","McIntosh County",2,38,94,45,49
050,13,191,"Georgia","McIntosh County",2,39,102,53,49
050,13,191,"Georgia","McIntosh County",2,40,104,50,54
050,13,191,"Georgia","McIntosh County",2,41,103,45,58
050,13,191,"Georgia","McIntosh County",2,42,107,53,54
050,13,191,"Georgia","McIntosh County",2,43,102,47,55
050,13,191,"Georgia","McIntosh County",2,44,99,50,49
050,13,191,"Georgia","McIntosh County",2,45,107,55,52
050,13,191,"Georgia","McIntosh County",2,46,126,58,68
050,13,191,"Georgia","McIntosh County",2,47,136,62,74
050,13,191,"Georgia","McIntosh County",2,48,155,78,77
050,13,191,"Georgia","McIntosh County",2,49,156,74,82
050,13,191,"Georgia","McIntosh County",2,50,155,70,85
050,13,191,"Georgia","McIntosh County",2,51,142,73,69
050,13,191,"Georgia","McIntosh County",2,52,150,75,75
050,13,191,"Georgia","McIntosh County",2,53,158,69,89
050,13,191,"Georgia","McIntosh County",2,54,156,69,87
050,13,191,"Georgia","McIntosh County",2,55,162,80,82
050,13,191,"Georgia","McIntosh County",2,56,167,81,86
050,13,191,"Georgia","McIntosh County",2,57,173,84,89
050,13,191,"Georgia","McIntosh County",2,58,189,94,95
050,13,191,"Georgia","McIntosh County",2,59,188,96,92
050,13,191,"Georgia","McIntosh County",2,60,197,95,102
050,13,191,"Georgia","McIntosh County",2,61,200,99,101
050,13,191,"Georgia","McIntosh County",2,62,199,96,103
050,13,191,"Georgia","McIntosh County",2,63,200,94,106
050,13,191,"Georgia","McIntosh County",2,64,199,94,105
050,13,191,"Georgia","McIntosh County",2,65,203,92,111
050,13,191,"Georgia","McIntosh County",2,66,205,94,111
050,13,191,"Georgia","McIntosh County",2,67,200,92,108
050,13,191,"Georgia","McIntosh County",2,68,215,100,115
050,13,191,"Georgia","McIntosh County",2,69,190,85,105
050,13,191,"Georgia","McIntosh County",2,70,166,72,94
050,13,191,"Georgia","McIntosh County",2,71,169,79,90
050,13,191,"Georgia","McIntosh County",2,72,171,85,86
050,13,191,"Georgia","McIntosh County",2,73,196,94,102
050,13,191,"Georgia","McIntosh County",2,74,140,67,73
050,13,191,"Georgia","McIntosh County",2,75,131,66,65
050,13,191,"Georgia","McIntosh County",2,76,132,69,63
050,13,191,"Georgia","McIntosh County",2,77,128,66,62
050,13,191,"Georgia","McIntosh County",2,78,107,49,58
050,13,191,"Georgia","McIntosh County",2,79,104,50,54
050,13,191,"Georgia","McIntosh County",2,80,87,41,46
050,13,191,"Georgia","McIntosh County",2,81,75,37,38
050,13,191,"Georgia","McIntosh County",2,82,61,31,30
050,13,191,"Georgia","McIntosh County",2,83,55,28,27
050,13,191,"Georgia","McIntosh County",2,84,58,30,28
050,13,191,"Georgia","McIntosh County",2,85,310,145,165
050,13,191,"Georgia","McIntosh County",3,0,91,46,45
050,13,191,"Georgia","McIntosh County",3,1,81,39,42
050,13,191,"Georgia","McIntosh County",3,2,101,51,50
050,13,191,"Georgia","McIntosh County",3,3,89,45,44
050,13,191,"Georgia","McIntosh County",3,4,101,54,47
050,13,191,"Georgia","McIntosh County",3,5,88,42,46
050,13,191,"Georgia","McIntosh County",3,6,84,36,48
050,13,191,"Georgia","McIntosh County",3,7,87,44,43
050,13,191,"Georgia","McIntosh County",3,8,89,49,40
050,13,191,"Georgia","McIntosh County",3,9,85,47,38
050,13,191,"Georgia","McIntosh County",3,10,91,49,42
050,13,191,"Georgia","McIntosh County",3,11,87,46,41
050,13,191,"Georgia","McIntosh County",3,12,85,47,38
050,13,191,"Georgia","McIntosh County",3,13,104,51,53
050,13,191,"Georgia","McIntosh County",3,14,105,52,53
050,13,191,"Georgia","McIntosh County",3,15,114,61,53
050,13,191,"Georgia","McIntosh County",3,16,111,58,53
050,13,191,"Georgia","McIntosh County",3,17,110,56,54
050,13,191,"Georgia","McIntosh County",3,18,81,41,40
050,13,191,"Georgia","McIntosh County",3,19,78,38,40
050,13,191,"Georgia","McIntosh County",3,20,90,44,46
050,13,191,"Georgia","McIntosh County",3,21,93,46,47
050,13,191,"Georgia","McIntosh County",3,22,102,43,59
050,13,191,"Georgia","McIntosh County",3,23,110,60,50
050,13,191,"Georgia","McIntosh County",3,24,113,58,55
050,13,191,"Georgia","McIntosh County",3,25,113,54,59
050,13,191,"Georgia","McIntosh County",3,26,127,63,64
050,13,191,"Georgia","McIntosh County",3,27,134,72,62
050,13,191,"Georgia","McIntosh County",3,28,135,74,61
050,13,191,"Georgia","McIntosh County",3,29,129,69,60
050,13,191,"Georgia","McIntosh County",3,30,127,61,66
050,13,191,"Georgia","McIntosh County",3,31,114,49,65
050,13,191,"Georgia","McIntosh County",3,32,117,51,66
050,13,191,"Georgia","McIntosh County",3,33,97,45,52
050,13,191,"Georgia","McIntosh County",3,34,98,42,56
050,13,191,"Georgia","McIntosh County",3,35,104,49,55
050,13,191,"Georgia","McIntosh County",3,36,108,59,49
050,13,191,"Georgia","McIntosh County",3,37,98,54,44
050,13,191,"Georgia","McIntosh County",3,38,98,48,50
050,13,191,"Georgia","McIntosh County",3,39,100,47,53
050,13,191,"Georgia","McIntosh County",3,40,107,50,57
050,13,191,"Georgia","McIntosh County",3,41,107,54,53
050,13,191,"Georgia","McIntosh County",3,42,102,44,58
050,13,191,"Georgia","McIntosh County",3,43,99,50,49
050,13,191,"Georgia","McIntosh County",3,44,109,49,60
050,13,191,"Georgia","McIntosh County",3,45,101,51,50
050,13,191,"Georgia","McIntosh County",3,46,110,51,59
050,13,191,"Georgia","McIntosh County",3,47,127,56,71
050,13,191,"Georgia","McIntosh County",3,48,135,65,70
050,13,191,"Georgia","McIntosh County",3,49,153,74,79
050,13,191,"Georgia","McIntosh County",3,50,164,76,88
050,13,191,"Georgia","McIntosh County",3,51,165,77,88
050,13,191,"Georgia","McIntosh County",3,52,153,75,78
050,13,191,"Georgia","McIntosh County",3,53,147,72,75
050,13,191,"Georgia","McIntosh County",3,54,164,72,92
050,13,191,"Georgia","McIntosh County",3,55,164,75,89
050,13,191,"Georgia","McIntosh County",3,56,172,84,88
050,13,191,"Georgia","McIntosh County",3,57,172,85,87
050,13,191,"Georgia","McIntosh County",3,58,163,77,86
050,13,191,"Georgia","McIntosh County",3,59,184,88,96
050,13,191,"Georgia","McIntosh County",3,60,189,100,89
050,13,191,"Georgia","McIntosh County",3,61,209,108,101
050,13,191,"Georgia","McIntosh County",3,62,199,98,101
050,13,191,"Georgia","McIntosh County",3,63,188,89,99
050,13,191,"Georgia","McIntosh County",3,64,208,93,115
050,13,191,"Georgia","McIntosh County",3,65,202,92,110
050,13,191,"Georgia","McIntosh County",3,66,200,94,106
050,13,191,"Georgia","McIntosh County",3,67,213,95,118
050,13,191,"Georgia","McIntosh County",3,68,206,93,113
050,13,191,"Georgia","McIntosh County",3,69,209,98,111
050,13,191,"Georgia","McIntosh County",3,70,187,85,102
050,13,191,"Georgia","McIntosh County",3,71,167,75,92
050,13,191,"Georgia","McIntosh County",3,72,161,72,89
050,13,191,"Georgia","McIntosh County",3,73,166,79,87
050,13,191,"Georgia","McIntosh County",3,74,183,87,96
050,13,191,"Georgia","McIntosh County",3,75,139,67,72
050,13,191,"Georgia","McIntosh County",3,76,126,65,61
050,13,191,"Georgia","McIntosh County",3,77,130,68,62
050,13,191,"Georgia","McIntosh County",3,78,122,62,60
050,13,191,"Georgia","McIntosh County",3,79,106,48,58
050,13,191,"Georgia","McIntosh County",3,80,96,45,51
050,13,191,"Georgia","McIntosh County",3,81,85,40,45
050,13,191,"Georgia","McIntosh County",3,82,70,34,36
050,13,191,"Georgia","McIntosh County",3,83,56,29,27
050,13,191,"Georgia","McIntosh County",3,84,49,24,25
050,13,191,"Georgia","McIntosh County",3,85,321,155,166
050,13,191,"Georgia","McIntosh County",4,0,85,40,45
050,13,191,"Georgia","McIntosh County",4,1,89,47,42
050,13,191,"Georgia","McIntosh County",4,2,92,46,46
050,13,191,"Georgia","McIntosh County",4,3,88,46,42
050,13,191,"Georgia","McIntosh County",4,4,95,47,48
050,13,191,"Georgia","McIntosh County",4,5,102,52,50
050,13,191,"Georgia","McIntosh County",4,6,86,45,41
050,13,191,"Georgia","McIntosh County",4,7,86,38,48
050,13,191,"Georgia","McIntosh County",4,8,97,53,44
050,13,191,"Georgia","McIntosh County",4,9,92,51,41
050,13,191,"Georgia","McIntosh County",4,10,93,49,44
050,13,191,"Georgia","McIntosh County",4,11,99,54,45
050,13,191,"Georgia","McIntosh County",4,12,85,46,39
050,13,191,"Georgia","McIntosh County",4,13,94,53,41
050,13,191,"Georgia","McIntosh County",4,14,108,56,52
050,13,191,"Georgia","McIntosh County",4,15,112,54,58
050,13,191,"Georgia","McIntosh County",4,16,116,58,58
050,13,191,"Georgia","McIntosh County",4,17,115,59,56
050,13,191,"Georgia","McIntosh County",4,18,99,54,45
050,13,191,"Georgia","McIntosh County",4,19,66,32,34
050,13,191,"Georgia","McIntosh County",4,20,89,44,45
050,13,191,"Georgia","McIntosh County",4,21,85,47,38
050,13,191,"Georgia","McIntosh County",4,22,90,44,46
050,13,191,"Georgia","McIntosh County",4,23,109,48,61
050,13,191,"Georgia","McIntosh County",4,24,110,57,53
050,13,191,"Georgia","McIntosh County",4,25,106,59,47
050,13,191,"Georgia","McIntosh County",4,26,120,56,64
050,13,191,"Georgia","McIntosh County",4,27,134,59,75
050,13,191,"Georgia","McIntosh County",4,28,131,69,62
050,13,191,"Georgia","McIntosh County",4,29,139,77,62
050,13,191,"Georgia","McIntosh County",4,30,138,70,68
050,13,191,"Georgia","McIntosh County",4,31,124,61,63
050,13,191,"Georgia","McIntosh County",4,32,126,55,71
050,13,191,"Georgia","McIntosh County",4,33,117,52,65
050,13,191,"Georgia","McIntosh County",4,34,100,49,51
050,13,191,"Georgia","McIntosh County",4,35,103,43,60
050,13,191,"Georgia","McIntosh County",4,36,107,52,55
050,13,191,"Georgia","McIntosh County",4,37,107,58,49
050,13,191,"Georgia","McIntosh County",4,38,99,55,44
050,13,191,"Georgia","McIntosh County",4,39,108,51,57
050,13,191,"Georgia","McIntosh County",4,40,101,46,55
050,13,191,"Georgia","McIntosh County",4,41,93,42,51
050,13,191,"Georgia","McIntosh County",4,42,104,52,52
050,13,191,"Georgia","McIntosh County",4,43,106,47,59
050,13,191,"Georgia","McIntosh County",4,44,102,48,54
050,13,191,"Georgia","McIntosh County",4,45,113,51,62
050,13,191,"Georgia","McIntosh County",4,46,103,53,50
050,13,191,"Georgia","McIntosh County",4,47,108,53,55
050,13,191,"Georgia","McIntosh County",4,48,132,62,70
050,13,191,"Georgia","McIntosh County",4,49,135,62,73
050,13,191,"Georgia","McIntosh County",4,50,158,76,82
050,13,191,"Georgia","McIntosh County",4,51,165,73,92
050,13,191,"Georgia","McIntosh County",4,52,165,80,85
050,13,191,"Georgia","McIntosh County",4,53,157,77,80
050,13,191,"Georgia","McIntosh County",4,54,158,74,84
050,13,191,"Georgia","McIntosh County",4,55,162,64,98
050,13,191,"Georgia","McIntosh County",4,56,171,76,95
050,13,191,"Georgia","McIntosh County",4,57,183,87,96
050,13,191,"Georgia","McIntosh County",4,58,172,84,88
050,13,191,"Georgia","McIntosh County",4,59,163,76,87
050,13,191,"Georgia","McIntosh County",4,60,185,93,92
050,13,191,"Georgia","McIntosh County",4,61,197,103,94
050,13,191,"Georgia","McIntosh County",4,62,214,113,101
050,13,191,"Georgia","McIntosh County",4,63,200,97,103
050,13,191,"Georgia","McIntosh County",4,64,193,89,104
050,13,191,"Georgia","McIntosh County",4,65,212,92,120
050,13,191,"Georgia","McIntosh County",4,66,203,97,106
050,13,191,"Georgia","McIntosh County",4,67,196,93,103
050,13,191,"Georgia","McIntosh County",4,68,219,103,116
050,13,191,"Georgia","McIntosh County",4,69,201,92,109
050,13,191,"Georgia","McIntosh County",4,70,203,96,107
050,13,191,"Georgia","McIntosh County",4,71,183,82,101
050,13,191,"Georgia","McIntosh County",4,72,167,75,92
050,13,191,"Georgia","McIntosh County",4,73,165,72,93
050,13,191,"Georgia","McIntosh County",4,74,168,81,87
050,13,191,"Georgia","McIntosh County",4,75,185,89,96
050,13,191,"Georgia","McIntosh County",4,76,135,61,74
050,13,191,"Georgia","McIntosh County",4,77,115,55,60
050,13,191,"Georgia","McIntosh County",4,78,117,61,56
050,13,191,"Georgia","McIntosh County",4,79,117,58,59
050,13,191,"Georgia","McIntosh County",4,80,102,47,55
050,13,191,"Georgia","McIntosh County",4,81,92,43,49
050,13,191,"Georgia","McIntosh County",4,82,79,33,46
050,13,191,"Georgia","McIntosh County",4,83,61,30,31
050,13,191,"Georgia","McIntosh County",4,84,53,27,26
050,13,191,"Georgia","McIntosh County",4,85,329,168,161
050,13,191,"Georgia","McIntosh County",5,0,94,45,49
050,13,191,"Georgia","McIntosh County",5,1,84,44,40
050,13,191,"Georgia","McIntosh County",5,2,106,57,49
050,13,191,"Georgia","McIntosh County",5,3,95,46,49
050,13,191,"Georgia","McIntosh County",5,4,96,48,48
050,13,191,"Georgia","McIntosh County",5,5,99,49,50
050,13,191,"Georgia","McIntosh County",5,6,105,56,49
050,13,191,"Georgia","McIntosh County",5,7,90,44,46
050,13,191,"Georgia","McIntosh County",5,8,92,42,50
050,13,191,"Georgia","McIntosh County",5,9,103,57,46
050,13,191,"Georgia","McIntosh County",5,10,99,52,47
050,13,191,"Georgia","McIntosh County",5,11,101,57,44
050,13,191,"Georgia","McIntosh County",5,12,95,50,45
050,13,191,"Georgia","McIntosh County",5,13,90,46,44
050,13,191,"Georgia","McIntosh County",5,14,98,53,45
050,13,191,"Georgia","McIntosh County",5,15,108,55,53
050,13,191,"Georgia","McIntosh County",5,16,108,56,52
050,13,191,"Georgia","McIntosh County",5,17,117,62,55
050,13,191,"Georgia","McIntosh County",5,18,108,59,49
050,13,191,"Georgia","McIntosh County",5,19,73,40,33
050,13,191,"Georgia","McIntosh County",5,20,87,45,42
050,13,191,"Georgia","McIntosh County",5,21,96,49,47
050,13,191,"Georgia","McIntosh County",5,22,107,59,48
050,13,191,"Georgia","McIntosh County",5,23,118,58,60
050,13,191,"Georgia","McIntosh County",5,24,112,49,63
050,13,191,"Georgia","McIntosh County",5,25,106,59,47
050,13,191,"Georgia","McIntosh County",5,26,105,59,46
050,13,191,"Georgia","McIntosh County",5,27,120,52,68
050,13,191,"Georgia","McIntosh County",5,28,134,62,72
050,13,191,"Georgia","McIntosh County",5,29,135,67,68
050,13,191,"Georgia","McIntosh County",5,30,134,75,59
050,13,191,"Georgia","McIntosh County",5,31,143,74,69
050,13,191,"Georgia","McIntosh County",5,32,131,62,69
050,13,191,"Georgia","McIntosh County",5,33,132,64,68
050,13,191,"Georgia","McIntosh County",5,34,133,58,75
050,13,191,"Georgia","McIntosh County",5,35,97,47,50
050,13,191,"Georgia","McIntosh County",5,36,100,39,61
050,13,191,"Georgia","McIntosh County",5,37,118,54,64
050,13,191,"Georgia","McIntosh County",5,38,109,56,53
050,13,191,"Georgia","McIntosh County",5,39,96,51,45
050,13,191,"Georgia","McIntosh County",5,40,117,53,64
050,13,191,"Georgia","McIntosh County",5,41,106,46,60
050,13,191,"Georgia","McIntosh County",5,42,96,46,50
050,13,191,"Georgia","McIntosh County",5,43,99,50,49
050,13,191,"Georgia","McIntosh County",5,44,110,49,61
050,13,191,"Georgia","McIntosh County",5,45,109,51,58
050,13,191,"Georgia","McIntosh County",5,46,118,53,65
050,13,191,"Georgia","McIntosh County",5,47,109,57,52
050,13,191,"Georgia","McIntosh County",5,48,121,55,66
050,13,191,"Georgia","McIntosh County",5,49,145,70,75
050,13,191,"Georgia","McIntosh County",5,50,136,62,74
050,13,191,"Georgia","McIntosh County",5,51,158,80,78
050,13,191,"Georgia","McIntosh County",5,52,181,85,96
050,13,191,"Georgia","McIntosh County",5,53,175,88,87
050,13,191,"Georgia","McIntosh County",5,54,154,74,80
050,13,191,"Georgia","McIntosh County",5,55,162,80,82
050,13,191,"Georgia","McIntosh County",5,56,159,66,93
050,13,191,"Georgia","McIntosh County",5,57,183,78,105
050,13,191,"Georgia","McIntosh County",5,58,182,87,95
050,13,191,"Georgia","McIntosh County",5,59,172,89,83
050,13,191,"Georgia","McIntosh County",5,60,174,79,95
050,13,191,"Georgia","McIntosh County",5,61,194,93,101
050,13,191,"Georgia","McIntosh County",5,62,194,105,89
050,13,191,"Georgia","McIntosh County",5,63,218,114,104
050,13,191,"Georgia","McIntosh County",5,64,203,95,108
050,13,191,"Georgia","McIntosh County",5,65,197,90,107
050,13,191,"Georgia","McIntosh County",5,66,223,100,123
050,13,191,"Georgia","McIntosh County",5,67,210,102,108
050,13,191,"Georgia","McIntosh County",5,68,205,96,109
050,13,191,"Georgia","McIntosh County",5,69,221,103,118
050,13,191,"Georgia","McIntosh County",5,70,202,92,110
050,13,191,"Georgia","McIntosh County",5,71,204,95,109
050,13,191,"Georgia","McIntosh County",5,72,181,79,102
050,13,191,"Georgia","McIntosh County",5,73,164,72,92
050,13,191,"Georgia","McIntosh County",5,74,166,75,91
050,13,191,"Georgia","McIntosh County",5,75,167,82,85
050,13,191,"Georgia","McIntosh County",5,76,177,83,94
050,13,191,"Georgia","McIntosh County",5,77,135,59,76
050,13,191,"Georgia","McIntosh County",5,78,98,44,54
050,13,191,"Georgia","McIntosh County",5,79,114,59,55
050,13,191,"Georgia","McIntosh County",5,80,118,58,60
050,13,191,"Georgia","McIntosh County",5,81,99,45,54
050,13,191,"Georgia","McIntosh County",5,82,88,38,50
050,13,191,"Georgia","McIntosh County",5,83,73,31,42
050,13,191,"Georgia","McIntosh County",5,84,60,30,30
050,13,191,"Georgia","McIntosh County",5,85,350,184,166
050,13,193,"Georgia","Macon County",1,0,118,61,57
050,13,193,"Georgia","Macon County",1,1,122,59,63
050,13,193,"Georgia","Macon County",1,2,122,62,60
050,13,193,"Georgia","Macon County",1,3,128,65,63
050,13,193,"Georgia","Macon County",1,4,117,58,59
050,13,193,"Georgia","Macon County",1,5,126,63,63
050,13,193,"Georgia","Macon County",1,6,113,58,55
050,13,193,"Georgia","Macon County",1,7,112,64,48
050,13,193,"Georgia","Macon County",1,8,118,57,61
050,13,193,"Georgia","Macon County",1,9,121,64,57
050,13,193,"Georgia","Macon County",1,10,128,65,63
050,13,193,"Georgia","Macon County",1,11,129,60,69
050,13,193,"Georgia","Macon County",1,12,129,58,71
050,13,193,"Georgia","Macon County",1,13,140,76,64
050,13,193,"Georgia","Macon County",1,14,120,61,59
050,13,193,"Georgia","Macon County",1,15,128,62,66
050,13,193,"Georgia","Macon County",1,16,125,67,58
050,13,193,"Georgia","Macon County",1,17,124,64,60
050,13,193,"Georgia","Macon County",1,18,128,71,57
050,13,193,"Georgia","Macon County",1,19,134,74,60
050,13,193,"Georgia","Macon County",1,20,158,102,56
050,13,193,"Georgia","Macon County",1,21,153,96,57
050,13,193,"Georgia","Macon County",1,22,171,117,54
050,13,193,"Georgia","Macon County",1,23,175,113,62
050,13,193,"Georgia","Macon County",1,24,173,112,61
050,13,193,"Georgia","Macon County",1,25,167,104,63
050,13,193,"Georgia","Macon County",1,26,193,124,69
050,13,193,"Georgia","Macon County",1,27,195,131,64
050,13,193,"Georgia","Macon County",1,28,182,119,63
050,13,193,"Georgia","Macon County",1,29,202,134,68
050,13,193,"Georgia","Macon County",1,30,204,137,67
050,13,193,"Georgia","Macon County",1,31,169,108,61
050,13,193,"Georgia","Macon County",1,32,164,110,54
050,13,193,"Georgia","Macon County",1,33,154,110,44
050,13,193,"Georgia","Macon County",1,34,165,108,57
050,13,193,"Georgia","Macon County",1,35,167,106,61
050,13,193,"Georgia","Macon County",1,36,164,95,69
050,13,193,"Georgia","Macon County",1,37,153,103,50
050,13,193,"Georgia","Macon County",1,38,141,94,47
050,13,193,"Georgia","Macon County",1,39,152,99,53
050,13,193,"Georgia","Macon County",1,40,166,101,65
050,13,193,"Georgia","Macon County",1,41,147,88,59
050,13,193,"Georgia","Macon County",1,42,153,107,46
050,13,193,"Georgia","Macon County",1,43,134,79,55
050,13,193,"Georgia","Macon County",1,44,140,86,54
050,13,193,"Georgia","Macon County",1,45,134,79,55
050,13,193,"Georgia","Macon County",1,46,155,97,58
050,13,193,"Georgia","Macon County",1,47,151,87,64
050,13,193,"Georgia","Macon County",1,48,153,97,56
050,13,193,"Georgia","Macon County",1,49,152,93,59
050,13,193,"Georgia","Macon County",1,50,126,72,54
050,13,193,"Georgia","Macon County",1,51,131,76,55
050,13,193,"Georgia","Macon County",1,52,142,71,71
050,13,193,"Georgia","Macon County",1,53,174,94,80
050,13,193,"Georgia","Macon County",1,54,184,89,95
050,13,193,"Georgia","Macon County",1,55,177,93,84
050,13,193,"Georgia","Macon County",1,56,179,102,77
050,13,193,"Georgia","Macon County",1,57,179,92,87
050,13,193,"Georgia","Macon County",1,58,187,88,99
050,13,193,"Georgia","Macon County",1,59,157,68,89
050,13,193,"Georgia","Macon County",1,60,177,82,95
050,13,193,"Georgia","Macon County",1,61,182,95,87
050,13,193,"Georgia","Macon County",1,62,185,82,103
050,13,193,"Georgia","Macon County",1,63,171,85,86
050,13,193,"Georgia","Macon County",1,64,154,81,73
050,13,193,"Georgia","Macon County",1,65,180,85,95
050,13,193,"Georgia","Macon County",1,66,178,95,83
050,13,193,"Georgia","Macon County",1,67,169,89,80
050,13,193,"Georgia","Macon County",1,68,154,76,78
050,13,193,"Georgia","Macon County",1,69,125,60,65
050,13,193,"Georgia","Macon County",1,70,138,67,71
050,13,193,"Georgia","Macon County",1,71,134,60,74
050,13,193,"Georgia","Macon County",1,72,141,69,72
050,13,193,"Georgia","Macon County",1,73,117,61,56
050,13,193,"Georgia","Macon County",1,74,95,51,44
050,13,193,"Georgia","Macon County",1,75,89,50,39
050,13,193,"Georgia","Macon County",1,76,84,36,48
050,13,193,"Georgia","Macon County",1,77,100,40,60
050,13,193,"Georgia","Macon County",1,78,79,36,43
050,13,193,"Georgia","Macon County",1,79,58,25,33
050,13,193,"Georgia","Macon County",1,80,53,22,31
050,13,193,"Georgia","Macon County",1,81,42,18,24
050,13,193,"Georgia","Macon County",1,82,41,12,29
050,13,193,"Georgia","Macon County",1,83,38,14,24
050,13,193,"Georgia","Macon County",1,84,34,10,24
050,13,193,"Georgia","Macon County",1,85,157,72,85
050,13,193,"Georgia","Macon County",2,0,125,66,59
050,13,193,"Georgia","Macon County",2,1,122,61,61
050,13,193,"Georgia","Macon County",2,2,120,61,59
050,13,193,"Georgia","Macon County",2,3,123,63,60
050,13,193,"Georgia","Macon County",2,4,121,61,60
050,13,193,"Georgia","Macon County",2,5,123,61,62
050,13,193,"Georgia","Macon County",2,6,115,59,56
050,13,193,"Georgia","Macon County",2,7,109,61,48
050,13,193,"Georgia","Macon County",2,8,115,58,57
050,13,193,"Georgia","Macon County",2,9,120,62,58
050,13,193,"Georgia","Macon County",2,10,126,64,62
050,13,193,"Georgia","Macon County",2,11,128,61,67
050,13,193,"Georgia","Macon County",2,12,131,61,70
050,13,193,"Georgia","Macon County",2,13,135,70,65
050,13,193,"Georgia","Macon County",2,14,125,63,62
050,13,193,"Georgia","Macon County",2,15,125,61,64
050,13,193,"Georgia","Macon County",2,16,123,64,59
050,13,193,"Georgia","Macon County",2,17,123,65,58
050,13,193,"Georgia","Macon County",2,18,122,67,55
050,13,193,"Georgia","Macon County",2,19,125,70,55
050,13,193,"Georgia","Macon County",2,20,159,101,58
050,13,193,"Georgia","Macon County",2,21,155,99,56
050,13,193,"Georgia","Macon County",2,22,172,117,55
050,13,193,"Georgia","Macon County",2,23,173,113,60
050,13,193,"Georgia","Macon County",2,24,174,113,61
050,13,193,"Georgia","Macon County",2,25,166,105,61
050,13,193,"Georgia","Macon County",2,26,189,122,67
050,13,193,"Georgia","Macon County",2,27,196,131,65
050,13,193,"Georgia","Macon County",2,28,180,116,64
050,13,193,"Georgia","Macon County",2,29,197,131,66
050,13,193,"Georgia","Macon County",2,30,204,137,67
050,13,193,"Georgia","Macon County",2,31,172,111,61
050,13,193,"Georgia","Macon County",2,32,163,110,53
050,13,193,"Georgia","Macon County",2,33,157,111,46
050,13,193,"Georgia","Macon County",2,34,160,107,53
050,13,193,"Georgia","Macon County",2,35,167,105,62
050,13,193,"Georgia","Macon County",2,36,162,95,67
050,13,193,"Georgia","Macon County",2,37,154,101,53
050,13,193,"Georgia","Macon County",2,38,142,96,46
050,13,193,"Georgia","Macon County",2,39,148,97,51
050,13,193,"Georgia","Macon County",2,40,165,102,63
050,13,193,"Georgia","Macon County",2,41,146,88,58
050,13,193,"Georgia","Macon County",2,42,155,106,49
050,13,193,"Georgia","Macon County",2,43,136,81,55
050,13,193,"Georgia","Macon County",2,44,140,85,55
050,13,193,"Georgia","Macon County",2,45,137,81,56
050,13,193,"Georgia","Macon County",2,46,153,95,58
050,13,193,"Georgia","Macon County",2,47,150,88,62
050,13,193,"Georgia","Macon County",2,48,153,94,59
050,13,193,"Georgia","Macon County",2,49,152,94,58
050,13,193,"Georgia","Macon County",2,50,127,74,53
050,13,193,"Georgia","Macon County",2,51,130,75,55
050,13,193,"Georgia","Macon County",2,52,139,71,68
050,13,193,"Georgia","Macon County",2,53,165,89,76
050,13,193,"Georgia","Macon County",2,54,179,88,91
050,13,193,"Georgia","Macon County",2,55,180,94,86
050,13,193,"Georgia","Macon County",2,56,176,97,79
050,13,193,"Georgia","Macon County",2,57,176,94,82
050,13,193,"Georgia","Macon County",2,58,187,90,97
050,13,193,"Georgia","Macon County",2,59,162,70,92
050,13,193,"Georgia","Macon County",2,60,171,79,92
050,13,193,"Georgia","Macon County",2,61,180,93,87
050,13,193,"Georgia","Macon County",2,62,182,84,98
050,13,193,"Georgia","Macon County",2,63,177,85,92
050,13,193,"Georgia","Macon County",2,64,157,82,75
050,13,193,"Georgia","Macon County",2,65,173,84,89
050,13,193,"Georgia","Macon County",2,66,178,93,85
050,13,193,"Georgia","Macon County",2,67,171,91,80
050,13,193,"Georgia","Macon County",2,68,153,76,77
050,13,193,"Georgia","Macon County",2,69,129,60,69
050,13,193,"Georgia","Macon County",2,70,133,65,68
050,13,193,"Georgia","Macon County",2,71,134,60,74
050,13,193,"Georgia","Macon County",2,72,133,62,71
050,13,193,"Georgia","Macon County",2,73,127,67,60
050,13,193,"Georgia","Macon County",2,74,93,49,44
050,13,193,"Georgia","Macon County",2,75,90,49,41
050,13,193,"Georgia","Macon County",2,76,83,38,45
050,13,193,"Georgia","Macon County",2,77,97,38,59
050,13,193,"Georgia","Macon County",2,78,80,35,45
050,13,193,"Georgia","Macon County",2,79,63,27,36
050,13,193,"Georgia","Macon County",2,80,53,21,32
050,13,193,"Georgia","Macon County",2,81,45,19,26
050,13,193,"Georgia","Macon County",2,82,40,11,29
050,13,193,"Georgia","Macon County",2,83,36,13,23
050,13,193,"Georgia","Macon County",2,84,36,12,24
050,13,193,"Georgia","Macon County",2,85,153,72,81
050,13,193,"Georgia","Macon County",3,0,124,70,54
050,13,193,"Georgia","Macon County",3,1,116,61,55
050,13,193,"Georgia","Macon County",3,2,121,62,59
050,13,193,"Georgia","Macon County",3,3,113,56,57
050,13,193,"Georgia","Macon County",3,4,112,57,55
050,13,193,"Georgia","Macon County",3,5,123,63,60
050,13,193,"Georgia","Macon County",3,6,126,58,68
050,13,193,"Georgia","Macon County",3,7,107,53,54
050,13,193,"Georgia","Macon County",3,8,109,59,50
050,13,193,"Georgia","Macon County",3,9,115,60,55
050,13,193,"Georgia","Macon County",3,10,121,64,57
050,13,193,"Georgia","Macon County",3,11,131,70,61
050,13,193,"Georgia","Macon County",3,12,121,63,58
050,13,193,"Georgia","Macon County",3,13,138,68,70
050,13,193,"Georgia","Macon County",3,14,147,78,69
050,13,193,"Georgia","Macon County",3,15,127,63,64
050,13,193,"Georgia","Macon County",3,16,127,65,62
050,13,193,"Georgia","Macon County",3,17,124,62,62
050,13,193,"Georgia","Macon County",3,18,121,69,52
050,13,193,"Georgia","Macon County",3,19,124,69,55
050,13,193,"Georgia","Macon County",3,20,150,90,60
050,13,193,"Georgia","Macon County",3,21,163,100,63
050,13,193,"Georgia","Macon County",3,22,189,126,63
050,13,193,"Georgia","Macon County",3,23,155,103,52
050,13,193,"Georgia","Macon County",3,24,165,106,59
050,13,193,"Georgia","Macon County",3,25,166,106,60
050,13,193,"Georgia","Macon County",3,26,164,108,56
050,13,193,"Georgia","Macon County",3,27,188,122,66
050,13,193,"Georgia","Macon County",3,28,183,112,71
050,13,193,"Georgia","Macon County",3,29,185,127,58
050,13,193,"Georgia","Macon County",3,30,196,132,64
050,13,193,"Georgia","Macon County",3,31,186,116,70
050,13,193,"Georgia","Macon County",3,32,156,98,58
050,13,193,"Georgia","Macon County",3,33,157,106,51
050,13,193,"Georgia","Macon County",3,34,157,110,47
050,13,193,"Georgia","Macon County",3,35,157,104,53
050,13,193,"Georgia","Macon County",3,36,159,97,62
050,13,193,"Georgia","Macon County",3,37,155,93,62
050,13,193,"Georgia","Macon County",3,38,153,96,57
050,13,193,"Georgia","Macon County",3,39,142,92,50
050,13,193,"Georgia","Macon County",3,40,157,103,54
050,13,193,"Georgia","Macon County",3,41,144,88,56
050,13,193,"Georgia","Macon County",3,42,161,100,61
050,13,193,"Georgia","Macon County",3,43,131,84,47
050,13,193,"Georgia","Macon County",3,44,143,88,55
050,13,193,"Georgia","Macon County",3,45,131,80,51
050,13,193,"Georgia","Macon County",3,46,144,87,57
050,13,193,"Georgia","Macon County",3,47,143,84,59
050,13,193,"Georgia","Macon County",3,48,148,82,66
050,13,193,"Georgia","Macon County",3,49,152,92,60
050,13,193,"Georgia","Macon County",3,50,133,81,52
050,13,193,"Georgia","Macon County",3,51,131,73,58
050,13,193,"Georgia","Macon County",3,52,128,70,58
050,13,193,"Georgia","Macon County",3,53,142,79,63
050,13,193,"Georgia","Macon County",3,54,158,85,73
050,13,193,"Georgia","Macon County",3,55,172,82,90
050,13,193,"Georgia","Macon County",3,56,168,85,83
050,13,193,"Georgia","Macon County",3,57,165,93,72
050,13,193,"Georgia","Macon County",3,58,181,93,88
050,13,193,"Georgia","Macon County",3,59,167,76,91
050,13,193,"Georgia","Macon County",3,60,150,61,89
050,13,193,"Georgia","Macon County",3,61,170,80,90
050,13,193,"Georgia","Macon County",3,62,172,86,86
050,13,193,"Georgia","Macon County",3,63,192,85,107
050,13,193,"Georgia","Macon County",3,64,163,81,82
050,13,193,"Georgia","Macon County",3,65,165,87,78
050,13,193,"Georgia","Macon County",3,66,168,82,86
050,13,193,"Georgia","Macon County",3,67,181,100,81
050,13,193,"Georgia","Macon County",3,68,162,84,78
050,13,193,"Georgia","Macon County",3,69,136,61,75
050,13,193,"Georgia","Macon County",3,70,125,59,66
050,13,193,"Georgia","Macon County",3,71,134,63,71
050,13,193,"Georgia","Macon County",3,72,116,53,63
050,13,193,"Georgia","Macon County",3,73,127,59,68
050,13,193,"Georgia","Macon County",3,74,120,61,59
050,13,193,"Georgia","Macon County",3,75,82,41,41
050,13,193,"Georgia","Macon County",3,76,86,44,42
050,13,193,"Georgia","Macon County",3,77,89,42,47
050,13,193,"Georgia","Macon County",3,78,80,29,51
050,13,193,"Georgia","Macon County",3,79,76,33,43
050,13,193,"Georgia","Macon County",3,80,60,25,35
050,13,193,"Georgia","Macon County",3,81,50,17,33
050,13,193,"Georgia","Macon County",3,82,47,18,29
050,13,193,"Georgia","Macon County",3,83,33,11,22
050,13,193,"Georgia","Macon County",3,84,37,12,25
050,13,193,"Georgia","Macon County",3,85,159,75,84
050,13,193,"Georgia","Macon County",4,0,121,64,57
050,13,193,"Georgia","Macon County",4,1,125,69,56
050,13,193,"Georgia","Macon County",4,2,119,62,57
050,13,193,"Georgia","Macon County",4,3,120,61,59
050,13,193,"Georgia","Macon County",4,4,113,55,58
050,13,193,"Georgia","Macon County",4,5,114,55,59
050,13,193,"Georgia","Macon County",4,6,123,60,63
050,13,193,"Georgia","Macon County",4,7,121,52,69
050,13,193,"Georgia","Macon County",4,8,108,53,55
050,13,193,"Georgia","Macon County",4,9,113,59,54
050,13,193,"Georgia","Macon County",4,10,113,57,56
050,13,193,"Georgia","Macon County",4,11,122,60,62
050,13,193,"Georgia","Macon County",4,12,129,69,60
050,13,193,"Georgia","Macon County",4,13,114,55,59
050,13,193,"Georgia","Macon County",4,14,138,67,71
050,13,193,"Georgia","Macon County",4,15,138,73,65
050,13,193,"Georgia","Macon County",4,16,121,63,58
050,13,193,"Georgia","Macon County",4,17,127,66,61
050,13,193,"Georgia","Macon County",4,18,109,60,49
050,13,193,"Georgia","Macon County",4,19,101,60,41
050,13,193,"Georgia","Macon County",4,20,143,90,53
050,13,193,"Georgia","Macon County",4,21,157,94,63
050,13,193,"Georgia","Macon County",4,22,191,126,65
050,13,193,"Georgia","Macon County",4,23,179,123,56
050,13,193,"Georgia","Macon County",4,24,168,119,49
050,13,193,"Georgia","Macon County",4,25,156,93,63
050,13,193,"Georgia","Macon County",4,26,178,118,60
050,13,193,"Georgia","Macon County",4,27,160,112,48
050,13,193,"Georgia","Macon County",4,28,180,111,69
050,13,193,"Georgia","Macon County",4,29,198,130,68
050,13,193,"Georgia","Macon County",4,30,180,128,52
050,13,193,"Georgia","Macon County",4,31,181,118,63
050,13,193,"Georgia","Macon County",4,32,175,112,63
050,13,193,"Georgia","Macon County",4,33,162,104,58
050,13,193,"Georgia","Macon County",4,34,147,96,51
050,13,193,"Georgia","Macon County",4,35,165,112,53
050,13,193,"Georgia","Macon County",4,36,155,104,51
050,13,193,"Georgia","Macon County",4,37,151,98,53
050,13,193,"Georgia","Macon County",4,38,150,91,59
050,13,193,"Georgia","Macon County",4,39,157,100,57
050,13,193,"Georgia","Macon County",4,40,147,93,54
050,13,193,"Georgia","Macon County",4,41,153,96,57
050,13,193,"Georgia","Macon County",4,42,163,104,59
050,13,193,"Georgia","Macon County",4,43,133,77,56
050,13,193,"Georgia","Macon County",4,44,145,96,49
050,13,193,"Georgia","Macon County",4,45,142,83,59
050,13,193,"Georgia","Macon County",4,46,136,86,50
050,13,193,"Georgia","Macon County",4,47,135,83,52
050,13,193,"Georgia","Macon County",4,48,146,85,61
050,13,193,"Georgia","Macon County",4,49,151,85,66
050,13,193,"Georgia","Macon County",4,50,133,80,53
050,13,193,"Georgia","Macon County",4,51,138,82,56
050,13,193,"Georgia","Macon County",4,52,124,67,57
050,13,193,"Georgia","Macon County",4,53,133,77,56
050,13,193,"Georgia","Macon County",4,54,138,74,64
050,13,193,"Georgia","Macon County",4,55,152,82,70
050,13,193,"Georgia","Macon County",4,56,172,75,97
050,13,193,"Georgia","Macon County",4,57,165,92,73
050,13,193,"Georgia","Macon County",4,58,177,99,78
050,13,193,"Georgia","Macon County",4,59,163,80,83
050,13,193,"Georgia","Macon County",4,60,155,73,82
050,13,193,"Georgia","Macon County",4,61,146,62,84
050,13,193,"Georgia","Macon County",4,62,162,77,85
050,13,193,"Georgia","Macon County",4,63,174,86,88
050,13,193,"Georgia","Macon County",4,64,179,78,101
050,13,193,"Georgia","Macon County",4,65,164,80,84
050,13,193,"Georgia","Macon County",4,66,161,90,71
050,13,193,"Georgia","Macon County",4,67,177,92,85
050,13,193,"Georgia","Macon County",4,68,180,96,84
050,13,193,"Georgia","Macon County",4,69,145,70,75
050,13,193,"Georgia","Macon County",4,70,139,61,78
050,13,193,"Georgia","Macon County",4,71,125,56,69
050,13,193,"Georgia","Macon County",4,72,116,55,61
050,13,193,"Georgia","Macon County",4,73,116,57,59
050,13,193,"Georgia","Macon County",4,74,123,54,69
050,13,193,"Georgia","Macon County",4,75,110,55,55
050,13,193,"Georgia","Macon County",4,76,81,35,46
050,13,193,"Georgia","Macon County",4,77,94,49,45
050,13,193,"Georgia","Macon County",4,78,73,36,37
050,13,193,"Georgia","Macon County",4,79,72,27,45
050,13,193,"Georgia","Macon County",4,80,72,31,41
050,13,193,"Georgia","Macon County",4,81,57,24,33
050,13,193,"Georgia","Macon County",4,82,55,17,38
050,13,193,"Georgia","Macon County",4,83,40,17,23
050,13,193,"Georgia","Macon County",4,84,35,10,25
050,13,193,"Georgia","Macon County",4,85,158,72,86
050,13,193,"Georgia","Macon County",5,0,122,63,59
050,13,193,"Georgia","Macon County",5,1,132,68,64
050,13,193,"Georgia","Macon County",5,2,113,61,52
050,13,193,"Georgia","Macon County",5,3,116,59,57
050,13,193,"Georgia","Macon County",5,4,116,57,59
050,13,193,"Georgia","Macon County",5,5,108,52,56
050,13,193,"Georgia","Macon County",5,6,110,54,56
050,13,193,"Georgia","Macon County",5,7,111,54,57
050,13,193,"Georgia","Macon County",5,8,108,46,62
050,13,193,"Georgia","Macon County",5,9,102,48,54
050,13,193,"Georgia","Macon County",5,10,94,49,45
050,13,193,"Georgia","Macon County",5,11,120,63,57
050,13,193,"Georgia","Macon County",5,12,116,51,65
050,13,193,"Georgia","Macon County",5,13,119,65,54
050,13,193,"Georgia","Macon County",5,14,116,50,66
050,13,193,"Georgia","Macon County",5,15,134,70,64
050,13,193,"Georgia","Macon County",5,16,132,69,63
050,13,193,"Georgia","Macon County",5,17,125,64,61
050,13,193,"Georgia","Macon County",5,18,114,66,48
050,13,193,"Georgia","Macon County",5,19,104,65,39
050,13,193,"Georgia","Macon County",5,20,128,84,44
050,13,193,"Georgia","Macon County",5,21,163,101,62
050,13,193,"Georgia","Macon County",5,22,187,128,59
050,13,193,"Georgia","Macon County",5,23,181,127,54
050,13,193,"Georgia","Macon County",5,24,189,134,55
050,13,193,"Georgia","Macon County",5,25,171,119,52
050,13,193,"Georgia","Macon County",5,26,164,107,57
050,13,193,"Georgia","Macon County",5,27,190,138,52
050,13,193,"Georgia","Macon County",5,28,146,105,41
050,13,193,"Georgia","Macon County",5,29,197,127,70
050,13,193,"Georgia","Macon County",5,30,210,145,65
050,13,193,"Georgia","Macon County",5,31,173,124,49
050,13,193,"Georgia","Macon County",5,32,189,128,61
050,13,193,"Georgia","Macon County",5,33,184,121,63
050,13,193,"Georgia","Macon County",5,34,159,105,54
050,13,193,"Georgia","Macon County",5,35,153,98,55
050,13,193,"Georgia","Macon County",5,36,162,112,50
050,13,193,"Georgia","Macon County",5,37,153,108,45
050,13,193,"Georgia","Macon County",5,38,149,102,47
050,13,193,"Georgia","Macon County",5,39,152,94,58
050,13,193,"Georgia","Macon County",5,40,169,114,55
050,13,193,"Georgia","Macon County",5,41,144,96,48
050,13,193,"Georgia","Macon County",5,42,174,116,58
050,13,193,"Georgia","Macon County",5,43,138,85,53
050,13,193,"Georgia","Macon County",5,44,141,85,56
050,13,193,"Georgia","Macon County",5,45,137,92,45
050,13,193,"Georgia","Macon County",5,46,157,96,61
050,13,193,"Georgia","Macon County",5,47,126,81,45
050,13,193,"Georgia","Macon County",5,48,147,89,58
050,13,193,"Georgia","Macon County",5,49,152,90,62
050,13,193,"Georgia","Macon County",5,50,138,75,63
050,13,193,"Georgia","Macon County",5,51,141,83,58
050,13,193,"Georgia","Macon County",5,52,134,76,58
050,13,193,"Georgia","Macon County",5,53,128,79,49
050,13,193,"Georgia","Macon County",5,54,134,76,58
050,13,193,"Georgia","Macon County",5,55,141,76,65
050,13,193,"Georgia","Macon County",5,56,151,75,76
050,13,193,"Georgia","Macon County",5,57,170,80,90
050,13,193,"Georgia","Macon County",5,58,172,95,77
050,13,193,"Georgia","Macon County",5,59,160,86,74
050,13,193,"Georgia","Macon County",5,60,156,81,75
050,13,193,"Georgia","Macon County",5,61,150,76,74
050,13,193,"Georgia","Macon County",5,62,141,59,82
050,13,193,"Georgia","Macon County",5,63,167,78,89
050,13,193,"Georgia","Macon County",5,64,168,84,84
050,13,193,"Georgia","Macon County",5,65,188,83,105
050,13,193,"Georgia","Macon County",5,66,166,85,81
050,13,193,"Georgia","Macon County",5,67,167,97,70
050,13,193,"Georgia","Macon County",5,68,175,88,87
050,13,193,"Georgia","Macon County",5,69,163,82,81
050,13,193,"Georgia","Macon County",5,70,145,71,74
050,13,193,"Georgia","Macon County",5,71,137,59,78
050,13,193,"Georgia","Macon County",5,72,111,49,62
050,13,193,"Georgia","Macon County",5,73,111,54,57
050,13,193,"Georgia","Macon County",5,74,113,52,61
050,13,193,"Georgia","Macon County",5,75,113,47,66
050,13,193,"Georgia","Macon County",5,76,107,49,58
050,13,193,"Georgia","Macon County",5,77,88,39,49
050,13,193,"Georgia","Macon County",5,78,76,42,34
050,13,193,"Georgia","Macon County",5,79,66,32,34
050,13,193,"Georgia","Macon County",5,80,69,25,44
050,13,193,"Georgia","Macon County",5,81,69,31,38
050,13,193,"Georgia","Macon County",5,82,63,25,38
050,13,193,"Georgia","Macon County",5,83,43,15,28
050,13,193,"Georgia","Macon County",5,84,41,16,25
050,13,193,"Georgia","Macon County",5,85,158,70,88
050,13,195,"Georgia","Madison County",1,0,343,174,169
050,13,195,"Georgia","Madison County",1,1,334,175,159
050,13,195,"Georgia","Madison County",1,2,368,195,173
050,13,195,"Georgia","Madison County",1,3,384,209,175
050,13,195,"Georgia","Madison County",1,4,378,191,187
050,13,195,"Georgia","Madison County",1,5,372,189,183
050,13,195,"Georgia","Madison County",1,6,379,188,191
050,13,195,"Georgia","Madison County",1,7,392,214,178
050,13,195,"Georgia","Madison County",1,8,367,202,165
050,13,195,"Georgia","Madison County",1,9,386,185,201
050,13,195,"Georgia","Madison County",1,10,421,204,217
050,13,195,"Georgia","Madison County",1,11,421,205,216
050,13,195,"Georgia","Madison County",1,12,460,234,226
050,13,195,"Georgia","Madison County",1,13,427,214,213
050,13,195,"Georgia","Madison County",1,14,394,212,182
050,13,195,"Georgia","Madison County",1,15,415,225,190
050,13,195,"Georgia","Madison County",1,16,409,225,184
050,13,195,"Georgia","Madison County",1,17,405,227,178
050,13,195,"Georgia","Madison County",1,18,351,194,157
050,13,195,"Georgia","Madison County",1,19,282,147,135
050,13,195,"Georgia","Madison County",1,20,295,158,137
050,13,195,"Georgia","Madison County",1,21,306,164,142
050,13,195,"Georgia","Madison County",1,22,317,162,155
050,13,195,"Georgia","Madison County",1,23,329,156,173
050,13,195,"Georgia","Madison County",1,24,362,169,193
050,13,195,"Georgia","Madison County",1,25,378,184,194
050,13,195,"Georgia","Madison County",1,26,373,195,178
050,13,195,"Georgia","Madison County",1,27,416,219,197
050,13,195,"Georgia","Madison County",1,28,400,198,202
050,13,195,"Georgia","Madison County",1,29,407,211,196
050,13,195,"Georgia","Madison County",1,30,392,196,196
050,13,195,"Georgia","Madison County",1,31,361,172,189
050,13,195,"Georgia","Madison County",1,32,343,165,178
050,13,195,"Georgia","Madison County",1,33,336,139,197
050,13,195,"Georgia","Madison County",1,34,370,177,193
050,13,195,"Georgia","Madison County",1,35,364,177,187
050,13,195,"Georgia","Madison County",1,36,323,153,170
050,13,195,"Georgia","Madison County",1,37,366,178,188
050,13,195,"Georgia","Madison County",1,38,396,196,200
050,13,195,"Georgia","Madison County",1,39,371,177,194
050,13,195,"Georgia","Madison County",1,40,385,181,204
050,13,195,"Georgia","Madison County",1,41,365,171,194
050,13,195,"Georgia","Madison County",1,42,365,162,203
050,13,195,"Georgia","Madison County",1,43,339,149,190
050,13,195,"Georgia","Madison County",1,44,357,174,183
050,13,195,"Georgia","Madison County",1,45,390,184,206
050,13,195,"Georgia","Madison County",1,46,390,197,193
050,13,195,"Georgia","Madison County",1,47,368,181,187
050,13,195,"Georgia","Madison County",1,48,409,192,217
050,13,195,"Georgia","Madison County",1,49,424,223,201
050,13,195,"Georgia","Madison County",1,50,417,220,197
050,13,195,"Georgia","Madison County",1,51,374,184,190
050,13,195,"Georgia","Madison County",1,52,358,179,179
050,13,195,"Georgia","Madison County",1,53,388,203,185
050,13,195,"Georgia","Madison County",1,54,437,218,219
050,13,195,"Georgia","Madison County",1,55,441,219,222
050,13,195,"Georgia","Madison County",1,56,443,222,221
050,13,195,"Georgia","Madison County",1,57,451,224,227
050,13,195,"Georgia","Madison County",1,58,463,231,232
050,13,195,"Georgia","Madison County",1,59,425,206,219
050,13,195,"Georgia","Madison County",1,60,410,199,211
050,13,195,"Georgia","Madison County",1,61,384,183,201
050,13,195,"Georgia","Madison County",1,62,420,202,218
050,13,195,"Georgia","Madison County",1,63,414,194,220
050,13,195,"Georgia","Madison County",1,64,381,187,194
050,13,195,"Georgia","Madison County",1,65,400,196,204
050,13,195,"Georgia","Madison County",1,66,372,183,189
050,13,195,"Georgia","Madison County",1,67,343,175,168
050,13,195,"Georgia","Madison County",1,68,359,163,196
050,13,195,"Georgia","Madison County",1,69,310,154,156
050,13,195,"Georgia","Madison County",1,70,306,144,162
050,13,195,"Georgia","Madison County",1,71,300,139,161
050,13,195,"Georgia","Madison County",1,72,305,151,154
050,13,195,"Georgia","Madison County",1,73,305,160,145
050,13,195,"Georgia","Madison County",1,74,217,100,117
050,13,195,"Georgia","Madison County",1,75,232,110,122
050,13,195,"Georgia","Madison County",1,76,234,106,128
050,13,195,"Georgia","Madison County",1,77,217,98,119
050,13,195,"Georgia","Madison County",1,78,183,92,91
050,13,195,"Georgia","Madison County",1,79,165,81,84
050,13,195,"Georgia","Madison County",1,80,142,60,82
050,13,195,"Georgia","Madison County",1,81,127,57,70
050,13,195,"Georgia","Madison County",1,82,122,60,62
050,13,195,"Georgia","Madison County",1,83,116,53,63
050,13,195,"Georgia","Madison County",1,84,93,39,54
050,13,195,"Georgia","Madison County",1,85,389,142,247
050,13,195,"Georgia","Madison County",2,0,348,173,175
050,13,195,"Georgia","Madison County",2,1,341,177,164
050,13,195,"Georgia","Madison County",2,2,365,192,173
050,13,195,"Georgia","Madison County",2,3,382,205,177
050,13,195,"Georgia","Madison County",2,4,383,196,187
050,13,195,"Georgia","Madison County",2,5,377,190,187
050,13,195,"Georgia","Madison County",2,6,383,193,190
050,13,195,"Georgia","Madison County",2,7,389,206,183
050,13,195,"Georgia","Madison County",2,8,377,204,173
050,13,195,"Georgia","Madison County",2,9,385,190,195
050,13,195,"Georgia","Madison County",2,10,419,203,216
050,13,195,"Georgia","Madison County",2,11,425,206,219
050,13,195,"Georgia","Madison County",2,12,454,229,225
050,13,195,"Georgia","Madison County",2,13,435,219,216
050,13,195,"Georgia","Madison County",2,14,403,213,190
050,13,195,"Georgia","Madison County",2,15,410,221,189
050,13,195,"Georgia","Madison County",2,16,409,223,186
050,13,195,"Georgia","Madison County",2,17,405,224,181
050,13,195,"Georgia","Madison County",2,18,349,194,155
050,13,195,"Georgia","Madison County",2,19,284,151,133
050,13,195,"Georgia","Madison County",2,20,301,159,142
050,13,195,"Georgia","Madison County",2,21,308,165,143
050,13,195,"Georgia","Madison County",2,22,321,165,156
050,13,195,"Georgia","Madison County",2,23,333,160,173
050,13,195,"Georgia","Madison County",2,24,362,170,192
050,13,195,"Georgia","Madison County",2,25,379,184,195
050,13,195,"Georgia","Madison County",2,26,381,196,185
050,13,195,"Georgia","Madison County",2,27,410,215,195
050,13,195,"Georgia","Madison County",2,28,408,206,202
050,13,195,"Georgia","Madison County",2,29,411,213,198
050,13,195,"Georgia","Madison County",2,30,405,203,202
050,13,195,"Georgia","Madison County",2,31,369,179,190
050,13,195,"Georgia","Madison County",2,32,350,168,182
050,13,195,"Georgia","Madison County",2,33,336,144,192
050,13,195,"Georgia","Madison County",2,34,366,170,196
050,13,195,"Georgia","Madison County",2,35,368,177,191
050,13,195,"Georgia","Madison County",2,36,332,160,172
050,13,195,"Georgia","Madison County",2,37,359,173,186
050,13,195,"Georgia","Madison County",2,38,389,190,199
050,13,195,"Georgia","Madison County",2,39,381,184,197
050,13,195,"Georgia","Madison County",2,40,388,184,204
050,13,195,"Georgia","Madison County",2,41,369,173,196
050,13,195,"Georgia","Madison County",2,42,363,163,200
050,13,195,"Georgia","Madison County",2,43,352,157,195
050,13,195,"Georgia","Madison County",2,44,350,166,184
050,13,195,"Georgia","Madison County",2,45,386,185,201
050,13,195,"Georgia","Madison County",2,46,388,192,196
050,13,195,"Georgia","Madison County",2,47,375,184,191
050,13,195,"Georgia","Madison County",2,48,399,191,208
050,13,195,"Georgia","Madison County",2,49,426,219,207
050,13,195,"Georgia","Madison County",2,50,418,221,197
050,13,195,"Georgia","Madison County",2,51,383,193,190
050,13,195,"Georgia","Madison County",2,52,362,181,181
050,13,195,"Georgia","Madison County",2,53,381,197,184
050,13,195,"Georgia","Madison County",2,54,427,215,212
050,13,195,"Georgia","Madison County",2,55,439,218,221
050,13,195,"Georgia","Madison County",2,56,445,222,223
050,13,195,"Georgia","Madison County",2,57,452,223,229
050,13,195,"Georgia","Madison County",2,58,460,228,232
050,13,195,"Georgia","Madison County",2,59,436,213,223
050,13,195,"Georgia","Madison County",2,60,412,200,212
050,13,195,"Georgia","Madison County",2,61,387,185,202
050,13,195,"Georgia","Madison County",2,62,412,199,213
050,13,195,"Georgia","Madison County",2,63,419,197,222
050,13,195,"Georgia","Madison County",2,64,388,189,199
050,13,195,"Georgia","Madison County",2,65,395,194,201
050,13,195,"Georgia","Madison County",2,66,376,185,191
050,13,195,"Georgia","Madison County",2,67,350,177,173
050,13,195,"Georgia","Madison County",2,68,350,164,186
050,13,195,"Georgia","Madison County",2,69,324,156,168
050,13,195,"Georgia","Madison County",2,70,302,143,159
050,13,195,"Georgia","Madison County",2,71,301,139,162
050,13,195,"Georgia","Madison County",2,72,296,146,150
050,13,195,"Georgia","Madison County",2,73,317,163,154
050,13,195,"Georgia","Madison County",2,74,224,107,117
050,13,195,"Georgia","Madison County",2,75,226,105,121
050,13,195,"Georgia","Madison County",2,76,232,106,126
050,13,195,"Georgia","Madison County",2,77,224,101,123
050,13,195,"Georgia","Madison County",2,78,184,90,94
050,13,195,"Georgia","Madison County",2,79,170,83,87
050,13,195,"Georgia","Madison County",2,80,147,65,82
050,13,195,"Georgia","Madison County",2,81,129,57,72
050,13,195,"Georgia","Madison County",2,82,118,55,63
050,13,195,"Georgia","Madison County",2,83,113,54,59
050,13,195,"Georgia","Madison County",2,84,95,39,56
050,13,195,"Georgia","Madison County",2,85,394,144,250
050,13,195,"Georgia","Madison County",3,0,363,178,185
050,13,195,"Georgia","Madison County",3,1,363,170,193
050,13,195,"Georgia","Madison County",3,2,346,180,166
050,13,195,"Georgia","Madison County",3,3,379,195,184
050,13,195,"Georgia","Madison County",3,4,393,223,170
050,13,195,"Georgia","Madison County",3,5,386,200,186
050,13,195,"Georgia","Madison County",3,6,376,190,186
050,13,195,"Georgia","Madison County",3,7,379,188,191
050,13,195,"Georgia","Madison County",3,8,393,210,183
050,13,195,"Georgia","Madison County",3,9,396,217,179
050,13,195,"Georgia","Madison County",3,10,394,195,199
050,13,195,"Georgia","Madison County",3,11,450,217,233
050,13,195,"Georgia","Madison County",3,12,438,208,230
050,13,195,"Georgia","Madison County",3,13,454,229,225
050,13,195,"Georgia","Madison County",3,14,450,230,220
050,13,195,"Georgia","Madison County",3,15,418,231,187
050,13,195,"Georgia","Madison County",3,16,427,227,200
050,13,195,"Georgia","Madison County",3,17,409,221,188
050,13,195,"Georgia","Madison County",3,18,372,213,159
050,13,195,"Georgia","Madison County",3,19,290,159,131
050,13,195,"Georgia","Madison County",3,20,322,170,152
050,13,195,"Georgia","Madison County",3,21,317,169,148
050,13,195,"Georgia","Madison County",3,22,333,173,160
050,13,195,"Georgia","Madison County",3,23,347,169,178
050,13,195,"Georgia","Madison County",3,24,336,162,174
050,13,195,"Georgia","Madison County",3,25,389,188,201
050,13,195,"Georgia","Madison County",3,26,379,193,186
050,13,195,"Georgia","Madison County",3,27,377,194,183
050,13,195,"Georgia","Madison County",3,28,419,219,200
050,13,195,"Georgia","Madison County",3,29,438,208,230
050,13,195,"Georgia","Madison County",3,30,417,215,202
050,13,195,"Georgia","Madison County",3,31,417,210,207
050,13,195,"Georgia","Madison County",3,32,387,194,193
050,13,195,"Georgia","Madison County",3,33,354,169,185
050,13,195,"Georgia","Madison County",3,34,357,154,203
050,13,195,"Georgia","Madison County",3,35,389,184,205
050,13,195,"Georgia","Madison County",3,36,380,182,198
050,13,195,"Georgia","Madison County",3,37,351,169,182
050,13,195,"Georgia","Madison County",3,38,377,185,192
050,13,195,"Georgia","Madison County",3,39,399,183,216
050,13,195,"Georgia","Madison County",3,40,410,204,206
050,13,195,"Georgia","Madison County",3,41,398,188,210
050,13,195,"Georgia","Madison County",3,42,391,185,206
050,13,195,"Georgia","Madison County",3,43,373,170,203
050,13,195,"Georgia","Madison County",3,44,344,151,193
050,13,195,"Georgia","Madison County",3,45,357,165,192
050,13,195,"Georgia","Madison County",3,46,370,174,196
050,13,195,"Georgia","Madison County",3,47,394,194,200
050,13,195,"Georgia","Madison County",3,48,383,186,197
050,13,195,"Georgia","Madison County",3,49,402,193,209
050,13,195,"Georgia","Madison County",3,50,425,219,206
050,13,195,"Georgia","Madison County",3,51,428,226,202
050,13,195,"Georgia","Madison County",3,52,379,191,188
050,13,195,"Georgia","Madison County",3,53,358,169,189
050,13,195,"Georgia","Madison County",3,54,383,195,188
050,13,195,"Georgia","Madison County",3,55,417,211,206
050,13,195,"Georgia","Madison County",3,56,423,203,220
050,13,195,"Georgia","Madison County",3,57,458,229,229
050,13,195,"Georgia","Madison County",3,58,452,224,228
050,13,195,"Georgia","Madison County",3,59,462,231,231
050,13,195,"Georgia","Madison County",3,60,438,213,225
050,13,195,"Georgia","Madison County",3,61,417,202,215
050,13,195,"Georgia","Madison County",3,62,391,191,200
050,13,195,"Georgia","Madison County",3,63,402,193,209
050,13,195,"Georgia","Madison County",3,64,407,188,219
050,13,195,"Georgia","Madison County",3,65,380,180,200
050,13,195,"Georgia","Madison County",3,66,398,196,202
050,13,195,"Georgia","Madison County",3,67,377,186,191
050,13,195,"Georgia","Madison County",3,68,352,176,176
050,13,195,"Georgia","Madison County",3,69,333,157,176
050,13,195,"Georgia","Madison County",3,70,323,155,168
050,13,195,"Georgia","Madison County",3,71,297,140,157
050,13,195,"Georgia","Madison County",3,72,302,135,167
050,13,195,"Georgia","Madison County",3,73,285,140,145
050,13,195,"Georgia","Madison County",3,74,311,163,148
050,13,195,"Georgia","Madison County",3,75,218,102,116
050,13,195,"Georgia","Madison County",3,76,221,100,121
050,13,195,"Georgia","Madison County",3,77,216,98,118
050,13,195,"Georgia","Madison County",3,78,218,97,121
050,13,195,"Georgia","Madison County",3,79,183,88,95
050,13,195,"Georgia","Madison County",3,80,170,82,88
050,13,195,"Georgia","Madison County",3,81,131,60,71
050,13,195,"Georgia","Madison County",3,82,123,52,71
050,13,195,"Georgia","Madison County",3,83,105,47,58
050,13,195,"Georgia","Madison County",3,84,106,50,56
050,13,195,"Georgia","Madison County",3,85,415,156,259
050,13,195,"Georgia","Madison County",4,0,397,201,196
050,13,195,"Georgia","Madison County",4,1,383,191,192
050,13,195,"Georgia","Madison County",4,2,378,198,180
050,13,195,"Georgia","Madison County",4,3,351,180,171
050,13,195,"Georgia","Madison County",4,4,377,194,183
050,13,195,"Georgia","Madison County",4,5,413,231,182
050,13,195,"Georgia","Madison County",4,6,416,209,207
050,13,195,"Georgia","Madison County",4,7,386,192,194
050,13,195,"Georgia","Madison County",4,8,397,196,201
050,13,195,"Georgia","Madison County",4,9,417,216,201
050,13,195,"Georgia","Madison County",4,10,408,225,183
050,13,195,"Georgia","Madison County",4,11,378,189,189
050,13,195,"Georgia","Madison County",4,12,456,229,227
050,13,195,"Georgia","Madison County",4,13,434,207,227
050,13,195,"Georgia","Madison County",4,14,467,239,228
050,13,195,"Georgia","Madison County",4,15,449,222,227
050,13,195,"Georgia","Madison County",4,16,414,230,184
050,13,195,"Georgia","Madison County",4,17,434,232,202
050,13,195,"Georgia","Madison County",4,18,355,205,150
050,13,195,"Georgia","Madison County",4,19,291,159,132
050,13,195,"Georgia","Madison County",4,20,314,173,141
050,13,195,"Georgia","Madison County",4,21,339,179,160
050,13,195,"Georgia","Madison County",4,22,360,179,181
050,13,195,"Georgia","Madison County",4,23,361,182,179
050,13,195,"Georgia","Madison County",4,24,370,184,186
050,13,195,"Georgia","Madison County",4,25,361,176,185
050,13,195,"Georgia","Madison County",4,26,401,193,208
050,13,195,"Georgia","Madison County",4,27,392,197,195
050,13,195,"Georgia","Madison County",4,28,402,210,192
050,13,195,"Georgia","Madison County",4,29,443,220,223
050,13,195,"Georgia","Madison County",4,30,459,215,244
050,13,195,"Georgia","Madison County",4,31,422,221,201
050,13,195,"Georgia","Madison County",4,32,466,241,225
050,13,195,"Georgia","Madison County",4,33,405,195,210
050,13,195,"Georgia","Madison County",4,34,371,172,199
050,13,195,"Georgia","Madison County",4,35,357,156,201
050,13,195,"Georgia","Madison County",4,36,390,195,195
050,13,195,"Georgia","Madison County",4,37,395,192,203
050,13,195,"Georgia","Madison County",4,38,352,169,183
050,13,195,"Georgia","Madison County",4,39,369,183,186
050,13,195,"Georgia","Madison County",4,40,394,179,215
050,13,195,"Georgia","Madison County",4,41,430,212,218
050,13,195,"Georgia","Madison County",4,42,408,192,216
050,13,195,"Georgia","Madison County",4,43,403,188,215
050,13,195,"Georgia","Madison County",4,44,357,164,193
050,13,195,"Georgia","Madison County",4,45,349,153,196
050,13,195,"Georgia","Madison County",4,46,364,176,188
050,13,195,"Georgia","Madison County",4,47,371,176,195
050,13,195,"Georgia","Madison County",4,48,409,196,213
050,13,195,"Georgia","Madison County",4,49,394,194,200
050,13,195,"Georgia","Madison County",4,50,407,198,209
050,13,195,"Georgia","Madison County",4,51,441,225,216
050,13,195,"Georgia","Madison County",4,52,435,228,207
050,13,195,"Georgia","Madison County",4,53,376,186,190
050,13,195,"Georgia","Madison County",4,54,367,179,188
050,13,195,"Georgia","Madison County",4,55,387,196,191
050,13,195,"Georgia","Madison County",4,56,413,203,210
050,13,195,"Georgia","Madison County",4,57,417,205,212
050,13,195,"Georgia","Madison County",4,58,444,216,228
050,13,195,"Georgia","Madison County",4,59,450,223,227
050,13,195,"Georgia","Madison County",4,60,453,227,226
050,13,195,"Georgia","Madison County",4,61,434,216,218
050,13,195,"Georgia","Madison County",4,62,413,204,209
050,13,195,"Georgia","Madison County",4,63,402,195,207
050,13,195,"Georgia","Madison County",4,64,402,194,208
050,13,195,"Georgia","Madison County",4,65,402,186,216
050,13,195,"Georgia","Madison County",4,66,372,176,196
050,13,195,"Georgia","Madison County",4,67,399,197,202
050,13,195,"Georgia","Madison County",4,68,372,183,189
050,13,195,"Georgia","Madison County",4,69,349,174,175
050,13,195,"Georgia","Madison County",4,70,332,156,176
050,13,195,"Georgia","Madison County",4,71,315,148,167
050,13,195,"Georgia","Madison County",4,72,284,135,149
050,13,195,"Georgia","Madison County",4,73,285,123,162
050,13,195,"Georgia","Madison County",4,74,270,127,143
050,13,195,"Georgia","Madison County",4,75,297,152,145
050,13,195,"Georgia","Madison County",4,76,210,97,113
050,13,195,"Georgia","Madison County",4,77,203,93,110
050,13,195,"Georgia","Madison County",4,78,207,95,112
050,13,195,"Georgia","Madison County",4,79,212,92,120
050,13,195,"Georgia","Madison County",4,80,168,79,89
050,13,195,"Georgia","Madison County",4,81,159,75,84
050,13,195,"Georgia","Madison County",4,82,117,52,65
050,13,195,"Georgia","Madison County",4,83,116,52,64
050,13,195,"Georgia","Madison County",4,84,99,44,55
050,13,195,"Georgia","Madison County",4,85,432,173,259
050,13,195,"Georgia","Madison County",5,0,400,201,199
050,13,195,"Georgia","Madison County",5,1,395,212,183
050,13,195,"Georgia","Madison County",5,2,375,188,187
050,13,195,"Georgia","Madison County",5,3,381,198,183
050,13,195,"Georgia","Madison County",5,4,375,197,178
050,13,195,"Georgia","Madison County",5,5,390,198,192
050,13,195,"Georgia","Madison County",5,6,441,250,191
050,13,195,"Georgia","Madison County",5,7,424,213,211
050,13,195,"Georgia","Madison County",5,8,417,211,206
050,13,195,"Georgia","Madison County",5,9,402,206,196
050,13,195,"Georgia","Madison County",5,10,427,228,199
050,13,195,"Georgia","Madison County",5,11,415,223,192
050,13,195,"Georgia","Madison County",5,12,404,204,200
050,13,195,"Georgia","Madison County",5,13,451,228,223
050,13,195,"Georgia","Madison County",5,14,450,221,229
050,13,195,"Georgia","Madison County",5,15,474,245,229
050,13,195,"Georgia","Madison County",5,16,458,228,230
050,13,195,"Georgia","Madison County",5,17,432,239,193
050,13,195,"Georgia","Madison County",5,18,378,205,173
050,13,195,"Georgia","Madison County",5,19,288,165,123
050,13,195,"Georgia","Madison County",5,20,318,176,142
050,13,195,"Georgia","Madison County",5,21,331,177,154
050,13,195,"Georgia","Madison County",5,22,361,181,180
050,13,195,"Georgia","Madison County",5,23,388,187,201
050,13,195,"Georgia","Madison County",5,24,370,196,174
050,13,195,"Georgia","Madison County",5,25,359,174,185
050,13,195,"Georgia","Madison County",5,26,362,180,182
050,13,195,"Georgia","Madison County",5,27,394,190,204
050,13,195,"Georgia","Madison County",5,28,415,207,208
050,13,195,"Georgia","Madison County",5,29,420,219,201
050,13,195,"Georgia","Madison County",5,30,465,234,231
050,13,195,"Georgia","Madison County",5,31,473,220,253
050,13,195,"Georgia","Madison County",5,32,446,238,208
050,13,195,"Georgia","Madison County",5,33,476,246,230
050,13,195,"Georgia","Madison County",5,34,411,199,212
050,13,195,"Georgia","Madison County",5,35,393,192,201
050,13,195,"Georgia","Madison County",5,36,380,163,217
050,13,195,"Georgia","Madison County",5,37,394,198,196
050,13,195,"Georgia","Madison County",5,38,392,182,210
050,13,195,"Georgia","Madison County",5,39,374,181,193
050,13,195,"Georgia","Madison County",5,40,381,187,194
050,13,195,"Georgia","Madison County",5,41,414,195,219
050,13,195,"Georgia","Madison County",5,42,437,210,227
050,13,195,"Georgia","Madison County",5,43,412,198,214
050,13,195,"Georgia","Madison County",5,44,404,185,219
050,13,195,"Georgia","Madison County",5,45,379,177,202
050,13,195,"Georgia","Madison County",5,46,354,155,199
050,13,195,"Georgia","Madison County",5,47,366,171,195
050,13,195,"Georgia","Madison County",5,48,371,182,189
050,13,195,"Georgia","Madison County",5,49,419,192,227
050,13,195,"Georgia","Madison County",5,50,404,196,208
050,13,195,"Georgia","Madison County",5,51,420,202,218
050,13,195,"Georgia","Madison County",5,52,462,231,231
050,13,195,"Georgia","Madison County",5,53,458,235,223
050,13,195,"Georgia","Madison County",5,54,400,193,207
050,13,195,"Georgia","Madison County",5,55,366,179,187
050,13,195,"Georgia","Madison County",5,56,401,201,200
050,13,195,"Georgia","Madison County",5,57,421,210,211
050,13,195,"Georgia","Madison County",5,58,426,211,215
050,13,195,"Georgia","Madison County",5,59,448,221,227
050,13,195,"Georgia","Madison County",5,60,461,226,235
050,13,195,"Georgia","Madison County",5,61,464,234,230
050,13,195,"Georgia","Madison County",5,62,427,215,212
050,13,195,"Georgia","Madison County",5,63,416,204,212
050,13,195,"Georgia","Madison County",5,64,405,197,208
050,13,195,"Georgia","Madison County",5,65,390,184,206
050,13,195,"Georgia","Madison County",5,66,410,191,219
050,13,195,"Georgia","Madison County",5,67,369,175,194
050,13,195,"Georgia","Madison County",5,68,397,196,201
050,13,195,"Georgia","Madison County",5,69,369,181,188
050,13,195,"Georgia","Madison County",5,70,339,170,169
050,13,195,"Georgia","Madison County",5,71,323,153,170
050,13,195,"Georgia","Madison County",5,72,299,137,162
050,13,195,"Georgia","Madison County",5,73,272,127,145
050,13,195,"Georgia","Madison County",5,74,277,120,157
050,13,195,"Georgia","Madison County",5,75,257,118,139
050,13,195,"Georgia","Madison County",5,76,286,145,141
050,13,195,"Georgia","Madison County",5,77,195,90,105
050,13,195,"Georgia","Madison County",5,78,193,90,103
050,13,195,"Georgia","Madison County",5,79,207,93,114
050,13,195,"Georgia","Madison County",5,80,201,90,111
050,13,195,"Georgia","Madison County",5,81,152,71,81
050,13,195,"Georgia","Madison County",5,82,151,71,80
050,13,195,"Georgia","Madison County",5,83,113,53,60
050,13,195,"Georgia","Madison County",5,84,108,49,59
050,13,195,"Georgia","Madison County",5,85,468,192,276
050,13,197,"Georgia","Marion County",1,0,72,37,35
050,13,197,"Georgia","Marion County",1,1,82,41,41
050,13,197,"Georgia","Marion County",1,2,67,31,36
050,13,197,"Georgia","Marion County",1,3,66,30,36
050,13,197,"Georgia","Marion County",1,4,68,33,35
050,13,197,"Georgia","Marion County",1,5,80,42,38
050,13,197,"Georgia","Marion County",1,6,80,44,36
050,13,197,"Georgia","Marion County",1,7,77,35,42
050,13,197,"Georgia","Marion County",1,8,84,43,41
050,13,197,"Georgia","Marion County",1,9,95,50,45
050,13,197,"Georgia","Marion County",1,10,99,43,56
050,13,197,"Georgia","Marion County",1,11,97,40,57
050,13,197,"Georgia","Marion County",1,12,108,49,59
050,13,197,"Georgia","Marion County",1,13,106,54,52
050,13,197,"Georgia","Marion County",1,14,87,40,47
050,13,197,"Georgia","Marion County",1,15,90,45,45
050,13,197,"Georgia","Marion County",1,16,80,42,38
050,13,197,"Georgia","Marion County",1,17,88,48,40
050,13,197,"Georgia","Marion County",1,18,94,48,46
050,13,197,"Georgia","Marion County",1,19,83,42,41
050,13,197,"Georgia","Marion County",1,20,77,40,37
050,13,197,"Georgia","Marion County",1,21,84,43,41
050,13,197,"Georgia","Marion County",1,22,82,35,47
050,13,197,"Georgia","Marion County",1,23,85,40,45
050,13,197,"Georgia","Marion County",1,24,78,44,34
050,13,197,"Georgia","Marion County",1,25,72,44,28
050,13,197,"Georgia","Marion County",1,26,80,46,34
050,13,197,"Georgia","Marion County",1,27,80,40,40
050,13,197,"Georgia","Marion County",1,28,91,41,50
050,13,197,"Georgia","Marion County",1,29,87,48,39
050,13,197,"Georgia","Marion County",1,30,84,49,35
050,13,197,"Georgia","Marion County",1,31,74,37,37
050,13,197,"Georgia","Marion County",1,32,89,39,50
050,13,197,"Georgia","Marion County",1,33,82,34,48
050,13,197,"Georgia","Marion County",1,34,90,44,46
050,13,197,"Georgia","Marion County",1,35,85,47,38
050,13,197,"Georgia","Marion County",1,36,77,37,40
050,13,197,"Georgia","Marion County",1,37,78,42,36
050,13,197,"Georgia","Marion County",1,38,73,34,39
050,13,197,"Georgia","Marion County",1,39,77,33,44
050,13,197,"Georgia","Marion County",1,40,72,40,32
050,13,197,"Georgia","Marion County",1,41,57,35,22
050,13,197,"Georgia","Marion County",1,42,74,35,39
050,13,197,"Georgia","Marion County",1,43,81,44,37
050,13,197,"Georgia","Marion County",1,44,88,43,45
050,13,197,"Georgia","Marion County",1,45,89,41,48
050,13,197,"Georgia","Marion County",1,46,90,39,51
050,13,197,"Georgia","Marion County",1,47,96,43,53
050,13,197,"Georgia","Marion County",1,48,107,53,54
050,13,197,"Georgia","Marion County",1,49,102,52,50
050,13,197,"Georgia","Marion County",1,50,94,47,47
050,13,197,"Georgia","Marion County",1,51,96,52,44
050,13,197,"Georgia","Marion County",1,52,92,45,47
050,13,197,"Georgia","Marion County",1,53,105,44,61
050,13,197,"Georgia","Marion County",1,54,119,56,63
050,13,197,"Georgia","Marion County",1,55,114,55,59
050,13,197,"Georgia","Marion County",1,56,123,59,64
050,13,197,"Georgia","Marion County",1,57,141,68,73
050,13,197,"Georgia","Marion County",1,58,139,76,63
050,13,197,"Georgia","Marion County",1,59,133,69,64
050,13,197,"Georgia","Marion County",1,60,136,82,54
050,13,197,"Georgia","Marion County",1,61,125,70,55
050,13,197,"Georgia","Marion County",1,62,129,62,67
050,13,197,"Georgia","Marion County",1,63,110,50,60
050,13,197,"Georgia","Marion County",1,64,116,59,57
050,13,197,"Georgia","Marion County",1,65,112,60,52
050,13,197,"Georgia","Marion County",1,66,104,54,50
050,13,197,"Georgia","Marion County",1,67,83,43,40
050,13,197,"Georgia","Marion County",1,68,88,45,43
050,13,197,"Georgia","Marion County",1,69,97,45,52
050,13,197,"Georgia","Marion County",1,70,96,50,46
050,13,197,"Georgia","Marion County",1,71,88,40,48
050,13,197,"Georgia","Marion County",1,72,95,49,46
050,13,197,"Georgia","Marion County",1,73,92,47,45
050,13,197,"Georgia","Marion County",1,74,75,42,33
050,13,197,"Georgia","Marion County",1,75,63,29,34
050,13,197,"Georgia","Marion County",1,76,60,24,36
050,13,197,"Georgia","Marion County",1,77,67,25,42
050,13,197,"Georgia","Marion County",1,78,52,26,26
050,13,197,"Georgia","Marion County",1,79,52,23,29
050,13,197,"Georgia","Marion County",1,80,50,23,27
050,13,197,"Georgia","Marion County",1,81,48,22,26
050,13,197,"Georgia","Marion County",1,82,44,20,24
050,13,197,"Georgia","Marion County",1,83,28,11,17
050,13,197,"Georgia","Marion County",1,84,34,8,26
050,13,197,"Georgia","Marion County",1,85,121,55,66
050,13,197,"Georgia","Marion County",2,0,71,37,34
050,13,197,"Georgia","Marion County",2,1,79,40,39
050,13,197,"Georgia","Marion County",2,2,72,35,37
050,13,197,"Georgia","Marion County",2,3,66,29,37
050,13,197,"Georgia","Marion County",2,4,68,32,36
050,13,197,"Georgia","Marion County",2,5,78,40,38
050,13,197,"Georgia","Marion County",2,6,83,45,38
050,13,197,"Georgia","Marion County",2,7,79,38,41
050,13,197,"Georgia","Marion County",2,8,83,42,41
050,13,197,"Georgia","Marion County",2,9,94,49,45
050,13,197,"Georgia","Marion County",2,10,99,45,54
050,13,197,"Georgia","Marion County",2,11,98,42,56
050,13,197,"Georgia","Marion County",2,12,104,46,58
050,13,197,"Georgia","Marion County",2,13,105,51,54
050,13,197,"Georgia","Marion County",2,14,90,42,48
050,13,197,"Georgia","Marion County",2,15,88,44,44
050,13,197,"Georgia","Marion County",2,16,83,43,40
050,13,197,"Georgia","Marion County",2,17,84,45,39
050,13,197,"Georgia","Marion County",2,18,89,46,43
050,13,197,"Georgia","Marion County",2,19,82,42,40
050,13,197,"Georgia","Marion County",2,20,80,41,39
050,13,197,"Georgia","Marion County",2,21,85,44,41
050,13,197,"Georgia","Marion County",2,22,85,39,46
050,13,197,"Georgia","Marion County",2,23,86,39,47
050,13,197,"Georgia","Marion County",2,24,80,43,37
050,13,197,"Georgia","Marion County",2,25,73,43,30
050,13,197,"Georgia","Marion County",2,26,80,47,33
050,13,197,"Georgia","Marion County",2,27,83,43,40
050,13,197,"Georgia","Marion County",2,28,91,42,49
050,13,197,"Georgia","Marion County",2,29,88,47,41
050,13,197,"Georgia","Marion County",2,30,85,48,37
050,13,197,"Georgia","Marion County",2,31,80,42,38
050,13,197,"Georgia","Marion County",2,32,85,38,47
050,13,197,"Georgia","Marion County",2,33,84,35,49
050,13,197,"Georgia","Marion County",2,34,89,42,47
050,13,197,"Georgia","Marion County",2,35,86,46,40
050,13,197,"Georgia","Marion County",2,36,81,40,41
050,13,197,"Georgia","Marion County",2,37,78,41,37
050,13,197,"Georgia","Marion County",2,38,74,36,38
050,13,197,"Georgia","Marion County",2,39,74,33,41
050,13,197,"Georgia","Marion County",2,40,74,38,36
050,13,197,"Georgia","Marion County",2,41,60,36,24
050,13,197,"Georgia","Marion County",2,42,69,35,34
050,13,197,"Georgia","Marion County",2,43,82,43,39
050,13,197,"Georgia","Marion County",2,44,86,42,44
050,13,197,"Georgia","Marion County",2,45,92,44,48
050,13,197,"Georgia","Marion County",2,46,91,40,51
050,13,197,"Georgia","Marion County",2,47,95,43,52
050,13,197,"Georgia","Marion County",2,48,103,51,52
050,13,197,"Georgia","Marion County",2,49,106,55,51
050,13,197,"Georgia","Marion County",2,50,98,49,49
050,13,197,"Georgia","Marion County",2,51,96,52,44
050,13,197,"Georgia","Marion County",2,52,92,46,46
050,13,197,"Georgia","Marion County",2,53,102,44,58
050,13,197,"Georgia","Marion County",2,54,116,53,63
050,13,197,"Georgia","Marion County",2,55,117,56,61
050,13,197,"Georgia","Marion County",2,56,119,58,61
050,13,197,"Georgia","Marion County",2,57,135,65,70
050,13,197,"Georgia","Marion County",2,58,140,73,67
050,13,197,"Georgia","Marion County",2,59,135,71,64
050,13,197,"Georgia","Marion County",2,60,137,80,57
050,13,197,"Georgia","Marion County",2,61,127,73,54
050,13,197,"Georgia","Marion County",2,62,126,62,64
050,13,197,"Georgia","Marion County",2,63,116,53,63
050,13,197,"Georgia","Marion County",2,64,112,56,56
050,13,197,"Georgia","Marion County",2,65,113,58,55
050,13,197,"Georgia","Marion County",2,66,106,55,51
050,13,197,"Georgia","Marion County",2,67,86,45,41
050,13,197,"Georgia","Marion County",2,68,85,44,41
050,13,197,"Georgia","Marion County",2,69,95,45,50
050,13,197,"Georgia","Marion County",2,70,97,49,48
050,13,197,"Georgia","Marion County",2,71,90,42,48
050,13,197,"Georgia","Marion County",2,72,91,46,45
050,13,197,"Georgia","Marion County",2,73,97,49,48
050,13,197,"Georgia","Marion County",2,74,74,41,33
050,13,197,"Georgia","Marion County",2,75,66,32,34
050,13,197,"Georgia","Marion County",2,76,60,24,36
050,13,197,"Georgia","Marion County",2,77,64,23,41
050,13,197,"Georgia","Marion County",2,78,56,26,30
050,13,197,"Georgia","Marion County",2,79,51,23,28
050,13,197,"Georgia","Marion County",2,80,52,23,29
050,13,197,"Georgia","Marion County",2,81,43,19,24
050,13,197,"Georgia","Marion County",2,82,45,20,25
050,13,197,"Georgia","Marion County",2,83,30,12,18
050,13,197,"Georgia","Marion County",2,84,34,9,25
050,13,197,"Georgia","Marion County",2,85,127,56,71
050,13,197,"Georgia","Marion County",3,0,73,39,34
050,13,197,"Georgia","Marion County",3,1,72,37,35
050,13,197,"Georgia","Marion County",3,2,82,46,36
050,13,197,"Georgia","Marion County",3,3,61,35,26
050,13,197,"Georgia","Marion County",3,4,75,30,45
050,13,197,"Georgia","Marion County",3,5,60,31,29
050,13,197,"Georgia","Marion County",3,6,83,44,39
050,13,197,"Georgia","Marion County",3,7,77,41,36
050,13,197,"Georgia","Marion County",3,8,76,40,36
050,13,197,"Georgia","Marion County",3,9,79,39,40
050,13,197,"Georgia","Marion County",3,10,91,46,45
050,13,197,"Georgia","Marion County",3,11,96,43,53
050,13,197,"Georgia","Marion County",3,12,96,39,57
050,13,197,"Georgia","Marion County",3,13,103,43,60
050,13,197,"Georgia","Marion County",3,14,99,44,55
050,13,197,"Georgia","Marion County",3,15,85,41,44
050,13,197,"Georgia","Marion County",3,16,88,43,45
050,13,197,"Georgia","Marion County",3,17,82,46,36
050,13,197,"Georgia","Marion County",3,18,71,39,32
050,13,197,"Georgia","Marion County",3,19,82,40,42
050,13,197,"Georgia","Marion County",3,20,84,44,40
050,13,197,"Georgia","Marion County",3,21,87,41,46
050,13,197,"Georgia","Marion County",3,22,83,44,39
050,13,197,"Georgia","Marion County",3,23,81,31,50
050,13,197,"Georgia","Marion County",3,24,84,37,47
050,13,197,"Georgia","Marion County",3,25,73,43,30
050,13,197,"Georgia","Marion County",3,26,68,38,30
050,13,197,"Georgia","Marion County",3,27,77,47,30
050,13,197,"Georgia","Marion County",3,28,80,42,38
050,13,197,"Georgia","Marion County",3,29,92,44,48
050,13,197,"Georgia","Marion County",3,30,90,46,44
050,13,197,"Georgia","Marion County",3,31,80,48,32
050,13,197,"Georgia","Marion County",3,32,76,34,42
050,13,197,"Georgia","Marion County",3,33,77,38,39
050,13,197,"Georgia","Marion County",3,34,86,36,50
050,13,197,"Georgia","Marion County",3,35,90,42,48
050,13,197,"Georgia","Marion County",3,36,88,46,42
050,13,197,"Georgia","Marion County",3,37,77,31,46
050,13,197,"Georgia","Marion County",3,38,69,40,29
050,13,197,"Georgia","Marion County",3,39,78,37,41
050,13,197,"Georgia","Marion County",3,40,78,34,44
050,13,197,"Georgia","Marion County",3,41,72,36,36
050,13,197,"Georgia","Marion County",3,42,66,39,27
050,13,197,"Georgia","Marion County",3,43,77,39,38
050,13,197,"Georgia","Marion County",3,44,83,42,41
050,13,197,"Georgia","Marion County",3,45,77,38,39
050,13,197,"Georgia","Marion County",3,46,88,47,41
050,13,197,"Georgia","Marion County",3,47,93,38,55
050,13,197,"Georgia","Marion County",3,48,95,44,51
050,13,197,"Georgia","Marion County",3,49,106,53,53
050,13,197,"Georgia","Marion County",3,50,107,54,53
050,13,197,"Georgia","Marion County",3,51,102,51,51
050,13,197,"Georgia","Marion County",3,52,96,54,42
050,13,197,"Georgia","Marion County",3,53,95,50,45
050,13,197,"Georgia","Marion County",3,54,99,41,58
050,13,197,"Georgia","Marion County",3,55,118,53,65
050,13,197,"Georgia","Marion County",3,56,115,54,61
050,13,197,"Georgia","Marion County",3,57,125,60,65
050,13,197,"Georgia","Marion County",3,58,135,61,74
050,13,197,"Georgia","Marion County",3,59,136,69,67
050,13,197,"Georgia","Marion County",3,60,128,68,60
050,13,197,"Georgia","Marion County",3,61,136,80,56
050,13,197,"Georgia","Marion County",3,62,121,71,50
050,13,197,"Georgia","Marion County",3,63,125,64,61
050,13,197,"Georgia","Marion County",3,64,109,50,59
050,13,197,"Georgia","Marion County",3,65,107,51,56
050,13,197,"Georgia","Marion County",3,66,116,60,56
050,13,197,"Georgia","Marion County",3,67,109,57,52
050,13,197,"Georgia","Marion County",3,68,85,43,42
050,13,197,"Georgia","Marion County",3,69,87,47,40
050,13,197,"Georgia","Marion County",3,70,85,41,44
050,13,197,"Georgia","Marion County",3,71,95,48,47
050,13,197,"Georgia","Marion County",3,72,85,40,45
050,13,197,"Georgia","Marion County",3,73,84,41,43
050,13,197,"Georgia","Marion County",3,74,93,48,45
050,13,197,"Georgia","Marion County",3,75,69,37,32
050,13,197,"Georgia","Marion County",3,76,63,30,33
050,13,197,"Georgia","Marion County",3,77,57,24,33
050,13,197,"Georgia","Marion County",3,78,57,21,36
050,13,197,"Georgia","Marion County",3,79,53,26,27
050,13,197,"Georgia","Marion County",3,80,52,25,27
050,13,197,"Georgia","Marion County",3,81,46,19,27
050,13,197,"Georgia","Marion County",3,82,43,19,24
050,13,197,"Georgia","Marion County",3,83,42,18,24
050,13,197,"Georgia","Marion County",3,84,33,12,21
050,13,197,"Georgia","Marion County",3,85,140,59,81
050,13,197,"Georgia","Marion County",4,0,65,35,30
050,13,197,"Georgia","Marion County",4,1,86,40,46
050,13,197,"Georgia","Marion County",4,2,64,36,28
050,13,197,"Georgia","Marion County",4,3,82,43,39
050,13,197,"Georgia","Marion County",4,4,67,38,29
050,13,197,"Georgia","Marion County",4,5,72,29,43
050,13,197,"Georgia","Marion County",4,6,65,31,34
050,13,197,"Georgia","Marion County",4,7,84,41,43
050,13,197,"Georgia","Marion County",4,8,80,42,38
050,13,197,"Georgia","Marion County",4,9,90,49,41
050,13,197,"Georgia","Marion County",4,10,85,44,41
050,13,197,"Georgia","Marion County",4,11,99,52,47
050,13,197,"Georgia","Marion County",4,12,98,44,54
050,13,197,"Georgia","Marion County",4,13,97,40,57
050,13,197,"Georgia","Marion County",4,14,98,42,56
050,13,197,"Georgia","Marion County",4,15,105,49,56
050,13,197,"Georgia","Marion County",4,16,90,44,46
050,13,197,"Georgia","Marion County",4,17,94,46,48
050,13,197,"Georgia","Marion County",4,18,75,44,31
050,13,197,"Georgia","Marion County",4,19,61,33,28
050,13,197,"Georgia","Marion County",4,20,85,43,42
050,13,197,"Georgia","Marion County",4,21,80,40,40
050,13,197,"Georgia","Marion County",4,22,82,41,41
050,13,197,"Georgia","Marion County",4,23,77,41,36
050,13,197,"Georgia","Marion County",4,24,74,32,42
050,13,197,"Georgia","Marion County",4,25,92,42,50
050,13,197,"Georgia","Marion County",4,26,73,44,29
050,13,197,"Georgia","Marion County",4,27,62,35,27
050,13,197,"Georgia","Marion County",4,28,72,41,31
050,13,197,"Georgia","Marion County",4,29,75,44,31
050,13,197,"Georgia","Marion County",4,30,97,45,52
050,13,197,"Georgia","Marion County",4,31,102,50,52
050,13,197,"Georgia","Marion County",4,32,85,45,40
050,13,197,"Georgia","Marion County",4,33,73,35,38
050,13,197,"Georgia","Marion County",4,34,75,33,42
050,13,197,"Georgia","Marion County",4,35,88,33,55
050,13,197,"Georgia","Marion County",4,36,82,34,48
050,13,197,"Georgia","Marion County",4,37,84,45,39
050,13,197,"Georgia","Marion County",4,38,79,35,44
050,13,197,"Georgia","Marion County",4,39,68,39,29
050,13,197,"Georgia","Marion County",4,40,82,40,42
050,13,197,"Georgia","Marion County",4,41,76,35,41
050,13,197,"Georgia","Marion County",4,42,76,36,40
050,13,197,"Georgia","Marion County",4,43,68,40,28
050,13,197,"Georgia","Marion County",4,44,83,40,43
050,13,197,"Georgia","Marion County",4,45,80,43,37
050,13,197,"Georgia","Marion County",4,46,81,40,41
050,13,197,"Georgia","Marion County",4,47,92,45,47
050,13,197,"Georgia","Marion County",4,48,91,39,52
050,13,197,"Georgia","Marion County",4,49,99,46,53
050,13,197,"Georgia","Marion County",4,50,100,47,53
050,13,197,"Georgia","Marion County",4,51,107,58,49
050,13,197,"Georgia","Marion County",4,52,98,50,48
050,13,197,"Georgia","Marion County",4,53,102,59,43
050,13,197,"Georgia","Marion County",4,54,91,47,44
050,13,197,"Georgia","Marion County",4,55,100,43,57
050,13,197,"Georgia","Marion County",4,56,121,53,68
050,13,197,"Georgia","Marion County",4,57,112,50,62
050,13,197,"Georgia","Marion County",4,58,120,53,67
050,13,197,"Georgia","Marion County",4,59,131,60,71
050,13,197,"Georgia","Marion County",4,60,132,71,61
050,13,197,"Georgia","Marion County",4,61,125,66,59
050,13,197,"Georgia","Marion County",4,62,133,80,53
050,13,197,"Georgia","Marion County",4,63,117,69,48
050,13,197,"Georgia","Marion County",4,64,123,64,59
050,13,197,"Georgia","Marion County",4,65,107,49,58
050,13,197,"Georgia","Marion County",4,66,110,53,57
050,13,197,"Georgia","Marion County",4,67,115,60,55
050,13,197,"Georgia","Marion County",4,68,105,54,51
050,13,197,"Georgia","Marion County",4,69,86,45,41
050,13,197,"Georgia","Marion County",4,70,83,41,42
050,13,197,"Georgia","Marion County",4,71,80,38,42
050,13,197,"Georgia","Marion County",4,72,93,48,45
050,13,197,"Georgia","Marion County",4,73,78,36,42
050,13,197,"Georgia","Marion County",4,74,79,38,41
050,13,197,"Georgia","Marion County",4,75,87,44,43
050,13,197,"Georgia","Marion County",4,76,69,34,35
050,13,197,"Georgia","Marion County",4,77,58,30,28
050,13,197,"Georgia","Marion County",4,78,54,22,32
050,13,197,"Georgia","Marion County",4,79,54,20,34
050,13,197,"Georgia","Marion County",4,80,57,29,28
050,13,197,"Georgia","Marion County",4,81,46,21,25
050,13,197,"Georgia","Marion County",4,82,44,20,24
050,13,197,"Georgia","Marion County",4,83,41,18,23
050,13,197,"Georgia","Marion County",4,84,40,16,24
050,13,197,"Georgia","Marion County",4,85,148,59,89
050,13,197,"Georgia","Marion County",5,0,71,40,31
050,13,197,"Georgia","Marion County",5,1,66,39,27
050,13,197,"Georgia","Marion County",5,2,83,45,38
050,13,197,"Georgia","Marion County",5,3,74,34,40
050,13,197,"Georgia","Marion County",5,4,82,47,35
050,13,197,"Georgia","Marion County",5,5,68,40,28
050,13,197,"Georgia","Marion County",5,6,74,29,45
050,13,197,"Georgia","Marion County",5,7,69,33,36
050,13,197,"Georgia","Marion County",5,8,76,42,34
050,13,197,"Georgia","Marion County",5,9,89,51,38
050,13,197,"Georgia","Marion County",5,10,76,39,37
050,13,197,"Georgia","Marion County",5,11,84,43,41
050,13,197,"Georgia","Marion County",5,12,97,50,47
050,13,197,"Georgia","Marion County",5,13,97,42,55
050,13,197,"Georgia","Marion County",5,14,104,45,59
050,13,197,"Georgia","Marion County",5,15,99,42,57
050,13,197,"Georgia","Marion County",5,16,106,46,60
050,13,197,"Georgia","Marion County",5,17,87,42,45
050,13,197,"Georgia","Marion County",5,18,79,42,37
050,13,197,"Georgia","Marion County",5,19,67,42,25
050,13,197,"Georgia","Marion County",5,20,63,31,32
050,13,197,"Georgia","Marion County",5,21,84,42,42
050,13,197,"Georgia","Marion County",5,22,74,32,42
050,13,197,"Georgia","Marion County",5,23,82,40,42
050,13,197,"Georgia","Marion County",5,24,80,42,38
050,13,197,"Georgia","Marion County",5,25,75,32,43
050,13,197,"Georgia","Marion County",5,26,82,37,45
050,13,197,"Georgia","Marion County",5,27,72,42,30
050,13,197,"Georgia","Marion County",5,28,62,36,26
050,13,197,"Georgia","Marion County",5,29,77,44,33
050,13,197,"Georgia","Marion County",5,30,82,47,35
050,13,197,"Georgia","Marion County",5,31,102,44,58
050,13,197,"Georgia","Marion County",5,32,103,50,53
050,13,197,"Georgia","Marion County",5,33,84,43,41
050,13,197,"Georgia","Marion County",5,34,73,34,39
050,13,197,"Georgia","Marion County",5,35,76,31,45
050,13,197,"Georgia","Marion County",5,36,85,32,53
050,13,197,"Georgia","Marion County",5,37,85,36,49
050,13,197,"Georgia","Marion County",5,38,83,42,41
050,13,197,"Georgia","Marion County",5,39,78,33,45
050,13,197,"Georgia","Marion County",5,40,70,41,29
050,13,197,"Georgia","Marion County",5,41,88,41,47
050,13,197,"Georgia","Marion County",5,42,77,37,40
050,13,197,"Georgia","Marion County",5,43,80,36,44
050,13,197,"Georgia","Marion County",5,44,75,43,32
050,13,197,"Georgia","Marion County",5,45,80,39,41
050,13,197,"Georgia","Marion County",5,46,86,46,40
050,13,197,"Georgia","Marion County",5,47,76,37,39
050,13,197,"Georgia","Marion County",5,48,90,48,42
050,13,197,"Georgia","Marion County",5,49,94,42,52
050,13,197,"Georgia","Marion County",5,50,89,43,46
050,13,197,"Georgia","Marion County",5,51,102,47,55
050,13,197,"Georgia","Marion County",5,52,102,54,48
050,13,197,"Georgia","Marion County",5,53,103,52,51
050,13,197,"Georgia","Marion County",5,54,96,55,41
050,13,197,"Georgia","Marion County",5,55,85,46,39
050,13,197,"Georgia","Marion County",5,56,102,45,57
050,13,197,"Georgia","Marion County",5,57,122,53,69
050,13,197,"Georgia","Marion County",5,58,114,50,64
050,13,197,"Georgia","Marion County",5,59,117,50,67
050,13,197,"Georgia","Marion County",5,60,144,67,77
050,13,197,"Georgia","Marion County",5,61,127,68,59
050,13,197,"Georgia","Marion County",5,62,126,67,59
050,13,197,"Georgia","Marion County",5,63,134,83,51
050,13,197,"Georgia","Marion County",5,64,120,74,46
050,13,197,"Georgia","Marion County",5,65,121,63,58
050,13,197,"Georgia","Marion County",5,66,115,51,64
050,13,197,"Georgia","Marion County",5,67,109,51,58
050,13,197,"Georgia","Marion County",5,68,106,56,50
050,13,197,"Georgia","Marion County",5,69,102,55,47
050,13,197,"Georgia","Marion County",5,70,82,41,41
050,13,197,"Georgia","Marion County",5,71,79,38,41
050,13,197,"Georgia","Marion County",5,72,81,39,42
050,13,197,"Georgia","Marion County",5,73,86,44,42
050,13,197,"Georgia","Marion County",5,74,73,33,40
050,13,197,"Georgia","Marion County",5,75,76,35,41
050,13,197,"Georgia","Marion County",5,76,84,41,43
050,13,197,"Georgia","Marion County",5,77,64,34,30
050,13,197,"Georgia","Marion County",5,78,57,30,27
050,13,197,"Georgia","Marion County",5,79,48,21,27
050,13,197,"Georgia","Marion County",5,80,59,23,36
050,13,197,"Georgia","Marion County",5,81,51,25,26
050,13,197,"Georgia","Marion County",5,82,49,22,27
050,13,197,"Georgia","Marion County",5,83,40,19,21
050,13,197,"Georgia","Marion County",5,84,41,17,24
050,13,197,"Georgia","Marion County",5,85,168,66,102
050,13,199,"Georgia","Meriwether County",1,0,226,116,110
050,13,199,"Georgia","Meriwether County",1,1,218,123,95
050,13,199,"Georgia","Meriwether County",1,2,237,129,108
050,13,199,"Georgia","Meriwether County",1,3,253,130,123
050,13,199,"Georgia","Meriwether County",1,4,254,134,120
050,13,199,"Georgia","Meriwether County",1,5,262,133,129
050,13,199,"Georgia","Meriwether County",1,6,239,132,107
050,13,199,"Georgia","Meriwether County",1,7,202,91,111
050,13,199,"Georgia","Meriwether County",1,8,256,127,129
050,13,199,"Georgia","Meriwether County",1,9,224,116,108
050,13,199,"Georgia","Meriwether County",1,10,228,120,108
050,13,199,"Georgia","Meriwether County",1,11,254,126,128
050,13,199,"Georgia","Meriwether County",1,12,282,156,126
050,13,199,"Georgia","Meriwether County",1,13,288,147,141
050,13,199,"Georgia","Meriwether County",1,14,239,114,125
050,13,199,"Georgia","Meriwether County",1,15,247,126,121
050,13,199,"Georgia","Meriwether County",1,16,252,125,127
050,13,199,"Georgia","Meriwether County",1,17,238,113,125
050,13,199,"Georgia","Meriwether County",1,18,216,97,119
050,13,199,"Georgia","Meriwether County",1,19,181,97,84
050,13,199,"Georgia","Meriwether County",1,20,210,116,94
050,13,199,"Georgia","Meriwether County",1,21,237,121,116
050,13,199,"Georgia","Meriwether County",1,22,239,111,128
050,13,199,"Georgia","Meriwether County",1,23,245,131,114
050,13,199,"Georgia","Meriwether County",1,24,236,125,111
050,13,199,"Georgia","Meriwether County",1,25,254,139,115
050,13,199,"Georgia","Meriwether County",1,26,237,111,126
050,13,199,"Georgia","Meriwether County",1,27,241,124,117
050,13,199,"Georgia","Meriwether County",1,28,245,119,126
050,13,199,"Georgia","Meriwether County",1,29,261,121,140
050,13,199,"Georgia","Meriwether County",1,30,268,137,131
050,13,199,"Georgia","Meriwether County",1,31,245,120,125
050,13,199,"Georgia","Meriwether County",1,32,256,118,138
050,13,199,"Georgia","Meriwether County",1,33,248,119,129
050,13,199,"Georgia","Meriwether County",1,34,212,99,113
050,13,199,"Georgia","Meriwether County",1,35,228,108,120
050,13,199,"Georgia","Meriwether County",1,36,216,107,109
050,13,199,"Georgia","Meriwether County",1,37,209,101,108
050,13,199,"Georgia","Meriwether County",1,38,228,117,111
050,13,199,"Georgia","Meriwether County",1,39,260,122,138
050,13,199,"Georgia","Meriwether County",1,40,242,111,131
050,13,199,"Georgia","Meriwether County",1,41,222,96,126
050,13,199,"Georgia","Meriwether County",1,42,220,100,120
050,13,199,"Georgia","Meriwether County",1,43,211,97,114
050,13,199,"Georgia","Meriwether County",1,44,215,100,115
050,13,199,"Georgia","Meriwether County",1,45,202,99,103
050,13,199,"Georgia","Meriwether County",1,46,232,107,125
050,13,199,"Georgia","Meriwether County",1,47,231,113,118
050,13,199,"Georgia","Meriwether County",1,48,252,117,135
050,13,199,"Georgia","Meriwether County",1,49,275,135,140
050,13,199,"Georgia","Meriwether County",1,50,233,97,136
050,13,199,"Georgia","Meriwether County",1,51,262,111,151
050,13,199,"Georgia","Meriwether County",1,52,273,128,145
050,13,199,"Georgia","Meriwether County",1,53,279,146,133
050,13,199,"Georgia","Meriwether County",1,54,276,142,134
050,13,199,"Georgia","Meriwether County",1,55,304,146,158
050,13,199,"Georgia","Meriwether County",1,56,283,133,150
050,13,199,"Georgia","Meriwether County",1,57,331,149,182
050,13,199,"Georgia","Meriwether County",1,58,362,183,179
050,13,199,"Georgia","Meriwether County",1,59,332,168,164
050,13,199,"Georgia","Meriwether County",1,60,305,151,154
050,13,199,"Georgia","Meriwether County",1,61,297,142,155
050,13,199,"Georgia","Meriwether County",1,62,322,165,157
050,13,199,"Georgia","Meriwether County",1,63,328,156,172
050,13,199,"Georgia","Meriwether County",1,64,321,157,164
050,13,199,"Georgia","Meriwether County",1,65,292,131,161
050,13,199,"Georgia","Meriwether County",1,66,291,130,161
050,13,199,"Georgia","Meriwether County",1,67,262,134,128
050,13,199,"Georgia","Meriwether County",1,68,260,128,132
050,13,199,"Georgia","Meriwether County",1,69,257,115,142
050,13,199,"Georgia","Meriwether County",1,70,241,106,135
050,13,199,"Georgia","Meriwether County",1,71,251,115,136
050,13,199,"Georgia","Meriwether County",1,72,243,107,136
050,13,199,"Georgia","Meriwether County",1,73,256,114,142
050,13,199,"Georgia","Meriwether County",1,74,182,77,105
050,13,199,"Georgia","Meriwether County",1,75,187,79,108
050,13,199,"Georgia","Meriwether County",1,76,170,73,97
050,13,199,"Georgia","Meriwether County",1,77,170,79,91
050,13,199,"Georgia","Meriwether County",1,78,145,63,82
050,13,199,"Georgia","Meriwether County",1,79,128,59,69
050,13,199,"Georgia","Meriwether County",1,80,113,54,59
050,13,199,"Georgia","Meriwether County",1,81,101,48,53
050,13,199,"Georgia","Meriwether County",1,82,84,35,49
050,13,199,"Georgia","Meriwether County",1,83,81,34,47
050,13,199,"Georgia","Meriwether County",1,84,83,28,55
050,13,199,"Georgia","Meriwether County",1,85,442,126,316
050,13,199,"Georgia","Meriwether County",2,0,232,122,110
050,13,199,"Georgia","Meriwether County",2,1,220,121,99
050,13,199,"Georgia","Meriwether County",2,2,235,127,108
050,13,199,"Georgia","Meriwether County",2,3,247,129,118
050,13,199,"Georgia","Meriwether County",2,4,254,131,123
050,13,199,"Georgia","Meriwether County",2,5,260,134,126
050,13,199,"Georgia","Meriwether County",2,6,241,129,112
050,13,199,"Georgia","Meriwether County",2,7,212,101,111
050,13,199,"Georgia","Meriwether County",2,8,241,118,123
050,13,199,"Georgia","Meriwether County",2,9,233,120,113
050,13,199,"Georgia","Meriwether County",2,10,222,115,107
050,13,199,"Georgia","Meriwether County",2,11,245,123,122
050,13,199,"Georgia","Meriwether County",2,12,276,148,128
050,13,199,"Georgia","Meriwether County",2,13,287,148,139
050,13,199,"Georgia","Meriwether County",2,14,248,120,128
050,13,199,"Georgia","Meriwether County",2,15,244,122,122
050,13,199,"Georgia","Meriwether County",2,16,247,123,124
050,13,199,"Georgia","Meriwether County",2,17,237,113,124
050,13,199,"Georgia","Meriwether County",2,18,210,97,113
050,13,199,"Georgia","Meriwether County",2,19,183,94,89
050,13,199,"Georgia","Meriwether County",2,20,211,115,96
050,13,199,"Georgia","Meriwether County",2,21,235,120,115
050,13,199,"Georgia","Meriwether County",2,22,243,116,127
050,13,199,"Georgia","Meriwether County",2,23,246,127,119
050,13,199,"Georgia","Meriwether County",2,24,237,127,110
050,13,199,"Georgia","Meriwether County",2,25,252,136,116
050,13,199,"Georgia","Meriwether County",2,26,243,122,121
050,13,199,"Georgia","Meriwether County",2,27,239,120,119
050,13,199,"Georgia","Meriwether County",2,28,244,118,126
050,13,199,"Georgia","Meriwether County",2,29,261,124,137
050,13,199,"Georgia","Meriwether County",2,30,269,134,135
050,13,199,"Georgia","Meriwether County",2,31,247,121,126
050,13,199,"Georgia","Meriwether County",2,32,252,116,136
050,13,199,"Georgia","Meriwether County",2,33,247,116,131
050,13,199,"Georgia","Meriwether County",2,34,221,103,118
050,13,199,"Georgia","Meriwether County",2,35,225,106,119
050,13,199,"Georgia","Meriwether County",2,36,217,105,112
050,13,199,"Georgia","Meriwether County",2,37,211,102,109
050,13,199,"Georgia","Meriwether County",2,38,225,114,111
050,13,199,"Georgia","Meriwether County",2,39,250,120,130
050,13,199,"Georgia","Meriwether County",2,40,250,116,134
050,13,199,"Georgia","Meriwether County",2,41,227,99,128
050,13,199,"Georgia","Meriwether County",2,42,217,98,119
050,13,199,"Georgia","Meriwether County",2,43,214,97,117
050,13,199,"Georgia","Meriwether County",2,44,212,99,113
050,13,199,"Georgia","Meriwether County",2,45,209,100,109
050,13,199,"Georgia","Meriwether County",2,46,225,105,120
050,13,199,"Georgia","Meriwether County",2,47,233,113,120
050,13,199,"Georgia","Meriwether County",2,48,251,120,131
050,13,199,"Georgia","Meriwether County",2,49,273,131,142
050,13,199,"Georgia","Meriwether County",2,50,246,107,139
050,13,199,"Georgia","Meriwether County",2,51,255,108,147
050,13,199,"Georgia","Meriwether County",2,52,271,125,146
050,13,199,"Georgia","Meriwether County",2,53,277,142,135
050,13,199,"Georgia","Meriwether County",2,54,280,144,136
050,13,199,"Georgia","Meriwether County",2,55,299,147,152
050,13,199,"Georgia","Meriwether County",2,56,291,139,152
050,13,199,"Georgia","Meriwether County",2,57,321,145,176
050,13,199,"Georgia","Meriwether County",2,58,350,171,179
050,13,199,"Georgia","Meriwether County",2,59,338,171,167
050,13,199,"Georgia","Meriwether County",2,60,312,155,157
050,13,199,"Georgia","Meriwether County",2,61,297,144,153
050,13,199,"Georgia","Meriwether County",2,62,314,157,157
050,13,199,"Georgia","Meriwether County",2,63,331,162,169
050,13,199,"Georgia","Meriwether County",2,64,318,153,165
050,13,199,"Georgia","Meriwether County",2,65,298,137,161
050,13,199,"Georgia","Meriwether County",2,66,292,132,160
050,13,199,"Georgia","Meriwether County",2,67,265,131,134
050,13,199,"Georgia","Meriwether County",2,68,256,128,128
050,13,199,"Georgia","Meriwether County",2,69,257,117,140
050,13,199,"Georgia","Meriwether County",2,70,242,107,135
050,13,199,"Georgia","Meriwether County",2,71,247,111,136
050,13,199,"Georgia","Meriwether County",2,72,238,104,134
050,13,199,"Georgia","Meriwether County",2,73,265,118,147
050,13,199,"Georgia","Meriwether County",2,74,183,78,105
050,13,199,"Georgia","Meriwether County",2,75,186,78,108
050,13,199,"Georgia","Meriwether County",2,76,167,70,97
050,13,199,"Georgia","Meriwether County",2,77,176,81,95
050,13,199,"Georgia","Meriwether County",2,78,146,64,82
050,13,199,"Georgia","Meriwether County",2,79,130,59,71
050,13,199,"Georgia","Meriwether County",2,80,113,53,60
050,13,199,"Georgia","Meriwether County",2,81,100,47,53
050,13,199,"Georgia","Meriwether County",2,82,87,38,49
050,13,199,"Georgia","Meriwether County",2,83,77,34,43
050,13,199,"Georgia","Meriwether County",2,84,84,30,54
050,13,199,"Georgia","Meriwether County",2,85,448,127,321
050,13,199,"Georgia","Meriwether County",3,0,241,126,115
050,13,199,"Georgia","Meriwether County",3,1,229,126,103
050,13,199,"Georgia","Meriwether County",3,2,222,119,103
050,13,199,"Georgia","Meriwether County",3,3,239,129,110
050,13,199,"Georgia","Meriwether County",3,4,246,128,118
050,13,199,"Georgia","Meriwether County",3,5,247,118,129
050,13,199,"Georgia","Meriwether County",3,6,259,137,122
050,13,199,"Georgia","Meriwether County",3,7,242,127,115
050,13,199,"Georgia","Meriwether County",3,8,203,96,107
050,13,199,"Georgia","Meriwether County",3,9,242,117,125
050,13,199,"Georgia","Meriwether County",3,10,247,132,115
050,13,199,"Georgia","Meriwether County",3,11,222,116,106
050,13,199,"Georgia","Meriwether County",3,12,242,122,120
050,13,199,"Georgia","Meriwether County",3,13,267,140,127
050,13,199,"Georgia","Meriwether County",3,14,276,148,128
050,13,199,"Georgia","Meriwether County",3,15,248,117,131
050,13,199,"Georgia","Meriwether County",3,16,256,125,131
050,13,199,"Georgia","Meriwether County",3,17,242,124,118
050,13,199,"Georgia","Meriwether County",3,18,208,106,102
050,13,199,"Georgia","Meriwether County",3,19,171,77,94
050,13,199,"Georgia","Meriwether County",3,20,190,95,95
050,13,199,"Georgia","Meriwether County",3,21,234,121,113
050,13,199,"Georgia","Meriwether County",3,22,243,121,122
050,13,199,"Georgia","Meriwether County",3,23,264,126,138
050,13,199,"Georgia","Meriwether County",3,24,258,134,124
050,13,199,"Georgia","Meriwether County",3,25,260,141,119
050,13,199,"Georgia","Meriwether County",3,26,266,142,124
050,13,199,"Georgia","Meriwether County",3,27,252,132,120
050,13,199,"Georgia","Meriwether County",3,28,236,110,126
050,13,199,"Georgia","Meriwether County",3,29,244,124,120
050,13,199,"Georgia","Meriwether County",3,30,247,119,128
050,13,199,"Georgia","Meriwether County",3,31,271,141,130
050,13,199,"Georgia","Meriwether County",3,32,259,129,130
050,13,199,"Georgia","Meriwether County",3,33,251,114,137
050,13,199,"Georgia","Meriwether County",3,34,241,122,119
050,13,199,"Georgia","Meriwether County",3,35,226,110,116
050,13,199,"Georgia","Meriwether County",3,36,217,103,114
050,13,199,"Georgia","Meriwether County",3,37,220,109,111
050,13,199,"Georgia","Meriwether County",3,38,217,100,117
050,13,199,"Georgia","Meriwether County",3,39,221,108,113
050,13,199,"Georgia","Meriwether County",3,40,259,130,129
050,13,199,"Georgia","Meriwether County",3,41,256,114,142
050,13,199,"Georgia","Meriwether County",3,42,216,94,122
050,13,199,"Georgia","Meriwether County",3,43,230,105,125
050,13,199,"Georgia","Meriwether County",3,44,222,97,125
050,13,199,"Georgia","Meriwether County",3,45,223,105,118
050,13,199,"Georgia","Meriwether County",3,46,200,97,103
050,13,199,"Georgia","Meriwether County",3,47,231,114,117
050,13,199,"Georgia","Meriwether County",3,48,241,119,122
050,13,199,"Georgia","Meriwether County",3,49,261,120,141
050,13,199,"Georgia","Meriwether County",3,50,288,137,151
050,13,199,"Georgia","Meriwether County",3,51,254,113,141
050,13,199,"Georgia","Meriwether County",3,52,252,109,143
050,13,199,"Georgia","Meriwether County",3,53,274,123,151
050,13,199,"Georgia","Meriwether County",3,54,282,144,138
050,13,199,"Georgia","Meriwether County",3,55,287,141,146
050,13,199,"Georgia","Meriwether County",3,56,309,149,160
050,13,199,"Georgia","Meriwether County",3,57,290,138,152
050,13,199,"Georgia","Meriwether County",3,58,320,142,178
050,13,199,"Georgia","Meriwether County",3,59,351,171,180
050,13,199,"Georgia","Meriwether County",3,60,343,175,168
050,13,199,"Georgia","Meriwether County",3,61,312,160,152
050,13,199,"Georgia","Meriwether County",3,62,290,141,149
050,13,199,"Georgia","Meriwether County",3,63,314,160,154
050,13,199,"Georgia","Meriwether County",3,64,331,161,170
050,13,199,"Georgia","Meriwether County",3,65,319,148,171
050,13,199,"Georgia","Meriwether County",3,66,291,137,154
050,13,199,"Georgia","Meriwether County",3,67,284,132,152
050,13,199,"Georgia","Meriwether County",3,68,262,130,132
050,13,199,"Georgia","Meriwether County",3,69,255,125,130
050,13,199,"Georgia","Meriwether County",3,70,248,111,137
050,13,199,"Georgia","Meriwether County",3,71,235,99,136
050,13,199,"Georgia","Meriwether County",3,72,240,106,134
050,13,199,"Georgia","Meriwether County",3,73,232,102,130
050,13,199,"Georgia","Meriwether County",3,74,246,110,136
050,13,199,"Georgia","Meriwether County",3,75,178,79,99
050,13,199,"Georgia","Meriwether County",3,76,175,72,103
050,13,199,"Georgia","Meriwether County",3,77,158,64,94
050,13,199,"Georgia","Meriwether County",3,78,166,74,92
050,13,199,"Georgia","Meriwether County",3,79,140,62,78
050,13,199,"Georgia","Meriwether County",3,80,120,56,64
050,13,199,"Georgia","Meriwether County",3,81,104,48,56
050,13,199,"Georgia","Meriwether County",3,82,91,45,46
050,13,199,"Georgia","Meriwether County",3,83,76,36,40
050,13,199,"Georgia","Meriwether County",3,84,65,31,34
050,13,199,"Georgia","Meriwether County",3,85,438,119,319
050,13,199,"Georgia","Meriwether County",4,0,252,139,113
050,13,199,"Georgia","Meriwether County",4,1,242,127,115
050,13,199,"Georgia","Meriwether County",4,2,244,129,115
050,13,199,"Georgia","Meriwether County",4,3,220,121,99
050,13,199,"Georgia","Meriwether County",4,4,224,120,104
050,13,199,"Georgia","Meriwether County",4,5,252,123,129
050,13,199,"Georgia","Meriwether County",4,6,238,110,128
050,13,199,"Georgia","Meriwether County",4,7,272,138,134
050,13,199,"Georgia","Meriwether County",4,8,243,118,125
050,13,199,"Georgia","Meriwether County",4,9,209,99,110
050,13,199,"Georgia","Meriwether County",4,10,253,121,132
050,13,199,"Georgia","Meriwether County",4,11,258,135,123
050,13,199,"Georgia","Meriwether County",4,12,232,123,109
050,13,199,"Georgia","Meriwether County",4,13,244,118,126
050,13,199,"Georgia","Meriwether County",4,14,275,146,129
050,13,199,"Georgia","Meriwether County",4,15,277,145,132
050,13,199,"Georgia","Meriwether County",4,16,259,121,138
050,13,199,"Georgia","Meriwether County",4,17,249,124,125
050,13,199,"Georgia","Meriwether County",4,18,197,102,95
050,13,199,"Georgia","Meriwether County",4,19,168,84,84
050,13,199,"Georgia","Meriwether County",4,20,179,80,99
050,13,199,"Georgia","Meriwether County",4,21,202,104,98
050,13,199,"Georgia","Meriwether County",4,22,247,123,124
050,13,199,"Georgia","Meriwether County",4,23,265,132,133
050,13,199,"Georgia","Meriwether County",4,24,298,138,160
050,13,199,"Georgia","Meriwether County",4,25,251,130,121
050,13,199,"Georgia","Meriwether County",4,26,255,137,118
050,13,199,"Georgia","Meriwether County",4,27,270,143,127
050,13,199,"Georgia","Meriwether County",4,28,261,131,130
050,13,199,"Georgia","Meriwether County",4,29,240,108,132
050,13,199,"Georgia","Meriwether County",4,30,256,137,119
050,13,199,"Georgia","Meriwether County",4,31,267,129,138
050,13,199,"Georgia","Meriwether County",4,32,252,115,137
050,13,199,"Georgia","Meriwether County",4,33,260,131,129
050,13,199,"Georgia","Meriwether County",4,34,250,121,129
050,13,199,"Georgia","Meriwether County",4,35,263,133,130
050,13,199,"Georgia","Meriwether County",4,36,230,108,122
050,13,199,"Georgia","Meriwether County",4,37,229,115,114
050,13,199,"Georgia","Meriwether County",4,38,212,105,107
050,13,199,"Georgia","Meriwether County",4,39,217,99,118
050,13,199,"Georgia","Meriwether County",4,40,220,104,116
050,13,199,"Georgia","Meriwether County",4,41,256,126,130
050,13,199,"Georgia","Meriwether County",4,42,256,116,140
050,13,199,"Georgia","Meriwether County",4,43,223,99,124
050,13,199,"Georgia","Meriwether County",4,44,231,101,130
050,13,199,"Georgia","Meriwether County",4,45,232,101,131
050,13,199,"Georgia","Meriwether County",4,46,226,108,118
050,13,199,"Georgia","Meriwether County",4,47,200,98,102
050,13,199,"Georgia","Meriwether County",4,48,245,123,122
050,13,199,"Georgia","Meriwether County",4,49,240,115,125
050,13,199,"Georgia","Meriwether County",4,50,269,129,140
050,13,199,"Georgia","Meriwether County",4,51,285,138,147
050,13,199,"Georgia","Meriwether County",4,52,253,115,138
050,13,199,"Georgia","Meriwether County",4,53,251,109,142
050,13,199,"Georgia","Meriwether County",4,54,280,123,157
050,13,199,"Georgia","Meriwether County",4,55,282,139,143
050,13,199,"Georgia","Meriwether County",4,56,293,141,152
050,13,199,"Georgia","Meriwether County",4,57,301,146,155
050,13,199,"Georgia","Meriwether County",4,58,287,136,151
050,13,199,"Georgia","Meriwether County",4,59,325,148,177
050,13,199,"Georgia","Meriwether County",4,60,355,174,181
050,13,199,"Georgia","Meriwether County",4,61,341,177,164
050,13,199,"Georgia","Meriwether County",4,62,312,155,157
050,13,199,"Georgia","Meriwether County",4,63,298,139,159
050,13,199,"Georgia","Meriwether County",4,64,307,156,151
050,13,199,"Georgia","Meriwether County",4,65,335,159,176
050,13,199,"Georgia","Meriwether County",4,66,306,143,163
050,13,199,"Georgia","Meriwether County",4,67,283,133,150
050,13,199,"Georgia","Meriwether County",4,68,283,132,151
050,13,199,"Georgia","Meriwether County",4,69,257,123,134
050,13,199,"Georgia","Meriwether County",4,70,248,126,122
050,13,199,"Georgia","Meriwether County",4,71,241,107,134
050,13,199,"Georgia","Meriwether County",4,72,229,96,133
050,13,199,"Georgia","Meriwether County",4,73,232,102,130
050,13,199,"Georgia","Meriwether County",4,74,220,95,125
050,13,199,"Georgia","Meriwether County",4,75,239,106,133
050,13,199,"Georgia","Meriwether County",4,76,173,77,96
050,13,199,"Georgia","Meriwether County",4,77,160,68,92
050,13,199,"Georgia","Meriwether County",4,78,154,61,93
050,13,199,"Georgia","Meriwether County",4,79,153,66,87
050,13,199,"Georgia","Meriwether County",4,80,128,58,70
050,13,199,"Georgia","Meriwether County",4,81,112,51,61
050,13,199,"Georgia","Meriwether County",4,82,92,42,50
050,13,199,"Georgia","Meriwether County",4,83,80,42,38
050,13,199,"Georgia","Meriwether County",4,84,72,34,38
050,13,199,"Georgia","Meriwether County",4,85,413,121,292
050,13,199,"Georgia","Meriwether County",5,0,235,128,107
050,13,199,"Georgia","Meriwether County",5,1,243,139,104
050,13,199,"Georgia","Meriwether County",5,2,234,120,114
050,13,199,"Georgia","Meriwether County",5,3,232,116,116
050,13,199,"Georgia","Meriwether County",5,4,218,119,99
050,13,199,"Georgia","Meriwether County",5,5,239,135,104
050,13,199,"Georgia","Meriwether County",5,6,243,112,131
050,13,199,"Georgia","Meriwether County",5,7,249,121,128
050,13,199,"Georgia","Meriwether County",5,8,259,140,119
050,13,199,"Georgia","Meriwether County",5,9,246,116,130
050,13,199,"Georgia","Meriwether County",5,10,211,95,116
050,13,199,"Georgia","Meriwether County",5,11,246,115,131
050,13,199,"Georgia","Meriwether County",5,12,250,128,122
050,13,199,"Georgia","Meriwether County",5,13,225,118,107
050,13,199,"Georgia","Meriwether County",5,14,243,118,125
050,13,199,"Georgia","Meriwether County",5,15,267,140,127
050,13,199,"Georgia","Meriwether County",5,16,276,145,131
050,13,199,"Georgia","Meriwether County",5,17,253,121,132
050,13,199,"Georgia","Meriwether County",5,18,211,106,105
050,13,199,"Georgia","Meriwether County",5,19,166,84,82
050,13,199,"Georgia","Meriwether County",5,20,178,93,85
050,13,199,"Georgia","Meriwether County",5,21,202,88,114
050,13,199,"Georgia","Meriwether County",5,22,220,110,110
050,13,199,"Georgia","Meriwether County",5,23,243,117,126
050,13,199,"Georgia","Meriwether County",5,24,252,125,127
050,13,199,"Georgia","Meriwether County",5,25,288,134,154
050,13,199,"Georgia","Meriwether County",5,26,271,137,134
050,13,199,"Georgia","Meriwether County",5,27,249,128,121
050,13,199,"Georgia","Meriwether County",5,28,270,137,133
050,13,199,"Georgia","Meriwether County",5,29,250,125,125
050,13,199,"Georgia","Meriwether County",5,30,246,111,135
050,13,199,"Georgia","Meriwether County",5,31,250,129,121
050,13,199,"Georgia","Meriwether County",5,32,272,133,139
050,13,199,"Georgia","Meriwether County",5,33,257,120,137
050,13,199,"Georgia","Meriwether County",5,34,268,140,128
050,13,199,"Georgia","Meriwether County",5,35,258,123,135
050,13,199,"Georgia","Meriwether County",5,36,270,132,138
050,13,199,"Georgia","Meriwether County",5,37,238,111,127
050,13,199,"Georgia","Meriwether County",5,38,238,122,116
050,13,199,"Georgia","Meriwether County",5,39,211,109,102
050,13,199,"Georgia","Meriwether County",5,40,208,93,115
050,13,199,"Georgia","Meriwether County",5,41,238,112,126
050,13,199,"Georgia","Meriwether County",5,42,263,129,134
050,13,199,"Georgia","Meriwether County",5,43,264,133,131
050,13,199,"Georgia","Meriwether County",5,44,225,99,126
050,13,199,"Georgia","Meriwether County",5,45,221,96,125
050,13,199,"Georgia","Meriwether County",5,46,224,96,128
050,13,199,"Georgia","Meriwether County",5,47,226,103,123
050,13,199,"Georgia","Meriwether County",5,48,209,100,109
050,13,199,"Georgia","Meriwether County",5,49,248,124,124
050,13,199,"Georgia","Meriwether County",5,50,247,119,128
050,13,199,"Georgia","Meriwether County",5,51,263,120,143
050,13,199,"Georgia","Meriwether County",5,52,282,135,147
050,13,199,"Georgia","Meriwether County",5,53,264,118,146
050,13,199,"Georgia","Meriwether County",5,54,241,104,137
050,13,199,"Georgia","Meriwether County",5,55,296,134,162
050,13,199,"Georgia","Meriwether County",5,56,286,136,150
050,13,199,"Georgia","Meriwether County",5,57,303,144,159
050,13,199,"Georgia","Meriwether County",5,58,296,147,149
050,13,199,"Georgia","Meriwether County",5,59,299,143,156
050,13,199,"Georgia","Meriwether County",5,60,333,150,183
050,13,199,"Georgia","Meriwether County",5,61,351,173,178
050,13,199,"Georgia","Meriwether County",5,62,353,173,180
050,13,199,"Georgia","Meriwether County",5,63,315,157,158
050,13,199,"Georgia","Meriwether County",5,64,306,143,163
050,13,199,"Georgia","Meriwether County",5,65,304,156,148
050,13,199,"Georgia","Meriwether County",5,66,329,154,175
050,13,199,"Georgia","Meriwether County",5,67,299,137,162
050,13,199,"Georgia","Meriwether County",5,68,282,137,145
050,13,199,"Georgia","Meriwether County",5,69,290,130,160
050,13,199,"Georgia","Meriwether County",5,70,244,117,127
050,13,199,"Georgia","Meriwether County",5,71,241,125,116
050,13,199,"Georgia","Meriwether County",5,72,238,105,133
050,13,199,"Georgia","Meriwether County",5,73,224,92,132
050,13,199,"Georgia","Meriwether County",5,74,217,98,119
050,13,199,"Georgia","Meriwether County",5,75,217,96,121
050,13,199,"Georgia","Meriwether County",5,76,227,100,127
050,13,199,"Georgia","Meriwether County",5,77,165,72,93
050,13,199,"Georgia","Meriwether County",5,78,148,61,87
050,13,199,"Georgia","Meriwether County",5,79,143,54,89
050,13,199,"Georgia","Meriwether County",5,80,140,59,81
050,13,199,"Georgia","Meriwether County",5,81,117,48,69
050,13,199,"Georgia","Meriwether County",5,82,103,47,56
050,13,199,"Georgia","Meriwether County",5,83,80,39,41
050,13,199,"Georgia","Meriwether County",5,84,77,41,36
050,13,199,"Georgia","Meriwether County",5,85,408,121,287
050,13,201,"Georgia","Miller County",1,0,70,36,34
050,13,201,"Georgia","Miller County",1,1,87,47,40
050,13,201,"Georgia","Miller County",1,2,78,40,38
050,13,201,"Georgia","Miller County",1,3,61,30,31
050,13,201,"Georgia","Miller County",1,4,65,31,34
050,13,201,"Georgia","Miller County",1,5,65,35,30
050,13,201,"Georgia","Miller County",1,6,69,31,38
050,13,201,"Georgia","Miller County",1,7,64,40,24
050,13,201,"Georgia","Miller County",1,8,74,39,35
050,13,201,"Georgia","Miller County",1,9,86,36,50
050,13,201,"Georgia","Miller County",1,10,76,37,39
050,13,201,"Georgia","Miller County",1,11,81,43,38
050,13,201,"Georgia","Miller County",1,12,78,45,33
050,13,201,"Georgia","Miller County",1,13,105,52,53
050,13,201,"Georgia","Miller County",1,14,89,44,45
050,13,201,"Georgia","Miller County",1,15,68,35,33
050,13,201,"Georgia","Miller County",1,16,78,38,40
050,13,201,"Georgia","Miller County",1,17,81,36,45
050,13,201,"Georgia","Miller County",1,18,70,41,29
050,13,201,"Georgia","Miller County",1,19,64,35,29
050,13,201,"Georgia","Miller County",1,20,59,31,28
050,13,201,"Georgia","Miller County",1,21,61,33,28
050,13,201,"Georgia","Miller County",1,22,60,35,25
050,13,201,"Georgia","Miller County",1,23,63,31,32
050,13,201,"Georgia","Miller County",1,24,64,25,39
050,13,201,"Georgia","Miller County",1,25,61,29,32
050,13,201,"Georgia","Miller County",1,26,57,26,31
050,13,201,"Georgia","Miller County",1,27,79,35,44
050,13,201,"Georgia","Miller County",1,28,68,37,31
050,13,201,"Georgia","Miller County",1,29,60,37,23
050,13,201,"Georgia","Miller County",1,30,63,30,33
050,13,201,"Georgia","Miller County",1,31,76,36,40
050,13,201,"Georgia","Miller County",1,32,61,31,30
050,13,201,"Georgia","Miller County",1,33,58,29,29
050,13,201,"Georgia","Miller County",1,34,63,28,35
050,13,201,"Georgia","Miller County",1,35,73,37,36
050,13,201,"Georgia","Miller County",1,36,80,36,44
050,13,201,"Georgia","Miller County",1,37,67,24,43
050,13,201,"Georgia","Miller County",1,38,53,17,36
050,13,201,"Georgia","Miller County",1,39,62,28,34
050,13,201,"Georgia","Miller County",1,40,69,35,34
050,13,201,"Georgia","Miller County",1,41,67,34,33
050,13,201,"Georgia","Miller County",1,42,77,43,34
050,13,201,"Georgia","Miller County",1,43,70,39,31
050,13,201,"Georgia","Miller County",1,44,49,24,25
050,13,201,"Georgia","Miller County",1,45,53,26,27
050,13,201,"Georgia","Miller County",1,46,67,32,35
050,13,201,"Georgia","Miller County",1,47,67,29,38
050,13,201,"Georgia","Miller County",1,48,69,35,34
050,13,201,"Georgia","Miller County",1,49,75,41,34
050,13,201,"Georgia","Miller County",1,50,86,41,45
050,13,201,"Georgia","Miller County",1,51,86,35,51
050,13,201,"Georgia","Miller County",1,52,71,34,37
050,13,201,"Georgia","Miller County",1,53,71,34,37
050,13,201,"Georgia","Miller County",1,54,79,34,45
050,13,201,"Georgia","Miller County",1,55,95,44,51
050,13,201,"Georgia","Miller County",1,56,110,55,55
050,13,201,"Georgia","Miller County",1,57,90,47,43
050,13,201,"Georgia","Miller County",1,58,74,36,38
050,13,201,"Georgia","Miller County",1,59,80,40,40
050,13,201,"Georgia","Miller County",1,60,76,39,37
050,13,201,"Georgia","Miller County",1,61,72,34,38
050,13,201,"Georgia","Miller County",1,62,88,39,49
050,13,201,"Georgia","Miller County",1,63,90,43,47
050,13,201,"Georgia","Miller County",1,64,69,39,30
050,13,201,"Georgia","Miller County",1,65,73,36,37
050,13,201,"Georgia","Miller County",1,66,87,41,46
050,13,201,"Georgia","Miller County",1,67,71,34,37
050,13,201,"Georgia","Miller County",1,68,72,38,34
050,13,201,"Georgia","Miller County",1,69,62,24,38
050,13,201,"Georgia","Miller County",1,70,68,21,47
050,13,201,"Georgia","Miller County",1,71,64,32,32
050,13,201,"Georgia","Miller County",1,72,58,23,35
050,13,201,"Georgia","Miller County",1,73,68,38,30
050,13,201,"Georgia","Miller County",1,74,37,18,19
050,13,201,"Georgia","Miller County",1,75,49,22,27
050,13,201,"Georgia","Miller County",1,76,58,20,38
050,13,201,"Georgia","Miller County",1,77,57,16,41
050,13,201,"Georgia","Miller County",1,78,44,20,24
050,13,201,"Georgia","Miller County",1,79,55,32,23
050,13,201,"Georgia","Miller County",1,80,38,14,24
050,13,201,"Georgia","Miller County",1,81,33,12,21
050,13,201,"Georgia","Miller County",1,82,34,16,18
050,13,201,"Georgia","Miller County",1,83,43,21,22
050,13,201,"Georgia","Miller County",1,84,35,13,22
050,13,201,"Georgia","Miller County",1,85,197,79,118
050,13,201,"Georgia","Miller County",2,0,75,38,37
050,13,201,"Georgia","Miller County",2,1,83,44,39
050,13,201,"Georgia","Miller County",2,2,79,40,39
050,13,201,"Georgia","Miller County",2,3,65,32,33
050,13,201,"Georgia","Miller County",2,4,63,31,32
050,13,201,"Georgia","Miller County",2,5,64,33,31
050,13,201,"Georgia","Miller County",2,6,68,32,36
050,13,201,"Georgia","Miller County",2,7,66,38,28
050,13,201,"Georgia","Miller County",2,8,71,38,33
050,13,201,"Georgia","Miller County",2,9,82,36,46
050,13,201,"Georgia","Miller County",2,10,80,38,42
050,13,201,"Georgia","Miller County",2,11,79,41,38
050,13,201,"Georgia","Miller County",2,12,78,44,34
050,13,201,"Georgia","Miller County",2,13,99,50,49
050,13,201,"Georgia","Miller County",2,14,92,45,47
050,13,201,"Georgia","Miller County",2,15,72,37,35
050,13,201,"Georgia","Miller County",2,16,74,36,38
050,13,201,"Georgia","Miller County",2,17,78,36,42
050,13,201,"Georgia","Miller County",2,18,69,38,31
050,13,201,"Georgia","Miller County",2,19,63,34,29
050,13,201,"Georgia","Miller County",2,20,61,33,28
050,13,201,"Georgia","Miller County",2,21,62,33,29
050,13,201,"Georgia","Miller County",2,22,63,36,27
050,13,201,"Georgia","Miller County",2,23,63,32,31
050,13,201,"Georgia","Miller County",2,24,63,27,36
050,13,201,"Georgia","Miller County",2,25,61,28,33
050,13,201,"Georgia","Miller County",2,26,58,27,31
050,13,201,"Georgia","Miller County",2,27,73,33,40
050,13,201,"Georgia","Miller County",2,28,69,36,33
050,13,201,"Georgia","Miller County",2,29,63,37,26
050,13,201,"Georgia","Miller County",2,30,63,32,31
050,13,201,"Georgia","Miller County",2,31,73,34,39
050,13,201,"Georgia","Miller County",2,32,64,32,32
050,13,201,"Georgia","Miller County",2,33,58,29,29
050,13,201,"Georgia","Miller County",2,34,60,28,32
050,13,201,"Georgia","Miller County",2,35,71,36,35
050,13,201,"Georgia","Miller County",2,36,78,36,42
050,13,201,"Georgia","Miller County",2,37,68,26,42
050,13,201,"Georgia","Miller County",2,38,58,20,38
050,13,201,"Georgia","Miller County",2,39,59,25,34
050,13,201,"Georgia","Miller County",2,40,68,33,35
050,13,201,"Georgia","Miller County",2,41,67,34,33
050,13,201,"Georgia","Miller County",2,42,76,42,34
050,13,201,"Georgia","Miller County",2,43,73,40,33
050,13,201,"Georgia","Miller County",2,44,53,27,26
050,13,201,"Georgia","Miller County",2,45,54,27,27
050,13,201,"Georgia","Miller County",2,46,62,29,33
050,13,201,"Georgia","Miller County",2,47,67,30,37
050,13,201,"Georgia","Miller County",2,48,67,33,34
050,13,201,"Georgia","Miller County",2,49,74,39,35
050,13,201,"Georgia","Miller County",2,50,85,42,43
050,13,201,"Georgia","Miller County",2,51,86,36,50
050,13,201,"Georgia","Miller County",2,52,75,34,41
050,13,201,"Georgia","Miller County",2,53,71,33,38
050,13,201,"Georgia","Miller County",2,54,76,33,43
050,13,201,"Georgia","Miller County",2,55,92,42,50
050,13,201,"Georgia","Miller County",2,56,106,51,55
050,13,201,"Georgia","Miller County",2,57,95,49,46
050,13,201,"Georgia","Miller County",2,58,77,37,40
050,13,201,"Georgia","Miller County",2,59,76,36,40
050,13,201,"Georgia","Miller County",2,60,78,40,38
050,13,201,"Georgia","Miller County",2,61,74,36,38
050,13,201,"Georgia","Miller County",2,62,84,38,46
050,13,201,"Georgia","Miller County",2,63,91,44,47
050,13,201,"Georgia","Miller County",2,64,71,39,32
050,13,201,"Georgia","Miller County",2,65,72,38,34
050,13,201,"Georgia","Miller County",2,66,85,40,45
050,13,201,"Georgia","Miller County",2,67,74,35,39
050,13,201,"Georgia","Miller County",2,68,72,37,35
050,13,201,"Georgia","Miller County",2,69,64,27,37
050,13,201,"Georgia","Miller County",2,70,67,21,46
050,13,201,"Georgia","Miller County",2,71,67,31,36
050,13,201,"Georgia","Miller County",2,72,55,23,32
050,13,201,"Georgia","Miller County",2,73,70,37,33
050,13,201,"Georgia","Miller County",2,74,40,20,20
050,13,201,"Georgia","Miller County",2,75,49,23,26
050,13,201,"Georgia","Miller County",2,76,54,19,35
050,13,201,"Georgia","Miller County",2,77,57,16,41
050,13,201,"Georgia","Miller County",2,78,45,18,27
050,13,201,"Georgia","Miller County",2,79,54,30,24
050,13,201,"Georgia","Miller County",2,80,38,15,23
050,13,201,"Georgia","Miller County",2,81,35,13,22
050,13,201,"Georgia","Miller County",2,82,33,16,17
050,13,201,"Georgia","Miller County",2,83,41,20,21
050,13,201,"Georgia","Miller County",2,84,36,14,22
050,13,201,"Georgia","Miller County",2,85,198,80,118
050,13,201,"Georgia","Miller County",3,0,44,25,19
050,13,201,"Georgia","Miller County",3,1,77,42,35
050,13,201,"Georgia","Miller County",3,2,77,41,36
050,13,201,"Georgia","Miller County",3,3,80,41,39
050,13,201,"Georgia","Miller County",3,4,71,34,37
050,13,201,"Georgia","Miller County",3,5,59,31,28
050,13,201,"Georgia","Miller County",3,6,68,35,33
050,13,201,"Georgia","Miller County",3,7,68,31,37
050,13,201,"Georgia","Miller County",3,8,66,35,31
050,13,201,"Georgia","Miller County",3,9,70,31,39
050,13,201,"Georgia","Miller County",3,10,86,37,49
050,13,201,"Georgia","Miller County",3,11,72,37,35
050,13,201,"Georgia","Miller County",3,12,80,37,43
050,13,201,"Georgia","Miller County",3,13,81,44,37
050,13,201,"Georgia","Miller County",3,14,104,54,50
050,13,201,"Georgia","Miller County",3,15,91,45,46
050,13,201,"Georgia","Miller County",3,16,70,36,34
050,13,201,"Georgia","Miller County",3,17,76,35,41
050,13,201,"Georgia","Miller County",3,18,67,34,33
050,13,201,"Georgia","Miller County",3,19,51,25,26
050,13,201,"Georgia","Miller County",3,20,58,33,25
050,13,201,"Georgia","Miller County",3,21,65,33,32
050,13,201,"Georgia","Miller County",3,22,68,34,34
050,13,201,"Georgia","Miller County",3,23,60,32,28
050,13,201,"Georgia","Miller County",3,24,58,29,29
050,13,201,"Georgia","Miller County",3,25,64,28,36
050,13,201,"Georgia","Miller County",3,26,52,22,30
050,13,201,"Georgia","Miller County",3,27,55,24,31
050,13,201,"Georgia","Miller County",3,28,71,31,40
050,13,201,"Georgia","Miller County",3,29,65,34,31
050,13,201,"Georgia","Miller County",3,30,59,35,24
050,13,201,"Georgia","Miller County",3,31,56,29,27
050,13,201,"Georgia","Miller County",3,32,69,34,35
050,13,201,"Georgia","Miller County",3,33,57,31,26
050,13,201,"Georgia","Miller County",3,34,60,30,30
050,13,201,"Georgia","Miller County",3,35,62,29,33
050,13,201,"Georgia","Miller County",3,36,71,32,39
050,13,201,"Georgia","Miller County",3,37,73,33,40
050,13,201,"Georgia","Miller County",3,38,67,25,42
050,13,201,"Georgia","Miller County",3,39,55,18,37
050,13,201,"Georgia","Miller County",3,40,59,22,37
050,13,201,"Georgia","Miller County",3,41,71,34,37
050,13,201,"Georgia","Miller County",3,42,62,32,30
050,13,201,"Georgia","Miller County",3,43,70,38,32
050,13,201,"Georgia","Miller County",3,44,76,39,37
050,13,201,"Georgia","Miller County",3,45,48,24,24
050,13,201,"Georgia","Miller County",3,46,57,29,28
050,13,201,"Georgia","Miller County",3,47,58,29,29
050,13,201,"Georgia","Miller County",3,48,65,30,35
050,13,201,"Georgia","Miller County",3,49,67,33,34
050,13,201,"Georgia","Miller County",3,50,76,39,37
050,13,201,"Georgia","Miller County",3,51,76,36,40
050,13,201,"Georgia","Miller County",3,52,82,33,49
050,13,201,"Georgia","Miller County",3,53,72,33,39
050,13,201,"Georgia","Miller County",3,54,68,29,39
050,13,201,"Georgia","Miller County",3,55,77,36,41
050,13,201,"Georgia","Miller County",3,56,91,41,50
050,13,201,"Georgia","Miller County",3,57,108,53,55
050,13,201,"Georgia","Miller County",3,58,90,44,46
050,13,201,"Georgia","Miller County",3,59,72,32,40
050,13,201,"Georgia","Miller County",3,60,76,37,39
050,13,201,"Georgia","Miller County",3,61,77,39,38
050,13,201,"Georgia","Miller County",3,62,74,34,40
050,13,201,"Georgia","Miller County",3,63,85,38,47
050,13,201,"Georgia","Miller County",3,64,85,42,43
050,13,201,"Georgia","Miller County",3,65,70,38,32
050,13,201,"Georgia","Miller County",3,66,78,39,39
050,13,201,"Georgia","Miller County",3,67,79,39,40
050,13,201,"Georgia","Miller County",3,68,71,33,38
050,13,201,"Georgia","Miller County",3,69,70,39,31
050,13,201,"Georgia","Miller County",3,70,64,24,40
050,13,201,"Georgia","Miller County",3,71,69,24,45
050,13,201,"Georgia","Miller County",3,72,58,25,33
050,13,201,"Georgia","Miller County",3,73,67,29,38
050,13,201,"Georgia","Miller County",3,74,55,27,28
050,13,201,"Georgia","Miller County",3,75,47,24,23
050,13,201,"Georgia","Miller County",3,76,37,19,18
050,13,201,"Georgia","Miller County",3,77,55,19,36
050,13,201,"Georgia","Miller County",3,78,48,15,33
050,13,201,"Georgia","Miller County",3,79,45,22,23
050,13,201,"Georgia","Miller County",3,80,46,21,25
050,13,201,"Georgia","Miller County",3,81,36,17,19
050,13,201,"Georgia","Miller County",3,82,32,14,18
050,13,201,"Georgia","Miller County",3,83,34,16,18
050,13,201,"Georgia","Miller County",3,84,33,14,19
050,13,201,"Georgia","Miller County",3,85,214,89,125
050,13,201,"Georgia","Miller County",4,0,54,26,28
050,13,201,"Georgia","Miller County",4,1,45,26,19
050,13,201,"Georgia","Miller County",4,2,71,39,32
050,13,201,"Georgia","Miller County",4,3,74,39,35
050,13,201,"Georgia","Miller County",4,4,81,42,39
050,13,201,"Georgia","Miller County",4,5,70,32,38
050,13,201,"Georgia","Miller County",4,6,62,31,31
050,13,201,"Georgia","Miller County",4,7,66,33,33
050,13,201,"Georgia","Miller County",4,8,69,33,36
050,13,201,"Georgia","Miller County",4,9,65,35,30
050,13,201,"Georgia","Miller County",4,10,71,34,37
050,13,201,"Georgia","Miller County",4,11,86,37,49
050,13,201,"Georgia","Miller County",4,12,77,36,41
050,13,201,"Georgia","Miller County",4,13,82,38,44
050,13,201,"Georgia","Miller County",4,14,75,43,32
050,13,201,"Georgia","Miller County",4,15,103,48,55
050,13,201,"Georgia","Miller County",4,16,89,46,43
050,13,201,"Georgia","Miller County",4,17,71,36,35
050,13,201,"Georgia","Miller County",4,18,65,34,31
050,13,201,"Georgia","Miller County",4,19,56,24,32
050,13,201,"Georgia","Miller County",4,20,58,28,30
050,13,201,"Georgia","Miller County",4,21,63,31,32
050,13,201,"Georgia","Miller County",4,22,68,32,36
050,13,201,"Georgia","Miller County",4,23,71,37,34
050,13,201,"Georgia","Miller County",4,24,63,30,33
050,13,201,"Georgia","Miller County",4,25,58,37,21
050,13,201,"Georgia","Miller County",4,26,69,28,41
050,13,201,"Georgia","Miller County",4,27,51,20,31
050,13,201,"Georgia","Miller County",4,28,56,21,35
050,13,201,"Georgia","Miller County",4,29,71,31,40
050,13,201,"Georgia","Miller County",4,30,64,31,33
050,13,201,"Georgia","Miller County",4,31,63,37,26
050,13,201,"Georgia","Miller County",4,32,54,29,25
050,13,201,"Georgia","Miller County",4,33,67,33,34
050,13,201,"Georgia","Miller County",4,34,54,29,25
050,13,201,"Georgia","Miller County",4,35,56,28,28
050,13,201,"Georgia","Miller County",4,36,64,28,36
050,13,201,"Georgia","Miller County",4,37,70,33,37
050,13,201,"Georgia","Miller County",4,38,73,33,40
050,13,201,"Georgia","Miller County",4,39,69,26,43
050,13,201,"Georgia","Miller County",4,40,54,17,37
050,13,201,"Georgia","Miller County",4,41,59,21,38
050,13,201,"Georgia","Miller County",4,42,74,35,39
050,13,201,"Georgia","Miller County",4,43,60,30,30
050,13,201,"Georgia","Miller County",4,44,68,38,30
050,13,201,"Georgia","Miller County",4,45,74,37,37
050,13,201,"Georgia","Miller County",4,46,51,26,25
050,13,201,"Georgia","Miller County",4,47,59,33,26
050,13,201,"Georgia","Miller County",4,48,58,30,28
050,13,201,"Georgia","Miller County",4,49,68,33,35
050,13,201,"Georgia","Miller County",4,50,70,35,35
050,13,201,"Georgia","Miller County",4,51,66,27,39
050,13,201,"Georgia","Miller County",4,52,75,40,35
050,13,201,"Georgia","Miller County",4,53,81,32,49
050,13,201,"Georgia","Miller County",4,54,68,30,38
050,13,201,"Georgia","Miller County",4,55,68,30,38
050,13,201,"Georgia","Miller County",4,56,73,34,39
050,13,201,"Georgia","Miller County",4,57,89,40,49
050,13,201,"Georgia","Miller County",4,58,103,48,55
050,13,201,"Georgia","Miller County",4,59,89,41,48
050,13,201,"Georgia","Miller County",4,60,70,31,39
050,13,201,"Georgia","Miller County",4,61,77,39,38
050,13,201,"Georgia","Miller County",4,62,71,35,36
050,13,201,"Georgia","Miller County",4,63,74,36,38
050,13,201,"Georgia","Miller County",4,64,76,34,42
050,13,201,"Georgia","Miller County",4,65,80,37,43
050,13,201,"Georgia","Miller County",4,66,74,38,36
050,13,201,"Georgia","Miller County",4,67,71,38,33
050,13,201,"Georgia","Miller County",4,68,73,35,38
050,13,201,"Georgia","Miller County",4,69,70,33,37
050,13,201,"Georgia","Miller County",4,70,71,37,34
050,13,201,"Georgia","Miller County",4,71,60,24,36
050,13,201,"Georgia","Miller County",4,72,59,18,41
050,13,201,"Georgia","Miller County",4,73,66,29,37
050,13,201,"Georgia","Miller County",4,74,48,20,28
050,13,201,"Georgia","Miller County",4,75,59,31,28
050,13,201,"Georgia","Miller County",4,76,38,20,18
050,13,201,"Georgia","Miller County",4,77,38,17,21
050,13,201,"Georgia","Miller County",4,78,50,18,32
050,13,201,"Georgia","Miller County",4,79,51,17,34
050,13,201,"Georgia","Miller County",4,80,37,14,23
050,13,201,"Georgia","Miller County",4,81,46,23,23
050,13,201,"Georgia","Miller County",4,82,35,17,18
050,13,201,"Georgia","Miller County",4,83,32,14,18
050,13,201,"Georgia","Miller County",4,84,26,11,15
050,13,201,"Georgia","Miller County",4,85,221,95,126
050,13,201,"Georgia","Miller County",5,0,55,26,29
050,13,201,"Georgia","Miller County",5,1,55,30,25
050,13,201,"Georgia","Miller County",5,2,55,30,25
050,13,201,"Georgia","Miller County",5,3,73,38,35
050,13,201,"Georgia","Miller County",5,4,85,45,40
050,13,201,"Georgia","Miller County",5,5,74,41,33
050,13,201,"Georgia","Miller County",5,6,70,30,40
050,13,201,"Georgia","Miller County",5,7,66,36,30
050,13,201,"Georgia","Miller County",5,8,67,33,34
050,13,201,"Georgia","Miller County",5,9,73,32,41
050,13,201,"Georgia","Miller County",5,10,67,37,30
050,13,201,"Georgia","Miller County",5,11,71,35,36
050,13,201,"Georgia","Miller County",5,12,87,36,51
050,13,201,"Georgia","Miller County",5,13,80,40,40
050,13,201,"Georgia","Miller County",5,14,81,36,45
050,13,201,"Georgia","Miller County",5,15,80,43,37
050,13,201,"Georgia","Miller County",5,16,106,49,57
050,13,201,"Georgia","Miller County",5,17,92,49,43
050,13,201,"Georgia","Miller County",5,18,62,33,29
050,13,201,"Georgia","Miller County",5,19,54,27,27
050,13,201,"Georgia","Miller County",5,20,59,26,33
050,13,201,"Georgia","Miller County",5,21,55,27,28
050,13,201,"Georgia","Miller County",5,22,64,29,35
050,13,201,"Georgia","Miller County",5,23,63,27,36
050,13,201,"Georgia","Miller County",5,24,64,30,34
050,13,201,"Georgia","Miller County",5,25,61,27,34
050,13,201,"Georgia","Miller County",5,26,55,35,20
050,13,201,"Georgia","Miller County",5,27,73,28,45
050,13,201,"Georgia","Miller County",5,28,46,19,27
050,13,201,"Georgia","Miller County",5,29,56,19,37
050,13,201,"Georgia","Miller County",5,30,74,34,40
050,13,201,"Georgia","Miller County",5,31,56,26,30
050,13,201,"Georgia","Miller County",5,32,63,38,25
050,13,201,"Georgia","Miller County",5,33,56,29,27
050,13,201,"Georgia","Miller County",5,34,70,33,37
050,13,201,"Georgia","Miller County",5,35,61,31,30
050,13,201,"Georgia","Miller County",5,36,53,24,29
050,13,201,"Georgia","Miller County",5,37,63,26,37
050,13,201,"Georgia","Miller County",5,38,73,33,40
050,13,201,"Georgia","Miller County",5,39,70,29,41
050,13,201,"Georgia","Miller County",5,40,65,25,40
050,13,201,"Georgia","Miller County",5,41,57,17,40
050,13,201,"Georgia","Miller County",5,42,58,22,36
050,13,201,"Georgia","Miller County",5,43,69,30,39
050,13,201,"Georgia","Miller County",5,44,61,30,31
050,13,201,"Georgia","Miller County",5,45,72,39,33
050,13,201,"Georgia","Miller County",5,46,74,39,35
050,13,201,"Georgia","Miller County",5,47,50,25,25
050,13,201,"Georgia","Miller County",5,48,55,29,26
050,13,201,"Georgia","Miller County",5,49,61,29,32
050,13,201,"Georgia","Miller County",5,50,65,32,33
050,13,201,"Georgia","Miller County",5,51,66,30,36
050,13,201,"Georgia","Miller County",5,52,64,28,36
050,13,201,"Georgia","Miller County",5,53,69,35,34
050,13,201,"Georgia","Miller County",5,54,77,29,48
050,13,201,"Georgia","Miller County",5,55,73,34,39
050,13,201,"Georgia","Miller County",5,56,65,27,38
050,13,201,"Georgia","Miller County",5,57,72,36,36
050,13,201,"Georgia","Miller County",5,58,87,34,53
050,13,201,"Georgia","Miller County",5,59,105,45,60
050,13,201,"Georgia","Miller County",5,60,87,41,46
050,13,201,"Georgia","Miller County",5,61,75,32,43
050,13,201,"Georgia","Miller County",5,62,73,37,36
050,13,201,"Georgia","Miller County",5,63,69,37,32
050,13,201,"Georgia","Miller County",5,64,70,33,37
050,13,201,"Georgia","Miller County",5,65,74,32,42
050,13,201,"Georgia","Miller County",5,66,84,39,45
050,13,201,"Georgia","Miller County",5,67,70,39,31
050,13,201,"Georgia","Miller County",5,68,66,35,31
050,13,201,"Georgia","Miller County",5,69,72,36,36
050,13,201,"Georgia","Miller County",5,70,70,30,40
050,13,201,"Georgia","Miller County",5,71,69,39,30
050,13,201,"Georgia","Miller County",5,72,51,18,33
050,13,201,"Georgia","Miller County",5,73,69,23,46
050,13,201,"Georgia","Miller County",5,74,49,20,29
050,13,201,"Georgia","Miller County",5,75,54,24,30
050,13,201,"Georgia","Miller County",5,76,48,24,24
050,13,201,"Georgia","Miller County",5,77,40,20,20
050,13,201,"Georgia","Miller County",5,78,33,16,17
050,13,201,"Georgia","Miller County",5,79,54,22,32
050,13,201,"Georgia","Miller County",5,80,44,10,34
050,13,201,"Georgia","Miller County",5,81,36,15,21
050,13,201,"Georgia","Miller County",5,82,46,24,22
050,13,201,"Georgia","Miller County",5,83,36,17,19
050,13,201,"Georgia","Miller County",5,84,23,7,16
050,13,201,"Georgia","Miller County",5,85,232,99,133
050,13,205,"Georgia","Mitchell County",1,0,214,108,106
050,13,205,"Georgia","Mitchell County",1,1,234,118,116
050,13,205,"Georgia","Mitchell County",1,2,236,122,114
050,13,205,"Georgia","Mitchell County",1,3,258,135,123
050,13,205,"Georgia","Mitchell County",1,4,265,129,136
050,13,205,"Georgia","Mitchell County",1,5,270,133,137
050,13,205,"Georgia","Mitchell County",1,6,256,128,128
050,13,205,"Georgia","Mitchell County",1,7,290,142,148
050,13,205,"Georgia","Mitchell County",1,8,277,155,122
050,13,205,"Georgia","Mitchell County",1,9,285,157,128
050,13,205,"Georgia","Mitchell County",1,10,308,170,138
050,13,205,"Georgia","Mitchell County",1,11,290,157,133
050,13,205,"Georgia","Mitchell County",1,12,305,161,144
050,13,205,"Georgia","Mitchell County",1,13,331,164,167
050,13,205,"Georgia","Mitchell County",1,14,323,174,149
050,13,205,"Georgia","Mitchell County",1,15,264,145,119
050,13,205,"Georgia","Mitchell County",1,16,254,131,123
050,13,205,"Georgia","Mitchell County",1,17,280,137,143
050,13,205,"Georgia","Mitchell County",1,18,255,142,113
050,13,205,"Georgia","Mitchell County",1,19,236,135,101
050,13,205,"Georgia","Mitchell County",1,20,252,147,105
050,13,205,"Georgia","Mitchell County",1,21,272,153,119
050,13,205,"Georgia","Mitchell County",1,22,250,128,122
050,13,205,"Georgia","Mitchell County",1,23,270,159,111
050,13,205,"Georgia","Mitchell County",1,24,284,168,116
050,13,205,"Georgia","Mitchell County",1,25,274,168,106
050,13,205,"Georgia","Mitchell County",1,26,269,156,113
050,13,205,"Georgia","Mitchell County",1,27,294,165,129
050,13,205,"Georgia","Mitchell County",1,28,294,154,140
050,13,205,"Georgia","Mitchell County",1,29,334,181,153
050,13,205,"Georgia","Mitchell County",1,30,294,178,116
050,13,205,"Georgia","Mitchell County",1,31,284,172,112
050,13,205,"Georgia","Mitchell County",1,32,270,150,120
050,13,205,"Georgia","Mitchell County",1,33,246,140,106
050,13,205,"Georgia","Mitchell County",1,34,242,126,116
050,13,205,"Georgia","Mitchell County",1,35,275,148,127
050,13,205,"Georgia","Mitchell County",1,36,267,148,119
050,13,205,"Georgia","Mitchell County",1,37,266,136,130
050,13,205,"Georgia","Mitchell County",1,38,274,156,118
050,13,205,"Georgia","Mitchell County",1,39,285,170,115
050,13,205,"Georgia","Mitchell County",1,40,257,137,120
050,13,205,"Georgia","Mitchell County",1,41,279,140,139
050,13,205,"Georgia","Mitchell County",1,42,271,136,135
050,13,205,"Georgia","Mitchell County",1,43,253,135,118
050,13,205,"Georgia","Mitchell County",1,44,248,141,107
050,13,205,"Georgia","Mitchell County",1,45,278,146,132
050,13,205,"Georgia","Mitchell County",1,46,276,153,123
050,13,205,"Georgia","Mitchell County",1,47,292,159,133
050,13,205,"Georgia","Mitchell County",1,48,307,155,152
050,13,205,"Georgia","Mitchell County",1,49,292,151,141
050,13,205,"Georgia","Mitchell County",1,50,294,155,139
050,13,205,"Georgia","Mitchell County",1,51,276,136,140
050,13,205,"Georgia","Mitchell County",1,52,271,144,127
050,13,205,"Georgia","Mitchell County",1,53,250,133,117
050,13,205,"Georgia","Mitchell County",1,54,272,145,127
050,13,205,"Georgia","Mitchell County",1,55,301,149,152
050,13,205,"Georgia","Mitchell County",1,56,295,153,142
050,13,205,"Georgia","Mitchell County",1,57,291,140,151
050,13,205,"Georgia","Mitchell County",1,58,325,168,157
050,13,205,"Georgia","Mitchell County",1,59,319,167,152
050,13,205,"Georgia","Mitchell County",1,60,288,154,134
050,13,205,"Georgia","Mitchell County",1,61,284,144,140
050,13,205,"Georgia","Mitchell County",1,62,295,138,157
050,13,205,"Georgia","Mitchell County",1,63,300,142,158
050,13,205,"Georgia","Mitchell County",1,64,270,123,147
050,13,205,"Georgia","Mitchell County",1,65,257,115,142
050,13,205,"Georgia","Mitchell County",1,66,258,109,149
050,13,205,"Georgia","Mitchell County",1,67,244,109,135
050,13,205,"Georgia","Mitchell County",1,68,222,99,123
050,13,205,"Georgia","Mitchell County",1,69,245,108,137
050,13,205,"Georgia","Mitchell County",1,70,209,90,119
050,13,205,"Georgia","Mitchell County",1,71,196,87,109
050,13,205,"Georgia","Mitchell County",1,72,206,96,110
050,13,205,"Georgia","Mitchell County",1,73,208,87,121
050,13,205,"Georgia","Mitchell County",1,74,164,66,98
050,13,205,"Georgia","Mitchell County",1,75,154,68,86
050,13,205,"Georgia","Mitchell County",1,76,154,64,90
050,13,205,"Georgia","Mitchell County",1,77,160,63,97
050,13,205,"Georgia","Mitchell County",1,78,115,41,74
050,13,205,"Georgia","Mitchell County",1,79,126,51,75
050,13,205,"Georgia","Mitchell County",1,80,122,46,76
050,13,205,"Georgia","Mitchell County",1,81,115,43,72
050,13,205,"Georgia","Mitchell County",1,82,82,33,49
050,13,205,"Georgia","Mitchell County",1,83,65,28,37
050,13,205,"Georgia","Mitchell County",1,84,70,28,42
050,13,205,"Georgia","Mitchell County",1,85,380,121,259
050,13,205,"Georgia","Mitchell County",2,0,213,111,102
050,13,205,"Georgia","Mitchell County",2,1,228,116,112
050,13,205,"Georgia","Mitchell County",2,2,233,121,112
050,13,205,"Georgia","Mitchell County",2,3,251,132,119
050,13,205,"Georgia","Mitchell County",2,4,262,129,133
050,13,205,"Georgia","Mitchell County",2,5,271,134,137
050,13,205,"Georgia","Mitchell County",2,6,263,132,131
050,13,205,"Georgia","Mitchell County",2,7,275,136,139
050,13,205,"Georgia","Mitchell County",2,8,276,149,127
050,13,205,"Georgia","Mitchell County",2,9,281,154,127
050,13,205,"Georgia","Mitchell County",2,10,302,167,135
050,13,205,"Georgia","Mitchell County",2,11,290,158,132
050,13,205,"Georgia","Mitchell County",2,12,302,160,142
050,13,205,"Georgia","Mitchell County",2,13,321,162,159
050,13,205,"Georgia","Mitchell County",2,14,320,169,151
050,13,205,"Georgia","Mitchell County",2,15,277,151,126
050,13,205,"Georgia","Mitchell County",2,16,259,136,123
050,13,205,"Georgia","Mitchell County",2,17,273,135,138
050,13,205,"Georgia","Mitchell County",2,18,251,138,113
050,13,205,"Georgia","Mitchell County",2,19,233,134,99
050,13,205,"Georgia","Mitchell County",2,20,251,145,106
050,13,205,"Georgia","Mitchell County",2,21,270,152,118
050,13,205,"Georgia","Mitchell County",2,22,252,131,121
050,13,205,"Georgia","Mitchell County",2,23,268,154,114
050,13,205,"Georgia","Mitchell County",2,24,288,174,114
050,13,205,"Georgia","Mitchell County",2,25,273,164,109
050,13,205,"Georgia","Mitchell County",2,26,273,162,111
050,13,205,"Georgia","Mitchell County",2,27,292,165,127
050,13,205,"Georgia","Mitchell County",2,28,290,152,138
050,13,205,"Georgia","Mitchell County",2,29,334,182,152
050,13,205,"Georgia","Mitchell County",2,30,303,177,126
050,13,205,"Georgia","Mitchell County",2,31,282,170,112
050,13,205,"Georgia","Mitchell County",2,32,270,153,117
050,13,205,"Georgia","Mitchell County",2,33,253,144,109
050,13,205,"Georgia","Mitchell County",2,34,239,127,112
050,13,205,"Georgia","Mitchell County",2,35,271,148,123
050,13,205,"Georgia","Mitchell County",2,36,265,147,118
050,13,205,"Georgia","Mitchell County",2,37,264,137,127
050,13,205,"Georgia","Mitchell County",2,38,272,151,121
050,13,205,"Georgia","Mitchell County",2,39,282,169,113
050,13,205,"Georgia","Mitchell County",2,40,264,144,120
050,13,205,"Georgia","Mitchell County",2,41,272,138,134
050,13,205,"Georgia","Mitchell County",2,42,270,137,133
050,13,205,"Georgia","Mitchell County",2,43,255,134,121
050,13,205,"Georgia","Mitchell County",2,44,250,144,106
050,13,205,"Georgia","Mitchell County",2,45,268,143,125
050,13,205,"Georgia","Mitchell County",2,46,274,151,123
050,13,205,"Georgia","Mitchell County",2,47,290,159,131
050,13,205,"Georgia","Mitchell County",2,48,300,152,148
050,13,205,"Georgia","Mitchell County",2,49,297,154,143
050,13,205,"Georgia","Mitchell County",2,50,291,153,138
050,13,205,"Georgia","Mitchell County",2,51,278,140,138
050,13,205,"Georgia","Mitchell County",2,52,275,143,132
050,13,205,"Georgia","Mitchell County",2,53,250,133,117
050,13,205,"Georgia","Mitchell County",2,54,268,144,124
050,13,205,"Georgia","Mitchell County",2,55,292,147,145
050,13,205,"Georgia","Mitchell County",2,56,294,152,142
050,13,205,"Georgia","Mitchell County",2,57,289,139,150
050,13,205,"Georgia","Mitchell County",2,58,315,162,153
050,13,205,"Georgia","Mitchell County",2,59,316,168,148
050,13,205,"Georgia","Mitchell County",2,60,295,157,138
050,13,205,"Georgia","Mitchell County",2,61,281,145,136
050,13,205,"Georgia","Mitchell County",2,62,287,136,151
050,13,205,"Georgia","Mitchell County",2,63,299,141,158
050,13,205,"Georgia","Mitchell County",2,64,271,124,147
050,13,205,"Georgia","Mitchell County",2,65,260,117,143
050,13,205,"Georgia","Mitchell County",2,66,253,107,146
050,13,205,"Georgia","Mitchell County",2,67,245,107,138
050,13,205,"Georgia","Mitchell County",2,68,224,100,124
050,13,205,"Georgia","Mitchell County",2,69,241,107,134
050,13,205,"Georgia","Mitchell County",2,70,217,95,122
050,13,205,"Georgia","Mitchell County",2,71,199,88,111
050,13,205,"Georgia","Mitchell County",2,72,196,90,106
050,13,205,"Georgia","Mitchell County",2,73,213,91,122
050,13,205,"Georgia","Mitchell County",2,74,166,67,99
050,13,205,"Georgia","Mitchell County",2,75,153,65,88
050,13,205,"Georgia","Mitchell County",2,76,151,64,87
050,13,205,"Georgia","Mitchell County",2,77,158,61,97
050,13,205,"Georgia","Mitchell County",2,78,123,44,79
050,13,205,"Georgia","Mitchell County",2,79,122,47,75
050,13,205,"Georgia","Mitchell County",2,80,121,47,74
050,13,205,"Georgia","Mitchell County",2,81,114,42,72
050,13,205,"Georgia","Mitchell County",2,82,87,34,53
050,13,205,"Georgia","Mitchell County",2,83,68,28,40
050,13,205,"Georgia","Mitchell County",2,84,71,29,42
050,13,205,"Georgia","Mitchell County",2,85,375,118,257
050,13,205,"Georgia","Mitchell County",3,0,260,125,135
050,13,205,"Georgia","Mitchell County",3,1,212,114,98
050,13,205,"Georgia","Mitchell County",3,2,238,127,111
050,13,205,"Georgia","Mitchell County",3,3,223,111,112
050,13,205,"Georgia","Mitchell County",3,4,244,122,122
050,13,205,"Georgia","Mitchell County",3,5,267,133,134
050,13,205,"Georgia","Mitchell County",3,6,269,136,133
050,13,205,"Georgia","Mitchell County",3,7,266,140,126
050,13,205,"Georgia","Mitchell County",3,8,269,128,141
050,13,205,"Georgia","Mitchell County",3,9,262,143,119
050,13,205,"Georgia","Mitchell County",3,10,288,155,133
050,13,205,"Georgia","Mitchell County",3,11,299,162,137
050,13,205,"Georgia","Mitchell County",3,12,295,159,136
050,13,205,"Georgia","Mitchell County",3,13,309,170,139
050,13,205,"Georgia","Mitchell County",3,14,321,162,159
050,13,205,"Georgia","Mitchell County",3,15,326,175,151
050,13,205,"Georgia","Mitchell County",3,16,272,149,123
050,13,205,"Georgia","Mitchell County",3,17,252,133,119
050,13,205,"Georgia","Mitchell County",3,18,240,125,115
050,13,205,"Georgia","Mitchell County",3,19,229,129,100
050,13,205,"Georgia","Mitchell County",3,20,224,121,103
050,13,205,"Georgia","Mitchell County",3,21,244,143,101
050,13,205,"Georgia","Mitchell County",3,22,263,137,126
050,13,205,"Georgia","Mitchell County",3,23,258,142,116
050,13,205,"Georgia","Mitchell County",3,24,269,158,111
050,13,205,"Georgia","Mitchell County",3,25,269,144,125
050,13,205,"Georgia","Mitchell County",3,26,255,149,106
050,13,205,"Georgia","Mitchell County",3,27,258,152,106
050,13,205,"Georgia","Mitchell County",3,28,266,139,127
050,13,205,"Georgia","Mitchell County",3,29,302,164,138
050,13,205,"Georgia","Mitchell County",3,30,300,158,142
050,13,205,"Georgia","Mitchell County",3,31,300,169,131
050,13,205,"Georgia","Mitchell County",3,32,276,157,119
050,13,205,"Georgia","Mitchell County",3,33,275,153,122
050,13,205,"Georgia","Mitchell County",3,34,237,129,108
050,13,205,"Georgia","Mitchell County",3,35,238,126,112
050,13,205,"Georgia","Mitchell County",3,36,262,137,125
050,13,205,"Georgia","Mitchell County",3,37,252,133,119
050,13,205,"Georgia","Mitchell County",3,38,263,128,135
050,13,205,"Georgia","Mitchell County",3,39,267,148,119
050,13,205,"Georgia","Mitchell County",3,40,265,156,109
050,13,205,"Georgia","Mitchell County",3,41,249,132,117
050,13,205,"Georgia","Mitchell County",3,42,272,139,133
050,13,205,"Georgia","Mitchell County",3,43,264,131,133
050,13,205,"Georgia","Mitchell County",3,44,284,157,127
050,13,205,"Georgia","Mitchell County",3,45,233,125,108
050,13,205,"Georgia","Mitchell County",3,46,257,135,122
050,13,205,"Georgia","Mitchell County",3,47,271,147,124
050,13,205,"Georgia","Mitchell County",3,48,266,137,129
050,13,205,"Georgia","Mitchell County",3,49,294,149,145
050,13,205,"Georgia","Mitchell County",3,50,289,147,142
050,13,205,"Georgia","Mitchell County",3,51,288,147,141
050,13,205,"Georgia","Mitchell County",3,52,266,138,128
050,13,205,"Georgia","Mitchell County",3,53,265,132,133
050,13,205,"Georgia","Mitchell County",3,54,242,128,114
050,13,205,"Georgia","Mitchell County",3,55,264,134,130
050,13,205,"Georgia","Mitchell County",3,56,296,149,147
050,13,205,"Georgia","Mitchell County",3,57,282,138,144
050,13,205,"Georgia","Mitchell County",3,58,293,147,146
050,13,205,"Georgia","Mitchell County",3,59,316,156,160
050,13,205,"Georgia","Mitchell County",3,60,302,156,146
050,13,205,"Georgia","Mitchell County",3,61,301,158,143
050,13,205,"Georgia","Mitchell County",3,62,268,135,133
050,13,205,"Georgia","Mitchell County",3,63,284,138,146
050,13,205,"Georgia","Mitchell County",3,64,292,134,158
050,13,205,"Georgia","Mitchell County",3,65,254,123,131
050,13,205,"Georgia","Mitchell County",3,66,246,109,137
050,13,205,"Georgia","Mitchell County",3,67,252,105,147
050,13,205,"Georgia","Mitchell County",3,68,241,103,138
050,13,205,"Georgia","Mitchell County",3,69,218,96,122
050,13,205,"Georgia","Mitchell County",3,70,228,101,127
050,13,205,"Georgia","Mitchell County",3,71,214,89,125
050,13,205,"Georgia","Mitchell County",3,72,181,81,100
050,13,205,"Georgia","Mitchell County",3,73,187,87,100
050,13,205,"Georgia","Mitchell County",3,74,208,90,118
050,13,205,"Georgia","Mitchell County",3,75,151,59,92
050,13,205,"Georgia","Mitchell County",3,76,148,61,87
050,13,205,"Georgia","Mitchell County",3,77,147,60,87
050,13,205,"Georgia","Mitchell County",3,78,155,58,97
050,13,205,"Georgia","Mitchell County",3,79,117,42,75
050,13,205,"Georgia","Mitchell County",3,80,116,43,73
050,13,205,"Georgia","Mitchell County",3,81,111,40,71
050,13,205,"Georgia","Mitchell County",3,82,98,36,62
050,13,205,"Georgia","Mitchell County",3,83,84,30,54
050,13,205,"Georgia","Mitchell County",3,84,70,28,42
050,13,205,"Georgia","Mitchell County",3,85,370,122,248
050,13,205,"Georgia","Mitchell County",4,0,231,112,119
050,13,205,"Georgia","Mitchell County",4,1,256,126,130
050,13,205,"Georgia","Mitchell County",4,2,212,109,103
050,13,205,"Georgia","Mitchell County",4,3,238,126,112
050,13,205,"Georgia","Mitchell County",4,4,215,114,101
050,13,205,"Georgia","Mitchell County",4,5,248,129,119
050,13,205,"Georgia","Mitchell County",4,6,275,138,137
050,13,205,"Georgia","Mitchell County",4,7,264,128,136
050,13,205,"Georgia","Mitchell County",4,8,254,133,121
050,13,205,"Georgia","Mitchell County",4,9,286,133,153
050,13,205,"Georgia","Mitchell County",4,10,255,139,116
050,13,205,"Georgia","Mitchell County",4,11,289,160,129
050,13,205,"Georgia","Mitchell County",4,12,316,172,144
050,13,205,"Georgia","Mitchell County",4,13,292,157,135
050,13,205,"Georgia","Mitchell County",4,14,292,157,135
050,13,205,"Georgia","Mitchell County",4,15,310,161,149
050,13,205,"Georgia","Mitchell County",4,16,321,169,152
050,13,205,"Georgia","Mitchell County",4,17,264,144,120
050,13,205,"Georgia","Mitchell County",4,18,230,131,99
050,13,205,"Georgia","Mitchell County",4,19,212,111,101
050,13,205,"Georgia","Mitchell County",4,20,243,137,106
050,13,205,"Georgia","Mitchell County",4,21,235,129,106
050,13,205,"Georgia","Mitchell County",4,22,235,122,113
050,13,205,"Georgia","Mitchell County",4,23,270,146,124
050,13,205,"Georgia","Mitchell County",4,24,278,163,115
050,13,205,"Georgia","Mitchell County",4,25,239,133,106
050,13,205,"Georgia","Mitchell County",4,26,272,148,124
050,13,205,"Georgia","Mitchell County",4,27,255,147,108
050,13,205,"Georgia","Mitchell County",4,28,258,143,115
050,13,205,"Georgia","Mitchell County",4,29,287,158,129
050,13,205,"Georgia","Mitchell County",4,30,296,154,142
050,13,205,"Georgia","Mitchell County",4,31,286,143,143
050,13,205,"Georgia","Mitchell County",4,32,296,158,138
050,13,205,"Georgia","Mitchell County",4,33,286,159,127
050,13,205,"Georgia","Mitchell County",4,34,267,142,125
050,13,205,"Georgia","Mitchell County",4,35,236,130,106
050,13,205,"Georgia","Mitchell County",4,36,228,117,111
050,13,205,"Georgia","Mitchell County",4,37,254,132,122
050,13,205,"Georgia","Mitchell County",4,38,241,128,113
050,13,205,"Georgia","Mitchell County",4,39,276,141,135
050,13,205,"Georgia","Mitchell County",4,40,257,135,122
050,13,205,"Georgia","Mitchell County",4,41,269,156,113
050,13,205,"Georgia","Mitchell County",4,42,259,135,124
050,13,205,"Georgia","Mitchell County",4,43,271,133,138
050,13,205,"Georgia","Mitchell County",4,44,267,137,130
050,13,205,"Georgia","Mitchell County",4,45,272,145,127
050,13,205,"Georgia","Mitchell County",4,46,228,121,107
050,13,205,"Georgia","Mitchell County",4,47,251,137,114
050,13,205,"Georgia","Mitchell County",4,48,252,126,126
050,13,205,"Georgia","Mitchell County",4,49,268,140,128
050,13,205,"Georgia","Mitchell County",4,50,294,144,150
050,13,205,"Georgia","Mitchell County",4,51,289,148,141
050,13,205,"Georgia","Mitchell County",4,52,299,151,148
050,13,205,"Georgia","Mitchell County",4,53,261,125,136
050,13,205,"Georgia","Mitchell County",4,54,263,133,130
050,13,205,"Georgia","Mitchell County",4,55,234,119,115
050,13,205,"Georgia","Mitchell County",4,56,272,144,128
050,13,205,"Georgia","Mitchell County",4,57,282,141,141
050,13,205,"Georgia","Mitchell County",4,58,292,149,143
050,13,205,"Georgia","Mitchell County",4,59,297,143,154
050,13,205,"Georgia","Mitchell County",4,60,298,149,149
050,13,205,"Georgia","Mitchell County",4,61,295,156,139
050,13,205,"Georgia","Mitchell County",4,62,275,145,130
050,13,205,"Georgia","Mitchell County",4,63,267,137,130
050,13,205,"Georgia","Mitchell County",4,64,281,133,148
050,13,205,"Georgia","Mitchell County",4,65,281,134,147
050,13,205,"Georgia","Mitchell County",4,66,248,119,129
050,13,205,"Georgia","Mitchell County",4,67,237,99,138
050,13,205,"Georgia","Mitchell County",4,68,236,102,134
050,13,205,"Georgia","Mitchell County",4,69,227,97,130
050,13,205,"Georgia","Mitchell County",4,70,210,91,119
050,13,205,"Georgia","Mitchell County",4,71,229,96,133
050,13,205,"Georgia","Mitchell County",4,72,200,82,118
050,13,205,"Georgia","Mitchell County",4,73,172,74,98
050,13,205,"Georgia","Mitchell County",4,74,188,87,101
050,13,205,"Georgia","Mitchell County",4,75,188,79,109
050,13,205,"Georgia","Mitchell County",4,76,148,57,91
050,13,205,"Georgia","Mitchell County",4,77,145,57,88
050,13,205,"Georgia","Mitchell County",4,78,148,57,91
050,13,205,"Georgia","Mitchell County",4,79,144,52,92
050,13,205,"Georgia","Mitchell County",4,80,107,39,68
050,13,205,"Georgia","Mitchell County",4,81,105,34,71
050,13,205,"Georgia","Mitchell County",4,82,100,36,64
050,13,205,"Georgia","Mitchell County",4,83,99,31,68
050,13,205,"Georgia","Mitchell County",4,84,96,31,65
050,13,205,"Georgia","Mitchell County",4,85,393,125,268
050,13,205,"Georgia","Mitchell County",5,0,230,111,119
050,13,205,"Georgia","Mitchell County",5,1,253,116,137
050,13,205,"Georgia","Mitchell County",5,2,256,125,131
050,13,205,"Georgia","Mitchell County",5,3,224,115,109
050,13,205,"Georgia","Mitchell County",5,4,239,127,112
050,13,205,"Georgia","Mitchell County",5,5,228,118,110
050,13,205,"Georgia","Mitchell County",5,6,254,120,134
050,13,205,"Georgia","Mitchell County",5,7,277,139,138
050,13,205,"Georgia","Mitchell County",5,8,263,131,132
050,13,205,"Georgia","Mitchell County",5,9,261,137,124
050,13,205,"Georgia","Mitchell County",5,10,283,133,150
050,13,205,"Georgia","Mitchell County",5,11,259,139,120
050,13,205,"Georgia","Mitchell County",5,12,287,156,131
050,13,205,"Georgia","Mitchell County",5,13,313,175,138
050,13,205,"Georgia","Mitchell County",5,14,292,156,136
050,13,205,"Georgia","Mitchell County",5,15,299,161,138
050,13,205,"Georgia","Mitchell County",5,16,318,165,153
050,13,205,"Georgia","Mitchell County",5,17,315,166,149
050,13,205,"Georgia","Mitchell County",5,18,237,137,100
050,13,205,"Georgia","Mitchell County",5,19,208,126,82
050,13,205,"Georgia","Mitchell County",5,20,219,113,106
050,13,205,"Georgia","Mitchell County",5,21,247,136,111
050,13,205,"Georgia","Mitchell County",5,22,225,119,106
050,13,205,"Georgia","Mitchell County",5,23,243,123,120
050,13,205,"Georgia","Mitchell County",5,24,289,162,127
050,13,205,"Georgia","Mitchell County",5,25,260,145,115
050,13,205,"Georgia","Mitchell County",5,26,267,153,114
050,13,205,"Georgia","Mitchell County",5,27,267,144,123
050,13,205,"Georgia","Mitchell County",5,28,268,148,120
050,13,205,"Georgia","Mitchell County",5,29,276,160,116
050,13,205,"Georgia","Mitchell County",5,30,275,148,127
050,13,205,"Georgia","Mitchell County",5,31,285,148,137
050,13,205,"Georgia","Mitchell County",5,32,273,132,141
050,13,205,"Georgia","Mitchell County",5,33,299,161,138
050,13,205,"Georgia","Mitchell County",5,34,282,157,125
050,13,205,"Georgia","Mitchell County",5,35,277,154,123
050,13,205,"Georgia","Mitchell County",5,36,238,129,109
050,13,205,"Georgia","Mitchell County",5,37,240,124,116
050,13,205,"Georgia","Mitchell County",5,38,249,126,123
050,13,205,"Georgia","Mitchell County",5,39,247,131,116
050,13,205,"Georgia","Mitchell County",5,40,264,130,134
050,13,205,"Georgia","Mitchell County",5,41,266,139,127
050,13,205,"Georgia","Mitchell County",5,42,275,162,113
050,13,205,"Georgia","Mitchell County",5,43,252,132,120
050,13,205,"Georgia","Mitchell County",5,44,273,139,134
050,13,205,"Georgia","Mitchell County",5,45,260,126,134
050,13,205,"Georgia","Mitchell County",5,46,270,146,124
050,13,205,"Georgia","Mitchell County",5,47,236,129,107
050,13,205,"Georgia","Mitchell County",5,48,243,124,119
050,13,205,"Georgia","Mitchell County",5,49,252,128,124
050,13,205,"Georgia","Mitchell County",5,50,263,138,125
050,13,205,"Georgia","Mitchell County",5,51,288,144,144
050,13,205,"Georgia","Mitchell County",5,52,290,146,144
050,13,205,"Georgia","Mitchell County",5,53,294,147,147
050,13,205,"Georgia","Mitchell County",5,54,260,125,135
050,13,205,"Georgia","Mitchell County",5,55,248,122,126
050,13,205,"Georgia","Mitchell County",5,56,245,130,115
050,13,205,"Georgia","Mitchell County",5,57,266,134,132
050,13,205,"Georgia","Mitchell County",5,58,283,146,137
050,13,205,"Georgia","Mitchell County",5,59,284,142,142
050,13,205,"Georgia","Mitchell County",5,60,284,134,150
050,13,205,"Georgia","Mitchell County",5,61,296,145,151
050,13,205,"Georgia","Mitchell County",5,62,288,153,135
050,13,205,"Georgia","Mitchell County",5,63,264,135,129
050,13,205,"Georgia","Mitchell County",5,64,257,131,126
050,13,205,"Georgia","Mitchell County",5,65,266,131,135
050,13,205,"Georgia","Mitchell County",5,66,275,131,144
050,13,205,"Georgia","Mitchell County",5,67,237,110,127
050,13,205,"Georgia","Mitchell County",5,68,224,94,130
050,13,205,"Georgia","Mitchell County",5,69,230,98,132
050,13,205,"Georgia","Mitchell County",5,70,222,91,131
050,13,205,"Georgia","Mitchell County",5,71,203,86,117
050,13,205,"Georgia","Mitchell County",5,72,213,91,122
050,13,205,"Georgia","Mitchell County",5,73,192,79,113
050,13,205,"Georgia","Mitchell County",5,74,164,73,91
050,13,205,"Georgia","Mitchell County",5,75,170,76,94
050,13,205,"Georgia","Mitchell County",5,76,189,79,110
050,13,205,"Georgia","Mitchell County",5,77,140,54,86
050,13,205,"Georgia","Mitchell County",5,78,145,53,92
050,13,205,"Georgia","Mitchell County",5,79,132,50,82
050,13,205,"Georgia","Mitchell County",5,80,127,46,81
050,13,205,"Georgia","Mitchell County",5,81,94,31,63
050,13,205,"Georgia","Mitchell County",5,82,92,29,63
050,13,205,"Georgia","Mitchell County",5,83,97,33,64
050,13,205,"Georgia","Mitchell County",5,84,97,32,65
050,13,205,"Georgia","Mitchell County",5,85,382,120,262
050,13,207,"Georgia","Monroe County",1,0,245,128,117
050,13,207,"Georgia","Monroe County",1,1,279,146,133
050,13,207,"Georgia","Monroe County",1,2,250,130,120
050,13,207,"Georgia","Monroe County",1,3,317,157,160
050,13,207,"Georgia","Monroe County",1,4,290,144,146
050,13,207,"Georgia","Monroe County",1,5,311,152,159
050,13,207,"Georgia","Monroe County",1,6,322,178,144
050,13,207,"Georgia","Monroe County",1,7,310,157,153
050,13,207,"Georgia","Monroe County",1,8,340,169,171
050,13,207,"Georgia","Monroe County",1,9,321,164,157
050,13,207,"Georgia","Monroe County",1,10,353,192,161
050,13,207,"Georgia","Monroe County",1,11,343,176,167
050,13,207,"Georgia","Monroe County",1,12,335,181,154
050,13,207,"Georgia","Monroe County",1,13,349,177,172
050,13,207,"Georgia","Monroe County",1,14,344,188,156
050,13,207,"Georgia","Monroe County",1,15,341,172,169
050,13,207,"Georgia","Monroe County",1,16,342,165,177
050,13,207,"Georgia","Monroe County",1,17,390,204,186
050,13,207,"Georgia","Monroe County",1,18,347,216,131
050,13,207,"Georgia","Monroe County",1,19,306,194,112
050,13,207,"Georgia","Monroe County",1,20,319,195,124
050,13,207,"Georgia","Monroe County",1,21,330,204,126
050,13,207,"Georgia","Monroe County",1,22,348,200,148
050,13,207,"Georgia","Monroe County",1,23,335,194,141
050,13,207,"Georgia","Monroe County",1,24,326,181,145
050,13,207,"Georgia","Monroe County",1,25,333,182,151
050,13,207,"Georgia","Monroe County",1,26,342,191,151
050,13,207,"Georgia","Monroe County",1,27,337,179,158
050,13,207,"Georgia","Monroe County",1,28,317,158,159
050,13,207,"Georgia","Monroe County",1,29,327,159,168
050,13,207,"Georgia","Monroe County",1,30,353,187,166
050,13,207,"Georgia","Monroe County",1,31,328,166,162
050,13,207,"Georgia","Monroe County",1,32,324,178,146
050,13,207,"Georgia","Monroe County",1,33,333,179,154
050,13,207,"Georgia","Monroe County",1,34,320,155,165
050,13,207,"Georgia","Monroe County",1,35,361,186,175
050,13,207,"Georgia","Monroe County",1,36,340,165,175
050,13,207,"Georgia","Monroe County",1,37,340,165,175
050,13,207,"Georgia","Monroe County",1,38,312,157,155
050,13,207,"Georgia","Monroe County",1,39,361,188,173
050,13,207,"Georgia","Monroe County",1,40,342,175,167
050,13,207,"Georgia","Monroe County",1,41,330,162,168
050,13,207,"Georgia","Monroe County",1,42,361,186,175
050,13,207,"Georgia","Monroe County",1,43,318,150,168
050,13,207,"Georgia","Monroe County",1,44,323,160,163
050,13,207,"Georgia","Monroe County",1,45,356,165,191
050,13,207,"Georgia","Monroe County",1,46,351,169,182
050,13,207,"Georgia","Monroe County",1,47,366,196,170
050,13,207,"Georgia","Monroe County",1,48,394,196,198
050,13,207,"Georgia","Monroe County",1,49,402,192,210
050,13,207,"Georgia","Monroe County",1,50,391,190,201
050,13,207,"Georgia","Monroe County",1,51,380,191,189
050,13,207,"Georgia","Monroe County",1,52,355,182,173
050,13,207,"Georgia","Monroe County",1,53,353,165,188
050,13,207,"Georgia","Monroe County",1,54,407,203,204
050,13,207,"Georgia","Monroe County",1,55,421,209,212
050,13,207,"Georgia","Monroe County",1,56,403,186,217
050,13,207,"Georgia","Monroe County",1,57,388,195,193
050,13,207,"Georgia","Monroe County",1,58,385,192,193
050,13,207,"Georgia","Monroe County",1,59,393,188,205
050,13,207,"Georgia","Monroe County",1,60,419,221,198
050,13,207,"Georgia","Monroe County",1,61,422,224,198
050,13,207,"Georgia","Monroe County",1,62,428,202,226
050,13,207,"Georgia","Monroe County",1,63,440,209,231
050,13,207,"Georgia","Monroe County",1,64,413,196,217
050,13,207,"Georgia","Monroe County",1,65,417,203,214
050,13,207,"Georgia","Monroe County",1,66,394,191,203
050,13,207,"Georgia","Monroe County",1,67,356,181,175
050,13,207,"Georgia","Monroe County",1,68,341,162,179
050,13,207,"Georgia","Monroe County",1,69,301,139,162
050,13,207,"Georgia","Monroe County",1,70,284,137,147
050,13,207,"Georgia","Monroe County",1,71,304,159,145
050,13,207,"Georgia","Monroe County",1,72,316,160,156
050,13,207,"Georgia","Monroe County",1,73,280,135,145
050,13,207,"Georgia","Monroe County",1,74,200,96,104
050,13,207,"Georgia","Monroe County",1,75,202,94,108
050,13,207,"Georgia","Monroe County",1,76,214,97,117
050,13,207,"Georgia","Monroe County",1,77,191,88,103
050,13,207,"Georgia","Monroe County",1,78,168,78,90
050,13,207,"Georgia","Monroe County",1,79,159,67,92
050,13,207,"Georgia","Monroe County",1,80,153,65,88
050,13,207,"Georgia","Monroe County",1,81,141,76,65
050,13,207,"Georgia","Monroe County",1,82,111,55,56
050,13,207,"Georgia","Monroe County",1,83,101,44,57
050,13,207,"Georgia","Monroe County",1,84,85,37,48
050,13,207,"Georgia","Monroe County",1,85,576,178,398
050,13,207,"Georgia","Monroe County",2,0,257,132,125
050,13,207,"Georgia","Monroe County",2,1,270,142,128
050,13,207,"Georgia","Monroe County",2,2,264,138,126
050,13,207,"Georgia","Monroe County",2,3,304,152,152
050,13,207,"Georgia","Monroe County",2,4,302,149,153
050,13,207,"Georgia","Monroe County",2,5,313,156,157
050,13,207,"Georgia","Monroe County",2,6,323,175,148
050,13,207,"Georgia","Monroe County",2,7,316,164,152
050,13,207,"Georgia","Monroe County",2,8,332,166,166
050,13,207,"Georgia","Monroe County",2,9,332,171,161
050,13,207,"Georgia","Monroe County",2,10,352,190,162
050,13,207,"Georgia","Monroe County",2,11,346,181,165
050,13,207,"Georgia","Monroe County",2,12,340,181,159
050,13,207,"Georgia","Monroe County",2,13,347,181,166
050,13,207,"Georgia","Monroe County",2,14,346,186,160
050,13,207,"Georgia","Monroe County",2,15,346,178,168
050,13,207,"Georgia","Monroe County",2,16,341,164,177
050,13,207,"Georgia","Monroe County",2,17,386,202,184
050,13,207,"Georgia","Monroe County",2,18,343,205,138
050,13,207,"Georgia","Monroe County",2,19,310,198,112
050,13,207,"Georgia","Monroe County",2,20,318,195,123
050,13,207,"Georgia","Monroe County",2,21,331,206,125
050,13,207,"Georgia","Monroe County",2,22,344,200,144
050,13,207,"Georgia","Monroe County",2,23,340,194,146
050,13,207,"Georgia","Monroe County",2,24,326,183,143
050,13,207,"Georgia","Monroe County",2,25,331,182,149
050,13,207,"Georgia","Monroe County",2,26,338,188,150
050,13,207,"Georgia","Monroe County",2,27,339,183,156
050,13,207,"Georgia","Monroe County",2,28,323,162,161
050,13,207,"Georgia","Monroe County",2,29,329,160,169
050,13,207,"Georgia","Monroe County",2,30,357,188,169
050,13,207,"Georgia","Monroe County",2,31,331,168,163
050,13,207,"Georgia","Monroe County",2,32,334,179,155
050,13,207,"Georgia","Monroe County",2,33,333,178,155
050,13,207,"Georgia","Monroe County",2,34,332,165,167
050,13,207,"Georgia","Monroe County",2,35,361,183,178
050,13,207,"Georgia","Monroe County",2,36,345,170,175
050,13,207,"Georgia","Monroe County",2,37,343,167,176
050,13,207,"Georgia","Monroe County",2,38,323,162,161
050,13,207,"Georgia","Monroe County",2,39,348,181,167
050,13,207,"Georgia","Monroe County",2,40,351,180,171
050,13,207,"Georgia","Monroe County",2,41,335,166,169
050,13,207,"Georgia","Monroe County",2,42,351,177,174
050,13,207,"Georgia","Monroe County",2,43,332,161,171
050,13,207,"Georgia","Monroe County",2,44,321,157,164
050,13,207,"Georgia","Monroe County",2,45,356,168,188
050,13,207,"Georgia","Monroe County",2,46,352,167,185
050,13,207,"Georgia","Monroe County",2,47,365,192,173
050,13,207,"Georgia","Monroe County",2,48,383,193,190
050,13,207,"Georgia","Monroe County",2,49,406,197,209
050,13,207,"Georgia","Monroe County",2,50,392,191,201
050,13,207,"Georgia","Monroe County",2,51,377,186,191
050,13,207,"Georgia","Monroe County",2,52,358,181,177
050,13,207,"Georgia","Monroe County",2,53,351,165,186
050,13,207,"Georgia","Monroe County",2,54,394,194,200
050,13,207,"Georgia","Monroe County",2,55,415,206,209
050,13,207,"Georgia","Monroe County",2,56,406,191,215
050,13,207,"Georgia","Monroe County",2,57,391,192,199
050,13,207,"Georgia","Monroe County",2,58,386,192,194
050,13,207,"Georgia","Monroe County",2,59,391,190,201
050,13,207,"Georgia","Monroe County",2,60,415,214,201
050,13,207,"Georgia","Monroe County",2,61,424,224,200
050,13,207,"Georgia","Monroe County",2,62,423,206,217
050,13,207,"Georgia","Monroe County",2,63,443,210,233
050,13,207,"Georgia","Monroe County",2,64,416,196,220
050,13,207,"Georgia","Monroe County",2,65,415,200,215
050,13,207,"Georgia","Monroe County",2,66,397,192,205
050,13,207,"Georgia","Monroe County",2,67,365,183,182
050,13,207,"Georgia","Monroe County",2,68,342,166,176
050,13,207,"Georgia","Monroe County",2,69,310,145,165
050,13,207,"Georgia","Monroe County",2,70,289,139,150
050,13,207,"Georgia","Monroe County",2,71,292,151,141
050,13,207,"Georgia","Monroe County",2,72,302,155,147
050,13,207,"Georgia","Monroe County",2,73,300,145,155
050,13,207,"Georgia","Monroe County",2,74,205,98,107
050,13,207,"Georgia","Monroe County",2,75,198,91,107
050,13,207,"Georgia","Monroe County",2,76,209,95,114
050,13,207,"Georgia","Monroe County",2,77,197,91,106
050,13,207,"Georgia","Monroe County",2,78,166,76,90
050,13,207,"Georgia","Monroe County",2,79,162,71,91
050,13,207,"Georgia","Monroe County",2,80,153,65,88
050,13,207,"Georgia","Monroe County",2,81,141,72,69
050,13,207,"Georgia","Monroe County",2,82,116,58,58
050,13,207,"Georgia","Monroe County",2,83,104,46,58
050,13,207,"Georgia","Monroe County",2,84,86,35,51
050,13,207,"Georgia","Monroe County",2,85,578,187,391
050,13,207,"Georgia","Monroe County",3,0,263,154,109
050,13,207,"Georgia","Monroe County",3,1,259,124,135
050,13,207,"Georgia","Monroe County",3,2,299,159,140
050,13,207,"Georgia","Monroe County",3,3,287,146,141
050,13,207,"Georgia","Monroe County",3,4,331,170,161
050,13,207,"Georgia","Monroe County",3,5,322,165,157
050,13,207,"Georgia","Monroe County",3,6,325,159,166
050,13,207,"Georgia","Monroe County",3,7,343,184,159
050,13,207,"Georgia","Monroe County",3,8,326,169,157
050,13,207,"Georgia","Monroe County",3,9,346,171,175
050,13,207,"Georgia","Monroe County",3,10,354,188,166
050,13,207,"Georgia","Monroe County",3,11,372,197,175
050,13,207,"Georgia","Monroe County",3,12,372,200,172
050,13,207,"Georgia","Monroe County",3,13,346,187,159
050,13,207,"Georgia","Monroe County",3,14,362,187,175
050,13,207,"Georgia","Monroe County",3,15,352,195,157
050,13,207,"Georgia","Monroe County",3,16,353,174,179
050,13,207,"Georgia","Monroe County",3,17,375,197,178
050,13,207,"Georgia","Monroe County",3,18,355,191,164
050,13,207,"Georgia","Monroe County",3,19,321,210,111
050,13,207,"Georgia","Monroe County",3,20,332,204,128
050,13,207,"Georgia","Monroe County",3,21,344,209,135
050,13,207,"Georgia","Monroe County",3,22,335,205,130
050,13,207,"Georgia","Monroe County",3,23,340,191,149
050,13,207,"Georgia","Monroe County",3,24,334,187,147
050,13,207,"Georgia","Monroe County",3,25,306,166,140
050,13,207,"Georgia","Monroe County",3,26,360,202,158
050,13,207,"Georgia","Monroe County",3,27,358,208,150
050,13,207,"Georgia","Monroe County",3,28,326,178,148
050,13,207,"Georgia","Monroe County",3,29,329,156,173
050,13,207,"Georgia","Monroe County",3,30,356,183,173
050,13,207,"Georgia","Monroe County",3,31,354,169,185
050,13,207,"Georgia","Monroe County",3,32,375,189,186
050,13,207,"Georgia","Monroe County",3,33,336,173,163
050,13,207,"Georgia","Monroe County",3,34,345,187,158
050,13,207,"Georgia","Monroe County",3,35,348,166,182
050,13,207,"Georgia","Monroe County",3,36,365,176,189
050,13,207,"Georgia","Monroe County",3,37,377,191,186
050,13,207,"Georgia","Monroe County",3,38,365,181,184
050,13,207,"Georgia","Monroe County",3,39,346,178,168
050,13,207,"Georgia","Monroe County",3,40,359,182,177
050,13,207,"Georgia","Monroe County",3,41,372,189,183
050,13,207,"Georgia","Monroe County",3,42,351,178,173
050,13,207,"Georgia","Monroe County",3,43,363,190,173
050,13,207,"Georgia","Monroe County",3,44,363,179,184
050,13,207,"Georgia","Monroe County",3,45,347,175,172
050,13,207,"Georgia","Monroe County",3,46,359,165,194
050,13,207,"Georgia","Monroe County",3,47,366,181,185
050,13,207,"Georgia","Monroe County",3,48,364,186,178
050,13,207,"Georgia","Monroe County",3,49,411,208,203
050,13,207,"Georgia","Monroe County",3,50,420,205,215
050,13,207,"Georgia","Monroe County",3,51,374,182,192
050,13,207,"Georgia","Monroe County",3,52,384,194,190
050,13,207,"Georgia","Monroe County",3,53,360,179,181
050,13,207,"Georgia","Monroe County",3,54,373,181,192
050,13,207,"Georgia","Monroe County",3,55,391,199,192
050,13,207,"Georgia","Monroe County",3,56,413,197,216
050,13,207,"Georgia","Monroe County",3,57,410,185,225
050,13,207,"Georgia","Monroe County",3,58,378,175,203
050,13,207,"Georgia","Monroe County",3,59,388,196,192
050,13,207,"Georgia","Monroe County",3,60,405,200,205
050,13,207,"Georgia","Monroe County",3,61,420,213,207
050,13,207,"Georgia","Monroe County",3,62,431,226,205
050,13,207,"Georgia","Monroe County",3,63,434,215,219
050,13,207,"Georgia","Monroe County",3,64,441,204,237
050,13,207,"Georgia","Monroe County",3,65,411,193,218
050,13,207,"Georgia","Monroe County",3,66,410,196,214
050,13,207,"Georgia","Monroe County",3,67,394,185,209
050,13,207,"Georgia","Monroe County",3,68,352,175,177
050,13,207,"Georgia","Monroe County",3,69,337,162,175
050,13,207,"Georgia","Monroe County",3,70,314,143,171
050,13,207,"Georgia","Monroe County",3,71,284,132,152
050,13,207,"Georgia","Monroe County",3,72,285,148,137
050,13,207,"Georgia","Monroe County",3,73,295,151,144
050,13,207,"Georgia","Monroe County",3,74,285,143,142
050,13,207,"Georgia","Monroe County",3,75,197,92,105
050,13,207,"Georgia","Monroe County",3,76,197,86,111
050,13,207,"Georgia","Monroe County",3,77,195,92,103
050,13,207,"Georgia","Monroe County",3,78,188,89,99
050,13,207,"Georgia","Monroe County",3,79,164,74,90
050,13,207,"Georgia","Monroe County",3,80,151,64,87
050,13,207,"Georgia","Monroe County",3,81,138,57,81
050,13,207,"Georgia","Monroe County",3,82,118,57,61
050,13,207,"Georgia","Monroe County",3,83,105,46,59
050,13,207,"Georgia","Monroe County",3,84,92,38,54
050,13,207,"Georgia","Monroe County",3,85,570,193,377
050,13,207,"Georgia","Monroe County",4,0,277,159,118
050,13,207,"Georgia","Monroe County",4,1,278,169,109
050,13,207,"Georgia","Monroe County",4,2,275,131,144
050,13,207,"Georgia","Monroe County",4,3,302,155,147
050,13,207,"Georgia","Monroe County",4,4,296,151,145
050,13,207,"Georgia","Monroe County",4,5,353,179,174
050,13,207,"Georgia","Monroe County",4,6,335,172,163
050,13,207,"Georgia","Monroe County",4,7,346,169,177
050,13,207,"Georgia","Monroe County",4,8,365,195,170
050,13,207,"Georgia","Monroe County",4,9,332,172,160
050,13,207,"Georgia","Monroe County",4,10,371,187,184
050,13,207,"Georgia","Monroe County",4,11,366,190,176
050,13,207,"Georgia","Monroe County",4,12,393,218,175
050,13,207,"Georgia","Monroe County",4,13,399,211,188
050,13,207,"Georgia","Monroe County",4,14,355,188,167
050,13,207,"Georgia","Monroe County",4,15,374,202,172
050,13,207,"Georgia","Monroe County",4,16,364,200,164
050,13,207,"Georgia","Monroe County",4,17,387,200,187
050,13,207,"Georgia","Monroe County",4,18,330,185,145
050,13,207,"Georgia","Monroe County",4,19,323,192,131
050,13,207,"Georgia","Monroe County",4,20,311,193,118
050,13,207,"Georgia","Monroe County",4,21,360,222,138
050,13,207,"Georgia","Monroe County",4,22,347,204,143
050,13,207,"Georgia","Monroe County",4,23,350,207,143
050,13,207,"Georgia","Monroe County",4,24,330,186,144
050,13,207,"Georgia","Monroe County",4,25,326,179,147
050,13,207,"Georgia","Monroe County",4,26,298,169,129
050,13,207,"Georgia","Monroe County",4,27,379,202,177
050,13,207,"Georgia","Monroe County",4,28,338,194,144
050,13,207,"Georgia","Monroe County",4,29,310,161,149
050,13,207,"Georgia","Monroe County",4,30,356,177,179
050,13,207,"Georgia","Monroe County",4,31,346,159,187
050,13,207,"Georgia","Monroe County",4,32,377,193,184
050,13,207,"Georgia","Monroe County",4,33,415,219,196
050,13,207,"Georgia","Monroe County",4,34,339,180,159
050,13,207,"Georgia","Monroe County",4,35,358,197,161
050,13,207,"Georgia","Monroe County",4,36,351,171,180
050,13,207,"Georgia","Monroe County",4,37,380,181,199
050,13,207,"Georgia","Monroe County",4,38,390,204,186
050,13,207,"Georgia","Monroe County",4,39,389,176,213
050,13,207,"Georgia","Monroe County",4,40,367,193,174
050,13,207,"Georgia","Monroe County",4,41,391,202,189
050,13,207,"Georgia","Monroe County",4,42,380,189,191
050,13,207,"Georgia","Monroe County",4,43,365,184,181
050,13,207,"Georgia","Monroe County",4,44,383,197,186
050,13,207,"Georgia","Monroe County",4,45,384,191,193
050,13,207,"Georgia","Monroe County",4,46,355,175,180
050,13,207,"Georgia","Monroe County",4,47,375,181,194
050,13,207,"Georgia","Monroe County",4,48,370,180,190
050,13,207,"Georgia","Monroe County",4,49,402,203,199
050,13,207,"Georgia","Monroe County",4,50,428,219,209
050,13,207,"Georgia","Monroe County",4,51,428,206,222
050,13,207,"Georgia","Monroe County",4,52,400,190,210
050,13,207,"Georgia","Monroe County",4,53,386,183,203
050,13,207,"Georgia","Monroe County",4,54,377,188,189
050,13,207,"Georgia","Monroe County",4,55,390,192,198
050,13,207,"Georgia","Monroe County",4,56,389,200,189
050,13,207,"Georgia","Monroe County",4,57,436,207,229
050,13,207,"Georgia","Monroe County",4,58,420,190,230
050,13,207,"Georgia","Monroe County",4,59,395,183,212
050,13,207,"Georgia","Monroe County",4,60,397,205,192
050,13,207,"Georgia","Monroe County",4,61,407,196,211
050,13,207,"Georgia","Monroe County",4,62,426,214,212
050,13,207,"Georgia","Monroe County",4,63,443,230,213
050,13,207,"Georgia","Monroe County",4,64,430,214,216
050,13,207,"Georgia","Monroe County",4,65,455,206,249
050,13,207,"Georgia","Monroe County",4,66,393,181,212
050,13,207,"Georgia","Monroe County",4,67,406,190,216
050,13,207,"Georgia","Monroe County",4,68,381,182,199
050,13,207,"Georgia","Monroe County",4,69,333,168,165
050,13,207,"Georgia","Monroe County",4,70,329,151,178
050,13,207,"Georgia","Monroe County",4,71,303,135,168
050,13,207,"Georgia","Monroe County",4,72,277,124,153
050,13,207,"Georgia","Monroe County",4,73,283,150,133
050,13,207,"Georgia","Monroe County",4,74,286,149,137
050,13,207,"Georgia","Monroe County",4,75,278,141,137
050,13,207,"Georgia","Monroe County",4,76,188,82,106
050,13,207,"Georgia","Monroe County",4,77,188,81,107
050,13,207,"Georgia","Monroe County",4,78,184,83,101
050,13,207,"Georgia","Monroe County",4,79,182,87,95
050,13,207,"Georgia","Monroe County",4,80,156,69,87
050,13,207,"Georgia","Monroe County",4,81,135,53,82
050,13,207,"Georgia","Monroe County",4,82,125,49,76
050,13,207,"Georgia","Monroe County",4,83,117,54,63
050,13,207,"Georgia","Monroe County",4,84,95,39,56
050,13,207,"Georgia","Monroe County",4,85,580,194,386
050,13,207,"Georgia","Monroe County",5,0,264,150,114
050,13,207,"Georgia","Monroe County",5,1,288,167,121
050,13,207,"Georgia","Monroe County",5,2,309,176,133
050,13,207,"Georgia","Monroe County",5,3,292,140,152
050,13,207,"Georgia","Monroe County",5,4,341,176,165
050,13,207,"Georgia","Monroe County",5,5,322,167,155
050,13,207,"Georgia","Monroe County",5,6,383,190,193
050,13,207,"Georgia","Monroe County",5,7,354,184,170
050,13,207,"Georgia","Monroe County",5,8,362,182,180
050,13,207,"Georgia","Monroe County",5,9,404,217,187
050,13,207,"Georgia","Monroe County",5,10,347,182,165
050,13,207,"Georgia","Monroe County",5,11,395,196,199
050,13,207,"Georgia","Monroe County",5,12,372,189,183
050,13,207,"Georgia","Monroe County",5,13,410,225,185
050,13,207,"Georgia","Monroe County",5,14,401,212,189
050,13,207,"Georgia","Monroe County",5,15,380,203,177
050,13,207,"Georgia","Monroe County",5,16,375,194,181
050,13,207,"Georgia","Monroe County",5,17,399,227,172
050,13,207,"Georgia","Monroe County",5,18,348,195,153
050,13,207,"Georgia","Monroe County",5,19,327,204,123
050,13,207,"Georgia","Monroe County",5,20,371,208,163
050,13,207,"Georgia","Monroe County",5,21,353,222,131
050,13,207,"Georgia","Monroe County",5,22,360,212,148
050,13,207,"Georgia","Monroe County",5,23,368,209,159
050,13,207,"Georgia","Monroe County",5,24,353,216,137
050,13,207,"Georgia","Monroe County",5,25,351,203,148
050,13,207,"Georgia","Monroe County",5,26,348,195,153
050,13,207,"Georgia","Monroe County",5,27,304,176,128
050,13,207,"Georgia","Monroe County",5,28,376,190,186
050,13,207,"Georgia","Monroe County",5,29,356,207,149
050,13,207,"Georgia","Monroe County",5,30,350,190,160
050,13,207,"Georgia","Monroe County",5,31,363,167,196
050,13,207,"Georgia","Monroe County",5,32,395,197,198
050,13,207,"Georgia","Monroe County",5,33,406,206,200
050,13,207,"Georgia","Monroe County",5,34,429,219,210
050,13,207,"Georgia","Monroe County",5,35,370,200,170
050,13,207,"Georgia","Monroe County",5,36,389,215,174
050,13,207,"Georgia","Monroe County",5,37,389,194,195
050,13,207,"Georgia","Monroe County",5,38,421,209,212
050,13,207,"Georgia","Monroe County",5,39,415,216,199
050,13,207,"Georgia","Monroe County",5,40,422,188,234
050,13,207,"Georgia","Monroe County",5,41,393,206,187
050,13,207,"Georgia","Monroe County",5,42,403,203,200
050,13,207,"Georgia","Monroe County",5,43,401,195,206
050,13,207,"Georgia","Monroe County",5,44,377,189,188
050,13,207,"Georgia","Monroe County",5,45,412,212,200
050,13,207,"Georgia","Monroe County",5,46,380,190,190
050,13,207,"Georgia","Monroe County",5,47,366,184,182
050,13,207,"Georgia","Monroe County",5,48,376,172,204
050,13,207,"Georgia","Monroe County",5,49,405,202,203
050,13,207,"Georgia","Monroe County",5,50,421,213,208
050,13,207,"Georgia","Monroe County",5,51,431,219,212
050,13,207,"Georgia","Monroe County",5,52,444,216,228
050,13,207,"Georgia","Monroe County",5,53,393,179,214
050,13,207,"Georgia","Monroe County",5,54,394,191,203
050,13,207,"Georgia","Monroe County",5,55,380,197,183
050,13,207,"Georgia","Monroe County",5,56,395,198,197
050,13,207,"Georgia","Monroe County",5,57,401,201,200
050,13,207,"Georgia","Monroe County",5,58,436,204,232
050,13,207,"Georgia","Monroe County",5,59,428,196,232
050,13,207,"Georgia","Monroe County",5,60,419,195,224
050,13,207,"Georgia","Monroe County",5,61,412,213,199
050,13,207,"Georgia","Monroe County",5,62,416,197,219
050,13,207,"Georgia","Monroe County",5,63,431,212,219
050,13,207,"Georgia","Monroe County",5,64,460,239,221
050,13,207,"Georgia","Monroe County",5,65,434,218,216
050,13,207,"Georgia","Monroe County",5,66,440,202,238
050,13,207,"Georgia","Monroe County",5,67,394,181,213
050,13,207,"Georgia","Monroe County",5,68,398,186,212
050,13,207,"Georgia","Monroe County",5,69,375,178,197
050,13,207,"Georgia","Monroe County",5,70,326,162,164
050,13,207,"Georgia","Monroe County",5,71,321,145,176
050,13,207,"Georgia","Monroe County",5,72,294,128,166
050,13,207,"Georgia","Monroe County",5,73,271,120,151
050,13,207,"Georgia","Monroe County",5,74,277,147,130
050,13,207,"Georgia","Monroe County",5,75,276,143,133
050,13,207,"Georgia","Monroe County",5,76,258,127,131
050,13,207,"Georgia","Monroe County",5,77,179,77,102
050,13,207,"Georgia","Monroe County",5,78,179,76,103
050,13,207,"Georgia","Monroe County",5,79,180,82,98
050,13,207,"Georgia","Monroe County",5,80,172,82,90
050,13,207,"Georgia","Monroe County",5,81,141,59,82
050,13,207,"Georgia","Monroe County",5,82,125,45,80
050,13,207,"Georgia","Monroe County",5,83,128,48,80
050,13,207,"Georgia","Monroe County",5,84,109,45,64
050,13,207,"Georgia","Monroe County",5,85,612,207,405
050,13,209,"Georgia","Montgomery County",1,0,92,48,44
050,13,209,"Georgia","Montgomery County",1,1,84,47,37
050,13,209,"Georgia","Montgomery County",1,2,94,41,53
050,13,209,"Georgia","Montgomery County",1,3,98,43,55
050,13,209,"Georgia","Montgomery County",1,4,80,37,43
050,13,209,"Georgia","Montgomery County",1,5,81,38,43
050,13,209,"Georgia","Montgomery County",1,6,102,54,48
050,13,209,"Georgia","Montgomery County",1,7,107,46,61
050,13,209,"Georgia","Montgomery County",1,8,99,51,48
050,13,209,"Georgia","Montgomery County",1,9,94,56,38
050,13,209,"Georgia","Montgomery County",1,10,102,54,48
050,13,209,"Georgia","Montgomery County",1,11,97,53,44
050,13,209,"Georgia","Montgomery County",1,12,108,53,55
050,13,209,"Georgia","Montgomery County",1,13,101,47,54
050,13,209,"Georgia","Montgomery County",1,14,100,43,57
050,13,209,"Georgia","Montgomery County",1,15,93,45,48
050,13,209,"Georgia","Montgomery County",1,16,106,51,55
050,13,209,"Georgia","Montgomery County",1,17,100,56,44
050,13,209,"Georgia","Montgomery County",1,18,137,74,63
050,13,209,"Georgia","Montgomery County",1,19,185,101,84
050,13,209,"Georgia","Montgomery County",1,20,149,82,67
050,13,209,"Georgia","Montgomery County",1,21,143,78,65
050,13,209,"Georgia","Montgomery County",1,22,138,77,61
050,13,209,"Georgia","Montgomery County",1,23,117,65,52
050,13,209,"Georgia","Montgomery County",1,24,118,68,50
050,13,209,"Georgia","Montgomery County",1,25,107,54,53
050,13,209,"Georgia","Montgomery County",1,26,115,60,55
050,13,209,"Georgia","Montgomery County",1,27,106,62,44
050,13,209,"Georgia","Montgomery County",1,28,111,65,46
050,13,209,"Georgia","Montgomery County",1,29,102,66,36
050,13,209,"Georgia","Montgomery County",1,30,113,66,47
050,13,209,"Georgia","Montgomery County",1,31,108,62,46
050,13,209,"Georgia","Montgomery County",1,32,100,53,47
050,13,209,"Georgia","Montgomery County",1,33,98,51,47
050,13,209,"Georgia","Montgomery County",1,34,107,47,60
050,13,209,"Georgia","Montgomery County",1,35,103,49,54
050,13,209,"Georgia","Montgomery County",1,36,101,58,43
050,13,209,"Georgia","Montgomery County",1,37,111,63,48
050,13,209,"Georgia","Montgomery County",1,38,105,52,53
050,13,209,"Georgia","Montgomery County",1,39,113,60,53
050,13,209,"Georgia","Montgomery County",1,40,87,46,41
050,13,209,"Georgia","Montgomery County",1,41,93,55,38
050,13,209,"Georgia","Montgomery County",1,42,93,54,39
050,13,209,"Georgia","Montgomery County",1,43,89,47,42
050,13,209,"Georgia","Montgomery County",1,44,112,54,58
050,13,209,"Georgia","Montgomery County",1,45,108,63,45
050,13,209,"Georgia","Montgomery County",1,46,107,56,51
050,13,209,"Georgia","Montgomery County",1,47,97,49,48
050,13,209,"Georgia","Montgomery County",1,48,121,68,53
050,13,209,"Georgia","Montgomery County",1,49,124,65,59
050,13,209,"Georgia","Montgomery County",1,50,110,56,54
050,13,209,"Georgia","Montgomery County",1,51,96,50,46
050,13,209,"Georgia","Montgomery County",1,52,112,68,44
050,13,209,"Georgia","Montgomery County",1,53,122,61,61
050,13,209,"Georgia","Montgomery County",1,54,117,59,58
050,13,209,"Georgia","Montgomery County",1,55,111,63,48
050,13,209,"Georgia","Montgomery County",1,56,104,49,55
050,13,209,"Georgia","Montgomery County",1,57,120,56,64
050,13,209,"Georgia","Montgomery County",1,58,140,68,72
050,13,209,"Georgia","Montgomery County",1,59,125,63,62
050,13,209,"Georgia","Montgomery County",1,60,114,60,54
050,13,209,"Georgia","Montgomery County",1,61,125,62,63
050,13,209,"Georgia","Montgomery County",1,62,115,58,57
050,13,209,"Georgia","Montgomery County",1,63,110,64,46
050,13,209,"Georgia","Montgomery County",1,64,99,48,51
050,13,209,"Georgia","Montgomery County",1,65,97,47,50
050,13,209,"Georgia","Montgomery County",1,66,109,48,61
050,13,209,"Georgia","Montgomery County",1,67,106,46,60
050,13,209,"Georgia","Montgomery County",1,68,102,47,55
050,13,209,"Georgia","Montgomery County",1,69,84,46,38
050,13,209,"Georgia","Montgomery County",1,70,103,56,47
050,13,209,"Georgia","Montgomery County",1,71,92,35,57
050,13,209,"Georgia","Montgomery County",1,72,91,42,49
050,13,209,"Georgia","Montgomery County",1,73,85,44,41
050,13,209,"Georgia","Montgomery County",1,74,60,26,34
050,13,209,"Georgia","Montgomery County",1,75,58,25,33
050,13,209,"Georgia","Montgomery County",1,76,62,26,36
050,13,209,"Georgia","Montgomery County",1,77,59,21,38
050,13,209,"Georgia","Montgomery County",1,78,53,19,34
050,13,209,"Georgia","Montgomery County",1,79,45,17,28
050,13,209,"Georgia","Montgomery County",1,80,53,19,34
050,13,209,"Georgia","Montgomery County",1,81,58,23,35
050,13,209,"Georgia","Montgomery County",1,82,43,21,22
050,13,209,"Georgia","Montgomery County",1,83,31,15,16
050,13,209,"Georgia","Montgomery County",1,84,27,9,18
050,13,209,"Georgia","Montgomery County",1,85,116,40,76
050,13,209,"Georgia","Montgomery County",2,0,90,49,41
050,13,209,"Georgia","Montgomery County",2,1,85,46,39
050,13,209,"Georgia","Montgomery County",2,2,92,42,50
050,13,209,"Georgia","Montgomery County",2,3,95,41,54
050,13,209,"Georgia","Montgomery County",2,4,84,38,46
050,13,209,"Georgia","Montgomery County",2,5,81,38,43
050,13,209,"Georgia","Montgomery County",2,6,98,50,48
050,13,209,"Georgia","Montgomery County",2,7,106,48,58
050,13,209,"Georgia","Montgomery County",2,8,101,50,51
050,13,209,"Georgia","Montgomery County",2,9,95,55,40
050,13,209,"Georgia","Montgomery County",2,10,98,53,45
050,13,209,"Georgia","Montgomery County",2,11,96,52,44
050,13,209,"Georgia","Montgomery County",2,12,104,53,51
050,13,209,"Georgia","Montgomery County",2,13,101,47,54
050,13,209,"Georgia","Montgomery County",2,14,100,44,56
050,13,209,"Georgia","Montgomery County",2,15,95,45,50
050,13,209,"Georgia","Montgomery County",2,16,101,50,51
050,13,209,"Georgia","Montgomery County",2,17,101,54,47
050,13,209,"Georgia","Montgomery County",2,18,134,75,59
050,13,209,"Georgia","Montgomery County",2,19,181,97,84
050,13,209,"Georgia","Montgomery County",2,20,151,82,69
050,13,209,"Georgia","Montgomery County",2,21,142,78,64
050,13,209,"Georgia","Montgomery County",2,22,137,76,61
050,13,209,"Georgia","Montgomery County",2,23,116,63,53
050,13,209,"Georgia","Montgomery County",2,24,118,69,49
050,13,209,"Georgia","Montgomery County",2,25,106,54,52
050,13,209,"Georgia","Montgomery County",2,26,113,60,53
050,13,209,"Georgia","Montgomery County",2,27,106,60,46
050,13,209,"Georgia","Montgomery County",2,28,110,65,45
050,13,209,"Georgia","Montgomery County",2,29,103,65,38
050,13,209,"Georgia","Montgomery County",2,30,112,67,45
050,13,209,"Georgia","Montgomery County",2,31,107,61,46
050,13,209,"Georgia","Montgomery County",2,32,101,52,49
050,13,209,"Georgia","Montgomery County",2,33,97,51,46
050,13,209,"Georgia","Montgomery County",2,34,104,47,57
050,13,209,"Georgia","Montgomery County",2,35,104,49,55
050,13,209,"Georgia","Montgomery County",2,36,101,56,45
050,13,209,"Georgia","Montgomery County",2,37,105,60,45
050,13,209,"Georgia","Montgomery County",2,38,110,57,53
050,13,209,"Georgia","Montgomery County",2,39,113,60,53
050,13,209,"Georgia","Montgomery County",2,40,92,47,45
050,13,209,"Georgia","Montgomery County",2,41,92,54,38
050,13,209,"Georgia","Montgomery County",2,42,89,53,36
050,13,209,"Georgia","Montgomery County",2,43,92,50,42
050,13,209,"Georgia","Montgomery County",2,44,105,52,53
050,13,209,"Georgia","Montgomery County",2,45,109,61,48
050,13,209,"Georgia","Montgomery County",2,46,108,59,49
050,13,209,"Georgia","Montgomery County",2,47,97,49,48
050,13,209,"Georgia","Montgomery County",2,48,115,64,51
050,13,209,"Georgia","Montgomery County",2,49,123,65,58
050,13,209,"Georgia","Montgomery County",2,50,111,56,55
050,13,209,"Georgia","Montgomery County",2,51,98,51,47
050,13,209,"Georgia","Montgomery County",2,52,109,65,44
050,13,209,"Georgia","Montgomery County",2,53,118,62,56
050,13,209,"Georgia","Montgomery County",2,54,118,58,60
050,13,209,"Georgia","Montgomery County",2,55,111,61,50
050,13,209,"Georgia","Montgomery County",2,56,107,52,55
050,13,209,"Georgia","Montgomery County",2,57,116,54,62
050,13,209,"Georgia","Montgomery County",2,58,135,65,70
050,13,209,"Georgia","Montgomery County",2,59,128,64,64
050,13,209,"Georgia","Montgomery County",2,60,117,61,56
050,13,209,"Georgia","Montgomery County",2,61,122,61,61
050,13,209,"Georgia","Montgomery County",2,62,114,56,58
050,13,209,"Georgia","Montgomery County",2,63,111,63,48
050,13,209,"Georgia","Montgomery County",2,64,99,50,49
050,13,209,"Georgia","Montgomery County",2,65,100,49,51
050,13,209,"Georgia","Montgomery County",2,66,107,48,59
050,13,209,"Georgia","Montgomery County",2,67,106,46,60
050,13,209,"Georgia","Montgomery County",2,68,101,46,55
050,13,209,"Georgia","Montgomery County",2,69,89,47,42
050,13,209,"Georgia","Montgomery County",2,70,98,54,44
050,13,209,"Georgia","Montgomery County",2,71,95,40,55
050,13,209,"Georgia","Montgomery County",2,72,90,39,51
050,13,209,"Georgia","Montgomery County",2,73,91,45,46
050,13,209,"Georgia","Montgomery County",2,74,58,27,31
050,13,209,"Georgia","Montgomery County",2,75,59,25,34
050,13,209,"Georgia","Montgomery County",2,76,59,24,35
050,13,209,"Georgia","Montgomery County",2,77,61,23,38
050,13,209,"Georgia","Montgomery County",2,78,53,20,33
050,13,209,"Georgia","Montgomery County",2,79,47,17,30
050,13,209,"Georgia","Montgomery County",2,80,50,18,32
050,13,209,"Georgia","Montgomery County",2,81,55,22,33
050,13,209,"Georgia","Montgomery County",2,82,48,22,26
050,13,209,"Georgia","Montgomery County",2,83,34,17,17
050,13,209,"Georgia","Montgomery County",2,84,28,10,18
050,13,209,"Georgia","Montgomery County",2,85,117,42,75
050,13,209,"Georgia","Montgomery County",3,0,105,55,50
050,13,209,"Georgia","Montgomery County",3,1,97,57,40
050,13,209,"Georgia","Montgomery County",3,2,87,45,42
050,13,209,"Georgia","Montgomery County",3,3,91,43,48
050,13,209,"Georgia","Montgomery County",3,4,94,40,54
050,13,209,"Georgia","Montgomery County",3,5,90,49,41
050,13,209,"Georgia","Montgomery County",3,6,77,36,41
050,13,209,"Georgia","Montgomery County",3,7,100,50,50
050,13,209,"Georgia","Montgomery County",3,8,111,51,60
050,13,209,"Georgia","Montgomery County",3,9,107,55,52
050,13,209,"Georgia","Montgomery County",3,10,104,59,45
050,13,209,"Georgia","Montgomery County",3,11,101,55,46
050,13,209,"Georgia","Montgomery County",3,12,99,53,46
050,13,209,"Georgia","Montgomery County",3,13,113,60,53
050,13,209,"Georgia","Montgomery County",3,14,102,46,56
050,13,209,"Georgia","Montgomery County",3,15,101,46,55
050,13,209,"Georgia","Montgomery County",3,16,103,50,53
050,13,209,"Georgia","Montgomery County",3,17,110,54,56
050,13,209,"Georgia","Montgomery County",3,18,145,80,65
050,13,209,"Georgia","Montgomery County",3,19,170,87,83
050,13,209,"Georgia","Montgomery County",3,20,146,76,70
050,13,209,"Georgia","Montgomery County",3,21,149,83,66
050,13,209,"Georgia","Montgomery County",3,22,130,78,52
050,13,209,"Georgia","Montgomery County",3,23,111,56,55
050,13,209,"Georgia","Montgomery County",3,24,115,66,49
050,13,209,"Georgia","Montgomery County",3,25,95,52,43
050,13,209,"Georgia","Montgomery County",3,26,112,54,58
050,13,209,"Georgia","Montgomery County",3,27,111,56,55
050,13,209,"Georgia","Montgomery County",3,28,110,61,49
050,13,209,"Georgia","Montgomery County",3,29,114,64,50
050,13,209,"Georgia","Montgomery County",3,30,105,65,40
050,13,209,"Georgia","Montgomery County",3,31,112,65,47
050,13,209,"Georgia","Montgomery County",3,32,103,54,49
050,13,209,"Georgia","Montgomery County",3,33,104,57,47
050,13,209,"Georgia","Montgomery County",3,34,101,56,45
050,13,209,"Georgia","Montgomery County",3,35,105,49,56
050,13,209,"Georgia","Montgomery County",3,36,112,57,55
050,13,209,"Georgia","Montgomery County",3,37,99,54,45
050,13,209,"Georgia","Montgomery County",3,38,109,63,46
050,13,209,"Georgia","Montgomery County",3,39,118,66,52
050,13,209,"Georgia","Montgomery County",3,40,99,47,52
050,13,209,"Georgia","Montgomery County",3,41,93,48,45
050,13,209,"Georgia","Montgomery County",3,42,92,52,40
050,13,209,"Georgia","Montgomery County",3,43,96,57,39
050,13,209,"Georgia","Montgomery County",3,44,97,53,44
050,13,209,"Georgia","Montgomery County",3,45,103,48,55
050,13,209,"Georgia","Montgomery County",3,46,117,69,48
050,13,209,"Georgia","Montgomery County",3,47,111,60,51
050,13,209,"Georgia","Montgomery County",3,48,103,53,50
050,13,209,"Georgia","Montgomery County",3,49,109,59,50
050,13,209,"Georgia","Montgomery County",3,50,126,65,61
050,13,209,"Georgia","Montgomery County",3,51,117,59,58
050,13,209,"Georgia","Montgomery County",3,52,104,59,45
050,13,209,"Georgia","Montgomery County",3,53,102,56,46
050,13,209,"Georgia","Montgomery County",3,54,118,61,57
050,13,209,"Georgia","Montgomery County",3,55,109,56,53
050,13,209,"Georgia","Montgomery County",3,56,108,61,47
050,13,209,"Georgia","Montgomery County",3,57,107,51,56
050,13,209,"Georgia","Montgomery County",3,58,111,51,60
050,13,209,"Georgia","Montgomery County",3,59,130,65,65
050,13,209,"Georgia","Montgomery County",3,60,129,60,69
050,13,209,"Georgia","Montgomery County",3,61,119,61,58
050,13,209,"Georgia","Montgomery County",3,62,113,55,58
050,13,209,"Georgia","Montgomery County",3,63,111,53,58
050,13,209,"Georgia","Montgomery County",3,64,106,59,47
050,13,209,"Georgia","Montgomery County",3,65,95,47,48
050,13,209,"Georgia","Montgomery County",3,66,102,51,51
050,13,209,"Georgia","Montgomery County",3,67,100,44,56
050,13,209,"Georgia","Montgomery County",3,68,100,44,56
050,13,209,"Georgia","Montgomery County",3,69,93,43,50
050,13,209,"Georgia","Montgomery County",3,70,87,44,43
050,13,209,"Georgia","Montgomery County",3,71,100,54,46
050,13,209,"Georgia","Montgomery County",3,72,93,41,52
050,13,209,"Georgia","Montgomery County",3,73,84,35,49
050,13,209,"Georgia","Montgomery County",3,74,90,46,44
050,13,209,"Georgia","Montgomery County",3,75,51,22,29
050,13,209,"Georgia","Montgomery County",3,76,60,25,35
050,13,209,"Georgia","Montgomery County",3,77,53,23,30
050,13,209,"Georgia","Montgomery County",3,78,57,20,37
050,13,209,"Georgia","Montgomery County",3,79,51,20,31
050,13,209,"Georgia","Montgomery County",3,80,44,16,28
050,13,209,"Georgia","Montgomery County",3,81,45,18,27
050,13,209,"Georgia","Montgomery County",3,82,51,21,30
050,13,209,"Georgia","Montgomery County",3,83,42,20,22
050,13,209,"Georgia","Montgomery County",3,84,30,14,16
050,13,209,"Georgia","Montgomery County",3,85,120,39,81
050,13,209,"Georgia","Montgomery County",4,0,110,60,50
050,13,209,"Georgia","Montgomery County",4,1,86,45,41
050,13,209,"Georgia","Montgomery County",4,2,94,53,41
050,13,209,"Georgia","Montgomery County",4,3,82,41,41
050,13,209,"Georgia","Montgomery County",4,4,93,41,52
050,13,209,"Georgia","Montgomery County",4,5,90,37,53
050,13,209,"Georgia","Montgomery County",4,6,83,47,36
050,13,209,"Georgia","Montgomery County",4,7,73,31,42
050,13,209,"Georgia","Montgomery County",4,8,101,53,48
050,13,209,"Georgia","Montgomery County",4,9,106,51,55
050,13,209,"Georgia","Montgomery County",4,10,105,52,53
050,13,209,"Georgia","Montgomery County",4,11,104,61,43
050,13,209,"Georgia","Montgomery County",4,12,101,53,48
050,13,209,"Georgia","Montgomery County",4,13,106,53,53
050,13,209,"Georgia","Montgomery County",4,14,114,61,53
050,13,209,"Georgia","Montgomery County",4,15,101,44,57
050,13,209,"Georgia","Montgomery County",4,16,98,43,55
050,13,209,"Georgia","Montgomery County",4,17,107,55,52
050,13,209,"Georgia","Montgomery County",4,18,144,77,67
050,13,209,"Georgia","Montgomery County",4,19,182,95,87
050,13,209,"Georgia","Montgomery County",4,20,143,75,68
050,13,209,"Georgia","Montgomery County",4,21,147,80,67
050,13,209,"Georgia","Montgomery County",4,22,152,89,63
050,13,209,"Georgia","Montgomery County",4,23,107,62,45
050,13,209,"Georgia","Montgomery County",4,24,113,64,49
050,13,209,"Georgia","Montgomery County",4,25,107,59,48
050,13,209,"Georgia","Montgomery County",4,26,98,60,38
050,13,209,"Georgia","Montgomery County",4,27,113,44,69
050,13,209,"Georgia","Montgomery County",4,28,122,63,59
050,13,209,"Georgia","Montgomery County",4,29,100,59,41
050,13,209,"Georgia","Montgomery County",4,30,106,59,47
050,13,209,"Georgia","Montgomery County",4,31,111,68,43
050,13,209,"Georgia","Montgomery County",4,32,103,53,50
050,13,209,"Georgia","Montgomery County",4,33,111,61,50
050,13,209,"Georgia","Montgomery County",4,34,107,57,50
050,13,209,"Georgia","Montgomery County",4,35,99,53,46
050,13,209,"Georgia","Montgomery County",4,36,110,57,53
050,13,209,"Georgia","Montgomery County",4,37,110,51,59
050,13,209,"Georgia","Montgomery County",4,38,108,57,51
050,13,209,"Georgia","Montgomery County",4,39,132,83,49
050,13,209,"Georgia","Montgomery County",4,40,104,54,50
050,13,209,"Georgia","Montgomery County",4,41,97,47,50
050,13,209,"Georgia","Montgomery County",4,42,94,48,46
050,13,209,"Georgia","Montgomery County",4,43,85,51,34
050,13,209,"Georgia","Montgomery County",4,44,96,57,39
050,13,209,"Georgia","Montgomery County",4,45,99,51,48
050,13,209,"Georgia","Montgomery County",4,46,100,48,52
050,13,209,"Georgia","Montgomery County",4,47,110,59,51
050,13,209,"Georgia","Montgomery County",4,48,119,63,56
050,13,209,"Georgia","Montgomery County",4,49,97,53,44
050,13,209,"Georgia","Montgomery County",4,50,104,54,50
050,13,209,"Georgia","Montgomery County",4,51,124,58,66
050,13,209,"Georgia","Montgomery County",4,52,119,62,57
050,13,209,"Georgia","Montgomery County",4,53,98,50,48
050,13,209,"Georgia","Montgomery County",4,54,103,57,46
050,13,209,"Georgia","Montgomery County",4,55,115,60,55
050,13,209,"Georgia","Montgomery County",4,56,105,57,48
050,13,209,"Georgia","Montgomery County",4,57,111,63,48
050,13,209,"Georgia","Montgomery County",4,58,100,46,54
050,13,209,"Georgia","Montgomery County",4,59,110,51,59
050,13,209,"Georgia","Montgomery County",4,60,128,64,64
050,13,209,"Georgia","Montgomery County",4,61,139,64,75
050,13,209,"Georgia","Montgomery County",4,62,115,57,58
050,13,209,"Georgia","Montgomery County",4,63,115,58,57
050,13,209,"Georgia","Montgomery County",4,64,101,45,56
050,13,209,"Georgia","Montgomery County",4,65,103,57,46
050,13,209,"Georgia","Montgomery County",4,66,97,48,49
050,13,209,"Georgia","Montgomery County",4,67,102,52,50
050,13,209,"Georgia","Montgomery County",4,68,92,40,52
050,13,209,"Georgia","Montgomery County",4,69,93,41,52
050,13,209,"Georgia","Montgomery County",4,70,94,44,50
050,13,209,"Georgia","Montgomery County",4,71,85,43,42
050,13,209,"Georgia","Montgomery County",4,72,100,57,43
050,13,209,"Georgia","Montgomery County",4,73,93,44,49
050,13,209,"Georgia","Montgomery County",4,74,82,35,47
050,13,209,"Georgia","Montgomery County",4,75,83,42,41
050,13,209,"Georgia","Montgomery County",4,76,52,21,31
050,13,209,"Georgia","Montgomery County",4,77,57,23,34
050,13,209,"Georgia","Montgomery County",4,78,51,21,30
050,13,209,"Georgia","Montgomery County",4,79,52,18,34
050,13,209,"Georgia","Montgomery County",4,80,47,19,28
050,13,209,"Georgia","Montgomery County",4,81,40,16,24
050,13,209,"Georgia","Montgomery County",4,82,40,16,24
050,13,209,"Georgia","Montgomery County",4,83,47,20,27
050,13,209,"Georgia","Montgomery County",4,84,40,20,20
050,13,209,"Georgia","Montgomery County",4,85,126,43,83
050,13,209,"Georgia","Montgomery County",5,0,107,56,51
050,13,209,"Georgia","Montgomery County",5,1,113,66,47
050,13,209,"Georgia","Montgomery County",5,2,100,47,53
050,13,209,"Georgia","Montgomery County",5,3,87,47,40
050,13,209,"Georgia","Montgomery County",5,4,90,45,45
050,13,209,"Georgia","Montgomery County",5,5,95,45,50
050,13,209,"Georgia","Montgomery County",5,6,94,41,53
050,13,209,"Georgia","Montgomery County",5,7,79,47,32
050,13,209,"Georgia","Montgomery County",5,8,81,36,45
050,13,209,"Georgia","Montgomery County",5,9,101,51,50
050,13,209,"Georgia","Montgomery County",5,10,119,58,61
050,13,209,"Georgia","Montgomery County",5,11,96,44,52
050,13,209,"Georgia","Montgomery County",5,12,103,58,45
050,13,209,"Georgia","Montgomery County",5,13,107,54,53
050,13,209,"Georgia","Montgomery County",5,14,106,52,54
050,13,209,"Georgia","Montgomery County",5,15,122,66,56
050,13,209,"Georgia","Montgomery County",5,16,96,46,50
050,13,209,"Georgia","Montgomery County",5,17,109,53,56
050,13,209,"Georgia","Montgomery County",5,18,139,76,63
050,13,209,"Georgia","Montgomery County",5,19,172,89,83
050,13,209,"Georgia","Montgomery County",5,20,141,74,67
050,13,209,"Georgia","Montgomery County",5,21,130,72,58
050,13,209,"Georgia","Montgomery County",5,22,136,74,62
050,13,209,"Georgia","Montgomery County",5,23,125,70,55
050,13,209,"Georgia","Montgomery County",5,24,129,82,47
050,13,209,"Georgia","Montgomery County",5,25,99,48,51
050,13,209,"Georgia","Montgomery County",5,26,112,62,50
050,13,209,"Georgia","Montgomery County",5,27,104,64,40
050,13,209,"Georgia","Montgomery County",5,28,130,56,74
050,13,209,"Georgia","Montgomery County",5,29,111,57,54
050,13,209,"Georgia","Montgomery County",5,30,109,64,45
050,13,209,"Georgia","Montgomery County",5,31,111,62,49
050,13,209,"Georgia","Montgomery County",5,32,108,61,47
050,13,209,"Georgia","Montgomery County",5,33,107,61,46
050,13,209,"Georgia","Montgomery County",5,34,107,62,45
050,13,209,"Georgia","Montgomery County",5,35,107,58,49
050,13,209,"Georgia","Montgomery County",5,36,97,56,41
050,13,209,"Georgia","Montgomery County",5,37,109,56,53
050,13,209,"Georgia","Montgomery County",5,38,114,53,61
050,13,209,"Georgia","Montgomery County",5,39,110,62,48
050,13,209,"Georgia","Montgomery County",5,40,117,67,50
050,13,209,"Georgia","Montgomery County",5,41,108,58,50
050,13,209,"Georgia","Montgomery County",5,42,104,46,58
050,13,209,"Georgia","Montgomery County",5,43,101,52,49
050,13,209,"Georgia","Montgomery County",5,44,94,59,35
050,13,209,"Georgia","Montgomery County",5,45,96,56,40
050,13,209,"Georgia","Montgomery County",5,46,107,59,48
050,13,209,"Georgia","Montgomery County",5,47,92,42,50
050,13,209,"Georgia","Montgomery County",5,48,115,65,50
050,13,209,"Georgia","Montgomery County",5,49,114,55,59
050,13,209,"Georgia","Montgomery County",5,50,99,53,46
050,13,209,"Georgia","Montgomery County",5,51,107,56,51
050,13,209,"Georgia","Montgomery County",5,52,129,63,66
050,13,209,"Georgia","Montgomery County",5,53,109,54,55
050,13,209,"Georgia","Montgomery County",5,54,91,46,45
050,13,209,"Georgia","Montgomery County",5,55,103,58,45
050,13,209,"Georgia","Montgomery County",5,56,119,62,57
050,13,209,"Georgia","Montgomery County",5,57,115,62,53
050,13,209,"Georgia","Montgomery County",5,58,103,55,48
050,13,209,"Georgia","Montgomery County",5,59,103,46,57
050,13,209,"Georgia","Montgomery County",5,60,113,50,63
050,13,209,"Georgia","Montgomery County",5,61,134,68,66
050,13,209,"Georgia","Montgomery County",5,62,138,62,76
050,13,209,"Georgia","Montgomery County",5,63,117,62,55
050,13,209,"Georgia","Montgomery County",5,64,114,59,55
050,13,209,"Georgia","Montgomery County",5,65,103,44,59
050,13,209,"Georgia","Montgomery County",5,66,102,56,46
050,13,209,"Georgia","Montgomery County",5,67,94,48,46
050,13,209,"Georgia","Montgomery County",5,68,97,48,49
050,13,209,"Georgia","Montgomery County",5,69,91,41,50
050,13,209,"Georgia","Montgomery County",5,70,93,40,53
050,13,209,"Georgia","Montgomery County",5,71,91,41,50
050,13,209,"Georgia","Montgomery County",5,72,81,43,38
050,13,209,"Georgia","Montgomery County",5,73,99,58,41
050,13,209,"Georgia","Montgomery County",5,74,90,43,47
050,13,209,"Georgia","Montgomery County",5,75,72,31,41
050,13,209,"Georgia","Montgomery County",5,76,84,43,41
050,13,209,"Georgia","Montgomery County",5,77,50,21,29
050,13,209,"Georgia","Montgomery County",5,78,58,22,36
050,13,209,"Georgia","Montgomery County",5,79,50,21,29
050,13,209,"Georgia","Montgomery County",5,80,47,17,30
050,13,209,"Georgia","Montgomery County",5,81,43,19,24
050,13,209,"Georgia","Montgomery County",5,82,37,15,22
050,13,209,"Georgia","Montgomery County",5,83,33,13,20
050,13,209,"Georgia","Montgomery County",5,84,44,19,25
050,13,209,"Georgia","Montgomery County",5,85,148,56,92
050,13,211,"Georgia","Morgan County",1,0,218,111,107
050,13,211,"Georgia","Morgan County",1,1,233,118,115
050,13,211,"Georgia","Morgan County",1,2,232,115,117
050,13,211,"Georgia","Morgan County",1,3,252,127,125
050,13,211,"Georgia","Morgan County",1,4,244,123,121
050,13,211,"Georgia","Morgan County",1,5,257,116,141
050,13,211,"Georgia","Morgan County",1,6,257,126,131
050,13,211,"Georgia","Morgan County",1,7,218,118,100
050,13,211,"Georgia","Morgan County",1,8,229,121,108
050,13,211,"Georgia","Morgan County",1,9,230,119,111
050,13,211,"Georgia","Morgan County",1,10,241,123,118
050,13,211,"Georgia","Morgan County",1,11,242,122,120
050,13,211,"Georgia","Morgan County",1,12,294,149,145
050,13,211,"Georgia","Morgan County",1,13,300,152,148
050,13,211,"Georgia","Morgan County",1,14,289,140,149
050,13,211,"Georgia","Morgan County",1,15,284,152,132
050,13,211,"Georgia","Morgan County",1,16,258,133,125
050,13,211,"Georgia","Morgan County",1,17,274,141,133
050,13,211,"Georgia","Morgan County",1,18,253,131,122
050,13,211,"Georgia","Morgan County",1,19,193,97,96
050,13,211,"Georgia","Morgan County",1,20,220,111,109
050,13,211,"Georgia","Morgan County",1,21,212,113,99
050,13,211,"Georgia","Morgan County",1,22,209,102,107
050,13,211,"Georgia","Morgan County",1,23,208,102,106
050,13,211,"Georgia","Morgan County",1,24,219,103,116
050,13,211,"Georgia","Morgan County",1,25,209,104,105
050,13,211,"Georgia","Morgan County",1,26,201,104,97
050,13,211,"Georgia","Morgan County",1,27,221,103,118
050,13,211,"Georgia","Morgan County",1,28,213,90,123
050,13,211,"Georgia","Morgan County",1,29,211,93,118
050,13,211,"Georgia","Morgan County",1,30,211,97,114
050,13,211,"Georgia","Morgan County",1,31,216,103,113
050,13,211,"Georgia","Morgan County",1,32,215,100,115
050,13,211,"Georgia","Morgan County",1,33,206,95,111
050,13,211,"Georgia","Morgan County",1,34,225,112,113
050,13,211,"Georgia","Morgan County",1,35,247,117,130
050,13,211,"Georgia","Morgan County",1,36,252,119,133
050,13,211,"Georgia","Morgan County",1,37,235,115,120
050,13,211,"Georgia","Morgan County",1,38,246,131,115
050,13,211,"Georgia","Morgan County",1,39,245,119,126
050,13,211,"Georgia","Morgan County",1,40,228,115,113
050,13,211,"Georgia","Morgan County",1,41,221,102,119
050,13,211,"Georgia","Morgan County",1,42,224,105,119
050,13,211,"Georgia","Morgan County",1,43,225,108,117
050,13,211,"Georgia","Morgan County",1,44,229,106,123
050,13,211,"Georgia","Morgan County",1,45,245,111,134
050,13,211,"Georgia","Morgan County",1,46,225,107,118
050,13,211,"Georgia","Morgan County",1,47,265,136,129
050,13,211,"Georgia","Morgan County",1,48,276,125,151
050,13,211,"Georgia","Morgan County",1,49,278,124,154
050,13,211,"Georgia","Morgan County",1,50,269,134,135
050,13,211,"Georgia","Morgan County",1,51,277,129,148
050,13,211,"Georgia","Morgan County",1,52,240,119,121
050,13,211,"Georgia","Morgan County",1,53,280,140,140
050,13,211,"Georgia","Morgan County",1,54,285,142,143
050,13,211,"Georgia","Morgan County",1,55,297,149,148
050,13,211,"Georgia","Morgan County",1,56,297,153,144
050,13,211,"Georgia","Morgan County",1,57,290,151,139
050,13,211,"Georgia","Morgan County",1,58,304,171,133
050,13,211,"Georgia","Morgan County",1,59,293,138,155
050,13,211,"Georgia","Morgan County",1,60,283,130,153
050,13,211,"Georgia","Morgan County",1,61,297,140,157
050,13,211,"Georgia","Morgan County",1,62,275,127,148
050,13,211,"Georgia","Morgan County",1,63,268,137,131
050,13,211,"Georgia","Morgan County",1,64,257,118,139
050,13,211,"Georgia","Morgan County",1,65,282,133,149
050,13,211,"Georgia","Morgan County",1,66,272,126,146
050,13,211,"Georgia","Morgan County",1,67,242,114,128
050,13,211,"Georgia","Morgan County",1,68,238,100,138
050,13,211,"Georgia","Morgan County",1,69,239,111,128
050,13,211,"Georgia","Morgan County",1,70,247,115,132
050,13,211,"Georgia","Morgan County",1,71,227,108,119
050,13,211,"Georgia","Morgan County",1,72,235,119,116
050,13,211,"Georgia","Morgan County",1,73,228,102,126
050,13,211,"Georgia","Morgan County",1,74,168,79,89
050,13,211,"Georgia","Morgan County",1,75,170,73,97
050,13,211,"Georgia","Morgan County",1,76,163,78,85
050,13,211,"Georgia","Morgan County",1,77,172,85,87
050,13,211,"Georgia","Morgan County",1,78,135,62,73
050,13,211,"Georgia","Morgan County",1,79,130,51,79
050,13,211,"Georgia","Morgan County",1,80,109,40,69
050,13,211,"Georgia","Morgan County",1,81,114,53,61
050,13,211,"Georgia","Morgan County",1,82,99,44,55
050,13,211,"Georgia","Morgan County",1,83,91,41,50
050,13,211,"Georgia","Morgan County",1,84,96,36,60
050,13,211,"Georgia","Morgan County",1,85,393,151,242
050,13,211,"Georgia","Morgan County",2,0,223,118,105
050,13,211,"Georgia","Morgan County",2,1,233,118,115
050,13,211,"Georgia","Morgan County",2,2,234,117,117
050,13,211,"Georgia","Morgan County",2,3,248,125,123
050,13,211,"Georgia","Morgan County",2,4,248,125,123
050,13,211,"Georgia","Morgan County",2,5,257,119,138
050,13,211,"Georgia","Morgan County",2,6,259,126,133
050,13,211,"Georgia","Morgan County",2,7,230,120,110
050,13,211,"Georgia","Morgan County",2,8,227,121,106
050,13,211,"Georgia","Morgan County",2,9,233,122,111
050,13,211,"Georgia","Morgan County",2,10,239,122,117
050,13,211,"Georgia","Morgan County",2,11,243,123,120
050,13,211,"Georgia","Morgan County",2,12,286,145,141
050,13,211,"Georgia","Morgan County",2,13,299,151,148
050,13,211,"Georgia","Morgan County",2,14,290,143,147
050,13,211,"Georgia","Morgan County",2,15,286,149,137
050,13,211,"Georgia","Morgan County",2,16,264,136,128
050,13,211,"Georgia","Morgan County",2,17,271,139,132
050,13,211,"Georgia","Morgan County",2,18,248,131,117
050,13,211,"Georgia","Morgan County",2,19,197,100,97
050,13,211,"Georgia","Morgan County",2,20,218,111,107
050,13,211,"Georgia","Morgan County",2,21,217,113,104
050,13,211,"Georgia","Morgan County",2,22,214,105,109
050,13,211,"Georgia","Morgan County",2,23,212,102,110
050,13,211,"Georgia","Morgan County",2,24,217,104,113
050,13,211,"Georgia","Morgan County",2,25,212,105,107
050,13,211,"Georgia","Morgan County",2,26,202,102,100
050,13,211,"Georgia","Morgan County",2,27,218,102,116
050,13,211,"Georgia","Morgan County",2,28,216,92,124
050,13,211,"Georgia","Morgan County",2,29,215,93,122
050,13,211,"Georgia","Morgan County",2,30,214,97,117
050,13,211,"Georgia","Morgan County",2,31,218,102,116
050,13,211,"Georgia","Morgan County",2,32,216,100,116
050,13,211,"Georgia","Morgan County",2,33,210,98,112
050,13,211,"Georgia","Morgan County",2,34,222,110,112
050,13,211,"Georgia","Morgan County",2,35,247,117,130
050,13,211,"Georgia","Morgan County",2,36,251,117,134
050,13,211,"Georgia","Morgan County",2,37,243,119,124
050,13,211,"Georgia","Morgan County",2,38,248,128,120
050,13,211,"Georgia","Morgan County",2,39,246,122,124
050,13,211,"Georgia","Morgan County",2,40,235,118,117
050,13,211,"Georgia","Morgan County",2,41,222,104,118
050,13,211,"Georgia","Morgan County",2,42,224,106,118
050,13,211,"Georgia","Morgan County",2,43,233,111,122
050,13,211,"Georgia","Morgan County",2,44,231,109,122
050,13,211,"Georgia","Morgan County",2,45,243,110,133
050,13,211,"Georgia","Morgan County",2,46,231,109,122
050,13,211,"Georgia","Morgan County",2,47,255,129,126
050,13,211,"Georgia","Morgan County",2,48,269,125,144
050,13,211,"Georgia","Morgan County",2,49,280,125,155
050,13,211,"Georgia","Morgan County",2,50,273,132,141
050,13,211,"Georgia","Morgan County",2,51,271,128,143
050,13,211,"Georgia","Morgan County",2,52,246,120,126
050,13,211,"Georgia","Morgan County",2,53,269,134,135
050,13,211,"Georgia","Morgan County",2,54,284,141,143
050,13,211,"Georgia","Morgan County",2,55,295,146,149
050,13,211,"Georgia","Morgan County",2,56,298,153,145
050,13,211,"Georgia","Morgan County",2,57,290,151,139
050,13,211,"Georgia","Morgan County",2,58,301,167,134
050,13,211,"Georgia","Morgan County",2,59,294,145,149
050,13,211,"Georgia","Morgan County",2,60,287,132,155
050,13,211,"Georgia","Morgan County",2,61,294,136,158
050,13,211,"Georgia","Morgan County",2,62,283,132,151
050,13,211,"Georgia","Morgan County",2,63,275,136,139
050,13,211,"Georgia","Morgan County",2,64,260,123,137
050,13,211,"Georgia","Morgan County",2,65,277,132,145
050,13,211,"Georgia","Morgan County",2,66,277,130,147
050,13,211,"Georgia","Morgan County",2,67,249,116,133
050,13,211,"Georgia","Morgan County",2,68,237,102,135
050,13,211,"Georgia","Morgan County",2,69,241,108,133
050,13,211,"Georgia","Morgan County",2,70,245,115,130
050,13,211,"Georgia","Morgan County",2,71,233,111,122
050,13,211,"Georgia","Morgan County",2,72,226,114,112
050,13,211,"Georgia","Morgan County",2,73,239,111,128
050,13,211,"Georgia","Morgan County",2,74,173,80,93
050,13,211,"Georgia","Morgan County",2,75,169,74,95
050,13,211,"Georgia","Morgan County",2,76,160,73,87
050,13,211,"Georgia","Morgan County",2,77,175,86,89
050,13,211,"Georgia","Morgan County",2,78,140,66,74
050,13,211,"Georgia","Morgan County",2,79,129,52,77
050,13,211,"Georgia","Morgan County",2,80,113,42,71
050,13,211,"Georgia","Morgan County",2,81,112,50,62
050,13,211,"Georgia","Morgan County",2,82,105,47,58
050,13,211,"Georgia","Morgan County",2,83,87,39,48
050,13,211,"Georgia","Morgan County",2,84,93,35,58
050,13,211,"Georgia","Morgan County",2,85,407,154,253
050,13,211,"Georgia","Morgan County",3,0,199,103,96
050,13,211,"Georgia","Morgan County",3,1,232,116,116
050,13,211,"Georgia","Morgan County",3,2,238,121,117
050,13,211,"Georgia","Morgan County",3,3,257,131,126
050,13,211,"Georgia","Morgan County",3,4,253,128,125
050,13,211,"Georgia","Morgan County",3,5,261,135,126
050,13,211,"Georgia","Morgan County",3,6,270,131,139
050,13,211,"Georgia","Morgan County",3,7,281,141,140
050,13,211,"Georgia","Morgan County",3,8,240,128,112
050,13,211,"Georgia","Morgan County",3,9,239,124,115
050,13,211,"Georgia","Morgan County",3,10,234,122,112
050,13,211,"Georgia","Morgan County",3,11,257,135,122
050,13,211,"Georgia","Morgan County",3,12,245,121,124
050,13,211,"Georgia","Morgan County",3,13,286,147,139
050,13,211,"Georgia","Morgan County",3,14,302,150,152
050,13,211,"Georgia","Morgan County",3,15,298,145,153
050,13,211,"Georgia","Morgan County",3,16,297,155,142
050,13,211,"Georgia","Morgan County",3,17,273,144,129
050,13,211,"Georgia","Morgan County",3,18,248,132,116
050,13,211,"Georgia","Morgan County",3,19,206,111,95
050,13,211,"Georgia","Morgan County",3,20,208,110,98
050,13,211,"Georgia","Morgan County",3,21,214,104,110
050,13,211,"Georgia","Morgan County",3,22,239,124,115
050,13,211,"Georgia","Morgan County",3,23,218,110,108
050,13,211,"Georgia","Morgan County",3,24,220,114,106
050,13,211,"Georgia","Morgan County",3,25,228,117,111
050,13,211,"Georgia","Morgan County",3,26,192,90,102
050,13,211,"Georgia","Morgan County",3,27,199,102,97
050,13,211,"Georgia","Morgan County",3,28,225,107,118
050,13,211,"Georgia","Morgan County",3,29,242,105,137
050,13,211,"Georgia","Morgan County",3,30,229,96,133
050,13,211,"Georgia","Morgan County",3,31,239,112,127
050,13,211,"Georgia","Morgan County",3,32,221,116,105
050,13,211,"Georgia","Morgan County",3,33,234,105,129
050,13,211,"Georgia","Morgan County",3,34,233,116,117
050,13,211,"Georgia","Morgan County",3,35,227,110,117
050,13,211,"Georgia","Morgan County",3,36,248,115,133
050,13,211,"Georgia","Morgan County",3,37,260,126,134
050,13,211,"Georgia","Morgan County",3,38,241,115,126
050,13,211,"Georgia","Morgan County",3,39,254,131,123
050,13,211,"Georgia","Morgan County",3,40,241,124,117
050,13,211,"Georgia","Morgan County",3,41,247,125,122
050,13,211,"Georgia","Morgan County",3,42,225,105,120
050,13,211,"Georgia","Morgan County",3,43,224,103,121
050,13,211,"Georgia","Morgan County",3,44,253,128,125
050,13,211,"Georgia","Morgan County",3,45,243,115,128
050,13,211,"Georgia","Morgan County",3,46,244,105,139
050,13,211,"Georgia","Morgan County",3,47,241,117,124
050,13,211,"Georgia","Morgan County",3,48,264,135,129
050,13,211,"Georgia","Morgan County",3,49,274,126,148
050,13,211,"Georgia","Morgan County",3,50,282,124,158
050,13,211,"Georgia","Morgan County",3,51,284,143,141
050,13,211,"Georgia","Morgan County",3,52,278,132,146
050,13,211,"Georgia","Morgan County",3,53,249,120,129
050,13,211,"Georgia","Morgan County",3,54,278,135,143
050,13,211,"Georgia","Morgan County",3,55,295,150,145
050,13,211,"Georgia","Morgan County",3,56,307,157,150
050,13,211,"Georgia","Morgan County",3,57,299,156,143
050,13,211,"Georgia","Morgan County",3,58,299,158,141
050,13,211,"Georgia","Morgan County",3,59,295,162,133
050,13,211,"Georgia","Morgan County",3,60,301,156,145
050,13,211,"Georgia","Morgan County",3,61,288,131,157
050,13,211,"Georgia","Morgan County",3,62,285,133,152
050,13,211,"Georgia","Morgan County",3,63,284,135,149
050,13,211,"Georgia","Morgan County",3,64,279,135,144
050,13,211,"Georgia","Morgan County",3,65,264,127,137
050,13,211,"Georgia","Morgan County",3,66,277,129,148
050,13,211,"Georgia","Morgan County",3,67,265,125,140
050,13,211,"Georgia","Morgan County",3,68,255,117,138
050,13,211,"Georgia","Morgan County",3,69,236,101,135
050,13,211,"Georgia","Morgan County",3,70,244,109,135
050,13,211,"Georgia","Morgan County",3,71,244,109,135
050,13,211,"Georgia","Morgan County",3,72,228,106,122
050,13,211,"Georgia","Morgan County",3,73,224,111,113
050,13,211,"Georgia","Morgan County",3,74,237,110,127
050,13,211,"Georgia","Morgan County",3,75,171,78,93
050,13,211,"Georgia","Morgan County",3,76,164,73,91
050,13,211,"Georgia","Morgan County",3,77,152,69,83
050,13,211,"Georgia","Morgan County",3,78,164,81,83
050,13,211,"Georgia","Morgan County",3,79,130,61,69
050,13,211,"Georgia","Morgan County",3,80,122,47,75
050,13,211,"Georgia","Morgan County",3,81,108,44,64
050,13,211,"Georgia","Morgan County",3,82,108,45,63
050,13,211,"Georgia","Morgan County",3,83,93,40,53
050,13,211,"Georgia","Morgan County",3,84,84,37,47
050,13,211,"Georgia","Morgan County",3,85,434,166,268
050,13,211,"Georgia","Morgan County",4,0,208,104,104
050,13,211,"Georgia","Morgan County",4,1,213,111,102
050,13,211,"Georgia","Morgan County",4,2,220,102,118
050,13,211,"Georgia","Morgan County",4,3,247,131,116
050,13,211,"Georgia","Morgan County",4,4,259,130,129
050,13,211,"Georgia","Morgan County",4,5,261,131,130
050,13,211,"Georgia","Morgan County",4,6,271,137,134
050,13,211,"Georgia","Morgan County",4,7,277,136,141
050,13,211,"Georgia","Morgan County",4,8,276,131,145
050,13,211,"Georgia","Morgan County",4,9,246,127,119
050,13,211,"Georgia","Morgan County",4,10,242,121,121
050,13,211,"Georgia","Morgan County",4,11,242,129,113
050,13,211,"Georgia","Morgan County",4,12,262,139,123
050,13,211,"Georgia","Morgan County",4,13,252,127,125
050,13,211,"Georgia","Morgan County",4,14,283,149,134
050,13,211,"Georgia","Morgan County",4,15,317,158,159
050,13,211,"Georgia","Morgan County",4,16,297,144,153
050,13,211,"Georgia","Morgan County",4,17,294,155,139
050,13,211,"Georgia","Morgan County",4,18,238,131,107
050,13,211,"Georgia","Morgan County",4,19,189,96,93
050,13,211,"Georgia","Morgan County",4,20,223,115,108
050,13,211,"Georgia","Morgan County",4,21,209,108,101
050,13,211,"Georgia","Morgan County",4,22,232,111,121
050,13,211,"Georgia","Morgan County",4,23,252,135,117
050,13,211,"Georgia","Morgan County",4,24,216,112,104
050,13,211,"Georgia","Morgan County",4,25,227,116,111
050,13,211,"Georgia","Morgan County",4,26,234,120,114
050,13,211,"Georgia","Morgan County",4,27,206,102,104
050,13,211,"Georgia","Morgan County",4,28,209,105,104
050,13,211,"Georgia","Morgan County",4,29,233,119,114
050,13,211,"Georgia","Morgan County",4,30,235,98,137
050,13,211,"Georgia","Morgan County",4,31,231,95,136
050,13,211,"Georgia","Morgan County",4,32,245,117,128
050,13,211,"Georgia","Morgan County",4,33,226,117,109
050,13,211,"Georgia","Morgan County",4,34,242,116,126
050,13,211,"Georgia","Morgan County",4,35,234,109,125
050,13,211,"Georgia","Morgan County",4,36,242,115,127
050,13,211,"Georgia","Morgan County",4,37,257,119,138
050,13,211,"Georgia","Morgan County",4,38,253,126,127
050,13,211,"Georgia","Morgan County",4,39,259,131,128
050,13,211,"Georgia","Morgan County",4,40,265,140,125
050,13,211,"Georgia","Morgan County",4,41,237,117,120
050,13,211,"Georgia","Morgan County",4,42,248,123,125
050,13,211,"Georgia","Morgan County",4,43,228,108,120
050,13,211,"Georgia","Morgan County",4,44,246,115,131
050,13,211,"Georgia","Morgan County",4,45,263,130,133
050,13,211,"Georgia","Morgan County",4,46,244,117,127
050,13,211,"Georgia","Morgan County",4,47,257,107,150
050,13,211,"Georgia","Morgan County",4,48,228,109,119
050,13,211,"Georgia","Morgan County",4,49,275,137,138
050,13,211,"Georgia","Morgan County",4,50,284,131,153
050,13,211,"Georgia","Morgan County",4,51,291,130,161
050,13,211,"Georgia","Morgan County",4,52,287,146,141
050,13,211,"Georgia","Morgan County",4,53,296,142,154
050,13,211,"Georgia","Morgan County",4,54,260,124,136
050,13,211,"Georgia","Morgan County",4,55,290,141,149
050,13,211,"Georgia","Morgan County",4,56,302,153,149
050,13,211,"Georgia","Morgan County",4,57,317,161,156
050,13,211,"Georgia","Morgan County",4,58,315,163,152
050,13,211,"Georgia","Morgan County",4,59,310,167,143
050,13,211,"Georgia","Morgan County",4,60,303,165,138
050,13,211,"Georgia","Morgan County",4,61,296,151,145
050,13,211,"Georgia","Morgan County",4,62,294,131,163
050,13,211,"Georgia","Morgan County",4,63,294,141,153
050,13,211,"Georgia","Morgan County",4,64,285,136,149
050,13,211,"Georgia","Morgan County",4,65,291,139,152
050,13,211,"Georgia","Morgan County",4,66,261,126,135
050,13,211,"Georgia","Morgan County",4,67,278,125,153
050,13,211,"Georgia","Morgan County",4,68,275,127,148
050,13,211,"Georgia","Morgan County",4,69,247,112,135
050,13,211,"Georgia","Morgan County",4,70,238,101,137
050,13,211,"Georgia","Morgan County",4,71,244,111,133
050,13,211,"Georgia","Morgan County",4,72,237,105,132
050,13,211,"Georgia","Morgan County",4,73,232,110,122
050,13,211,"Georgia","Morgan County",4,74,217,109,108
050,13,211,"Georgia","Morgan County",4,75,232,104,128
050,13,211,"Georgia","Morgan County",4,76,168,76,92
050,13,211,"Georgia","Morgan County",4,77,156,71,85
050,13,211,"Georgia","Morgan County",4,78,139,63,76
050,13,211,"Georgia","Morgan County",4,79,160,78,82
050,13,211,"Georgia","Morgan County",4,80,123,52,71
050,13,211,"Georgia","Morgan County",4,81,115,46,69
050,13,211,"Georgia","Morgan County",4,82,103,41,62
050,13,211,"Georgia","Morgan County",4,83,90,36,54
050,13,211,"Georgia","Morgan County",4,84,91,36,55
050,13,211,"Georgia","Morgan County",4,85,453,177,276
050,13,211,"Georgia","Morgan County",5,0,209,106,103
050,13,211,"Georgia","Morgan County",5,1,226,112,114
050,13,211,"Georgia","Morgan County",5,2,212,112,100
050,13,211,"Georgia","Morgan County",5,3,229,107,122
050,13,211,"Georgia","Morgan County",5,4,247,132,115
050,13,211,"Georgia","Morgan County",5,5,265,134,131
050,13,211,"Georgia","Morgan County",5,6,277,138,139
050,13,211,"Georgia","Morgan County",5,7,292,148,144
050,13,211,"Georgia","Morgan County",5,8,284,136,148
050,13,211,"Georgia","Morgan County",5,9,287,143,144
050,13,211,"Georgia","Morgan County",5,10,254,131,123
050,13,211,"Georgia","Morgan County",5,11,253,127,126
050,13,211,"Georgia","Morgan County",5,12,254,126,128
050,13,211,"Georgia","Morgan County",5,13,267,143,124
050,13,211,"Georgia","Morgan County",5,14,261,131,130
050,13,211,"Georgia","Morgan County",5,15,285,147,138
050,13,211,"Georgia","Morgan County",5,16,322,163,159
050,13,211,"Georgia","Morgan County",5,17,301,147,154
050,13,211,"Georgia","Morgan County",5,18,259,144,115
050,13,211,"Georgia","Morgan County",5,19,198,112,86
050,13,211,"Georgia","Morgan County",5,20,218,114,104
050,13,211,"Georgia","Morgan County",5,21,235,113,122
050,13,211,"Georgia","Morgan County",5,22,222,111,111
050,13,211,"Georgia","Morgan County",5,23,226,114,112
050,13,211,"Georgia","Morgan County",5,24,247,132,115
050,13,211,"Georgia","Morgan County",5,25,221,122,99
050,13,211,"Georgia","Morgan County",5,26,199,98,101
050,13,211,"Georgia","Morgan County",5,27,224,117,107
050,13,211,"Georgia","Morgan County",5,28,224,113,111
050,13,211,"Georgia","Morgan County",5,29,228,113,115
050,13,211,"Georgia","Morgan County",5,30,225,114,111
050,13,211,"Georgia","Morgan County",5,31,246,108,138
050,13,211,"Georgia","Morgan County",5,32,243,101,142
050,13,211,"Georgia","Morgan County",5,33,262,128,134
050,13,211,"Georgia","Morgan County",5,34,237,115,122
050,13,211,"Georgia","Morgan County",5,35,252,115,137
050,13,211,"Georgia","Morgan County",5,36,251,119,132
050,13,211,"Georgia","Morgan County",5,37,240,118,122
050,13,211,"Georgia","Morgan County",5,38,257,119,138
050,13,211,"Georgia","Morgan County",5,39,258,135,123
050,13,211,"Georgia","Morgan County",5,40,266,138,128
050,13,211,"Georgia","Morgan County",5,41,278,150,128
050,13,211,"Georgia","Morgan County",5,42,259,128,131
050,13,211,"Georgia","Morgan County",5,43,242,121,121
050,13,211,"Georgia","Morgan County",5,44,248,118,130
050,13,211,"Georgia","Morgan County",5,45,257,120,137
050,13,211,"Georgia","Morgan County",5,46,269,136,133
050,13,211,"Georgia","Morgan County",5,47,252,116,136
050,13,211,"Georgia","Morgan County",5,48,257,109,148
050,13,211,"Georgia","Morgan County",5,49,234,105,129
050,13,211,"Georgia","Morgan County",5,50,281,140,141
050,13,211,"Georgia","Morgan County",5,51,298,138,160
050,13,211,"Georgia","Morgan County",5,52,304,130,174
050,13,211,"Georgia","Morgan County",5,53,295,158,137
050,13,211,"Georgia","Morgan County",5,54,285,140,145
050,13,211,"Georgia","Morgan County",5,55,279,136,143
050,13,211,"Georgia","Morgan County",5,56,302,143,159
050,13,211,"Georgia","Morgan County",5,57,303,149,154
050,13,211,"Georgia","Morgan County",5,58,327,171,156
050,13,211,"Georgia","Morgan County",5,59,312,162,150
050,13,211,"Georgia","Morgan County",5,60,314,163,151
050,13,211,"Georgia","Morgan County",5,61,313,179,134
050,13,211,"Georgia","Morgan County",5,62,299,155,144
050,13,211,"Georgia","Morgan County",5,63,302,130,172
050,13,211,"Georgia","Morgan County",5,64,290,135,155
050,13,211,"Georgia","Morgan County",5,65,286,136,150
050,13,211,"Georgia","Morgan County",5,66,288,142,146
050,13,211,"Georgia","Morgan County",5,67,264,129,135
050,13,211,"Georgia","Morgan County",5,68,275,128,147
050,13,211,"Georgia","Morgan County",5,69,269,123,146
050,13,211,"Georgia","Morgan County",5,70,237,105,132
050,13,211,"Georgia","Morgan County",5,71,238,101,137
050,13,211,"Georgia","Morgan County",5,72,248,105,143
050,13,211,"Georgia","Morgan County",5,73,245,109,136
050,13,211,"Georgia","Morgan County",5,74,223,100,123
050,13,211,"Georgia","Morgan County",5,75,212,104,108
050,13,211,"Georgia","Morgan County",5,76,222,98,124
050,13,211,"Georgia","Morgan County",5,77,168,76,92
050,13,211,"Georgia","Morgan County",5,78,147,68,79
050,13,211,"Georgia","Morgan County",5,79,134,58,76
050,13,211,"Georgia","Morgan County",5,80,152,71,81
050,13,211,"Georgia","Morgan County",5,81,114,51,63
050,13,211,"Georgia","Morgan County",5,82,110,45,65
050,13,211,"Georgia","Morgan County",5,83,87,32,55
050,13,211,"Georgia","Morgan County",5,84,85,32,53
050,13,211,"Georgia","Morgan County",5,85,493,192,301
050,13,213,"Georgia","Murray County",1,0,461,238,223
050,13,213,"Georgia","Murray County",1,1,484,267,217
050,13,213,"Georgia","Murray County",1,2,493,268,225
050,13,213,"Georgia","Murray County",1,3,531,275,256
050,13,213,"Georgia","Murray County",1,4,500,241,259
050,13,213,"Georgia","Murray County",1,5,534,263,271
050,13,213,"Georgia","Murray County",1,6,492,241,251
050,13,213,"Georgia","Murray County",1,7,484,247,237
050,13,213,"Georgia","Murray County",1,8,486,255,231
050,13,213,"Georgia","Murray County",1,9,497,267,230
050,13,213,"Georgia","Murray County",1,10,555,294,261
050,13,213,"Georgia","Murray County",1,11,574,297,277
050,13,213,"Georgia","Murray County",1,12,583,290,293
050,13,213,"Georgia","Murray County",1,13,595,308,287
050,13,213,"Georgia","Murray County",1,14,644,339,305
050,13,213,"Georgia","Murray County",1,15,620,314,306
050,13,213,"Georgia","Murray County",1,16,607,309,298
050,13,213,"Georgia","Murray County",1,17,606,298,308
050,13,213,"Georgia","Murray County",1,18,505,255,250
050,13,213,"Georgia","Murray County",1,19,417,213,204
050,13,213,"Georgia","Murray County",1,20,447,239,208
050,13,213,"Georgia","Murray County",1,21,473,228,245
050,13,213,"Georgia","Murray County",1,22,480,228,252
050,13,213,"Georgia","Murray County",1,23,490,252,238
050,13,213,"Georgia","Murray County",1,24,521,265,256
050,13,213,"Georgia","Murray County",1,25,505,255,250
050,13,213,"Georgia","Murray County",1,26,486,245,241
050,13,213,"Georgia","Murray County",1,27,543,284,259
050,13,213,"Georgia","Murray County",1,28,517,264,253
050,13,213,"Georgia","Murray County",1,29,528,269,259
050,13,213,"Georgia","Murray County",1,30,551,291,260
050,13,213,"Georgia","Murray County",1,31,529,263,266
050,13,213,"Georgia","Murray County",1,32,483,239,244
050,13,213,"Georgia","Murray County",1,33,491,242,249
050,13,213,"Georgia","Murray County",1,34,478,246,232
050,13,213,"Georgia","Murray County",1,35,473,226,247
050,13,213,"Georgia","Murray County",1,36,458,209,249
050,13,213,"Georgia","Murray County",1,37,492,230,262
050,13,213,"Georgia","Murray County",1,38,448,213,235
050,13,213,"Georgia","Murray County",1,39,499,237,262
050,13,213,"Georgia","Murray County",1,40,529,250,279
050,13,213,"Georgia","Murray County",1,41,494,249,245
050,13,213,"Georgia","Murray County",1,42,509,256,253
050,13,213,"Georgia","Murray County",1,43,454,222,232
050,13,213,"Georgia","Murray County",1,44,452,226,226
050,13,213,"Georgia","Murray County",1,45,494,238,256
050,13,213,"Georgia","Murray County",1,46,534,243,291
050,13,213,"Georgia","Murray County",1,47,575,273,302
050,13,213,"Georgia","Murray County",1,48,585,284,301
050,13,213,"Georgia","Murray County",1,49,595,294,301
050,13,213,"Georgia","Murray County",1,50,566,289,277
050,13,213,"Georgia","Murray County",1,51,538,268,270
050,13,213,"Georgia","Murray County",1,52,579,297,282
050,13,213,"Georgia","Murray County",1,53,599,307,292
050,13,213,"Georgia","Murray County",1,54,574,301,273
050,13,213,"Georgia","Murray County",1,55,586,294,292
050,13,213,"Georgia","Murray County",1,56,585,289,296
050,13,213,"Georgia","Murray County",1,57,555,274,281
050,13,213,"Georgia","Murray County",1,58,555,285,270
050,13,213,"Georgia","Murray County",1,59,537,274,263
050,13,213,"Georgia","Murray County",1,60,539,290,249
050,13,213,"Georgia","Murray County",1,61,534,275,259
050,13,213,"Georgia","Murray County",1,62,481,255,226
050,13,213,"Georgia","Murray County",1,63,467,238,229
050,13,213,"Georgia","Murray County",1,64,443,227,216
050,13,213,"Georgia","Murray County",1,65,447,211,236
050,13,213,"Georgia","Murray County",1,66,429,196,233
050,13,213,"Georgia","Murray County",1,67,383,179,204
050,13,213,"Georgia","Murray County",1,68,383,167,216
050,13,213,"Georgia","Murray County",1,69,345,154,191
050,13,213,"Georgia","Murray County",1,70,388,191,197
050,13,213,"Georgia","Murray County",1,71,381,189,192
050,13,213,"Georgia","Murray County",1,72,360,177,183
050,13,213,"Georgia","Murray County",1,73,350,169,181
050,13,213,"Georgia","Murray County",1,74,263,115,148
050,13,213,"Georgia","Murray County",1,75,279,119,160
050,13,213,"Georgia","Murray County",1,76,284,124,160
050,13,213,"Georgia","Murray County",1,77,263,119,144
050,13,213,"Georgia","Murray County",1,78,215,87,128
050,13,213,"Georgia","Murray County",1,79,187,84,103
050,13,213,"Georgia","Murray County",1,80,131,53,78
050,13,213,"Georgia","Murray County",1,81,143,62,81
050,13,213,"Georgia","Murray County",1,82,143,58,85
050,13,213,"Georgia","Murray County",1,83,123,43,80
050,13,213,"Georgia","Murray County",1,84,94,33,61
050,13,213,"Georgia","Murray County",1,85,466,174,292
050,13,213,"Georgia","Murray County",2,0,468,241,227
050,13,213,"Georgia","Murray County",2,1,477,258,219
050,13,213,"Georgia","Murray County",2,2,492,267,225
050,13,213,"Georgia","Murray County",2,3,517,270,247
050,13,213,"Georgia","Murray County",2,4,506,247,259
050,13,213,"Georgia","Murray County",2,5,525,257,268
050,13,213,"Georgia","Murray County",2,6,503,250,253
050,13,213,"Georgia","Murray County",2,7,485,247,238
050,13,213,"Georgia","Murray County",2,8,483,250,233
050,13,213,"Georgia","Murray County",2,9,496,265,231
050,13,213,"Georgia","Murray County",2,10,543,289,254
050,13,213,"Georgia","Murray County",2,11,565,293,272
050,13,213,"Georgia","Murray County",2,12,579,290,289
050,13,213,"Georgia","Murray County",2,13,592,305,287
050,13,213,"Georgia","Murray County",2,14,631,331,300
050,13,213,"Georgia","Murray County",2,15,625,320,305
050,13,213,"Georgia","Murray County",2,16,612,312,300
050,13,213,"Georgia","Murray County",2,17,607,302,305
050,13,213,"Georgia","Murray County",2,18,508,257,251
050,13,213,"Georgia","Murray County",2,19,422,214,208
050,13,213,"Georgia","Murray County",2,20,455,239,216
050,13,213,"Georgia","Murray County",2,21,474,233,241
050,13,213,"Georgia","Murray County",2,22,485,233,252
050,13,213,"Georgia","Murray County",2,23,494,249,245
050,13,213,"Georgia","Murray County",2,24,513,261,252
050,13,213,"Georgia","Murray County",2,25,515,260,255
050,13,213,"Georgia","Murray County",2,26,497,252,245
050,13,213,"Georgia","Murray County",2,27,530,276,254
050,13,213,"Georgia","Murray County",2,28,524,273,251
050,13,213,"Georgia","Murray County",2,29,523,270,253
050,13,213,"Georgia","Murray County",2,30,550,289,261
050,13,213,"Georgia","Murray County",2,31,534,271,263
050,13,213,"Georgia","Murray County",2,32,493,244,249
050,13,213,"Georgia","Murray County",2,33,485,240,245
050,13,213,"Georgia","Murray County",2,34,483,246,237
050,13,213,"Georgia","Murray County",2,35,479,233,246
050,13,213,"Georgia","Murray County",2,36,456,211,245
050,13,213,"Georgia","Murray County",2,37,482,224,258
050,13,213,"Georgia","Murray County",2,38,459,218,241
050,13,213,"Georgia","Murray County",2,39,483,227,256
050,13,213,"Georgia","Murray County",2,40,526,247,279
050,13,213,"Georgia","Murray County",2,41,501,247,254
050,13,213,"Georgia","Murray County",2,42,501,253,248
050,13,213,"Georgia","Murray County",2,43,469,232,237
050,13,213,"Georgia","Murray County",2,44,451,225,226
050,13,213,"Georgia","Murray County",2,45,485,235,250
050,13,213,"Georgia","Murray County",2,46,525,243,282
050,13,213,"Georgia","Murray County",2,47,566,266,300
050,13,213,"Georgia","Murray County",2,48,580,278,302
050,13,213,"Georgia","Murray County",2,49,596,293,303
050,13,213,"Georgia","Murray County",2,50,571,288,283
050,13,213,"Georgia","Murray County",2,51,541,271,270
050,13,213,"Georgia","Murray County",2,52,568,289,279
050,13,213,"Georgia","Murray County",2,53,593,305,288
050,13,213,"Georgia","Murray County",2,54,579,300,279
050,13,213,"Georgia","Murray County",2,55,580,291,289
050,13,213,"Georgia","Murray County",2,56,588,289,299
050,13,213,"Georgia","Murray County",2,57,563,277,286
050,13,213,"Georgia","Murray County",2,58,555,280,275
050,13,213,"Georgia","Murray County",2,59,543,277,266
050,13,213,"Georgia","Murray County",2,60,537,284,253
050,13,213,"Georgia","Murray County",2,61,531,279,252
050,13,213,"Georgia","Murray County",2,62,493,260,233
050,13,213,"Georgia","Murray County",2,63,474,244,230
050,13,213,"Georgia","Murray County",2,64,446,230,216
050,13,213,"Georgia","Murray County",2,65,448,214,234
050,13,213,"Georgia","Murray County",2,66,436,200,236
050,13,213,"Georgia","Murray County",2,67,388,178,210
050,13,213,"Georgia","Murray County",2,68,379,170,209
050,13,213,"Georgia","Murray County",2,69,353,157,196
050,13,213,"Georgia","Murray County",2,70,377,180,197
050,13,213,"Georgia","Murray County",2,71,380,188,192
050,13,213,"Georgia","Murray County",2,72,356,175,181
050,13,213,"Georgia","Murray County",2,73,369,179,190
050,13,213,"Georgia","Murray County",2,74,266,119,147
050,13,213,"Georgia","Murray County",2,75,270,117,153
050,13,213,"Georgia","Murray County",2,76,277,120,157
050,13,213,"Georgia","Murray County",2,77,274,123,151
050,13,213,"Georgia","Murray County",2,78,220,91,129
050,13,213,"Georgia","Murray County",2,79,191,84,107
050,13,213,"Georgia","Murray County",2,80,143,61,82
050,13,213,"Georgia","Murray County",2,81,134,56,78
050,13,213,"Georgia","Murray County",2,82,142,58,84
050,13,213,"Georgia","Murray County",2,83,124,45,79
050,13,213,"Georgia","Murray County",2,84,103,37,66
050,13,213,"Georgia","Murray County",2,85,470,175,295
050,13,213,"Georgia","Murray County",3,0,388,198,190
050,13,213,"Georgia","Murray County",3,1,496,265,231
050,13,213,"Georgia","Murray County",3,2,491,264,227
050,13,213,"Georgia","Murray County",3,3,500,269,231
050,13,213,"Georgia","Murray County",3,4,515,279,236
050,13,213,"Georgia","Murray County",3,5,526,250,276
050,13,213,"Georgia","Murray County",3,6,527,254,273
050,13,213,"Georgia","Murray County",3,7,496,254,242
050,13,213,"Georgia","Murray County",3,8,500,248,252
050,13,213,"Georgia","Murray County",3,9,487,259,228
050,13,213,"Georgia","Murray County",3,10,473,253,220
050,13,213,"Georgia","Murray County",3,11,519,280,239
050,13,213,"Georgia","Murray County",3,12,564,296,268
050,13,213,"Georgia","Murray County",3,13,566,290,276
050,13,213,"Georgia","Murray County",3,14,584,299,285
050,13,213,"Georgia","Murray County",3,15,632,326,306
050,13,213,"Georgia","Murray County",3,16,613,309,304
050,13,213,"Georgia","Murray County",3,17,607,313,294
050,13,213,"Georgia","Murray County",3,18,524,269,255
050,13,213,"Georgia","Murray County",3,19,427,213,214
050,13,213,"Georgia","Murray County",3,20,455,219,236
050,13,213,"Georgia","Murray County",3,21,495,257,238
050,13,213,"Georgia","Murray County",3,22,500,246,254
050,13,213,"Georgia","Murray County",3,23,519,253,266
050,13,213,"Georgia","Murray County",3,24,495,250,245
050,13,213,"Georgia","Murray County",3,25,526,266,260
050,13,213,"Georgia","Murray County",3,26,505,257,248
050,13,213,"Georgia","Murray County",3,27,482,246,236
050,13,213,"Georgia","Murray County",3,28,539,281,258
050,13,213,"Georgia","Murray County",3,29,499,266,233
050,13,213,"Georgia","Murray County",3,30,515,257,258
050,13,213,"Georgia","Murray County",3,31,576,295,281
050,13,213,"Georgia","Murray County",3,32,523,267,256
050,13,213,"Georgia","Murray County",3,33,495,244,251
050,13,213,"Georgia","Murray County",3,34,501,253,248
050,13,213,"Georgia","Murray County",3,35,506,257,249
050,13,213,"Georgia","Murray County",3,36,486,240,246
050,13,213,"Georgia","Murray County",3,37,451,211,240
050,13,213,"Georgia","Murray County",3,38,478,230,248
050,13,213,"Georgia","Murray County",3,39,473,224,249
050,13,213,"Georgia","Murray County",3,40,481,228,253
050,13,213,"Georgia","Murray County",3,41,523,247,276
050,13,213,"Georgia","Murray County",3,42,513,261,252
050,13,213,"Georgia","Murray County",3,43,509,255,254
050,13,213,"Georgia","Murray County",3,44,466,234,232
050,13,213,"Georgia","Murray County",3,45,451,219,232
050,13,213,"Georgia","Murray County",3,46,482,229,253
050,13,213,"Georgia","Murray County",3,47,532,251,281
050,13,213,"Georgia","Murray County",3,48,556,258,298
050,13,213,"Georgia","Murray County",3,49,584,284,300
050,13,213,"Georgia","Murray County",3,50,591,284,307
050,13,213,"Georgia","Murray County",3,51,568,285,283
050,13,213,"Georgia","Murray County",3,52,539,275,264
050,13,213,"Georgia","Murray County",3,53,568,288,280
050,13,213,"Georgia","Murray County",3,54,583,304,279
050,13,213,"Georgia","Murray County",3,55,574,299,275
050,13,213,"Georgia","Murray County",3,56,570,283,287
050,13,213,"Georgia","Murray County",3,57,585,291,294
050,13,213,"Georgia","Murray County",3,58,545,272,273
050,13,213,"Georgia","Murray County",3,59,550,276,274
050,13,213,"Georgia","Murray County",3,60,533,276,257
050,13,213,"Georgia","Murray County",3,61,518,271,247
050,13,213,"Georgia","Murray County",3,62,525,278,247
050,13,213,"Georgia","Murray County",3,63,463,238,225
050,13,213,"Georgia","Murray County",3,64,473,244,229
050,13,213,"Georgia","Murray County",3,65,431,219,212
050,13,213,"Georgia","Murray County",3,66,446,212,234
050,13,213,"Georgia","Murray County",3,67,426,193,233
050,13,213,"Georgia","Murray County",3,68,385,176,209
050,13,213,"Georgia","Murray County",3,69,366,165,201
050,13,213,"Georgia","Murray County",3,70,343,146,197
050,13,213,"Georgia","Murray County",3,71,361,166,195
050,13,213,"Georgia","Murray County",3,72,366,180,186
050,13,213,"Georgia","Murray County",3,73,349,172,177
050,13,213,"Georgia","Murray County",3,74,356,171,185
050,13,213,"Georgia","Murray County",3,75,251,115,136
050,13,213,"Georgia","Murray County",3,76,268,117,151
050,13,213,"Georgia","Murray County",3,77,266,114,152
050,13,213,"Georgia","Murray County",3,78,249,105,144
050,13,213,"Georgia","Murray County",3,79,209,87,122
050,13,213,"Georgia","Murray County",3,80,179,76,103
050,13,213,"Georgia","Murray County",3,81,129,55,74
050,13,213,"Georgia","Murray County",3,82,122,46,76
050,13,213,"Georgia","Murray County",3,83,128,53,75
050,13,213,"Georgia","Murray County",3,84,116,41,75
050,13,213,"Georgia","Murray County",3,85,493,181,312
050,13,213,"Georgia","Murray County",4,0,460,244,216
050,13,213,"Georgia","Murray County",4,1,412,211,201
050,13,213,"Georgia","Murray County",4,2,507,267,240
050,13,213,"Georgia","Murray County",4,3,506,260,246
050,13,213,"Georgia","Murray County",4,4,520,276,244
050,13,213,"Georgia","Murray County",4,5,525,280,245
050,13,213,"Georgia","Murray County",4,6,540,260,280
050,13,213,"Georgia","Murray County",4,7,532,255,277
050,13,213,"Georgia","Murray County",4,8,517,263,254
050,13,213,"Georgia","Murray County",4,9,490,234,256
050,13,213,"Georgia","Murray County",4,10,502,266,236
050,13,213,"Georgia","Murray County",4,11,488,257,231
050,13,213,"Georgia","Murray County",4,12,539,286,253
050,13,213,"Georgia","Murray County",4,13,570,297,273
050,13,213,"Georgia","Murray County",4,14,579,296,283
050,13,213,"Georgia","Murray County",4,15,584,297,287
050,13,213,"Georgia","Murray County",4,16,655,333,322
050,13,213,"Georgia","Murray County",4,17,612,305,307
050,13,213,"Georgia","Murray County",4,18,535,281,254
050,13,213,"Georgia","Murray County",4,19,424,223,201
050,13,213,"Georgia","Murray County",4,20,452,221,231
050,13,213,"Georgia","Murray County",4,21,485,234,251
050,13,213,"Georgia","Murray County",4,22,528,267,261
050,13,213,"Georgia","Murray County",4,23,520,247,273
050,13,213,"Georgia","Murray County",4,24,536,263,273
050,13,213,"Georgia","Murray County",4,25,506,263,243
050,13,213,"Georgia","Murray County",4,26,539,270,269
050,13,213,"Georgia","Murray County",4,27,497,255,242
050,13,213,"Georgia","Murray County",4,28,490,246,244
050,13,213,"Georgia","Murray County",4,29,536,273,263
050,13,213,"Georgia","Murray County",4,30,490,254,236
050,13,213,"Georgia","Murray County",4,31,534,266,268
050,13,213,"Georgia","Murray County",4,32,558,291,267
050,13,213,"Georgia","Murray County",4,33,530,274,256
050,13,213,"Georgia","Murray County",4,34,500,253,247
050,13,213,"Georgia","Murray County",4,35,522,264,258
050,13,213,"Georgia","Murray County",4,36,513,261,252
050,13,213,"Georgia","Murray County",4,37,505,249,256
050,13,213,"Georgia","Murray County",4,38,474,217,257
050,13,213,"Georgia","Murray County",4,39,482,233,249
050,13,213,"Georgia","Murray County",4,40,469,221,248
050,13,213,"Georgia","Murray County",4,41,489,235,254
050,13,213,"Georgia","Murray County",4,42,534,251,283
050,13,213,"Georgia","Murray County",4,43,504,261,243
050,13,213,"Georgia","Murray County",4,44,496,252,244
050,13,213,"Georgia","Murray County",4,45,467,239,228
050,13,213,"Georgia","Murray County",4,46,436,216,220
050,13,213,"Georgia","Murray County",4,47,502,231,271
050,13,213,"Georgia","Murray County",4,48,536,247,289
050,13,213,"Georgia","Murray County",4,49,582,279,303
050,13,213,"Georgia","Murray County",4,50,593,291,302
050,13,213,"Georgia","Murray County",4,51,589,285,304
050,13,213,"Georgia","Murray County",4,52,566,284,282
050,13,213,"Georgia","Murray County",4,53,537,269,268
050,13,213,"Georgia","Murray County",4,54,574,290,284
050,13,213,"Georgia","Murray County",4,55,581,305,276
050,13,213,"Georgia","Murray County",4,56,568,297,271
050,13,213,"Georgia","Murray County",4,57,567,281,286
050,13,213,"Georgia","Murray County",4,58,575,284,291
050,13,213,"Georgia","Murray County",4,59,543,265,278
050,13,213,"Georgia","Murray County",4,60,544,271,273
050,13,213,"Georgia","Murray County",4,61,531,277,254
050,13,213,"Georgia","Murray County",4,62,520,266,254
050,13,213,"Georgia","Murray County",4,63,513,263,250
050,13,213,"Georgia","Murray County",4,64,470,247,223
050,13,213,"Georgia","Murray County",4,65,463,243,220
050,13,213,"Georgia","Murray County",4,66,434,222,212
050,13,213,"Georgia","Murray County",4,67,434,205,229
050,13,213,"Georgia","Murray County",4,68,429,194,235
050,13,213,"Georgia","Murray County",4,69,370,169,201
050,13,213,"Georgia","Murray County",4,70,369,166,203
050,13,213,"Georgia","Murray County",4,71,330,137,193
050,13,213,"Georgia","Murray County",4,72,355,161,194
050,13,213,"Georgia","Murray County",4,73,350,172,178
050,13,213,"Georgia","Murray County",4,74,344,172,172
050,13,213,"Georgia","Murray County",4,75,340,163,177
050,13,213,"Georgia","Murray County",4,76,237,111,126
050,13,213,"Georgia","Murray County",4,77,250,110,140
050,13,213,"Georgia","Murray County",4,78,251,100,151
050,13,213,"Georgia","Murray County",4,79,238,101,137
050,13,213,"Georgia","Murray County",4,80,194,74,120
050,13,213,"Georgia","Murray County",4,81,165,69,96
050,13,213,"Georgia","Murray County",4,82,121,47,74
050,13,213,"Georgia","Murray County",4,83,111,41,70
050,13,213,"Georgia","Murray County",4,84,122,48,74
050,13,213,"Georgia","Murray County",4,85,523,190,333
050,13,213,"Georgia","Murray County",5,0,444,236,208
050,13,213,"Georgia","Murray County",5,1,473,248,225
050,13,213,"Georgia","Murray County",5,2,423,212,211
050,13,213,"Georgia","Murray County",5,3,509,261,248
050,13,213,"Georgia","Murray County",5,4,510,262,248
050,13,213,"Georgia","Murray County",5,5,533,279,254
050,13,213,"Georgia","Murray County",5,6,533,293,240
050,13,213,"Georgia","Murray County",5,7,560,268,292
050,13,213,"Georgia","Murray County",5,8,553,269,284
050,13,213,"Georgia","Murray County",5,9,549,289,260
050,13,213,"Georgia","Murray County",5,10,491,236,255
050,13,213,"Georgia","Murray County",5,11,509,271,238
050,13,213,"Georgia","Murray County",5,12,503,277,226
050,13,213,"Georgia","Murray County",5,13,561,296,265
050,13,213,"Georgia","Murray County",5,14,589,312,277
050,13,213,"Georgia","Murray County",5,15,596,300,296
050,13,213,"Georgia","Murray County",5,16,605,314,291
050,13,213,"Georgia","Murray County",5,17,653,332,321
050,13,213,"Georgia","Murray County",5,18,534,275,259
050,13,213,"Georgia","Murray County",5,19,437,229,208
050,13,213,"Georgia","Murray County",5,20,461,234,227
050,13,213,"Georgia","Murray County",5,21,489,236,253
050,13,213,"Georgia","Murray County",5,22,526,243,283
050,13,213,"Georgia","Murray County",5,23,583,293,290
050,13,213,"Georgia","Murray County",5,24,536,260,276
050,13,213,"Georgia","Murray County",5,25,589,281,308
050,13,213,"Georgia","Murray County",5,26,526,270,256
050,13,213,"Georgia","Murray County",5,27,543,272,271
050,13,213,"Georgia","Murray County",5,28,491,258,233
050,13,213,"Georgia","Murray County",5,29,507,253,254
050,13,213,"Georgia","Murray County",5,30,563,290,273
050,13,213,"Georgia","Murray County",5,31,511,265,246
050,13,213,"Georgia","Murray County",5,32,551,270,281
050,13,213,"Georgia","Murray County",5,33,587,299,288
050,13,213,"Georgia","Murray County",5,34,545,279,266
050,13,213,"Georgia","Murray County",5,35,512,256,256
050,13,213,"Georgia","Murray County",5,36,533,261,272
050,13,213,"Georgia","Murray County",5,37,519,265,254
050,13,213,"Georgia","Murray County",5,38,496,243,253
050,13,213,"Georgia","Murray County",5,39,470,212,258
050,13,213,"Georgia","Murray County",5,40,506,241,265
050,13,213,"Georgia","Murray County",5,41,481,230,251
050,13,213,"Georgia","Murray County",5,42,498,240,258
050,13,213,"Georgia","Murray County",5,43,527,244,283
050,13,213,"Georgia","Murray County",5,44,525,261,264
050,13,213,"Georgia","Murray County",5,45,495,254,241
050,13,213,"Georgia","Murray County",5,46,470,243,227
050,13,213,"Georgia","Murray County",5,47,439,211,228
050,13,213,"Georgia","Murray County",5,48,494,220,274
050,13,213,"Georgia","Murray County",5,49,541,256,285
050,13,213,"Georgia","Murray County",5,50,578,271,307
050,13,213,"Georgia","Murray County",5,51,592,295,297
050,13,213,"Georgia","Murray County",5,52,580,284,296
050,13,213,"Georgia","Murray County",5,53,585,292,293
050,13,213,"Georgia","Murray County",5,54,543,273,270
050,13,213,"Georgia","Murray County",5,55,578,288,290
050,13,213,"Georgia","Murray County",5,56,573,299,274
050,13,213,"Georgia","Murray County",5,57,561,293,268
050,13,213,"Georgia","Murray County",5,58,567,273,294
050,13,213,"Georgia","Murray County",5,59,574,286,288
050,13,213,"Georgia","Murray County",5,60,542,267,275
050,13,213,"Georgia","Murray County",5,61,537,263,274
050,13,213,"Georgia","Murray County",5,62,532,280,252
050,13,213,"Georgia","Murray County",5,63,511,261,250
050,13,213,"Georgia","Murray County",5,64,520,266,254
050,13,213,"Georgia","Murray County",5,65,454,237,217
050,13,213,"Georgia","Murray County",5,66,467,241,226
050,13,213,"Georgia","Murray County",5,67,432,217,215
050,13,213,"Georgia","Murray County",5,68,426,200,226
050,13,213,"Georgia","Murray County",5,69,414,188,226
050,13,213,"Georgia","Murray County",5,70,372,169,203
050,13,213,"Georgia","Murray County",5,71,356,154,202
050,13,213,"Georgia","Murray County",5,72,310,130,180
050,13,213,"Georgia","Murray County",5,73,336,155,181
050,13,213,"Georgia","Murray County",5,74,336,163,173
050,13,213,"Georgia","Murray County",5,75,327,162,165
050,13,213,"Georgia","Murray County",5,76,326,155,171
050,13,213,"Georgia","Murray County",5,77,229,106,123
050,13,213,"Georgia","Murray County",5,78,232,96,136
050,13,213,"Georgia","Murray County",5,79,237,99,138
050,13,213,"Georgia","Murray County",5,80,225,93,132
050,13,213,"Georgia","Murray County",5,81,175,66,109
050,13,213,"Georgia","Murray County",5,82,156,62,94
050,13,213,"Georgia","Murray County",5,83,112,41,71
050,13,213,"Georgia","Murray County",5,84,99,34,65
050,13,213,"Georgia","Murray County",5,85,562,211,351
050,13,215,"Georgia","Muscogee County",1,0,2847,1460,1387
050,13,215,"Georgia","Muscogee County",1,1,2906,1511,1395
050,13,215,"Georgia","Muscogee County",1,2,2902,1478,1424
050,13,215,"Georgia","Muscogee County",1,3,2918,1507,1411
050,13,215,"Georgia","Muscogee County",1,4,2914,1472,1442
050,13,215,"Georgia","Muscogee County",1,5,2983,1516,1467
050,13,215,"Georgia","Muscogee County",1,6,2989,1536,1453
050,13,215,"Georgia","Muscogee County",1,7,2992,1549,1443
050,13,215,"Georgia","Muscogee County",1,8,3048,1540,1508
050,13,215,"Georgia","Muscogee County",1,9,2952,1486,1466
050,13,215,"Georgia","Muscogee County",1,10,2914,1484,1430
050,13,215,"Georgia","Muscogee County",1,11,2905,1510,1395
050,13,215,"Georgia","Muscogee County",1,12,3003,1569,1434
050,13,215,"Georgia","Muscogee County",1,13,2924,1497,1427
050,13,215,"Georgia","Muscogee County",1,14,2824,1456,1368
050,13,215,"Georgia","Muscogee County",1,15,2747,1384,1363
050,13,215,"Georgia","Muscogee County",1,16,2660,1361,1299
050,13,215,"Georgia","Muscogee County",1,17,2650,1338,1312
050,13,215,"Georgia","Muscogee County",1,18,2597,1342,1255
050,13,215,"Georgia","Muscogee County",1,19,2573,1343,1230
050,13,215,"Georgia","Muscogee County",1,20,2481,1271,1210
050,13,215,"Georgia","Muscogee County",1,21,2547,1282,1265
050,13,215,"Georgia","Muscogee County",1,22,2687,1298,1389
050,13,215,"Georgia","Muscogee County",1,23,2955,1534,1421
050,13,215,"Georgia","Muscogee County",1,24,2953,1521,1432
050,13,215,"Georgia","Muscogee County",1,25,3082,1492,1590
050,13,215,"Georgia","Muscogee County",1,26,3319,1658,1661
050,13,215,"Georgia","Muscogee County",1,27,3590,1847,1743
050,13,215,"Georgia","Muscogee County",1,28,3530,1798,1732
050,13,215,"Georgia","Muscogee County",1,29,3497,1727,1770
050,13,215,"Georgia","Muscogee County",1,30,3354,1670,1684
050,13,215,"Georgia","Muscogee County",1,31,3225,1612,1613
050,13,215,"Georgia","Muscogee County",1,32,3141,1539,1602
050,13,215,"Georgia","Muscogee County",1,33,3153,1531,1622
050,13,215,"Georgia","Muscogee County",1,34,3157,1525,1632
050,13,215,"Georgia","Muscogee County",1,35,3120,1530,1590
050,13,215,"Georgia","Muscogee County",1,36,2945,1481,1464
050,13,215,"Georgia","Muscogee County",1,37,2948,1430,1518
050,13,215,"Georgia","Muscogee County",1,38,2790,1369,1421
050,13,215,"Georgia","Muscogee County",1,39,2769,1365,1404
050,13,215,"Georgia","Muscogee County",1,40,2673,1281,1392
050,13,215,"Georgia","Muscogee County",1,41,2500,1189,1311
050,13,215,"Georgia","Muscogee County",1,42,2520,1193,1327
050,13,215,"Georgia","Muscogee County",1,43,2462,1153,1309
050,13,215,"Georgia","Muscogee County",1,44,2338,1119,1219
050,13,215,"Georgia","Muscogee County",1,45,2277,1062,1215
050,13,215,"Georgia","Muscogee County",1,46,2250,1054,1196
050,13,215,"Georgia","Muscogee County",1,47,2380,1117,1263
050,13,215,"Georgia","Muscogee County",1,48,2432,1194,1238
050,13,215,"Georgia","Muscogee County",1,49,2416,1162,1254
050,13,215,"Georgia","Muscogee County",1,50,2332,1152,1180
050,13,215,"Georgia","Muscogee County",1,51,2238,1126,1112
050,13,215,"Georgia","Muscogee County",1,52,2189,1061,1128
050,13,215,"Georgia","Muscogee County",1,53,2250,1052,1198
050,13,215,"Georgia","Muscogee County",1,54,2361,1092,1269
050,13,215,"Georgia","Muscogee County",1,55,2452,1127,1325
050,13,215,"Georgia","Muscogee County",1,56,2429,1145,1284
050,13,215,"Georgia","Muscogee County",1,57,2461,1147,1314
050,13,215,"Georgia","Muscogee County",1,58,2443,1130,1313
050,13,215,"Georgia","Muscogee County",1,59,2477,1192,1285
050,13,215,"Georgia","Muscogee County",1,60,2464,1213,1251
050,13,215,"Georgia","Muscogee County",1,61,2457,1151,1306
050,13,215,"Georgia","Muscogee County",1,62,2332,1128,1204
050,13,215,"Georgia","Muscogee County",1,63,2341,1094,1247
050,13,215,"Georgia","Muscogee County",1,64,2256,1073,1183
050,13,215,"Georgia","Muscogee County",1,65,2150,1008,1142
050,13,215,"Georgia","Muscogee County",1,66,2055,928,1127
050,13,215,"Georgia","Muscogee County",1,67,1948,867,1081
050,13,215,"Georgia","Muscogee County",1,68,1838,842,996
050,13,215,"Georgia","Muscogee County",1,69,1672,730,942
050,13,215,"Georgia","Muscogee County",1,70,1659,741,918
050,13,215,"Georgia","Muscogee County",1,71,1611,712,899
050,13,215,"Georgia","Muscogee County",1,72,1675,726,949
050,13,215,"Georgia","Muscogee County",1,73,1518,642,876
050,13,215,"Georgia","Muscogee County",1,74,1153,499,654
050,13,215,"Georgia","Muscogee County",1,75,1136,462,674
050,13,215,"Georgia","Muscogee County",1,76,1052,418,634
050,13,215,"Georgia","Muscogee County",1,77,1085,438,647
050,13,215,"Georgia","Muscogee County",1,78,903,345,558
050,13,215,"Georgia","Muscogee County",1,79,766,281,485
050,13,215,"Georgia","Muscogee County",1,80,742,283,459
050,13,215,"Georgia","Muscogee County",1,81,700,257,443
050,13,215,"Georgia","Muscogee County",1,82,612,230,382
050,13,215,"Georgia","Muscogee County",1,83,610,237,373
050,13,215,"Georgia","Muscogee County",1,84,558,196,362
050,13,215,"Georgia","Muscogee County",1,85,3255,1000,2255
050,13,215,"Georgia","Muscogee County",2,0,2811,1454,1357
050,13,215,"Georgia","Muscogee County",2,1,2891,1492,1399
050,13,215,"Georgia","Muscogee County",2,2,2901,1483,1418
050,13,215,"Georgia","Muscogee County",2,3,2893,1484,1409
050,13,215,"Georgia","Muscogee County",2,4,2911,1476,1435
050,13,215,"Georgia","Muscogee County",2,5,2958,1502,1456
050,13,215,"Georgia","Muscogee County",2,6,2994,1539,1455
050,13,215,"Georgia","Muscogee County",2,7,2982,1538,1444
050,13,215,"Georgia","Muscogee County",2,8,3018,1529,1489
050,13,215,"Georgia","Muscogee County",2,9,2962,1491,1471
050,13,215,"Georgia","Muscogee County",2,10,2917,1488,1429
050,13,215,"Georgia","Muscogee County",2,11,2891,1498,1393
050,13,215,"Georgia","Muscogee County",2,12,2984,1557,1427
050,13,215,"Georgia","Muscogee County",2,13,2937,1513,1424
050,13,215,"Georgia","Muscogee County",2,14,2831,1451,1380
050,13,215,"Georgia","Muscogee County",2,15,2775,1407,1368
050,13,215,"Georgia","Muscogee County",2,16,2674,1363,1311
050,13,215,"Georgia","Muscogee County",2,17,2657,1352,1305
050,13,215,"Georgia","Muscogee County",2,18,2609,1348,1261
050,13,215,"Georgia","Muscogee County",2,19,2581,1345,1236
050,13,215,"Georgia","Muscogee County",2,20,2516,1292,1224
050,13,215,"Georgia","Muscogee County",2,21,2562,1288,1274
050,13,215,"Georgia","Muscogee County",2,22,2722,1329,1393
050,13,215,"Georgia","Muscogee County",2,23,2923,1493,1430
050,13,215,"Georgia","Muscogee County",2,24,2960,1522,1438
050,13,215,"Georgia","Muscogee County",2,25,3087,1522,1565
050,13,215,"Georgia","Muscogee County",2,26,3307,1648,1659
050,13,215,"Georgia","Muscogee County",2,27,3526,1800,1726
050,13,215,"Georgia","Muscogee County",2,28,3548,1808,1740
050,13,215,"Georgia","Muscogee County",2,29,3499,1743,1756
050,13,215,"Georgia","Muscogee County",2,30,3404,1685,1719
050,13,215,"Georgia","Muscogee County",2,31,3247,1619,1628
050,13,215,"Georgia","Muscogee County",2,32,3139,1541,1598
050,13,215,"Georgia","Muscogee County",2,33,3149,1531,1618
050,13,215,"Georgia","Muscogee County",2,34,3142,1521,1621
050,13,215,"Georgia","Muscogee County",2,35,3130,1528,1602
050,13,215,"Georgia","Muscogee County",2,36,2961,1475,1486
050,13,215,"Georgia","Muscogee County",2,37,2938,1441,1497
050,13,215,"Georgia","Muscogee County",2,38,2835,1386,1449
050,13,215,"Georgia","Muscogee County",2,39,2751,1347,1404
050,13,215,"Georgia","Muscogee County",2,40,2694,1298,1396
050,13,215,"Georgia","Muscogee County",2,41,2534,1205,1329
050,13,215,"Georgia","Muscogee County",2,42,2494,1181,1313
050,13,215,"Georgia","Muscogee County",2,43,2489,1166,1323
050,13,215,"Georgia","Muscogee County",2,44,2339,1109,1230
050,13,215,"Georgia","Muscogee County",2,45,2293,1077,1216
050,13,215,"Georgia","Muscogee County",2,46,2234,1046,1188
050,13,215,"Georgia","Muscogee County",2,47,2344,1100,1244
050,13,215,"Georgia","Muscogee County",2,48,2414,1174,1240
050,13,215,"Georgia","Muscogee County",2,49,2419,1168,1251
050,13,215,"Georgia","Muscogee County",2,50,2363,1160,1203
050,13,215,"Georgia","Muscogee County",2,51,2234,1115,1119
050,13,215,"Georgia","Muscogee County",2,52,2185,1064,1121
050,13,215,"Georgia","Muscogee County",2,53,2223,1044,1179
050,13,215,"Georgia","Muscogee County",2,54,2329,1081,1248
050,13,215,"Georgia","Muscogee County",2,55,2425,1115,1310
050,13,215,"Georgia","Muscogee County",2,56,2431,1138,1293
050,13,215,"Georgia","Muscogee County",2,57,2455,1149,1306
050,13,215,"Georgia","Muscogee County",2,58,2435,1127,1308
050,13,215,"Georgia","Muscogee County",2,59,2453,1172,1281
050,13,215,"Georgia","Muscogee County",2,60,2460,1205,1255
050,13,215,"Georgia","Muscogee County",2,61,2445,1153,1292
050,13,215,"Georgia","Muscogee County",2,62,2339,1123,1216
050,13,215,"Georgia","Muscogee County",2,63,2342,1100,1242
050,13,215,"Georgia","Muscogee County",2,64,2244,1064,1180
050,13,215,"Georgia","Muscogee County",2,65,2159,1016,1143
050,13,215,"Georgia","Muscogee County",2,66,2072,945,1127
050,13,215,"Georgia","Muscogee County",2,67,1954,867,1087
050,13,215,"Georgia","Muscogee County",2,68,1842,842,1000
050,13,215,"Georgia","Muscogee County",2,69,1718,760,958
050,13,215,"Georgia","Muscogee County",2,70,1652,725,927
050,13,215,"Georgia","Muscogee County",2,71,1613,714,899
050,13,215,"Georgia","Muscogee County",2,72,1629,708,921
050,13,215,"Georgia","Muscogee County",2,73,1601,677,924
050,13,215,"Georgia","Muscogee County",2,74,1175,503,672
050,13,215,"Georgia","Muscogee County",2,75,1141,473,668
050,13,215,"Georgia","Muscogee County",2,76,1054,420,634
050,13,215,"Georgia","Muscogee County",2,77,1079,435,644
050,13,215,"Georgia","Muscogee County",2,78,918,353,565
050,13,215,"Georgia","Muscogee County",2,79,786,292,494
050,13,215,"Georgia","Muscogee County",2,80,741,278,463
050,13,215,"Georgia","Muscogee County",2,81,700,262,438
050,13,215,"Georgia","Muscogee County",2,82,628,233,395
050,13,215,"Georgia","Muscogee County",2,83,601,227,374
050,13,215,"Georgia","Muscogee County",2,84,551,195,356
050,13,215,"Georgia","Muscogee County",2,85,3252,1005,2247
050,13,215,"Georgia","Muscogee County",3,0,2709,1382,1327
050,13,215,"Georgia","Muscogee County",3,1,2827,1478,1349
050,13,215,"Georgia","Muscogee County",3,2,2917,1495,1422
050,13,215,"Georgia","Muscogee County",3,3,2916,1526,1390
050,13,215,"Georgia","Muscogee County",3,4,2900,1476,1424
050,13,215,"Georgia","Muscogee County",3,5,2907,1488,1419
050,13,215,"Georgia","Muscogee County",3,6,2943,1480,1463
050,13,215,"Georgia","Muscogee County",3,7,2905,1497,1408
050,13,215,"Georgia","Muscogee County",3,8,2936,1530,1406
050,13,215,"Georgia","Muscogee County",3,9,2929,1452,1477
050,13,215,"Georgia","Muscogee County",3,10,2957,1521,1436
050,13,215,"Georgia","Muscogee County",3,11,2861,1471,1390
050,13,215,"Georgia","Muscogee County",3,12,2826,1477,1349
050,13,215,"Georgia","Muscogee County",3,13,2948,1538,1410
050,13,215,"Georgia","Muscogee County",3,14,2913,1509,1404
050,13,215,"Georgia","Muscogee County",3,15,2779,1418,1361
050,13,215,"Georgia","Muscogee County",3,16,2671,1340,1331
050,13,215,"Georgia","Muscogee County",3,17,2653,1366,1287
050,13,215,"Georgia","Muscogee County",3,18,2558,1300,1258
050,13,215,"Georgia","Muscogee County",3,19,2423,1257,1166
050,13,215,"Georgia","Muscogee County",3,20,2477,1297,1180
050,13,215,"Georgia","Muscogee County",3,21,2527,1283,1244
050,13,215,"Georgia","Muscogee County",3,22,2649,1268,1381
050,13,215,"Georgia","Muscogee County",3,23,3029,1549,1480
050,13,215,"Georgia","Muscogee County",3,24,2858,1416,1442
050,13,215,"Georgia","Muscogee County",3,25,2893,1447,1446
050,13,215,"Georgia","Muscogee County",3,26,3096,1537,1559
050,13,215,"Georgia","Muscogee County",3,27,3347,1653,1694
050,13,215,"Georgia","Muscogee County",3,28,3410,1710,1700
050,13,215,"Georgia","Muscogee County",3,29,3461,1768,1693
050,13,215,"Georgia","Muscogee County",3,30,3496,1729,1767
050,13,215,"Georgia","Muscogee County",3,31,3419,1679,1740
050,13,215,"Georgia","Muscogee County",3,32,3194,1602,1592
050,13,215,"Georgia","Muscogee County",3,33,3091,1474,1617
050,13,215,"Georgia","Muscogee County",3,34,3026,1457,1569
050,13,215,"Georgia","Muscogee County",3,35,3036,1433,1603
050,13,215,"Georgia","Muscogee County",3,36,3045,1488,1557
050,13,215,"Georgia","Muscogee County",3,37,2797,1387,1410
050,13,215,"Georgia","Muscogee County",3,38,2844,1378,1466
050,13,215,"Georgia","Muscogee County",3,39,2728,1301,1427
050,13,215,"Georgia","Muscogee County",3,40,2663,1293,1370
050,13,215,"Georgia","Muscogee County",3,41,2635,1247,1388
050,13,215,"Georgia","Muscogee County",3,42,2472,1176,1296
050,13,215,"Georgia","Muscogee County",3,43,2469,1155,1314
050,13,215,"Georgia","Muscogee County",3,44,2410,1110,1300
050,13,215,"Georgia","Muscogee County",3,45,2260,1065,1195
050,13,215,"Georgia","Muscogee County",3,46,2253,1031,1222
050,13,215,"Georgia","Muscogee County",3,47,2209,1028,1181
050,13,215,"Georgia","Muscogee County",3,48,2334,1095,1239
050,13,215,"Georgia","Muscogee County",3,49,2355,1147,1208
050,13,215,"Georgia","Muscogee County",3,50,2429,1183,1246
050,13,215,"Georgia","Muscogee County",3,51,2340,1133,1207
050,13,215,"Georgia","Muscogee County",3,52,2158,1057,1101
050,13,215,"Georgia","Muscogee County",3,53,2164,1043,1121
050,13,215,"Georgia","Muscogee County",3,54,2142,986,1156
050,13,215,"Georgia","Muscogee County",3,55,2311,1068,1243
050,13,215,"Georgia","Muscogee County",3,56,2362,1088,1274
050,13,215,"Georgia","Muscogee County",3,57,2425,1139,1286
050,13,215,"Georgia","Muscogee County",3,58,2368,1104,1264
050,13,215,"Georgia","Muscogee County",3,59,2359,1089,1270
050,13,215,"Georgia","Muscogee County",3,60,2396,1144,1252
050,13,215,"Georgia","Muscogee County",3,61,2382,1133,1249
050,13,215,"Georgia","Muscogee County",3,62,2365,1113,1252
050,13,215,"Georgia","Muscogee County",3,63,2294,1096,1198
050,13,215,"Georgia","Muscogee County",3,64,2271,1054,1217
050,13,215,"Georgia","Muscogee County",3,65,2200,1030,1170
050,13,215,"Georgia","Muscogee County",3,66,2118,986,1132
050,13,215,"Georgia","Muscogee County",3,67,1989,903,1086
050,13,215,"Georgia","Muscogee County",3,68,1894,829,1065
050,13,215,"Georgia","Muscogee County",3,69,1775,804,971
050,13,215,"Georgia","Muscogee County",3,70,1672,722,950
050,13,215,"Georgia","Muscogee County",3,71,1579,682,897
050,13,215,"Georgia","Muscogee County",3,72,1549,690,859
050,13,215,"Georgia","Muscogee County",3,73,1547,675,872
050,13,215,"Georgia","Muscogee County",3,74,1559,648,911
050,13,215,"Georgia","Muscogee County",3,75,1125,493,632
050,13,215,"Georgia","Muscogee County",3,76,1068,437,631
050,13,215,"Georgia","Muscogee County",3,77,1019,402,617
050,13,215,"Georgia","Muscogee County",3,78,1032,412,620
050,13,215,"Georgia","Muscogee County",3,79,851,332,519
050,13,215,"Georgia","Muscogee County",3,80,727,258,469
050,13,215,"Georgia","Muscogee County",3,81,704,266,438
050,13,215,"Georgia","Muscogee County",3,82,635,236,399
050,13,215,"Georgia","Muscogee County",3,83,584,211,373
050,13,215,"Georgia","Muscogee County",3,84,514,180,334
050,13,215,"Georgia","Muscogee County",3,85,3192,1027,2165
050,13,215,"Georgia","Muscogee County",4,0,2619,1307,1312
050,13,215,"Georgia","Muscogee County",4,1,2612,1358,1254
050,13,215,"Georgia","Muscogee County",4,2,2744,1428,1316
050,13,215,"Georgia","Muscogee County",4,3,2855,1473,1382
050,13,215,"Georgia","Muscogee County",4,4,2853,1509,1344
050,13,215,"Georgia","Muscogee County",4,5,2868,1467,1401
050,13,215,"Georgia","Muscogee County",4,6,2833,1415,1418
050,13,215,"Georgia","Muscogee County",4,7,2925,1476,1449
050,13,215,"Georgia","Muscogee County",4,8,2894,1491,1403
050,13,215,"Georgia","Muscogee County",4,9,2854,1484,1370
050,13,215,"Georgia","Muscogee County",4,10,2898,1442,1456
050,13,215,"Georgia","Muscogee County",4,11,2891,1460,1431
050,13,215,"Georgia","Muscogee County",4,12,2782,1424,1358
050,13,215,"Georgia","Muscogee County",4,13,2739,1424,1315
050,13,215,"Georgia","Muscogee County",4,14,2893,1506,1387
050,13,215,"Georgia","Muscogee County",4,15,2892,1499,1393
050,13,215,"Georgia","Muscogee County",4,16,2692,1345,1347
050,13,215,"Georgia","Muscogee County",4,17,2597,1295,1302
050,13,215,"Georgia","Muscogee County",4,18,2555,1318,1237
050,13,215,"Georgia","Muscogee County",4,19,2460,1249,1211
050,13,215,"Georgia","Muscogee County",4,20,2344,1226,1118
050,13,215,"Georgia","Muscogee County",4,21,2486,1285,1201
050,13,215,"Georgia","Muscogee County",4,22,2578,1244,1334
050,13,215,"Georgia","Muscogee County",4,23,2909,1481,1428
050,13,215,"Georgia","Muscogee County",4,24,2823,1388,1435
050,13,215,"Georgia","Muscogee County",4,25,2745,1319,1426
050,13,215,"Georgia","Muscogee County",4,26,2882,1468,1414
050,13,215,"Georgia","Muscogee County",4,27,3124,1548,1576
050,13,215,"Georgia","Muscogee County",4,28,3300,1593,1707
050,13,215,"Georgia","Muscogee County",4,29,3335,1661,1674
050,13,215,"Georgia","Muscogee County",4,30,3310,1654,1656
050,13,215,"Georgia","Muscogee County",4,31,3410,1682,1728
050,13,215,"Georgia","Muscogee County",4,32,3323,1637,1686
050,13,215,"Georgia","Muscogee County",4,33,3088,1522,1566
050,13,215,"Georgia","Muscogee County",4,34,2971,1412,1559
050,13,215,"Georgia","Muscogee County",4,35,2895,1368,1527
050,13,215,"Georgia","Muscogee County",4,36,2958,1407,1551
050,13,215,"Georgia","Muscogee County",4,37,2941,1428,1513
050,13,215,"Georgia","Muscogee County",4,38,2773,1375,1398
050,13,215,"Georgia","Muscogee County",4,39,2795,1378,1417
050,13,215,"Georgia","Muscogee County",4,40,2633,1226,1407
050,13,215,"Georgia","Muscogee County",4,41,2595,1247,1348
050,13,215,"Georgia","Muscogee County",4,42,2551,1210,1341
050,13,215,"Georgia","Muscogee County",4,43,2410,1152,1258
050,13,215,"Georgia","Muscogee County",4,44,2429,1127,1302
050,13,215,"Georgia","Muscogee County",4,45,2353,1088,1265
050,13,215,"Georgia","Muscogee County",4,46,2216,1034,1182
050,13,215,"Georgia","Muscogee County",4,47,2248,1017,1231
050,13,215,"Georgia","Muscogee County",4,48,2142,999,1143
050,13,215,"Georgia","Muscogee County",4,49,2284,1060,1224
050,13,215,"Georgia","Muscogee County",4,50,2359,1168,1191
050,13,215,"Georgia","Muscogee County",4,51,2390,1161,1229
050,13,215,"Georgia","Muscogee County",4,52,2294,1099,1195
050,13,215,"Georgia","Muscogee County",4,53,2126,1038,1088
050,13,215,"Georgia","Muscogee County",4,54,2074,991,1083
050,13,215,"Georgia","Muscogee County",4,55,2093,957,1136
050,13,215,"Georgia","Muscogee County",4,56,2233,1050,1183
050,13,215,"Georgia","Muscogee County",4,57,2382,1099,1283
050,13,215,"Georgia","Muscogee County",4,58,2355,1107,1248
050,13,215,"Georgia","Muscogee County",4,59,2292,1031,1261
050,13,215,"Georgia","Muscogee County",4,60,2328,1070,1258
050,13,215,"Georgia","Muscogee County",4,61,2333,1101,1232
050,13,215,"Georgia","Muscogee County",4,62,2328,1110,1218
050,13,215,"Georgia","Muscogee County",4,63,2323,1081,1242
050,13,215,"Georgia","Muscogee County",4,64,2220,1048,1172
050,13,215,"Georgia","Muscogee County",4,65,2191,1002,1189
050,13,215,"Georgia","Muscogee County",4,66,2180,1028,1152
050,13,215,"Georgia","Muscogee County",4,67,2037,944,1093
050,13,215,"Georgia","Muscogee County",4,68,1938,870,1068
050,13,215,"Georgia","Muscogee County",4,69,1842,799,1043
050,13,215,"Georgia","Muscogee County",4,70,1736,772,964
050,13,215,"Georgia","Muscogee County",4,71,1628,696,932
050,13,215,"Georgia","Muscogee County",4,72,1535,666,869
050,13,215,"Georgia","Muscogee County",4,73,1506,660,846
050,13,215,"Georgia","Muscogee County",4,74,1519,658,861
050,13,215,"Georgia","Muscogee County",4,75,1503,611,892
050,13,215,"Georgia","Muscogee County",4,76,1057,452,605
050,13,215,"Georgia","Muscogee County",4,77,1042,427,615
050,13,215,"Georgia","Muscogee County",4,78,961,375,586
050,13,215,"Georgia","Muscogee County",4,79,961,380,581
050,13,215,"Georgia","Muscogee County",4,80,797,297,500
050,13,215,"Georgia","Muscogee County",4,81,694,247,447
050,13,215,"Georgia","Muscogee County",4,82,634,238,396
050,13,215,"Georgia","Muscogee County",4,83,611,229,382
050,13,215,"Georgia","Muscogee County",4,84,511,175,336
050,13,215,"Georgia","Muscogee County",4,85,3112,1023,2089
050,13,215,"Georgia","Muscogee County",5,0,2669,1331,1338
050,13,215,"Georgia","Muscogee County",5,1,2643,1331,1312
050,13,215,"Georgia","Muscogee County",5,2,2616,1349,1267
050,13,215,"Georgia","Muscogee County",5,3,2729,1406,1323
050,13,215,"Georgia","Muscogee County",5,4,2806,1456,1350
050,13,215,"Georgia","Muscogee County",5,5,2845,1502,1343
050,13,215,"Georgia","Muscogee County",5,6,2807,1432,1375
050,13,215,"Georgia","Muscogee County",5,7,2774,1392,1382
050,13,215,"Georgia","Muscogee County",5,8,2889,1461,1428
050,13,215,"Georgia","Muscogee County",5,9,2916,1475,1441
050,13,215,"Georgia","Muscogee County",5,10,2820,1443,1377
050,13,215,"Georgia","Muscogee County",5,11,2877,1424,1453
050,13,215,"Georgia","Muscogee County",5,12,2841,1455,1386
050,13,215,"Georgia","Muscogee County",5,13,2737,1402,1335
050,13,215,"Georgia","Muscogee County",5,14,2751,1420,1331
050,13,215,"Georgia","Muscogee County",5,15,2856,1454,1402
050,13,215,"Georgia","Muscogee County",5,16,2823,1443,1380
050,13,215,"Georgia","Muscogee County",5,17,2738,1382,1356
050,13,215,"Georgia","Muscogee County",5,18,2537,1276,1261
050,13,215,"Georgia","Muscogee County",5,19,2426,1256,1170
050,13,215,"Georgia","Muscogee County",5,20,2382,1229,1153
050,13,215,"Georgia","Muscogee County",5,21,2409,1209,1200
050,13,215,"Georgia","Muscogee County",5,22,2588,1299,1289
050,13,215,"Georgia","Muscogee County",5,23,2844,1467,1377
050,13,215,"Georgia","Muscogee County",5,24,2810,1365,1445
050,13,215,"Georgia","Muscogee County",5,25,2850,1369,1481
050,13,215,"Georgia","Muscogee County",5,26,2808,1380,1428
050,13,215,"Georgia","Muscogee County",5,27,2898,1489,1409
050,13,215,"Georgia","Muscogee County",5,28,3056,1484,1572
050,13,215,"Georgia","Muscogee County",5,29,3155,1511,1644
050,13,215,"Georgia","Muscogee County",5,30,3293,1621,1672
050,13,215,"Georgia","Muscogee County",5,31,3335,1664,1671
050,13,215,"Georgia","Muscogee County",5,32,3286,1595,1691
050,13,215,"Georgia","Muscogee County",5,33,3279,1605,1674
050,13,215,"Georgia","Muscogee County",5,34,3011,1468,1543
050,13,215,"Georgia","Muscogee County",5,35,2896,1364,1532
050,13,215,"Georgia","Muscogee County",5,36,2901,1372,1529
050,13,215,"Georgia","Muscogee County",5,37,2854,1363,1491
050,13,215,"Georgia","Muscogee County",5,38,2855,1382,1473
050,13,215,"Georgia","Muscogee County",5,39,2681,1303,1378
050,13,215,"Georgia","Muscogee County",5,40,2720,1321,1399
050,13,215,"Georgia","Muscogee County",5,41,2574,1198,1376
050,13,215,"Georgia","Muscogee County",5,42,2556,1240,1316
050,13,215,"Georgia","Muscogee County",5,43,2521,1208,1313
050,13,215,"Georgia","Muscogee County",5,44,2381,1126,1255
050,13,215,"Georgia","Muscogee County",5,45,2376,1094,1282
050,13,215,"Georgia","Muscogee County",5,46,2293,1048,1245
050,13,215,"Georgia","Muscogee County",5,47,2232,1041,1191
050,13,215,"Georgia","Muscogee County",5,48,2260,1017,1243
050,13,215,"Georgia","Muscogee County",5,49,2095,968,1127
050,13,215,"Georgia","Muscogee County",5,50,2319,1090,1229
050,13,215,"Georgia","Muscogee County",5,51,2307,1113,1194
050,13,215,"Georgia","Muscogee County",5,52,2328,1121,1207
050,13,215,"Georgia","Muscogee County",5,53,2238,1064,1174
050,13,215,"Georgia","Muscogee County",5,54,2106,1014,1092
050,13,215,"Georgia","Muscogee County",5,55,2030,956,1074
050,13,215,"Georgia","Muscogee County",5,56,2079,953,1126
050,13,215,"Georgia","Muscogee County",5,57,2241,1060,1181
050,13,215,"Georgia","Muscogee County",5,58,2310,1056,1254
050,13,215,"Georgia","Muscogee County",5,59,2292,1063,1229
050,13,215,"Georgia","Muscogee County",5,60,2276,1033,1243
050,13,215,"Georgia","Muscogee County",5,61,2310,1035,1275
050,13,215,"Georgia","Muscogee County",5,62,2274,1072,1202
050,13,215,"Georgia","Muscogee County",5,63,2314,1106,1208
050,13,215,"Georgia","Muscogee County",5,64,2243,1040,1203
050,13,215,"Georgia","Muscogee County",5,65,2179,1020,1159
050,13,215,"Georgia","Muscogee County",5,66,2185,988,1197
050,13,215,"Georgia","Muscogee County",5,67,2119,1000,1119
050,13,215,"Georgia","Muscogee County",5,68,2022,925,1097
050,13,215,"Georgia","Muscogee County",5,69,1906,853,1053
050,13,215,"Georgia","Muscogee County",5,70,1807,773,1034
050,13,215,"Georgia","Muscogee County",5,71,1690,754,936
050,13,215,"Georgia","Muscogee County",5,72,1577,683,894
050,13,215,"Georgia","Muscogee County",5,73,1481,630,851
050,13,215,"Georgia","Muscogee County",5,74,1488,653,835
050,13,215,"Georgia","Muscogee County",5,75,1474,637,837
050,13,215,"Georgia","Muscogee County",5,76,1430,564,866
050,13,215,"Georgia","Muscogee County",5,77,1038,438,600
050,13,215,"Georgia","Muscogee County",5,78,998,410,588
050,13,215,"Georgia","Muscogee County",5,79,929,362,567
050,13,215,"Georgia","Muscogee County",5,80,916,356,560
050,13,215,"Georgia","Muscogee County",5,81,770,290,480
050,13,215,"Georgia","Muscogee County",5,82,643,224,419
050,13,215,"Georgia","Muscogee County",5,83,606,232,374
050,13,215,"Georgia","Muscogee County",5,84,538,196,342
050,13,215,"Georgia","Muscogee County",5,85,3115,1030,2085
050,13,217,"Georgia","Newton County",1,0,1370,698,672
050,13,217,"Georgia","Newton County",1,1,1360,691,669
050,13,217,"Georgia","Newton County",1,2,1419,725,694
050,13,217,"Georgia","Newton County",1,3,1483,770,713
050,13,217,"Georgia","Newton County",1,4,1480,786,694
050,13,217,"Georgia","Newton County",1,5,1529,817,712
050,13,217,"Georgia","Newton County",1,6,1480,763,717
050,13,217,"Georgia","Newton County",1,7,1528,752,776
050,13,217,"Georgia","Newton County",1,8,1540,760,780
050,13,217,"Georgia","Newton County",1,9,1577,797,780
050,13,217,"Georgia","Newton County",1,10,1675,842,833
050,13,217,"Georgia","Newton County",1,11,1729,869,860
050,13,217,"Georgia","Newton County",1,12,1871,958,913
050,13,217,"Georgia","Newton County",1,13,1828,935,893
050,13,217,"Georgia","Newton County",1,14,1878,969,909
050,13,217,"Georgia","Newton County",1,15,1836,965,871
050,13,217,"Georgia","Newton County",1,16,1849,943,906
050,13,217,"Georgia","Newton County",1,17,1836,920,916
050,13,217,"Georgia","Newton County",1,18,1800,882,918
050,13,217,"Georgia","Newton County",1,19,1716,865,851
050,13,217,"Georgia","Newton County",1,20,1582,810,772
050,13,217,"Georgia","Newton County",1,21,1377,684,693
050,13,217,"Georgia","Newton County",1,22,1433,702,731
050,13,217,"Georgia","Newton County",1,23,1468,713,755
050,13,217,"Georgia","Newton County",1,24,1401,691,710
050,13,217,"Georgia","Newton County",1,25,1418,674,744
050,13,217,"Georgia","Newton County",1,26,1436,700,736
050,13,217,"Georgia","Newton County",1,27,1417,728,689
050,13,217,"Georgia","Newton County",1,28,1446,684,762
050,13,217,"Georgia","Newton County",1,29,1521,713,808
050,13,217,"Georgia","Newton County",1,30,1382,657,725
050,13,217,"Georgia","Newton County",1,31,1384,635,749
050,13,217,"Georgia","Newton County",1,32,1342,616,726
050,13,217,"Georgia","Newton County",1,33,1407,657,750
050,13,217,"Georgia","Newton County",1,34,1388,634,754
050,13,217,"Georgia","Newton County",1,35,1379,632,747
050,13,217,"Georgia","Newton County",1,36,1344,613,731
050,13,217,"Georgia","Newton County",1,37,1333,613,720
050,13,217,"Georgia","Newton County",1,38,1418,636,782
050,13,217,"Georgia","Newton County",1,39,1478,637,841
050,13,217,"Georgia","Newton County",1,40,1461,659,802
050,13,217,"Georgia","Newton County",1,41,1474,663,811
050,13,217,"Georgia","Newton County",1,42,1491,689,802
050,13,217,"Georgia","Newton County",1,43,1459,655,804
050,13,217,"Georgia","Newton County",1,44,1402,637,765
050,13,217,"Georgia","Newton County",1,45,1525,661,864
050,13,217,"Georgia","Newton County",1,46,1530,678,852
050,13,217,"Georgia","Newton County",1,47,1551,691,860
050,13,217,"Georgia","Newton County",1,48,1641,724,917
050,13,217,"Georgia","Newton County",1,49,1752,811,941
050,13,217,"Georgia","Newton County",1,50,1650,777,873
050,13,217,"Georgia","Newton County",1,51,1569,739,830
050,13,217,"Georgia","Newton County",1,52,1530,723,807
050,13,217,"Georgia","Newton County",1,53,1495,712,783
050,13,217,"Georgia","Newton County",1,54,1560,744,816
050,13,217,"Georgia","Newton County",1,55,1524,696,828
050,13,217,"Georgia","Newton County",1,56,1543,762,781
050,13,217,"Georgia","Newton County",1,57,1514,738,776
050,13,217,"Georgia","Newton County",1,58,1466,699,767
050,13,217,"Georgia","Newton County",1,59,1400,677,723
050,13,217,"Georgia","Newton County",1,60,1360,635,725
050,13,217,"Georgia","Newton County",1,61,1273,592,681
050,13,217,"Georgia","Newton County",1,62,1215,549,666
050,13,217,"Georgia","Newton County",1,63,1146,504,642
050,13,217,"Georgia","Newton County",1,64,1093,497,596
050,13,217,"Georgia","Newton County",1,65,1076,482,594
050,13,217,"Georgia","Newton County",1,66,1090,483,607
050,13,217,"Georgia","Newton County",1,67,1028,453,575
050,13,217,"Georgia","Newton County",1,68,1022,464,558
050,13,217,"Georgia","Newton County",1,69,932,411,521
050,13,217,"Georgia","Newton County",1,70,905,396,509
050,13,217,"Georgia","Newton County",1,71,907,407,500
050,13,217,"Georgia","Newton County",1,72,911,404,507
050,13,217,"Georgia","Newton County",1,73,893,414,479
050,13,217,"Georgia","Newton County",1,74,658,302,356
050,13,217,"Georgia","Newton County",1,75,599,262,337
050,13,217,"Georgia","Newton County",1,76,587,259,328
050,13,217,"Georgia","Newton County",1,77,562,241,321
050,13,217,"Georgia","Newton County",1,78,449,182,267
050,13,217,"Georgia","Newton County",1,79,402,169,233
050,13,217,"Georgia","Newton County",1,80,357,145,212
050,13,217,"Georgia","Newton County",1,81,340,141,199
050,13,217,"Georgia","Newton County",1,82,301,128,173
050,13,217,"Georgia","Newton County",1,83,266,115,151
050,13,217,"Georgia","Newton County",1,84,229,90,139
050,13,217,"Georgia","Newton County",1,85,1251,406,845
050,13,217,"Georgia","Newton County",2,0,1351,691,660
050,13,217,"Georgia","Newton County",2,1,1378,700,678
050,13,217,"Georgia","Newton County",2,2,1416,727,689
050,13,217,"Georgia","Newton County",2,3,1470,765,705
050,13,217,"Georgia","Newton County",2,4,1492,791,701
050,13,217,"Georgia","Newton County",2,5,1518,811,707
050,13,217,"Georgia","Newton County",2,6,1499,780,719
050,13,217,"Georgia","Newton County",2,7,1527,760,767
050,13,217,"Georgia","Newton County",2,8,1541,764,777
050,13,217,"Georgia","Newton County",2,9,1575,791,784
050,13,217,"Georgia","Newton County",2,10,1653,830,823
050,13,217,"Georgia","Newton County",2,11,1720,865,855
050,13,217,"Georgia","Newton County",2,12,1853,945,908
050,13,217,"Georgia","Newton County",2,13,1852,949,903
050,13,217,"Georgia","Newton County",2,14,1875,967,908
050,13,217,"Georgia","Newton County",2,15,1855,972,883
050,13,217,"Georgia","Newton County",2,16,1856,953,903
050,13,217,"Georgia","Newton County",2,17,1846,930,916
050,13,217,"Georgia","Newton County",2,18,1810,895,915
050,13,217,"Georgia","Newton County",2,19,1718,863,855
050,13,217,"Georgia","Newton County",2,20,1602,819,783
050,13,217,"Georgia","Newton County",2,21,1388,694,694
050,13,217,"Georgia","Newton County",2,22,1433,704,729
050,13,217,"Georgia","Newton County",2,23,1474,718,756
050,13,217,"Georgia","Newton County",2,24,1415,696,719
050,13,217,"Georgia","Newton County",2,25,1421,681,740
050,13,217,"Georgia","Newton County",2,26,1435,697,738
050,13,217,"Georgia","Newton County",2,27,1420,717,703
050,13,217,"Georgia","Newton County",2,28,1454,703,751
050,13,217,"Georgia","Newton County",2,29,1508,707,801
050,13,217,"Georgia","Newton County",2,30,1434,676,758
050,13,217,"Georgia","Newton County",2,31,1380,635,745
050,13,217,"Georgia","Newton County",2,32,1356,623,733
050,13,217,"Georgia","Newton County",2,33,1400,653,747
050,13,217,"Georgia","Newton County",2,34,1394,642,752
050,13,217,"Georgia","Newton County",2,35,1397,639,758
050,13,217,"Georgia","Newton County",2,36,1344,612,732
050,13,217,"Georgia","Newton County",2,37,1341,616,725
050,13,217,"Georgia","Newton County",2,38,1406,632,774
050,13,217,"Georgia","Newton County",2,39,1459,637,822
050,13,217,"Georgia","Newton County",2,40,1483,662,821
050,13,217,"Georgia","Newton County",2,41,1475,662,813
050,13,217,"Georgia","Newton County",2,42,1484,684,800
050,13,217,"Georgia","Newton County",2,43,1478,669,809
050,13,217,"Georgia","Newton County",2,44,1413,641,772
050,13,217,"Georgia","Newton County",2,45,1509,661,848
050,13,217,"Georgia","Newton County",2,46,1530,676,854
050,13,217,"Georgia","Newton County",2,47,1548,686,862
050,13,217,"Georgia","Newton County",2,48,1627,721,906
050,13,217,"Georgia","Newton County",2,49,1733,793,940
050,13,217,"Georgia","Newton County",2,50,1679,786,893
050,13,217,"Georgia","Newton County",2,51,1580,744,836
050,13,217,"Georgia","Newton County",2,52,1539,728,811
050,13,217,"Georgia","Newton County",2,53,1500,714,786
050,13,217,"Georgia","Newton County",2,54,1540,736,804
050,13,217,"Georgia","Newton County",2,55,1536,711,825
050,13,217,"Georgia","Newton County",2,56,1542,749,793
050,13,217,"Georgia","Newton County",2,57,1526,748,778
050,13,217,"Georgia","Newton County",2,58,1476,710,766
050,13,217,"Georgia","Newton County",2,59,1419,682,737
050,13,217,"Georgia","Newton County",2,60,1366,643,723
050,13,217,"Georgia","Newton County",2,61,1290,598,692
050,13,217,"Georgia","Newton County",2,62,1227,561,666
050,13,217,"Georgia","Newton County",2,63,1165,513,652
050,13,217,"Georgia","Newton County",2,64,1099,494,605
050,13,217,"Georgia","Newton County",2,65,1078,482,596
050,13,217,"Georgia","Newton County",2,66,1087,480,607
050,13,217,"Georgia","Newton County",2,67,1035,456,579
050,13,217,"Georgia","Newton County",2,68,1016,457,559
050,13,217,"Georgia","Newton County",2,69,957,427,530
050,13,217,"Georgia","Newton County",2,70,896,392,504
050,13,217,"Georgia","Newton County",2,71,902,400,502
050,13,217,"Georgia","Newton County",2,72,894,396,498
050,13,217,"Georgia","Newton County",2,73,922,422,500
050,13,217,"Georgia","Newton County",2,74,676,309,367
050,13,217,"Georgia","Newton County",2,75,606,267,339
050,13,217,"Georgia","Newton County",2,76,581,255,326
050,13,217,"Georgia","Newton County",2,77,572,246,326
050,13,217,"Georgia","Newton County",2,78,464,189,275
050,13,217,"Georgia","Newton County",2,79,410,171,239
050,13,217,"Georgia","Newton County",2,80,364,148,216
050,13,217,"Georgia","Newton County",2,81,332,138,194
050,13,217,"Georgia","Newton County",2,82,308,128,180
050,13,217,"Georgia","Newton County",2,83,272,117,155
050,13,217,"Georgia","Newton County",2,84,227,89,138
050,13,217,"Georgia","Newton County",2,85,1261,410,851
050,13,217,"Georgia","Newton County",3,0,1249,683,566
050,13,217,"Georgia","Newton County",3,1,1363,716,647
050,13,217,"Georgia","Newton County",3,2,1455,733,722
050,13,217,"Georgia","Newton County",3,3,1443,742,701
050,13,217,"Georgia","Newton County",3,4,1511,777,734
050,13,217,"Georgia","Newton County",3,5,1560,802,758
050,13,217,"Georgia","Newton County",3,6,1582,825,757
050,13,217,"Georgia","Newton County",3,7,1585,808,777
050,13,217,"Georgia","Newton County",3,8,1588,786,802
050,13,217,"Georgia","Newton County",3,9,1571,787,784
050,13,217,"Georgia","Newton County",3,10,1661,819,842
050,13,217,"Georgia","Newton County",3,11,1697,848,849
050,13,217,"Georgia","Newton County",3,12,1775,914,861
050,13,217,"Georgia","Newton County",3,13,1926,970,956
050,13,217,"Georgia","Newton County",3,14,1925,977,948
050,13,217,"Georgia","Newton County",3,15,1916,985,931
050,13,217,"Georgia","Newton County",3,16,1933,1013,920
050,13,217,"Georgia","Newton County",3,17,1909,976,933
050,13,217,"Georgia","Newton County",3,18,1853,908,945
050,13,217,"Georgia","Newton County",3,19,1774,881,893
050,13,217,"Georgia","Newton County",3,20,1657,856,801
050,13,217,"Georgia","Newton County",3,21,1491,751,740
050,13,217,"Georgia","Newton County",3,22,1487,707,780
050,13,217,"Georgia","Newton County",3,23,1505,727,778
050,13,217,"Georgia","Newton County",3,24,1494,738,756
050,13,217,"Georgia","Newton County",3,25,1387,677,710
050,13,217,"Georgia","Newton County",3,26,1463,709,754
050,13,217,"Georgia","Newton County",3,27,1492,726,766
050,13,217,"Georgia","Newton County",3,28,1493,725,768
050,13,217,"Georgia","Newton County",3,29,1467,690,777
050,13,217,"Georgia","Newton County",3,30,1581,741,840
050,13,217,"Georgia","Newton County",3,31,1503,698,805
050,13,217,"Georgia","Newton County",3,32,1399,643,756
050,13,217,"Georgia","Newton County",3,33,1410,643,767
050,13,217,"Georgia","Newton County",3,34,1453,678,775
050,13,217,"Georgia","Newton County",3,35,1466,661,805
050,13,217,"Georgia","Newton County",3,36,1407,646,761
050,13,217,"Georgia","Newton County",3,37,1395,631,764
050,13,217,"Georgia","Newton County",3,38,1459,674,785
050,13,217,"Georgia","Newton County",3,39,1436,635,801
050,13,217,"Georgia","Newton County",3,40,1453,635,818
050,13,217,"Georgia","Newton County",3,41,1493,674,819
050,13,217,"Georgia","Newton County",3,42,1534,673,861
050,13,217,"Georgia","Newton County",3,43,1474,652,822
050,13,217,"Georgia","Newton County",3,44,1497,674,823
050,13,217,"Georgia","Newton County",3,45,1452,657,795
050,13,217,"Georgia","Newton County",3,46,1561,683,878
050,13,217,"Georgia","Newton County",3,47,1571,695,876
050,13,217,"Georgia","Newton County",3,48,1590,712,878
050,13,217,"Georgia","Newton County",3,49,1657,742,915
050,13,217,"Georgia","Newton County",3,50,1771,806,965
050,13,217,"Georgia","Newton County",3,51,1713,798,915
050,13,217,"Georgia","Newton County",3,52,1601,752,849
050,13,217,"Georgia","Newton County",3,53,1578,741,837
050,13,217,"Georgia","Newton County",3,54,1503,704,799
050,13,217,"Georgia","Newton County",3,55,1561,749,812
050,13,217,"Georgia","Newton County",3,56,1537,707,830
050,13,217,"Georgia","Newton County",3,57,1557,738,819
050,13,217,"Georgia","Newton County",3,58,1520,751,769
050,13,217,"Georgia","Newton County",3,59,1477,690,787
050,13,217,"Georgia","Newton County",3,60,1383,669,714
050,13,217,"Georgia","Newton County",3,61,1328,625,703
050,13,217,"Georgia","Newton County",3,62,1275,594,681
050,13,217,"Georgia","Newton County",3,63,1199,542,657
050,13,217,"Georgia","Newton County",3,64,1154,498,656
050,13,217,"Georgia","Newton County",3,65,1100,488,612
050,13,217,"Georgia","Newton County",3,66,1056,464,592
050,13,217,"Georgia","Newton County",3,67,1082,477,605
050,13,217,"Georgia","Newton County",3,68,1010,445,565
050,13,217,"Georgia","Newton County",3,69,1014,453,561
050,13,217,"Georgia","Newton County",3,70,921,407,514
050,13,217,"Georgia","Newton County",3,71,860,376,484
050,13,217,"Georgia","Newton County",3,72,866,377,489
050,13,217,"Georgia","Newton County",3,73,857,388,469
050,13,217,"Georgia","Newton County",3,74,892,405,487
050,13,217,"Georgia","Newton County",3,75,637,290,347
050,13,217,"Georgia","Newton County",3,76,561,238,323
050,13,217,"Georgia","Newton County",3,77,552,241,311
050,13,217,"Georgia","Newton County",3,78,538,218,320
050,13,217,"Georgia","Newton County",3,79,446,183,263
050,13,217,"Georgia","Newton County",3,80,394,163,231
050,13,217,"Georgia","Newton County",3,81,329,135,194
050,13,217,"Georgia","Newton County",3,82,303,124,179
050,13,217,"Georgia","Newton County",3,83,289,121,168
050,13,217,"Georgia","Newton County",3,84,235,103,132
050,13,217,"Georgia","Newton County",3,85,1239,397,842
050,13,217,"Georgia","Newton County",4,0,1294,700,594
050,13,217,"Georgia","Newton County",4,1,1346,716,630
050,13,217,"Georgia","Newton County",4,2,1426,743,683
050,13,217,"Georgia","Newton County",4,3,1517,772,745
050,13,217,"Georgia","Newton County",4,4,1510,786,724
050,13,217,"Georgia","Newton County",4,5,1574,804,770
050,13,217,"Georgia","Newton County",4,6,1567,805,762
050,13,217,"Georgia","Newton County",4,7,1659,868,791
050,13,217,"Georgia","Newton County",4,8,1628,836,792
050,13,217,"Georgia","Newton County",4,9,1622,814,808
050,13,217,"Georgia","Newton County",4,10,1631,830,801
050,13,217,"Georgia","Newton County",4,11,1692,835,857
050,13,217,"Georgia","Newton County",4,12,1759,882,877
050,13,217,"Georgia","Newton County",4,13,1803,918,885
050,13,217,"Georgia","Newton County",4,14,1979,989,990
050,13,217,"Georgia","Newton County",4,15,1984,1024,960
050,13,217,"Georgia","Newton County",4,16,1942,1005,937
050,13,217,"Georgia","Newton County",4,17,1964,1019,945
050,13,217,"Georgia","Newton County",4,18,1943,1016,927
050,13,217,"Georgia","Newton County",4,19,1783,885,898
050,13,217,"Georgia","Newton County",4,20,1711,863,848
050,13,217,"Georgia","Newton County",4,21,1525,771,754
050,13,217,"Georgia","Newton County",4,22,1546,751,795
050,13,217,"Georgia","Newton County",4,23,1574,766,808
050,13,217,"Georgia","Newton County",4,24,1545,746,799
050,13,217,"Georgia","Newton County",4,25,1499,734,765
050,13,217,"Georgia","Newton County",4,26,1418,705,713
050,13,217,"Georgia","Newton County",4,27,1469,698,771
050,13,217,"Georgia","Newton County",4,28,1513,723,790
050,13,217,"Georgia","Newton County",4,29,1560,767,793
050,13,217,"Georgia","Newton County",4,30,1504,703,801
050,13,217,"Georgia","Newton County",4,31,1643,765,878
050,13,217,"Georgia","Newton County",4,32,1577,737,840
050,13,217,"Georgia","Newton County",4,33,1410,647,763
050,13,217,"Georgia","Newton County",4,34,1427,645,782
050,13,217,"Georgia","Newton County",4,35,1468,671,797
050,13,217,"Georgia","Newton County",4,36,1502,682,820
050,13,217,"Georgia","Newton County",4,37,1469,665,804
050,13,217,"Georgia","Newton County",4,38,1400,629,771
050,13,217,"Georgia","Newton County",4,39,1497,677,820
050,13,217,"Georgia","Newton County",4,40,1477,632,845
050,13,217,"Georgia","Newton County",4,41,1503,643,860
050,13,217,"Georgia","Newton County",4,42,1511,689,822
050,13,217,"Georgia","Newton County",4,43,1559,691,868
050,13,217,"Georgia","Newton County",4,44,1509,684,825
050,13,217,"Georgia","Newton County",4,45,1496,674,822
050,13,217,"Georgia","Newton County",4,46,1470,648,822
050,13,217,"Georgia","Newton County",4,47,1572,689,883
050,13,217,"Georgia","Newton County",4,48,1564,686,878
050,13,217,"Georgia","Newton County",4,49,1599,692,907
050,13,217,"Georgia","Newton County",4,50,1671,748,923
050,13,217,"Georgia","Newton County",4,51,1790,784,1006
050,13,217,"Georgia","Newton County",4,52,1700,798,902
050,13,217,"Georgia","Newton County",4,53,1646,772,874
050,13,217,"Georgia","Newton County",4,54,1583,756,827
050,13,217,"Georgia","Newton County",4,55,1545,730,815
050,13,217,"Georgia","Newton County",4,56,1568,738,830
050,13,217,"Georgia","Newton County",4,57,1547,715,832
050,13,217,"Georgia","Newton County",4,58,1570,746,824
050,13,217,"Georgia","Newton County",4,59,1537,754,783
050,13,217,"Georgia","Newton County",4,60,1480,681,799
050,13,217,"Georgia","Newton County",4,61,1382,673,709
050,13,217,"Georgia","Newton County",4,62,1354,642,712
050,13,217,"Georgia","Newton County",4,63,1283,584,699
050,13,217,"Georgia","Newton County",4,64,1196,526,670
050,13,217,"Georgia","Newton County",4,65,1154,505,649
050,13,217,"Georgia","Newton County",4,66,1097,478,619
050,13,217,"Georgia","Newton County",4,67,1051,458,593
050,13,217,"Georgia","Newton County",4,68,1084,472,612
050,13,217,"Georgia","Newton County",4,69,995,435,560
050,13,217,"Georgia","Newton County",4,70,990,434,556
050,13,217,"Georgia","Newton County",4,71,915,398,517
050,13,217,"Georgia","Newton County",4,72,843,371,472
050,13,217,"Georgia","Newton County",4,73,838,356,482
050,13,217,"Georgia","Newton County",4,74,838,381,457
050,13,217,"Georgia","Newton County",4,75,872,401,471
050,13,217,"Georgia","Newton County",4,76,600,265,335
050,13,217,"Georgia","Newton County",4,77,545,228,317
050,13,217,"Georgia","Newton County",4,78,523,218,305
050,13,217,"Georgia","Newton County",4,79,504,207,297
050,13,217,"Georgia","Newton County",4,80,433,170,263
050,13,217,"Georgia","Newton County",4,81,355,146,209
050,13,217,"Georgia","Newton County",4,82,316,130,186
050,13,217,"Georgia","Newton County",4,83,284,114,170
050,13,217,"Georgia","Newton County",4,84,256,91,165
050,13,217,"Georgia","Newton County",4,85,1267,422,845
050,13,217,"Georgia","Newton County",5,0,1298,700,598
050,13,217,"Georgia","Newton County",5,1,1317,714,603
050,13,217,"Georgia","Newton County",5,2,1401,746,655
050,13,217,"Georgia","Newton County",5,3,1478,772,706
050,13,217,"Georgia","Newton County",5,4,1559,772,787
050,13,217,"Georgia","Newton County",5,5,1561,813,748
050,13,217,"Georgia","Newton County",5,6,1638,829,809
050,13,217,"Georgia","Newton County",5,7,1595,810,785
050,13,217,"Georgia","Newton County",5,8,1693,897,796
050,13,217,"Georgia","Newton County",5,9,1635,821,814
050,13,217,"Georgia","Newton County",5,10,1657,848,809
050,13,217,"Georgia","Newton County",5,11,1676,849,827
050,13,217,"Georgia","Newton County",5,12,1754,877,877
050,13,217,"Georgia","Newton County",5,13,1817,923,894
050,13,217,"Georgia","Newton County",5,14,1829,921,908
050,13,217,"Georgia","Newton County",5,15,1999,1008,991
050,13,217,"Georgia","Newton County",5,16,2037,1048,989
050,13,217,"Georgia","Newton County",5,17,1997,1018,979
050,13,217,"Georgia","Newton County",5,18,1969,995,974
050,13,217,"Georgia","Newton County",5,19,1814,933,881
050,13,217,"Georgia","Newton County",5,20,1737,865,872
050,13,217,"Georgia","Newton County",5,21,1558,787,771
050,13,217,"Georgia","Newton County",5,22,1605,767,838
050,13,217,"Georgia","Newton County",5,23,1664,821,843
050,13,217,"Georgia","Newton County",5,24,1619,757,862
050,13,217,"Georgia","Newton County",5,25,1543,731,812
050,13,217,"Georgia","Newton County",5,26,1514,711,803
050,13,217,"Georgia","Newton County",5,27,1488,719,769
050,13,217,"Georgia","Newton County",5,28,1528,712,816
050,13,217,"Georgia","Newton County",5,29,1562,731,831
050,13,217,"Georgia","Newton County",5,30,1613,807,806
050,13,217,"Georgia","Newton County",5,31,1515,688,827
050,13,217,"Georgia","Newton County",5,32,1702,797,905
050,13,217,"Georgia","Newton County",5,33,1648,758,890
050,13,217,"Georgia","Newton County",5,34,1479,687,792
050,13,217,"Georgia","Newton County",5,35,1467,656,811
050,13,217,"Georgia","Newton County",5,36,1499,685,814
050,13,217,"Georgia","Newton County",5,37,1549,693,856
050,13,217,"Georgia","Newton County",5,38,1481,665,816
050,13,217,"Georgia","Newton County",5,39,1437,628,809
050,13,217,"Georgia","Newton County",5,40,1529,699,830
050,13,217,"Georgia","Newton County",5,41,1530,655,875
050,13,217,"Georgia","Newton County",5,42,1550,654,896
050,13,217,"Georgia","Newton County",5,43,1554,704,850
050,13,217,"Georgia","Newton County",5,44,1593,700,893
050,13,217,"Georgia","Newton County",5,45,1510,680,830
050,13,217,"Georgia","Newton County",5,46,1543,698,845
050,13,217,"Georgia","Newton County",5,47,1478,651,827
050,13,217,"Georgia","Newton County",5,48,1636,721,915
050,13,217,"Georgia","Newton County",5,49,1572,684,888
050,13,217,"Georgia","Newton County",5,50,1626,711,915
050,13,217,"Georgia","Newton County",5,51,1662,750,912
050,13,217,"Georgia","Newton County",5,52,1794,774,1020
050,13,217,"Georgia","Newton County",5,53,1704,816,888
050,13,217,"Georgia","Newton County",5,54,1702,802,900
050,13,217,"Georgia","Newton County",5,55,1593,755,838
050,13,217,"Georgia","Newton County",5,56,1522,725,797
050,13,217,"Georgia","Newton County",5,57,1558,723,835
050,13,217,"Georgia","Newton County",5,58,1562,727,835
050,13,217,"Georgia","Newton County",5,59,1581,745,836
050,13,217,"Georgia","Newton County",5,60,1540,742,798
050,13,217,"Georgia","Newton County",5,61,1479,666,813
050,13,217,"Georgia","Newton County",5,62,1383,672,711
050,13,217,"Georgia","Newton County",5,63,1335,632,703
050,13,217,"Georgia","Newton County",5,64,1286,583,703
050,13,217,"Georgia","Newton County",5,65,1187,533,654
050,13,217,"Georgia","Newton County",5,66,1146,495,651
050,13,217,"Georgia","Newton County",5,67,1087,475,612
050,13,217,"Georgia","Newton County",5,68,1062,457,605
050,13,217,"Georgia","Newton County",5,69,1081,464,617
050,13,217,"Georgia","Newton County",5,70,978,419,559
050,13,217,"Georgia","Newton County",5,71,970,420,550
050,13,217,"Georgia","Newton County",5,72,890,387,503
050,13,217,"Georgia","Newton County",5,73,827,355,472
050,13,217,"Georgia","Newton County",5,74,827,348,479
050,13,217,"Georgia","Newton County",5,75,806,364,442
050,13,217,"Georgia","Newton County",5,76,826,372,454
050,13,217,"Georgia","Newton County",5,77,572,249,323
050,13,217,"Georgia","Newton County",5,78,529,211,318
050,13,217,"Georgia","Newton County",5,79,490,206,284
050,13,217,"Georgia","Newton County",5,80,483,197,286
050,13,217,"Georgia","Newton County",5,81,384,152,232
050,13,217,"Georgia","Newton County",5,82,339,135,204
050,13,217,"Georgia","Newton County",5,83,303,128,175
050,13,217,"Georgia","Newton County",5,84,254,90,164
050,13,217,"Georgia","Newton County",5,85,1340,441,899
050,13,219,"Georgia","Oconee County",1,0,352,175,177
050,13,219,"Georgia","Oconee County",1,1,392,184,208
050,13,219,"Georgia","Oconee County",1,2,464,223,241
050,13,219,"Georgia","Oconee County",1,3,479,238,241
050,13,219,"Georgia","Oconee County",1,4,518,259,259
050,13,219,"Georgia","Oconee County",1,5,587,299,288
050,13,219,"Georgia","Oconee County",1,6,590,298,292
050,13,219,"Georgia","Oconee County",1,7,614,339,275
050,13,219,"Georgia","Oconee County",1,8,650,343,307
050,13,219,"Georgia","Oconee County",1,9,646,335,311
050,13,219,"Georgia","Oconee County",1,10,688,337,351
050,13,219,"Georgia","Oconee County",1,11,693,381,312
050,13,219,"Georgia","Oconee County",1,12,733,385,348
050,13,219,"Georgia","Oconee County",1,13,741,369,372
050,13,219,"Georgia","Oconee County",1,14,745,358,387
050,13,219,"Georgia","Oconee County",1,15,753,371,382
050,13,219,"Georgia","Oconee County",1,16,734,370,364
050,13,219,"Georgia","Oconee County",1,17,733,371,362
050,13,219,"Georgia","Oconee County",1,18,614,328,286
050,13,219,"Georgia","Oconee County",1,19,471,260,211
050,13,219,"Georgia","Oconee County",1,20,483,255,228
050,13,219,"Georgia","Oconee County",1,21,475,240,235
050,13,219,"Georgia","Oconee County",1,22,487,275,212
050,13,219,"Georgia","Oconee County",1,23,396,206,190
050,13,219,"Georgia","Oconee County",1,24,355,180,175
050,13,219,"Georgia","Oconee County",1,25,343,179,164
050,13,219,"Georgia","Oconee County",1,26,299,160,139
050,13,219,"Georgia","Oconee County",1,27,303,154,149
050,13,219,"Georgia","Oconee County",1,28,291,144,147
050,13,219,"Georgia","Oconee County",1,29,349,151,198
050,13,219,"Georgia","Oconee County",1,30,366,155,211
050,13,219,"Georgia","Oconee County",1,31,375,188,187
050,13,219,"Georgia","Oconee County",1,32,395,183,212
050,13,219,"Georgia","Oconee County",1,33,444,214,230
050,13,219,"Georgia","Oconee County",1,34,480,220,260
050,13,219,"Georgia","Oconee County",1,35,503,226,277
050,13,219,"Georgia","Oconee County",1,36,558,240,318
050,13,219,"Georgia","Oconee County",1,37,571,251,320
050,13,219,"Georgia","Oconee County",1,38,546,271,275
050,13,219,"Georgia","Oconee County",1,39,585,271,314
050,13,219,"Georgia","Oconee County",1,40,656,317,339
050,13,219,"Georgia","Oconee County",1,41,646,318,328
050,13,219,"Georgia","Oconee County",1,42,652,335,317
050,13,219,"Georgia","Oconee County",1,43,614,293,321
050,13,219,"Georgia","Oconee County",1,44,605,291,314
050,13,219,"Georgia","Oconee County",1,45,598,287,311
050,13,219,"Georgia","Oconee County",1,46,561,280,281
050,13,219,"Georgia","Oconee County",1,47,605,289,316
050,13,219,"Georgia","Oconee County",1,48,649,310,339
050,13,219,"Georgia","Oconee County",1,49,695,342,353
050,13,219,"Georgia","Oconee County",1,50,634,311,323
050,13,219,"Georgia","Oconee County",1,51,590,300,290
050,13,219,"Georgia","Oconee County",1,52,552,278,274
050,13,219,"Georgia","Oconee County",1,53,535,257,278
050,13,219,"Georgia","Oconee County",1,54,527,262,265
050,13,219,"Georgia","Oconee County",1,55,563,277,286
050,13,219,"Georgia","Oconee County",1,56,545,260,285
050,13,219,"Georgia","Oconee County",1,57,541,270,271
050,13,219,"Georgia","Oconee County",1,58,543,265,278
050,13,219,"Georgia","Oconee County",1,59,538,261,277
050,13,219,"Georgia","Oconee County",1,60,518,258,260
050,13,219,"Georgia","Oconee County",1,61,510,255,255
050,13,219,"Georgia","Oconee County",1,62,530,279,251
050,13,219,"Georgia","Oconee County",1,63,520,252,268
050,13,219,"Georgia","Oconee County",1,64,481,227,254
050,13,219,"Georgia","Oconee County",1,65,474,236,238
050,13,219,"Georgia","Oconee County",1,66,460,215,245
050,13,219,"Georgia","Oconee County",1,67,424,201,223
050,13,219,"Georgia","Oconee County",1,68,435,206,229
050,13,219,"Georgia","Oconee County",1,69,414,192,222
050,13,219,"Georgia","Oconee County",1,70,395,184,211
050,13,219,"Georgia","Oconee County",1,71,397,196,201
050,13,219,"Georgia","Oconee County",1,72,378,185,193
050,13,219,"Georgia","Oconee County",1,73,380,196,184
050,13,219,"Georgia","Oconee County",1,74,274,129,145
050,13,219,"Georgia","Oconee County",1,75,301,154,147
050,13,219,"Georgia","Oconee County",1,76,289,150,139
050,13,219,"Georgia","Oconee County",1,77,256,123,133
050,13,219,"Georgia","Oconee County",1,78,222,105,117
050,13,219,"Georgia","Oconee County",1,79,201,92,109
050,13,219,"Georgia","Oconee County",1,80,172,81,91
050,13,219,"Georgia","Oconee County",1,81,145,76,69
050,13,219,"Georgia","Oconee County",1,82,146,64,82
050,13,219,"Georgia","Oconee County",1,83,115,44,71
050,13,219,"Georgia","Oconee County",1,84,108,45,63
050,13,219,"Georgia","Oconee County",1,85,603,244,359
050,13,219,"Georgia","Oconee County",2,0,356,180,176
050,13,219,"Georgia","Oconee County",2,1,395,187,208
050,13,219,"Georgia","Oconee County",2,2,455,217,238
050,13,219,"Georgia","Oconee County",2,3,485,240,245
050,13,219,"Georgia","Oconee County",2,4,525,263,262
050,13,219,"Georgia","Oconee County",2,5,580,294,286
050,13,219,"Georgia","Oconee County",2,6,596,303,293
050,13,219,"Georgia","Oconee County",2,7,616,334,282
050,13,219,"Georgia","Oconee County",2,8,645,342,303
050,13,219,"Georgia","Oconee County",2,9,660,345,315
050,13,219,"Georgia","Oconee County",2,10,684,343,341
050,13,219,"Georgia","Oconee County",2,11,697,373,324
050,13,219,"Georgia","Oconee County",2,12,736,388,348
050,13,219,"Georgia","Oconee County",2,13,748,375,373
050,13,219,"Georgia","Oconee County",2,14,749,361,388
050,13,219,"Georgia","Oconee County",2,15,754,369,385
050,13,219,"Georgia","Oconee County",2,16,742,372,370
050,13,219,"Georgia","Oconee County",2,17,734,370,364
050,13,219,"Georgia","Oconee County",2,18,611,325,286
050,13,219,"Georgia","Oconee County",2,19,480,262,218
050,13,219,"Georgia","Oconee County",2,20,493,261,232
050,13,219,"Georgia","Oconee County",2,21,479,247,232
050,13,219,"Georgia","Oconee County",2,22,479,264,215
050,13,219,"Georgia","Oconee County",2,23,413,221,192
050,13,219,"Georgia","Oconee County",2,24,359,184,175
050,13,219,"Georgia","Oconee County",2,25,341,176,165
050,13,219,"Georgia","Oconee County",2,26,311,167,144
050,13,219,"Georgia","Oconee County",2,27,301,153,148
050,13,219,"Georgia","Oconee County",2,28,293,144,149
050,13,219,"Georgia","Oconee County",2,29,335,146,189
050,13,219,"Georgia","Oconee County",2,30,369,158,211
050,13,219,"Georgia","Oconee County",2,31,377,182,195
050,13,219,"Georgia","Oconee County",2,32,396,187,209
050,13,219,"Georgia","Oconee County",2,33,442,211,231
050,13,219,"Georgia","Oconee County",2,34,478,220,258
050,13,219,"Georgia","Oconee County",2,35,508,226,282
050,13,219,"Georgia","Oconee County",2,36,550,240,310
050,13,219,"Georgia","Oconee County",2,37,575,253,322
050,13,219,"Georgia","Oconee County",2,38,561,270,291
050,13,219,"Georgia","Oconee County",2,39,581,274,307
050,13,219,"Georgia","Oconee County",2,40,648,311,337
050,13,219,"Georgia","Oconee County",2,41,652,319,333
050,13,219,"Georgia","Oconee County",2,42,654,332,322
050,13,219,"Georgia","Oconee County",2,43,633,308,325
050,13,219,"Georgia","Oconee County",2,44,609,295,314
050,13,219,"Georgia","Oconee County",2,45,609,294,315
050,13,219,"Georgia","Oconee County",2,46,572,284,288
050,13,219,"Georgia","Oconee County",2,47,593,285,308
050,13,219,"Georgia","Oconee County",2,48,637,304,333
050,13,219,"Georgia","Oconee County",2,49,687,335,352
050,13,219,"Georgia","Oconee County",2,50,651,320,331
050,13,219,"Georgia","Oconee County",2,51,599,303,296
050,13,219,"Georgia","Oconee County",2,52,558,282,276
050,13,219,"Georgia","Oconee County",2,53,538,261,277
050,13,219,"Georgia","Oconee County",2,54,528,262,266
050,13,219,"Georgia","Oconee County",2,55,552,272,280
050,13,219,"Georgia","Oconee County",2,56,550,265,285
050,13,219,"Georgia","Oconee County",2,57,542,267,275
050,13,219,"Georgia","Oconee County",2,58,543,265,278
050,13,219,"Georgia","Oconee County",2,59,539,260,279
050,13,219,"Georgia","Oconee County",2,60,519,255,264
050,13,219,"Georgia","Oconee County",2,61,509,253,256
050,13,219,"Georgia","Oconee County",2,62,524,271,253
050,13,219,"Georgia","Oconee County",2,63,531,262,269
050,13,219,"Georgia","Oconee County",2,64,494,236,258
050,13,219,"Georgia","Oconee County",2,65,476,234,242
050,13,219,"Georgia","Oconee County",2,66,466,222,244
050,13,219,"Georgia","Oconee County",2,67,432,204,228
050,13,219,"Georgia","Oconee County",2,68,429,203,226
050,13,219,"Georgia","Oconee County",2,69,419,196,223
050,13,219,"Georgia","Oconee County",2,70,400,186,214
050,13,219,"Georgia","Oconee County",2,71,397,193,204
050,13,219,"Georgia","Oconee County",2,72,378,187,191
050,13,219,"Georgia","Oconee County",2,73,398,201,197
050,13,219,"Georgia","Oconee County",2,74,280,136,144
050,13,219,"Georgia","Oconee County",2,75,293,148,145
050,13,219,"Georgia","Oconee County",2,76,288,148,140
050,13,219,"Georgia","Oconee County",2,77,270,131,139
050,13,219,"Georgia","Oconee County",2,78,223,107,116
050,13,219,"Georgia","Oconee County",2,79,200,93,107
050,13,219,"Georgia","Oconee County",2,80,178,84,94
050,13,219,"Georgia","Oconee County",2,81,153,78,75
050,13,219,"Georgia","Oconee County",2,82,144,66,78
050,13,219,"Georgia","Oconee County",2,83,121,47,74
050,13,219,"Georgia","Oconee County",2,84,107,43,64
050,13,219,"Georgia","Oconee County",2,85,604,248,356
050,13,219,"Georgia","Oconee County",3,0,334,172,162
050,13,219,"Georgia","Oconee County",3,1,391,202,189
050,13,219,"Georgia","Oconee County",3,2,448,212,236
050,13,219,"Georgia","Oconee County",3,3,503,247,256
050,13,219,"Georgia","Oconee County",3,4,525,260,265
050,13,219,"Georgia","Oconee County",3,5,578,282,296
050,13,219,"Georgia","Oconee County",3,6,635,320,315
050,13,219,"Georgia","Oconee County",3,7,639,320,319
050,13,219,"Georgia","Oconee County",3,8,658,359,299
050,13,219,"Georgia","Oconee County",3,9,680,360,320
050,13,219,"Georgia","Oconee County",3,10,692,360,332
050,13,219,"Georgia","Oconee County",3,11,712,359,353
050,13,219,"Georgia","Oconee County",3,12,706,380,326
050,13,219,"Georgia","Oconee County",3,13,750,404,346
050,13,219,"Georgia","Oconee County",3,14,780,396,384
050,13,219,"Georgia","Oconee County",3,15,771,380,391
050,13,219,"Georgia","Oconee County",3,16,781,385,396
050,13,219,"Georgia","Oconee County",3,17,731,359,372
050,13,219,"Georgia","Oconee County",3,18,626,328,298
050,13,219,"Georgia","Oconee County",3,19,475,253,222
050,13,219,"Georgia","Oconee County",3,20,512,279,233
050,13,219,"Georgia","Oconee County",3,21,518,265,253
050,13,219,"Georgia","Oconee County",3,22,489,257,232
050,13,219,"Georgia","Oconee County",3,23,452,244,208
050,13,219,"Georgia","Oconee County",3,24,388,202,186
050,13,219,"Georgia","Oconee County",3,25,318,157,161
050,13,219,"Georgia","Oconee County",3,26,336,168,168
050,13,219,"Georgia","Oconee County",3,27,319,166,153
050,13,219,"Georgia","Oconee County",3,28,298,152,146
050,13,219,"Georgia","Oconee County",3,29,307,147,160
050,13,219,"Georgia","Oconee County",3,30,373,174,199
050,13,219,"Georgia","Oconee County",3,31,383,168,215
050,13,219,"Georgia","Oconee County",3,32,406,188,218
050,13,219,"Georgia","Oconee County",3,33,444,207,237
050,13,219,"Georgia","Oconee County",3,34,478,224,254
050,13,219,"Georgia","Oconee County",3,35,514,243,271
050,13,219,"Georgia","Oconee County",3,36,562,249,313
050,13,219,"Georgia","Oconee County",3,37,578,265,313
050,13,219,"Georgia","Oconee County",3,38,607,265,342
050,13,219,"Georgia","Oconee County",3,39,594,284,310
050,13,219,"Georgia","Oconee County",3,40,628,303,325
050,13,219,"Georgia","Oconee County",3,41,673,321,352
050,13,219,"Georgia","Oconee County",3,42,678,343,335
050,13,219,"Georgia","Oconee County",3,43,678,351,327
050,13,219,"Georgia","Oconee County",3,44,633,305,328
050,13,219,"Georgia","Oconee County",3,45,605,290,315
050,13,219,"Georgia","Oconee County",3,46,621,301,320
050,13,219,"Georgia","Oconee County",3,47,575,292,283
050,13,219,"Georgia","Oconee County",3,48,589,280,309
050,13,219,"Georgia","Oconee County",3,49,654,309,345
050,13,219,"Georgia","Oconee County",3,50,692,342,350
050,13,219,"Georgia","Oconee County",3,51,660,324,336
050,13,219,"Georgia","Oconee County",3,52,593,304,289
050,13,219,"Georgia","Oconee County",3,53,548,281,267
050,13,219,"Georgia","Oconee County",3,54,530,256,274
050,13,219,"Georgia","Oconee County",3,55,522,258,264
050,13,219,"Georgia","Oconee County",3,56,537,266,271
050,13,219,"Georgia","Oconee County",3,57,547,257,290
050,13,219,"Georgia","Oconee County",3,58,548,269,279
050,13,219,"Georgia","Oconee County",3,59,538,259,279
050,13,219,"Georgia","Oconee County",3,60,523,249,274
050,13,219,"Georgia","Oconee County",3,61,517,255,262
050,13,219,"Georgia","Oconee County",3,62,511,250,261
050,13,219,"Georgia","Oconee County",3,63,531,272,259
050,13,219,"Georgia","Oconee County",3,64,537,262,275
050,13,219,"Georgia","Oconee County",3,65,490,236,254
050,13,219,"Georgia","Oconee County",3,66,462,227,235
050,13,219,"Georgia","Oconee County",3,67,455,216,239
050,13,219,"Georgia","Oconee County",3,68,434,207,227
050,13,219,"Georgia","Oconee County",3,69,433,202,231
050,13,219,"Georgia","Oconee County",3,70,410,183,227
050,13,219,"Georgia","Oconee County",3,71,405,188,217
050,13,219,"Georgia","Oconee County",3,72,406,194,212
050,13,219,"Georgia","Oconee County",3,73,382,190,192
050,13,219,"Georgia","Oconee County",3,74,390,189,201
050,13,219,"Georgia","Oconee County",3,75,275,134,141
050,13,219,"Georgia","Oconee County",3,76,303,149,154
050,13,219,"Georgia","Oconee County",3,77,297,147,150
050,13,219,"Georgia","Oconee County",3,78,282,132,150
050,13,219,"Georgia","Oconee County",3,79,219,103,116
050,13,219,"Georgia","Oconee County",3,80,206,97,109
050,13,219,"Georgia","Oconee County",3,81,175,79,96
050,13,219,"Georgia","Oconee County",3,82,151,79,72
050,13,219,"Georgia","Oconee County",3,83,143,64,79
050,13,219,"Georgia","Oconee County",3,84,118,47,71
050,13,219,"Georgia","Oconee County",3,85,639,270,369
050,13,219,"Georgia","Oconee County",4,0,358,188,170
050,13,219,"Georgia","Oconee County",4,1,395,208,187
050,13,219,"Georgia","Oconee County",4,2,408,213,195
050,13,219,"Georgia","Oconee County",4,3,482,229,253
050,13,219,"Georgia","Oconee County",4,4,528,257,271
050,13,219,"Georgia","Oconee County",4,5,551,270,281
050,13,219,"Georgia","Oconee County",4,6,609,295,314
050,13,219,"Georgia","Oconee County",4,7,653,333,320
050,13,219,"Georgia","Oconee County",4,8,661,340,321
050,13,219,"Georgia","Oconee County",4,9,681,370,311
050,13,219,"Georgia","Oconee County",4,10,699,362,337
050,13,219,"Georgia","Oconee County",4,11,714,364,350
050,13,219,"Georgia","Oconee County",4,12,742,370,372
050,13,219,"Georgia","Oconee County",4,13,737,387,350
050,13,219,"Georgia","Oconee County",4,14,768,417,351
050,13,219,"Georgia","Oconee County",4,15,805,407,398
050,13,219,"Georgia","Oconee County",4,16,796,388,408
050,13,219,"Georgia","Oconee County",4,17,785,394,391
050,13,219,"Georgia","Oconee County",4,18,608,311,297
050,13,219,"Georgia","Oconee County",4,19,459,233,226
050,13,219,"Georgia","Oconee County",4,20,494,246,248
050,13,219,"Georgia","Oconee County",4,21,499,273,226
050,13,219,"Georgia","Oconee County",4,22,507,257,250
050,13,219,"Georgia","Oconee County",4,23,457,236,221
050,13,219,"Georgia","Oconee County",4,24,395,228,167
050,13,219,"Georgia","Oconee County",4,25,348,184,164
050,13,219,"Georgia","Oconee County",4,26,304,154,150
050,13,219,"Georgia","Oconee County",4,27,332,172,160
050,13,219,"Georgia","Oconee County",4,28,310,165,145
050,13,219,"Georgia","Oconee County",4,29,301,152,149
050,13,219,"Georgia","Oconee County",4,30,317,153,164
050,13,219,"Georgia","Oconee County",4,31,400,183,217
050,13,219,"Georgia","Oconee County",4,32,392,167,225
050,13,219,"Georgia","Oconee County",4,33,414,194,220
050,13,219,"Georgia","Oconee County",4,34,469,221,248
050,13,219,"Georgia","Oconee County",4,35,516,241,275
050,13,219,"Georgia","Oconee County",4,36,531,250,281
050,13,219,"Georgia","Oconee County",4,37,603,280,323
050,13,219,"Georgia","Oconee County",4,38,619,287,332
050,13,219,"Georgia","Oconee County",4,39,641,281,360
050,13,219,"Georgia","Oconee County",4,40,619,296,323
050,13,219,"Georgia","Oconee County",4,41,667,322,345
050,13,219,"Georgia","Oconee County",4,42,704,335,369
050,13,219,"Georgia","Oconee County",4,43,711,365,346
050,13,219,"Georgia","Oconee County",4,44,716,379,337
050,13,219,"Georgia","Oconee County",4,45,664,305,359
050,13,219,"Georgia","Oconee County",4,46,603,284,319
050,13,219,"Georgia","Oconee County",4,47,618,299,319
050,13,219,"Georgia","Oconee County",4,48,586,298,288
050,13,219,"Georgia","Oconee County",4,49,592,277,315
050,13,219,"Georgia","Oconee County",4,50,639,312,327
050,13,219,"Georgia","Oconee County",4,51,703,342,361
050,13,219,"Georgia","Oconee County",4,52,663,325,338
050,13,219,"Georgia","Oconee County",4,53,572,290,282
050,13,219,"Georgia","Oconee County",4,54,532,273,259
050,13,219,"Georgia","Oconee County",4,55,521,247,274
050,13,219,"Georgia","Oconee County",4,56,512,261,251
050,13,219,"Georgia","Oconee County",4,57,537,264,273
050,13,219,"Georgia","Oconee County",4,58,546,258,288
050,13,219,"Georgia","Oconee County",4,59,540,263,277
050,13,219,"Georgia","Oconee County",4,60,538,265,273
050,13,219,"Georgia","Oconee County",4,61,519,253,266
050,13,219,"Georgia","Oconee County",4,62,500,246,254
050,13,219,"Georgia","Oconee County",4,63,488,236,252
050,13,219,"Georgia","Oconee County",4,64,527,263,264
050,13,219,"Georgia","Oconee County",4,65,537,257,280
050,13,219,"Georgia","Oconee County",4,66,492,238,254
050,13,219,"Georgia","Oconee County",4,67,465,230,235
050,13,219,"Georgia","Oconee County",4,68,446,212,234
050,13,219,"Georgia","Oconee County",4,69,423,199,224
050,13,219,"Georgia","Oconee County",4,70,424,196,228
050,13,219,"Georgia","Oconee County",4,71,403,173,230
050,13,219,"Georgia","Oconee County",4,72,396,176,220
050,13,219,"Georgia","Oconee County",4,73,411,191,220
050,13,219,"Georgia","Oconee County",4,74,386,186,200
050,13,219,"Georgia","Oconee County",4,75,390,186,204
050,13,219,"Georgia","Oconee County",4,76,277,134,143
050,13,219,"Georgia","Oconee County",4,77,307,150,157
050,13,219,"Georgia","Oconee County",4,78,292,140,152
050,13,219,"Georgia","Oconee County",4,79,281,127,154
050,13,219,"Georgia","Oconee County",4,80,218,104,114
050,13,219,"Georgia","Oconee County",4,81,199,94,105
050,13,219,"Georgia","Oconee County",4,82,172,77,95
050,13,219,"Georgia","Oconee County",4,83,145,74,71
050,13,219,"Georgia","Oconee County",4,84,141,62,79
050,13,219,"Georgia","Oconee County",4,85,714,307,407
050,13,219,"Georgia","Oconee County",5,0,355,187,168
050,13,219,"Georgia","Oconee County",5,1,393,206,187
050,13,219,"Georgia","Oconee County",5,2,424,222,202
050,13,219,"Georgia","Oconee County",5,3,450,237,213
050,13,219,"Georgia","Oconee County",5,4,515,245,270
050,13,219,"Georgia","Oconee County",5,5,570,282,288
050,13,219,"Georgia","Oconee County",5,6,584,290,294
050,13,219,"Georgia","Oconee County",5,7,623,294,329
050,13,219,"Georgia","Oconee County",5,8,663,344,319
050,13,219,"Georgia","Oconee County",5,9,694,361,333
050,13,219,"Georgia","Oconee County",5,10,705,374,331
050,13,219,"Georgia","Oconee County",5,11,710,370,340
050,13,219,"Georgia","Oconee County",5,12,736,371,365
050,13,219,"Georgia","Oconee County",5,13,754,374,380
050,13,219,"Georgia","Oconee County",5,14,740,390,350
050,13,219,"Georgia","Oconee County",5,15,777,423,354
050,13,219,"Georgia","Oconee County",5,16,804,399,405
050,13,219,"Georgia","Oconee County",5,17,792,389,403
050,13,219,"Georgia","Oconee County",5,18,648,333,315
050,13,219,"Georgia","Oconee County",5,19,475,244,231
050,13,219,"Georgia","Oconee County",5,20,510,255,255
050,13,219,"Georgia","Oconee County",5,21,533,276,257
050,13,219,"Georgia","Oconee County",5,22,512,266,246
050,13,219,"Georgia","Oconee County",5,23,463,241,222
050,13,219,"Georgia","Oconee County",5,24,435,233,202
050,13,219,"Georgia","Oconee County",5,25,373,223,150
050,13,219,"Georgia","Oconee County",5,26,344,179,165
050,13,219,"Georgia","Oconee County",5,27,281,139,142
050,13,219,"Georgia","Oconee County",5,28,324,166,158
050,13,219,"Georgia","Oconee County",5,29,306,159,147
050,13,219,"Georgia","Oconee County",5,30,281,141,140
050,13,219,"Georgia","Oconee County",5,31,346,157,189
050,13,219,"Georgia","Oconee County",5,32,413,188,225
050,13,219,"Georgia","Oconee County",5,33,421,173,248
050,13,219,"Georgia","Oconee County",5,34,433,194,239
050,13,219,"Georgia","Oconee County",5,35,502,247,255
050,13,219,"Georgia","Oconee County",5,36,553,251,302
050,13,219,"Georgia","Oconee County",5,37,548,254,294
050,13,219,"Georgia","Oconee County",5,38,630,299,331
050,13,219,"Georgia","Oconee County",5,39,648,315,333
050,13,219,"Georgia","Oconee County",5,40,650,290,360
050,13,219,"Georgia","Oconee County",5,41,633,308,325
050,13,219,"Georgia","Oconee County",5,42,683,329,354
050,13,219,"Georgia","Oconee County",5,43,719,345,374
050,13,219,"Georgia","Oconee County",5,44,739,377,362
050,13,219,"Georgia","Oconee County",5,45,737,376,361
050,13,219,"Georgia","Oconee County",5,46,673,315,358
050,13,219,"Georgia","Oconee County",5,47,626,299,327
050,13,219,"Georgia","Oconee County",5,48,637,311,326
050,13,219,"Georgia","Oconee County",5,49,595,302,293
050,13,219,"Georgia","Oconee County",5,50,597,275,322
050,13,219,"Georgia","Oconee County",5,51,653,316,337
050,13,219,"Georgia","Oconee County",5,52,695,347,348
050,13,219,"Georgia","Oconee County",5,53,638,305,333
050,13,219,"Georgia","Oconee County",5,54,576,298,278
050,13,219,"Georgia","Oconee County",5,55,539,277,262
050,13,219,"Georgia","Oconee County",5,56,511,242,269
050,13,219,"Georgia","Oconee County",5,57,506,259,247
050,13,219,"Georgia","Oconee County",5,58,535,262,273
050,13,219,"Georgia","Oconee County",5,59,529,249,280
050,13,219,"Georgia","Oconee County",5,60,532,261,271
050,13,219,"Georgia","Oconee County",5,61,520,251,269
050,13,219,"Georgia","Oconee County",5,62,508,248,260
050,13,219,"Georgia","Oconee County",5,63,503,247,256
050,13,219,"Georgia","Oconee County",5,64,478,234,244
050,13,219,"Georgia","Oconee County",5,65,520,260,260
050,13,219,"Georgia","Oconee County",5,66,527,248,279
050,13,219,"Georgia","Oconee County",5,67,485,237,248
050,13,219,"Georgia","Oconee County",5,68,465,231,234
050,13,219,"Georgia","Oconee County",5,69,446,207,239
050,13,219,"Georgia","Oconee County",5,70,417,194,223
050,13,219,"Georgia","Oconee County",5,71,426,194,232
050,13,219,"Georgia","Oconee County",5,72,405,171,234
050,13,219,"Georgia","Oconee County",5,73,390,168,222
050,13,219,"Georgia","Oconee County",5,74,406,187,219
050,13,219,"Georgia","Oconee County",5,75,377,180,197
050,13,219,"Georgia","Oconee County",5,76,385,182,203
050,13,219,"Georgia","Oconee County",5,77,279,133,146
050,13,219,"Georgia","Oconee County",5,78,304,143,161
050,13,219,"Georgia","Oconee County",5,79,295,138,157
050,13,219,"Georgia","Oconee County",5,80,279,126,153
050,13,219,"Georgia","Oconee County",5,81,209,99,110
050,13,219,"Georgia","Oconee County",5,82,198,95,103
050,13,219,"Georgia","Oconee County",5,83,170,74,96
050,13,219,"Georgia","Oconee County",5,84,139,69,70
050,13,219,"Georgia","Oconee County",5,85,780,349,431
050,13,221,"Georgia","Oglethorpe County",1,0,146,73,73
050,13,221,"Georgia","Oglethorpe County",1,1,165,83,82
050,13,221,"Georgia","Oglethorpe County",1,2,165,95,70
050,13,221,"Georgia","Oglethorpe County",1,3,140,74,66
050,13,221,"Georgia","Oglethorpe County",1,4,177,85,92
050,13,221,"Georgia","Oglethorpe County",1,5,176,95,81
050,13,221,"Georgia","Oglethorpe County",1,6,177,87,90
050,13,221,"Georgia","Oglethorpe County",1,7,174,92,82
050,13,221,"Georgia","Oglethorpe County",1,8,169,93,76
050,13,221,"Georgia","Oglethorpe County",1,9,172,80,92
050,13,221,"Georgia","Oglethorpe County",1,10,180,89,91
050,13,221,"Georgia","Oglethorpe County",1,11,167,86,81
050,13,221,"Georgia","Oglethorpe County",1,12,180,88,92
050,13,221,"Georgia","Oglethorpe County",1,13,192,92,100
050,13,221,"Georgia","Oglethorpe County",1,14,196,104,92
050,13,221,"Georgia","Oglethorpe County",1,15,189,95,94
050,13,221,"Georgia","Oglethorpe County",1,16,175,86,89
050,13,221,"Georgia","Oglethorpe County",1,17,185,85,100
050,13,221,"Georgia","Oglethorpe County",1,18,171,98,73
050,13,221,"Georgia","Oglethorpe County",1,19,139,81,58
050,13,221,"Georgia","Oglethorpe County",1,20,142,75,67
050,13,221,"Georgia","Oglethorpe County",1,21,144,71,73
050,13,221,"Georgia","Oglethorpe County",1,22,156,86,70
050,13,221,"Georgia","Oglethorpe County",1,23,166,88,78
050,13,221,"Georgia","Oglethorpe County",1,24,164,94,70
050,13,221,"Georgia","Oglethorpe County",1,25,162,78,84
050,13,221,"Georgia","Oglethorpe County",1,26,165,68,97
050,13,221,"Georgia","Oglethorpe County",1,27,179,77,102
050,13,221,"Georgia","Oglethorpe County",1,28,202,112,90
050,13,221,"Georgia","Oglethorpe County",1,29,187,99,88
050,13,221,"Georgia","Oglethorpe County",1,30,188,99,89
050,13,221,"Georgia","Oglethorpe County",1,31,184,90,94
050,13,221,"Georgia","Oglethorpe County",1,32,174,89,85
050,13,221,"Georgia","Oglethorpe County",1,33,166,90,76
050,13,221,"Georgia","Oglethorpe County",1,34,187,87,100
050,13,221,"Georgia","Oglethorpe County",1,35,194,88,106
050,13,221,"Georgia","Oglethorpe County",1,36,181,87,94
050,13,221,"Georgia","Oglethorpe County",1,37,194,90,104
050,13,221,"Georgia","Oglethorpe County",1,38,196,108,88
050,13,221,"Georgia","Oglethorpe County",1,39,182,89,93
050,13,221,"Georgia","Oglethorpe County",1,40,175,86,89
050,13,221,"Georgia","Oglethorpe County",1,41,169,83,86
050,13,221,"Georgia","Oglethorpe County",1,42,154,80,74
050,13,221,"Georgia","Oglethorpe County",1,43,166,79,87
050,13,221,"Georgia","Oglethorpe County",1,44,167,80,87
050,13,221,"Georgia","Oglethorpe County",1,45,163,85,78
050,13,221,"Georgia","Oglethorpe County",1,46,174,92,82
050,13,221,"Georgia","Oglethorpe County",1,47,192,86,106
050,13,221,"Georgia","Oglethorpe County",1,48,223,107,116
050,13,221,"Georgia","Oglethorpe County",1,49,223,101,122
050,13,221,"Georgia","Oglethorpe County",1,50,208,91,117
050,13,221,"Georgia","Oglethorpe County",1,51,208,101,107
050,13,221,"Georgia","Oglethorpe County",1,52,207,108,99
050,13,221,"Georgia","Oglethorpe County",1,53,211,109,102
050,13,221,"Georgia","Oglethorpe County",1,54,211,118,93
050,13,221,"Georgia","Oglethorpe County",1,55,213,105,108
050,13,221,"Georgia","Oglethorpe County",1,56,229,118,111
050,13,221,"Georgia","Oglethorpe County",1,57,232,123,109
050,13,221,"Georgia","Oglethorpe County",1,58,218,105,113
050,13,221,"Georgia","Oglethorpe County",1,59,236,121,115
050,13,221,"Georgia","Oglethorpe County",1,60,228,122,106
050,13,221,"Georgia","Oglethorpe County",1,61,222,119,103
050,13,221,"Georgia","Oglethorpe County",1,62,234,116,118
050,13,221,"Georgia","Oglethorpe County",1,63,216,102,114
050,13,221,"Georgia","Oglethorpe County",1,64,189,86,103
050,13,221,"Georgia","Oglethorpe County",1,65,181,89,92
050,13,221,"Georgia","Oglethorpe County",1,66,192,99,93
050,13,221,"Georgia","Oglethorpe County",1,67,175,79,96
050,13,221,"Georgia","Oglethorpe County",1,68,179,87,92
050,13,221,"Georgia","Oglethorpe County",1,69,172,90,82
050,13,221,"Georgia","Oglethorpe County",1,70,176,89,87
050,13,221,"Georgia","Oglethorpe County",1,71,163,82,81
050,13,221,"Georgia","Oglethorpe County",1,72,175,89,86
050,13,221,"Georgia","Oglethorpe County",1,73,162,80,82
050,13,221,"Georgia","Oglethorpe County",1,74,121,55,66
050,13,221,"Georgia","Oglethorpe County",1,75,116,52,64
050,13,221,"Georgia","Oglethorpe County",1,76,116,52,64
050,13,221,"Georgia","Oglethorpe County",1,77,111,47,64
050,13,221,"Georgia","Oglethorpe County",1,78,100,46,54
050,13,221,"Georgia","Oglethorpe County",1,79,94,48,46
050,13,221,"Georgia","Oglethorpe County",1,80,87,33,54
050,13,221,"Georgia","Oglethorpe County",1,81,64,27,37
050,13,221,"Georgia","Oglethorpe County",1,82,65,31,34
050,13,221,"Georgia","Oglethorpe County",1,83,60,29,31
050,13,221,"Georgia","Oglethorpe County",1,84,52,21,31
050,13,221,"Georgia","Oglethorpe County",1,85,249,81,168
050,13,221,"Georgia","Oglethorpe County",2,0,152,77,75
050,13,221,"Georgia","Oglethorpe County",2,1,157,79,78
050,13,221,"Georgia","Oglethorpe County",2,2,164,91,73
050,13,221,"Georgia","Oglethorpe County",2,3,149,80,69
050,13,221,"Georgia","Oglethorpe County",2,4,169,84,85
050,13,221,"Georgia","Oglethorpe County",2,5,177,93,84
050,13,221,"Georgia","Oglethorpe County",2,6,177,88,89
050,13,221,"Georgia","Oglethorpe County",2,7,174,91,83
050,13,221,"Georgia","Oglethorpe County",2,8,171,93,78
050,13,221,"Georgia","Oglethorpe County",2,9,173,83,90
050,13,221,"Georgia","Oglethorpe County",2,10,178,87,91
050,13,221,"Georgia","Oglethorpe County",2,11,172,87,85
050,13,221,"Georgia","Oglethorpe County",2,12,178,88,90
050,13,221,"Georgia","Oglethorpe County",2,13,192,93,99
050,13,221,"Georgia","Oglethorpe County",2,14,195,100,95
050,13,221,"Georgia","Oglethorpe County",2,15,190,97,93
050,13,221,"Georgia","Oglethorpe County",2,16,179,88,91
050,13,221,"Georgia","Oglethorpe County",2,17,182,86,96
050,13,221,"Georgia","Oglethorpe County",2,18,167,91,76
050,13,221,"Georgia","Oglethorpe County",2,19,140,81,59
050,13,221,"Georgia","Oglethorpe County",2,20,144,78,66
050,13,221,"Georgia","Oglethorpe County",2,21,143,73,70
050,13,221,"Georgia","Oglethorpe County",2,22,154,83,71
050,13,221,"Georgia","Oglethorpe County",2,23,166,90,76
050,13,221,"Georgia","Oglethorpe County",2,24,164,92,72
050,13,221,"Georgia","Oglethorpe County",2,25,163,81,82
050,13,221,"Georgia","Oglethorpe County",2,26,166,70,96
050,13,221,"Georgia","Oglethorpe County",2,27,177,74,103
050,13,221,"Georgia","Oglethorpe County",2,28,199,104,95
050,13,221,"Georgia","Oglethorpe County",2,29,190,103,87
050,13,221,"Georgia","Oglethorpe County",2,30,188,99,89
050,13,221,"Georgia","Oglethorpe County",2,31,188,94,94
050,13,221,"Georgia","Oglethorpe County",2,32,176,90,86
050,13,221,"Georgia","Oglethorpe County",2,33,169,90,79
050,13,221,"Georgia","Oglethorpe County",2,34,184,89,95
050,13,221,"Georgia","Oglethorpe County",2,35,192,88,104
050,13,221,"Georgia","Oglethorpe County",2,36,185,87,98
050,13,221,"Georgia","Oglethorpe County",2,37,193,91,102
050,13,221,"Georgia","Oglethorpe County",2,38,199,105,94
050,13,221,"Georgia","Oglethorpe County",2,39,187,96,91
050,13,221,"Georgia","Oglethorpe County",2,40,182,90,92
050,13,221,"Georgia","Oglethorpe County",2,41,174,86,88
050,13,221,"Georgia","Oglethorpe County",2,42,157,80,77
050,13,221,"Georgia","Oglethorpe County",2,43,165,81,84
050,13,221,"Georgia","Oglethorpe County",2,44,168,82,86
050,13,221,"Georgia","Oglethorpe County",2,45,166,84,82
050,13,221,"Georgia","Oglethorpe County",2,46,173,91,82
050,13,221,"Georgia","Oglethorpe County",2,47,187,87,100
050,13,221,"Georgia","Oglethorpe County",2,48,215,102,113
050,13,221,"Georgia","Oglethorpe County",2,49,226,104,122
050,13,221,"Georgia","Oglethorpe County",2,50,213,94,119
050,13,221,"Georgia","Oglethorpe County",2,51,210,99,111
050,13,221,"Georgia","Oglethorpe County",2,52,208,106,102
050,13,221,"Georgia","Oglethorpe County",2,53,209,108,101
050,13,221,"Georgia","Oglethorpe County",2,54,211,116,95
050,13,221,"Georgia","Oglethorpe County",2,55,212,108,104
050,13,221,"Georgia","Oglethorpe County",2,56,225,115,110
050,13,221,"Georgia","Oglethorpe County",2,57,231,121,110
050,13,221,"Georgia","Oglethorpe County",2,58,225,110,115
050,13,221,"Georgia","Oglethorpe County",2,59,235,118,117
050,13,221,"Georgia","Oglethorpe County",2,60,231,122,109
050,13,221,"Georgia","Oglethorpe County",2,61,222,118,104
050,13,221,"Georgia","Oglethorpe County",2,62,228,115,113
050,13,221,"Georgia","Oglethorpe County",2,63,223,108,115
050,13,221,"Georgia","Oglethorpe County",2,64,194,89,105
050,13,221,"Georgia","Oglethorpe County",2,65,183,88,95
050,13,221,"Georgia","Oglethorpe County",2,66,192,98,94
050,13,221,"Georgia","Oglethorpe County",2,67,178,85,93
050,13,221,"Georgia","Oglethorpe County",2,68,174,82,92
050,13,221,"Georgia","Oglethorpe County",2,69,177,92,85
050,13,221,"Georgia","Oglethorpe County",2,70,175,89,86
050,13,221,"Georgia","Oglethorpe County",2,71,164,83,81
050,13,221,"Georgia","Oglethorpe County",2,72,169,86,83
050,13,221,"Georgia","Oglethorpe County",2,73,167,83,84
050,13,221,"Georgia","Oglethorpe County",2,74,121,56,65
050,13,221,"Georgia","Oglethorpe County",2,75,118,53,65
050,13,221,"Georgia","Oglethorpe County",2,76,111,49,62
050,13,221,"Georgia","Oglethorpe County",2,77,112,49,63
050,13,221,"Georgia","Oglethorpe County",2,78,100,46,54
050,13,221,"Georgia","Oglethorpe County",2,79,95,48,47
050,13,221,"Georgia","Oglethorpe County",2,80,87,35,52
050,13,221,"Georgia","Oglethorpe County",2,81,68,29,39
050,13,221,"Georgia","Oglethorpe County",2,82,67,31,36
050,13,221,"Georgia","Oglethorpe County",2,83,58,28,30
050,13,221,"Georgia","Oglethorpe County",2,84,52,22,30
050,13,221,"Georgia","Oglethorpe County",2,85,248,76,172
050,13,221,"Georgia","Oglethorpe County",3,0,158,83,75
050,13,221,"Georgia","Oglethorpe County",3,1,169,79,90
050,13,221,"Georgia","Oglethorpe County",3,2,167,85,82
050,13,221,"Georgia","Oglethorpe County",3,3,167,91,76
050,13,221,"Georgia","Oglethorpe County",3,4,157,83,74
050,13,221,"Georgia","Oglethorpe County",3,5,180,86,94
050,13,221,"Georgia","Oglethorpe County",3,6,186,94,92
050,13,221,"Georgia","Oglethorpe County",3,7,178,93,85
050,13,221,"Georgia","Oglethorpe County",3,8,175,91,84
050,13,221,"Georgia","Oglethorpe County",3,9,176,99,77
050,13,221,"Georgia","Oglethorpe County",3,10,188,88,100
050,13,221,"Georgia","Oglethorpe County",3,11,181,94,87
050,13,221,"Georgia","Oglethorpe County",3,12,177,83,94
050,13,221,"Georgia","Oglethorpe County",3,13,180,90,90
050,13,221,"Georgia","Oglethorpe County",3,14,199,95,104
050,13,221,"Georgia","Oglethorpe County",3,15,196,97,99
050,13,221,"Georgia","Oglethorpe County",3,16,197,98,99
050,13,221,"Georgia","Oglethorpe County",3,17,181,86,95
050,13,221,"Georgia","Oglethorpe County",3,18,172,91,81
050,13,221,"Georgia","Oglethorpe County",3,19,143,76,67
050,13,221,"Georgia","Oglethorpe County",3,20,145,86,59
050,13,221,"Georgia","Oglethorpe County",3,21,154,83,71
050,13,221,"Georgia","Oglethorpe County",3,22,142,70,72
050,13,221,"Georgia","Oglethorpe County",3,23,166,89,77
050,13,221,"Georgia","Oglethorpe County",3,24,166,88,78
050,13,221,"Georgia","Oglethorpe County",3,25,175,97,78
050,13,221,"Georgia","Oglethorpe County",3,26,168,78,90
050,13,221,"Georgia","Oglethorpe County",3,27,179,85,94
050,13,221,"Georgia","Oglethorpe County",3,28,187,82,105
050,13,221,"Georgia","Oglethorpe County",3,29,214,119,95
050,13,221,"Georgia","Oglethorpe County",3,30,199,100,99
050,13,221,"Georgia","Oglethorpe County",3,31,191,105,86
050,13,221,"Georgia","Oglethorpe County",3,32,188,92,96
050,13,221,"Georgia","Oglethorpe County",3,33,175,86,89
050,13,221,"Georgia","Oglethorpe County",3,34,187,101,86
050,13,221,"Georgia","Oglethorpe County",3,35,186,91,95
050,13,221,"Georgia","Oglethorpe County",3,36,189,86,103
050,13,221,"Georgia","Oglethorpe County",3,37,187,90,97
050,13,221,"Georgia","Oglethorpe County",3,38,199,93,106
050,13,221,"Georgia","Oglethorpe County",3,39,198,102,96
050,13,221,"Georgia","Oglethorpe County",3,40,190,102,88
050,13,221,"Georgia","Oglethorpe County",3,41,193,98,95
050,13,221,"Georgia","Oglethorpe County",3,42,177,90,87
050,13,221,"Georgia","Oglethorpe County",3,43,151,78,73
050,13,221,"Georgia","Oglethorpe County",3,44,180,89,91
050,13,221,"Georgia","Oglethorpe County",3,45,174,84,90
050,13,221,"Georgia","Oglethorpe County",3,46,168,88,80
050,13,221,"Georgia","Oglethorpe County",3,47,171,86,85
050,13,221,"Georgia","Oglethorpe County",3,48,195,92,103
050,13,221,"Georgia","Oglethorpe County",3,49,222,108,114
050,13,221,"Georgia","Oglethorpe County",3,50,216,100,116
050,13,221,"Georgia","Oglethorpe County",3,51,220,100,120
050,13,221,"Georgia","Oglethorpe County",3,52,214,104,110
050,13,221,"Georgia","Oglethorpe County",3,53,206,103,103
050,13,221,"Georgia","Oglethorpe County",3,54,209,103,106
050,13,221,"Georgia","Oglethorpe County",3,55,220,121,99
050,13,221,"Georgia","Oglethorpe County",3,56,206,104,102
050,13,221,"Georgia","Oglethorpe County",3,57,218,115,103
050,13,221,"Georgia","Oglethorpe County",3,58,236,122,114
050,13,221,"Georgia","Oglethorpe County",3,59,237,111,126
050,13,221,"Georgia","Oglethorpe County",3,60,239,122,117
050,13,221,"Georgia","Oglethorpe County",3,61,242,129,113
050,13,221,"Georgia","Oglethorpe County",3,62,221,117,104
050,13,221,"Georgia","Oglethorpe County",3,63,238,122,116
050,13,221,"Georgia","Oglethorpe County",3,64,222,108,114
050,13,221,"Georgia","Oglethorpe County",3,65,201,89,112
050,13,221,"Georgia","Oglethorpe County",3,66,182,87,95
050,13,221,"Georgia","Oglethorpe County",3,67,190,98,92
050,13,221,"Georgia","Oglethorpe County",3,68,176,82,94
050,13,221,"Georgia","Oglethorpe County",3,69,176,82,94
050,13,221,"Georgia","Oglethorpe County",3,70,175,88,87
050,13,221,"Georgia","Oglethorpe County",3,71,171,89,82
050,13,221,"Georgia","Oglethorpe County",3,72,160,85,75
050,13,221,"Georgia","Oglethorpe County",3,73,169,84,85
050,13,221,"Georgia","Oglethorpe County",3,74,161,78,83
050,13,221,"Georgia","Oglethorpe County",3,75,120,55,65
050,13,221,"Georgia","Oglethorpe County",3,76,112,50,62
050,13,221,"Georgia","Oglethorpe County",3,77,104,46,58
050,13,221,"Georgia","Oglethorpe County",3,78,109,45,64
050,13,221,"Georgia","Oglethorpe County",3,79,93,44,49
050,13,221,"Georgia","Oglethorpe County",3,80,85,43,42
050,13,221,"Georgia","Oglethorpe County",3,81,81,31,50
050,13,221,"Georgia","Oglethorpe County",3,82,61,26,35
050,13,221,"Georgia","Oglethorpe County",3,83,59,27,32
050,13,221,"Georgia","Oglethorpe County",3,84,54,24,30
050,13,221,"Georgia","Oglethorpe County",3,85,261,75,186
050,13,221,"Georgia","Oglethorpe County",4,0,179,101,78
050,13,221,"Georgia","Oglethorpe County",4,1,152,75,77
050,13,221,"Georgia","Oglethorpe County",4,2,182,81,101
050,13,221,"Georgia","Oglethorpe County",4,3,164,82,82
050,13,221,"Georgia","Oglethorpe County",4,4,187,102,85
050,13,221,"Georgia","Oglethorpe County",4,5,164,91,73
050,13,221,"Georgia","Oglethorpe County",4,6,197,102,95
050,13,221,"Georgia","Oglethorpe County",4,7,192,102,90
050,13,221,"Georgia","Oglethorpe County",4,8,194,96,98
050,13,221,"Georgia","Oglethorpe County",4,9,181,93,88
050,13,221,"Georgia","Oglethorpe County",4,10,188,107,81
050,13,221,"Georgia","Oglethorpe County",4,11,199,97,102
050,13,221,"Georgia","Oglethorpe County",4,12,196,99,97
050,13,221,"Georgia","Oglethorpe County",4,13,193,90,103
050,13,221,"Georgia","Oglethorpe County",4,14,188,98,90
050,13,221,"Georgia","Oglethorpe County",4,15,202,96,106
050,13,221,"Georgia","Oglethorpe County",4,16,202,100,102
050,13,221,"Georgia","Oglethorpe County",4,17,198,99,99
050,13,221,"Georgia","Oglethorpe County",4,18,164,79,85
050,13,221,"Georgia","Oglethorpe County",4,19,133,69,64
050,13,221,"Georgia","Oglethorpe County",4,20,147,79,68
050,13,221,"Georgia","Oglethorpe County",4,21,146,85,61
050,13,221,"Georgia","Oglethorpe County",4,22,163,87,76
050,13,221,"Georgia","Oglethorpe County",4,23,166,82,84
050,13,221,"Georgia","Oglethorpe County",4,24,157,82,75
050,13,221,"Georgia","Oglethorpe County",4,25,163,77,86
050,13,221,"Georgia","Oglethorpe County",4,26,181,99,82
050,13,221,"Georgia","Oglethorpe County",4,27,165,81,84
050,13,221,"Georgia","Oglethorpe County",4,28,184,79,105
050,13,221,"Georgia","Oglethorpe County",4,29,190,78,112
050,13,221,"Georgia","Oglethorpe County",4,30,218,123,95
050,13,221,"Georgia","Oglethorpe County",4,31,190,92,98
050,13,221,"Georgia","Oglethorpe County",4,32,185,88,97
050,13,221,"Georgia","Oglethorpe County",4,33,198,101,97
050,13,221,"Georgia","Oglethorpe County",4,34,189,94,95
050,13,221,"Georgia","Oglethorpe County",4,35,195,103,92
050,13,221,"Georgia","Oglethorpe County",4,36,201,97,104
050,13,221,"Georgia","Oglethorpe County",4,37,198,90,108
050,13,221,"Georgia","Oglethorpe County",4,38,190,90,100
050,13,221,"Georgia","Oglethorpe County",4,39,209,96,113
050,13,221,"Georgia","Oglethorpe County",4,40,217,117,100
050,13,221,"Georgia","Oglethorpe County",4,41,196,104,92
050,13,221,"Georgia","Oglethorpe County",4,42,196,98,98
050,13,221,"Georgia","Oglethorpe County",4,43,188,94,94
050,13,221,"Georgia","Oglethorpe County",4,44,160,83,77
050,13,221,"Georgia","Oglethorpe County",4,45,186,91,95
050,13,221,"Georgia","Oglethorpe County",4,46,174,83,91
050,13,221,"Georgia","Oglethorpe County",4,47,181,93,88
050,13,221,"Georgia","Oglethorpe County",4,48,184,99,85
050,13,221,"Georgia","Oglethorpe County",4,49,192,92,100
050,13,221,"Georgia","Oglethorpe County",4,50,219,106,113
050,13,221,"Georgia","Oglethorpe County",4,51,225,99,126
050,13,221,"Georgia","Oglethorpe County",4,52,223,104,119
050,13,221,"Georgia","Oglethorpe County",4,53,207,101,106
050,13,221,"Georgia","Oglethorpe County",4,54,213,105,108
050,13,221,"Georgia","Oglethorpe County",4,55,210,104,106
050,13,221,"Georgia","Oglethorpe County",4,56,221,121,100
050,13,221,"Georgia","Oglethorpe County",4,57,213,106,107
050,13,221,"Georgia","Oglethorpe County",4,58,228,119,109
050,13,221,"Georgia","Oglethorpe County",4,59,239,124,115
050,13,221,"Georgia","Oglethorpe County",4,60,237,111,126
050,13,221,"Georgia","Oglethorpe County",4,61,234,118,116
050,13,221,"Georgia","Oglethorpe County",4,62,242,129,113
050,13,221,"Georgia","Oglethorpe County",4,63,217,120,97
050,13,221,"Georgia","Oglethorpe County",4,64,230,123,107
050,13,221,"Georgia","Oglethorpe County",4,65,225,107,118
050,13,221,"Georgia","Oglethorpe County",4,66,208,93,115
050,13,221,"Georgia","Oglethorpe County",4,67,188,88,100
050,13,221,"Georgia","Oglethorpe County",4,68,188,93,95
050,13,221,"Georgia","Oglethorpe County",4,69,172,79,93
050,13,221,"Georgia","Oglethorpe County",4,70,166,72,94
050,13,221,"Georgia","Oglethorpe County",4,71,171,90,81
050,13,221,"Georgia","Oglethorpe County",4,72,166,88,78
050,13,221,"Georgia","Oglethorpe County",4,73,160,82,78
050,13,221,"Georgia","Oglethorpe County",4,74,156,76,80
050,13,221,"Georgia","Oglethorpe County",4,75,159,77,82
050,13,221,"Georgia","Oglethorpe County",4,76,121,56,65
050,13,221,"Georgia","Oglethorpe County",4,77,104,47,57
050,13,221,"Georgia","Oglethorpe County",4,78,104,44,60
050,13,221,"Georgia","Oglethorpe County",4,79,102,42,60
050,13,221,"Georgia","Oglethorpe County",4,80,86,40,46
050,13,221,"Georgia","Oglethorpe County",4,81,76,37,39
050,13,221,"Georgia","Oglethorpe County",4,82,77,30,47
050,13,221,"Georgia","Oglethorpe County",4,83,55,23,32
050,13,221,"Georgia","Oglethorpe County",4,84,60,29,31
050,13,221,"Georgia","Oglethorpe County",4,85,265,85,180
050,13,221,"Georgia","Oglethorpe County",5,0,162,91,71
050,13,221,"Georgia","Oglethorpe County",5,1,204,117,87
050,13,221,"Georgia","Oglethorpe County",5,2,158,75,83
050,13,221,"Georgia","Oglethorpe County",5,3,181,77,104
050,13,221,"Georgia","Oglethorpe County",5,4,184,93,91
050,13,221,"Georgia","Oglethorpe County",5,5,197,110,87
050,13,221,"Georgia","Oglethorpe County",5,6,173,93,80
050,13,221,"Georgia","Oglethorpe County",5,7,206,108,98
050,13,221,"Georgia","Oglethorpe County",5,8,185,105,80
050,13,221,"Georgia","Oglethorpe County",5,9,192,91,101
050,13,221,"Georgia","Oglethorpe County",5,10,176,93,83
050,13,221,"Georgia","Oglethorpe County",5,11,182,108,74
050,13,221,"Georgia","Oglethorpe County",5,12,203,97,106
050,13,221,"Georgia","Oglethorpe County",5,13,209,106,103
050,13,221,"Georgia","Oglethorpe County",5,14,193,89,104
050,13,221,"Georgia","Oglethorpe County",5,15,187,98,89
050,13,221,"Georgia","Oglethorpe County",5,16,194,93,101
050,13,221,"Georgia","Oglethorpe County",5,17,196,96,100
050,13,221,"Georgia","Oglethorpe County",5,18,174,91,83
050,13,221,"Georgia","Oglethorpe County",5,19,128,64,64
050,13,221,"Georgia","Oglethorpe County",5,20,139,71,68
050,13,221,"Georgia","Oglethorpe County",5,21,158,80,78
050,13,221,"Georgia","Oglethorpe County",5,22,168,92,76
050,13,221,"Georgia","Oglethorpe County",5,23,188,99,89
050,13,221,"Georgia","Oglethorpe County",5,24,174,88,86
050,13,221,"Georgia","Oglethorpe County",5,25,154,85,69
050,13,221,"Georgia","Oglethorpe County",5,26,170,91,79
050,13,221,"Georgia","Oglethorpe County",5,27,184,98,86
050,13,221,"Georgia","Oglethorpe County",5,28,174,81,93
050,13,221,"Georgia","Oglethorpe County",5,29,184,81,103
050,13,221,"Georgia","Oglethorpe County",5,30,187,85,102
050,13,221,"Georgia","Oglethorpe County",5,31,215,116,99
050,13,221,"Georgia","Oglethorpe County",5,32,196,96,100
050,13,221,"Georgia","Oglethorpe County",5,33,186,81,105
050,13,221,"Georgia","Oglethorpe County",5,34,209,101,108
050,13,221,"Georgia","Oglethorpe County",5,35,195,97,98
050,13,221,"Georgia","Oglethorpe County",5,36,196,104,92
050,13,221,"Georgia","Oglethorpe County",5,37,210,98,112
050,13,221,"Georgia","Oglethorpe County",5,38,209,97,112
050,13,221,"Georgia","Oglethorpe County",5,39,185,93,92
050,13,221,"Georgia","Oglethorpe County",5,40,222,97,125
050,13,221,"Georgia","Oglethorpe County",5,41,217,113,104
050,13,221,"Georgia","Oglethorpe County",5,42,191,99,92
050,13,221,"Georgia","Oglethorpe County",5,43,202,99,103
050,13,221,"Georgia","Oglethorpe County",5,44,198,100,98
050,13,221,"Georgia","Oglethorpe County",5,45,155,81,74
050,13,221,"Georgia","Oglethorpe County",5,46,193,98,95
050,13,221,"Georgia","Oglethorpe County",5,47,170,85,85
050,13,221,"Georgia","Oglethorpe County",5,48,193,96,97
050,13,221,"Georgia","Oglethorpe County",5,49,184,103,81
050,13,221,"Georgia","Oglethorpe County",5,50,194,92,102
050,13,221,"Georgia","Oglethorpe County",5,51,223,107,116
050,13,221,"Georgia","Oglethorpe County",5,52,231,101,130
050,13,221,"Georgia","Oglethorpe County",5,53,227,108,119
050,13,221,"Georgia","Oglethorpe County",5,54,209,102,107
050,13,221,"Georgia","Oglethorpe County",5,55,207,103,104
050,13,221,"Georgia","Oglethorpe County",5,56,209,103,106
050,13,221,"Georgia","Oglethorpe County",5,57,219,120,99
050,13,221,"Georgia","Oglethorpe County",5,58,217,109,108
050,13,221,"Georgia","Oglethorpe County",5,59,228,116,112
050,13,221,"Georgia","Oglethorpe County",5,60,231,122,109
050,13,221,"Georgia","Oglethorpe County",5,61,240,114,126
050,13,221,"Georgia","Oglethorpe County",5,62,223,113,110
050,13,221,"Georgia","Oglethorpe County",5,63,239,134,105
050,13,221,"Georgia","Oglethorpe County",5,64,219,121,98
050,13,221,"Georgia","Oglethorpe County",5,65,235,126,109
050,13,221,"Georgia","Oglethorpe County",5,66,228,107,121
050,13,221,"Georgia","Oglethorpe County",5,67,213,96,117
050,13,221,"Georgia","Oglethorpe County",5,68,186,85,101
050,13,221,"Georgia","Oglethorpe County",5,69,186,91,95
050,13,221,"Georgia","Oglethorpe County",5,70,173,78,95
050,13,221,"Georgia","Oglethorpe County",5,71,167,72,95
050,13,221,"Georgia","Oglethorpe County",5,72,164,89,75
050,13,221,"Georgia","Oglethorpe County",5,73,163,83,80
050,13,221,"Georgia","Oglethorpe County",5,74,147,73,74
050,13,221,"Georgia","Oglethorpe County",5,75,153,73,80
050,13,221,"Georgia","Oglethorpe County",5,76,162,77,85
050,13,221,"Georgia","Oglethorpe County",5,77,113,53,60
050,13,221,"Georgia","Oglethorpe County",5,78,101,45,56
050,13,221,"Georgia","Oglethorpe County",5,79,101,45,56
050,13,221,"Georgia","Oglethorpe County",5,80,93,35,58
050,13,221,"Georgia","Oglethorpe County",5,81,77,32,45
050,13,221,"Georgia","Oglethorpe County",5,82,70,36,34
050,13,221,"Georgia","Oglethorpe County",5,83,73,28,45
050,13,221,"Georgia","Oglethorpe County",5,84,57,24,33
050,13,221,"Georgia","Oglethorpe County",5,85,286,102,184
050,13,223,"Georgia","Paulding County",1,0,1833,936,897
050,13,223,"Georgia","Paulding County",1,1,2007,1005,1002
050,13,223,"Georgia","Paulding County",1,2,2137,1108,1029
050,13,223,"Georgia","Paulding County",1,3,2222,1124,1098
050,13,223,"Georgia","Paulding County",1,4,2281,1149,1132
050,13,223,"Georgia","Paulding County",1,5,2321,1175,1146
050,13,223,"Georgia","Paulding County",1,6,2326,1223,1103
050,13,223,"Georgia","Paulding County",1,7,2381,1227,1154
050,13,223,"Georgia","Paulding County",1,8,2361,1213,1148
050,13,223,"Georgia","Paulding County",1,9,2453,1249,1204
050,13,223,"Georgia","Paulding County",1,10,2496,1254,1242
050,13,223,"Georgia","Paulding County",1,11,2613,1314,1299
050,13,223,"Georgia","Paulding County",1,12,2792,1400,1392
050,13,223,"Georgia","Paulding County",1,13,2768,1399,1369
050,13,223,"Georgia","Paulding County",1,14,2731,1387,1344
050,13,223,"Georgia","Paulding County",1,15,2704,1359,1345
050,13,223,"Georgia","Paulding County",1,16,2692,1386,1306
050,13,223,"Georgia","Paulding County",1,17,2694,1392,1302
050,13,223,"Georgia","Paulding County",1,18,2299,1201,1098
050,13,223,"Georgia","Paulding County",1,19,1895,961,934
050,13,223,"Georgia","Paulding County",1,20,1920,989,931
050,13,223,"Georgia","Paulding County",1,21,1908,948,960
050,13,223,"Georgia","Paulding County",1,22,1955,955,1000
050,13,223,"Georgia","Paulding County",1,23,2042,1038,1004
050,13,223,"Georgia","Paulding County",1,24,2011,1008,1003
050,13,223,"Georgia","Paulding County",1,25,2068,1048,1020
050,13,223,"Georgia","Paulding County",1,26,2106,1080,1026
050,13,223,"Georgia","Paulding County",1,27,2236,1084,1152
050,13,223,"Georgia","Paulding County",1,28,2344,1114,1230
050,13,223,"Georgia","Paulding County",1,29,2431,1212,1219
050,13,223,"Georgia","Paulding County",1,30,2391,1173,1218
050,13,223,"Georgia","Paulding County",1,31,2357,1160,1197
050,13,223,"Georgia","Paulding County",1,32,2238,1107,1131
050,13,223,"Georgia","Paulding County",1,33,2306,1114,1192
050,13,223,"Georgia","Paulding County",1,34,2317,1125,1192
050,13,223,"Georgia","Paulding County",1,35,2348,1105,1243
050,13,223,"Georgia","Paulding County",1,36,2335,1124,1211
050,13,223,"Georgia","Paulding County",1,37,2413,1162,1251
050,13,223,"Georgia","Paulding County",1,38,2396,1155,1241
050,13,223,"Georgia","Paulding County",1,39,2505,1239,1266
050,13,223,"Georgia","Paulding County",1,40,2446,1216,1230
050,13,223,"Georgia","Paulding County",1,41,2324,1131,1193
050,13,223,"Georgia","Paulding County",1,42,2418,1161,1257
050,13,223,"Georgia","Paulding County",1,43,2371,1132,1239
050,13,223,"Georgia","Paulding County",1,44,2314,1112,1202
050,13,223,"Georgia","Paulding County",1,45,2473,1163,1310
050,13,223,"Georgia","Paulding County",1,46,2441,1200,1241
050,13,223,"Georgia","Paulding County",1,47,2514,1251,1263
050,13,223,"Georgia","Paulding County",1,48,2741,1341,1400
050,13,223,"Georgia","Paulding County",1,49,2881,1417,1464
050,13,223,"Georgia","Paulding County",1,50,2677,1318,1359
050,13,223,"Georgia","Paulding County",1,51,2546,1248,1298
050,13,223,"Georgia","Paulding County",1,52,2436,1228,1208
050,13,223,"Georgia","Paulding County",1,53,2478,1240,1238
050,13,223,"Georgia","Paulding County",1,54,2384,1197,1187
050,13,223,"Georgia","Paulding County",1,55,2411,1193,1218
050,13,223,"Georgia","Paulding County",1,56,2293,1147,1146
050,13,223,"Georgia","Paulding County",1,57,2232,1104,1128
050,13,223,"Georgia","Paulding County",1,58,2145,1083,1062
050,13,223,"Georgia","Paulding County",1,59,2050,1029,1021
050,13,223,"Georgia","Paulding County",1,60,1924,989,935
050,13,223,"Georgia","Paulding County",1,61,1890,903,987
050,13,223,"Georgia","Paulding County",1,62,1801,842,959
050,13,223,"Georgia","Paulding County",1,63,1771,857,914
050,13,223,"Georgia","Paulding County",1,64,1515,736,779
050,13,223,"Georgia","Paulding County",1,65,1462,721,741
050,13,223,"Georgia","Paulding County",1,66,1412,640,772
050,13,223,"Georgia","Paulding County",1,67,1317,591,726
050,13,223,"Georgia","Paulding County",1,68,1269,563,706
050,13,223,"Georgia","Paulding County",1,69,1214,530,684
050,13,223,"Georgia","Paulding County",1,70,1146,508,638
050,13,223,"Georgia","Paulding County",1,71,1147,500,647
050,13,223,"Georgia","Paulding County",1,72,1156,526,630
050,13,223,"Georgia","Paulding County",1,73,1136,507,629
050,13,223,"Georgia","Paulding County",1,74,808,347,461
050,13,223,"Georgia","Paulding County",1,75,769,357,412
050,13,223,"Georgia","Paulding County",1,76,734,321,413
050,13,223,"Georgia","Paulding County",1,77,684,295,389
050,13,223,"Georgia","Paulding County",1,78,582,243,339
050,13,223,"Georgia","Paulding County",1,79,532,227,305
050,13,223,"Georgia","Paulding County",1,80,475,208,267
050,13,223,"Georgia","Paulding County",1,81,431,166,265
050,13,223,"Georgia","Paulding County",1,82,379,155,224
050,13,223,"Georgia","Paulding County",1,83,296,115,181
050,13,223,"Georgia","Paulding County",1,84,277,103,174
050,13,223,"Georgia","Paulding County",1,85,1331,417,914
050,13,223,"Georgia","Paulding County",2,0,1870,939,931
050,13,223,"Georgia","Paulding County",2,1,1994,1004,990
050,13,223,"Georgia","Paulding County",2,2,2136,1102,1034
050,13,223,"Georgia","Paulding County",2,3,2218,1124,1094
050,13,223,"Georgia","Paulding County",2,4,2295,1159,1136
050,13,223,"Georgia","Paulding County",2,5,2333,1182,1151
050,13,223,"Georgia","Paulding County",2,6,2347,1225,1122
050,13,223,"Georgia","Paulding County",2,7,2382,1231,1151
050,13,223,"Georgia","Paulding County",2,8,2388,1228,1160
050,13,223,"Georgia","Paulding County",2,9,2449,1249,1200
050,13,223,"Georgia","Paulding County",2,10,2502,1262,1240
050,13,223,"Georgia","Paulding County",2,11,2597,1309,1288
050,13,223,"Georgia","Paulding County",2,12,2780,1396,1384
050,13,223,"Georgia","Paulding County",2,13,2783,1408,1375
050,13,223,"Georgia","Paulding County",2,14,2752,1396,1356
050,13,223,"Georgia","Paulding County",2,15,2723,1374,1349
050,13,223,"Georgia","Paulding County",2,16,2711,1389,1322
050,13,223,"Georgia","Paulding County",2,17,2697,1394,1303
050,13,223,"Georgia","Paulding County",2,18,2292,1199,1093
050,13,223,"Georgia","Paulding County",2,19,1908,973,935
050,13,223,"Georgia","Paulding County",2,20,1959,997,962
050,13,223,"Georgia","Paulding County",2,21,1922,959,963
050,13,223,"Georgia","Paulding County",2,22,1970,964,1006
050,13,223,"Georgia","Paulding County",2,23,2051,1030,1021
050,13,223,"Georgia","Paulding County",2,24,2034,1022,1012
050,13,223,"Georgia","Paulding County",2,25,2060,1042,1018
050,13,223,"Georgia","Paulding County",2,26,2104,1069,1035
050,13,223,"Georgia","Paulding County",2,27,2213,1076,1137
050,13,223,"Georgia","Paulding County",2,28,2340,1116,1224
050,13,223,"Georgia","Paulding County",2,29,2432,1195,1237
050,13,223,"Georgia","Paulding County",2,30,2437,1196,1241
050,13,223,"Georgia","Paulding County",2,31,2380,1169,1211
050,13,223,"Georgia","Paulding County",2,32,2281,1119,1162
050,13,223,"Georgia","Paulding County",2,33,2301,1120,1181
050,13,223,"Georgia","Paulding County",2,34,2333,1129,1204
050,13,223,"Georgia","Paulding County",2,35,2371,1126,1245
050,13,223,"Georgia","Paulding County",2,36,2346,1124,1222
050,13,223,"Georgia","Paulding County",2,37,2407,1156,1251
050,13,223,"Georgia","Paulding County",2,38,2426,1168,1258
050,13,223,"Georgia","Paulding County",2,39,2488,1225,1263
050,13,223,"Georgia","Paulding County",2,40,2486,1235,1251
050,13,223,"Georgia","Paulding County",2,41,2361,1153,1208
050,13,223,"Georgia","Paulding County",2,42,2392,1154,1238
050,13,223,"Georgia","Paulding County",2,43,2401,1147,1254
050,13,223,"Georgia","Paulding County",2,44,2314,1108,1206
050,13,223,"Georgia","Paulding County",2,45,2455,1160,1295
050,13,223,"Georgia","Paulding County",2,46,2441,1186,1255
050,13,223,"Georgia","Paulding County",2,47,2502,1241,1261
050,13,223,"Georgia","Paulding County",2,48,2687,1315,1372
050,13,223,"Georgia","Paulding County",2,49,2857,1400,1457
050,13,223,"Georgia","Paulding County",2,50,2730,1342,1388
050,13,223,"Georgia","Paulding County",2,51,2568,1263,1305
050,13,223,"Georgia","Paulding County",2,52,2454,1231,1223
050,13,223,"Georgia","Paulding County",2,53,2465,1238,1227
050,13,223,"Georgia","Paulding County",2,54,2407,1209,1198
050,13,223,"Georgia","Paulding County",2,55,2410,1196,1214
050,13,223,"Georgia","Paulding County",2,56,2338,1165,1173
050,13,223,"Georgia","Paulding County",2,57,2250,1116,1134
050,13,223,"Georgia","Paulding County",2,58,2167,1088,1079
050,13,223,"Georgia","Paulding County",2,59,2085,1050,1035
050,13,223,"Georgia","Paulding County",2,60,1956,998,958
050,13,223,"Georgia","Paulding County",2,61,1900,924,976
050,13,223,"Georgia","Paulding County",2,62,1826,859,967
050,13,223,"Georgia","Paulding County",2,63,1784,856,928
050,13,223,"Georgia","Paulding County",2,64,1564,760,804
050,13,223,"Georgia","Paulding County",2,65,1474,721,753
050,13,223,"Georgia","Paulding County",2,66,1423,655,768
050,13,223,"Georgia","Paulding County",2,67,1332,598,734
050,13,223,"Georgia","Paulding County",2,68,1273,564,709
050,13,223,"Georgia","Paulding County",2,69,1239,542,697
050,13,223,"Georgia","Paulding County",2,70,1170,516,654
050,13,223,"Georgia","Paulding County",2,71,1147,502,645
050,13,223,"Georgia","Paulding County",2,72,1127,507,620
050,13,223,"Georgia","Paulding County",2,73,1192,533,659
050,13,223,"Georgia","Paulding County",2,74,834,360,474
050,13,223,"Georgia","Paulding County",2,75,778,356,422
050,13,223,"Georgia","Paulding County",2,76,729,323,406
050,13,223,"Georgia","Paulding County",2,77,701,302,399
050,13,223,"Georgia","Paulding County",2,78,589,249,340
050,13,223,"Georgia","Paulding County",2,79,524,222,302
050,13,223,"Georgia","Paulding County",2,80,487,210,277
050,13,223,"Georgia","Paulding County",2,81,429,172,257
050,13,223,"Georgia","Paulding County",2,82,392,159,233
050,13,223,"Georgia","Paulding County",2,83,310,122,188
050,13,223,"Georgia","Paulding County",2,84,278,105,173
050,13,223,"Georgia","Paulding County",2,85,1340,422,918
050,13,223,"Georgia","Paulding County",3,0,1979,1013,966
050,13,223,"Georgia","Paulding County",3,1,1997,1028,969
050,13,223,"Georgia","Paulding County",3,2,2075,1059,1016
050,13,223,"Georgia","Paulding County",3,3,2231,1156,1075
050,13,223,"Georgia","Paulding County",3,4,2305,1162,1143
050,13,223,"Georgia","Paulding County",3,5,2406,1208,1198
050,13,223,"Georgia","Paulding County",3,6,2401,1238,1163
050,13,223,"Georgia","Paulding County",3,7,2392,1243,1149
050,13,223,"Georgia","Paulding County",3,8,2486,1275,1211
050,13,223,"Georgia","Paulding County",3,9,2509,1276,1233
050,13,223,"Georgia","Paulding County",3,10,2580,1315,1265
050,13,223,"Georgia","Paulding County",3,11,2599,1318,1281
050,13,223,"Georgia","Paulding County",3,12,2675,1351,1324
050,13,223,"Georgia","Paulding County",3,13,2898,1448,1450
050,13,223,"Georgia","Paulding County",3,14,2795,1401,1394
050,13,223,"Georgia","Paulding County",3,15,2803,1423,1380
050,13,223,"Georgia","Paulding County",3,16,2782,1377,1405
050,13,223,"Georgia","Paulding County",3,17,2753,1421,1332
050,13,223,"Georgia","Paulding County",3,18,2396,1266,1130
050,13,223,"Georgia","Paulding County",3,19,1921,994,927
050,13,223,"Georgia","Paulding County",3,20,2073,1038,1035
050,13,223,"Georgia","Paulding County",3,21,2063,1048,1015
050,13,223,"Georgia","Paulding County",3,22,2030,1003,1027
050,13,223,"Georgia","Paulding County",3,23,2071,1012,1059
050,13,223,"Georgia","Paulding County",3,24,2130,1046,1084
050,13,223,"Georgia","Paulding County",3,25,2075,1049,1026
050,13,223,"Georgia","Paulding County",3,26,2135,1060,1075
050,13,223,"Georgia","Paulding County",3,27,2251,1136,1115
050,13,223,"Georgia","Paulding County",3,28,2285,1120,1165
050,13,223,"Georgia","Paulding County",3,29,2465,1193,1272
050,13,223,"Georgia","Paulding County",3,30,2547,1250,1297
050,13,223,"Georgia","Paulding County",3,31,2607,1280,1327
050,13,223,"Georgia","Paulding County",3,32,2468,1216,1252
050,13,223,"Georgia","Paulding County",3,33,2342,1122,1220
050,13,223,"Georgia","Paulding County",3,34,2365,1139,1226
050,13,223,"Georgia","Paulding County",3,35,2424,1177,1247
050,13,223,"Georgia","Paulding County",3,36,2469,1168,1301
050,13,223,"Georgia","Paulding County",3,37,2456,1186,1270
050,13,223,"Georgia","Paulding County",3,38,2508,1210,1298
050,13,223,"Georgia","Paulding County",3,39,2499,1201,1298
050,13,223,"Georgia","Paulding County",3,40,2563,1277,1286
050,13,223,"Georgia","Paulding County",3,41,2550,1275,1275
050,13,223,"Georgia","Paulding County",3,42,2482,1217,1265
050,13,223,"Georgia","Paulding County",3,43,2476,1203,1273
050,13,223,"Georgia","Paulding County",3,44,2428,1158,1270
050,13,223,"Georgia","Paulding County",3,45,2368,1135,1233
050,13,223,"Georgia","Paulding County",3,46,2475,1152,1323
050,13,223,"Georgia","Paulding County",3,47,2492,1215,1277
050,13,223,"Georgia","Paulding County",3,48,2513,1247,1266
050,13,223,"Georgia","Paulding County",3,49,2702,1302,1400
050,13,223,"Georgia","Paulding County",3,50,2880,1406,1474
050,13,223,"Georgia","Paulding County",3,51,2658,1308,1350
050,13,223,"Georgia","Paulding County",3,52,2611,1283,1328
050,13,223,"Georgia","Paulding County",3,53,2456,1238,1218
050,13,223,"Georgia","Paulding County",3,54,2485,1227,1258
050,13,223,"Georgia","Paulding County",3,55,2379,1226,1153
050,13,223,"Georgia","Paulding County",3,56,2390,1178,1212
050,13,223,"Georgia","Paulding County",3,57,2350,1153,1197
050,13,223,"Georgia","Paulding County",3,58,2227,1108,1119
050,13,223,"Georgia","Paulding County",3,59,2192,1102,1090
050,13,223,"Georgia","Paulding County",3,60,2103,1065,1038
050,13,223,"Georgia","Paulding County",3,61,1909,959,950
050,13,223,"Georgia","Paulding County",3,62,1882,928,954
050,13,223,"Georgia","Paulding County",3,63,1825,845,980
050,13,223,"Georgia","Paulding County",3,64,1765,838,927
050,13,223,"Georgia","Paulding County",3,65,1576,761,815
050,13,223,"Georgia","Paulding County",3,66,1461,706,755
050,13,223,"Georgia","Paulding County",3,67,1394,644,750
050,13,223,"Georgia","Paulding County",3,68,1304,585,719
050,13,223,"Georgia","Paulding County",3,69,1266,556,710
050,13,223,"Georgia","Paulding County",3,70,1225,540,685
050,13,223,"Georgia","Paulding County",3,71,1153,511,642
050,13,223,"Georgia","Paulding County",3,72,1134,496,638
050,13,223,"Georgia","Paulding County",3,73,1106,502,604
050,13,223,"Georgia","Paulding County",3,74,1160,505,655
050,13,223,"Georgia","Paulding County",3,75,799,346,453
050,13,223,"Georgia","Paulding County",3,76,728,331,397
050,13,223,"Georgia","Paulding County",3,77,704,308,396
050,13,223,"Georgia","Paulding County",3,78,665,283,382
050,13,223,"Georgia","Paulding County",3,79,557,235,322
050,13,223,"Georgia","Paulding County",3,80,504,203,301
050,13,223,"Georgia","Paulding County",3,81,453,193,260
050,13,223,"Georgia","Paulding County",3,82,408,160,248
050,13,223,"Georgia","Paulding County",3,83,362,135,227
050,13,223,"Georgia","Paulding County",3,84,277,114,163
050,13,223,"Georgia","Paulding County",3,85,1346,426,920
050,13,223,"Georgia","Paulding County",4,0,2093,1085,1008
050,13,223,"Georgia","Paulding County",4,1,2097,1088,1009
050,13,223,"Georgia","Paulding County",4,2,2124,1076,1048
050,13,223,"Georgia","Paulding County",4,3,2203,1123,1080
050,13,223,"Georgia","Paulding County",4,4,2367,1245,1122
050,13,223,"Georgia","Paulding County",4,5,2347,1163,1184
050,13,223,"Georgia","Paulding County",4,6,2523,1269,1254
050,13,223,"Georgia","Paulding County",4,7,2511,1278,1233
050,13,223,"Georgia","Paulding County",4,8,2487,1276,1211
050,13,223,"Georgia","Paulding County",4,9,2620,1346,1274
050,13,223,"Georgia","Paulding County",4,10,2604,1342,1262
050,13,223,"Georgia","Paulding County",4,11,2688,1375,1313
050,13,223,"Georgia","Paulding County",4,12,2655,1346,1309
050,13,223,"Georgia","Paulding County",4,13,2760,1391,1369
050,13,223,"Georgia","Paulding County",4,14,2964,1482,1482
050,13,223,"Georgia","Paulding County",4,15,2920,1442,1478
050,13,223,"Georgia","Paulding County",4,16,2842,1448,1394
050,13,223,"Georgia","Paulding County",4,17,2825,1397,1428
050,13,223,"Georgia","Paulding County",4,18,2387,1277,1110
050,13,223,"Georgia","Paulding County",4,19,1971,1042,929
050,13,223,"Georgia","Paulding County",4,20,2056,1065,991
050,13,223,"Georgia","Paulding County",4,21,2184,1076,1108
050,13,223,"Georgia","Paulding County",4,22,2185,1103,1082
050,13,223,"Georgia","Paulding County",4,23,2177,1074,1103
050,13,223,"Georgia","Paulding County",4,24,2080,1027,1053
050,13,223,"Georgia","Paulding County",4,25,2174,1085,1089
050,13,223,"Georgia","Paulding County",4,26,2159,1058,1101
050,13,223,"Georgia","Paulding County",4,27,2211,1088,1123
050,13,223,"Georgia","Paulding County",4,28,2357,1183,1174
050,13,223,"Georgia","Paulding County",4,29,2419,1183,1236
050,13,223,"Georgia","Paulding County",4,30,2545,1204,1341
050,13,223,"Georgia","Paulding County",4,31,2641,1280,1361
050,13,223,"Georgia","Paulding County",4,32,2725,1347,1378
050,13,223,"Georgia","Paulding County",4,33,2596,1288,1308
050,13,223,"Georgia","Paulding County",4,34,2400,1142,1258
050,13,223,"Georgia","Paulding County",4,35,2425,1166,1259
050,13,223,"Georgia","Paulding County",4,36,2603,1284,1319
050,13,223,"Georgia","Paulding County",4,37,2559,1221,1338
050,13,223,"Georgia","Paulding County",4,38,2566,1261,1305
050,13,223,"Georgia","Paulding County",4,39,2656,1264,1392
050,13,223,"Georgia","Paulding County",4,40,2543,1211,1332
050,13,223,"Georgia","Paulding County",4,41,2582,1291,1291
050,13,223,"Georgia","Paulding County",4,42,2608,1300,1308
050,13,223,"Georgia","Paulding County",4,43,2557,1262,1295
050,13,223,"Georgia","Paulding County",4,44,2526,1218,1308
050,13,223,"Georgia","Paulding County",4,45,2440,1154,1286
050,13,223,"Georgia","Paulding County",4,46,2392,1136,1256
050,13,223,"Georgia","Paulding County",4,47,2488,1153,1335
050,13,223,"Georgia","Paulding County",4,48,2532,1229,1303
050,13,223,"Georgia","Paulding County",4,49,2530,1249,1281
050,13,223,"Georgia","Paulding County",4,50,2683,1290,1393
050,13,223,"Georgia","Paulding County",4,51,2874,1408,1466
050,13,223,"Georgia","Paulding County",4,52,2731,1348,1383
050,13,223,"Georgia","Paulding County",4,53,2581,1276,1305
050,13,223,"Georgia","Paulding County",4,54,2458,1244,1214
050,13,223,"Georgia","Paulding County",4,55,2491,1225,1266
050,13,223,"Georgia","Paulding County",4,56,2392,1220,1172
050,13,223,"Georgia","Paulding County",4,57,2416,1172,1244
050,13,223,"Georgia","Paulding County",4,58,2329,1150,1179
050,13,223,"Georgia","Paulding County",4,59,2186,1073,1113
050,13,223,"Georgia","Paulding County",4,60,2181,1075,1106
050,13,223,"Georgia","Paulding County",4,61,2068,1017,1051
050,13,223,"Georgia","Paulding County",4,62,1942,978,964
050,13,223,"Georgia","Paulding County",4,63,1848,902,946
050,13,223,"Georgia","Paulding County",4,64,1817,859,958
050,13,223,"Georgia","Paulding County",4,65,1749,835,914
050,13,223,"Georgia","Paulding County",4,66,1557,759,798
050,13,223,"Georgia","Paulding County",4,67,1446,691,755
050,13,223,"Georgia","Paulding County",4,68,1380,623,757
050,13,223,"Georgia","Paulding County",4,69,1290,572,718
050,13,223,"Georgia","Paulding County",4,70,1265,555,710
050,13,223,"Georgia","Paulding County",4,71,1217,535,682
050,13,223,"Georgia","Paulding County",4,72,1160,498,662
050,13,223,"Georgia","Paulding County",4,73,1118,494,624
050,13,223,"Georgia","Paulding County",4,74,1076,467,609
050,13,223,"Georgia","Paulding County",4,75,1136,492,644
050,13,223,"Georgia","Paulding County",4,76,783,339,444
050,13,223,"Georgia","Paulding County",4,77,718,323,395
050,13,223,"Georgia","Paulding County",4,78,674,282,392
050,13,223,"Georgia","Paulding County",4,79,671,296,375
050,13,223,"Georgia","Paulding County",4,80,553,222,331
050,13,223,"Georgia","Paulding County",4,81,462,190,272
050,13,223,"Georgia","Paulding County",4,82,444,193,251
050,13,223,"Georgia","Paulding County",4,83,388,146,242
050,13,223,"Georgia","Paulding County",4,84,330,123,207
050,13,223,"Georgia","Paulding County",4,85,1435,465,970
050,13,223,"Georgia","Paulding County",5,0,1990,1035,955
050,13,223,"Georgia","Paulding County",5,1,2249,1183,1066
050,13,223,"Georgia","Paulding County",5,2,2195,1127,1068
050,13,223,"Georgia","Paulding County",5,3,2220,1127,1093
050,13,223,"Georgia","Paulding County",5,4,2333,1207,1126
050,13,223,"Georgia","Paulding County",5,5,2428,1269,1159
050,13,223,"Georgia","Paulding County",5,6,2449,1193,1256
050,13,223,"Georgia","Paulding County",5,7,2594,1298,1296
050,13,223,"Georgia","Paulding County",5,8,2597,1306,1291
050,13,223,"Georgia","Paulding County",5,9,2573,1292,1281
050,13,223,"Georgia","Paulding County",5,10,2686,1369,1317
050,13,223,"Georgia","Paulding County",5,11,2639,1346,1293
050,13,223,"Georgia","Paulding County",5,12,2784,1434,1350
050,13,223,"Georgia","Paulding County",5,13,2745,1387,1358
050,13,223,"Georgia","Paulding County",5,14,2862,1448,1414
050,13,223,"Georgia","Paulding County",5,15,2987,1467,1520
050,13,223,"Georgia","Paulding County",5,16,2971,1472,1499
050,13,223,"Georgia","Paulding County",5,17,2864,1463,1401
050,13,223,"Georgia","Paulding County",5,18,2453,1267,1186
050,13,223,"Georgia","Paulding County",5,19,1973,1054,919
050,13,223,"Georgia","Paulding County",5,20,2120,1113,1007
050,13,223,"Georgia","Paulding County",5,21,2186,1104,1082
050,13,223,"Georgia","Paulding County",5,22,2276,1128,1148
050,13,223,"Georgia","Paulding County",5,23,2250,1135,1115
050,13,223,"Georgia","Paulding County",5,24,2200,1086,1114
050,13,223,"Georgia","Paulding County",5,25,2153,1065,1088
050,13,223,"Georgia","Paulding County",5,26,2236,1109,1127
050,13,223,"Georgia","Paulding County",5,27,2164,1046,1118
050,13,223,"Georgia","Paulding County",5,28,2314,1146,1168
050,13,223,"Georgia","Paulding County",5,29,2505,1221,1284
050,13,223,"Georgia","Paulding County",5,30,2518,1254,1264
050,13,223,"Georgia","Paulding County",5,31,2627,1257,1370
050,13,223,"Georgia","Paulding County",5,32,2720,1286,1434
050,13,223,"Georgia","Paulding County",5,33,2812,1394,1418
050,13,223,"Georgia","Paulding County",5,34,2737,1348,1389
050,13,223,"Georgia","Paulding County",5,35,2529,1224,1305
050,13,223,"Georgia","Paulding County",5,36,2548,1228,1320
050,13,223,"Georgia","Paulding County",5,37,2743,1369,1374
050,13,223,"Georgia","Paulding County",5,38,2653,1273,1380
050,13,223,"Georgia","Paulding County",5,39,2720,1338,1382
050,13,223,"Georgia","Paulding County",5,40,2747,1318,1429
050,13,223,"Georgia","Paulding County",5,41,2640,1237,1403
050,13,223,"Georgia","Paulding County",5,42,2627,1302,1325
050,13,223,"Georgia","Paulding County",5,43,2707,1332,1375
050,13,223,"Georgia","Paulding County",5,44,2623,1320,1303
050,13,223,"Georgia","Paulding County",5,45,2529,1228,1301
050,13,223,"Georgia","Paulding County",5,46,2421,1131,1290
050,13,223,"Georgia","Paulding County",5,47,2415,1157,1258
050,13,223,"Georgia","Paulding County",5,48,2484,1142,1342
050,13,223,"Georgia","Paulding County",5,49,2550,1216,1334
050,13,223,"Georgia","Paulding County",5,50,2555,1247,1308
050,13,223,"Georgia","Paulding County",5,51,2732,1312,1420
050,13,223,"Georgia","Paulding County",5,52,2870,1395,1475
050,13,223,"Georgia","Paulding County",5,53,2699,1323,1376
050,13,223,"Georgia","Paulding County",5,54,2553,1249,1304
050,13,223,"Georgia","Paulding County",5,55,2439,1238,1201
050,13,223,"Georgia","Paulding County",5,56,2496,1228,1268
050,13,223,"Georgia","Paulding County",5,57,2397,1223,1174
050,13,223,"Georgia","Paulding County",5,58,2428,1192,1236
050,13,223,"Georgia","Paulding County",5,59,2308,1123,1185
050,13,223,"Georgia","Paulding County",5,60,2181,1072,1109
050,13,223,"Georgia","Paulding County",5,61,2223,1092,1131
050,13,223,"Georgia","Paulding County",5,62,2028,1013,1015
050,13,223,"Georgia","Paulding County",5,63,1934,971,963
050,13,223,"Georgia","Paulding County",5,64,1841,898,943
050,13,223,"Georgia","Paulding County",5,65,1807,843,964
050,13,223,"Georgia","Paulding County",5,66,1754,844,910
050,13,223,"Georgia","Paulding County",5,67,1536,744,792
050,13,223,"Georgia","Paulding County",5,68,1430,666,764
050,13,223,"Georgia","Paulding County",5,69,1394,629,765
050,13,223,"Georgia","Paulding County",5,70,1296,578,718
050,13,223,"Georgia","Paulding County",5,71,1251,552,699
050,13,223,"Georgia","Paulding County",5,72,1194,522,672
050,13,223,"Georgia","Paulding County",5,73,1162,489,673
050,13,223,"Georgia","Paulding County",5,74,1085,465,620
050,13,223,"Georgia","Paulding County",5,75,1044,446,598
050,13,223,"Georgia","Paulding County",5,76,1115,476,639
050,13,223,"Georgia","Paulding County",5,77,764,328,436
050,13,223,"Georgia","Paulding County",5,78,692,304,388
050,13,223,"Georgia","Paulding County",5,79,650,276,374
050,13,223,"Georgia","Paulding County",5,80,647,274,373
050,13,223,"Georgia","Paulding County",5,81,515,204,311
050,13,223,"Georgia","Paulding County",5,82,464,189,275
050,13,223,"Georgia","Paulding County",5,83,407,171,236
050,13,223,"Georgia","Paulding County",5,84,352,132,220
050,13,223,"Georgia","Paulding County",5,85,1575,520,1055
050,13,225,"Georgia","Peach County",1,0,324,166,158
050,13,225,"Georgia","Peach County",1,1,310,171,139
050,13,225,"Georgia","Peach County",1,2,337,172,165
050,13,225,"Georgia","Peach County",1,3,308,156,152
050,13,225,"Georgia","Peach County",1,4,303,149,154
050,13,225,"Georgia","Peach County",1,5,334,164,170
050,13,225,"Georgia","Peach County",1,6,333,151,182
050,13,225,"Georgia","Peach County",1,7,303,149,154
050,13,225,"Georgia","Peach County",1,8,305,153,152
050,13,225,"Georgia","Peach County",1,9,313,163,150
050,13,225,"Georgia","Peach County",1,10,364,193,171
050,13,225,"Georgia","Peach County",1,11,355,191,164
050,13,225,"Georgia","Peach County",1,12,339,166,173
050,13,225,"Georgia","Peach County",1,13,364,185,179
050,13,225,"Georgia","Peach County",1,14,339,173,166
050,13,225,"Georgia","Peach County",1,15,307,155,152
050,13,225,"Georgia","Peach County",1,16,323,162,161
050,13,225,"Georgia","Peach County",1,17,338,181,157
050,13,225,"Georgia","Peach County",1,18,619,287,332
050,13,225,"Georgia","Peach County",1,19,813,342,471
050,13,225,"Georgia","Peach County",1,20,644,326,318
050,13,225,"Georgia","Peach County",1,21,536,257,279
050,13,225,"Georgia","Peach County",1,22,442,226,216
050,13,225,"Georgia","Peach County",1,23,419,212,207
050,13,225,"Georgia","Peach County",1,24,373,190,183
050,13,225,"Georgia","Peach County",1,25,357,180,177
050,13,225,"Georgia","Peach County",1,26,339,170,169
050,13,225,"Georgia","Peach County",1,27,346,168,178
050,13,225,"Georgia","Peach County",1,28,321,158,163
050,13,225,"Georgia","Peach County",1,29,340,157,183
050,13,225,"Georgia","Peach County",1,30,382,190,192
050,13,225,"Georgia","Peach County",1,31,328,171,157
050,13,225,"Georgia","Peach County",1,32,318,173,145
050,13,225,"Georgia","Peach County",1,33,327,153,174
050,13,225,"Georgia","Peach County",1,34,320,162,158
050,13,225,"Georgia","Peach County",1,35,322,163,159
050,13,225,"Georgia","Peach County",1,36,337,157,180
050,13,225,"Georgia","Peach County",1,37,333,165,168
050,13,225,"Georgia","Peach County",1,38,324,159,165
050,13,225,"Georgia","Peach County",1,39,347,174,173
050,13,225,"Georgia","Peach County",1,40,336,166,170
050,13,225,"Georgia","Peach County",1,41,293,135,158
050,13,225,"Georgia","Peach County",1,42,263,120,143
050,13,225,"Georgia","Peach County",1,43,267,133,134
050,13,225,"Georgia","Peach County",1,44,286,135,151
050,13,225,"Georgia","Peach County",1,45,297,143,154
050,13,225,"Georgia","Peach County",1,46,277,132,145
050,13,225,"Georgia","Peach County",1,47,298,149,149
050,13,225,"Georgia","Peach County",1,48,344,176,168
050,13,225,"Georgia","Peach County",1,49,344,159,185
050,13,225,"Georgia","Peach County",1,50,330,151,179
050,13,225,"Georgia","Peach County",1,51,328,163,165
050,13,225,"Georgia","Peach County",1,52,315,145,170
050,13,225,"Georgia","Peach County",1,53,337,166,171
050,13,225,"Georgia","Peach County",1,54,378,184,194
050,13,225,"Georgia","Peach County",1,55,393,187,206
050,13,225,"Georgia","Peach County",1,56,394,191,203
050,13,225,"Georgia","Peach County",1,57,411,194,217
050,13,225,"Georgia","Peach County",1,58,451,225,226
050,13,225,"Georgia","Peach County",1,59,404,201,203
050,13,225,"Georgia","Peach County",1,60,400,209,191
050,13,225,"Georgia","Peach County",1,61,387,202,185
050,13,225,"Georgia","Peach County",1,62,381,193,188
050,13,225,"Georgia","Peach County",1,63,364,175,189
050,13,225,"Georgia","Peach County",1,64,356,159,197
050,13,225,"Georgia","Peach County",1,65,324,166,158
050,13,225,"Georgia","Peach County",1,66,325,147,178
050,13,225,"Georgia","Peach County",1,67,312,142,170
050,13,225,"Georgia","Peach County",1,68,302,139,163
050,13,225,"Georgia","Peach County",1,69,291,126,165
050,13,225,"Georgia","Peach County",1,70,273,117,156
050,13,225,"Georgia","Peach County",1,71,282,138,144
050,13,225,"Georgia","Peach County",1,72,285,132,153
050,13,225,"Georgia","Peach County",1,73,263,123,140
050,13,225,"Georgia","Peach County",1,74,171,68,103
050,13,225,"Georgia","Peach County",1,75,175,78,97
050,13,225,"Georgia","Peach County",1,76,158,66,92
050,13,225,"Georgia","Peach County",1,77,174,86,88
050,13,225,"Georgia","Peach County",1,78,163,74,89
050,13,225,"Georgia","Peach County",1,79,141,64,77
050,13,225,"Georgia","Peach County",1,80,129,55,74
050,13,225,"Georgia","Peach County",1,81,116,36,80
050,13,225,"Georgia","Peach County",1,82,100,29,71
050,13,225,"Georgia","Peach County",1,83,86,31,55
050,13,225,"Georgia","Peach County",1,84,84,20,64
050,13,225,"Georgia","Peach County",1,85,412,128,284
050,13,225,"Georgia","Peach County",2,0,321,170,151
050,13,225,"Georgia","Peach County",2,1,311,169,142
050,13,225,"Georgia","Peach County",2,2,330,170,160
050,13,225,"Georgia","Peach County",2,3,316,160,156
050,13,225,"Georgia","Peach County",2,4,305,152,153
050,13,225,"Georgia","Peach County",2,5,326,160,166
050,13,225,"Georgia","Peach County",2,6,333,155,178
050,13,225,"Georgia","Peach County",2,7,312,150,162
050,13,225,"Georgia","Peach County",2,8,306,153,153
050,13,225,"Georgia","Peach County",2,9,317,163,154
050,13,225,"Georgia","Peach County",2,10,354,188,166
050,13,225,"Georgia","Peach County",2,11,355,190,165
050,13,225,"Georgia","Peach County",2,12,346,174,172
050,13,225,"Georgia","Peach County",2,13,358,181,177
050,13,225,"Georgia","Peach County",2,14,348,177,171
050,13,225,"Georgia","Peach County",2,15,315,160,155
050,13,225,"Georgia","Peach County",2,16,322,163,159
050,13,225,"Georgia","Peach County",2,17,339,177,162
050,13,225,"Georgia","Peach County",2,18,611,283,328
050,13,225,"Georgia","Peach County",2,19,813,343,470
050,13,225,"Georgia","Peach County",2,20,652,327,325
050,13,225,"Georgia","Peach County",2,21,530,254,276
050,13,225,"Georgia","Peach County",2,22,445,229,216
050,13,225,"Georgia","Peach County",2,23,420,214,206
050,13,225,"Georgia","Peach County",2,24,371,188,183
050,13,225,"Georgia","Peach County",2,25,354,178,176
050,13,225,"Georgia","Peach County",2,26,344,173,171
050,13,225,"Georgia","Peach County",2,27,338,165,173
050,13,225,"Georgia","Peach County",2,28,326,160,166
050,13,225,"Georgia","Peach County",2,29,339,160,179
050,13,225,"Georgia","Peach County",2,30,375,183,192
050,13,225,"Georgia","Peach County",2,31,339,175,164
050,13,225,"Georgia","Peach County",2,32,322,173,149
050,13,225,"Georgia","Peach County",2,33,325,158,167
050,13,225,"Georgia","Peach County",2,34,322,160,162
050,13,225,"Georgia","Peach County",2,35,323,164,159
050,13,225,"Georgia","Peach County",2,36,332,159,173
050,13,225,"Georgia","Peach County",2,37,334,164,170
050,13,225,"Georgia","Peach County",2,38,331,163,168
050,13,225,"Georgia","Peach County",2,39,343,172,171
050,13,225,"Georgia","Peach County",2,40,342,168,174
050,13,225,"Georgia","Peach County",2,41,301,138,163
050,13,225,"Georgia","Peach County",2,42,268,123,145
050,13,225,"Georgia","Peach County",2,43,267,129,138
050,13,225,"Georgia","Peach County",2,44,279,134,145
050,13,225,"Georgia","Peach County",2,45,297,141,156
050,13,225,"Georgia","Peach County",2,46,283,135,148
050,13,225,"Georgia","Peach County",2,47,294,147,147
050,13,225,"Georgia","Peach County",2,48,336,170,166
050,13,225,"Georgia","Peach County",2,49,347,164,183
050,13,225,"Georgia","Peach County",2,50,338,156,182
050,13,225,"Georgia","Peach County",2,51,328,160,168
050,13,225,"Georgia","Peach County",2,52,319,150,169
050,13,225,"Georgia","Peach County",2,53,332,159,173
050,13,225,"Georgia","Peach County",2,54,369,180,189
050,13,225,"Georgia","Peach County",2,55,392,188,204
050,13,225,"Georgia","Peach County",2,56,398,192,206
050,13,225,"Georgia","Peach County",2,57,408,193,215
050,13,225,"Georgia","Peach County",2,58,443,219,224
050,13,225,"Georgia","Peach County",2,59,415,207,208
050,13,225,"Georgia","Peach County",2,60,400,209,191
050,13,225,"Georgia","Peach County",2,61,387,202,185
050,13,225,"Georgia","Peach County",2,62,383,197,186
050,13,225,"Georgia","Peach County",2,63,368,178,190
050,13,225,"Georgia","Peach County",2,64,354,162,192
050,13,225,"Georgia","Peach County",2,65,326,160,166
050,13,225,"Georgia","Peach County",2,66,322,151,171
050,13,225,"Georgia","Peach County",2,67,314,142,172
050,13,225,"Georgia","Peach County",2,68,301,137,164
050,13,225,"Georgia","Peach County",2,69,293,129,164
050,13,225,"Georgia","Peach County",2,70,276,118,158
050,13,225,"Georgia","Peach County",2,71,279,132,147
050,13,225,"Georgia","Peach County",2,72,278,129,149
050,13,225,"Georgia","Peach County",2,73,279,131,148
050,13,225,"Georgia","Peach County",2,74,181,77,104
050,13,225,"Georgia","Peach County",2,75,174,76,98
050,13,225,"Georgia","Peach County",2,76,158,68,90
050,13,225,"Georgia","Peach County",2,77,173,81,92
050,13,225,"Georgia","Peach County",2,78,159,74,85
050,13,225,"Georgia","Peach County",2,79,144,64,80
050,13,225,"Georgia","Peach County",2,80,129,57,72
050,13,225,"Georgia","Peach County",2,81,118,40,78
050,13,225,"Georgia","Peach County",2,82,101,29,72
050,13,225,"Georgia","Peach County",2,83,86,30,56
050,13,225,"Georgia","Peach County",2,84,80,20,60
050,13,225,"Georgia","Peach County",2,85,414,126,288
050,13,225,"Georgia","Peach County",3,0,284,129,155
050,13,225,"Georgia","Peach County",3,1,321,154,167
050,13,225,"Georgia","Peach County",3,2,327,177,150
050,13,225,"Georgia","Peach County",3,3,339,171,168
050,13,225,"Georgia","Peach County",3,4,308,152,156
050,13,225,"Georgia","Peach County",3,5,317,162,155
050,13,225,"Georgia","Peach County",3,6,315,161,154
050,13,225,"Georgia","Peach County",3,7,328,151,177
050,13,225,"Georgia","Peach County",3,8,307,145,162
050,13,225,"Georgia","Peach County",3,9,301,152,149
050,13,225,"Georgia","Peach County",3,10,315,166,149
050,13,225,"Georgia","Peach County",3,11,342,180,162
050,13,225,"Georgia","Peach County",3,12,370,198,172
050,13,225,"Georgia","Peach County",3,13,358,184,174
050,13,225,"Georgia","Peach County",3,14,368,187,181
050,13,225,"Georgia","Peach County",3,15,357,184,173
050,13,225,"Georgia","Peach County",3,16,328,172,156
050,13,225,"Georgia","Peach County",3,17,332,172,160
050,13,225,"Georgia","Peach County",3,18,561,264,297
050,13,225,"Georgia","Peach County",3,19,810,354,456
050,13,225,"Georgia","Peach County",3,20,650,325,325
050,13,225,"Georgia","Peach County",3,21,550,270,280
050,13,225,"Georgia","Peach County",3,22,454,251,203
050,13,225,"Georgia","Peach County",3,23,428,203,225
050,13,225,"Georgia","Peach County",3,24,377,197,180
050,13,225,"Georgia","Peach County",3,25,342,177,165
050,13,225,"Georgia","Peach County",3,26,351,178,173
050,13,225,"Georgia","Peach County",3,27,325,159,166
050,13,225,"Georgia","Peach County",3,28,332,155,177
050,13,225,"Georgia","Peach County",3,29,331,161,170
050,13,225,"Georgia","Peach County",3,30,335,156,179
050,13,225,"Georgia","Peach County",3,31,385,187,198
050,13,225,"Georgia","Peach County",3,32,359,184,175
050,13,225,"Georgia","Peach County",3,33,317,167,150
050,13,225,"Georgia","Peach County",3,34,333,166,167
050,13,225,"Georgia","Peach County",3,35,326,160,166
050,13,225,"Georgia","Peach County",3,36,338,168,170
050,13,225,"Georgia","Peach County",3,37,340,156,184
050,13,225,"Georgia","Peach County",3,38,341,171,170
050,13,225,"Georgia","Peach County",3,39,330,162,168
050,13,225,"Georgia","Peach County",3,40,334,171,163
050,13,225,"Georgia","Peach County",3,41,356,164,192
050,13,225,"Georgia","Peach County",3,42,309,153,156
050,13,225,"Georgia","Peach County",3,43,281,127,154
050,13,225,"Georgia","Peach County",3,44,268,134,134
050,13,225,"Georgia","Peach County",3,45,281,127,154
050,13,225,"Georgia","Peach County",3,46,318,156,162
050,13,225,"Georgia","Peach County",3,47,297,140,157
050,13,225,"Georgia","Peach County",3,48,301,143,158
050,13,225,"Georgia","Peach County",3,49,328,171,157
050,13,225,"Georgia","Peach County",3,50,345,163,182
050,13,225,"Georgia","Peach County",3,51,341,163,178
050,13,225,"Georgia","Peach County",3,52,321,150,171
050,13,225,"Georgia","Peach County",3,53,308,145,163
050,13,225,"Georgia","Peach County",3,54,326,150,176
050,13,225,"Georgia","Peach County",3,55,376,190,186
050,13,225,"Georgia","Peach County",3,56,392,184,208
050,13,225,"Georgia","Peach County",3,57,394,190,204
050,13,225,"Georgia","Peach County",3,58,422,204,218
050,13,225,"Georgia","Peach County",3,59,438,219,219
050,13,225,"Georgia","Peach County",3,60,399,201,198
050,13,225,"Georgia","Peach County",3,61,409,214,195
050,13,225,"Georgia","Peach County",3,62,388,200,188
050,13,225,"Georgia","Peach County",3,63,373,192,181
050,13,225,"Georgia","Peach County",3,64,370,176,194
050,13,225,"Georgia","Peach County",3,65,354,168,186
050,13,225,"Georgia","Peach County",3,66,317,156,161
050,13,225,"Georgia","Peach County",3,67,316,142,174
050,13,225,"Georgia","Peach County",3,68,306,135,171
050,13,225,"Georgia","Peach County",3,69,294,128,166
050,13,225,"Georgia","Peach County",3,70,284,125,159
050,13,225,"Georgia","Peach County",3,71,267,113,154
050,13,225,"Georgia","Peach County",3,72,277,131,146
050,13,225,"Georgia","Peach County",3,73,270,123,147
050,13,225,"Georgia","Peach County",3,74,278,133,145
050,13,225,"Georgia","Peach County",3,75,177,74,103
050,13,225,"Georgia","Peach County",3,76,169,72,97
050,13,225,"Georgia","Peach County",3,77,149,63,86
050,13,225,"Georgia","Peach County",3,78,164,73,91
050,13,225,"Georgia","Peach County",3,79,155,73,82
050,13,225,"Georgia","Peach County",3,80,131,57,74
050,13,225,"Georgia","Peach County",3,81,129,54,75
050,13,225,"Georgia","Peach County",3,82,106,34,72
050,13,225,"Georgia","Peach County",3,83,91,27,64
050,13,225,"Georgia","Peach County",3,84,83,26,57
050,13,225,"Georgia","Peach County",3,85,421,122,299
050,13,225,"Georgia","Peach County",4,0,270,124,146
050,13,225,"Georgia","Peach County",4,1,275,129,146
050,13,225,"Georgia","Peach County",4,2,330,154,176
050,13,225,"Georgia","Peach County",4,3,299,161,138
050,13,225,"Georgia","Peach County",4,4,334,170,164
050,13,225,"Georgia","Peach County",4,5,306,142,164
050,13,225,"Georgia","Peach County",4,6,307,151,156
050,13,225,"Georgia","Peach County",4,7,337,175,162
050,13,225,"Georgia","Peach County",4,8,327,151,176
050,13,225,"Georgia","Peach County",4,9,324,151,173
050,13,225,"Georgia","Peach County",4,10,308,155,153
050,13,225,"Georgia","Peach County",4,11,337,176,161
050,13,225,"Georgia","Peach County",4,12,354,182,172
050,13,225,"Georgia","Peach County",4,13,384,201,183
050,13,225,"Georgia","Peach County",4,14,390,196,194
050,13,225,"Georgia","Peach County",4,15,366,182,184
050,13,225,"Georgia","Peach County",4,16,359,183,176
050,13,225,"Georgia","Peach County",4,17,326,174,152
050,13,225,"Georgia","Peach County",4,18,570,261,309
050,13,225,"Georgia","Peach County",4,19,783,337,446
050,13,225,"Georgia","Peach County",4,20,674,340,334
050,13,225,"Georgia","Peach County",4,21,554,266,288
050,13,225,"Georgia","Peach County",4,22,477,243,234
050,13,225,"Georgia","Peach County",4,23,439,236,203
050,13,225,"Georgia","Peach County",4,24,382,173,209
050,13,225,"Georgia","Peach County",4,25,359,190,169
050,13,225,"Georgia","Peach County",4,26,319,157,162
050,13,225,"Georgia","Peach County",4,27,338,161,177
050,13,225,"Georgia","Peach County",4,28,330,163,167
050,13,225,"Georgia","Peach County",4,29,331,161,170
050,13,225,"Georgia","Peach County",4,30,336,165,171
050,13,225,"Georgia","Peach County",4,31,349,168,181
050,13,225,"Georgia","Peach County",4,32,381,181,200
050,13,225,"Georgia","Peach County",4,33,358,180,178
050,13,225,"Georgia","Peach County",4,34,317,163,154
050,13,225,"Georgia","Peach County",4,35,336,175,161
050,13,225,"Georgia","Peach County",4,36,331,161,170
050,13,225,"Georgia","Peach County",4,37,339,166,173
050,13,225,"Georgia","Peach County",4,38,359,160,199
050,13,225,"Georgia","Peach County",4,39,358,176,182
050,13,225,"Georgia","Peach County",4,40,323,151,172
050,13,225,"Georgia","Peach County",4,41,335,168,167
050,13,225,"Georgia","Peach County",4,42,356,167,189
050,13,225,"Georgia","Peach County",4,43,311,148,163
050,13,225,"Georgia","Peach County",4,44,276,128,148
050,13,225,"Georgia","Peach County",4,45,273,138,135
050,13,225,"Georgia","Peach County",4,46,288,134,154
050,13,225,"Georgia","Peach County",4,47,325,156,169
050,13,225,"Georgia","Peach County",4,48,291,134,157
050,13,225,"Georgia","Peach County",4,49,305,147,158
050,13,225,"Georgia","Peach County",4,50,328,170,158
050,13,225,"Georgia","Peach County",4,51,335,158,177
050,13,225,"Georgia","Peach County",4,52,338,167,171
050,13,225,"Georgia","Peach County",4,53,322,155,167
050,13,225,"Georgia","Peach County",4,54,319,147,172
050,13,225,"Georgia","Peach County",4,55,338,161,177
050,13,225,"Georgia","Peach County",4,56,378,179,199
050,13,225,"Georgia","Peach County",4,57,400,186,214
050,13,225,"Georgia","Peach County",4,58,414,205,209
050,13,225,"Georgia","Peach County",4,59,402,189,213
050,13,225,"Georgia","Peach County",4,60,449,224,225
050,13,225,"Georgia","Peach County",4,61,404,204,200
050,13,225,"Georgia","Peach County",4,62,398,208,190
050,13,225,"Georgia","Peach County",4,63,382,197,185
050,13,225,"Georgia","Peach County",4,64,372,193,179
050,13,225,"Georgia","Peach County",4,65,365,167,198
050,13,225,"Georgia","Peach County",4,66,343,163,180
050,13,225,"Georgia","Peach County",4,67,323,156,167
050,13,225,"Georgia","Peach County",4,68,297,135,162
050,13,225,"Georgia","Peach County",4,69,300,130,170
050,13,225,"Georgia","Peach County",4,70,287,123,164
050,13,225,"Georgia","Peach County",4,71,272,125,147
050,13,225,"Georgia","Peach County",4,72,256,107,149
050,13,225,"Georgia","Peach County",4,73,269,121,148
050,13,225,"Georgia","Peach County",4,74,257,115,142
050,13,225,"Georgia","Peach County",4,75,268,132,136
050,13,225,"Georgia","Peach County",4,76,176,75,101
050,13,225,"Georgia","Peach County",4,77,164,68,96
050,13,225,"Georgia","Peach County",4,78,143,62,81
050,13,225,"Georgia","Peach County",4,79,153,69,84
050,13,225,"Georgia","Peach County",4,80,140,64,76
050,13,225,"Georgia","Peach County",4,81,128,54,74
050,13,225,"Georgia","Peach County",4,82,114,47,67
050,13,225,"Georgia","Peach County",4,83,89,29,60
050,13,225,"Georgia","Peach County",4,84,84,22,62
050,13,225,"Georgia","Peach County",4,85,443,125,318
050,13,225,"Georgia","Peach County",5,0,305,140,165
050,13,225,"Georgia","Peach County",5,1,289,154,135
050,13,225,"Georgia","Peach County",5,2,282,145,137
050,13,225,"Georgia","Peach County",5,3,344,169,175
050,13,225,"Georgia","Peach County",5,4,305,169,136
050,13,225,"Georgia","Peach County",5,5,336,167,169
050,13,225,"Georgia","Peach County",5,6,309,142,167
050,13,225,"Georgia","Peach County",5,7,323,166,157
050,13,225,"Georgia","Peach County",5,8,345,178,167
050,13,225,"Georgia","Peach County",5,9,348,153,195
050,13,225,"Georgia","Peach County",5,10,316,152,164
050,13,225,"Georgia","Peach County",5,11,296,145,151
050,13,225,"Georgia","Peach County",5,12,343,175,168
050,13,225,"Georgia","Peach County",5,13,355,189,166
050,13,225,"Georgia","Peach County",5,14,376,198,178
050,13,225,"Georgia","Peach County",5,15,376,188,188
050,13,225,"Georgia","Peach County",5,16,372,189,183
050,13,225,"Georgia","Peach County",5,17,370,193,177
050,13,225,"Georgia","Peach County",5,18,576,272,304
050,13,225,"Georgia","Peach County",5,19,804,338,466
050,13,225,"Georgia","Peach County",5,20,649,327,322
050,13,225,"Georgia","Peach County",5,21,549,272,277
050,13,225,"Georgia","Peach County",5,22,482,256,226
050,13,225,"Georgia","Peach County",5,23,467,238,229
050,13,225,"Georgia","Peach County",5,24,401,223,178
050,13,225,"Georgia","Peach County",5,25,379,171,208
050,13,225,"Georgia","Peach County",5,26,346,182,164
050,13,225,"Georgia","Peach County",5,27,313,149,164
050,13,225,"Georgia","Peach County",5,28,347,171,176
050,13,225,"Georgia","Peach County",5,29,354,171,183
050,13,225,"Georgia","Peach County",5,30,337,170,167
050,13,225,"Georgia","Peach County",5,31,314,157,157
050,13,225,"Georgia","Peach County",5,32,328,153,175
050,13,225,"Georgia","Peach County",5,33,392,185,207
050,13,225,"Georgia","Peach County",5,34,368,181,187
050,13,225,"Georgia","Peach County",5,35,312,162,150
050,13,225,"Georgia","Peach County",5,36,346,183,163
050,13,225,"Georgia","Peach County",5,37,320,162,158
050,13,225,"Georgia","Peach County",5,38,332,166,166
050,13,225,"Georgia","Peach County",5,39,364,169,195
050,13,225,"Georgia","Peach County",5,40,351,165,186
050,13,225,"Georgia","Peach County",5,41,320,151,169
050,13,225,"Georgia","Peach County",5,42,361,182,179
050,13,225,"Georgia","Peach County",5,43,363,170,193
050,13,225,"Georgia","Peach County",5,44,324,154,170
050,13,225,"Georgia","Peach County",5,45,278,133,145
050,13,225,"Georgia","Peach County",5,46,266,127,139
050,13,225,"Georgia","Peach County",5,47,296,142,154
050,13,225,"Georgia","Peach County",5,48,313,149,164
050,13,225,"Georgia","Peach County",5,49,296,140,156
050,13,225,"Georgia","Peach County",5,50,311,143,168
050,13,225,"Georgia","Peach County",5,51,340,177,163
050,13,225,"Georgia","Peach County",5,52,341,162,179
050,13,225,"Georgia","Peach County",5,53,340,168,172
050,13,225,"Georgia","Peach County",5,54,322,156,166
050,13,225,"Georgia","Peach County",5,55,324,148,176
050,13,225,"Georgia","Peach County",5,56,331,153,178
050,13,225,"Georgia","Peach County",5,57,392,184,208
050,13,225,"Georgia","Peach County",5,58,392,182,210
050,13,225,"Georgia","Peach County",5,59,394,188,206
050,13,225,"Georgia","Peach County",5,60,405,189,216
050,13,225,"Georgia","Peach County",5,61,448,214,234
050,13,225,"Georgia","Peach County",5,62,408,205,203
050,13,225,"Georgia","Peach County",5,63,386,200,186
050,13,225,"Georgia","Peach County",5,64,379,194,185
050,13,225,"Georgia","Peach County",5,65,378,194,184
050,13,225,"Georgia","Peach County",5,66,366,166,200
050,13,225,"Georgia","Peach County",5,67,342,161,181
050,13,225,"Georgia","Peach County",5,68,321,153,168
050,13,225,"Georgia","Peach County",5,69,294,132,162
050,13,225,"Georgia","Peach County",5,70,297,123,174
050,13,225,"Georgia","Peach County",5,71,272,117,155
050,13,225,"Georgia","Peach County",5,72,263,124,139
050,13,225,"Georgia","Peach County",5,73,256,108,148
050,13,225,"Georgia","Peach County",5,74,258,114,144
050,13,225,"Georgia","Peach County",5,75,248,114,134
050,13,225,"Georgia","Peach County",5,76,257,126,131
050,13,225,"Georgia","Peach County",5,77,169,73,96
050,13,225,"Georgia","Peach County",5,78,152,60,92
050,13,225,"Georgia","Peach County",5,79,135,60,75
050,13,225,"Georgia","Peach County",5,80,140,63,77
050,13,225,"Georgia","Peach County",5,81,140,62,78
050,13,225,"Georgia","Peach County",5,82,117,49,68
050,13,225,"Georgia","Peach County",5,83,96,41,55
050,13,225,"Georgia","Peach County",5,84,87,27,60
050,13,225,"Georgia","Peach County",5,85,466,122,344
050,13,227,"Georgia","Pickens County",1,0,301,156,145
050,13,227,"Georgia","Pickens County",1,1,301,160,141
050,13,227,"Georgia","Pickens County",1,2,330,184,146
050,13,227,"Georgia","Pickens County",1,3,352,192,160
050,13,227,"Georgia","Pickens County",1,4,353,167,186
050,13,227,"Georgia","Pickens County",1,5,332,160,172
050,13,227,"Georgia","Pickens County",1,6,324,163,161
050,13,227,"Georgia","Pickens County",1,7,342,163,179
050,13,227,"Georgia","Pickens County",1,8,342,175,167
050,13,227,"Georgia","Pickens County",1,9,354,183,171
050,13,227,"Georgia","Pickens County",1,10,348,182,166
050,13,227,"Georgia","Pickens County",1,11,400,214,186
050,13,227,"Georgia","Pickens County",1,12,390,195,195
050,13,227,"Georgia","Pickens County",1,13,431,206,225
050,13,227,"Georgia","Pickens County",1,14,409,207,202
050,13,227,"Georgia","Pickens County",1,15,409,220,189
050,13,227,"Georgia","Pickens County",1,16,391,197,194
050,13,227,"Georgia","Pickens County",1,17,446,237,209
050,13,227,"Georgia","Pickens County",1,18,371,198,173
050,13,227,"Georgia","Pickens County",1,19,306,165,141
050,13,227,"Georgia","Pickens County",1,20,305,163,142
050,13,227,"Georgia","Pickens County",1,21,315,166,149
050,13,227,"Georgia","Pickens County",1,22,325,157,168
050,13,227,"Georgia","Pickens County",1,23,353,167,186
050,13,227,"Georgia","Pickens County",1,24,346,177,169
050,13,227,"Georgia","Pickens County",1,25,355,177,178
050,13,227,"Georgia","Pickens County",1,26,373,198,175
050,13,227,"Georgia","Pickens County",1,27,400,209,191
050,13,227,"Georgia","Pickens County",1,28,386,197,189
050,13,227,"Georgia","Pickens County",1,29,385,192,193
050,13,227,"Georgia","Pickens County",1,30,380,179,201
050,13,227,"Georgia","Pickens County",1,31,402,203,199
050,13,227,"Georgia","Pickens County",1,32,381,179,202
050,13,227,"Georgia","Pickens County",1,33,368,193,175
050,13,227,"Georgia","Pickens County",1,34,352,174,178
050,13,227,"Georgia","Pickens County",1,35,337,157,180
050,13,227,"Georgia","Pickens County",1,36,315,161,154
050,13,227,"Georgia","Pickens County",1,37,343,171,172
050,13,227,"Georgia","Pickens County",1,38,383,191,192
050,13,227,"Georgia","Pickens County",1,39,359,170,189
050,13,227,"Georgia","Pickens County",1,40,386,190,196
050,13,227,"Georgia","Pickens County",1,41,354,178,176
050,13,227,"Georgia","Pickens County",1,42,347,161,186
050,13,227,"Georgia","Pickens County",1,43,359,166,193
050,13,227,"Georgia","Pickens County",1,44,376,188,188
050,13,227,"Georgia","Pickens County",1,45,399,183,216
050,13,227,"Georgia","Pickens County",1,46,371,175,196
050,13,227,"Georgia","Pickens County",1,47,388,210,178
050,13,227,"Georgia","Pickens County",1,48,423,220,203
050,13,227,"Georgia","Pickens County",1,49,494,239,255
050,13,227,"Georgia","Pickens County",1,50,478,245,233
050,13,227,"Georgia","Pickens County",1,51,430,234,196
050,13,227,"Georgia","Pickens County",1,52,453,226,227
050,13,227,"Georgia","Pickens County",1,53,473,236,237
050,13,227,"Georgia","Pickens County",1,54,471,237,234
050,13,227,"Georgia","Pickens County",1,55,516,260,256
050,13,227,"Georgia","Pickens County",1,56,499,244,255
050,13,227,"Georgia","Pickens County",1,57,512,248,264
050,13,227,"Georgia","Pickens County",1,58,558,263,295
050,13,227,"Georgia","Pickens County",1,59,542,267,275
050,13,227,"Georgia","Pickens County",1,60,547,278,269
050,13,227,"Georgia","Pickens County",1,61,555,264,291
050,13,227,"Georgia","Pickens County",1,62,546,270,276
050,13,227,"Georgia","Pickens County",1,63,530,253,277
050,13,227,"Georgia","Pickens County",1,64,495,235,260
050,13,227,"Georgia","Pickens County",1,65,511,241,270
050,13,227,"Georgia","Pickens County",1,66,515,238,277
050,13,227,"Georgia","Pickens County",1,67,516,249,267
050,13,227,"Georgia","Pickens County",1,68,493,234,259
050,13,227,"Georgia","Pickens County",1,69,476,225,251
050,13,227,"Georgia","Pickens County",1,70,457,216,241
050,13,227,"Georgia","Pickens County",1,71,468,234,234
050,13,227,"Georgia","Pickens County",1,72,480,246,234
050,13,227,"Georgia","Pickens County",1,73,459,235,224
050,13,227,"Georgia","Pickens County",1,74,320,158,162
050,13,227,"Georgia","Pickens County",1,75,312,145,167
050,13,227,"Georgia","Pickens County",1,76,290,140,150
050,13,227,"Georgia","Pickens County",1,77,284,140,144
050,13,227,"Georgia","Pickens County",1,78,244,124,120
050,13,227,"Georgia","Pickens County",1,79,216,102,114
050,13,227,"Georgia","Pickens County",1,80,206,103,103
050,13,227,"Georgia","Pickens County",1,81,181,84,97
050,13,227,"Georgia","Pickens County",1,82,148,65,83
050,13,227,"Georgia","Pickens County",1,83,116,50,66
050,13,227,"Georgia","Pickens County",1,84,113,49,64
050,13,227,"Georgia","Pickens County",1,85,510,184,326
050,13,227,"Georgia","Pickens County",2,0,303,161,142
050,13,227,"Georgia","Pickens County",2,1,302,160,142
050,13,227,"Georgia","Pickens County",2,2,324,180,144
050,13,227,"Georgia","Pickens County",2,3,345,188,157
050,13,227,"Georgia","Pickens County",2,4,353,173,180
050,13,227,"Georgia","Pickens County",2,5,338,162,176
050,13,227,"Georgia","Pickens County",2,6,326,162,164
050,13,227,"Georgia","Pickens County",2,7,337,163,174
050,13,227,"Georgia","Pickens County",2,8,341,172,169
050,13,227,"Georgia","Pickens County",2,9,354,183,171
050,13,227,"Georgia","Pickens County",2,10,352,185,167
050,13,227,"Georgia","Pickens County",2,11,386,206,180
050,13,227,"Georgia","Pickens County",2,12,395,200,195
050,13,227,"Georgia","Pickens County",2,13,420,205,215
050,13,227,"Georgia","Pickens County",2,14,416,208,208
050,13,227,"Georgia","Pickens County",2,15,410,217,193
050,13,227,"Georgia","Pickens County",2,16,398,204,194
050,13,227,"Georgia","Pickens County",2,17,432,227,205
050,13,227,"Georgia","Pickens County",2,18,375,202,173
050,13,227,"Georgia","Pickens County",2,19,308,164,144
050,13,227,"Georgia","Pickens County",2,20,317,170,147
050,13,227,"Georgia","Pickens County",2,21,319,168,151
050,13,227,"Georgia","Pickens County",2,22,333,165,168
050,13,227,"Georgia","Pickens County",2,23,352,168,184
050,13,227,"Georgia","Pickens County",2,24,350,177,173
050,13,227,"Georgia","Pickens County",2,25,352,179,173
050,13,227,"Georgia","Pickens County",2,26,372,194,178
050,13,227,"Georgia","Pickens County",2,27,396,207,189
050,13,227,"Georgia","Pickens County",2,28,390,200,190
050,13,227,"Georgia","Pickens County",2,29,384,191,193
050,13,227,"Georgia","Pickens County",2,30,385,185,200
050,13,227,"Georgia","Pickens County",2,31,398,198,200
050,13,227,"Georgia","Pickens County",2,32,390,188,202
050,13,227,"Georgia","Pickens County",2,33,370,190,180
050,13,227,"Georgia","Pickens County",2,34,357,178,179
050,13,227,"Georgia","Pickens County",2,35,343,164,179
050,13,227,"Georgia","Pickens County",2,36,319,159,160
050,13,227,"Georgia","Pickens County",2,37,343,172,171
050,13,227,"Georgia","Pickens County",2,38,380,188,192
050,13,227,"Georgia","Pickens County",2,39,368,178,190
050,13,227,"Georgia","Pickens County",2,40,384,186,198
050,13,227,"Georgia","Pickens County",2,41,360,178,182
050,13,227,"Georgia","Pickens County",2,42,347,165,182
050,13,227,"Georgia","Pickens County",2,43,360,167,193
050,13,227,"Georgia","Pickens County",2,44,370,182,188
050,13,227,"Georgia","Pickens County",2,45,394,185,209
050,13,227,"Georgia","Pickens County",2,46,377,175,202
050,13,227,"Georgia","Pickens County",2,47,386,203,183
050,13,227,"Georgia","Pickens County",2,48,416,216,200
050,13,227,"Georgia","Pickens County",2,49,485,237,248
050,13,227,"Georgia","Pickens County",2,50,486,247,239
050,13,227,"Georgia","Pickens County",2,51,442,235,207
050,13,227,"Georgia","Pickens County",2,52,452,231,221
050,13,227,"Georgia","Pickens County",2,53,471,234,237
050,13,227,"Georgia","Pickens County",2,54,473,237,236
050,13,227,"Georgia","Pickens County",2,55,508,255,253
050,13,227,"Georgia","Pickens County",2,56,513,253,260
050,13,227,"Georgia","Pickens County",2,57,515,248,267
050,13,227,"Georgia","Pickens County",2,58,551,262,289
050,13,227,"Georgia","Pickens County",2,59,554,268,286
050,13,227,"Georgia","Pickens County",2,60,546,277,269
050,13,227,"Georgia","Pickens County",2,61,554,270,284
050,13,227,"Georgia","Pickens County",2,62,556,274,282
050,13,227,"Georgia","Pickens County",2,63,544,259,285
050,13,227,"Georgia","Pickens County",2,64,504,238,266
050,13,227,"Georgia","Pickens County",2,65,509,242,267
050,13,227,"Georgia","Pickens County",2,66,514,240,274
050,13,227,"Georgia","Pickens County",2,67,515,247,268
050,13,227,"Georgia","Pickens County",2,68,496,236,260
050,13,227,"Georgia","Pickens County",2,69,483,228,255
050,13,227,"Georgia","Pickens County",2,70,458,217,241
050,13,227,"Georgia","Pickens County",2,71,462,228,234
050,13,227,"Georgia","Pickens County",2,72,462,236,226
050,13,227,"Georgia","Pickens County",2,73,484,247,237
050,13,227,"Georgia","Pickens County",2,74,330,164,166
050,13,227,"Georgia","Pickens County",2,75,313,149,164
050,13,227,"Georgia","Pickens County",2,76,290,138,152
050,13,227,"Georgia","Pickens County",2,77,288,142,146
050,13,227,"Georgia","Pickens County",2,78,248,124,124
050,13,227,"Georgia","Pickens County",2,79,218,103,115
050,13,227,"Georgia","Pickens County",2,80,209,103,106
050,13,227,"Georgia","Pickens County",2,81,179,87,92
050,13,227,"Georgia","Pickens County",2,82,154,69,85
050,13,227,"Georgia","Pickens County",2,83,123,54,69
050,13,227,"Georgia","Pickens County",2,84,109,46,63
050,13,227,"Georgia","Pickens County",2,85,512,185,327
050,13,227,"Georgia","Pickens County",3,0,283,156,127
050,13,227,"Georgia","Pickens County",3,1,301,161,140
050,13,227,"Georgia","Pickens County",3,2,297,151,146
050,13,227,"Georgia","Pickens County",3,3,314,175,139
050,13,227,"Georgia","Pickens County",3,4,353,194,159
050,13,227,"Georgia","Pickens County",3,5,362,183,179
050,13,227,"Georgia","Pickens County",3,6,335,164,171
050,13,227,"Georgia","Pickens County",3,7,342,175,167
050,13,227,"Georgia","Pickens County",3,8,361,174,187
050,13,227,"Georgia","Pickens County",3,9,338,160,178
050,13,227,"Georgia","Pickens County",3,10,373,189,184
050,13,227,"Georgia","Pickens County",3,11,359,192,167
050,13,227,"Georgia","Pickens County",3,12,388,208,180
050,13,227,"Georgia","Pickens County",3,13,410,214,196
050,13,227,"Georgia","Pickens County",3,14,429,217,212
050,13,227,"Georgia","Pickens County",3,15,430,216,214
050,13,227,"Georgia","Pickens County",3,16,426,224,202
050,13,227,"Georgia","Pickens County",3,17,413,207,206
050,13,227,"Georgia","Pickens County",3,18,378,210,168
050,13,227,"Georgia","Pickens County",3,19,314,163,151
050,13,227,"Georgia","Pickens County",3,20,340,179,161
050,13,227,"Georgia","Pickens County",3,21,348,188,160
050,13,227,"Georgia","Pickens County",3,22,352,189,163
050,13,227,"Georgia","Pickens County",3,23,338,164,174
050,13,227,"Georgia","Pickens County",3,24,359,162,197
050,13,227,"Georgia","Pickens County",3,25,353,178,175
050,13,227,"Georgia","Pickens County",3,26,349,179,170
050,13,227,"Georgia","Pickens County",3,27,392,193,199
050,13,227,"Georgia","Pickens County",3,28,405,211,194
050,13,227,"Georgia","Pickens County",3,29,396,209,187
050,13,227,"Georgia","Pickens County",3,30,382,185,197
050,13,227,"Georgia","Pickens County",3,31,399,195,204
050,13,227,"Georgia","Pickens County",3,32,418,201,217
050,13,227,"Georgia","Pickens County",3,33,398,191,207
050,13,227,"Georgia","Pickens County",3,34,389,204,185
050,13,227,"Georgia","Pickens County",3,35,346,178,168
050,13,227,"Georgia","Pickens County",3,36,372,178,194
050,13,227,"Georgia","Pickens County",3,37,335,169,166
050,13,227,"Georgia","Pickens County",3,38,365,188,177
050,13,227,"Georgia","Pickens County",3,39,397,189,208
050,13,227,"Georgia","Pickens County",3,40,378,175,203
050,13,227,"Georgia","Pickens County",3,41,398,191,207
050,13,227,"Georgia","Pickens County",3,42,351,168,183
050,13,227,"Georgia","Pickens County",3,43,336,158,178
050,13,227,"Georgia","Pickens County",3,44,363,169,194
050,13,227,"Georgia","Pickens County",3,45,379,187,192
050,13,227,"Georgia","Pickens County",3,46,388,184,204
050,13,227,"Georgia","Pickens County",3,47,392,183,209
050,13,227,"Georgia","Pickens County",3,48,383,199,184
050,13,227,"Georgia","Pickens County",3,49,431,224,207
050,13,227,"Georgia","Pickens County",3,50,502,259,243
050,13,227,"Georgia","Pickens County",3,51,496,248,248
050,13,227,"Georgia","Pickens County",3,52,462,247,215
050,13,227,"Georgia","Pickens County",3,53,469,242,227
050,13,227,"Georgia","Pickens County",3,54,509,250,259
050,13,227,"Georgia","Pickens County",3,55,486,246,240
050,13,227,"Georgia","Pickens County",3,56,522,255,267
050,13,227,"Georgia","Pickens County",3,57,526,264,262
050,13,227,"Georgia","Pickens County",3,58,539,252,287
050,13,227,"Georgia","Pickens County",3,59,586,277,309
050,13,227,"Georgia","Pickens County",3,60,558,269,289
050,13,227,"Georgia","Pickens County",3,61,577,291,286
050,13,227,"Georgia","Pickens County",3,62,567,272,295
050,13,227,"Georgia","Pickens County",3,63,579,288,291
050,13,227,"Georgia","Pickens County",3,64,564,266,298
050,13,227,"Georgia","Pickens County",3,65,518,248,270
050,13,227,"Georgia","Pickens County",3,66,509,241,268
050,13,227,"Georgia","Pickens County",3,67,523,251,272
050,13,227,"Georgia","Pickens County",3,68,527,243,284
050,13,227,"Georgia","Pickens County",3,69,512,252,260
050,13,227,"Georgia","Pickens County",3,70,488,232,256
050,13,227,"Georgia","Pickens County",3,71,461,226,235
050,13,227,"Georgia","Pickens County",3,72,448,222,226
050,13,227,"Georgia","Pickens County",3,73,446,229,217
050,13,227,"Georgia","Pickens County",3,74,469,241,228
050,13,227,"Georgia","Pickens County",3,75,322,159,163
050,13,227,"Georgia","Pickens County",3,76,302,149,153
050,13,227,"Georgia","Pickens County",3,77,270,129,141
050,13,227,"Georgia","Pickens County",3,78,273,129,144
050,13,227,"Georgia","Pickens County",3,79,241,114,127
050,13,227,"Georgia","Pickens County",3,80,210,94,116
050,13,227,"Georgia","Pickens County",3,81,189,92,97
050,13,227,"Georgia","Pickens County",3,82,162,82,80
050,13,227,"Georgia","Pickens County",3,83,137,60,77
050,13,227,"Georgia","Pickens County",3,84,100,41,59
050,13,227,"Georgia","Pickens County",3,85,534,195,339
050,13,227,"Georgia","Pickens County",4,0,316,147,169
050,13,227,"Georgia","Pickens County",4,1,294,167,127
050,13,227,"Georgia","Pickens County",4,2,319,165,154
050,13,227,"Georgia","Pickens County",4,3,320,175,145
050,13,227,"Georgia","Pickens County",4,4,331,177,154
050,13,227,"Georgia","Pickens County",4,5,361,207,154
050,13,227,"Georgia","Pickens County",4,6,369,186,183
050,13,227,"Georgia","Pickens County",4,7,352,168,184
050,13,227,"Georgia","Pickens County",4,8,365,187,178
050,13,227,"Georgia","Pickens County",4,9,374,182,192
050,13,227,"Georgia","Pickens County",4,10,351,169,182
050,13,227,"Georgia","Pickens County",4,11,353,175,178
050,13,227,"Georgia","Pickens County",4,12,361,200,161
050,13,227,"Georgia","Pickens County",4,13,388,208,180
050,13,227,"Georgia","Pickens County",4,14,406,211,195
050,13,227,"Georgia","Pickens County",4,15,446,224,222
050,13,227,"Georgia","Pickens County",4,16,429,217,212
050,13,227,"Georgia","Pickens County",4,17,415,221,194
050,13,227,"Georgia","Pickens County",4,18,359,188,171
050,13,227,"Georgia","Pickens County",4,19,302,174,128
050,13,227,"Georgia","Pickens County",4,20,346,184,162
050,13,227,"Georgia","Pickens County",4,21,363,191,172
050,13,227,"Georgia","Pickens County",4,22,368,198,170
050,13,227,"Georgia","Pickens County",4,23,390,198,192
050,13,227,"Georgia","Pickens County",4,24,360,187,173
050,13,227,"Georgia","Pickens County",4,25,352,166,186
050,13,227,"Georgia","Pickens County",4,26,381,186,195
050,13,227,"Georgia","Pickens County",4,27,375,191,184
050,13,227,"Georgia","Pickens County",4,28,399,195,204
050,13,227,"Georgia","Pickens County",4,29,413,215,198
050,13,227,"Georgia","Pickens County",4,30,391,207,184
050,13,227,"Georgia","Pickens County",4,31,411,201,210
050,13,227,"Georgia","Pickens County",4,32,402,202,200
050,13,227,"Georgia","Pickens County",4,33,432,224,208
050,13,227,"Georgia","Pickens County",4,34,416,205,211
050,13,227,"Georgia","Pickens County",4,35,385,195,190
050,13,227,"Georgia","Pickens County",4,36,372,200,172
050,13,227,"Georgia","Pickens County",4,37,407,203,204
050,13,227,"Georgia","Pickens County",4,38,347,185,162
050,13,227,"Georgia","Pickens County",4,39,369,182,187
050,13,227,"Georgia","Pickens County",4,40,420,205,215
050,13,227,"Georgia","Pickens County",4,41,384,178,206
050,13,227,"Georgia","Pickens County",4,42,404,190,214
050,13,227,"Georgia","Pickens County",4,43,365,171,194
050,13,227,"Georgia","Pickens County",4,44,339,162,177
050,13,227,"Georgia","Pickens County",4,45,373,180,193
050,13,227,"Georgia","Pickens County",4,46,388,185,203
050,13,227,"Georgia","Pickens County",4,47,402,192,210
050,13,227,"Georgia","Pickens County",4,48,395,179,216
050,13,227,"Georgia","Pickens County",4,49,403,210,193
050,13,227,"Georgia","Pickens County",4,50,449,228,221
050,13,227,"Georgia","Pickens County",4,51,530,273,257
050,13,227,"Georgia","Pickens County",4,52,514,253,261
050,13,227,"Georgia","Pickens County",4,53,480,263,217
050,13,227,"Georgia","Pickens County",4,54,479,245,234
050,13,227,"Georgia","Pickens County",4,55,510,255,255
050,13,227,"Georgia","Pickens County",4,56,482,243,239
050,13,227,"Georgia","Pickens County",4,57,545,260,285
050,13,227,"Georgia","Pickens County",4,58,555,277,278
050,13,227,"Georgia","Pickens County",4,59,577,263,314
050,13,227,"Georgia","Pickens County",4,60,605,282,323
050,13,227,"Georgia","Pickens County",4,61,599,292,307
050,13,227,"Georgia","Pickens County",4,62,597,305,292
050,13,227,"Georgia","Pickens County",4,63,590,286,304
050,13,227,"Georgia","Pickens County",4,64,618,306,312
050,13,227,"Georgia","Pickens County",4,65,586,274,312
050,13,227,"Georgia","Pickens County",4,66,530,254,276
050,13,227,"Georgia","Pickens County",4,67,501,244,257
050,13,227,"Georgia","Pickens County",4,68,541,264,277
050,13,227,"Georgia","Pickens County",4,69,517,239,278
050,13,227,"Georgia","Pickens County",4,70,514,252,262
050,13,227,"Georgia","Pickens County",4,71,474,223,251
050,13,227,"Georgia","Pickens County",4,72,446,222,224
050,13,227,"Georgia","Pickens County",4,73,442,222,220
050,13,227,"Georgia","Pickens County",4,74,430,219,211
050,13,227,"Georgia","Pickens County",4,75,451,226,225
050,13,227,"Georgia","Pickens County",4,76,311,158,153
050,13,227,"Georgia","Pickens County",4,77,292,144,148
050,13,227,"Georgia","Pickens County",4,78,256,122,134
050,13,227,"Georgia","Pickens County",4,79,266,128,138
050,13,227,"Georgia","Pickens County",4,80,223,107,116
050,13,227,"Georgia","Pickens County",4,81,190,86,104
050,13,227,"Georgia","Pickens County",4,82,181,92,89
050,13,227,"Georgia","Pickens County",4,83,144,70,74
050,13,227,"Georgia","Pickens County",4,84,110,46,64
050,13,227,"Georgia","Pickens County",4,85,527,190,337
050,13,227,"Georgia","Pickens County",5,0,315,147,168
050,13,227,"Georgia","Pickens County",5,1,346,156,190
050,13,227,"Georgia","Pickens County",5,2,309,177,132
050,13,227,"Georgia","Pickens County",5,3,337,170,167
050,13,227,"Georgia","Pickens County",5,4,333,177,156
050,13,227,"Georgia","Pickens County",5,5,349,193,156
050,13,227,"Georgia","Pickens County",5,6,381,214,167
050,13,227,"Georgia","Pickens County",5,7,376,191,185
050,13,227,"Georgia","Pickens County",5,8,369,184,185
050,13,227,"Georgia","Pickens County",5,9,365,192,173
050,13,227,"Georgia","Pickens County",5,10,389,186,203
050,13,227,"Georgia","Pickens County",5,11,375,175,200
050,13,227,"Georgia","Pickens County",5,12,368,184,184
050,13,227,"Georgia","Pickens County",5,13,368,200,168
050,13,227,"Georgia","Pickens County",5,14,415,222,193
050,13,227,"Georgia","Pickens County",5,15,411,218,193
050,13,227,"Georgia","Pickens County",5,16,450,221,229
050,13,227,"Georgia","Pickens County",5,17,420,211,209
050,13,227,"Georgia","Pickens County",5,18,348,195,153
050,13,227,"Georgia","Pickens County",5,19,292,150,142
050,13,227,"Georgia","Pickens County",5,20,341,194,147
050,13,227,"Georgia","Pickens County",5,21,393,203,190
050,13,227,"Georgia","Pickens County",5,22,404,215,189
050,13,227,"Georgia","Pickens County",5,23,415,214,201
050,13,227,"Georgia","Pickens County",5,24,415,218,197
050,13,227,"Georgia","Pickens County",5,25,377,189,188
050,13,227,"Georgia","Pickens County",5,26,387,187,200
050,13,227,"Georgia","Pickens County",5,27,420,212,208
050,13,227,"Georgia","Pickens County",5,28,408,211,197
050,13,227,"Georgia","Pickens County",5,29,422,201,221
050,13,227,"Georgia","Pickens County",5,30,431,217,214
050,13,227,"Georgia","Pickens County",5,31,425,228,197
050,13,227,"Georgia","Pickens County",5,32,428,211,217
050,13,227,"Georgia","Pickens County",5,33,425,217,208
050,13,227,"Georgia","Pickens County",5,34,438,218,220
050,13,227,"Georgia","Pickens County",5,35,420,208,212
050,13,227,"Georgia","Pickens County",5,36,421,219,202
050,13,227,"Georgia","Pickens County",5,37,377,203,174
050,13,227,"Georgia","Pickens County",5,38,439,215,224
050,13,227,"Georgia","Pickens County",5,39,355,184,171
050,13,227,"Georgia","Pickens County",5,40,376,172,204
050,13,227,"Georgia","Pickens County",5,41,424,208,216
050,13,227,"Georgia","Pickens County",5,42,387,177,210
050,13,227,"Georgia","Pickens County",5,43,408,196,212
050,13,227,"Georgia","Pickens County",5,44,381,186,195
050,13,227,"Georgia","Pickens County",5,45,356,172,184
050,13,227,"Georgia","Pickens County",5,46,387,182,205
050,13,227,"Georgia","Pickens County",5,47,394,193,201
050,13,227,"Georgia","Pickens County",5,48,408,195,213
050,13,227,"Georgia","Pickens County",5,49,410,188,222
050,13,227,"Georgia","Pickens County",5,50,413,213,200
050,13,227,"Georgia","Pickens County",5,51,453,230,223
050,13,227,"Georgia","Pickens County",5,52,553,287,266
050,13,227,"Georgia","Pickens County",5,53,539,270,269
050,13,227,"Georgia","Pickens County",5,54,502,270,232
050,13,227,"Georgia","Pickens County",5,55,492,246,246
050,13,227,"Georgia","Pickens County",5,56,532,263,269
050,13,227,"Georgia","Pickens County",5,57,501,246,255
050,13,227,"Georgia","Pickens County",5,58,560,268,292
050,13,227,"Georgia","Pickens County",5,59,575,291,284
050,13,227,"Georgia","Pickens County",5,60,606,269,337
050,13,227,"Georgia","Pickens County",5,61,639,287,352
050,13,227,"Georgia","Pickens County",5,62,614,298,316
050,13,227,"Georgia","Pickens County",5,63,615,315,300
050,13,227,"Georgia","Pickens County",5,64,622,301,321
050,13,227,"Georgia","Pickens County",5,65,635,309,326
050,13,227,"Georgia","Pickens County",5,66,598,283,315
050,13,227,"Georgia","Pickens County",5,67,535,258,277
050,13,227,"Georgia","Pickens County",5,68,509,245,264
050,13,227,"Georgia","Pickens County",5,69,553,267,286
050,13,227,"Georgia","Pickens County",5,70,522,243,279
050,13,227,"Georgia","Pickens County",5,71,509,249,260
050,13,227,"Georgia","Pickens County",5,72,472,216,256
050,13,227,"Georgia","Pickens County",5,73,442,215,227
050,13,227,"Georgia","Pickens County",5,74,438,220,218
050,13,227,"Georgia","Pickens County",5,75,416,210,206
050,13,227,"Georgia","Pickens County",5,76,429,214,215
050,13,227,"Georgia","Pickens County",5,77,301,153,148
050,13,227,"Georgia","Pickens County",5,78,281,137,144
050,13,227,"Georgia","Pickens County",5,79,246,119,127
050,13,227,"Georgia","Pickens County",5,80,252,118,134
050,13,227,"Georgia","Pickens County",5,81,198,97,101
050,13,227,"Georgia","Pickens County",5,82,182,85,97
050,13,227,"Georgia","Pickens County",5,83,167,86,81
050,13,227,"Georgia","Pickens County",5,84,126,57,69
050,13,227,"Georgia","Pickens County",5,85,554,199,355
050,13,229,"Georgia","Pierce County",1,0,246,124,122
050,13,229,"Georgia","Pierce County",1,1,245,115,130
050,13,229,"Georgia","Pierce County",1,2,246,123,123
050,13,229,"Georgia","Pierce County",1,3,274,141,133
050,13,229,"Georgia","Pierce County",1,4,267,125,142
050,13,229,"Georgia","Pierce County",1,5,242,122,120
050,13,229,"Georgia","Pierce County",1,6,234,118,116
050,13,229,"Georgia","Pierce County",1,7,264,129,135
050,13,229,"Georgia","Pierce County",1,8,265,142,123
050,13,229,"Georgia","Pierce County",1,9,259,143,116
050,13,229,"Georgia","Pierce County",1,10,269,138,131
050,13,229,"Georgia","Pierce County",1,11,293,156,137
050,13,229,"Georgia","Pierce County",1,12,315,170,145
050,13,229,"Georgia","Pierce County",1,13,292,150,142
050,13,229,"Georgia","Pierce County",1,14,300,145,155
050,13,229,"Georgia","Pierce County",1,15,296,152,144
050,13,229,"Georgia","Pierce County",1,16,304,150,154
050,13,229,"Georgia","Pierce County",1,17,291,163,128
050,13,229,"Georgia","Pierce County",1,18,250,144,106
050,13,229,"Georgia","Pierce County",1,19,203,113,90
050,13,229,"Georgia","Pierce County",1,20,213,111,102
050,13,229,"Georgia","Pierce County",1,21,231,117,114
050,13,229,"Georgia","Pierce County",1,22,247,125,122
050,13,229,"Georgia","Pierce County",1,23,199,99,100
050,13,229,"Georgia","Pierce County",1,24,205,97,108
050,13,229,"Georgia","Pierce County",1,25,214,106,108
050,13,229,"Georgia","Pierce County",1,26,238,127,111
050,13,229,"Georgia","Pierce County",1,27,221,121,100
050,13,229,"Georgia","Pierce County",1,28,266,136,130
050,13,229,"Georgia","Pierce County",1,29,251,138,113
050,13,229,"Georgia","Pierce County",1,30,220,103,117
050,13,229,"Georgia","Pierce County",1,31,231,104,127
050,13,229,"Georgia","Pierce County",1,32,232,122,110
050,13,229,"Georgia","Pierce County",1,33,220,113,107
050,13,229,"Georgia","Pierce County",1,34,221,112,109
050,13,229,"Georgia","Pierce County",1,35,245,121,124
050,13,229,"Georgia","Pierce County",1,36,227,117,110
050,13,229,"Georgia","Pierce County",1,37,251,117,134
050,13,229,"Georgia","Pierce County",1,38,246,122,124
050,13,229,"Georgia","Pierce County",1,39,255,118,137
050,13,229,"Georgia","Pierce County",1,40,266,134,132
050,13,229,"Georgia","Pierce County",1,41,249,123,126
050,13,229,"Georgia","Pierce County",1,42,261,133,128
050,13,229,"Georgia","Pierce County",1,43,235,113,122
050,13,229,"Georgia","Pierce County",1,44,221,113,108
050,13,229,"Georgia","Pierce County",1,45,241,125,116
050,13,229,"Georgia","Pierce County",1,46,248,128,120
050,13,229,"Georgia","Pierce County",1,47,256,126,130
050,13,229,"Georgia","Pierce County",1,48,272,132,140
050,13,229,"Georgia","Pierce County",1,49,282,145,137
050,13,229,"Georgia","Pierce County",1,50,288,144,144
050,13,229,"Georgia","Pierce County",1,51,297,158,139
050,13,229,"Georgia","Pierce County",1,52,257,134,123
050,13,229,"Georgia","Pierce County",1,53,242,115,127
050,13,229,"Georgia","Pierce County",1,54,262,133,129
050,13,229,"Georgia","Pierce County",1,55,265,141,124
050,13,229,"Georgia","Pierce County",1,56,257,131,126
050,13,229,"Georgia","Pierce County",1,57,282,139,143
050,13,229,"Georgia","Pierce County",1,58,261,129,132
050,13,229,"Georgia","Pierce County",1,59,271,146,125
050,13,229,"Georgia","Pierce County",1,60,245,131,114
050,13,229,"Georgia","Pierce County",1,61,231,116,115
050,13,229,"Georgia","Pierce County",1,62,253,125,128
050,13,229,"Georgia","Pierce County",1,63,244,122,122
050,13,229,"Georgia","Pierce County",1,64,234,112,122
050,13,229,"Georgia","Pierce County",1,65,208,95,113
050,13,229,"Georgia","Pierce County",1,66,192,90,102
050,13,229,"Georgia","Pierce County",1,67,203,86,117
050,13,229,"Georgia","Pierce County",1,68,223,111,112
050,13,229,"Georgia","Pierce County",1,69,212,100,112
050,13,229,"Georgia","Pierce County",1,70,203,98,105
050,13,229,"Georgia","Pierce County",1,71,193,90,103
050,13,229,"Georgia","Pierce County",1,72,206,95,111
050,13,229,"Georgia","Pierce County",1,73,208,106,102
050,13,229,"Georgia","Pierce County",1,74,155,82,73
050,13,229,"Georgia","Pierce County",1,75,150,72,78
050,13,229,"Georgia","Pierce County",1,76,142,64,78
050,13,229,"Georgia","Pierce County",1,77,131,62,69
050,13,229,"Georgia","Pierce County",1,78,134,57,77
050,13,229,"Georgia","Pierce County",1,79,110,49,61
050,13,229,"Georgia","Pierce County",1,80,100,43,57
050,13,229,"Georgia","Pierce County",1,81,81,37,44
050,13,229,"Georgia","Pierce County",1,82,63,27,36
050,13,229,"Georgia","Pierce County",1,83,55,28,27
050,13,229,"Georgia","Pierce County",1,84,54,30,24
050,13,229,"Georgia","Pierce County",1,85,284,121,163
050,13,229,"Georgia","Pierce County",2,0,243,125,118
050,13,229,"Georgia","Pierce County",2,1,243,115,128
050,13,229,"Georgia","Pierce County",2,2,246,121,125
050,13,229,"Georgia","Pierce County",2,3,270,138,132
050,13,229,"Georgia","Pierce County",2,4,269,129,140
050,13,229,"Georgia","Pierce County",2,5,250,123,127
050,13,229,"Georgia","Pierce County",2,6,237,119,118
050,13,229,"Georgia","Pierce County",2,7,261,128,133
050,13,229,"Georgia","Pierce County",2,8,264,138,126
050,13,229,"Georgia","Pierce County",2,9,261,142,119
050,13,229,"Georgia","Pierce County",2,10,266,139,127
050,13,229,"Georgia","Pierce County",2,11,286,152,134
050,13,229,"Georgia","Pierce County",2,12,310,168,142
050,13,229,"Georgia","Pierce County",2,13,302,158,144
050,13,229,"Georgia","Pierce County",2,14,298,146,152
050,13,229,"Georgia","Pierce County",2,15,295,148,147
050,13,229,"Georgia","Pierce County",2,16,303,152,151
050,13,229,"Georgia","Pierce County",2,17,293,160,133
050,13,229,"Georgia","Pierce County",2,18,245,142,103
050,13,229,"Georgia","Pierce County",2,19,205,114,91
050,13,229,"Georgia","Pierce County",2,20,219,115,104
050,13,229,"Georgia","Pierce County",2,21,231,118,113
050,13,229,"Georgia","Pierce County",2,22,242,121,121
050,13,229,"Georgia","Pierce County",2,23,214,106,108
050,13,229,"Georgia","Pierce County",2,24,207,100,107
050,13,229,"Georgia","Pierce County",2,25,213,103,110
050,13,229,"Georgia","Pierce County",2,26,234,124,110
050,13,229,"Georgia","Pierce County",2,27,228,125,103
050,13,229,"Georgia","Pierce County",2,28,252,133,119
050,13,229,"Georgia","Pierce County",2,29,256,137,119
050,13,229,"Georgia","Pierce County",2,30,230,112,118
050,13,229,"Georgia","Pierce County",2,31,228,105,123
050,13,229,"Georgia","Pierce County",2,32,233,119,114
050,13,229,"Georgia","Pierce County",2,33,224,115,109
050,13,229,"Georgia","Pierce County",2,34,223,113,110
050,13,229,"Georgia","Pierce County",2,35,239,118,121
050,13,229,"Georgia","Pierce County",2,36,229,115,114
050,13,229,"Georgia","Pierce County",2,37,246,118,128
050,13,229,"Georgia","Pierce County",2,38,248,121,127
050,13,229,"Georgia","Pierce County",2,39,253,120,133
050,13,229,"Georgia","Pierce County",2,40,266,132,134
050,13,229,"Georgia","Pierce County",2,41,254,127,127
050,13,229,"Georgia","Pierce County",2,42,254,127,127
050,13,229,"Georgia","Pierce County",2,43,243,119,124
050,13,229,"Georgia","Pierce County",2,44,222,112,110
050,13,229,"Georgia","Pierce County",2,45,235,122,113
050,13,229,"Georgia","Pierce County",2,46,247,127,120
050,13,229,"Georgia","Pierce County",2,47,253,125,128
050,13,229,"Georgia","Pierce County",2,48,270,131,139
050,13,229,"Georgia","Pierce County",2,49,283,143,140
050,13,229,"Georgia","Pierce County",2,50,291,146,145
050,13,229,"Georgia","Pierce County",2,51,291,152,139
050,13,229,"Georgia","Pierce County",2,52,267,140,127
050,13,229,"Georgia","Pierce County",2,53,244,119,125
050,13,229,"Georgia","Pierce County",2,54,257,128,129
050,13,229,"Georgia","Pierce County",2,55,259,138,121
050,13,229,"Georgia","Pierce County",2,56,262,135,127
050,13,229,"Georgia","Pierce County",2,57,274,136,138
050,13,229,"Georgia","Pierce County",2,58,266,132,134
050,13,229,"Georgia","Pierce County",2,59,269,143,126
050,13,229,"Georgia","Pierce County",2,60,246,130,116
050,13,229,"Georgia","Pierce County",2,61,233,119,114
050,13,229,"Georgia","Pierce County",2,62,244,121,123
050,13,229,"Georgia","Pierce County",2,63,248,125,123
050,13,229,"Georgia","Pierce County",2,64,236,115,121
050,13,229,"Georgia","Pierce County",2,65,213,99,114
050,13,229,"Georgia","Pierce County",2,66,201,94,107
050,13,229,"Georgia","Pierce County",2,67,200,88,112
050,13,229,"Georgia","Pierce County",2,68,219,106,113
050,13,229,"Georgia","Pierce County",2,69,214,102,112
050,13,229,"Georgia","Pierce County",2,70,205,98,107
050,13,229,"Georgia","Pierce County",2,71,195,93,102
050,13,229,"Georgia","Pierce County",2,72,201,93,108
050,13,229,"Georgia","Pierce County",2,73,221,111,110
050,13,229,"Georgia","Pierce County",2,74,156,83,73
050,13,229,"Georgia","Pierce County",2,75,149,73,76
050,13,229,"Georgia","Pierce County",2,76,139,65,74
050,13,229,"Georgia","Pierce County",2,77,136,64,72
050,13,229,"Georgia","Pierce County",2,78,132,58,74
050,13,229,"Georgia","Pierce County",2,79,111,49,62
050,13,229,"Georgia","Pierce County",2,80,101,43,58
050,13,229,"Georgia","Pierce County",2,81,85,39,46
050,13,229,"Georgia","Pierce County",2,82,69,30,39
050,13,229,"Georgia","Pierce County",2,83,55,27,28
050,13,229,"Georgia","Pierce County",2,84,52,28,24
050,13,229,"Georgia","Pierce County",2,85,283,124,159
050,13,229,"Georgia","Pierce County",3,0,233,103,130
050,13,229,"Georgia","Pierce County",3,1,272,129,143
050,13,229,"Georgia","Pierce County",3,2,253,124,129
050,13,229,"Georgia","Pierce County",3,3,269,129,140
050,13,229,"Georgia","Pierce County",3,4,262,140,122
050,13,229,"Georgia","Pierce County",3,5,275,134,141
050,13,229,"Georgia","Pierce County",3,6,248,115,133
050,13,229,"Georgia","Pierce County",3,7,240,123,117
050,13,229,"Georgia","Pierce County",3,8,282,144,138
050,13,229,"Georgia","Pierce County",3,9,269,140,129
050,13,229,"Georgia","Pierce County",3,10,265,149,116
050,13,229,"Georgia","Pierce County",3,11,269,139,130
050,13,229,"Georgia","Pierce County",3,12,288,153,135
050,13,229,"Georgia","Pierce County",3,13,306,166,140
050,13,229,"Georgia","Pierce County",3,14,304,157,147
050,13,229,"Georgia","Pierce County",3,15,307,154,153
050,13,229,"Georgia","Pierce County",3,16,302,153,149
050,13,229,"Georgia","Pierce County",3,17,312,164,148
050,13,229,"Georgia","Pierce County",3,18,250,143,107
050,13,229,"Georgia","Pierce County",3,19,196,108,88
050,13,229,"Georgia","Pierce County",3,20,222,117,105
050,13,229,"Georgia","Pierce County",3,21,231,119,112
050,13,229,"Georgia","Pierce County",3,22,245,121,124
050,13,229,"Georgia","Pierce County",3,23,282,137,145
050,13,229,"Georgia","Pierce County",3,24,219,114,105
050,13,229,"Georgia","Pierce County",3,25,205,95,110
050,13,229,"Georgia","Pierce County",3,26,215,108,107
050,13,229,"Georgia","Pierce County",3,27,229,124,105
050,13,229,"Georgia","Pierce County",3,28,231,126,105
050,13,229,"Georgia","Pierce County",3,29,246,124,122
050,13,229,"Georgia","Pierce County",3,30,251,129,122
050,13,229,"Georgia","Pierce County",3,31,245,117,128
050,13,229,"Georgia","Pierce County",3,32,235,108,127
050,13,229,"Georgia","Pierce County",3,33,232,115,117
050,13,229,"Georgia","Pierce County",3,34,227,113,114
050,13,229,"Georgia","Pierce County",3,35,234,118,116
050,13,229,"Georgia","Pierce County",3,36,237,109,128
050,13,229,"Georgia","Pierce County",3,37,239,116,123
050,13,229,"Georgia","Pierce County",3,38,244,114,130
050,13,229,"Georgia","Pierce County",3,39,252,127,125
050,13,229,"Georgia","Pierce County",3,40,250,119,131
050,13,229,"Georgia","Pierce County",3,41,279,140,139
050,13,229,"Georgia","Pierce County",3,42,255,127,128
050,13,229,"Georgia","Pierce County",3,43,250,124,126
050,13,229,"Georgia","Pierce County",3,44,253,125,128
050,13,229,"Georgia","Pierce County",3,45,229,114,115
050,13,229,"Georgia","Pierce County",3,46,247,125,122
050,13,229,"Georgia","Pierce County",3,47,247,128,119
050,13,229,"Georgia","Pierce County",3,48,248,126,122
050,13,229,"Georgia","Pierce County",3,49,276,133,143
050,13,229,"Georgia","Pierce County",3,50,291,147,144
050,13,229,"Georgia","Pierce County",3,51,287,149,138
050,13,229,"Georgia","Pierce County",3,52,287,149,138
050,13,229,"Georgia","Pierce County",3,53,262,137,125
050,13,229,"Georgia","Pierce County",3,54,243,114,129
050,13,229,"Georgia","Pierce County",3,55,247,127,120
050,13,229,"Georgia","Pierce County",3,56,268,138,130
050,13,229,"Georgia","Pierce County",3,57,263,136,127
050,13,229,"Georgia","Pierce County",3,58,270,135,135
050,13,229,"Georgia","Pierce County",3,59,268,137,131
050,13,229,"Georgia","Pierce County",3,60,266,138,128
050,13,229,"Georgia","Pierce County",3,61,242,127,115
050,13,229,"Georgia","Pierce County",3,62,235,117,118
050,13,229,"Georgia","Pierce County",3,63,247,120,127
050,13,229,"Georgia","Pierce County",3,64,246,124,122
050,13,229,"Georgia","Pierce County",3,65,225,106,119
050,13,229,"Georgia","Pierce County",3,66,216,101,115
050,13,229,"Georgia","Pierce County",3,67,202,91,111
050,13,229,"Georgia","Pierce County",3,68,205,86,119
050,13,229,"Georgia","Pierce County",3,69,217,104,113
050,13,229,"Georgia","Pierce County",3,70,221,104,117
050,13,229,"Georgia","Pierce County",3,71,202,91,111
050,13,229,"Georgia","Pierce County",3,72,187,89,98
050,13,229,"Georgia","Pierce County",3,73,196,89,107
050,13,229,"Georgia","Pierce County",3,74,207,101,106
050,13,229,"Georgia","Pierce County",3,75,142,74,68
050,13,229,"Georgia","Pierce County",3,76,136,64,72
050,13,229,"Georgia","Pierce County",3,77,134,62,72
050,13,229,"Georgia","Pierce County",3,78,132,64,68
050,13,229,"Georgia","Pierce County",3,79,123,51,72
050,13,229,"Georgia","Pierce County",3,80,99,46,53
050,13,229,"Georgia","Pierce County",3,81,87,33,54
050,13,229,"Georgia","Pierce County",3,82,81,37,44
050,13,229,"Georgia","Pierce County",3,83,60,23,37
050,13,229,"Georgia","Pierce County",3,84,53,24,29
050,13,229,"Georgia","Pierce County",3,85,271,128,143
050,13,229,"Georgia","Pierce County",4,0,248,118,130
050,13,229,"Georgia","Pierce County",4,1,233,103,130
050,13,229,"Georgia","Pierce County",4,2,273,132,141
050,13,229,"Georgia","Pierce County",4,3,264,132,132
050,13,229,"Georgia","Pierce County",4,4,268,130,138
050,13,229,"Georgia","Pierce County",4,5,281,156,125
050,13,229,"Georgia","Pierce County",4,6,287,142,145
050,13,229,"Georgia","Pierce County",4,7,271,133,138
050,13,229,"Georgia","Pierce County",4,8,252,128,124
050,13,229,"Georgia","Pierce County",4,9,280,138,142
050,13,229,"Georgia","Pierce County",4,10,281,141,140
050,13,229,"Georgia","Pierce County",4,11,271,152,119
050,13,229,"Georgia","Pierce County",4,12,277,138,139
050,13,229,"Georgia","Pierce County",4,13,287,152,135
050,13,229,"Georgia","Pierce County",4,14,313,170,143
050,13,229,"Georgia","Pierce County",4,15,313,168,145
050,13,229,"Georgia","Pierce County",4,16,316,157,159
050,13,229,"Georgia","Pierce County",4,17,304,158,146
050,13,229,"Georgia","Pierce County",4,18,270,146,124
050,13,229,"Georgia","Pierce County",4,19,191,113,78
050,13,229,"Georgia","Pierce County",4,20,208,114,94
050,13,229,"Georgia","Pierce County",4,21,212,113,99
050,13,229,"Georgia","Pierce County",4,22,240,121,119
050,13,229,"Georgia","Pierce County",4,23,252,132,120
050,13,229,"Georgia","Pierce County",4,24,275,135,140
050,13,229,"Georgia","Pierce County",4,25,218,116,102
050,13,229,"Georgia","Pierce County",4,26,204,101,103
050,13,229,"Georgia","Pierce County",4,27,213,99,114
050,13,229,"Georgia","Pierce County",4,28,237,122,115
050,13,229,"Georgia","Pierce County",4,29,232,131,101
050,13,229,"Georgia","Pierce County",4,30,251,132,119
050,13,229,"Georgia","Pierce County",4,31,244,127,117
050,13,229,"Georgia","Pierce County",4,32,254,131,123
050,13,229,"Georgia","Pierce County",4,33,247,108,139
050,13,229,"Georgia","Pierce County",4,34,249,119,130
050,13,229,"Georgia","Pierce County",4,35,226,112,114
050,13,229,"Georgia","Pierce County",4,36,244,124,120
050,13,229,"Georgia","Pierce County",4,37,243,110,133
050,13,229,"Georgia","Pierce County",4,38,249,123,126
050,13,229,"Georgia","Pierce County",4,39,245,118,127
050,13,229,"Georgia","Pierce County",4,40,256,125,131
050,13,229,"Georgia","Pierce County",4,41,247,122,125
050,13,229,"Georgia","Pierce County",4,42,275,142,133
050,13,229,"Georgia","Pierce County",4,43,265,130,135
050,13,229,"Georgia","Pierce County",4,44,270,131,139
050,13,229,"Georgia","Pierce County",4,45,252,129,123
050,13,229,"Georgia","Pierce County",4,46,228,120,108
050,13,229,"Georgia","Pierce County",4,47,255,129,126
050,13,229,"Georgia","Pierce County",4,48,239,126,113
050,13,229,"Georgia","Pierce County",4,49,247,121,126
050,13,229,"Georgia","Pierce County",4,50,282,138,144
050,13,229,"Georgia","Pierce County",4,51,275,142,133
050,13,229,"Georgia","Pierce County",4,52,296,156,140
050,13,229,"Georgia","Pierce County",4,53,299,153,146
050,13,229,"Georgia","Pierce County",4,54,260,132,128
050,13,229,"Georgia","Pierce County",4,55,242,112,130
050,13,229,"Georgia","Pierce County",4,56,252,129,123
050,13,229,"Georgia","Pierce County",4,57,275,144,131
050,13,229,"Georgia","Pierce County",4,58,259,134,125
050,13,229,"Georgia","Pierce County",4,59,260,129,131
050,13,229,"Georgia","Pierce County",4,60,259,129,130
050,13,229,"Georgia","Pierce County",4,61,266,138,128
050,13,229,"Georgia","Pierce County",4,62,242,128,114
050,13,229,"Georgia","Pierce County",4,63,227,115,112
050,13,229,"Georgia","Pierce County",4,64,251,123,128
050,13,229,"Georgia","Pierce County",4,65,241,119,122
050,13,229,"Georgia","Pierce County",4,66,221,107,114
050,13,229,"Georgia","Pierce County",4,67,220,102,118
050,13,229,"Georgia","Pierce County",4,68,198,90,108
050,13,229,"Georgia","Pierce County",4,69,192,81,111
050,13,229,"Georgia","Pierce County",4,70,217,102,115
050,13,229,"Georgia","Pierce County",4,71,216,98,118
050,13,229,"Georgia","Pierce County",4,72,197,90,107
050,13,229,"Georgia","Pierce County",4,73,181,87,94
050,13,229,"Georgia","Pierce County",4,74,190,85,105
050,13,229,"Georgia","Pierce County",4,75,196,95,101
050,13,229,"Georgia","Pierce County",4,76,139,69,70
050,13,229,"Georgia","Pierce County",4,77,128,60,68
050,13,229,"Georgia","Pierce County",4,78,131,64,67
050,13,229,"Georgia","Pierce County",4,79,123,57,66
050,13,229,"Georgia","Pierce County",4,80,118,49,69
050,13,229,"Georgia","Pierce County",4,81,95,44,51
050,13,229,"Georgia","Pierce County",4,82,77,29,48
050,13,229,"Georgia","Pierce County",4,83,70,34,36
050,13,229,"Georgia","Pierce County",4,84,55,19,36
050,13,229,"Georgia","Pierce County",4,85,283,137,146
050,13,229,"Georgia","Pierce County",5,0,253,121,132
050,13,229,"Georgia","Pierce County",5,1,254,111,143
050,13,229,"Georgia","Pierce County",5,2,248,112,136
050,13,229,"Georgia","Pierce County",5,3,255,122,133
050,13,229,"Georgia","Pierce County",5,4,267,132,135
050,13,229,"Georgia","Pierce County",5,5,283,135,148
050,13,229,"Georgia","Pierce County",5,6,283,150,133
050,13,229,"Georgia","Pierce County",5,7,295,149,146
050,13,229,"Georgia","Pierce County",5,8,273,133,140
050,13,229,"Georgia","Pierce County",5,9,255,130,125
050,13,229,"Georgia","Pierce County",5,10,280,136,144
050,13,229,"Georgia","Pierce County",5,11,283,144,139
050,13,229,"Georgia","Pierce County",5,12,273,153,120
050,13,229,"Georgia","Pierce County",5,13,270,134,136
050,13,229,"Georgia","Pierce County",5,14,296,159,137
050,13,229,"Georgia","Pierce County",5,15,320,177,143
050,13,229,"Georgia","Pierce County",5,16,319,172,147
050,13,229,"Georgia","Pierce County",5,17,320,164,156
050,13,229,"Georgia","Pierce County",5,18,253,130,123
050,13,229,"Georgia","Pierce County",5,19,217,116,101
050,13,229,"Georgia","Pierce County",5,20,214,123,91
050,13,229,"Georgia","Pierce County",5,21,217,119,98
050,13,229,"Georgia","Pierce County",5,22,214,110,104
050,13,229,"Georgia","Pierce County",5,23,240,121,119
050,13,229,"Georgia","Pierce County",5,24,267,135,132
050,13,229,"Georgia","Pierce County",5,25,282,134,148
050,13,229,"Georgia","Pierce County",5,26,238,125,113
050,13,229,"Georgia","Pierce County",5,27,223,112,111
050,13,229,"Georgia","Pierce County",5,28,215,101,114
050,13,229,"Georgia","Pierce County",5,29,239,120,119
050,13,229,"Georgia","Pierce County",5,30,233,138,95
050,13,229,"Georgia","Pierce County",5,31,262,132,130
050,13,229,"Georgia","Pierce County",5,32,264,136,128
050,13,229,"Georgia","Pierce County",5,33,256,121,135
050,13,229,"Georgia","Pierce County",5,34,252,114,138
050,13,229,"Georgia","Pierce County",5,35,254,123,131
050,13,229,"Georgia","Pierce County",5,36,232,121,111
050,13,229,"Georgia","Pierce County",5,37,245,125,120
050,13,229,"Georgia","Pierce County",5,38,262,122,140
050,13,229,"Georgia","Pierce County",5,39,250,130,120
050,13,229,"Georgia","Pierce County",5,40,234,117,117
050,13,229,"Georgia","Pierce County",5,41,266,130,136
050,13,229,"Georgia","Pierce County",5,42,250,126,124
050,13,229,"Georgia","Pierce County",5,43,279,151,128
050,13,229,"Georgia","Pierce County",5,44,272,138,134
050,13,229,"Georgia","Pierce County",5,45,265,131,134
050,13,229,"Georgia","Pierce County",5,46,268,138,130
050,13,229,"Georgia","Pierce County",5,47,235,120,115
050,13,229,"Georgia","Pierce County",5,48,261,133,128
050,13,229,"Georgia","Pierce County",5,49,240,125,115
050,13,229,"Georgia","Pierce County",5,50,256,130,126
050,13,229,"Georgia","Pierce County",5,51,283,135,148
050,13,229,"Georgia","Pierce County",5,52,288,147,141
050,13,229,"Georgia","Pierce County",5,53,289,156,133
050,13,229,"Georgia","Pierce County",5,54,292,151,141
050,13,229,"Georgia","Pierce County",5,55,256,131,125
050,13,229,"Georgia","Pierce County",5,56,248,120,128
050,13,229,"Georgia","Pierce County",5,57,254,131,123
050,13,229,"Georgia","Pierce County",5,58,278,144,134
050,13,229,"Georgia","Pierce County",5,59,261,131,130
050,13,229,"Georgia","Pierce County",5,60,262,131,131
050,13,229,"Georgia","Pierce County",5,61,251,123,128
050,13,229,"Georgia","Pierce County",5,62,257,133,124
050,13,229,"Georgia","Pierce County",5,63,237,122,115
050,13,229,"Georgia","Pierce County",5,64,221,111,110
050,13,229,"Georgia","Pierce County",5,65,239,118,121
050,13,229,"Georgia","Pierce County",5,66,242,120,122
050,13,229,"Georgia","Pierce County",5,67,227,109,118
050,13,229,"Georgia","Pierce County",5,68,211,96,115
050,13,229,"Georgia","Pierce County",5,69,191,86,105
050,13,229,"Georgia","Pierce County",5,70,185,77,108
050,13,229,"Georgia","Pierce County",5,71,212,101,111
050,13,229,"Georgia","Pierce County",5,72,212,98,114
050,13,229,"Georgia","Pierce County",5,73,192,87,105
050,13,229,"Georgia","Pierce County",5,74,170,80,90
050,13,229,"Georgia","Pierce County",5,75,180,82,98
050,13,229,"Georgia","Pierce County",5,76,187,87,100
050,13,229,"Georgia","Pierce County",5,77,131,65,66
050,13,229,"Georgia","Pierce County",5,78,122,58,64
050,13,229,"Georgia","Pierce County",5,79,123,60,63
050,13,229,"Georgia","Pierce County",5,80,116,55,61
050,13,229,"Georgia","Pierce County",5,81,112,45,67
050,13,229,"Georgia","Pierce County",5,82,84,40,44
050,13,229,"Georgia","Pierce County",5,83,69,26,43
050,13,229,"Georgia","Pierce County",5,84,62,32,30
050,13,229,"Georgia","Pierce County",5,85,299,143,156
050,13,231,"Georgia","Pike County",1,0,205,104,101
050,13,231,"Georgia","Pike County",1,1,197,101,96
050,13,231,"Georgia","Pike County",1,2,189,100,89
050,13,231,"Georgia","Pike County",1,3,205,102,103
050,13,231,"Georgia","Pike County",1,4,205,106,99
050,13,231,"Georgia","Pike County",1,5,232,123,109
050,13,231,"Georgia","Pike County",1,6,219,117,102
050,13,231,"Georgia","Pike County",1,7,232,119,113
050,13,231,"Georgia","Pike County",1,8,222,115,107
050,13,231,"Georgia","Pike County",1,9,236,116,120
050,13,231,"Georgia","Pike County",1,10,244,125,119
050,13,231,"Georgia","Pike County",1,11,268,150,118
050,13,231,"Georgia","Pike County",1,12,260,131,129
050,13,231,"Georgia","Pike County",1,13,285,139,146
050,13,231,"Georgia","Pike County",1,14,308,165,143
050,13,231,"Georgia","Pike County",1,15,302,162,140
050,13,231,"Georgia","Pike County",1,16,303,159,144
050,13,231,"Georgia","Pike County",1,17,300,160,140
050,13,231,"Georgia","Pike County",1,18,251,130,121
050,13,231,"Georgia","Pike County",1,19,215,107,108
050,13,231,"Georgia","Pike County",1,20,218,110,108
050,13,231,"Georgia","Pike County",1,21,212,102,110
050,13,231,"Georgia","Pike County",1,22,233,118,115
050,13,231,"Georgia","Pike County",1,23,211,115,96
050,13,231,"Georgia","Pike County",1,24,187,94,93
050,13,231,"Georgia","Pike County",1,25,193,91,102
050,13,231,"Georgia","Pike County",1,26,217,99,118
050,13,231,"Georgia","Pike County",1,27,206,100,106
050,13,231,"Georgia","Pike County",1,28,216,101,115
050,13,231,"Georgia","Pike County",1,29,231,111,120
050,13,231,"Georgia","Pike County",1,30,215,106,109
050,13,231,"Georgia","Pike County",1,31,189,88,101
050,13,231,"Georgia","Pike County",1,32,231,103,128
050,13,231,"Georgia","Pike County",1,33,247,116,131
050,13,231,"Georgia","Pike County",1,34,245,108,137
050,13,231,"Georgia","Pike County",1,35,231,100,131
050,13,231,"Georgia","Pike County",1,36,230,119,111
050,13,231,"Georgia","Pike County",1,37,239,119,120
050,13,231,"Georgia","Pike County",1,38,239,119,120
050,13,231,"Georgia","Pike County",1,39,232,113,119
050,13,231,"Georgia","Pike County",1,40,231,110,121
050,13,231,"Georgia","Pike County",1,41,243,113,130
050,13,231,"Georgia","Pike County",1,42,245,125,120
050,13,231,"Georgia","Pike County",1,43,255,126,129
050,13,231,"Georgia","Pike County",1,44,260,123,137
050,13,231,"Georgia","Pike County",1,45,268,120,148
050,13,231,"Georgia","Pike County",1,46,276,135,141
050,13,231,"Georgia","Pike County",1,47,261,137,124
050,13,231,"Georgia","Pike County",1,48,286,137,149
050,13,231,"Georgia","Pike County",1,49,332,155,177
050,13,231,"Georgia","Pike County",1,50,278,143,135
050,13,231,"Georgia","Pike County",1,51,268,139,129
050,13,231,"Georgia","Pike County",1,52,257,127,130
050,13,231,"Georgia","Pike County",1,53,284,135,149
050,13,231,"Georgia","Pike County",1,54,276,146,130
050,13,231,"Georgia","Pike County",1,55,292,151,141
050,13,231,"Georgia","Pike County",1,56,296,153,143
050,13,231,"Georgia","Pike County",1,57,269,133,136
050,13,231,"Georgia","Pike County",1,58,265,148,117
050,13,231,"Georgia","Pike County",1,59,244,127,117
050,13,231,"Georgia","Pike County",1,60,251,125,126
050,13,231,"Georgia","Pike County",1,61,247,130,117
050,13,231,"Georgia","Pike County",1,62,250,119,131
050,13,231,"Georgia","Pike County",1,63,214,102,112
050,13,231,"Georgia","Pike County",1,64,225,106,119
050,13,231,"Georgia","Pike County",1,65,213,100,113
050,13,231,"Georgia","Pike County",1,66,205,105,100
050,13,231,"Georgia","Pike County",1,67,221,108,113
050,13,231,"Georgia","Pike County",1,68,183,84,99
050,13,231,"Georgia","Pike County",1,69,164,71,93
050,13,231,"Georgia","Pike County",1,70,178,85,93
050,13,231,"Georgia","Pike County",1,71,177,100,77
050,13,231,"Georgia","Pike County",1,72,178,84,94
050,13,231,"Georgia","Pike County",1,73,190,88,102
050,13,231,"Georgia","Pike County",1,74,127,58,69
050,13,231,"Georgia","Pike County",1,75,124,57,67
050,13,231,"Georgia","Pike County",1,76,134,64,70
050,13,231,"Georgia","Pike County",1,77,133,61,72
050,13,231,"Georgia","Pike County",1,78,107,48,59
050,13,231,"Georgia","Pike County",1,79,92,39,53
050,13,231,"Georgia","Pike County",1,80,79,33,46
050,13,231,"Georgia","Pike County",1,81,78,36,42
050,13,231,"Georgia","Pike County",1,82,72,34,38
050,13,231,"Georgia","Pike County",1,83,53,21,32
050,13,231,"Georgia","Pike County",1,84,52,31,21
050,13,231,"Georgia","Pike County",1,85,256,81,175
050,13,231,"Georgia","Pike County",2,0,202,109,93
050,13,231,"Georgia","Pike County",2,1,197,101,96
050,13,231,"Georgia","Pike County",2,2,191,99,92
050,13,231,"Georgia","Pike County",2,3,202,103,99
050,13,231,"Georgia","Pike County",2,4,209,107,102
050,13,231,"Georgia","Pike County",2,5,229,120,109
050,13,231,"Georgia","Pike County",2,6,226,121,105
050,13,231,"Georgia","Pike County",2,7,231,120,111
050,13,231,"Georgia","Pike County",2,8,228,119,109
050,13,231,"Georgia","Pike County",2,9,235,117,118
050,13,231,"Georgia","Pike County",2,10,245,124,121
050,13,231,"Georgia","Pike County",2,11,264,145,119
050,13,231,"Georgia","Pike County",2,12,267,139,128
050,13,231,"Georgia","Pike County",2,13,280,139,141
050,13,231,"Georgia","Pike County",2,14,304,160,144
050,13,231,"Georgia","Pike County",2,15,306,165,141
050,13,231,"Georgia","Pike County",2,16,305,161,144
050,13,231,"Georgia","Pike County",2,17,302,160,142
050,13,231,"Georgia","Pike County",2,18,253,133,120
050,13,231,"Georgia","Pike County",2,19,213,107,106
050,13,231,"Georgia","Pike County",2,20,222,110,112
050,13,231,"Georgia","Pike County",2,21,214,104,110
050,13,231,"Georgia","Pike County",2,22,229,116,113
050,13,231,"Georgia","Pike County",2,23,210,113,97
050,13,231,"Georgia","Pike County",2,24,189,98,91
050,13,231,"Georgia","Pike County",2,25,192,91,101
050,13,231,"Georgia","Pike County",2,26,212,97,115
050,13,231,"Georgia","Pike County",2,27,206,99,107
050,13,231,"Georgia","Pike County",2,28,215,102,113
050,13,231,"Georgia","Pike County",2,29,229,109,120
050,13,231,"Georgia","Pike County",2,30,220,108,112
050,13,231,"Georgia","Pike County",2,31,196,92,104
050,13,231,"Georgia","Pike County",2,32,223,101,122
050,13,231,"Georgia","Pike County",2,33,242,111,131
050,13,231,"Georgia","Pike County",2,34,250,111,139
050,13,231,"Georgia","Pike County",2,35,240,104,136
050,13,231,"Georgia","Pike County",2,36,229,114,115
050,13,231,"Georgia","Pike County",2,37,240,120,120
050,13,231,"Georgia","Pike County",2,38,243,120,123
050,13,231,"Georgia","Pike County",2,39,234,115,119
050,13,231,"Georgia","Pike County",2,40,235,112,123
050,13,231,"Georgia","Pike County",2,41,242,113,129
050,13,231,"Georgia","Pike County",2,42,244,121,123
050,13,231,"Georgia","Pike County",2,43,252,126,126
050,13,231,"Georgia","Pike County",2,44,256,122,134
050,13,231,"Georgia","Pike County",2,45,268,122,146
050,13,231,"Georgia","Pike County",2,46,271,130,141
050,13,231,"Georgia","Pike County",2,47,265,137,128
050,13,231,"Georgia","Pike County",2,48,283,138,145
050,13,231,"Georgia","Pike County",2,49,321,152,169
050,13,231,"Georgia","Pike County",2,50,290,146,144
050,13,231,"Georgia","Pike County",2,51,270,141,129
050,13,231,"Georgia","Pike County",2,52,258,130,128
050,13,231,"Georgia","Pike County",2,53,280,135,145
050,13,231,"Georgia","Pike County",2,54,279,144,135
050,13,231,"Georgia","Pike County",2,55,287,150,137
050,13,231,"Georgia","Pike County",2,56,295,151,144
050,13,231,"Georgia","Pike County",2,57,274,138,136
050,13,231,"Georgia","Pike County",2,58,266,143,123
050,13,231,"Georgia","Pike County",2,59,251,132,119
050,13,231,"Georgia","Pike County",2,60,251,127,124
050,13,231,"Georgia","Pike County",2,61,249,129,120
050,13,231,"Georgia","Pike County",2,62,247,122,125
050,13,231,"Georgia","Pike County",2,63,227,109,118
050,13,231,"Georgia","Pike County",2,64,219,103,116
050,13,231,"Georgia","Pike County",2,65,214,101,113
050,13,231,"Georgia","Pike County",2,66,209,106,103
050,13,231,"Georgia","Pike County",2,67,216,108,108
050,13,231,"Georgia","Pike County",2,68,190,89,101
050,13,231,"Georgia","Pike County",2,69,172,75,97
050,13,231,"Georgia","Pike County",2,70,174,82,92
050,13,231,"Georgia","Pike County",2,71,177,96,81
050,13,231,"Georgia","Pike County",2,72,175,87,88
050,13,231,"Georgia","Pike County",2,73,196,91,105
050,13,231,"Georgia","Pike County",2,74,134,61,73
050,13,231,"Georgia","Pike County",2,75,123,56,67
050,13,231,"Georgia","Pike County",2,76,131,63,68
050,13,231,"Georgia","Pike County",2,77,133,60,73
050,13,231,"Georgia","Pike County",2,78,107,46,61
050,13,231,"Georgia","Pike County",2,79,94,40,54
050,13,231,"Georgia","Pike County",2,80,80,34,46
050,13,231,"Georgia","Pike County",2,81,78,35,43
050,13,231,"Georgia","Pike County",2,82,74,35,39
050,13,231,"Georgia","Pike County",2,83,54,23,31
050,13,231,"Georgia","Pike County",2,84,51,28,23
050,13,231,"Georgia","Pike County",2,85,260,85,175
050,13,231,"Georgia","Pike County",3,0,196,90,106
050,13,231,"Georgia","Pike County",3,1,229,119,110
050,13,231,"Georgia","Pike County",3,2,209,108,101
050,13,231,"Georgia","Pike County",3,3,210,113,97
050,13,231,"Georgia","Pike County",3,4,229,121,108
050,13,231,"Georgia","Pike County",3,5,226,119,107
050,13,231,"Georgia","Pike County",3,6,247,131,116
050,13,231,"Georgia","Pike County",3,7,249,138,111
050,13,231,"Georgia","Pike County",3,8,253,133,120
050,13,231,"Georgia","Pike County",3,9,236,121,115
050,13,231,"Georgia","Pike County",3,10,255,126,129
050,13,231,"Georgia","Pike County",3,11,261,135,126
050,13,231,"Georgia","Pike County",3,12,277,150,127
050,13,231,"Georgia","Pike County",3,13,285,145,140
050,13,231,"Georgia","Pike County",3,14,300,150,150
050,13,231,"Georgia","Pike County",3,15,304,156,148
050,13,231,"Georgia","Pike County",3,16,313,168,145
050,13,231,"Georgia","Pike County",3,17,298,159,139
050,13,231,"Georgia","Pike County",3,18,259,136,123
050,13,231,"Georgia","Pike County",3,19,199,102,97
050,13,231,"Georgia","Pike County",3,20,225,106,119
050,13,231,"Georgia","Pike County",3,21,235,112,123
050,13,231,"Georgia","Pike County",3,22,232,103,129
050,13,231,"Georgia","Pike County",3,23,227,116,111
050,13,231,"Georgia","Pike County",3,24,217,119,98
050,13,231,"Georgia","Pike County",3,25,195,95,100
050,13,231,"Georgia","Pike County",3,26,198,92,106
050,13,231,"Georgia","Pike County",3,27,219,101,118
050,13,231,"Georgia","Pike County",3,28,219,106,113
050,13,231,"Georgia","Pike County",3,29,236,103,133
050,13,231,"Georgia","Pike County",3,30,237,113,124
050,13,231,"Georgia","Pike County",3,31,232,116,116
050,13,231,"Georgia","Pike County",3,32,224,108,116
050,13,231,"Georgia","Pike County",3,33,227,99,128
050,13,231,"Georgia","Pike County",3,34,238,108,130
050,13,231,"Georgia","Pike County",3,35,267,120,147
050,13,231,"Georgia","Pike County",3,36,273,115,158
050,13,231,"Georgia","Pike County",3,37,240,117,123
050,13,231,"Georgia","Pike County",3,38,261,130,131
050,13,231,"Georgia","Pike County",3,39,270,132,138
050,13,231,"Georgia","Pike County",3,40,244,122,122
050,13,231,"Georgia","Pike County",3,41,256,128,128
050,13,231,"Georgia","Pike County",3,42,253,112,141
050,13,231,"Georgia","Pike County",3,43,252,123,129
050,13,231,"Georgia","Pike County",3,44,256,130,126
050,13,231,"Georgia","Pike County",3,45,255,121,134
050,13,231,"Georgia","Pike County",3,46,278,125,153
050,13,231,"Georgia","Pike County",3,47,273,131,142
050,13,231,"Georgia","Pike County",3,48,276,141,135
050,13,231,"Georgia","Pike County",3,49,279,135,144
050,13,231,"Georgia","Pike County",3,50,319,147,172
050,13,231,"Georgia","Pike County",3,51,310,155,155
050,13,231,"Georgia","Pike County",3,52,281,151,130
050,13,231,"Georgia","Pike County",3,53,275,140,135
050,13,231,"Georgia","Pike County",3,54,275,134,141
050,13,231,"Georgia","Pike County",3,55,286,144,142
050,13,231,"Georgia","Pike County",3,56,288,148,140
050,13,231,"Georgia","Pike County",3,57,305,155,150
050,13,231,"Georgia","Pike County",3,58,290,143,147
050,13,231,"Georgia","Pike County",3,59,270,146,124
050,13,231,"Georgia","Pike County",3,60,251,133,118
050,13,231,"Georgia","Pike County",3,61,239,121,118
050,13,231,"Georgia","Pike County",3,62,252,133,119
050,13,231,"Georgia","Pike County",3,63,239,119,120
050,13,231,"Georgia","Pike County",3,64,223,106,117
050,13,231,"Georgia","Pike County",3,65,223,101,122
050,13,231,"Georgia","Pike County",3,66,217,99,118
050,13,231,"Georgia","Pike County",3,67,198,98,100
050,13,231,"Georgia","Pike County",3,68,212,105,107
050,13,231,"Georgia","Pike County",3,69,186,86,100
050,13,231,"Georgia","Pike County",3,70,167,75,92
050,13,231,"Georgia","Pike County",3,71,173,85,88
050,13,231,"Georgia","Pike County",3,72,171,91,80
050,13,231,"Georgia","Pike County",3,73,167,85,82
050,13,231,"Georgia","Pike County",3,74,190,85,105
050,13,231,"Georgia","Pike County",3,75,135,57,78
050,13,231,"Georgia","Pike County",3,76,119,51,68
050,13,231,"Georgia","Pike County",3,77,117,56,61
050,13,231,"Georgia","Pike County",3,78,129,59,70
050,13,231,"Georgia","Pike County",3,79,95,41,54
050,13,231,"Georgia","Pike County",3,80,88,34,54
050,13,231,"Georgia","Pike County",3,81,74,30,44
050,13,231,"Georgia","Pike County",3,82,73,30,43
050,13,231,"Georgia","Pike County",3,83,63,30,33
050,13,231,"Georgia","Pike County",3,84,52,20,32
050,13,231,"Georgia","Pike County",3,85,259,90,169
050,13,231,"Georgia","Pike County",4,0,185,95,90
050,13,231,"Georgia","Pike County",4,1,211,88,123
050,13,231,"Georgia","Pike County",4,2,239,121,118
050,13,231,"Georgia","Pike County",4,3,225,112,113
050,13,231,"Georgia","Pike County",4,4,221,118,103
050,13,231,"Georgia","Pike County",4,5,244,132,112
050,13,231,"Georgia","Pike County",4,6,250,125,125
050,13,231,"Georgia","Pike County",4,7,266,142,124
050,13,231,"Georgia","Pike County",4,8,264,142,122
050,13,231,"Georgia","Pike County",4,9,273,142,131
050,13,231,"Georgia","Pike County",4,10,257,133,124
050,13,231,"Georgia","Pike County",4,11,279,134,145
050,13,231,"Georgia","Pike County",4,12,281,138,143
050,13,231,"Georgia","Pike County",4,13,289,154,135
050,13,231,"Georgia","Pike County",4,14,290,143,147
050,13,231,"Georgia","Pike County",4,15,309,161,148
050,13,231,"Georgia","Pike County",4,16,312,162,150
050,13,231,"Georgia","Pike County",4,17,311,171,140
050,13,231,"Georgia","Pike County",4,18,262,145,117
050,13,231,"Georgia","Pike County",4,19,211,113,98
050,13,231,"Georgia","Pike County",4,20,213,106,107
050,13,231,"Georgia","Pike County",4,21,233,109,124
050,13,231,"Georgia","Pike County",4,22,239,104,135
050,13,231,"Georgia","Pike County",4,23,246,120,126
050,13,231,"Georgia","Pike County",4,24,217,122,95
050,13,231,"Georgia","Pike County",4,25,222,123,99
050,13,231,"Georgia","Pike County",4,26,208,98,110
050,13,231,"Georgia","Pike County",4,27,197,91,106
050,13,231,"Georgia","Pike County",4,28,216,102,114
050,13,231,"Georgia","Pike County",4,29,223,102,121
050,13,231,"Georgia","Pike County",4,30,233,100,133
050,13,231,"Georgia","Pike County",4,31,255,122,133
050,13,231,"Georgia","Pike County",4,32,253,125,128
050,13,231,"Georgia","Pike County",4,33,231,105,126
050,13,231,"Georgia","Pike County",4,34,242,102,140
050,13,231,"Georgia","Pike County",4,35,257,119,138
050,13,231,"Georgia","Pike County",4,36,278,130,148
050,13,231,"Georgia","Pike County",4,37,274,124,150
050,13,231,"Georgia","Pike County",4,38,253,122,131
050,13,231,"Georgia","Pike County",4,39,284,132,152
050,13,231,"Georgia","Pike County",4,40,263,135,128
050,13,231,"Georgia","Pike County",4,41,236,113,123
050,13,231,"Georgia","Pike County",4,42,258,131,127
050,13,231,"Georgia","Pike County",4,43,256,115,141
050,13,231,"Georgia","Pike County",4,44,259,127,132
050,13,231,"Georgia","Pike County",4,45,257,135,122
050,13,231,"Georgia","Pike County",4,46,253,118,135
050,13,231,"Georgia","Pike County",4,47,287,137,150
050,13,231,"Georgia","Pike County",4,48,284,139,145
050,13,231,"Georgia","Pike County",4,49,278,150,128
050,13,231,"Georgia","Pike County",4,50,279,135,144
050,13,231,"Georgia","Pike County",4,51,336,155,181
050,13,231,"Georgia","Pike County",4,52,299,154,145
050,13,231,"Georgia","Pike County",4,53,283,152,131
050,13,231,"Georgia","Pike County",4,54,272,140,132
050,13,231,"Georgia","Pike County",4,55,286,133,153
050,13,231,"Georgia","Pike County",4,56,294,142,152
050,13,231,"Georgia","Pike County",4,57,284,146,138
050,13,231,"Georgia","Pike County",4,58,303,160,143
050,13,231,"Georgia","Pike County",4,59,277,135,142
050,13,231,"Georgia","Pike County",4,60,263,140,123
050,13,231,"Georgia","Pike County",4,61,250,130,120
050,13,231,"Georgia","Pike County",4,62,243,127,116
050,13,231,"Georgia","Pike County",4,63,250,129,121
050,13,231,"Georgia","Pike County",4,64,242,120,122
050,13,231,"Georgia","Pike County",4,65,223,106,117
050,13,231,"Georgia","Pike County",4,66,224,99,125
050,13,231,"Georgia","Pike County",4,67,216,99,117
050,13,231,"Georgia","Pike County",4,68,193,92,101
050,13,231,"Georgia","Pike County",4,69,212,102,110
050,13,231,"Georgia","Pike County",4,70,186,85,101
050,13,231,"Georgia","Pike County",4,71,168,79,89
050,13,231,"Georgia","Pike County",4,72,161,72,89
050,13,231,"Georgia","Pike County",4,73,173,87,86
050,13,231,"Georgia","Pike County",4,74,163,79,84
050,13,231,"Georgia","Pike County",4,75,188,80,108
050,13,231,"Georgia","Pike County",4,76,134,57,77
050,13,231,"Georgia","Pike County",4,77,111,48,63
050,13,231,"Georgia","Pike County",4,78,114,56,58
050,13,231,"Georgia","Pike County",4,79,122,54,68
050,13,231,"Georgia","Pike County",4,80,90,37,53
050,13,231,"Georgia","Pike County",4,81,85,32,53
050,13,231,"Georgia","Pike County",4,82,63,21,42
050,13,231,"Georgia","Pike County",4,83,60,23,37
050,13,231,"Georgia","Pike County",4,84,53,25,28
050,13,231,"Georgia","Pike County",4,85,271,89,182
050,13,231,"Georgia","Pike County",5,0,194,100,94
050,13,231,"Georgia","Pike County",5,1,205,110,95
050,13,231,"Georgia","Pike County",5,2,222,96,126
050,13,231,"Georgia","Pike County",5,3,248,127,121
050,13,231,"Georgia","Pike County",5,4,235,119,116
050,13,231,"Georgia","Pike County",5,5,241,129,112
050,13,231,"Georgia","Pike County",5,6,249,135,114
050,13,231,"Georgia","Pike County",5,7,267,137,130
050,13,231,"Georgia","Pike County",5,8,267,144,123
050,13,231,"Georgia","Pike County",5,9,272,151,121
050,13,231,"Georgia","Pike County",5,10,302,151,151
050,13,231,"Georgia","Pike County",5,11,267,139,128
050,13,231,"Georgia","Pike County",5,12,293,147,146
050,13,231,"Georgia","Pike County",5,13,288,141,147
050,13,231,"Georgia","Pike County",5,14,290,154,136
050,13,231,"Georgia","Pike County",5,15,292,151,141
050,13,231,"Georgia","Pike County",5,16,308,163,145
050,13,231,"Georgia","Pike County",5,17,315,165,150
050,13,231,"Georgia","Pike County",5,18,261,146,115
050,13,231,"Georgia","Pike County",5,19,208,114,94
050,13,231,"Georgia","Pike County",5,20,236,125,111
050,13,231,"Georgia","Pike County",5,21,225,110,115
050,13,231,"Georgia","Pike County",5,22,249,118,131
050,13,231,"Georgia","Pike County",5,23,255,112,143
050,13,231,"Georgia","Pike County",5,24,262,134,128
050,13,231,"Georgia","Pike County",5,25,226,122,104
050,13,231,"Georgia","Pike County",5,26,226,126,100
050,13,231,"Georgia","Pike County",5,27,212,104,108
050,13,231,"Georgia","Pike County",5,28,194,87,107
050,13,231,"Georgia","Pike County",5,29,223,103,120
050,13,231,"Georgia","Pike County",5,30,226,97,129
050,13,231,"Georgia","Pike County",5,31,254,108,146
050,13,231,"Georgia","Pike County",5,32,273,135,138
050,13,231,"Georgia","Pike County",5,33,264,138,126
050,13,231,"Georgia","Pike County",5,34,242,106,136
050,13,231,"Georgia","Pike County",5,35,263,112,151
050,13,231,"Georgia","Pike County",5,36,273,126,147
050,13,231,"Georgia","Pike County",5,37,289,137,152
050,13,231,"Georgia","Pike County",5,38,299,133,166
050,13,231,"Georgia","Pike County",5,39,272,138,134
050,13,231,"Georgia","Pike County",5,40,279,131,148
050,13,231,"Georgia","Pike County",5,41,276,143,133
050,13,231,"Georgia","Pike County",5,42,247,120,127
050,13,231,"Georgia","Pike County",5,43,251,127,124
050,13,231,"Georgia","Pike County",5,44,256,116,140
050,13,231,"Georgia","Pike County",5,45,262,132,130
050,13,231,"Georgia","Pike County",5,46,259,134,125
050,13,231,"Georgia","Pike County",5,47,253,121,132
050,13,231,"Georgia","Pike County",5,48,298,139,159
050,13,231,"Georgia","Pike County",5,49,295,140,155
050,13,231,"Georgia","Pike County",5,50,280,156,124
050,13,231,"Georgia","Pike County",5,51,291,141,150
050,13,231,"Georgia","Pike County",5,52,339,163,176
050,13,231,"Georgia","Pike County",5,53,310,155,155
050,13,231,"Georgia","Pike County",5,54,282,150,132
050,13,231,"Georgia","Pike County",5,55,280,144,136
050,13,231,"Georgia","Pike County",5,56,287,134,153
050,13,231,"Georgia","Pike County",5,57,295,149,146
050,13,231,"Georgia","Pike County",5,58,286,142,144
050,13,231,"Georgia","Pike County",5,59,308,164,144
050,13,231,"Georgia","Pike County",5,60,280,132,148
050,13,231,"Georgia","Pike County",5,61,270,141,129
050,13,231,"Georgia","Pike County",5,62,252,130,122
050,13,231,"Georgia","Pike County",5,63,244,127,117
050,13,231,"Georgia","Pike County",5,64,249,128,121
050,13,231,"Georgia","Pike County",5,65,247,119,128
050,13,231,"Georgia","Pike County",5,66,229,106,123
050,13,231,"Georgia","Pike County",5,67,226,100,126
050,13,231,"Georgia","Pike County",5,68,215,96,119
050,13,231,"Georgia","Pike County",5,69,198,94,104
050,13,231,"Georgia","Pike County",5,70,210,102,108
050,13,231,"Georgia","Pike County",5,71,188,80,108
050,13,231,"Georgia","Pike County",5,72,163,76,87
050,13,231,"Georgia","Pike County",5,73,164,75,89
050,13,231,"Georgia","Pike County",5,74,165,87,78
050,13,231,"Georgia","Pike County",5,75,159,77,82
050,13,231,"Georgia","Pike County",5,76,185,79,106
050,13,231,"Georgia","Pike County",5,77,125,52,73
050,13,231,"Georgia","Pike County",5,78,110,49,61
050,13,231,"Georgia","Pike County",5,79,105,51,54
050,13,231,"Georgia","Pike County",5,80,112,46,66
050,13,231,"Georgia","Pike County",5,81,80,32,48
050,13,231,"Georgia","Pike County",5,82,73,25,48
050,13,231,"Georgia","Pike County",5,83,56,17,39
050,13,231,"Georgia","Pike County",5,84,54,20,34
050,13,231,"Georgia","Pike County",5,85,281,97,184
050,13,233,"Georgia","Polk County",1,0,559,287,272
050,13,233,"Georgia","Polk County",1,1,530,274,256
050,13,233,"Georgia","Polk County",1,2,576,281,295
050,13,233,"Georgia","Polk County",1,3,581,280,301
050,13,233,"Georgia","Polk County",1,4,582,300,282
050,13,233,"Georgia","Polk County",1,5,596,302,294
050,13,233,"Georgia","Polk County",1,6,570,297,273
050,13,233,"Georgia","Polk County",1,7,561,285,276
050,13,233,"Georgia","Polk County",1,8,573,270,303
050,13,233,"Georgia","Polk County",1,9,580,262,318
050,13,233,"Georgia","Polk County",1,10,588,289,299
050,13,233,"Georgia","Polk County",1,11,686,350,336
050,13,233,"Georgia","Polk County",1,12,685,346,339
050,13,233,"Georgia","Polk County",1,13,707,365,342
050,13,233,"Georgia","Polk County",1,14,644,333,311
050,13,233,"Georgia","Polk County",1,15,649,342,307
050,13,233,"Georgia","Polk County",1,16,668,338,330
050,13,233,"Georgia","Polk County",1,17,656,343,313
050,13,233,"Georgia","Polk County",1,18,558,299,259
050,13,233,"Georgia","Polk County",1,19,450,235,215
050,13,233,"Georgia","Polk County",1,20,476,254,222
050,13,233,"Georgia","Polk County",1,21,480,257,223
050,13,233,"Georgia","Polk County",1,22,503,266,237
050,13,233,"Georgia","Polk County",1,23,577,301,276
050,13,233,"Georgia","Polk County",1,24,559,286,273
050,13,233,"Georgia","Polk County",1,25,500,247,253
050,13,233,"Georgia","Polk County",1,26,510,255,255
050,13,233,"Georgia","Polk County",1,27,549,271,278
050,13,233,"Georgia","Polk County",1,28,553,273,280
050,13,233,"Georgia","Polk County",1,29,567,279,288
050,13,233,"Georgia","Polk County",1,30,588,290,298
050,13,233,"Georgia","Polk County",1,31,628,300,328
050,13,233,"Georgia","Polk County",1,32,581,282,299
050,13,233,"Georgia","Polk County",1,33,545,272,273
050,13,233,"Georgia","Polk County",1,34,555,271,284
050,13,233,"Georgia","Polk County",1,35,589,296,293
050,13,233,"Georgia","Polk County",1,36,533,288,245
050,13,233,"Georgia","Polk County",1,37,555,283,272
050,13,233,"Georgia","Polk County",1,38,517,268,249
050,13,233,"Georgia","Polk County",1,39,527,281,246
050,13,233,"Georgia","Polk County",1,40,534,276,258
050,13,233,"Georgia","Polk County",1,41,528,263,265
050,13,233,"Georgia","Polk County",1,42,487,237,250
050,13,233,"Georgia","Polk County",1,43,477,237,240
050,13,233,"Georgia","Polk County",1,44,471,214,257
050,13,233,"Georgia","Polk County",1,45,487,244,243
050,13,233,"Georgia","Polk County",1,46,517,265,252
050,13,233,"Georgia","Polk County",1,47,506,253,253
050,13,233,"Georgia","Polk County",1,48,528,243,285
050,13,233,"Georgia","Polk County",1,49,576,289,287
050,13,233,"Georgia","Polk County",1,50,555,290,265
050,13,233,"Georgia","Polk County",1,51,536,267,269
050,13,233,"Georgia","Polk County",1,52,536,266,270
050,13,233,"Georgia","Polk County",1,53,553,285,268
050,13,233,"Georgia","Polk County",1,54,581,291,290
050,13,233,"Georgia","Polk County",1,55,560,295,265
050,13,233,"Georgia","Polk County",1,56,567,280,287
050,13,233,"Georgia","Polk County",1,57,566,276,290
050,13,233,"Georgia","Polk County",1,58,574,268,306
050,13,233,"Georgia","Polk County",1,59,602,298,304
050,13,233,"Georgia","Polk County",1,60,553,262,291
050,13,233,"Georgia","Polk County",1,61,537,253,284
050,13,233,"Georgia","Polk County",1,62,517,246,271
050,13,233,"Georgia","Polk County",1,63,518,243,275
050,13,233,"Georgia","Polk County",1,64,512,240,272
050,13,233,"Georgia","Polk County",1,65,481,224,257
050,13,233,"Georgia","Polk County",1,66,412,191,221
050,13,233,"Georgia","Polk County",1,67,416,185,231
050,13,233,"Georgia","Polk County",1,68,412,191,221
050,13,233,"Georgia","Polk County",1,69,406,198,208
050,13,233,"Georgia","Polk County",1,70,396,203,193
050,13,233,"Georgia","Polk County",1,71,379,180,199
050,13,233,"Georgia","Polk County",1,72,393,182,211
050,13,233,"Georgia","Polk County",1,73,407,165,242
050,13,233,"Georgia","Polk County",1,74,274,105,169
050,13,233,"Georgia","Polk County",1,75,306,140,166
050,13,233,"Georgia","Polk County",1,76,282,131,151
050,13,233,"Georgia","Polk County",1,77,273,120,153
050,13,233,"Georgia","Polk County",1,78,232,105,127
050,13,233,"Georgia","Polk County",1,79,209,97,112
050,13,233,"Georgia","Polk County",1,80,185,83,102
050,13,233,"Georgia","Polk County",1,81,169,73,96
050,13,233,"Georgia","Polk County",1,82,144,64,80
050,13,233,"Georgia","Polk County",1,83,123,57,66
050,13,233,"Georgia","Polk County",1,84,113,47,66
050,13,233,"Georgia","Polk County",1,85,570,178,392
050,13,233,"Georgia","Polk County",2,0,546,278,268
050,13,233,"Georgia","Polk County",2,1,540,277,263
050,13,233,"Georgia","Polk County",2,2,570,281,289
050,13,233,"Georgia","Polk County",2,3,579,279,300
050,13,233,"Georgia","Polk County",2,4,587,296,291
050,13,233,"Georgia","Polk County",2,5,592,299,293
050,13,233,"Georgia","Polk County",2,6,576,299,277
050,13,233,"Georgia","Polk County",2,7,561,288,273
050,13,233,"Georgia","Polk County",2,8,567,270,297
050,13,233,"Georgia","Polk County",2,9,578,263,315
050,13,233,"Georgia","Polk County",2,10,588,284,304
050,13,233,"Georgia","Polk County",2,11,660,333,327
050,13,233,"Georgia","Polk County",2,12,690,350,340
050,13,233,"Georgia","Polk County",2,13,700,360,340
050,13,233,"Georgia","Polk County",2,14,659,342,317
050,13,233,"Georgia","Polk County",2,15,649,340,309
050,13,233,"Georgia","Polk County",2,16,661,339,322
050,13,233,"Georgia","Polk County",2,17,656,340,316
050,13,233,"Georgia","Polk County",2,18,557,298,259
050,13,233,"Georgia","Polk County",2,19,459,240,219
050,13,233,"Georgia","Polk County",2,20,485,258,227
050,13,233,"Georgia","Polk County",2,21,481,255,226
050,13,233,"Georgia","Polk County",2,22,508,268,240
050,13,233,"Georgia","Polk County",2,23,569,297,272
050,13,233,"Georgia","Polk County",2,24,569,294,275
050,13,233,"Georgia","Polk County",2,25,521,260,261
050,13,233,"Georgia","Polk County",2,26,514,256,258
050,13,233,"Georgia","Polk County",2,27,542,268,274
050,13,233,"Georgia","Polk County",2,28,554,274,280
050,13,233,"Georgia","Polk County",2,29,565,278,287
050,13,233,"Georgia","Polk County",2,30,587,289,298
050,13,233,"Georgia","Polk County",2,31,620,299,321
050,13,233,"Georgia","Polk County",2,32,588,286,302
050,13,233,"Georgia","Polk County",2,33,552,273,279
050,13,233,"Georgia","Polk County",2,34,554,272,282
050,13,233,"Georgia","Polk County",2,35,581,290,291
050,13,233,"Georgia","Polk County",2,36,545,288,257
050,13,233,"Georgia","Polk County",2,37,546,281,265
050,13,233,"Georgia","Polk County",2,38,531,276,255
050,13,233,"Georgia","Polk County",2,39,526,279,247
050,13,233,"Georgia","Polk County",2,40,538,281,257
050,13,233,"Georgia","Polk County",2,41,533,268,265
050,13,233,"Georgia","Polk County",2,42,493,240,253
050,13,233,"Georgia","Polk County",2,43,483,238,245
050,13,233,"Georgia","Polk County",2,44,466,219,247
050,13,233,"Georgia","Polk County",2,45,483,236,247
050,13,233,"Georgia","Polk County",2,46,510,260,250
050,13,233,"Georgia","Polk County",2,47,507,253,254
050,13,233,"Georgia","Polk County",2,48,524,247,277
050,13,233,"Georgia","Polk County",2,49,572,283,289
050,13,233,"Georgia","Polk County",2,50,563,292,271
050,13,233,"Georgia","Polk County",2,51,538,273,265
050,13,233,"Georgia","Polk County",2,52,534,267,267
050,13,233,"Georgia","Polk County",2,53,550,280,270
050,13,233,"Georgia","Polk County",2,54,573,289,284
050,13,233,"Georgia","Polk County",2,55,566,295,271
050,13,233,"Georgia","Polk County",2,56,567,286,281
050,13,233,"Georgia","Polk County",2,57,566,277,289
050,13,233,"Georgia","Polk County",2,58,569,267,302
050,13,233,"Georgia","Polk County",2,59,595,291,304
050,13,233,"Georgia","Polk County",2,60,560,269,291
050,13,233,"Georgia","Polk County",2,61,539,255,284
050,13,233,"Georgia","Polk County",2,62,519,246,273
050,13,233,"Georgia","Polk County",2,63,519,245,274
050,13,233,"Georgia","Polk County",2,64,510,240,270
050,13,233,"Georgia","Polk County",2,65,486,227,259
050,13,233,"Georgia","Polk County",2,66,432,201,231
050,13,233,"Georgia","Polk County",2,67,410,184,226
050,13,233,"Georgia","Polk County",2,68,407,187,220
050,13,233,"Georgia","Polk County",2,69,409,199,210
050,13,233,"Georgia","Polk County",2,70,396,200,196
050,13,233,"Georgia","Polk County",2,71,376,180,196
050,13,233,"Georgia","Polk County",2,72,384,179,205
050,13,233,"Georgia","Polk County",2,73,421,177,244
050,13,233,"Georgia","Polk County",2,74,285,111,174
050,13,233,"Georgia","Polk County",2,75,296,131,165
050,13,233,"Georgia","Polk County",2,76,285,131,154
050,13,233,"Georgia","Polk County",2,77,282,126,156
050,13,233,"Georgia","Polk County",2,78,239,106,133
050,13,233,"Georgia","Polk County",2,79,210,97,113
050,13,233,"Georgia","Polk County",2,80,189,85,104
050,13,233,"Georgia","Polk County",2,81,170,75,95
050,13,233,"Georgia","Polk County",2,82,146,63,83
050,13,233,"Georgia","Polk County",2,83,124,58,66
050,13,233,"Georgia","Polk County",2,84,111,47,64
050,13,233,"Georgia","Polk County",2,85,576,180,396
050,13,233,"Georgia","Polk County",3,0,526,274,252
050,13,233,"Georgia","Polk County",3,1,567,278,289
050,13,233,"Georgia","Polk County",3,2,579,292,287
050,13,233,"Georgia","Polk County",3,3,587,283,304
050,13,233,"Georgia","Polk County",3,4,567,271,296
050,13,233,"Georgia","Polk County",3,5,591,305,286
050,13,233,"Georgia","Polk County",3,6,601,307,294
050,13,233,"Georgia","Polk County",3,7,586,299,287
050,13,233,"Georgia","Polk County",3,8,579,294,285
050,13,233,"Georgia","Polk County",3,9,582,277,305
050,13,233,"Georgia","Polk County",3,10,602,274,328
050,13,233,"Georgia","Polk County",3,11,600,301,299
050,13,233,"Georgia","Polk County",3,12,663,332,331
050,13,233,"Georgia","Polk County",3,13,698,362,336
050,13,233,"Georgia","Polk County",3,14,701,358,343
050,13,233,"Georgia","Polk County",3,15,668,364,304
050,13,233,"Georgia","Polk County",3,16,650,345,305
050,13,233,"Georgia","Polk County",3,17,656,332,324
050,13,233,"Georgia","Polk County",3,18,585,308,277
050,13,233,"Georgia","Polk County",3,19,476,254,222
050,13,233,"Georgia","Polk County",3,20,505,256,249
050,13,233,"Georgia","Polk County",3,21,515,264,251
050,13,233,"Georgia","Polk County",3,22,524,253,271
050,13,233,"Georgia","Polk County",3,23,532,267,265
050,13,233,"Georgia","Polk County",3,24,583,304,279
050,13,233,"Georgia","Polk County",3,25,582,300,282
050,13,233,"Georgia","Polk County",3,26,542,269,273
050,13,233,"Georgia","Polk County",3,27,528,258,270
050,13,233,"Georgia","Polk County",3,28,554,276,278
050,13,233,"Georgia","Polk County",3,29,552,273,279
050,13,233,"Georgia","Polk County",3,30,560,273,287
050,13,233,"Georgia","Polk County",3,31,606,290,316
050,13,233,"Georgia","Polk County",3,32,604,291,313
050,13,233,"Georgia","Polk County",3,33,589,290,299
050,13,233,"Georgia","Polk County",3,34,588,284,304
050,13,233,"Georgia","Polk County",3,35,551,266,285
050,13,233,"Georgia","Polk County",3,36,586,294,292
050,13,233,"Georgia","Polk County",3,37,554,288,266
050,13,233,"Georgia","Polk County",3,38,546,278,268
050,13,233,"Georgia","Polk County",3,39,559,283,276
050,13,233,"Georgia","Polk County",3,40,534,282,252
050,13,233,"Georgia","Polk County",3,41,538,280,258
050,13,233,"Georgia","Polk County",3,42,529,262,267
050,13,233,"Georgia","Polk County",3,43,489,239,250
050,13,233,"Georgia","Polk County",3,44,467,224,243
050,13,233,"Georgia","Polk County",3,45,472,221,251
050,13,233,"Georgia","Polk County",3,46,492,229,263
050,13,233,"Georgia","Polk County",3,47,521,265,256
050,13,233,"Georgia","Polk County",3,48,516,254,262
050,13,233,"Georgia","Polk County",3,49,535,248,287
050,13,233,"Georgia","Polk County",3,50,565,271,294
050,13,233,"Georgia","Polk County",3,51,554,285,269
050,13,233,"Georgia","Polk County",3,52,538,275,263
050,13,233,"Georgia","Polk County",3,53,530,270,260
050,13,233,"Georgia","Polk County",3,54,549,276,273
050,13,233,"Georgia","Polk County",3,55,574,291,283
050,13,233,"Georgia","Polk County",3,56,557,291,266
050,13,233,"Georgia","Polk County",3,57,569,285,284
050,13,233,"Georgia","Polk County",3,58,564,270,294
050,13,233,"Georgia","Polk County",3,59,564,263,301
050,13,233,"Georgia","Polk County",3,60,577,276,301
050,13,233,"Georgia","Polk County",3,61,557,270,287
050,13,233,"Georgia","Polk County",3,62,540,259,281
050,13,233,"Georgia","Polk County",3,63,509,234,275
050,13,233,"Georgia","Polk County",3,64,503,235,268
050,13,233,"Georgia","Polk County",3,65,502,229,273
050,13,233,"Georgia","Polk County",3,66,485,231,254
050,13,233,"Georgia","Polk County",3,67,424,194,230
050,13,233,"Georgia","Polk County",3,68,408,176,232
050,13,233,"Georgia","Polk County",3,69,392,180,212
050,13,233,"Georgia","Polk County",3,70,393,191,202
050,13,233,"Georgia","Polk County",3,71,389,192,197
050,13,233,"Georgia","Polk County",3,72,370,175,195
050,13,233,"Georgia","Polk County",3,73,367,171,196
050,13,233,"Georgia","Polk County",3,74,405,168,237
050,13,233,"Georgia","Polk County",3,75,271,106,165
050,13,233,"Georgia","Polk County",3,76,283,122,161
050,13,233,"Georgia","Polk County",3,77,262,123,139
050,13,233,"Georgia","Polk County",3,78,260,111,149
050,13,233,"Georgia","Polk County",3,79,220,100,120
050,13,233,"Georgia","Polk County",3,80,200,92,108
050,13,233,"Georgia","Polk County",3,81,176,81,95
050,13,233,"Georgia","Polk County",3,82,138,62,76
050,13,233,"Georgia","Polk County",3,83,136,63,73
050,13,233,"Georgia","Polk County",3,84,108,45,63
050,13,233,"Georgia","Polk County",3,85,560,176,384
050,13,233,"Georgia","Polk County",4,0,562,297,265
050,13,233,"Georgia","Polk County",4,1,545,284,261
050,13,233,"Georgia","Polk County",4,2,556,279,277
050,13,233,"Georgia","Polk County",4,3,585,297,288
050,13,233,"Georgia","Polk County",4,4,602,300,302
050,13,233,"Georgia","Polk County",4,5,583,277,306
050,13,233,"Georgia","Polk County",4,6,613,313,300
050,13,233,"Georgia","Polk County",4,7,606,306,300
050,13,233,"Georgia","Polk County",4,8,607,310,297
050,13,233,"Georgia","Polk County",4,9,591,292,299
050,13,233,"Georgia","Polk County",4,10,585,281,304
050,13,233,"Georgia","Polk County",4,11,595,265,330
050,13,233,"Georgia","Polk County",4,12,620,310,310
050,13,233,"Georgia","Polk County",4,13,675,336,339
050,13,233,"Georgia","Polk County",4,14,717,369,348
050,13,233,"Georgia","Polk County",4,15,701,359,342
050,13,233,"Georgia","Polk County",4,16,660,355,305
050,13,233,"Georgia","Polk County",4,17,638,344,294
050,13,233,"Georgia","Polk County",4,18,570,292,278
050,13,233,"Georgia","Polk County",4,19,471,245,226
050,13,233,"Georgia","Polk County",4,20,509,270,239
050,13,233,"Georgia","Polk County",4,21,528,265,263
050,13,233,"Georgia","Polk County",4,22,548,272,276
050,13,233,"Georgia","Polk County",4,23,557,275,282
050,13,233,"Georgia","Polk County",4,24,565,288,277
050,13,233,"Georgia","Polk County",4,25,598,316,282
050,13,233,"Georgia","Polk County",4,26,585,303,282
050,13,233,"Georgia","Polk County",4,27,537,281,256
050,13,233,"Georgia","Polk County",4,28,533,256,277
050,13,233,"Georgia","Polk County",4,29,563,274,289
050,13,233,"Georgia","Polk County",4,30,551,266,285
050,13,233,"Georgia","Polk County",4,31,586,285,301
050,13,233,"Georgia","Polk County",4,32,603,294,309
050,13,233,"Georgia","Polk County",4,33,614,285,329
050,13,233,"Georgia","Polk County",4,34,605,305,300
050,13,233,"Georgia","Polk County",4,35,589,292,297
050,13,233,"Georgia","Polk County",4,36,546,271,275
050,13,233,"Georgia","Polk County",4,37,606,301,305
050,13,233,"Georgia","Polk County",4,38,563,299,264
050,13,233,"Georgia","Polk County",4,39,554,286,268
050,13,233,"Georgia","Polk County",4,40,554,280,274
050,13,233,"Georgia","Polk County",4,41,547,286,261
050,13,233,"Georgia","Polk County",4,42,541,278,263
050,13,233,"Georgia","Polk County",4,43,543,274,269
050,13,233,"Georgia","Polk County",4,44,503,248,255
050,13,233,"Georgia","Polk County",4,45,475,226,249
050,13,233,"Georgia","Polk County",4,46,451,214,237
050,13,233,"Georgia","Polk County",4,47,490,226,264
050,13,233,"Georgia","Polk County",4,48,545,277,268
050,13,233,"Georgia","Polk County",4,49,510,260,250
050,13,233,"Georgia","Polk County",4,50,538,248,290
050,13,233,"Georgia","Polk County",4,51,563,265,298
050,13,233,"Georgia","Polk County",4,52,552,290,262
050,13,233,"Georgia","Polk County",4,53,559,289,270
050,13,233,"Georgia","Polk County",4,54,540,272,268
050,13,233,"Georgia","Polk County",4,55,541,275,266
050,13,233,"Georgia","Polk County",4,56,549,276,273
050,13,233,"Georgia","Polk County",4,57,573,298,275
050,13,233,"Georgia","Polk County",4,58,568,290,278
050,13,233,"Georgia","Polk County",4,59,548,260,288
050,13,233,"Georgia","Polk County",4,60,564,261,303
050,13,233,"Georgia","Polk County",4,61,561,267,294
050,13,233,"Georgia","Polk County",4,62,551,268,283
050,13,233,"Georgia","Polk County",4,63,524,248,276
050,13,233,"Georgia","Polk County",4,64,497,225,272
050,13,233,"Georgia","Polk County",4,65,494,234,260
050,13,233,"Georgia","Polk County",4,66,501,222,279
050,13,233,"Georgia","Polk County",4,67,478,226,252
050,13,233,"Georgia","Polk County",4,68,427,189,238
050,13,233,"Georgia","Polk County",4,69,399,173,226
050,13,233,"Georgia","Polk County",4,70,385,173,212
050,13,233,"Georgia","Polk County",4,71,388,185,203
050,13,233,"Georgia","Polk County",4,72,363,177,186
050,13,233,"Georgia","Polk County",4,73,362,173,189
050,13,233,"Georgia","Polk County",4,74,349,163,186
050,13,233,"Georgia","Polk County",4,75,394,162,232
050,13,233,"Georgia","Polk County",4,76,260,100,160
050,13,233,"Georgia","Polk County",4,77,257,111,146
050,13,233,"Georgia","Polk County",4,78,245,115,130
050,13,233,"Georgia","Polk County",4,79,242,103,139
050,13,233,"Georgia","Polk County",4,80,205,96,109
050,13,233,"Georgia","Polk County",4,81,178,81,97
050,13,233,"Georgia","Polk County",4,82,153,72,81
050,13,233,"Georgia","Polk County",4,83,129,59,70
050,13,233,"Georgia","Polk County",4,84,118,53,65
050,13,233,"Georgia","Polk County",4,85,533,174,359
050,13,233,"Georgia","Polk County",5,0,576,303,273
050,13,233,"Georgia","Polk County",5,1,579,311,268
050,13,233,"Georgia","Polk County",5,2,569,309,260
050,13,233,"Georgia","Polk County",5,3,562,275,287
050,13,233,"Georgia","Polk County",5,4,601,298,303
050,13,233,"Georgia","Polk County",5,5,608,300,308
050,13,233,"Georgia","Polk County",5,6,604,290,314
050,13,233,"Georgia","Polk County",5,7,608,314,294
050,13,233,"Georgia","Polk County",5,8,605,312,293
050,13,233,"Georgia","Polk County",5,9,612,315,297
050,13,233,"Georgia","Polk County",5,10,599,307,292
050,13,233,"Georgia","Polk County",5,11,589,284,305
050,13,233,"Georgia","Polk County",5,12,576,262,314
050,13,233,"Georgia","Polk County",5,13,635,319,316
050,13,233,"Georgia","Polk County",5,14,682,344,338
050,13,233,"Georgia","Polk County",5,15,709,363,346
050,13,233,"Georgia","Polk County",5,16,718,372,346
050,13,233,"Georgia","Polk County",5,17,661,343,318
050,13,233,"Georgia","Polk County",5,18,544,297,247
050,13,233,"Georgia","Polk County",5,19,467,240,227
050,13,233,"Georgia","Polk County",5,20,512,259,253
050,13,233,"Georgia","Polk County",5,21,536,281,255
050,13,233,"Georgia","Polk County",5,22,572,280,292
050,13,233,"Georgia","Polk County",5,23,604,305,299
050,13,233,"Georgia","Polk County",5,24,586,285,301
050,13,233,"Georgia","Polk County",5,25,569,282,287
050,13,233,"Georgia","Polk County",5,26,638,343,295
050,13,233,"Georgia","Polk County",5,27,590,301,289
050,13,233,"Georgia","Polk County",5,28,541,276,265
050,13,233,"Georgia","Polk County",5,29,544,252,292
050,13,233,"Georgia","Polk County",5,30,567,270,297
050,13,233,"Georgia","Polk County",5,31,569,286,283
050,13,233,"Georgia","Polk County",5,32,592,291,301
050,13,233,"Georgia","Polk County",5,33,622,299,323
050,13,233,"Georgia","Polk County",5,34,612,289,323
050,13,233,"Georgia","Polk County",5,35,629,320,309
050,13,233,"Georgia","Polk County",5,36,575,283,292
050,13,233,"Georgia","Polk County",5,37,540,266,274
050,13,233,"Georgia","Polk County",5,38,596,294,302
050,13,233,"Georgia","Polk County",5,39,575,308,267
050,13,233,"Georgia","Polk County",5,40,565,288,277
050,13,233,"Georgia","Polk County",5,41,552,271,281
050,13,233,"Georgia","Polk County",5,42,555,295,260
050,13,233,"Georgia","Polk County",5,43,546,281,265
050,13,233,"Georgia","Polk County",5,44,555,288,267
050,13,233,"Georgia","Polk County",5,45,495,238,257
050,13,233,"Georgia","Polk County",5,46,469,224,245
050,13,233,"Georgia","Polk County",5,47,458,216,242
050,13,233,"Georgia","Polk County",5,48,496,229,267
050,13,233,"Georgia","Polk County",5,49,539,266,273
050,13,233,"Georgia","Polk County",5,50,521,271,250
050,13,233,"Georgia","Polk County",5,51,540,247,293
050,13,233,"Georgia","Polk County",5,52,554,263,291
050,13,233,"Georgia","Polk County",5,53,575,301,274
050,13,233,"Georgia","Polk County",5,54,558,282,276
050,13,233,"Georgia","Polk County",5,55,549,275,274
050,13,233,"Georgia","Polk County",5,56,529,267,262
050,13,233,"Georgia","Polk County",5,57,568,294,274
050,13,233,"Georgia","Polk County",5,58,579,299,280
050,13,233,"Georgia","Polk County",5,59,562,287,275
050,13,233,"Georgia","Polk County",5,60,553,257,296
050,13,233,"Georgia","Polk County",5,61,576,268,308
050,13,233,"Georgia","Polk County",5,62,544,258,286
050,13,233,"Georgia","Polk County",5,63,557,272,285
050,13,233,"Georgia","Polk County",5,64,511,237,274
050,13,233,"Georgia","Polk County",5,65,486,220,266
050,13,233,"Georgia","Polk County",5,66,491,226,265
050,13,233,"Georgia","Polk County",5,67,495,218,277
050,13,233,"Georgia","Polk County",5,68,483,223,260
050,13,233,"Georgia","Polk County",5,69,413,181,232
050,13,233,"Georgia","Polk County",5,70,404,172,232
050,13,233,"Georgia","Polk County",5,71,378,165,213
050,13,233,"Georgia","Polk County",5,72,381,174,207
050,13,233,"Georgia","Polk County",5,73,357,170,187
050,13,233,"Georgia","Polk County",5,74,343,164,179
050,13,233,"Georgia","Polk County",5,75,336,154,182
050,13,233,"Georgia","Polk County",5,76,391,159,232
050,13,233,"Georgia","Polk County",5,77,237,91,146
050,13,233,"Georgia","Polk County",5,78,247,107,140
050,13,233,"Georgia","Polk County",5,79,234,112,122
050,13,233,"Georgia","Polk County",5,80,228,99,129
050,13,233,"Georgia","Polk County",5,81,190,86,104
050,13,233,"Georgia","Polk County",5,82,156,76,80
050,13,233,"Georgia","Polk County",5,83,140,65,75
050,13,233,"Georgia","Polk County",5,84,109,46,63
050,13,233,"Georgia","Polk County",5,85,545,192,353
050,13,235,"Georgia","Pulaski County",1,0,84,43,41
050,13,235,"Georgia","Pulaski County",1,1,76,43,33
050,13,235,"Georgia","Pulaski County",1,2,76,42,34
050,13,235,"Georgia","Pulaski County",1,3,87,45,42
050,13,235,"Georgia","Pulaski County",1,4,79,41,38
050,13,235,"Georgia","Pulaski County",1,5,81,42,39
050,13,235,"Georgia","Pulaski County",1,6,89,46,43
050,13,235,"Georgia","Pulaski County",1,7,85,36,49
050,13,235,"Georgia","Pulaski County",1,8,102,45,57
050,13,235,"Georgia","Pulaski County",1,9,84,45,39
050,13,235,"Georgia","Pulaski County",1,10,96,48,48
050,13,235,"Georgia","Pulaski County",1,11,131,67,64
050,13,235,"Georgia","Pulaski County",1,12,123,59,64
050,13,235,"Georgia","Pulaski County",1,13,116,58,58
050,13,235,"Georgia","Pulaski County",1,14,112,53,59
050,13,235,"Georgia","Pulaski County",1,15,116,65,51
050,13,235,"Georgia","Pulaski County",1,16,109,56,53
050,13,235,"Georgia","Pulaski County",1,17,105,54,51
050,13,235,"Georgia","Pulaski County",1,18,106,56,50
050,13,235,"Georgia","Pulaski County",1,19,84,43,41
050,13,235,"Georgia","Pulaski County",1,20,95,40,55
050,13,235,"Georgia","Pulaski County",1,21,112,47,65
050,13,235,"Georgia","Pulaski County",1,22,112,52,60
050,13,235,"Georgia","Pulaski County",1,23,135,51,84
050,13,235,"Georgia","Pulaski County",1,24,124,45,79
050,13,235,"Georgia","Pulaski County",1,25,113,37,76
050,13,235,"Georgia","Pulaski County",1,26,102,32,70
050,13,235,"Georgia","Pulaski County",1,27,125,45,80
050,13,235,"Georgia","Pulaski County",1,28,122,43,79
050,13,235,"Georgia","Pulaski County",1,29,144,40,104
050,13,235,"Georgia","Pulaski County",1,30,146,45,101
050,13,235,"Georgia","Pulaski County",1,31,138,43,95
050,13,235,"Georgia","Pulaski County",1,32,118,42,76
050,13,235,"Georgia","Pulaski County",1,33,119,34,85
050,13,235,"Georgia","Pulaski County",1,34,105,33,72
050,13,235,"Georgia","Pulaski County",1,35,116,46,70
050,13,235,"Georgia","Pulaski County",1,36,124,41,83
050,13,235,"Georgia","Pulaski County",1,37,131,54,77
050,13,235,"Georgia","Pulaski County",1,38,147,53,94
050,13,235,"Georgia","Pulaski County",1,39,137,45,92
050,13,235,"Georgia","Pulaski County",1,40,116,37,79
050,13,235,"Georgia","Pulaski County",1,41,118,35,83
050,13,235,"Georgia","Pulaski County",1,42,114,46,68
050,13,235,"Georgia","Pulaski County",1,43,124,53,71
050,13,235,"Georgia","Pulaski County",1,44,114,47,67
050,13,235,"Georgia","Pulaski County",1,45,120,39,81
050,13,235,"Georgia","Pulaski County",1,46,140,48,92
050,13,235,"Georgia","Pulaski County",1,47,121,48,73
050,13,235,"Georgia","Pulaski County",1,48,148,57,91
050,13,235,"Georgia","Pulaski County",1,49,138,55,83
050,13,235,"Georgia","Pulaski County",1,50,135,58,77
050,13,235,"Georgia","Pulaski County",1,51,126,50,76
050,13,235,"Georgia","Pulaski County",1,52,124,49,75
050,13,235,"Georgia","Pulaski County",1,53,138,52,86
050,13,235,"Georgia","Pulaski County",1,54,130,64,66
050,13,235,"Georgia","Pulaski County",1,55,152,73,79
050,13,235,"Georgia","Pulaski County",1,56,140,59,81
050,13,235,"Georgia","Pulaski County",1,57,139,66,73
050,13,235,"Georgia","Pulaski County",1,58,131,57,74
050,13,235,"Georgia","Pulaski County",1,59,128,51,77
050,13,235,"Georgia","Pulaski County",1,60,133,50,83
050,13,235,"Georgia","Pulaski County",1,61,141,59,82
050,13,235,"Georgia","Pulaski County",1,62,133,57,76
050,13,235,"Georgia","Pulaski County",1,63,137,72,65
050,13,235,"Georgia","Pulaski County",1,64,134,62,72
050,13,235,"Georgia","Pulaski County",1,65,117,54,63
050,13,235,"Georgia","Pulaski County",1,66,138,61,77
050,13,235,"Georgia","Pulaski County",1,67,128,68,60
050,13,235,"Georgia","Pulaski County",1,68,136,63,73
050,13,235,"Georgia","Pulaski County",1,69,125,52,73
050,13,235,"Georgia","Pulaski County",1,70,118,59,59
050,13,235,"Georgia","Pulaski County",1,71,121,55,66
050,13,235,"Georgia","Pulaski County",1,72,126,63,63
050,13,235,"Georgia","Pulaski County",1,73,110,60,50
050,13,235,"Georgia","Pulaski County",1,74,93,44,49
050,13,235,"Georgia","Pulaski County",1,75,99,44,55
050,13,235,"Georgia","Pulaski County",1,76,98,44,54
050,13,235,"Georgia","Pulaski County",1,77,82,37,45
050,13,235,"Georgia","Pulaski County",1,78,68,29,39
050,13,235,"Georgia","Pulaski County",1,79,77,26,51
050,13,235,"Georgia","Pulaski County",1,80,74,31,43
050,13,235,"Georgia","Pulaski County",1,81,66,28,38
050,13,235,"Georgia","Pulaski County",1,82,51,23,28
050,13,235,"Georgia","Pulaski County",1,83,63,41,22
050,13,235,"Georgia","Pulaski County",1,84,54,25,29
050,13,235,"Georgia","Pulaski County",1,85,230,71,159
050,13,235,"Georgia","Pulaski County",2,0,96,45,51
050,13,235,"Georgia","Pulaski County",2,1,80,45,35
050,13,235,"Georgia","Pulaski County",2,2,79,43,36
050,13,235,"Georgia","Pulaski County",2,3,85,44,41
050,13,235,"Georgia","Pulaski County",2,4,80,41,39
050,13,235,"Georgia","Pulaski County",2,5,83,44,39
050,13,235,"Georgia","Pulaski County",2,6,86,45,41
050,13,235,"Georgia","Pulaski County",2,7,87,39,48
050,13,235,"Georgia","Pulaski County",2,8,96,43,53
050,13,235,"Georgia","Pulaski County",2,9,88,45,43
050,13,235,"Georgia","Pulaski County",2,10,94,48,46
050,13,235,"Georgia","Pulaski County",2,11,122,61,61
050,13,235,"Georgia","Pulaski County",2,12,125,61,64
050,13,235,"Georgia","Pulaski County",2,13,117,58,59
050,13,235,"Georgia","Pulaski County",2,14,115,57,58
050,13,235,"Georgia","Pulaski County",2,15,116,63,53
050,13,235,"Georgia","Pulaski County",2,16,109,57,52
050,13,235,"Georgia","Pulaski County",2,17,103,52,51
050,13,235,"Georgia","Pulaski County",2,18,102,53,49
050,13,235,"Georgia","Pulaski County",2,19,86,44,42
050,13,235,"Georgia","Pulaski County",2,20,98,43,55
050,13,235,"Georgia","Pulaski County",2,21,111,46,65
050,13,235,"Georgia","Pulaski County",2,22,111,51,60
050,13,235,"Georgia","Pulaski County",2,23,131,50,81
050,13,235,"Georgia","Pulaski County",2,24,128,47,81
050,13,235,"Georgia","Pulaski County",2,25,114,39,75
050,13,235,"Georgia","Pulaski County",2,26,106,34,72
050,13,235,"Georgia","Pulaski County",2,27,121,42,79
050,13,235,"Georgia","Pulaski County",2,28,121,42,79
050,13,235,"Georgia","Pulaski County",2,29,144,40,104
050,13,235,"Georgia","Pulaski County",2,30,148,47,101
050,13,235,"Georgia","Pulaski County",2,31,140,44,96
050,13,235,"Georgia","Pulaski County",2,32,120,43,77
050,13,235,"Georgia","Pulaski County",2,33,119,36,83
050,13,235,"Georgia","Pulaski County",2,34,108,34,74
050,13,235,"Georgia","Pulaski County",2,35,113,44,69
050,13,235,"Georgia","Pulaski County",2,36,126,42,84
050,13,235,"Georgia","Pulaski County",2,37,131,52,79
050,13,235,"Georgia","Pulaski County",2,38,147,54,93
050,13,235,"Georgia","Pulaski County",2,39,137,48,89
050,13,235,"Georgia","Pulaski County",2,40,122,39,83
050,13,235,"Georgia","Pulaski County",2,41,114,34,80
050,13,235,"Georgia","Pulaski County",2,42,112,43,69
050,13,235,"Georgia","Pulaski County",2,43,122,52,70
050,13,235,"Georgia","Pulaski County",2,44,111,46,65
050,13,235,"Georgia","Pulaski County",2,45,122,41,81
050,13,235,"Georgia","Pulaski County",2,46,137,47,90
050,13,235,"Georgia","Pulaski County",2,47,122,48,74
050,13,235,"Georgia","Pulaski County",2,48,143,55,88
050,13,235,"Georgia","Pulaski County",2,49,141,56,85
050,13,235,"Georgia","Pulaski County",2,50,131,57,74
050,13,235,"Georgia","Pulaski County",2,51,127,51,76
050,13,235,"Georgia","Pulaski County",2,52,124,50,74
050,13,235,"Georgia","Pulaski County",2,53,136,51,85
050,13,235,"Georgia","Pulaski County",2,54,128,63,65
050,13,235,"Georgia","Pulaski County",2,55,150,72,78
050,13,235,"Georgia","Pulaski County",2,56,142,62,80
050,13,235,"Georgia","Pulaski County",2,57,140,64,76
050,13,235,"Georgia","Pulaski County",2,58,132,59,73
050,13,235,"Georgia","Pulaski County",2,59,129,53,76
050,13,235,"Georgia","Pulaski County",2,60,132,50,82
050,13,235,"Georgia","Pulaski County",2,61,139,57,82
050,13,235,"Georgia","Pulaski County",2,62,133,56,77
050,13,235,"Georgia","Pulaski County",2,63,135,68,67
050,13,235,"Georgia","Pulaski County",2,64,135,63,72
050,13,235,"Georgia","Pulaski County",2,65,122,56,66
050,13,235,"Georgia","Pulaski County",2,66,135,60,75
050,13,235,"Georgia","Pulaski County",2,67,129,65,64
050,13,235,"Georgia","Pulaski County",2,68,132,62,70
050,13,235,"Georgia","Pulaski County",2,69,129,56,73
050,13,235,"Georgia","Pulaski County",2,70,120,58,62
050,13,235,"Georgia","Pulaski County",2,71,120,54,66
050,13,235,"Georgia","Pulaski County",2,72,122,60,62
050,13,235,"Georgia","Pulaski County",2,73,120,64,56
050,13,235,"Georgia","Pulaski County",2,74,93,45,48
050,13,235,"Georgia","Pulaski County",2,75,98,45,53
050,13,235,"Georgia","Pulaski County",2,76,94,41,53
050,13,235,"Georgia","Pulaski County",2,77,84,37,47
050,13,235,"Georgia","Pulaski County",2,78,71,31,40
050,13,235,"Georgia","Pulaski County",2,79,75,26,49
050,13,235,"Georgia","Pulaski County",2,80,75,30,45
050,13,235,"Georgia","Pulaski County",2,81,67,28,39
050,13,235,"Georgia","Pulaski County",2,82,53,23,30
050,13,235,"Georgia","Pulaski County",2,83,59,35,24
050,13,235,"Georgia","Pulaski County",2,84,57,29,28
050,13,235,"Georgia","Pulaski County",2,85,233,73,160
050,13,235,"Georgia","Pulaski County",3,0,96,57,39
050,13,235,"Georgia","Pulaski County",3,1,99,52,47
050,13,235,"Georgia","Pulaski County",3,2,78,44,34
050,13,235,"Georgia","Pulaski County",3,3,75,41,34
050,13,235,"Georgia","Pulaski County",3,4,86,46,40
050,13,235,"Georgia","Pulaski County",3,5,76,38,38
050,13,235,"Georgia","Pulaski County",3,6,84,46,38
050,13,235,"Georgia","Pulaski County",3,7,82,40,42
050,13,235,"Georgia","Pulaski County",3,8,85,41,44
050,13,235,"Georgia","Pulaski County",3,9,95,45,50
050,13,235,"Georgia","Pulaski County",3,10,83,39,44
050,13,235,"Georgia","Pulaski County",3,11,94,51,43
050,13,235,"Georgia","Pulaski County",3,12,118,57,61
050,13,235,"Georgia","Pulaski County",3,13,127,61,66
050,13,235,"Georgia","Pulaski County",3,14,112,57,55
050,13,235,"Georgia","Pulaski County",3,15,116,57,59
050,13,235,"Georgia","Pulaski County",3,16,117,63,54
050,13,235,"Georgia","Pulaski County",3,17,114,56,58
050,13,235,"Georgia","Pulaski County",3,18,96,47,49
050,13,235,"Georgia","Pulaski County",3,19,84,42,42
050,13,235,"Georgia","Pulaski County",3,20,93,46,47
050,13,235,"Georgia","Pulaski County",3,21,109,48,61
050,13,235,"Georgia","Pulaski County",3,22,97,39,58
050,13,235,"Georgia","Pulaski County",3,23,124,46,78
050,13,235,"Georgia","Pulaski County",3,24,125,57,68
050,13,235,"Georgia","Pulaski County",3,25,118,48,70
050,13,235,"Georgia","Pulaski County",3,26,96,34,62
050,13,235,"Georgia","Pulaski County",3,27,118,46,72
050,13,235,"Georgia","Pulaski County",3,28,117,45,72
050,13,235,"Georgia","Pulaski County",3,29,133,45,88
050,13,235,"Georgia","Pulaski County",3,30,128,38,90
050,13,235,"Georgia","Pulaski County",3,31,132,42,90
050,13,235,"Georgia","Pulaski County",3,32,115,43,72
050,13,235,"Georgia","Pulaski County",3,33,116,41,75
050,13,235,"Georgia","Pulaski County",3,34,101,34,67
050,13,235,"Georgia","Pulaski County",3,35,91,37,54
050,13,235,"Georgia","Pulaski County",3,36,118,43,75
050,13,235,"Georgia","Pulaski County",3,37,111,42,69
050,13,235,"Georgia","Pulaski County",3,38,127,48,79
050,13,235,"Georgia","Pulaski County",3,39,130,54,76
050,13,235,"Georgia","Pulaski County",3,40,130,48,82
050,13,235,"Georgia","Pulaski County",3,41,113,38,75
050,13,235,"Georgia","Pulaski County",3,42,103,29,74
050,13,235,"Georgia","Pulaski County",3,43,107,43,64
050,13,235,"Georgia","Pulaski County",3,44,118,51,67
050,13,235,"Georgia","Pulaski County",3,45,116,44,72
050,13,235,"Georgia","Pulaski County",3,46,116,43,73
050,13,235,"Georgia","Pulaski County",3,47,112,43,69
050,13,235,"Georgia","Pulaski County",3,48,119,41,78
050,13,235,"Georgia","Pulaski County",3,49,137,56,81
050,13,235,"Georgia","Pulaski County",3,50,133,60,73
050,13,235,"Georgia","Pulaski County",3,51,134,56,78
050,13,235,"Georgia","Pulaski County",3,52,122,47,75
050,13,235,"Georgia","Pulaski County",3,53,130,56,74
050,13,235,"Georgia","Pulaski County",3,54,123,52,71
050,13,235,"Georgia","Pulaski County",3,55,132,63,69
050,13,235,"Georgia","Pulaski County",3,56,139,68,71
050,13,235,"Georgia","Pulaski County",3,57,138,61,77
050,13,235,"Georgia","Pulaski County",3,58,131,61,70
050,13,235,"Georgia","Pulaski County",3,59,132,58,74
050,13,235,"Georgia","Pulaski County",3,60,137,54,83
050,13,235,"Georgia","Pulaski County",3,61,127,48,79
050,13,235,"Georgia","Pulaski County",3,62,138,59,79
050,13,235,"Georgia","Pulaski County",3,63,130,54,76
050,13,235,"Georgia","Pulaski County",3,64,133,65,68
050,13,235,"Georgia","Pulaski County",3,65,127,57,70
050,13,235,"Georgia","Pulaski County",3,66,126,56,70
050,13,235,"Georgia","Pulaski County",3,67,137,61,76
050,13,235,"Georgia","Pulaski County",3,68,126,64,62
050,13,235,"Georgia","Pulaski County",3,69,129,58,71
050,13,235,"Georgia","Pulaski County",3,70,124,56,68
050,13,235,"Georgia","Pulaski County",3,71,118,57,61
050,13,235,"Georgia","Pulaski County",3,72,121,54,67
050,13,235,"Georgia","Pulaski County",3,73,111,53,58
050,13,235,"Georgia","Pulaski County",3,74,121,64,57
050,13,235,"Georgia","Pulaski County",3,75,87,44,43
050,13,235,"Georgia","Pulaski County",3,76,93,45,48
050,13,235,"Georgia","Pulaski County",3,77,92,40,52
050,13,235,"Georgia","Pulaski County",3,78,76,35,41
050,13,235,"Georgia","Pulaski County",3,79,70,28,42
050,13,235,"Georgia","Pulaski County",3,80,65,25,40
050,13,235,"Georgia","Pulaski County",3,81,74,31,43
050,13,235,"Georgia","Pulaski County",3,82,56,25,31
050,13,235,"Georgia","Pulaski County",3,83,51,21,30
050,13,235,"Georgia","Pulaski County",3,84,60,34,26
050,13,235,"Georgia","Pulaski County",3,85,240,89,151
050,13,235,"Georgia","Pulaski County",4,0,89,50,39
050,13,235,"Georgia","Pulaski County",4,1,94,55,39
050,13,235,"Georgia","Pulaski County",4,2,105,60,45
050,13,235,"Georgia","Pulaski County",4,3,84,45,39
050,13,235,"Georgia","Pulaski County",4,4,69,37,32
050,13,235,"Georgia","Pulaski County",4,5,82,47,35
050,13,235,"Georgia","Pulaski County",4,6,80,40,40
050,13,235,"Georgia","Pulaski County",4,7,87,49,38
050,13,235,"Georgia","Pulaski County",4,8,84,44,40
050,13,235,"Georgia","Pulaski County",4,9,93,46,47
050,13,235,"Georgia","Pulaski County",4,10,105,50,55
050,13,235,"Georgia","Pulaski County",4,11,89,45,44
050,13,235,"Georgia","Pulaski County",4,12,87,49,38
050,13,235,"Georgia","Pulaski County",4,13,121,56,65
050,13,235,"Georgia","Pulaski County",4,14,127,62,65
050,13,235,"Georgia","Pulaski County",4,15,104,53,51
050,13,235,"Georgia","Pulaski County",4,16,119,59,60
050,13,235,"Georgia","Pulaski County",4,17,120,62,58
050,13,235,"Georgia","Pulaski County",4,18,96,45,51
050,13,235,"Georgia","Pulaski County",4,19,74,32,42
050,13,235,"Georgia","Pulaski County",4,20,106,49,57
050,13,235,"Georgia","Pulaski County",4,21,119,46,73
050,13,235,"Georgia","Pulaski County",4,22,109,45,64
050,13,235,"Georgia","Pulaski County",4,23,122,38,84
050,13,235,"Georgia","Pulaski County",4,24,139,48,91
050,13,235,"Georgia","Pulaski County",4,25,122,53,69
050,13,235,"Georgia","Pulaski County",4,26,124,50,74
050,13,235,"Georgia","Pulaski County",4,27,117,36,81
050,13,235,"Georgia","Pulaski County",4,28,130,41,89
050,13,235,"Georgia","Pulaski County",4,29,164,53,111
050,13,235,"Georgia","Pulaski County",4,30,152,52,100
050,13,235,"Georgia","Pulaski County",4,31,150,41,109
050,13,235,"Georgia","Pulaski County",4,32,139,47,92
050,13,235,"Georgia","Pulaski County",4,33,132,46,86
050,13,235,"Georgia","Pulaski County",4,34,118,42,76
050,13,235,"Georgia","Pulaski County",4,35,100,38,62
050,13,235,"Georgia","Pulaski County",4,36,117,41,76
050,13,235,"Georgia","Pulaski County",4,37,130,44,86
050,13,235,"Georgia","Pulaski County",4,38,129,38,91
050,13,235,"Georgia","Pulaski County",4,39,128,47,81
050,13,235,"Georgia","Pulaski County",4,40,141,58,83
050,13,235,"Georgia","Pulaski County",4,41,136,47,89
050,13,235,"Georgia","Pulaski County",4,42,128,40,88
050,13,235,"Georgia","Pulaski County",4,43,114,32,82
050,13,235,"Georgia","Pulaski County",4,44,117,46,71
050,13,235,"Georgia","Pulaski County",4,45,139,52,87
050,13,235,"Georgia","Pulaski County",4,46,124,41,83
050,13,235,"Georgia","Pulaski County",4,47,114,44,70
050,13,235,"Georgia","Pulaski County",4,48,125,45,80
050,13,235,"Georgia","Pulaski County",4,49,128,44,84
050,13,235,"Georgia","Pulaski County",4,50,125,55,70
050,13,235,"Georgia","Pulaski County",4,51,137,57,80
050,13,235,"Georgia","Pulaski County",4,52,138,56,82
050,13,235,"Georgia","Pulaski County",4,53,135,44,91
050,13,235,"Georgia","Pulaski County",4,54,113,54,59
050,13,235,"Georgia","Pulaski County",4,55,141,53,88
050,13,235,"Georgia","Pulaski County",4,56,138,70,68
050,13,235,"Georgia","Pulaski County",4,57,149,71,78
050,13,235,"Georgia","Pulaski County",4,58,136,56,80
050,13,235,"Georgia","Pulaski County",4,59,130,64,66
050,13,235,"Georgia","Pulaski County",4,60,141,56,85
050,13,235,"Georgia","Pulaski County",4,61,133,54,79
050,13,235,"Georgia","Pulaski County",4,62,126,49,77
050,13,235,"Georgia","Pulaski County",4,63,139,57,82
050,13,235,"Georgia","Pulaski County",4,64,128,46,82
050,13,235,"Georgia","Pulaski County",4,65,129,67,62
050,13,235,"Georgia","Pulaski County",4,66,126,50,76
050,13,235,"Georgia","Pulaski County",4,67,124,58,66
050,13,235,"Georgia","Pulaski County",4,68,135,59,76
050,13,235,"Georgia","Pulaski County",4,69,130,64,66
050,13,235,"Georgia","Pulaski County",4,70,124,58,66
050,13,235,"Georgia","Pulaski County",4,71,123,55,68
050,13,235,"Georgia","Pulaski County",4,72,112,53,59
050,13,235,"Georgia","Pulaski County",4,73,114,51,63
050,13,235,"Georgia","Pulaski County",4,74,109,50,59
050,13,235,"Georgia","Pulaski County",4,75,120,67,53
050,13,235,"Georgia","Pulaski County",4,76,80,40,40
050,13,235,"Georgia","Pulaski County",4,77,94,44,50
050,13,235,"Georgia","Pulaski County",4,78,80,35,45
050,13,235,"Georgia","Pulaski County",4,79,75,31,44
050,13,235,"Georgia","Pulaski County",4,80,68,25,43
050,13,235,"Georgia","Pulaski County",4,81,64,27,37
050,13,235,"Georgia","Pulaski County",4,82,62,27,35
050,13,235,"Georgia","Pulaski County",4,83,51,21,30
050,13,235,"Georgia","Pulaski County",4,84,51,16,35
050,13,235,"Georgia","Pulaski County",4,85,261,113,148
050,13,235,"Georgia","Pulaski County",5,0,91,53,38
050,13,235,"Georgia","Pulaski County",5,1,111,62,49
050,13,235,"Georgia","Pulaski County",5,2,96,57,39
050,13,235,"Georgia","Pulaski County",5,3,120,62,58
050,13,235,"Georgia","Pulaski County",5,4,81,43,38
050,13,235,"Georgia","Pulaski County",5,5,85,38,47
050,13,235,"Georgia","Pulaski County",5,6,86,48,38
050,13,235,"Georgia","Pulaski County",5,7,84,43,41
050,13,235,"Georgia","Pulaski County",5,8,95,52,43
050,13,235,"Georgia","Pulaski County",5,9,88,48,40
050,13,235,"Georgia","Pulaski County",5,10,103,52,51
050,13,235,"Georgia","Pulaski County",5,11,103,48,55
050,13,235,"Georgia","Pulaski County",5,12,90,48,42
050,13,235,"Georgia","Pulaski County",5,13,88,47,41
050,13,235,"Georgia","Pulaski County",5,14,127,65,62
050,13,235,"Georgia","Pulaski County",5,15,127,67,60
050,13,235,"Georgia","Pulaski County",5,16,113,55,58
050,13,235,"Georgia","Pulaski County",5,17,120,60,60
050,13,235,"Georgia","Pulaski County",5,18,113,58,55
050,13,235,"Georgia","Pulaski County",5,19,84,36,48
050,13,235,"Georgia","Pulaski County",5,20,106,45,61
050,13,235,"Georgia","Pulaski County",5,21,117,45,72
050,13,235,"Georgia","Pulaski County",5,22,109,47,62
050,13,235,"Georgia","Pulaski County",5,23,127,46,81
050,13,235,"Georgia","Pulaski County",5,24,128,44,84
050,13,235,"Georgia","Pulaski County",5,25,126,46,80
050,13,235,"Georgia","Pulaski County",5,26,124,59,65
050,13,235,"Georgia","Pulaski County",5,27,141,52,89
050,13,235,"Georgia","Pulaski County",5,28,113,36,77
050,13,235,"Georgia","Pulaski County",5,29,156,45,111
050,13,235,"Georgia","Pulaski County",5,30,163,56,107
050,13,235,"Georgia","Pulaski County",5,31,161,55,106
050,13,235,"Georgia","Pulaski County",5,32,131,41,90
050,13,235,"Georgia","Pulaski County",5,33,148,50,98
050,13,235,"Georgia","Pulaski County",5,34,131,48,83
050,13,235,"Georgia","Pulaski County",5,35,115,47,68
050,13,235,"Georgia","Pulaski County",5,36,121,40,81
050,13,235,"Georgia","Pulaski County",5,37,117,44,73
050,13,235,"Georgia","Pulaski County",5,38,145,47,98
050,13,235,"Georgia","Pulaski County",5,39,133,46,87
050,13,235,"Georgia","Pulaski County",5,40,139,55,84
050,13,235,"Georgia","Pulaski County",5,41,141,60,81
050,13,235,"Georgia","Pulaski County",5,42,131,47,84
050,13,235,"Georgia","Pulaski County",5,43,127,43,84
050,13,235,"Georgia","Pulaski County",5,44,112,33,79
050,13,235,"Georgia","Pulaski County",5,45,135,44,91
050,13,235,"Georgia","Pulaski County",5,46,147,54,93
050,13,235,"Georgia","Pulaski County",5,47,117,44,73
050,13,235,"Georgia","Pulaski County",5,48,123,46,77
050,13,235,"Georgia","Pulaski County",5,49,129,48,81
050,13,235,"Georgia","Pulaski County",5,50,118,46,72
050,13,235,"Georgia","Pulaski County",5,51,129,59,70
050,13,235,"Georgia","Pulaski County",5,52,129,55,74
050,13,235,"Georgia","Pulaski County",5,53,145,58,87
050,13,235,"Georgia","Pulaski County",5,54,110,43,67
050,13,235,"Georgia","Pulaski County",5,55,120,52,68
050,13,235,"Georgia","Pulaski County",5,56,133,54,79
050,13,235,"Georgia","Pulaski County",5,57,125,63,62
050,13,235,"Georgia","Pulaski County",5,58,134,66,68
050,13,235,"Georgia","Pulaski County",5,59,132,59,73
050,13,235,"Georgia","Pulaski County",5,60,134,63,71
050,13,235,"Georgia","Pulaski County",5,61,136,57,79
050,13,235,"Georgia","Pulaski County",5,62,127,53,74
050,13,235,"Georgia","Pulaski County",5,63,120,46,74
050,13,235,"Georgia","Pulaski County",5,64,138,54,84
050,13,235,"Georgia","Pulaski County",5,65,127,48,79
050,13,235,"Georgia","Pulaski County",5,66,128,64,64
050,13,235,"Georgia","Pulaski County",5,67,124,50,74
050,13,235,"Georgia","Pulaski County",5,68,121,54,67
050,13,235,"Georgia","Pulaski County",5,69,130,57,73
050,13,235,"Georgia","Pulaski County",5,70,121,62,59
050,13,235,"Georgia","Pulaski County",5,71,129,58,71
050,13,235,"Georgia","Pulaski County",5,72,123,54,69
050,13,235,"Georgia","Pulaski County",5,73,108,52,56
050,13,235,"Georgia","Pulaski County",5,74,111,50,61
050,13,235,"Georgia","Pulaski County",5,75,101,49,52
050,13,235,"Georgia","Pulaski County",5,76,111,60,51
050,13,235,"Georgia","Pulaski County",5,77,79,39,40
050,13,235,"Georgia","Pulaski County",5,78,89,42,47
050,13,235,"Georgia","Pulaski County",5,79,79,32,47
050,13,235,"Georgia","Pulaski County",5,80,71,28,43
050,13,235,"Georgia","Pulaski County",5,81,67,26,41
050,13,235,"Georgia","Pulaski County",5,82,55,25,30
050,13,235,"Georgia","Pulaski County",5,83,57,23,34
050,13,235,"Georgia","Pulaski County",5,84,46,14,32
050,13,235,"Georgia","Pulaski County",5,85,270,114,156
050,13,237,"Georgia","Putnam County",1,0,228,115,113
050,13,237,"Georgia","Putnam County",1,1,223,105,118
050,13,237,"Georgia","Putnam County",1,2,217,101,116
050,13,237,"Georgia","Putnam County",1,3,219,100,119
050,13,237,"Georgia","Putnam County",1,4,220,97,123
050,13,237,"Georgia","Putnam County",1,5,245,132,113
050,13,237,"Georgia","Putnam County",1,6,216,100,116
050,13,237,"Georgia","Putnam County",1,7,213,98,115
050,13,237,"Georgia","Putnam County",1,8,246,120,126
050,13,237,"Georgia","Putnam County",1,9,254,132,122
050,13,237,"Georgia","Putnam County",1,10,251,121,130
050,13,237,"Georgia","Putnam County",1,11,280,145,135
050,13,237,"Georgia","Putnam County",1,12,267,131,136
050,13,237,"Georgia","Putnam County",1,13,277,139,138
050,13,237,"Georgia","Putnam County",1,14,284,136,148
050,13,237,"Georgia","Putnam County",1,15,254,131,123
050,13,237,"Georgia","Putnam County",1,16,253,130,123
050,13,237,"Georgia","Putnam County",1,17,261,136,125
050,13,237,"Georgia","Putnam County",1,18,237,129,108
050,13,237,"Georgia","Putnam County",1,19,209,111,98
050,13,237,"Georgia","Putnam County",1,20,203,106,97
050,13,237,"Georgia","Putnam County",1,21,224,115,109
050,13,237,"Georgia","Putnam County",1,22,212,104,108
050,13,237,"Georgia","Putnam County",1,23,207,93,114
050,13,237,"Georgia","Putnam County",1,24,211,102,109
050,13,237,"Georgia","Putnam County",1,25,234,107,127
050,13,237,"Georgia","Putnam County",1,26,216,107,109
050,13,237,"Georgia","Putnam County",1,27,210,112,98
050,13,237,"Georgia","Putnam County",1,28,233,110,123
050,13,237,"Georgia","Putnam County",1,29,256,131,125
050,13,237,"Georgia","Putnam County",1,30,220,96,124
050,13,237,"Georgia","Putnam County",1,31,228,113,115
050,13,237,"Georgia","Putnam County",1,32,234,110,124
050,13,237,"Georgia","Putnam County",1,33,240,106,134
050,13,237,"Georgia","Putnam County",1,34,245,118,127
050,13,237,"Georgia","Putnam County",1,35,231,111,120
050,13,237,"Georgia","Putnam County",1,36,230,110,120
050,13,237,"Georgia","Putnam County",1,37,238,130,108
050,13,237,"Georgia","Putnam County",1,38,252,122,130
050,13,237,"Georgia","Putnam County",1,39,222,110,112
050,13,237,"Georgia","Putnam County",1,40,230,103,127
050,13,237,"Georgia","Putnam County",1,41,222,92,130
050,13,237,"Georgia","Putnam County",1,42,205,106,99
050,13,237,"Georgia","Putnam County",1,43,185,87,98
050,13,237,"Georgia","Putnam County",1,44,194,85,109
050,13,237,"Georgia","Putnam County",1,45,215,94,121
050,13,237,"Georgia","Putnam County",1,46,224,115,109
050,13,237,"Georgia","Putnam County",1,47,235,114,121
050,13,237,"Georgia","Putnam County",1,48,266,121,145
050,13,237,"Georgia","Putnam County",1,49,276,135,141
050,13,237,"Georgia","Putnam County",1,50,297,139,158
050,13,237,"Georgia","Putnam County",1,51,315,153,162
050,13,237,"Georgia","Putnam County",1,52,298,148,150
050,13,237,"Georgia","Putnam County",1,53,299,146,153
050,13,237,"Georgia","Putnam County",1,54,290,143,147
050,13,237,"Georgia","Putnam County",1,55,335,158,177
050,13,237,"Georgia","Putnam County",1,56,321,161,160
050,13,237,"Georgia","Putnam County",1,57,362,176,186
050,13,237,"Georgia","Putnam County",1,58,370,176,194
050,13,237,"Georgia","Putnam County",1,59,373,198,175
050,13,237,"Georgia","Putnam County",1,60,372,191,181
050,13,237,"Georgia","Putnam County",1,61,346,168,178
050,13,237,"Georgia","Putnam County",1,62,345,162,183
050,13,237,"Georgia","Putnam County",1,63,331,140,191
050,13,237,"Georgia","Putnam County",1,64,360,170,190
050,13,237,"Georgia","Putnam County",1,65,355,156,199
050,13,237,"Georgia","Putnam County",1,66,414,207,207
050,13,237,"Georgia","Putnam County",1,67,367,171,196
050,13,237,"Georgia","Putnam County",1,68,333,160,173
050,13,237,"Georgia","Putnam County",1,69,328,155,173
050,13,237,"Georgia","Putnam County",1,70,348,166,182
050,13,237,"Georgia","Putnam County",1,71,346,163,183
050,13,237,"Georgia","Putnam County",1,72,319,160,159
050,13,237,"Georgia","Putnam County",1,73,318,163,155
050,13,237,"Georgia","Putnam County",1,74,231,113,118
050,13,237,"Georgia","Putnam County",1,75,238,119,119
050,13,237,"Georgia","Putnam County",1,76,240,113,127
050,13,237,"Georgia","Putnam County",1,77,236,112,124
050,13,237,"Georgia","Putnam County",1,78,187,99,88
050,13,237,"Georgia","Putnam County",1,79,133,71,62
050,13,237,"Georgia","Putnam County",1,80,147,72,75
050,13,237,"Georgia","Putnam County",1,81,127,61,66
050,13,237,"Georgia","Putnam County",1,82,119,57,62
050,13,237,"Georgia","Putnam County",1,83,92,41,51
050,13,237,"Georgia","Putnam County",1,84,89,37,52
050,13,237,"Georgia","Putnam County",1,85,416,177,239
050,13,237,"Georgia","Putnam County",2,0,225,116,109
050,13,237,"Georgia","Putnam County",2,1,223,106,117
050,13,237,"Georgia","Putnam County",2,2,220,103,117
050,13,237,"Georgia","Putnam County",2,3,220,102,118
050,13,237,"Georgia","Putnam County",2,4,223,100,123
050,13,237,"Georgia","Putnam County",2,5,239,123,116
050,13,237,"Georgia","Putnam County",2,6,226,110,116
050,13,237,"Georgia","Putnam County",2,7,214,98,116
050,13,237,"Georgia","Putnam County",2,8,240,116,124
050,13,237,"Georgia","Putnam County",2,9,250,129,121
050,13,237,"Georgia","Putnam County",2,10,254,125,129
050,13,237,"Georgia","Putnam County",2,11,269,136,133
050,13,237,"Georgia","Putnam County",2,12,272,135,137
050,13,237,"Georgia","Putnam County",2,13,277,140,137
050,13,237,"Georgia","Putnam County",2,14,282,139,143
050,13,237,"Georgia","Putnam County",2,15,263,133,130
050,13,237,"Georgia","Putnam County",2,16,256,131,125
050,13,237,"Georgia","Putnam County",2,17,260,134,126
050,13,237,"Georgia","Putnam County",2,18,238,129,109
050,13,237,"Georgia","Putnam County",2,19,206,110,96
050,13,237,"Georgia","Putnam County",2,20,211,110,101
050,13,237,"Georgia","Putnam County",2,21,223,115,108
050,13,237,"Georgia","Putnam County",2,22,216,105,111
050,13,237,"Georgia","Putnam County",2,23,214,97,117
050,13,237,"Georgia","Putnam County",2,24,212,100,112
050,13,237,"Georgia","Putnam County",2,25,232,109,123
050,13,237,"Georgia","Putnam County",2,26,222,108,114
050,13,237,"Georgia","Putnam County",2,27,211,109,102
050,13,237,"Georgia","Putnam County",2,28,229,112,117
050,13,237,"Georgia","Putnam County",2,29,251,124,127
050,13,237,"Georgia","Putnam County",2,30,228,105,123
050,13,237,"Georgia","Putnam County",2,31,229,112,117
050,13,237,"Georgia","Putnam County",2,32,233,110,123
050,13,237,"Georgia","Putnam County",2,33,237,106,131
050,13,237,"Georgia","Putnam County",2,34,245,115,130
050,13,237,"Georgia","Putnam County",2,35,237,114,123
050,13,237,"Georgia","Putnam County",2,36,228,109,119
050,13,237,"Georgia","Putnam County",2,37,239,126,113
050,13,237,"Georgia","Putnam County",2,38,251,125,126
050,13,237,"Georgia","Putnam County",2,39,230,112,118
050,13,237,"Georgia","Putnam County",2,40,231,105,126
050,13,237,"Georgia","Putnam County",2,41,226,96,130
050,13,237,"Georgia","Putnam County",2,42,206,101,105
050,13,237,"Georgia","Putnam County",2,43,192,93,99
050,13,237,"Georgia","Putnam County",2,44,191,85,106
050,13,237,"Georgia","Putnam County",2,45,211,91,120
050,13,237,"Georgia","Putnam County",2,46,223,110,113
050,13,237,"Georgia","Putnam County",2,47,234,115,119
050,13,237,"Georgia","Putnam County",2,48,258,120,138
050,13,237,"Georgia","Putnam County",2,49,276,131,145
050,13,237,"Georgia","Putnam County",2,50,295,141,154
050,13,237,"Georgia","Putnam County",2,51,311,150,161
050,13,237,"Georgia","Putnam County",2,52,302,147,155
050,13,237,"Georgia","Putnam County",2,53,299,148,151
050,13,237,"Georgia","Putnam County",2,54,295,144,151
050,13,237,"Georgia","Putnam County",2,55,333,158,175
050,13,237,"Georgia","Putnam County",2,56,332,164,168
050,13,237,"Georgia","Putnam County",2,57,359,175,184
050,13,237,"Georgia","Putnam County",2,58,374,179,195
050,13,237,"Georgia","Putnam County",2,59,376,194,182
050,13,237,"Georgia","Putnam County",2,60,376,197,179
050,13,237,"Georgia","Putnam County",2,61,354,174,180
050,13,237,"Georgia","Putnam County",2,62,348,166,182
050,13,237,"Georgia","Putnam County",2,63,339,147,192
050,13,237,"Georgia","Putnam County",2,64,353,160,193
050,13,237,"Georgia","Putnam County",2,65,358,161,197
050,13,237,"Georgia","Putnam County",2,66,402,195,207
050,13,237,"Georgia","Putnam County",2,67,377,179,198
050,13,237,"Georgia","Putnam County",2,68,340,162,178
050,13,237,"Georgia","Putnam County",2,69,331,157,174
050,13,237,"Georgia","Putnam County",2,70,344,163,181
050,13,237,"Georgia","Putnam County",2,71,347,164,183
050,13,237,"Georgia","Putnam County",2,72,323,159,164
050,13,237,"Georgia","Putnam County",2,73,334,169,165
050,13,237,"Georgia","Putnam County",2,74,239,117,122
050,13,237,"Georgia","Putnam County",2,75,237,119,118
050,13,237,"Georgia","Putnam County",2,76,237,112,125
050,13,237,"Georgia","Putnam County",2,77,243,116,127
050,13,237,"Georgia","Putnam County",2,78,194,99,95
050,13,237,"Georgia","Putnam County",2,79,144,76,68
050,13,237,"Georgia","Putnam County",2,80,142,71,71
050,13,237,"Georgia","Putnam County",2,81,128,62,66
050,13,237,"Georgia","Putnam County",2,82,115,56,59
050,13,237,"Georgia","Putnam County",2,83,97,45,52
050,13,237,"Georgia","Putnam County",2,84,88,37,51
050,13,237,"Georgia","Putnam County",2,85,421,178,243
050,13,237,"Georgia","Putnam County",3,0,207,102,105
050,13,237,"Georgia","Putnam County",3,1,234,112,122
050,13,237,"Georgia","Putnam County",3,2,225,107,118
050,13,237,"Georgia","Putnam County",3,3,214,99,115
050,13,237,"Georgia","Putnam County",3,4,218,101,117
050,13,237,"Georgia","Putnam County",3,5,223,97,126
050,13,237,"Georgia","Putnam County",3,6,250,126,124
050,13,237,"Georgia","Putnam County",3,7,219,112,107
050,13,237,"Georgia","Putnam County",3,8,225,105,120
050,13,237,"Georgia","Putnam County",3,9,228,109,119
050,13,237,"Georgia","Putnam County",3,10,244,125,119
050,13,237,"Georgia","Putnam County",3,11,264,131,133
050,13,237,"Georgia","Putnam County",3,12,275,143,132
050,13,237,"Georgia","Putnam County",3,13,286,143,143
050,13,237,"Georgia","Putnam County",3,14,278,137,141
050,13,237,"Georgia","Putnam County",3,15,287,139,148
050,13,237,"Georgia","Putnam County",3,16,277,140,137
050,13,237,"Georgia","Putnam County",3,17,265,134,131
050,13,237,"Georgia","Putnam County",3,18,220,117,103
050,13,237,"Georgia","Putnam County",3,19,207,117,90
050,13,237,"Georgia","Putnam County",3,20,230,127,103
050,13,237,"Georgia","Putnam County",3,21,234,122,112
050,13,237,"Georgia","Putnam County",3,22,237,119,118
050,13,237,"Georgia","Putnam County",3,23,221,105,116
050,13,237,"Georgia","Putnam County",3,24,217,103,114
050,13,237,"Georgia","Putnam County",3,25,210,101,109
050,13,237,"Georgia","Putnam County",3,26,241,116,125
050,13,237,"Georgia","Putnam County",3,27,219,95,124
050,13,237,"Georgia","Putnam County",3,28,218,114,104
050,13,237,"Georgia","Putnam County",3,29,219,102,117
050,13,237,"Georgia","Putnam County",3,30,246,122,124
050,13,237,"Georgia","Putnam County",3,31,226,112,114
050,13,237,"Georgia","Putnam County",3,32,235,108,127
050,13,237,"Georgia","Putnam County",3,33,241,112,129
050,13,237,"Georgia","Putnam County",3,34,249,117,132
050,13,237,"Georgia","Putnam County",3,35,261,131,130
050,13,237,"Georgia","Putnam County",3,36,235,115,120
050,13,237,"Georgia","Putnam County",3,37,232,106,126
050,13,237,"Georgia","Putnam County",3,38,243,129,114
050,13,237,"Georgia","Putnam County",3,39,258,126,132
050,13,237,"Georgia","Putnam County",3,40,245,127,118
050,13,237,"Georgia","Putnam County",3,41,223,101,122
050,13,237,"Georgia","Putnam County",3,42,250,105,145
050,13,237,"Georgia","Putnam County",3,43,210,99,111
050,13,237,"Georgia","Putnam County",3,44,201,101,100
050,13,237,"Georgia","Putnam County",3,45,201,84,117
050,13,237,"Georgia","Putnam County",3,46,228,103,125
050,13,237,"Georgia","Putnam County",3,47,233,116,117
050,13,237,"Georgia","Putnam County",3,48,238,118,120
050,13,237,"Georgia","Putnam County",3,49,255,122,133
050,13,237,"Georgia","Putnam County",3,50,290,132,158
050,13,237,"Georgia","Putnam County",3,51,312,156,156
050,13,237,"Georgia","Putnam County",3,52,337,151,186
050,13,237,"Georgia","Putnam County",3,53,312,145,167
050,13,237,"Georgia","Putnam County",3,54,309,150,159
050,13,237,"Georgia","Putnam County",3,55,326,158,168
050,13,237,"Georgia","Putnam County",3,56,348,168,180
050,13,237,"Georgia","Putnam County",3,57,331,157,174
050,13,237,"Georgia","Putnam County",3,58,389,184,205
050,13,237,"Georgia","Putnam County",3,59,408,192,216
050,13,237,"Georgia","Putnam County",3,60,392,197,195
050,13,237,"Georgia","Putnam County",3,61,386,205,181
050,13,237,"Georgia","Putnam County",3,62,378,185,193
050,13,237,"Georgia","Putnam County",3,63,362,176,186
050,13,237,"Georgia","Putnam County",3,64,347,150,197
050,13,237,"Georgia","Putnam County",3,65,370,165,205
050,13,237,"Georgia","Putnam County",3,66,361,162,199
050,13,237,"Georgia","Putnam County",3,67,402,205,197
050,13,237,"Georgia","Putnam County",3,68,372,178,194
050,13,237,"Georgia","Putnam County",3,69,345,161,184
050,13,237,"Georgia","Putnam County",3,70,331,162,169
050,13,237,"Georgia","Putnam County",3,71,344,160,184
050,13,237,"Georgia","Putnam County",3,72,353,167,186
050,13,237,"Georgia","Putnam County",3,73,312,156,156
050,13,237,"Georgia","Putnam County",3,74,318,156,162
050,13,237,"Georgia","Putnam County",3,75,228,114,114
050,13,237,"Georgia","Putnam County",3,76,216,109,107
050,13,237,"Georgia","Putnam County",3,77,231,113,118
050,13,237,"Georgia","Putnam County",3,78,222,103,119
050,13,237,"Georgia","Putnam County",3,79,179,91,88
050,13,237,"Georgia","Putnam County",3,80,132,66,66
050,13,237,"Georgia","Putnam County",3,81,130,69,61
050,13,237,"Georgia","Putnam County",3,82,109,51,58
050,13,237,"Georgia","Putnam County",3,83,110,51,59
050,13,237,"Georgia","Putnam County",3,84,95,42,53
050,13,237,"Georgia","Putnam County",3,85,425,180,245
050,13,237,"Georgia","Putnam County",4,0,220,119,101
050,13,237,"Georgia","Putnam County",4,1,206,95,111
050,13,237,"Georgia","Putnam County",4,2,225,106,119
050,13,237,"Georgia","Putnam County",4,3,220,98,122
050,13,237,"Georgia","Putnam County",4,4,225,104,121
050,13,237,"Georgia","Putnam County",4,5,216,106,110
050,13,237,"Georgia","Putnam County",4,6,226,94,132
050,13,237,"Georgia","Putnam County",4,7,249,132,117
050,13,237,"Georgia","Putnam County",4,8,220,114,106
050,13,237,"Georgia","Putnam County",4,9,225,105,120
050,13,237,"Georgia","Putnam County",4,10,237,113,124
050,13,237,"Georgia","Putnam County",4,11,251,126,125
050,13,237,"Georgia","Putnam County",4,12,270,136,134
050,13,237,"Georgia","Putnam County",4,13,277,138,139
050,13,237,"Georgia","Putnam County",4,14,292,144,148
050,13,237,"Georgia","Putnam County",4,15,290,145,145
050,13,237,"Georgia","Putnam County",4,16,306,150,156
050,13,237,"Georgia","Putnam County",4,17,289,147,142
050,13,237,"Georgia","Putnam County",4,18,240,125,115
050,13,237,"Georgia","Putnam County",4,19,195,98,97
050,13,237,"Georgia","Putnam County",4,20,229,129,100
050,13,237,"Georgia","Putnam County",4,21,253,140,113
050,13,237,"Georgia","Putnam County",4,22,259,135,124
050,13,237,"Georgia","Putnam County",4,23,240,118,122
050,13,237,"Georgia","Putnam County",4,24,245,116,129
050,13,237,"Georgia","Putnam County",4,25,209,100,109
050,13,237,"Georgia","Putnam County",4,26,210,108,102
050,13,237,"Georgia","Putnam County",4,27,244,130,114
050,13,237,"Georgia","Putnam County",4,28,214,93,121
050,13,237,"Georgia","Putnam County",4,29,215,105,110
050,13,237,"Georgia","Putnam County",4,30,230,109,121
050,13,237,"Georgia","Putnam County",4,31,231,117,114
050,13,237,"Georgia","Putnam County",4,32,224,105,119
050,13,237,"Georgia","Putnam County",4,33,232,108,124
050,13,237,"Georgia","Putnam County",4,34,234,112,122
050,13,237,"Georgia","Putnam County",4,35,251,122,129
050,13,237,"Georgia","Putnam County",4,36,271,137,134
050,13,237,"Georgia","Putnam County",4,37,242,120,122
050,13,237,"Georgia","Putnam County",4,38,229,105,124
050,13,237,"Georgia","Putnam County",4,39,252,129,123
050,13,237,"Georgia","Putnam County",4,40,262,125,137
050,13,237,"Georgia","Putnam County",4,41,240,128,112
050,13,237,"Georgia","Putnam County",4,42,236,107,129
050,13,237,"Georgia","Putnam County",4,43,247,96,151
050,13,237,"Georgia","Putnam County",4,44,215,102,113
050,13,237,"Georgia","Putnam County",4,45,200,98,102
050,13,237,"Georgia","Putnam County",4,46,217,92,125
050,13,237,"Georgia","Putnam County",4,47,233,106,127
050,13,237,"Georgia","Putnam County",4,48,241,118,123
050,13,237,"Georgia","Putnam County",4,49,243,116,127
050,13,237,"Georgia","Putnam County",4,50,273,131,142
050,13,237,"Georgia","Putnam County",4,51,296,136,160
050,13,237,"Georgia","Putnam County",4,52,323,160,163
050,13,237,"Georgia","Putnam County",4,53,359,161,198
050,13,237,"Georgia","Putnam County",4,54,308,141,167
050,13,237,"Georgia","Putnam County",4,55,306,145,161
050,13,237,"Georgia","Putnam County",4,56,314,153,161
050,13,237,"Georgia","Putnam County",4,57,357,166,191
050,13,237,"Georgia","Putnam County",4,58,346,166,180
050,13,237,"Georgia","Putnam County",4,59,392,193,199
050,13,237,"Georgia","Putnam County",4,60,417,197,220
050,13,237,"Georgia","Putnam County",4,61,394,197,197
050,13,237,"Georgia","Putnam County",4,62,413,208,205
050,13,237,"Georgia","Putnam County",4,63,376,182,194
050,13,237,"Georgia","Putnam County",4,64,370,181,189
050,13,237,"Georgia","Putnam County",4,65,361,158,203
050,13,237,"Georgia","Putnam County",4,66,388,171,217
050,13,237,"Georgia","Putnam County",4,67,368,172,196
050,13,237,"Georgia","Putnam County",4,68,393,201,192
050,13,237,"Georgia","Putnam County",4,69,376,182,194
050,13,237,"Georgia","Putnam County",4,70,332,154,178
050,13,237,"Georgia","Putnam County",4,71,315,154,161
050,13,237,"Georgia","Putnam County",4,72,342,159,183
050,13,237,"Georgia","Putnam County",4,73,343,165,178
050,13,237,"Georgia","Putnam County",4,74,309,157,152
050,13,237,"Georgia","Putnam County",4,75,322,156,166
050,13,237,"Georgia","Putnam County",4,76,216,106,110
050,13,237,"Georgia","Putnam County",4,77,215,108,107
050,13,237,"Georgia","Putnam County",4,78,219,100,119
050,13,237,"Georgia","Putnam County",4,79,208,101,107
050,13,237,"Georgia","Putnam County",4,80,169,81,88
050,13,237,"Georgia","Putnam County",4,81,126,69,57
050,13,237,"Georgia","Putnam County",4,82,115,62,53
050,13,237,"Georgia","Putnam County",4,83,105,45,60
050,13,237,"Georgia","Putnam County",4,84,108,49,59
050,13,237,"Georgia","Putnam County",4,85,432,188,244
050,13,237,"Georgia","Putnam County",5,0,211,113,98
050,13,237,"Georgia","Putnam County",5,1,229,120,109
050,13,237,"Georgia","Putnam County",5,2,212,97,115
050,13,237,"Georgia","Putnam County",5,3,232,115,117
050,13,237,"Georgia","Putnam County",5,4,231,106,125
050,13,237,"Georgia","Putnam County",5,5,225,101,124
050,13,237,"Georgia","Putnam County",5,6,220,107,113
050,13,237,"Georgia","Putnam County",5,7,228,98,130
050,13,237,"Georgia","Putnam County",5,8,245,127,118
050,13,237,"Georgia","Putnam County",5,9,233,122,111
050,13,237,"Georgia","Putnam County",5,10,231,109,122
050,13,237,"Georgia","Putnam County",5,11,239,116,123
050,13,237,"Georgia","Putnam County",5,12,249,126,123
050,13,237,"Georgia","Putnam County",5,13,283,143,140
050,13,237,"Georgia","Putnam County",5,14,275,138,137
050,13,237,"Georgia","Putnam County",5,15,293,143,150
050,13,237,"Georgia","Putnam County",5,16,302,164,138
050,13,237,"Georgia","Putnam County",5,17,305,147,158
050,13,237,"Georgia","Putnam County",5,18,254,133,121
050,13,237,"Georgia","Putnam County",5,19,202,110,92
050,13,237,"Georgia","Putnam County",5,20,205,102,103
050,13,237,"Georgia","Putnam County",5,21,238,132,106
050,13,237,"Georgia","Putnam County",5,22,282,149,133
050,13,237,"Georgia","Putnam County",5,23,262,131,131
050,13,237,"Georgia","Putnam County",5,24,235,108,127
050,13,237,"Georgia","Putnam County",5,25,248,117,131
050,13,237,"Georgia","Putnam County",5,26,205,96,109
050,13,237,"Georgia","Putnam County",5,27,224,117,107
050,13,237,"Georgia","Putnam County",5,28,247,125,122
050,13,237,"Georgia","Putnam County",5,29,203,89,114
050,13,237,"Georgia","Putnam County",5,30,221,106,115
050,13,237,"Georgia","Putnam County",5,31,231,108,123
050,13,237,"Georgia","Putnam County",5,32,241,123,118
050,13,237,"Georgia","Putnam County",5,33,238,111,127
050,13,237,"Georgia","Putnam County",5,34,229,105,124
050,13,237,"Georgia","Putnam County",5,35,244,122,122
050,13,237,"Georgia","Putnam County",5,36,245,117,128
050,13,237,"Georgia","Putnam County",5,37,263,127,136
050,13,237,"Georgia","Putnam County",5,38,252,128,124
050,13,237,"Georgia","Putnam County",5,39,232,107,125
050,13,237,"Georgia","Putnam County",5,40,243,125,118
050,13,237,"Georgia","Putnam County",5,41,260,122,138
050,13,237,"Georgia","Putnam County",5,42,242,126,116
050,13,237,"Georgia","Putnam County",5,43,252,117,135
050,13,237,"Georgia","Putnam County",5,44,255,102,153
050,13,237,"Georgia","Putnam County",5,45,215,100,115
050,13,237,"Georgia","Putnam County",5,46,206,105,101
050,13,237,"Georgia","Putnam County",5,47,213,90,123
050,13,237,"Georgia","Putnam County",5,48,240,110,130
050,13,237,"Georgia","Putnam County",5,49,250,120,130
050,13,237,"Georgia","Putnam County",5,50,253,122,131
050,13,237,"Georgia","Putnam County",5,51,288,140,148
050,13,237,"Georgia","Putnam County",5,52,298,137,161
050,13,237,"Georgia","Putnam County",5,53,326,159,167
050,13,237,"Georgia","Putnam County",5,54,353,159,194
050,13,237,"Georgia","Putnam County",5,55,317,143,174
050,13,237,"Georgia","Putnam County",5,56,311,140,171
050,13,237,"Georgia","Putnam County",5,57,344,174,170
050,13,237,"Georgia","Putnam County",5,58,373,169,204
050,13,237,"Georgia","Putnam County",5,59,339,163,176
050,13,237,"Georgia","Putnam County",5,60,395,196,199
050,13,237,"Georgia","Putnam County",5,61,418,206,212
050,13,237,"Georgia","Putnam County",5,62,388,192,196
050,13,237,"Georgia","Putnam County",5,63,417,206,211
050,13,237,"Georgia","Putnam County",5,64,380,181,199
050,13,237,"Georgia","Putnam County",5,65,386,186,200
050,13,237,"Georgia","Putnam County",5,66,368,154,214
050,13,237,"Georgia","Putnam County",5,67,384,167,217
050,13,237,"Georgia","Putnam County",5,68,376,175,201
050,13,237,"Georgia","Putnam County",5,69,385,195,190
050,13,237,"Georgia","Putnam County",5,70,376,184,192
050,13,237,"Georgia","Putnam County",5,71,318,152,166
050,13,237,"Georgia","Putnam County",5,72,309,151,158
050,13,237,"Georgia","Putnam County",5,73,325,150,175
050,13,237,"Georgia","Putnam County",5,74,336,163,173
050,13,237,"Georgia","Putnam County",5,75,298,155,143
050,13,237,"Georgia","Putnam County",5,76,310,150,160
050,13,237,"Georgia","Putnam County",5,77,199,98,101
050,13,237,"Georgia","Putnam County",5,78,204,103,101
050,13,237,"Georgia","Putnam County",5,79,199,93,106
050,13,237,"Georgia","Putnam County",5,80,194,91,103
050,13,237,"Georgia","Putnam County",5,81,162,82,80
050,13,237,"Georgia","Putnam County",5,82,109,58,51
050,13,237,"Georgia","Putnam County",5,83,106,52,54
050,13,237,"Georgia","Putnam County",5,84,103,44,59
050,13,237,"Georgia","Putnam County",5,85,462,211,251
050,13,239,"Georgia","Quitman County",1,0,18,9,9
050,13,239,"Georgia","Quitman County",1,1,24,14,10
050,13,239,"Georgia","Quitman County",1,2,32,23,9
050,13,239,"Georgia","Quitman County",1,3,21,11,10
050,13,239,"Georgia","Quitman County",1,4,25,11,14
050,13,239,"Georgia","Quitman County",1,5,21,8,13
050,13,239,"Georgia","Quitman County",1,6,19,7,12
050,13,239,"Georgia","Quitman County",1,7,14,8,6
050,13,239,"Georgia","Quitman County",1,8,18,12,6
050,13,239,"Georgia","Quitman County",1,9,26,16,10
050,13,239,"Georgia","Quitman County",1,10,27,13,14
050,13,239,"Georgia","Quitman County",1,11,24,12,12
050,13,239,"Georgia","Quitman County",1,12,24,14,10
050,13,239,"Georgia","Quitman County",1,13,26,15,11
050,13,239,"Georgia","Quitman County",1,14,22,12,10
050,13,239,"Georgia","Quitman County",1,15,23,9,14
050,13,239,"Georgia","Quitman County",1,16,17,9,8
050,13,239,"Georgia","Quitman County",1,17,30,15,15
050,13,239,"Georgia","Quitman County",1,18,23,10,13
050,13,239,"Georgia","Quitman County",1,19,24,9,15
050,13,239,"Georgia","Quitman County",1,20,26,10,16
050,13,239,"Georgia","Quitman County",1,21,13,7,6
050,13,239,"Georgia","Quitman County",1,22,14,6,8
050,13,239,"Georgia","Quitman County",1,23,18,7,11
050,13,239,"Georgia","Quitman County",1,24,16,10,6
050,13,239,"Georgia","Quitman County",1,25,19,12,7
050,13,239,"Georgia","Quitman County",1,26,13,5,8
050,13,239,"Georgia","Quitman County",1,27,24,15,9
050,13,239,"Georgia","Quitman County",1,28,19,9,10
050,13,239,"Georgia","Quitman County",1,29,17,8,9
050,13,239,"Georgia","Quitman County",1,30,19,9,10
050,13,239,"Georgia","Quitman County",1,31,15,8,7
050,13,239,"Georgia","Quitman County",1,32,22,14,8
050,13,239,"Georgia","Quitman County",1,33,24,11,13
050,13,239,"Georgia","Quitman County",1,34,23,8,15
050,13,239,"Georgia","Quitman County",1,35,19,10,9
050,13,239,"Georgia","Quitman County",1,36,20,14,6
050,13,239,"Georgia","Quitman County",1,37,19,7,12
050,13,239,"Georgia","Quitman County",1,38,20,8,12
050,13,239,"Georgia","Quitman County",1,39,10,2,8
050,13,239,"Georgia","Quitman County",1,40,16,5,11
050,13,239,"Georgia","Quitman County",1,41,22,9,13
050,13,239,"Georgia","Quitman County",1,42,19,7,12
050,13,239,"Georgia","Quitman County",1,43,20,7,13
050,13,239,"Georgia","Quitman County",1,44,24,14,10
050,13,239,"Georgia","Quitman County",1,45,15,8,7
050,13,239,"Georgia","Quitman County",1,46,19,6,13
050,13,239,"Georgia","Quitman County",1,47,25,12,13
050,13,239,"Georgia","Quitman County",1,48,23,13,10
050,13,239,"Georgia","Quitman County",1,49,29,18,11
050,13,239,"Georgia","Quitman County",1,50,23,12,11
050,13,239,"Georgia","Quitman County",1,51,19,11,8
050,13,239,"Georgia","Quitman County",1,52,26,12,14
050,13,239,"Georgia","Quitman County",1,53,29,10,19
050,13,239,"Georgia","Quitman County",1,54,35,15,20
050,13,239,"Georgia","Quitman County",1,55,31,11,20
050,13,239,"Georgia","Quitman County",1,56,30,16,14
050,13,239,"Georgia","Quitman County",1,57,34,15,19
050,13,239,"Georgia","Quitman County",1,58,38,18,20
050,13,239,"Georgia","Quitman County",1,59,26,13,13
050,13,239,"Georgia","Quitman County",1,60,28,11,17
050,13,239,"Georgia","Quitman County",1,61,35,15,20
050,13,239,"Georgia","Quitman County",1,62,51,22,29
050,13,239,"Georgia","Quitman County",1,63,49,19,30
050,13,239,"Georgia","Quitman County",1,64,48,27,21
050,13,239,"Georgia","Quitman County",1,65,47,26,21
050,13,239,"Georgia","Quitman County",1,66,41,23,18
050,13,239,"Georgia","Quitman County",1,67,36,21,15
050,13,239,"Georgia","Quitman County",1,68,38,18,20
050,13,239,"Georgia","Quitman County",1,69,42,22,20
050,13,239,"Georgia","Quitman County",1,70,45,21,24
050,13,239,"Georgia","Quitman County",1,71,41,25,16
050,13,239,"Georgia","Quitman County",1,72,44,21,23
050,13,239,"Georgia","Quitman County",1,73,36,14,22
050,13,239,"Georgia","Quitman County",1,74,35,14,21
050,13,239,"Georgia","Quitman County",1,75,44,19,25
050,13,239,"Georgia","Quitman County",1,76,29,13,16
050,13,239,"Georgia","Quitman County",1,77,23,11,12
050,13,239,"Georgia","Quitman County",1,78,21,11,10
050,13,239,"Georgia","Quitman County",1,79,24,12,12
050,13,239,"Georgia","Quitman County",1,80,23,12,11
050,13,239,"Georgia","Quitman County",1,81,19,6,13
050,13,239,"Georgia","Quitman County",1,82,10,4,6
050,13,239,"Georgia","Quitman County",1,83,15,5,10
050,13,239,"Georgia","Quitman County",1,84,9,3,6
050,13,239,"Georgia","Quitman County",1,85,73,36,37
050,13,239,"Georgia","Quitman County",2,0,20,10,10
050,13,239,"Georgia","Quitman County",2,1,23,13,10
050,13,239,"Georgia","Quitman County",2,2,31,21,10
050,13,239,"Georgia","Quitman County",2,3,23,13,10
050,13,239,"Georgia","Quitman County",2,4,23,10,13
050,13,239,"Georgia","Quitman County",2,5,21,8,13
050,13,239,"Georgia","Quitman County",2,6,20,8,12
050,13,239,"Georgia","Quitman County",2,7,15,8,7
050,13,239,"Georgia","Quitman County",2,8,17,11,6
050,13,239,"Georgia","Quitman County",2,9,24,15,9
050,13,239,"Georgia","Quitman County",2,10,28,14,14
050,13,239,"Georgia","Quitman County",2,11,24,13,11
050,13,239,"Georgia","Quitman County",2,12,24,13,11
050,13,239,"Georgia","Quitman County",2,13,25,14,11
050,13,239,"Georgia","Quitman County",2,14,22,12,10
050,13,239,"Georgia","Quitman County",2,15,23,10,13
050,13,239,"Georgia","Quitman County",2,16,19,9,10
050,13,239,"Georgia","Quitman County",2,17,26,12,14
050,13,239,"Georgia","Quitman County",2,18,23,10,13
050,13,239,"Georgia","Quitman County",2,19,23,8,15
050,13,239,"Georgia","Quitman County",2,20,26,10,16
050,13,239,"Georgia","Quitman County",2,21,17,8,9
050,13,239,"Georgia","Quitman County",2,22,13,6,7
050,13,239,"Georgia","Quitman County",2,23,17,7,10
050,13,239,"Georgia","Quitman County",2,24,18,10,8
050,13,239,"Georgia","Quitman County",2,25,19,11,8
050,13,239,"Georgia","Quitman County",2,26,15,7,8
050,13,239,"Georgia","Quitman County",2,27,22,13,9
050,13,239,"Georgia","Quitman County",2,28,17,8,9
050,13,239,"Georgia","Quitman County",2,29,18,8,10
050,13,239,"Georgia","Quitman County",2,30,17,8,9
050,13,239,"Georgia","Quitman County",2,31,15,7,8
050,13,239,"Georgia","Quitman County",2,32,21,13,8
050,13,239,"Georgia","Quitman County",2,33,24,12,12
050,13,239,"Georgia","Quitman County",2,34,24,10,14
050,13,239,"Georgia","Quitman County",2,35,20,10,10
050,13,239,"Georgia","Quitman County",2,36,19,12,7
050,13,239,"Georgia","Quitman County",2,37,21,10,11
050,13,239,"Georgia","Quitman County",2,38,20,8,12
050,13,239,"Georgia","Quitman County",2,39,13,4,9
050,13,239,"Georgia","Quitman County",2,40,15,5,10
050,13,239,"Georgia","Quitman County",2,41,20,8,12
050,13,239,"Georgia","Quitman County",2,42,19,7,12
050,13,239,"Georgia","Quitman County",2,43,20,7,13
050,13,239,"Georgia","Quitman County",2,44,22,12,10
050,13,239,"Georgia","Quitman County",2,45,17,9,8
050,13,239,"Georgia","Quitman County",2,46,18,6,12
050,13,239,"Georgia","Quitman County",2,47,22,10,12
050,13,239,"Georgia","Quitman County",2,48,22,12,10
050,13,239,"Georgia","Quitman County",2,49,27,16,11
050,13,239,"Georgia","Quitman County",2,50,24,13,11
050,13,239,"Georgia","Quitman County",2,51,20,11,9
050,13,239,"Georgia","Quitman County",2,52,25,11,14
050,13,239,"Georgia","Quitman County",2,53,28,11,17
050,13,239,"Georgia","Quitman County",2,54,34,14,20
050,13,239,"Georgia","Quitman County",2,55,32,12,20
050,13,239,"Georgia","Quitman County",2,56,31,15,16
050,13,239,"Georgia","Quitman County",2,57,35,16,19
050,13,239,"Georgia","Quitman County",2,58,36,17,19
050,13,239,"Georgia","Quitman County",2,59,29,14,15
050,13,239,"Georgia","Quitman County",2,60,27,11,16
050,13,239,"Georgia","Quitman County",2,61,33,14,19
050,13,239,"Georgia","Quitman County",2,62,47,20,27
050,13,239,"Georgia","Quitman County",2,63,52,21,31
050,13,239,"Georgia","Quitman County",2,64,48,25,23
050,13,239,"Georgia","Quitman County",2,65,47,27,20
050,13,239,"Georgia","Quitman County",2,66,43,25,18
050,13,239,"Georgia","Quitman County",2,67,38,22,16
050,13,239,"Georgia","Quitman County",2,68,36,18,18
050,13,239,"Georgia","Quitman County",2,69,41,21,20
050,13,239,"Georgia","Quitman County",2,70,43,20,23
050,13,239,"Georgia","Quitman County",2,71,41,23,18
050,13,239,"Georgia","Quitman County",2,72,42,20,22
050,13,239,"Georgia","Quitman County",2,73,40,16,24
050,13,239,"Georgia","Quitman County",2,74,33,13,20
050,13,239,"Georgia","Quitman County",2,75,41,18,23
050,13,239,"Georgia","Quitman County",2,76,31,13,18
050,13,239,"Georgia","Quitman County",2,77,24,12,12
050,13,239,"Georgia","Quitman County",2,78,21,11,10
050,13,239,"Georgia","Quitman County",2,79,23,12,11
050,13,239,"Georgia","Quitman County",2,80,23,12,11
050,13,239,"Georgia","Quitman County",2,81,18,8,10
050,13,239,"Georgia","Quitman County",2,82,13,5,8
050,13,239,"Georgia","Quitman County",2,83,13,4,9
050,13,239,"Georgia","Quitman County",2,84,9,3,6
050,13,239,"Georgia","Quitman County",2,85,74,35,39
050,13,239,"Georgia","Quitman County",3,0,24,11,13
050,13,239,"Georgia","Quitman County",3,1,20,14,6
050,13,239,"Georgia","Quitman County",3,2,26,17,9
050,13,239,"Georgia","Quitman County",3,3,29,20,9
050,13,239,"Georgia","Quitman County",3,4,23,13,10
050,13,239,"Georgia","Quitman County",3,5,22,10,12
050,13,239,"Georgia","Quitman County",3,6,20,8,12
050,13,239,"Georgia","Quitman County",3,7,16,5,11
050,13,239,"Georgia","Quitman County",3,8,19,10,9
050,13,239,"Georgia","Quitman County",3,9,19,13,6
050,13,239,"Georgia","Quitman County",3,10,24,14,10
050,13,239,"Georgia","Quitman County",3,11,25,11,14
050,13,239,"Georgia","Quitman County",3,12,23,12,11
050,13,239,"Georgia","Quitman County",3,13,29,15,14
050,13,239,"Georgia","Quitman County",3,14,26,13,13
050,13,239,"Georgia","Quitman County",3,15,19,11,8
050,13,239,"Georgia","Quitman County",3,16,27,12,15
050,13,239,"Georgia","Quitman County",3,17,17,9,8
050,13,239,"Georgia","Quitman County",3,18,22,11,11
050,13,239,"Georgia","Quitman County",3,19,17,8,9
050,13,239,"Georgia","Quitman County",3,20,24,9,15
050,13,239,"Georgia","Quitman County",3,21,26,10,16
050,13,239,"Georgia","Quitman County",3,22,13,5,8
050,13,239,"Georgia","Quitman County",3,23,11,5,6
050,13,239,"Georgia","Quitman County",3,24,19,10,9
050,13,239,"Georgia","Quitman County",3,25,15,7,8
050,13,239,"Georgia","Quitman County",3,26,27,13,14
050,13,239,"Georgia","Quitman County",3,27,17,8,9
050,13,239,"Georgia","Quitman County",3,28,24,15,9
050,13,239,"Georgia","Quitman County",3,29,19,9,10
050,13,239,"Georgia","Quitman County",3,30,20,10,10
050,13,239,"Georgia","Quitman County",3,31,20,9,11
050,13,239,"Georgia","Quitman County",3,32,17,7,10
050,13,239,"Georgia","Quitman County",3,33,21,13,8
050,13,239,"Georgia","Quitman County",3,34,22,13,9
050,13,239,"Georgia","Quitman County",3,35,18,5,13
050,13,239,"Georgia","Quitman County",3,36,20,10,10
050,13,239,"Georgia","Quitman County",3,37,18,11,7
050,13,239,"Georgia","Quitman County",3,38,21,10,11
050,13,239,"Georgia","Quitman County",3,39,20,7,13
050,13,239,"Georgia","Quitman County",3,40,12,4,8
050,13,239,"Georgia","Quitman County",3,41,14,5,9
050,13,239,"Georgia","Quitman County",3,42,20,8,12
050,13,239,"Georgia","Quitman County",3,43,19,7,12
050,13,239,"Georgia","Quitman County",3,44,23,7,16
050,13,239,"Georgia","Quitman County",3,45,19,11,8
050,13,239,"Georgia","Quitman County",3,46,18,9,9
050,13,239,"Georgia","Quitman County",3,47,19,8,11
050,13,239,"Georgia","Quitman County",3,48,21,10,11
050,13,239,"Georgia","Quitman County",3,49,23,12,11
050,13,239,"Georgia","Quitman County",3,50,33,16,17
050,13,239,"Georgia","Quitman County",3,51,17,13,4
050,13,239,"Georgia","Quitman County",3,52,21,12,9
050,13,239,"Georgia","Quitman County",3,53,28,14,14
050,13,239,"Georgia","Quitman County",3,54,28,11,17
050,13,239,"Georgia","Quitman County",3,55,38,14,24
050,13,239,"Georgia","Quitman County",3,56,33,11,22
050,13,239,"Georgia","Quitman County",3,57,28,13,15
050,13,239,"Georgia","Quitman County",3,58,29,14,15
050,13,239,"Georgia","Quitman County",3,59,41,18,23
050,13,239,"Georgia","Quitman County",3,60,36,18,18
050,13,239,"Georgia","Quitman County",3,61,29,11,18
050,13,239,"Georgia","Quitman County",3,62,36,16,20
050,13,239,"Georgia","Quitman County",3,63,48,22,26
050,13,239,"Georgia","Quitman County",3,64,50,21,29
050,13,239,"Georgia","Quitman County",3,65,48,25,23
050,13,239,"Georgia","Quitman County",3,66,46,26,20
050,13,239,"Georgia","Quitman County",3,67,47,29,18
050,13,239,"Georgia","Quitman County",3,68,37,22,15
050,13,239,"Georgia","Quitman County",3,69,36,18,18
050,13,239,"Georgia","Quitman County",3,70,43,22,21
050,13,239,"Georgia","Quitman County",3,71,43,20,23
050,13,239,"Georgia","Quitman County",3,72,42,22,20
050,13,239,"Georgia","Quitman County",3,73,43,20,23
050,13,239,"Georgia","Quitman County",3,74,38,15,23
050,13,239,"Georgia","Quitman County",3,75,30,11,19
050,13,239,"Georgia","Quitman County",3,76,41,18,23
050,13,239,"Georgia","Quitman County",3,77,29,13,16
050,13,239,"Georgia","Quitman County",3,78,24,13,11
050,13,239,"Georgia","Quitman County",3,79,21,11,10
050,13,239,"Georgia","Quitman County",3,80,22,11,11
050,13,239,"Georgia","Quitman County",3,81,20,10,10
050,13,239,"Georgia","Quitman County",3,82,18,8,10
050,13,239,"Georgia","Quitman County",3,83,13,4,9
050,13,239,"Georgia","Quitman County",3,84,12,4,8
050,13,239,"Georgia","Quitman County",3,85,67,31,36
050,13,239,"Georgia","Quitman County",4,0,22,11,11
050,13,239,"Georgia","Quitman County",4,1,24,7,17
050,13,239,"Georgia","Quitman County",4,2,18,12,6
050,13,239,"Georgia","Quitman County",4,3,26,17,9
050,13,239,"Georgia","Quitman County",4,4,27,16,11
050,13,239,"Georgia","Quitman County",4,5,23,12,11
050,13,239,"Georgia","Quitman County",4,6,21,10,11
050,13,239,"Georgia","Quitman County",4,7,20,9,11
050,13,239,"Georgia","Quitman County",4,8,18,7,11
050,13,239,"Georgia","Quitman County",4,9,25,14,11
050,13,239,"Georgia","Quitman County",4,10,19,15,4
050,13,239,"Georgia","Quitman County",4,11,22,13,9
050,13,239,"Georgia","Quitman County",4,12,27,14,13
050,13,239,"Georgia","Quitman County",4,13,23,12,11
050,13,239,"Georgia","Quitman County",4,14,29,15,14
050,13,239,"Georgia","Quitman County",4,15,25,13,12
050,13,239,"Georgia","Quitman County",4,16,18,10,8
050,13,239,"Georgia","Quitman County",4,17,25,10,15
050,13,239,"Georgia","Quitman County",4,18,11,7,4
050,13,239,"Georgia","Quitman County",4,19,18,8,10
050,13,239,"Georgia","Quitman County",4,20,17,9,8
050,13,239,"Georgia","Quitman County",4,21,25,10,15
050,13,239,"Georgia","Quitman County",4,22,30,11,19
050,13,239,"Georgia","Quitman County",4,23,12,5,7
050,13,239,"Georgia","Quitman County",4,24,11,6,5
050,13,239,"Georgia","Quitman County",4,25,21,11,10
050,13,239,"Georgia","Quitman County",4,26,18,9,9
050,13,239,"Georgia","Quitman County",4,27,26,10,16
050,13,239,"Georgia","Quitman County",4,28,14,8,6
050,13,239,"Georgia","Quitman County",4,29,28,18,10
050,13,239,"Georgia","Quitman County",4,30,18,9,9
050,13,239,"Georgia","Quitman County",4,31,22,11,11
050,13,239,"Georgia","Quitman County",4,32,18,7,11
050,13,239,"Georgia","Quitman County",4,33,21,9,12
050,13,239,"Georgia","Quitman County",4,34,22,14,8
050,13,239,"Georgia","Quitman County",4,35,22,11,11
050,13,239,"Georgia","Quitman County",4,36,15,5,10
050,13,239,"Georgia","Quitman County",4,37,24,12,12
050,13,239,"Georgia","Quitman County",4,38,16,9,7
050,13,239,"Georgia","Quitman County",4,39,23,10,13
050,13,239,"Georgia","Quitman County",4,40,25,11,14
050,13,239,"Georgia","Quitman County",4,41,12,4,8
050,13,239,"Georgia","Quitman County",4,42,14,5,9
050,13,239,"Georgia","Quitman County",4,43,20,8,12
050,13,239,"Georgia","Quitman County",4,44,19,7,12
050,13,239,"Georgia","Quitman County",4,45,22,6,16
050,13,239,"Georgia","Quitman County",4,46,18,10,8
050,13,239,"Georgia","Quitman County",4,47,16,7,9
050,13,239,"Georgia","Quitman County",4,48,17,7,10
050,13,239,"Georgia","Quitman County",4,49,22,10,12
050,13,239,"Georgia","Quitman County",4,50,22,11,11
050,13,239,"Georgia","Quitman County",4,51,30,16,14
050,13,239,"Georgia","Quitman County",4,52,21,15,6
050,13,239,"Georgia","Quitman County",4,53,22,14,8
050,13,239,"Georgia","Quitman County",4,54,31,17,14
050,13,239,"Georgia","Quitman County",4,55,33,13,20
050,13,239,"Georgia","Quitman County",4,56,39,16,23
050,13,239,"Georgia","Quitman County",4,57,32,9,23
050,13,239,"Georgia","Quitman County",4,58,28,13,15
050,13,239,"Georgia","Quitman County",4,59,31,14,17
050,13,239,"Georgia","Quitman County",4,60,39,19,20
050,13,239,"Georgia","Quitman County",4,61,38,17,21
050,13,239,"Georgia","Quitman County",4,62,31,11,20
050,13,239,"Georgia","Quitman County",4,63,42,21,21
050,13,239,"Georgia","Quitman County",4,64,51,24,27
050,13,239,"Georgia","Quitman County",4,65,47,19,28
050,13,239,"Georgia","Quitman County",4,66,48,26,22
050,13,239,"Georgia","Quitman County",4,67,52,29,23
050,13,239,"Georgia","Quitman County",4,68,51,32,19
050,13,239,"Georgia","Quitman County",4,69,36,21,15
050,13,239,"Georgia","Quitman County",4,70,34,17,17
050,13,239,"Georgia","Quitman County",4,71,44,22,22
050,13,239,"Georgia","Quitman County",4,72,43,18,25
050,13,239,"Georgia","Quitman County",4,73,41,22,19
050,13,239,"Georgia","Quitman County",4,74,38,18,20
050,13,239,"Georgia","Quitman County",4,75,38,14,24
050,13,239,"Georgia","Quitman County",4,76,29,10,19
050,13,239,"Georgia","Quitman County",4,77,38,18,20
050,13,239,"Georgia","Quitman County",4,78,28,14,14
050,13,239,"Georgia","Quitman County",4,79,24,13,11
050,13,239,"Georgia","Quitman County",4,80,19,9,10
050,13,239,"Georgia","Quitman County",4,81,16,6,10
050,13,239,"Georgia","Quitman County",4,82,16,9,7
050,13,239,"Georgia","Quitman County",4,83,18,8,10
050,13,239,"Georgia","Quitman County",4,84,12,3,9
050,13,239,"Georgia","Quitman County",4,85,68,30,38
050,13,239,"Georgia","Quitman County",5,0,18,9,9
050,13,239,"Georgia","Quitman County",5,1,25,11,14
050,13,239,"Georgia","Quitman County",5,2,29,8,21
050,13,239,"Georgia","Quitman County",5,3,19,10,9
050,13,239,"Georgia","Quitman County",5,4,26,15,11
050,13,239,"Georgia","Quitman County",5,5,28,17,11
050,13,239,"Georgia","Quitman County",5,6,23,13,10
050,13,239,"Georgia","Quitman County",5,7,26,12,14
050,13,239,"Georgia","Quitman County",5,8,22,12,10
050,13,239,"Georgia","Quitman County",5,9,19,8,11
050,13,239,"Georgia","Quitman County",5,10,25,13,12
050,13,239,"Georgia","Quitman County",5,11,19,12,7
050,13,239,"Georgia","Quitman County",5,12,23,14,9
050,13,239,"Georgia","Quitman County",5,13,30,15,15
050,13,239,"Georgia","Quitman County",5,14,26,12,14
050,13,239,"Georgia","Quitman County",5,15,27,18,9
050,13,239,"Georgia","Quitman County",5,16,27,14,13
050,13,239,"Georgia","Quitman County",5,17,19,11,8
050,13,239,"Georgia","Quitman County",5,18,24,10,14
050,13,239,"Georgia","Quitman County",5,19,12,6,6
050,13,239,"Georgia","Quitman County",5,20,16,8,8
050,13,239,"Georgia","Quitman County",5,21,19,8,11
050,13,239,"Georgia","Quitman County",5,22,28,14,14
050,13,239,"Georgia","Quitman County",5,23,26,10,16
050,13,239,"Georgia","Quitman County",5,24,12,6,6
050,13,239,"Georgia","Quitman County",5,25,8,5,3
050,13,239,"Georgia","Quitman County",5,26,18,11,7
050,13,239,"Georgia","Quitman County",5,27,13,7,6
050,13,239,"Georgia","Quitman County",5,28,21,12,9
050,13,239,"Georgia","Quitman County",5,29,16,10,6
050,13,239,"Georgia","Quitman County",5,30,25,15,10
050,13,239,"Georgia","Quitman County",5,31,18,8,10
050,13,239,"Georgia","Quitman County",5,32,22,11,11
050,13,239,"Georgia","Quitman County",5,33,22,11,11
050,13,239,"Georgia","Quitman County",5,34,24,11,13
050,13,239,"Georgia","Quitman County",5,35,20,13,7
050,13,239,"Georgia","Quitman County",5,36,27,14,13
050,13,239,"Georgia","Quitman County",5,37,16,4,12
050,13,239,"Georgia","Quitman County",5,38,22,12,10
050,13,239,"Georgia","Quitman County",5,39,12,5,7
050,13,239,"Georgia","Quitman County",5,40,22,9,13
050,13,239,"Georgia","Quitman County",5,41,19,9,10
050,13,239,"Georgia","Quitman County",5,42,11,4,7
050,13,239,"Georgia","Quitman County",5,43,17,7,10
050,13,239,"Georgia","Quitman County",5,44,17,6,11
050,13,239,"Georgia","Quitman County",5,45,20,8,12
050,13,239,"Georgia","Quitman County",5,46,22,5,17
050,13,239,"Georgia","Quitman County",5,47,19,10,9
050,13,239,"Georgia","Quitman County",5,48,19,9,10
050,13,239,"Georgia","Quitman County",5,49,19,9,10
050,13,239,"Georgia","Quitman County",5,50,20,8,12
050,13,239,"Georgia","Quitman County",5,51,21,11,10
050,13,239,"Georgia","Quitman County",5,52,29,16,13
050,13,239,"Georgia","Quitman County",5,53,21,14,7
050,13,239,"Georgia","Quitman County",5,54,22,14,8
050,13,239,"Georgia","Quitman County",5,55,32,17,15
050,13,239,"Georgia","Quitman County",5,56,32,13,19
050,13,239,"Georgia","Quitman County",5,57,44,19,25
050,13,239,"Georgia","Quitman County",5,58,34,10,24
050,13,239,"Georgia","Quitman County",5,59,32,17,15
050,13,239,"Georgia","Quitman County",5,60,29,13,16
050,13,239,"Georgia","Quitman County",5,61,43,19,24
050,13,239,"Georgia","Quitman County",5,62,38,17,21
050,13,239,"Georgia","Quitman County",5,63,33,11,22
050,13,239,"Georgia","Quitman County",5,64,43,23,20
050,13,239,"Georgia","Quitman County",5,65,48,22,26
050,13,239,"Georgia","Quitman County",5,66,52,21,31
050,13,239,"Georgia","Quitman County",5,67,49,24,25
050,13,239,"Georgia","Quitman County",5,68,52,28,24
050,13,239,"Georgia","Quitman County",5,69,51,31,20
050,13,239,"Georgia","Quitman County",5,70,33,20,13
050,13,239,"Georgia","Quitman County",5,71,34,17,17
050,13,239,"Georgia","Quitman County",5,72,43,19,24
050,13,239,"Georgia","Quitman County",5,73,42,17,25
050,13,239,"Georgia","Quitman County",5,74,40,22,18
050,13,239,"Georgia","Quitman County",5,75,36,17,19
050,13,239,"Georgia","Quitman County",5,76,36,13,23
050,13,239,"Georgia","Quitman County",5,77,29,11,18
050,13,239,"Georgia","Quitman County",5,78,38,19,19
050,13,239,"Georgia","Quitman County",5,79,29,14,15
050,13,239,"Georgia","Quitman County",5,80,23,12,11
050,13,239,"Georgia","Quitman County",5,81,16,7,9
050,13,239,"Georgia","Quitman County",5,82,15,6,9
050,13,239,"Georgia","Quitman County",5,83,16,9,7
050,13,239,"Georgia","Quitman County",5,84,17,7,10
050,13,239,"Georgia","Quitman County",5,85,71,27,44
050,13,241,"Georgia","Rabun County",1,0,145,76,69
050,13,241,"Georgia","Rabun County",1,1,144,75,69
050,13,241,"Georgia","Rabun County",1,2,147,69,78
050,13,241,"Georgia","Rabun County",1,3,156,81,75
050,13,241,"Georgia","Rabun County",1,4,142,69,73
050,13,241,"Georgia","Rabun County",1,5,145,65,80
050,13,241,"Georgia","Rabun County",1,6,140,76,64
050,13,241,"Georgia","Rabun County",1,7,142,74,68
050,13,241,"Georgia","Rabun County",1,8,145,72,73
050,13,241,"Georgia","Rabun County",1,9,132,72,60
050,13,241,"Georgia","Rabun County",1,10,153,76,77
050,13,241,"Georgia","Rabun County",1,11,166,85,81
050,13,241,"Georgia","Rabun County",1,12,177,92,85
050,13,241,"Georgia","Rabun County",1,13,155,77,78
050,13,241,"Georgia","Rabun County",1,14,166,82,84
050,13,241,"Georgia","Rabun County",1,15,160,75,85
050,13,241,"Georgia","Rabun County",1,16,162,82,80
050,13,241,"Georgia","Rabun County",1,17,171,91,80
050,13,241,"Georgia","Rabun County",1,18,144,72,72
050,13,241,"Georgia","Rabun County",1,19,135,66,69
050,13,241,"Georgia","Rabun County",1,20,128,63,65
050,13,241,"Georgia","Rabun County",1,21,155,89,66
050,13,241,"Georgia","Rabun County",1,22,162,85,77
050,13,241,"Georgia","Rabun County",1,23,180,94,86
050,13,241,"Georgia","Rabun County",1,24,168,88,80
050,13,241,"Georgia","Rabun County",1,25,176,92,84
050,13,241,"Georgia","Rabun County",1,26,174,91,83
050,13,241,"Georgia","Rabun County",1,27,190,97,93
050,13,241,"Georgia","Rabun County",1,28,171,73,98
050,13,241,"Georgia","Rabun County",1,29,192,87,105
050,13,241,"Georgia","Rabun County",1,30,183,89,94
050,13,241,"Georgia","Rabun County",1,31,179,95,84
050,13,241,"Georgia","Rabun County",1,32,150,83,67
050,13,241,"Georgia","Rabun County",1,33,175,89,86
050,13,241,"Georgia","Rabun County",1,34,188,98,90
050,13,241,"Georgia","Rabun County",1,35,176,94,82
050,13,241,"Georgia","Rabun County",1,36,179,93,86
050,13,241,"Georgia","Rabun County",1,37,165,80,85
050,13,241,"Georgia","Rabun County",1,38,174,83,91
050,13,241,"Georgia","Rabun County",1,39,161,72,89
050,13,241,"Georgia","Rabun County",1,40,144,64,80
050,13,241,"Georgia","Rabun County",1,41,148,72,76
050,13,241,"Georgia","Rabun County",1,42,166,86,80
050,13,241,"Georgia","Rabun County",1,43,187,82,105
050,13,241,"Georgia","Rabun County",1,44,168,75,93
050,13,241,"Georgia","Rabun County",1,45,190,92,98
050,13,241,"Georgia","Rabun County",1,46,204,94,110
050,13,241,"Georgia","Rabun County",1,47,220,102,118
050,13,241,"Georgia","Rabun County",1,48,251,124,127
050,13,241,"Georgia","Rabun County",1,49,250,125,125
050,13,241,"Georgia","Rabun County",1,50,215,110,105
050,13,241,"Georgia","Rabun County",1,51,204,109,95
050,13,241,"Georgia","Rabun County",1,52,219,117,102
050,13,241,"Georgia","Rabun County",1,53,224,110,114
050,13,241,"Georgia","Rabun County",1,54,221,103,118
050,13,241,"Georgia","Rabun County",1,55,220,112,108
050,13,241,"Georgia","Rabun County",1,56,234,123,111
050,13,241,"Georgia","Rabun County",1,57,244,121,123
050,13,241,"Georgia","Rabun County",1,58,269,133,136
050,13,241,"Georgia","Rabun County",1,59,276,139,137
050,13,241,"Georgia","Rabun County",1,60,292,148,144
050,13,241,"Georgia","Rabun County",1,61,294,144,150
050,13,241,"Georgia","Rabun County",1,62,280,138,142
050,13,241,"Georgia","Rabun County",1,63,294,148,146
050,13,241,"Georgia","Rabun County",1,64,329,167,162
050,13,241,"Georgia","Rabun County",1,65,303,144,159
050,13,241,"Georgia","Rabun County",1,66,283,132,151
050,13,241,"Georgia","Rabun County",1,67,285,131,154
050,13,241,"Georgia","Rabun County",1,68,263,131,132
050,13,241,"Georgia","Rabun County",1,69,272,124,148
050,13,241,"Georgia","Rabun County",1,70,287,141,146
050,13,241,"Georgia","Rabun County",1,71,285,133,152
050,13,241,"Georgia","Rabun County",1,72,315,148,167
050,13,241,"Georgia","Rabun County",1,73,321,158,163
050,13,241,"Georgia","Rabun County",1,74,214,110,104
050,13,241,"Georgia","Rabun County",1,75,214,106,108
050,13,241,"Georgia","Rabun County",1,76,219,109,110
050,13,241,"Georgia","Rabun County",1,77,213,99,114
050,13,241,"Georgia","Rabun County",1,78,171,82,89
050,13,241,"Georgia","Rabun County",1,79,147,68,79
050,13,241,"Georgia","Rabun County",1,80,121,51,70
050,13,241,"Georgia","Rabun County",1,81,113,61,52
050,13,241,"Georgia","Rabun County",1,82,91,46,45
050,13,241,"Georgia","Rabun County",1,83,83,37,46
050,13,241,"Georgia","Rabun County",1,84,78,35,43
050,13,241,"Georgia","Rabun County",1,85,404,161,243
050,13,241,"Georgia","Rabun County",2,0,146,78,68
050,13,241,"Georgia","Rabun County",2,1,145,76,69
050,13,241,"Georgia","Rabun County",2,2,144,71,73
050,13,241,"Georgia","Rabun County",2,3,150,76,74
050,13,241,"Georgia","Rabun County",2,4,146,71,75
050,13,241,"Georgia","Rabun County",2,5,143,65,78
050,13,241,"Georgia","Rabun County",2,6,140,72,68
050,13,241,"Georgia","Rabun County",2,7,141,74,67
050,13,241,"Georgia","Rabun County",2,8,144,72,72
050,13,241,"Georgia","Rabun County",2,9,136,72,64
050,13,241,"Georgia","Rabun County",2,10,149,75,74
050,13,241,"Georgia","Rabun County",2,11,163,84,79
050,13,241,"Georgia","Rabun County",2,12,176,92,84
050,13,241,"Georgia","Rabun County",2,13,162,82,80
050,13,241,"Georgia","Rabun County",2,14,164,81,83
050,13,241,"Georgia","Rabun County",2,15,161,75,86
050,13,241,"Georgia","Rabun County",2,16,161,80,81
050,13,241,"Georgia","Rabun County",2,17,169,87,82
050,13,241,"Georgia","Rabun County",2,18,145,75,70
050,13,241,"Georgia","Rabun County",2,19,130,63,67
050,13,241,"Georgia","Rabun County",2,20,135,66,69
050,13,241,"Georgia","Rabun County",2,21,149,83,66
050,13,241,"Georgia","Rabun County",2,22,161,86,75
050,13,241,"Georgia","Rabun County",2,23,178,93,85
050,13,241,"Georgia","Rabun County",2,24,169,88,81
050,13,241,"Georgia","Rabun County",2,25,172,90,82
050,13,241,"Georgia","Rabun County",2,26,173,91,82
050,13,241,"Georgia","Rabun County",2,27,186,94,92
050,13,241,"Georgia","Rabun County",2,28,179,80,99
050,13,241,"Georgia","Rabun County",2,29,187,83,104
050,13,241,"Georgia","Rabun County",2,30,188,90,98
050,13,241,"Georgia","Rabun County",2,31,178,92,86
050,13,241,"Georgia","Rabun County",2,32,159,87,72
050,13,241,"Georgia","Rabun County",2,33,171,87,84
050,13,241,"Georgia","Rabun County",2,34,186,97,89
050,13,241,"Georgia","Rabun County",2,35,180,95,85
050,13,241,"Georgia","Rabun County",2,36,178,94,84
050,13,241,"Georgia","Rabun County",2,37,170,83,87
050,13,241,"Georgia","Rabun County",2,38,176,84,92
050,13,241,"Georgia","Rabun County",2,39,161,72,89
050,13,241,"Georgia","Rabun County",2,40,148,65,83
050,13,241,"Georgia","Rabun County",2,41,147,71,76
050,13,241,"Georgia","Rabun County",2,42,161,84,77
050,13,241,"Georgia","Rabun County",2,43,183,83,100
050,13,241,"Georgia","Rabun County",2,44,174,78,96
050,13,241,"Georgia","Rabun County",2,45,187,88,99
050,13,241,"Georgia","Rabun County",2,46,202,95,107
050,13,241,"Georgia","Rabun County",2,47,215,99,116
050,13,241,"Georgia","Rabun County",2,48,245,119,126
050,13,241,"Georgia","Rabun County",2,49,253,127,126
050,13,241,"Georgia","Rabun County",2,50,227,115,112
050,13,241,"Georgia","Rabun County",2,51,205,109,96
050,13,241,"Georgia","Rabun County",2,52,216,117,99
050,13,241,"Georgia","Rabun County",2,53,225,112,113
050,13,241,"Georgia","Rabun County",2,54,221,105,116
050,13,241,"Georgia","Rabun County",2,55,220,110,110
050,13,241,"Georgia","Rabun County",2,56,231,121,110
050,13,241,"Georgia","Rabun County",2,57,243,123,120
050,13,241,"Georgia","Rabun County",2,58,265,132,133
050,13,241,"Georgia","Rabun County",2,59,277,138,139
050,13,241,"Georgia","Rabun County",2,60,288,146,142
050,13,241,"Georgia","Rabun County",2,61,295,145,150
050,13,241,"Georgia","Rabun County",2,62,281,138,143
050,13,241,"Georgia","Rabun County",2,63,299,151,148
050,13,241,"Georgia","Rabun County",2,64,322,162,160
050,13,241,"Georgia","Rabun County",2,65,312,151,161
050,13,241,"Georgia","Rabun County",2,66,291,137,154
050,13,241,"Georgia","Rabun County",2,67,285,131,154
050,13,241,"Georgia","Rabun County",2,68,267,131,136
050,13,241,"Georgia","Rabun County",2,69,277,130,147
050,13,241,"Georgia","Rabun County",2,70,286,138,148
050,13,241,"Georgia","Rabun County",2,71,285,135,150
050,13,241,"Georgia","Rabun County",2,72,300,139,161
050,13,241,"Georgia","Rabun County",2,73,337,164,173
050,13,241,"Georgia","Rabun County",2,74,225,113,112
050,13,241,"Georgia","Rabun County",2,75,213,108,105
050,13,241,"Georgia","Rabun County",2,76,218,108,110
050,13,241,"Georgia","Rabun County",2,77,218,102,116
050,13,241,"Georgia","Rabun County",2,78,175,83,92
050,13,241,"Georgia","Rabun County",2,79,149,69,80
050,13,241,"Georgia","Rabun County",2,80,128,56,72
050,13,241,"Georgia","Rabun County",2,81,109,54,55
050,13,241,"Georgia","Rabun County",2,82,91,48,43
050,13,241,"Georgia","Rabun County",2,83,83,39,44
050,13,241,"Georgia","Rabun County",2,84,77,35,42
050,13,241,"Georgia","Rabun County",2,85,405,158,247
050,13,241,"Georgia","Rabun County",3,0,155,73,82
050,13,241,"Georgia","Rabun County",3,1,152,83,69
050,13,241,"Georgia","Rabun County",3,2,137,74,63
050,13,241,"Georgia","Rabun County",3,3,144,69,75
050,13,241,"Georgia","Rabun County",3,4,155,75,80
050,13,241,"Georgia","Rabun County",3,5,150,73,77
050,13,241,"Georgia","Rabun County",3,6,145,70,75
050,13,241,"Georgia","Rabun County",3,7,149,78,71
050,13,241,"Georgia","Rabun County",3,8,136,72,64
050,13,241,"Georgia","Rabun County",3,9,151,76,75
050,13,241,"Georgia","Rabun County",3,10,136,72,64
050,13,241,"Georgia","Rabun County",3,11,149,75,74
050,13,241,"Georgia","Rabun County",3,12,166,87,79
050,13,241,"Georgia","Rabun County",3,13,180,92,88
050,13,241,"Georgia","Rabun County",3,14,176,91,85
050,13,241,"Georgia","Rabun County",3,15,164,81,83
050,13,241,"Georgia","Rabun County",3,16,170,81,89
050,13,241,"Georgia","Rabun County",3,17,163,81,82
050,13,241,"Georgia","Rabun County",3,18,149,78,71
050,13,241,"Georgia","Rabun County",3,19,110,53,57
050,13,241,"Georgia","Rabun County",3,20,135,58,77
050,13,241,"Georgia","Rabun County",3,21,150,76,74
050,13,241,"Georgia","Rabun County",3,22,147,79,68
050,13,241,"Georgia","Rabun County",3,23,168,86,82
050,13,241,"Georgia","Rabun County",3,24,163,81,82
050,13,241,"Georgia","Rabun County",3,25,170,92,78
050,13,241,"Georgia","Rabun County",3,26,180,97,83
050,13,241,"Georgia","Rabun County",3,27,182,92,90
050,13,241,"Georgia","Rabun County",3,28,187,91,96
050,13,241,"Georgia","Rabun County",3,29,180,78,102
050,13,241,"Georgia","Rabun County",3,30,194,84,110
050,13,241,"Georgia","Rabun County",3,31,215,103,112
050,13,241,"Georgia","Rabun County",3,32,183,98,85
050,13,241,"Georgia","Rabun County",3,33,172,90,82
050,13,241,"Georgia","Rabun County",3,34,172,88,84
050,13,241,"Georgia","Rabun County",3,35,184,98,86
050,13,241,"Georgia","Rabun County",3,36,192,102,90
050,13,241,"Georgia","Rabun County",3,37,177,97,80
050,13,241,"Georgia","Rabun County",3,38,171,84,87
050,13,241,"Georgia","Rabun County",3,39,180,82,98
050,13,241,"Georgia","Rabun County",3,40,169,80,89
050,13,241,"Georgia","Rabun County",3,41,146,62,84
050,13,241,"Georgia","Rabun County",3,42,158,76,82
050,13,241,"Georgia","Rabun County",3,43,167,89,78
050,13,241,"Georgia","Rabun County",3,44,185,84,101
050,13,241,"Georgia","Rabun County",3,45,180,76,104
050,13,241,"Georgia","Rabun County",3,46,186,84,102
050,13,241,"Georgia","Rabun County",3,47,203,98,105
050,13,241,"Georgia","Rabun County",3,48,223,102,121
050,13,241,"Georgia","Rabun County",3,49,245,119,126
050,13,241,"Georgia","Rabun County",3,50,262,132,130
050,13,241,"Georgia","Rabun County",3,51,222,113,109
050,13,241,"Georgia","Rabun County",3,52,200,106,94
050,13,241,"Georgia","Rabun County",3,53,222,122,100
050,13,241,"Georgia","Rabun County",3,54,221,112,109
050,13,241,"Georgia","Rabun County",3,55,220,101,119
050,13,241,"Georgia","Rabun County",3,56,219,116,103
050,13,241,"Georgia","Rabun County",3,57,232,114,118
050,13,241,"Georgia","Rabun County",3,58,253,131,122
050,13,241,"Georgia","Rabun County",3,59,272,134,138
050,13,241,"Georgia","Rabun County",3,60,297,144,153
050,13,241,"Georgia","Rabun County",3,61,297,150,147
050,13,241,"Georgia","Rabun County",3,62,305,150,155
050,13,241,"Georgia","Rabun County",3,63,294,146,148
050,13,241,"Georgia","Rabun County",3,64,311,156,155
050,13,241,"Georgia","Rabun County",3,65,325,168,157
050,13,241,"Georgia","Rabun County",3,66,317,148,169
050,13,241,"Georgia","Rabun County",3,67,288,138,150
050,13,241,"Georgia","Rabun County",3,68,287,132,155
050,13,241,"Georgia","Rabun County",3,69,275,138,137
050,13,241,"Georgia","Rabun County",3,70,277,136,141
050,13,241,"Georgia","Rabun County",3,71,282,134,148
050,13,241,"Georgia","Rabun County",3,72,296,139,157
050,13,241,"Georgia","Rabun County",3,73,302,140,162
050,13,241,"Georgia","Rabun County",3,74,327,161,166
050,13,241,"Georgia","Rabun County",3,75,218,107,111
050,13,241,"Georgia","Rabun County",3,76,211,107,104
050,13,241,"Georgia","Rabun County",3,77,206,105,101
050,13,241,"Georgia","Rabun County",3,78,205,91,114
050,13,241,"Georgia","Rabun County",3,79,161,75,86
050,13,241,"Georgia","Rabun County",3,80,141,67,74
050,13,241,"Georgia","Rabun County",3,81,119,51,68
050,13,241,"Georgia","Rabun County",3,82,102,53,49
050,13,241,"Georgia","Rabun County",3,83,81,43,38
050,13,241,"Georgia","Rabun County",3,84,83,37,46
050,13,241,"Georgia","Rabun County",3,85,389,159,230
050,13,241,"Georgia","Rabun County",4,0,151,84,67
050,13,241,"Georgia","Rabun County",4,1,153,72,81
050,13,241,"Georgia","Rabun County",4,2,142,78,64
050,13,241,"Georgia","Rabun County",4,3,141,81,60
050,13,241,"Georgia","Rabun County",4,4,138,64,74
050,13,241,"Georgia","Rabun County",4,5,156,75,81
050,13,241,"Georgia","Rabun County",4,6,143,69,74
050,13,241,"Georgia","Rabun County",4,7,144,67,77
050,13,241,"Georgia","Rabun County",4,8,146,73,73
050,13,241,"Georgia","Rabun County",4,9,139,73,66
050,13,241,"Georgia","Rabun County",4,10,147,75,72
050,13,241,"Georgia","Rabun County",4,11,135,71,64
050,13,241,"Georgia","Rabun County",4,12,157,79,78
050,13,241,"Georgia","Rabun County",4,13,172,89,83
050,13,241,"Georgia","Rabun County",4,14,181,95,86
050,13,241,"Georgia","Rabun County",4,15,185,90,95
050,13,241,"Georgia","Rabun County",4,16,170,83,87
050,13,241,"Georgia","Rabun County",4,17,168,76,92
050,13,241,"Georgia","Rabun County",4,18,152,79,73
050,13,241,"Georgia","Rabun County",4,19,123,64,59
050,13,241,"Georgia","Rabun County",4,20,120,60,60
050,13,241,"Georgia","Rabun County",4,21,152,75,77
050,13,241,"Georgia","Rabun County",4,22,162,83,79
050,13,241,"Georgia","Rabun County",4,23,174,99,75
050,13,241,"Georgia","Rabun County",4,24,168,88,80
050,13,241,"Georgia","Rabun County",4,25,167,91,76
050,13,241,"Georgia","Rabun County",4,26,149,74,75
050,13,241,"Georgia","Rabun County",4,27,177,92,85
050,13,241,"Georgia","Rabun County",4,28,200,91,109
050,13,241,"Georgia","Rabun County",4,29,182,90,92
050,13,241,"Georgia","Rabun County",4,30,171,71,100
050,13,241,"Georgia","Rabun County",4,31,186,84,102
050,13,241,"Georgia","Rabun County",4,32,210,108,102
050,13,241,"Georgia","Rabun County",4,33,176,94,82
050,13,241,"Georgia","Rabun County",4,34,184,99,85
050,13,241,"Georgia","Rabun County",4,35,179,94,85
050,13,241,"Georgia","Rabun County",4,36,186,105,81
050,13,241,"Georgia","Rabun County",4,37,200,115,85
050,13,241,"Georgia","Rabun County",4,38,186,101,85
050,13,241,"Georgia","Rabun County",4,39,178,86,92
050,13,241,"Georgia","Rabun County",4,40,180,79,101
050,13,241,"Georgia","Rabun County",4,41,168,78,90
050,13,241,"Georgia","Rabun County",4,42,161,73,88
050,13,241,"Georgia","Rabun County",4,43,163,83,80
050,13,241,"Georgia","Rabun County",4,44,179,97,82
050,13,241,"Georgia","Rabun County",4,45,192,86,106
050,13,241,"Georgia","Rabun County",4,46,173,69,104
050,13,241,"Georgia","Rabun County",4,47,192,91,101
050,13,241,"Georgia","Rabun County",4,48,219,106,113
050,13,241,"Georgia","Rabun County",4,49,221,104,117
050,13,241,"Georgia","Rabun County",4,50,248,125,123
050,13,241,"Georgia","Rabun County",4,51,263,133,130
050,13,241,"Georgia","Rabun County",4,52,227,111,116
050,13,241,"Georgia","Rabun County",4,53,206,107,99
050,13,241,"Georgia","Rabun County",4,54,235,130,105
050,13,241,"Georgia","Rabun County",4,55,226,116,110
050,13,241,"Georgia","Rabun County",4,56,223,102,121
050,13,241,"Georgia","Rabun County",4,57,230,121,109
050,13,241,"Georgia","Rabun County",4,58,247,122,125
050,13,241,"Georgia","Rabun County",4,59,248,129,119
050,13,241,"Georgia","Rabun County",4,60,281,136,145
050,13,241,"Georgia","Rabun County",4,61,300,144,156
050,13,241,"Georgia","Rabun County",4,62,306,152,154
050,13,241,"Georgia","Rabun County",4,63,331,167,164
050,13,241,"Georgia","Rabun County",4,64,302,150,152
050,13,241,"Georgia","Rabun County",4,65,313,159,154
050,13,241,"Georgia","Rabun County",4,66,335,176,159
050,13,241,"Georgia","Rabun County",4,67,332,157,175
050,13,241,"Georgia","Rabun County",4,68,290,140,150
050,13,241,"Georgia","Rabun County",4,69,289,132,157
050,13,241,"Georgia","Rabun County",4,70,269,140,129
050,13,241,"Georgia","Rabun County",4,71,270,136,134
050,13,241,"Georgia","Rabun County",4,72,277,133,144
050,13,241,"Georgia","Rabun County",4,73,275,130,145
050,13,241,"Georgia","Rabun County",4,74,290,132,158
050,13,241,"Georgia","Rabun County",4,75,306,146,160
050,13,241,"Georgia","Rabun County",4,76,211,99,112
050,13,241,"Georgia","Rabun County",4,77,205,103,102
050,13,241,"Georgia","Rabun County",4,78,198,97,101
050,13,241,"Georgia","Rabun County",4,79,193,88,105
050,13,241,"Georgia","Rabun County",4,80,149,71,78
050,13,241,"Georgia","Rabun County",4,81,121,60,61
050,13,241,"Georgia","Rabun County",4,82,110,45,65
050,13,241,"Georgia","Rabun County",4,83,93,44,49
050,13,241,"Georgia","Rabun County",4,84,73,39,34
050,13,241,"Georgia","Rabun County",4,85,397,173,224
050,13,241,"Georgia","Rabun County",5,0,148,84,64
050,13,241,"Georgia","Rabun County",5,1,150,85,65
050,13,241,"Georgia","Rabun County",5,2,154,66,88
050,13,241,"Georgia","Rabun County",5,3,149,74,75
050,13,241,"Georgia","Rabun County",5,4,146,83,63
050,13,241,"Georgia","Rabun County",5,5,136,62,74
050,13,241,"Georgia","Rabun County",5,6,150,73,77
050,13,241,"Georgia","Rabun County",5,7,154,77,77
050,13,241,"Georgia","Rabun County",5,8,142,66,76
050,13,241,"Georgia","Rabun County",5,9,153,78,75
050,13,241,"Georgia","Rabun County",5,10,135,73,62
050,13,241,"Georgia","Rabun County",5,11,149,74,75
050,13,241,"Georgia","Rabun County",5,12,135,71,64
050,13,241,"Georgia","Rabun County",5,13,164,87,77
050,13,241,"Georgia","Rabun County",5,14,179,99,80
050,13,241,"Georgia","Rabun County",5,15,183,92,91
050,13,241,"Georgia","Rabun County",5,16,188,94,94
050,13,241,"Georgia","Rabun County",5,17,175,88,87
050,13,241,"Georgia","Rabun County",5,18,145,72,73
050,13,241,"Georgia","Rabun County",5,19,126,67,59
050,13,241,"Georgia","Rabun County",5,20,128,60,68
050,13,241,"Georgia","Rabun County",5,21,142,74,68
050,13,241,"Georgia","Rabun County",5,22,171,79,92
050,13,241,"Georgia","Rabun County",5,23,168,88,80
050,13,241,"Georgia","Rabun County",5,24,168,91,77
050,13,241,"Georgia","Rabun County",5,25,176,91,85
050,13,241,"Georgia","Rabun County",5,26,162,83,79
050,13,241,"Georgia","Rabun County",5,27,165,76,89
050,13,241,"Georgia","Rabun County",5,28,192,88,104
050,13,241,"Georgia","Rabun County",5,29,200,88,112
050,13,241,"Georgia","Rabun County",5,30,182,88,94
050,13,241,"Georgia","Rabun County",5,31,162,73,89
050,13,241,"Georgia","Rabun County",5,32,202,95,107
050,13,241,"Georgia","Rabun County",5,33,204,106,98
050,13,241,"Georgia","Rabun County",5,34,173,93,80
050,13,241,"Georgia","Rabun County",5,35,177,95,82
050,13,241,"Georgia","Rabun County",5,36,174,86,88
050,13,241,"Georgia","Rabun County",5,37,184,101,83
050,13,241,"Georgia","Rabun County",5,38,208,117,91
050,13,241,"Georgia","Rabun County",5,39,178,96,82
050,13,241,"Georgia","Rabun County",5,40,195,96,99
050,13,241,"Georgia","Rabun County",5,41,184,82,102
050,13,241,"Georgia","Rabun County",5,42,183,87,96
050,13,241,"Georgia","Rabun County",5,43,169,76,93
050,13,241,"Georgia","Rabun County",5,44,158,73,85
050,13,241,"Georgia","Rabun County",5,45,181,98,83
050,13,241,"Georgia","Rabun County",5,46,207,100,107
050,13,241,"Georgia","Rabun County",5,47,174,76,98
050,13,241,"Georgia","Rabun County",5,48,191,89,102
050,13,241,"Georgia","Rabun County",5,49,214,107,107
050,13,241,"Georgia","Rabun County",5,50,227,112,115
050,13,241,"Georgia","Rabun County",5,51,248,124,124
050,13,241,"Georgia","Rabun County",5,52,262,133,129
050,13,241,"Georgia","Rabun County",5,53,234,111,123
050,13,241,"Georgia","Rabun County",5,54,206,107,99
050,13,241,"Georgia","Rabun County",5,55,235,125,110
050,13,241,"Georgia","Rabun County",5,56,218,112,106
050,13,241,"Georgia","Rabun County",5,57,227,103,124
050,13,241,"Georgia","Rabun County",5,58,235,117,118
050,13,241,"Georgia","Rabun County",5,59,251,123,128
050,13,241,"Georgia","Rabun County",5,60,264,139,125
050,13,241,"Georgia","Rabun County",5,61,272,127,145
050,13,241,"Georgia","Rabun County",5,62,306,147,159
050,13,241,"Georgia","Rabun County",5,63,321,161,160
050,13,241,"Georgia","Rabun County",5,64,341,171,170
050,13,241,"Georgia","Rabun County",5,65,305,148,157
050,13,241,"Georgia","Rabun County",5,66,326,163,163
050,13,241,"Georgia","Rabun County",5,67,339,180,159
050,13,241,"Georgia","Rabun County",5,68,327,155,172
050,13,241,"Georgia","Rabun County",5,69,285,137,148
050,13,241,"Georgia","Rabun County",5,70,286,137,149
050,13,241,"Georgia","Rabun County",5,71,273,144,129
050,13,241,"Georgia","Rabun County",5,72,280,137,143
050,13,241,"Georgia","Rabun County",5,73,272,133,139
050,13,241,"Georgia","Rabun County",5,74,268,124,144
050,13,241,"Georgia","Rabun County",5,75,287,130,157
050,13,241,"Georgia","Rabun County",5,76,295,143,152
050,13,241,"Georgia","Rabun County",5,77,202,94,108
050,13,241,"Georgia","Rabun County",5,78,203,102,101
050,13,241,"Georgia","Rabun County",5,79,181,88,93
050,13,241,"Georgia","Rabun County",5,80,180,85,95
050,13,241,"Georgia","Rabun County",5,81,139,67,72
050,13,241,"Georgia","Rabun County",5,82,113,56,57
050,13,241,"Georgia","Rabun County",5,83,105,39,66
050,13,241,"Georgia","Rabun County",5,84,87,42,45
050,13,241,"Georgia","Rabun County",5,85,409,192,217
050,13,243,"Georgia","Randolph County",1,0,55,28,27
050,13,243,"Georgia","Randolph County",1,1,52,24,28
050,13,243,"Georgia","Randolph County",1,2,64,29,35
050,13,243,"Georgia","Randolph County",1,3,68,30,38
050,13,243,"Georgia","Randolph County",1,4,73,39,34
050,13,243,"Georgia","Randolph County",1,5,75,35,40
050,13,243,"Georgia","Randolph County",1,6,80,40,40
050,13,243,"Georgia","Randolph County",1,7,81,43,38
050,13,243,"Georgia","Randolph County",1,8,74,36,38
050,13,243,"Georgia","Randolph County",1,9,76,37,39
050,13,243,"Georgia","Randolph County",1,10,72,40,32
050,13,243,"Georgia","Randolph County",1,11,87,50,37
050,13,243,"Georgia","Randolph County",1,12,88,47,41
050,13,243,"Georgia","Randolph County",1,13,84,39,45
050,13,243,"Georgia","Randolph County",1,14,85,44,41
050,13,243,"Georgia","Randolph County",1,15,75,49,26
050,13,243,"Georgia","Randolph County",1,16,86,45,41
050,13,243,"Georgia","Randolph County",1,17,67,37,30
050,13,243,"Georgia","Randolph County",1,18,88,43,45
050,13,243,"Georgia","Randolph County",1,19,99,49,50
050,13,243,"Georgia","Randolph County",1,20,61,31,30
050,13,243,"Georgia","Randolph County",1,21,84,34,50
050,13,243,"Georgia","Randolph County",1,22,87,39,48
050,13,243,"Georgia","Randolph County",1,23,64,29,35
050,13,243,"Georgia","Randolph County",1,24,68,35,33
050,13,243,"Georgia","Randolph County",1,25,59,25,34
050,13,243,"Georgia","Randolph County",1,26,62,25,37
050,13,243,"Georgia","Randolph County",1,27,77,33,44
050,13,243,"Georgia","Randolph County",1,28,71,36,35
050,13,243,"Georgia","Randolph County",1,29,67,33,34
050,13,243,"Georgia","Randolph County",1,30,61,32,29
050,13,243,"Georgia","Randolph County",1,31,55,23,32
050,13,243,"Georgia","Randolph County",1,32,60,25,35
050,13,243,"Georgia","Randolph County",1,33,65,31,34
050,13,243,"Georgia","Randolph County",1,34,58,22,36
050,13,243,"Georgia","Randolph County",1,35,56,19,37
050,13,243,"Georgia","Randolph County",1,36,63,28,35
050,13,243,"Georgia","Randolph County",1,37,72,34,38
050,13,243,"Georgia","Randolph County",1,38,80,37,43
050,13,243,"Georgia","Randolph County",1,39,69,27,42
050,13,243,"Georgia","Randolph County",1,40,72,32,40
050,13,243,"Georgia","Randolph County",1,41,60,25,35
050,13,243,"Georgia","Randolph County",1,42,57,29,28
050,13,243,"Georgia","Randolph County",1,43,53,29,24
050,13,243,"Georgia","Randolph County",1,44,57,34,23
050,13,243,"Georgia","Randolph County",1,45,57,26,31
050,13,243,"Georgia","Randolph County",1,46,53,19,34
050,13,243,"Georgia","Randolph County",1,47,54,25,29
050,13,243,"Georgia","Randolph County",1,48,68,26,42
050,13,243,"Georgia","Randolph County",1,49,64,25,39
050,13,243,"Georgia","Randolph County",1,50,62,24,38
050,13,243,"Georgia","Randolph County",1,51,67,28,39
050,13,243,"Georgia","Randolph County",1,52,70,33,37
050,13,243,"Georgia","Randolph County",1,53,79,44,35
050,13,243,"Georgia","Randolph County",1,54,89,39,50
050,13,243,"Georgia","Randolph County",1,55,83,37,46
050,13,243,"Georgia","Randolph County",1,56,97,43,54
050,13,243,"Georgia","Randolph County",1,57,103,48,55
050,13,243,"Georgia","Randolph County",1,58,92,40,52
050,13,243,"Georgia","Randolph County",1,59,99,38,61
050,13,243,"Georgia","Randolph County",1,60,95,40,55
050,13,243,"Georgia","Randolph County",1,61,106,51,55
050,13,243,"Georgia","Randolph County",1,62,121,57,64
050,13,243,"Georgia","Randolph County",1,63,94,51,43
050,13,243,"Georgia","Randolph County",1,64,99,51,48
050,13,243,"Georgia","Randolph County",1,65,95,49,46
050,13,243,"Georgia","Randolph County",1,66,101,50,51
050,13,243,"Georgia","Randolph County",1,67,102,43,59
050,13,243,"Georgia","Randolph County",1,68,87,36,51
050,13,243,"Georgia","Randolph County",1,69,89,44,45
050,13,243,"Georgia","Randolph County",1,70,86,44,42
050,13,243,"Georgia","Randolph County",1,71,88,45,43
050,13,243,"Georgia","Randolph County",1,72,94,47,47
050,13,243,"Georgia","Randolph County",1,73,85,35,50
050,13,243,"Georgia","Randolph County",1,74,64,21,43
050,13,243,"Georgia","Randolph County",1,75,56,20,36
050,13,243,"Georgia","Randolph County",1,76,56,24,32
050,13,243,"Georgia","Randolph County",1,77,72,34,38
050,13,243,"Georgia","Randolph County",1,78,65,28,37
050,13,243,"Georgia","Randolph County",1,79,48,21,27
050,13,243,"Georgia","Randolph County",1,80,42,17,25
050,13,243,"Georgia","Randolph County",1,81,43,20,23
050,13,243,"Georgia","Randolph County",1,82,33,12,21
050,13,243,"Georgia","Randolph County",1,83,28,10,18
050,13,243,"Georgia","Randolph County",1,84,29,10,19
050,13,243,"Georgia","Randolph County",1,85,239,72,167
050,13,243,"Georgia","Randolph County",2,0,57,31,26
050,13,243,"Georgia","Randolph County",2,1,52,25,27
050,13,243,"Georgia","Randolph County",2,2,61,28,33
050,13,243,"Georgia","Randolph County",2,3,67,30,37
050,13,243,"Georgia","Randolph County",2,4,72,37,35
050,13,243,"Georgia","Randolph County",2,5,77,37,40
050,13,243,"Georgia","Randolph County",2,6,81,40,41
050,13,243,"Georgia","Randolph County",2,7,81,42,39
050,13,243,"Georgia","Randolph County",2,8,75,37,38
050,13,243,"Georgia","Randolph County",2,9,75,36,39
050,13,243,"Georgia","Randolph County",2,10,72,39,33
050,13,243,"Georgia","Randolph County",2,11,84,48,36
050,13,243,"Georgia","Randolph County",2,12,88,47,41
050,13,243,"Georgia","Randolph County",2,13,85,41,44
050,13,243,"Georgia","Randolph County",2,14,82,42,40
050,13,243,"Georgia","Randolph County",2,15,78,48,30
050,13,243,"Georgia","Randolph County",2,16,83,46,37
050,13,243,"Georgia","Randolph County",2,17,68,37,31
050,13,243,"Georgia","Randolph County",2,18,89,44,45
050,13,243,"Georgia","Randolph County",2,19,95,48,47
050,13,243,"Georgia","Randolph County",2,20,63,32,31
050,13,243,"Georgia","Randolph County",2,21,80,33,47
050,13,243,"Georgia","Randolph County",2,22,87,38,49
050,13,243,"Georgia","Randolph County",2,23,66,30,36
050,13,243,"Georgia","Randolph County",2,24,68,34,34
050,13,243,"Georgia","Randolph County",2,25,58,26,32
050,13,243,"Georgia","Randolph County",2,26,63,26,37
050,13,243,"Georgia","Randolph County",2,27,72,30,42
050,13,243,"Georgia","Randolph County",2,28,71,35,36
050,13,243,"Georgia","Randolph County",2,29,67,33,34
050,13,243,"Georgia","Randolph County",2,30,63,33,30
050,13,243,"Georgia","Randolph County",2,31,58,25,33
050,13,243,"Georgia","Randolph County",2,32,58,25,33
050,13,243,"Georgia","Randolph County",2,33,62,29,33
050,13,243,"Georgia","Randolph County",2,34,60,24,36
050,13,243,"Georgia","Randolph County",2,35,59,22,37
050,13,243,"Georgia","Randolph County",2,36,61,27,34
050,13,243,"Georgia","Randolph County",2,37,70,33,37
050,13,243,"Georgia","Randolph County",2,38,78,36,42
050,13,243,"Georgia","Randolph County",2,39,70,29,41
050,13,243,"Georgia","Randolph County",2,40,72,32,40
050,13,243,"Georgia","Randolph County",2,41,60,26,34
050,13,243,"Georgia","Randolph County",2,42,56,27,29
050,13,243,"Georgia","Randolph County",2,43,55,30,25
050,13,243,"Georgia","Randolph County",2,44,54,32,22
050,13,243,"Georgia","Randolph County",2,45,56,27,29
050,13,243,"Georgia","Randolph County",2,46,52,20,32
050,13,243,"Georgia","Randolph County",2,47,54,23,31
050,13,243,"Georgia","Randolph County",2,48,65,26,39
050,13,243,"Georgia","Randolph County",2,49,65,25,40
050,13,243,"Georgia","Randolph County",2,50,62,23,39
050,13,243,"Georgia","Randolph County",2,51,66,27,39
050,13,243,"Georgia","Randolph County",2,52,70,33,37
050,13,243,"Georgia","Randolph County",2,53,74,39,35
050,13,243,"Georgia","Randolph County",2,54,87,40,47
050,13,243,"Georgia","Randolph County",2,55,83,36,47
050,13,243,"Georgia","Randolph County",2,56,93,42,51
050,13,243,"Georgia","Randolph County",2,57,100,47,53
050,13,243,"Georgia","Randolph County",2,58,95,42,53
050,13,243,"Georgia","Randolph County",2,59,98,38,60
050,13,243,"Georgia","Randolph County",2,60,94,39,55
050,13,243,"Georgia","Randolph County",2,61,100,46,54
050,13,243,"Georgia","Randolph County",2,62,115,54,61
050,13,243,"Georgia","Randolph County",2,63,101,52,49
050,13,243,"Georgia","Randolph County",2,64,95,49,46
050,13,243,"Georgia","Randolph County",2,65,94,49,45
050,13,243,"Georgia","Randolph County",2,66,98,49,49
050,13,243,"Georgia","Randolph County",2,67,99,43,56
050,13,243,"Georgia","Randolph County",2,68,88,36,52
050,13,243,"Georgia","Randolph County",2,69,91,43,48
050,13,243,"Georgia","Randolph County",2,70,83,43,40
050,13,243,"Georgia","Randolph County",2,71,85,42,43
050,13,243,"Georgia","Randolph County",2,72,91,45,46
050,13,243,"Georgia","Randolph County",2,73,91,41,50
050,13,243,"Georgia","Randolph County",2,74,65,22,43
050,13,243,"Georgia","Randolph County",2,75,59,20,39
050,13,243,"Georgia","Randolph County",2,76,55,22,33
050,13,243,"Georgia","Randolph County",2,77,70,32,38
050,13,243,"Georgia","Randolph County",2,78,64,29,35
050,13,243,"Georgia","Randolph County",2,79,52,23,29
050,13,243,"Georgia","Randolph County",2,80,43,18,25
050,13,243,"Georgia","Randolph County",2,81,41,20,21
050,13,243,"Georgia","Randolph County",2,82,34,12,22
050,13,243,"Georgia","Randolph County",2,83,28,10,18
050,13,243,"Georgia","Randolph County",2,84,27,10,17
050,13,243,"Georgia","Randolph County",2,85,232,70,162
050,13,243,"Georgia","Randolph County",3,0,61,26,35
050,13,243,"Georgia","Randolph County",3,1,56,28,28
050,13,243,"Georgia","Randolph County",3,2,46,23,23
050,13,243,"Georgia","Randolph County",3,3,61,27,34
050,13,243,"Georgia","Randolph County",3,4,63,29,34
050,13,243,"Georgia","Randolph County",3,5,67,33,34
050,13,243,"Georgia","Randolph County",3,6,82,40,42
050,13,243,"Georgia","Randolph County",3,7,75,40,35
050,13,243,"Georgia","Randolph County",3,8,82,42,40
050,13,243,"Georgia","Randolph County",3,9,76,40,36
050,13,243,"Georgia","Randolph County",3,10,74,37,37
050,13,243,"Georgia","Randolph County",3,11,64,34,30
050,13,243,"Georgia","Randolph County",3,12,83,49,34
050,13,243,"Georgia","Randolph County",3,13,88,48,40
050,13,243,"Georgia","Randolph County",3,14,82,39,43
050,13,243,"Georgia","Randolph County",3,15,86,44,42
050,13,243,"Georgia","Randolph County",3,16,81,49,32
050,13,243,"Georgia","Randolph County",3,17,74,40,34
050,13,243,"Georgia","Randolph County",3,18,89,41,48
050,13,243,"Georgia","Randolph County",3,19,85,46,39
050,13,243,"Georgia","Randolph County",3,20,67,27,40
050,13,243,"Georgia","Randolph County",3,21,71,28,43
050,13,243,"Georgia","Randolph County",3,22,80,34,46
050,13,243,"Georgia","Randolph County",3,23,71,32,39
050,13,243,"Georgia","Randolph County",3,24,73,36,37
050,13,243,"Georgia","Randolph County",3,25,62,33,29
050,13,243,"Georgia","Randolph County",3,26,64,31,33
050,13,243,"Georgia","Randolph County",3,27,59,27,32
050,13,243,"Georgia","Randolph County",3,28,60,23,37
050,13,243,"Georgia","Randolph County",3,29,69,31,38
050,13,243,"Georgia","Randolph County",3,30,58,29,29
050,13,243,"Georgia","Randolph County",3,31,67,33,34
050,13,243,"Georgia","Randolph County",3,32,55,25,30
050,13,243,"Georgia","Randolph County",3,33,57,25,32
050,13,243,"Georgia","Randolph County",3,34,64,32,32
050,13,243,"Georgia","Randolph County",3,35,69,28,41
050,13,243,"Georgia","Randolph County",3,36,59,23,36
050,13,243,"Georgia","Randolph County",3,37,61,29,32
050,13,243,"Georgia","Randolph County",3,38,72,33,39
050,13,243,"Georgia","Randolph County",3,39,80,37,43
050,13,243,"Georgia","Randolph County",3,40,73,31,42
050,13,243,"Georgia","Randolph County",3,41,77,37,40
050,13,243,"Georgia","Randolph County",3,42,59,26,33
050,13,243,"Georgia","Randolph County",3,43,56,27,29
050,13,243,"Georgia","Randolph County",3,44,52,30,22
050,13,243,"Georgia","Randolph County",3,45,58,33,25
050,13,243,"Georgia","Randolph County",3,46,57,29,28
050,13,243,"Georgia","Randolph County",3,47,54,19,35
050,13,243,"Georgia","Randolph County",3,48,48,21,27
050,13,243,"Georgia","Randolph County",3,49,65,26,39
050,13,243,"Georgia","Randolph County",3,50,58,21,37
050,13,243,"Georgia","Randolph County",3,51,57,21,36
050,13,243,"Georgia","Randolph County",3,52,69,29,40
050,13,243,"Georgia","Randolph County",3,53,64,30,34
050,13,243,"Georgia","Randolph County",3,54,78,41,37
050,13,243,"Georgia","Randolph County",3,55,82,40,42
050,13,243,"Georgia","Randolph County",3,56,80,34,46
050,13,243,"Georgia","Randolph County",3,57,91,40,51
050,13,243,"Georgia","Randolph County",3,58,99,48,51
050,13,243,"Georgia","Randolph County",3,59,98,46,52
050,13,243,"Georgia","Randolph County",3,60,97,38,59
050,13,243,"Georgia","Randolph County",3,61,89,37,52
050,13,243,"Georgia","Randolph County",3,62,106,47,59
050,13,243,"Georgia","Randolph County",3,63,115,54,61
050,13,243,"Georgia","Randolph County",3,64,98,46,52
050,13,243,"Georgia","Randolph County",3,65,90,45,45
050,13,243,"Georgia","Randolph County",3,66,91,47,44
050,13,243,"Georgia","Randolph County",3,67,99,48,51
050,13,243,"Georgia","Randolph County",3,68,92,41,51
050,13,243,"Georgia","Randolph County",3,69,89,36,53
050,13,243,"Georgia","Randolph County",3,70,87,39,48
050,13,243,"Georgia","Randolph County",3,71,83,45,38
050,13,243,"Georgia","Randolph County",3,72,82,40,42
050,13,243,"Georgia","Randolph County",3,73,84,40,44
050,13,243,"Georgia","Randolph County",3,74,84,36,48
050,13,243,"Georgia","Randolph County",3,75,62,20,42
050,13,243,"Georgia","Randolph County",3,76,59,21,38
050,13,243,"Georgia","Randolph County",3,77,52,20,32
050,13,243,"Georgia","Randolph County",3,78,65,30,35
050,13,243,"Georgia","Randolph County",3,79,62,29,33
050,13,243,"Georgia","Randolph County",3,80,49,21,28
050,13,243,"Georgia","Randolph County",3,81,39,14,25
050,13,243,"Georgia","Randolph County",3,82,37,18,19
050,13,243,"Georgia","Randolph County",3,83,29,12,17
050,13,243,"Georgia","Randolph County",3,84,28,10,18
050,13,243,"Georgia","Randolph County",3,85,227,69,158
050,13,243,"Georgia","Randolph County",4,0,57,27,30
050,13,243,"Georgia","Randolph County",4,1,54,24,30
050,13,243,"Georgia","Randolph County",4,2,52,25,27
050,13,243,"Georgia","Randolph County",4,3,49,27,22
050,13,243,"Georgia","Randolph County",4,4,64,30,34
050,13,243,"Georgia","Randolph County",4,5,66,31,35
050,13,243,"Georgia","Randolph County",4,6,64,32,32
050,13,243,"Georgia","Randolph County",4,7,76,37,39
050,13,243,"Georgia","Randolph County",4,8,77,41,36
050,13,243,"Georgia","Randolph County",4,9,78,39,39
050,13,243,"Georgia","Randolph County",4,10,73,36,37
050,13,243,"Georgia","Randolph County",4,11,81,43,38
050,13,243,"Georgia","Randolph County",4,12,66,37,29
050,13,243,"Georgia","Randolph County",4,13,91,55,36
050,13,243,"Georgia","Randolph County",4,14,93,51,42
050,13,243,"Georgia","Randolph County",4,15,82,40,42
050,13,243,"Georgia","Randolph County",4,16,83,43,40
050,13,243,"Georgia","Randolph County",4,17,79,47,32
050,13,243,"Georgia","Randolph County",4,18,78,38,40
050,13,243,"Georgia","Randolph County",4,19,65,36,29
050,13,243,"Georgia","Randolph County",4,20,46,24,22
050,13,243,"Georgia","Randolph County",4,21,62,25,37
050,13,243,"Georgia","Randolph County",4,22,71,32,39
050,13,243,"Georgia","Randolph County",4,23,67,26,41
050,13,243,"Georgia","Randolph County",4,24,69,34,35
050,13,243,"Georgia","Randolph County",4,25,66,34,32
050,13,243,"Georgia","Randolph County",4,26,61,28,33
050,13,243,"Georgia","Randolph County",4,27,51,27,24
050,13,243,"Georgia","Randolph County",4,28,49,21,28
050,13,243,"Georgia","Randolph County",4,29,57,21,36
050,13,243,"Georgia","Randolph County",4,30,70,31,39
050,13,243,"Georgia","Randolph County",4,31,62,33,29
050,13,243,"Georgia","Randolph County",4,32,64,32,32
050,13,243,"Georgia","Randolph County",4,33,54,26,28
050,13,243,"Georgia","Randolph County",4,34,56,22,34
050,13,243,"Georgia","Randolph County",4,35,65,34,31
050,13,243,"Georgia","Randolph County",4,36,68,27,41
050,13,243,"Georgia","Randolph County",4,37,57,23,34
050,13,243,"Georgia","Randolph County",4,38,60,28,32
050,13,243,"Georgia","Randolph County",4,39,71,33,38
050,13,243,"Georgia","Randolph County",4,40,75,35,40
050,13,243,"Georgia","Randolph County",4,41,72,33,39
050,13,243,"Georgia","Randolph County",4,42,76,37,39
050,13,243,"Georgia","Randolph County",4,43,64,26,38
050,13,243,"Georgia","Randolph County",4,44,56,27,29
050,13,243,"Georgia","Randolph County",4,45,52,28,24
050,13,243,"Georgia","Randolph County",4,46,53,29,24
050,13,243,"Georgia","Randolph County",4,47,58,29,29
050,13,243,"Georgia","Randolph County",4,48,52,17,35
050,13,243,"Georgia","Randolph County",4,49,50,22,28
050,13,243,"Georgia","Randolph County",4,50,65,28,37
050,13,243,"Georgia","Randolph County",4,51,62,21,41
050,13,243,"Georgia","Randolph County",4,52,65,27,38
050,13,243,"Georgia","Randolph County",4,53,70,30,40
050,13,243,"Georgia","Randolph County",4,54,63,28,35
050,13,243,"Georgia","Randolph County",4,55,78,41,37
050,13,243,"Georgia","Randolph County",4,56,81,38,43
050,13,243,"Georgia","Randolph County",4,57,79,34,45
050,13,243,"Georgia","Randolph County",4,58,95,45,50
050,13,243,"Georgia","Randolph County",4,59,94,46,48
050,13,243,"Georgia","Randolph County",4,60,94,45,49
050,13,243,"Georgia","Randolph County",4,61,95,35,60
050,13,243,"Georgia","Randolph County",4,62,84,34,50
050,13,243,"Georgia","Randolph County",4,63,104,46,58
050,13,243,"Georgia","Randolph County",4,64,114,50,64
050,13,243,"Georgia","Randolph County",4,65,95,43,52
050,13,243,"Georgia","Randolph County",4,66,94,44,50
050,13,243,"Georgia","Randolph County",4,67,87,42,45
050,13,243,"Georgia","Randolph County",4,68,96,47,49
050,13,243,"Georgia","Randolph County",4,69,95,42,53
050,13,243,"Georgia","Randolph County",4,70,89,37,52
050,13,243,"Georgia","Randolph County",4,71,89,40,49
050,13,243,"Georgia","Randolph County",4,72,81,44,37
050,13,243,"Georgia","Randolph County",4,73,79,38,41
050,13,243,"Georgia","Randolph County",4,74,78,38,40
050,13,243,"Georgia","Randolph County",4,75,81,34,47
050,13,243,"Georgia","Randolph County",4,76,63,21,42
050,13,243,"Georgia","Randolph County",4,77,55,18,37
050,13,243,"Georgia","Randolph County",4,78,50,18,32
050,13,243,"Georgia","Randolph County",4,79,65,30,35
050,13,243,"Georgia","Randolph County",4,80,57,26,31
050,13,243,"Georgia","Randolph County",4,81,44,17,27
050,13,243,"Georgia","Randolph County",4,82,33,11,22
050,13,243,"Georgia","Randolph County",4,83,31,17,14
050,13,243,"Georgia","Randolph County",4,84,29,11,18
050,13,243,"Georgia","Randolph County",4,85,230,69,161
050,13,243,"Georgia","Randolph County",5,0,57,26,31
050,13,243,"Georgia","Randolph County",5,1,61,26,35
050,13,243,"Georgia","Randolph County",5,2,56,24,32
050,13,243,"Georgia","Randolph County",5,3,54,22,32
050,13,243,"Georgia","Randolph County",5,4,57,34,23
050,13,243,"Georgia","Randolph County",5,5,61,28,33
050,13,243,"Georgia","Randolph County",5,6,63,31,32
050,13,243,"Georgia","Randolph County",5,7,67,35,32
050,13,243,"Georgia","Randolph County",5,8,77,41,36
050,13,243,"Georgia","Randolph County",5,9,74,43,31
050,13,243,"Georgia","Randolph County",5,10,80,40,40
050,13,243,"Georgia","Randolph County",5,11,78,36,42
050,13,243,"Georgia","Randolph County",5,12,71,36,35
050,13,243,"Georgia","Randolph County",5,13,67,40,27
050,13,243,"Georgia","Randolph County",5,14,93,57,36
050,13,243,"Georgia","Randolph County",5,15,91,47,44
050,13,243,"Georgia","Randolph County",5,16,82,42,40
050,13,243,"Georgia","Randolph County",5,17,80,43,37
050,13,243,"Georgia","Randolph County",5,18,81,45,36
050,13,243,"Georgia","Randolph County",5,19,68,35,33
050,13,243,"Georgia","Randolph County",5,20,49,23,26
050,13,243,"Georgia","Randolph County",5,21,52,26,26
050,13,243,"Georgia","Randolph County",5,22,68,27,41
050,13,243,"Georgia","Randolph County",5,23,69,32,37
050,13,243,"Georgia","Randolph County",5,24,65,29,36
050,13,243,"Georgia","Randolph County",5,25,68,33,35
050,13,243,"Georgia","Randolph County",5,26,64,34,30
050,13,243,"Georgia","Randolph County",5,27,70,39,31
050,13,243,"Georgia","Randolph County",5,28,52,30,22
050,13,243,"Georgia","Randolph County",5,29,45,19,26
050,13,243,"Georgia","Randolph County",5,30,58,22,36
050,13,243,"Georgia","Randolph County",5,31,66,30,36
050,13,243,"Georgia","Randolph County",5,32,65,40,25
050,13,243,"Georgia","Randolph County",5,33,64,32,32
050,13,243,"Georgia","Randolph County",5,34,54,26,28
050,13,243,"Georgia","Randolph County",5,35,58,21,37
050,13,243,"Georgia","Randolph County",5,36,64,32,32
050,13,243,"Georgia","Randolph County",5,37,74,32,42
050,13,243,"Georgia","Randolph County",5,38,53,22,31
050,13,243,"Georgia","Randolph County",5,39,64,30,34
050,13,243,"Georgia","Randolph County",5,40,70,35,35
050,13,243,"Georgia","Randolph County",5,41,71,31,40
050,13,243,"Georgia","Randolph County",5,42,72,33,39
050,13,243,"Georgia","Randolph County",5,43,83,44,39
050,13,243,"Georgia","Randolph County",5,44,62,28,34
050,13,243,"Georgia","Randolph County",5,45,54,28,26
050,13,243,"Georgia","Randolph County",5,46,52,28,24
050,13,243,"Georgia","Randolph County",5,47,55,28,27
050,13,243,"Georgia","Randolph County",5,48,50,25,25
050,13,243,"Georgia","Randolph County",5,49,53,19,34
050,13,243,"Georgia","Randolph County",5,50,50,21,29
050,13,243,"Georgia","Randolph County",5,51,64,27,37
050,13,243,"Georgia","Randolph County",5,52,61,22,39
050,13,243,"Georgia","Randolph County",5,53,61,23,38
050,13,243,"Georgia","Randolph County",5,54,65,28,37
050,13,243,"Georgia","Randolph County",5,55,62,27,35
050,13,243,"Georgia","Randolph County",5,56,77,41,36
050,13,243,"Georgia","Randolph County",5,57,80,37,43
050,13,243,"Georgia","Randolph County",5,58,82,36,46
050,13,243,"Georgia","Randolph County",5,59,91,44,47
050,13,243,"Georgia","Randolph County",5,60,94,46,48
050,13,243,"Georgia","Randolph County",5,61,91,40,51
050,13,243,"Georgia","Randolph County",5,62,86,32,54
050,13,243,"Georgia","Randolph County",5,63,84,33,51
050,13,243,"Georgia","Randolph County",5,64,102,46,56
050,13,243,"Georgia","Randolph County",5,65,113,47,66
050,13,243,"Georgia","Randolph County",5,66,96,42,54
050,13,243,"Georgia","Randolph County",5,67,90,41,49
050,13,243,"Georgia","Randolph County",5,68,85,41,44
050,13,243,"Georgia","Randolph County",5,69,94,47,47
050,13,243,"Georgia","Randolph County",5,70,89,38,51
050,13,243,"Georgia","Randolph County",5,71,93,41,52
050,13,243,"Georgia","Randolph County",5,72,87,39,48
050,13,243,"Georgia","Randolph County",5,73,79,43,36
050,13,243,"Georgia","Randolph County",5,74,75,36,39
050,13,243,"Georgia","Randolph County",5,75,74,35,39
050,13,243,"Georgia","Randolph County",5,76,82,37,45
050,13,243,"Georgia","Randolph County",5,77,58,17,41
050,13,243,"Georgia","Randolph County",5,78,52,16,36
050,13,243,"Georgia","Randolph County",5,79,51,18,33
050,13,243,"Georgia","Randolph County",5,80,59,27,32
050,13,243,"Georgia","Randolph County",5,81,52,22,30
050,13,243,"Georgia","Randolph County",5,82,37,13,24
050,13,243,"Georgia","Randolph County",5,83,29,10,19
050,13,243,"Georgia","Randolph County",5,84,29,16,13
050,13,243,"Georgia","Randolph County",5,85,242,71,171
050,13,245,"Georgia","Richmond County",1,0,2811,1442,1369
050,13,245,"Georgia","Richmond County",1,1,2796,1465,1331
050,13,245,"Georgia","Richmond County",1,2,2802,1475,1327
050,13,245,"Georgia","Richmond County",1,3,2731,1467,1264
050,13,245,"Georgia","Richmond County",1,4,2706,1401,1305
050,13,245,"Georgia","Richmond County",1,5,2679,1363,1316
050,13,245,"Georgia","Richmond County",1,6,2664,1408,1256
050,13,245,"Georgia","Richmond County",1,7,2599,1359,1240
050,13,245,"Georgia","Richmond County",1,8,2640,1346,1294
050,13,245,"Georgia","Richmond County",1,9,2595,1329,1266
050,13,245,"Georgia","Richmond County",1,10,2620,1326,1294
050,13,245,"Georgia","Richmond County",1,11,2634,1330,1304
050,13,245,"Georgia","Richmond County",1,12,2795,1424,1371
050,13,245,"Georgia","Richmond County",1,13,2706,1400,1306
050,13,245,"Georgia","Richmond County",1,14,2533,1319,1214
050,13,245,"Georgia","Richmond County",1,15,2464,1304,1160
050,13,245,"Georgia","Richmond County",1,16,2471,1285,1186
050,13,245,"Georgia","Richmond County",1,17,2627,1412,1215
050,13,245,"Georgia","Richmond County",1,18,3122,1729,1393
050,13,245,"Georgia","Richmond County",1,19,3491,2006,1485
050,13,245,"Georgia","Richmond County",1,20,3197,1781,1416
050,13,245,"Georgia","Richmond County",1,21,3105,1689,1416
050,13,245,"Georgia","Richmond County",1,22,3102,1627,1475
050,13,245,"Georgia","Richmond County",1,23,3142,1647,1495
050,13,245,"Georgia","Richmond County",1,24,3225,1708,1517
050,13,245,"Georgia","Richmond County",1,25,3447,1737,1710
050,13,245,"Georgia","Richmond County",1,26,3526,1767,1759
050,13,245,"Georgia","Richmond County",1,27,3605,1807,1798
050,13,245,"Georgia","Richmond County",1,28,3621,1808,1813
050,13,245,"Georgia","Richmond County",1,29,3558,1768,1790
050,13,245,"Georgia","Richmond County",1,30,3460,1649,1811
050,13,245,"Georgia","Richmond County",1,31,3275,1587,1688
050,13,245,"Georgia","Richmond County",1,32,3144,1519,1625
050,13,245,"Georgia","Richmond County",1,33,3040,1447,1593
050,13,245,"Georgia","Richmond County",1,34,2890,1390,1500
050,13,245,"Georgia","Richmond County",1,35,2871,1378,1493
050,13,245,"Georgia","Richmond County",1,36,2638,1253,1385
050,13,245,"Georgia","Richmond County",1,37,2651,1263,1388
050,13,245,"Georgia","Richmond County",1,38,2587,1222,1365
050,13,245,"Georgia","Richmond County",1,39,2546,1245,1301
050,13,245,"Georgia","Richmond County",1,40,2507,1180,1327
050,13,245,"Georgia","Richmond County",1,41,2308,1075,1233
050,13,245,"Georgia","Richmond County",1,42,2312,1053,1259
050,13,245,"Georgia","Richmond County",1,43,2165,1000,1165
050,13,245,"Georgia","Richmond County",1,44,2133,1019,1114
050,13,245,"Georgia","Richmond County",1,45,2067,961,1106
050,13,245,"Georgia","Richmond County",1,46,2055,948,1107
050,13,245,"Georgia","Richmond County",1,47,2154,1037,1117
050,13,245,"Georgia","Richmond County",1,48,2195,1014,1181
050,13,245,"Georgia","Richmond County",1,49,2333,1046,1287
050,13,245,"Georgia","Richmond County",1,50,2260,1029,1231
050,13,245,"Georgia","Richmond County",1,51,2160,968,1192
050,13,245,"Georgia","Richmond County",1,52,2198,1009,1189
050,13,245,"Georgia","Richmond County",1,53,2238,1021,1217
050,13,245,"Georgia","Richmond County",1,54,2388,1118,1270
050,13,245,"Georgia","Richmond County",1,55,2583,1202,1381
050,13,245,"Georgia","Richmond County",1,56,2585,1195,1390
050,13,245,"Georgia","Richmond County",1,57,2581,1202,1379
050,13,245,"Georgia","Richmond County",1,58,2600,1152,1448
050,13,245,"Georgia","Richmond County",1,59,2657,1201,1456
050,13,245,"Georgia","Richmond County",1,60,2777,1275,1502
050,13,245,"Georgia","Richmond County",1,61,2687,1239,1448
050,13,245,"Georgia","Richmond County",1,62,2563,1175,1388
050,13,245,"Georgia","Richmond County",1,63,2573,1195,1378
050,13,245,"Georgia","Richmond County",1,64,2494,1115,1379
050,13,245,"Georgia","Richmond County",1,65,2385,1124,1261
050,13,245,"Georgia","Richmond County",1,66,2254,1044,1210
050,13,245,"Georgia","Richmond County",1,67,2179,976,1203
050,13,245,"Georgia","Richmond County",1,68,2050,879,1171
050,13,245,"Georgia","Richmond County",1,69,1904,830,1074
050,13,245,"Georgia","Richmond County",1,70,1833,799,1034
050,13,245,"Georgia","Richmond County",1,71,1774,769,1005
050,13,245,"Georgia","Richmond County",1,72,1671,737,934
050,13,245,"Georgia","Richmond County",1,73,1577,719,858
050,13,245,"Georgia","Richmond County",1,74,1139,501,638
050,13,245,"Georgia","Richmond County",1,75,1177,522,655
050,13,245,"Georgia","Richmond County",1,76,1118,473,645
050,13,245,"Georgia","Richmond County",1,77,1044,437,607
050,13,245,"Georgia","Richmond County",1,78,864,346,518
050,13,245,"Georgia","Richmond County",1,79,857,351,506
050,13,245,"Georgia","Richmond County",1,80,820,329,491
050,13,245,"Georgia","Richmond County",1,81,739,300,439
050,13,245,"Georgia","Richmond County",1,82,644,257,387
050,13,245,"Georgia","Richmond County",1,83,543,229,314
050,13,245,"Georgia","Richmond County",1,84,530,216,314
050,13,245,"Georgia","Richmond County",1,85,2812,918,1894
050,13,245,"Georgia","Richmond County",2,0,2781,1425,1356
050,13,245,"Georgia","Richmond County",2,1,2791,1459,1332
050,13,245,"Georgia","Richmond County",2,2,2789,1465,1324
050,13,245,"Georgia","Richmond County",2,3,2723,1456,1267
050,13,245,"Georgia","Richmond County",2,4,2698,1408,1290
050,13,245,"Georgia","Richmond County",2,5,2677,1371,1306
050,13,245,"Georgia","Richmond County",2,6,2654,1388,1266
050,13,245,"Georgia","Richmond County",2,7,2594,1359,1235
050,13,245,"Georgia","Richmond County",2,8,2608,1337,1271
050,13,245,"Georgia","Richmond County",2,9,2589,1322,1267
050,13,245,"Georgia","Richmond County",2,10,2585,1308,1277
050,13,245,"Georgia","Richmond County",2,11,2609,1323,1286
050,13,245,"Georgia","Richmond County",2,12,2756,1402,1354
050,13,245,"Georgia","Richmond County",2,13,2721,1405,1316
050,13,245,"Georgia","Richmond County",2,14,2559,1332,1227
050,13,245,"Georgia","Richmond County",2,15,2482,1313,1169
050,13,245,"Georgia","Richmond County",2,16,2484,1308,1176
050,13,245,"Georgia","Richmond County",2,17,2637,1422,1215
050,13,245,"Georgia","Richmond County",2,18,3112,1729,1383
050,13,245,"Georgia","Richmond County",2,19,3485,2007,1478
050,13,245,"Georgia","Richmond County",2,20,3249,1806,1443
050,13,245,"Georgia","Richmond County",2,21,3104,1683,1421
050,13,245,"Georgia","Richmond County",2,22,3129,1642,1487
050,13,245,"Georgia","Richmond County",2,23,3165,1656,1509
050,13,245,"Georgia","Richmond County",2,24,3194,1682,1512
050,13,245,"Georgia","Richmond County",2,25,3386,1725,1661
050,13,245,"Georgia","Richmond County",2,26,3497,1750,1747
050,13,245,"Georgia","Richmond County",2,27,3556,1781,1775
050,13,245,"Georgia","Richmond County",2,28,3595,1808,1787
050,13,245,"Georgia","Richmond County",2,29,3558,1770,1788
050,13,245,"Georgia","Richmond County",2,30,3483,1680,1803
050,13,245,"Georgia","Richmond County",2,31,3299,1591,1708
050,13,245,"Georgia","Richmond County",2,32,3139,1518,1621
050,13,245,"Georgia","Richmond County",2,33,3036,1453,1583
050,13,245,"Georgia","Richmond County",2,34,2917,1399,1518
050,13,245,"Georgia","Richmond County",2,35,2869,1375,1494
050,13,245,"Georgia","Richmond County",2,36,2659,1265,1394
050,13,245,"Georgia","Richmond County",2,37,2636,1256,1380
050,13,245,"Georgia","Richmond County",2,38,2598,1231,1367
050,13,245,"Georgia","Richmond County",2,39,2524,1220,1304
050,13,245,"Georgia","Richmond County",2,40,2523,1198,1325
050,13,245,"Georgia","Richmond County",2,41,2346,1093,1253
050,13,245,"Georgia","Richmond County",2,42,2294,1057,1237
050,13,245,"Georgia","Richmond County",2,43,2205,1010,1195
050,13,245,"Georgia","Richmond County",2,44,2124,1005,1119
050,13,245,"Georgia","Richmond County",2,45,2097,977,1120
050,13,245,"Georgia","Richmond County",2,46,2050,950,1100
050,13,245,"Georgia","Richmond County",2,47,2133,1022,1111
050,13,245,"Georgia","Richmond County",2,48,2184,1014,1170
050,13,245,"Georgia","Richmond County",2,49,2304,1037,1267
050,13,245,"Georgia","Richmond County",2,50,2279,1033,1246
050,13,245,"Georgia","Richmond County",2,51,2160,968,1192
050,13,245,"Georgia","Richmond County",2,52,2192,1001,1191
050,13,245,"Georgia","Richmond County",2,53,2216,1012,1204
050,13,245,"Georgia","Richmond County",2,54,2357,1096,1261
050,13,245,"Georgia","Richmond County",2,55,2532,1174,1358
050,13,245,"Georgia","Richmond County",2,56,2593,1203,1390
050,13,245,"Georgia","Richmond County",2,57,2585,1197,1388
050,13,245,"Georgia","Richmond County",2,58,2595,1163,1432
050,13,245,"Georgia","Richmond County",2,59,2650,1189,1461
050,13,245,"Georgia","Richmond County",2,60,2734,1248,1486
050,13,245,"Georgia","Richmond County",2,61,2685,1229,1456
050,13,245,"Georgia","Richmond County",2,62,2567,1175,1392
050,13,245,"Georgia","Richmond County",2,63,2584,1196,1388
050,13,245,"Georgia","Richmond County",2,64,2483,1118,1365
050,13,245,"Georgia","Richmond County",2,65,2402,1116,1286
050,13,245,"Georgia","Richmond County",2,66,2284,1059,1225
050,13,245,"Georgia","Richmond County",2,67,2182,986,1196
050,13,245,"Georgia","Richmond County",2,68,2050,885,1165
050,13,245,"Georgia","Richmond County",2,69,1938,835,1103
050,13,245,"Georgia","Richmond County",2,70,1832,796,1036
050,13,245,"Georgia","Richmond County",2,71,1775,772,1003
050,13,245,"Georgia","Richmond County",2,72,1665,730,935
050,13,245,"Georgia","Richmond County",2,73,1641,740,901
050,13,245,"Georgia","Richmond County",2,74,1172,519,653
050,13,245,"Georgia","Richmond County",2,75,1158,511,647
050,13,245,"Georgia","Richmond County",2,76,1112,473,639
050,13,245,"Georgia","Richmond County",2,77,1071,450,621
050,13,245,"Georgia","Richmond County",2,78,880,356,524
050,13,245,"Georgia","Richmond County",2,79,845,344,501
050,13,245,"Georgia","Richmond County",2,80,825,329,496
050,13,245,"Georgia","Richmond County",2,81,744,300,444
050,13,245,"Georgia","Richmond County",2,82,662,264,398
050,13,245,"Georgia","Richmond County",2,83,555,228,327
050,13,245,"Georgia","Richmond County",2,84,513,209,304
050,13,245,"Georgia","Richmond County",2,85,2819,928,1891
050,13,245,"Georgia","Richmond County",3,0,2528,1288,1240
050,13,245,"Georgia","Richmond County",3,1,2760,1402,1358
050,13,245,"Georgia","Richmond County",3,2,2708,1420,1288
050,13,245,"Georgia","Richmond County",3,3,2785,1481,1304
050,13,245,"Georgia","Richmond County",3,4,2670,1440,1230
050,13,245,"Georgia","Richmond County",3,5,2652,1389,1263
050,13,245,"Georgia","Richmond County",3,6,2611,1323,1288
050,13,245,"Georgia","Richmond County",3,7,2605,1345,1260
050,13,245,"Georgia","Richmond County",3,8,2538,1330,1208
050,13,245,"Georgia","Richmond County",3,9,2572,1315,1257
050,13,245,"Georgia","Richmond County",3,10,2630,1312,1318
050,13,245,"Georgia","Richmond County",3,11,2517,1277,1240
050,13,245,"Georgia","Richmond County",3,12,2529,1297,1232
050,13,245,"Georgia","Richmond County",3,13,2737,1375,1362
050,13,245,"Georgia","Richmond County",3,14,2723,1410,1313
050,13,245,"Georgia","Richmond County",3,15,2551,1326,1225
050,13,245,"Georgia","Richmond County",3,16,2486,1330,1156
050,13,245,"Georgia","Richmond County",3,17,2605,1399,1206
050,13,245,"Georgia","Richmond County",3,18,2965,1669,1296
050,13,245,"Georgia","Richmond County",3,19,3402,1992,1410
050,13,245,"Georgia","Richmond County",3,20,3275,1823,1452
050,13,245,"Georgia","Richmond County",3,21,3171,1693,1478
050,13,245,"Georgia","Richmond County",3,22,3109,1632,1477
050,13,245,"Georgia","Richmond County",3,23,3261,1682,1579
050,13,245,"Georgia","Richmond County",3,24,3188,1644,1544
050,13,245,"Georgia","Richmond County",3,25,3204,1699,1505
050,13,245,"Georgia","Richmond County",3,26,3377,1686,1691
050,13,245,"Georgia","Richmond County",3,27,3438,1692,1746
050,13,245,"Georgia","Richmond County",3,28,3392,1701,1691
050,13,245,"Georgia","Richmond County",3,29,3528,1743,1785
050,13,245,"Georgia","Richmond County",3,30,3477,1703,1774
050,13,245,"Georgia","Richmond County",3,31,3384,1622,1762
050,13,245,"Georgia","Richmond County",3,32,3159,1496,1663
050,13,245,"Georgia","Richmond County",3,33,3015,1453,1562
050,13,245,"Georgia","Richmond County",3,34,2967,1408,1559
050,13,245,"Georgia","Richmond County",3,35,2830,1368,1462
050,13,245,"Georgia","Richmond County",3,36,2800,1335,1465
050,13,245,"Georgia","Richmond County",3,37,2646,1235,1411
050,13,245,"Georgia","Richmond County",3,38,2599,1224,1375
050,13,245,"Georgia","Richmond County",3,39,2557,1205,1352
050,13,245,"Georgia","Richmond County",3,40,2447,1189,1258
050,13,245,"Georgia","Richmond County",3,41,2514,1179,1335
050,13,245,"Georgia","Richmond County",3,42,2266,1049,1217
050,13,245,"Georgia","Richmond County",3,43,2255,1006,1249
050,13,245,"Georgia","Richmond County",3,44,2183,998,1185
050,13,245,"Georgia","Richmond County",3,45,2114,985,1129
050,13,245,"Georgia","Richmond County",3,46,2095,983,1112
050,13,245,"Georgia","Richmond County",3,47,2038,960,1078
050,13,245,"Georgia","Richmond County",3,48,2105,971,1134
050,13,245,"Georgia","Richmond County",3,49,2155,982,1173
050,13,245,"Georgia","Richmond County",3,50,2311,1040,1271
050,13,245,"Georgia","Richmond County",3,51,2245,1021,1224
050,13,245,"Georgia","Richmond County",3,52,2130,957,1173
050,13,245,"Georgia","Richmond County",3,53,2160,978,1182
050,13,245,"Georgia","Richmond County",3,54,2195,1012,1183
050,13,245,"Georgia","Richmond County",3,55,2304,1065,1239
050,13,245,"Georgia","Richmond County",3,56,2546,1185,1361
050,13,245,"Georgia","Richmond County",3,57,2564,1184,1380
050,13,245,"Georgia","Richmond County",3,58,2521,1147,1374
050,13,245,"Georgia","Richmond County",3,59,2561,1150,1411
050,13,245,"Georgia","Richmond County",3,60,2592,1160,1432
050,13,245,"Georgia","Richmond County",3,61,2705,1231,1474
050,13,245,"Georgia","Richmond County",3,62,2634,1209,1425
050,13,245,"Georgia","Richmond County",3,63,2548,1176,1372
050,13,245,"Georgia","Richmond County",3,64,2472,1108,1364
050,13,245,"Georgia","Richmond County",3,65,2396,1062,1334
050,13,245,"Georgia","Richmond County",3,66,2359,1095,1264
050,13,245,"Georgia","Richmond County",3,67,2230,1026,1204
050,13,245,"Georgia","Richmond County",3,68,2102,944,1158
050,13,245,"Georgia","Richmond County",3,69,1973,835,1138
050,13,245,"Georgia","Richmond County",3,70,1865,806,1059
050,13,245,"Georgia","Richmond County",3,71,1773,766,1007
050,13,245,"Georgia","Richmond County",3,72,1702,734,968
050,13,245,"Georgia","Richmond County",3,73,1610,685,925
050,13,245,"Georgia","Richmond County",3,74,1579,704,875
050,13,245,"Georgia","Richmond County",3,75,1112,490,622
050,13,245,"Georgia","Richmond County",3,76,1084,461,623
050,13,245,"Georgia","Richmond County",3,77,1051,450,601
050,13,245,"Georgia","Richmond County",3,78,1007,419,588
050,13,245,"Georgia","Richmond County",3,79,813,321,492
050,13,245,"Georgia","Richmond County",3,80,775,307,468
050,13,245,"Georgia","Richmond County",3,81,738,288,450
050,13,245,"Georgia","Richmond County",3,82,676,272,404
050,13,245,"Georgia","Richmond County",3,83,588,234,354
050,13,245,"Georgia","Richmond County",3,84,491,197,294
050,13,245,"Georgia","Richmond County",3,85,2739,910,1829
050,13,245,"Georgia","Richmond County",4,0,2566,1377,1189
050,13,245,"Georgia","Richmond County",4,1,2454,1279,1175
050,13,245,"Georgia","Richmond County",4,2,2728,1359,1369
050,13,245,"Georgia","Richmond County",4,3,2690,1406,1284
050,13,245,"Georgia","Richmond County",4,4,2716,1458,1258
050,13,245,"Georgia","Richmond County",4,5,2648,1422,1226
050,13,245,"Georgia","Richmond County",4,6,2618,1346,1272
050,13,245,"Georgia","Richmond County",4,7,2608,1310,1298
050,13,245,"Georgia","Richmond County",4,8,2585,1333,1252
050,13,245,"Georgia","Richmond County",4,9,2543,1340,1203
050,13,245,"Georgia","Richmond County",4,10,2565,1305,1260
050,13,245,"Georgia","Richmond County",4,11,2609,1298,1311
050,13,245,"Georgia","Richmond County",4,12,2526,1280,1246
050,13,245,"Georgia","Richmond County",4,13,2542,1297,1245
050,13,245,"Georgia","Richmond County",4,14,2744,1372,1372
050,13,245,"Georgia","Richmond County",4,15,2716,1403,1313
050,13,245,"Georgia","Richmond County",4,16,2575,1359,1216
050,13,245,"Georgia","Richmond County",4,17,2716,1524,1192
050,13,245,"Georgia","Richmond County",4,18,2981,1686,1295
050,13,245,"Georgia","Richmond County",4,19,3306,1955,1351
050,13,245,"Georgia","Richmond County",4,20,3196,1804,1392
050,13,245,"Georgia","Richmond County",4,21,3191,1742,1449
050,13,245,"Georgia","Richmond County",4,22,3250,1715,1535
050,13,245,"Georgia","Richmond County",4,23,3306,1716,1590
050,13,245,"Georgia","Richmond County",4,24,3290,1662,1628
050,13,245,"Georgia","Richmond County",4,25,3211,1670,1541
050,13,245,"Georgia","Richmond County",4,26,3168,1649,1519
050,13,245,"Georgia","Richmond County",4,27,3375,1690,1685
050,13,245,"Georgia","Richmond County",4,28,3398,1712,1686
050,13,245,"Georgia","Richmond County",4,29,3411,1695,1716
050,13,245,"Georgia","Richmond County",4,30,3489,1728,1761
050,13,245,"Georgia","Richmond County",4,31,3436,1683,1753
050,13,245,"Georgia","Richmond County",4,32,3317,1588,1729
050,13,245,"Georgia","Richmond County",4,33,3129,1477,1652
050,13,245,"Georgia","Richmond County",4,34,2972,1444,1528
050,13,245,"Georgia","Richmond County",4,35,2995,1428,1567
050,13,245,"Georgia","Richmond County",4,36,2797,1347,1450
050,13,245,"Georgia","Richmond County",4,37,2774,1326,1448
050,13,245,"Georgia","Richmond County",4,38,2638,1251,1387
050,13,245,"Georgia","Richmond County",4,39,2609,1231,1378
050,13,245,"Georgia","Richmond County",4,40,2558,1209,1349
050,13,245,"Georgia","Richmond County",4,41,2424,1181,1243
050,13,245,"Georgia","Richmond County",4,42,2508,1205,1303
050,13,245,"Georgia","Richmond County",4,43,2257,1035,1222
050,13,245,"Georgia","Richmond County",4,44,2288,1006,1282
050,13,245,"Georgia","Richmond County",4,45,2191,1017,1174
050,13,245,"Georgia","Richmond County",4,46,2121,994,1127
050,13,245,"Georgia","Richmond County",4,47,2118,1007,1111
050,13,245,"Georgia","Richmond County",4,48,2062,979,1083
050,13,245,"Georgia","Richmond County",4,49,2099,973,1126
050,13,245,"Georgia","Richmond County",4,50,2141,1001,1140
050,13,245,"Georgia","Richmond County",4,51,2343,1073,1270
050,13,245,"Georgia","Richmond County",4,52,2251,1042,1209
050,13,245,"Georgia","Richmond County",4,53,2142,963,1179
050,13,245,"Georgia","Richmond County",4,54,2179,995,1184
050,13,245,"Georgia","Richmond County",4,55,2149,980,1169
050,13,245,"Georgia","Richmond County",4,56,2328,1091,1237
050,13,245,"Georgia","Richmond County",4,57,2511,1144,1367
050,13,245,"Georgia","Richmond County",4,58,2547,1168,1379
050,13,245,"Georgia","Richmond County",4,59,2498,1148,1350
050,13,245,"Georgia","Richmond County",4,60,2508,1109,1399
050,13,245,"Georgia","Richmond County",4,61,2543,1138,1405
050,13,245,"Georgia","Richmond County",4,62,2668,1209,1459
050,13,245,"Georgia","Richmond County",4,63,2619,1206,1413
050,13,245,"Georgia","Richmond County",4,64,2492,1129,1363
050,13,245,"Georgia","Richmond County",4,65,2400,1077,1323
050,13,245,"Georgia","Richmond County",4,66,2364,1039,1325
050,13,245,"Georgia","Richmond County",4,67,2307,1068,1239
050,13,245,"Georgia","Richmond County",4,68,2171,995,1176
050,13,245,"Georgia","Richmond County",4,69,2021,899,1122
050,13,245,"Georgia","Richmond County",4,70,1912,800,1112
050,13,245,"Georgia","Richmond County",4,71,1823,786,1037
050,13,245,"Georgia","Richmond County",4,72,1708,735,973
050,13,245,"Georgia","Richmond County",4,73,1645,691,954
050,13,245,"Georgia","Richmond County",4,74,1557,659,898
050,13,245,"Georgia","Richmond County",4,75,1519,670,849
050,13,245,"Georgia","Richmond County",4,76,1038,452,586
050,13,245,"Georgia","Richmond County",4,77,1041,447,594
050,13,245,"Georgia","Richmond County",4,78,979,418,561
050,13,245,"Georgia","Richmond County",4,79,948,393,555
050,13,245,"Georgia","Richmond County",4,80,755,298,457
050,13,245,"Georgia","Richmond County",4,81,727,285,442
050,13,245,"Georgia","Richmond County",4,82,659,254,405
050,13,245,"Georgia","Richmond County",4,83,613,248,365
050,13,245,"Georgia","Richmond County",4,84,540,212,328
050,13,245,"Georgia","Richmond County",4,85,2684,908,1776
050,13,245,"Georgia","Richmond County",5,0,2627,1405,1222
050,13,245,"Georgia","Richmond County",5,1,2489,1329,1160
050,13,245,"Georgia","Richmond County",5,2,2491,1294,1197
050,13,245,"Georgia","Richmond County",5,3,2661,1321,1340
050,13,245,"Georgia","Richmond County",5,4,2674,1395,1279
050,13,245,"Georgia","Richmond County",5,5,2687,1432,1255
050,13,245,"Georgia","Richmond County",5,6,2593,1407,1186
050,13,245,"Georgia","Richmond County",5,7,2613,1338,1275
050,13,245,"Georgia","Richmond County",5,8,2517,1279,1238
050,13,245,"Georgia","Richmond County",5,9,2557,1350,1207
050,13,245,"Georgia","Richmond County",5,10,2493,1288,1205
050,13,245,"Georgia","Richmond County",5,11,2555,1297,1258
050,13,245,"Georgia","Richmond County",5,12,2562,1265,1297
050,13,245,"Georgia","Richmond County",5,13,2541,1282,1259
050,13,245,"Georgia","Richmond County",5,14,2568,1330,1238
050,13,245,"Georgia","Richmond County",5,15,2750,1381,1369
050,13,245,"Georgia","Richmond County",5,16,2742,1423,1319
050,13,245,"Georgia","Richmond County",5,17,2732,1498,1234
050,13,245,"Georgia","Richmond County",5,18,3065,1754,1311
050,13,245,"Georgia","Richmond County",5,19,3264,1921,1343
050,13,245,"Georgia","Richmond County",5,20,3071,1755,1316
050,13,245,"Georgia","Richmond County",5,21,3144,1750,1394
050,13,245,"Georgia","Richmond County",5,22,3226,1719,1507
050,13,245,"Georgia","Richmond County",5,23,3342,1705,1637
050,13,245,"Georgia","Richmond County",5,24,3308,1718,1590
050,13,245,"Georgia","Richmond County",5,25,3247,1602,1645
050,13,245,"Georgia","Richmond County",5,26,3217,1634,1583
050,13,245,"Georgia","Richmond County",5,27,3050,1517,1533
050,13,245,"Georgia","Richmond County",5,28,3299,1648,1651
050,13,245,"Georgia","Richmond County",5,29,3302,1604,1698
050,13,245,"Georgia","Richmond County",5,30,3272,1619,1653
050,13,245,"Georgia","Richmond County",5,31,3374,1640,1734
050,13,245,"Georgia","Richmond County",5,32,3320,1577,1743
050,13,245,"Georgia","Richmond County",5,33,3270,1572,1698
050,13,245,"Georgia","Richmond County",5,34,3018,1416,1602
050,13,245,"Georgia","Richmond County",5,35,2926,1410,1516
050,13,245,"Georgia","Richmond County",5,36,2895,1355,1540
050,13,245,"Georgia","Richmond County",5,37,2715,1282,1433
050,13,245,"Georgia","Richmond County",5,38,2745,1307,1438
050,13,245,"Georgia","Richmond County",5,39,2570,1206,1364
050,13,245,"Georgia","Richmond County",5,40,2552,1198,1354
050,13,245,"Georgia","Richmond County",5,41,2538,1176,1362
050,13,245,"Georgia","Richmond County",5,42,2392,1145,1247
050,13,245,"Georgia","Richmond County",5,43,2401,1135,1266
050,13,245,"Georgia","Richmond County",5,44,2181,998,1183
050,13,245,"Georgia","Richmond County",5,45,2224,967,1257
050,13,245,"Georgia","Richmond County",5,46,2143,970,1173
050,13,245,"Georgia","Richmond County",5,47,2133,996,1137
050,13,245,"Georgia","Richmond County",5,48,2051,949,1102
050,13,245,"Georgia","Richmond County",5,49,2005,947,1058
050,13,245,"Georgia","Richmond County",5,50,2086,975,1111
050,13,245,"Georgia","Richmond County",5,51,2125,972,1153
050,13,245,"Georgia","Richmond County",5,52,2295,1031,1264
050,13,245,"Georgia","Richmond County",5,53,2234,1025,1209
050,13,245,"Georgia","Richmond County",5,54,2088,941,1147
050,13,245,"Georgia","Richmond County",5,55,2114,946,1168
050,13,245,"Georgia","Richmond County",5,56,2171,994,1177
050,13,245,"Georgia","Richmond County",5,57,2258,1033,1225
050,13,245,"Georgia","Richmond County",5,58,2498,1117,1381
050,13,245,"Georgia","Richmond County",5,59,2504,1155,1349
050,13,245,"Georgia","Richmond County",5,60,2450,1099,1351
050,13,245,"Georgia","Richmond County",5,61,2455,1072,1383
050,13,245,"Georgia","Richmond County",5,62,2523,1116,1407
050,13,245,"Georgia","Richmond County",5,63,2653,1202,1451
050,13,245,"Georgia","Richmond County",5,64,2540,1149,1391
050,13,245,"Georgia","Richmond County",5,65,2400,1080,1320
050,13,245,"Georgia","Richmond County",5,66,2351,1045,1306
050,13,245,"Georgia","Richmond County",5,67,2313,1004,1309
050,13,245,"Georgia","Richmond County",5,68,2271,1049,1222
050,13,245,"Georgia","Richmond County",5,69,2074,947,1127
050,13,245,"Georgia","Richmond County",5,70,1967,878,1089
050,13,245,"Georgia","Richmond County",5,71,1883,786,1097
050,13,245,"Georgia","Richmond County",5,72,1751,744,1007
050,13,245,"Georgia","Richmond County",5,73,1670,701,969
050,13,245,"Georgia","Richmond County",5,74,1591,672,919
050,13,245,"Georgia","Richmond County",5,75,1496,630,866
050,13,245,"Georgia","Richmond County",5,76,1454,632,822
050,13,245,"Georgia","Richmond County",5,77,999,435,564
050,13,245,"Georgia","Richmond County",5,78,979,419,560
050,13,245,"Georgia","Richmond County",5,79,925,400,525
050,13,245,"Georgia","Richmond County",5,80,900,366,534
050,13,245,"Georgia","Richmond County",5,81,709,277,432
050,13,245,"Georgia","Richmond County",5,82,660,257,403
050,13,245,"Georgia","Richmond County",5,83,600,229,371
050,13,245,"Georgia","Richmond County",5,84,570,229,341
050,13,245,"Georgia","Richmond County",5,85,2745,953,1792
050,13,247,"Georgia","Rockdale County",1,0,978,488,490
050,13,247,"Georgia","Rockdale County",1,1,1011,496,515
050,13,247,"Georgia","Rockdale County",1,2,1053,513,540
050,13,247,"Georgia","Rockdale County",1,3,1070,533,537
050,13,247,"Georgia","Rockdale County",1,4,1189,594,595
050,13,247,"Georgia","Rockdale County",1,5,1140,584,556
050,13,247,"Georgia","Rockdale County",1,6,1147,588,559
050,13,247,"Georgia","Rockdale County",1,7,1142,557,585
050,13,247,"Georgia","Rockdale County",1,8,1222,642,580
050,13,247,"Georgia","Rockdale County",1,9,1265,676,589
050,13,247,"Georgia","Rockdale County",1,10,1295,664,631
050,13,247,"Georgia","Rockdale County",1,11,1394,687,707
050,13,247,"Georgia","Rockdale County",1,12,1499,755,744
050,13,247,"Georgia","Rockdale County",1,13,1456,713,743
050,13,247,"Georgia","Rockdale County",1,14,1491,742,749
050,13,247,"Georgia","Rockdale County",1,15,1495,767,728
050,13,247,"Georgia","Rockdale County",1,16,1517,772,745
050,13,247,"Georgia","Rockdale County",1,17,1453,721,732
050,13,247,"Georgia","Rockdale County",1,18,1294,642,652
050,13,247,"Georgia","Rockdale County",1,19,1143,587,556
050,13,247,"Georgia","Rockdale County",1,20,1214,609,605
050,13,247,"Georgia","Rockdale County",1,21,1192,605,587
050,13,247,"Georgia","Rockdale County",1,22,1182,592,590
050,13,247,"Georgia","Rockdale County",1,23,1119,560,559
050,13,247,"Georgia","Rockdale County",1,24,1159,560,599
050,13,247,"Georgia","Rockdale County",1,25,1227,630,597
050,13,247,"Georgia","Rockdale County",1,26,1195,603,592
050,13,247,"Georgia","Rockdale County",1,27,1208,607,601
050,13,247,"Georgia","Rockdale County",1,28,1204,577,627
050,13,247,"Georgia","Rockdale County",1,29,1138,509,629
050,13,247,"Georgia","Rockdale County",1,30,1109,500,609
050,13,247,"Georgia","Rockdale County",1,31,1052,495,557
050,13,247,"Georgia","Rockdale County",1,32,1034,499,535
050,13,247,"Georgia","Rockdale County",1,33,1032,486,546
050,13,247,"Georgia","Rockdale County",1,34,1075,481,594
050,13,247,"Georgia","Rockdale County",1,35,1022,459,563
050,13,247,"Georgia","Rockdale County",1,36,1008,432,576
050,13,247,"Georgia","Rockdale County",1,37,1078,461,617
050,13,247,"Georgia","Rockdale County",1,38,1070,476,594
050,13,247,"Georgia","Rockdale County",1,39,1120,490,630
050,13,247,"Georgia","Rockdale County",1,40,1139,486,653
050,13,247,"Georgia","Rockdale County",1,41,1125,484,641
050,13,247,"Georgia","Rockdale County",1,42,1053,436,617
050,13,247,"Georgia","Rockdale County",1,43,1109,494,615
050,13,247,"Georgia","Rockdale County",1,44,1174,493,681
050,13,247,"Georgia","Rockdale County",1,45,1175,507,668
050,13,247,"Georgia","Rockdale County",1,46,1172,530,642
050,13,247,"Georgia","Rockdale County",1,47,1252,575,677
050,13,247,"Georgia","Rockdale County",1,48,1383,623,760
050,13,247,"Georgia","Rockdale County",1,49,1410,638,772
050,13,247,"Georgia","Rockdale County",1,50,1332,601,731
050,13,247,"Georgia","Rockdale County",1,51,1327,626,701
050,13,247,"Georgia","Rockdale County",1,52,1295,605,690
050,13,247,"Georgia","Rockdale County",1,53,1345,639,706
050,13,247,"Georgia","Rockdale County",1,54,1342,602,740
050,13,247,"Georgia","Rockdale County",1,55,1435,619,816
050,13,247,"Georgia","Rockdale County",1,56,1415,669,746
050,13,247,"Georgia","Rockdale County",1,57,1470,699,771
050,13,247,"Georgia","Rockdale County",1,58,1396,677,719
050,13,247,"Georgia","Rockdale County",1,59,1321,644,677
050,13,247,"Georgia","Rockdale County",1,60,1271,591,680
050,13,247,"Georgia","Rockdale County",1,61,1256,594,662
050,13,247,"Georgia","Rockdale County",1,62,1203,583,620
050,13,247,"Georgia","Rockdale County",1,63,1202,573,629
050,13,247,"Georgia","Rockdale County",1,64,1210,585,625
050,13,247,"Georgia","Rockdale County",1,65,1109,536,573
050,13,247,"Georgia","Rockdale County",1,66,1056,495,561
050,13,247,"Georgia","Rockdale County",1,67,999,469,530
050,13,247,"Georgia","Rockdale County",1,68,951,418,533
050,13,247,"Georgia","Rockdale County",1,69,954,420,534
050,13,247,"Georgia","Rockdale County",1,70,887,395,492
050,13,247,"Georgia","Rockdale County",1,71,836,374,462
050,13,247,"Georgia","Rockdale County",1,72,827,372,455
050,13,247,"Georgia","Rockdale County",1,73,813,356,457
050,13,247,"Georgia","Rockdale County",1,74,591,244,347
050,13,247,"Georgia","Rockdale County",1,75,547,236,311
050,13,247,"Georgia","Rockdale County",1,76,520,236,284
050,13,247,"Georgia","Rockdale County",1,77,504,226,278
050,13,247,"Georgia","Rockdale County",1,78,419,186,233
050,13,247,"Georgia","Rockdale County",1,79,377,165,212
050,13,247,"Georgia","Rockdale County",1,80,357,162,195
050,13,247,"Georgia","Rockdale County",1,81,289,125,164
050,13,247,"Georgia","Rockdale County",1,82,281,116,165
050,13,247,"Georgia","Rockdale County",1,83,250,97,153
050,13,247,"Georgia","Rockdale County",1,84,215,83,132
050,13,247,"Georgia","Rockdale County",1,85,1227,417,810
050,13,247,"Georgia","Rockdale County",2,0,972,470,502
050,13,247,"Georgia","Rockdale County",2,1,1010,495,515
050,13,247,"Georgia","Rockdale County",2,2,1049,510,539
050,13,247,"Georgia","Rockdale County",2,3,1078,536,542
050,13,247,"Georgia","Rockdale County",2,4,1164,582,582
050,13,247,"Georgia","Rockdale County",2,5,1156,589,567
050,13,247,"Georgia","Rockdale County",2,6,1149,588,561
050,13,247,"Georgia","Rockdale County",2,7,1148,568,580
050,13,247,"Georgia","Rockdale County",2,8,1207,625,582
050,13,247,"Georgia","Rockdale County",2,9,1263,671,592
050,13,247,"Georgia","Rockdale County",2,10,1291,664,627
050,13,247,"Georgia","Rockdale County",2,11,1373,681,692
050,13,247,"Georgia","Rockdale County",2,12,1477,740,737
050,13,247,"Georgia","Rockdale County",2,13,1472,724,748
050,13,247,"Georgia","Rockdale County",2,14,1492,737,755
050,13,247,"Georgia","Rockdale County",2,15,1511,771,740
050,13,247,"Georgia","Rockdale County",2,16,1515,773,742
050,13,247,"Georgia","Rockdale County",2,17,1462,729,733
050,13,247,"Georgia","Rockdale County",2,18,1284,636,648
050,13,247,"Georgia","Rockdale County",2,19,1136,580,556
050,13,247,"Georgia","Rockdale County",2,20,1226,617,609
050,13,247,"Georgia","Rockdale County",2,21,1205,607,598
050,13,247,"Georgia","Rockdale County",2,22,1194,598,596
050,13,247,"Georgia","Rockdale County",2,23,1129,561,568
050,13,247,"Georgia","Rockdale County",2,24,1153,567,586
050,13,247,"Georgia","Rockdale County",2,25,1209,613,596
050,13,247,"Georgia","Rockdale County",2,26,1199,610,589
050,13,247,"Georgia","Rockdale County",2,27,1204,604,600
050,13,247,"Georgia","Rockdale County",2,28,1206,579,627
050,13,247,"Georgia","Rockdale County",2,29,1151,522,629
050,13,247,"Georgia","Rockdale County",2,30,1119,504,615
050,13,247,"Georgia","Rockdale County",2,31,1069,504,565
050,13,247,"Georgia","Rockdale County",2,32,1039,497,542
050,13,247,"Georgia","Rockdale County",2,33,1038,490,548
050,13,247,"Georgia","Rockdale County",2,34,1061,481,580
050,13,247,"Georgia","Rockdale County",2,35,1044,470,574
050,13,247,"Georgia","Rockdale County",2,36,1021,443,578
050,13,247,"Georgia","Rockdale County",2,37,1071,460,611
050,13,247,"Georgia","Rockdale County",2,38,1077,476,601
050,13,247,"Georgia","Rockdale County",2,39,1098,479,619
050,13,247,"Georgia","Rockdale County",2,40,1145,493,652
050,13,247,"Georgia","Rockdale County",2,41,1127,484,643
050,13,247,"Georgia","Rockdale County",2,42,1064,444,620
050,13,247,"Georgia","Rockdale County",2,43,1111,485,626
050,13,247,"Georgia","Rockdale County",2,44,1147,490,657
050,13,247,"Georgia","Rockdale County",2,45,1183,506,677
050,13,247,"Georgia","Rockdale County",2,46,1169,522,647
050,13,247,"Georgia","Rockdale County",2,47,1236,567,669
050,13,247,"Georgia","Rockdale County",2,48,1359,616,743
050,13,247,"Georgia","Rockdale County",2,49,1410,640,770
050,13,247,"Georgia","Rockdale County",2,50,1351,612,739
050,13,247,"Georgia","Rockdale County",2,51,1321,615,706
050,13,247,"Georgia","Rockdale County",2,52,1304,610,694
050,13,247,"Georgia","Rockdale County",2,53,1331,629,702
050,13,247,"Georgia","Rockdale County",2,54,1348,612,736
050,13,247,"Georgia","Rockdale County",2,55,1408,616,792
050,13,247,"Georgia","Rockdale County",2,56,1425,662,763
050,13,247,"Georgia","Rockdale County",2,57,1457,691,766
050,13,247,"Georgia","Rockdale County",2,58,1409,680,729
050,13,247,"Georgia","Rockdale County",2,59,1335,649,686
050,13,247,"Georgia","Rockdale County",2,60,1287,606,681
050,13,247,"Georgia","Rockdale County",2,61,1254,591,663
050,13,247,"Georgia","Rockdale County",2,62,1204,582,622
050,13,247,"Georgia","Rockdale County",2,63,1207,578,629
050,13,247,"Georgia","Rockdale County",2,64,1187,571,616
050,13,247,"Georgia","Rockdale County",2,65,1130,545,585
050,13,247,"Georgia","Rockdale County",2,66,1069,505,564
050,13,247,"Georgia","Rockdale County",2,67,999,471,528
050,13,247,"Georgia","Rockdale County",2,68,950,425,525
050,13,247,"Georgia","Rockdale County",2,69,955,422,533
050,13,247,"Georgia","Rockdale County",2,70,896,399,497
050,13,247,"Georgia","Rockdale County",2,71,839,371,468
050,13,247,"Georgia","Rockdale County",2,72,813,365,448
050,13,247,"Georgia","Rockdale County",2,73,835,367,468
050,13,247,"Georgia","Rockdale County",2,74,600,249,351
050,13,247,"Georgia","Rockdale County",2,75,549,232,317
050,13,247,"Georgia","Rockdale County",2,76,514,230,284
050,13,247,"Georgia","Rockdale County",2,77,511,231,280
050,13,247,"Georgia","Rockdale County",2,78,433,194,239
050,13,247,"Georgia","Rockdale County",2,79,379,165,214
050,13,247,"Georgia","Rockdale County",2,80,358,161,197
050,13,247,"Georgia","Rockdale County",2,81,300,133,167
050,13,247,"Georgia","Rockdale County",2,82,286,117,169
050,13,247,"Georgia","Rockdale County",2,83,248,96,152
050,13,247,"Georgia","Rockdale County",2,84,213,81,132
050,13,247,"Georgia","Rockdale County",2,85,1233,421,812
050,13,247,"Georgia","Rockdale County",3,0,941,497,444
050,13,247,"Georgia","Rockdale County",3,1,925,435,490
050,13,247,"Georgia","Rockdale County",3,2,1044,520,524
050,13,247,"Georgia","Rockdale County",3,3,1052,516,536
050,13,247,"Georgia","Rockdale County",3,4,1055,514,541
050,13,247,"Georgia","Rockdale County",3,5,1190,582,608
050,13,247,"Georgia","Rockdale County",3,6,1148,569,579
050,13,247,"Georgia","Rockdale County",3,7,1202,623,579
050,13,247,"Georgia","Rockdale County",3,8,1150,554,596
050,13,247,"Georgia","Rockdale County",3,9,1276,655,621
050,13,247,"Georgia","Rockdale County",3,10,1271,657,614
050,13,247,"Georgia","Rockdale County",3,11,1315,667,648
050,13,247,"Georgia","Rockdale County",3,12,1421,684,737
050,13,247,"Georgia","Rockdale County",3,13,1544,780,764
050,13,247,"Georgia","Rockdale County",3,14,1488,722,766
050,13,247,"Georgia","Rockdale County",3,15,1507,750,757
050,13,247,"Georgia","Rockdale County",3,16,1507,748,759
050,13,247,"Georgia","Rockdale County",3,17,1529,777,752
050,13,247,"Georgia","Rockdale County",3,18,1323,668,655
050,13,247,"Georgia","Rockdale County",3,19,1083,544,539
050,13,247,"Georgia","Rockdale County",3,20,1179,596,583
050,13,247,"Georgia","Rockdale County",3,21,1251,617,634
050,13,247,"Georgia","Rockdale County",3,22,1257,622,635
050,13,247,"Georgia","Rockdale County",3,23,1185,584,601
050,13,247,"Georgia","Rockdale County",3,24,1105,551,554
050,13,247,"Georgia","Rockdale County",3,25,1149,547,602
050,13,247,"Georgia","Rockdale County",3,26,1195,602,593
050,13,247,"Georgia","Rockdale County",3,27,1129,563,566
050,13,247,"Georgia","Rockdale County",3,28,1160,586,574
050,13,247,"Georgia","Rockdale County",3,29,1230,601,629
050,13,247,"Georgia","Rockdale County",3,30,1142,514,628
050,13,247,"Georgia","Rockdale County",3,31,1150,539,611
050,13,247,"Georgia","Rockdale County",3,32,1096,489,607
050,13,247,"Georgia","Rockdale County",3,33,1085,508,577
050,13,247,"Georgia","Rockdale County",3,34,1077,499,578
050,13,247,"Georgia","Rockdale County",3,35,1064,479,585
050,13,247,"Georgia","Rockdale County",3,36,1048,475,573
050,13,247,"Georgia","Rockdale County",3,37,1030,440,590
050,13,247,"Georgia","Rockdale County",3,38,1074,455,619
050,13,247,"Georgia","Rockdale County",3,39,1103,499,604
050,13,247,"Georgia","Rockdale County",3,40,1108,489,619
050,13,247,"Georgia","Rockdale County",3,41,1161,487,674
050,13,247,"Georgia","Rockdale County",3,42,1131,490,641
050,13,247,"Georgia","Rockdale County",3,43,1080,470,610
050,13,247,"Georgia","Rockdale County",3,44,1102,481,621
050,13,247,"Georgia","Rockdale County",3,45,1173,508,665
050,13,247,"Georgia","Rockdale County",3,46,1198,521,677
050,13,247,"Georgia","Rockdale County",3,47,1178,512,666
050,13,247,"Georgia","Rockdale County",3,48,1241,562,679
050,13,247,"Georgia","Rockdale County",3,49,1358,602,756
050,13,247,"Georgia","Rockdale County",3,50,1397,629,768
050,13,247,"Georgia","Rockdale County",3,51,1385,652,733
050,13,247,"Georgia","Rockdale County",3,52,1307,622,685
050,13,247,"Georgia","Rockdale County",3,53,1303,595,708
050,13,247,"Georgia","Rockdale County",3,54,1314,634,680
050,13,247,"Georgia","Rockdale County",3,55,1360,607,753
050,13,247,"Georgia","Rockdale County",3,56,1401,627,774
050,13,247,"Georgia","Rockdale County",3,57,1419,676,743
050,13,247,"Georgia","Rockdale County",3,58,1451,670,781
050,13,247,"Georgia","Rockdale County",3,59,1402,671,731
050,13,247,"Georgia","Rockdale County",3,60,1341,644,697
050,13,247,"Georgia","Rockdale County",3,61,1285,605,680
050,13,247,"Georgia","Rockdale County",3,62,1228,562,666
050,13,247,"Georgia","Rockdale County",3,63,1186,578,608
050,13,247,"Georgia","Rockdale County",3,64,1190,568,622
050,13,247,"Georgia","Rockdale County",3,65,1141,552,589
050,13,247,"Georgia","Rockdale County",3,66,1100,529,571
050,13,247,"Georgia","Rockdale County",3,67,1022,491,531
050,13,247,"Georgia","Rockdale County",3,68,980,456,524
050,13,247,"Georgia","Rockdale County",3,69,917,414,503
050,13,247,"Georgia","Rockdale County",3,70,906,393,513
050,13,247,"Georgia","Rockdale County",3,71,874,371,503
050,13,247,"Georgia","Rockdale County",3,72,817,359,458
050,13,247,"Georgia","Rockdale County",3,73,798,358,440
050,13,247,"Georgia","Rockdale County",3,74,797,339,458
050,13,247,"Georgia","Rockdale County",3,75,577,229,348
050,13,247,"Georgia","Rockdale County",3,76,526,218,308
050,13,247,"Georgia","Rockdale County",3,77,482,214,268
050,13,247,"Georgia","Rockdale County",3,78,506,227,279
050,13,247,"Georgia","Rockdale County",3,79,407,184,223
050,13,247,"Georgia","Rockdale County",3,80,348,151,197
050,13,247,"Georgia","Rockdale County",3,81,343,146,197
050,13,247,"Georgia","Rockdale County",3,82,286,114,172
050,13,247,"Georgia","Rockdale County",3,83,239,92,147
050,13,247,"Georgia","Rockdale County",3,84,195,79,116
050,13,247,"Georgia","Rockdale County",3,85,1248,421,827
050,13,247,"Georgia","Rockdale County",4,0,957,479,478
050,13,247,"Georgia","Rockdale County",4,1,994,503,491
050,13,247,"Georgia","Rockdale County",4,2,998,474,524
050,13,247,"Georgia","Rockdale County",4,3,1053,537,516
050,13,247,"Georgia","Rockdale County",4,4,1101,539,562
050,13,247,"Georgia","Rockdale County",4,5,1066,522,544
050,13,247,"Georgia","Rockdale County",4,6,1201,602,599
050,13,247,"Georgia","Rockdale County",4,7,1197,594,603
050,13,247,"Georgia","Rockdale County",4,8,1259,640,619
050,13,247,"Georgia","Rockdale County",4,9,1220,603,617
050,13,247,"Georgia","Rockdale County",4,10,1279,647,632
050,13,247,"Georgia","Rockdale County",4,11,1298,654,644
050,13,247,"Georgia","Rockdale County",4,12,1338,676,662
050,13,247,"Georgia","Rockdale County",4,13,1467,710,757
050,13,247,"Georgia","Rockdale County",4,14,1593,791,802
050,13,247,"Georgia","Rockdale County",4,15,1504,747,757
050,13,247,"Georgia","Rockdale County",4,16,1557,787,770
050,13,247,"Georgia","Rockdale County",4,17,1535,774,761
050,13,247,"Georgia","Rockdale County",4,18,1380,690,690
050,13,247,"Georgia","Rockdale County",4,19,1114,567,547
050,13,247,"Georgia","Rockdale County",4,20,1114,573,541
050,13,247,"Georgia","Rockdale County",4,21,1200,596,604
050,13,247,"Georgia","Rockdale County",4,22,1306,647,659
050,13,247,"Georgia","Rockdale County",4,23,1245,624,621
050,13,247,"Georgia","Rockdale County",4,24,1139,545,594
050,13,247,"Georgia","Rockdale County",4,25,1144,571,573
050,13,247,"Georgia","Rockdale County",4,26,1164,545,619
050,13,247,"Georgia","Rockdale County",4,27,1263,612,651
050,13,247,"Georgia","Rockdale County",4,28,1065,505,560
050,13,247,"Georgia","Rockdale County",4,29,1115,546,569
050,13,247,"Georgia","Rockdale County",4,30,1253,593,660
050,13,247,"Georgia","Rockdale County",4,31,1183,539,644
050,13,247,"Georgia","Rockdale County",4,32,1169,530,639
050,13,247,"Georgia","Rockdale County",4,33,1118,500,618
050,13,247,"Georgia","Rockdale County",4,34,1095,502,593
050,13,247,"Georgia","Rockdale County",4,35,1091,505,586
050,13,247,"Georgia","Rockdale County",4,36,1135,517,618
050,13,247,"Georgia","Rockdale County",4,37,1065,479,586
050,13,247,"Georgia","Rockdale County",4,38,1094,466,628
050,13,247,"Georgia","Rockdale County",4,39,1087,449,638
050,13,247,"Georgia","Rockdale County",4,40,1129,497,632
050,13,247,"Georgia","Rockdale County",4,41,1152,497,655
050,13,247,"Georgia","Rockdale County",4,42,1190,523,667
050,13,247,"Georgia","Rockdale County",4,43,1148,500,648
050,13,247,"Georgia","Rockdale County",4,44,1108,464,644
050,13,247,"Georgia","Rockdale County",4,45,1139,508,631
050,13,247,"Georgia","Rockdale County",4,46,1164,513,651
050,13,247,"Georgia","Rockdale County",4,47,1200,522,678
050,13,247,"Georgia","Rockdale County",4,48,1203,527,676
050,13,247,"Georgia","Rockdale County",4,49,1259,569,690
050,13,247,"Georgia","Rockdale County",4,50,1342,596,746
050,13,247,"Georgia","Rockdale County",4,51,1437,654,783
050,13,247,"Georgia","Rockdale County",4,52,1388,659,729
050,13,247,"Georgia","Rockdale County",4,53,1334,633,701
050,13,247,"Georgia","Rockdale County",4,54,1297,598,699
050,13,247,"Georgia","Rockdale County",4,55,1315,615,700
050,13,247,"Georgia","Rockdale County",4,56,1351,607,744
050,13,247,"Georgia","Rockdale County",4,57,1414,630,784
050,13,247,"Georgia","Rockdale County",4,58,1386,660,726
050,13,247,"Georgia","Rockdale County",4,59,1452,679,773
050,13,247,"Georgia","Rockdale County",4,60,1399,680,719
050,13,247,"Georgia","Rockdale County",4,61,1330,632,698
050,13,247,"Georgia","Rockdale County",4,62,1238,591,647
050,13,247,"Georgia","Rockdale County",4,63,1232,573,659
050,13,247,"Georgia","Rockdale County",4,64,1175,569,606
050,13,247,"Georgia","Rockdale County",4,65,1166,545,621
050,13,247,"Georgia","Rockdale County",4,66,1124,544,580
050,13,247,"Georgia","Rockdale County",4,67,1065,511,554
050,13,247,"Georgia","Rockdale County",4,68,997,474,523
050,13,247,"Georgia","Rockdale County",4,69,950,448,502
050,13,247,"Georgia","Rockdale County",4,70,876,389,487
050,13,247,"Georgia","Rockdale County",4,71,894,380,514
050,13,247,"Georgia","Rockdale County",4,72,843,367,476
050,13,247,"Georgia","Rockdale County",4,73,814,353,461
050,13,247,"Georgia","Rockdale County",4,74,749,327,422
050,13,247,"Georgia","Rockdale County",4,75,761,316,445
050,13,247,"Georgia","Rockdale County",4,76,552,215,337
050,13,247,"Georgia","Rockdale County",4,77,499,207,292
050,13,247,"Georgia","Rockdale County",4,78,476,207,269
050,13,247,"Georgia","Rockdale County",4,79,478,214,264
050,13,247,"Georgia","Rockdale County",4,80,389,184,205
050,13,247,"Georgia","Rockdale County",4,81,332,141,191
050,13,247,"Georgia","Rockdale County",4,82,337,136,201
050,13,247,"Georgia","Rockdale County",4,83,238,89,149
050,13,247,"Georgia","Rockdale County",4,84,196,76,120
050,13,247,"Georgia","Rockdale County",4,85,1271,429,842
050,13,247,"Georgia","Rockdale County",5,0,969,486,483
050,13,247,"Georgia","Rockdale County",5,1,1009,512,497
050,13,247,"Georgia","Rockdale County",5,2,1001,503,498
050,13,247,"Georgia","Rockdale County",5,3,1043,498,545
050,13,247,"Georgia","Rockdale County",5,4,1100,561,539
050,13,247,"Georgia","Rockdale County",5,5,1140,563,577
050,13,247,"Georgia","Rockdale County",5,6,1041,517,524
050,13,247,"Georgia","Rockdale County",5,7,1240,606,634
050,13,247,"Georgia","Rockdale County",5,8,1228,636,592
050,13,247,"Georgia","Rockdale County",5,9,1246,640,606
050,13,247,"Georgia","Rockdale County",5,10,1235,608,627
050,13,247,"Georgia","Rockdale County",5,11,1304,689,615
050,13,247,"Georgia","Rockdale County",5,12,1310,672,638
050,13,247,"Georgia","Rockdale County",5,13,1363,693,670
050,13,247,"Georgia","Rockdale County",5,14,1470,711,759
050,13,247,"Georgia","Rockdale County",5,15,1620,797,823
050,13,247,"Georgia","Rockdale County",5,16,1593,798,795
050,13,247,"Georgia","Rockdale County",5,17,1581,785,796
050,13,247,"Georgia","Rockdale County",5,18,1394,714,680
050,13,247,"Georgia","Rockdale County",5,19,1184,618,566
050,13,247,"Georgia","Rockdale County",5,20,1205,609,596
050,13,247,"Georgia","Rockdale County",5,21,1159,564,595
050,13,247,"Georgia","Rockdale County",5,22,1310,674,636
050,13,247,"Georgia","Rockdale County",5,23,1332,656,676
050,13,247,"Georgia","Rockdale County",5,24,1309,660,649
050,13,247,"Georgia","Rockdale County",5,25,1185,547,638
050,13,247,"Georgia","Rockdale County",5,26,1202,599,603
050,13,247,"Georgia","Rockdale County",5,27,1128,523,605
050,13,247,"Georgia","Rockdale County",5,28,1239,629,610
050,13,247,"Georgia","Rockdale County",5,29,1105,519,586
050,13,247,"Georgia","Rockdale County",5,30,1158,566,592
050,13,247,"Georgia","Rockdale County",5,31,1267,591,676
050,13,247,"Georgia","Rockdale County",5,32,1183,540,643
050,13,247,"Georgia","Rockdale County",5,33,1179,538,641
050,13,247,"Georgia","Rockdale County",5,34,1128,503,625
050,13,247,"Georgia","Rockdale County",5,35,1120,498,622
050,13,247,"Georgia","Rockdale County",5,36,1142,528,614
050,13,247,"Georgia","Rockdale County",5,37,1123,510,613
050,13,247,"Georgia","Rockdale County",5,38,1098,489,609
050,13,247,"Georgia","Rockdale County",5,39,1104,484,620
050,13,247,"Georgia","Rockdale County",5,40,1098,444,654
050,13,247,"Georgia","Rockdale County",5,41,1156,514,642
050,13,247,"Georgia","Rockdale County",5,42,1146,489,657
050,13,247,"Georgia","Rockdale County",5,43,1221,554,667
050,13,247,"Georgia","Rockdale County",5,44,1152,492,660
050,13,247,"Georgia","Rockdale County",5,45,1103,465,638
050,13,247,"Georgia","Rockdale County",5,46,1140,503,637
050,13,247,"Georgia","Rockdale County",5,47,1168,522,646
050,13,247,"Georgia","Rockdale County",5,48,1208,519,689
050,13,247,"Georgia","Rockdale County",5,49,1240,540,700
050,13,247,"Georgia","Rockdale County",5,50,1257,564,693
050,13,247,"Georgia","Rockdale County",5,51,1332,594,738
050,13,247,"Georgia","Rockdale County",5,52,1472,671,801
050,13,247,"Georgia","Rockdale County",5,53,1377,649,728
050,13,247,"Georgia","Rockdale County",5,54,1356,647,709
050,13,247,"Georgia","Rockdale County",5,55,1312,601,711
050,13,247,"Georgia","Rockdale County",5,56,1324,616,708
050,13,247,"Georgia","Rockdale County",5,57,1364,619,745
050,13,247,"Georgia","Rockdale County",5,58,1403,621,782
050,13,247,"Georgia","Rockdale County",5,59,1386,666,720
050,13,247,"Georgia","Rockdale County",5,60,1435,664,771
050,13,247,"Georgia","Rockdale County",5,61,1388,677,711
050,13,247,"Georgia","Rockdale County",5,62,1302,634,668
050,13,247,"Georgia","Rockdale County",5,63,1261,613,648
050,13,247,"Georgia","Rockdale County",5,64,1206,553,653
050,13,247,"Georgia","Rockdale County",5,65,1168,564,604
050,13,247,"Georgia","Rockdale County",5,66,1148,547,601
050,13,247,"Georgia","Rockdale County",5,67,1065,517,548
050,13,247,"Georgia","Rockdale County",5,68,1035,490,545
050,13,247,"Georgia","Rockdale County",5,69,970,457,513
050,13,247,"Georgia","Rockdale County",5,70,899,430,469
050,13,247,"Georgia","Rockdale County",5,71,857,372,485
050,13,247,"Georgia","Rockdale County",5,72,876,372,504
050,13,247,"Georgia","Rockdale County",5,73,814,361,453
050,13,247,"Georgia","Rockdale County",5,74,771,325,446
050,13,247,"Georgia","Rockdale County",5,75,710,310,400
050,13,247,"Georgia","Rockdale County",5,76,730,302,428
050,13,247,"Georgia","Rockdale County",5,77,526,209,317
050,13,247,"Georgia","Rockdale County",5,78,479,194,285
050,13,247,"Georgia","Rockdale County",5,79,449,194,255
050,13,247,"Georgia","Rockdale County",5,80,454,210,244
050,13,247,"Georgia","Rockdale County",5,81,374,171,203
050,13,247,"Georgia","Rockdale County",5,82,329,129,200
050,13,247,"Georgia","Rockdale County",5,83,295,112,183
050,13,247,"Georgia","Rockdale County",5,84,192,73,119
050,13,247,"Georgia","Rockdale County",5,85,1292,433,859
050,13,249,"Georgia","Schley County",1,0,43,23,20
050,13,249,"Georgia","Schley County",1,1,49,33,16
050,13,249,"Georgia","Schley County",1,2,41,25,16
050,13,249,"Georgia","Schley County",1,3,49,26,23
050,13,249,"Georgia","Schley County",1,4,53,24,29
050,13,249,"Georgia","Schley County",1,5,44,24,20
050,13,249,"Georgia","Schley County",1,6,49,30,19
050,13,249,"Georgia","Schley County",1,7,48,23,25
050,13,249,"Georgia","Schley County",1,8,56,30,26
050,13,249,"Georgia","Schley County",1,9,63,37,26
050,13,249,"Georgia","Schley County",1,10,62,27,35
050,13,249,"Georgia","Schley County",1,11,72,35,37
050,13,249,"Georgia","Schley County",1,12,69,41,28
050,13,249,"Georgia","Schley County",1,13,70,36,34
050,13,249,"Georgia","Schley County",1,14,91,38,53
050,13,249,"Georgia","Schley County",1,15,84,35,49
050,13,249,"Georgia","Schley County",1,16,77,40,37
050,13,249,"Georgia","Schley County",1,17,71,38,33
050,13,249,"Georgia","Schley County",1,18,61,38,23
050,13,249,"Georgia","Schley County",1,19,60,30,30
050,13,249,"Georgia","Schley County",1,20,49,25,24
050,13,249,"Georgia","Schley County",1,21,46,17,29
050,13,249,"Georgia","Schley County",1,22,52,20,32
050,13,249,"Georgia","Schley County",1,23,49,22,27
050,13,249,"Georgia","Schley County",1,24,41,23,18
050,13,249,"Georgia","Schley County",1,25,48,26,22
050,13,249,"Georgia","Schley County",1,26,42,19,23
050,13,249,"Georgia","Schley County",1,27,43,19,24
050,13,249,"Georgia","Schley County",1,28,39,19,20
050,13,249,"Georgia","Schley County",1,29,45,25,20
050,13,249,"Georgia","Schley County",1,30,52,22,30
050,13,249,"Georgia","Schley County",1,31,50,25,25
050,13,249,"Georgia","Schley County",1,32,39,16,23
050,13,249,"Georgia","Schley County",1,33,46,20,26
050,13,249,"Georgia","Schley County",1,34,61,28,33
050,13,249,"Georgia","Schley County",1,35,57,27,30
050,13,249,"Georgia","Schley County",1,36,43,20,23
050,13,249,"Georgia","Schley County",1,37,47,22,25
050,13,249,"Georgia","Schley County",1,38,53,26,27
050,13,249,"Georgia","Schley County",1,39,64,35,29
050,13,249,"Georgia","Schley County",1,40,49,23,26
050,13,249,"Georgia","Schley County",1,41,62,26,36
050,13,249,"Georgia","Schley County",1,42,52,25,27
050,13,249,"Georgia","Schley County",1,43,50,24,26
050,13,249,"Georgia","Schley County",1,44,66,26,40
050,13,249,"Georgia","Schley County",1,45,68,30,38
050,13,249,"Georgia","Schley County",1,46,61,30,31
050,13,249,"Georgia","Schley County",1,47,61,30,31
050,13,249,"Georgia","Schley County",1,48,69,30,39
050,13,249,"Georgia","Schley County",1,49,82,32,50
050,13,249,"Georgia","Schley County",1,50,79,35,44
050,13,249,"Georgia","Schley County",1,51,83,45,38
050,13,249,"Georgia","Schley County",1,52,75,43,32
050,13,249,"Georgia","Schley County",1,53,70,38,32
050,13,249,"Georgia","Schley County",1,54,62,34,28
050,13,249,"Georgia","Schley County",1,55,62,32,30
050,13,249,"Georgia","Schley County",1,56,60,29,31
050,13,249,"Georgia","Schley County",1,57,53,31,22
050,13,249,"Georgia","Schley County",1,58,59,31,28
050,13,249,"Georgia","Schley County",1,59,80,39,41
050,13,249,"Georgia","Schley County",1,60,61,27,34
050,13,249,"Georgia","Schley County",1,61,62,28,34
050,13,249,"Georgia","Schley County",1,62,56,23,33
050,13,249,"Georgia","Schley County",1,63,51,21,30
050,13,249,"Georgia","Schley County",1,64,41,23,18
050,13,249,"Georgia","Schley County",1,65,45,26,19
050,13,249,"Georgia","Schley County",1,66,56,29,27
050,13,249,"Georgia","Schley County",1,67,44,23,21
050,13,249,"Georgia","Schley County",1,68,42,25,17
050,13,249,"Georgia","Schley County",1,69,50,24,26
050,13,249,"Georgia","Schley County",1,70,41,15,26
050,13,249,"Georgia","Schley County",1,71,39,17,22
050,13,249,"Georgia","Schley County",1,72,40,19,21
050,13,249,"Georgia","Schley County",1,73,49,22,27
050,13,249,"Georgia","Schley County",1,74,33,12,21
050,13,249,"Georgia","Schley County",1,75,41,16,25
050,13,249,"Georgia","Schley County",1,76,42,18,24
050,13,249,"Georgia","Schley County",1,77,40,20,20
050,13,249,"Georgia","Schley County",1,78,37,18,19
050,13,249,"Georgia","Schley County",1,79,30,17,13
050,13,249,"Georgia","Schley County",1,80,23,11,12
050,13,249,"Georgia","Schley County",1,81,24,8,16
050,13,249,"Georgia","Schley County",1,82,18,5,13
050,13,249,"Georgia","Schley County",1,83,25,9,16
050,13,249,"Georgia","Schley County",1,84,10,3,7
050,13,249,"Georgia","Schley County",1,85,67,22,45
050,13,249,"Georgia","Schley County",2,0,48,27,21
050,13,249,"Georgia","Schley County",2,1,47,30,17
050,13,249,"Georgia","Schley County",2,2,44,27,17
050,13,249,"Georgia","Schley County",2,3,48,26,22
050,13,249,"Georgia","Schley County",2,4,53,24,29
050,13,249,"Georgia","Schley County",2,5,47,24,23
050,13,249,"Georgia","Schley County",2,6,46,28,18
050,13,249,"Georgia","Schley County",2,7,47,24,23
050,13,249,"Georgia","Schley County",2,8,54,28,26
050,13,249,"Georgia","Schley County",2,9,60,34,26
050,13,249,"Georgia","Schley County",2,10,62,29,33
050,13,249,"Georgia","Schley County",2,11,69,33,36
050,13,249,"Georgia","Schley County",2,12,69,39,30
050,13,249,"Georgia","Schley County",2,13,69,37,32
050,13,249,"Georgia","Schley County",2,14,86,38,48
050,13,249,"Georgia","Schley County",2,15,86,36,50
050,13,249,"Georgia","Schley County",2,16,78,39,39
050,13,249,"Georgia","Schley County",2,17,72,39,33
050,13,249,"Georgia","Schley County",2,18,59,36,23
050,13,249,"Georgia","Schley County",2,19,57,30,27
050,13,249,"Georgia","Schley County",2,20,53,27,26
050,13,249,"Georgia","Schley County",2,21,45,18,27
050,13,249,"Georgia","Schley County",2,22,50,19,31
050,13,249,"Georgia","Schley County",2,23,50,22,28
050,13,249,"Georgia","Schley County",2,24,43,23,20
050,13,249,"Georgia","Schley County",2,25,47,26,21
050,13,249,"Georgia","Schley County",2,26,44,21,23
050,13,249,"Georgia","Schley County",2,27,42,18,24
050,13,249,"Georgia","Schley County",2,28,40,19,21
050,13,249,"Georgia","Schley County",2,29,43,23,20
050,13,249,"Georgia","Schley County",2,30,51,24,27
050,13,249,"Georgia","Schley County",2,31,49,23,26
050,13,249,"Georgia","Schley County",2,32,44,19,25
050,13,249,"Georgia","Schley County",2,33,44,20,24
050,13,249,"Georgia","Schley County",2,34,57,26,31
050,13,249,"Georgia","Schley County",2,35,58,28,30
050,13,249,"Georgia","Schley County",2,36,47,22,25
050,13,249,"Georgia","Schley County",2,37,48,23,25
050,13,249,"Georgia","Schley County",2,38,52,25,27
050,13,249,"Georgia","Schley County",2,39,62,34,28
050,13,249,"Georgia","Schley County",2,40,53,26,27
050,13,249,"Georgia","Schley County",2,41,59,26,33
050,13,249,"Georgia","Schley County",2,42,54,25,29
050,13,249,"Georgia","Schley County",2,43,51,25,26
050,13,249,"Georgia","Schley County",2,44,62,26,36
050,13,249,"Georgia","Schley County",2,45,67,29,38
050,13,249,"Georgia","Schley County",2,46,61,29,32
050,13,249,"Georgia","Schley County",2,47,61,30,31
050,13,249,"Georgia","Schley County",2,48,67,29,38
050,13,249,"Georgia","Schley County",2,49,78,31,47
050,13,249,"Georgia","Schley County",2,50,79,35,44
050,13,249,"Georgia","Schley County",2,51,82,43,39
050,13,249,"Georgia","Schley County",2,52,77,44,33
050,13,249,"Georgia","Schley County",2,53,70,38,32
050,13,249,"Georgia","Schley County",2,54,63,34,29
050,13,249,"Georgia","Schley County",2,55,62,33,29
050,13,249,"Georgia","Schley County",2,56,61,30,31
050,13,249,"Georgia","Schley County",2,57,54,30,24
050,13,249,"Georgia","Schley County",2,58,56,30,26
050,13,249,"Georgia","Schley County",2,59,74,36,38
050,13,249,"Georgia","Schley County",2,60,64,29,35
050,13,249,"Georgia","Schley County",2,61,61,27,34
050,13,249,"Georgia","Schley County",2,62,57,24,33
050,13,249,"Georgia","Schley County",2,63,52,21,31
050,13,249,"Georgia","Schley County",2,64,43,22,21
050,13,249,"Georgia","Schley County",2,65,44,25,19
050,13,249,"Georgia","Schley County",2,66,55,29,26
050,13,249,"Georgia","Schley County",2,67,45,24,21
050,13,249,"Georgia","Schley County",2,68,41,24,17
050,13,249,"Georgia","Schley County",2,69,47,23,24
050,13,249,"Georgia","Schley County",2,70,44,18,26
050,13,249,"Georgia","Schley County",2,71,40,17,23
050,13,249,"Georgia","Schley County",2,72,39,18,21
050,13,249,"Georgia","Schley County",2,73,49,22,27
050,13,249,"Georgia","Schley County",2,74,34,13,21
050,13,249,"Georgia","Schley County",2,75,40,15,25
050,13,249,"Georgia","Schley County",2,76,41,16,25
050,13,249,"Georgia","Schley County",2,77,42,20,22
050,13,249,"Georgia","Schley County",2,78,35,17,18
050,13,249,"Georgia","Schley County",2,79,31,17,14
050,13,249,"Georgia","Schley County",2,80,24,12,12
050,13,249,"Georgia","Schley County",2,81,24,9,15
050,13,249,"Georgia","Schley County",2,82,20,6,14
050,13,249,"Georgia","Schley County",2,83,22,8,14
050,13,249,"Georgia","Schley County",2,84,13,4,9
050,13,249,"Georgia","Schley County",2,85,68,22,46
050,13,249,"Georgia","Schley County",3,0,58,25,33
050,13,249,"Georgia","Schley County",3,1,53,30,23
050,13,249,"Georgia","Schley County",3,2,50,31,19
050,13,249,"Georgia","Schley County",3,3,39,21,18
050,13,249,"Georgia","Schley County",3,4,53,29,24
050,13,249,"Georgia","Schley County",3,5,54,26,28
050,13,249,"Georgia","Schley County",3,6,46,24,22
050,13,249,"Georgia","Schley County",3,7,46,29,17
050,13,249,"Georgia","Schley County",3,8,46,25,21
050,13,249,"Georgia","Schley County",3,9,54,26,28
050,13,249,"Georgia","Schley County",3,10,56,31,25
050,13,249,"Georgia","Schley County",3,11,60,32,28
050,13,249,"Georgia","Schley County",3,12,73,32,41
050,13,249,"Georgia","Schley County",3,13,69,39,30
050,13,249,"Georgia","Schley County",3,14,75,39,36
050,13,249,"Georgia","Schley County",3,15,82,38,44
050,13,249,"Georgia","Schley County",3,16,83,36,47
050,13,249,"Georgia","Schley County",3,17,77,41,36
050,13,249,"Georgia","Schley County",3,18,64,38,26
050,13,249,"Georgia","Schley County",3,19,46,28,18
050,13,249,"Georgia","Schley County",3,20,56,28,28
050,13,249,"Georgia","Schley County",3,21,53,29,24
050,13,249,"Georgia","Schley County",3,22,47,17,30
050,13,249,"Georgia","Schley County",3,23,48,20,28
050,13,249,"Georgia","Schley County",3,24,50,21,29
050,13,249,"Georgia","Schley County",3,25,40,21,19
050,13,249,"Georgia","Schley County",3,26,46,23,23
050,13,249,"Georgia","Schley County",3,27,38,15,23
050,13,249,"Georgia","Schley County",3,28,36,16,20
050,13,249,"Georgia","Schley County",3,29,36,16,20
050,13,249,"Georgia","Schley County",3,30,42,21,21
050,13,249,"Georgia","Schley County",3,31,59,29,30
050,13,249,"Georgia","Schley County",3,32,51,25,26
050,13,249,"Georgia","Schley County",3,33,48,21,27
050,13,249,"Georgia","Schley County",3,34,44,19,25
050,13,249,"Georgia","Schley County",3,35,51,19,32
050,13,249,"Georgia","Schley County",3,36,57,31,26
050,13,249,"Georgia","Schley County",3,37,48,22,26
050,13,249,"Georgia","Schley County",3,38,46,22,24
050,13,249,"Georgia","Schley County",3,39,53,24,29
050,13,249,"Georgia","Schley County",3,40,59,35,24
050,13,249,"Georgia","Schley County",3,41,52,25,27
050,13,249,"Georgia","Schley County",3,42,57,26,31
050,13,249,"Georgia","Schley County",3,43,52,24,28
050,13,249,"Georgia","Schley County",3,44,47,24,23
050,13,249,"Georgia","Schley County",3,45,61,25,36
050,13,249,"Georgia","Schley County",3,46,68,29,39
050,13,249,"Georgia","Schley County",3,47,60,28,32
050,13,249,"Georgia","Schley County",3,48,60,28,32
050,13,249,"Georgia","Schley County",3,49,67,27,40
050,13,249,"Georgia","Schley County",3,50,78,31,47
050,13,249,"Georgia","Schley County",3,51,78,34,44
050,13,249,"Georgia","Schley County",3,52,76,40,36
050,13,249,"Georgia","Schley County",3,53,71,43,28
050,13,249,"Georgia","Schley County",3,54,70,37,33
050,13,249,"Georgia","Schley County",3,55,61,35,26
050,13,249,"Georgia","Schley County",3,56,59,31,28
050,13,249,"Georgia","Schley County",3,57,57,28,29
050,13,249,"Georgia","Schley County",3,58,53,30,23
050,13,249,"Georgia","Schley County",3,59,56,30,26
050,13,249,"Georgia","Schley County",3,60,76,37,39
050,13,249,"Georgia","Schley County",3,61,56,23,33
050,13,249,"Georgia","Schley County",3,62,62,30,32
050,13,249,"Georgia","Schley County",3,63,54,24,30
050,13,249,"Georgia","Schley County",3,64,49,21,28
050,13,249,"Georgia","Schley County",3,65,44,22,22
050,13,249,"Georgia","Schley County",3,66,45,26,19
050,13,249,"Georgia","Schley County",3,67,55,29,26
050,13,249,"Georgia","Schley County",3,68,43,22,21
050,13,249,"Georgia","Schley County",3,69,39,23,16
050,13,249,"Georgia","Schley County",3,70,44,20,24
050,13,249,"Georgia","Schley County",3,71,42,17,25
050,13,249,"Georgia","Schley County",3,72,43,18,25
050,13,249,"Georgia","Schley County",3,73,37,18,19
050,13,249,"Georgia","Schley County",3,74,48,23,25
050,13,249,"Georgia","Schley County",3,75,33,12,21
050,13,249,"Georgia","Schley County",3,76,39,13,26
050,13,249,"Georgia","Schley County",3,77,40,16,24
050,13,249,"Georgia","Schley County",3,78,39,18,21
050,13,249,"Georgia","Schley County",3,79,33,16,17
050,13,249,"Georgia","Schley County",3,80,31,18,13
050,13,249,"Georgia","Schley County",3,81,22,11,11
050,13,249,"Georgia","Schley County",3,82,24,9,15
050,13,249,"Georgia","Schley County",3,83,19,5,14
050,13,249,"Georgia","Schley County",3,84,22,8,14
050,13,249,"Georgia","Schley County",3,85,72,23,49
050,13,249,"Georgia","Schley County",4,0,48,31,17
050,13,249,"Georgia","Schley County",4,1,56,24,32
050,13,249,"Georgia","Schley County",4,2,51,30,21
050,13,249,"Georgia","Schley County",4,3,53,33,20
050,13,249,"Georgia","Schley County",4,4,47,27,20
050,13,249,"Georgia","Schley County",4,5,54,26,28
050,13,249,"Georgia","Schley County",4,6,60,28,32
050,13,249,"Georgia","Schley County",4,7,52,29,23
050,13,249,"Georgia","Schley County",4,8,47,28,19
050,13,249,"Georgia","Schley County",4,9,43,24,19
050,13,249,"Georgia","Schley County",4,10,59,28,31
050,13,249,"Georgia","Schley County",4,11,59,30,29
050,13,249,"Georgia","Schley County",4,12,56,27,29
050,13,249,"Georgia","Schley County",4,13,71,34,37
050,13,249,"Georgia","Schley County",4,14,69,37,32
050,13,249,"Georgia","Schley County",4,15,76,39,37
050,13,249,"Georgia","Schley County",4,16,84,38,46
050,13,249,"Georgia","Schley County",4,17,85,36,49
050,13,249,"Georgia","Schley County",4,18,65,39,26
050,13,249,"Georgia","Schley County",4,19,47,29,18
050,13,249,"Georgia","Schley County",4,20,50,28,22
050,13,249,"Georgia","Schley County",4,21,58,28,30
050,13,249,"Georgia","Schley County",4,22,49,23,26
050,13,249,"Georgia","Schley County",4,23,42,17,25
050,13,249,"Georgia","Schley County",4,24,52,20,32
050,13,249,"Georgia","Schley County",4,25,47,17,30
050,13,249,"Georgia","Schley County",4,26,42,19,23
050,13,249,"Georgia","Schley County",4,27,51,28,23
050,13,249,"Georgia","Schley County",4,28,37,17,20
050,13,249,"Georgia","Schley County",4,29,32,14,18
050,13,249,"Georgia","Schley County",4,30,40,18,22
050,13,249,"Georgia","Schley County",4,31,37,22,15
050,13,249,"Georgia","Schley County",4,32,65,34,31
050,13,249,"Georgia","Schley County",4,33,52,26,26
050,13,249,"Georgia","Schley County",4,34,44,20,24
050,13,249,"Georgia","Schley County",4,35,44,18,26
050,13,249,"Georgia","Schley County",4,36,54,22,32
050,13,249,"Georgia","Schley County",4,37,54,28,26
050,13,249,"Georgia","Schley County",4,38,49,24,25
050,13,249,"Georgia","Schley County",4,39,45,21,24
050,13,249,"Georgia","Schley County",4,40,52,23,29
050,13,249,"Georgia","Schley County",4,41,60,36,24
050,13,249,"Georgia","Schley County",4,42,50,23,27
050,13,249,"Georgia","Schley County",4,43,58,27,31
050,13,249,"Georgia","Schley County",4,44,52,24,28
050,13,249,"Georgia","Schley County",4,45,49,23,26
050,13,249,"Georgia","Schley County",4,46,62,26,36
050,13,249,"Georgia","Schley County",4,47,66,29,37
050,13,249,"Georgia","Schley County",4,48,58,26,32
050,13,249,"Georgia","Schley County",4,49,60,28,32
050,13,249,"Georgia","Schley County",4,50,64,25,39
050,13,249,"Georgia","Schley County",4,51,79,31,48
050,13,249,"Georgia","Schley County",4,52,79,34,45
050,13,249,"Georgia","Schley County",4,53,79,43,36
050,13,249,"Georgia","Schley County",4,54,74,46,28
050,13,249,"Georgia","Schley County",4,55,74,37,37
050,13,249,"Georgia","Schley County",4,56,61,34,27
050,13,249,"Georgia","Schley County",4,57,56,30,26
050,13,249,"Georgia","Schley County",4,58,58,29,29
050,13,249,"Georgia","Schley County",4,59,54,31,23
050,13,249,"Georgia","Schley County",4,60,53,29,24
050,13,249,"Georgia","Schley County",4,61,71,36,35
050,13,249,"Georgia","Schley County",4,62,55,21,34
050,13,249,"Georgia","Schley County",4,63,62,30,32
050,13,249,"Georgia","Schley County",4,64,52,23,29
050,13,249,"Georgia","Schley County",4,65,49,21,28
050,13,249,"Georgia","Schley County",4,66,44,24,20
050,13,249,"Georgia","Schley County",4,67,43,22,21
050,13,249,"Georgia","Schley County",4,68,56,30,26
050,13,249,"Georgia","Schley County",4,69,45,21,24
050,13,249,"Georgia","Schley County",4,70,38,22,16
050,13,249,"Georgia","Schley County",4,71,44,20,24
050,13,249,"Georgia","Schley County",4,72,39,16,23
050,13,249,"Georgia","Schley County",4,73,42,18,24
050,13,249,"Georgia","Schley County",4,74,36,17,19
050,13,249,"Georgia","Schley County",4,75,41,19,22
050,13,249,"Georgia","Schley County",4,76,32,11,21
050,13,249,"Georgia","Schley County",4,77,36,11,25
050,13,249,"Georgia","Schley County",4,78,39,15,24
050,13,249,"Georgia","Schley County",4,79,39,18,21
050,13,249,"Georgia","Schley County",4,80,29,14,15
050,13,249,"Georgia","Schley County",4,81,31,17,14
050,13,249,"Georgia","Schley County",4,82,23,12,11
050,13,249,"Georgia","Schley County",4,83,22,9,13
050,13,249,"Georgia","Schley County",4,84,19,5,14
050,13,249,"Georgia","Schley County",4,85,86,28,58
050,13,249,"Georgia","Schley County",5,0,49,30,19
050,13,249,"Georgia","Schley County",5,1,42,29,13
050,13,249,"Georgia","Schley County",5,2,60,28,32
050,13,249,"Georgia","Schley County",5,3,57,32,25
050,13,249,"Georgia","Schley County",5,4,52,32,20
050,13,249,"Georgia","Schley County",5,5,45,25,20
050,13,249,"Georgia","Schley County",5,6,51,26,25
050,13,249,"Georgia","Schley County",5,7,65,30,35
050,13,249,"Georgia","Schley County",5,8,44,25,19
050,13,249,"Georgia","Schley County",5,9,50,30,20
050,13,249,"Georgia","Schley County",5,10,49,27,22
050,13,249,"Georgia","Schley County",5,11,62,32,30
050,13,249,"Georgia","Schley County",5,12,59,26,33
050,13,249,"Georgia","Schley County",5,13,59,26,33
050,13,249,"Georgia","Schley County",5,14,74,35,39
050,13,249,"Georgia","Schley County",5,15,64,36,28
050,13,249,"Georgia","Schley County",5,16,71,39,32
050,13,249,"Georgia","Schley County",5,17,85,39,46
050,13,249,"Georgia","Schley County",5,18,63,29,34
050,13,249,"Georgia","Schley County",5,19,56,31,25
050,13,249,"Georgia","Schley County",5,20,46,27,19
050,13,249,"Georgia","Schley County",5,21,45,26,19
050,13,249,"Georgia","Schley County",5,22,56,29,27
050,13,249,"Georgia","Schley County",5,23,48,20,28
050,13,249,"Georgia","Schley County",5,24,50,19,31
050,13,249,"Georgia","Schley County",5,25,45,19,26
050,13,249,"Georgia","Schley County",5,26,51,21,30
050,13,249,"Georgia","Schley County",5,27,44,19,25
050,13,249,"Georgia","Schley County",5,28,46,26,20
050,13,249,"Georgia","Schley County",5,29,40,20,20
050,13,249,"Georgia","Schley County",5,30,40,19,21
050,13,249,"Georgia","Schley County",5,31,43,21,22
050,13,249,"Georgia","Schley County",5,32,45,28,17
050,13,249,"Georgia","Schley County",5,33,60,30,30
050,13,249,"Georgia","Schley County",5,34,55,28,27
050,13,249,"Georgia","Schley County",5,35,44,19,25
050,13,249,"Georgia","Schley County",5,36,40,14,26
050,13,249,"Georgia","Schley County",5,37,61,23,38
050,13,249,"Georgia","Schley County",5,38,56,28,28
050,13,249,"Georgia","Schley County",5,39,48,24,24
050,13,249,"Georgia","Schley County",5,40,47,22,25
050,13,249,"Georgia","Schley County",5,41,53,24,29
050,13,249,"Georgia","Schley County",5,42,61,36,25
050,13,249,"Georgia","Schley County",5,43,49,20,29
050,13,249,"Georgia","Schley County",5,44,56,27,29
050,13,249,"Georgia","Schley County",5,45,53,25,28
050,13,249,"Georgia","Schley County",5,46,49,23,26
050,13,249,"Georgia","Schley County",5,47,60,24,36
050,13,249,"Georgia","Schley County",5,48,66,29,37
050,13,249,"Georgia","Schley County",5,49,61,28,33
050,13,249,"Georgia","Schley County",5,50,58,27,31
050,13,249,"Georgia","Schley County",5,51,58,24,34
050,13,249,"Georgia","Schley County",5,52,81,33,48
050,13,249,"Georgia","Schley County",5,53,79,34,45
050,13,249,"Georgia","Schley County",5,54,79,43,36
050,13,249,"Georgia","Schley County",5,55,77,47,30
050,13,249,"Georgia","Schley County",5,56,76,37,39
050,13,249,"Georgia","Schley County",5,57,63,35,28
050,13,249,"Georgia","Schley County",5,58,61,35,26
050,13,249,"Georgia","Schley County",5,59,64,31,33
050,13,249,"Georgia","Schley County",5,60,56,34,22
050,13,249,"Georgia","Schley County",5,61,49,24,25
050,13,249,"Georgia","Schley County",5,62,69,35,34
050,13,249,"Georgia","Schley County",5,63,57,20,37
050,13,249,"Georgia","Schley County",5,64,62,29,33
050,13,249,"Georgia","Schley County",5,65,56,25,31
050,13,249,"Georgia","Schley County",5,66,47,21,26
050,13,249,"Georgia","Schley County",5,67,44,24,20
050,13,249,"Georgia","Schley County",5,68,41,20,21
050,13,249,"Georgia","Schley County",5,69,59,31,28
050,13,249,"Georgia","Schley County",5,70,40,18,22
050,13,249,"Georgia","Schley County",5,71,38,19,19
050,13,249,"Georgia","Schley County",5,72,41,19,22
050,13,249,"Georgia","Schley County",5,73,38,17,21
050,13,249,"Georgia","Schley County",5,74,39,17,22
050,13,249,"Georgia","Schley County",5,75,30,12,18
050,13,249,"Georgia","Schley County",5,76,40,18,22
050,13,249,"Georgia","Schley County",5,77,34,11,23
050,13,249,"Georgia","Schley County",5,78,36,10,26
050,13,249,"Georgia","Schley County",5,79,38,15,23
050,13,249,"Georgia","Schley County",5,80,38,17,21
050,13,249,"Georgia","Schley County",5,81,29,13,16
050,13,249,"Georgia","Schley County",5,82,31,17,14
050,13,249,"Georgia","Schley County",5,83,22,12,10
050,13,249,"Georgia","Schley County",5,84,23,9,14
050,13,249,"Georgia","Schley County",5,85,98,29,69
050,13,251,"Georgia","Screven County",1,0,172,87,85
050,13,251,"Georgia","Screven County",1,1,168,91,77
050,13,251,"Georgia","Screven County",1,2,172,88,84
050,13,251,"Georgia","Screven County",1,3,168,85,83
050,13,251,"Georgia","Screven County",1,4,165,82,83
050,13,251,"Georgia","Screven County",1,5,151,76,75
050,13,251,"Georgia","Screven County",1,6,169,86,83
050,13,251,"Georgia","Screven County",1,7,156,85,71
050,13,251,"Georgia","Screven County",1,8,161,83,78
050,13,251,"Georgia","Screven County",1,9,165,89,76
050,13,251,"Georgia","Screven County",1,10,158,87,71
050,13,251,"Georgia","Screven County",1,11,174,91,83
050,13,251,"Georgia","Screven County",1,12,175,92,83
050,13,251,"Georgia","Screven County",1,13,157,81,76
050,13,251,"Georgia","Screven County",1,14,160,86,74
050,13,251,"Georgia","Screven County",1,15,143,75,68
050,13,251,"Georgia","Screven County",1,16,145,78,67
050,13,251,"Georgia","Screven County",1,17,148,76,72
050,13,251,"Georgia","Screven County",1,18,138,66,72
050,13,251,"Georgia","Screven County",1,19,124,64,60
050,13,251,"Georgia","Screven County",1,20,127,78,49
050,13,251,"Georgia","Screven County",1,21,139,73,66
050,13,251,"Georgia","Screven County",1,22,149,67,82
050,13,251,"Georgia","Screven County",1,23,152,74,78
050,13,251,"Georgia","Screven County",1,24,157,82,75
050,13,251,"Georgia","Screven County",1,25,175,87,88
050,13,251,"Georgia","Screven County",1,26,185,93,92
050,13,251,"Georgia","Screven County",1,27,179,98,81
050,13,251,"Georgia","Screven County",1,28,185,93,92
050,13,251,"Georgia","Screven County",1,29,217,95,122
050,13,251,"Georgia","Screven County",1,30,189,80,109
050,13,251,"Georgia","Screven County",1,31,195,82,113
050,13,251,"Georgia","Screven County",1,32,171,92,79
050,13,251,"Georgia","Screven County",1,33,160,82,78
050,13,251,"Georgia","Screven County",1,34,168,83,85
050,13,251,"Georgia","Screven County",1,35,155,67,88
050,13,251,"Georgia","Screven County",1,36,146,70,76
050,13,251,"Georgia","Screven County",1,37,151,71,80
050,13,251,"Georgia","Screven County",1,38,164,79,85
050,13,251,"Georgia","Screven County",1,39,142,64,78
050,13,251,"Georgia","Screven County",1,40,160,81,79
050,13,251,"Georgia","Screven County",1,41,198,94,104
050,13,251,"Georgia","Screven County",1,42,177,83,94
050,13,251,"Georgia","Screven County",1,43,172,94,78
050,13,251,"Georgia","Screven County",1,44,143,71,72
050,13,251,"Georgia","Screven County",1,45,153,77,76
050,13,251,"Georgia","Screven County",1,46,152,74,78
050,13,251,"Georgia","Screven County",1,47,148,72,76
050,13,251,"Georgia","Screven County",1,48,183,96,87
050,13,251,"Georgia","Screven County",1,49,210,103,107
050,13,251,"Georgia","Screven County",1,50,168,84,84
050,13,251,"Georgia","Screven County",1,51,171,91,80
050,13,251,"Georgia","Screven County",1,52,187,92,95
050,13,251,"Georgia","Screven County",1,53,212,101,111
050,13,251,"Georgia","Screven County",1,54,203,100,103
050,13,251,"Georgia","Screven County",1,55,206,104,102
050,13,251,"Georgia","Screven County",1,56,209,98,111
050,13,251,"Georgia","Screven County",1,57,206,99,107
050,13,251,"Georgia","Screven County",1,58,235,120,115
050,13,251,"Georgia","Screven County",1,59,237,112,125
050,13,251,"Georgia","Screven County",1,60,234,99,135
050,13,251,"Georgia","Screven County",1,61,203,103,100
050,13,251,"Georgia","Screven County",1,62,195,96,99
050,13,251,"Georgia","Screven County",1,63,221,110,111
050,13,251,"Georgia","Screven County",1,64,229,102,127
050,13,251,"Georgia","Screven County",1,65,216,92,124
050,13,251,"Georgia","Screven County",1,66,210,107,103
050,13,251,"Georgia","Screven County",1,67,193,94,99
050,13,251,"Georgia","Screven County",1,68,196,97,99
050,13,251,"Georgia","Screven County",1,69,173,89,84
050,13,251,"Georgia","Screven County",1,70,172,80,92
050,13,251,"Georgia","Screven County",1,71,164,82,82
050,13,251,"Georgia","Screven County",1,72,152,74,78
050,13,251,"Georgia","Screven County",1,73,150,66,84
050,13,251,"Georgia","Screven County",1,74,125,60,65
050,13,251,"Georgia","Screven County",1,75,108,53,55
050,13,251,"Georgia","Screven County",1,76,104,41,63
050,13,251,"Georgia","Screven County",1,77,106,45,61
050,13,251,"Georgia","Screven County",1,78,97,44,53
050,13,251,"Georgia","Screven County",1,79,79,31,48
050,13,251,"Georgia","Screven County",1,80,63,21,42
050,13,251,"Georgia","Screven County",1,81,78,32,46
050,13,251,"Georgia","Screven County",1,82,66,32,34
050,13,251,"Georgia","Screven County",1,83,43,23,20
050,13,251,"Georgia","Screven County",1,84,44,21,23
050,13,251,"Georgia","Screven County",1,85,239,82,157
050,13,251,"Georgia","Screven County",2,0,165,83,82
050,13,251,"Georgia","Screven County",2,1,169,89,80
050,13,251,"Georgia","Screven County",2,2,172,88,84
050,13,251,"Georgia","Screven County",2,3,168,84,84
050,13,251,"Georgia","Screven County",2,4,165,81,84
050,13,251,"Georgia","Screven County",2,5,155,76,79
050,13,251,"Georgia","Screven County",2,6,164,83,81
050,13,251,"Georgia","Screven County",2,7,158,83,75
050,13,251,"Georgia","Screven County",2,8,159,83,76
050,13,251,"Georgia","Screven County",2,9,161,87,74
050,13,251,"Georgia","Screven County",2,10,158,87,71
050,13,251,"Georgia","Screven County",2,11,172,91,81
050,13,251,"Georgia","Screven County",2,12,175,92,83
050,13,251,"Georgia","Screven County",2,13,159,82,77
050,13,251,"Georgia","Screven County",2,14,158,85,73
050,13,251,"Georgia","Screven County",2,15,147,78,69
050,13,251,"Georgia","Screven County",2,16,145,77,68
050,13,251,"Georgia","Screven County",2,17,150,78,72
050,13,251,"Georgia","Screven County",2,18,136,67,69
050,13,251,"Georgia","Screven County",2,19,123,63,60
050,13,251,"Georgia","Screven County",2,20,132,78,54
050,13,251,"Georgia","Screven County",2,21,138,75,63
050,13,251,"Georgia","Screven County",2,22,149,70,79
050,13,251,"Georgia","Screven County",2,23,151,73,78
050,13,251,"Georgia","Screven County",2,24,155,79,76
050,13,251,"Georgia","Screven County",2,25,172,86,86
050,13,251,"Georgia","Screven County",2,26,182,92,90
050,13,251,"Georgia","Screven County",2,27,181,99,82
050,13,251,"Georgia","Screven County",2,28,184,93,91
050,13,251,"Georgia","Screven County",2,29,213,97,116
050,13,251,"Georgia","Screven County",2,30,198,85,113
050,13,251,"Georgia","Screven County",2,31,191,80,111
050,13,251,"Georgia","Screven County",2,32,174,89,85
050,13,251,"Georgia","Screven County",2,33,163,86,77
050,13,251,"Georgia","Screven County",2,34,164,80,84
050,13,251,"Georgia","Screven County",2,35,157,69,88
050,13,251,"Georgia","Screven County",2,36,149,70,79
050,13,251,"Georgia","Screven County",2,37,152,72,80
050,13,251,"Georgia","Screven County",2,38,163,77,86
050,13,251,"Georgia","Screven County",2,39,146,67,79
050,13,251,"Georgia","Screven County",2,40,159,79,80
050,13,251,"Georgia","Screven County",2,41,190,92,98
050,13,251,"Georgia","Screven County",2,42,180,86,94
050,13,251,"Georgia","Screven County",2,43,176,93,83
050,13,251,"Georgia","Screven County",2,44,147,75,72
050,13,251,"Georgia","Screven County",2,45,153,77,76
050,13,251,"Georgia","Screven County",2,46,149,72,77
050,13,251,"Georgia","Screven County",2,47,150,73,77
050,13,251,"Georgia","Screven County",2,48,174,90,84
050,13,251,"Georgia","Screven County",2,49,205,103,102
050,13,251,"Georgia","Screven County",2,50,180,89,91
050,13,251,"Georgia","Screven County",2,51,169,89,80
050,13,251,"Georgia","Screven County",2,52,185,93,92
050,13,251,"Georgia","Screven County",2,53,208,100,108
050,13,251,"Georgia","Screven County",2,54,202,98,104
050,13,251,"Georgia","Screven County",2,55,206,103,103
050,13,251,"Georgia","Screven County",2,56,208,99,109
050,13,251,"Georgia","Screven County",2,57,209,99,110
050,13,251,"Georgia","Screven County",2,58,229,116,113
050,13,251,"Georgia","Screven County",2,59,238,115,123
050,13,251,"Georgia","Screven County",2,60,236,102,134
050,13,251,"Georgia","Screven County",2,61,207,99,108
050,13,251,"Georgia","Screven County",2,62,196,98,98
050,13,251,"Georgia","Screven County",2,63,217,107,110
050,13,251,"Georgia","Screven County",2,64,226,103,123
050,13,251,"Georgia","Screven County",2,65,218,93,125
050,13,251,"Georgia","Screven County",2,66,213,104,109
050,13,251,"Georgia","Screven County",2,67,196,97,99
050,13,251,"Georgia","Screven County",2,68,191,95,96
050,13,251,"Georgia","Screven County",2,69,181,92,89
050,13,251,"Georgia","Screven County",2,70,171,82,89
050,13,251,"Georgia","Screven County",2,71,167,82,85
050,13,251,"Georgia","Screven County",2,72,153,75,78
050,13,251,"Georgia","Screven County",2,73,155,71,84
050,13,251,"Georgia","Screven County",2,74,125,58,67
050,13,251,"Georgia","Screven County",2,75,113,55,58
050,13,251,"Georgia","Screven County",2,76,102,42,60
050,13,251,"Georgia","Screven County",2,77,108,45,63
050,13,251,"Georgia","Screven County",2,78,98,44,54
050,13,251,"Georgia","Screven County",2,79,82,34,48
050,13,251,"Georgia","Screven County",2,80,65,22,43
050,13,251,"Georgia","Screven County",2,81,71,28,43
050,13,251,"Georgia","Screven County",2,82,69,32,37
050,13,251,"Georgia","Screven County",2,83,48,25,23
050,13,251,"Georgia","Screven County",2,84,40,19,21
050,13,251,"Georgia","Screven County",2,85,239,81,158
050,13,251,"Georgia","Screven County",3,0,172,101,71
050,13,251,"Georgia","Screven County",3,1,165,76,89
050,13,251,"Georgia","Screven County",3,2,170,87,83
050,13,251,"Georgia","Screven County",3,3,157,82,75
050,13,251,"Georgia","Screven County",3,4,158,85,73
050,13,251,"Georgia","Screven County",3,5,166,83,83
050,13,251,"Georgia","Screven County",3,6,154,74,80
050,13,251,"Georgia","Screven County",3,7,155,80,75
050,13,251,"Georgia","Screven County",3,8,172,91,81
050,13,251,"Georgia","Screven County",3,9,156,81,75
050,13,251,"Georgia","Screven County",3,10,156,80,76
050,13,251,"Georgia","Screven County",3,11,168,91,77
050,13,251,"Georgia","Screven County",3,12,173,91,82
050,13,251,"Georgia","Screven County",3,13,179,94,85
050,13,251,"Georgia","Screven County",3,14,168,87,81
050,13,251,"Georgia","Screven County",3,15,167,93,74
050,13,251,"Georgia","Screven County",3,16,147,79,68
050,13,251,"Georgia","Screven County",3,17,147,75,72
050,13,251,"Georgia","Screven County",3,18,128,68,60
050,13,251,"Georgia","Screven County",3,19,121,53,68
050,13,251,"Georgia","Screven County",3,20,137,68,69
050,13,251,"Georgia","Screven County",3,21,143,82,61
050,13,251,"Georgia","Screven County",3,22,133,66,67
050,13,251,"Georgia","Screven County",3,23,157,74,83
050,13,251,"Georgia","Screven County",3,24,148,67,81
050,13,251,"Georgia","Screven County",3,25,153,85,68
050,13,251,"Georgia","Screven County",3,26,179,93,86
050,13,251,"Georgia","Screven County",3,27,180,92,88
050,13,251,"Georgia","Screven County",3,28,184,98,86
050,13,251,"Georgia","Screven County",3,29,186,90,96
050,13,251,"Georgia","Screven County",3,30,207,94,113
050,13,251,"Georgia","Screven County",3,31,195,80,115
050,13,251,"Georgia","Screven County",3,32,193,80,113
050,13,251,"Georgia","Screven County",3,33,174,83,91
050,13,251,"Georgia","Screven County",3,34,156,81,75
050,13,251,"Georgia","Screven County",3,35,161,78,83
050,13,251,"Georgia","Screven County",3,36,165,75,90
050,13,251,"Georgia","Screven County",3,37,150,71,79
050,13,251,"Georgia","Screven County",3,38,152,74,78
050,13,251,"Georgia","Screven County",3,39,163,79,84
050,13,251,"Georgia","Screven County",3,40,145,68,77
050,13,251,"Georgia","Screven County",3,41,159,76,83
050,13,251,"Georgia","Screven County",3,42,191,91,100
050,13,251,"Georgia","Screven County",3,43,183,90,93
050,13,251,"Georgia","Screven County",3,44,169,86,83
050,13,251,"Georgia","Screven County",3,45,151,76,75
050,13,251,"Georgia","Screven County",3,46,155,77,78
050,13,251,"Georgia","Screven County",3,47,164,81,83
050,13,251,"Georgia","Screven County",3,48,147,72,75
050,13,251,"Georgia","Screven County",3,49,170,87,83
050,13,251,"Georgia","Screven County",3,50,207,105,102
050,13,251,"Georgia","Screven County",3,51,180,85,95
050,13,251,"Georgia","Screven County",3,52,174,88,86
050,13,251,"Georgia","Screven County",3,53,184,91,93
050,13,251,"Georgia","Screven County",3,54,207,101,106
050,13,251,"Georgia","Screven County",3,55,198,100,98
050,13,251,"Georgia","Screven County",3,56,204,101,103
050,13,251,"Georgia","Screven County",3,57,202,95,107
050,13,251,"Georgia","Screven County",3,58,201,97,104
050,13,251,"Georgia","Screven County",3,59,223,113,110
050,13,251,"Georgia","Screven County",3,60,231,107,124
050,13,251,"Georgia","Screven County",3,61,232,99,133
050,13,251,"Georgia","Screven County",3,62,209,106,103
050,13,251,"Georgia","Screven County",3,63,195,97,98
050,13,251,"Georgia","Screven County",3,64,211,102,109
050,13,251,"Georgia","Screven County",3,65,221,97,124
050,13,251,"Georgia","Screven County",3,66,216,93,123
050,13,251,"Georgia","Screven County",3,67,202,98,104
050,13,251,"Georgia","Screven County",3,68,194,96,98
050,13,251,"Georgia","Screven County",3,69,185,90,95
050,13,251,"Georgia","Screven County",3,70,173,87,86
050,13,251,"Georgia","Screven County",3,71,165,79,86
050,13,251,"Georgia","Screven County",3,72,158,76,82
050,13,251,"Georgia","Screven County",3,73,145,66,79
050,13,251,"Georgia","Screven County",3,74,148,68,80
050,13,251,"Georgia","Screven County",3,75,120,56,64
050,13,251,"Georgia","Screven County",3,76,111,55,56
050,13,251,"Georgia","Screven County",3,77,95,37,58
050,13,251,"Georgia","Screven County",3,78,108,44,64
050,13,251,"Georgia","Screven County",3,79,89,40,49
050,13,251,"Georgia","Screven County",3,80,74,29,45
050,13,251,"Georgia","Screven County",3,81,60,19,41
050,13,251,"Georgia","Screven County",3,82,66,27,39
050,13,251,"Georgia","Screven County",3,83,64,28,36
050,13,251,"Georgia","Screven County",3,84,38,19,19
050,13,251,"Georgia","Screven County",3,85,243,85,158
050,13,251,"Georgia","Screven County",4,0,148,84,64
050,13,251,"Georgia","Screven County",4,1,169,113,56
050,13,251,"Georgia","Screven County",4,2,167,76,91
050,13,251,"Georgia","Screven County",4,3,172,92,80
050,13,251,"Georgia","Screven County",4,4,163,80,83
050,13,251,"Georgia","Screven County",4,5,151,81,70
050,13,251,"Georgia","Screven County",4,6,167,89,78
050,13,251,"Georgia","Screven County",4,7,148,71,77
050,13,251,"Georgia","Screven County",4,8,145,84,61
050,13,251,"Georgia","Screven County",4,9,173,87,86
050,13,251,"Georgia","Screven County",4,10,158,81,77
050,13,251,"Georgia","Screven County",4,11,157,82,75
050,13,251,"Georgia","Screven County",4,12,159,86,73
050,13,251,"Georgia","Screven County",4,13,174,93,81
050,13,251,"Georgia","Screven County",4,14,182,97,85
050,13,251,"Georgia","Screven County",4,15,169,87,82
050,13,251,"Georgia","Screven County",4,16,162,88,74
050,13,251,"Georgia","Screven County",4,17,149,81,68
050,13,251,"Georgia","Screven County",4,18,126,65,61
050,13,251,"Georgia","Screven County",4,19,103,56,47
050,13,251,"Georgia","Screven County",4,20,125,59,66
050,13,251,"Georgia","Screven County",4,21,138,68,70
050,13,251,"Georgia","Screven County",4,22,148,86,62
050,13,251,"Georgia","Screven County",4,23,143,78,65
050,13,251,"Georgia","Screven County",4,24,149,69,80
050,13,251,"Georgia","Screven County",4,25,154,74,80
050,13,251,"Georgia","Screven County",4,26,148,90,58
050,13,251,"Georgia","Screven County",4,27,182,94,88
050,13,251,"Georgia","Screven County",4,28,170,88,82
050,13,251,"Georgia","Screven County",4,29,184,96,88
050,13,251,"Georgia","Screven County",4,30,190,92,98
050,13,251,"Georgia","Screven County",4,31,200,96,104
050,13,251,"Georgia","Screven County",4,32,184,80,104
050,13,251,"Georgia","Screven County",4,33,201,87,114
050,13,251,"Georgia","Screven County",4,34,174,85,89
050,13,251,"Georgia","Screven County",4,35,151,79,72
050,13,251,"Georgia","Screven County",4,36,164,80,84
050,13,251,"Georgia","Screven County",4,37,167,76,91
050,13,251,"Georgia","Screven County",4,38,147,73,74
050,13,251,"Georgia","Screven County",4,39,144,72,72
050,13,251,"Georgia","Screven County",4,40,160,81,79
050,13,251,"Georgia","Screven County",4,41,150,68,82
050,13,251,"Georgia","Screven County",4,42,160,75,85
050,13,251,"Georgia","Screven County",4,43,197,102,95
050,13,251,"Georgia","Screven County",4,44,172,84,88
050,13,251,"Georgia","Screven County",4,45,170,85,85
050,13,251,"Georgia","Screven County",4,46,151,75,76
050,13,251,"Georgia","Screven County",4,47,143,72,71
050,13,251,"Georgia","Screven County",4,48,158,80,78
050,13,251,"Georgia","Screven County",4,49,154,80,74
050,13,251,"Georgia","Screven County",4,50,173,88,85
050,13,251,"Georgia","Screven County",4,51,205,102,103
050,13,251,"Georgia","Screven County",4,52,179,79,100
050,13,251,"Georgia","Screven County",4,53,177,87,90
050,13,251,"Georgia","Screven County",4,54,186,89,97
050,13,251,"Georgia","Screven County",4,55,207,101,106
050,13,251,"Georgia","Screven County",4,56,196,95,101
050,13,251,"Georgia","Screven County",4,57,203,100,103
050,13,251,"Georgia","Screven County",4,58,200,94,106
050,13,251,"Georgia","Screven County",4,59,200,98,102
050,13,251,"Georgia","Screven County",4,60,221,110,111
050,13,251,"Georgia","Screven County",4,61,225,102,123
050,13,251,"Georgia","Screven County",4,62,229,98,131
050,13,251,"Georgia","Screven County",4,63,203,103,100
050,13,251,"Georgia","Screven County",4,64,200,101,99
050,13,251,"Georgia","Screven County",4,65,210,99,111
050,13,251,"Georgia","Screven County",4,66,224,98,126
050,13,251,"Georgia","Screven County",4,67,209,85,124
050,13,251,"Georgia","Screven County",4,68,201,97,104
050,13,251,"Georgia","Screven County",4,69,187,89,98
050,13,251,"Georgia","Screven County",4,70,180,85,95
050,13,251,"Georgia","Screven County",4,71,172,86,86
050,13,251,"Georgia","Screven County",4,72,157,76,81
050,13,251,"Georgia","Screven County",4,73,151,70,81
050,13,251,"Georgia","Screven County",4,74,143,62,81
050,13,251,"Georgia","Screven County",4,75,143,66,77
050,13,251,"Georgia","Screven County",4,76,118,55,63
050,13,251,"Georgia","Screven County",4,77,102,48,54
050,13,251,"Georgia","Screven County",4,78,93,37,56
050,13,251,"Georgia","Screven County",4,79,95,36,59
050,13,251,"Georgia","Screven County",4,80,84,38,46
050,13,251,"Georgia","Screven County",4,81,66,29,37
050,13,251,"Georgia","Screven County",4,82,55,18,37
050,13,251,"Georgia","Screven County",4,83,60,23,37
050,13,251,"Georgia","Screven County",4,84,55,24,31
050,13,251,"Georgia","Screven County",4,85,241,86,155
050,13,251,"Georgia","Screven County",5,0,149,85,64
050,13,251,"Georgia","Screven County",5,1,159,86,73
050,13,251,"Georgia","Screven County",5,2,185,120,65
050,13,251,"Georgia","Screven County",5,3,163,76,87
050,13,251,"Georgia","Screven County",5,4,187,100,87
050,13,251,"Georgia","Screven County",5,5,168,86,82
050,13,251,"Georgia","Screven County",5,6,155,88,67
050,13,251,"Georgia","Screven County",5,7,161,84,77
050,13,251,"Georgia","Screven County",5,8,143,68,75
050,13,251,"Georgia","Screven County",5,9,155,83,72
050,13,251,"Georgia","Screven County",5,10,174,85,89
050,13,251,"Georgia","Screven County",5,11,175,83,92
050,13,251,"Georgia","Screven County",5,12,155,79,76
050,13,251,"Georgia","Screven County",5,13,160,90,70
050,13,251,"Georgia","Screven County",5,14,174,91,83
050,13,251,"Georgia","Screven County",5,15,188,97,91
050,13,251,"Georgia","Screven County",5,16,178,92,86
050,13,251,"Georgia","Screven County",5,17,167,91,76
050,13,251,"Georgia","Screven County",5,18,127,69,58
050,13,251,"Georgia","Screven County",5,19,103,53,50
050,13,251,"Georgia","Screven County",5,20,115,57,58
050,13,251,"Georgia","Screven County",5,21,135,66,69
050,13,251,"Georgia","Screven County",5,22,150,72,78
050,13,251,"Georgia","Screven County",5,23,169,97,72
050,13,251,"Georgia","Screven County",5,24,136,68,68
050,13,251,"Georgia","Screven County",5,25,171,80,91
050,13,251,"Georgia","Screven County",5,26,161,83,78
050,13,251,"Georgia","Screven County",5,27,158,98,60
050,13,251,"Georgia","Screven County",5,28,183,87,96
050,13,251,"Georgia","Screven County",5,29,174,90,84
050,13,251,"Georgia","Screven County",5,30,182,99,83
050,13,251,"Georgia","Screven County",5,31,196,93,103
050,13,251,"Georgia","Screven County",5,32,210,103,107
050,13,251,"Georgia","Screven County",5,33,199,84,115
050,13,251,"Georgia","Screven County",5,34,208,91,117
050,13,251,"Georgia","Screven County",5,35,180,86,94
050,13,251,"Georgia","Screven County",5,36,160,86,74
050,13,251,"Georgia","Screven County",5,37,163,81,82
050,13,251,"Georgia","Screven County",5,38,169,80,89
050,13,251,"Georgia","Screven County",5,39,133,65,68
050,13,251,"Georgia","Screven County",5,40,152,78,74
050,13,251,"Georgia","Screven County",5,41,154,78,76
050,13,251,"Georgia","Screven County",5,42,154,69,85
050,13,251,"Georgia","Screven County",5,43,160,77,83
050,13,251,"Georgia","Screven County",5,44,193,93,100
050,13,251,"Georgia","Screven County",5,45,178,85,93
050,13,251,"Georgia","Screven County",5,46,168,80,88
050,13,251,"Georgia","Screven County",5,47,150,83,67
050,13,251,"Georgia","Screven County",5,48,142,72,70
050,13,251,"Georgia","Screven County",5,49,167,83,84
050,13,251,"Georgia","Screven County",5,50,152,77,75
050,13,251,"Georgia","Screven County",5,51,174,89,85
050,13,251,"Georgia","Screven County",5,52,206,102,104
050,13,251,"Georgia","Screven County",5,53,178,76,102
050,13,251,"Georgia","Screven County",5,54,179,87,92
050,13,251,"Georgia","Screven County",5,55,187,92,95
050,13,251,"Georgia","Screven County",5,56,206,97,109
050,13,251,"Georgia","Screven County",5,57,194,92,102
050,13,251,"Georgia","Screven County",5,58,203,99,104
050,13,251,"Georgia","Screven County",5,59,199,92,107
050,13,251,"Georgia","Screven County",5,60,204,100,104
050,13,251,"Georgia","Screven County",5,61,219,112,107
050,13,251,"Georgia","Screven County",5,62,224,103,121
050,13,251,"Georgia","Screven County",5,63,228,97,131
050,13,251,"Georgia","Screven County",5,64,203,103,100
050,13,251,"Georgia","Screven County",5,65,196,99,97
050,13,251,"Georgia","Screven County",5,66,211,97,114
050,13,251,"Georgia","Screven County",5,67,224,98,126
050,13,251,"Georgia","Screven County",5,68,208,82,126
050,13,251,"Georgia","Screven County",5,69,197,98,99
050,13,251,"Georgia","Screven County",5,70,187,90,97
050,13,251,"Georgia","Screven County",5,71,174,81,93
050,13,251,"Georgia","Screven County",5,72,164,83,81
050,13,251,"Georgia","Screven County",5,73,151,70,81
050,13,251,"Georgia","Screven County",5,74,150,67,83
050,13,251,"Georgia","Screven County",5,75,140,61,79
050,13,251,"Georgia","Screven County",5,76,134,62,72
050,13,251,"Georgia","Screven County",5,77,111,48,63
050,13,251,"Georgia","Screven County",5,78,102,50,52
050,13,251,"Georgia","Screven County",5,79,82,30,52
050,13,251,"Georgia","Screven County",5,80,90,34,56
050,13,251,"Georgia","Screven County",5,81,82,40,42
050,13,251,"Georgia","Screven County",5,82,61,28,33
050,13,251,"Georgia","Screven County",5,83,49,14,35
050,13,251,"Georgia","Screven County",5,84,51,18,33
050,13,251,"Georgia","Screven County",5,85,258,94,164
050,13,253,"Georgia","Seminole County",1,0,95,48,47
050,13,253,"Georgia","Seminole County",1,1,96,50,46
050,13,253,"Georgia","Seminole County",1,2,94,51,43
050,13,253,"Georgia","Seminole County",1,3,77,44,33
050,13,253,"Georgia","Seminole County",1,4,86,47,39
050,13,253,"Georgia","Seminole County",1,5,114,60,54
050,13,253,"Georgia","Seminole County",1,6,99,47,52
050,13,253,"Georgia","Seminole County",1,7,100,55,45
050,13,253,"Georgia","Seminole County",1,8,100,47,53
050,13,253,"Georgia","Seminole County",1,9,104,48,56
050,13,253,"Georgia","Seminole County",1,10,98,52,46
050,13,253,"Georgia","Seminole County",1,11,108,61,47
050,13,253,"Georgia","Seminole County",1,12,114,60,54
050,13,253,"Georgia","Seminole County",1,13,104,54,50
050,13,253,"Georgia","Seminole County",1,14,115,63,52
050,13,253,"Georgia","Seminole County",1,15,127,61,66
050,13,253,"Georgia","Seminole County",1,16,109,58,51
050,13,253,"Georgia","Seminole County",1,17,111,53,58
050,13,253,"Georgia","Seminole County",1,18,102,48,54
050,13,253,"Georgia","Seminole County",1,19,82,42,40
050,13,253,"Georgia","Seminole County",1,20,102,51,51
050,13,253,"Georgia","Seminole County",1,21,102,48,54
050,13,253,"Georgia","Seminole County",1,22,90,49,41
050,13,253,"Georgia","Seminole County",1,23,99,52,47
050,13,253,"Georgia","Seminole County",1,24,102,51,51
050,13,253,"Georgia","Seminole County",1,25,97,44,53
050,13,253,"Georgia","Seminole County",1,26,103,53,50
050,13,253,"Georgia","Seminole County",1,27,99,45,54
050,13,253,"Georgia","Seminole County",1,28,103,51,52
050,13,253,"Georgia","Seminole County",1,29,95,44,51
050,13,253,"Georgia","Seminole County",1,30,93,41,52
050,13,253,"Georgia","Seminole County",1,31,101,42,59
050,13,253,"Georgia","Seminole County",1,32,88,51,37
050,13,253,"Georgia","Seminole County",1,33,96,46,50
050,13,253,"Georgia","Seminole County",1,34,93,46,47
050,13,253,"Georgia","Seminole County",1,35,83,33,50
050,13,253,"Georgia","Seminole County",1,36,86,41,45
050,13,253,"Georgia","Seminole County",1,37,97,48,49
050,13,253,"Georgia","Seminole County",1,38,107,53,54
050,13,253,"Georgia","Seminole County",1,39,103,46,57
050,13,253,"Georgia","Seminole County",1,40,94,44,50
050,13,253,"Georgia","Seminole County",1,41,99,55,44
050,13,253,"Georgia","Seminole County",1,42,94,45,49
050,13,253,"Georgia","Seminole County",1,43,91,38,53
050,13,253,"Georgia","Seminole County",1,44,98,37,61
050,13,253,"Georgia","Seminole County",1,45,96,44,52
050,13,253,"Georgia","Seminole County",1,46,101,53,48
050,13,253,"Georgia","Seminole County",1,47,117,50,67
050,13,253,"Georgia","Seminole County",1,48,108,50,58
050,13,253,"Georgia","Seminole County",1,49,117,65,52
050,13,253,"Georgia","Seminole County",1,50,109,63,46
050,13,253,"Georgia","Seminole County",1,51,117,60,57
050,13,253,"Georgia","Seminole County",1,52,116,53,63
050,13,253,"Georgia","Seminole County",1,53,113,60,53
050,13,253,"Georgia","Seminole County",1,54,129,67,62
050,13,253,"Georgia","Seminole County",1,55,123,55,68
050,13,253,"Georgia","Seminole County",1,56,133,54,79
050,13,253,"Georgia","Seminole County",1,57,127,54,73
050,13,253,"Georgia","Seminole County",1,58,147,61,86
050,13,253,"Georgia","Seminole County",1,59,132,64,68
050,13,253,"Georgia","Seminole County",1,60,138,66,72
050,13,253,"Georgia","Seminole County",1,61,152,71,81
050,13,253,"Georgia","Seminole County",1,62,157,69,88
050,13,253,"Georgia","Seminole County",1,63,137,62,75
050,13,253,"Georgia","Seminole County",1,64,147,80,67
050,13,253,"Georgia","Seminole County",1,65,149,83,66
050,13,253,"Georgia","Seminole County",1,66,108,51,57
050,13,253,"Georgia","Seminole County",1,67,120,60,60
050,13,253,"Georgia","Seminole County",1,68,135,61,74
050,13,253,"Georgia","Seminole County",1,69,127,63,64
050,13,253,"Georgia","Seminole County",1,70,122,56,66
050,13,253,"Georgia","Seminole County",1,71,128,71,57
050,13,253,"Georgia","Seminole County",1,72,126,67,59
050,13,253,"Georgia","Seminole County",1,73,127,59,68
050,13,253,"Georgia","Seminole County",1,74,99,50,49
050,13,253,"Georgia","Seminole County",1,75,109,51,58
050,13,253,"Georgia","Seminole County",1,76,95,51,44
050,13,253,"Georgia","Seminole County",1,77,94,41,53
050,13,253,"Georgia","Seminole County",1,78,95,42,53
050,13,253,"Georgia","Seminole County",1,79,64,30,34
050,13,253,"Georgia","Seminole County",1,80,61,21,40
050,13,253,"Georgia","Seminole County",1,81,55,22,33
050,13,253,"Georgia","Seminole County",1,82,53,25,28
050,13,253,"Georgia","Seminole County",1,83,41,22,19
050,13,253,"Georgia","Seminole County",1,84,40,15,25
050,13,253,"Georgia","Seminole County",1,85,238,71,167
050,13,253,"Georgia","Seminole County",2,0,90,47,43
050,13,253,"Georgia","Seminole County",2,1,97,51,46
050,13,253,"Georgia","Seminole County",2,2,95,51,44
050,13,253,"Georgia","Seminole County",2,3,80,46,34
050,13,253,"Georgia","Seminole County",2,4,86,47,39
050,13,253,"Georgia","Seminole County",2,5,109,58,51
050,13,253,"Georgia","Seminole County",2,6,101,50,51
050,13,253,"Georgia","Seminole County",2,7,96,52,44
050,13,253,"Georgia","Seminole County",2,8,99,49,50
050,13,253,"Georgia","Seminole County",2,9,101,47,54
050,13,253,"Georgia","Seminole County",2,10,99,51,48
050,13,253,"Georgia","Seminole County",2,11,104,58,46
050,13,253,"Georgia","Seminole County",2,12,111,59,52
050,13,253,"Georgia","Seminole County",2,13,107,55,52
050,13,253,"Georgia","Seminole County",2,14,113,60,53
050,13,253,"Georgia","Seminole County",2,15,121,60,61
050,13,253,"Georgia","Seminole County",2,16,111,57,54
050,13,253,"Georgia","Seminole County",2,17,111,55,56
050,13,253,"Georgia","Seminole County",2,18,97,46,51
050,13,253,"Georgia","Seminole County",2,19,86,43,43
050,13,253,"Georgia","Seminole County",2,20,99,49,50
050,13,253,"Georgia","Seminole County",2,21,103,50,53
050,13,253,"Georgia","Seminole County",2,22,94,49,45
050,13,253,"Georgia","Seminole County",2,23,98,52,46
050,13,253,"Georgia","Seminole County",2,24,101,52,49
050,13,253,"Georgia","Seminole County",2,25,97,45,52
050,13,253,"Georgia","Seminole County",2,26,102,49,53
050,13,253,"Georgia","Seminole County",2,27,100,46,54
050,13,253,"Georgia","Seminole County",2,28,102,49,53
050,13,253,"Georgia","Seminole County",2,29,96,45,51
050,13,253,"Georgia","Seminole County",2,30,92,41,51
050,13,253,"Georgia","Seminole County",2,31,99,41,58
050,13,253,"Georgia","Seminole County",2,32,91,48,43
050,13,253,"Georgia","Seminole County",2,33,94,47,47
050,13,253,"Georgia","Seminole County",2,34,93,45,48
050,13,253,"Georgia","Seminole County",2,35,85,36,49
050,13,253,"Georgia","Seminole County",2,36,83,37,46
050,13,253,"Georgia","Seminole County",2,37,96,47,49
050,13,253,"Georgia","Seminole County",2,38,106,51,55
050,13,253,"Georgia","Seminole County",2,39,104,48,56
050,13,253,"Georgia","Seminole County",2,40,97,45,52
050,13,253,"Georgia","Seminole County",2,41,98,52,46
050,13,253,"Georgia","Seminole County",2,42,95,48,47
050,13,253,"Georgia","Seminole County",2,43,91,38,53
050,13,253,"Georgia","Seminole County",2,44,97,38,59
050,13,253,"Georgia","Seminole County",2,45,97,43,54
050,13,253,"Georgia","Seminole County",2,46,99,51,48
050,13,253,"Georgia","Seminole County",2,47,114,51,63
050,13,253,"Georgia","Seminole County",2,48,111,51,60
050,13,253,"Georgia","Seminole County",2,49,116,61,55
050,13,253,"Georgia","Seminole County",2,50,113,64,49
050,13,253,"Georgia","Seminole County",2,51,114,60,54
050,13,253,"Georgia","Seminole County",2,52,118,56,62
050,13,253,"Georgia","Seminole County",2,53,115,60,55
050,13,253,"Georgia","Seminole County",2,54,124,65,59
050,13,253,"Georgia","Seminole County",2,55,124,58,66
050,13,253,"Georgia","Seminole County",2,56,132,55,77
050,13,253,"Georgia","Seminole County",2,57,129,54,75
050,13,253,"Georgia","Seminole County",2,58,141,60,81
050,13,253,"Georgia","Seminole County",2,59,136,64,72
050,13,253,"Georgia","Seminole County",2,60,139,66,73
050,13,253,"Georgia","Seminole County",2,61,149,71,78
050,13,253,"Georgia","Seminole County",2,62,153,68,85
050,13,253,"Georgia","Seminole County",2,63,141,63,78
050,13,253,"Georgia","Seminole County",2,64,145,76,69
050,13,253,"Georgia","Seminole County",2,65,147,83,64
050,13,253,"Georgia","Seminole County",2,66,118,59,59
050,13,253,"Georgia","Seminole County",2,67,117,58,59
050,13,253,"Georgia","Seminole County",2,68,131,61,70
050,13,253,"Georgia","Seminole County",2,69,125,62,63
050,13,253,"Georgia","Seminole County",2,70,124,58,66
050,13,253,"Georgia","Seminole County",2,71,128,67,61
050,13,253,"Georgia","Seminole County",2,72,124,65,59
050,13,253,"Georgia","Seminole County",2,73,133,64,69
050,13,253,"Georgia","Seminole County",2,74,101,49,52
050,13,253,"Georgia","Seminole County",2,75,105,49,56
050,13,253,"Georgia","Seminole County",2,76,95,49,46
050,13,253,"Georgia","Seminole County",2,77,97,45,52
050,13,253,"Georgia","Seminole County",2,78,91,40,51
050,13,253,"Georgia","Seminole County",2,79,69,31,38
050,13,253,"Georgia","Seminole County",2,80,62,23,39
050,13,253,"Georgia","Seminole County",2,81,56,22,34
050,13,253,"Georgia","Seminole County",2,82,55,25,30
050,13,253,"Georgia","Seminole County",2,83,43,23,20
050,13,253,"Georgia","Seminole County",2,84,39,16,23
050,13,253,"Georgia","Seminole County",2,85,236,71,165
050,13,253,"Georgia","Seminole County",3,0,97,51,46
050,13,253,"Georgia","Seminole County",3,1,96,49,47
050,13,253,"Georgia","Seminole County",3,2,111,55,56
050,13,253,"Georgia","Seminole County",3,3,89,45,44
050,13,253,"Georgia","Seminole County",3,4,78,43,35
050,13,253,"Georgia","Seminole County",3,5,97,49,48
050,13,253,"Georgia","Seminole County",3,6,97,48,49
050,13,253,"Georgia","Seminole County",3,7,102,49,53
050,13,253,"Georgia","Seminole County",3,8,101,56,45
050,13,253,"Georgia","Seminole County",3,9,101,54,47
050,13,253,"Georgia","Seminole County",3,10,99,49,50
050,13,253,"Georgia","Seminole County",3,11,99,48,51
050,13,253,"Georgia","Seminole County",3,12,107,63,44
050,13,253,"Georgia","Seminole County",3,13,103,55,48
050,13,253,"Georgia","Seminole County",3,14,113,58,55
050,13,253,"Georgia","Seminole County",3,15,115,60,55
050,13,253,"Georgia","Seminole County",3,16,121,58,63
050,13,253,"Georgia","Seminole County",3,17,112,58,54
050,13,253,"Georgia","Seminole County",3,18,92,43,49
050,13,253,"Georgia","Seminole County",3,19,81,37,44
050,13,253,"Georgia","Seminole County",3,20,86,43,43
050,13,253,"Georgia","Seminole County",3,21,98,51,47
050,13,253,"Georgia","Seminole County",3,22,114,52,62
050,13,253,"Georgia","Seminole County",3,23,84,45,39
050,13,253,"Georgia","Seminole County",3,24,104,54,50
050,13,253,"Georgia","Seminole County",3,25,98,48,50
050,13,253,"Georgia","Seminole County",3,26,97,39,58
050,13,253,"Georgia","Seminole County",3,27,90,38,52
050,13,253,"Georgia","Seminole County",3,28,101,49,52
050,13,253,"Georgia","Seminole County",3,29,104,47,57
050,13,253,"Georgia","Seminole County",3,30,106,55,51
050,13,253,"Georgia","Seminole County",3,31,86,42,44
050,13,253,"Georgia","Seminole County",3,32,109,44,65
050,13,253,"Georgia","Seminole County",3,33,87,43,44
050,13,253,"Georgia","Seminole County",3,34,90,45,45
050,13,253,"Georgia","Seminole County",3,35,91,40,51
050,13,253,"Georgia","Seminole County",3,36,77,32,45
050,13,253,"Georgia","Seminole County",3,37,88,41,47
050,13,253,"Georgia","Seminole County",3,38,92,47,45
050,13,253,"Georgia","Seminole County",3,39,102,47,55
050,13,253,"Georgia","Seminole County",3,40,103,47,56
050,13,253,"Georgia","Seminole County",3,41,101,46,55
050,13,253,"Georgia","Seminole County",3,42,103,56,47
050,13,253,"Georgia","Seminole County",3,43,94,47,47
050,13,253,"Georgia","Seminole County",3,44,87,37,50
050,13,253,"Georgia","Seminole County",3,45,98,38,60
050,13,253,"Georgia","Seminole County",3,46,88,34,54
050,13,253,"Georgia","Seminole County",3,47,101,56,45
050,13,253,"Georgia","Seminole County",3,48,121,54,67
050,13,253,"Georgia","Seminole County",3,49,110,47,63
050,13,253,"Georgia","Seminole County",3,50,116,60,56
050,13,253,"Georgia","Seminole County",3,51,118,67,51
050,13,253,"Georgia","Seminole County",3,52,121,61,60
050,13,253,"Georgia","Seminole County",3,53,126,60,66
050,13,253,"Georgia","Seminole County",3,54,118,62,56
050,13,253,"Georgia","Seminole County",3,55,126,65,61
050,13,253,"Georgia","Seminole County",3,56,132,65,67
050,13,253,"Georgia","Seminole County",3,57,125,52,73
050,13,253,"Georgia","Seminole County",3,58,129,55,74
050,13,253,"Georgia","Seminole County",3,59,148,58,90
050,13,253,"Georgia","Seminole County",3,60,136,63,73
050,13,253,"Georgia","Seminole County",3,61,143,68,75
050,13,253,"Georgia","Seminole County",3,62,156,74,82
050,13,253,"Georgia","Seminole County",3,63,153,63,90
050,13,253,"Georgia","Seminole County",3,64,152,66,86
050,13,253,"Georgia","Seminole County",3,65,147,77,70
050,13,253,"Georgia","Seminole County",3,66,147,82,65
050,13,253,"Georgia","Seminole County",3,67,120,59,61
050,13,253,"Georgia","Seminole County",3,68,115,57,58
050,13,253,"Georgia","Seminole County",3,69,127,58,69
050,13,253,"Georgia","Seminole County",3,70,126,63,63
050,13,253,"Georgia","Seminole County",3,71,119,55,64
050,13,253,"Georgia","Seminole County",3,72,121,65,56
050,13,253,"Georgia","Seminole County",3,73,119,63,56
050,13,253,"Georgia","Seminole County",3,74,132,63,69
050,13,253,"Georgia","Seminole County",3,75,99,47,52
050,13,253,"Georgia","Seminole County",3,76,100,45,55
050,13,253,"Georgia","Seminole County",3,77,94,47,47
050,13,253,"Georgia","Seminole County",3,78,93,41,52
050,13,253,"Georgia","Seminole County",3,79,90,39,51
050,13,253,"Georgia","Seminole County",3,80,66,29,37
050,13,253,"Georgia","Seminole County",3,81,60,23,37
050,13,253,"Georgia","Seminole County",3,82,49,19,30
050,13,253,"Georgia","Seminole County",3,83,46,25,21
050,13,253,"Georgia","Seminole County",3,84,41,19,22
050,13,253,"Georgia","Seminole County",3,85,231,71,160
050,13,253,"Georgia","Seminole County",4,0,89,48,41
050,13,253,"Georgia","Seminole County",4,1,86,46,40
050,13,253,"Georgia","Seminole County",4,2,98,52,46
050,13,253,"Georgia","Seminole County",4,3,106,51,55
050,13,253,"Georgia","Seminole County",4,4,84,39,45
050,13,253,"Georgia","Seminole County",4,5,85,50,35
050,13,253,"Georgia","Seminole County",4,6,83,49,34
050,13,253,"Georgia","Seminole County",4,7,103,51,52
050,13,253,"Georgia","Seminole County",4,8,99,48,51
050,13,253,"Georgia","Seminole County",4,9,97,58,39
050,13,253,"Georgia","Seminole County",4,10,106,55,51
050,13,253,"Georgia","Seminole County",4,11,102,50,52
050,13,253,"Georgia","Seminole County",4,12,103,51,52
050,13,253,"Georgia","Seminole County",4,13,106,61,45
050,13,253,"Georgia","Seminole County",4,14,105,55,50
050,13,253,"Georgia","Seminole County",4,15,116,58,58
050,13,253,"Georgia","Seminole County",4,16,116,63,53
050,13,253,"Georgia","Seminole County",4,17,116,55,61
050,13,253,"Georgia","Seminole County",4,18,95,52,43
050,13,253,"Georgia","Seminole County",4,19,81,40,41
050,13,253,"Georgia","Seminole County",4,20,83,43,40
050,13,253,"Georgia","Seminole County",4,21,88,43,45
050,13,253,"Georgia","Seminole County",4,22,102,53,49
050,13,253,"Georgia","Seminole County",4,23,120,61,59
050,13,253,"Georgia","Seminole County",4,24,82,41,41
050,13,253,"Georgia","Seminole County",4,25,103,51,52
050,13,253,"Georgia","Seminole County",4,26,102,56,46
050,13,253,"Georgia","Seminole County",4,27,97,40,57
050,13,253,"Georgia","Seminole County",4,28,91,42,49
050,13,253,"Georgia","Seminole County",4,29,95,47,48
050,13,253,"Georgia","Seminole County",4,30,100,43,57
050,13,253,"Georgia","Seminole County",4,31,101,49,52
050,13,253,"Georgia","Seminole County",4,32,94,47,47
050,13,253,"Georgia","Seminole County",4,33,113,45,68
050,13,253,"Georgia","Seminole County",4,34,90,42,48
050,13,253,"Georgia","Seminole County",4,35,90,44,46
050,13,253,"Georgia","Seminole County",4,36,88,39,49
050,13,253,"Georgia","Seminole County",4,37,83,33,50
050,13,253,"Georgia","Seminole County",4,38,77,37,40
050,13,253,"Georgia","Seminole County",4,39,92,47,45
050,13,253,"Georgia","Seminole County",4,40,102,50,52
050,13,253,"Georgia","Seminole County",4,41,109,54,55
050,13,253,"Georgia","Seminole County",4,42,92,40,52
050,13,253,"Georgia","Seminole County",4,43,103,53,50
050,13,253,"Georgia","Seminole County",4,44,94,47,47
050,13,253,"Georgia","Seminole County",4,45,87,39,48
050,13,253,"Georgia","Seminole County",4,46,95,37,58
050,13,253,"Georgia","Seminole County",4,47,94,35,59
050,13,253,"Georgia","Seminole County",4,48,110,60,50
050,13,253,"Georgia","Seminole County",4,49,122,53,69
050,13,253,"Georgia","Seminole County",4,50,109,49,60
050,13,253,"Georgia","Seminole County",4,51,116,59,57
050,13,253,"Georgia","Seminole County",4,52,125,71,54
050,13,253,"Georgia","Seminole County",4,53,124,64,60
050,13,253,"Georgia","Seminole County",4,54,120,54,66
050,13,253,"Georgia","Seminole County",4,55,121,67,54
050,13,253,"Georgia","Seminole County",4,56,127,58,69
050,13,253,"Georgia","Seminole County",4,57,138,69,69
050,13,253,"Georgia","Seminole County",4,58,123,53,70
050,13,253,"Georgia","Seminole County",4,59,125,54,71
050,13,253,"Georgia","Seminole County",4,60,150,57,93
050,13,253,"Georgia","Seminole County",4,61,140,65,75
050,13,253,"Georgia","Seminole County",4,62,143,68,75
050,13,253,"Georgia","Seminole County",4,63,154,75,79
050,13,253,"Georgia","Seminole County",4,64,149,61,88
050,13,253,"Georgia","Seminole County",4,65,148,62,86
050,13,253,"Georgia","Seminole County",4,66,148,70,78
050,13,253,"Georgia","Seminole County",4,67,146,79,67
050,13,253,"Georgia","Seminole County",4,68,120,61,59
050,13,253,"Georgia","Seminole County",4,69,104,51,53
050,13,253,"Georgia","Seminole County",4,70,129,61,68
050,13,253,"Georgia","Seminole County",4,71,127,64,63
050,13,253,"Georgia","Seminole County",4,72,119,53,66
050,13,253,"Georgia","Seminole County",4,73,120,66,54
050,13,253,"Georgia","Seminole County",4,74,117,60,57
050,13,253,"Georgia","Seminole County",4,75,125,57,68
050,13,253,"Georgia","Seminole County",4,76,98,48,50
050,13,253,"Georgia","Seminole County",4,77,97,43,54
050,13,253,"Georgia","Seminole County",4,78,93,45,48
050,13,253,"Georgia","Seminole County",4,79,87,40,47
050,13,253,"Georgia","Seminole County",4,80,88,37,51
050,13,253,"Georgia","Seminole County",4,81,61,26,35
050,13,253,"Georgia","Seminole County",4,82,58,23,35
050,13,253,"Georgia","Seminole County",4,83,49,18,31
050,13,253,"Georgia","Seminole County",4,84,45,22,23
050,13,253,"Georgia","Seminole County",4,85,226,82,144
050,13,253,"Georgia","Seminole County",5,0,96,49,47
050,13,253,"Georgia","Seminole County",5,1,93,50,43
050,13,253,"Georgia","Seminole County",5,2,90,50,40
050,13,253,"Georgia","Seminole County",5,3,90,43,47
050,13,253,"Georgia","Seminole County",5,4,95,47,48
050,13,253,"Georgia","Seminole County",5,5,87,43,44
050,13,253,"Georgia","Seminole County",5,6,88,48,40
050,13,253,"Georgia","Seminole County",5,7,90,48,42
050,13,253,"Georgia","Seminole County",5,8,102,53,49
050,13,253,"Georgia","Seminole County",5,9,98,47,51
050,13,253,"Georgia","Seminole County",5,10,92,51,41
050,13,253,"Georgia","Seminole County",5,11,102,50,52
050,13,253,"Georgia","Seminole County",5,12,97,46,51
050,13,253,"Georgia","Seminole County",5,13,102,53,49
050,13,253,"Georgia","Seminole County",5,14,106,62,44
050,13,253,"Georgia","Seminole County",5,15,106,55,51
050,13,253,"Georgia","Seminole County",5,16,118,55,63
050,13,253,"Georgia","Seminole County",5,17,115,64,51
050,13,253,"Georgia","Seminole County",5,18,96,46,50
050,13,253,"Georgia","Seminole County",5,19,79,42,37
050,13,253,"Georgia","Seminole County",5,20,85,40,45
050,13,253,"Georgia","Seminole County",5,21,85,44,41
050,13,253,"Georgia","Seminole County",5,22,95,48,47
050,13,253,"Georgia","Seminole County",5,23,103,51,52
050,13,253,"Georgia","Seminole County",5,24,120,59,61
050,13,253,"Georgia","Seminole County",5,25,89,45,44
050,13,253,"Georgia","Seminole County",5,26,99,50,49
050,13,253,"Georgia","Seminole County",5,27,95,49,46
050,13,253,"Georgia","Seminole County",5,28,98,42,56
050,13,253,"Georgia","Seminole County",5,29,87,40,47
050,13,253,"Georgia","Seminole County",5,30,102,47,55
050,13,253,"Georgia","Seminole County",5,31,99,47,52
050,13,253,"Georgia","Seminole County",5,32,96,48,48
050,13,253,"Georgia","Seminole County",5,33,90,40,50
050,13,253,"Georgia","Seminole County",5,34,110,43,67
050,13,253,"Georgia","Seminole County",5,35,87,37,50
050,13,253,"Georgia","Seminole County",5,36,88,42,46
050,13,253,"Georgia","Seminole County",5,37,87,35,52
050,13,253,"Georgia","Seminole County",5,38,83,34,49
050,13,253,"Georgia","Seminole County",5,39,81,42,39
050,13,253,"Georgia","Seminole County",5,40,91,44,47
050,13,253,"Georgia","Seminole County",5,41,105,50,55
050,13,253,"Georgia","Seminole County",5,42,100,48,52
050,13,253,"Georgia","Seminole County",5,43,92,40,52
050,13,253,"Georgia","Seminole County",5,44,101,53,48
050,13,253,"Georgia","Seminole County",5,45,100,51,49
050,13,253,"Georgia","Seminole County",5,46,89,38,51
050,13,253,"Georgia","Seminole County",5,47,96,38,58
050,13,253,"Georgia","Seminole County",5,48,101,42,59
050,13,253,"Georgia","Seminole County",5,49,110,59,51
050,13,253,"Georgia","Seminole County",5,50,118,54,64
050,13,253,"Georgia","Seminole County",5,51,111,50,61
050,13,253,"Georgia","Seminole County",5,52,117,60,57
050,13,253,"Georgia","Seminole County",5,53,127,73,54
050,13,253,"Georgia","Seminole County",5,54,120,62,58
050,13,253,"Georgia","Seminole County",5,55,118,52,66
050,13,253,"Georgia","Seminole County",5,56,120,60,60
050,13,253,"Georgia","Seminole County",5,57,126,59,67
050,13,253,"Georgia","Seminole County",5,58,138,68,70
050,13,253,"Georgia","Seminole County",5,59,121,52,69
050,13,253,"Georgia","Seminole County",5,60,120,52,68
050,13,253,"Georgia","Seminole County",5,61,151,61,90
050,13,253,"Georgia","Seminole County",5,62,133,60,73
050,13,253,"Georgia","Seminole County",5,63,139,62,77
050,13,253,"Georgia","Seminole County",5,64,145,71,74
050,13,253,"Georgia","Seminole County",5,65,147,60,87
050,13,253,"Georgia","Seminole County",5,66,145,60,85
050,13,253,"Georgia","Seminole County",5,67,147,65,82
050,13,253,"Georgia","Seminole County",5,68,148,85,63
050,13,253,"Georgia","Seminole County",5,69,114,58,56
050,13,253,"Georgia","Seminole County",5,70,107,53,54
050,13,253,"Georgia","Seminole County",5,71,129,58,71
050,13,253,"Georgia","Seminole County",5,72,126,62,64
050,13,253,"Georgia","Seminole County",5,73,115,51,64
050,13,253,"Georgia","Seminole County",5,74,121,65,56
050,13,253,"Georgia","Seminole County",5,75,111,55,56
050,13,253,"Georgia","Seminole County",5,76,128,59,69
050,13,253,"Georgia","Seminole County",5,77,94,46,48
050,13,253,"Georgia","Seminole County",5,78,96,42,54
050,13,253,"Georgia","Seminole County",5,79,89,43,46
050,13,253,"Georgia","Seminole County",5,80,85,39,46
050,13,253,"Georgia","Seminole County",5,81,88,37,51
050,13,253,"Georgia","Seminole County",5,82,60,26,34
050,13,253,"Georgia","Seminole County",5,83,55,24,31
050,13,253,"Georgia","Seminole County",5,84,53,19,34
050,13,253,"Georgia","Seminole County",5,85,224,92,132
050,13,255,"Georgia","Spalding County",1,0,842,430,412
050,13,255,"Georgia","Spalding County",1,1,888,464,424
050,13,255,"Georgia","Spalding County",1,2,881,457,424
050,13,255,"Georgia","Spalding County",1,3,866,454,412
050,13,255,"Georgia","Spalding County",1,4,834,424,410
050,13,255,"Georgia","Spalding County",1,5,881,448,433
050,13,255,"Georgia","Spalding County",1,6,863,454,409
050,13,255,"Georgia","Spalding County",1,7,875,446,429
050,13,255,"Georgia","Spalding County",1,8,860,437,423
050,13,255,"Georgia","Spalding County",1,9,893,483,410
050,13,255,"Georgia","Spalding County",1,10,898,457,441
050,13,255,"Georgia","Spalding County",1,11,968,511,457
050,13,255,"Georgia","Spalding County",1,12,971,518,453
050,13,255,"Georgia","Spalding County",1,13,968,495,473
050,13,255,"Georgia","Spalding County",1,14,938,466,472
050,13,255,"Georgia","Spalding County",1,15,934,480,454
050,13,255,"Georgia","Spalding County",1,16,921,476,445
050,13,255,"Georgia","Spalding County",1,17,856,418,438
050,13,255,"Georgia","Spalding County",1,18,763,389,374
050,13,255,"Georgia","Spalding County",1,19,706,359,347
050,13,255,"Georgia","Spalding County",1,20,711,366,345
050,13,255,"Georgia","Spalding County",1,21,748,386,362
050,13,255,"Georgia","Spalding County",1,22,758,373,385
050,13,255,"Georgia","Spalding County",1,23,793,389,404
050,13,255,"Georgia","Spalding County",1,24,804,402,402
050,13,255,"Georgia","Spalding County",1,25,819,408,411
050,13,255,"Georgia","Spalding County",1,26,925,441,484
050,13,255,"Georgia","Spalding County",1,27,994,471,523
050,13,255,"Georgia","Spalding County",1,28,1010,494,516
050,13,255,"Georgia","Spalding County",1,29,999,489,510
050,13,255,"Georgia","Spalding County",1,30,960,453,507
050,13,255,"Georgia","Spalding County",1,31,887,420,467
050,13,255,"Georgia","Spalding County",1,32,861,398,463
050,13,255,"Georgia","Spalding County",1,33,791,375,416
050,13,255,"Georgia","Spalding County",1,34,812,385,427
050,13,255,"Georgia","Spalding County",1,35,783,384,399
050,13,255,"Georgia","Spalding County",1,36,771,356,415
050,13,255,"Georgia","Spalding County",1,37,788,375,413
050,13,255,"Georgia","Spalding County",1,38,875,443,432
050,13,255,"Georgia","Spalding County",1,39,863,411,452
050,13,255,"Georgia","Spalding County",1,40,807,374,433
050,13,255,"Georgia","Spalding County",1,41,789,364,425
050,13,255,"Georgia","Spalding County",1,42,751,359,392
050,13,255,"Georgia","Spalding County",1,43,686,330,356
050,13,255,"Georgia","Spalding County",1,44,693,326,367
050,13,255,"Georgia","Spalding County",1,45,760,349,411
050,13,255,"Georgia","Spalding County",1,46,725,331,394
050,13,255,"Georgia","Spalding County",1,47,796,362,434
050,13,255,"Georgia","Spalding County",1,48,807,370,437
050,13,255,"Georgia","Spalding County",1,49,875,432,443
050,13,255,"Georgia","Spalding County",1,50,842,387,455
050,13,255,"Georgia","Spalding County",1,51,795,366,429
050,13,255,"Georgia","Spalding County",1,52,811,395,416
050,13,255,"Georgia","Spalding County",1,53,858,408,450
050,13,255,"Georgia","Spalding County",1,54,857,420,437
050,13,255,"Georgia","Spalding County",1,55,851,409,442
050,13,255,"Georgia","Spalding County",1,56,868,422,446
050,13,255,"Georgia","Spalding County",1,57,861,387,474
050,13,255,"Georgia","Spalding County",1,58,920,440,480
050,13,255,"Georgia","Spalding County",1,59,881,424,457
050,13,255,"Georgia","Spalding County",1,60,824,391,433
050,13,255,"Georgia","Spalding County",1,61,841,421,420
050,13,255,"Georgia","Spalding County",1,62,880,426,454
050,13,255,"Georgia","Spalding County",1,63,864,388,476
050,13,255,"Georgia","Spalding County",1,64,886,410,476
050,13,255,"Georgia","Spalding County",1,65,839,379,460
050,13,255,"Georgia","Spalding County",1,66,755,355,400
050,13,255,"Georgia","Spalding County",1,67,749,335,414
050,13,255,"Georgia","Spalding County",1,68,796,349,447
050,13,255,"Georgia","Spalding County",1,69,770,355,415
050,13,255,"Georgia","Spalding County",1,70,753,340,413
050,13,255,"Georgia","Spalding County",1,71,743,322,421
050,13,255,"Georgia","Spalding County",1,72,763,337,426
050,13,255,"Georgia","Spalding County",1,73,777,339,438
050,13,255,"Georgia","Spalding County",1,74,533,232,301
050,13,255,"Georgia","Spalding County",1,75,540,262,278
050,13,255,"Georgia","Spalding County",1,76,538,241,297
050,13,255,"Georgia","Spalding County",1,77,477,208,269
050,13,255,"Georgia","Spalding County",1,78,408,180,228
050,13,255,"Georgia","Spalding County",1,79,391,165,226
050,13,255,"Georgia","Spalding County",1,80,334,140,194
050,13,255,"Georgia","Spalding County",1,81,294,120,174
050,13,255,"Georgia","Spalding County",1,82,273,108,165
050,13,255,"Georgia","Spalding County",1,83,221,93,128
050,13,255,"Georgia","Spalding County",1,84,208,87,121
050,13,255,"Georgia","Spalding County",1,85,1064,384,680
050,13,255,"Georgia","Spalding County",2,0,856,429,427
050,13,255,"Georgia","Spalding County",2,1,883,456,427
050,13,255,"Georgia","Spalding County",2,2,885,460,425
050,13,255,"Georgia","Spalding County",2,3,864,451,413
050,13,255,"Georgia","Spalding County",2,4,845,434,411
050,13,255,"Georgia","Spalding County",2,5,870,445,425
050,13,255,"Georgia","Spalding County",2,6,873,458,415
050,13,255,"Georgia","Spalding County",2,7,868,448,420
050,13,255,"Georgia","Spalding County",2,8,863,440,423
050,13,255,"Georgia","Spalding County",2,9,886,470,416
050,13,255,"Georgia","Spalding County",2,10,897,465,432
050,13,255,"Georgia","Spalding County",2,11,944,497,447
050,13,255,"Georgia","Spalding County",2,12,974,516,458
050,13,255,"Georgia","Spalding County",2,13,965,496,469
050,13,255,"Georgia","Spalding County",2,14,947,477,470
050,13,255,"Georgia","Spalding County",2,15,941,483,458
050,13,255,"Georgia","Spalding County",2,16,925,475,450
050,13,255,"Georgia","Spalding County",2,17,870,430,440
050,13,255,"Georgia","Spalding County",2,18,759,383,376
050,13,255,"Georgia","Spalding County",2,19,701,357,344
050,13,255,"Georgia","Spalding County",2,20,723,370,353
050,13,255,"Georgia","Spalding County",2,21,749,383,366
050,13,255,"Georgia","Spalding County",2,22,767,378,389
050,13,255,"Georgia","Spalding County",2,23,797,391,406
050,13,255,"Georgia","Spalding County",2,24,804,399,405
050,13,255,"Georgia","Spalding County",2,25,826,409,417
050,13,255,"Georgia","Spalding County",2,26,910,437,473
050,13,255,"Georgia","Spalding County",2,27,982,468,514
050,13,255,"Georgia","Spalding County",2,28,1003,489,514
050,13,255,"Georgia","Spalding County",2,29,996,487,509
050,13,255,"Georgia","Spalding County",2,30,982,469,513
050,13,255,"Georgia","Spalding County",2,31,907,432,475
050,13,255,"Georgia","Spalding County",2,32,863,401,462
050,13,255,"Georgia","Spalding County",2,33,804,377,427
050,13,255,"Georgia","Spalding County",2,34,814,390,424
050,13,255,"Georgia","Spalding County",2,35,793,384,409
050,13,255,"Georgia","Spalding County",2,36,768,361,407
050,13,255,"Georgia","Spalding County",2,37,790,377,413
050,13,255,"Georgia","Spalding County",2,38,867,431,436
050,13,255,"Georgia","Spalding County",2,39,865,417,448
050,13,255,"Georgia","Spalding County",2,40,824,384,440
050,13,255,"Georgia","Spalding County",2,41,788,364,424
050,13,255,"Georgia","Spalding County",2,42,753,355,398
050,13,255,"Georgia","Spalding County",2,43,709,342,367
050,13,255,"Georgia","Spalding County",2,44,687,325,362
050,13,255,"Georgia","Spalding County",2,45,751,347,404
050,13,255,"Georgia","Spalding County",2,46,729,332,397
050,13,255,"Georgia","Spalding County",2,47,780,355,425
050,13,255,"Georgia","Spalding County",2,48,805,368,437
050,13,255,"Georgia","Spalding County",2,49,861,419,442
050,13,255,"Georgia","Spalding County",2,50,846,394,452
050,13,255,"Georgia","Spalding County",2,51,800,367,433
050,13,255,"Georgia","Spalding County",2,52,806,387,419
050,13,255,"Georgia","Spalding County",2,53,843,402,441
050,13,255,"Georgia","Spalding County",2,54,853,415,438
050,13,255,"Georgia","Spalding County",2,55,853,414,439
050,13,255,"Georgia","Spalding County",2,56,869,418,451
050,13,255,"Georgia","Spalding County",2,57,869,397,472
050,13,255,"Georgia","Spalding County",2,58,909,428,481
050,13,255,"Georgia","Spalding County",2,59,895,429,466
050,13,255,"Georgia","Spalding County",2,60,836,399,437
050,13,255,"Georgia","Spalding County",2,61,837,413,424
050,13,255,"Georgia","Spalding County",2,62,862,417,445
050,13,255,"Georgia","Spalding County",2,63,878,403,475
050,13,255,"Georgia","Spalding County",2,64,882,406,476
050,13,255,"Georgia","Spalding County",2,65,848,384,464
050,13,255,"Georgia","Spalding County",2,66,777,358,419
050,13,255,"Georgia","Spalding County",2,67,748,335,413
050,13,255,"Georgia","Spalding County",2,68,781,344,437
050,13,255,"Georgia","Spalding County",2,69,782,356,426
050,13,255,"Georgia","Spalding County",2,70,753,342,411
050,13,255,"Georgia","Spalding County",2,71,741,321,420
050,13,255,"Georgia","Spalding County",2,72,746,328,418
050,13,255,"Georgia","Spalding County",2,73,805,354,451
050,13,255,"Georgia","Spalding County",2,74,553,239,314
050,13,255,"Georgia","Spalding County",2,75,534,252,282
050,13,255,"Georgia","Spalding County",2,76,529,240,289
050,13,255,"Georgia","Spalding County",2,77,499,220,279
050,13,255,"Georgia","Spalding County",2,78,410,177,233
050,13,255,"Georgia","Spalding County",2,79,389,163,226
050,13,255,"Georgia","Spalding County",2,80,344,143,201
050,13,255,"Georgia","Spalding County",2,81,300,125,175
050,13,255,"Georgia","Spalding County",2,82,271,108,163
050,13,255,"Georgia","Spalding County",2,83,229,94,135
050,13,255,"Georgia","Spalding County",2,84,204,84,120
050,13,255,"Georgia","Spalding County",2,85,1077,393,684
050,13,255,"Georgia","Spalding County",3,0,827,409,418
050,13,255,"Georgia","Spalding County",3,1,900,456,444
050,13,255,"Georgia","Spalding County",3,2,901,459,442
050,13,255,"Georgia","Spalding County",3,3,879,453,426
050,13,255,"Georgia","Spalding County",3,4,881,466,415
050,13,255,"Georgia","Spalding County",3,5,862,436,426
050,13,255,"Georgia","Spalding County",3,6,859,430,429
050,13,255,"Georgia","Spalding County",3,7,853,439,414
050,13,255,"Georgia","Spalding County",3,8,830,421,409
050,13,255,"Georgia","Spalding County",3,9,821,408,413
050,13,255,"Georgia","Spalding County",3,10,877,461,416
050,13,255,"Georgia","Spalding County",3,11,909,453,456
050,13,255,"Georgia","Spalding County",3,12,934,483,451
050,13,255,"Georgia","Spalding County",3,13,982,525,457
050,13,255,"Georgia","Spalding County",3,14,961,505,456
050,13,255,"Georgia","Spalding County",3,15,950,482,468
050,13,255,"Georgia","Spalding County",3,16,926,478,448
050,13,255,"Georgia","Spalding County",3,17,940,479,461
050,13,255,"Georgia","Spalding County",3,18,782,396,386
050,13,255,"Georgia","Spalding County",3,19,677,340,337
050,13,255,"Georgia","Spalding County",3,20,744,367,377
050,13,255,"Georgia","Spalding County",3,21,801,406,395
050,13,255,"Georgia","Spalding County",3,22,806,400,406
050,13,255,"Georgia","Spalding County",3,23,837,414,423
050,13,255,"Georgia","Spalding County",3,24,833,401,432
050,13,255,"Georgia","Spalding County",3,25,806,389,417
050,13,255,"Georgia","Spalding County",3,26,820,389,431
050,13,255,"Georgia","Spalding County",3,27,904,439,465
050,13,255,"Georgia","Spalding County",3,28,1008,486,522
050,13,255,"Georgia","Spalding County",3,29,955,447,508
050,13,255,"Georgia","Spalding County",3,30,1008,491,517
050,13,255,"Georgia","Spalding County",3,31,999,481,518
050,13,255,"Georgia","Spalding County",3,32,918,430,488
050,13,255,"Georgia","Spalding County",3,33,831,380,451
050,13,255,"Georgia","Spalding County",3,34,816,377,439
050,13,255,"Georgia","Spalding County",3,35,786,372,414
050,13,255,"Georgia","Spalding County",3,36,770,371,399
050,13,255,"Georgia","Spalding County",3,37,795,356,439
050,13,255,"Georgia","Spalding County",3,38,770,353,417
050,13,255,"Georgia","Spalding County",3,39,840,404,436
050,13,255,"Georgia","Spalding County",3,40,838,391,447
050,13,255,"Georgia","Spalding County",3,41,811,371,440
050,13,255,"Georgia","Spalding County",3,42,780,357,423
050,13,255,"Georgia","Spalding County",3,43,731,335,396
050,13,255,"Georgia","Spalding County",3,44,715,349,366
050,13,255,"Georgia","Spalding County",3,45,705,322,383
050,13,255,"Georgia","Spalding County",3,46,778,355,423
050,13,255,"Georgia","Spalding County",3,47,727,328,399
050,13,255,"Georgia","Spalding County",3,48,789,357,432
050,13,255,"Georgia","Spalding County",3,49,806,368,438
050,13,255,"Georgia","Spalding County",3,50,862,419,443
050,13,255,"Georgia","Spalding County",3,51,854,396,458
050,13,255,"Georgia","Spalding County",3,52,797,367,430
050,13,255,"Georgia","Spalding County",3,53,803,387,416
050,13,255,"Georgia","Spalding County",3,54,851,405,446
050,13,255,"Georgia","Spalding County",3,55,855,421,434
050,13,255,"Georgia","Spalding County",3,56,837,417,420
050,13,255,"Georgia","Spalding County",3,57,885,418,467
050,13,255,"Georgia","Spalding County",3,58,865,393,472
050,13,255,"Georgia","Spalding County",3,59,904,421,483
050,13,255,"Georgia","Spalding County",3,60,882,425,457
050,13,255,"Georgia","Spalding County",3,61,844,393,451
050,13,255,"Georgia","Spalding County",3,62,840,407,433
050,13,255,"Georgia","Spalding County",3,63,890,423,467
050,13,255,"Georgia","Spalding County",3,64,884,416,468
050,13,255,"Georgia","Spalding County",3,65,878,404,474
050,13,255,"Georgia","Spalding County",3,66,855,379,476
050,13,255,"Georgia","Spalding County",3,67,793,367,426
050,13,255,"Georgia","Spalding County",3,68,740,336,404
050,13,255,"Georgia","Spalding County",3,69,744,319,425
050,13,255,"Georgia","Spalding County",3,70,762,344,418
050,13,255,"Georgia","Spalding County",3,71,744,333,411
050,13,255,"Georgia","Spalding County",3,72,719,307,412
050,13,255,"Georgia","Spalding County",3,73,722,314,408
050,13,255,"Georgia","Spalding County",3,74,786,347,439
050,13,255,"Georgia","Spalding County",3,75,537,229,308
050,13,255,"Georgia","Spalding County",3,76,512,229,283
050,13,255,"Georgia","Spalding County",3,77,496,229,267
050,13,255,"Georgia","Spalding County",3,78,474,205,269
050,13,255,"Georgia","Spalding County",3,79,384,160,224
050,13,255,"Georgia","Spalding County",3,80,362,144,218
050,13,255,"Georgia","Spalding County",3,81,320,135,185
050,13,255,"Georgia","Spalding County",3,82,279,109,170
050,13,255,"Georgia","Spalding County",3,83,245,99,146
050,13,255,"Georgia","Spalding County",3,84,207,84,123
050,13,255,"Georgia","Spalding County",3,85,1075,400,675
050,13,255,"Georgia","Spalding County",4,0,857,434,423
050,13,255,"Georgia","Spalding County",4,1,793,401,392
050,13,255,"Georgia","Spalding County",4,2,874,427,447
050,13,255,"Georgia","Spalding County",4,3,899,458,441
050,13,255,"Georgia","Spalding County",4,4,929,471,458
050,13,255,"Georgia","Spalding County",4,5,881,461,420
050,13,255,"Georgia","Spalding County",4,6,872,439,433
050,13,255,"Georgia","Spalding County",4,7,892,448,444
050,13,255,"Georgia","Spalding County",4,8,866,455,411
050,13,255,"Georgia","Spalding County",4,9,858,436,422
050,13,255,"Georgia","Spalding County",4,10,847,412,435
050,13,255,"Georgia","Spalding County",4,11,880,464,416
050,13,255,"Georgia","Spalding County",4,12,903,443,460
050,13,255,"Georgia","Spalding County",4,13,948,497,451
050,13,255,"Georgia","Spalding County",4,14,995,526,469
050,13,255,"Georgia","Spalding County",4,15,967,497,470
050,13,255,"Georgia","Spalding County",4,16,963,481,482
050,13,255,"Georgia","Spalding County",4,17,931,483,448
050,13,255,"Georgia","Spalding County",4,18,807,423,384
050,13,255,"Georgia","Spalding County",4,19,674,347,327
050,13,255,"Georgia","Spalding County",4,20,737,377,360
050,13,255,"Georgia","Spalding County",4,21,790,394,396
050,13,255,"Georgia","Spalding County",4,22,872,430,442
050,13,255,"Georgia","Spalding County",4,23,897,461,436
050,13,255,"Georgia","Spalding County",4,24,883,432,451
050,13,255,"Georgia","Spalding County",4,25,878,425,453
050,13,255,"Georgia","Spalding County",4,26,856,428,428
050,13,255,"Georgia","Spalding County",4,27,877,433,444
050,13,255,"Georgia","Spalding County",4,28,917,469,448
050,13,255,"Georgia","Spalding County",4,29,1029,488,541
050,13,255,"Georgia","Spalding County",4,30,982,445,537
050,13,255,"Georgia","Spalding County",4,31,1038,501,537
050,13,255,"Georgia","Spalding County",4,32,1016,494,522
050,13,255,"Georgia","Spalding County",4,33,936,440,496
050,13,255,"Georgia","Spalding County",4,34,860,411,449
050,13,255,"Georgia","Spalding County",4,35,821,377,444
050,13,255,"Georgia","Spalding County",4,36,812,382,430
050,13,255,"Georgia","Spalding County",4,37,805,386,419
050,13,255,"Georgia","Spalding County",4,38,814,381,433
050,13,255,"Georgia","Spalding County",4,39,796,379,417
050,13,255,"Georgia","Spalding County",4,40,826,386,440
050,13,255,"Georgia","Spalding County",4,41,875,416,459
050,13,255,"Georgia","Spalding County",4,42,841,381,460
050,13,255,"Georgia","Spalding County",4,43,806,367,439
050,13,255,"Georgia","Spalding County",4,44,739,334,405
050,13,255,"Georgia","Spalding County",4,45,737,356,381
050,13,255,"Georgia","Spalding County",4,46,736,338,398
050,13,255,"Georgia","Spalding County",4,47,770,365,405
050,13,255,"Georgia","Spalding County",4,48,720,317,403
050,13,255,"Georgia","Spalding County",4,49,803,371,432
050,13,255,"Georgia","Spalding County",4,50,830,382,448
050,13,255,"Georgia","Spalding County",4,51,864,427,437
050,13,255,"Georgia","Spalding County",4,52,858,401,457
050,13,255,"Georgia","Spalding County",4,53,807,361,446
050,13,255,"Georgia","Spalding County",4,54,823,401,422
050,13,255,"Georgia","Spalding County",4,55,854,401,453
050,13,255,"Georgia","Spalding County",4,56,862,435,427
050,13,255,"Georgia","Spalding County",4,57,836,425,411
050,13,255,"Georgia","Spalding County",4,58,899,423,476
050,13,255,"Georgia","Spalding County",4,59,867,395,472
050,13,255,"Georgia","Spalding County",4,60,911,415,496
050,13,255,"Georgia","Spalding County",4,61,906,438,468
050,13,255,"Georgia","Spalding County",4,62,833,381,452
050,13,255,"Georgia","Spalding County",4,63,845,404,441
050,13,255,"Georgia","Spalding County",4,64,886,423,463
050,13,255,"Georgia","Spalding County",4,65,877,404,473
050,13,255,"Georgia","Spalding County",4,66,890,406,484
050,13,255,"Georgia","Spalding County",4,67,859,380,479
050,13,255,"Georgia","Spalding County",4,68,795,359,436
050,13,255,"Georgia","Spalding County",4,69,741,338,403
050,13,255,"Georgia","Spalding County",4,70,730,314,416
050,13,255,"Georgia","Spalding County",4,71,749,335,414
050,13,255,"Georgia","Spalding County",4,72,739,332,407
050,13,255,"Georgia","Spalding County",4,73,700,293,407
050,13,255,"Georgia","Spalding County",4,74,706,308,398
050,13,255,"Georgia","Spalding County",4,75,750,329,421
050,13,255,"Georgia","Spalding County",4,76,518,219,299
050,13,255,"Georgia","Spalding County",4,77,492,218,274
050,13,255,"Georgia","Spalding County",4,78,459,204,255
050,13,255,"Georgia","Spalding County",4,79,456,193,263
050,13,255,"Georgia","Spalding County",4,80,361,140,221
050,13,255,"Georgia","Spalding County",4,81,334,134,200
050,13,255,"Georgia","Spalding County",4,82,289,115,174
050,13,255,"Georgia","Spalding County",4,83,258,102,156
050,13,255,"Georgia","Spalding County",4,84,218,83,135
050,13,255,"Georgia","Spalding County",4,85,1101,417,684
050,13,255,"Georgia","Spalding County",5,0,843,424,419
050,13,255,"Georgia","Spalding County",5,1,848,418,430
050,13,255,"Georgia","Spalding County",5,2,822,410,412
050,13,255,"Georgia","Spalding County",5,3,883,434,449
050,13,255,"Georgia","Spalding County",5,4,881,459,422
050,13,255,"Georgia","Spalding County",5,5,936,470,466
050,13,255,"Georgia","Spalding County",5,6,892,464,428
050,13,255,"Georgia","Spalding County",5,7,912,455,457
050,13,255,"Georgia","Spalding County",5,8,915,470,445
050,13,255,"Georgia","Spalding County",5,9,907,464,443
050,13,255,"Georgia","Spalding County",5,10,860,438,422
050,13,255,"Georgia","Spalding County",5,11,894,443,451
050,13,255,"Georgia","Spalding County",5,12,889,470,419
050,13,255,"Georgia","Spalding County",5,13,922,455,467
050,13,255,"Georgia","Spalding County",5,14,931,486,445
050,13,255,"Georgia","Spalding County",5,15,995,525,470
050,13,255,"Georgia","Spalding County",5,16,967,496,471
050,13,255,"Georgia","Spalding County",5,17,995,498,497
050,13,255,"Georgia","Spalding County",5,18,832,441,391
050,13,255,"Georgia","Spalding County",5,19,710,372,338
050,13,255,"Georgia","Spalding County",5,20,733,357,376
050,13,255,"Georgia","Spalding County",5,21,801,392,409
050,13,255,"Georgia","Spalding County",5,22,842,403,439
050,13,255,"Georgia","Spalding County",5,23,929,473,456
050,13,255,"Georgia","Spalding County",5,24,907,446,461
050,13,255,"Georgia","Spalding County",5,25,904,434,470
050,13,255,"Georgia","Spalding County",5,26,886,420,466
050,13,255,"Georgia","Spalding County",5,27,847,425,422
050,13,255,"Georgia","Spalding County",5,28,871,427,444
050,13,255,"Georgia","Spalding County",5,29,898,435,463
050,13,255,"Georgia","Spalding County",5,30,1015,476,539
050,13,255,"Georgia","Spalding County",5,31,995,445,550
050,13,255,"Georgia","Spalding County",5,32,1071,502,569
050,13,255,"Georgia","Spalding County",5,33,1018,489,529
050,13,255,"Georgia","Spalding County",5,34,985,485,500
050,13,255,"Georgia","Spalding County",5,35,827,388,439
050,13,255,"Georgia","Spalding County",5,36,825,387,438
050,13,255,"Georgia","Spalding County",5,37,834,399,435
050,13,255,"Georgia","Spalding County",5,38,808,386,422
050,13,255,"Georgia","Spalding County",5,39,817,384,433
050,13,255,"Georgia","Spalding County",5,40,803,366,437
050,13,255,"Georgia","Spalding County",5,41,839,403,436
050,13,255,"Georgia","Spalding County",5,42,868,405,463
050,13,255,"Georgia","Spalding County",5,43,828,366,462
050,13,255,"Georgia","Spalding County",5,44,809,365,444
050,13,255,"Georgia","Spalding County",5,45,760,343,417
050,13,255,"Georgia","Spalding County",5,46,748,357,391
050,13,255,"Georgia","Spalding County",5,47,751,342,409
050,13,255,"Georgia","Spalding County",5,48,744,355,389
050,13,255,"Georgia","Spalding County",5,49,747,328,419
050,13,255,"Georgia","Spalding County",5,50,814,375,439
050,13,255,"Georgia","Spalding County",5,51,840,375,465
050,13,255,"Georgia","Spalding County",5,52,899,439,460
050,13,255,"Georgia","Spalding County",5,53,859,404,455
050,13,255,"Georgia","Spalding County",5,54,818,365,453
050,13,255,"Georgia","Spalding County",5,55,849,410,439
050,13,255,"Georgia","Spalding County",5,56,846,398,448
050,13,255,"Georgia","Spalding County",5,57,874,432,442
050,13,255,"Georgia","Spalding County",5,58,856,433,423
050,13,255,"Georgia","Spalding County",5,59,910,429,481
050,13,255,"Georgia","Spalding County",5,60,878,400,478
050,13,255,"Georgia","Spalding County",5,61,912,419,493
050,13,255,"Georgia","Spalding County",5,62,892,436,456
050,13,255,"Georgia","Spalding County",5,63,840,388,452
050,13,255,"Georgia","Spalding County",5,64,849,399,450
050,13,255,"Georgia","Spalding County",5,65,877,411,466
050,13,255,"Georgia","Spalding County",5,66,871,395,476
050,13,255,"Georgia","Spalding County",5,67,892,405,487
050,13,255,"Georgia","Spalding County",5,68,853,381,472
050,13,255,"Georgia","Spalding County",5,69,780,352,428
050,13,255,"Georgia","Spalding County",5,70,733,336,397
050,13,255,"Georgia","Spalding County",5,71,724,305,419
050,13,255,"Georgia","Spalding County",5,72,747,339,408
050,13,255,"Georgia","Spalding County",5,73,712,319,393
050,13,255,"Georgia","Spalding County",5,74,689,283,406
050,13,255,"Georgia","Spalding County",5,75,684,291,393
050,13,255,"Georgia","Spalding County",5,76,712,296,416
050,13,255,"Georgia","Spalding County",5,77,508,213,295
050,13,255,"Georgia","Spalding County",5,78,470,197,273
050,13,255,"Georgia","Spalding County",5,79,450,201,249
050,13,255,"Georgia","Spalding County",5,80,438,175,263
050,13,255,"Georgia","Spalding County",5,81,338,132,206
050,13,255,"Georgia","Spalding County",5,82,312,121,191
050,13,255,"Georgia","Spalding County",5,83,278,112,166
050,13,255,"Georgia","Spalding County",5,84,237,91,146
050,13,255,"Georgia","Spalding County",5,85,1161,443,718
050,13,257,"Georgia","Stephens County",1,0,307,159,148
050,13,257,"Georgia","Stephens County",1,1,307,160,147
050,13,257,"Georgia","Stephens County",1,2,338,175,163
050,13,257,"Georgia","Stephens County",1,3,324,180,144
050,13,257,"Georgia","Stephens County",1,4,339,174,165
050,13,257,"Georgia","Stephens County",1,5,335,155,180
050,13,257,"Georgia","Stephens County",1,6,329,169,160
050,13,257,"Georgia","Stephens County",1,7,327,162,165
050,13,257,"Georgia","Stephens County",1,8,316,149,167
050,13,257,"Georgia","Stephens County",1,9,316,148,168
050,13,257,"Georgia","Stephens County",1,10,311,157,154
050,13,257,"Georgia","Stephens County",1,11,337,180,157
050,13,257,"Georgia","Stephens County",1,12,370,185,185
050,13,257,"Georgia","Stephens County",1,13,394,187,207
050,13,257,"Georgia","Stephens County",1,14,346,178,168
050,13,257,"Georgia","Stephens County",1,15,328,166,162
050,13,257,"Georgia","Stephens County",1,16,353,171,182
050,13,257,"Georgia","Stephens County",1,17,324,171,153
050,13,257,"Georgia","Stephens County",1,18,328,178,150
050,13,257,"Georgia","Stephens County",1,19,359,169,190
050,13,257,"Georgia","Stephens County",1,20,377,190,187
050,13,257,"Georgia","Stephens County",1,21,392,173,219
050,13,257,"Georgia","Stephens County",1,22,362,178,184
050,13,257,"Georgia","Stephens County",1,23,299,153,146
050,13,257,"Georgia","Stephens County",1,24,285,144,141
050,13,257,"Georgia","Stephens County",1,25,318,156,162
050,13,257,"Georgia","Stephens County",1,26,313,162,151
050,13,257,"Georgia","Stephens County",1,27,346,182,164
050,13,257,"Georgia","Stephens County",1,28,317,159,158
050,13,257,"Georgia","Stephens County",1,29,322,154,168
050,13,257,"Georgia","Stephens County",1,30,319,166,153
050,13,257,"Georgia","Stephens County",1,31,328,159,169
050,13,257,"Georgia","Stephens County",1,32,296,138,158
050,13,257,"Georgia","Stephens County",1,33,265,134,131
050,13,257,"Georgia","Stephens County",1,34,273,131,142
050,13,257,"Georgia","Stephens County",1,35,279,130,149
050,13,257,"Georgia","Stephens County",1,36,305,141,164
050,13,257,"Georgia","Stephens County",1,37,294,147,147
050,13,257,"Georgia","Stephens County",1,38,300,148,152
050,13,257,"Georgia","Stephens County",1,39,328,175,153
050,13,257,"Georgia","Stephens County",1,40,290,138,152
050,13,257,"Georgia","Stephens County",1,41,276,128,148
050,13,257,"Georgia","Stephens County",1,42,301,146,155
050,13,257,"Georgia","Stephens County",1,43,289,137,152
050,13,257,"Georgia","Stephens County",1,44,266,124,142
050,13,257,"Georgia","Stephens County",1,45,287,135,152
050,13,257,"Georgia","Stephens County",1,46,281,123,158
050,13,257,"Georgia","Stephens County",1,47,288,131,157
050,13,257,"Georgia","Stephens County",1,48,341,168,173
050,13,257,"Georgia","Stephens County",1,49,377,198,179
050,13,257,"Georgia","Stephens County",1,50,320,157,163
050,13,257,"Georgia","Stephens County",1,51,315,152,163
050,13,257,"Georgia","Stephens County",1,52,323,170,153
050,13,257,"Georgia","Stephens County",1,53,349,177,172
050,13,257,"Georgia","Stephens County",1,54,334,183,151
050,13,257,"Georgia","Stephens County",1,55,364,199,165
050,13,257,"Georgia","Stephens County",1,56,379,174,205
050,13,257,"Georgia","Stephens County",1,57,360,177,183
050,13,257,"Georgia","Stephens County",1,58,355,178,177
050,13,257,"Georgia","Stephens County",1,59,345,170,175
050,13,257,"Georgia","Stephens County",1,60,373,180,193
050,13,257,"Georgia","Stephens County",1,61,373,175,198
050,13,257,"Georgia","Stephens County",1,62,392,181,211
050,13,257,"Georgia","Stephens County",1,63,373,176,197
050,13,257,"Georgia","Stephens County",1,64,371,159,212
050,13,257,"Georgia","Stephens County",1,65,344,162,182
050,13,257,"Georgia","Stephens County",1,66,364,166,198
050,13,257,"Georgia","Stephens County",1,67,362,172,190
050,13,257,"Georgia","Stephens County",1,68,357,168,189
050,13,257,"Georgia","Stephens County",1,69,340,166,174
050,13,257,"Georgia","Stephens County",1,70,309,150,159
050,13,257,"Georgia","Stephens County",1,71,323,156,167
050,13,257,"Georgia","Stephens County",1,72,332,162,170
050,13,257,"Georgia","Stephens County",1,73,308,140,168
050,13,257,"Georgia","Stephens County",1,74,228,115,113
050,13,257,"Georgia","Stephens County",1,75,233,125,108
050,13,257,"Georgia","Stephens County",1,76,233,105,128
050,13,257,"Georgia","Stephens County",1,77,217,91,126
050,13,257,"Georgia","Stephens County",1,78,185,76,109
050,13,257,"Georgia","Stephens County",1,79,176,80,96
050,13,257,"Georgia","Stephens County",1,80,167,68,99
050,13,257,"Georgia","Stephens County",1,81,140,57,83
050,13,257,"Georgia","Stephens County",1,82,113,43,70
050,13,257,"Georgia","Stephens County",1,83,121,50,71
050,13,257,"Georgia","Stephens County",1,84,112,51,61
050,13,257,"Georgia","Stephens County",1,85,487,174,313
050,13,257,"Georgia","Stephens County",2,0,306,160,146
050,13,257,"Georgia","Stephens County",2,1,308,161,147
050,13,257,"Georgia","Stephens County",2,2,333,172,161
050,13,257,"Georgia","Stephens County",2,3,328,179,149
050,13,257,"Georgia","Stephens County",2,4,334,174,160
050,13,257,"Georgia","Stephens County",2,5,337,161,176
050,13,257,"Georgia","Stephens County",2,6,332,167,165
050,13,257,"Georgia","Stephens County",2,7,328,163,165
050,13,257,"Georgia","Stephens County",2,8,317,151,166
050,13,257,"Georgia","Stephens County",2,9,317,148,169
050,13,257,"Georgia","Stephens County",2,10,314,157,157
050,13,257,"Georgia","Stephens County",2,11,329,174,155
050,13,257,"Georgia","Stephens County",2,12,366,185,181
050,13,257,"Georgia","Stephens County",2,13,386,188,198
050,13,257,"Georgia","Stephens County",2,14,357,180,177
050,13,257,"Georgia","Stephens County",2,15,333,169,164
050,13,257,"Georgia","Stephens County",2,16,343,167,176
050,13,257,"Georgia","Stephens County",2,17,331,171,160
050,13,257,"Georgia","Stephens County",2,18,328,174,154
050,13,257,"Georgia","Stephens County",2,19,355,169,186
050,13,257,"Georgia","Stephens County",2,20,380,191,189
050,13,257,"Georgia","Stephens County",2,21,395,176,219
050,13,257,"Georgia","Stephens County",2,22,358,174,184
050,13,257,"Georgia","Stephens County",2,23,307,155,152
050,13,257,"Georgia","Stephens County",2,24,286,146,140
050,13,257,"Georgia","Stephens County",2,25,309,152,157
050,13,257,"Georgia","Stephens County",2,26,314,161,153
050,13,257,"Georgia","Stephens County",2,27,334,176,158
050,13,257,"Georgia","Stephens County",2,28,326,165,161
050,13,257,"Georgia","Stephens County",2,29,321,156,165
050,13,257,"Georgia","Stephens County",2,30,322,163,159
050,13,257,"Georgia","Stephens County",2,31,323,158,165
050,13,257,"Georgia","Stephens County",2,32,303,142,161
050,13,257,"Georgia","Stephens County",2,33,275,136,139
050,13,257,"Georgia","Stephens County",2,34,278,135,143
050,13,257,"Georgia","Stephens County",2,35,282,132,150
050,13,257,"Georgia","Stephens County",2,36,298,140,158
050,13,257,"Georgia","Stephens County",2,37,297,147,150
050,13,257,"Georgia","Stephens County",2,38,305,152,153
050,13,257,"Georgia","Stephens County",2,39,320,168,152
050,13,257,"Georgia","Stephens County",2,40,302,148,154
050,13,257,"Georgia","Stephens County",2,41,279,130,149
050,13,257,"Georgia","Stephens County",2,42,293,141,152
050,13,257,"Georgia","Stephens County",2,43,296,141,155
050,13,257,"Georgia","Stephens County",2,44,269,126,143
050,13,257,"Georgia","Stephens County",2,45,283,132,151
050,13,257,"Georgia","Stephens County",2,46,283,126,157
050,13,257,"Georgia","Stephens County",2,47,288,130,158
050,13,257,"Georgia","Stephens County",2,48,328,158,170
050,13,257,"Georgia","Stephens County",2,49,373,192,181
050,13,257,"Georgia","Stephens County",2,50,335,167,168
050,13,257,"Georgia","Stephens County",2,51,313,150,163
050,13,257,"Georgia","Stephens County",2,52,323,167,156
050,13,257,"Georgia","Stephens County",2,53,341,174,167
050,13,257,"Georgia","Stephens County",2,54,336,183,153
050,13,257,"Georgia","Stephens County",2,55,358,196,162
050,13,257,"Georgia","Stephens County",2,56,375,180,195
050,13,257,"Georgia","Stephens County",2,57,369,178,191
050,13,257,"Georgia","Stephens County",2,58,355,178,177
050,13,257,"Georgia","Stephens County",2,59,347,172,175
050,13,257,"Georgia","Stephens County",2,60,358,172,186
050,13,257,"Georgia","Stephens County",2,61,374,177,197
050,13,257,"Georgia","Stephens County",2,62,385,179,206
050,13,257,"Georgia","Stephens County",2,63,382,179,203
050,13,257,"Georgia","Stephens County",2,64,371,163,208
050,13,257,"Georgia","Stephens County",2,65,352,161,191
050,13,257,"Georgia","Stephens County",2,66,361,165,196
050,13,257,"Georgia","Stephens County",2,67,362,172,190
050,13,257,"Georgia","Stephens County",2,68,358,170,188
050,13,257,"Georgia","Stephens County",2,69,346,166,180
050,13,257,"Georgia","Stephens County",2,70,315,153,162
050,13,257,"Georgia","Stephens County",2,71,319,153,166
050,13,257,"Georgia","Stephens County",2,72,322,156,166
050,13,257,"Georgia","Stephens County",2,73,330,153,177
050,13,257,"Georgia","Stephens County",2,74,229,111,118
050,13,257,"Georgia","Stephens County",2,75,233,123,110
050,13,257,"Georgia","Stephens County",2,76,223,103,120
050,13,257,"Georgia","Stephens County",2,77,224,96,128
050,13,257,"Georgia","Stephens County",2,78,185,75,110
050,13,257,"Georgia","Stephens County",2,79,175,77,98
050,13,257,"Georgia","Stephens County",2,80,168,70,98
050,13,257,"Georgia","Stephens County",2,81,144,58,86
050,13,257,"Georgia","Stephens County",2,82,120,47,73
050,13,257,"Georgia","Stephens County",2,83,118,48,70
050,13,257,"Georgia","Stephens County",2,84,112,50,62
050,13,257,"Georgia","Stephens County",2,85,491,175,316
050,13,257,"Georgia","Stephens County",3,0,266,138,128
050,13,257,"Georgia","Stephens County",3,1,299,145,154
050,13,257,"Georgia","Stephens County",3,2,301,164,137
050,13,257,"Georgia","Stephens County",3,3,330,172,158
050,13,257,"Georgia","Stephens County",3,4,325,182,143
050,13,257,"Georgia","Stephens County",3,5,328,182,146
050,13,257,"Georgia","Stephens County",3,6,330,161,169
050,13,257,"Georgia","Stephens County",3,7,334,169,165
050,13,257,"Georgia","Stephens County",3,8,320,159,161
050,13,257,"Georgia","Stephens County",3,9,312,149,163
050,13,257,"Georgia","Stephens County",3,10,308,143,165
050,13,257,"Georgia","Stephens County",3,11,310,156,154
050,13,257,"Georgia","Stephens County",3,12,328,173,155
050,13,257,"Georgia","Stephens County",3,13,377,192,185
050,13,257,"Georgia","Stephens County",3,14,371,184,187
050,13,257,"Georgia","Stephens County",3,15,368,187,181
050,13,257,"Georgia","Stephens County",3,16,340,176,164
050,13,257,"Georgia","Stephens County",3,17,348,173,175
050,13,257,"Georgia","Stephens County",3,18,326,163,163
050,13,257,"Georgia","Stephens County",3,19,329,158,171
050,13,257,"Georgia","Stephens County",3,20,357,179,178
050,13,257,"Georgia","Stephens County",3,21,388,183,205
050,13,257,"Georgia","Stephens County",3,22,345,166,179
050,13,257,"Georgia","Stephens County",3,23,327,154,173
050,13,257,"Georgia","Stephens County",3,24,306,154,152
050,13,257,"Georgia","Stephens County",3,25,297,147,150
050,13,257,"Georgia","Stephens County",3,26,292,141,151
050,13,257,"Georgia","Stephens County",3,27,323,171,152
050,13,257,"Georgia","Stephens County",3,28,334,170,164
050,13,257,"Georgia","Stephens County",3,29,311,152,159
050,13,257,"Georgia","Stephens County",3,30,332,165,167
050,13,257,"Georgia","Stephens County",3,31,325,166,159
050,13,257,"Georgia","Stephens County",3,32,327,160,167
050,13,257,"Georgia","Stephens County",3,33,300,138,162
050,13,257,"Georgia","Stephens County",3,34,277,138,139
050,13,257,"Georgia","Stephens County",3,35,286,138,148
050,13,257,"Georgia","Stephens County",3,36,279,127,152
050,13,257,"Georgia","Stephens County",3,37,300,140,160
050,13,257,"Georgia","Stephens County",3,38,298,154,144
050,13,257,"Georgia","Stephens County",3,39,301,157,144
050,13,257,"Georgia","Stephens County",3,40,323,165,158
050,13,257,"Georgia","Stephens County",3,41,307,151,156
050,13,257,"Georgia","Stephens County",3,42,286,141,145
050,13,257,"Georgia","Stephens County",3,43,285,136,149
050,13,257,"Georgia","Stephens County",3,44,292,143,149
050,13,257,"Georgia","Stephens County",3,45,264,123,141
050,13,257,"Georgia","Stephens County",3,46,283,129,154
050,13,257,"Georgia","Stephens County",3,47,292,129,163
050,13,257,"Georgia","Stephens County",3,48,274,129,145
050,13,257,"Georgia","Stephens County",3,49,319,150,169
050,13,257,"Georgia","Stephens County",3,50,376,188,188
050,13,257,"Georgia","Stephens County",3,51,341,170,171
050,13,257,"Georgia","Stephens County",3,52,315,148,167
050,13,257,"Georgia","Stephens County",3,53,329,159,170
050,13,257,"Georgia","Stephens County",3,54,346,174,172
050,13,257,"Georgia","Stephens County",3,55,347,187,160
050,13,257,"Georgia","Stephens County",3,56,368,194,174
050,13,257,"Georgia","Stephens County",3,57,376,183,193
050,13,257,"Georgia","Stephens County",3,58,367,174,193
050,13,257,"Georgia","Stephens County",3,59,349,176,173
050,13,257,"Georgia","Stephens County",3,60,354,179,175
050,13,257,"Georgia","Stephens County",3,61,349,162,187
050,13,257,"Georgia","Stephens County",3,62,382,181,201
050,13,257,"Georgia","Stephens County",3,63,402,184,218
050,13,257,"Georgia","Stephens County",3,64,383,176,207
050,13,257,"Georgia","Stephens County",3,65,375,161,214
050,13,257,"Georgia","Stephens County",3,66,363,170,193
050,13,257,"Georgia","Stephens County",3,67,359,169,190
050,13,257,"Georgia","Stephens County",3,68,352,165,187
050,13,257,"Georgia","Stephens County",3,69,351,166,185
050,13,257,"Georgia","Stephens County",3,70,340,160,180
050,13,257,"Georgia","Stephens County",3,71,310,146,164
050,13,257,"Georgia","Stephens County",3,72,306,146,160
050,13,257,"Georgia","Stephens County",3,73,310,153,157
050,13,257,"Georgia","Stephens County",3,74,315,147,168
050,13,257,"Georgia","Stephens County",3,75,216,104,112
050,13,257,"Georgia","Stephens County",3,76,222,115,107
050,13,257,"Georgia","Stephens County",3,77,210,95,115
050,13,257,"Georgia","Stephens County",3,78,211,87,124
050,13,257,"Georgia","Stephens County",3,79,184,76,108
050,13,257,"Georgia","Stephens County",3,80,168,74,94
050,13,257,"Georgia","Stephens County",3,81,154,67,87
050,13,257,"Georgia","Stephens County",3,82,137,55,82
050,13,257,"Georgia","Stephens County",3,83,115,45,70
050,13,257,"Georgia","Stephens County",3,84,95,38,57
050,13,257,"Georgia","Stephens County",3,85,508,192,316
050,13,257,"Georgia","Stephens County",4,0,288,149,139
050,13,257,"Georgia","Stephens County",4,1,299,163,136
050,13,257,"Georgia","Stephens County",4,2,304,144,160
050,13,257,"Georgia","Stephens County",4,3,286,154,132
050,13,257,"Georgia","Stephens County",4,4,320,166,154
050,13,257,"Georgia","Stephens County",4,5,320,184,136
050,13,257,"Georgia","Stephens County",4,6,323,171,152
050,13,257,"Georgia","Stephens County",4,7,348,166,182
050,13,257,"Georgia","Stephens County",4,8,340,167,173
050,13,257,"Georgia","Stephens County",4,9,327,163,164
050,13,257,"Georgia","Stephens County",4,10,321,157,164
050,13,257,"Georgia","Stephens County",4,11,318,150,168
050,13,257,"Georgia","Stephens County",4,12,316,157,159
050,13,257,"Georgia","Stephens County",4,13,345,183,162
050,13,257,"Georgia","Stephens County",4,14,384,192,192
050,13,257,"Georgia","Stephens County",4,15,375,183,192
050,13,257,"Georgia","Stephens County",4,16,366,181,185
050,13,257,"Georgia","Stephens County",4,17,341,182,159
050,13,257,"Georgia","Stephens County",4,18,317,160,157
050,13,257,"Georgia","Stephens County",4,19,270,134,136
050,13,257,"Georgia","Stephens County",4,20,295,152,143
050,13,257,"Georgia","Stephens County",4,21,330,166,164
050,13,257,"Georgia","Stephens County",4,22,341,174,167
050,13,257,"Georgia","Stephens County",4,23,314,154,160
050,13,257,"Georgia","Stephens County",4,24,329,159,170
050,13,257,"Georgia","Stephens County",4,25,321,162,159
050,13,257,"Georgia","Stephens County",4,26,291,142,149
050,13,257,"Georgia","Stephens County",4,27,305,148,157
050,13,257,"Georgia","Stephens County",4,28,308,160,148
050,13,257,"Georgia","Stephens County",4,29,342,174,168
050,13,257,"Georgia","Stephens County",4,30,324,161,163
050,13,257,"Georgia","Stephens County",4,31,336,170,166
050,13,257,"Georgia","Stephens County",4,32,333,173,160
050,13,257,"Georgia","Stephens County",4,33,341,167,174
050,13,257,"Georgia","Stephens County",4,34,304,147,157
050,13,257,"Georgia","Stephens County",4,35,276,137,139
050,13,257,"Georgia","Stephens County",4,36,275,124,151
050,13,257,"Georgia","Stephens County",4,37,290,132,158
050,13,257,"Georgia","Stephens County",4,38,297,132,165
050,13,257,"Georgia","Stephens County",4,39,297,152,145
050,13,257,"Georgia","Stephens County",4,40,306,156,150
050,13,257,"Georgia","Stephens County",4,41,329,170,159
050,13,257,"Georgia","Stephens County",4,42,326,157,169
050,13,257,"Georgia","Stephens County",4,43,296,145,151
050,13,257,"Georgia","Stephens County",4,44,285,136,149
050,13,257,"Georgia","Stephens County",4,45,297,150,147
050,13,257,"Georgia","Stephens County",4,46,259,118,141
050,13,257,"Georgia","Stephens County",4,47,293,132,161
050,13,257,"Georgia","Stephens County",4,48,287,132,155
050,13,257,"Georgia","Stephens County",4,49,280,124,156
050,13,257,"Georgia","Stephens County",4,50,320,149,171
050,13,257,"Georgia","Stephens County",4,51,374,190,184
050,13,257,"Georgia","Stephens County",4,52,359,177,182
050,13,257,"Georgia","Stephens County",4,53,323,152,171
050,13,257,"Georgia","Stephens County",4,54,340,169,171
050,13,257,"Georgia","Stephens County",4,55,350,177,173
050,13,257,"Georgia","Stephens County",4,56,358,189,169
050,13,257,"Georgia","Stephens County",4,57,369,193,176
050,13,257,"Georgia","Stephens County",4,58,385,191,194
050,13,257,"Georgia","Stephens County",4,59,374,180,194
050,13,257,"Georgia","Stephens County",4,60,351,178,173
050,13,257,"Georgia","Stephens County",4,61,348,173,175
050,13,257,"Georgia","Stephens County",4,62,354,162,192
050,13,257,"Georgia","Stephens County",4,63,364,174,190
050,13,257,"Georgia","Stephens County",4,64,400,181,219
050,13,257,"Georgia","Stephens County",4,65,382,178,204
050,13,257,"Georgia","Stephens County",4,66,387,168,219
050,13,257,"Georgia","Stephens County",4,67,353,164,189
050,13,257,"Georgia","Stephens County",4,68,358,168,190
050,13,257,"Georgia","Stephens County",4,69,346,163,183
050,13,257,"Georgia","Stephens County",4,70,332,159,173
050,13,257,"Georgia","Stephens County",4,71,342,163,179
050,13,257,"Georgia","Stephens County",4,72,302,143,159
050,13,257,"Georgia","Stephens County",4,73,293,138,155
050,13,257,"Georgia","Stephens County",4,74,298,147,151
050,13,257,"Georgia","Stephens County",4,75,301,139,162
050,13,257,"Georgia","Stephens County",4,76,202,94,108
050,13,257,"Georgia","Stephens County",4,77,211,110,101
050,13,257,"Georgia","Stephens County",4,78,195,88,107
050,13,257,"Georgia","Stephens County",4,79,198,82,116
050,13,257,"Georgia","Stephens County",4,80,168,66,102
050,13,257,"Georgia","Stephens County",4,81,147,62,85
050,13,257,"Georgia","Stephens County",4,82,138,61,77
050,13,257,"Georgia","Stephens County",4,83,124,51,73
050,13,257,"Georgia","Stephens County",4,84,101,37,64
050,13,257,"Georgia","Stephens County",4,85,484,186,298
050,13,257,"Georgia","Stephens County",5,0,297,156,141
050,13,257,"Georgia","Stephens County",5,1,307,165,142
050,13,257,"Georgia","Stephens County",5,2,298,157,141
050,13,257,"Georgia","Stephens County",5,3,299,146,153
050,13,257,"Georgia","Stephens County",5,4,292,157,135
050,13,257,"Georgia","Stephens County",5,5,325,171,154
050,13,257,"Georgia","Stephens County",5,6,314,186,128
050,13,257,"Georgia","Stephens County",5,7,324,168,156
050,13,257,"Georgia","Stephens County",5,8,345,165,180
050,13,257,"Georgia","Stephens County",5,9,333,161,172
050,13,257,"Georgia","Stephens County",5,10,343,168,175
050,13,257,"Georgia","Stephens County",5,11,326,161,165
050,13,257,"Georgia","Stephens County",5,12,324,152,172
050,13,257,"Georgia","Stephens County",5,13,318,160,158
050,13,257,"Georgia","Stephens County",5,14,340,182,158
050,13,257,"Georgia","Stephens County",5,15,389,191,198
050,13,257,"Georgia","Stephens County",5,16,386,184,202
050,13,257,"Georgia","Stephens County",5,17,379,194,185
050,13,257,"Georgia","Stephens County",5,18,351,179,172
050,13,257,"Georgia","Stephens County",5,19,334,151,183
050,13,257,"Georgia","Stephens County",5,20,346,161,185
050,13,257,"Georgia","Stephens County",5,21,373,170,203
050,13,257,"Georgia","Stephens County",5,22,365,183,182
050,13,257,"Georgia","Stephens County",5,23,350,184,166
050,13,257,"Georgia","Stephens County",5,24,331,168,163
050,13,257,"Georgia","Stephens County",5,25,343,166,177
050,13,257,"Georgia","Stephens County",5,26,322,161,161
050,13,257,"Georgia","Stephens County",5,27,310,146,164
050,13,257,"Georgia","Stephens County",5,28,312,143,169
050,13,257,"Georgia","Stephens County",5,29,324,174,150
050,13,257,"Georgia","Stephens County",5,30,344,173,171
050,13,257,"Georgia","Stephens County",5,31,328,159,169
050,13,257,"Georgia","Stephens County",5,32,349,179,170
050,13,257,"Georgia","Stephens County",5,33,318,159,159
050,13,257,"Georgia","Stephens County",5,34,342,176,166
050,13,257,"Georgia","Stephens County",5,35,302,145,157
050,13,257,"Georgia","Stephens County",5,36,289,148,141
050,13,257,"Georgia","Stephens County",5,37,273,122,151
050,13,257,"Georgia","Stephens County",5,38,307,137,170
050,13,257,"Georgia","Stephens County",5,39,288,133,155
050,13,257,"Georgia","Stephens County",5,40,287,139,148
050,13,257,"Georgia","Stephens County",5,41,315,156,159
050,13,257,"Georgia","Stephens County",5,42,321,167,154
050,13,257,"Georgia","Stephens County",5,43,321,158,163
050,13,257,"Georgia","Stephens County",5,44,294,140,154
050,13,257,"Georgia","Stephens County",5,45,285,138,147
050,13,257,"Georgia","Stephens County",5,46,306,156,150
050,13,257,"Georgia","Stephens County",5,47,265,119,146
050,13,257,"Georgia","Stephens County",5,48,319,148,171
050,13,257,"Georgia","Stephens County",5,49,294,140,154
050,13,257,"Georgia","Stephens County",5,50,289,131,158
050,13,257,"Georgia","Stephens County",5,51,329,153,176
050,13,257,"Georgia","Stephens County",5,52,383,198,185
050,13,257,"Georgia","Stephens County",5,53,372,185,187
050,13,257,"Georgia","Stephens County",5,54,340,158,182
050,13,257,"Georgia","Stephens County",5,55,343,172,171
050,13,257,"Georgia","Stephens County",5,56,344,170,174
050,13,257,"Georgia","Stephens County",5,57,375,196,179
050,13,257,"Georgia","Stephens County",5,58,365,189,176
050,13,257,"Georgia","Stephens County",5,59,379,188,191
050,13,257,"Georgia","Stephens County",5,60,373,176,197
050,13,257,"Georgia","Stephens County",5,61,346,177,169
050,13,257,"Georgia","Stephens County",5,62,350,177,173
050,13,257,"Georgia","Stephens County",5,63,354,160,194
050,13,257,"Georgia","Stephens County",5,64,358,170,188
050,13,257,"Georgia","Stephens County",5,65,404,188,216
050,13,257,"Georgia","Stephens County",5,66,384,184,200
050,13,257,"Georgia","Stephens County",5,67,374,165,209
050,13,257,"Georgia","Stephens County",5,68,344,157,187
050,13,257,"Georgia","Stephens County",5,69,340,157,183
050,13,257,"Georgia","Stephens County",5,70,332,153,179
050,13,257,"Georgia","Stephens County",5,71,322,153,169
050,13,257,"Georgia","Stephens County",5,72,333,158,175
050,13,257,"Georgia","Stephens County",5,73,296,138,158
050,13,257,"Georgia","Stephens County",5,74,286,135,151
050,13,257,"Georgia","Stephens County",5,75,288,139,149
050,13,257,"Georgia","Stephens County",5,76,283,126,157
050,13,257,"Georgia","Stephens County",5,77,193,87,106
050,13,257,"Georgia","Stephens County",5,78,200,103,97
050,13,257,"Georgia","Stephens County",5,79,187,86,101
050,13,257,"Georgia","Stephens County",5,80,186,78,108
050,13,257,"Georgia","Stephens County",5,81,153,62,91
050,13,257,"Georgia","Stephens County",5,82,138,61,77
050,13,257,"Georgia","Stephens County",5,83,127,52,75
050,13,257,"Georgia","Stephens County",5,84,117,49,68
050,13,257,"Georgia","Stephens County",5,85,494,185,309
050,13,259,"Georgia","Stewart County",1,0,32,17,15
050,13,259,"Georgia","Stewart County",1,1,30,14,16
050,13,259,"Georgia","Stewart County",1,2,28,14,14
050,13,259,"Georgia","Stewart County",1,3,32,22,10
050,13,259,"Georgia","Stewart County",1,4,26,12,14
050,13,259,"Georgia","Stewart County",1,5,35,13,22
050,13,259,"Georgia","Stewart County",1,6,32,16,16
050,13,259,"Georgia","Stewart County",1,7,27,14,13
050,13,259,"Georgia","Stewart County",1,8,37,17,20
050,13,259,"Georgia","Stewart County",1,9,38,20,18
050,13,259,"Georgia","Stewart County",1,10,35,18,17
050,13,259,"Georgia","Stewart County",1,11,38,19,19
050,13,259,"Georgia","Stewart County",1,12,35,18,17
050,13,259,"Georgia","Stewart County",1,13,36,19,17
050,13,259,"Georgia","Stewart County",1,14,25,13,12
050,13,259,"Georgia","Stewart County",1,15,28,14,14
050,13,259,"Georgia","Stewart County",1,16,28,19,9
050,13,259,"Georgia","Stewart County",1,17,30,19,11
050,13,259,"Georgia","Stewart County",1,18,46,33,13
050,13,259,"Georgia","Stewart County",1,19,47,33,14
050,13,259,"Georgia","Stewart County",1,20,70,54,16
050,13,259,"Georgia","Stewart County",1,21,86,72,14
050,13,259,"Georgia","Stewart County",1,22,107,87,20
050,13,259,"Georgia","Stewart County",1,23,126,109,17
050,13,259,"Georgia","Stewart County",1,24,143,118,25
050,13,259,"Georgia","Stewart County",1,25,152,125,27
050,13,259,"Georgia","Stewart County",1,26,137,118,19
050,13,259,"Georgia","Stewart County",1,27,145,123,22
050,13,259,"Georgia","Stewart County",1,28,136,116,20
050,13,259,"Georgia","Stewart County",1,29,113,88,25
050,13,259,"Georgia","Stewart County",1,30,139,116,23
050,13,259,"Georgia","Stewart County",1,31,141,120,21
050,13,259,"Georgia","Stewart County",1,32,121,105,16
050,13,259,"Georgia","Stewart County",1,33,127,104,23
050,13,259,"Georgia","Stewart County",1,34,122,100,22
050,13,259,"Georgia","Stewart County",1,35,116,96,20
050,13,259,"Georgia","Stewart County",1,36,87,73,14
050,13,259,"Georgia","Stewart County",1,37,105,86,19
050,13,259,"Georgia","Stewart County",1,38,99,80,19
050,13,259,"Georgia","Stewart County",1,39,97,78,19
050,13,259,"Georgia","Stewart County",1,40,86,63,23
050,13,259,"Georgia","Stewart County",1,41,87,71,16
050,13,259,"Georgia","Stewart County",1,42,68,54,14
050,13,259,"Georgia","Stewart County",1,43,70,53,17
050,13,259,"Georgia","Stewart County",1,44,72,54,18
050,13,259,"Georgia","Stewart County",1,45,67,43,24
050,13,259,"Georgia","Stewart County",1,46,59,33,26
050,13,259,"Georgia","Stewart County",1,47,44,27,17
050,13,259,"Georgia","Stewart County",1,48,49,32,17
050,13,259,"Georgia","Stewart County",1,49,58,41,17
050,13,259,"Georgia","Stewart County",1,50,41,24,17
050,13,259,"Georgia","Stewart County",1,51,62,37,25
050,13,259,"Georgia","Stewart County",1,52,51,27,24
050,13,259,"Georgia","Stewart County",1,53,56,28,28
050,13,259,"Georgia","Stewart County",1,54,67,42,25
050,13,259,"Georgia","Stewart County",1,55,69,40,29
050,13,259,"Georgia","Stewart County",1,56,54,32,22
050,13,259,"Georgia","Stewart County",1,57,54,29,25
050,13,259,"Georgia","Stewart County",1,58,58,32,26
050,13,259,"Georgia","Stewart County",1,59,53,31,22
050,13,259,"Georgia","Stewart County",1,60,50,23,27
050,13,259,"Georgia","Stewart County",1,61,54,28,26
050,13,259,"Georgia","Stewart County",1,62,53,26,27
050,13,259,"Georgia","Stewart County",1,63,45,25,20
050,13,259,"Georgia","Stewart County",1,64,46,21,25
050,13,259,"Georgia","Stewart County",1,65,59,25,34
050,13,259,"Georgia","Stewart County",1,66,58,28,30
050,13,259,"Georgia","Stewart County",1,67,51,20,31
050,13,259,"Georgia","Stewart County",1,68,46,20,26
050,13,259,"Georgia","Stewart County",1,69,51,23,28
050,13,259,"Georgia","Stewart County",1,70,54,28,26
050,13,259,"Georgia","Stewart County",1,71,37,20,17
050,13,259,"Georgia","Stewart County",1,72,31,19,12
050,13,259,"Georgia","Stewart County",1,73,33,17,16
050,13,259,"Georgia","Stewart County",1,74,34,17,17
050,13,259,"Georgia","Stewart County",1,75,41,19,22
050,13,259,"Georgia","Stewart County",1,76,33,14,19
050,13,259,"Georgia","Stewart County",1,77,32,11,21
050,13,259,"Georgia","Stewart County",1,78,23,9,14
050,13,259,"Georgia","Stewart County",1,79,20,8,12
050,13,259,"Georgia","Stewart County",1,80,27,10,17
050,13,259,"Georgia","Stewart County",1,81,21,7,14
050,13,259,"Georgia","Stewart County",1,82,12,5,7
050,13,259,"Georgia","Stewart County",1,83,19,5,14
050,13,259,"Georgia","Stewart County",1,84,16,4,12
050,13,259,"Georgia","Stewart County",1,85,109,39,70
050,13,259,"Georgia","Stewart County",2,0,35,18,17
050,13,259,"Georgia","Stewart County",2,1,30,15,15
050,13,259,"Georgia","Stewart County",2,2,28,14,14
050,13,259,"Georgia","Stewart County",2,3,31,20,11
050,13,259,"Georgia","Stewart County",2,4,27,14,13
050,13,259,"Georgia","Stewart County",2,5,33,13,20
050,13,259,"Georgia","Stewart County",2,6,31,15,16
050,13,259,"Georgia","Stewart County",2,7,28,14,14
050,13,259,"Georgia","Stewart County",2,8,34,16,18
050,13,259,"Georgia","Stewart County",2,9,37,19,18
050,13,259,"Georgia","Stewart County",2,10,35,18,17
050,13,259,"Georgia","Stewart County",2,11,38,19,19
050,13,259,"Georgia","Stewart County",2,12,35,18,17
050,13,259,"Georgia","Stewart County",2,13,34,17,17
050,13,259,"Georgia","Stewart County",2,14,27,14,13
050,13,259,"Georgia","Stewart County",2,15,28,15,13
050,13,259,"Georgia","Stewart County",2,16,28,18,10
050,13,259,"Georgia","Stewart County",2,17,28,18,10
050,13,259,"Georgia","Stewart County",2,18,46,33,13
050,13,259,"Georgia","Stewart County",2,19,46,32,14
050,13,259,"Georgia","Stewart County",2,20,69,53,16
050,13,259,"Georgia","Stewart County",2,21,85,71,14
050,13,259,"Georgia","Stewart County",2,22,105,85,20
050,13,259,"Georgia","Stewart County",2,23,124,107,17
050,13,259,"Georgia","Stewart County",2,24,146,121,25
050,13,259,"Georgia","Stewart County",2,25,153,126,27
050,13,259,"Georgia","Stewart County",2,26,137,118,19
050,13,259,"Georgia","Stewart County",2,27,145,123,22
050,13,259,"Georgia","Stewart County",2,28,136,115,21
050,13,259,"Georgia","Stewart County",2,29,114,90,24
050,13,259,"Georgia","Stewart County",2,30,138,115,23
050,13,259,"Georgia","Stewart County",2,31,141,120,21
050,13,259,"Georgia","Stewart County",2,32,125,108,17
050,13,259,"Georgia","Stewart County",2,33,123,101,22
050,13,259,"Georgia","Stewart County",2,34,123,102,21
050,13,259,"Georgia","Stewart County",2,35,117,97,20
050,13,259,"Georgia","Stewart County",2,36,88,74,14
050,13,259,"Georgia","Stewart County",2,37,102,84,18
050,13,259,"Georgia","Stewart County",2,38,104,84,20
050,13,259,"Georgia","Stewart County",2,39,94,76,18
050,13,259,"Georgia","Stewart County",2,40,87,64,23
050,13,259,"Georgia","Stewart County",2,41,88,71,17
050,13,259,"Georgia","Stewart County",2,42,70,56,14
050,13,259,"Georgia","Stewart County",2,43,71,53,18
050,13,259,"Georgia","Stewart County",2,44,73,55,18
050,13,259,"Georgia","Stewart County",2,45,67,45,22
050,13,259,"Georgia","Stewart County",2,46,60,35,25
050,13,259,"Georgia","Stewart County",2,47,48,28,20
050,13,259,"Georgia","Stewart County",2,48,48,31,17
050,13,259,"Georgia","Stewart County",2,49,57,40,17
050,13,259,"Georgia","Stewart County",2,50,42,25,17
050,13,259,"Georgia","Stewart County",2,51,59,36,23
050,13,259,"Georgia","Stewart County",2,52,52,28,24
050,13,259,"Georgia","Stewart County",2,53,53,27,26
050,13,259,"Georgia","Stewart County",2,54,65,40,25
050,13,259,"Georgia","Stewart County",2,55,66,39,27
050,13,259,"Georgia","Stewart County",2,56,58,35,23
050,13,259,"Georgia","Stewart County",2,57,53,29,24
050,13,259,"Georgia","Stewart County",2,58,55,30,25
050,13,259,"Georgia","Stewart County",2,59,55,32,23
050,13,259,"Georgia","Stewart County",2,60,49,23,26
050,13,259,"Georgia","Stewart County",2,61,52,27,25
050,13,259,"Georgia","Stewart County",2,62,52,25,27
050,13,259,"Georgia","Stewart County",2,63,46,25,21
050,13,259,"Georgia","Stewart County",2,64,45,22,23
050,13,259,"Georgia","Stewart County",2,65,57,25,32
050,13,259,"Georgia","Stewart County",2,66,57,27,30
050,13,259,"Georgia","Stewart County",2,67,52,22,30
050,13,259,"Georgia","Stewart County",2,68,47,19,28
050,13,259,"Georgia","Stewart County",2,69,49,22,27
050,13,259,"Georgia","Stewart County",2,70,53,27,26
050,13,259,"Georgia","Stewart County",2,71,40,21,19
050,13,259,"Georgia","Stewart County",2,72,31,18,13
050,13,259,"Georgia","Stewart County",2,73,34,18,16
050,13,259,"Georgia","Stewart County",2,74,33,17,16
050,13,259,"Georgia","Stewart County",2,75,41,19,22
050,13,259,"Georgia","Stewart County",2,76,33,14,19
050,13,259,"Georgia","Stewart County",2,77,33,12,21
050,13,259,"Georgia","Stewart County",2,78,24,10,14
050,13,259,"Georgia","Stewart County",2,79,20,7,13
050,13,259,"Georgia","Stewart County",2,80,26,10,16
050,13,259,"Georgia","Stewart County",2,81,21,7,14
050,13,259,"Georgia","Stewart County",2,82,13,5,8
050,13,259,"Georgia","Stewart County",2,83,16,4,12
050,13,259,"Georgia","Stewart County",2,84,16,4,12
050,13,259,"Georgia","Stewart County",2,85,108,38,70
050,13,259,"Georgia","Stewart County",3,0,26,12,14
050,13,259,"Georgia","Stewart County",3,1,34,15,19
050,13,259,"Georgia","Stewart County",3,2,27,13,14
050,13,259,"Georgia","Stewart County",3,3,28,13,15
050,13,259,"Georgia","Stewart County",3,4,30,20,10
050,13,259,"Georgia","Stewart County",3,5,27,11,16
050,13,259,"Georgia","Stewart County",3,6,33,14,19
050,13,259,"Georgia","Stewart County",3,7,28,13,15
050,13,259,"Georgia","Stewart County",3,8,28,13,15
050,13,259,"Georgia","Stewart County",3,9,33,15,18
050,13,259,"Georgia","Stewart County",3,10,39,17,22
050,13,259,"Georgia","Stewart County",3,11,34,17,17
050,13,259,"Georgia","Stewart County",3,12,40,22,18
050,13,259,"Georgia","Stewart County",3,13,34,18,16
050,13,259,"Georgia","Stewart County",3,14,37,18,19
050,13,259,"Georgia","Stewart County",3,15,30,15,15
050,13,259,"Georgia","Stewart County",3,16,30,15,15
050,13,259,"Georgia","Stewart County",3,17,34,20,14
050,13,259,"Georgia","Stewart County",3,18,37,28,9
050,13,259,"Georgia","Stewart County",3,19,39,26,13
050,13,259,"Georgia","Stewart County",3,20,55,42,13
050,13,259,"Georgia","Stewart County",3,21,78,61,17
050,13,259,"Georgia","Stewart County",3,22,90,69,21
050,13,259,"Georgia","Stewart County",3,23,90,76,14
050,13,259,"Georgia","Stewart County",3,24,125,106,19
050,13,259,"Georgia","Stewart County",3,25,133,107,26
050,13,259,"Georgia","Stewart County",3,26,132,111,21
050,13,259,"Georgia","Stewart County",3,27,131,112,19
050,13,259,"Georgia","Stewart County",3,28,120,98,22
050,13,259,"Georgia","Stewart County",3,29,110,87,23
050,13,259,"Georgia","Stewart County",3,30,114,90,24
050,13,259,"Georgia","Stewart County",3,31,133,107,26
050,13,259,"Georgia","Stewart County",3,32,120,99,21
050,13,259,"Georgia","Stewart County",3,33,95,77,18
050,13,259,"Georgia","Stewart County",3,34,113,91,22
050,13,259,"Georgia","Stewart County",3,35,103,83,20
050,13,259,"Georgia","Stewart County",3,36,88,68,20
050,13,259,"Georgia","Stewart County",3,37,83,67,16
050,13,259,"Georgia","Stewart County",3,38,90,75,15
050,13,259,"Georgia","Stewart County",3,39,73,54,19
050,13,259,"Georgia","Stewart County",3,40,77,57,20
050,13,259,"Georgia","Stewart County",3,41,81,64,17
050,13,259,"Georgia","Stewart County",3,42,74,57,17
050,13,259,"Georgia","Stewart County",3,43,66,51,15
050,13,259,"Georgia","Stewart County",3,44,63,49,14
050,13,259,"Georgia","Stewart County",3,45,60,45,15
050,13,259,"Georgia","Stewart County",3,46,63,40,23
050,13,259,"Georgia","Stewart County",3,47,50,26,24
050,13,259,"Georgia","Stewart County",3,48,47,27,20
050,13,259,"Georgia","Stewart County",3,49,52,31,21
050,13,259,"Georgia","Stewart County",3,50,38,23,15
050,13,259,"Georgia","Stewart County",3,51,51,33,18
050,13,259,"Georgia","Stewart County",3,52,50,26,24
050,13,259,"Georgia","Stewart County",3,53,43,21,22
050,13,259,"Georgia","Stewart County",3,54,58,30,28
050,13,259,"Georgia","Stewart County",3,55,58,36,22
050,13,259,"Georgia","Stewart County",3,56,63,37,26
050,13,259,"Georgia","Stewart County",3,57,52,29,23
050,13,259,"Georgia","Stewart County",3,58,51,25,26
050,13,259,"Georgia","Stewart County",3,59,59,34,25
050,13,259,"Georgia","Stewart County",3,60,53,29,24
050,13,259,"Georgia","Stewart County",3,61,54,26,28
050,13,259,"Georgia","Stewart County",3,62,52,25,27
050,13,259,"Georgia","Stewart County",3,63,47,22,25
050,13,259,"Georgia","Stewart County",3,64,40,22,18
050,13,259,"Georgia","Stewart County",3,65,42,20,22
050,13,259,"Georgia","Stewart County",3,66,58,27,31
050,13,259,"Georgia","Stewart County",3,67,54,26,28
050,13,259,"Georgia","Stewart County",3,68,47,18,29
050,13,259,"Georgia","Stewart County",3,69,46,20,26
050,13,259,"Georgia","Stewart County",3,70,41,16,25
050,13,259,"Georgia","Stewart County",3,71,50,27,23
050,13,259,"Georgia","Stewart County",3,72,37,18,19
050,13,259,"Georgia","Stewart County",3,73,31,18,13
050,13,259,"Georgia","Stewart County",3,74,30,14,16
050,13,259,"Georgia","Stewart County",3,75,39,19,20
050,13,259,"Georgia","Stewart County",3,76,37,17,20
050,13,259,"Georgia","Stewart County",3,77,34,14,20
050,13,259,"Georgia","Stewart County",3,78,28,10,18
050,13,259,"Georgia","Stewart County",3,79,23,9,14
050,13,259,"Georgia","Stewart County",3,80,19,6,13
050,13,259,"Georgia","Stewart County",3,81,24,8,16
050,13,259,"Georgia","Stewart County",3,82,22,8,14
050,13,259,"Georgia","Stewart County",3,83,10,3,7
050,13,259,"Georgia","Stewart County",3,84,14,2,12
050,13,259,"Georgia","Stewart County",3,85,103,37,66
050,13,259,"Georgia","Stewart County",4,0,33,13,20
050,13,259,"Georgia","Stewart County",4,1,25,12,13
050,13,259,"Georgia","Stewart County",4,2,36,16,20
050,13,259,"Georgia","Stewart County",4,3,27,15,12
050,13,259,"Georgia","Stewart County",4,4,30,14,16
050,13,259,"Georgia","Stewart County",4,5,32,21,11
050,13,259,"Georgia","Stewart County",4,6,26,11,15
050,13,259,"Georgia","Stewart County",4,7,33,15,18
050,13,259,"Georgia","Stewart County",4,8,33,17,16
050,13,259,"Georgia","Stewart County",4,9,30,17,13
050,13,259,"Georgia","Stewart County",4,10,40,19,21
050,13,259,"Georgia","Stewart County",4,11,38,18,20
050,13,259,"Georgia","Stewart County",4,12,35,14,21
050,13,259,"Georgia","Stewart County",4,13,40,22,18
050,13,259,"Georgia","Stewart County",4,14,35,18,17
050,13,259,"Georgia","Stewart County",4,15,37,18,19
050,13,259,"Georgia","Stewart County",4,16,30,16,14
050,13,259,"Georgia","Stewart County",4,17,29,16,13
050,13,259,"Georgia","Stewart County",4,18,42,29,13
050,13,259,"Georgia","Stewart County",4,19,28,21,7
050,13,259,"Georgia","Stewart County",4,20,46,33,13
050,13,259,"Georgia","Stewart County",4,21,60,47,13
050,13,259,"Georgia","Stewart County",4,22,71,54,17
050,13,259,"Georgia","Stewart County",4,23,84,67,17
050,13,259,"Georgia","Stewart County",4,24,88,72,16
050,13,259,"Georgia","Stewart County",4,25,104,90,14
050,13,259,"Georgia","Stewart County",4,26,117,97,20
050,13,259,"Georgia","Stewart County",4,27,129,103,26
050,13,259,"Georgia","Stewart County",4,28,109,88,21
050,13,259,"Georgia","Stewart County",4,29,91,69,22
050,13,259,"Georgia","Stewart County",4,30,106,86,20
050,13,259,"Georgia","Stewart County",4,31,113,89,24
050,13,259,"Georgia","Stewart County",4,32,108,86,22
050,13,259,"Georgia","Stewart County",4,33,103,78,25
050,13,259,"Georgia","Stewart County",4,34,82,66,16
050,13,259,"Georgia","Stewart County",4,35,92,72,20
050,13,259,"Georgia","Stewart County",4,36,78,61,17
050,13,259,"Georgia","Stewart County",4,37,82,60,22
050,13,259,"Georgia","Stewart County",4,38,73,59,14
050,13,259,"Georgia","Stewart County",4,39,68,53,15
050,13,259,"Georgia","Stewart County",4,40,61,41,20
050,13,259,"Georgia","Stewart County",4,41,72,55,17
050,13,259,"Georgia","Stewart County",4,42,62,45,17
050,13,259,"Georgia","Stewart County",4,43,70,54,16
050,13,259,"Georgia","Stewart County",4,44,58,45,13
050,13,259,"Georgia","Stewart County",4,45,51,38,13
050,13,259,"Georgia","Stewart County",4,46,57,41,16
050,13,259,"Georgia","Stewart County",4,47,59,35,24
050,13,259,"Georgia","Stewart County",4,48,49,25,24
050,13,259,"Georgia","Stewart County",4,49,45,25,20
050,13,259,"Georgia","Stewart County",4,50,39,20,19
050,13,259,"Georgia","Stewart County",4,51,48,29,19
050,13,259,"Georgia","Stewart County",4,52,53,32,21
050,13,259,"Georgia","Stewart County",4,53,45,21,24
050,13,259,"Georgia","Stewart County",4,54,47,25,22
050,13,259,"Georgia","Stewart County",4,55,52,24,28
050,13,259,"Georgia","Stewart County",4,56,62,41,21
050,13,259,"Georgia","Stewart County",4,57,67,40,27
050,13,259,"Georgia","Stewart County",4,58,50,26,24
050,13,259,"Georgia","Stewart County",4,59,57,25,32
050,13,259,"Georgia","Stewart County",4,60,56,31,25
050,13,259,"Georgia","Stewart County",4,61,52,26,26
050,13,259,"Georgia","Stewart County",4,62,55,25,30
050,13,259,"Georgia","Stewart County",4,63,48,22,26
050,13,259,"Georgia","Stewart County",4,64,44,22,22
050,13,259,"Georgia","Stewart County",4,65,40,22,18
050,13,259,"Georgia","Stewart County",4,66,43,20,23
050,13,259,"Georgia","Stewart County",4,67,54,25,29
050,13,259,"Georgia","Stewart County",4,68,52,23,29
050,13,259,"Georgia","Stewart County",4,69,44,17,27
050,13,259,"Georgia","Stewart County",4,70,44,17,27
050,13,259,"Georgia","Stewart County",4,71,38,15,23
050,13,259,"Georgia","Stewart County",4,72,45,23,22
050,13,259,"Georgia","Stewart County",4,73,35,17,18
050,13,259,"Georgia","Stewart County",4,74,29,16,13
050,13,259,"Georgia","Stewart County",4,75,31,14,17
050,13,259,"Georgia","Stewart County",4,76,34,16,18
050,13,259,"Georgia","Stewart County",4,77,37,17,20
050,13,259,"Georgia","Stewart County",4,78,30,13,17
050,13,259,"Georgia","Stewart County",4,79,26,10,16
050,13,259,"Georgia","Stewart County",4,80,23,9,14
050,13,259,"Georgia","Stewart County",4,81,21,6,15
050,13,259,"Georgia","Stewart County",4,82,25,9,16
050,13,259,"Georgia","Stewart County",4,83,20,7,13
050,13,259,"Georgia","Stewart County",4,84,10,2,8
050,13,259,"Georgia","Stewart County",4,85,101,32,69
050,13,259,"Georgia","Stewart County",5,0,30,12,18
050,13,259,"Georgia","Stewart County",5,1,35,14,21
050,13,259,"Georgia","Stewart County",5,2,23,10,13
050,13,259,"Georgia","Stewart County",5,3,49,26,23
050,13,259,"Georgia","Stewart County",5,4,32,19,13
050,13,259,"Georgia","Stewart County",5,5,31,15,16
050,13,259,"Georgia","Stewart County",5,6,31,20,11
050,13,259,"Georgia","Stewart County",5,7,23,10,13
050,13,259,"Georgia","Stewart County",5,8,42,19,23
050,13,259,"Georgia","Stewart County",5,9,32,15,17
050,13,259,"Georgia","Stewart County",5,10,29,14,15
050,13,259,"Georgia","Stewart County",5,11,37,20,17
050,13,259,"Georgia","Stewart County",5,12,38,17,21
050,13,259,"Georgia","Stewart County",5,13,35,15,20
050,13,259,"Georgia","Stewart County",5,14,38,22,16
050,13,259,"Georgia","Stewart County",5,15,33,16,17
050,13,259,"Georgia","Stewart County",5,16,37,20,17
050,13,259,"Georgia","Stewart County",5,17,31,16,15
050,13,259,"Georgia","Stewart County",5,18,38,25,13
050,13,259,"Georgia","Stewart County",5,19,38,26,12
050,13,259,"Georgia","Stewart County",5,20,41,33,8
050,13,259,"Georgia","Stewart County",5,21,60,46,14
050,13,259,"Georgia","Stewart County",5,22,69,54,15
050,13,259,"Georgia","Stewart County",5,23,82,66,16
050,13,259,"Georgia","Stewart County",5,24,98,82,16
050,13,259,"Georgia","Stewart County",5,25,98,83,15
050,13,259,"Georgia","Stewart County",5,26,104,86,18
050,13,259,"Georgia","Stewart County",5,27,136,119,17
050,13,259,"Georgia","Stewart County",5,28,128,99,29
050,13,259,"Georgia","Stewart County",5,29,97,78,19
050,13,259,"Georgia","Stewart County",5,30,108,88,20
050,13,259,"Georgia","Stewart County",5,31,117,95,22
050,13,259,"Georgia","Stewart County",5,32,113,91,22
050,13,259,"Georgia","Stewart County",5,33,95,68,27
050,13,259,"Georgia","Stewart County",5,34,107,82,25
050,13,259,"Georgia","Stewart County",5,35,86,68,18
050,13,259,"Georgia","Stewart County",5,36,88,69,19
050,13,259,"Georgia","Stewart County",5,37,91,70,21
050,13,259,"Georgia","Stewart County",5,38,83,64,19
050,13,259,"Georgia","Stewart County",5,39,67,52,15
050,13,259,"Georgia","Stewart County",5,40,57,44,13
050,13,259,"Georgia","Stewart County",5,41,65,45,20
050,13,259,"Georgia","Stewart County",5,42,68,50,18
050,13,259,"Georgia","Stewart County",5,43,59,42,17
050,13,259,"Georgia","Stewart County",5,44,75,57,18
050,13,259,"Georgia","Stewart County",5,45,54,42,12
050,13,259,"Georgia","Stewart County",5,46,55,37,18
050,13,259,"Georgia","Stewart County",5,47,55,37,18
050,13,259,"Georgia","Stewart County",5,48,61,34,27
050,13,259,"Georgia","Stewart County",5,49,50,25,25
050,13,259,"Georgia","Stewart County",5,50,37,18,19
050,13,259,"Georgia","Stewart County",5,51,45,26,19
050,13,259,"Georgia","Stewart County",5,52,44,25,19
050,13,259,"Georgia","Stewart County",5,53,47,28,19
050,13,259,"Georgia","Stewart County",5,54,48,27,21
050,13,259,"Georgia","Stewart County",5,55,42,21,21
050,13,259,"Georgia","Stewart County",5,56,54,24,30
050,13,259,"Georgia","Stewart County",5,57,62,41,21
050,13,259,"Georgia","Stewart County",5,58,70,38,32
050,13,259,"Georgia","Stewart County",5,59,51,27,24
050,13,259,"Georgia","Stewart County",5,60,53,22,31
050,13,259,"Georgia","Stewart County",5,61,57,29,28
050,13,259,"Georgia","Stewart County",5,62,53,26,27
050,13,259,"Georgia","Stewart County",5,63,54,25,29
050,13,259,"Georgia","Stewart County",5,64,47,21,26
050,13,259,"Georgia","Stewart County",5,65,42,22,20
050,13,259,"Georgia","Stewart County",5,66,37,19,18
050,13,259,"Georgia","Stewart County",5,67,41,21,20
050,13,259,"Georgia","Stewart County",5,68,51,22,29
050,13,259,"Georgia","Stewart County",5,69,51,24,27
050,13,259,"Georgia","Stewart County",5,70,38,14,24
050,13,259,"Georgia","Stewart County",5,71,40,15,25
050,13,259,"Georgia","Stewart County",5,72,33,9,24
050,13,259,"Georgia","Stewart County",5,73,43,22,21
050,13,259,"Georgia","Stewart County",5,74,34,14,20
050,13,259,"Georgia","Stewart County",5,75,31,16,15
050,13,259,"Georgia","Stewart County",5,76,27,12,15
050,13,259,"Georgia","Stewart County",5,77,35,16,19
050,13,259,"Georgia","Stewart County",5,78,32,16,16
050,13,259,"Georgia","Stewart County",5,79,23,10,13
050,13,259,"Georgia","Stewart County",5,80,22,7,15
050,13,259,"Georgia","Stewart County",5,81,25,9,16
050,13,259,"Georgia","Stewart County",5,82,20,6,14
050,13,259,"Georgia","Stewart County",5,83,23,8,15
050,13,259,"Georgia","Stewart County",5,84,19,7,12
050,13,259,"Georgia","Stewart County",5,85,94,25,69
050,13,261,"Georgia","Sumter County",1,0,337,172,165
050,13,261,"Georgia","Sumter County",1,1,335,167,168
050,13,261,"Georgia","Sumter County",1,2,386,191,195
050,13,261,"Georgia","Sumter County",1,3,371,169,202
050,13,261,"Georgia","Sumter County",1,4,358,164,194
050,13,261,"Georgia","Sumter County",1,5,344,157,187
050,13,261,"Georgia","Sumter County",1,6,325,179,146
050,13,261,"Georgia","Sumter County",1,7,368,208,160
050,13,261,"Georgia","Sumter County",1,8,389,194,195
050,13,261,"Georgia","Sumter County",1,9,373,169,204
050,13,261,"Georgia","Sumter County",1,10,388,187,201
050,13,261,"Georgia","Sumter County",1,11,433,216,217
050,13,261,"Georgia","Sumter County",1,12,417,205,212
050,13,261,"Georgia","Sumter County",1,13,401,196,205
050,13,261,"Georgia","Sumter County",1,14,421,219,202
050,13,261,"Georgia","Sumter County",1,15,402,212,190
050,13,261,"Georgia","Sumter County",1,16,373,185,188
050,13,261,"Georgia","Sumter County",1,17,359,182,177
050,13,261,"Georgia","Sumter County",1,18,510,232,278
050,13,261,"Georgia","Sumter County",1,19,721,342,379
050,13,261,"Georgia","Sumter County",1,20,669,260,409
050,13,261,"Georgia","Sumter County",1,21,659,325,334
050,13,261,"Georgia","Sumter County",1,22,647,253,394
050,13,261,"Georgia","Sumter County",1,23,498,255,243
050,13,261,"Georgia","Sumter County",1,24,467,267,200
050,13,261,"Georgia","Sumter County",1,25,423,209,214
050,13,261,"Georgia","Sumter County",1,26,379,195,184
050,13,261,"Georgia","Sumter County",1,27,351,170,181
050,13,261,"Georgia","Sumter County",1,28,356,179,177
050,13,261,"Georgia","Sumter County",1,29,378,186,192
050,13,261,"Georgia","Sumter County",1,30,355,187,168
050,13,261,"Georgia","Sumter County",1,31,317,168,149
050,13,261,"Georgia","Sumter County",1,32,309,164,145
050,13,261,"Georgia","Sumter County",1,33,275,135,140
050,13,261,"Georgia","Sumter County",1,34,321,142,179
050,13,261,"Georgia","Sumter County",1,35,322,148,174
050,13,261,"Georgia","Sumter County",1,36,301,143,158
050,13,261,"Georgia","Sumter County",1,37,323,156,167
050,13,261,"Georgia","Sumter County",1,38,327,159,168
050,13,261,"Georgia","Sumter County",1,39,353,173,180
050,13,261,"Georgia","Sumter County",1,40,321,139,182
050,13,261,"Georgia","Sumter County",1,41,291,128,163
050,13,261,"Georgia","Sumter County",1,42,288,139,149
050,13,261,"Georgia","Sumter County",1,43,292,133,159
050,13,261,"Georgia","Sumter County",1,44,292,138,154
050,13,261,"Georgia","Sumter County",1,45,295,135,160
050,13,261,"Georgia","Sumter County",1,46,304,123,181
050,13,261,"Georgia","Sumter County",1,47,303,126,177
050,13,261,"Georgia","Sumter County",1,48,348,162,186
050,13,261,"Georgia","Sumter County",1,49,341,163,178
050,13,261,"Georgia","Sumter County",1,50,314,148,166
050,13,261,"Georgia","Sumter County",1,51,342,164,178
050,13,261,"Georgia","Sumter County",1,52,356,156,200
050,13,261,"Georgia","Sumter County",1,53,365,166,199
050,13,261,"Georgia","Sumter County",1,54,422,196,226
050,13,261,"Georgia","Sumter County",1,55,364,172,192
050,13,261,"Georgia","Sumter County",1,56,376,186,190
050,13,261,"Georgia","Sumter County",1,57,357,164,193
050,13,261,"Georgia","Sumter County",1,58,358,155,203
050,13,261,"Georgia","Sumter County",1,59,354,165,189
050,13,261,"Georgia","Sumter County",1,60,373,174,199
050,13,261,"Georgia","Sumter County",1,61,373,170,203
050,13,261,"Georgia","Sumter County",1,62,366,174,192
050,13,261,"Georgia","Sumter County",1,63,351,162,189
050,13,261,"Georgia","Sumter County",1,64,321,153,168
050,13,261,"Georgia","Sumter County",1,65,314,142,172
050,13,261,"Georgia","Sumter County",1,66,334,147,187
050,13,261,"Georgia","Sumter County",1,67,358,162,196
050,13,261,"Georgia","Sumter County",1,68,332,148,184
050,13,261,"Georgia","Sumter County",1,69,307,138,169
050,13,261,"Georgia","Sumter County",1,70,301,128,173
050,13,261,"Georgia","Sumter County",1,71,303,128,175
050,13,261,"Georgia","Sumter County",1,72,305,137,168
050,13,261,"Georgia","Sumter County",1,73,297,149,148
050,13,261,"Georgia","Sumter County",1,74,232,110,122
050,13,261,"Georgia","Sumter County",1,75,231,100,131
050,13,261,"Georgia","Sumter County",1,76,210,92,118
050,13,261,"Georgia","Sumter County",1,77,196,94,102
050,13,261,"Georgia","Sumter County",1,78,174,71,103
050,13,261,"Georgia","Sumter County",1,79,156,53,103
050,13,261,"Georgia","Sumter County",1,80,118,51,67
050,13,261,"Georgia","Sumter County",1,81,129,53,76
050,13,261,"Georgia","Sumter County",1,82,108,41,67
050,13,261,"Georgia","Sumter County",1,83,95,40,55
050,13,261,"Georgia","Sumter County",1,84,111,42,69
050,13,261,"Georgia","Sumter County",1,85,496,165,331
050,13,261,"Georgia","Sumter County",2,0,335,166,169
050,13,261,"Georgia","Sumter County",2,1,335,167,168
050,13,261,"Georgia","Sumter County",2,2,373,183,190
050,13,261,"Georgia","Sumter County",2,3,375,175,200
050,13,261,"Georgia","Sumter County",2,4,359,165,194
050,13,261,"Georgia","Sumter County",2,5,343,157,186
050,13,261,"Georgia","Sumter County",2,6,334,176,158
050,13,261,"Georgia","Sumter County",2,7,356,200,156
050,13,261,"Georgia","Sumter County",2,8,386,197,189
050,13,261,"Georgia","Sumter County",2,9,378,176,202
050,13,261,"Georgia","Sumter County",2,10,385,184,201
050,13,261,"Georgia","Sumter County",2,11,422,209,213
050,13,261,"Georgia","Sumter County",2,12,422,207,215
050,13,261,"Georgia","Sumter County",2,13,402,199,203
050,13,261,"Georgia","Sumter County",2,14,408,209,199
050,13,261,"Georgia","Sumter County",2,15,398,207,191
050,13,261,"Georgia","Sumter County",2,16,366,180,186
050,13,261,"Georgia","Sumter County",2,17,351,174,177
050,13,261,"Georgia","Sumter County",2,18,498,223,275
050,13,261,"Georgia","Sumter County",2,19,715,336,379
050,13,261,"Georgia","Sumter County",2,20,665,261,404
050,13,261,"Georgia","Sumter County",2,21,653,318,335
050,13,261,"Georgia","Sumter County",2,22,642,254,388
050,13,261,"Georgia","Sumter County",2,23,507,261,246
050,13,261,"Georgia","Sumter County",2,24,460,261,199
050,13,261,"Georgia","Sumter County",2,25,421,209,212
050,13,261,"Georgia","Sumter County",2,26,383,198,185
050,13,261,"Georgia","Sumter County",2,27,355,176,179
050,13,261,"Georgia","Sumter County",2,28,356,177,179
050,13,261,"Georgia","Sumter County",2,29,374,186,188
050,13,261,"Georgia","Sumter County",2,30,363,189,174
050,13,261,"Georgia","Sumter County",2,31,325,171,154
050,13,261,"Georgia","Sumter County",2,32,313,168,145
050,13,261,"Georgia","Sumter County",2,33,283,140,143
050,13,261,"Georgia","Sumter County",2,34,309,141,168
050,13,261,"Georgia","Sumter County",2,35,318,145,173
050,13,261,"Georgia","Sumter County",2,36,306,144,162
050,13,261,"Georgia","Sumter County",2,37,317,151,166
050,13,261,"Georgia","Sumter County",2,38,330,161,169
050,13,261,"Georgia","Sumter County",2,39,342,168,174
050,13,261,"Georgia","Sumter County",2,40,327,145,182
050,13,261,"Georgia","Sumter County",2,41,295,130,165
050,13,261,"Georgia","Sumter County",2,42,286,135,151
050,13,261,"Georgia","Sumter County",2,43,295,136,159
050,13,261,"Georgia","Sumter County",2,44,287,135,152
050,13,261,"Georgia","Sumter County",2,45,301,141,160
050,13,261,"Georgia","Sumter County",2,46,299,127,172
050,13,261,"Georgia","Sumter County",2,47,304,125,179
050,13,261,"Georgia","Sumter County",2,48,337,152,185
050,13,261,"Georgia","Sumter County",2,49,343,161,182
050,13,261,"Georgia","Sumter County",2,50,318,150,168
050,13,261,"Georgia","Sumter County",2,51,330,157,173
050,13,261,"Georgia","Sumter County",2,52,356,159,197
050,13,261,"Georgia","Sumter County",2,53,363,164,199
050,13,261,"Georgia","Sumter County",2,54,406,188,218
050,13,261,"Georgia","Sumter County",2,55,377,178,199
050,13,261,"Georgia","Sumter County",2,56,372,183,189
050,13,261,"Georgia","Sumter County",2,57,362,168,194
050,13,261,"Georgia","Sumter County",2,58,353,155,198
050,13,261,"Georgia","Sumter County",2,59,357,164,193
050,13,261,"Georgia","Sumter County",2,60,368,171,197
050,13,261,"Georgia","Sumter County",2,61,371,169,202
050,13,261,"Georgia","Sumter County",2,62,365,170,195
050,13,261,"Georgia","Sumter County",2,63,354,163,191
050,13,261,"Georgia","Sumter County",2,64,328,157,171
050,13,261,"Georgia","Sumter County",2,65,315,143,172
050,13,261,"Georgia","Sumter County",2,66,328,145,183
050,13,261,"Georgia","Sumter County",2,67,350,159,191
050,13,261,"Georgia","Sumter County",2,68,331,146,185
050,13,261,"Georgia","Sumter County",2,69,312,139,173
050,13,261,"Georgia","Sumter County",2,70,300,130,170
050,13,261,"Georgia","Sumter County",2,71,299,128,171
050,13,261,"Georgia","Sumter County",2,72,296,131,165
050,13,261,"Georgia","Sumter County",2,73,307,148,159
050,13,261,"Georgia","Sumter County",2,74,231,110,121
050,13,261,"Georgia","Sumter County",2,75,230,101,129
050,13,261,"Georgia","Sumter County",2,76,212,93,119
050,13,261,"Georgia","Sumter County",2,77,202,95,107
050,13,261,"Georgia","Sumter County",2,78,171,72,99
050,13,261,"Georgia","Sumter County",2,79,161,57,104
050,13,261,"Georgia","Sumter County",2,80,124,51,73
050,13,261,"Georgia","Sumter County",2,81,124,51,73
050,13,261,"Georgia","Sumter County",2,82,113,43,70
050,13,261,"Georgia","Sumter County",2,83,97,41,56
050,13,261,"Georgia","Sumter County",2,84,108,41,67
050,13,261,"Georgia","Sumter County",2,85,492,167,325
050,13,261,"Georgia","Sumter County",3,0,330,168,162
050,13,261,"Georgia","Sumter County",3,1,331,171,160
050,13,261,"Georgia","Sumter County",3,2,340,175,165
050,13,261,"Georgia","Sumter County",3,3,376,184,192
050,13,261,"Georgia","Sumter County",3,4,366,171,195
050,13,261,"Georgia","Sumter County",3,5,367,159,208
050,13,261,"Georgia","Sumter County",3,6,335,152,183
050,13,261,"Georgia","Sumter County",3,7,338,171,167
050,13,261,"Georgia","Sumter County",3,8,337,192,145
050,13,261,"Georgia","Sumter County",3,9,388,194,194
050,13,261,"Georgia","Sumter County",3,10,383,182,201
050,13,261,"Georgia","Sumter County",3,11,381,181,200
050,13,261,"Georgia","Sumter County",3,12,416,210,206
050,13,261,"Georgia","Sumter County",3,13,410,202,208
050,13,261,"Georgia","Sumter County",3,14,401,200,201
050,13,261,"Georgia","Sumter County",3,15,390,198,192
050,13,261,"Georgia","Sumter County",3,16,388,199,189
050,13,261,"Georgia","Sumter County",3,17,356,177,179
050,13,261,"Georgia","Sumter County",3,18,458,204,254
050,13,261,"Georgia","Sumter County",3,19,646,303,343
050,13,261,"Georgia","Sumter County",3,20,620,241,379
050,13,261,"Georgia","Sumter County",3,21,626,290,336
050,13,261,"Georgia","Sumter County",3,22,594,236,358
050,13,261,"Georgia","Sumter County",3,23,494,257,237
050,13,261,"Georgia","Sumter County",3,24,452,251,201
050,13,261,"Georgia","Sumter County",3,25,408,203,205
050,13,261,"Georgia","Sumter County",3,26,376,186,190
050,13,261,"Georgia","Sumter County",3,27,365,199,166
050,13,261,"Georgia","Sumter County",3,28,357,172,185
050,13,261,"Georgia","Sumter County",3,29,349,178,171
050,13,261,"Georgia","Sumter County",3,30,376,182,194
050,13,261,"Georgia","Sumter County",3,31,334,169,165
050,13,261,"Georgia","Sumter County",3,32,348,181,167
050,13,261,"Georgia","Sumter County",3,33,291,148,143
050,13,261,"Georgia","Sumter County",3,34,273,131,142
050,13,261,"Georgia","Sumter County",3,35,288,128,160
050,13,261,"Georgia","Sumter County",3,36,309,138,171
050,13,261,"Georgia","Sumter County",3,37,294,143,151
050,13,261,"Georgia","Sumter County",3,38,318,154,164
050,13,261,"Georgia","Sumter County",3,39,312,147,165
050,13,261,"Georgia","Sumter County",3,40,329,156,173
050,13,261,"Georgia","Sumter County",3,41,333,146,187
050,13,261,"Georgia","Sumter County",3,42,293,125,168
050,13,261,"Georgia","Sumter County",3,43,284,134,150
050,13,261,"Georgia","Sumter County",3,44,294,132,162
050,13,261,"Georgia","Sumter County",3,45,285,134,151
050,13,261,"Georgia","Sumter County",3,46,292,135,157
050,13,261,"Georgia","Sumter County",3,47,296,127,169
050,13,261,"Georgia","Sumter County",3,48,291,120,171
050,13,261,"Georgia","Sumter County",3,49,344,163,181
050,13,261,"Georgia","Sumter County",3,50,334,155,179
050,13,261,"Georgia","Sumter County",3,51,310,147,163
050,13,261,"Georgia","Sumter County",3,52,341,166,175
050,13,261,"Georgia","Sumter County",3,53,354,159,195
050,13,261,"Georgia","Sumter County",3,54,353,158,195
050,13,261,"Georgia","Sumter County",3,55,405,182,223
050,13,261,"Georgia","Sumter County",3,56,364,177,187
050,13,261,"Georgia","Sumter County",3,57,358,173,185
050,13,261,"Georgia","Sumter County",3,58,353,164,189
050,13,261,"Georgia","Sumter County",3,59,350,152,198
050,13,261,"Georgia","Sumter County",3,60,353,166,187
050,13,261,"Georgia","Sumter County",3,61,350,163,187
050,13,261,"Georgia","Sumter County",3,62,354,154,200
050,13,261,"Georgia","Sumter County",3,63,354,165,189
050,13,261,"Georgia","Sumter County",3,64,345,160,185
050,13,261,"Georgia","Sumter County",3,65,320,149,171
050,13,261,"Georgia","Sumter County",3,66,305,141,164
050,13,261,"Georgia","Sumter County",3,67,326,145,181
050,13,261,"Georgia","Sumter County",3,68,345,154,191
050,13,261,"Georgia","Sumter County",3,69,327,140,187
050,13,261,"Georgia","Sumter County",3,70,296,127,169
050,13,261,"Georgia","Sumter County",3,71,290,129,161
050,13,261,"Georgia","Sumter County",3,72,289,125,164
050,13,261,"Georgia","Sumter County",3,73,284,123,161
050,13,261,"Georgia","Sumter County",3,74,291,138,153
050,13,261,"Georgia","Sumter County",3,75,231,114,117
050,13,261,"Georgia","Sumter County",3,76,218,97,121
050,13,261,"Georgia","Sumter County",3,77,199,83,116
050,13,261,"Georgia","Sumter County",3,78,183,81,102
050,13,261,"Georgia","Sumter County",3,79,165,70,95
050,13,261,"Georgia","Sumter County",3,80,144,55,89
050,13,261,"Georgia","Sumter County",3,81,122,48,74
050,13,261,"Georgia","Sumter County",3,82,118,47,71
050,13,261,"Georgia","Sumter County",3,83,106,39,67
050,13,261,"Georgia","Sumter County",3,84,99,42,57
050,13,261,"Georgia","Sumter County",3,85,483,172,311
050,13,261,"Georgia","Sumter County",4,0,340,152,188
050,13,261,"Georgia","Sumter County",4,1,315,160,155
050,13,261,"Georgia","Sumter County",4,2,330,171,159
050,13,261,"Georgia","Sumter County",4,3,345,172,173
050,13,261,"Georgia","Sumter County",4,4,362,182,180
050,13,261,"Georgia","Sumter County",4,5,373,173,200
050,13,261,"Georgia","Sumter County",4,6,356,166,190
050,13,261,"Georgia","Sumter County",4,7,327,150,177
050,13,261,"Georgia","Sumter County",4,8,338,170,168
050,13,261,"Georgia","Sumter County",4,9,329,186,143
050,13,261,"Georgia","Sumter County",4,10,394,204,190
050,13,261,"Georgia","Sumter County",4,11,374,179,195
050,13,261,"Georgia","Sumter County",4,12,381,183,198
050,13,261,"Georgia","Sumter County",4,13,414,209,205
050,13,261,"Georgia","Sumter County",4,14,411,207,204
050,13,261,"Georgia","Sumter County",4,15,403,202,201
050,13,261,"Georgia","Sumter County",4,16,382,191,191
050,13,261,"Georgia","Sumter County",4,17,396,204,192
050,13,261,"Georgia","Sumter County",4,18,457,205,252
050,13,261,"Georgia","Sumter County",4,19,612,285,327
050,13,261,"Georgia","Sumter County",4,20,581,234,347
050,13,261,"Georgia","Sumter County",4,21,602,293,309
050,13,261,"Georgia","Sumter County",4,22,610,232,378
050,13,261,"Georgia","Sumter County",4,23,479,264,215
050,13,261,"Georgia","Sumter County",4,24,458,260,198
050,13,261,"Georgia","Sumter County",4,25,422,201,221
050,13,261,"Georgia","Sumter County",4,26,348,187,161
050,13,261,"Georgia","Sumter County",4,27,358,181,177
050,13,261,"Georgia","Sumter County",4,28,346,189,157
050,13,261,"Georgia","Sumter County",4,29,343,167,176
050,13,261,"Georgia","Sumter County",4,30,371,189,182
050,13,261,"Georgia","Sumter County",4,31,384,188,196
050,13,261,"Georgia","Sumter County",4,32,330,172,158
050,13,261,"Georgia","Sumter County",4,33,344,167,177
050,13,261,"Georgia","Sumter County",4,34,295,157,138
050,13,261,"Georgia","Sumter County",4,35,274,141,133
050,13,261,"Georgia","Sumter County",4,36,291,135,156
050,13,261,"Georgia","Sumter County",4,37,303,133,170
050,13,261,"Georgia","Sumter County",4,38,292,142,150
050,13,261,"Georgia","Sumter County",4,39,315,154,161
050,13,261,"Georgia","Sumter County",4,40,308,145,163
050,13,261,"Georgia","Sumter County",4,41,332,160,172
050,13,261,"Georgia","Sumter County",4,42,333,144,189
050,13,261,"Georgia","Sumter County",4,43,307,131,176
050,13,261,"Georgia","Sumter County",4,44,290,139,151
050,13,261,"Georgia","Sumter County",4,45,301,138,163
050,13,261,"Georgia","Sumter County",4,46,281,134,147
050,13,261,"Georgia","Sumter County",4,47,300,135,165
050,13,261,"Georgia","Sumter County",4,48,288,124,164
050,13,261,"Georgia","Sumter County",4,49,308,134,174
050,13,261,"Georgia","Sumter County",4,50,345,166,179
050,13,261,"Georgia","Sumter County",4,51,347,160,187
050,13,261,"Georgia","Sumter County",4,52,318,154,164
050,13,261,"Georgia","Sumter County",4,53,334,154,180
050,13,261,"Georgia","Sumter County",4,54,346,154,192
050,13,261,"Georgia","Sumter County",4,55,348,153,195
050,13,261,"Georgia","Sumter County",4,56,397,178,219
050,13,261,"Georgia","Sumter County",4,57,359,170,189
050,13,261,"Georgia","Sumter County",4,58,349,168,181
050,13,261,"Georgia","Sumter County",4,59,353,164,189
050,13,261,"Georgia","Sumter County",4,60,339,148,191
050,13,261,"Georgia","Sumter County",4,61,333,152,181
050,13,261,"Georgia","Sumter County",4,62,341,158,183
050,13,261,"Georgia","Sumter County",4,63,347,148,199
050,13,261,"Georgia","Sumter County",4,64,355,167,188
050,13,261,"Georgia","Sumter County",4,65,339,159,180
050,13,261,"Georgia","Sumter County",4,66,319,150,169
050,13,261,"Georgia","Sumter County",4,67,303,137,166
050,13,261,"Georgia","Sumter County",4,68,322,144,178
050,13,261,"Georgia","Sumter County",4,69,332,148,184
050,13,261,"Georgia","Sumter County",4,70,314,138,176
050,13,261,"Georgia","Sumter County",4,71,281,127,154
050,13,261,"Georgia","Sumter County",4,72,283,129,154
050,13,261,"Georgia","Sumter County",4,73,282,119,163
050,13,261,"Georgia","Sumter County",4,74,279,121,158
050,13,261,"Georgia","Sumter County",4,75,284,139,145
050,13,261,"Georgia","Sumter County",4,76,225,113,112
050,13,261,"Georgia","Sumter County",4,77,210,94,116
050,13,261,"Georgia","Sumter County",4,78,187,76,111
050,13,261,"Georgia","Sumter County",4,79,172,75,97
050,13,261,"Georgia","Sumter County",4,80,145,65,80
050,13,261,"Georgia","Sumter County",4,81,142,51,91
050,13,261,"Georgia","Sumter County",4,82,115,40,75
050,13,261,"Georgia","Sumter County",4,83,112,43,69
050,13,261,"Georgia","Sumter County",4,84,113,41,72
050,13,261,"Georgia","Sumter County",4,85,461,176,285
050,13,261,"Georgia","Sumter County",5,0,347,152,195
050,13,261,"Georgia","Sumter County",5,1,347,165,182
050,13,261,"Georgia","Sumter County",5,2,314,160,154
050,13,261,"Georgia","Sumter County",5,3,323,164,159
050,13,261,"Georgia","Sumter County",5,4,346,177,169
050,13,261,"Georgia","Sumter County",5,5,365,181,184
050,13,261,"Georgia","Sumter County",5,6,371,178,193
050,13,261,"Georgia","Sumter County",5,7,366,175,191
050,13,261,"Georgia","Sumter County",5,8,335,157,178
050,13,261,"Georgia","Sumter County",5,9,334,173,161
050,13,261,"Georgia","Sumter County",5,10,335,188,147
050,13,261,"Georgia","Sumter County",5,11,382,189,193
050,13,261,"Georgia","Sumter County",5,12,380,184,196
050,13,261,"Georgia","Sumter County",5,13,386,189,197
050,13,261,"Georgia","Sumter County",5,14,411,207,204
050,13,261,"Georgia","Sumter County",5,15,405,201,204
050,13,261,"Georgia","Sumter County",5,16,385,188,197
050,13,261,"Georgia","Sumter County",5,17,378,188,190
050,13,261,"Georgia","Sumter County",5,18,504,232,272
050,13,261,"Georgia","Sumter County",5,19,643,300,343
050,13,261,"Georgia","Sumter County",5,20,590,225,365
050,13,261,"Georgia","Sumter County",5,21,599,292,307
050,13,261,"Georgia","Sumter County",5,22,614,246,368
050,13,261,"Georgia","Sumter County",5,23,520,274,246
050,13,261,"Georgia","Sumter County",5,24,449,265,184
050,13,261,"Georgia","Sumter County",5,25,420,201,219
050,13,261,"Georgia","Sumter County",5,26,379,187,192
050,13,261,"Georgia","Sumter County",5,27,326,179,147
050,13,261,"Georgia","Sumter County",5,28,345,175,170
050,13,261,"Georgia","Sumter County",5,29,339,181,158
050,13,261,"Georgia","Sumter County",5,30,349,167,182
050,13,261,"Georgia","Sumter County",5,31,382,183,199
050,13,261,"Georgia","Sumter County",5,32,388,194,194
050,13,261,"Georgia","Sumter County",5,33,315,155,160
050,13,261,"Georgia","Sumter County",5,34,349,176,173
050,13,261,"Georgia","Sumter County",5,35,292,152,140
050,13,261,"Georgia","Sumter County",5,36,291,148,143
050,13,261,"Georgia","Sumter County",5,37,281,132,149
050,13,261,"Georgia","Sumter County",5,38,319,151,168
050,13,261,"Georgia","Sumter County",5,39,287,140,147
050,13,261,"Georgia","Sumter County",5,40,302,150,152
050,13,261,"Georgia","Sumter County",5,41,301,142,159
050,13,261,"Georgia","Sumter County",5,42,335,156,179
050,13,261,"Georgia","Sumter County",5,43,330,147,183
050,13,261,"Georgia","Sumter County",5,44,306,134,172
050,13,261,"Georgia","Sumter County",5,45,293,137,156
050,13,261,"Georgia","Sumter County",5,46,294,135,159
050,13,261,"Georgia","Sumter County",5,47,283,131,152
050,13,261,"Georgia","Sumter County",5,48,283,128,155
050,13,261,"Georgia","Sumter County",5,49,287,124,163
050,13,261,"Georgia","Sumter County",5,50,304,133,171
050,13,261,"Georgia","Sumter County",5,51,343,168,175
050,13,261,"Georgia","Sumter County",5,52,346,162,184
050,13,261,"Georgia","Sumter County",5,53,303,147,156
050,13,261,"Georgia","Sumter County",5,54,320,145,175
050,13,261,"Georgia","Sumter County",5,55,347,160,187
050,13,261,"Georgia","Sumter County",5,56,341,156,185
050,13,261,"Georgia","Sumter County",5,57,384,173,211
050,13,261,"Georgia","Sumter County",5,58,360,166,194
050,13,261,"Georgia","Sumter County",5,59,350,167,183
050,13,261,"Georgia","Sumter County",5,60,347,160,187
050,13,261,"Georgia","Sumter County",5,61,333,144,189
050,13,261,"Georgia","Sumter County",5,62,329,150,179
050,13,261,"Georgia","Sumter County",5,63,335,152,183
050,13,261,"Georgia","Sumter County",5,64,338,146,192
050,13,261,"Georgia","Sumter County",5,65,341,155,186
050,13,261,"Georgia","Sumter County",5,66,334,156,178
050,13,261,"Georgia","Sumter County",5,67,319,155,164
050,13,261,"Georgia","Sumter County",5,68,294,130,164
050,13,261,"Georgia","Sumter County",5,69,317,140,177
050,13,261,"Georgia","Sumter County",5,70,324,144,180
050,13,261,"Georgia","Sumter County",5,71,306,138,168
050,13,261,"Georgia","Sumter County",5,72,270,125,145
050,13,261,"Georgia","Sumter County",5,73,272,122,150
050,13,261,"Georgia","Sumter County",5,74,273,114,159
050,13,261,"Georgia","Sumter County",5,75,273,120,153
050,13,261,"Georgia","Sumter County",5,76,270,133,137
050,13,261,"Georgia","Sumter County",5,77,218,110,108
050,13,261,"Georgia","Sumter County",5,78,199,89,110
050,13,261,"Georgia","Sumter County",5,79,179,71,108
050,13,261,"Georgia","Sumter County",5,80,152,69,83
050,13,261,"Georgia","Sumter County",5,81,139,58,81
050,13,261,"Georgia","Sumter County",5,82,133,42,91
050,13,261,"Georgia","Sumter County",5,83,110,36,74
050,13,261,"Georgia","Sumter County",5,84,115,45,70
050,13,261,"Georgia","Sumter County",5,85,467,185,282
050,13,263,"Georgia","Talbot County",1,0,52,26,26
050,13,263,"Georgia","Talbot County",1,1,56,30,26
050,13,263,"Georgia","Talbot County",1,2,49,33,16
050,13,263,"Georgia","Talbot County",1,3,56,32,24
050,13,263,"Georgia","Talbot County",1,4,52,28,24
050,13,263,"Georgia","Talbot County",1,5,47,26,21
050,13,263,"Georgia","Talbot County",1,6,43,23,20
050,13,263,"Georgia","Talbot County",1,7,40,19,21
050,13,263,"Georgia","Talbot County",1,8,52,22,30
050,13,263,"Georgia","Talbot County",1,9,47,22,25
050,13,263,"Georgia","Talbot County",1,10,49,27,22
050,13,263,"Georgia","Talbot County",1,11,57,28,29
050,13,263,"Georgia","Talbot County",1,12,56,30,26
050,13,263,"Georgia","Talbot County",1,13,57,29,28
050,13,263,"Georgia","Talbot County",1,14,52,26,26
050,13,263,"Georgia","Talbot County",1,15,63,29,34
050,13,263,"Georgia","Talbot County",1,16,54,24,30
050,13,263,"Georgia","Talbot County",1,17,54,27,27
050,13,263,"Georgia","Talbot County",1,18,48,22,26
050,13,263,"Georgia","Talbot County",1,19,52,26,26
050,13,263,"Georgia","Talbot County",1,20,60,29,31
050,13,263,"Georgia","Talbot County",1,21,65,32,33
050,13,263,"Georgia","Talbot County",1,22,47,24,23
050,13,263,"Georgia","Talbot County",1,23,50,18,32
050,13,263,"Georgia","Talbot County",1,24,56,25,31
050,13,263,"Georgia","Talbot County",1,25,44,24,20
050,13,263,"Georgia","Talbot County",1,26,60,29,31
050,13,263,"Georgia","Talbot County",1,27,75,29,46
050,13,263,"Georgia","Talbot County",1,28,71,35,36
050,13,263,"Georgia","Talbot County",1,29,61,31,30
050,13,263,"Georgia","Talbot County",1,30,63,30,33
050,13,263,"Georgia","Talbot County",1,31,56,24,32
050,13,263,"Georgia","Talbot County",1,32,53,26,27
050,13,263,"Georgia","Talbot County",1,33,55,31,24
050,13,263,"Georgia","Talbot County",1,34,51,27,24
050,13,263,"Georgia","Talbot County",1,35,45,23,22
050,13,263,"Georgia","Talbot County",1,36,54,25,29
050,13,263,"Georgia","Talbot County",1,37,56,30,26
050,13,263,"Georgia","Talbot County",1,38,57,32,25
050,13,263,"Georgia","Talbot County",1,39,59,32,27
050,13,263,"Georgia","Talbot County",1,40,62,32,30
050,13,263,"Georgia","Talbot County",1,41,56,29,27
050,13,263,"Georgia","Talbot County",1,42,50,30,20
050,13,263,"Georgia","Talbot County",1,43,59,34,25
050,13,263,"Georgia","Talbot County",1,44,60,35,25
050,13,263,"Georgia","Talbot County",1,45,65,36,29
050,13,263,"Georgia","Talbot County",1,46,55,30,25
050,13,263,"Georgia","Talbot County",1,47,62,25,37
050,13,263,"Georgia","Talbot County",1,48,70,33,37
050,13,263,"Georgia","Talbot County",1,49,81,35,46
050,13,263,"Georgia","Talbot County",1,50,68,32,36
050,13,263,"Georgia","Talbot County",1,51,66,28,38
050,13,263,"Georgia","Talbot County",1,52,74,29,45
050,13,263,"Georgia","Talbot County",1,53,84,38,46
050,13,263,"Georgia","Talbot County",1,54,92,39,53
050,13,263,"Georgia","Talbot County",1,55,106,48,58
050,13,263,"Georgia","Talbot County",1,56,102,48,54
050,13,263,"Georgia","Talbot County",1,57,106,53,53
050,13,263,"Georgia","Talbot County",1,58,114,60,54
050,13,263,"Georgia","Talbot County",1,59,102,53,49
050,13,263,"Georgia","Talbot County",1,60,111,51,60
050,13,263,"Georgia","Talbot County",1,61,114,56,58
050,13,263,"Georgia","Talbot County",1,62,101,47,54
050,13,263,"Georgia","Talbot County",1,63,100,38,62
050,13,263,"Georgia","Talbot County",1,64,114,50,64
050,13,263,"Georgia","Talbot County",1,65,116,56,60
050,13,263,"Georgia","Talbot County",1,66,113,51,62
050,13,263,"Georgia","Talbot County",1,67,114,55,59
050,13,263,"Georgia","Talbot County",1,68,101,51,50
050,13,263,"Georgia","Talbot County",1,69,101,57,44
050,13,263,"Georgia","Talbot County",1,70,89,45,44
050,13,263,"Georgia","Talbot County",1,71,86,42,44
050,13,263,"Georgia","Talbot County",1,72,81,40,41
050,13,263,"Georgia","Talbot County",1,73,77,40,37
050,13,263,"Georgia","Talbot County",1,74,65,32,33
050,13,263,"Georgia","Talbot County",1,75,46,18,28
050,13,263,"Georgia","Talbot County",1,76,56,25,31
050,13,263,"Georgia","Talbot County",1,77,54,23,31
050,13,263,"Georgia","Talbot County",1,78,55,26,29
050,13,263,"Georgia","Talbot County",1,79,54,23,31
050,13,263,"Georgia","Talbot County",1,80,42,14,28
050,13,263,"Georgia","Talbot County",1,81,39,13,26
050,13,263,"Georgia","Talbot County",1,82,36,14,22
050,13,263,"Georgia","Talbot County",1,83,28,9,19
050,13,263,"Georgia","Talbot County",1,84,28,14,14
050,13,263,"Georgia","Talbot County",1,85,106,37,69
050,13,263,"Georgia","Talbot County",2,0,53,27,26
050,13,263,"Georgia","Talbot County",2,1,53,29,24
050,13,263,"Georgia","Talbot County",2,2,52,34,18
050,13,263,"Georgia","Talbot County",2,3,52,31,21
050,13,263,"Georgia","Talbot County",2,4,51,27,24
050,13,263,"Georgia","Talbot County",2,5,47,26,21
050,13,263,"Georgia","Talbot County",2,6,44,24,20
050,13,263,"Georgia","Talbot County",2,7,42,20,22
050,13,263,"Georgia","Talbot County",2,8,48,21,27
050,13,263,"Georgia","Talbot County",2,9,49,23,26
050,13,263,"Georgia","Talbot County",2,10,49,26,23
050,13,263,"Georgia","Talbot County",2,11,56,29,27
050,13,263,"Georgia","Talbot County",2,12,56,29,27
050,13,263,"Georgia","Talbot County",2,13,55,28,27
050,13,263,"Georgia","Talbot County",2,14,53,27,26
050,13,263,"Georgia","Talbot County",2,15,61,29,32
050,13,263,"Georgia","Talbot County",2,16,56,26,30
050,13,263,"Georgia","Talbot County",2,17,55,27,28
050,13,263,"Georgia","Talbot County",2,18,48,23,25
050,13,263,"Georgia","Talbot County",2,19,50,25,25
050,13,263,"Georgia","Talbot County",2,20,59,29,30
050,13,263,"Georgia","Talbot County",2,21,64,32,32
050,13,263,"Georgia","Talbot County",2,22,51,25,26
050,13,263,"Georgia","Talbot County",2,23,50,20,30
050,13,263,"Georgia","Talbot County",2,24,56,24,32
050,13,263,"Georgia","Talbot County",2,25,49,26,23
050,13,263,"Georgia","Talbot County",2,26,57,28,29
050,13,263,"Georgia","Talbot County",2,27,73,29,44
050,13,263,"Georgia","Talbot County",2,28,72,34,38
050,13,263,"Georgia","Talbot County",2,29,64,32,32
050,13,263,"Georgia","Talbot County",2,30,63,30,33
050,13,263,"Georgia","Talbot County",2,31,55,24,31
050,13,263,"Georgia","Talbot County",2,32,55,27,28
050,13,263,"Georgia","Talbot County",2,33,53,30,23
050,13,263,"Georgia","Talbot County",2,34,51,27,24
050,13,263,"Georgia","Talbot County",2,35,47,25,22
050,13,263,"Georgia","Talbot County",2,36,52,25,27
050,13,263,"Georgia","Talbot County",2,37,54,28,26
050,13,263,"Georgia","Talbot County",2,38,58,32,26
050,13,263,"Georgia","Talbot County",2,39,57,31,26
050,13,263,"Georgia","Talbot County",2,40,62,32,30
050,13,263,"Georgia","Talbot County",2,41,58,30,28
050,13,263,"Georgia","Talbot County",2,42,51,30,21
050,13,263,"Georgia","Talbot County",2,43,58,34,24
050,13,263,"Georgia","Talbot County",2,44,59,34,25
050,13,263,"Georgia","Talbot County",2,45,64,36,28
050,13,263,"Georgia","Talbot County",2,46,55,29,26
050,13,263,"Georgia","Talbot County",2,47,61,26,35
050,13,263,"Georgia","Talbot County",2,48,69,32,37
050,13,263,"Georgia","Talbot County",2,49,78,34,44
050,13,263,"Georgia","Talbot County",2,50,71,32,39
050,13,263,"Georgia","Talbot County",2,51,65,28,37
050,13,263,"Georgia","Talbot County",2,52,73,29,44
050,13,263,"Georgia","Talbot County",2,53,82,36,46
050,13,263,"Georgia","Talbot County",2,54,90,39,51
050,13,263,"Georgia","Talbot County",2,55,103,46,57
050,13,263,"Georgia","Talbot County",2,56,101,47,54
050,13,263,"Georgia","Talbot County",2,57,107,53,54
050,13,263,"Georgia","Talbot County",2,58,112,58,54
050,13,263,"Georgia","Talbot County",2,59,106,55,51
050,13,263,"Georgia","Talbot County",2,60,107,52,55
050,13,263,"Georgia","Talbot County",2,61,112,53,59
050,13,263,"Georgia","Talbot County",2,62,104,49,55
050,13,263,"Georgia","Talbot County",2,63,99,40,59
050,13,263,"Georgia","Talbot County",2,64,109,46,63
050,13,263,"Georgia","Talbot County",2,65,115,54,61
050,13,263,"Georgia","Talbot County",2,66,113,52,61
050,13,263,"Georgia","Talbot County",2,67,114,54,60
050,13,263,"Georgia","Talbot County",2,68,104,51,53
050,13,263,"Georgia","Talbot County",2,69,100,55,45
050,13,263,"Georgia","Talbot County",2,70,91,47,44
050,13,263,"Georgia","Talbot County",2,71,86,42,44
050,13,263,"Georgia","Talbot County",2,72,81,40,41
050,13,263,"Georgia","Talbot County",2,73,80,40,40
050,13,263,"Georgia","Talbot County",2,74,64,32,32
050,13,263,"Georgia","Talbot County",2,75,52,22,30
050,13,263,"Georgia","Talbot County",2,76,54,23,31
050,13,263,"Georgia","Talbot County",2,77,55,23,32
050,13,263,"Georgia","Talbot County",2,78,51,25,26
050,13,263,"Georgia","Talbot County",2,79,54,23,31
050,13,263,"Georgia","Talbot County",2,80,45,16,29
050,13,263,"Georgia","Talbot County",2,81,39,13,26
050,13,263,"Georgia","Talbot County",2,82,35,13,22
050,13,263,"Georgia","Talbot County",2,83,30,10,20
050,13,263,"Georgia","Talbot County",2,84,28,13,15
050,13,263,"Georgia","Talbot County",2,85,109,38,71
050,13,263,"Georgia","Talbot County",3,0,47,28,19
050,13,263,"Georgia","Talbot County",3,1,54,24,30
050,13,263,"Georgia","Talbot County",3,2,51,27,24
050,13,263,"Georgia","Talbot County",3,3,57,33,24
050,13,263,"Georgia","Talbot County",3,4,47,30,17
050,13,263,"Georgia","Talbot County",3,5,51,29,22
050,13,263,"Georgia","Talbot County",3,6,51,30,21
050,13,263,"Georgia","Talbot County",3,7,43,22,21
050,13,263,"Georgia","Talbot County",3,8,46,23,23
050,13,263,"Georgia","Talbot County",3,9,57,27,30
050,13,263,"Georgia","Talbot County",3,10,52,20,32
050,13,263,"Georgia","Talbot County",3,11,47,26,21
050,13,263,"Georgia","Talbot County",3,12,50,26,24
050,13,263,"Georgia","Talbot County",3,13,57,31,26
050,13,263,"Georgia","Talbot County",3,14,58,31,27
050,13,263,"Georgia","Talbot County",3,15,57,29,28
050,13,263,"Georgia","Talbot County",3,16,61,30,31
050,13,263,"Georgia","Talbot County",3,17,59,26,33
050,13,263,"Georgia","Talbot County",3,18,51,26,25
050,13,263,"Georgia","Talbot County",3,19,43,21,22
050,13,263,"Georgia","Talbot County",3,20,55,28,27
050,13,263,"Georgia","Talbot County",3,21,66,31,35
050,13,263,"Georgia","Talbot County",3,22,65,30,35
050,13,263,"Georgia","Talbot County",3,23,60,30,30
050,13,263,"Georgia","Talbot County",3,24,51,20,31
050,13,263,"Georgia","Talbot County",3,25,58,29,29
050,13,263,"Georgia","Talbot County",3,26,51,25,26
050,13,263,"Georgia","Talbot County",3,27,53,26,27
050,13,263,"Georgia","Talbot County",3,28,73,32,41
050,13,263,"Georgia","Talbot County",3,29,64,28,36
050,13,263,"Georgia","Talbot County",3,30,58,28,30
050,13,263,"Georgia","Talbot County",3,31,60,30,30
050,13,263,"Georgia","Talbot County",3,32,61,25,36
050,13,263,"Georgia","Talbot County",3,33,51,22,29
050,13,263,"Georgia","Talbot County",3,34,60,36,24
050,13,263,"Georgia","Talbot County",3,35,55,29,26
050,13,263,"Georgia","Talbot County",3,36,51,25,26
050,13,263,"Georgia","Talbot County",3,37,47,22,25
050,13,263,"Georgia","Talbot County",3,38,53,27,26
050,13,263,"Georgia","Talbot County",3,39,58,32,26
050,13,263,"Georgia","Talbot County",3,40,60,31,29
050,13,263,"Georgia","Talbot County",3,41,67,35,32
050,13,263,"Georgia","Talbot County",3,42,55,29,26
050,13,263,"Georgia","Talbot County",3,43,47,26,21
050,13,263,"Georgia","Talbot County",3,44,52,27,25
050,13,263,"Georgia","Talbot County",3,45,62,38,24
050,13,263,"Georgia","Talbot County",3,46,70,39,31
050,13,263,"Georgia","Talbot County",3,47,57,31,26
050,13,263,"Georgia","Talbot County",3,48,63,25,38
050,13,263,"Georgia","Talbot County",3,49,71,34,37
050,13,263,"Georgia","Talbot County",3,50,80,34,46
050,13,263,"Georgia","Talbot County",3,51,71,31,40
050,13,263,"Georgia","Talbot County",3,52,68,31,37
050,13,263,"Georgia","Talbot County",3,53,76,32,44
050,13,263,"Georgia","Talbot County",3,54,82,33,49
050,13,263,"Georgia","Talbot County",3,55,90,39,51
050,13,263,"Georgia","Talbot County",3,56,91,41,50
050,13,263,"Georgia","Talbot County",3,57,102,49,53
050,13,263,"Georgia","Talbot County",3,58,109,55,54
050,13,263,"Georgia","Talbot County",3,59,111,62,49
050,13,263,"Georgia","Talbot County",3,60,109,58,51
050,13,263,"Georgia","Talbot County",3,61,114,57,57
050,13,263,"Georgia","Talbot County",3,62,110,52,58
050,13,263,"Georgia","Talbot County",3,63,101,48,53
050,13,263,"Georgia","Talbot County",3,64,99,41,58
050,13,263,"Georgia","Talbot County",3,65,112,49,63
050,13,263,"Georgia","Talbot County",3,66,114,55,59
050,13,263,"Georgia","Talbot County",3,67,111,52,59
050,13,263,"Georgia","Talbot County",3,68,111,53,58
050,13,263,"Georgia","Talbot County",3,69,101,48,53
050,13,263,"Georgia","Talbot County",3,70,101,56,45
050,13,263,"Georgia","Talbot County",3,71,85,42,43
050,13,263,"Georgia","Talbot County",3,72,83,40,43
050,13,263,"Georgia","Talbot County",3,73,78,36,42
050,13,263,"Georgia","Talbot County",3,74,79,40,39
050,13,263,"Georgia","Talbot County",3,75,63,32,31
050,13,263,"Georgia","Talbot County",3,76,44,19,25
050,13,263,"Georgia","Talbot County",3,77,50,20,30
050,13,263,"Georgia","Talbot County",3,78,55,23,32
050,13,263,"Georgia","Talbot County",3,79,46,22,24
050,13,263,"Georgia","Talbot County",3,80,54,23,31
050,13,263,"Georgia","Talbot County",3,81,42,16,26
050,13,263,"Georgia","Talbot County",3,82,36,11,25
050,13,263,"Georgia","Talbot County",3,83,32,11,21
050,13,263,"Georgia","Talbot County",3,84,29,9,20
050,13,263,"Georgia","Talbot County",3,85,123,44,79
050,13,263,"Georgia","Talbot County",4,0,42,22,20
050,13,263,"Georgia","Talbot County",4,1,44,27,17
050,13,263,"Georgia","Talbot County",4,2,53,24,29
050,13,263,"Georgia","Talbot County",4,3,50,26,24
050,13,263,"Georgia","Talbot County",4,4,54,32,22
050,13,263,"Georgia","Talbot County",4,5,51,32,19
050,13,263,"Georgia","Talbot County",4,6,56,37,19
050,13,263,"Georgia","Talbot County",4,7,53,32,21
050,13,263,"Georgia","Talbot County",4,8,46,22,24
050,13,263,"Georgia","Talbot County",4,9,49,21,28
050,13,263,"Georgia","Talbot County",4,10,55,28,27
050,13,263,"Georgia","Talbot County",4,11,52,21,31
050,13,263,"Georgia","Talbot County",4,12,48,26,22
050,13,263,"Georgia","Talbot County",4,13,50,26,24
050,13,263,"Georgia","Talbot County",4,14,59,28,31
050,13,263,"Georgia","Talbot County",4,15,62,32,30
050,13,263,"Georgia","Talbot County",4,16,56,29,27
050,13,263,"Georgia","Talbot County",4,17,58,27,31
050,13,263,"Georgia","Talbot County",4,18,46,22,24
050,13,263,"Georgia","Talbot County",4,19,45,24,21
050,13,263,"Georgia","Talbot County",4,20,38,20,18
050,13,263,"Georgia","Talbot County",4,21,51,23,28
050,13,263,"Georgia","Talbot County",4,22,64,30,34
050,13,263,"Georgia","Talbot County",4,23,73,34,39
050,13,263,"Georgia","Talbot County",4,24,63,27,36
050,13,263,"Georgia","Talbot County",4,25,63,29,34
050,13,263,"Georgia","Talbot County",4,26,54,24,30
050,13,263,"Georgia","Talbot County",4,27,49,26,23
050,13,263,"Georgia","Talbot County",4,28,52,25,27
050,13,263,"Georgia","Talbot County",4,29,68,31,37
050,13,263,"Georgia","Talbot County",4,30,70,35,35
050,13,263,"Georgia","Talbot County",4,31,60,26,34
050,13,263,"Georgia","Talbot County",4,32,62,30,32
050,13,263,"Georgia","Talbot County",4,33,60,26,34
050,13,263,"Georgia","Talbot County",4,34,55,24,31
050,13,263,"Georgia","Talbot County",4,35,59,33,26
050,13,263,"Georgia","Talbot County",4,36,59,27,32
050,13,263,"Georgia","Talbot County",4,37,55,27,28
050,13,263,"Georgia","Talbot County",4,38,48,21,27
050,13,263,"Georgia","Talbot County",4,39,61,33,28
050,13,263,"Georgia","Talbot County",4,40,54,34,20
050,13,263,"Georgia","Talbot County",4,41,57,28,29
050,13,263,"Georgia","Talbot County",4,42,70,35,35
050,13,263,"Georgia","Talbot County",4,43,52,27,25
050,13,263,"Georgia","Talbot County",4,44,46,23,23
050,13,263,"Georgia","Talbot County",4,45,60,34,26
050,13,263,"Georgia","Talbot County",4,46,63,40,23
050,13,263,"Georgia","Talbot County",4,47,76,43,33
050,13,263,"Georgia","Talbot County",4,48,58,32,26
050,13,263,"Georgia","Talbot County",4,49,68,28,40
050,13,263,"Georgia","Talbot County",4,50,75,33,42
050,13,263,"Georgia","Talbot County",4,51,81,35,46
050,13,263,"Georgia","Talbot County",4,52,74,33,41
050,13,263,"Georgia","Talbot County",4,53,67,28,39
050,13,263,"Georgia","Talbot County",4,54,78,33,45
050,13,263,"Georgia","Talbot County",4,55,84,37,47
050,13,263,"Georgia","Talbot County",4,56,89,41,48
050,13,263,"Georgia","Talbot County",4,57,95,44,51
050,13,263,"Georgia","Talbot County",4,58,100,49,51
050,13,263,"Georgia","Talbot County",4,59,106,52,54
050,13,263,"Georgia","Talbot County",4,60,106,57,49
050,13,263,"Georgia","Talbot County",4,61,111,58,53
050,13,263,"Georgia","Talbot County",4,62,111,57,54
050,13,263,"Georgia","Talbot County",4,63,104,48,56
050,13,263,"Georgia","Talbot County",4,64,106,50,56
050,13,263,"Georgia","Talbot County",4,65,95,43,52
050,13,263,"Georgia","Talbot County",4,66,108,49,59
050,13,263,"Georgia","Talbot County",4,67,114,54,60
050,13,263,"Georgia","Talbot County",4,68,111,52,59
050,13,263,"Georgia","Talbot County",4,69,108,50,58
050,13,263,"Georgia","Talbot County",4,70,97,45,52
050,13,263,"Georgia","Talbot County",4,71,98,53,45
050,13,263,"Georgia","Talbot County",4,72,79,38,41
050,13,263,"Georgia","Talbot County",4,73,78,37,41
050,13,263,"Georgia","Talbot County",4,74,78,37,41
050,13,263,"Georgia","Talbot County",4,75,75,39,36
050,13,263,"Georgia","Talbot County",4,76,60,30,30
050,13,263,"Georgia","Talbot County",4,77,42,18,24
050,13,263,"Georgia","Talbot County",4,78,49,20,29
050,13,263,"Georgia","Talbot County",4,79,51,22,29
050,13,263,"Georgia","Talbot County",4,80,41,18,23
050,13,263,"Georgia","Talbot County",4,81,51,22,29
050,13,263,"Georgia","Talbot County",4,82,38,12,26
050,13,263,"Georgia","Talbot County",4,83,33,10,23
050,13,263,"Georgia","Talbot County",4,84,31,11,20
050,13,263,"Georgia","Talbot County",4,85,136,49,87
050,13,263,"Georgia","Talbot County",5,0,45,23,22
050,13,263,"Georgia","Talbot County",5,1,45,26,19
050,13,263,"Georgia","Talbot County",5,2,45,29,16
050,13,263,"Georgia","Talbot County",5,3,43,21,22
050,13,263,"Georgia","Talbot County",5,4,47,24,23
050,13,263,"Georgia","Talbot County",5,5,52,33,19
050,13,263,"Georgia","Talbot County",5,6,58,39,19
050,13,263,"Georgia","Talbot County",5,7,50,34,16
050,13,263,"Georgia","Talbot County",5,8,52,33,19
050,13,263,"Georgia","Talbot County",5,9,46,24,22
050,13,263,"Georgia","Talbot County",5,10,50,22,28
050,13,263,"Georgia","Talbot County",5,11,60,32,28
050,13,263,"Georgia","Talbot County",5,12,50,27,23
050,13,263,"Georgia","Talbot County",5,13,48,25,23
050,13,263,"Georgia","Talbot County",5,14,54,27,27
050,13,263,"Georgia","Talbot County",5,15,64,34,30
050,13,263,"Georgia","Talbot County",5,16,72,37,35
050,13,263,"Georgia","Talbot County",5,17,53,25,28
050,13,263,"Georgia","Talbot County",5,18,47,22,25
050,13,263,"Georgia","Talbot County",5,19,40,18,22
050,13,263,"Georgia","Talbot County",5,20,48,24,24
050,13,263,"Georgia","Talbot County",5,21,49,24,25
050,13,263,"Georgia","Talbot County",5,22,60,23,37
050,13,263,"Georgia","Talbot County",5,23,61,28,33
050,13,263,"Georgia","Talbot County",5,24,66,33,33
050,13,263,"Georgia","Talbot County",5,25,59,27,32
050,13,263,"Georgia","Talbot County",5,26,64,30,34
050,13,263,"Georgia","Talbot County",5,27,58,25,33
050,13,263,"Georgia","Talbot County",5,28,43,22,21
050,13,263,"Georgia","Talbot County",5,29,54,28,26
050,13,263,"Georgia","Talbot County",5,30,67,28,39
050,13,263,"Georgia","Talbot County",5,31,62,30,32
050,13,263,"Georgia","Talbot County",5,32,62,26,36
050,13,263,"Georgia","Talbot County",5,33,62,28,34
050,13,263,"Georgia","Talbot County",5,34,62,23,39
050,13,263,"Georgia","Talbot County",5,35,54,22,32
050,13,263,"Georgia","Talbot County",5,36,56,29,27
050,13,263,"Georgia","Talbot County",5,37,58,30,28
050,13,263,"Georgia","Talbot County",5,38,54,29,25
050,13,263,"Georgia","Talbot County",5,39,50,20,30
050,13,263,"Georgia","Talbot County",5,40,60,32,28
050,13,263,"Georgia","Talbot County",5,41,60,36,24
050,13,263,"Georgia","Talbot County",5,42,58,28,30
050,13,263,"Georgia","Talbot County",5,43,69,33,36
050,13,263,"Georgia","Talbot County",5,44,53,24,29
050,13,263,"Georgia","Talbot County",5,45,42,23,19
050,13,263,"Georgia","Talbot County",5,46,57,33,24
050,13,263,"Georgia","Talbot County",5,47,59,37,22
050,13,263,"Georgia","Talbot County",5,48,71,41,30
050,13,263,"Georgia","Talbot County",5,49,61,35,26
050,13,263,"Georgia","Talbot County",5,50,63,26,37
050,13,263,"Georgia","Talbot County",5,51,75,33,42
050,13,263,"Georgia","Talbot County",5,52,82,35,47
050,13,263,"Georgia","Talbot County",5,53,77,33,44
050,13,263,"Georgia","Talbot County",5,54,61,28,33
050,13,263,"Georgia","Talbot County",5,55,74,30,44
050,13,263,"Georgia","Talbot County",5,56,85,37,48
050,13,263,"Georgia","Talbot County",5,57,90,43,47
050,13,263,"Georgia","Talbot County",5,58,95,44,51
050,13,263,"Georgia","Talbot County",5,59,95,45,50
050,13,263,"Georgia","Talbot County",5,60,103,50,53
050,13,263,"Georgia","Talbot County",5,61,103,54,49
050,13,263,"Georgia","Talbot County",5,62,110,59,51
050,13,263,"Georgia","Talbot County",5,63,106,54,52
050,13,263,"Georgia","Talbot County",5,64,106,50,56
050,13,263,"Georgia","Talbot County",5,65,105,50,55
050,13,263,"Georgia","Talbot County",5,66,96,46,50
050,13,263,"Georgia","Talbot County",5,67,111,52,59
050,13,263,"Georgia","Talbot County",5,68,116,58,58
050,13,263,"Georgia","Talbot County",5,69,110,52,58
050,13,263,"Georgia","Talbot County",5,70,107,50,57
050,13,263,"Georgia","Talbot County",5,71,94,42,52
050,13,263,"Georgia","Talbot County",5,72,94,50,44
050,13,263,"Georgia","Talbot County",5,73,73,33,40
050,13,263,"Georgia","Talbot County",5,74,80,38,42
050,13,263,"Georgia","Talbot County",5,75,76,36,40
050,13,263,"Georgia","Talbot County",5,76,72,37,35
050,13,263,"Georgia","Talbot County",5,77,56,27,29
050,13,263,"Georgia","Talbot County",5,78,44,18,26
050,13,263,"Georgia","Talbot County",5,79,45,19,26
050,13,263,"Georgia","Talbot County",5,80,48,19,29
050,13,263,"Georgia","Talbot County",5,81,38,18,20
050,13,263,"Georgia","Talbot County",5,82,48,19,29
050,13,263,"Georgia","Talbot County",5,83,36,11,25
050,13,263,"Georgia","Talbot County",5,84,31,10,21
050,13,263,"Georgia","Talbot County",5,85,153,52,101
050,13,265,"Georgia","Taliaferro County",1,0,13,7,6
050,13,265,"Georgia","Taliaferro County",1,1,10,5,5
050,13,265,"Georgia","Taliaferro County",1,2,16,4,12
050,13,265,"Georgia","Taliaferro County",1,3,12,6,6
050,13,265,"Georgia","Taliaferro County",1,4,26,14,12
050,13,265,"Georgia","Taliaferro County",1,5,11,4,7
050,13,265,"Georgia","Taliaferro County",1,6,15,9,6
050,13,265,"Georgia","Taliaferro County",1,7,16,9,7
050,13,265,"Georgia","Taliaferro County",1,8,17,9,8
050,13,265,"Georgia","Taliaferro County",1,9,17,11,6
050,13,265,"Georgia","Taliaferro County",1,10,13,7,6
050,13,265,"Georgia","Taliaferro County",1,11,14,6,8
050,13,265,"Georgia","Taliaferro County",1,12,15,7,8
050,13,265,"Georgia","Taliaferro County",1,13,10,4,6
050,13,265,"Georgia","Taliaferro County",1,14,14,8,6
050,13,265,"Georgia","Taliaferro County",1,15,14,7,7
050,13,265,"Georgia","Taliaferro County",1,16,15,9,6
050,13,265,"Georgia","Taliaferro County",1,17,16,8,8
050,13,265,"Georgia","Taliaferro County",1,18,11,4,7
050,13,265,"Georgia","Taliaferro County",1,19,9,6,3
050,13,265,"Georgia","Taliaferro County",1,20,9,6,3
050,13,265,"Georgia","Taliaferro County",1,21,10,4,6
050,13,265,"Georgia","Taliaferro County",1,22,13,6,7
050,13,265,"Georgia","Taliaferro County",1,23,20,12,8
050,13,265,"Georgia","Taliaferro County",1,24,20,13,7
050,13,265,"Georgia","Taliaferro County",1,25,8,5,3
050,13,265,"Georgia","Taliaferro County",1,26,18,7,11
050,13,265,"Georgia","Taliaferro County",1,27,17,10,7
050,13,265,"Georgia","Taliaferro County",1,28,15,10,5
050,13,265,"Georgia","Taliaferro County",1,29,18,9,9
050,13,265,"Georgia","Taliaferro County",1,30,18,5,13
050,13,265,"Georgia","Taliaferro County",1,31,18,7,11
050,13,265,"Georgia","Taliaferro County",1,32,15,7,8
050,13,265,"Georgia","Taliaferro County",1,33,16,6,10
050,13,265,"Georgia","Taliaferro County",1,34,16,10,6
050,13,265,"Georgia","Taliaferro County",1,35,17,11,6
050,13,265,"Georgia","Taliaferro County",1,36,13,7,6
050,13,265,"Georgia","Taliaferro County",1,37,20,11,9
050,13,265,"Georgia","Taliaferro County",1,38,14,7,7
050,13,265,"Georgia","Taliaferro County",1,39,14,7,7
050,13,265,"Georgia","Taliaferro County",1,40,15,9,6
050,13,265,"Georgia","Taliaferro County",1,41,9,6,3
050,13,265,"Georgia","Taliaferro County",1,42,18,12,6
050,13,265,"Georgia","Taliaferro County",1,43,18,11,7
050,13,265,"Georgia","Taliaferro County",1,44,14,11,3
050,13,265,"Georgia","Taliaferro County",1,45,17,11,6
050,13,265,"Georgia","Taliaferro County",1,46,18,8,10
050,13,265,"Georgia","Taliaferro County",1,47,19,4,15
050,13,265,"Georgia","Taliaferro County",1,48,22,9,13
050,13,265,"Georgia","Taliaferro County",1,49,13,5,8
050,13,265,"Georgia","Taliaferro County",1,50,15,11,4
050,13,265,"Georgia","Taliaferro County",1,51,14,8,6
050,13,265,"Georgia","Taliaferro County",1,52,13,6,7
050,13,265,"Georgia","Taliaferro County",1,53,22,13,9
050,13,265,"Georgia","Taliaferro County",1,54,28,14,14
050,13,265,"Georgia","Taliaferro County",1,55,30,12,18
050,13,265,"Georgia","Taliaferro County",1,56,28,11,17
050,13,265,"Georgia","Taliaferro County",1,57,19,13,6
050,13,265,"Georgia","Taliaferro County",1,58,29,15,14
050,13,265,"Georgia","Taliaferro County",1,59,26,13,13
050,13,265,"Georgia","Taliaferro County",1,60,26,15,11
050,13,265,"Georgia","Taliaferro County",1,61,19,10,9
050,13,265,"Georgia","Taliaferro County",1,62,21,10,11
050,13,265,"Georgia","Taliaferro County",1,63,27,15,12
050,13,265,"Georgia","Taliaferro County",1,64,27,14,13
050,13,265,"Georgia","Taliaferro County",1,65,23,12,11
050,13,265,"Georgia","Taliaferro County",1,66,28,14,14
050,13,265,"Georgia","Taliaferro County",1,67,27,14,13
050,13,265,"Georgia","Taliaferro County",1,68,29,14,15
050,13,265,"Georgia","Taliaferro County",1,69,30,13,17
050,13,265,"Georgia","Taliaferro County",1,70,26,9,17
050,13,265,"Georgia","Taliaferro County",1,71,22,10,12
050,13,265,"Georgia","Taliaferro County",1,72,24,11,13
050,13,265,"Georgia","Taliaferro County",1,73,22,11,11
050,13,265,"Georgia","Taliaferro County",1,74,18,7,11
050,13,265,"Georgia","Taliaferro County",1,75,22,11,11
050,13,265,"Georgia","Taliaferro County",1,76,19,12,7
050,13,265,"Georgia","Taliaferro County",1,77,15,8,7
050,13,265,"Georgia","Taliaferro County",1,78,19,10,9
050,13,265,"Georgia","Taliaferro County",1,79,14,7,7
050,13,265,"Georgia","Taliaferro County",1,80,8,3,5
050,13,265,"Georgia","Taliaferro County",1,81,12,3,9
050,13,265,"Georgia","Taliaferro County",1,82,13,3,10
050,13,265,"Georgia","Taliaferro County",1,83,12,5,7
050,13,265,"Georgia","Taliaferro County",1,84,9,4,5
050,13,265,"Georgia","Taliaferro County",1,85,67,21,46
050,13,265,"Georgia","Taliaferro County",2,0,13,7,6
050,13,265,"Georgia","Taliaferro County",2,1,10,5,5
050,13,265,"Georgia","Taliaferro County",2,2,17,5,12
050,13,265,"Georgia","Taliaferro County",2,3,13,6,7
050,13,265,"Georgia","Taliaferro County",2,4,23,12,11
050,13,265,"Georgia","Taliaferro County",2,5,15,6,9
050,13,265,"Georgia","Taliaferro County",2,6,15,8,7
050,13,265,"Georgia","Taliaferro County",2,7,16,10,6
050,13,265,"Georgia","Taliaferro County",2,8,17,9,8
050,13,265,"Georgia","Taliaferro County",2,9,17,11,6
050,13,265,"Georgia","Taliaferro County",2,10,12,7,5
050,13,265,"Georgia","Taliaferro County",2,11,13,6,7
050,13,265,"Georgia","Taliaferro County",2,12,16,7,9
050,13,265,"Georgia","Taliaferro County",2,13,10,4,6
050,13,265,"Georgia","Taliaferro County",2,14,14,8,6
050,13,265,"Georgia","Taliaferro County",2,15,13,7,6
050,13,265,"Georgia","Taliaferro County",2,16,15,8,7
050,13,265,"Georgia","Taliaferro County",2,17,15,8,7
050,13,265,"Georgia","Taliaferro County",2,18,12,5,7
050,13,265,"Georgia","Taliaferro County",2,19,9,6,3
050,13,265,"Georgia","Taliaferro County",2,20,9,6,3
050,13,265,"Georgia","Taliaferro County",2,21,11,5,6
050,13,265,"Georgia","Taliaferro County",2,22,13,6,7
050,13,265,"Georgia","Taliaferro County",2,23,18,11,7
050,13,265,"Georgia","Taliaferro County",2,24,19,12,7
050,13,265,"Georgia","Taliaferro County",2,25,11,7,4
050,13,265,"Georgia","Taliaferro County",2,26,17,7,10
050,13,265,"Georgia","Taliaferro County",2,27,17,9,8
050,13,265,"Georgia","Taliaferro County",2,28,16,10,6
050,13,265,"Georgia","Taliaferro County",2,29,17,9,8
050,13,265,"Georgia","Taliaferro County",2,30,18,6,12
050,13,265,"Georgia","Taliaferro County",2,31,18,7,11
050,13,265,"Georgia","Taliaferro County",2,32,16,7,9
050,13,265,"Georgia","Taliaferro County",2,33,16,6,10
050,13,265,"Georgia","Taliaferro County",2,34,16,9,7
050,13,265,"Georgia","Taliaferro County",2,35,19,13,6
050,13,265,"Georgia","Taliaferro County",2,36,14,9,5
050,13,265,"Georgia","Taliaferro County",2,37,18,11,7
050,13,265,"Georgia","Taliaferro County",2,38,16,8,8
050,13,265,"Georgia","Taliaferro County",2,39,15,8,7
050,13,265,"Georgia","Taliaferro County",2,40,14,8,6
050,13,265,"Georgia","Taliaferro County",2,41,11,7,4
050,13,265,"Georgia","Taliaferro County",2,42,14,9,5
050,13,265,"Georgia","Taliaferro County",2,43,17,11,6
050,13,265,"Georgia","Taliaferro County",2,44,14,10,4
050,13,265,"Georgia","Taliaferro County",2,45,18,12,6
050,13,265,"Georgia","Taliaferro County",2,46,19,9,10
050,13,265,"Georgia","Taliaferro County",2,47,19,5,14
050,13,265,"Georgia","Taliaferro County",2,48,23,9,14
050,13,265,"Georgia","Taliaferro County",2,49,14,6,8
050,13,265,"Georgia","Taliaferro County",2,50,15,10,5
050,13,265,"Georgia","Taliaferro County",2,51,14,8,6
050,13,265,"Georgia","Taliaferro County",2,52,13,6,7
050,13,265,"Georgia","Taliaferro County",2,53,21,12,9
050,13,265,"Georgia","Taliaferro County",2,54,26,13,13
050,13,265,"Georgia","Taliaferro County",2,55,31,13,18
050,13,265,"Georgia","Taliaferro County",2,56,26,11,15
050,13,265,"Georgia","Taliaferro County",2,57,22,13,9
050,13,265,"Georgia","Taliaferro County",2,58,25,14,11
050,13,265,"Georgia","Taliaferro County",2,59,26,13,13
050,13,265,"Georgia","Taliaferro County",2,60,25,14,11
050,13,265,"Georgia","Taliaferro County",2,61,21,12,9
050,13,265,"Georgia","Taliaferro County",2,62,21,10,11
050,13,265,"Georgia","Taliaferro County",2,63,26,14,12
050,13,265,"Georgia","Taliaferro County",2,64,26,14,12
050,13,265,"Georgia","Taliaferro County",2,65,24,13,11
050,13,265,"Georgia","Taliaferro County",2,66,28,14,14
050,13,265,"Georgia","Taliaferro County",2,67,27,13,14
050,13,265,"Georgia","Taliaferro County",2,68,28,14,14
050,13,265,"Georgia","Taliaferro County",2,69,29,13,16
050,13,265,"Georgia","Taliaferro County",2,70,27,10,17
050,13,265,"Georgia","Taliaferro County",2,71,24,11,13
050,13,265,"Georgia","Taliaferro County",2,72,24,11,13
050,13,265,"Georgia","Taliaferro County",2,73,22,11,11
050,13,265,"Georgia","Taliaferro County",2,74,19,8,11
050,13,265,"Georgia","Taliaferro County",2,75,21,10,11
050,13,265,"Georgia","Taliaferro County",2,76,17,10,7
050,13,265,"Georgia","Taliaferro County",2,77,17,10,7
050,13,265,"Georgia","Taliaferro County",2,78,18,9,9
050,13,265,"Georgia","Taliaferro County",2,79,15,8,7
050,13,265,"Georgia","Taliaferro County",2,80,9,4,5
050,13,265,"Georgia","Taliaferro County",2,81,11,3,8
050,13,265,"Georgia","Taliaferro County",2,82,14,4,10
050,13,265,"Georgia","Taliaferro County",2,83,12,5,7
050,13,265,"Georgia","Taliaferro County",2,84,9,4,5
050,13,265,"Georgia","Taliaferro County",2,85,64,21,43
050,13,265,"Georgia","Taliaferro County",3,0,17,12,5
050,13,265,"Georgia","Taliaferro County",3,1,13,7,6
050,13,265,"Georgia","Taliaferro County",3,2,10,4,6
050,13,265,"Georgia","Taliaferro County",3,3,19,5,14
050,13,265,"Georgia","Taliaferro County",3,4,13,6,7
050,13,265,"Georgia","Taliaferro County",3,5,17,9,8
050,13,265,"Georgia","Taliaferro County",3,6,13,7,6
050,13,265,"Georgia","Taliaferro County",3,7,15,9,6
050,13,265,"Georgia","Taliaferro County",3,8,13,9,4
050,13,265,"Georgia","Taliaferro County",3,9,16,9,7
050,13,265,"Georgia","Taliaferro County",3,10,23,16,7
050,13,265,"Georgia","Taliaferro County",3,11,14,7,7
050,13,265,"Georgia","Taliaferro County",3,12,14,7,7
050,13,265,"Georgia","Taliaferro County",3,13,16,8,8
050,13,265,"Georgia","Taliaferro County",3,14,11,5,6
050,13,265,"Georgia","Taliaferro County",3,15,15,9,6
050,13,265,"Georgia","Taliaferro County",3,16,13,7,6
050,13,265,"Georgia","Taliaferro County",3,17,13,6,7
050,13,265,"Georgia","Taliaferro County",3,18,14,8,6
050,13,265,"Georgia","Taliaferro County",3,19,10,5,5
050,13,265,"Georgia","Taliaferro County",3,20,14,6,8
050,13,265,"Georgia","Taliaferro County",3,21,12,8,4
050,13,265,"Georgia","Taliaferro County",3,22,10,3,7
050,13,265,"Georgia","Taliaferro County",3,23,13,7,6
050,13,265,"Georgia","Taliaferro County",3,24,19,12,7
050,13,265,"Georgia","Taliaferro County",3,25,14,10,4
050,13,265,"Georgia","Taliaferro County",3,26,10,7,3
050,13,265,"Georgia","Taliaferro County",3,27,13,7,6
050,13,265,"Georgia","Taliaferro County",3,28,17,10,7
050,13,265,"Georgia","Taliaferro County",3,29,13,9,4
050,13,265,"Georgia","Taliaferro County",3,30,20,9,11
050,13,265,"Georgia","Taliaferro County",3,31,17,6,11
050,13,265,"Georgia","Taliaferro County",3,32,21,12,9
050,13,265,"Georgia","Taliaferro County",3,33,16,7,9
050,13,265,"Georgia","Taliaferro County",3,34,13,4,9
050,13,265,"Georgia","Taliaferro County",3,35,16,9,7
050,13,265,"Georgia","Taliaferro County",3,36,20,13,7
050,13,265,"Georgia","Taliaferro County",3,37,16,9,7
050,13,265,"Georgia","Taliaferro County",3,38,20,12,8
050,13,265,"Georgia","Taliaferro County",3,39,18,7,11
050,13,265,"Georgia","Taliaferro County",3,40,14,8,6
050,13,265,"Georgia","Taliaferro County",3,41,14,7,7
050,13,265,"Georgia","Taliaferro County",3,42,13,9,4
050,13,265,"Georgia","Taliaferro County",3,43,15,10,5
050,13,265,"Georgia","Taliaferro County",3,44,17,12,5
050,13,265,"Georgia","Taliaferro County",3,45,15,11,4
050,13,265,"Georgia","Taliaferro County",3,46,16,10,6
050,13,265,"Georgia","Taliaferro County",3,47,18,9,9
050,13,265,"Georgia","Taliaferro County",3,48,21,5,16
050,13,265,"Georgia","Taliaferro County",3,49,20,9,11
050,13,265,"Georgia","Taliaferro County",3,50,17,6,11
050,13,265,"Georgia","Taliaferro County",3,51,17,11,6
050,13,265,"Georgia","Taliaferro County",3,52,17,11,6
050,13,265,"Georgia","Taliaferro County",3,53,13,6,7
050,13,265,"Georgia","Taliaferro County",3,54,20,12,8
050,13,265,"Georgia","Taliaferro County",3,55,23,11,12
050,13,265,"Georgia","Taliaferro County",3,56,31,15,16
050,13,265,"Georgia","Taliaferro County",3,57,26,11,15
050,13,265,"Georgia","Taliaferro County",3,58,24,13,11
050,13,265,"Georgia","Taliaferro County",3,59,29,14,15
050,13,265,"Georgia","Taliaferro County",3,60,26,12,14
050,13,265,"Georgia","Taliaferro County",3,61,29,16,13
050,13,265,"Georgia","Taliaferro County",3,62,27,16,11
050,13,265,"Georgia","Taliaferro County",3,63,21,10,11
050,13,265,"Georgia","Taliaferro County",3,64,26,14,12
050,13,265,"Georgia","Taliaferro County",3,65,26,14,12
050,13,265,"Georgia","Taliaferro County",3,66,25,13,12
050,13,265,"Georgia","Taliaferro County",3,67,26,12,14
050,13,265,"Georgia","Taliaferro County",3,68,27,13,14
050,13,265,"Georgia","Taliaferro County",3,69,27,13,14
050,13,265,"Georgia","Taliaferro County",3,70,28,13,15
050,13,265,"Georgia","Taliaferro County",3,71,25,9,16
050,13,265,"Georgia","Taliaferro County",3,72,21,9,12
050,13,265,"Georgia","Taliaferro County",3,73,23,10,13
050,13,265,"Georgia","Taliaferro County",3,74,22,11,11
050,13,265,"Georgia","Taliaferro County",3,75,18,8,10
050,13,265,"Georgia","Taliaferro County",3,76,19,8,11
050,13,265,"Georgia","Taliaferro County",3,77,17,10,7
050,13,265,"Georgia","Taliaferro County",3,78,15,8,7
050,13,265,"Georgia","Taliaferro County",3,79,17,8,9
050,13,265,"Georgia","Taliaferro County",3,80,15,8,7
050,13,265,"Georgia","Taliaferro County",3,81,7,3,4
050,13,265,"Georgia","Taliaferro County",3,82,10,3,7
050,13,265,"Georgia","Taliaferro County",3,83,14,4,10
050,13,265,"Georgia","Taliaferro County",3,84,11,5,6
050,13,265,"Georgia","Taliaferro County",3,85,66,24,42
050,13,265,"Georgia","Taliaferro County",4,0,15,8,7
050,13,265,"Georgia","Taliaferro County",4,1,18,11,7
050,13,265,"Georgia","Taliaferro County",4,2,14,7,7
050,13,265,"Georgia","Taliaferro County",4,3,11,4,7
050,13,265,"Georgia","Taliaferro County",4,4,20,5,15
050,13,265,"Georgia","Taliaferro County",4,5,15,8,7
050,13,265,"Georgia","Taliaferro County",4,6,19,11,8
050,13,265,"Georgia","Taliaferro County",4,7,18,8,10
050,13,265,"Georgia","Taliaferro County",4,8,16,9,7
050,13,265,"Georgia","Taliaferro County",4,9,12,8,4
050,13,265,"Georgia","Taliaferro County",4,10,19,12,7
050,13,265,"Georgia","Taliaferro County",4,11,23,15,8
050,13,265,"Georgia","Taliaferro County",4,12,16,7,9
050,13,265,"Georgia","Taliaferro County",4,13,13,7,6
050,13,265,"Georgia","Taliaferro County",4,14,17,8,9
050,13,265,"Georgia","Taliaferro County",4,15,15,7,8
050,13,265,"Georgia","Taliaferro County",4,16,19,11,8
050,13,265,"Georgia","Taliaferro County",4,17,17,9,8
050,13,265,"Georgia","Taliaferro County",4,18,14,7,7
050,13,265,"Georgia","Taliaferro County",4,19,12,6,6
050,13,265,"Georgia","Taliaferro County",4,20,14,5,9
050,13,265,"Georgia","Taliaferro County",4,21,12,6,6
050,13,265,"Georgia","Taliaferro County",4,22,11,6,5
050,13,265,"Georgia","Taliaferro County",4,23,14,4,10
050,13,265,"Georgia","Taliaferro County",4,24,14,7,7
050,13,265,"Georgia","Taliaferro County",4,25,13,7,6
050,13,265,"Georgia","Taliaferro County",4,26,15,10,5
050,13,265,"Georgia","Taliaferro County",4,27,9,6,3
050,13,265,"Georgia","Taliaferro County",4,28,11,7,4
050,13,265,"Georgia","Taliaferro County",4,29,17,10,7
050,13,265,"Georgia","Taliaferro County",4,30,13,9,4
050,13,265,"Georgia","Taliaferro County",4,31,20,9,11
050,13,265,"Georgia","Taliaferro County",4,32,19,6,13
050,13,265,"Georgia","Taliaferro County",4,33,19,10,9
050,13,265,"Georgia","Taliaferro County",4,34,17,8,9
050,13,265,"Georgia","Taliaferro County",4,35,15,5,10
050,13,265,"Georgia","Taliaferro County",4,36,19,9,10
050,13,265,"Georgia","Taliaferro County",4,37,21,14,7
050,13,265,"Georgia","Taliaferro County",4,38,16,9,7
050,13,265,"Georgia","Taliaferro County",4,39,20,12,8
050,13,265,"Georgia","Taliaferro County",4,40,18,7,11
050,13,265,"Georgia","Taliaferro County",4,41,14,7,7
050,13,265,"Georgia","Taliaferro County",4,42,15,7,8
050,13,265,"Georgia","Taliaferro County",4,43,16,9,7
050,13,265,"Georgia","Taliaferro County",4,44,18,10,8
050,13,265,"Georgia","Taliaferro County",4,45,19,11,8
050,13,265,"Georgia","Taliaferro County",4,46,15,11,4
050,13,265,"Georgia","Taliaferro County",4,47,18,12,6
050,13,265,"Georgia","Taliaferro County",4,48,18,9,9
050,13,265,"Georgia","Taliaferro County",4,49,23,7,16
050,13,265,"Georgia","Taliaferro County",4,50,19,8,11
050,13,265,"Georgia","Taliaferro County",4,51,19,8,11
050,13,265,"Georgia","Taliaferro County",4,52,17,11,6
050,13,265,"Georgia","Taliaferro County",4,53,19,11,8
050,13,265,"Georgia","Taliaferro County",4,54,12,5,7
050,13,265,"Georgia","Taliaferro County",4,55,19,11,8
050,13,265,"Georgia","Taliaferro County",4,56,23,11,12
050,13,265,"Georgia","Taliaferro County",4,57,33,15,18
050,13,265,"Georgia","Taliaferro County",4,58,29,14,15
050,13,265,"Georgia","Taliaferro County",4,59,24,13,11
050,13,265,"Georgia","Taliaferro County",4,60,26,14,12
050,13,265,"Georgia","Taliaferro County",4,61,28,13,15
050,13,265,"Georgia","Taliaferro County",4,62,29,16,13
050,13,265,"Georgia","Taliaferro County",4,63,27,16,11
050,13,265,"Georgia","Taliaferro County",4,64,24,11,13
050,13,265,"Georgia","Taliaferro County",4,65,27,14,13
050,13,265,"Georgia","Taliaferro County",4,66,25,14,11
050,13,265,"Georgia","Taliaferro County",4,67,22,10,12
050,13,265,"Georgia","Taliaferro County",4,68,26,12,14
050,13,265,"Georgia","Taliaferro County",4,69,26,12,14
050,13,265,"Georgia","Taliaferro County",4,70,26,14,12
050,13,265,"Georgia","Taliaferro County",4,71,25,12,13
050,13,265,"Georgia","Taliaferro County",4,72,24,8,16
050,13,265,"Georgia","Taliaferro County",4,73,20,8,12
050,13,265,"Georgia","Taliaferro County",4,74,19,9,10
050,13,265,"Georgia","Taliaferro County",4,75,21,11,10
050,13,265,"Georgia","Taliaferro County",4,76,19,9,10
050,13,265,"Georgia","Taliaferro County",4,77,16,8,8
050,13,265,"Georgia","Taliaferro County",4,78,14,9,5
050,13,265,"Georgia","Taliaferro County",4,79,15,8,7
050,13,265,"Georgia","Taliaferro County",4,80,19,8,11
050,13,265,"Georgia","Taliaferro County",4,81,13,7,6
050,13,265,"Georgia","Taliaferro County",4,82,8,3,5
050,13,265,"Georgia","Taliaferro County",4,83,7,2,5
050,13,265,"Georgia","Taliaferro County",4,84,15,5,10
050,13,265,"Georgia","Taliaferro County",4,85,67,27,40
050,13,265,"Georgia","Taliaferro County",5,0,13,7,6
050,13,265,"Georgia","Taliaferro County",5,1,17,9,8
050,13,265,"Georgia","Taliaferro County",5,2,18,12,6
050,13,265,"Georgia","Taliaferro County",5,3,16,9,7
050,13,265,"Georgia","Taliaferro County",5,4,11,5,6
050,13,265,"Georgia","Taliaferro County",5,5,22,6,16
050,13,265,"Georgia","Taliaferro County",5,6,13,7,6
050,13,265,"Georgia","Taliaferro County",5,7,19,9,10
050,13,265,"Georgia","Taliaferro County",5,8,19,9,10
050,13,265,"Georgia","Taliaferro County",5,9,18,11,7
050,13,265,"Georgia","Taliaferro County",5,10,11,7,4
050,13,265,"Georgia","Taliaferro County",5,11,18,10,8
050,13,265,"Georgia","Taliaferro County",5,12,24,15,9
050,13,265,"Georgia","Taliaferro County",5,13,16,7,9
050,13,265,"Georgia","Taliaferro County",5,14,12,6,6
050,13,265,"Georgia","Taliaferro County",5,15,15,8,7
050,13,265,"Georgia","Taliaferro County",5,16,16,9,7
050,13,265,"Georgia","Taliaferro County",5,17,19,12,7
050,13,265,"Georgia","Taliaferro County",5,18,13,7,6
050,13,265,"Georgia","Taliaferro County",5,19,14,7,7
050,13,265,"Georgia","Taliaferro County",5,20,12,6,6
050,13,265,"Georgia","Taliaferro County",5,21,9,7,2
050,13,265,"Georgia","Taliaferro County",5,22,10,5,5
050,13,265,"Georgia","Taliaferro County",5,23,10,6,4
050,13,265,"Georgia","Taliaferro County",5,24,16,7,9
050,13,265,"Georgia","Taliaferro County",5,25,13,7,6
050,13,265,"Georgia","Taliaferro County",5,26,14,7,7
050,13,265,"Georgia","Taliaferro County",5,27,16,11,5
050,13,265,"Georgia","Taliaferro County",5,28,9,6,3
050,13,265,"Georgia","Taliaferro County",5,29,16,12,4
050,13,265,"Georgia","Taliaferro County",5,30,19,11,8
050,13,265,"Georgia","Taliaferro County",5,31,19,12,7
050,13,265,"Georgia","Taliaferro County",5,32,27,14,13
050,13,265,"Georgia","Taliaferro County",5,33,16,4,12
050,13,265,"Georgia","Taliaferro County",5,34,18,8,10
050,13,265,"Georgia","Taliaferro County",5,35,16,9,7
050,13,265,"Georgia","Taliaferro County",5,36,15,5,10
050,13,265,"Georgia","Taliaferro County",5,37,19,9,10
050,13,265,"Georgia","Taliaferro County",5,38,19,13,6
050,13,265,"Georgia","Taliaferro County",5,39,15,9,6
050,13,265,"Georgia","Taliaferro County",5,40,19,11,8
050,13,265,"Georgia","Taliaferro County",5,41,18,7,11
050,13,265,"Georgia","Taliaferro County",5,42,15,7,8
050,13,265,"Georgia","Taliaferro County",5,43,16,7,9
050,13,265,"Georgia","Taliaferro County",5,44,16,9,7
050,13,265,"Georgia","Taliaferro County",5,45,21,12,9
050,13,265,"Georgia","Taliaferro County",5,46,22,13,9
050,13,265,"Georgia","Taliaferro County",5,47,14,10,4
050,13,265,"Georgia","Taliaferro County",5,48,18,12,6
050,13,265,"Georgia","Taliaferro County",5,49,17,9,8
050,13,265,"Georgia","Taliaferro County",5,50,23,7,16
050,13,265,"Georgia","Taliaferro County",5,51,19,8,11
050,13,265,"Georgia","Taliaferro County",5,52,19,7,12
050,13,265,"Georgia","Taliaferro County",5,53,18,10,8
050,13,265,"Georgia","Taliaferro County",5,54,16,9,7
050,13,265,"Georgia","Taliaferro County",5,55,11,5,6
050,13,265,"Georgia","Taliaferro County",5,56,19,11,8
050,13,265,"Georgia","Taliaferro County",5,57,23,11,12
050,13,265,"Georgia","Taliaferro County",5,58,33,15,18
050,13,265,"Georgia","Taliaferro County",5,59,28,14,14
050,13,265,"Georgia","Taliaferro County",5,60,26,13,13
050,13,265,"Georgia","Taliaferro County",5,61,26,14,12
050,13,265,"Georgia","Taliaferro County",5,62,31,13,18
050,13,265,"Georgia","Taliaferro County",5,63,29,16,13
050,13,265,"Georgia","Taliaferro County",5,64,26,15,11
050,13,265,"Georgia","Taliaferro County",5,65,28,12,16
050,13,265,"Georgia","Taliaferro County",5,66,27,15,12
050,13,265,"Georgia","Taliaferro County",5,67,26,13,13
050,13,265,"Georgia","Taliaferro County",5,68,23,11,12
050,13,265,"Georgia","Taliaferro County",5,69,25,11,14
050,13,265,"Georgia","Taliaferro County",5,70,25,12,13
050,13,265,"Georgia","Taliaferro County",5,71,24,13,11
050,13,265,"Georgia","Taliaferro County",5,72,23,11,12
050,13,265,"Georgia","Taliaferro County",5,73,18,4,14
050,13,265,"Georgia","Taliaferro County",5,74,19,7,12
050,13,265,"Georgia","Taliaferro County",5,75,17,8,9
050,13,265,"Georgia","Taliaferro County",5,76,19,9,10
050,13,265,"Georgia","Taliaferro County",5,77,19,10,9
050,13,265,"Georgia","Taliaferro County",5,78,13,7,6
050,13,265,"Georgia","Taliaferro County",5,79,14,9,5
050,13,265,"Georgia","Taliaferro County",5,80,15,8,7
050,13,265,"Georgia","Taliaferro County",5,81,17,7,10
050,13,265,"Georgia","Taliaferro County",5,82,14,7,7
050,13,265,"Georgia","Taliaferro County",5,83,7,2,5
050,13,265,"Georgia","Taliaferro County",5,84,7,2,5
050,13,265,"Georgia","Taliaferro County",5,85,74,30,44
050,13,267,"Georgia","Tattnall County",1,0,220,109,111
050,13,267,"Georgia","Tattnall County",1,1,224,118,106
050,13,267,"Georgia","Tattnall County",1,2,221,123,98
050,13,267,"Georgia","Tattnall County",1,3,233,121,112
050,13,267,"Georgia","Tattnall County",1,4,257,147,110
050,13,267,"Georgia","Tattnall County",1,5,237,115,122
050,13,267,"Georgia","Tattnall County",1,6,248,114,134
050,13,267,"Georgia","Tattnall County",1,7,289,146,143
050,13,267,"Georgia","Tattnall County",1,8,308,154,154
050,13,267,"Georgia","Tattnall County",1,9,283,144,139
050,13,267,"Georgia","Tattnall County",1,10,291,146,145
050,13,267,"Georgia","Tattnall County",1,11,300,158,142
050,13,267,"Georgia","Tattnall County",1,12,302,160,142
050,13,267,"Georgia","Tattnall County",1,13,310,177,133
050,13,267,"Georgia","Tattnall County",1,14,299,155,144
050,13,267,"Georgia","Tattnall County",1,15,288,150,138
050,13,267,"Georgia","Tattnall County",1,16,289,150,139
050,13,267,"Georgia","Tattnall County",1,17,303,165,138
050,13,267,"Georgia","Tattnall County",1,18,242,140,102
050,13,267,"Georgia","Tattnall County",1,19,238,156,82
050,13,267,"Georgia","Tattnall County",1,20,300,204,96
050,13,267,"Georgia","Tattnall County",1,21,356,242,114
050,13,267,"Georgia","Tattnall County",1,22,355,243,112
050,13,267,"Georgia","Tattnall County",1,23,373,248,125
050,13,267,"Georgia","Tattnall County",1,24,376,268,108
050,13,267,"Georgia","Tattnall County",1,25,369,263,106
050,13,267,"Georgia","Tattnall County",1,26,368,256,112
050,13,267,"Georgia","Tattnall County",1,27,388,275,113
050,13,267,"Georgia","Tattnall County",1,28,395,273,122
050,13,267,"Georgia","Tattnall County",1,29,381,254,127
050,13,267,"Georgia","Tattnall County",1,30,407,268,139
050,13,267,"Georgia","Tattnall County",1,31,398,261,137
050,13,267,"Georgia","Tattnall County",1,32,362,241,121
050,13,267,"Georgia","Tattnall County",1,33,376,252,124
050,13,267,"Georgia","Tattnall County",1,34,381,258,123
050,13,267,"Georgia","Tattnall County",1,35,349,231,118
050,13,267,"Georgia","Tattnall County",1,36,354,231,123
050,13,267,"Georgia","Tattnall County",1,37,344,217,127
050,13,267,"Georgia","Tattnall County",1,38,330,214,116
050,13,267,"Georgia","Tattnall County",1,39,345,221,124
050,13,267,"Georgia","Tattnall County",1,40,326,201,125
050,13,267,"Georgia","Tattnall County",1,41,347,215,132
050,13,267,"Georgia","Tattnall County",1,42,322,193,129
050,13,267,"Georgia","Tattnall County",1,43,317,201,116
050,13,267,"Georgia","Tattnall County",1,44,308,199,109
050,13,267,"Georgia","Tattnall County",1,45,331,204,127
050,13,267,"Georgia","Tattnall County",1,46,337,213,124
050,13,267,"Georgia","Tattnall County",1,47,355,234,121
050,13,267,"Georgia","Tattnall County",1,48,350,212,138
050,13,267,"Georgia","Tattnall County",1,49,346,221,125
050,13,267,"Georgia","Tattnall County",1,50,319,190,129
050,13,267,"Georgia","Tattnall County",1,51,311,199,112
050,13,267,"Georgia","Tattnall County",1,52,317,185,132
050,13,267,"Georgia","Tattnall County",1,53,331,200,131
050,13,267,"Georgia","Tattnall County",1,54,296,162,134
050,13,267,"Georgia","Tattnall County",1,55,334,187,147
050,13,267,"Georgia","Tattnall County",1,56,318,176,142
050,13,267,"Georgia","Tattnall County",1,57,321,173,148
050,13,267,"Georgia","Tattnall County",1,58,329,169,160
050,13,267,"Georgia","Tattnall County",1,59,313,170,143
050,13,267,"Georgia","Tattnall County",1,60,281,161,120
050,13,267,"Georgia","Tattnall County",1,61,291,154,137
050,13,267,"Georgia","Tattnall County",1,62,297,156,141
050,13,267,"Georgia","Tattnall County",1,63,270,150,120
050,13,267,"Georgia","Tattnall County",1,64,270,129,141
050,13,267,"Georgia","Tattnall County",1,65,253,117,136
050,13,267,"Georgia","Tattnall County",1,66,281,133,148
050,13,267,"Georgia","Tattnall County",1,67,262,121,141
050,13,267,"Georgia","Tattnall County",1,68,216,104,112
050,13,267,"Georgia","Tattnall County",1,69,216,108,108
050,13,267,"Georgia","Tattnall County",1,70,222,106,116
050,13,267,"Georgia","Tattnall County",1,71,209,102,107
050,13,267,"Georgia","Tattnall County",1,72,209,101,108
050,13,267,"Georgia","Tattnall County",1,73,231,108,123
050,13,267,"Georgia","Tattnall County",1,74,153,70,83
050,13,267,"Georgia","Tattnall County",1,75,146,71,75
050,13,267,"Georgia","Tattnall County",1,76,145,67,78
050,13,267,"Georgia","Tattnall County",1,77,130,54,76
050,13,267,"Georgia","Tattnall County",1,78,125,49,76
050,13,267,"Georgia","Tattnall County",1,79,122,56,66
050,13,267,"Georgia","Tattnall County",1,80,102,41,61
050,13,267,"Georgia","Tattnall County",1,81,93,34,59
050,13,267,"Georgia","Tattnall County",1,82,96,39,57
050,13,267,"Georgia","Tattnall County",1,83,69,23,46
050,13,267,"Georgia","Tattnall County",1,84,57,23,34
050,13,267,"Georgia","Tattnall County",1,85,321,94,227
050,13,267,"Georgia","Tattnall County",2,0,239,115,124
050,13,267,"Georgia","Tattnall County",2,1,221,116,105
050,13,267,"Georgia","Tattnall County",2,2,221,122,99
050,13,267,"Georgia","Tattnall County",2,3,230,122,108
050,13,267,"Georgia","Tattnall County",2,4,253,141,112
050,13,267,"Georgia","Tattnall County",2,5,243,124,119
050,13,267,"Georgia","Tattnall County",2,6,248,116,132
050,13,267,"Georgia","Tattnall County",2,7,281,139,142
050,13,267,"Georgia","Tattnall County",2,8,301,151,150
050,13,267,"Georgia","Tattnall County",2,9,291,147,144
050,13,267,"Georgia","Tattnall County",2,10,288,146,142
050,13,267,"Georgia","Tattnall County",2,11,297,156,141
050,13,267,"Georgia","Tattnall County",2,12,303,161,142
050,13,267,"Georgia","Tattnall County",2,13,304,169,135
050,13,267,"Georgia","Tattnall County",2,14,298,158,140
050,13,267,"Georgia","Tattnall County",2,15,288,151,137
050,13,267,"Georgia","Tattnall County",2,16,290,152,138
050,13,267,"Georgia","Tattnall County",2,17,301,163,138
050,13,267,"Georgia","Tattnall County",2,18,248,143,105
050,13,267,"Georgia","Tattnall County",2,19,239,156,83
050,13,267,"Georgia","Tattnall County",2,20,301,204,97
050,13,267,"Georgia","Tattnall County",2,21,359,246,113
050,13,267,"Georgia","Tattnall County",2,22,361,245,116
050,13,267,"Georgia","Tattnall County",2,23,377,253,124
050,13,267,"Georgia","Tattnall County",2,24,380,268,112
050,13,267,"Georgia","Tattnall County",2,25,370,261,109
050,13,267,"Georgia","Tattnall County",2,26,370,258,112
050,13,267,"Georgia","Tattnall County",2,27,386,274,112
050,13,267,"Georgia","Tattnall County",2,28,390,271,119
050,13,267,"Georgia","Tattnall County",2,29,380,253,127
050,13,267,"Georgia","Tattnall County",2,30,407,267,140
050,13,267,"Georgia","Tattnall County",2,31,398,262,136
050,13,267,"Georgia","Tattnall County",2,32,366,244,122
050,13,267,"Georgia","Tattnall County",2,33,375,252,123
050,13,267,"Georgia","Tattnall County",2,34,375,254,121
050,13,267,"Georgia","Tattnall County",2,35,351,231,120
050,13,267,"Georgia","Tattnall County",2,36,356,235,121
050,13,267,"Georgia","Tattnall County",2,37,343,216,127
050,13,267,"Georgia","Tattnall County",2,38,333,213,120
050,13,267,"Georgia","Tattnall County",2,39,340,219,121
050,13,267,"Georgia","Tattnall County",2,40,330,203,127
050,13,267,"Georgia","Tattnall County",2,41,345,214,131
050,13,267,"Georgia","Tattnall County",2,42,322,194,128
050,13,267,"Georgia","Tattnall County",2,43,317,197,120
050,13,267,"Georgia","Tattnall County",2,44,311,201,110
050,13,267,"Georgia","Tattnall County",2,45,325,202,123
050,13,267,"Georgia","Tattnall County",2,46,335,210,125
050,13,267,"Georgia","Tattnall County",2,47,351,229,122
050,13,267,"Georgia","Tattnall County",2,48,350,216,134
050,13,267,"Georgia","Tattnall County",2,49,352,223,129
050,13,267,"Georgia","Tattnall County",2,50,318,190,128
050,13,267,"Georgia","Tattnall County",2,51,313,198,115
050,13,267,"Georgia","Tattnall County",2,52,315,186,129
050,13,267,"Georgia","Tattnall County",2,53,326,194,132
050,13,267,"Georgia","Tattnall County",2,54,303,169,134
050,13,267,"Georgia","Tattnall County",2,55,326,182,144
050,13,267,"Georgia","Tattnall County",2,56,321,176,145
050,13,267,"Georgia","Tattnall County",2,57,324,176,148
050,13,267,"Georgia","Tattnall County",2,58,322,165,157
050,13,267,"Georgia","Tattnall County",2,59,318,170,148
050,13,267,"Georgia","Tattnall County",2,60,288,162,126
050,13,267,"Georgia","Tattnall County",2,61,291,158,133
050,13,267,"Georgia","Tattnall County",2,62,292,152,140
050,13,267,"Georgia","Tattnall County",2,63,275,149,126
050,13,267,"Georgia","Tattnall County",2,64,264,131,133
050,13,267,"Georgia","Tattnall County",2,65,256,119,137
050,13,267,"Georgia","Tattnall County",2,66,274,130,144
050,13,267,"Georgia","Tattnall County",2,67,267,123,144
050,13,267,"Georgia","Tattnall County",2,68,223,106,117
050,13,267,"Georgia","Tattnall County",2,69,216,108,108
050,13,267,"Georgia","Tattnall County",2,70,219,105,114
050,13,267,"Georgia","Tattnall County",2,71,212,103,109
050,13,267,"Georgia","Tattnall County",2,72,206,100,106
050,13,267,"Georgia","Tattnall County",2,73,233,108,125
050,13,267,"Georgia","Tattnall County",2,74,160,73,87
050,13,267,"Georgia","Tattnall County",2,75,146,69,77
050,13,267,"Georgia","Tattnall County",2,76,141,65,76
050,13,267,"Georgia","Tattnall County",2,77,136,59,77
050,13,267,"Georgia","Tattnall County",2,78,124,50,74
050,13,267,"Georgia","Tattnall County",2,79,119,53,66
050,13,267,"Georgia","Tattnall County",2,80,104,43,61
050,13,267,"Georgia","Tattnall County",2,81,93,35,58
050,13,267,"Georgia","Tattnall County",2,82,96,37,59
050,13,267,"Georgia","Tattnall County",2,83,75,27,48
050,13,267,"Georgia","Tattnall County",2,84,58,23,35
050,13,267,"Georgia","Tattnall County",2,85,327,98,229
050,13,267,"Georgia","Tattnall County",3,0,232,129,103
050,13,267,"Georgia","Tattnall County",3,1,244,122,122
050,13,267,"Georgia","Tattnall County",3,2,236,120,116
050,13,267,"Georgia","Tattnall County",3,3,229,121,108
050,13,267,"Georgia","Tattnall County",3,4,240,130,110
050,13,267,"Georgia","Tattnall County",3,5,256,145,111
050,13,267,"Georgia","Tattnall County",3,6,244,124,120
050,13,267,"Georgia","Tattnall County",3,7,247,114,133
050,13,267,"Georgia","Tattnall County",3,8,285,145,140
050,13,267,"Georgia","Tattnall County",3,9,308,156,152
050,13,267,"Georgia","Tattnall County",3,10,288,147,141
050,13,267,"Georgia","Tattnall County",3,11,284,143,141
050,13,267,"Georgia","Tattnall County",3,12,300,154,146
050,13,267,"Georgia","Tattnall County",3,13,317,164,153
050,13,267,"Georgia","Tattnall County",3,14,306,170,136
050,13,267,"Georgia","Tattnall County",3,15,287,155,132
050,13,267,"Georgia","Tattnall County",3,16,279,146,133
050,13,267,"Georgia","Tattnall County",3,17,290,156,134
050,13,267,"Georgia","Tattnall County",3,18,280,158,122
050,13,267,"Georgia","Tattnall County",3,19,260,162,98
050,13,267,"Georgia","Tattnall County",3,20,278,185,93
050,13,267,"Georgia","Tattnall County",3,21,341,237,104
050,13,267,"Georgia","Tattnall County",3,22,352,236,116
050,13,267,"Georgia","Tattnall County",3,23,373,251,122
050,13,267,"Georgia","Tattnall County",3,24,407,264,143
050,13,267,"Georgia","Tattnall County",3,25,365,250,115
050,13,267,"Georgia","Tattnall County",3,26,346,245,101
050,13,267,"Georgia","Tattnall County",3,27,365,253,112
050,13,267,"Georgia","Tattnall County",3,28,369,253,116
050,13,267,"Georgia","Tattnall County",3,29,371,250,121
050,13,267,"Georgia","Tattnall County",3,30,396,256,140
050,13,267,"Georgia","Tattnall County",3,31,396,251,145
050,13,267,"Georgia","Tattnall County",3,32,359,231,128
050,13,267,"Georgia","Tattnall County",3,33,369,233,136
050,13,267,"Georgia","Tattnall County",3,34,371,246,125
050,13,267,"Georgia","Tattnall County",3,35,341,223,118
050,13,267,"Georgia","Tattnall County",3,36,357,238,119
050,13,267,"Georgia","Tattnall County",3,37,342,219,123
050,13,267,"Georgia","Tattnall County",3,38,330,201,129
050,13,267,"Georgia","Tattnall County",3,39,334,203,131
050,13,267,"Georgia","Tattnall County",3,40,310,190,120
050,13,267,"Georgia","Tattnall County",3,41,349,212,137
050,13,267,"Georgia","Tattnall County",3,42,326,196,130
050,13,267,"Georgia","Tattnall County",3,43,318,180,138
050,13,267,"Georgia","Tattnall County",3,44,323,199,124
050,13,267,"Georgia","Tattnall County",3,45,305,190,115
050,13,267,"Georgia","Tattnall County",3,46,312,188,124
050,13,267,"Georgia","Tattnall County",3,47,319,201,118
050,13,267,"Georgia","Tattnall County",3,48,341,220,121
050,13,267,"Georgia","Tattnall County",3,49,345,212,133
050,13,267,"Georgia","Tattnall County",3,50,335,194,141
050,13,267,"Georgia","Tattnall County",3,51,316,195,121
050,13,267,"Georgia","Tattnall County",3,52,295,181,114
050,13,267,"Georgia","Tattnall County",3,53,306,182,124
050,13,267,"Georgia","Tattnall County",3,54,307,176,131
050,13,267,"Georgia","Tattnall County",3,55,290,156,134
050,13,267,"Georgia","Tattnall County",3,56,308,165,143
050,13,267,"Georgia","Tattnall County",3,57,326,178,148
050,13,267,"Georgia","Tattnall County",3,58,299,159,140
050,13,267,"Georgia","Tattnall County",3,59,323,167,156
050,13,267,"Georgia","Tattnall County",3,60,309,158,151
050,13,267,"Georgia","Tattnall County",3,61,300,169,131
050,13,267,"Georgia","Tattnall County",3,62,284,147,137
050,13,267,"Georgia","Tattnall County",3,63,284,138,146
050,13,267,"Georgia","Tattnall County",3,64,257,139,118
050,13,267,"Georgia","Tattnall County",3,65,261,132,129
050,13,267,"Georgia","Tattnall County",3,66,257,119,138
050,13,267,"Georgia","Tattnall County",3,67,270,127,143
050,13,267,"Georgia","Tattnall County",3,68,259,123,136
050,13,267,"Georgia","Tattnall County",3,69,219,104,115
050,13,267,"Georgia","Tattnall County",3,70,204,96,108
050,13,267,"Georgia","Tattnall County",3,71,213,105,108
050,13,267,"Georgia","Tattnall County",3,72,206,97,109
050,13,267,"Georgia","Tattnall County",3,73,201,97,104
050,13,267,"Georgia","Tattnall County",3,74,215,99,116
050,13,267,"Georgia","Tattnall County",3,75,145,65,80
050,13,267,"Georgia","Tattnall County",3,76,144,65,79
050,13,267,"Georgia","Tattnall County",3,77,129,58,71
050,13,267,"Georgia","Tattnall County",3,78,127,58,69
050,13,267,"Georgia","Tattnall County",3,79,113,48,65
050,13,267,"Georgia","Tattnall County",3,80,111,46,65
050,13,267,"Georgia","Tattnall County",3,81,97,38,59
050,13,267,"Georgia","Tattnall County",3,82,82,28,54
050,13,267,"Georgia","Tattnall County",3,83,89,32,57
050,13,267,"Georgia","Tattnall County",3,84,65,24,41
050,13,267,"Georgia","Tattnall County",3,85,324,95,229
050,13,267,"Georgia","Tattnall County",4,0,265,146,119
050,13,267,"Georgia","Tattnall County",4,1,234,130,104
050,13,267,"Georgia","Tattnall County",4,2,249,124,125
050,13,267,"Georgia","Tattnall County",4,3,238,112,126
050,13,267,"Georgia","Tattnall County",4,4,231,120,111
050,13,267,"Georgia","Tattnall County",4,5,241,127,114
050,13,267,"Georgia","Tattnall County",4,6,255,133,122
050,13,267,"Georgia","Tattnall County",4,7,242,120,122
050,13,267,"Georgia","Tattnall County",4,8,253,120,133
050,13,267,"Georgia","Tattnall County",4,9,282,143,139
050,13,267,"Georgia","Tattnall County",4,10,295,155,140
050,13,267,"Georgia","Tattnall County",4,11,292,147,145
050,13,267,"Georgia","Tattnall County",4,12,282,143,139
050,13,267,"Georgia","Tattnall County",4,13,310,164,146
050,13,267,"Georgia","Tattnall County",4,14,322,166,156
050,13,267,"Georgia","Tattnall County",4,15,300,169,131
050,13,267,"Georgia","Tattnall County",4,16,277,145,132
050,13,267,"Georgia","Tattnall County",4,17,280,151,129
050,13,267,"Georgia","Tattnall County",4,18,262,151,111
050,13,267,"Georgia","Tattnall County",4,19,256,165,91
050,13,267,"Georgia","Tattnall County",4,20,302,195,107
050,13,267,"Georgia","Tattnall County",4,21,325,227,98
050,13,267,"Georgia","Tattnall County",4,22,366,245,121
050,13,267,"Georgia","Tattnall County",4,23,392,262,130
050,13,267,"Georgia","Tattnall County",4,24,404,276,128
050,13,267,"Georgia","Tattnall County",4,25,384,251,133
050,13,267,"Georgia","Tattnall County",4,26,376,249,127
050,13,267,"Georgia","Tattnall County",4,27,365,250,115
050,13,267,"Georgia","Tattnall County",4,28,372,254,118
050,13,267,"Georgia","Tattnall County",4,29,353,241,112
050,13,267,"Georgia","Tattnall County",4,30,359,248,111
050,13,267,"Georgia","Tattnall County",4,31,380,244,136
050,13,267,"Georgia","Tattnall County",4,32,378,234,144
050,13,267,"Georgia","Tattnall County",4,33,357,238,119
050,13,267,"Georgia","Tattnall County",4,34,363,222,141
050,13,267,"Georgia","Tattnall County",4,35,345,219,126
050,13,267,"Georgia","Tattnall County",4,36,352,237,115
050,13,267,"Georgia","Tattnall County",4,37,352,227,125
050,13,267,"Georgia","Tattnall County",4,38,328,210,118
050,13,267,"Georgia","Tattnall County",4,39,329,205,124
050,13,267,"Georgia","Tattnall County",4,40,328,195,133
050,13,267,"Georgia","Tattnall County",4,41,317,199,118
050,13,267,"Georgia","Tattnall County",4,42,334,199,135
050,13,267,"Georgia","Tattnall County",4,43,321,187,134
050,13,267,"Georgia","Tattnall County",4,44,316,189,127
050,13,267,"Georgia","Tattnall County",4,45,309,186,123
050,13,267,"Georgia","Tattnall County",4,46,298,183,115
050,13,267,"Georgia","Tattnall County",4,47,314,187,127
050,13,267,"Georgia","Tattnall County",4,48,311,189,122
050,13,267,"Georgia","Tattnall County",4,49,353,231,122
050,13,267,"Georgia","Tattnall County",4,50,318,183,135
050,13,267,"Georgia","Tattnall County",4,51,329,195,134
050,13,267,"Georgia","Tattnall County",4,52,305,186,119
050,13,267,"Georgia","Tattnall County",4,53,293,178,115
050,13,267,"Georgia","Tattnall County",4,54,278,158,120
050,13,267,"Georgia","Tattnall County",4,55,303,173,130
050,13,267,"Georgia","Tattnall County",4,56,284,146,138
050,13,267,"Georgia","Tattnall County",4,57,316,178,138
050,13,267,"Georgia","Tattnall County",4,58,299,163,136
050,13,267,"Georgia","Tattnall County",4,59,306,164,142
050,13,267,"Georgia","Tattnall County",4,60,306,154,152
050,13,267,"Georgia","Tattnall County",4,61,301,151,150
050,13,267,"Georgia","Tattnall County",4,62,295,155,140
050,13,267,"Georgia","Tattnall County",4,63,279,145,134
050,13,267,"Georgia","Tattnall County",4,64,267,132,135
050,13,267,"Georgia","Tattnall County",4,65,250,133,117
050,13,267,"Georgia","Tattnall County",4,66,251,129,122
050,13,267,"Georgia","Tattnall County",4,67,243,106,137
050,13,267,"Georgia","Tattnall County",4,68,260,125,135
050,13,267,"Georgia","Tattnall County",4,69,253,118,135
050,13,267,"Georgia","Tattnall County",4,70,207,94,113
050,13,267,"Georgia","Tattnall County",4,71,194,92,102
050,13,267,"Georgia","Tattnall County",4,72,203,99,104
050,13,267,"Georgia","Tattnall County",4,73,196,91,105
050,13,267,"Georgia","Tattnall County",4,74,187,89,98
050,13,267,"Georgia","Tattnall County",4,75,201,93,108
050,13,267,"Georgia","Tattnall County",4,76,148,65,83
050,13,267,"Georgia","Tattnall County",4,77,130,56,74
050,13,267,"Georgia","Tattnall County",4,78,122,57,65
050,13,267,"Georgia","Tattnall County",4,79,115,54,61
050,13,267,"Georgia","Tattnall County",4,80,112,46,66
050,13,267,"Georgia","Tattnall County",4,81,106,42,64
050,13,267,"Georgia","Tattnall County",4,82,88,32,56
050,13,267,"Georgia","Tattnall County",4,83,75,25,50
050,13,267,"Georgia","Tattnall County",4,84,85,31,54
050,13,267,"Georgia","Tattnall County",4,85,334,97,237
050,13,267,"Georgia","Tattnall County",5,0,285,157,128
050,13,267,"Georgia","Tattnall County",5,1,283,155,128
050,13,267,"Georgia","Tattnall County",5,2,233,125,108
050,13,267,"Georgia","Tattnall County",5,3,248,130,118
050,13,267,"Georgia","Tattnall County",5,4,238,114,124
050,13,267,"Georgia","Tattnall County",5,5,234,115,119
050,13,267,"Georgia","Tattnall County",5,6,248,134,114
050,13,267,"Georgia","Tattnall County",5,7,272,146,126
050,13,267,"Georgia","Tattnall County",5,8,249,120,129
050,13,267,"Georgia","Tattnall County",5,9,257,121,136
050,13,267,"Georgia","Tattnall County",5,10,275,143,132
050,13,267,"Georgia","Tattnall County",5,11,297,155,142
050,13,267,"Georgia","Tattnall County",5,12,294,147,147
050,13,267,"Georgia","Tattnall County",5,13,286,149,137
050,13,267,"Georgia","Tattnall County",5,14,304,163,141
050,13,267,"Georgia","Tattnall County",5,15,323,169,154
050,13,267,"Georgia","Tattnall County",5,16,305,176,129
050,13,267,"Georgia","Tattnall County",5,17,285,154,131
050,13,267,"Georgia","Tattnall County",5,18,265,150,115
050,13,267,"Georgia","Tattnall County",5,19,253,160,93
050,13,267,"Georgia","Tattnall County",5,20,305,205,100
050,13,267,"Georgia","Tattnall County",5,21,351,237,114
050,13,267,"Georgia","Tattnall County",5,22,358,250,108
050,13,267,"Georgia","Tattnall County",5,23,397,274,123
050,13,267,"Georgia","Tattnall County",5,24,418,283,135
050,13,267,"Georgia","Tattnall County",5,25,397,272,125
050,13,267,"Georgia","Tattnall County",5,26,377,247,130
050,13,267,"Georgia","Tattnall County",5,27,415,271,144
050,13,267,"Georgia","Tattnall County",5,28,357,252,105
050,13,267,"Georgia","Tattnall County",5,29,358,248,110
050,13,267,"Georgia","Tattnall County",5,30,369,253,116
050,13,267,"Georgia","Tattnall County",5,31,364,256,108
050,13,267,"Georgia","Tattnall County",5,32,374,238,136
050,13,267,"Georgia","Tattnall County",5,33,386,247,139
050,13,267,"Georgia","Tattnall County",5,34,362,230,132
050,13,267,"Georgia","Tattnall County",5,35,344,206,138
050,13,267,"Georgia","Tattnall County",5,36,368,239,129
050,13,267,"Georgia","Tattnall County",5,37,349,234,115
050,13,267,"Georgia","Tattnall County",5,38,348,229,119
050,13,267,"Georgia","Tattnall County",5,39,347,222,125
050,13,267,"Georgia","Tattnall County",5,40,326,201,125
050,13,267,"Georgia","Tattnall County",5,41,349,214,135
050,13,267,"Georgia","Tattnall County",5,42,304,189,115
050,13,267,"Georgia","Tattnall County",5,43,333,195,138
050,13,267,"Georgia","Tattnall County",5,44,331,198,133
050,13,267,"Georgia","Tattnall County",5,45,310,190,120
050,13,267,"Georgia","Tattnall County",5,46,307,188,119
050,13,267,"Georgia","Tattnall County",5,47,304,191,113
050,13,267,"Georgia","Tattnall County",5,48,305,185,120
050,13,267,"Georgia","Tattnall County",5,49,346,213,133
050,13,267,"Georgia","Tattnall County",5,50,329,207,122
050,13,267,"Georgia","Tattnall County",5,51,319,186,133
050,13,267,"Georgia","Tattnall County",5,52,315,185,130
050,13,267,"Georgia","Tattnall County",5,53,294,177,117
050,13,267,"Georgia","Tattnall County",5,54,274,168,106
050,13,267,"Georgia","Tattnall County",5,55,283,161,122
050,13,267,"Georgia","Tattnall County",5,56,297,166,131
050,13,267,"Georgia","Tattnall County",5,57,282,146,136
050,13,267,"Georgia","Tattnall County",5,58,292,162,130
050,13,267,"Georgia","Tattnall County",5,59,295,162,133
050,13,267,"Georgia","Tattnall County",5,60,301,154,147
050,13,267,"Georgia","Tattnall County",5,61,300,157,143
050,13,267,"Georgia","Tattnall County",5,62,294,142,152
050,13,267,"Georgia","Tattnall County",5,63,289,150,139
050,13,267,"Georgia","Tattnall County",5,64,264,134,130
050,13,267,"Georgia","Tattnall County",5,65,262,126,136
050,13,267,"Georgia","Tattnall County",5,66,252,137,115
050,13,267,"Georgia","Tattnall County",5,67,251,128,123
050,13,267,"Georgia","Tattnall County",5,68,235,105,130
050,13,267,"Georgia","Tattnall County",5,69,262,129,133
050,13,267,"Georgia","Tattnall County",5,70,244,110,134
050,13,267,"Georgia","Tattnall County",5,71,201,94,107
050,13,267,"Georgia","Tattnall County",5,72,194,88,106
050,13,267,"Georgia","Tattnall County",5,73,198,95,103
050,13,267,"Georgia","Tattnall County",5,74,188,84,104
050,13,267,"Georgia","Tattnall County",5,75,176,87,89
050,13,267,"Georgia","Tattnall County",5,76,200,90,110
050,13,267,"Georgia","Tattnall County",5,77,142,60,82
050,13,267,"Georgia","Tattnall County",5,78,125,53,72
050,13,267,"Georgia","Tattnall County",5,79,109,52,57
050,13,267,"Georgia","Tattnall County",5,80,118,54,64
050,13,267,"Georgia","Tattnall County",5,81,107,41,66
050,13,267,"Georgia","Tattnall County",5,82,99,36,63
050,13,267,"Georgia","Tattnall County",5,83,84,29,55
050,13,267,"Georgia","Tattnall County",5,84,70,22,48
050,13,267,"Georgia","Tattnall County",5,85,358,107,251
050,13,269,"Georgia","Taylor County",1,0,77,39,38
050,13,269,"Georgia","Taylor County",1,1,81,37,44
050,13,269,"Georgia","Taylor County",1,2,79,40,39
050,13,269,"Georgia","Taylor County",1,3,85,40,45
050,13,269,"Georgia","Taylor County",1,4,81,37,44
050,13,269,"Georgia","Taylor County",1,5,85,42,43
050,13,269,"Georgia","Taylor County",1,6,84,50,34
050,13,269,"Georgia","Taylor County",1,7,82,41,41
050,13,269,"Georgia","Taylor County",1,8,82,47,35
050,13,269,"Georgia","Taylor County",1,9,76,36,40
050,13,269,"Georgia","Taylor County",1,10,93,40,53
050,13,269,"Georgia","Taylor County",1,11,97,49,48
050,13,269,"Georgia","Taylor County",1,12,98,45,53
050,13,269,"Georgia","Taylor County",1,13,90,47,43
050,13,269,"Georgia","Taylor County",1,14,95,52,43
050,13,269,"Georgia","Taylor County",1,15,104,52,52
050,13,269,"Georgia","Taylor County",1,16,99,48,51
050,13,269,"Georgia","Taylor County",1,17,104,56,48
050,13,269,"Georgia","Taylor County",1,18,86,44,42
050,13,269,"Georgia","Taylor County",1,19,70,38,32
050,13,269,"Georgia","Taylor County",1,20,75,41,34
050,13,269,"Georgia","Taylor County",1,21,78,39,39
050,13,269,"Georgia","Taylor County",1,22,74,34,40
050,13,269,"Georgia","Taylor County",1,23,70,30,40
050,13,269,"Georgia","Taylor County",1,24,97,39,58
050,13,269,"Georgia","Taylor County",1,25,90,38,52
050,13,269,"Georgia","Taylor County",1,26,89,40,49
050,13,269,"Georgia","Taylor County",1,27,114,45,69
050,13,269,"Georgia","Taylor County",1,28,93,53,40
050,13,269,"Georgia","Taylor County",1,29,109,52,57
050,13,269,"Georgia","Taylor County",1,30,104,53,51
050,13,269,"Georgia","Taylor County",1,31,95,47,48
050,13,269,"Georgia","Taylor County",1,32,77,37,40
050,13,269,"Georgia","Taylor County",1,33,73,35,38
050,13,269,"Georgia","Taylor County",1,34,71,37,34
050,13,269,"Georgia","Taylor County",1,35,71,37,34
050,13,269,"Georgia","Taylor County",1,36,79,35,44
050,13,269,"Georgia","Taylor County",1,37,66,35,31
050,13,269,"Georgia","Taylor County",1,38,81,39,42
050,13,269,"Georgia","Taylor County",1,39,95,44,51
050,13,269,"Georgia","Taylor County",1,40,91,47,44
050,13,269,"Georgia","Taylor County",1,41,92,47,45
050,13,269,"Georgia","Taylor County",1,42,86,34,52
050,13,269,"Georgia","Taylor County",1,43,78,31,47
050,13,269,"Georgia","Taylor County",1,44,74,38,36
050,13,269,"Georgia","Taylor County",1,45,113,60,53
050,13,269,"Georgia","Taylor County",1,46,112,50,62
050,13,269,"Georgia","Taylor County",1,47,108,51,57
050,13,269,"Georgia","Taylor County",1,48,112,56,56
050,13,269,"Georgia","Taylor County",1,49,133,65,68
050,13,269,"Georgia","Taylor County",1,50,108,55,53
050,13,269,"Georgia","Taylor County",1,51,102,48,54
050,13,269,"Georgia","Taylor County",1,52,94,41,53
050,13,269,"Georgia","Taylor County",1,53,97,47,50
050,13,269,"Georgia","Taylor County",1,54,117,58,59
050,13,269,"Georgia","Taylor County",1,55,116,54,62
050,13,269,"Georgia","Taylor County",1,56,121,69,52
050,13,269,"Georgia","Taylor County",1,57,115,54,61
050,13,269,"Georgia","Taylor County",1,58,133,53,80
050,13,269,"Georgia","Taylor County",1,59,137,69,68
050,13,269,"Georgia","Taylor County",1,60,133,75,58
050,13,269,"Georgia","Taylor County",1,61,108,49,59
050,13,269,"Georgia","Taylor County",1,62,112,42,70
050,13,269,"Georgia","Taylor County",1,63,110,50,60
050,13,269,"Georgia","Taylor County",1,64,124,57,67
050,13,269,"Georgia","Taylor County",1,65,111,58,53
050,13,269,"Georgia","Taylor County",1,66,104,53,51
050,13,269,"Georgia","Taylor County",1,67,107,50,57
050,13,269,"Georgia","Taylor County",1,68,99,36,63
050,13,269,"Georgia","Taylor County",1,69,90,41,49
050,13,269,"Georgia","Taylor County",1,70,88,42,46
050,13,269,"Georgia","Taylor County",1,71,100,44,56
050,13,269,"Georgia","Taylor County",1,72,94,39,55
050,13,269,"Georgia","Taylor County",1,73,83,37,46
050,13,269,"Georgia","Taylor County",1,74,60,22,38
050,13,269,"Georgia","Taylor County",1,75,71,34,37
050,13,269,"Georgia","Taylor County",1,76,75,29,46
050,13,269,"Georgia","Taylor County",1,77,73,30,43
050,13,269,"Georgia","Taylor County",1,78,59,22,37
050,13,269,"Georgia","Taylor County",1,79,56,24,32
050,13,269,"Georgia","Taylor County",1,80,44,23,21
050,13,269,"Georgia","Taylor County",1,81,40,20,20
050,13,269,"Georgia","Taylor County",1,82,34,11,23
050,13,269,"Georgia","Taylor County",1,83,35,19,16
050,13,269,"Georgia","Taylor County",1,84,30,14,16
050,13,269,"Georgia","Taylor County",1,85,186,59,127
050,13,269,"Georgia","Taylor County",2,0,80,40,40
050,13,269,"Georgia","Taylor County",2,1,81,39,42
050,13,269,"Georgia","Taylor County",2,2,80,40,40
050,13,269,"Georgia","Taylor County",2,3,85,41,44
050,13,269,"Georgia","Taylor County",2,4,83,39,44
050,13,269,"Georgia","Taylor County",2,5,86,42,44
050,13,269,"Georgia","Taylor County",2,6,85,48,37
050,13,269,"Georgia","Taylor County",2,7,83,44,39
050,13,269,"Georgia","Taylor County",2,8,81,45,36
050,13,269,"Georgia","Taylor County",2,9,77,38,39
050,13,269,"Georgia","Taylor County",2,10,89,40,49
050,13,269,"Georgia","Taylor County",2,11,95,46,49
050,13,269,"Georgia","Taylor County",2,12,101,48,53
050,13,269,"Georgia","Taylor County",2,13,91,46,45
050,13,269,"Georgia","Taylor County",2,14,96,53,43
050,13,269,"Georgia","Taylor County",2,15,102,51,51
050,13,269,"Georgia","Taylor County",2,16,99,49,50
050,13,269,"Georgia","Taylor County",2,17,106,57,49
050,13,269,"Georgia","Taylor County",2,18,84,42,42
050,13,269,"Georgia","Taylor County",2,19,70,37,33
050,13,269,"Georgia","Taylor County",2,20,75,41,34
050,13,269,"Georgia","Taylor County",2,21,80,40,40
050,13,269,"Georgia","Taylor County",2,22,75,35,40
050,13,269,"Georgia","Taylor County",2,23,73,31,42
050,13,269,"Georgia","Taylor County",2,24,91,36,55
050,13,269,"Georgia","Taylor County",2,25,91,38,53
050,13,269,"Georgia","Taylor County",2,26,87,39,48
050,13,269,"Georgia","Taylor County",2,27,110,44,66
050,13,269,"Georgia","Taylor County",2,28,92,50,42
050,13,269,"Georgia","Taylor County",2,29,107,53,54
050,13,269,"Georgia","Taylor County",2,30,105,53,52
050,13,269,"Georgia","Taylor County",2,31,99,50,49
050,13,269,"Georgia","Taylor County",2,32,82,39,43
050,13,269,"Georgia","Taylor County",2,33,74,36,38
050,13,269,"Georgia","Taylor County",2,34,71,37,34
050,13,269,"Georgia","Taylor County",2,35,73,38,35
050,13,269,"Georgia","Taylor County",2,36,78,37,41
050,13,269,"Georgia","Taylor County",2,37,70,35,35
050,13,269,"Georgia","Taylor County",2,38,78,38,40
050,13,269,"Georgia","Taylor County",2,39,93,43,50
050,13,269,"Georgia","Taylor County",2,40,92,46,46
050,13,269,"Georgia","Taylor County",2,41,92,46,46
050,13,269,"Georgia","Taylor County",2,42,87,36,51
050,13,269,"Georgia","Taylor County",2,43,78,31,47
050,13,269,"Georgia","Taylor County",2,44,75,37,38
050,13,269,"Georgia","Taylor County",2,45,106,55,51
050,13,269,"Georgia","Taylor County",2,46,111,52,59
050,13,269,"Georgia","Taylor County",2,47,109,51,58
050,13,269,"Georgia","Taylor County",2,48,110,55,55
050,13,269,"Georgia","Taylor County",2,49,130,64,66
050,13,269,"Georgia","Taylor County",2,50,114,57,57
050,13,269,"Georgia","Taylor County",2,51,101,49,52
050,13,269,"Georgia","Taylor County",2,52,95,42,53
050,13,269,"Georgia","Taylor County",2,53,96,46,50
050,13,269,"Georgia","Taylor County",2,54,112,55,57
050,13,269,"Georgia","Taylor County",2,55,115,55,60
050,13,269,"Georgia","Taylor County",2,56,121,65,56
050,13,269,"Georgia","Taylor County",2,57,116,58,58
050,13,269,"Georgia","Taylor County",2,58,131,53,78
050,13,269,"Georgia","Taylor County",2,59,136,65,71
050,13,269,"Georgia","Taylor County",2,60,133,74,59
050,13,269,"Georgia","Taylor County",2,61,114,56,58
050,13,269,"Georgia","Taylor County",2,62,112,44,68
050,13,269,"Georgia","Taylor County",2,63,112,49,63
050,13,269,"Georgia","Taylor County",2,64,117,54,63
050,13,269,"Georgia","Taylor County",2,65,111,56,55
050,13,269,"Georgia","Taylor County",2,66,106,54,52
050,13,269,"Georgia","Taylor County",2,67,105,49,56
050,13,269,"Georgia","Taylor County",2,68,99,39,60
050,13,269,"Georgia","Taylor County",2,69,91,39,52
050,13,269,"Georgia","Taylor County",2,70,90,44,46
050,13,269,"Georgia","Taylor County",2,71,95,42,53
050,13,269,"Georgia","Taylor County",2,72,94,40,54
050,13,269,"Georgia","Taylor County",2,73,88,38,50
050,13,269,"Georgia","Taylor County",2,74,62,25,37
050,13,269,"Georgia","Taylor County",2,75,69,31,38
050,13,269,"Georgia","Taylor County",2,76,70,28,42
050,13,269,"Georgia","Taylor County",2,77,76,31,45
050,13,269,"Georgia","Taylor County",2,78,62,23,39
050,13,269,"Georgia","Taylor County",2,79,56,23,33
050,13,269,"Georgia","Taylor County",2,80,46,23,23
050,13,269,"Georgia","Taylor County",2,81,40,20,20
050,13,269,"Georgia","Taylor County",2,82,36,13,23
050,13,269,"Georgia","Taylor County",2,83,32,16,16
050,13,269,"Georgia","Taylor County",2,84,29,14,15
050,13,269,"Georgia","Taylor County",2,85,188,60,128
050,13,269,"Georgia","Taylor County",3,0,81,42,39
050,13,269,"Georgia","Taylor County",3,1,90,43,47
050,13,269,"Georgia","Taylor County",3,2,73,33,40
050,13,269,"Georgia","Taylor County",3,3,73,35,38
050,13,269,"Georgia","Taylor County",3,4,72,36,36
050,13,269,"Georgia","Taylor County",3,5,86,42,44
050,13,269,"Georgia","Taylor County",3,6,80,39,41
050,13,269,"Georgia","Taylor County",3,7,86,52,34
050,13,269,"Georgia","Taylor County",3,8,84,43,41
050,13,269,"Georgia","Taylor County",3,9,79,42,37
050,13,269,"Georgia","Taylor County",3,10,79,40,39
050,13,269,"Georgia","Taylor County",3,11,91,42,49
050,13,269,"Georgia","Taylor County",3,12,91,43,48
050,13,269,"Georgia","Taylor County",3,13,94,46,48
050,13,269,"Georgia","Taylor County",3,14,100,53,47
050,13,269,"Georgia","Taylor County",3,15,101,51,50
050,13,269,"Georgia","Taylor County",3,16,101,52,49
050,13,269,"Georgia","Taylor County",3,17,106,58,48
050,13,269,"Georgia","Taylor County",3,18,82,40,42
050,13,269,"Georgia","Taylor County",3,19,68,33,35
050,13,269,"Georgia","Taylor County",3,20,74,40,34
050,13,269,"Georgia","Taylor County",3,21,91,49,42
050,13,269,"Georgia","Taylor County",3,22,78,38,40
050,13,269,"Georgia","Taylor County",3,23,89,36,53
050,13,269,"Georgia","Taylor County",3,24,75,28,47
050,13,269,"Georgia","Taylor County",3,25,93,42,51
050,13,269,"Georgia","Taylor County",3,26,84,41,43
050,13,269,"Georgia","Taylor County",3,27,103,39,64
050,13,269,"Georgia","Taylor County",3,28,101,46,55
050,13,269,"Georgia","Taylor County",3,29,86,50,36
050,13,269,"Georgia","Taylor County",3,30,106,49,57
050,13,269,"Georgia","Taylor County",3,31,102,51,51
050,13,269,"Georgia","Taylor County",3,32,109,55,54
050,13,269,"Georgia","Taylor County",3,33,78,38,40
050,13,269,"Georgia","Taylor County",3,34,70,36,34
050,13,269,"Georgia","Taylor County",3,35,70,35,35
050,13,269,"Georgia","Taylor County",3,36,75,37,38
050,13,269,"Georgia","Taylor County",3,37,76,34,42
050,13,269,"Georgia","Taylor County",3,38,70,37,33
050,13,269,"Georgia","Taylor County",3,39,82,36,46
050,13,269,"Georgia","Taylor County",3,40,83,42,41
050,13,269,"Georgia","Taylor County",3,41,90,46,44
050,13,269,"Georgia","Taylor County",3,42,103,52,51
050,13,269,"Georgia","Taylor County",3,43,83,35,48
050,13,269,"Georgia","Taylor County",3,44,75,29,46
050,13,269,"Georgia","Taylor County",3,45,73,32,41
050,13,269,"Georgia","Taylor County",3,46,102,55,47
050,13,269,"Georgia","Taylor County",3,47,111,50,61
050,13,269,"Georgia","Taylor County",3,48,108,53,55
050,13,269,"Georgia","Taylor County",3,49,110,55,55
050,13,269,"Georgia","Taylor County",3,50,136,64,72
050,13,269,"Georgia","Taylor County",3,51,111,56,55
050,13,269,"Georgia","Taylor County",3,52,106,50,56
050,13,269,"Georgia","Taylor County",3,53,93,40,53
050,13,269,"Georgia","Taylor County",3,54,93,43,50
050,13,269,"Georgia","Taylor County",3,55,114,54,60
050,13,269,"Georgia","Taylor County",3,56,115,56,59
050,13,269,"Georgia","Taylor County",3,57,118,66,52
050,13,269,"Georgia","Taylor County",3,58,121,57,64
050,13,269,"Georgia","Taylor County",3,59,126,54,72
050,13,269,"Georgia","Taylor County",3,60,129,59,70
050,13,269,"Georgia","Taylor County",3,61,129,72,57
050,13,269,"Georgia","Taylor County",3,62,111,52,59
050,13,269,"Georgia","Taylor County",3,63,114,48,66
050,13,269,"Georgia","Taylor County",3,64,115,46,69
050,13,269,"Georgia","Taylor County",3,65,113,53,60
050,13,269,"Georgia","Taylor County",3,66,110,55,55
050,13,269,"Georgia","Taylor County",3,67,97,50,47
050,13,269,"Georgia","Taylor County",3,68,100,46,54
050,13,269,"Georgia","Taylor County",3,69,100,38,62
050,13,269,"Georgia","Taylor County",3,70,90,39,51
050,13,269,"Georgia","Taylor County",3,71,85,40,45
050,13,269,"Georgia","Taylor County",3,72,90,42,48
050,13,269,"Georgia","Taylor County",3,73,92,38,54
050,13,269,"Georgia","Taylor County",3,74,79,36,43
050,13,269,"Georgia","Taylor County",3,75,62,24,38
050,13,269,"Georgia","Taylor County",3,76,65,28,37
050,13,269,"Georgia","Taylor County",3,77,69,27,42
050,13,269,"Georgia","Taylor County",3,78,75,30,45
050,13,269,"Georgia","Taylor County",3,79,60,22,38
050,13,269,"Georgia","Taylor County",3,80,52,20,32
050,13,269,"Georgia","Taylor County",3,81,42,22,20
050,13,269,"Georgia","Taylor County",3,82,39,18,21
050,13,269,"Georgia","Taylor County",3,83,35,13,22
050,13,269,"Georgia","Taylor County",3,84,25,13,12
050,13,269,"Georgia","Taylor County",3,85,191,67,124
050,13,269,"Georgia","Taylor County",4,0,72,38,34
050,13,269,"Georgia","Taylor County",4,1,74,39,35
050,13,269,"Georgia","Taylor County",4,2,89,42,47
050,13,269,"Georgia","Taylor County",4,3,71,33,38
050,13,269,"Georgia","Taylor County",4,4,76,37,39
050,13,269,"Georgia","Taylor County",4,5,81,40,41
050,13,269,"Georgia","Taylor County",4,6,86,40,46
050,13,269,"Georgia","Taylor County",4,7,82,38,44
050,13,269,"Georgia","Taylor County",4,8,79,47,32
050,13,269,"Georgia","Taylor County",4,9,85,44,41
050,13,269,"Georgia","Taylor County",4,10,77,39,38
050,13,269,"Georgia","Taylor County",4,11,82,43,39
050,13,269,"Georgia","Taylor County",4,12,86,41,45
050,13,269,"Georgia","Taylor County",4,13,88,41,47
050,13,269,"Georgia","Taylor County",4,14,101,50,51
050,13,269,"Georgia","Taylor County",4,15,104,49,55
050,13,269,"Georgia","Taylor County",4,16,99,53,46
050,13,269,"Georgia","Taylor County",4,17,114,64,50
050,13,269,"Georgia","Taylor County",4,18,84,44,40
050,13,269,"Georgia","Taylor County",4,19,60,30,30
050,13,269,"Georgia","Taylor County",4,20,67,33,34
050,13,269,"Georgia","Taylor County",4,21,81,42,39
050,13,269,"Georgia","Taylor County",4,22,84,45,39
050,13,269,"Georgia","Taylor County",4,23,84,38,46
050,13,269,"Georgia","Taylor County",4,24,94,42,52
050,13,269,"Georgia","Taylor County",4,25,76,32,44
050,13,269,"Georgia","Taylor County",4,26,80,37,43
050,13,269,"Georgia","Taylor County",4,27,104,49,55
050,13,269,"Georgia","Taylor County",4,28,90,38,52
050,13,269,"Georgia","Taylor County",4,29,107,44,63
050,13,269,"Georgia","Taylor County",4,30,95,56,39
050,13,269,"Georgia","Taylor County",4,31,106,50,56
050,13,269,"Georgia","Taylor County",4,32,113,55,58
050,13,269,"Georgia","Taylor County",4,33,101,52,49
050,13,269,"Georgia","Taylor County",4,34,80,41,39
050,13,269,"Georgia","Taylor County",4,35,70,35,35
050,13,269,"Georgia","Taylor County",4,36,64,34,30
050,13,269,"Georgia","Taylor County",4,37,74,37,37
050,13,269,"Georgia","Taylor County",4,38,76,35,41
050,13,269,"Georgia","Taylor County",4,39,79,38,41
050,13,269,"Georgia","Taylor County",4,40,86,41,45
050,13,269,"Georgia","Taylor County",4,41,81,40,41
050,13,269,"Georgia","Taylor County",4,42,101,52,49
050,13,269,"Georgia","Taylor County",4,43,97,52,45
050,13,269,"Georgia","Taylor County",4,44,82,34,48
050,13,269,"Georgia","Taylor County",4,45,79,29,50
050,13,269,"Georgia","Taylor County",4,46,68,29,39
050,13,269,"Georgia","Taylor County",4,47,106,56,50
050,13,269,"Georgia","Taylor County",4,48,112,52,60
050,13,269,"Georgia","Taylor County",4,49,108,56,52
050,13,269,"Georgia","Taylor County",4,50,114,54,60
050,13,269,"Georgia","Taylor County",4,51,124,65,59
050,13,269,"Georgia","Taylor County",4,52,109,55,54
050,13,269,"Georgia","Taylor County",4,53,102,51,51
050,13,269,"Georgia","Taylor County",4,54,96,40,56
050,13,269,"Georgia","Taylor County",4,55,96,42,54
050,13,269,"Georgia","Taylor County",4,56,123,58,65
050,13,269,"Georgia","Taylor County",4,57,113,55,58
050,13,269,"Georgia","Taylor County",4,58,109,61,48
050,13,269,"Georgia","Taylor County",4,59,119,59,60
050,13,269,"Georgia","Taylor County",4,60,125,52,73
050,13,269,"Georgia","Taylor County",4,61,131,60,71
050,13,269,"Georgia","Taylor County",4,62,128,73,55
050,13,269,"Georgia","Taylor County",4,63,113,56,57
050,13,269,"Georgia","Taylor County",4,64,125,50,75
050,13,269,"Georgia","Taylor County",4,65,105,43,62
050,13,269,"Georgia","Taylor County",4,66,109,52,57
050,13,269,"Georgia","Taylor County",4,67,106,51,55
050,13,269,"Georgia","Taylor County",4,68,97,52,45
050,13,269,"Georgia","Taylor County",4,69,105,46,59
050,13,269,"Georgia","Taylor County",4,70,101,38,63
050,13,269,"Georgia","Taylor County",4,71,86,34,52
050,13,269,"Georgia","Taylor County",4,72,81,39,42
050,13,269,"Georgia","Taylor County",4,73,91,41,50
050,13,269,"Georgia","Taylor County",4,74,88,38,50
050,13,269,"Georgia","Taylor County",4,75,79,33,46
050,13,269,"Georgia","Taylor County",4,76,60,22,38
050,13,269,"Georgia","Taylor County",4,77,63,27,36
050,13,269,"Georgia","Taylor County",4,78,72,28,44
050,13,269,"Georgia","Taylor County",4,79,68,28,40
050,13,269,"Georgia","Taylor County",4,80,51,17,34
050,13,269,"Georgia","Taylor County",4,81,45,16,29
050,13,269,"Georgia","Taylor County",4,82,39,20,19
050,13,269,"Georgia","Taylor County",4,83,38,17,21
050,13,269,"Georgia","Taylor County",4,84,30,12,18
050,13,269,"Georgia","Taylor County",4,85,186,66,120
050,13,269,"Georgia","Taylor County",5,0,67,35,32
050,13,269,"Georgia","Taylor County",5,1,68,37,31
050,13,269,"Georgia","Taylor County",5,2,81,42,39
050,13,269,"Georgia","Taylor County",5,3,89,46,43
050,13,269,"Georgia","Taylor County",5,4,74,32,42
050,13,269,"Georgia","Taylor County",5,5,78,37,41
050,13,269,"Georgia","Taylor County",5,6,81,40,41
050,13,269,"Georgia","Taylor County",5,7,89,42,47
050,13,269,"Georgia","Taylor County",5,8,81,38,43
050,13,269,"Georgia","Taylor County",5,9,82,49,33
050,13,269,"Georgia","Taylor County",5,10,84,45,39
050,13,269,"Georgia","Taylor County",5,11,79,41,38
050,13,269,"Georgia","Taylor County",5,12,76,37,39
050,13,269,"Georgia","Taylor County",5,13,81,37,44
050,13,269,"Georgia","Taylor County",5,14,94,48,46
050,13,269,"Georgia","Taylor County",5,15,101,46,55
050,13,269,"Georgia","Taylor County",5,16,100,51,49
050,13,269,"Georgia","Taylor County",5,17,107,64,43
050,13,269,"Georgia","Taylor County",5,18,93,51,42
050,13,269,"Georgia","Taylor County",5,19,66,33,33
050,13,269,"Georgia","Taylor County",5,20,63,29,34
050,13,269,"Georgia","Taylor County",5,21,73,35,38
050,13,269,"Georgia","Taylor County",5,22,86,45,41
050,13,269,"Georgia","Taylor County",5,23,98,45,53
050,13,269,"Georgia","Taylor County",5,24,106,47,59
050,13,269,"Georgia","Taylor County",5,25,93,43,50
050,13,269,"Georgia","Taylor County",5,26,72,34,38
050,13,269,"Georgia","Taylor County",5,27,94,38,56
050,13,269,"Georgia","Taylor County",5,28,96,48,48
050,13,269,"Georgia","Taylor County",5,29,91,38,53
050,13,269,"Georgia","Taylor County",5,30,105,43,62
050,13,269,"Georgia","Taylor County",5,31,97,60,37
050,13,269,"Georgia","Taylor County",5,32,117,51,66
050,13,269,"Georgia","Taylor County",5,33,104,54,50
050,13,269,"Georgia","Taylor County",5,34,99,55,44
050,13,269,"Georgia","Taylor County",5,35,79,40,39
050,13,269,"Georgia","Taylor County",5,36,72,36,36
050,13,269,"Georgia","Taylor County",5,37,65,33,32
050,13,269,"Georgia","Taylor County",5,38,71,29,42
050,13,269,"Georgia","Taylor County",5,39,81,33,48
050,13,269,"Georgia","Taylor County",5,40,76,40,36
050,13,269,"Georgia","Taylor County",5,41,85,43,42
050,13,269,"Georgia","Taylor County",5,42,82,39,43
050,13,269,"Georgia","Taylor County",5,43,95,52,43
050,13,269,"Georgia","Taylor County",5,44,92,47,45
050,13,269,"Georgia","Taylor County",5,45,84,33,51
050,13,269,"Georgia","Taylor County",5,46,83,30,53
050,13,269,"Georgia","Taylor County",5,47,73,29,44
050,13,269,"Georgia","Taylor County",5,48,98,53,45
050,13,269,"Georgia","Taylor County",5,49,104,50,54
050,13,269,"Georgia","Taylor County",5,50,112,54,58
050,13,269,"Georgia","Taylor County",5,51,111,56,55
050,13,269,"Georgia","Taylor County",5,52,126,67,59
050,13,269,"Georgia","Taylor County",5,53,106,58,48
050,13,269,"Georgia","Taylor County",5,54,103,51,52
050,13,269,"Georgia","Taylor County",5,55,99,41,58
050,13,269,"Georgia","Taylor County",5,56,100,42,58
050,13,269,"Georgia","Taylor County",5,57,120,59,61
050,13,269,"Georgia","Taylor County",5,58,119,56,63
050,13,269,"Georgia","Taylor County",5,59,95,52,43
050,13,269,"Georgia","Taylor County",5,60,118,57,61
050,13,269,"Georgia","Taylor County",5,61,124,49,75
050,13,269,"Georgia","Taylor County",5,62,135,64,71
050,13,269,"Georgia","Taylor County",5,63,121,71,50
050,13,269,"Georgia","Taylor County",5,64,115,57,58
050,13,269,"Georgia","Taylor County",5,65,113,46,67
050,13,269,"Georgia","Taylor County",5,66,110,45,65
050,13,269,"Georgia","Taylor County",5,67,105,48,57
050,13,269,"Georgia","Taylor County",5,68,101,49,52
050,13,269,"Georgia","Taylor County",5,69,99,49,50
050,13,269,"Georgia","Taylor County",5,70,104,46,58
050,13,269,"Georgia","Taylor County",5,71,97,35,62
050,13,269,"Georgia","Taylor County",5,72,85,35,50
050,13,269,"Georgia","Taylor County",5,73,79,37,42
050,13,269,"Georgia","Taylor County",5,74,86,40,46
050,13,269,"Georgia","Taylor County",5,75,87,36,51
050,13,269,"Georgia","Taylor County",5,76,76,31,45
050,13,269,"Georgia","Taylor County",5,77,56,19,37
050,13,269,"Georgia","Taylor County",5,78,65,28,37
050,13,269,"Georgia","Taylor County",5,79,67,28,39
050,13,269,"Georgia","Taylor County",5,80,63,24,39
050,13,269,"Georgia","Taylor County",5,81,48,14,34
050,13,269,"Georgia","Taylor County",5,82,41,13,28
050,13,269,"Georgia","Taylor County",5,83,39,20,19
050,13,269,"Georgia","Taylor County",5,84,35,17,18
050,13,269,"Georgia","Taylor County",5,85,193,67,126
050,13,271,"Georgia","Telfair County",1,0,89,45,44
050,13,271,"Georgia","Telfair County",1,1,91,46,45
050,13,271,"Georgia","Telfair County",1,2,104,55,49
050,13,271,"Georgia","Telfair County",1,3,98,49,49
050,13,271,"Georgia","Telfair County",1,4,105,51,54
050,13,271,"Georgia","Telfair County",1,5,102,55,47
050,13,271,"Georgia","Telfair County",1,6,81,42,39
050,13,271,"Georgia","Telfair County",1,7,87,45,42
050,13,271,"Georgia","Telfair County",1,8,82,38,44
050,13,271,"Georgia","Telfair County",1,9,108,51,57
050,13,271,"Georgia","Telfair County",1,10,117,53,64
050,13,271,"Georgia","Telfair County",1,11,108,52,56
050,13,271,"Georgia","Telfair County",1,12,124,63,61
050,13,271,"Georgia","Telfair County",1,13,108,58,50
050,13,271,"Georgia","Telfair County",1,14,125,64,61
050,13,271,"Georgia","Telfair County",1,15,128,70,58
050,13,271,"Georgia","Telfair County",1,16,120,57,63
050,13,271,"Georgia","Telfair County",1,17,113,57,56
050,13,271,"Georgia","Telfair County",1,18,127,74,53
050,13,271,"Georgia","Telfair County",1,19,128,78,50
050,13,271,"Georgia","Telfair County",1,20,130,81,49
050,13,271,"Georgia","Telfair County",1,21,130,86,44
050,13,271,"Georgia","Telfair County",1,22,128,87,41
050,13,271,"Georgia","Telfair County",1,23,156,117,39
050,13,271,"Georgia","Telfair County",1,24,160,106,54
050,13,271,"Georgia","Telfair County",1,25,179,127,52
050,13,271,"Georgia","Telfair County",1,26,207,157,50
050,13,271,"Georgia","Telfair County",1,27,204,157,47
050,13,271,"Georgia","Telfair County",1,28,179,130,49
050,13,271,"Georgia","Telfair County",1,29,183,132,51
050,13,271,"Georgia","Telfair County",1,30,227,169,58
050,13,271,"Georgia","Telfair County",1,31,204,151,53
050,13,271,"Georgia","Telfair County",1,32,193,147,46
050,13,271,"Georgia","Telfair County",1,33,187,134,53
050,13,271,"Georgia","Telfair County",1,34,231,179,52
050,13,271,"Georgia","Telfair County",1,35,218,165,53
050,13,271,"Georgia","Telfair County",1,36,229,173,56
050,13,271,"Georgia","Telfair County",1,37,183,133,50
050,13,271,"Georgia","Telfair County",1,38,204,162,42
050,13,271,"Georgia","Telfair County",1,39,222,168,54
050,13,271,"Georgia","Telfair County",1,40,223,157,66
050,13,271,"Georgia","Telfair County",1,41,220,165,55
050,13,271,"Georgia","Telfair County",1,42,195,139,56
050,13,271,"Georgia","Telfair County",1,43,189,126,63
050,13,271,"Georgia","Telfair County",1,44,179,127,52
050,13,271,"Georgia","Telfair County",1,45,176,116,60
050,13,271,"Georgia","Telfair County",1,46,196,131,65
050,13,271,"Georgia","Telfair County",1,47,179,120,59
050,13,271,"Georgia","Telfair County",1,48,174,111,63
050,13,271,"Georgia","Telfair County",1,49,188,121,67
050,13,271,"Georgia","Telfair County",1,50,165,114,51
050,13,271,"Georgia","Telfair County",1,51,170,116,54
050,13,271,"Georgia","Telfair County",1,52,167,100,67
050,13,271,"Georgia","Telfair County",1,53,171,106,65
050,13,271,"Georgia","Telfair County",1,54,164,95,69
050,13,271,"Georgia","Telfair County",1,55,150,82,68
050,13,271,"Georgia","Telfair County",1,56,164,96,68
050,13,271,"Georgia","Telfair County",1,57,158,95,63
050,13,271,"Georgia","Telfair County",1,58,153,82,71
050,13,271,"Georgia","Telfair County",1,59,157,87,70
050,13,271,"Georgia","Telfair County",1,60,144,79,65
050,13,271,"Georgia","Telfair County",1,61,160,84,76
050,13,271,"Georgia","Telfair County",1,62,164,82,82
050,13,271,"Georgia","Telfair County",1,63,181,96,85
050,13,271,"Georgia","Telfair County",1,64,163,92,71
050,13,271,"Georgia","Telfair County",1,65,144,85,59
050,13,271,"Georgia","Telfair County",1,66,140,74,66
050,13,271,"Georgia","Telfair County",1,67,140,72,68
050,13,271,"Georgia","Telfair County",1,68,144,76,68
050,13,271,"Georgia","Telfair County",1,69,125,69,56
050,13,271,"Georgia","Telfair County",1,70,122,58,64
050,13,271,"Georgia","Telfair County",1,71,127,55,72
050,13,271,"Georgia","Telfair County",1,72,124,57,67
050,13,271,"Georgia","Telfair County",1,73,117,60,57
050,13,271,"Georgia","Telfair County",1,74,90,42,48
050,13,271,"Georgia","Telfair County",1,75,84,34,50
050,13,271,"Georgia","Telfair County",1,76,88,48,40
050,13,271,"Georgia","Telfair County",1,77,80,41,39
050,13,271,"Georgia","Telfair County",1,78,66,30,36
050,13,271,"Georgia","Telfair County",1,79,74,31,43
050,13,271,"Georgia","Telfair County",1,80,66,22,44
050,13,271,"Georgia","Telfair County",1,81,54,26,28
050,13,271,"Georgia","Telfair County",1,82,48,21,27
050,13,271,"Georgia","Telfair County",1,83,52,20,32
050,13,271,"Georgia","Telfair County",1,84,36,14,22
050,13,271,"Georgia","Telfair County",1,85,306,97,209
050,13,271,"Georgia","Telfair County",2,0,93,48,45
050,13,271,"Georgia","Telfair County",2,1,90,45,45
050,13,271,"Georgia","Telfair County",2,2,100,52,48
050,13,271,"Georgia","Telfair County",2,3,101,51,50
050,13,271,"Georgia","Telfair County",2,4,106,52,54
050,13,271,"Georgia","Telfair County",2,5,102,53,49
050,13,271,"Georgia","Telfair County",2,6,87,46,41
050,13,271,"Georgia","Telfair County",2,7,85,44,41
050,13,271,"Georgia","Telfair County",2,8,83,40,43
050,13,271,"Georgia","Telfair County",2,9,102,48,54
050,13,271,"Georgia","Telfair County",2,10,114,53,61
050,13,271,"Georgia","Telfair County",2,11,111,53,58
050,13,271,"Georgia","Telfair County",2,12,118,59,59
050,13,271,"Georgia","Telfair County",2,13,114,59,55
050,13,271,"Georgia","Telfair County",2,14,120,62,58
050,13,271,"Georgia","Telfair County",2,15,127,69,58
050,13,271,"Georgia","Telfair County",2,16,119,59,60
050,13,271,"Georgia","Telfair County",2,17,114,56,58
050,13,271,"Georgia","Telfair County",2,18,125,71,54
050,13,271,"Georgia","Telfair County",2,19,127,77,50
050,13,271,"Georgia","Telfair County",2,20,134,83,51
050,13,271,"Georgia","Telfair County",2,21,132,86,46
050,13,271,"Georgia","Telfair County",2,22,129,87,42
050,13,271,"Georgia","Telfair County",2,23,156,115,41
050,13,271,"Georgia","Telfair County",2,24,157,105,52
050,13,271,"Georgia","Telfair County",2,25,180,127,53
050,13,271,"Georgia","Telfair County",2,26,205,155,50
050,13,271,"Georgia","Telfair County",2,27,207,159,48
050,13,271,"Georgia","Telfair County",2,28,180,131,49
050,13,271,"Georgia","Telfair County",2,29,184,134,50
050,13,271,"Georgia","Telfair County",2,30,231,173,58
050,13,271,"Georgia","Telfair County",2,31,205,152,53
050,13,271,"Georgia","Telfair County",2,32,194,147,47
050,13,271,"Georgia","Telfair County",2,33,188,136,52
050,13,271,"Georgia","Telfair County",2,34,226,174,52
050,13,271,"Georgia","Telfair County",2,35,221,168,53
050,13,271,"Georgia","Telfair County",2,36,231,175,56
050,13,271,"Georgia","Telfair County",2,37,185,134,51
050,13,271,"Georgia","Telfair County",2,38,203,159,44
050,13,271,"Georgia","Telfair County",2,39,221,168,53
050,13,271,"Georgia","Telfair County",2,40,222,158,64
050,13,271,"Georgia","Telfair County",2,41,224,166,58
050,13,271,"Georgia","Telfair County",2,42,194,138,56
050,13,271,"Georgia","Telfair County",2,43,188,128,60
050,13,271,"Georgia","Telfair County",2,44,186,132,54
050,13,271,"Georgia","Telfair County",2,45,174,117,57
050,13,271,"Georgia","Telfair County",2,46,191,128,63
050,13,271,"Georgia","Telfair County",2,47,181,121,60
050,13,271,"Georgia","Telfair County",2,48,171,109,62
050,13,271,"Georgia","Telfair County",2,49,187,122,65
050,13,271,"Georgia","Telfair County",2,50,168,112,56
050,13,271,"Georgia","Telfair County",2,51,169,116,53
050,13,271,"Georgia","Telfair County",2,52,163,100,63
050,13,271,"Georgia","Telfair County",2,53,166,104,62
050,13,271,"Georgia","Telfair County",2,54,158,94,64
050,13,271,"Georgia","Telfair County",2,55,153,86,67
050,13,271,"Georgia","Telfair County",2,56,162,93,69
050,13,271,"Georgia","Telfair County",2,57,157,95,62
050,13,271,"Georgia","Telfair County",2,58,149,80,69
050,13,271,"Georgia","Telfair County",2,59,156,86,70
050,13,271,"Georgia","Telfair County",2,60,144,78,66
050,13,271,"Georgia","Telfair County",2,61,157,84,73
050,13,271,"Georgia","Telfair County",2,62,160,80,80
050,13,271,"Georgia","Telfair County",2,63,177,93,84
050,13,271,"Georgia","Telfair County",2,64,167,93,74
050,13,271,"Georgia","Telfair County",2,65,147,86,61
050,13,271,"Georgia","Telfair County",2,66,141,75,66
050,13,271,"Georgia","Telfair County",2,67,141,74,67
050,13,271,"Georgia","Telfair County",2,68,141,74,67
050,13,271,"Georgia","Telfair County",2,69,130,72,58
050,13,271,"Georgia","Telfair County",2,70,123,60,63
050,13,271,"Georgia","Telfair County",2,71,123,54,69
050,13,271,"Georgia","Telfair County",2,72,123,55,68
050,13,271,"Georgia","Telfair County",2,73,122,61,61
050,13,271,"Georgia","Telfair County",2,74,91,44,47
050,13,271,"Georgia","Telfair County",2,75,87,36,51
050,13,271,"Georgia","Telfair County",2,76,84,44,40
050,13,271,"Georgia","Telfair County",2,77,82,44,38
050,13,271,"Georgia","Telfair County",2,78,66,30,36
050,13,271,"Georgia","Telfair County",2,79,71,30,41
050,13,271,"Georgia","Telfair County",2,80,66,22,44
050,13,271,"Georgia","Telfair County",2,81,55,24,31
050,13,271,"Georgia","Telfair County",2,82,49,22,27
050,13,271,"Georgia","Telfair County",2,83,52,20,32
050,13,271,"Georgia","Telfair County",2,84,38,15,23
050,13,271,"Georgia","Telfair County",2,85,302,96,206
050,13,271,"Georgia","Telfair County",3,0,117,58,59
050,13,271,"Georgia","Telfair County",3,1,96,55,41
050,13,271,"Georgia","Telfair County",3,2,90,42,48
050,13,271,"Georgia","Telfair County",3,3,100,53,47
050,13,271,"Georgia","Telfair County",3,4,100,52,48
050,13,271,"Georgia","Telfair County",3,5,101,46,55
050,13,271,"Georgia","Telfair County",3,6,102,52,50
050,13,271,"Georgia","Telfair County",3,7,91,47,44
050,13,271,"Georgia","Telfair County",3,8,95,48,47
050,13,271,"Georgia","Telfair County",3,9,98,48,50
050,13,271,"Georgia","Telfair County",3,10,103,49,54
050,13,271,"Georgia","Telfair County",3,11,114,55,59
050,13,271,"Georgia","Telfair County",3,12,115,52,63
050,13,271,"Georgia","Telfair County",3,13,118,60,58
050,13,271,"Georgia","Telfair County",3,14,108,55,53
050,13,271,"Georgia","Telfair County",3,15,113,58,55
050,13,271,"Georgia","Telfair County",3,16,126,69,57
050,13,271,"Georgia","Telfair County",3,17,112,57,55
050,13,271,"Georgia","Telfair County",3,18,106,60,46
050,13,271,"Georgia","Telfair County",3,19,123,77,46
050,13,271,"Georgia","Telfair County",3,20,132,84,48
050,13,271,"Georgia","Telfair County",3,21,145,90,55
050,13,271,"Georgia","Telfair County",3,22,143,91,52
050,13,271,"Georgia","Telfair County",3,23,156,113,43
050,13,271,"Georgia","Telfair County",3,24,150,112,38
050,13,271,"Georgia","Telfair County",3,25,172,122,50
050,13,271,"Georgia","Telfair County",3,26,194,139,55
050,13,271,"Georgia","Telfair County",3,27,203,154,49
050,13,271,"Georgia","Telfair County",3,28,190,140,50
050,13,271,"Georgia","Telfair County",3,29,180,130,50
050,13,271,"Georgia","Telfair County",3,30,224,177,47
050,13,271,"Georgia","Telfair County",3,31,199,144,55
050,13,271,"Georgia","Telfair County",3,32,200,143,57
050,13,271,"Georgia","Telfair County",3,33,185,138,47
050,13,271,"Georgia","Telfair County",3,34,198,148,50
050,13,271,"Georgia","Telfair County",3,35,218,166,52
050,13,271,"Georgia","Telfair County",3,36,232,177,55
050,13,271,"Georgia","Telfair County",3,37,196,142,54
050,13,271,"Georgia","Telfair County",3,38,205,147,58
050,13,271,"Georgia","Telfair County",3,39,204,161,43
050,13,271,"Georgia","Telfair County",3,40,217,156,61
050,13,271,"Georgia","Telfair County",3,41,224,163,61
050,13,271,"Georgia","Telfair County",3,42,194,135,59
050,13,271,"Georgia","Telfair County",3,43,178,126,52
050,13,271,"Georgia","Telfair County",3,44,204,144,60
050,13,271,"Georgia","Telfair County",3,45,171,115,56
050,13,271,"Georgia","Telfair County",3,46,179,119,60
050,13,271,"Georgia","Telfair County",3,47,177,112,65
050,13,271,"Georgia","Telfair County",3,48,175,111,64
050,13,271,"Georgia","Telfair County",3,49,185,126,59
050,13,271,"Georgia","Telfair County",3,50,168,106,62
050,13,271,"Georgia","Telfair County",3,51,171,111,60
050,13,271,"Georgia","Telfair County",3,52,156,105,51
050,13,271,"Georgia","Telfair County",3,53,163,104,59
050,13,271,"Georgia","Telfair County",3,54,156,96,60
050,13,271,"Georgia","Telfair County",3,55,157,96,61
050,13,271,"Georgia","Telfair County",3,56,152,86,66
050,13,271,"Georgia","Telfair County",3,57,157,91,66
050,13,271,"Georgia","Telfair County",3,58,134,76,58
050,13,271,"Georgia","Telfair County",3,59,160,88,72
050,13,271,"Georgia","Telfair County",3,60,142,70,72
050,13,271,"Georgia","Telfair County",3,61,139,76,63
050,13,271,"Georgia","Telfair County",3,62,150,76,74
050,13,271,"Georgia","Telfair County",3,63,155,79,76
050,13,271,"Georgia","Telfair County",3,64,170,93,77
050,13,271,"Georgia","Telfair County",3,65,158,82,76
050,13,271,"Georgia","Telfair County",3,66,139,80,59
050,13,271,"Georgia","Telfair County",3,67,143,77,66
050,13,271,"Georgia","Telfair County",3,68,135,72,63
050,13,271,"Georgia","Telfair County",3,69,133,70,63
050,13,271,"Georgia","Telfair County",3,70,125,68,57
050,13,271,"Georgia","Telfair County",3,71,111,49,62
050,13,271,"Georgia","Telfair County",3,72,121,55,66
050,13,271,"Georgia","Telfair County",3,73,121,53,68
050,13,271,"Georgia","Telfair County",3,74,103,50,53
050,13,271,"Georgia","Telfair County",3,75,89,39,50
050,13,271,"Georgia","Telfair County",3,76,74,30,44
050,13,271,"Georgia","Telfair County",3,77,86,43,43
050,13,271,"Georgia","Telfair County",3,78,70,40,30
050,13,271,"Georgia","Telfair County",3,79,65,29,36
050,13,271,"Georgia","Telfair County",3,80,67,29,38
050,13,271,"Georgia","Telfair County",3,81,56,21,35
050,13,271,"Georgia","Telfair County",3,82,51,21,30
050,13,271,"Georgia","Telfair County",3,83,45,15,30
050,13,271,"Georgia","Telfair County",3,84,42,18,24
050,13,271,"Georgia","Telfair County",3,85,295,98,197
050,13,271,"Georgia","Telfair County",4,0,114,51,63
050,13,271,"Georgia","Telfair County",4,1,117,57,60
050,13,271,"Georgia","Telfair County",4,2,98,53,45
050,13,271,"Georgia","Telfair County",4,3,89,43,46
050,13,271,"Georgia","Telfair County",4,4,98,53,45
050,13,271,"Georgia","Telfair County",4,5,106,55,51
050,13,271,"Georgia","Telfair County",4,6,113,53,60
050,13,271,"Georgia","Telfair County",4,7,107,53,54
050,13,271,"Georgia","Telfair County",4,8,91,47,44
050,13,271,"Georgia","Telfair County",4,9,94,48,46
050,13,271,"Georgia","Telfair County",4,10,97,46,51
050,13,271,"Georgia","Telfair County",4,11,104,56,48
050,13,271,"Georgia","Telfair County",4,12,109,51,58
050,13,271,"Georgia","Telfair County",4,13,118,57,61
050,13,271,"Georgia","Telfair County",4,14,113,58,55
050,13,271,"Georgia","Telfair County",4,15,102,51,51
050,13,271,"Georgia","Telfair County",4,16,109,58,51
050,13,271,"Georgia","Telfair County",4,17,123,68,55
050,13,271,"Georgia","Telfair County",4,18,109,58,51
050,13,271,"Georgia","Telfair County",4,19,94,63,31
050,13,271,"Georgia","Telfair County",4,20,137,90,47
050,13,271,"Georgia","Telfair County",4,21,142,91,51
050,13,271,"Georgia","Telfair County",4,22,143,91,52
050,13,271,"Georgia","Telfair County",4,23,165,112,53
050,13,271,"Georgia","Telfair County",4,24,161,112,49
050,13,271,"Georgia","Telfair County",4,25,167,131,36
050,13,271,"Georgia","Telfair County",4,26,194,138,56
050,13,271,"Georgia","Telfair County",4,27,195,136,59
050,13,271,"Georgia","Telfair County",4,28,203,150,53
050,13,271,"Georgia","Telfair County",4,29,192,146,46
050,13,271,"Georgia","Telfair County",4,30,237,186,51
050,13,271,"Georgia","Telfair County",4,31,204,154,50
050,13,271,"Georgia","Telfair County",4,32,198,140,58
050,13,271,"Georgia","Telfair County",4,33,195,141,54
050,13,271,"Georgia","Telfair County",4,34,208,161,47
050,13,271,"Georgia","Telfair County",4,35,196,150,46
050,13,271,"Georgia","Telfair County",4,36,241,188,53
050,13,271,"Georgia","Telfair County",4,37,202,148,54
050,13,271,"Georgia","Telfair County",4,38,218,164,54
050,13,271,"Georgia","Telfair County",4,39,214,158,56
050,13,271,"Georgia","Telfair County",4,40,202,160,42
050,13,271,"Georgia","Telfair County",4,41,223,169,54
050,13,271,"Georgia","Telfair County",4,42,201,142,59
050,13,271,"Georgia","Telfair County",4,43,180,127,53
050,13,271,"Georgia","Telfair County",4,44,199,147,52
050,13,271,"Georgia","Telfair County",4,45,193,137,56
050,13,271,"Georgia","Telfair County",4,46,178,120,58
050,13,271,"Georgia","Telfair County",4,47,165,112,53
050,13,271,"Georgia","Telfair County",4,48,173,106,67
050,13,271,"Georgia","Telfair County",4,49,194,130,64
050,13,271,"Georgia","Telfair County",4,50,170,109,61
050,13,271,"Georgia","Telfair County",4,51,170,109,61
050,13,271,"Georgia","Telfair County",4,52,154,100,54
050,13,271,"Georgia","Telfair County",4,53,163,107,56
050,13,271,"Georgia","Telfair County",4,54,158,98,60
050,13,271,"Georgia","Telfair County",4,55,161,100,61
050,13,271,"Georgia","Telfair County",4,56,157,94,63
050,13,271,"Georgia","Telfair County",4,57,144,79,65
050,13,271,"Georgia","Telfair County",4,58,133,69,64
050,13,271,"Georgia","Telfair County",4,59,133,76,57
050,13,271,"Georgia","Telfair County",4,60,152,79,73
050,13,271,"Georgia","Telfair County",4,61,133,71,62
050,13,271,"Georgia","Telfair County",4,62,133,68,65
050,13,271,"Georgia","Telfair County",4,63,151,81,70
050,13,271,"Georgia","Telfair County",4,64,153,78,75
050,13,271,"Georgia","Telfair County",4,65,168,91,77
050,13,271,"Georgia","Telfair County",4,66,156,80,76
050,13,271,"Georgia","Telfair County",4,67,143,81,62
050,13,271,"Georgia","Telfair County",4,68,143,78,65
050,13,271,"Georgia","Telfair County",4,69,139,71,68
050,13,271,"Georgia","Telfair County",4,70,133,69,64
050,13,271,"Georgia","Telfair County",4,71,112,57,55
050,13,271,"Georgia","Telfair County",4,72,111,50,61
050,13,271,"Georgia","Telfair County",4,73,120,55,65
050,13,271,"Georgia","Telfair County",4,74,109,46,63
050,13,271,"Georgia","Telfair County",4,75,100,48,52
050,13,271,"Georgia","Telfair County",4,76,84,37,47
050,13,271,"Georgia","Telfair County",4,77,74,29,45
050,13,271,"Georgia","Telfair County",4,78,79,39,40
050,13,271,"Georgia","Telfair County",4,79,67,36,31
050,13,271,"Georgia","Telfair County",4,80,56,26,30
050,13,271,"Georgia","Telfair County",4,81,59,25,34
050,13,271,"Georgia","Telfair County",4,82,52,19,33
050,13,271,"Georgia","Telfair County",4,83,50,19,31
050,13,271,"Georgia","Telfair County",4,84,37,12,25
050,13,271,"Georgia","Telfair County",4,85,296,98,198
050,13,271,"Georgia","Telfair County",5,0,120,52,68
050,13,271,"Georgia","Telfair County",5,1,110,49,61
050,13,271,"Georgia","Telfair County",5,2,112,61,51
050,13,271,"Georgia","Telfair County",5,3,106,56,50
050,13,271,"Georgia","Telfair County",5,4,86,43,43
050,13,271,"Georgia","Telfair County",5,5,101,57,44
050,13,271,"Georgia","Telfair County",5,6,109,61,48
050,13,271,"Georgia","Telfair County",5,7,114,51,63
050,13,271,"Georgia","Telfair County",5,8,104,51,53
050,13,271,"Georgia","Telfair County",5,9,101,55,46
050,13,271,"Georgia","Telfair County",5,10,97,50,47
050,13,271,"Georgia","Telfair County",5,11,95,45,50
050,13,271,"Georgia","Telfair County",5,12,101,58,43
050,13,271,"Georgia","Telfair County",5,13,109,50,59
050,13,271,"Georgia","Telfair County",5,14,115,56,59
050,13,271,"Georgia","Telfair County",5,15,113,58,55
050,13,271,"Georgia","Telfair County",5,16,116,59,57
050,13,271,"Georgia","Telfair County",5,17,102,54,48
050,13,271,"Georgia","Telfair County",5,18,110,63,47
050,13,271,"Georgia","Telfair County",5,19,92,48,44
050,13,271,"Georgia","Telfair County",5,20,98,58,40
050,13,271,"Georgia","Telfair County",5,21,127,79,48
050,13,271,"Georgia","Telfair County",5,22,137,80,57
050,13,271,"Georgia","Telfair County",5,23,134,79,55
050,13,271,"Georgia","Telfair County",5,24,121,77,44
050,13,271,"Georgia","Telfair County",5,25,143,95,48
050,13,271,"Georgia","Telfair County",5,26,141,101,40
050,13,271,"Georgia","Telfair County",5,27,143,90,53
050,13,271,"Georgia","Telfair County",5,28,138,80,58
050,13,271,"Georgia","Telfair County",5,29,165,114,51
050,13,271,"Georgia","Telfair County",5,30,173,127,46
050,13,271,"Georgia","Telfair County",5,31,160,105,55
050,13,271,"Georgia","Telfair County",5,32,132,85,47
050,13,271,"Georgia","Telfair County",5,33,162,98,64
050,13,271,"Georgia","Telfair County",5,34,160,110,50
050,13,271,"Georgia","Telfair County",5,35,146,104,42
050,13,271,"Georgia","Telfair County",5,36,159,107,52
050,13,271,"Georgia","Telfair County",5,37,163,110,53
050,13,271,"Georgia","Telfair County",5,38,170,113,57
050,13,271,"Georgia","Telfair County",5,39,175,119,56
050,13,271,"Georgia","Telfair County",5,40,152,100,52
050,13,271,"Georgia","Telfair County",5,41,159,117,42
050,13,271,"Georgia","Telfair County",5,42,147,95,52
050,13,271,"Georgia","Telfair County",5,43,152,93,59
050,13,271,"Georgia","Telfair County",5,44,159,104,55
050,13,271,"Georgia","Telfair County",5,45,154,100,54
050,13,271,"Georgia","Telfair County",5,46,159,101,58
050,13,271,"Georgia","Telfair County",5,47,126,72,54
050,13,271,"Georgia","Telfair County",5,48,135,80,55
050,13,271,"Georgia","Telfair County",5,49,156,92,64
050,13,271,"Georgia","Telfair County",5,50,152,85,67
050,13,271,"Georgia","Telfair County",5,51,146,86,60
050,13,271,"Georgia","Telfair County",5,52,136,80,56
050,13,271,"Georgia","Telfair County",5,53,138,83,55
050,13,271,"Georgia","Telfair County",5,54,149,89,60
050,13,271,"Georgia","Telfair County",5,55,147,84,63
050,13,271,"Georgia","Telfair County",5,56,145,82,63
050,13,271,"Georgia","Telfair County",5,57,132,70,62
050,13,271,"Georgia","Telfair County",5,58,114,53,61
050,13,271,"Georgia","Telfair County",5,59,132,67,65
050,13,271,"Georgia","Telfair County",5,60,121,65,56
050,13,271,"Georgia","Telfair County",5,61,146,79,67
050,13,271,"Georgia","Telfair County",5,62,124,59,65
050,13,271,"Georgia","Telfair County",5,63,122,57,65
050,13,271,"Georgia","Telfair County",5,64,145,79,66
050,13,271,"Georgia","Telfair County",5,65,150,70,80
050,13,271,"Georgia","Telfair County",5,66,159,80,79
050,13,271,"Georgia","Telfair County",5,67,154,82,72
050,13,271,"Georgia","Telfair County",5,68,144,83,61
050,13,271,"Georgia","Telfair County",5,69,139,77,62
050,13,271,"Georgia","Telfair County",5,70,130,64,66
050,13,271,"Georgia","Telfair County",5,71,126,60,66
050,13,271,"Georgia","Telfair County",5,72,114,59,55
050,13,271,"Georgia","Telfair County",5,73,114,51,63
050,13,271,"Georgia","Telfair County",5,74,105,45,60
050,13,271,"Georgia","Telfair County",5,75,106,42,64
050,13,271,"Georgia","Telfair County",5,76,92,44,48
050,13,271,"Georgia","Telfair County",5,77,82,36,46
050,13,271,"Georgia","Telfair County",5,78,67,26,41
050,13,271,"Georgia","Telfair County",5,79,77,35,42
050,13,271,"Georgia","Telfair County",5,80,60,36,24
050,13,271,"Georgia","Telfair County",5,81,54,26,28
050,13,271,"Georgia","Telfair County",5,82,56,23,33
050,13,271,"Georgia","Telfair County",5,83,49,16,33
050,13,271,"Georgia","Telfair County",5,84,42,17,25
050,13,271,"Georgia","Telfair County",5,85,292,93,199
050,13,273,"Georgia","Terrell County",1,0,111,54,57
050,13,273,"Georgia","Terrell County",1,1,106,46,60
050,13,273,"Georgia","Terrell County",1,2,102,52,50
050,13,273,"Georgia","Terrell County",1,3,99,50,49
050,13,273,"Georgia","Terrell County",1,4,112,55,57
050,13,273,"Georgia","Terrell County",1,5,115,54,61
050,13,273,"Georgia","Terrell County",1,6,117,55,62
050,13,273,"Georgia","Terrell County",1,7,122,62,60
050,13,273,"Georgia","Terrell County",1,8,110,57,53
050,13,273,"Georgia","Terrell County",1,9,118,58,60
050,13,273,"Georgia","Terrell County",1,10,119,68,51
050,13,273,"Georgia","Terrell County",1,11,123,62,61
050,13,273,"Georgia","Terrell County",1,12,124,67,57
050,13,273,"Georgia","Terrell County",1,13,136,72,64
050,13,273,"Georgia","Terrell County",1,14,127,58,69
050,13,273,"Georgia","Terrell County",1,15,152,76,76
050,13,273,"Georgia","Terrell County",1,16,132,75,57
050,13,273,"Georgia","Terrell County",1,17,128,69,59
050,13,273,"Georgia","Terrell County",1,18,111,61,50
050,13,273,"Georgia","Terrell County",1,19,96,51,45
050,13,273,"Georgia","Terrell County",1,20,94,55,39
050,13,273,"Georgia","Terrell County",1,21,117,62,55
050,13,273,"Georgia","Terrell County",1,22,114,50,64
050,13,273,"Georgia","Terrell County",1,23,111,59,52
050,13,273,"Georgia","Terrell County",1,24,105,57,48
050,13,273,"Georgia","Terrell County",1,25,99,46,53
050,13,273,"Georgia","Terrell County",1,26,108,53,55
050,13,273,"Georgia","Terrell County",1,27,129,64,65
050,13,273,"Georgia","Terrell County",1,28,126,59,67
050,13,273,"Georgia","Terrell County",1,29,136,64,72
050,13,273,"Georgia","Terrell County",1,30,136,73,63
050,13,273,"Georgia","Terrell County",1,31,110,55,55
050,13,273,"Georgia","Terrell County",1,32,96,54,42
050,13,273,"Georgia","Terrell County",1,33,98,51,47
050,13,273,"Georgia","Terrell County",1,34,96,54,42
050,13,273,"Georgia","Terrell County",1,35,99,51,48
050,13,273,"Georgia","Terrell County",1,36,106,52,54
050,13,273,"Georgia","Terrell County",1,37,114,56,58
050,13,273,"Georgia","Terrell County",1,38,107,48,59
050,13,273,"Georgia","Terrell County",1,39,102,47,55
050,13,273,"Georgia","Terrell County",1,40,105,45,60
050,13,273,"Georgia","Terrell County",1,41,89,40,49
050,13,273,"Georgia","Terrell County",1,42,101,50,51
050,13,273,"Georgia","Terrell County",1,43,90,41,49
050,13,273,"Georgia","Terrell County",1,44,81,42,39
050,13,273,"Georgia","Terrell County",1,45,83,41,42
050,13,273,"Georgia","Terrell County",1,46,97,51,46
050,13,273,"Georgia","Terrell County",1,47,90,50,40
050,13,273,"Georgia","Terrell County",1,48,99,51,48
050,13,273,"Georgia","Terrell County",1,49,100,47,53
050,13,273,"Georgia","Terrell County",1,50,99,43,56
050,13,273,"Georgia","Terrell County",1,51,113,50,63
050,13,273,"Georgia","Terrell County",1,52,106,47,59
050,13,273,"Georgia","Terrell County",1,53,108,51,57
050,13,273,"Georgia","Terrell County",1,54,118,58,60
050,13,273,"Georgia","Terrell County",1,55,149,62,87
050,13,273,"Georgia","Terrell County",1,56,141,70,71
050,13,273,"Georgia","Terrell County",1,57,140,74,66
050,13,273,"Georgia","Terrell County",1,58,122,51,71
050,13,273,"Georgia","Terrell County",1,59,132,57,75
050,13,273,"Georgia","Terrell County",1,60,138,67,71
050,13,273,"Georgia","Terrell County",1,61,125,53,72
050,13,273,"Georgia","Terrell County",1,62,127,52,75
050,13,273,"Georgia","Terrell County",1,63,131,62,69
050,13,273,"Georgia","Terrell County",1,64,120,55,65
050,13,273,"Georgia","Terrell County",1,65,126,62,64
050,13,273,"Georgia","Terrell County",1,66,138,62,76
050,13,273,"Georgia","Terrell County",1,67,132,59,73
050,13,273,"Georgia","Terrell County",1,68,118,57,61
050,13,273,"Georgia","Terrell County",1,69,91,38,53
050,13,273,"Georgia","Terrell County",1,70,96,44,52
050,13,273,"Georgia","Terrell County",1,71,105,50,55
050,13,273,"Georgia","Terrell County",1,72,98,43,55
050,13,273,"Georgia","Terrell County",1,73,112,52,60
050,13,273,"Georgia","Terrell County",1,74,81,36,45
050,13,273,"Georgia","Terrell County",1,75,81,32,49
050,13,273,"Georgia","Terrell County",1,76,69,23,46
050,13,273,"Georgia","Terrell County",1,77,72,33,39
050,13,273,"Georgia","Terrell County",1,78,66,34,32
050,13,273,"Georgia","Terrell County",1,79,52,27,25
050,13,273,"Georgia","Terrell County",1,80,44,14,30
050,13,273,"Georgia","Terrell County",1,81,40,16,24
050,13,273,"Georgia","Terrell County",1,82,52,20,32
050,13,273,"Georgia","Terrell County",1,83,35,14,21
050,13,273,"Georgia","Terrell County",1,84,39,16,23
050,13,273,"Georgia","Terrell County",1,85,170,52,118
050,13,273,"Georgia","Terrell County",2,0,101,49,52
050,13,273,"Georgia","Terrell County",2,1,107,47,60
050,13,273,"Georgia","Terrell County",2,2,103,50,53
050,13,273,"Georgia","Terrell County",2,3,100,50,50
050,13,273,"Georgia","Terrell County",2,4,108,53,55
050,13,273,"Georgia","Terrell County",2,5,112,53,59
050,13,273,"Georgia","Terrell County",2,6,114,54,60
050,13,273,"Georgia","Terrell County",2,7,121,61,60
050,13,273,"Georgia","Terrell County",2,8,110,57,53
050,13,273,"Georgia","Terrell County",2,9,115,58,57
050,13,273,"Georgia","Terrell County",2,10,118,64,54
050,13,273,"Georgia","Terrell County",2,11,119,62,57
050,13,273,"Georgia","Terrell County",2,12,124,66,58
050,13,273,"Georgia","Terrell County",2,13,134,71,63
050,13,273,"Georgia","Terrell County",2,14,131,63,68
050,13,273,"Georgia","Terrell County",2,15,147,73,74
050,13,273,"Georgia","Terrell County",2,16,136,77,59
050,13,273,"Georgia","Terrell County",2,17,130,71,59
050,13,273,"Georgia","Terrell County",2,18,110,60,50
050,13,273,"Georgia","Terrell County",2,19,94,50,44
050,13,273,"Georgia","Terrell County",2,20,98,56,42
050,13,273,"Georgia","Terrell County",2,21,113,61,52
050,13,273,"Georgia","Terrell County",2,22,117,54,63
050,13,273,"Georgia","Terrell County",2,23,111,57,54
050,13,273,"Georgia","Terrell County",2,24,106,57,49
050,13,273,"Georgia","Terrell County",2,25,99,47,52
050,13,273,"Georgia","Terrell County",2,26,106,52,54
050,13,273,"Georgia","Terrell County",2,27,125,63,62
050,13,273,"Georgia","Terrell County",2,28,126,59,67
050,13,273,"Georgia","Terrell County",2,29,132,62,70
050,13,273,"Georgia","Terrell County",2,30,136,71,65
050,13,273,"Georgia","Terrell County",2,31,115,59,56
050,13,273,"Georgia","Terrell County",2,32,101,55,46
050,13,273,"Georgia","Terrell County",2,33,99,53,46
050,13,273,"Georgia","Terrell County",2,34,94,50,44
050,13,273,"Georgia","Terrell County",2,35,100,53,47
050,13,273,"Georgia","Terrell County",2,36,103,52,51
050,13,273,"Georgia","Terrell County",2,37,112,55,57
050,13,273,"Georgia","Terrell County",2,38,109,50,59
050,13,273,"Georgia","Terrell County",2,39,102,47,55
050,13,273,"Georgia","Terrell County",2,40,108,46,62
050,13,273,"Georgia","Terrell County",2,41,92,40,52
050,13,273,"Georgia","Terrell County",2,42,98,48,50
050,13,273,"Georgia","Terrell County",2,43,92,42,50
050,13,273,"Georgia","Terrell County",2,44,82,41,41
050,13,273,"Georgia","Terrell County",2,45,83,41,42
050,13,273,"Georgia","Terrell County",2,46,96,50,46
050,13,273,"Georgia","Terrell County",2,47,91,49,42
050,13,273,"Georgia","Terrell County",2,48,101,53,48
050,13,273,"Georgia","Terrell County",2,49,102,50,52
050,13,273,"Georgia","Terrell County",2,50,98,44,54
050,13,273,"Georgia","Terrell County",2,51,109,47,62
050,13,273,"Georgia","Terrell County",2,52,107,48,59
050,13,273,"Georgia","Terrell County",2,53,106,50,56
050,13,273,"Georgia","Terrell County",2,54,114,55,59
050,13,273,"Georgia","Terrell County",2,55,141,62,79
050,13,273,"Georgia","Terrell County",2,56,143,68,75
050,13,273,"Georgia","Terrell County",2,57,140,72,68
050,13,273,"Georgia","Terrell County",2,58,124,55,69
050,13,273,"Georgia","Terrell County",2,59,128,56,72
050,13,273,"Georgia","Terrell County",2,60,136,64,72
050,13,273,"Georgia","Terrell County",2,61,127,56,71
050,13,273,"Georgia","Terrell County",2,62,125,52,73
050,13,273,"Georgia","Terrell County",2,63,132,61,71
050,13,273,"Georgia","Terrell County",2,64,122,56,66
050,13,273,"Georgia","Terrell County",2,65,123,59,64
050,13,273,"Georgia","Terrell County",2,66,135,62,73
050,13,273,"Georgia","Terrell County",2,67,129,57,72
050,13,273,"Georgia","Terrell County",2,68,119,56,63
050,13,273,"Georgia","Terrell County",2,69,96,41,55
050,13,273,"Georgia","Terrell County",2,70,92,41,51
050,13,273,"Georgia","Terrell County",2,71,102,49,53
050,13,273,"Georgia","Terrell County",2,72,97,43,54
050,13,273,"Georgia","Terrell County",2,73,110,50,60
050,13,273,"Georgia","Terrell County",2,74,84,37,47
050,13,273,"Georgia","Terrell County",2,75,79,33,46
050,13,273,"Georgia","Terrell County",2,76,70,25,45
050,13,273,"Georgia","Terrell County",2,77,73,31,42
050,13,273,"Georgia","Terrell County",2,78,64,32,32
050,13,273,"Georgia","Terrell County",2,79,54,29,25
050,13,273,"Georgia","Terrell County",2,80,44,17,27
050,13,273,"Georgia","Terrell County",2,81,40,15,25
050,13,273,"Georgia","Terrell County",2,82,45,17,28
050,13,273,"Georgia","Terrell County",2,83,40,16,24
050,13,273,"Georgia","Terrell County",2,84,37,15,22
050,13,273,"Georgia","Terrell County",2,85,172,53,119
050,13,273,"Georgia","Terrell County",3,0,83,39,44
050,13,273,"Georgia","Terrell County",3,1,91,46,45
050,13,273,"Georgia","Terrell County",3,2,112,47,65
050,13,273,"Georgia","Terrell County",3,3,96,44,52
050,13,273,"Georgia","Terrell County",3,4,95,53,42
050,13,273,"Georgia","Terrell County",3,5,106,57,49
050,13,273,"Georgia","Terrell County",3,6,109,54,55
050,13,273,"Georgia","Terrell County",3,7,111,50,61
050,13,273,"Georgia","Terrell County",3,8,126,56,70
050,13,273,"Georgia","Terrell County",3,9,105,58,47
050,13,273,"Georgia","Terrell County",3,10,115,59,56
050,13,273,"Georgia","Terrell County",3,11,118,61,57
050,13,273,"Georgia","Terrell County",3,12,113,60,53
050,13,273,"Georgia","Terrell County",3,13,120,63,57
050,13,273,"Georgia","Terrell County",3,14,131,67,64
050,13,273,"Georgia","Terrell County",3,15,129,64,65
050,13,273,"Georgia","Terrell County",3,16,134,67,67
050,13,273,"Georgia","Terrell County",3,17,122,69,53
050,13,273,"Georgia","Terrell County",3,18,103,57,46
050,13,273,"Georgia","Terrell County",3,19,85,48,37
050,13,273,"Georgia","Terrell County",3,20,96,52,44
050,13,273,"Georgia","Terrell County",3,21,87,51,36
050,13,273,"Georgia","Terrell County",3,22,118,58,60
050,13,273,"Georgia","Terrell County",3,23,115,59,56
050,13,273,"Georgia","Terrell County",3,24,116,60,56
050,13,273,"Georgia","Terrell County",3,25,99,55,44
050,13,273,"Georgia","Terrell County",3,26,97,52,45
050,13,273,"Georgia","Terrell County",3,27,114,57,57
050,13,273,"Georgia","Terrell County",3,28,113,57,56
050,13,273,"Georgia","Terrell County",3,29,120,55,65
050,13,273,"Georgia","Terrell County",3,30,120,58,62
050,13,273,"Georgia","Terrell County",3,31,131,66,65
050,13,273,"Georgia","Terrell County",3,32,110,59,51
050,13,273,"Georgia","Terrell County",3,33,107,53,54
050,13,273,"Georgia","Terrell County",3,34,99,52,47
050,13,273,"Georgia","Terrell County",3,35,92,50,42
050,13,273,"Georgia","Terrell County",3,36,95,50,45
050,13,273,"Georgia","Terrell County",3,37,97,50,47
050,13,273,"Georgia","Terrell County",3,38,117,61,56
050,13,273,"Georgia","Terrell County",3,39,103,54,49
050,13,273,"Georgia","Terrell County",3,40,95,46,49
050,13,273,"Georgia","Terrell County",3,41,111,45,66
050,13,273,"Georgia","Terrell County",3,42,92,39,53
050,13,273,"Georgia","Terrell County",3,43,102,50,52
050,13,273,"Georgia","Terrell County",3,44,92,46,46
050,13,273,"Georgia","Terrell County",3,45,78,35,43
050,13,273,"Georgia","Terrell County",3,46,86,42,44
050,13,273,"Georgia","Terrell County",3,47,87,45,42
050,13,273,"Georgia","Terrell County",3,48,93,49,44
050,13,273,"Georgia","Terrell County",3,49,93,51,42
050,13,273,"Georgia","Terrell County",3,50,91,44,47
050,13,273,"Georgia","Terrell County",3,51,101,46,55
050,13,273,"Georgia","Terrell County",3,52,114,48,66
050,13,273,"Georgia","Terrell County",3,53,105,44,61
050,13,273,"Georgia","Terrell County",3,54,103,48,55
050,13,273,"Georgia","Terrell County",3,55,117,60,57
050,13,273,"Georgia","Terrell County",3,56,136,58,78
050,13,273,"Georgia","Terrell County",3,57,138,62,76
050,13,273,"Georgia","Terrell County",3,58,144,76,68
050,13,273,"Georgia","Terrell County",3,59,118,51,67
050,13,273,"Georgia","Terrell County",3,60,128,57,71
050,13,273,"Georgia","Terrell County",3,61,134,63,71
050,13,273,"Georgia","Terrell County",3,62,119,52,67
050,13,273,"Georgia","Terrell County",3,63,131,58,73
050,13,273,"Georgia","Terrell County",3,64,131,61,70
050,13,273,"Georgia","Terrell County",3,65,116,55,61
050,13,273,"Georgia","Terrell County",3,66,120,55,65
050,13,273,"Georgia","Terrell County",3,67,132,62,70
050,13,273,"Georgia","Terrell County",3,68,125,54,71
050,13,273,"Georgia","Terrell County",3,69,119,57,62
050,13,273,"Georgia","Terrell County",3,70,96,41,55
050,13,273,"Georgia","Terrell County",3,71,88,37,51
050,13,273,"Georgia","Terrell County",3,72,98,50,48
050,13,273,"Georgia","Terrell County",3,73,92,38,54
050,13,273,"Georgia","Terrell County",3,74,108,50,58
050,13,273,"Georgia","Terrell County",3,75,77,35,42
050,13,273,"Georgia","Terrell County",3,76,77,33,44
050,13,273,"Georgia","Terrell County",3,77,63,21,42
050,13,273,"Georgia","Terrell County",3,78,69,30,39
050,13,273,"Georgia","Terrell County",3,79,62,32,30
050,13,273,"Georgia","Terrell County",3,80,46,25,21
050,13,273,"Georgia","Terrell County",3,81,45,17,28
050,13,273,"Georgia","Terrell County",3,82,40,14,26
050,13,273,"Georgia","Terrell County",3,83,42,17,25
050,13,273,"Georgia","Terrell County",3,84,42,17,25
050,13,273,"Georgia","Terrell County",3,85,178,58,120
050,13,273,"Georgia","Terrell County",4,0,86,46,40
050,13,273,"Georgia","Terrell County",4,1,70,30,40
050,13,273,"Georgia","Terrell County",4,2,95,52,43
050,13,273,"Georgia","Terrell County",4,3,114,53,61
050,13,273,"Georgia","Terrell County",4,4,89,46,43
050,13,273,"Georgia","Terrell County",4,5,95,58,37
050,13,273,"Georgia","Terrell County",4,6,101,56,45
050,13,273,"Georgia","Terrell County",4,7,113,57,56
050,13,273,"Georgia","Terrell County",4,8,101,41,60
050,13,273,"Georgia","Terrell County",4,9,116,55,61
050,13,273,"Georgia","Terrell County",4,10,108,61,47
050,13,273,"Georgia","Terrell County",4,11,103,55,48
050,13,273,"Georgia","Terrell County",4,12,116,62,54
050,13,273,"Georgia","Terrell County",4,13,124,62,62
050,13,273,"Georgia","Terrell County",4,14,116,63,53
050,13,273,"Georgia","Terrell County",4,15,136,72,64
050,13,273,"Georgia","Terrell County",4,16,129,67,62
050,13,273,"Georgia","Terrell County",4,17,133,66,67
050,13,273,"Georgia","Terrell County",4,18,108,64,44
050,13,273,"Georgia","Terrell County",4,19,83,48,35
050,13,273,"Georgia","Terrell County",4,20,90,49,41
050,13,273,"Georgia","Terrell County",4,21,104,56,48
050,13,273,"Georgia","Terrell County",4,22,100,59,41
050,13,273,"Georgia","Terrell County",4,23,106,54,52
050,13,273,"Georgia","Terrell County",4,24,114,60,54
050,13,273,"Georgia","Terrell County",4,25,106,53,53
050,13,273,"Georgia","Terrell County",4,26,94,54,40
050,13,273,"Georgia","Terrell County",4,27,87,45,42
050,13,273,"Georgia","Terrell County",4,28,105,50,55
050,13,273,"Georgia","Terrell County",4,29,111,55,56
050,13,273,"Georgia","Terrell County",4,30,118,58,60
050,13,273,"Georgia","Terrell County",4,31,109,48,61
050,13,273,"Georgia","Terrell County",4,32,135,72,63
050,13,273,"Georgia","Terrell County",4,33,100,53,47
050,13,273,"Georgia","Terrell County",4,34,114,61,53
050,13,273,"Georgia","Terrell County",4,35,100,56,44
050,13,273,"Georgia","Terrell County",4,36,92,50,42
050,13,273,"Georgia","Terrell County",4,37,94,49,45
050,13,273,"Georgia","Terrell County",4,38,103,53,50
050,13,273,"Georgia","Terrell County",4,39,113,59,54
050,13,273,"Georgia","Terrell County",4,40,109,55,54
050,13,273,"Georgia","Terrell County",4,41,89,41,48
050,13,273,"Georgia","Terrell County",4,42,106,40,66
050,13,273,"Georgia","Terrell County",4,43,85,39,46
050,13,273,"Georgia","Terrell County",4,44,108,54,54
050,13,273,"Georgia","Terrell County",4,45,91,44,47
050,13,273,"Georgia","Terrell County",4,46,81,37,44
050,13,273,"Georgia","Terrell County",4,47,84,40,44
050,13,273,"Georgia","Terrell County",4,48,86,46,40
050,13,273,"Georgia","Terrell County",4,49,94,46,48
050,13,273,"Georgia","Terrell County",4,50,96,50,46
050,13,273,"Georgia","Terrell County",4,51,91,43,48
050,13,273,"Georgia","Terrell County",4,52,94,43,51
050,13,273,"Georgia","Terrell County",4,53,114,46,68
050,13,273,"Georgia","Terrell County",4,54,97,42,55
050,13,273,"Georgia","Terrell County",4,55,94,41,53
050,13,273,"Georgia","Terrell County",4,56,119,60,59
050,13,273,"Georgia","Terrell County",4,57,134,61,73
050,13,273,"Georgia","Terrell County",4,58,135,60,75
050,13,273,"Georgia","Terrell County",4,59,150,79,71
050,13,273,"Georgia","Terrell County",4,60,117,54,63
050,13,273,"Georgia","Terrell County",4,61,121,56,65
050,13,273,"Georgia","Terrell County",4,62,135,64,71
050,13,273,"Georgia","Terrell County",4,63,120,53,67
050,13,273,"Georgia","Terrell County",4,64,125,57,68
050,13,273,"Georgia","Terrell County",4,65,122,56,66
050,13,273,"Georgia","Terrell County",4,66,120,59,61
050,13,273,"Georgia","Terrell County",4,67,117,57,60
050,13,273,"Georgia","Terrell County",4,68,132,61,71
050,13,273,"Georgia","Terrell County",4,69,129,54,75
050,13,273,"Georgia","Terrell County",4,70,119,57,62
050,13,273,"Georgia","Terrell County",4,71,92,38,54
050,13,273,"Georgia","Terrell County",4,72,87,37,50
050,13,273,"Georgia","Terrell County",4,73,91,43,48
050,13,273,"Georgia","Terrell County",4,74,86,35,51
050,13,273,"Georgia","Terrell County",4,75,105,48,57
050,13,273,"Georgia","Terrell County",4,76,77,35,42
050,13,273,"Georgia","Terrell County",4,77,71,31,40
050,13,273,"Georgia","Terrell County",4,78,60,23,37
050,13,273,"Georgia","Terrell County",4,79,72,30,42
050,13,273,"Georgia","Terrell County",4,80,55,30,25
050,13,273,"Georgia","Terrell County",4,81,46,25,21
050,13,273,"Georgia","Terrell County",4,82,43,16,27
050,13,273,"Georgia","Terrell County",4,83,36,14,22
050,13,273,"Georgia","Terrell County",4,84,40,16,24
050,13,273,"Georgia","Terrell County",4,85,186,60,126
050,13,273,"Georgia","Terrell County",5,0,87,47,40
050,13,273,"Georgia","Terrell County",5,1,72,36,36
050,13,273,"Georgia","Terrell County",5,2,79,36,43
050,13,273,"Georgia","Terrell County",5,3,105,57,48
050,13,273,"Georgia","Terrell County",5,4,110,53,57
050,13,273,"Georgia","Terrell County",5,5,95,52,43
050,13,273,"Georgia","Terrell County",5,6,102,60,42
050,13,273,"Georgia","Terrell County",5,7,98,51,47
050,13,273,"Georgia","Terrell County",5,8,114,57,57
050,13,273,"Georgia","Terrell County",5,9,104,44,60
050,13,273,"Georgia","Terrell County",5,10,120,61,59
050,13,273,"Georgia","Terrell County",5,11,103,59,44
050,13,273,"Georgia","Terrell County",5,12,105,56,49
050,13,273,"Georgia","Terrell County",5,13,110,60,50
050,13,273,"Georgia","Terrell County",5,14,128,65,63
050,13,273,"Georgia","Terrell County",5,15,128,69,59
050,13,273,"Georgia","Terrell County",5,16,140,78,62
050,13,273,"Georgia","Terrell County",5,17,132,67,65
050,13,273,"Georgia","Terrell County",5,18,116,60,56
050,13,273,"Georgia","Terrell County",5,19,86,50,36
050,13,273,"Georgia","Terrell County",5,20,96,54,42
050,13,273,"Georgia","Terrell County",5,21,89,49,40
050,13,273,"Georgia","Terrell County",5,22,99,49,50
050,13,273,"Georgia","Terrell County",5,23,90,53,37
050,13,273,"Georgia","Terrell County",5,24,115,65,50
050,13,273,"Georgia","Terrell County",5,25,119,62,57
050,13,273,"Georgia","Terrell County",5,26,109,55,54
050,13,273,"Georgia","Terrell County",5,27,92,51,41
050,13,273,"Georgia","Terrell County",5,28,84,40,44
050,13,273,"Georgia","Terrell County",5,29,96,48,48
050,13,273,"Georgia","Terrell County",5,30,116,61,55
050,13,273,"Georgia","Terrell County",5,31,112,52,60
050,13,273,"Georgia","Terrell County",5,32,111,50,61
050,13,273,"Georgia","Terrell County",5,33,129,69,60
050,13,273,"Georgia","Terrell County",5,34,98,51,47
050,13,273,"Georgia","Terrell County",5,35,128,68,60
050,13,273,"Georgia","Terrell County",5,36,103,56,47
050,13,273,"Georgia","Terrell County",5,37,96,52,44
050,13,273,"Georgia","Terrell County",5,38,85,44,41
050,13,273,"Georgia","Terrell County",5,39,103,54,49
050,13,273,"Georgia","Terrell County",5,40,115,54,61
050,13,273,"Georgia","Terrell County",5,41,96,47,49
050,13,273,"Georgia","Terrell County",5,42,89,44,45
050,13,273,"Georgia","Terrell County",5,43,95,42,53
050,13,273,"Georgia","Terrell County",5,44,91,43,48
050,13,273,"Georgia","Terrell County",5,45,104,48,56
050,13,273,"Georgia","Terrell County",5,46,95,48,47
050,13,273,"Georgia","Terrell County",5,47,73,31,42
050,13,273,"Georgia","Terrell County",5,48,91,45,46
050,13,273,"Georgia","Terrell County",5,49,87,48,39
050,13,273,"Georgia","Terrell County",5,50,85,37,48
050,13,273,"Georgia","Terrell County",5,51,102,54,48
050,13,273,"Georgia","Terrell County",5,52,81,42,39
050,13,273,"Georgia","Terrell County",5,53,95,40,55
050,13,273,"Georgia","Terrell County",5,54,111,46,65
050,13,273,"Georgia","Terrell County",5,55,95,43,52
050,13,273,"Georgia","Terrell County",5,56,97,42,55
050,13,273,"Georgia","Terrell County",5,57,116,57,59
050,13,273,"Georgia","Terrell County",5,58,130,59,71
050,13,273,"Georgia","Terrell County",5,59,129,58,71
050,13,273,"Georgia","Terrell County",5,60,147,81,66
050,13,273,"Georgia","Terrell County",5,61,114,55,59
050,13,273,"Georgia","Terrell County",5,62,116,52,64
050,13,273,"Georgia","Terrell County",5,63,137,66,71
050,13,273,"Georgia","Terrell County",5,64,117,53,64
050,13,273,"Georgia","Terrell County",5,65,120,55,65
050,13,273,"Georgia","Terrell County",5,66,120,56,64
050,13,273,"Georgia","Terrell County",5,67,116,59,57
050,13,273,"Georgia","Terrell County",5,68,114,55,59
050,13,273,"Georgia","Terrell County",5,69,131,60,71
050,13,273,"Georgia","Terrell County",5,70,126,51,75
050,13,273,"Georgia","Terrell County",5,71,106,48,58
050,13,273,"Georgia","Terrell County",5,72,90,39,51
050,13,273,"Georgia","Terrell County",5,73,79,31,48
050,13,273,"Georgia","Terrell County",5,74,83,38,45
050,13,273,"Georgia","Terrell County",5,75,83,34,49
050,13,273,"Georgia","Terrell County",5,76,106,49,57
050,13,273,"Georgia","Terrell County",5,77,73,33,40
050,13,273,"Georgia","Terrell County",5,78,69,32,37
050,13,273,"Georgia","Terrell County",5,79,57,23,34
050,13,273,"Georgia","Terrell County",5,80,66,27,39
050,13,273,"Georgia","Terrell County",5,81,56,30,26
050,13,273,"Georgia","Terrell County",5,82,45,24,21
050,13,273,"Georgia","Terrell County",5,83,40,16,24
050,13,273,"Georgia","Terrell County",5,84,35,13,22
050,13,273,"Georgia","Terrell County",5,85,191,63,128
050,13,275,"Georgia","Thomas County",1,0,521,270,251
050,13,275,"Georgia","Thomas County",1,1,534,293,241
050,13,275,"Georgia","Thomas County",1,2,574,304,270
050,13,275,"Georgia","Thomas County",1,3,600,294,306
050,13,275,"Georgia","Thomas County",1,4,592,304,288
050,13,275,"Georgia","Thomas County",1,5,589,305,284
050,13,275,"Georgia","Thomas County",1,6,600,298,302
050,13,275,"Georgia","Thomas County",1,7,597,319,278
050,13,275,"Georgia","Thomas County",1,8,610,313,297
050,13,275,"Georgia","Thomas County",1,9,588,294,294
050,13,275,"Georgia","Thomas County",1,10,647,336,311
050,13,275,"Georgia","Thomas County",1,11,674,370,304
050,13,275,"Georgia","Thomas County",1,12,681,332,349
050,13,275,"Georgia","Thomas County",1,13,658,336,322
050,13,275,"Georgia","Thomas County",1,14,656,334,322
050,13,275,"Georgia","Thomas County",1,15,648,333,315
050,13,275,"Georgia","Thomas County",1,16,618,325,293
050,13,275,"Georgia","Thomas County",1,17,617,310,307
050,13,275,"Georgia","Thomas County",1,18,561,287,274
050,13,275,"Georgia","Thomas County",1,19,467,238,229
050,13,275,"Georgia","Thomas County",1,20,520,262,258
050,13,275,"Georgia","Thomas County",1,21,524,267,257
050,13,275,"Georgia","Thomas County",1,22,517,252,265
050,13,275,"Georgia","Thomas County",1,23,504,245,259
050,13,275,"Georgia","Thomas County",1,24,487,232,255
050,13,275,"Georgia","Thomas County",1,25,566,265,301
050,13,275,"Georgia","Thomas County",1,26,546,253,293
050,13,275,"Georgia","Thomas County",1,27,546,252,294
050,13,275,"Georgia","Thomas County",1,28,560,252,308
050,13,275,"Georgia","Thomas County",1,29,564,255,309
050,13,275,"Georgia","Thomas County",1,30,504,233,271
050,13,275,"Georgia","Thomas County",1,31,497,236,261
050,13,275,"Georgia","Thomas County",1,32,529,241,288
050,13,275,"Georgia","Thomas County",1,33,528,232,296
050,13,275,"Georgia","Thomas County",1,34,565,252,313
050,13,275,"Georgia","Thomas County",1,35,580,265,315
050,13,275,"Georgia","Thomas County",1,36,565,267,298
050,13,275,"Georgia","Thomas County",1,37,577,286,291
050,13,275,"Georgia","Thomas County",1,38,569,286,283
050,13,275,"Georgia","Thomas County",1,39,562,282,280
050,13,275,"Georgia","Thomas County",1,40,557,266,291
050,13,275,"Georgia","Thomas County",1,41,523,242,281
050,13,275,"Georgia","Thomas County",1,42,535,258,277
050,13,275,"Georgia","Thomas County",1,43,507,237,270
050,13,275,"Georgia","Thomas County",1,44,479,221,258
050,13,275,"Georgia","Thomas County",1,45,464,215,249
050,13,275,"Georgia","Thomas County",1,46,480,221,259
050,13,275,"Georgia","Thomas County",1,47,538,240,298
050,13,275,"Georgia","Thomas County",1,48,580,267,313
050,13,275,"Georgia","Thomas County",1,49,621,309,312
050,13,275,"Georgia","Thomas County",1,50,569,270,299
050,13,275,"Georgia","Thomas County",1,51,578,283,295
050,13,275,"Georgia","Thomas County",1,52,572,284,288
050,13,275,"Georgia","Thomas County",1,53,568,280,288
050,13,275,"Georgia","Thomas County",1,54,609,289,320
050,13,275,"Georgia","Thomas County",1,55,632,315,317
050,13,275,"Georgia","Thomas County",1,56,681,323,358
050,13,275,"Georgia","Thomas County",1,57,641,304,337
050,13,275,"Georgia","Thomas County",1,58,647,306,341
050,13,275,"Georgia","Thomas County",1,59,667,314,353
050,13,275,"Georgia","Thomas County",1,60,625,294,331
050,13,275,"Georgia","Thomas County",1,61,619,287,332
050,13,275,"Georgia","Thomas County",1,62,632,289,343
050,13,275,"Georgia","Thomas County",1,63,621,291,330
050,13,275,"Georgia","Thomas County",1,64,592,291,301
050,13,275,"Georgia","Thomas County",1,65,570,283,287
050,13,275,"Georgia","Thomas County",1,66,569,280,289
050,13,275,"Georgia","Thomas County",1,67,554,261,293
050,13,275,"Georgia","Thomas County",1,68,523,229,294
050,13,275,"Georgia","Thomas County",1,69,490,218,272
050,13,275,"Georgia","Thomas County",1,70,511,237,274
050,13,275,"Georgia","Thomas County",1,71,483,212,271
050,13,275,"Georgia","Thomas County",1,72,462,192,270
050,13,275,"Georgia","Thomas County",1,73,455,192,263
050,13,275,"Georgia","Thomas County",1,74,363,158,205
050,13,275,"Georgia","Thomas County",1,75,370,158,212
050,13,275,"Georgia","Thomas County",1,76,362,150,212
050,13,275,"Georgia","Thomas County",1,77,350,159,191
050,13,275,"Georgia","Thomas County",1,78,296,128,168
050,13,275,"Georgia","Thomas County",1,79,234,104,130
050,13,275,"Georgia","Thomas County",1,80,240,106,134
050,13,275,"Georgia","Thomas County",1,81,254,113,141
050,13,275,"Georgia","Thomas County",1,82,203,84,119
050,13,275,"Georgia","Thomas County",1,83,183,75,108
050,13,275,"Georgia","Thomas County",1,84,152,57,95
050,13,275,"Georgia","Thomas County",1,85,788,270,518
050,13,275,"Georgia","Thomas County",2,0,527,268,259
050,13,275,"Georgia","Thomas County",2,1,531,289,242
050,13,275,"Georgia","Thomas County",2,2,565,301,264
050,13,275,"Georgia","Thomas County",2,3,592,295,297
050,13,275,"Georgia","Thomas County",2,4,595,303,292
050,13,275,"Georgia","Thomas County",2,5,588,305,283
050,13,275,"Georgia","Thomas County",2,6,597,300,297
050,13,275,"Georgia","Thomas County",2,7,600,316,284
050,13,275,"Georgia","Thomas County",2,8,603,313,290
050,13,275,"Georgia","Thomas County",2,9,595,300,295
050,13,275,"Georgia","Thomas County",2,10,633,327,306
050,13,275,"Georgia","Thomas County",2,11,667,361,306
050,13,275,"Georgia","Thomas County",2,12,683,343,340
050,13,275,"Georgia","Thomas County",2,13,664,337,327
050,13,275,"Georgia","Thomas County",2,14,656,333,323
050,13,275,"Georgia","Thomas County",2,15,648,333,315
050,13,275,"Georgia","Thomas County",2,16,628,330,298
050,13,275,"Georgia","Thomas County",2,17,620,316,304
050,13,275,"Georgia","Thomas County",2,18,553,281,272
050,13,275,"Georgia","Thomas County",2,19,473,241,232
050,13,275,"Georgia","Thomas County",2,20,521,262,259
050,13,275,"Georgia","Thomas County",2,21,521,265,256
050,13,275,"Georgia","Thomas County",2,22,523,257,266
050,13,275,"Georgia","Thomas County",2,23,502,244,258
050,13,275,"Georgia","Thomas County",2,24,495,237,258
050,13,275,"Georgia","Thomas County",2,25,547,258,289
050,13,275,"Georgia","Thomas County",2,26,552,258,294
050,13,275,"Georgia","Thomas County",2,27,544,251,293
050,13,275,"Georgia","Thomas County",2,28,557,251,306
050,13,275,"Georgia","Thomas County",2,29,560,254,306
050,13,275,"Georgia","Thomas County",2,30,523,240,283
050,13,275,"Georgia","Thomas County",2,31,503,238,265
050,13,275,"Georgia","Thomas County",2,32,520,240,280
050,13,275,"Georgia","Thomas County",2,33,530,235,295
050,13,275,"Georgia","Thomas County",2,34,559,250,309
050,13,275,"Georgia","Thomas County",2,35,581,263,318
050,13,275,"Georgia","Thomas County",2,36,565,266,299
050,13,275,"Georgia","Thomas County",2,37,575,281,294
050,13,275,"Georgia","Thomas County",2,38,571,286,285
050,13,275,"Georgia","Thomas County",2,39,560,282,278
050,13,275,"Georgia","Thomas County",2,40,562,271,291
050,13,275,"Georgia","Thomas County",2,41,529,249,280
050,13,275,"Georgia","Thomas County",2,42,528,252,276
050,13,275,"Georgia","Thomas County",2,43,517,244,273
050,13,275,"Georgia","Thomas County",2,44,478,221,257
050,13,275,"Georgia","Thomas County",2,45,470,219,251
050,13,275,"Georgia","Thomas County",2,46,473,217,256
050,13,275,"Georgia","Thomas County",2,47,521,233,288
050,13,275,"Georgia","Thomas County",2,48,570,260,310
050,13,275,"Georgia","Thomas County",2,49,614,299,315
050,13,275,"Georgia","Thomas County",2,50,582,279,303
050,13,275,"Georgia","Thomas County",2,51,574,279,295
050,13,275,"Georgia","Thomas County",2,52,576,284,292
050,13,275,"Georgia","Thomas County",2,53,569,283,286
050,13,275,"Georgia","Thomas County",2,54,597,286,311
050,13,275,"Georgia","Thomas County",2,55,628,309,319
050,13,275,"Georgia","Thomas County",2,56,673,321,352
050,13,275,"Georgia","Thomas County",2,57,652,308,344
050,13,275,"Georgia","Thomas County",2,58,647,306,341
050,13,275,"Georgia","Thomas County",2,59,661,312,349
050,13,275,"Georgia","Thomas County",2,60,634,298,336
050,13,275,"Georgia","Thomas County",2,61,621,287,334
050,13,275,"Georgia","Thomas County",2,62,626,286,340
050,13,275,"Georgia","Thomas County",2,63,627,292,335
050,13,275,"Georgia","Thomas County",2,64,592,286,306
050,13,275,"Georgia","Thomas County",2,65,574,283,291
050,13,275,"Georgia","Thomas County",2,66,568,278,290
050,13,275,"Georgia","Thomas County",2,67,551,261,290
050,13,275,"Georgia","Thomas County",2,68,525,234,291
050,13,275,"Georgia","Thomas County",2,69,502,222,280
050,13,275,"Georgia","Thomas County",2,70,502,227,275
050,13,275,"Georgia","Thomas County",2,71,490,219,271
050,13,275,"Georgia","Thomas County",2,72,453,190,263
050,13,275,"Georgia","Thomas County",2,73,474,198,276
050,13,275,"Georgia","Thomas County",2,74,361,157,204
050,13,275,"Georgia","Thomas County",2,75,365,158,207
050,13,275,"Georgia","Thomas County",2,76,360,150,210
050,13,275,"Georgia","Thomas County",2,77,357,158,199
050,13,275,"Georgia","Thomas County",2,78,300,132,168
050,13,275,"Georgia","Thomas County",2,79,243,109,134
050,13,275,"Georgia","Thomas County",2,80,234,102,132
050,13,275,"Georgia","Thomas County",2,81,245,109,136
050,13,275,"Georgia","Thomas County",2,82,211,89,122
050,13,275,"Georgia","Thomas County",2,83,184,75,109
050,13,275,"Georgia","Thomas County",2,84,154,60,94
050,13,275,"Georgia","Thomas County",2,85,774,270,504
050,13,275,"Georgia","Thomas County",3,0,511,258,253
050,13,275,"Georgia","Thomas County",3,1,551,284,267
050,13,275,"Georgia","Thomas County",3,2,517,283,234
050,13,275,"Georgia","Thomas County",3,3,564,294,270
050,13,275,"Georgia","Thomas County",3,4,621,317,304
050,13,275,"Georgia","Thomas County",3,5,598,304,294
050,13,275,"Georgia","Thomas County",3,6,604,315,289
050,13,275,"Georgia","Thomas County",3,7,609,305,304
050,13,275,"Georgia","Thomas County",3,8,604,313,291
050,13,275,"Georgia","Thomas County",3,9,604,311,293
050,13,275,"Georgia","Thomas County",3,10,590,291,299
050,13,275,"Georgia","Thomas County",3,11,632,330,302
050,13,275,"Georgia","Thomas County",3,12,671,362,309
050,13,275,"Georgia","Thomas County",3,13,689,343,346
050,13,275,"Georgia","Thomas County",3,14,687,343,344
050,13,275,"Georgia","Thomas County",3,15,645,332,313
050,13,275,"Georgia","Thomas County",3,16,651,331,320
050,13,275,"Georgia","Thomas County",3,17,633,332,301
050,13,275,"Georgia","Thomas County",3,18,561,278,283
050,13,275,"Georgia","Thomas County",3,19,456,229,227
050,13,275,"Georgia","Thomas County",3,20,541,266,275
050,13,275,"Georgia","Thomas County",3,21,536,267,269
050,13,275,"Georgia","Thomas County",3,22,542,258,284
050,13,275,"Georgia","Thomas County",3,23,520,254,266
050,13,275,"Georgia","Thomas County",3,24,519,247,272
050,13,275,"Georgia","Thomas County",3,25,471,232,239
050,13,275,"Georgia","Thomas County",3,26,543,260,283
050,13,275,"Georgia","Thomas County",3,27,554,252,302
050,13,275,"Georgia","Thomas County",3,28,545,250,295
050,13,275,"Georgia","Thomas County",3,29,562,257,305
050,13,275,"Georgia","Thomas County",3,30,577,264,313
050,13,275,"Georgia","Thomas County",3,31,518,236,282
050,13,275,"Georgia","Thomas County",3,32,515,249,266
050,13,275,"Georgia","Thomas County",3,33,516,249,267
050,13,275,"Georgia","Thomas County",3,34,541,238,303
050,13,275,"Georgia","Thomas County",3,35,538,234,304
050,13,275,"Georgia","Thomas County",3,36,572,256,316
050,13,275,"Georgia","Thomas County",3,37,568,260,308
050,13,275,"Georgia","Thomas County",3,38,578,282,296
050,13,275,"Georgia","Thomas County",3,39,580,287,293
050,13,275,"Georgia","Thomas County",3,40,562,283,279
050,13,275,"Georgia","Thomas County",3,41,559,265,294
050,13,275,"Georgia","Thomas County",3,42,539,251,288
050,13,275,"Georgia","Thomas County",3,43,529,253,276
050,13,275,"Georgia","Thomas County",3,44,519,239,280
050,13,275,"Georgia","Thomas County",3,45,470,217,253
050,13,275,"Georgia","Thomas County",3,46,468,205,263
050,13,275,"Georgia","Thomas County",3,47,465,214,251
050,13,275,"Georgia","Thomas County",3,48,520,234,286
050,13,275,"Georgia","Thomas County",3,49,587,267,320
050,13,275,"Georgia","Thomas County",3,50,617,308,309
050,13,275,"Georgia","Thomas County",3,51,571,278,293
050,13,275,"Georgia","Thomas County",3,52,563,270,293
050,13,275,"Georgia","Thomas County",3,53,580,283,297
050,13,275,"Georgia","Thomas County",3,54,564,272,292
050,13,275,"Georgia","Thomas County",3,55,591,281,310
050,13,275,"Georgia","Thomas County",3,56,627,306,321
050,13,275,"Georgia","Thomas County",3,57,673,326,347
050,13,275,"Georgia","Thomas County",3,58,640,294,346
050,13,275,"Georgia","Thomas County",3,59,649,299,350
050,13,275,"Georgia","Thomas County",3,60,642,304,338
050,13,275,"Georgia","Thomas County",3,61,632,287,345
050,13,275,"Georgia","Thomas County",3,62,635,295,340
050,13,275,"Georgia","Thomas County",3,63,596,267,329
050,13,275,"Georgia","Thomas County",3,64,607,279,328
050,13,275,"Georgia","Thomas County",3,65,578,278,300
050,13,275,"Georgia","Thomas County",3,66,566,279,287
050,13,275,"Georgia","Thomas County",3,67,563,273,290
050,13,275,"Georgia","Thomas County",3,68,541,255,286
050,13,275,"Georgia","Thomas County",3,69,513,229,284
050,13,275,"Georgia","Thomas County",3,70,485,213,272
050,13,275,"Georgia","Thomas County",3,71,483,219,264
050,13,275,"Georgia","Thomas County",3,72,476,210,266
050,13,275,"Georgia","Thomas County",3,73,439,185,254
050,13,275,"Georgia","Thomas County",3,74,459,192,267
050,13,275,"Georgia","Thomas County",3,75,353,149,204
050,13,275,"Georgia","Thomas County",3,76,349,152,197
050,13,275,"Georgia","Thomas County",3,77,354,142,212
050,13,275,"Georgia","Thomas County",3,78,335,143,192
050,13,275,"Georgia","Thomas County",3,79,274,119,155
050,13,275,"Georgia","Thomas County",3,80,232,102,130
050,13,275,"Georgia","Thomas County",3,81,218,94,124
050,13,275,"Georgia","Thomas County",3,82,222,95,127
050,13,275,"Georgia","Thomas County",3,83,186,80,106
050,13,275,"Georgia","Thomas County",3,84,171,65,106
050,13,275,"Georgia","Thomas County",3,85,782,286,496
050,13,275,"Georgia","Thomas County",4,0,497,225,272
050,13,275,"Georgia","Thomas County",4,1,524,257,267
050,13,275,"Georgia","Thomas County",4,2,545,276,269
050,13,275,"Georgia","Thomas County",4,3,500,269,231
050,13,275,"Georgia","Thomas County",4,4,568,291,277
050,13,275,"Georgia","Thomas County",4,5,605,317,288
050,13,275,"Georgia","Thomas County",4,6,592,304,288
050,13,275,"Georgia","Thomas County",4,7,608,318,290
050,13,275,"Georgia","Thomas County",4,8,608,305,303
050,13,275,"Georgia","Thomas County",4,9,586,295,291
050,13,275,"Georgia","Thomas County",4,10,593,300,293
050,13,275,"Georgia","Thomas County",4,11,583,281,302
050,13,275,"Georgia","Thomas County",4,12,639,335,304
050,13,275,"Georgia","Thomas County",4,13,675,366,309
050,13,275,"Georgia","Thomas County",4,14,681,339,342
050,13,275,"Georgia","Thomas County",4,15,678,337,341
050,13,275,"Georgia","Thomas County",4,16,671,349,322
050,13,275,"Georgia","Thomas County",4,17,651,325,326
050,13,275,"Georgia","Thomas County",4,18,559,296,263
050,13,275,"Georgia","Thomas County",4,19,466,230,236
050,13,275,"Georgia","Thomas County",4,20,471,239,232
050,13,275,"Georgia","Thomas County",4,21,518,273,245
050,13,275,"Georgia","Thomas County",4,22,530,259,271
050,13,275,"Georgia","Thomas County",4,23,553,266,287
050,13,275,"Georgia","Thomas County",4,24,534,262,272
050,13,275,"Georgia","Thomas County",4,25,497,229,268
050,13,275,"Georgia","Thomas County",4,26,481,231,250
050,13,275,"Georgia","Thomas County",4,27,523,258,265
050,13,275,"Georgia","Thomas County",4,28,529,242,287
050,13,275,"Georgia","Thomas County",4,29,523,241,282
050,13,275,"Georgia","Thomas County",4,30,567,258,309
050,13,275,"Georgia","Thomas County",4,31,572,262,310
050,13,275,"Georgia","Thomas County",4,32,529,241,288
050,13,275,"Georgia","Thomas County",4,33,493,241,252
050,13,275,"Georgia","Thomas County",4,34,537,261,276
050,13,275,"Georgia","Thomas County",4,35,546,242,304
050,13,275,"Georgia","Thomas County",4,36,554,247,307
050,13,275,"Georgia","Thomas County",4,37,573,255,318
050,13,275,"Georgia","Thomas County",4,38,575,274,301
050,13,275,"Georgia","Thomas County",4,39,578,282,296
050,13,275,"Georgia","Thomas County",4,40,578,280,298
050,13,275,"Georgia","Thomas County",4,41,564,287,277
050,13,275,"Georgia","Thomas County",4,42,562,267,295
050,13,275,"Georgia","Thomas County",4,43,549,268,281
050,13,275,"Georgia","Thomas County",4,44,529,255,274
050,13,275,"Georgia","Thomas County",4,45,509,231,278
050,13,275,"Georgia","Thomas County",4,46,463,214,249
050,13,275,"Georgia","Thomas County",4,47,458,200,258
050,13,275,"Georgia","Thomas County",4,48,472,215,257
050,13,275,"Georgia","Thomas County",4,49,512,239,273
050,13,275,"Georgia","Thomas County",4,50,575,262,313
050,13,275,"Georgia","Thomas County",4,51,613,306,307
050,13,275,"Georgia","Thomas County",4,52,564,275,289
050,13,275,"Georgia","Thomas County",4,53,542,261,281
050,13,275,"Georgia","Thomas County",4,54,581,279,302
050,13,275,"Georgia","Thomas County",4,55,566,272,294
050,13,275,"Georgia","Thomas County",4,56,581,273,308
050,13,275,"Georgia","Thomas County",4,57,636,307,329
050,13,275,"Georgia","Thomas County",4,58,669,322,347
050,13,275,"Georgia","Thomas County",4,59,627,292,335
050,13,275,"Georgia","Thomas County",4,60,622,283,339
050,13,275,"Georgia","Thomas County",4,61,651,307,344
050,13,275,"Georgia","Thomas County",4,62,634,296,338
050,13,275,"Georgia","Thomas County",4,63,615,283,332
050,13,275,"Georgia","Thomas County",4,64,575,259,316
050,13,275,"Georgia","Thomas County",4,65,580,263,317
050,13,275,"Georgia","Thomas County",4,66,569,279,290
050,13,275,"Georgia","Thomas County",4,67,571,282,289
050,13,275,"Georgia","Thomas County",4,68,569,274,295
050,13,275,"Georgia","Thomas County",4,69,534,249,285
050,13,275,"Georgia","Thomas County",4,70,499,220,279
050,13,275,"Georgia","Thomas County",4,71,476,209,267
050,13,275,"Georgia","Thomas County",4,72,479,215,264
050,13,275,"Georgia","Thomas County",4,73,467,206,261
050,13,275,"Georgia","Thomas County",4,74,417,170,247
050,13,275,"Georgia","Thomas County",4,75,443,181,262
050,13,275,"Georgia","Thomas County",4,76,342,141,201
050,13,275,"Georgia","Thomas County",4,77,340,144,196
050,13,275,"Georgia","Thomas County",4,78,335,133,202
050,13,275,"Georgia","Thomas County",4,79,321,136,185
050,13,275,"Georgia","Thomas County",4,80,264,112,152
050,13,275,"Georgia","Thomas County",4,81,221,97,124
050,13,275,"Georgia","Thomas County",4,82,199,89,110
050,13,275,"Georgia","Thomas County",4,83,197,84,113
050,13,275,"Georgia","Thomas County",4,84,163,66,97
050,13,275,"Georgia","Thomas County",4,85,806,298,508
050,13,275,"Georgia","Thomas County",5,0,520,235,285
050,13,275,"Georgia","Thomas County",5,1,490,221,269
050,13,275,"Georgia","Thomas County",5,2,516,250,266
050,13,275,"Georgia","Thomas County",5,3,542,274,268
050,13,275,"Georgia","Thomas County",5,4,507,277,230
050,13,275,"Georgia","Thomas County",5,5,569,283,286
050,13,275,"Georgia","Thomas County",5,6,613,323,290
050,13,275,"Georgia","Thomas County",5,7,611,305,306
050,13,275,"Georgia","Thomas County",5,8,610,316,294
050,13,275,"Georgia","Thomas County",5,9,604,309,295
050,13,275,"Georgia","Thomas County",5,10,592,300,292
050,13,275,"Georgia","Thomas County",5,11,576,295,281
050,13,275,"Georgia","Thomas County",5,12,589,295,294
050,13,275,"Georgia","Thomas County",5,13,635,330,305
050,13,275,"Georgia","Thomas County",5,14,692,373,319
050,13,275,"Georgia","Thomas County",5,15,674,340,334
050,13,275,"Georgia","Thomas County",5,16,683,349,334
050,13,275,"Georgia","Thomas County",5,17,681,347,334
050,13,275,"Georgia","Thomas County",5,18,573,288,285
050,13,275,"Georgia","Thomas County",5,19,456,244,212
050,13,275,"Georgia","Thomas County",5,20,510,247,263
050,13,275,"Georgia","Thomas County",5,21,481,252,229
050,13,275,"Georgia","Thomas County",5,22,548,278,270
050,13,275,"Georgia","Thomas County",5,23,541,265,276
050,13,275,"Georgia","Thomas County",5,24,565,266,299
050,13,275,"Georgia","Thomas County",5,25,531,258,273
050,13,275,"Georgia","Thomas County",5,26,492,228,264
050,13,275,"Georgia","Thomas County",5,27,494,229,265
050,13,275,"Georgia","Thomas County",5,28,525,258,267
050,13,275,"Georgia","Thomas County",5,29,525,232,293
050,13,275,"Georgia","Thomas County",5,30,513,237,276
050,13,275,"Georgia","Thomas County",5,31,553,255,298
050,13,275,"Georgia","Thomas County",5,32,575,267,308
050,13,275,"Georgia","Thomas County",5,33,511,240,271
050,13,275,"Georgia","Thomas County",5,34,500,236,264
050,13,275,"Georgia","Thomas County",5,35,550,262,288
050,13,275,"Georgia","Thomas County",5,36,539,238,301
050,13,275,"Georgia","Thomas County",5,37,546,240,306
050,13,275,"Georgia","Thomas County",5,38,569,259,310
050,13,275,"Georgia","Thomas County",5,39,568,267,301
050,13,275,"Georgia","Thomas County",5,40,566,269,297
050,13,275,"Georgia","Thomas County",5,41,583,282,301
050,13,275,"Georgia","Thomas County",5,42,580,293,287
050,13,275,"Georgia","Thomas County",5,43,560,256,304
050,13,275,"Georgia","Thomas County",5,44,565,275,290
050,13,275,"Georgia","Thomas County",5,45,528,259,269
050,13,275,"Georgia","Thomas County",5,46,518,237,281
050,13,275,"Georgia","Thomas County",5,47,455,204,251
050,13,275,"Georgia","Thomas County",5,48,458,199,259
050,13,275,"Georgia","Thomas County",5,49,461,204,257
050,13,275,"Georgia","Thomas County",5,50,527,250,277
050,13,275,"Georgia","Thomas County",5,51,582,266,316
050,13,275,"Georgia","Thomas County",5,52,604,295,309
050,13,275,"Georgia","Thomas County",5,53,554,269,285
050,13,275,"Georgia","Thomas County",5,54,543,260,283
050,13,275,"Georgia","Thomas County",5,55,585,283,302
050,13,275,"Georgia","Thomas County",5,56,563,273,290
050,13,275,"Georgia","Thomas County",5,57,582,273,309
050,13,275,"Georgia","Thomas County",5,58,634,310,324
050,13,275,"Georgia","Thomas County",5,59,681,326,355
050,13,275,"Georgia","Thomas County",5,60,610,278,332
050,13,275,"Georgia","Thomas County",5,61,604,264,340
050,13,275,"Georgia","Thomas County",5,62,661,310,351
050,13,275,"Georgia","Thomas County",5,63,637,300,337
050,13,275,"Georgia","Thomas County",5,64,603,279,324
050,13,275,"Georgia","Thomas County",5,65,554,244,310
050,13,275,"Georgia","Thomas County",5,66,581,268,313
050,13,275,"Georgia","Thomas County",5,67,564,279,285
050,13,275,"Georgia","Thomas County",5,68,566,277,289
050,13,275,"Georgia","Thomas County",5,69,566,270,296
050,13,275,"Georgia","Thomas County",5,70,518,239,279
050,13,275,"Georgia","Thomas County",5,71,486,210,276
050,13,275,"Georgia","Thomas County",5,72,473,205,268
050,13,275,"Georgia","Thomas County",5,73,475,217,258
050,13,275,"Georgia","Thomas County",5,74,457,197,260
050,13,275,"Georgia","Thomas County",5,75,404,161,243
050,13,275,"Georgia","Thomas County",5,76,434,177,257
050,13,275,"Georgia","Thomas County",5,77,336,134,202
050,13,275,"Georgia","Thomas County",5,78,323,135,188
050,13,275,"Georgia","Thomas County",5,79,323,128,195
050,13,275,"Georgia","Thomas County",5,80,313,129,184
050,13,275,"Georgia","Thomas County",5,81,250,103,147
050,13,275,"Georgia","Thomas County",5,82,204,91,113
050,13,275,"Georgia","Thomas County",5,83,180,80,100
050,13,275,"Georgia","Thomas County",5,84,181,72,109
050,13,275,"Georgia","Thomas County",5,85,848,316,532
050,13,277,"Georgia","Tift County",1,0,541,275,266
050,13,277,"Georgia","Tift County",1,1,544,269,275
050,13,277,"Georgia","Tift County",1,2,580,309,271
050,13,277,"Georgia","Tift County",1,3,589,313,276
050,13,277,"Georgia","Tift County",1,4,597,325,272
050,13,277,"Georgia","Tift County",1,5,597,314,283
050,13,277,"Georgia","Tift County",1,6,574,316,258
050,13,277,"Georgia","Tift County",1,7,611,316,295
050,13,277,"Georgia","Tift County",1,8,585,310,275
050,13,277,"Georgia","Tift County",1,9,565,282,283
050,13,277,"Georgia","Tift County",1,10,584,280,304
050,13,277,"Georgia","Tift County",1,11,568,297,271
050,13,277,"Georgia","Tift County",1,12,603,314,289
050,13,277,"Georgia","Tift County",1,13,630,321,309
050,13,277,"Georgia","Tift County",1,14,627,320,307
050,13,277,"Georgia","Tift County",1,15,582,291,291
050,13,277,"Georgia","Tift County",1,16,581,291,290
050,13,277,"Georgia","Tift County",1,17,546,269,277
050,13,277,"Georgia","Tift County",1,18,587,286,301
050,13,277,"Georgia","Tift County",1,19,620,319,301
050,13,277,"Georgia","Tift County",1,20,564,280,284
050,13,277,"Georgia","Tift County",1,21,512,249,263
050,13,277,"Georgia","Tift County",1,22,537,269,268
050,13,277,"Georgia","Tift County",1,23,557,270,287
050,13,277,"Georgia","Tift County",1,24,512,231,281
050,13,277,"Georgia","Tift County",1,25,541,263,278
050,13,277,"Georgia","Tift County",1,26,529,272,257
050,13,277,"Georgia","Tift County",1,27,538,262,276
050,13,277,"Georgia","Tift County",1,28,562,262,300
050,13,277,"Georgia","Tift County",1,29,548,274,274
050,13,277,"Georgia","Tift County",1,30,561,275,286
050,13,277,"Georgia","Tift County",1,31,582,279,303
050,13,277,"Georgia","Tift County",1,32,580,279,301
050,13,277,"Georgia","Tift County",1,33,574,284,290
050,13,277,"Georgia","Tift County",1,34,539,274,265
050,13,277,"Georgia","Tift County",1,35,525,261,264
050,13,277,"Georgia","Tift County",1,36,516,254,262
050,13,277,"Georgia","Tift County",1,37,513,257,256
050,13,277,"Georgia","Tift County",1,38,505,252,253
050,13,277,"Georgia","Tift County",1,39,525,259,266
050,13,277,"Georgia","Tift County",1,40,577,267,310
050,13,277,"Georgia","Tift County",1,41,536,269,267
050,13,277,"Georgia","Tift County",1,42,496,250,246
050,13,277,"Georgia","Tift County",1,43,501,249,252
050,13,277,"Georgia","Tift County",1,44,471,234,237
050,13,277,"Georgia","Tift County",1,45,460,225,235
050,13,277,"Georgia","Tift County",1,46,488,239,249
050,13,277,"Georgia","Tift County",1,47,478,234,244
050,13,277,"Georgia","Tift County",1,48,481,226,255
050,13,277,"Georgia","Tift County",1,49,536,264,272
050,13,277,"Georgia","Tift County",1,50,506,236,270
050,13,277,"Georgia","Tift County",1,51,477,236,241
050,13,277,"Georgia","Tift County",1,52,473,247,226
050,13,277,"Georgia","Tift County",1,53,510,260,250
050,13,277,"Georgia","Tift County",1,54,494,239,255
050,13,277,"Georgia","Tift County",1,55,502,251,251
050,13,277,"Georgia","Tift County",1,56,488,248,240
050,13,277,"Georgia","Tift County",1,57,473,224,249
050,13,277,"Georgia","Tift County",1,58,510,246,264
050,13,277,"Georgia","Tift County",1,59,515,254,261
050,13,277,"Georgia","Tift County",1,60,504,232,272
050,13,277,"Georgia","Tift County",1,61,499,215,284
050,13,277,"Georgia","Tift County",1,62,473,216,257
050,13,277,"Georgia","Tift County",1,63,491,234,257
050,13,277,"Georgia","Tift County",1,64,506,240,266
050,13,277,"Georgia","Tift County",1,65,466,220,246
050,13,277,"Georgia","Tift County",1,66,427,190,237
050,13,277,"Georgia","Tift County",1,67,429,195,234
050,13,277,"Georgia","Tift County",1,68,397,182,215
050,13,277,"Georgia","Tift County",1,69,365,157,208
050,13,277,"Georgia","Tift County",1,70,343,142,201
050,13,277,"Georgia","Tift County",1,71,338,153,185
050,13,277,"Georgia","Tift County",1,72,392,173,219
050,13,277,"Georgia","Tift County",1,73,390,177,213
050,13,277,"Georgia","Tift County",1,74,260,123,137
050,13,277,"Georgia","Tift County",1,75,264,120,144
050,13,277,"Georgia","Tift County",1,76,239,92,147
050,13,277,"Georgia","Tift County",1,77,269,109,160
050,13,277,"Georgia","Tift County",1,78,215,86,129
050,13,277,"Georgia","Tift County",1,79,183,78,105
050,13,277,"Georgia","Tift County",1,80,193,85,108
050,13,277,"Georgia","Tift County",1,81,165,68,97
050,13,277,"Georgia","Tift County",1,82,123,38,85
050,13,277,"Georgia","Tift County",1,83,132,57,75
050,13,277,"Georgia","Tift County",1,84,138,55,83
050,13,277,"Georgia","Tift County",1,85,653,190,463
050,13,277,"Georgia","Tift County",2,0,543,274,269
050,13,277,"Georgia","Tift County",2,1,544,272,272
050,13,277,"Georgia","Tift County",2,2,577,301,276
050,13,277,"Georgia","Tift County",2,3,586,308,278
050,13,277,"Georgia","Tift County",2,4,597,321,276
050,13,277,"Georgia","Tift County",2,5,598,318,280
050,13,277,"Georgia","Tift County",2,6,583,317,266
050,13,277,"Georgia","Tift County",2,7,603,318,285
050,13,277,"Georgia","Tift County",2,8,593,312,281
050,13,277,"Georgia","Tift County",2,9,569,288,281
050,13,277,"Georgia","Tift County",2,10,579,281,298
050,13,277,"Georgia","Tift County",2,11,571,293,278
050,13,277,"Georgia","Tift County",2,12,598,310,288
050,13,277,"Georgia","Tift County",2,13,620,317,303
050,13,277,"Georgia","Tift County",2,14,626,320,306
050,13,277,"Georgia","Tift County",2,15,592,297,295
050,13,277,"Georgia","Tift County",2,16,578,291,287
050,13,277,"Georgia","Tift County",2,17,556,275,281
050,13,277,"Georgia","Tift County",2,18,581,284,297
050,13,277,"Georgia","Tift County",2,19,625,319,306
050,13,277,"Georgia","Tift County",2,20,567,281,286
050,13,277,"Georgia","Tift County",2,21,515,252,263
050,13,277,"Georgia","Tift County",2,22,530,264,266
050,13,277,"Georgia","Tift County",2,23,550,268,282
050,13,277,"Georgia","Tift County",2,24,523,242,281
050,13,277,"Georgia","Tift County",2,25,537,256,281
050,13,277,"Georgia","Tift County",2,26,532,270,262
050,13,277,"Georgia","Tift County",2,27,536,264,272
050,13,277,"Georgia","Tift County",2,28,562,267,295
050,13,277,"Georgia","Tift County",2,29,549,266,283
050,13,277,"Georgia","Tift County",2,30,563,276,287
050,13,277,"Georgia","Tift County",2,31,576,278,298
050,13,277,"Georgia","Tift County",2,32,578,276,302
050,13,277,"Georgia","Tift County",2,33,572,282,290
050,13,277,"Georgia","Tift County",2,34,548,276,272
050,13,277,"Georgia","Tift County",2,35,535,266,269
050,13,277,"Georgia","Tift County",2,36,512,252,260
050,13,277,"Georgia","Tift County",2,37,512,255,257
050,13,277,"Georgia","Tift County",2,38,508,256,252
050,13,277,"Georgia","Tift County",2,39,515,254,261
050,13,277,"Georgia","Tift County",2,40,573,271,302
050,13,277,"Georgia","Tift County",2,41,543,268,275
050,13,277,"Georgia","Tift County",2,42,505,254,251
050,13,277,"Georgia","Tift County",2,43,503,251,252
050,13,277,"Georgia","Tift County",2,44,474,235,239
050,13,277,"Georgia","Tift County",2,45,465,229,236
050,13,277,"Georgia","Tift County",2,46,476,232,244
050,13,277,"Georgia","Tift County",2,47,475,231,244
050,13,277,"Georgia","Tift County",2,48,478,228,250
050,13,277,"Georgia","Tift County",2,49,530,259,271
050,13,277,"Georgia","Tift County",2,50,515,243,272
050,13,277,"Georgia","Tift County",2,51,483,236,247
050,13,277,"Georgia","Tift County",2,52,471,242,229
050,13,277,"Georgia","Tift County",2,53,501,257,244
050,13,277,"Georgia","Tift County",2,54,493,241,252
050,13,277,"Georgia","Tift County",2,55,494,246,248
050,13,277,"Georgia","Tift County",2,56,491,250,241
050,13,277,"Georgia","Tift County",2,57,477,229,248
050,13,277,"Georgia","Tift County",2,58,499,238,261
050,13,277,"Georgia","Tift County",2,59,509,248,261
050,13,277,"Georgia","Tift County",2,60,506,237,269
050,13,277,"Georgia","Tift County",2,61,498,217,281
050,13,277,"Georgia","Tift County",2,62,475,213,262
050,13,277,"Georgia","Tift County",2,63,490,229,261
050,13,277,"Georgia","Tift County",2,64,499,237,262
050,13,277,"Georgia","Tift County",2,65,473,224,249
050,13,277,"Georgia","Tift County",2,66,436,197,239
050,13,277,"Georgia","Tift County",2,67,421,188,233
050,13,277,"Georgia","Tift County",2,68,402,183,219
050,13,277,"Georgia","Tift County",2,69,374,163,211
050,13,277,"Georgia","Tift County",2,70,346,144,202
050,13,277,"Georgia","Tift County",2,71,334,148,186
050,13,277,"Georgia","Tift County",2,72,372,164,208
050,13,277,"Georgia","Tift County",2,73,404,181,223
050,13,277,"Georgia","Tift County",2,74,269,126,143
050,13,277,"Georgia","Tift County",2,75,262,121,141
050,13,277,"Georgia","Tift County",2,76,243,98,145
050,13,277,"Georgia","Tift County",2,77,267,109,158
050,13,277,"Georgia","Tift County",2,78,222,89,133
050,13,277,"Georgia","Tift County",2,79,188,78,110
050,13,277,"Georgia","Tift County",2,80,189,83,106
050,13,277,"Georgia","Tift County",2,81,166,67,99
050,13,277,"Georgia","Tift County",2,82,133,45,88
050,13,277,"Georgia","Tift County",2,83,126,50,76
050,13,277,"Georgia","Tift County",2,84,137,55,82
050,13,277,"Georgia","Tift County",2,85,661,197,464
050,13,277,"Georgia","Tift County",3,0,494,245,249
050,13,277,"Georgia","Tift County",3,1,521,264,257
050,13,277,"Georgia","Tift County",3,2,536,279,257
050,13,277,"Georgia","Tift County",3,3,560,293,267
050,13,277,"Georgia","Tift County",3,4,572,300,272
050,13,277,"Georgia","Tift County",3,5,578,318,260
050,13,277,"Georgia","Tift County",3,6,588,310,278
050,13,277,"Georgia","Tift County",3,7,570,297,273
050,13,277,"Georgia","Tift County",3,8,578,307,271
050,13,277,"Georgia","Tift County",3,9,598,323,275
050,13,277,"Georgia","Tift County",3,10,557,289,268
050,13,277,"Georgia","Tift County",3,11,586,282,304
050,13,277,"Georgia","Tift County",3,12,568,294,274
050,13,277,"Georgia","Tift County",3,13,606,315,291
050,13,277,"Georgia","Tift County",3,14,615,315,300
050,13,277,"Georgia","Tift County",3,15,609,311,298
050,13,277,"Georgia","Tift County",3,16,591,302,289
050,13,277,"Georgia","Tift County",3,17,580,288,292
050,13,277,"Georgia","Tift County",3,18,560,277,283
050,13,277,"Georgia","Tift County",3,19,612,310,302
050,13,277,"Georgia","Tift County",3,20,558,278,280
050,13,277,"Georgia","Tift County",3,21,518,256,262
050,13,277,"Georgia","Tift County",3,22,492,235,257
050,13,277,"Georgia","Tift County",3,23,539,269,270
050,13,277,"Georgia","Tift County",3,24,550,273,277
050,13,277,"Georgia","Tift County",3,25,549,253,296
050,13,277,"Georgia","Tift County",3,26,554,266,288
050,13,277,"Georgia","Tift County",3,27,513,257,256
050,13,277,"Georgia","Tift County",3,28,528,263,265
050,13,277,"Georgia","Tift County",3,29,548,261,287
050,13,277,"Georgia","Tift County",3,30,530,249,281
050,13,277,"Georgia","Tift County",3,31,558,280,278
050,13,277,"Georgia","Tift County",3,32,553,269,284
050,13,277,"Georgia","Tift County",3,33,574,275,299
050,13,277,"Georgia","Tift County",3,34,552,266,286
050,13,277,"Georgia","Tift County",3,35,541,280,261
050,13,277,"Georgia","Tift County",3,36,522,257,265
050,13,277,"Georgia","Tift County",3,37,501,243,258
050,13,277,"Georgia","Tift County",3,38,505,251,254
050,13,277,"Georgia","Tift County",3,39,501,243,258
050,13,277,"Georgia","Tift County",3,40,522,249,273
050,13,277,"Georgia","Tift County",3,41,576,267,309
050,13,277,"Georgia","Tift County",3,42,537,261,276
050,13,277,"Georgia","Tift County",3,43,494,246,248
050,13,277,"Georgia","Tift County",3,44,492,242,250
050,13,277,"Georgia","Tift County",3,45,476,243,233
050,13,277,"Georgia","Tift County",3,46,463,224,239
050,13,277,"Georgia","Tift County",3,47,473,230,243
050,13,277,"Georgia","Tift County",3,48,467,230,237
050,13,277,"Georgia","Tift County",3,49,488,234,254
050,13,277,"Georgia","Tift County",3,50,524,254,270
050,13,277,"Georgia","Tift County",3,51,518,248,270
050,13,277,"Georgia","Tift County",3,52,473,229,244
050,13,277,"Georgia","Tift County",3,53,472,245,227
050,13,277,"Georgia","Tift County",3,54,496,252,244
050,13,277,"Georgia","Tift County",3,55,496,246,250
050,13,277,"Georgia","Tift County",3,56,492,240,252
050,13,277,"Georgia","Tift County",3,57,488,248,240
050,13,277,"Georgia","Tift County",3,58,472,221,251
050,13,277,"Georgia","Tift County",3,59,502,242,260
050,13,277,"Georgia","Tift County",3,60,497,236,261
050,13,277,"Georgia","Tift County",3,61,502,233,269
050,13,277,"Georgia","Tift County",3,62,491,214,277
050,13,277,"Georgia","Tift County",3,63,456,209,247
050,13,277,"Georgia","Tift County",3,64,491,231,260
050,13,277,"Georgia","Tift County",3,65,483,228,255
050,13,277,"Georgia","Tift County",3,66,477,230,247
050,13,277,"Georgia","Tift County",3,67,428,189,239
050,13,277,"Georgia","Tift County",3,68,410,177,233
050,13,277,"Georgia","Tift County",3,69,394,176,218
050,13,277,"Georgia","Tift County",3,70,376,165,211
050,13,277,"Georgia","Tift County",3,71,325,133,192
050,13,277,"Georgia","Tift County",3,72,327,146,181
050,13,277,"Georgia","Tift County",3,73,357,158,199
050,13,277,"Georgia","Tift County",3,74,387,169,218
050,13,277,"Georgia","Tift County",3,75,269,127,142
050,13,277,"Georgia","Tift County",3,76,251,112,139
050,13,277,"Georgia","Tift County",3,77,237,92,145
050,13,277,"Georgia","Tift County",3,78,253,101,152
050,13,277,"Georgia","Tift County",3,79,211,83,128
050,13,277,"Georgia","Tift County",3,80,172,74,98
050,13,277,"Georgia","Tift County",3,81,176,75,101
050,13,277,"Georgia","Tift County",3,82,146,59,87
050,13,277,"Georgia","Tift County",3,83,119,42,77
050,13,277,"Georgia","Tift County",3,84,107,34,73
050,13,277,"Georgia","Tift County",3,85,654,212,442
050,13,277,"Georgia","Tift County",4,0,495,249,246
050,13,277,"Georgia","Tift County",4,1,469,234,235
050,13,277,"Georgia","Tift County",4,2,521,263,258
050,13,277,"Georgia","Tift County",4,3,528,281,247
050,13,277,"Georgia","Tift County",4,4,569,306,263
050,13,277,"Georgia","Tift County",4,5,574,301,273
050,13,277,"Georgia","Tift County",4,6,589,326,263
050,13,277,"Georgia","Tift County",4,7,605,319,286
050,13,277,"Georgia","Tift County",4,8,579,309,270
050,13,277,"Georgia","Tift County",4,9,594,320,274
050,13,277,"Georgia","Tift County",4,10,606,329,277
050,13,277,"Georgia","Tift County",4,11,580,299,281
050,13,277,"Georgia","Tift County",4,12,582,278,304
050,13,277,"Georgia","Tift County",4,13,568,285,283
050,13,277,"Georgia","Tift County",4,14,622,320,302
050,13,277,"Georgia","Tift County",4,15,621,308,313
050,13,277,"Georgia","Tift County",4,16,618,306,312
050,13,277,"Georgia","Tift County",4,17,599,300,299
050,13,277,"Georgia","Tift County",4,18,602,300,302
050,13,277,"Georgia","Tift County",4,19,631,324,307
050,13,277,"Georgia","Tift County",4,20,565,277,288
050,13,277,"Georgia","Tift County",4,21,519,265,254
050,13,277,"Georgia","Tift County",4,22,534,261,273
050,13,277,"Georgia","Tift County",4,23,516,245,271
050,13,277,"Georgia","Tift County",4,24,556,279,277
050,13,277,"Georgia","Tift County",4,25,563,277,286
050,13,277,"Georgia","Tift County",4,26,529,243,286
050,13,277,"Georgia","Tift County",4,27,540,257,283
050,13,277,"Georgia","Tift County",4,28,533,273,260
050,13,277,"Georgia","Tift County",4,29,527,258,269
050,13,277,"Georgia","Tift County",4,30,565,259,306
050,13,277,"Georgia","Tift County",4,31,552,262,290
050,13,277,"Georgia","Tift County",4,32,544,266,278
050,13,277,"Georgia","Tift County",4,33,563,282,281
050,13,277,"Georgia","Tift County",4,34,576,272,304
050,13,277,"Georgia","Tift County",4,35,553,274,279
050,13,277,"Georgia","Tift County",4,36,534,269,265
050,13,277,"Georgia","Tift County",4,37,514,246,268
050,13,277,"Georgia","Tift County",4,38,500,246,254
050,13,277,"Georgia","Tift County",4,39,503,247,256
050,13,277,"Georgia","Tift County",4,40,504,248,256
050,13,277,"Georgia","Tift County",4,41,536,258,278
050,13,277,"Georgia","Tift County",4,42,579,267,312
050,13,277,"Georgia","Tift County",4,43,524,259,265
050,13,277,"Georgia","Tift County",4,44,476,230,246
050,13,277,"Georgia","Tift County",4,45,493,239,254
050,13,277,"Georgia","Tift County",4,46,474,238,236
050,13,277,"Georgia","Tift County",4,47,453,222,231
050,13,277,"Georgia","Tift County",4,48,463,227,236
050,13,277,"Georgia","Tift County",4,49,469,230,239
050,13,277,"Georgia","Tift County",4,50,504,238,266
050,13,277,"Georgia","Tift County",4,51,530,256,274
050,13,277,"Georgia","Tift County",4,52,515,242,273
050,13,277,"Georgia","Tift County",4,53,491,242,249
050,13,277,"Georgia","Tift County",4,54,461,236,225
050,13,277,"Georgia","Tift County",4,55,480,246,234
050,13,277,"Georgia","Tift County",4,56,475,234,241
050,13,277,"Georgia","Tift County",4,57,485,236,249
050,13,277,"Georgia","Tift County",4,58,488,245,243
050,13,277,"Georgia","Tift County",4,59,472,219,253
050,13,277,"Georgia","Tift County",4,60,470,223,247
050,13,277,"Georgia","Tift County",4,61,489,232,257
050,13,277,"Georgia","Tift County",4,62,497,231,266
050,13,277,"Georgia","Tift County",4,63,486,213,273
050,13,277,"Georgia","Tift County",4,64,458,207,251
050,13,277,"Georgia","Tift County",4,65,472,219,253
050,13,277,"Georgia","Tift County",4,66,471,229,242
050,13,277,"Georgia","Tift County",4,67,475,223,252
050,13,277,"Georgia","Tift County",4,68,427,184,243
050,13,277,"Georgia","Tift County",4,69,404,176,228
050,13,277,"Georgia","Tift County",4,70,400,177,223
050,13,277,"Georgia","Tift County",4,71,357,153,204
050,13,277,"Georgia","Tift County",4,72,322,134,188
050,13,277,"Georgia","Tift County",4,73,309,138,171
050,13,277,"Georgia","Tift County",4,74,341,142,199
050,13,277,"Georgia","Tift County",4,75,381,162,219
050,13,277,"Georgia","Tift County",4,76,261,122,139
050,13,277,"Georgia","Tift County",4,77,238,106,132
050,13,277,"Georgia","Tift County",4,78,222,87,135
050,13,277,"Georgia","Tift County",4,79,242,95,147
050,13,277,"Georgia","Tift County",4,80,203,82,121
050,13,277,"Georgia","Tift County",4,81,158,63,95
050,13,277,"Georgia","Tift County",4,82,163,73,90
050,13,277,"Georgia","Tift County",4,83,132,54,78
050,13,277,"Georgia","Tift County",4,84,107,31,76
050,13,277,"Georgia","Tift County",4,85,640,202,438
050,13,277,"Georgia","Tift County",5,0,508,258,250
050,13,277,"Georgia","Tift County",5,1,494,250,244
050,13,277,"Georgia","Tift County",5,2,500,252,248
050,13,277,"Georgia","Tift County",5,3,519,262,257
050,13,277,"Georgia","Tift County",5,4,542,287,255
050,13,277,"Georgia","Tift County",5,5,564,305,259
050,13,277,"Georgia","Tift County",5,6,549,290,259
050,13,277,"Georgia","Tift County",5,7,606,330,276
050,13,277,"Georgia","Tift County",5,8,599,318,281
050,13,277,"Georgia","Tift County",5,9,575,311,264
050,13,277,"Georgia","Tift County",5,10,580,304,276
050,13,277,"Georgia","Tift County",5,11,592,319,273
050,13,277,"Georgia","Tift County",5,12,567,287,280
050,13,277,"Georgia","Tift County",5,13,576,270,306
050,13,277,"Georgia","Tift County",5,14,560,285,275
050,13,277,"Georgia","Tift County",5,15,627,317,310
050,13,277,"Georgia","Tift County",5,16,620,302,318
050,13,277,"Georgia","Tift County",5,17,622,312,310
050,13,277,"Georgia","Tift County",5,18,625,309,316
050,13,277,"Georgia","Tift County",5,19,662,338,324
050,13,277,"Georgia","Tift County",5,20,580,283,297
050,13,277,"Georgia","Tift County",5,21,517,256,261
050,13,277,"Georgia","Tift County",5,22,541,272,269
050,13,277,"Georgia","Tift County",5,23,575,273,302
050,13,277,"Georgia","Tift County",5,24,515,234,281
050,13,277,"Georgia","Tift County",5,25,578,296,282
050,13,277,"Georgia","Tift County",5,26,557,276,281
050,13,277,"Georgia","Tift County",5,27,515,234,281
050,13,277,"Georgia","Tift County",5,28,528,252,276
050,13,277,"Georgia","Tift County",5,29,521,264,257
050,13,277,"Georgia","Tift County",5,30,529,255,274
050,13,277,"Georgia","Tift County",5,31,558,257,301
050,13,277,"Georgia","Tift County",5,32,539,256,283
050,13,277,"Georgia","Tift County",5,33,562,273,289
050,13,277,"Georgia","Tift County",5,34,572,286,286
050,13,277,"Georgia","Tift County",5,35,580,269,311
050,13,277,"Georgia","Tift County",5,36,551,276,275
050,13,277,"Georgia","Tift County",5,37,544,275,269
050,13,277,"Georgia","Tift County",5,38,520,248,272
050,13,277,"Georgia","Tift County",5,39,502,240,262
050,13,277,"Georgia","Tift County",5,40,506,252,254
050,13,277,"Georgia","Tift County",5,41,507,251,256
050,13,277,"Georgia","Tift County",5,42,517,244,273
050,13,277,"Georgia","Tift County",5,43,577,268,309
050,13,277,"Georgia","Tift County",5,44,532,255,277
050,13,277,"Georgia","Tift County",5,45,496,250,246
050,13,277,"Georgia","Tift County",5,46,483,236,247
050,13,277,"Georgia","Tift County",5,47,484,241,243
050,13,277,"Georgia","Tift County",5,48,442,213,229
050,13,277,"Georgia","Tift County",5,49,476,236,240
050,13,277,"Georgia","Tift County",5,50,453,222,231
050,13,277,"Georgia","Tift County",5,51,498,240,258
050,13,277,"Georgia","Tift County",5,52,530,252,278
050,13,277,"Georgia","Tift County",5,53,523,249,274
050,13,277,"Georgia","Tift County",5,54,473,232,241
050,13,277,"Georgia","Tift County",5,55,457,232,225
050,13,277,"Georgia","Tift County",5,56,478,244,234
050,13,277,"Georgia","Tift County",5,57,490,232,258
050,13,277,"Georgia","Tift County",5,58,483,233,250
050,13,277,"Georgia","Tift County",5,59,488,246,242
050,13,277,"Georgia","Tift County",5,60,460,218,242
050,13,277,"Georgia","Tift County",5,61,469,220,249
050,13,277,"Georgia","Tift County",5,62,465,218,247
050,13,277,"Georgia","Tift County",5,63,500,234,266
050,13,277,"Georgia","Tift County",5,64,486,207,279
050,13,277,"Georgia","Tift County",5,65,450,200,250
050,13,277,"Georgia","Tift County",5,66,473,222,251
050,13,277,"Georgia","Tift County",5,67,465,220,245
050,13,277,"Georgia","Tift County",5,68,472,219,253
050,13,277,"Georgia","Tift County",5,69,426,185,241
050,13,277,"Georgia","Tift County",5,70,399,173,226
050,13,277,"Georgia","Tift County",5,71,382,167,215
050,13,277,"Georgia","Tift County",5,72,356,154,202
050,13,277,"Georgia","Tift County",5,73,303,128,175
050,13,277,"Georgia","Tift County",5,74,304,135,169
050,13,277,"Georgia","Tift County",5,75,337,139,198
050,13,277,"Georgia","Tift County",5,76,373,154,219
050,13,277,"Georgia","Tift County",5,77,249,118,131
050,13,277,"Georgia","Tift County",5,78,233,106,127
050,13,277,"Georgia","Tift County",5,79,215,86,129
050,13,277,"Georgia","Tift County",5,80,230,91,139
050,13,277,"Georgia","Tift County",5,81,186,73,113
050,13,277,"Georgia","Tift County",5,82,139,56,83
050,13,277,"Georgia","Tift County",5,83,156,73,83
050,13,277,"Georgia","Tift County",5,84,120,43,77
050,13,277,"Georgia","Tift County",5,85,642,199,443
050,13,279,"Georgia","Toombs County",1,0,351,177,174
050,13,279,"Georgia","Toombs County",1,1,379,198,181
050,13,279,"Georgia","Toombs County",1,2,356,193,163
050,13,279,"Georgia","Toombs County",1,3,358,189,169
050,13,279,"Georgia","Toombs County",1,4,402,207,195
050,13,279,"Georgia","Toombs County",1,5,381,184,197
050,13,279,"Georgia","Toombs County",1,6,369,182,187
050,13,279,"Georgia","Toombs County",1,7,381,197,184
050,13,279,"Georgia","Toombs County",1,8,375,173,202
050,13,279,"Georgia","Toombs County",1,9,382,200,182
050,13,279,"Georgia","Toombs County",1,10,419,207,212
050,13,279,"Georgia","Toombs County",1,11,410,211,199
050,13,279,"Georgia","Toombs County",1,12,436,235,201
050,13,279,"Georgia","Toombs County",1,13,482,245,237
050,13,279,"Georgia","Toombs County",1,14,440,239,201
050,13,279,"Georgia","Toombs County",1,15,394,207,187
050,13,279,"Georgia","Toombs County",1,16,440,230,210
050,13,279,"Georgia","Toombs County",1,17,410,219,191
050,13,279,"Georgia","Toombs County",1,18,363,194,169
050,13,279,"Georgia","Toombs County",1,19,312,159,153
050,13,279,"Georgia","Toombs County",1,20,329,175,154
050,13,279,"Georgia","Toombs County",1,21,326,161,165
050,13,279,"Georgia","Toombs County",1,22,324,168,156
050,13,279,"Georgia","Toombs County",1,23,333,161,172
050,13,279,"Georgia","Toombs County",1,24,327,146,181
050,13,279,"Georgia","Toombs County",1,25,314,144,170
050,13,279,"Georgia","Toombs County",1,26,323,162,161
050,13,279,"Georgia","Toombs County",1,27,308,148,160
050,13,279,"Georgia","Toombs County",1,28,338,155,183
050,13,279,"Georgia","Toombs County",1,29,329,142,187
050,13,279,"Georgia","Toombs County",1,30,340,175,165
050,13,279,"Georgia","Toombs County",1,31,350,164,186
050,13,279,"Georgia","Toombs County",1,32,348,176,172
050,13,279,"Georgia","Toombs County",1,33,331,159,172
050,13,279,"Georgia","Toombs County",1,34,348,149,199
050,13,279,"Georgia","Toombs County",1,35,339,146,193
050,13,279,"Georgia","Toombs County",1,36,322,147,175
050,13,279,"Georgia","Toombs County",1,37,332,167,165
050,13,279,"Georgia","Toombs County",1,38,321,160,161
050,13,279,"Georgia","Toombs County",1,39,321,155,166
050,13,279,"Georgia","Toombs County",1,40,349,177,172
050,13,279,"Georgia","Toombs County",1,41,330,155,175
050,13,279,"Georgia","Toombs County",1,42,341,156,185
050,13,279,"Georgia","Toombs County",1,43,304,143,161
050,13,279,"Georgia","Toombs County",1,44,280,143,137
050,13,279,"Georgia","Toombs County",1,45,290,126,164
050,13,279,"Georgia","Toombs County",1,46,305,146,159
050,13,279,"Georgia","Toombs County",1,47,342,159,183
050,13,279,"Georgia","Toombs County",1,48,317,148,169
050,13,279,"Georgia","Toombs County",1,49,318,140,178
050,13,279,"Georgia","Toombs County",1,50,291,138,153
050,13,279,"Georgia","Toombs County",1,51,322,160,162
050,13,279,"Georgia","Toombs County",1,52,330,143,187
050,13,279,"Georgia","Toombs County",1,53,301,135,166
050,13,279,"Georgia","Toombs County",1,54,311,148,163
050,13,279,"Georgia","Toombs County",1,55,341,155,186
050,13,279,"Georgia","Toombs County",1,56,345,163,182
050,13,279,"Georgia","Toombs County",1,57,342,160,182
050,13,279,"Georgia","Toombs County",1,58,346,166,180
050,13,279,"Georgia","Toombs County",1,59,338,168,170
050,13,279,"Georgia","Toombs County",1,60,320,151,169
050,13,279,"Georgia","Toombs County",1,61,314,160,154
050,13,279,"Georgia","Toombs County",1,62,339,173,166
050,13,279,"Georgia","Toombs County",1,63,329,163,166
050,13,279,"Georgia","Toombs County",1,64,310,142,168
050,13,279,"Georgia","Toombs County",1,65,305,138,167
050,13,279,"Georgia","Toombs County",1,66,281,129,152
050,13,279,"Georgia","Toombs County",1,67,311,144,167
050,13,279,"Georgia","Toombs County",1,68,275,122,153
050,13,279,"Georgia","Toombs County",1,69,233,113,120
050,13,279,"Georgia","Toombs County",1,70,261,125,136
050,13,279,"Georgia","Toombs County",1,71,259,119,140
050,13,279,"Georgia","Toombs County",1,72,240,99,141
050,13,279,"Georgia","Toombs County",1,73,247,119,128
050,13,279,"Georgia","Toombs County",1,74,188,80,108
050,13,279,"Georgia","Toombs County",1,75,199,83,116
050,13,279,"Georgia","Toombs County",1,76,191,77,114
050,13,279,"Georgia","Toombs County",1,77,166,62,104
050,13,279,"Georgia","Toombs County",1,78,157,60,97
050,13,279,"Georgia","Toombs County",1,79,139,56,83
050,13,279,"Georgia","Toombs County",1,80,131,46,85
050,13,279,"Georgia","Toombs County",1,81,127,50,77
050,13,279,"Georgia","Toombs County",1,82,124,39,85
050,13,279,"Georgia","Toombs County",1,83,91,26,65
050,13,279,"Georgia","Toombs County",1,84,80,26,54
050,13,279,"Georgia","Toombs County",1,85,523,154,369
050,13,279,"Georgia","Toombs County",2,0,377,199,178
050,13,279,"Georgia","Toombs County",2,1,377,197,180
050,13,279,"Georgia","Toombs County",2,2,360,193,167
050,13,279,"Georgia","Toombs County",2,3,361,193,168
050,13,279,"Georgia","Toombs County",2,4,392,201,191
050,13,279,"Georgia","Toombs County",2,5,385,189,196
050,13,279,"Georgia","Toombs County",2,6,374,185,189
050,13,279,"Georgia","Toombs County",2,7,377,193,184
050,13,279,"Georgia","Toombs County",2,8,375,179,196
050,13,279,"Georgia","Toombs County",2,9,381,194,187
050,13,279,"Georgia","Toombs County",2,10,407,203,204
050,13,279,"Georgia","Toombs County",2,11,412,208,204
050,13,279,"Georgia","Toombs County",2,12,433,230,203
050,13,279,"Georgia","Toombs County",2,13,468,244,224
050,13,279,"Georgia","Toombs County",2,14,449,240,209
050,13,279,"Georgia","Toombs County",2,15,405,214,191
050,13,279,"Georgia","Toombs County",2,16,434,231,203
050,13,279,"Georgia","Toombs County",2,17,412,218,194
050,13,279,"Georgia","Toombs County",2,18,363,197,166
050,13,279,"Georgia","Toombs County",2,19,312,160,152
050,13,279,"Georgia","Toombs County",2,20,335,175,160
050,13,279,"Georgia","Toombs County",2,21,331,166,165
050,13,279,"Georgia","Toombs County",2,22,329,166,163
050,13,279,"Georgia","Toombs County",2,23,335,163,172
050,13,279,"Georgia","Toombs County",2,24,329,148,181
050,13,279,"Georgia","Toombs County",2,25,319,145,174
050,13,279,"Georgia","Toombs County",2,26,324,158,166
050,13,279,"Georgia","Toombs County",2,27,312,151,161
050,13,279,"Georgia","Toombs County",2,28,331,154,177
050,13,279,"Georgia","Toombs County",2,29,330,145,185
050,13,279,"Georgia","Toombs County",2,30,340,169,171
050,13,279,"Georgia","Toombs County",2,31,349,167,182
050,13,279,"Georgia","Toombs County",2,32,349,174,175
050,13,279,"Georgia","Toombs County",2,33,337,164,173
050,13,279,"Georgia","Toombs County",2,34,351,155,196
050,13,279,"Georgia","Toombs County",2,35,342,146,196
050,13,279,"Georgia","Toombs County",2,36,324,146,178
050,13,279,"Georgia","Toombs County",2,37,331,162,169
050,13,279,"Georgia","Toombs County",2,38,326,164,162
050,13,279,"Georgia","Toombs County",2,39,321,156,165
050,13,279,"Georgia","Toombs County",2,40,343,173,170
050,13,279,"Georgia","Toombs County",2,41,333,159,174
050,13,279,"Georgia","Toombs County",2,42,340,157,183
050,13,279,"Georgia","Toombs County",2,43,316,147,169
050,13,279,"Georgia","Toombs County",2,44,284,142,142
050,13,279,"Georgia","Toombs County",2,45,284,127,157
050,13,279,"Georgia","Toombs County",2,46,303,143,160
050,13,279,"Georgia","Toombs County",2,47,331,155,176
050,13,279,"Georgia","Toombs County",2,48,320,149,171
050,13,279,"Georgia","Toombs County",2,49,320,144,176
050,13,279,"Georgia","Toombs County",2,50,298,139,159
050,13,279,"Georgia","Toombs County",2,51,311,153,158
050,13,279,"Georgia","Toombs County",2,52,326,148,178
050,13,279,"Georgia","Toombs County",2,53,309,138,171
050,13,279,"Georgia","Toombs County",2,54,307,145,162
050,13,279,"Georgia","Toombs County",2,55,332,152,180
050,13,279,"Georgia","Toombs County",2,56,347,162,185
050,13,279,"Georgia","Toombs County",2,57,345,161,184
050,13,279,"Georgia","Toombs County",2,58,345,164,181
050,13,279,"Georgia","Toombs County",2,59,339,167,172
050,13,279,"Georgia","Toombs County",2,60,321,152,169
050,13,279,"Georgia","Toombs County",2,61,314,157,157
050,13,279,"Georgia","Toombs County",2,62,330,168,162
050,13,279,"Georgia","Toombs County",2,63,332,167,165
050,13,279,"Georgia","Toombs County",2,64,310,145,165
050,13,279,"Georgia","Toombs County",2,65,304,139,165
050,13,279,"Georgia","Toombs County",2,66,286,130,156
050,13,279,"Georgia","Toombs County",2,67,303,140,163
050,13,279,"Georgia","Toombs County",2,68,280,127,153
050,13,279,"Georgia","Toombs County",2,69,245,117,128
050,13,279,"Georgia","Toombs County",2,70,255,122,133
050,13,279,"Georgia","Toombs County",2,71,258,118,140
050,13,279,"Georgia","Toombs County",2,72,231,97,134
050,13,279,"Georgia","Toombs County",2,73,256,119,137
050,13,279,"Georgia","Toombs County",2,74,189,82,107
050,13,279,"Georgia","Toombs County",2,75,199,83,116
050,13,279,"Georgia","Toombs County",2,76,187,76,111
050,13,279,"Georgia","Toombs County",2,77,173,63,110
050,13,279,"Georgia","Toombs County",2,78,153,59,94
050,13,279,"Georgia","Toombs County",2,79,142,57,85
050,13,279,"Georgia","Toombs County",2,80,131,47,84
050,13,279,"Georgia","Toombs County",2,81,126,48,78
050,13,279,"Georgia","Toombs County",2,82,126,42,84
050,13,279,"Georgia","Toombs County",2,83,94,29,65
050,13,279,"Georgia","Toombs County",2,84,79,24,55
050,13,279,"Georgia","Toombs County",2,85,522,152,370
050,13,279,"Georgia","Toombs County",3,0,357,173,184
050,13,279,"Georgia","Toombs County",3,1,404,214,190
050,13,279,"Georgia","Toombs County",3,2,369,196,173
050,13,279,"Georgia","Toombs County",3,3,364,189,175
050,13,279,"Georgia","Toombs County",3,4,380,203,177
050,13,279,"Georgia","Toombs County",3,5,388,194,194
050,13,279,"Georgia","Toombs County",3,6,391,200,191
050,13,279,"Georgia","Toombs County",3,7,392,195,197
050,13,279,"Georgia","Toombs County",3,8,369,193,176
050,13,279,"Georgia","Toombs County",3,9,366,165,201
050,13,279,"Georgia","Toombs County",3,10,373,196,177
050,13,279,"Georgia","Toombs County",3,11,392,195,197
050,13,279,"Georgia","Toombs County",3,12,398,204,194
050,13,279,"Georgia","Toombs County",3,13,421,224,197
050,13,279,"Georgia","Toombs County",3,14,469,249,220
050,13,279,"Georgia","Toombs County",3,15,434,228,206
050,13,279,"Georgia","Toombs County",3,16,426,241,185
050,13,279,"Georgia","Toombs County",3,17,411,221,190
050,13,279,"Georgia","Toombs County",3,18,355,189,166
050,13,279,"Georgia","Toombs County",3,19,295,153,142
050,13,279,"Georgia","Toombs County",3,20,337,170,167
050,13,279,"Georgia","Toombs County",3,21,351,176,175
050,13,279,"Georgia","Toombs County",3,22,331,158,173
050,13,279,"Georgia","Toombs County",3,23,350,169,181
050,13,279,"Georgia","Toombs County",3,24,342,169,173
050,13,279,"Georgia","Toombs County",3,25,332,153,179
050,13,279,"Georgia","Toombs County",3,26,325,153,172
050,13,279,"Georgia","Toombs County",3,27,325,155,170
050,13,279,"Georgia","Toombs County",3,28,317,161,156
050,13,279,"Georgia","Toombs County",3,29,334,151,183
050,13,279,"Georgia","Toombs County",3,30,348,158,190
050,13,279,"Georgia","Toombs County",3,31,332,157,175
050,13,279,"Georgia","Toombs County",3,32,355,169,186
050,13,279,"Georgia","Toombs County",3,33,332,166,166
050,13,279,"Georgia","Toombs County",3,34,343,166,177
050,13,279,"Georgia","Toombs County",3,35,357,165,192
050,13,279,"Georgia","Toombs County",3,36,316,134,182
050,13,279,"Georgia","Toombs County",3,37,329,151,178
050,13,279,"Georgia","Toombs County",3,38,327,162,165
050,13,279,"Georgia","Toombs County",3,39,331,171,160
050,13,279,"Georgia","Toombs County",3,40,319,158,161
050,13,279,"Georgia","Toombs County",3,41,339,176,163
050,13,279,"Georgia","Toombs County",3,42,337,161,176
050,13,279,"Georgia","Toombs County",3,43,320,149,171
050,13,279,"Georgia","Toombs County",3,44,317,146,171
050,13,279,"Georgia","Toombs County",3,45,274,130,144
050,13,279,"Georgia","Toombs County",3,46,288,129,159
050,13,279,"Georgia","Toombs County",3,47,287,131,156
050,13,279,"Georgia","Toombs County",3,48,320,148,172
050,13,279,"Georgia","Toombs County",3,49,321,148,173
050,13,279,"Georgia","Toombs County",3,50,314,139,175
050,13,279,"Georgia","Toombs County",3,51,299,139,160
050,13,279,"Georgia","Toombs County",3,52,307,150,157
050,13,279,"Georgia","Toombs County",3,53,315,143,172
050,13,279,"Georgia","Toombs County",3,54,306,132,174
050,13,279,"Georgia","Toombs County",3,55,304,138,166
050,13,279,"Georgia","Toombs County",3,56,326,147,179
050,13,279,"Georgia","Toombs County",3,57,335,150,185
050,13,279,"Georgia","Toombs County",3,58,354,162,192
050,13,279,"Georgia","Toombs County",3,59,338,161,177
050,13,279,"Georgia","Toombs County",3,60,330,163,167
050,13,279,"Georgia","Toombs County",3,61,323,145,178
050,13,279,"Georgia","Toombs County",3,62,316,158,158
050,13,279,"Georgia","Toombs County",3,63,316,159,157
050,13,279,"Georgia","Toombs County",3,64,323,160,163
050,13,279,"Georgia","Toombs County",3,65,299,140,159
050,13,279,"Georgia","Toombs County",3,66,293,139,154
050,13,279,"Georgia","Toombs County",3,67,279,126,153
050,13,279,"Georgia","Toombs County",3,68,295,135,160
050,13,279,"Georgia","Toombs County",3,69,273,124,149
050,13,279,"Georgia","Toombs County",3,70,230,107,123
050,13,279,"Georgia","Toombs County",3,71,246,116,130
050,13,279,"Georgia","Toombs County",3,72,237,104,133
050,13,279,"Georgia","Toombs County",3,73,216,86,130
050,13,279,"Georgia","Toombs County",3,74,229,106,123
050,13,279,"Georgia","Toombs County",3,75,185,81,104
050,13,279,"Georgia","Toombs County",3,76,185,78,107
050,13,279,"Georgia","Toombs County",3,77,183,74,109
050,13,279,"Georgia","Toombs County",3,78,147,54,93
050,13,279,"Georgia","Toombs County",3,79,128,52,76
050,13,279,"Georgia","Toombs County",3,80,132,53,79
050,13,279,"Georgia","Toombs County",3,81,117,39,78
050,13,279,"Georgia","Toombs County",3,82,110,38,72
050,13,279,"Georgia","Toombs County",3,83,110,37,73
050,13,279,"Georgia","Toombs County",3,84,77,23,54
050,13,279,"Georgia","Toombs County",3,85,480,141,339
050,13,279,"Georgia","Toombs County",4,0,375,188,187
050,13,279,"Georgia","Toombs County",4,1,357,172,185
050,13,279,"Georgia","Toombs County",4,2,395,216,179
050,13,279,"Georgia","Toombs County",4,3,379,208,171
050,13,279,"Georgia","Toombs County",4,4,361,183,178
050,13,279,"Georgia","Toombs County",4,5,380,206,174
050,13,279,"Georgia","Toombs County",4,6,383,195,188
050,13,279,"Georgia","Toombs County",4,7,401,202,199
050,13,279,"Georgia","Toombs County",4,8,389,197,192
050,13,279,"Georgia","Toombs County",4,9,386,195,191
050,13,279,"Georgia","Toombs County",4,10,372,174,198
050,13,279,"Georgia","Toombs County",4,11,373,193,180
050,13,279,"Georgia","Toombs County",4,12,392,197,195
050,13,279,"Georgia","Toombs County",4,13,405,204,201
050,13,279,"Georgia","Toombs County",4,14,422,221,201
050,13,279,"Georgia","Toombs County",4,15,470,254,216
050,13,279,"Georgia","Toombs County",4,16,460,251,209
050,13,279,"Georgia","Toombs County",4,17,418,232,186
050,13,279,"Georgia","Toombs County",4,18,377,214,163
050,13,279,"Georgia","Toombs County",4,19,280,152,128
050,13,279,"Georgia","Toombs County",4,20,294,148,146
050,13,279,"Georgia","Toombs County",4,21,337,171,166
050,13,279,"Georgia","Toombs County",4,22,361,178,183
050,13,279,"Georgia","Toombs County",4,23,359,176,183
050,13,279,"Georgia","Toombs County",4,24,357,175,182
050,13,279,"Georgia","Toombs County",4,25,328,157,171
050,13,279,"Georgia","Toombs County",4,26,339,158,181
050,13,279,"Georgia","Toombs County",4,27,326,150,176
050,13,279,"Georgia","Toombs County",4,28,321,152,169
050,13,279,"Georgia","Toombs County",4,29,313,153,160
050,13,279,"Georgia","Toombs County",4,30,330,155,175
050,13,279,"Georgia","Toombs County",4,31,325,150,175
050,13,279,"Georgia","Toombs County",4,32,351,168,183
050,13,279,"Georgia","Toombs County",4,33,355,164,191
050,13,279,"Georgia","Toombs County",4,34,314,149,165
050,13,279,"Georgia","Toombs County",4,35,344,170,174
050,13,279,"Georgia","Toombs County",4,36,358,163,195
050,13,279,"Georgia","Toombs County",4,37,320,133,187
050,13,279,"Georgia","Toombs County",4,38,329,146,183
050,13,279,"Georgia","Toombs County",4,39,329,159,170
050,13,279,"Georgia","Toombs County",4,40,329,168,161
050,13,279,"Georgia","Toombs County",4,41,322,165,157
050,13,279,"Georgia","Toombs County",4,42,340,184,156
050,13,279,"Georgia","Toombs County",4,43,324,162,162
050,13,279,"Georgia","Toombs County",4,44,314,149,165
050,13,279,"Georgia","Toombs County",4,45,308,142,166
050,13,279,"Georgia","Toombs County",4,46,281,132,149
050,13,279,"Georgia","Toombs County",4,47,279,119,160
050,13,279,"Georgia","Toombs County",4,48,285,130,155
050,13,279,"Georgia","Toombs County",4,49,330,158,172
050,13,279,"Georgia","Toombs County",4,50,305,141,164
050,13,279,"Georgia","Toombs County",4,51,309,137,172
050,13,279,"Georgia","Toombs County",4,52,296,133,163
050,13,279,"Georgia","Toombs County",4,53,318,155,163
050,13,279,"Georgia","Toombs County",4,54,312,142,170
050,13,279,"Georgia","Toombs County",4,55,302,131,171
050,13,279,"Georgia","Toombs County",4,56,297,134,163
050,13,279,"Georgia","Toombs County",4,57,325,142,183
050,13,279,"Georgia","Toombs County",4,58,332,145,187
050,13,279,"Georgia","Toombs County",4,59,343,157,186
050,13,279,"Georgia","Toombs County",4,60,325,150,175
050,13,279,"Georgia","Toombs County",4,61,327,163,164
050,13,279,"Georgia","Toombs County",4,62,313,141,172
050,13,279,"Georgia","Toombs County",4,63,311,150,161
050,13,279,"Georgia","Toombs County",4,64,306,154,152
050,13,279,"Georgia","Toombs County",4,65,308,151,157
050,13,279,"Georgia","Toombs County",4,66,289,136,153
050,13,279,"Georgia","Toombs County",4,67,280,128,152
050,13,279,"Georgia","Toombs County",4,68,273,122,151
050,13,279,"Georgia","Toombs County",4,69,286,130,156
050,13,279,"Georgia","Toombs County",4,70,265,120,145
050,13,279,"Georgia","Toombs County",4,71,222,102,120
050,13,279,"Georgia","Toombs County",4,72,237,108,129
050,13,279,"Georgia","Toombs County",4,73,231,98,133
050,13,279,"Georgia","Toombs County",4,74,206,78,128
050,13,279,"Georgia","Toombs County",4,75,223,104,119
050,13,279,"Georgia","Toombs County",4,76,170,74,96
050,13,279,"Georgia","Toombs County",4,77,192,80,112
050,13,279,"Georgia","Toombs County",4,78,163,68,95
050,13,279,"Georgia","Toombs County",4,79,140,52,88
050,13,279,"Georgia","Toombs County",4,80,117,42,75
050,13,279,"Georgia","Toombs County",4,81,125,45,80
050,13,279,"Georgia","Toombs County",4,82,109,30,79
050,13,279,"Georgia","Toombs County",4,83,99,37,62
050,13,279,"Georgia","Toombs County",4,84,93,29,64
050,13,279,"Georgia","Toombs County",4,85,487,141,346
050,13,279,"Georgia","Toombs County",5,0,384,194,190
050,13,279,"Georgia","Toombs County",5,1,386,184,202
050,13,279,"Georgia","Toombs County",5,2,355,175,180
050,13,279,"Georgia","Toombs County",5,3,405,222,183
050,13,279,"Georgia","Toombs County",5,4,376,201,175
050,13,279,"Georgia","Toombs County",5,5,368,185,183
050,13,279,"Georgia","Toombs County",5,6,365,197,168
050,13,279,"Georgia","Toombs County",5,7,392,196,196
050,13,279,"Georgia","Toombs County",5,8,402,201,201
050,13,279,"Georgia","Toombs County",5,9,391,195,196
050,13,279,"Georgia","Toombs County",5,10,387,200,187
050,13,279,"Georgia","Toombs County",5,11,377,174,203
050,13,279,"Georgia","Toombs County",5,12,375,200,175
050,13,279,"Georgia","Toombs County",5,13,405,205,200
050,13,279,"Georgia","Toombs County",5,14,427,217,210
050,13,279,"Georgia","Toombs County",5,15,430,236,194
050,13,279,"Georgia","Toombs County",5,16,501,274,227
050,13,279,"Georgia","Toombs County",5,17,464,252,212
050,13,279,"Georgia","Toombs County",5,18,375,217,158
050,13,279,"Georgia","Toombs County",5,19,305,161,144
050,13,279,"Georgia","Toombs County",5,20,302,159,143
050,13,279,"Georgia","Toombs County",5,21,325,171,154
050,13,279,"Georgia","Toombs County",5,22,346,175,171
050,13,279,"Georgia","Toombs County",5,23,393,195,198
050,13,279,"Georgia","Toombs County",5,24,349,164,185
050,13,279,"Georgia","Toombs County",5,25,353,164,189
050,13,279,"Georgia","Toombs County",5,26,324,161,163
050,13,279,"Georgia","Toombs County",5,27,341,159,182
050,13,279,"Georgia","Toombs County",5,28,327,155,172
050,13,279,"Georgia","Toombs County",5,29,327,149,178
050,13,279,"Georgia","Toombs County",5,30,305,152,153
050,13,279,"Georgia","Toombs County",5,31,341,161,180
050,13,279,"Georgia","Toombs County",5,32,313,142,171
050,13,279,"Georgia","Toombs County",5,33,346,170,176
050,13,279,"Georgia","Toombs County",5,34,360,163,197
050,13,279,"Georgia","Toombs County",5,35,335,169,166
050,13,279,"Georgia","Toombs County",5,36,348,164,184
050,13,279,"Georgia","Toombs County",5,37,371,169,202
050,13,279,"Georgia","Toombs County",5,38,324,136,188
050,13,279,"Georgia","Toombs County",5,39,338,144,194
050,13,279,"Georgia","Toombs County",5,40,337,161,176
050,13,279,"Georgia","Toombs County",5,41,329,172,157
050,13,279,"Georgia","Toombs County",5,42,337,175,162
050,13,279,"Georgia","Toombs County",5,43,346,182,164
050,13,279,"Georgia","Toombs County",5,44,331,165,166
050,13,279,"Georgia","Toombs County",5,45,314,144,170
050,13,279,"Georgia","Toombs County",5,46,316,149,167
050,13,279,"Georgia","Toombs County",5,47,282,131,151
050,13,279,"Georgia","Toombs County",5,48,282,123,159
050,13,279,"Georgia","Toombs County",5,49,290,126,164
050,13,279,"Georgia","Toombs County",5,50,319,152,167
050,13,279,"Georgia","Toombs County",5,51,306,144,162
050,13,279,"Georgia","Toombs County",5,52,325,143,182
050,13,279,"Georgia","Toombs County",5,53,289,127,162
050,13,279,"Georgia","Toombs County",5,54,308,145,163
050,13,279,"Georgia","Toombs County",5,55,307,136,171
050,13,279,"Georgia","Toombs County",5,56,304,136,168
050,13,279,"Georgia","Toombs County",5,57,290,127,163
050,13,279,"Georgia","Toombs County",5,58,323,145,178
050,13,279,"Georgia","Toombs County",5,59,323,137,186
050,13,279,"Georgia","Toombs County",5,60,347,158,189
050,13,279,"Georgia","Toombs County",5,61,319,148,171
050,13,279,"Georgia","Toombs County",5,62,324,159,165
050,13,279,"Georgia","Toombs County",5,63,303,137,166
050,13,279,"Georgia","Toombs County",5,64,310,150,160
050,13,279,"Georgia","Toombs County",5,65,291,148,143
050,13,279,"Georgia","Toombs County",5,66,294,149,145
050,13,279,"Georgia","Toombs County",5,67,295,141,154
050,13,279,"Georgia","Toombs County",5,68,269,121,148
050,13,279,"Georgia","Toombs County",5,69,260,113,147
050,13,279,"Georgia","Toombs County",5,70,276,125,151
050,13,279,"Georgia","Toombs County",5,71,257,115,142
050,13,279,"Georgia","Toombs County",5,72,209,95,114
050,13,279,"Georgia","Toombs County",5,73,232,108,124
050,13,279,"Georgia","Toombs County",5,74,218,89,129
050,13,279,"Georgia","Toombs County",5,75,203,77,126
050,13,279,"Georgia","Toombs County",5,76,207,97,110
050,13,279,"Georgia","Toombs County",5,77,164,69,95
050,13,279,"Georgia","Toombs County",5,78,174,76,98
050,13,279,"Georgia","Toombs County",5,79,150,64,86
050,13,279,"Georgia","Toombs County",5,80,131,44,87
050,13,279,"Georgia","Toombs County",5,81,111,35,76
050,13,279,"Georgia","Toombs County",5,82,114,37,77
050,13,279,"Georgia","Toombs County",5,83,97,30,67
050,13,279,"Georgia","Toombs County",5,84,85,29,56
050,13,279,"Georgia","Toombs County",5,85,504,146,358
050,13,281,"Georgia","Towns County",1,0,103,52,51
050,13,281,"Georgia","Towns County",1,1,96,42,54
050,13,281,"Georgia","Towns County",1,2,91,44,47
050,13,281,"Georgia","Towns County",1,3,99,54,45
050,13,281,"Georgia","Towns County",1,4,87,42,45
050,13,281,"Georgia","Towns County",1,5,74,32,42
050,13,281,"Georgia","Towns County",1,6,85,38,47
050,13,281,"Georgia","Towns County",1,7,83,43,40
050,13,281,"Georgia","Towns County",1,8,85,48,37
050,13,281,"Georgia","Towns County",1,9,93,48,45
050,13,281,"Georgia","Towns County",1,10,90,43,47
050,13,281,"Georgia","Towns County",1,11,84,42,42
050,13,281,"Georgia","Towns County",1,12,102,48,54
050,13,281,"Georgia","Towns County",1,13,97,51,46
050,13,281,"Georgia","Towns County",1,14,98,54,44
050,13,281,"Georgia","Towns County",1,15,95,51,44
050,13,281,"Georgia","Towns County",1,16,105,47,58
050,13,281,"Georgia","Towns County",1,17,95,46,49
050,13,281,"Georgia","Towns County",1,18,221,96,125
050,13,281,"Georgia","Towns County",1,19,420,198,222
050,13,281,"Georgia","Towns County",1,20,278,140,138
050,13,281,"Georgia","Towns County",1,21,128,69,59
050,13,281,"Georgia","Towns County",1,22,102,54,48
050,13,281,"Georgia","Towns County",1,23,108,61,47
050,13,281,"Georgia","Towns County",1,24,115,59,56
050,13,281,"Georgia","Towns County",1,25,97,51,46
050,13,281,"Georgia","Towns County",1,26,96,49,47
050,13,281,"Georgia","Towns County",1,27,103,61,42
050,13,281,"Georgia","Towns County",1,28,93,54,39
050,13,281,"Georgia","Towns County",1,29,95,44,51
050,13,281,"Georgia","Towns County",1,30,93,42,51
050,13,281,"Georgia","Towns County",1,31,97,49,48
050,13,281,"Georgia","Towns County",1,32,94,49,45
050,13,281,"Georgia","Towns County",1,33,105,55,50
050,13,281,"Georgia","Towns County",1,34,85,39,46
050,13,281,"Georgia","Towns County",1,35,87,35,52
050,13,281,"Georgia","Towns County",1,36,80,38,42
050,13,281,"Georgia","Towns County",1,37,86,46,40
050,13,281,"Georgia","Towns County",1,38,79,44,35
050,13,281,"Georgia","Towns County",1,39,82,45,37
050,13,281,"Georgia","Towns County",1,40,83,37,46
050,13,281,"Georgia","Towns County",1,41,98,48,50
050,13,281,"Georgia","Towns County",1,42,85,38,47
050,13,281,"Georgia","Towns County",1,43,101,50,51
050,13,281,"Georgia","Towns County",1,44,106,59,47
050,13,281,"Georgia","Towns County",1,45,105,49,56
050,13,281,"Georgia","Towns County",1,46,106,49,57
050,13,281,"Georgia","Towns County",1,47,114,45,69
050,13,281,"Georgia","Towns County",1,48,118,58,60
050,13,281,"Georgia","Towns County",1,49,125,65,60
050,13,281,"Georgia","Towns County",1,50,140,69,71
050,13,281,"Georgia","Towns County",1,51,113,57,56
050,13,281,"Georgia","Towns County",1,52,130,66,64
050,13,281,"Georgia","Towns County",1,53,135,66,69
050,13,281,"Georgia","Towns County",1,54,141,69,72
050,13,281,"Georgia","Towns County",1,55,151,77,74
050,13,281,"Georgia","Towns County",1,56,164,80,84
050,13,281,"Georgia","Towns County",1,57,183,88,95
050,13,281,"Georgia","Towns County",1,58,194,100,94
050,13,281,"Georgia","Towns County",1,59,186,80,106
050,13,281,"Georgia","Towns County",1,60,194,82,112
050,13,281,"Georgia","Towns County",1,61,190,88,102
050,13,281,"Georgia","Towns County",1,62,203,93,110
050,13,281,"Georgia","Towns County",1,63,248,110,138
050,13,281,"Georgia","Towns County",1,64,247,114,133
050,13,281,"Georgia","Towns County",1,65,243,98,145
050,13,281,"Georgia","Towns County",1,66,238,111,127
050,13,281,"Georgia","Towns County",1,67,242,106,136
050,13,281,"Georgia","Towns County",1,68,243,111,132
050,13,281,"Georgia","Towns County",1,69,244,112,132
050,13,281,"Georgia","Towns County",1,70,265,125,140
050,13,281,"Georgia","Towns County",1,71,267,124,143
050,13,281,"Georgia","Towns County",1,72,275,132,143
050,13,281,"Georgia","Towns County",1,73,260,133,127
050,13,281,"Georgia","Towns County",1,74,194,93,101
050,13,281,"Georgia","Towns County",1,75,199,102,97
050,13,281,"Georgia","Towns County",1,76,190,99,91
050,13,281,"Georgia","Towns County",1,77,192,87,105
050,13,281,"Georgia","Towns County",1,78,161,74,87
050,13,281,"Georgia","Towns County",1,79,148,69,79
050,13,281,"Georgia","Towns County",1,80,133,60,73
050,13,281,"Georgia","Towns County",1,81,136,68,68
050,13,281,"Georgia","Towns County",1,82,117,57,60
050,13,281,"Georgia","Towns County",1,83,102,47,55
050,13,281,"Georgia","Towns County",1,84,97,40,57
050,13,281,"Georgia","Towns County",1,85,476,192,284
050,13,281,"Georgia","Towns County",2,0,95,45,50
050,13,281,"Georgia","Towns County",2,1,96,44,52
050,13,281,"Georgia","Towns County",2,2,92,43,49
050,13,281,"Georgia","Towns County",2,3,96,50,46
050,13,281,"Georgia","Towns County",2,4,87,44,43
050,13,281,"Georgia","Towns County",2,5,78,35,43
050,13,281,"Georgia","Towns County",2,6,84,37,47
050,13,281,"Georgia","Towns County",2,7,85,42,43
050,13,281,"Georgia","Towns County",2,8,84,46,38
050,13,281,"Georgia","Towns County",2,9,90,47,43
050,13,281,"Georgia","Towns County",2,10,90,44,46
050,13,281,"Georgia","Towns County",2,11,85,42,43
050,13,281,"Georgia","Towns County",2,12,98,46,52
050,13,281,"Georgia","Towns County",2,13,97,49,48
050,13,281,"Georgia","Towns County",2,14,98,52,46
050,13,281,"Georgia","Towns County",2,15,96,50,46
050,13,281,"Georgia","Towns County",2,16,103,48,55
050,13,281,"Georgia","Towns County",2,17,100,47,53
050,13,281,"Georgia","Towns County",2,18,222,97,125
050,13,281,"Georgia","Towns County",2,19,416,196,220
050,13,281,"Georgia","Towns County",2,20,277,140,137
050,13,281,"Georgia","Towns County",2,21,133,69,64
050,13,281,"Georgia","Towns County",2,22,99,54,45
050,13,281,"Georgia","Towns County",2,23,107,59,48
050,13,281,"Georgia","Towns County",2,24,114,60,54
050,13,281,"Georgia","Towns County",2,25,98,51,47
050,13,281,"Georgia","Towns County",2,26,97,50,47
050,13,281,"Georgia","Towns County",2,27,101,60,41
050,13,281,"Georgia","Towns County",2,28,96,55,41
050,13,281,"Georgia","Towns County",2,29,97,48,49
050,13,281,"Georgia","Towns County",2,30,93,43,50
050,13,281,"Georgia","Towns County",2,31,96,48,48
050,13,281,"Georgia","Towns County",2,32,95,49,46
050,13,281,"Georgia","Towns County",2,33,104,54,50
050,13,281,"Georgia","Towns County",2,34,93,44,49
050,13,281,"Georgia","Towns County",2,35,90,38,52
050,13,281,"Georgia","Towns County",2,36,81,38,43
050,13,281,"Georgia","Towns County",2,37,86,45,41
050,13,281,"Georgia","Towns County",2,38,81,44,37
050,13,281,"Georgia","Towns County",2,39,82,45,37
050,13,281,"Georgia","Towns County",2,40,86,41,45
050,13,281,"Georgia","Towns County",2,41,97,47,50
050,13,281,"Georgia","Towns County",2,42,88,40,48
050,13,281,"Georgia","Towns County",2,43,99,48,51
050,13,281,"Georgia","Towns County",2,44,103,55,48
050,13,281,"Georgia","Towns County",2,45,105,51,54
050,13,281,"Georgia","Towns County",2,46,105,48,57
050,13,281,"Georgia","Towns County",2,47,112,46,66
050,13,281,"Georgia","Towns County",2,48,119,55,64
050,13,281,"Georgia","Towns County",2,49,127,66,61
050,13,281,"Georgia","Towns County",2,50,135,67,68
050,13,281,"Georgia","Towns County",2,51,119,61,58
050,13,281,"Georgia","Towns County",2,52,125,62,63
050,13,281,"Georgia","Towns County",2,53,135,67,68
050,13,281,"Georgia","Towns County",2,54,140,68,72
050,13,281,"Georgia","Towns County",2,55,150,75,75
050,13,281,"Georgia","Towns County",2,56,166,80,86
050,13,281,"Georgia","Towns County",2,57,182,89,93
050,13,281,"Georgia","Towns County",2,58,192,97,95
050,13,281,"Georgia","Towns County",2,59,190,85,105
050,13,281,"Georgia","Towns County",2,60,194,81,113
050,13,281,"Georgia","Towns County",2,61,196,89,107
050,13,281,"Georgia","Towns County",2,62,205,93,112
050,13,281,"Georgia","Towns County",2,63,244,110,134
050,13,281,"Georgia","Towns County",2,64,249,113,136
050,13,281,"Georgia","Towns County",2,65,248,103,145
050,13,281,"Georgia","Towns County",2,66,244,110,134
050,13,281,"Georgia","Towns County",2,67,248,111,137
050,13,281,"Georgia","Towns County",2,68,246,111,135
050,13,281,"Georgia","Towns County",2,69,250,113,137
050,13,281,"Georgia","Towns County",2,70,261,123,138
050,13,281,"Georgia","Towns County",2,71,268,125,143
050,13,281,"Georgia","Towns County",2,72,270,130,140
050,13,281,"Georgia","Towns County",2,73,280,141,139
050,13,281,"Georgia","Towns County",2,74,197,97,100
050,13,281,"Georgia","Towns County",2,75,197,98,99
050,13,281,"Georgia","Towns County",2,76,188,97,91
050,13,281,"Georgia","Towns County",2,77,195,92,103
050,13,281,"Georgia","Towns County",2,78,165,76,89
050,13,281,"Georgia","Towns County",2,79,147,68,79
050,13,281,"Georgia","Towns County",2,80,136,62,74
050,13,281,"Georgia","Towns County",2,81,131,64,67
050,13,281,"Georgia","Towns County",2,82,122,59,63
050,13,281,"Georgia","Towns County",2,83,100,46,54
050,13,281,"Georgia","Towns County",2,84,99,42,57
050,13,281,"Georgia","Towns County",2,85,480,192,288
050,13,281,"Georgia","Towns County",3,0,104,51,53
050,13,281,"Georgia","Towns County",3,1,86,43,43
050,13,281,"Georgia","Towns County",3,2,100,46,54
050,13,281,"Georgia","Towns County",3,3,90,40,50
050,13,281,"Georgia","Towns County",3,4,99,57,42
050,13,281,"Georgia","Towns County",3,5,82,41,41
050,13,281,"Georgia","Towns County",3,6,78,36,42
050,13,281,"Georgia","Towns County",3,7,81,32,49
050,13,281,"Georgia","Towns County",3,8,91,46,45
050,13,281,"Georgia","Towns County",3,9,81,46,35
050,13,281,"Georgia","Towns County",3,10,94,50,44
050,13,281,"Georgia","Towns County",3,11,98,48,50
050,13,281,"Georgia","Towns County",3,12,82,42,40
050,13,281,"Georgia","Towns County",3,13,104,51,53
050,13,281,"Georgia","Towns County",3,14,99,52,47
050,13,281,"Georgia","Towns County",3,15,109,55,54
050,13,281,"Georgia","Towns County",3,16,95,49,46
050,13,281,"Georgia","Towns County",3,17,99,49,50
050,13,281,"Georgia","Towns County",3,18,232,101,131
050,13,281,"Georgia","Towns County",3,19,411,192,219
050,13,281,"Georgia","Towns County",3,20,272,142,130
050,13,281,"Georgia","Towns County",3,21,147,67,80
050,13,281,"Georgia","Towns County",3,22,109,62,47
050,13,281,"Georgia","Towns County",3,23,97,55,42
050,13,281,"Georgia","Towns County",3,24,100,54,46
050,13,281,"Georgia","Towns County",3,25,104,56,48
050,13,281,"Georgia","Towns County",3,26,100,53,47
050,13,281,"Georgia","Towns County",3,27,103,49,54
050,13,281,"Georgia","Towns County",3,28,98,61,37
050,13,281,"Georgia","Towns County",3,29,90,53,37
050,13,281,"Georgia","Towns County",3,30,103,48,55
050,13,281,"Georgia","Towns County",3,31,87,38,49
050,13,281,"Georgia","Towns County",3,32,103,48,55
050,13,281,"Georgia","Towns County",3,33,91,47,44
050,13,281,"Georgia","Towns County",3,34,111,54,57
050,13,281,"Georgia","Towns County",3,35,92,41,51
050,13,281,"Georgia","Towns County",3,36,90,37,53
050,13,281,"Georgia","Towns County",3,37,86,42,44
050,13,281,"Georgia","Towns County",3,38,90,47,43
050,13,281,"Georgia","Towns County",3,39,91,47,44
050,13,281,"Georgia","Towns County",3,40,86,49,37
050,13,281,"Georgia","Towns County",3,41,98,47,51
050,13,281,"Georgia","Towns County",3,42,93,40,53
050,13,281,"Georgia","Towns County",3,43,87,41,46
050,13,281,"Georgia","Towns County",3,44,103,49,54
050,13,281,"Georgia","Towns County",3,45,100,51,49
050,13,281,"Georgia","Towns County",3,46,116,57,59
050,13,281,"Georgia","Towns County",3,47,112,52,60
050,13,281,"Georgia","Towns County",3,48,107,43,64
050,13,281,"Georgia","Towns County",3,49,129,59,70
050,13,281,"Georgia","Towns County",3,50,137,70,67
050,13,281,"Georgia","Towns County",3,51,144,71,73
050,13,281,"Georgia","Towns County",3,52,128,60,68
050,13,281,"Georgia","Towns County",3,53,134,69,65
050,13,281,"Georgia","Towns County",3,54,146,73,73
050,13,281,"Georgia","Towns County",3,55,153,76,77
050,13,281,"Georgia","Towns County",3,56,165,81,84
050,13,281,"Georgia","Towns County",3,57,183,83,100
050,13,281,"Georgia","Towns County",3,58,189,91,98
050,13,281,"Georgia","Towns County",3,59,218,111,107
050,13,281,"Georgia","Towns County",3,60,220,97,123
050,13,281,"Georgia","Towns County",3,61,226,89,137
050,13,281,"Georgia","Towns County",3,62,218,103,115
050,13,281,"Georgia","Towns County",3,63,237,107,130
050,13,281,"Georgia","Towns County",3,64,268,121,147
050,13,281,"Georgia","Towns County",3,65,298,133,165
050,13,281,"Georgia","Towns County",3,66,262,114,148
050,13,281,"Georgia","Towns County",3,67,251,115,136
050,13,281,"Georgia","Towns County",3,68,249,106,143
050,13,281,"Georgia","Towns County",3,69,249,112,137
050,13,281,"Georgia","Towns County",3,70,261,121,140
050,13,281,"Georgia","Towns County",3,71,249,119,130
050,13,281,"Georgia","Towns County",3,72,262,125,137
050,13,281,"Georgia","Towns County",3,73,258,125,133
050,13,281,"Georgia","Towns County",3,74,282,137,145
050,13,281,"Georgia","Towns County",3,75,181,88,93
050,13,281,"Georgia","Towns County",3,76,195,94,101
050,13,281,"Georgia","Towns County",3,77,182,95,87
050,13,281,"Georgia","Towns County",3,78,190,89,101
050,13,281,"Georgia","Towns County",3,79,158,68,90
050,13,281,"Georgia","Towns County",3,80,144,71,73
050,13,281,"Georgia","Towns County",3,81,124,55,69
050,13,281,"Georgia","Towns County",3,82,124,58,66
050,13,281,"Georgia","Towns County",3,83,99,44,55
050,13,281,"Georgia","Towns County",3,84,104,47,57
050,13,281,"Georgia","Towns County",3,85,482,189,293
050,13,281,"Georgia","Towns County",4,0,93,49,44
050,13,281,"Georgia","Towns County",4,1,97,51,46
050,13,281,"Georgia","Towns County",4,2,96,46,50
050,13,281,"Georgia","Towns County",4,3,108,49,59
050,13,281,"Georgia","Towns County",4,4,98,45,53
050,13,281,"Georgia","Towns County",4,5,110,60,50
050,13,281,"Georgia","Towns County",4,6,98,52,46
050,13,281,"Georgia","Towns County",4,7,86,36,50
050,13,281,"Georgia","Towns County",4,8,91,38,53
050,13,281,"Georgia","Towns County",4,9,89,45,44
050,13,281,"Georgia","Towns County",4,10,83,44,39
050,13,281,"Georgia","Towns County",4,11,94,46,48
050,13,281,"Georgia","Towns County",4,12,96,45,51
050,13,281,"Georgia","Towns County",4,13,84,43,41
050,13,281,"Georgia","Towns County",4,14,108,50,58
050,13,281,"Georgia","Towns County",4,15,99,53,46
050,13,281,"Georgia","Towns County",4,16,115,56,59
050,13,281,"Georgia","Towns County",4,17,102,54,48
050,13,281,"Georgia","Towns County",4,18,159,71,88
050,13,281,"Georgia","Towns County",4,19,262,128,134
050,13,281,"Georgia","Towns County",4,20,180,92,88
050,13,281,"Georgia","Towns County",4,21,119,61,58
050,13,281,"Georgia","Towns County",4,22,123,61,62
050,13,281,"Georgia","Towns County",4,23,114,65,49
050,13,281,"Georgia","Towns County",4,24,99,53,46
050,13,281,"Georgia","Towns County",4,25,102,53,49
050,13,281,"Georgia","Towns County",4,26,106,54,52
050,13,281,"Georgia","Towns County",4,27,96,53,43
050,13,281,"Georgia","Towns County",4,28,102,41,61
050,13,281,"Georgia","Towns County",4,29,101,63,38
050,13,281,"Georgia","Towns County",4,30,92,56,36
050,13,281,"Georgia","Towns County",4,31,107,51,56
050,13,281,"Georgia","Towns County",4,32,94,37,57
050,13,281,"Georgia","Towns County",4,33,105,52,53
050,13,281,"Georgia","Towns County",4,34,110,57,53
050,13,281,"Georgia","Towns County",4,35,104,50,54
050,13,281,"Georgia","Towns County",4,36,91,46,45
050,13,281,"Georgia","Towns County",4,37,102,46,56
050,13,281,"Georgia","Towns County",4,38,90,45,45
050,13,281,"Georgia","Towns County",4,39,91,47,44
050,13,281,"Georgia","Towns County",4,40,100,53,47
050,13,281,"Georgia","Towns County",4,41,88,52,36
050,13,281,"Georgia","Towns County",4,42,99,45,54
050,13,281,"Georgia","Towns County",4,43,96,44,52
050,13,281,"Georgia","Towns County",4,44,87,43,44
050,13,281,"Georgia","Towns County",4,45,103,47,56
050,13,281,"Georgia","Towns County",4,46,112,55,57
050,13,281,"Georgia","Towns County",4,47,131,67,64
050,13,281,"Georgia","Towns County",4,48,112,51,61
050,13,281,"Georgia","Towns County",4,49,108,49,59
050,13,281,"Georgia","Towns County",4,50,144,67,77
050,13,281,"Georgia","Towns County",4,51,138,69,69
050,13,281,"Georgia","Towns County",4,52,152,74,78
050,13,281,"Georgia","Towns County",4,53,131,62,69
050,13,281,"Georgia","Towns County",4,54,134,69,65
050,13,281,"Georgia","Towns County",4,55,160,81,79
050,13,281,"Georgia","Towns County",4,56,169,80,89
050,13,281,"Georgia","Towns County",4,57,183,96,87
050,13,281,"Georgia","Towns County",4,58,196,87,109
050,13,281,"Georgia","Towns County",4,59,208,93,115
050,13,281,"Georgia","Towns County",4,60,231,116,115
050,13,281,"Georgia","Towns County",4,61,248,113,135
050,13,281,"Georgia","Towns County",4,62,251,100,151
050,13,281,"Georgia","Towns County",4,63,238,116,122
050,13,281,"Georgia","Towns County",4,64,248,113,135
050,13,281,"Georgia","Towns County",4,65,279,126,153
050,13,281,"Georgia","Towns County",4,66,311,141,170
050,13,281,"Georgia","Towns County",4,67,273,120,153
050,13,281,"Georgia","Towns County",4,68,261,116,145
050,13,281,"Georgia","Towns County",4,69,253,109,144
050,13,281,"Georgia","Towns County",4,70,258,124,134
050,13,281,"Georgia","Towns County",4,71,255,115,140
050,13,281,"Georgia","Towns County",4,72,255,124,131
050,13,281,"Georgia","Towns County",4,73,268,123,145
050,13,281,"Georgia","Towns County",4,74,260,120,140
050,13,281,"Georgia","Towns County",4,75,283,139,144
050,13,281,"Georgia","Towns County",4,76,176,84,92
050,13,281,"Georgia","Towns County",4,77,188,89,99
050,13,281,"Georgia","Towns County",4,78,186,98,88
050,13,281,"Georgia","Towns County",4,79,183,87,96
050,13,281,"Georgia","Towns County",4,80,152,65,87
050,13,281,"Georgia","Towns County",4,81,130,65,65
050,13,281,"Georgia","Towns County",4,82,114,45,69
050,13,281,"Georgia","Towns County",4,83,110,49,61
050,13,281,"Georgia","Towns County",4,84,101,46,55
050,13,281,"Georgia","Towns County",4,85,502,202,300
050,13,281,"Georgia","Towns County",5,0,99,52,47
050,13,281,"Georgia","Towns County",5,1,86,37,49
050,13,281,"Georgia","Towns County",5,2,90,48,42
050,13,281,"Georgia","Towns County",5,3,98,50,48
050,13,281,"Georgia","Towns County",5,4,103,51,52
050,13,281,"Georgia","Towns County",5,5,97,47,50
050,13,281,"Georgia","Towns County",5,6,113,62,51
050,13,281,"Georgia","Towns County",5,7,103,58,45
050,13,281,"Georgia","Towns County",5,8,84,37,47
050,13,281,"Georgia","Towns County",5,9,87,39,48
050,13,281,"Georgia","Towns County",5,10,91,50,41
050,13,281,"Georgia","Towns County",5,11,83,39,44
050,13,281,"Georgia","Towns County",5,12,94,47,47
050,13,281,"Georgia","Towns County",5,13,104,51,53
050,13,281,"Georgia","Towns County",5,14,81,42,39
050,13,281,"Georgia","Towns County",5,15,103,51,52
050,13,281,"Georgia","Towns County",5,16,101,53,48
050,13,281,"Georgia","Towns County",5,17,109,53,56
050,13,281,"Georgia","Towns County",5,18,171,81,90
050,13,281,"Georgia","Towns County",5,19,255,120,135
050,13,281,"Georgia","Towns County",5,20,185,96,89
050,13,281,"Georgia","Towns County",5,21,114,54,60
050,13,281,"Georgia","Towns County",5,22,105,54,51
050,13,281,"Georgia","Towns County",5,23,114,59,55
050,13,281,"Georgia","Towns County",5,24,118,67,51
050,13,281,"Georgia","Towns County",5,25,94,46,48
050,13,281,"Georgia","Towns County",5,26,101,51,50
050,13,281,"Georgia","Towns County",5,27,112,58,54
050,13,281,"Georgia","Towns County",5,28,88,43,45
050,13,281,"Georgia","Towns County",5,29,97,38,59
050,13,281,"Georgia","Towns County",5,30,104,65,39
050,13,281,"Georgia","Towns County",5,31,98,57,41
050,13,281,"Georgia","Towns County",5,32,113,54,59
050,13,281,"Georgia","Towns County",5,33,78,36,42
050,13,281,"Georgia","Towns County",5,34,110,56,54
050,13,281,"Georgia","Towns County",5,35,103,51,52
050,13,281,"Georgia","Towns County",5,36,106,50,56
050,13,281,"Georgia","Towns County",5,37,93,50,43
050,13,281,"Georgia","Towns County",5,38,100,44,56
050,13,281,"Georgia","Towns County",5,39,96,46,50
050,13,281,"Georgia","Towns County",5,40,98,51,47
050,13,281,"Georgia","Towns County",5,41,114,64,50
050,13,281,"Georgia","Towns County",5,42,86,49,37
050,13,281,"Georgia","Towns County",5,43,111,50,61
050,13,281,"Georgia","Towns County",5,44,101,51,50
050,13,281,"Georgia","Towns County",5,45,85,44,41
050,13,281,"Georgia","Towns County",5,46,105,51,54
050,13,281,"Georgia","Towns County",5,47,105,51,54
050,13,281,"Georgia","Towns County",5,48,124,62,62
050,13,281,"Georgia","Towns County",5,49,108,52,56
050,13,281,"Georgia","Towns County",5,50,114,46,68
050,13,281,"Georgia","Towns County",5,51,146,69,77
050,13,281,"Georgia","Towns County",5,52,130,66,64
050,13,281,"Georgia","Towns County",5,53,170,78,92
050,13,281,"Georgia","Towns County",5,54,134,62,72
050,13,281,"Georgia","Towns County",5,55,143,73,70
050,13,281,"Georgia","Towns County",5,56,174,89,85
050,13,281,"Georgia","Towns County",5,57,181,96,85
050,13,281,"Georgia","Towns County",5,58,194,95,99
050,13,281,"Georgia","Towns County",5,59,206,89,117
050,13,281,"Georgia","Towns County",5,60,227,100,127
050,13,281,"Georgia","Towns County",5,61,247,116,131
050,13,281,"Georgia","Towns County",5,62,246,113,133
050,13,281,"Georgia","Towns County",5,63,264,106,158
050,13,281,"Georgia","Towns County",5,64,237,111,126
050,13,281,"Georgia","Towns County",5,65,274,129,145
050,13,281,"Georgia","Towns County",5,66,284,126,158
050,13,281,"Georgia","Towns County",5,67,313,147,166
050,13,281,"Georgia","Towns County",5,68,279,121,158
050,13,281,"Georgia","Towns County",5,69,263,117,146
050,13,281,"Georgia","Towns County",5,70,251,109,142
050,13,281,"Georgia","Towns County",5,71,246,118,128
050,13,281,"Georgia","Towns County",5,72,257,113,144
050,13,281,"Georgia","Towns County",5,73,250,123,127
050,13,281,"Georgia","Towns County",5,74,268,124,144
050,13,281,"Georgia","Towns County",5,75,250,121,129
050,13,281,"Georgia","Towns County",5,76,275,128,147
050,13,281,"Georgia","Towns County",5,77,172,79,93
050,13,281,"Georgia","Towns County",5,78,182,87,95
050,13,281,"Georgia","Towns County",5,79,184,98,86
050,13,281,"Georgia","Towns County",5,80,172,82,90
050,13,281,"Georgia","Towns County",5,81,142,64,78
050,13,281,"Georgia","Towns County",5,82,125,58,67
050,13,281,"Georgia","Towns County",5,83,100,39,61
050,13,281,"Georgia","Towns County",5,84,108,49,59
050,13,281,"Georgia","Towns County",5,85,509,212,297
050,13,283,"Georgia","Treutlen County",1,0,65,33,32
050,13,283,"Georgia","Treutlen County",1,1,77,41,36
050,13,283,"Georgia","Treutlen County",1,2,69,29,40
050,13,283,"Georgia","Treutlen County",1,3,84,43,41
050,13,283,"Georgia","Treutlen County",1,4,76,36,40
050,13,283,"Georgia","Treutlen County",1,5,73,32,41
050,13,283,"Georgia","Treutlen County",1,6,77,35,42
050,13,283,"Georgia","Treutlen County",1,7,76,37,39
050,13,283,"Georgia","Treutlen County",1,8,89,39,50
050,13,283,"Georgia","Treutlen County",1,9,77,32,45
050,13,283,"Georgia","Treutlen County",1,10,98,48,50
050,13,283,"Georgia","Treutlen County",1,11,100,44,56
050,13,283,"Georgia","Treutlen County",1,12,83,41,42
050,13,283,"Georgia","Treutlen County",1,13,100,46,54
050,13,283,"Georgia","Treutlen County",1,14,100,48,52
050,13,283,"Georgia","Treutlen County",1,15,94,46,48
050,13,283,"Georgia","Treutlen County",1,16,85,42,43
050,13,283,"Georgia","Treutlen County",1,17,75,35,40
050,13,283,"Georgia","Treutlen County",1,18,81,40,41
050,13,283,"Georgia","Treutlen County",1,19,79,45,34
050,13,283,"Georgia","Treutlen County",1,20,93,59,34
050,13,283,"Georgia","Treutlen County",1,21,92,64,28
050,13,283,"Georgia","Treutlen County",1,22,90,54,36
050,13,283,"Georgia","Treutlen County",1,23,89,56,33
050,13,283,"Georgia","Treutlen County",1,24,79,52,27
050,13,283,"Georgia","Treutlen County",1,25,85,58,27
050,13,283,"Georgia","Treutlen County",1,26,78,45,33
050,13,283,"Georgia","Treutlen County",1,27,71,38,33
050,13,283,"Georgia","Treutlen County",1,28,86,44,42
050,13,283,"Georgia","Treutlen County",1,29,95,47,48
050,13,283,"Georgia","Treutlen County",1,30,74,40,34
050,13,283,"Georgia","Treutlen County",1,31,82,53,29
050,13,283,"Georgia","Treutlen County",1,32,75,45,30
050,13,283,"Georgia","Treutlen County",1,33,84,47,37
050,13,283,"Georgia","Treutlen County",1,34,63,25,38
050,13,283,"Georgia","Treutlen County",1,35,77,31,46
050,13,283,"Georgia","Treutlen County",1,36,77,36,41
050,13,283,"Georgia","Treutlen County",1,37,84,45,39
050,13,283,"Georgia","Treutlen County",1,38,89,46,43
050,13,283,"Georgia","Treutlen County",1,39,88,42,46
050,13,283,"Georgia","Treutlen County",1,40,88,38,50
050,13,283,"Georgia","Treutlen County",1,41,88,42,46
050,13,283,"Georgia","Treutlen County",1,42,67,35,32
050,13,283,"Georgia","Treutlen County",1,43,73,40,33
050,13,283,"Georgia","Treutlen County",1,44,58,29,29
050,13,283,"Georgia","Treutlen County",1,45,64,36,28
050,13,283,"Georgia","Treutlen County",1,46,58,30,28
050,13,283,"Georgia","Treutlen County",1,47,71,37,34
050,13,283,"Georgia","Treutlen County",1,48,73,33,40
050,13,283,"Georgia","Treutlen County",1,49,98,58,40
050,13,283,"Georgia","Treutlen County",1,50,75,39,36
050,13,283,"Georgia","Treutlen County",1,51,63,34,29
050,13,283,"Georgia","Treutlen County",1,52,70,38,32
050,13,283,"Georgia","Treutlen County",1,53,67,35,32
050,13,283,"Georgia","Treutlen County",1,54,76,40,36
050,13,283,"Georgia","Treutlen County",1,55,78,46,32
050,13,283,"Georgia","Treutlen County",1,56,85,43,42
050,13,283,"Georgia","Treutlen County",1,57,84,37,47
050,13,283,"Georgia","Treutlen County",1,58,82,42,40
050,13,283,"Georgia","Treutlen County",1,59,73,37,36
050,13,283,"Georgia","Treutlen County",1,60,89,45,44
050,13,283,"Georgia","Treutlen County",1,61,92,50,42
050,13,283,"Georgia","Treutlen County",1,62,108,56,52
050,13,283,"Georgia","Treutlen County",1,63,91,39,52
050,13,283,"Georgia","Treutlen County",1,64,87,43,44
050,13,283,"Georgia","Treutlen County",1,65,76,33,43
050,13,283,"Georgia","Treutlen County",1,66,69,33,36
050,13,283,"Georgia","Treutlen County",1,67,69,33,36
050,13,283,"Georgia","Treutlen County",1,68,77,38,39
050,13,283,"Georgia","Treutlen County",1,69,80,41,39
050,13,283,"Georgia","Treutlen County",1,70,70,39,31
050,13,283,"Georgia","Treutlen County",1,71,65,30,35
050,13,283,"Georgia","Treutlen County",1,72,65,36,29
050,13,283,"Georgia","Treutlen County",1,73,69,32,37
050,13,283,"Georgia","Treutlen County",1,74,44,19,25
050,13,283,"Georgia","Treutlen County",1,75,44,11,33
050,13,283,"Georgia","Treutlen County",1,76,37,15,22
050,13,283,"Georgia","Treutlen County",1,77,40,21,19
050,13,283,"Georgia","Treutlen County",1,78,43,20,23
050,13,283,"Georgia","Treutlen County",1,79,36,10,26
050,13,283,"Georgia","Treutlen County",1,80,30,11,19
050,13,283,"Georgia","Treutlen County",1,81,23,10,13
050,13,283,"Georgia","Treutlen County",1,82,27,10,17
050,13,283,"Georgia","Treutlen County",1,83,28,9,19
050,13,283,"Georgia","Treutlen County",1,84,27,9,18
050,13,283,"Georgia","Treutlen County",1,85,115,43,72
050,13,283,"Georgia","Treutlen County",2,0,71,37,34
050,13,283,"Georgia","Treutlen County",2,1,74,40,34
050,13,283,"Georgia","Treutlen County",2,2,70,32,38
050,13,283,"Georgia","Treutlen County",2,3,80,40,40
050,13,283,"Georgia","Treutlen County",2,4,77,37,40
050,13,283,"Georgia","Treutlen County",2,5,74,33,41
050,13,283,"Georgia","Treutlen County",2,6,77,34,43
050,13,283,"Georgia","Treutlen County",2,7,77,37,40
050,13,283,"Georgia","Treutlen County",2,8,85,37,48
050,13,283,"Georgia","Treutlen County",2,9,78,33,45
050,13,283,"Georgia","Treutlen County",2,10,94,44,50
050,13,283,"Georgia","Treutlen County",2,11,98,44,54
050,13,283,"Georgia","Treutlen County",2,12,88,42,46
050,13,283,"Georgia","Treutlen County",2,13,95,44,51
050,13,283,"Georgia","Treutlen County",2,14,99,47,52
050,13,283,"Georgia","Treutlen County",2,15,94,46,48
050,13,283,"Georgia","Treutlen County",2,16,87,43,44
050,13,283,"Georgia","Treutlen County",2,17,78,36,42
050,13,283,"Georgia","Treutlen County",2,18,80,41,39
050,13,283,"Georgia","Treutlen County",2,19,78,44,34
050,13,283,"Georgia","Treutlen County",2,20,95,60,35
050,13,283,"Georgia","Treutlen County",2,21,93,63,30
050,13,283,"Georgia","Treutlen County",2,22,88,54,34
050,13,283,"Georgia","Treutlen County",2,23,91,57,34
050,13,283,"Georgia","Treutlen County",2,24,81,51,30
050,13,283,"Georgia","Treutlen County",2,25,83,56,27
050,13,283,"Georgia","Treutlen County",2,26,78,47,31
050,13,283,"Georgia","Treutlen County",2,27,74,42,32
050,13,283,"Georgia","Treutlen County",2,28,83,43,40
050,13,283,"Georgia","Treutlen County",2,29,92,46,46
050,13,283,"Georgia","Treutlen County",2,30,78,41,37
050,13,283,"Georgia","Treutlen County",2,31,81,51,30
050,13,283,"Georgia","Treutlen County",2,32,74,45,29
050,13,283,"Georgia","Treutlen County",2,33,80,46,34
050,13,283,"Georgia","Treutlen County",2,34,65,28,37
050,13,283,"Georgia","Treutlen County",2,35,74,29,45
050,13,283,"Georgia","Treutlen County",2,36,79,36,43
050,13,283,"Georgia","Treutlen County",2,37,82,42,40
050,13,283,"Georgia","Treutlen County",2,38,90,47,43
050,13,283,"Georgia","Treutlen County",2,39,88,42,46
050,13,283,"Georgia","Treutlen County",2,40,88,38,50
050,13,283,"Georgia","Treutlen County",2,41,91,44,47
050,13,283,"Georgia","Treutlen County",2,42,70,35,35
050,13,283,"Georgia","Treutlen County",2,43,73,40,33
050,13,283,"Georgia","Treutlen County",2,44,59,30,29
050,13,283,"Georgia","Treutlen County",2,45,64,35,29
050,13,283,"Georgia","Treutlen County",2,46,58,30,28
050,13,283,"Georgia","Treutlen County",2,47,69,37,32
050,13,283,"Georgia","Treutlen County",2,48,70,32,38
050,13,283,"Georgia","Treutlen County",2,49,94,54,40
050,13,283,"Georgia","Treutlen County",2,50,77,41,36
050,13,283,"Georgia","Treutlen County",2,51,65,35,30
050,13,283,"Georgia","Treutlen County",2,52,69,38,31
050,13,283,"Georgia","Treutlen County",2,53,67,35,32
050,13,283,"Georgia","Treutlen County",2,54,75,40,35
050,13,283,"Georgia","Treutlen County",2,55,76,43,33
050,13,283,"Georgia","Treutlen County",2,56,84,44,40
050,13,283,"Georgia","Treutlen County",2,57,84,39,45
050,13,283,"Georgia","Treutlen County",2,58,84,42,42
050,13,283,"Georgia","Treutlen County",2,59,76,38,38
050,13,283,"Georgia","Treutlen County",2,60,86,44,42
050,13,283,"Georgia","Treutlen County",2,61,91,48,43
050,13,283,"Georgia","Treutlen County",2,62,103,54,49
050,13,283,"Georgia","Treutlen County",2,63,95,43,52
050,13,283,"Georgia","Treutlen County",2,64,88,42,46
050,13,283,"Georgia","Treutlen County",2,65,76,34,42
050,13,283,"Georgia","Treutlen County",2,66,71,33,38
050,13,283,"Georgia","Treutlen County",2,67,67,32,35
050,13,283,"Georgia","Treutlen County",2,68,76,38,38
050,13,283,"Georgia","Treutlen County",2,69,79,39,40
050,13,283,"Georgia","Treutlen County",2,70,71,38,33
050,13,283,"Georgia","Treutlen County",2,71,65,32,33
050,13,283,"Georgia","Treutlen County",2,72,63,33,30
050,13,283,"Georgia","Treutlen County",2,73,71,34,37
050,13,283,"Georgia","Treutlen County",2,74,48,21,27
050,13,283,"Georgia","Treutlen County",2,75,44,13,31
050,13,283,"Georgia","Treutlen County",2,76,37,14,23
050,13,283,"Georgia","Treutlen County",2,77,39,20,19
050,13,283,"Georgia","Treutlen County",2,78,42,20,22
050,13,283,"Georgia","Treutlen County",2,79,36,12,24
050,13,283,"Georgia","Treutlen County",2,80,32,11,21
050,13,283,"Georgia","Treutlen County",2,81,24,10,14
050,13,283,"Georgia","Treutlen County",2,82,27,10,17
050,13,283,"Georgia","Treutlen County",2,83,27,9,18
050,13,283,"Georgia","Treutlen County",2,84,26,8,18
050,13,283,"Georgia","Treutlen County",2,85,117,42,75
050,13,283,"Georgia","Treutlen County",3,0,59,26,33
050,13,283,"Georgia","Treutlen County",3,1,61,34,27
050,13,283,"Georgia","Treutlen County",3,2,68,42,26
050,13,283,"Georgia","Treutlen County",3,3,67,33,34
050,13,283,"Georgia","Treutlen County",3,4,80,40,40
050,13,283,"Georgia","Treutlen County",3,5,70,36,34
050,13,283,"Georgia","Treutlen County",3,6,67,35,32
050,13,283,"Georgia","Treutlen County",3,7,71,33,38
050,13,283,"Georgia","Treutlen County",3,8,79,39,40
050,13,283,"Georgia","Treutlen County",3,9,86,38,48
050,13,283,"Georgia","Treutlen County",3,10,80,39,41
050,13,283,"Georgia","Treutlen County",3,11,101,46,55
050,13,283,"Georgia","Treutlen County",3,12,96,40,56
050,13,283,"Georgia","Treutlen County",3,13,89,42,47
050,13,283,"Georgia","Treutlen County",3,14,95,43,52
050,13,283,"Georgia","Treutlen County",3,15,102,49,53
050,13,283,"Georgia","Treutlen County",3,16,95,45,50
050,13,283,"Georgia","Treutlen County",3,17,89,43,46
050,13,283,"Georgia","Treutlen County",3,18,77,46,31
050,13,283,"Georgia","Treutlen County",3,19,74,41,33
050,13,283,"Georgia","Treutlen County",3,20,93,59,34
050,13,283,"Georgia","Treutlen County",3,21,99,62,37
050,13,283,"Georgia","Treutlen County",3,22,97,62,35
050,13,283,"Georgia","Treutlen County",3,23,99,68,31
050,13,283,"Georgia","Treutlen County",3,24,84,51,33
050,13,283,"Georgia","Treutlen County",3,25,81,49,32
050,13,283,"Georgia","Treutlen County",3,26,69,47,22
050,13,283,"Georgia","Treutlen County",3,27,84,49,35
050,13,283,"Georgia","Treutlen County",3,28,77,44,33
050,13,283,"Georgia","Treutlen County",3,29,92,53,39
050,13,283,"Georgia","Treutlen County",3,30,93,45,48
050,13,283,"Georgia","Treutlen County",3,31,89,51,38
050,13,283,"Georgia","Treutlen County",3,32,70,46,24
050,13,283,"Georgia","Treutlen County",3,33,85,55,30
050,13,283,"Georgia","Treutlen County",3,34,77,42,35
050,13,283,"Georgia","Treutlen County",3,35,60,26,34
050,13,283,"Georgia","Treutlen County",3,36,78,32,46
050,13,283,"Georgia","Treutlen County",3,37,74,34,40
050,13,283,"Georgia","Treutlen County",3,38,79,41,38
050,13,283,"Georgia","Treutlen County",3,39,88,44,44
050,13,283,"Georgia","Treutlen County",3,40,90,40,50
050,13,283,"Georgia","Treutlen County",3,41,96,45,51
050,13,283,"Georgia","Treutlen County",3,42,88,41,47
050,13,283,"Georgia","Treutlen County",3,43,69,34,35
050,13,283,"Georgia","Treutlen County",3,44,68,37,31
050,13,283,"Georgia","Treutlen County",3,45,56,31,25
050,13,283,"Georgia","Treutlen County",3,46,68,35,33
050,13,283,"Georgia","Treutlen County",3,47,66,39,27
050,13,283,"Georgia","Treutlen County",3,48,62,30,32
050,13,283,"Georgia","Treutlen County",3,49,85,43,42
050,13,283,"Georgia","Treutlen County",3,50,88,45,43
050,13,283,"Georgia","Treutlen County",3,51,79,40,39
050,13,283,"Georgia","Treutlen County",3,52,74,40,34
050,13,283,"Georgia","Treutlen County",3,53,64,36,28
050,13,283,"Georgia","Treutlen County",3,54,69,37,32
050,13,283,"Georgia","Treutlen County",3,55,74,39,35
050,13,283,"Georgia","Treutlen County",3,56,78,44,34
050,13,283,"Georgia","Treutlen County",3,57,81,39,42
050,13,283,"Georgia","Treutlen County",3,58,90,44,46
050,13,283,"Georgia","Treutlen County",3,59,77,41,36
050,13,283,"Georgia","Treutlen County",3,60,76,40,36
050,13,283,"Georgia","Treutlen County",3,61,77,38,39
050,13,283,"Georgia","Treutlen County",3,62,91,45,46
050,13,283,"Georgia","Treutlen County",3,63,97,49,48
050,13,283,"Georgia","Treutlen County",3,64,89,43,46
050,13,283,"Georgia","Treutlen County",3,65,86,44,42
050,13,283,"Georgia","Treutlen County",3,66,74,31,43
050,13,283,"Georgia","Treutlen County",3,67,65,30,35
050,13,283,"Georgia","Treutlen County",3,68,64,30,34
050,13,283,"Georgia","Treutlen County",3,69,69,33,36
050,13,283,"Georgia","Treutlen County",3,70,72,32,40
050,13,283,"Georgia","Treutlen County",3,71,67,34,33
050,13,283,"Georgia","Treutlen County",3,72,61,32,29
050,13,283,"Georgia","Treutlen County",3,73,61,33,28
050,13,283,"Georgia","Treutlen County",3,74,68,32,36
050,13,283,"Georgia","Treutlen County",3,75,47,19,28
050,13,283,"Georgia","Treutlen County",3,76,40,12,28
050,13,283,"Georgia","Treutlen County",3,77,36,14,22
050,13,283,"Georgia","Treutlen County",3,78,39,18,21
050,13,283,"Georgia","Treutlen County",3,79,36,15,21
050,13,283,"Georgia","Treutlen County",3,80,32,10,22
050,13,283,"Georgia","Treutlen County",3,81,28,9,19
050,13,283,"Georgia","Treutlen County",3,82,25,10,15
050,13,283,"Georgia","Treutlen County",3,83,22,7,15
050,13,283,"Georgia","Treutlen County",3,84,24,9,15
050,13,283,"Georgia","Treutlen County",3,85,123,47,76
050,13,283,"Georgia","Treutlen County",4,0,76,38,38
050,13,283,"Georgia","Treutlen County",4,1,70,29,41
050,13,283,"Georgia","Treutlen County",4,2,62,33,29
050,13,283,"Georgia","Treutlen County",4,3,66,39,27
050,13,283,"Georgia","Treutlen County",4,4,67,30,37
050,13,283,"Georgia","Treutlen County",4,5,86,44,42
050,13,283,"Georgia","Treutlen County",4,6,71,37,34
050,13,283,"Georgia","Treutlen County",4,7,66,33,33
050,13,283,"Georgia","Treutlen County",4,8,73,32,41
050,13,283,"Georgia","Treutlen County",4,9,79,39,40
050,13,283,"Georgia","Treutlen County",4,10,84,36,48
050,13,283,"Georgia","Treutlen County",4,11,75,39,36
050,13,283,"Georgia","Treutlen County",4,12,99,47,52
050,13,283,"Georgia","Treutlen County",4,13,98,43,55
050,13,283,"Georgia","Treutlen County",4,14,86,40,46
050,13,283,"Georgia","Treutlen County",4,15,91,36,55
050,13,283,"Georgia","Treutlen County",4,16,101,47,54
050,13,283,"Georgia","Treutlen County",4,17,98,44,54
050,13,283,"Georgia","Treutlen County",4,18,92,56,36
050,13,283,"Georgia","Treutlen County",4,19,69,42,27
050,13,283,"Georgia","Treutlen County",4,20,91,56,35
050,13,283,"Georgia","Treutlen County",4,21,99,61,38
050,13,283,"Georgia","Treutlen County",4,22,97,56,41
050,13,283,"Georgia","Treutlen County",4,23,97,65,32
050,13,283,"Georgia","Treutlen County",4,24,91,57,34
050,13,283,"Georgia","Treutlen County",4,25,84,51,33
050,13,283,"Georgia","Treutlen County",4,26,70,41,29
050,13,283,"Georgia","Treutlen County",4,27,68,46,22
050,13,283,"Georgia","Treutlen County",4,28,78,42,36
050,13,283,"Georgia","Treutlen County",4,29,87,50,37
050,13,283,"Georgia","Treutlen County",4,30,93,55,38
050,13,283,"Georgia","Treutlen County",4,31,95,52,43
050,13,283,"Georgia","Treutlen County",4,32,81,41,40
050,13,283,"Georgia","Treutlen County",4,33,76,52,24
050,13,283,"Georgia","Treutlen County",4,34,74,42,32
050,13,283,"Georgia","Treutlen County",4,35,73,38,35
050,13,283,"Georgia","Treutlen County",4,36,61,27,34
050,13,283,"Georgia","Treutlen County",4,37,73,26,47
050,13,283,"Georgia","Treutlen County",4,38,76,37,39
050,13,283,"Georgia","Treutlen County",4,39,85,43,42
050,13,283,"Georgia","Treutlen County",4,40,79,36,43
050,13,283,"Georgia","Treutlen County",4,41,98,47,51
050,13,283,"Georgia","Treutlen County",4,42,96,43,53
050,13,283,"Georgia","Treutlen County",4,43,93,44,49
050,13,283,"Georgia","Treutlen County",4,44,66,29,37
050,13,283,"Georgia","Treutlen County",4,45,70,41,29
050,13,283,"Georgia","Treutlen County",4,46,58,31,27
050,13,283,"Georgia","Treutlen County",4,47,79,46,33
050,13,283,"Georgia","Treutlen County",4,48,57,27,30
050,13,283,"Georgia","Treutlen County",4,49,64,36,28
050,13,283,"Georgia","Treutlen County",4,50,82,39,43
050,13,283,"Georgia","Treutlen County",4,51,84,42,42
050,13,283,"Georgia","Treutlen County",4,52,84,43,41
050,13,283,"Georgia","Treutlen County",4,53,69,36,33
050,13,283,"Georgia","Treutlen County",4,54,62,33,29
050,13,283,"Georgia","Treutlen County",4,55,67,33,34
050,13,283,"Georgia","Treutlen County",4,56,72,38,34
050,13,283,"Georgia","Treutlen County",4,57,77,43,34
050,13,283,"Georgia","Treutlen County",4,58,83,42,41
050,13,283,"Georgia","Treutlen County",4,59,91,46,45
050,13,283,"Georgia","Treutlen County",4,60,76,41,35
050,13,283,"Georgia","Treutlen County",4,61,71,35,36
050,13,283,"Georgia","Treutlen County",4,62,75,35,40
050,13,283,"Georgia","Treutlen County",4,63,95,44,51
050,13,283,"Georgia","Treutlen County",4,64,103,55,48
050,13,283,"Georgia","Treutlen County",4,65,92,42,50
050,13,283,"Georgia","Treutlen County",4,66,86,42,44
050,13,283,"Georgia","Treutlen County",4,67,72,31,41
050,13,283,"Georgia","Treutlen County",4,68,64,28,36
050,13,283,"Georgia","Treutlen County",4,69,60,26,34
050,13,283,"Georgia","Treutlen County",4,70,67,31,36
050,13,283,"Georgia","Treutlen County",4,71,72,32,40
050,13,283,"Georgia","Treutlen County",4,72,62,33,29
050,13,283,"Georgia","Treutlen County",4,73,57,28,29
050,13,283,"Georgia","Treutlen County",4,74,56,29,27
050,13,283,"Georgia","Treutlen County",4,75,69,28,41
050,13,283,"Georgia","Treutlen County",4,76,40,17,23
050,13,283,"Georgia","Treutlen County",4,77,40,12,28
050,13,283,"Georgia","Treutlen County",4,78,34,12,22
050,13,283,"Georgia","Treutlen County",4,79,30,11,19
050,13,283,"Georgia","Treutlen County",4,80,35,14,21
050,13,283,"Georgia","Treutlen County",4,81,25,10,15
050,13,283,"Georgia","Treutlen County",4,82,28,9,19
050,13,283,"Georgia","Treutlen County",4,83,20,7,13
050,13,283,"Georgia","Treutlen County",4,84,19,7,12
050,13,283,"Georgia","Treutlen County",4,85,122,46,76
050,13,283,"Georgia","Treutlen County",5,0,78,40,38
050,13,283,"Georgia","Treutlen County",5,1,77,37,40
050,13,283,"Georgia","Treutlen County",5,2,67,27,40
050,13,283,"Georgia","Treutlen County",5,3,61,33,28
050,13,283,"Georgia","Treutlen County",5,4,62,33,29
050,13,283,"Georgia","Treutlen County",5,5,70,31,39
050,13,283,"Georgia","Treutlen County",5,6,85,44,41
050,13,283,"Georgia","Treutlen County",5,7,73,39,34
050,13,283,"Georgia","Treutlen County",5,8,61,29,32
050,13,283,"Georgia","Treutlen County",5,9,72,34,38
050,13,283,"Georgia","Treutlen County",5,10,73,39,34
050,13,283,"Georgia","Treutlen County",5,11,89,41,48
050,13,283,"Georgia","Treutlen County",5,12,76,38,38
050,13,283,"Georgia","Treutlen County",5,13,94,48,46
050,13,283,"Georgia","Treutlen County",5,14,93,39,54
050,13,283,"Georgia","Treutlen County",5,15,85,40,45
050,13,283,"Georgia","Treutlen County",5,16,80,32,48
050,13,283,"Georgia","Treutlen County",5,17,99,45,54
050,13,283,"Georgia","Treutlen County",5,18,89,47,42
050,13,283,"Georgia","Treutlen County",5,19,74,48,26
050,13,283,"Georgia","Treutlen County",5,20,92,59,33
050,13,283,"Georgia","Treutlen County",5,21,95,59,36
050,13,283,"Georgia","Treutlen County",5,22,101,56,45
050,13,283,"Georgia","Treutlen County",5,23,113,70,43
050,13,283,"Georgia","Treutlen County",5,24,95,59,36
050,13,283,"Georgia","Treutlen County",5,25,94,61,33
050,13,283,"Georgia","Treutlen County",5,26,76,42,34
050,13,283,"Georgia","Treutlen County",5,27,76,48,28
050,13,283,"Georgia","Treutlen County",5,28,67,47,20
050,13,283,"Georgia","Treutlen County",5,29,78,47,31
050,13,283,"Georgia","Treutlen County",5,30,87,48,39
050,13,283,"Georgia","Treutlen County",5,31,109,67,42
050,13,283,"Georgia","Treutlen County",5,32,85,43,42
050,13,283,"Georgia","Treutlen County",5,33,95,53,42
050,13,283,"Georgia","Treutlen County",5,34,70,46,24
050,13,283,"Georgia","Treutlen County",5,35,69,37,32
050,13,283,"Georgia","Treutlen County",5,36,68,38,30
050,13,283,"Georgia","Treutlen County",5,37,58,27,31
050,13,283,"Georgia","Treutlen County",5,38,71,28,43
050,13,283,"Georgia","Treutlen County",5,39,74,37,37
050,13,283,"Georgia","Treutlen County",5,40,75,32,43
050,13,283,"Georgia","Treutlen County",5,41,86,43,43
050,13,283,"Georgia","Treutlen County",5,42,92,46,46
050,13,283,"Georgia","Treutlen County",5,43,97,43,54
050,13,283,"Georgia","Treutlen County",5,44,93,45,48
050,13,283,"Georgia","Treutlen County",5,45,68,34,34
050,13,283,"Georgia","Treutlen County",5,46,74,42,32
050,13,283,"Georgia","Treutlen County",5,47,67,42,25
050,13,283,"Georgia","Treutlen County",5,48,60,32,28
050,13,283,"Georgia","Treutlen County",5,49,68,39,29
050,13,283,"Georgia","Treutlen County",5,50,56,32,24
050,13,283,"Georgia","Treutlen County",5,51,87,41,46
050,13,283,"Georgia","Treutlen County",5,52,91,46,45
050,13,283,"Georgia","Treutlen County",5,53,81,42,39
050,13,283,"Georgia","Treutlen County",5,54,69,34,35
050,13,283,"Georgia","Treutlen County",5,55,59,31,28
050,13,283,"Georgia","Treutlen County",5,56,72,37,35
050,13,283,"Georgia","Treutlen County",5,57,63,31,32
050,13,283,"Georgia","Treutlen County",5,58,82,44,38
050,13,283,"Georgia","Treutlen County",5,59,84,44,40
050,13,283,"Georgia","Treutlen County",5,60,94,49,45
050,13,283,"Georgia","Treutlen County",5,61,72,36,36
050,13,283,"Georgia","Treutlen County",5,62,68,32,36
050,13,283,"Georgia","Treutlen County",5,63,73,33,40
050,13,283,"Georgia","Treutlen County",5,64,94,47,47
050,13,283,"Georgia","Treutlen County",5,65,106,54,52
050,13,283,"Georgia","Treutlen County",5,66,91,41,50
050,13,283,"Georgia","Treutlen County",5,67,85,41,44
050,13,283,"Georgia","Treutlen County",5,68,68,29,39
050,13,283,"Georgia","Treutlen County",5,69,57,21,36
050,13,283,"Georgia","Treutlen County",5,70,56,22,34
050,13,283,"Georgia","Treutlen County",5,71,66,29,37
050,13,283,"Georgia","Treutlen County",5,72,71,31,40
050,13,283,"Georgia","Treutlen County",5,73,59,29,30
050,13,283,"Georgia","Treutlen County",5,74,54,27,27
050,13,283,"Georgia","Treutlen County",5,75,55,27,28
050,13,283,"Georgia","Treutlen County",5,76,63,25,38
050,13,283,"Georgia","Treutlen County",5,77,41,17,24
050,13,283,"Georgia","Treutlen County",5,78,40,10,30
050,13,283,"Georgia","Treutlen County",5,79,25,6,19
050,13,283,"Georgia","Treutlen County",5,80,29,11,18
050,13,283,"Georgia","Treutlen County",5,81,31,14,17
050,13,283,"Georgia","Treutlen County",5,82,26,11,15
050,13,283,"Georgia","Treutlen County",5,83,24,6,18
050,13,283,"Georgia","Treutlen County",5,84,15,7,8
050,13,283,"Georgia","Treutlen County",5,85,123,44,79
050,13,285,"Georgia","Troup County",1,0,892,453,439
050,13,285,"Georgia","Troup County",1,1,907,445,462
050,13,285,"Georgia","Troup County",1,2,897,456,441
050,13,285,"Georgia","Troup County",1,3,883,459,424
050,13,285,"Georgia","Troup County",1,4,947,495,452
050,13,285,"Georgia","Troup County",1,5,966,509,457
050,13,285,"Georgia","Troup County",1,6,907,477,430
050,13,285,"Georgia","Troup County",1,7,898,472,426
050,13,285,"Georgia","Troup County",1,8,905,470,435
050,13,285,"Georgia","Troup County",1,9,964,483,481
050,13,285,"Georgia","Troup County",1,10,918,441,477
050,13,285,"Georgia","Troup County",1,11,1003,517,486
050,13,285,"Georgia","Troup County",1,12,1063,529,534
050,13,285,"Georgia","Troup County",1,13,1041,521,520
050,13,285,"Georgia","Troup County",1,14,1043,531,512
050,13,285,"Georgia","Troup County",1,15,992,510,482
050,13,285,"Georgia","Troup County",1,16,988,521,467
050,13,285,"Georgia","Troup County",1,17,975,499,476
050,13,285,"Georgia","Troup County",1,18,857,454,403
050,13,285,"Georgia","Troup County",1,19,753,396,357
050,13,285,"Georgia","Troup County",1,20,827,412,415
050,13,285,"Georgia","Troup County",1,21,828,415,413
050,13,285,"Georgia","Troup County",1,22,877,452,425
050,13,285,"Georgia","Troup County",1,23,900,446,454
050,13,285,"Georgia","Troup County",1,24,930,447,483
050,13,285,"Georgia","Troup County",1,25,917,437,480
050,13,285,"Georgia","Troup County",1,26,938,440,498
050,13,285,"Georgia","Troup County",1,27,964,468,496
050,13,285,"Georgia","Troup County",1,28,989,472,517
050,13,285,"Georgia","Troup County",1,29,1027,480,547
050,13,285,"Georgia","Troup County",1,30,1007,452,555
050,13,285,"Georgia","Troup County",1,31,950,459,491
050,13,285,"Georgia","Troup County",1,32,916,431,485
050,13,285,"Georgia","Troup County",1,33,879,397,482
050,13,285,"Georgia","Troup County",1,34,924,442,482
050,13,285,"Georgia","Troup County",1,35,861,392,469
050,13,285,"Georgia","Troup County",1,36,830,371,459
050,13,285,"Georgia","Troup County",1,37,920,452,468
050,13,285,"Georgia","Troup County",1,38,864,402,462
050,13,285,"Georgia","Troup County",1,39,882,426,456
050,13,285,"Georgia","Troup County",1,40,865,421,444
050,13,285,"Georgia","Troup County",1,41,832,388,444
050,13,285,"Georgia","Troup County",1,42,790,364,426
050,13,285,"Georgia","Troup County",1,43,752,350,402
050,13,285,"Georgia","Troup County",1,44,805,372,433
050,13,285,"Georgia","Troup County",1,45,836,381,455
050,13,285,"Georgia","Troup County",1,46,807,385,422
050,13,285,"Georgia","Troup County",1,47,843,386,457
050,13,285,"Georgia","Troup County",1,48,925,412,513
050,13,285,"Georgia","Troup County",1,49,918,441,477
050,13,285,"Georgia","Troup County",1,50,870,417,453
050,13,285,"Georgia","Troup County",1,51,873,423,450
050,13,285,"Georgia","Troup County",1,52,844,411,433
050,13,285,"Georgia","Troup County",1,53,872,425,447
050,13,285,"Georgia","Troup County",1,54,956,467,489
050,13,285,"Georgia","Troup County",1,55,935,456,479
050,13,285,"Georgia","Troup County",1,56,956,458,498
050,13,285,"Georgia","Troup County",1,57,926,457,469
050,13,285,"Georgia","Troup County",1,58,956,466,490
050,13,285,"Georgia","Troup County",1,59,892,425,467
050,13,285,"Georgia","Troup County",1,60,837,384,453
050,13,285,"Georgia","Troup County",1,61,879,422,457
050,13,285,"Georgia","Troup County",1,62,876,423,453
050,13,285,"Georgia","Troup County",1,63,849,400,449
050,13,285,"Georgia","Troup County",1,64,831,387,444
050,13,285,"Georgia","Troup County",1,65,787,370,417
050,13,285,"Georgia","Troup County",1,66,737,352,385
050,13,285,"Georgia","Troup County",1,67,696,339,357
050,13,285,"Georgia","Troup County",1,68,668,313,355
050,13,285,"Georgia","Troup County",1,69,662,298,364
050,13,285,"Georgia","Troup County",1,70,631,281,350
050,13,285,"Georgia","Troup County",1,71,630,265,365
050,13,285,"Georgia","Troup County",1,72,654,302,352
050,13,285,"Georgia","Troup County",1,73,609,288,321
050,13,285,"Georgia","Troup County",1,74,414,187,227
050,13,285,"Georgia","Troup County",1,75,413,185,228
050,13,285,"Georgia","Troup County",1,76,392,177,215
050,13,285,"Georgia","Troup County",1,77,399,174,225
050,13,285,"Georgia","Troup County",1,78,333,146,187
050,13,285,"Georgia","Troup County",1,79,300,133,167
050,13,285,"Georgia","Troup County",1,80,249,101,148
050,13,285,"Georgia","Troup County",1,81,256,103,153
050,13,285,"Georgia","Troup County",1,82,230,90,140
050,13,285,"Georgia","Troup County",1,83,208,71,137
050,13,285,"Georgia","Troup County",1,84,187,68,119
050,13,285,"Georgia","Troup County",1,85,1217,351,866
050,13,285,"Georgia","Troup County",2,0,856,441,415
050,13,285,"Georgia","Troup County",2,1,904,446,458
050,13,285,"Georgia","Troup County",2,2,903,456,447
050,13,285,"Georgia","Troup County",2,3,890,461,429
050,13,285,"Georgia","Troup County",2,4,937,486,451
050,13,285,"Georgia","Troup County",2,5,966,508,458
050,13,285,"Georgia","Troup County",2,6,933,492,441
050,13,285,"Georgia","Troup County",2,7,902,475,427
050,13,285,"Georgia","Troup County",2,8,900,468,432
050,13,285,"Georgia","Troup County",2,9,948,477,471
050,13,285,"Georgia","Troup County",2,10,924,449,475
050,13,285,"Georgia","Troup County",2,11,977,495,482
050,13,285,"Georgia","Troup County",2,12,1053,528,525
050,13,285,"Georgia","Troup County",2,13,1046,527,519
050,13,285,"Georgia","Troup County",2,14,1039,528,511
050,13,285,"Georgia","Troup County",2,15,1003,515,488
050,13,285,"Georgia","Troup County",2,16,989,518,471
050,13,285,"Georgia","Troup County",2,17,972,503,469
050,13,285,"Georgia","Troup County",2,18,849,444,405
050,13,285,"Georgia","Troup County",2,19,754,397,357
050,13,285,"Georgia","Troup County",2,20,827,414,413
050,13,285,"Georgia","Troup County",2,21,828,412,416
050,13,285,"Georgia","Troup County",2,22,873,445,428
050,13,285,"Georgia","Troup County",2,23,902,447,455
050,13,285,"Georgia","Troup County",2,24,915,440,475
050,13,285,"Georgia","Troup County",2,25,915,431,484
050,13,285,"Georgia","Troup County",2,26,937,440,497
050,13,285,"Georgia","Troup County",2,27,961,463,498
050,13,285,"Georgia","Troup County",2,28,982,471,511
050,13,285,"Georgia","Troup County",2,29,1021,478,543
050,13,285,"Georgia","Troup County",2,30,1012,458,554
050,13,285,"Georgia","Troup County",2,31,966,461,505
050,13,285,"Georgia","Troup County",2,32,918,434,484
050,13,285,"Georgia","Troup County",2,33,882,400,482
050,13,285,"Georgia","Troup County",2,34,906,424,482
050,13,285,"Georgia","Troup County",2,35,870,398,472
050,13,285,"Georgia","Troup County",2,36,830,373,457
050,13,285,"Georgia","Troup County",2,37,896,432,464
050,13,285,"Georgia","Troup County",2,38,871,408,463
050,13,285,"Georgia","Troup County",2,39,874,417,457
050,13,285,"Georgia","Troup County",2,40,869,420,449
050,13,285,"Georgia","Troup County",2,41,834,392,442
050,13,285,"Georgia","Troup County",2,42,797,369,428
050,13,285,"Georgia","Troup County",2,43,768,358,410
050,13,285,"Georgia","Troup County",2,44,787,362,425
050,13,285,"Georgia","Troup County",2,45,826,380,446
050,13,285,"Georgia","Troup County",2,46,806,380,426
050,13,285,"Georgia","Troup County",2,47,837,386,451
050,13,285,"Georgia","Troup County",2,48,907,406,501
050,13,285,"Georgia","Troup County",2,49,924,438,486
050,13,285,"Georgia","Troup County",2,50,877,421,456
050,13,285,"Georgia","Troup County",2,51,867,419,448
050,13,285,"Georgia","Troup County",2,52,850,414,436
050,13,285,"Georgia","Troup County",2,53,857,417,440
050,13,285,"Georgia","Troup County",2,54,933,457,476
050,13,285,"Georgia","Troup County",2,55,941,456,485
050,13,285,"Georgia","Troup County",2,56,952,460,492
050,13,285,"Georgia","Troup County",2,57,937,459,478
050,13,285,"Georgia","Troup County",2,58,948,465,483
050,13,285,"Georgia","Troup County",2,59,903,431,472
050,13,285,"Georgia","Troup County",2,60,841,391,450
050,13,285,"Georgia","Troup County",2,61,865,412,453
050,13,285,"Georgia","Troup County",2,62,874,422,452
050,13,285,"Georgia","Troup County",2,63,860,406,454
050,13,285,"Georgia","Troup County",2,64,822,385,437
050,13,285,"Georgia","Troup County",2,65,796,373,423
050,13,285,"Georgia","Troup County",2,66,747,355,392
050,13,285,"Georgia","Troup County",2,67,699,341,358
050,13,285,"Georgia","Troup County",2,68,669,314,355
050,13,285,"Georgia","Troup County",2,69,662,300,362
050,13,285,"Georgia","Troup County",2,70,639,286,353
050,13,285,"Georgia","Troup County",2,71,627,270,357
050,13,285,"Georgia","Troup County",2,72,629,284,345
050,13,285,"Georgia","Troup County",2,73,640,298,342
050,13,285,"Georgia","Troup County",2,74,431,196,235
050,13,285,"Georgia","Troup County",2,75,409,184,225
050,13,285,"Georgia","Troup County",2,76,388,175,213
050,13,285,"Georgia","Troup County",2,77,398,174,224
050,13,285,"Georgia","Troup County",2,78,343,149,194
050,13,285,"Georgia","Troup County",2,79,305,132,173
050,13,285,"Georgia","Troup County",2,80,255,108,147
050,13,285,"Georgia","Troup County",2,81,252,101,151
050,13,285,"Georgia","Troup County",2,82,226,86,140
050,13,285,"Georgia","Troup County",2,83,209,73,136
050,13,285,"Georgia","Troup County",2,84,187,66,121
050,13,285,"Georgia","Troup County",2,85,1209,353,856
050,13,285,"Georgia","Troup County",3,0,849,437,412
050,13,285,"Georgia","Troup County",3,1,866,461,405
050,13,285,"Georgia","Troup County",3,2,927,454,473
050,13,285,"Georgia","Troup County",3,3,943,485,458
050,13,285,"Georgia","Troup County",3,4,890,466,424
050,13,285,"Georgia","Troup County",3,5,919,482,437
050,13,285,"Georgia","Troup County",3,6,968,517,451
050,13,285,"Georgia","Troup County",3,7,926,479,447
050,13,285,"Georgia","Troup County",3,8,903,478,425
050,13,285,"Georgia","Troup County",3,9,926,479,447
050,13,285,"Georgia","Troup County",3,10,930,466,464
050,13,285,"Georgia","Troup County",3,11,928,452,476
050,13,285,"Georgia","Troup County",3,12,1000,498,502
050,13,285,"Georgia","Troup County",3,13,1063,536,527
050,13,285,"Georgia","Troup County",3,14,1050,520,530
050,13,285,"Georgia","Troup County",3,15,1030,522,508
050,13,285,"Georgia","Troup County",3,16,1017,534,483
050,13,285,"Georgia","Troup County",3,17,996,524,472
050,13,285,"Georgia","Troup County",3,18,856,440,416
050,13,285,"Georgia","Troup County",3,19,737,392,345
050,13,285,"Georgia","Troup County",3,20,798,397,401
050,13,285,"Georgia","Troup County",3,21,859,421,438
050,13,285,"Georgia","Troup County",3,22,867,432,435
050,13,285,"Georgia","Troup County",3,23,927,459,468
050,13,285,"Georgia","Troup County",3,24,928,474,454
050,13,285,"Georgia","Troup County",3,25,901,411,490
050,13,285,"Georgia","Troup County",3,26,944,446,498
050,13,285,"Georgia","Troup County",3,27,973,452,521
050,13,285,"Georgia","Troup County",3,28,945,441,504
050,13,285,"Georgia","Troup County",3,29,998,466,532
050,13,285,"Georgia","Troup County",3,30,1024,481,543
050,13,285,"Georgia","Troup County",3,31,1050,486,564
050,13,285,"Georgia","Troup County",3,32,989,447,542
050,13,285,"Georgia","Troup County",3,33,886,409,477
050,13,285,"Georgia","Troup County",3,34,899,409,490
050,13,285,"Georgia","Troup County",3,35,890,394,496
050,13,285,"Georgia","Troup County",3,36,895,414,481
050,13,285,"Georgia","Troup County",3,37,842,380,462
050,13,285,"Georgia","Troup County",3,38,845,398,447
050,13,285,"Georgia","Troup County",3,39,888,418,470
050,13,285,"Georgia","Troup County",3,40,877,418,459
050,13,285,"Georgia","Troup County",3,41,876,418,458
050,13,285,"Georgia","Troup County",3,42,838,392,446
050,13,285,"Georgia","Troup County",3,43,794,368,426
050,13,285,"Georgia","Troup County",3,44,792,366,426
050,13,285,"Georgia","Troup County",3,45,771,365,406
050,13,285,"Georgia","Troup County",3,46,831,373,458
050,13,285,"Georgia","Troup County",3,47,787,356,431
050,13,285,"Georgia","Troup County",3,48,828,386,442
050,13,285,"Georgia","Troup County",3,49,892,403,489
050,13,285,"Georgia","Troup County",3,50,933,448,485
050,13,285,"Georgia","Troup County",3,51,873,413,460
050,13,285,"Georgia","Troup County",3,52,864,409,455
050,13,285,"Georgia","Troup County",3,53,855,413,442
050,13,285,"Georgia","Troup County",3,54,856,415,441
050,13,285,"Georgia","Troup County",3,55,904,424,480
050,13,285,"Georgia","Troup County",3,56,950,471,479
050,13,285,"Georgia","Troup County",3,57,942,452,490
050,13,285,"Georgia","Troup County",3,58,927,452,475
050,13,285,"Georgia","Troup County",3,59,919,446,473
050,13,285,"Georgia","Troup County",3,60,863,410,453
050,13,285,"Georgia","Troup County",3,61,834,383,451
050,13,285,"Georgia","Troup County",3,62,853,403,450
050,13,285,"Georgia","Troup County",3,63,851,407,444
050,13,285,"Georgia","Troup County",3,64,839,392,447
050,13,285,"Georgia","Troup County",3,65,796,376,420
050,13,285,"Georgia","Troup County",3,66,773,358,415
050,13,285,"Georgia","Troup County",3,67,726,344,382
050,13,285,"Georgia","Troup County",3,68,681,320,361
050,13,285,"Georgia","Troup County",3,69,647,298,349
050,13,285,"Georgia","Troup County",3,70,649,300,349
050,13,285,"Georgia","Troup County",3,71,616,268,348
050,13,285,"Georgia","Troup County",3,72,600,264,336
050,13,285,"Georgia","Troup County",3,73,609,273,336
050,13,285,"Georgia","Troup County",3,74,612,282,330
050,13,285,"Georgia","Troup County",3,75,405,178,227
050,13,285,"Georgia","Troup County",3,76,389,173,216
050,13,285,"Georgia","Troup County",3,77,363,156,207
050,13,285,"Georgia","Troup County",3,78,378,163,215
050,13,285,"Georgia","Troup County",3,79,322,132,190
050,13,285,"Georgia","Troup County",3,80,283,120,163
050,13,285,"Georgia","Troup County",3,81,238,98,140
050,13,285,"Georgia","Troup County",3,82,215,91,124
050,13,285,"Georgia","Troup County",3,83,217,82,135
050,13,285,"Georgia","Troup County",3,84,184,64,120
050,13,285,"Georgia","Troup County",3,85,1194,347,847
050,13,285,"Georgia","Troup County",4,0,890,458,432
050,13,285,"Georgia","Troup County",4,1,847,459,388
050,13,285,"Georgia","Troup County",4,2,887,475,412
050,13,285,"Georgia","Troup County",4,3,946,465,481
050,13,285,"Georgia","Troup County",4,4,966,490,476
050,13,285,"Georgia","Troup County",4,5,903,480,423
050,13,285,"Georgia","Troup County",4,6,934,504,430
050,13,285,"Georgia","Troup County",4,7,982,530,452
050,13,285,"Georgia","Troup County",4,8,938,499,439
050,13,285,"Georgia","Troup County",4,9,904,479,425
050,13,285,"Georgia","Troup County",4,10,929,478,451
050,13,285,"Georgia","Troup County",4,11,939,472,467
050,13,285,"Georgia","Troup County",4,12,941,461,480
050,13,285,"Georgia","Troup County",4,13,1017,511,506
050,13,285,"Georgia","Troup County",4,14,1069,540,529
050,13,285,"Georgia","Troup County",4,15,1039,512,527
050,13,285,"Georgia","Troup County",4,16,1028,522,506
050,13,285,"Georgia","Troup County",4,17,1019,530,489
050,13,285,"Georgia","Troup County",4,18,840,449,391
050,13,285,"Georgia","Troup County",4,19,690,362,328
050,13,285,"Georgia","Troup County",4,20,759,394,365
050,13,285,"Georgia","Troup County",4,21,815,403,412
050,13,285,"Georgia","Troup County",4,22,908,436,472
050,13,285,"Georgia","Troup County",4,23,928,456,472
050,13,285,"Georgia","Troup County",4,24,938,470,468
050,13,285,"Georgia","Troup County",4,25,942,482,460
050,13,285,"Georgia","Troup County",4,26,920,408,512
050,13,285,"Georgia","Troup County",4,27,976,468,508
050,13,285,"Georgia","Troup County",4,28,984,469,515
050,13,285,"Georgia","Troup County",4,29,960,463,497
050,13,285,"Georgia","Troup County",4,30,1004,462,542
050,13,285,"Georgia","Troup County",4,31,1073,508,565
050,13,285,"Georgia","Troup County",4,32,1087,508,579
050,13,285,"Georgia","Troup County",4,33,982,432,550
050,13,285,"Georgia","Troup County",4,34,900,418,482
050,13,285,"Georgia","Troup County",4,35,891,398,493
050,13,285,"Georgia","Troup County",4,36,910,415,495
050,13,285,"Georgia","Troup County",4,37,938,450,488
050,13,285,"Georgia","Troup County",4,38,851,371,480
050,13,285,"Georgia","Troup County",4,39,878,417,461
050,13,285,"Georgia","Troup County",4,40,881,409,472
050,13,285,"Georgia","Troup County",4,41,886,420,466
050,13,285,"Georgia","Troup County",4,42,870,415,455
050,13,285,"Georgia","Troup County",4,43,847,399,448
050,13,285,"Georgia","Troup County",4,44,822,388,434
050,13,285,"Georgia","Troup County",4,45,776,357,419
050,13,285,"Georgia","Troup County",4,46,783,360,423
050,13,285,"Georgia","Troup County",4,47,826,368,458
050,13,285,"Georgia","Troup County",4,48,792,364,428
050,13,285,"Georgia","Troup County",4,49,835,386,449
050,13,285,"Georgia","Troup County",4,50,913,406,507
050,13,285,"Georgia","Troup County",4,51,958,463,495
050,13,285,"Georgia","Troup County",4,52,882,430,452
050,13,285,"Georgia","Troup County",4,53,878,405,473
050,13,285,"Georgia","Troup County",4,54,852,413,439
050,13,285,"Georgia","Troup County",4,55,866,410,456
050,13,285,"Georgia","Troup County",4,56,911,429,482
050,13,285,"Georgia","Troup County",4,57,946,465,481
050,13,285,"Georgia","Troup County",4,58,948,457,491
050,13,285,"Georgia","Troup County",4,59,921,445,476
050,13,285,"Georgia","Troup County",4,60,915,443,472
050,13,285,"Georgia","Troup County",4,61,861,393,468
050,13,285,"Georgia","Troup County",4,62,834,377,457
050,13,285,"Georgia","Troup County",4,63,841,393,448
050,13,285,"Georgia","Troup County",4,64,829,393,436
050,13,285,"Georgia","Troup County",4,65,822,382,440
050,13,285,"Georgia","Troup County",4,66,774,360,414
050,13,285,"Georgia","Troup County",4,67,746,354,392
050,13,285,"Georgia","Troup County",4,68,717,331,386
050,13,285,"Georgia","Troup County",4,69,661,308,353
050,13,285,"Georgia","Troup County",4,70,656,301,355
050,13,285,"Georgia","Troup County",4,71,624,282,342
050,13,285,"Georgia","Troup County",4,72,584,253,331
050,13,285,"Georgia","Troup County",4,73,572,254,318
050,13,285,"Georgia","Troup County",4,74,592,265,327
050,13,285,"Georgia","Troup County",4,75,595,265,330
050,13,285,"Georgia","Troup County",4,76,395,174,221
050,13,285,"Georgia","Troup County",4,77,376,164,212
050,13,285,"Georgia","Troup County",4,78,345,145,200
050,13,285,"Georgia","Troup County",4,79,354,148,206
050,13,285,"Georgia","Troup County",4,80,308,122,186
050,13,285,"Georgia","Troup County",4,81,278,117,161
050,13,285,"Georgia","Troup County",4,82,213,87,126
050,13,285,"Georgia","Troup County",4,83,205,83,122
050,13,285,"Georgia","Troup County",4,84,194,73,121
050,13,285,"Georgia","Troup County",4,85,1211,355,856
050,13,285,"Georgia","Troup County",5,0,909,466,443
050,13,285,"Georgia","Troup County",5,1,915,464,451
050,13,285,"Georgia","Troup County",5,2,863,457,406
050,13,285,"Georgia","Troup County",5,3,927,490,437
050,13,285,"Georgia","Troup County",5,4,934,451,483
050,13,285,"Georgia","Troup County",5,5,972,486,486
050,13,285,"Georgia","Troup County",5,6,919,486,433
050,13,285,"Georgia","Troup County",5,7,936,500,436
050,13,285,"Georgia","Troup County",5,8,978,511,467
050,13,285,"Georgia","Troup County",5,9,955,505,450
050,13,285,"Georgia","Troup County",5,10,909,471,438
050,13,285,"Georgia","Troup County",5,11,943,490,453
050,13,285,"Georgia","Troup County",5,12,928,466,462
050,13,285,"Georgia","Troup County",5,13,945,466,479
050,13,285,"Georgia","Troup County",5,14,1024,521,503
050,13,285,"Georgia","Troup County",5,15,1068,539,529
050,13,285,"Georgia","Troup County",5,16,1052,510,542
050,13,285,"Georgia","Troup County",5,17,1017,514,503
050,13,285,"Georgia","Troup County",5,18,872,450,422
050,13,285,"Georgia","Troup County",5,19,688,362,326
050,13,285,"Georgia","Troup County",5,20,726,376,350
050,13,285,"Georgia","Troup County",5,21,791,410,381
050,13,285,"Georgia","Troup County",5,22,885,429,456
050,13,285,"Georgia","Troup County",5,23,954,455,499
050,13,285,"Georgia","Troup County",5,24,958,482,476
050,13,285,"Georgia","Troup County",5,25,935,453,482
050,13,285,"Georgia","Troup County",5,26,964,494,470
050,13,285,"Georgia","Troup County",5,27,943,427,516
050,13,285,"Georgia","Troup County",5,28,929,431,498
050,13,285,"Georgia","Troup County",5,29,980,462,518
050,13,285,"Georgia","Troup County",5,30,973,468,505
050,13,285,"Georgia","Troup County",5,31,1059,481,578
050,13,285,"Georgia","Troup County",5,32,1067,494,573
050,13,285,"Georgia","Troup County",5,33,1086,506,580
050,13,285,"Georgia","Troup County",5,34,1024,469,555
050,13,285,"Georgia","Troup County",5,35,900,408,492
050,13,285,"Georgia","Troup County",5,36,875,399,476
050,13,285,"Georgia","Troup County",5,37,931,435,496
050,13,285,"Georgia","Troup County",5,38,947,440,507
050,13,285,"Georgia","Troup County",5,39,865,380,485
050,13,285,"Georgia","Troup County",5,40,873,416,457
050,13,285,"Georgia","Troup County",5,41,854,394,460
050,13,285,"Georgia","Troup County",5,42,887,414,473
050,13,285,"Georgia","Troup County",5,43,868,418,450
050,13,285,"Georgia","Troup County",5,44,846,399,447
050,13,285,"Georgia","Troup County",5,45,809,382,427
050,13,285,"Georgia","Troup County",5,46,752,342,410
050,13,285,"Georgia","Troup County",5,47,765,355,410
050,13,285,"Georgia","Troup County",5,48,820,375,445
050,13,285,"Georgia","Troup County",5,49,808,364,444
050,13,285,"Georgia","Troup County",5,50,853,397,456
050,13,285,"Georgia","Troup County",5,51,922,411,511
050,13,285,"Georgia","Troup County",5,52,964,471,493
050,13,285,"Georgia","Troup County",5,53,861,402,459
050,13,285,"Georgia","Troup County",5,54,894,419,475
050,13,285,"Georgia","Troup County",5,55,849,405,444
050,13,285,"Georgia","Troup County",5,56,881,416,465
050,13,285,"Georgia","Troup County",5,57,922,428,494
050,13,285,"Georgia","Troup County",5,58,962,481,481
050,13,285,"Georgia","Troup County",5,59,944,452,492
050,13,285,"Georgia","Troup County",5,60,898,420,478
050,13,285,"Georgia","Troup County",5,61,891,433,458
050,13,285,"Georgia","Troup County",5,62,847,387,460
050,13,285,"Georgia","Troup County",5,63,815,362,453
050,13,285,"Georgia","Troup County",5,64,823,382,441
050,13,285,"Georgia","Troup County",5,65,827,390,437
050,13,285,"Georgia","Troup County",5,66,794,374,420
050,13,285,"Georgia","Troup County",5,67,761,361,400
050,13,285,"Georgia","Troup County",5,68,743,344,399
050,13,285,"Georgia","Troup County",5,69,699,317,382
050,13,285,"Georgia","Troup County",5,70,659,304,355
050,13,285,"Georgia","Troup County",5,71,637,286,351
050,13,285,"Georgia","Troup County",5,72,608,276,332
050,13,285,"Georgia","Troup County",5,73,569,247,322
050,13,285,"Georgia","Troup County",5,74,547,239,308
050,13,285,"Georgia","Troup County",5,75,575,243,332
050,13,285,"Georgia","Troup County",5,76,577,255,322
050,13,285,"Georgia","Troup County",5,77,378,165,213
050,13,285,"Georgia","Troup County",5,78,361,158,203
050,13,285,"Georgia","Troup County",5,79,325,128,197
050,13,285,"Georgia","Troup County",5,80,338,139,199
050,13,285,"Georgia","Troup County",5,81,304,118,186
050,13,285,"Georgia","Troup County",5,82,243,106,137
050,13,285,"Georgia","Troup County",5,83,206,78,128
050,13,285,"Georgia","Troup County",5,84,189,73,116
050,13,285,"Georgia","Troup County",5,85,1248,376,872
050,13,287,"Georgia","Turner County",1,0,134,68,66
050,13,287,"Georgia","Turner County",1,1,126,72,54
050,13,287,"Georgia","Turner County",1,2,130,77,53
050,13,287,"Georgia","Turner County",1,3,125,61,64
050,13,287,"Georgia","Turner County",1,4,147,70,77
050,13,287,"Georgia","Turner County",1,5,130,53,77
050,13,287,"Georgia","Turner County",1,6,130,58,72
050,13,287,"Georgia","Turner County",1,7,113,56,57
050,13,287,"Georgia","Turner County",1,8,110,57,53
050,13,287,"Georgia","Turner County",1,9,124,63,61
050,13,287,"Georgia","Turner County",1,10,111,58,53
050,13,287,"Georgia","Turner County",1,11,115,58,57
050,13,287,"Georgia","Turner County",1,12,148,68,80
050,13,287,"Georgia","Turner County",1,13,149,77,72
050,13,287,"Georgia","Turner County",1,14,143,67,76
050,13,287,"Georgia","Turner County",1,15,129,66,63
050,13,287,"Georgia","Turner County",1,16,124,65,59
050,13,287,"Georgia","Turner County",1,17,126,58,68
050,13,287,"Georgia","Turner County",1,18,108,54,54
050,13,287,"Georgia","Turner County",1,19,86,43,43
050,13,287,"Georgia","Turner County",1,20,112,55,57
050,13,287,"Georgia","Turner County",1,21,98,46,52
050,13,287,"Georgia","Turner County",1,22,111,58,53
050,13,287,"Georgia","Turner County",1,23,124,57,67
050,13,287,"Georgia","Turner County",1,24,113,53,60
050,13,287,"Georgia","Turner County",1,25,116,59,57
050,13,287,"Georgia","Turner County",1,26,102,61,41
050,13,287,"Georgia","Turner County",1,27,102,52,50
050,13,287,"Georgia","Turner County",1,28,95,42,53
050,13,287,"Georgia","Turner County",1,29,99,46,53
050,13,287,"Georgia","Turner County",1,30,101,49,52
050,13,287,"Georgia","Turner County",1,31,103,54,49
050,13,287,"Georgia","Turner County",1,32,115,61,54
050,13,287,"Georgia","Turner County",1,33,114,55,59
050,13,287,"Georgia","Turner County",1,34,105,49,56
050,13,287,"Georgia","Turner County",1,35,98,52,46
050,13,287,"Georgia","Turner County",1,36,98,48,50
050,13,287,"Georgia","Turner County",1,37,109,55,54
050,13,287,"Georgia","Turner County",1,38,100,43,57
050,13,287,"Georgia","Turner County",1,39,97,53,44
050,13,287,"Georgia","Turner County",1,40,99,54,45
050,13,287,"Georgia","Turner County",1,41,113,50,63
050,13,287,"Georgia","Turner County",1,42,116,62,54
050,13,287,"Georgia","Turner County",1,43,105,47,58
050,13,287,"Georgia","Turner County",1,44,89,49,40
050,13,287,"Georgia","Turner County",1,45,91,48,43
050,13,287,"Georgia","Turner County",1,46,94,48,46
050,13,287,"Georgia","Turner County",1,47,87,45,42
050,13,287,"Georgia","Turner County",1,48,90,40,50
050,13,287,"Georgia","Turner County",1,49,110,48,62
050,13,287,"Georgia","Turner County",1,50,99,45,54
050,13,287,"Georgia","Turner County",1,51,104,42,62
050,13,287,"Georgia","Turner County",1,52,109,47,62
050,13,287,"Georgia","Turner County",1,53,106,48,58
050,13,287,"Georgia","Turner County",1,54,116,49,67
050,13,287,"Georgia","Turner County",1,55,116,48,68
050,13,287,"Georgia","Turner County",1,56,122,59,63
050,13,287,"Georgia","Turner County",1,57,116,60,56
050,13,287,"Georgia","Turner County",1,58,105,55,50
050,13,287,"Georgia","Turner County",1,59,108,51,57
050,13,287,"Georgia","Turner County",1,60,114,49,65
050,13,287,"Georgia","Turner County",1,61,126,49,77
050,13,287,"Georgia","Turner County",1,62,102,41,61
050,13,287,"Georgia","Turner County",1,63,102,43,59
050,13,287,"Georgia","Turner County",1,64,96,46,50
050,13,287,"Georgia","Turner County",1,65,94,46,48
050,13,287,"Georgia","Turner County",1,66,106,55,51
050,13,287,"Georgia","Turner County",1,67,105,44,61
050,13,287,"Georgia","Turner County",1,68,116,50,66
050,13,287,"Georgia","Turner County",1,69,97,49,48
050,13,287,"Georgia","Turner County",1,70,83,38,45
050,13,287,"Georgia","Turner County",1,71,95,41,54
050,13,287,"Georgia","Turner County",1,72,93,33,60
050,13,287,"Georgia","Turner County",1,73,108,40,68
050,13,287,"Georgia","Turner County",1,74,88,46,42
050,13,287,"Georgia","Turner County",1,75,82,39,43
050,13,287,"Georgia","Turner County",1,76,72,35,37
050,13,287,"Georgia","Turner County",1,77,73,29,44
050,13,287,"Georgia","Turner County",1,78,60,23,37
050,13,287,"Georgia","Turner County",1,79,68,29,39
050,13,287,"Georgia","Turner County",1,80,42,11,31
050,13,287,"Georgia","Turner County",1,81,40,14,26
050,13,287,"Georgia","Turner County",1,82,43,16,27
050,13,287,"Georgia","Turner County",1,83,39,12,27
050,13,287,"Georgia","Turner County",1,84,35,12,23
050,13,287,"Georgia","Turner County",1,85,209,67,142
050,13,287,"Georgia","Turner County",2,0,128,67,61
050,13,287,"Georgia","Turner County",2,1,128,71,57
050,13,287,"Georgia","Turner County",2,2,131,78,53
050,13,287,"Georgia","Turner County",2,3,123,62,61
050,13,287,"Georgia","Turner County",2,4,140,67,73
050,13,287,"Georgia","Turner County",2,5,133,57,76
050,13,287,"Georgia","Turner County",2,6,129,55,74
050,13,287,"Georgia","Turner County",2,7,114,55,59
050,13,287,"Georgia","Turner County",2,8,107,55,52
050,13,287,"Georgia","Turner County",2,9,119,60,59
050,13,287,"Georgia","Turner County",2,10,114,58,56
050,13,287,"Georgia","Turner County",2,11,113,58,55
050,13,287,"Georgia","Turner County",2,12,143,66,77
050,13,287,"Georgia","Turner County",2,13,151,76,75
050,13,287,"Georgia","Turner County",2,14,144,69,75
050,13,287,"Georgia","Turner County",2,15,134,67,67
050,13,287,"Georgia","Turner County",2,16,126,66,60
050,13,287,"Georgia","Turner County",2,17,125,59,66
050,13,287,"Georgia","Turner County",2,18,106,52,54
050,13,287,"Georgia","Turner County",2,19,88,45,43
050,13,287,"Georgia","Turner County",2,20,109,53,56
050,13,287,"Georgia","Turner County",2,21,101,48,53
050,13,287,"Georgia","Turner County",2,22,111,55,56
050,13,287,"Georgia","Turner County",2,23,124,59,65
050,13,287,"Georgia","Turner County",2,24,115,54,61
050,13,287,"Georgia","Turner County",2,25,114,58,56
050,13,287,"Georgia","Turner County",2,26,105,60,45
050,13,287,"Georgia","Turner County",2,27,103,53,50
050,13,287,"Georgia","Turner County",2,28,96,46,50
050,13,287,"Georgia","Turner County",2,29,95,42,53
050,13,287,"Georgia","Turner County",2,30,101,48,53
050,13,287,"Georgia","Turner County",2,31,103,53,50
050,13,287,"Georgia","Turner County",2,32,113,61,52
050,13,287,"Georgia","Turner County",2,33,113,56,57
050,13,287,"Georgia","Turner County",2,34,106,50,56
050,13,287,"Georgia","Turner County",2,35,100,52,48
050,13,287,"Georgia","Turner County",2,36,100,50,50
050,13,287,"Georgia","Turner County",2,37,107,55,52
050,13,287,"Georgia","Turner County",2,38,104,46,58
050,13,287,"Georgia","Turner County",2,39,97,51,46
050,13,287,"Georgia","Turner County",2,40,100,55,45
050,13,287,"Georgia","Turner County",2,41,112,52,60
050,13,287,"Georgia","Turner County",2,42,113,60,53
050,13,287,"Georgia","Turner County",2,43,108,50,58
050,13,287,"Georgia","Turner County",2,44,92,49,43
050,13,287,"Georgia","Turner County",2,45,93,50,43
050,13,287,"Georgia","Turner County",2,46,94,48,46
050,13,287,"Georgia","Turner County",2,47,88,45,43
050,13,287,"Georgia","Turner County",2,48,89,42,47
050,13,287,"Georgia","Turner County",2,49,105,46,59
050,13,287,"Georgia","Turner County",2,50,102,46,56
050,13,287,"Georgia","Turner County",2,51,103,42,61
050,13,287,"Georgia","Turner County",2,52,108,47,61
050,13,287,"Georgia","Turner County",2,53,105,46,59
050,13,287,"Georgia","Turner County",2,54,112,48,64
050,13,287,"Georgia","Turner County",2,55,117,48,69
050,13,287,"Georgia","Turner County",2,56,124,59,65
050,13,287,"Georgia","Turner County",2,57,113,58,55
050,13,287,"Georgia","Turner County",2,58,109,57,52
050,13,287,"Georgia","Turner County",2,59,105,51,54
050,13,287,"Georgia","Turner County",2,60,114,49,65
050,13,287,"Georgia","Turner County",2,61,123,50,73
050,13,287,"Georgia","Turner County",2,62,105,41,64
050,13,287,"Georgia","Turner County",2,63,103,43,60
050,13,287,"Georgia","Turner County",2,64,98,47,51
050,13,287,"Georgia","Turner County",2,65,95,47,48
050,13,287,"Georgia","Turner County",2,66,104,53,51
050,13,287,"Georgia","Turner County",2,67,105,47,58
050,13,287,"Georgia","Turner County",2,68,111,47,64
050,13,287,"Georgia","Turner County",2,69,98,47,51
050,13,287,"Georgia","Turner County",2,70,89,42,47
050,13,287,"Georgia","Turner County",2,71,90,39,51
050,13,287,"Georgia","Turner County",2,72,90,34,56
050,13,287,"Georgia","Turner County",2,73,111,41,70
050,13,287,"Georgia","Turner County",2,74,89,45,44
050,13,287,"Georgia","Turner County",2,75,79,38,41
050,13,287,"Georgia","Turner County",2,76,73,36,37
050,13,287,"Georgia","Turner County",2,77,72,29,43
050,13,287,"Georgia","Turner County",2,78,60,23,37
050,13,287,"Georgia","Turner County",2,79,67,29,38
050,13,287,"Georgia","Turner County",2,80,46,13,33
050,13,287,"Georgia","Turner County",2,81,39,13,26
050,13,287,"Georgia","Turner County",2,82,42,16,26
050,13,287,"Georgia","Turner County",2,83,38,12,26
050,13,287,"Georgia","Turner County",2,84,35,11,24
050,13,287,"Georgia","Turner County",2,85,205,67,138
050,13,287,"Georgia","Turner County",3,0,98,46,52
050,13,287,"Georgia","Turner County",3,1,126,67,59
050,13,287,"Georgia","Turner County",3,2,147,79,68
050,13,287,"Georgia","Turner County",3,3,104,57,47
050,13,287,"Georgia","Turner County",3,4,121,64,57
050,13,287,"Georgia","Turner County",3,5,137,74,63
050,13,287,"Georgia","Turner County",3,6,128,61,67
050,13,287,"Georgia","Turner County",3,7,136,58,78
050,13,287,"Georgia","Turner County",3,8,125,59,66
050,13,287,"Georgia","Turner County",3,9,106,53,53
050,13,287,"Georgia","Turner County",3,10,122,61,61
050,13,287,"Georgia","Turner County",3,11,108,55,53
050,13,287,"Georgia","Turner County",3,12,113,59,54
050,13,287,"Georgia","Turner County",3,13,144,71,73
050,13,287,"Georgia","Turner County",3,14,152,76,76
050,13,287,"Georgia","Turner County",3,15,143,69,74
050,13,287,"Georgia","Turner County",3,16,136,68,68
050,13,287,"Georgia","Turner County",3,17,120,62,58
050,13,287,"Georgia","Turner County",3,18,105,50,55
050,13,287,"Georgia","Turner County",3,19,89,43,46
050,13,287,"Georgia","Turner County",3,20,100,51,49
050,13,287,"Georgia","Turner County",3,21,111,50,61
050,13,287,"Georgia","Turner County",3,22,107,47,60
050,13,287,"Georgia","Turner County",3,23,118,59,59
050,13,287,"Georgia","Turner County",3,24,120,55,65
050,13,287,"Georgia","Turner County",3,25,119,61,58
050,13,287,"Georgia","Turner County",3,26,104,54,50
050,13,287,"Georgia","Turner County",3,27,116,58,58
050,13,287,"Georgia","Turner County",3,28,90,45,45
050,13,287,"Georgia","Turner County",3,29,96,49,47
050,13,287,"Georgia","Turner County",3,30,98,47,51
050,13,287,"Georgia","Turner County",3,31,96,45,51
050,13,287,"Georgia","Turner County",3,32,97,48,49
050,13,287,"Georgia","Turner County",3,33,116,60,56
050,13,287,"Georgia","Turner County",3,34,104,51,53
050,13,287,"Georgia","Turner County",3,35,118,53,65
050,13,287,"Georgia","Turner County",3,36,100,50,50
050,13,287,"Georgia","Turner County",3,37,104,57,47
050,13,287,"Georgia","Turner County",3,38,91,43,48
050,13,287,"Georgia","Turner County",3,39,102,44,58
050,13,287,"Georgia","Turner County",3,40,93,47,46
050,13,287,"Georgia","Turner County",3,41,111,54,57
050,13,287,"Georgia","Turner County",3,42,114,62,52
050,13,287,"Georgia","Turner County",3,43,107,56,51
050,13,287,"Georgia","Turner County",3,44,105,49,56
050,13,287,"Georgia","Turner County",3,45,99,49,50
050,13,287,"Georgia","Turner County",3,46,92,50,42
050,13,287,"Georgia","Turner County",3,47,87,41,46
050,13,287,"Georgia","Turner County",3,48,83,43,40
050,13,287,"Georgia","Turner County",3,49,89,46,43
050,13,287,"Georgia","Turner County",3,50,112,49,63
050,13,287,"Georgia","Turner County",3,51,101,42,59
050,13,287,"Georgia","Turner County",3,52,113,52,61
050,13,287,"Georgia","Turner County",3,53,100,41,59
050,13,287,"Georgia","Turner County",3,54,110,50,60
050,13,287,"Georgia","Turner County",3,55,110,50,60
050,13,287,"Georgia","Turner County",3,56,134,61,73
050,13,287,"Georgia","Turner County",3,57,110,45,65
050,13,287,"Georgia","Turner County",3,58,120,62,58
050,13,287,"Georgia","Turner County",3,59,100,48,52
050,13,287,"Georgia","Turner County",3,60,105,49,56
050,13,287,"Georgia","Turner County",3,61,109,48,61
050,13,287,"Georgia","Turner County",3,62,121,50,71
050,13,287,"Georgia","Turner County",3,63,98,34,64
050,13,287,"Georgia","Turner County",3,64,104,50,54
050,13,287,"Georgia","Turner County",3,65,92,43,49
050,13,287,"Georgia","Turner County",3,66,90,38,52
050,13,287,"Georgia","Turner County",3,67,103,52,51
050,13,287,"Georgia","Turner County",3,68,103,47,56
050,13,287,"Georgia","Turner County",3,69,101,44,57
050,13,287,"Georgia","Turner County",3,70,105,49,56
050,13,287,"Georgia","Turner County",3,71,77,35,42
050,13,287,"Georgia","Turner County",3,72,81,35,46
050,13,287,"Georgia","Turner County",3,73,90,32,58
050,13,287,"Georgia","Turner County",3,74,111,47,64
050,13,287,"Georgia","Turner County",3,75,81,37,44
050,13,287,"Georgia","Turner County",3,76,78,39,39
050,13,287,"Georgia","Turner County",3,77,72,31,41
050,13,287,"Georgia","Turner County",3,78,67,26,41
050,13,287,"Georgia","Turner County",3,79,65,35,30
050,13,287,"Georgia","Turner County",3,80,50,13,37
050,13,287,"Georgia","Turner County",3,81,44,11,33
050,13,287,"Georgia","Turner County",3,82,38,12,26
050,13,287,"Georgia","Turner County",3,83,41,15,26
050,13,287,"Georgia","Turner County",3,84,36,11,25
050,13,287,"Georgia","Turner County",3,85,200,59,141
050,13,287,"Georgia","Turner County",4,0,108,50,58
050,13,287,"Georgia","Turner County",4,1,105,55,50
050,13,287,"Georgia","Turner County",4,2,133,75,58
050,13,287,"Georgia","Turner County",4,3,137,71,66
050,13,287,"Georgia","Turner County",4,4,103,55,48
050,13,287,"Georgia","Turner County",4,5,112,64,48
050,13,287,"Georgia","Turner County",4,6,139,76,63
050,13,287,"Georgia","Turner County",4,7,127,61,66
050,13,287,"Georgia","Turner County",4,8,131,55,76
050,13,287,"Georgia","Turner County",4,9,122,56,66
050,13,287,"Georgia","Turner County",4,10,104,51,53
050,13,287,"Georgia","Turner County",4,11,122,58,64
050,13,287,"Georgia","Turner County",4,12,107,55,52
050,13,287,"Georgia","Turner County",4,13,118,63,55
050,13,287,"Georgia","Turner County",4,14,137,70,67
050,13,287,"Georgia","Turner County",4,15,155,78,77
050,13,287,"Georgia","Turner County",4,16,132,62,70
050,13,287,"Georgia","Turner County",4,17,137,69,68
050,13,287,"Georgia","Turner County",4,18,105,57,48
050,13,287,"Georgia","Turner County",4,19,92,45,47
050,13,287,"Georgia","Turner County",4,20,98,45,53
050,13,287,"Georgia","Turner County",4,21,104,54,50
050,13,287,"Georgia","Turner County",4,22,119,51,68
050,13,287,"Georgia","Turner County",4,23,110,54,56
050,13,287,"Georgia","Turner County",4,24,114,58,56
050,13,287,"Georgia","Turner County",4,25,113,61,52
050,13,287,"Georgia","Turner County",4,26,108,55,53
050,13,287,"Georgia","Turner County",4,27,101,49,52
050,13,287,"Georgia","Turner County",4,28,113,62,51
050,13,287,"Georgia","Turner County",4,29,88,44,44
050,13,287,"Georgia","Turner County",4,30,91,48,43
050,13,287,"Georgia","Turner County",4,31,96,50,46
050,13,287,"Georgia","Turner County",4,32,92,43,49
050,13,287,"Georgia","Turner County",4,33,98,46,52
050,13,287,"Georgia","Turner County",4,34,112,56,56
050,13,287,"Georgia","Turner County",4,35,100,49,51
050,13,287,"Georgia","Turner County",4,36,122,55,67
050,13,287,"Georgia","Turner County",4,37,102,51,51
050,13,287,"Georgia","Turner County",4,38,95,52,43
050,13,287,"Georgia","Turner County",4,39,101,52,49
050,13,287,"Georgia","Turner County",4,40,100,43,57
050,13,287,"Georgia","Turner County",4,41,107,51,56
050,13,287,"Georgia","Turner County",4,42,111,61,50
050,13,287,"Georgia","Turner County",4,43,105,56,49
050,13,287,"Georgia","Turner County",4,44,108,55,53
050,13,287,"Georgia","Turner County",4,45,109,51,58
050,13,287,"Georgia","Turner County",4,46,95,47,48
050,13,287,"Georgia","Turner County",4,47,92,48,44
050,13,287,"Georgia","Turner County",4,48,84,38,46
050,13,287,"Georgia","Turner County",4,49,86,46,40
050,13,287,"Georgia","Turner County",4,50,91,48,43
050,13,287,"Georgia","Turner County",4,51,110,45,65
050,13,287,"Georgia","Turner County",4,52,106,49,57
050,13,287,"Georgia","Turner County",4,53,103,44,59
050,13,287,"Georgia","Turner County",4,54,96,41,55
050,13,287,"Georgia","Turner County",4,55,106,48,58
050,13,287,"Georgia","Turner County",4,56,125,60,65
050,13,287,"Georgia","Turner County",4,57,126,56,70
050,13,287,"Georgia","Turner County",4,58,109,47,62
050,13,287,"Georgia","Turner County",4,59,118,59,59
050,13,287,"Georgia","Turner County",4,60,97,40,57
050,13,287,"Georgia","Turner County",4,61,103,53,50
050,13,287,"Georgia","Turner County",4,62,107,50,57
050,13,287,"Georgia","Turner County",4,63,117,46,71
050,13,287,"Georgia","Turner County",4,64,91,36,55
050,13,287,"Georgia","Turner County",4,65,96,45,51
050,13,287,"Georgia","Turner County",4,66,87,34,53
050,13,287,"Georgia","Turner County",4,67,92,40,52
050,13,287,"Georgia","Turner County",4,68,103,53,50
050,13,287,"Georgia","Turner County",4,69,90,40,50
050,13,287,"Georgia","Turner County",4,70,110,51,59
050,13,287,"Georgia","Turner County",4,71,97,44,53
050,13,287,"Georgia","Turner County",4,72,74,33,41
050,13,287,"Georgia","Turner County",4,73,85,35,50
050,13,287,"Georgia","Turner County",4,74,89,39,50
050,13,287,"Georgia","Turner County",4,75,100,36,64
050,13,287,"Georgia","Turner County",4,76,77,35,42
050,13,287,"Georgia","Turner County",4,77,77,35,42
050,13,287,"Georgia","Turner County",4,78,65,28,37
050,13,287,"Georgia","Turner County",4,79,70,37,33
050,13,287,"Georgia","Turner County",4,80,50,20,30
050,13,287,"Georgia","Turner County",4,81,46,11,35
050,13,287,"Georgia","Turner County",4,82,43,12,31
050,13,287,"Georgia","Turner County",4,83,35,11,24
050,13,287,"Georgia","Turner County",4,84,40,14,26
050,13,287,"Georgia","Turner County",4,85,205,57,148
050,13,287,"Georgia","Turner County",5,0,114,54,60
050,13,287,"Georgia","Turner County",5,1,121,55,66
050,13,287,"Georgia","Turner County",5,2,112,58,54
050,13,287,"Georgia","Turner County",5,3,125,69,56
050,13,287,"Georgia","Turner County",5,4,136,68,68
050,13,287,"Georgia","Turner County",5,5,113,61,52
050,13,287,"Georgia","Turner County",5,6,114,66,48
050,13,287,"Georgia","Turner County",5,7,135,70,65
050,13,287,"Georgia","Turner County",5,8,128,64,64
050,13,287,"Georgia","Turner County",5,9,132,53,79
050,13,287,"Georgia","Turner County",5,10,125,58,67
050,13,287,"Georgia","Turner County",5,11,111,55,56
050,13,287,"Georgia","Turner County",5,12,114,56,58
050,13,287,"Georgia","Turner County",5,13,114,57,57
050,13,287,"Georgia","Turner County",5,14,120,64,56
050,13,287,"Georgia","Turner County",5,15,139,70,69
050,13,287,"Georgia","Turner County",5,16,155,83,72
050,13,287,"Georgia","Turner County",5,17,133,61,72
050,13,287,"Georgia","Turner County",5,18,126,67,59
050,13,287,"Georgia","Turner County",5,19,85,51,34
050,13,287,"Georgia","Turner County",5,20,100,49,51
050,13,287,"Georgia","Turner County",5,21,106,50,56
050,13,287,"Georgia","Turner County",5,22,112,57,55
050,13,287,"Georgia","Turner County",5,23,117,50,67
050,13,287,"Georgia","Turner County",5,24,114,54,60
050,13,287,"Georgia","Turner County",5,25,117,61,56
050,13,287,"Georgia","Turner County",5,26,124,63,61
050,13,287,"Georgia","Turner County",5,27,110,54,56
050,13,287,"Georgia","Turner County",5,28,104,50,54
050,13,287,"Georgia","Turner County",5,29,106,59,47
050,13,287,"Georgia","Turner County",5,30,87,43,44
050,13,287,"Georgia","Turner County",5,31,100,55,45
050,13,287,"Georgia","Turner County",5,32,89,46,43
050,13,287,"Georgia","Turner County",5,33,98,46,52
050,13,287,"Georgia","Turner County",5,34,100,45,55
050,13,287,"Georgia","Turner County",5,35,107,52,55
050,13,287,"Georgia","Turner County",5,36,95,46,49
050,13,287,"Georgia","Turner County",5,37,131,65,66
050,13,287,"Georgia","Turner County",5,38,95,46,49
050,13,287,"Georgia","Turner County",5,39,107,61,46
050,13,287,"Georgia","Turner County",5,40,98,53,45
050,13,287,"Georgia","Turner County",5,41,110,44,66
050,13,287,"Georgia","Turner County",5,42,106,54,52
050,13,287,"Georgia","Turner County",5,43,100,54,46
050,13,287,"Georgia","Turner County",5,44,110,63,47
050,13,287,"Georgia","Turner County",5,45,116,62,54
050,13,287,"Georgia","Turner County",5,46,115,51,64
050,13,287,"Georgia","Turner County",5,47,96,46,50
050,13,287,"Georgia","Turner County",5,48,92,47,45
050,13,287,"Georgia","Turner County",5,49,88,41,47
050,13,287,"Georgia","Turner County",5,50,86,43,43
050,13,287,"Georgia","Turner County",5,51,87,44,43
050,13,287,"Georgia","Turner County",5,52,119,55,64
050,13,287,"Georgia","Turner County",5,53,99,39,60
050,13,287,"Georgia","Turner County",5,54,104,45,59
050,13,287,"Georgia","Turner County",5,55,99,42,57
050,13,287,"Georgia","Turner County",5,56,115,55,60
050,13,287,"Georgia","Turner County",5,57,114,52,62
050,13,287,"Georgia","Turner County",5,58,129,58,71
050,13,287,"Georgia","Turner County",5,59,104,43,61
050,13,287,"Georgia","Turner County",5,60,120,55,65
050,13,287,"Georgia","Turner County",5,61,90,39,51
050,13,287,"Georgia","Turner County",5,62,104,55,49
050,13,287,"Georgia","Turner County",5,63,102,47,55
050,13,287,"Georgia","Turner County",5,64,118,50,68
050,13,287,"Georgia","Turner County",5,65,92,34,58
050,13,287,"Georgia","Turner County",5,66,96,42,54
050,13,287,"Georgia","Turner County",5,67,87,36,51
050,13,287,"Georgia","Turner County",5,68,86,35,51
050,13,287,"Georgia","Turner County",5,69,95,46,49
050,13,287,"Georgia","Turner County",5,70,97,44,53
050,13,287,"Georgia","Turner County",5,71,98,46,52
050,13,287,"Georgia","Turner County",5,72,92,42,50
050,13,287,"Georgia","Turner County",5,73,75,32,43
050,13,287,"Georgia","Turner County",5,74,86,40,46
050,13,287,"Georgia","Turner County",5,75,75,28,47
050,13,287,"Georgia","Turner County",5,76,97,34,63
050,13,287,"Georgia","Turner County",5,77,77,31,46
050,13,287,"Georgia","Turner County",5,78,67,31,36
050,13,287,"Georgia","Turner County",5,79,69,38,31
050,13,287,"Georgia","Turner County",5,80,56,21,35
050,13,287,"Georgia","Turner County",5,81,46,17,29
050,13,287,"Georgia","Turner County",5,82,44,10,34
050,13,287,"Georgia","Turner County",5,83,38,11,27
050,13,287,"Georgia","Turner County",5,84,32,10,22
050,13,287,"Georgia","Turner County",5,85,212,62,150
050,13,289,"Georgia","Twiggs County",1,0,68,34,34
050,13,289,"Georgia","Twiggs County",1,1,64,28,36
050,13,289,"Georgia","Twiggs County",1,2,80,37,43
050,13,289,"Georgia","Twiggs County",1,3,83,44,39
050,13,289,"Georgia","Twiggs County",1,4,76,43,33
050,13,289,"Georgia","Twiggs County",1,5,74,34,40
050,13,289,"Georgia","Twiggs County",1,6,85,34,51
050,13,289,"Georgia","Twiggs County",1,7,72,35,37
050,13,289,"Georgia","Twiggs County",1,8,79,39,40
050,13,289,"Georgia","Twiggs County",1,9,92,47,45
050,13,289,"Georgia","Twiggs County",1,10,93,51,42
050,13,289,"Georgia","Twiggs County",1,11,96,52,44
050,13,289,"Georgia","Twiggs County",1,12,101,56,45
050,13,289,"Georgia","Twiggs County",1,13,108,62,46
050,13,289,"Georgia","Twiggs County",1,14,97,54,43
050,13,289,"Georgia","Twiggs County",1,15,87,42,45
050,13,289,"Georgia","Twiggs County",1,16,88,43,45
050,13,289,"Georgia","Twiggs County",1,17,92,46,46
050,13,289,"Georgia","Twiggs County",1,18,81,39,42
050,13,289,"Georgia","Twiggs County",1,19,66,33,33
050,13,289,"Georgia","Twiggs County",1,20,68,35,33
050,13,289,"Georgia","Twiggs County",1,21,65,34,31
050,13,289,"Georgia","Twiggs County",1,22,63,30,33
050,13,289,"Georgia","Twiggs County",1,23,70,31,39
050,13,289,"Georgia","Twiggs County",1,24,69,32,37
050,13,289,"Georgia","Twiggs County",1,25,83,44,39
050,13,289,"Georgia","Twiggs County",1,26,89,52,37
050,13,289,"Georgia","Twiggs County",1,27,85,43,42
050,13,289,"Georgia","Twiggs County",1,28,93,42,51
050,13,289,"Georgia","Twiggs County",1,29,94,40,54
050,13,289,"Georgia","Twiggs County",1,30,82,40,42
050,13,289,"Georgia","Twiggs County",1,31,80,40,40
050,13,289,"Georgia","Twiggs County",1,32,90,44,46
050,13,289,"Georgia","Twiggs County",1,33,101,47,54
050,13,289,"Georgia","Twiggs County",1,34,88,54,34
050,13,289,"Georgia","Twiggs County",1,35,83,45,38
050,13,289,"Georgia","Twiggs County",1,36,68,28,40
050,13,289,"Georgia","Twiggs County",1,37,71,33,38
050,13,289,"Georgia","Twiggs County",1,38,71,37,34
050,13,289,"Georgia","Twiggs County",1,39,98,55,43
050,13,289,"Georgia","Twiggs County",1,40,98,58,40
050,13,289,"Georgia","Twiggs County",1,41,95,51,44
050,13,289,"Georgia","Twiggs County",1,42,98,54,44
050,13,289,"Georgia","Twiggs County",1,43,91,49,42
050,13,289,"Georgia","Twiggs County",1,44,77,36,41
050,13,289,"Georgia","Twiggs County",1,45,72,35,37
050,13,289,"Georgia","Twiggs County",1,46,93,48,45
050,13,289,"Georgia","Twiggs County",1,47,89,47,42
050,13,289,"Georgia","Twiggs County",1,48,105,53,52
050,13,289,"Georgia","Twiggs County",1,49,99,41,58
050,13,289,"Georgia","Twiggs County",1,50,100,55,45
050,13,289,"Georgia","Twiggs County",1,51,106,50,56
050,13,289,"Georgia","Twiggs County",1,52,114,68,46
050,13,289,"Georgia","Twiggs County",1,53,112,61,51
050,13,289,"Georgia","Twiggs County",1,54,132,60,72
050,13,289,"Georgia","Twiggs County",1,55,137,66,71
050,13,289,"Georgia","Twiggs County",1,56,134,73,61
050,13,289,"Georgia","Twiggs County",1,57,133,76,57
050,13,289,"Georgia","Twiggs County",1,58,145,73,72
050,13,289,"Georgia","Twiggs County",1,59,151,71,80
050,13,289,"Georgia","Twiggs County",1,60,130,62,68
050,13,289,"Georgia","Twiggs County",1,61,130,63,67
050,13,289,"Georgia","Twiggs County",1,62,145,72,73
050,13,289,"Georgia","Twiggs County",1,63,147,69,78
050,13,289,"Georgia","Twiggs County",1,64,137,62,75
050,13,289,"Georgia","Twiggs County",1,65,111,46,65
050,13,289,"Georgia","Twiggs County",1,66,132,68,64
050,13,289,"Georgia","Twiggs County",1,67,135,72,63
050,13,289,"Georgia","Twiggs County",1,68,127,62,65
050,13,289,"Georgia","Twiggs County",1,69,100,50,50
050,13,289,"Georgia","Twiggs County",1,70,104,49,55
050,13,289,"Georgia","Twiggs County",1,71,111,53,58
050,13,289,"Georgia","Twiggs County",1,72,112,53,59
050,13,289,"Georgia","Twiggs County",1,73,108,47,61
050,13,289,"Georgia","Twiggs County",1,74,90,37,53
050,13,289,"Georgia","Twiggs County",1,75,83,37,46
050,13,289,"Georgia","Twiggs County",1,76,80,38,42
050,13,289,"Georgia","Twiggs County",1,77,73,32,41
050,13,289,"Georgia","Twiggs County",1,78,71,36,35
050,13,289,"Georgia","Twiggs County",1,79,61,27,34
050,13,289,"Georgia","Twiggs County",1,80,64,29,35
050,13,289,"Georgia","Twiggs County",1,81,48,25,23
050,13,289,"Georgia","Twiggs County",1,82,46,22,24
050,13,289,"Georgia","Twiggs County",1,83,35,14,21
050,13,289,"Georgia","Twiggs County",1,84,30,13,17
050,13,289,"Georgia","Twiggs County",1,85,140,54,86
050,13,289,"Georgia","Twiggs County",2,0,71,38,33
050,13,289,"Georgia","Twiggs County",2,1,64,29,35
050,13,289,"Georgia","Twiggs County",2,2,76,35,41
050,13,289,"Georgia","Twiggs County",2,3,81,42,39
050,13,289,"Georgia","Twiggs County",2,4,77,43,34
050,13,289,"Georgia","Twiggs County",2,5,74,36,38
050,13,289,"Georgia","Twiggs County",2,6,83,35,48
050,13,289,"Georgia","Twiggs County",2,7,73,33,40
050,13,289,"Georgia","Twiggs County",2,8,78,39,39
050,13,289,"Georgia","Twiggs County",2,9,86,43,43
050,13,289,"Georgia","Twiggs County",2,10,94,50,44
050,13,289,"Georgia","Twiggs County",2,11,96,52,44
050,13,289,"Georgia","Twiggs County",2,12,101,56,45
050,13,289,"Georgia","Twiggs County",2,13,107,61,46
050,13,289,"Georgia","Twiggs County",2,14,98,55,43
050,13,289,"Georgia","Twiggs County",2,15,90,45,45
050,13,289,"Georgia","Twiggs County",2,16,89,44,45
050,13,289,"Georgia","Twiggs County",2,17,92,45,47
050,13,289,"Georgia","Twiggs County",2,18,80,39,41
050,13,289,"Georgia","Twiggs County",2,19,66,33,33
050,13,289,"Georgia","Twiggs County",2,20,70,36,34
050,13,289,"Georgia","Twiggs County",2,21,68,35,33
050,13,289,"Georgia","Twiggs County",2,22,64,31,33
050,13,289,"Georgia","Twiggs County",2,23,70,32,38
050,13,289,"Georgia","Twiggs County",2,24,69,32,37
050,13,289,"Georgia","Twiggs County",2,25,78,41,37
050,13,289,"Georgia","Twiggs County",2,26,87,49,38
050,13,289,"Georgia","Twiggs County",2,27,86,45,41
050,13,289,"Georgia","Twiggs County",2,28,92,42,50
050,13,289,"Georgia","Twiggs County",2,29,93,40,53
050,13,289,"Georgia","Twiggs County",2,30,83,39,44
050,13,289,"Georgia","Twiggs County",2,31,80,40,40
050,13,289,"Georgia","Twiggs County",2,32,86,42,44
050,13,289,"Georgia","Twiggs County",2,33,98,47,51
050,13,289,"Georgia","Twiggs County",2,34,90,51,39
050,13,289,"Georgia","Twiggs County",2,35,83,46,37
050,13,289,"Georgia","Twiggs County",2,36,72,32,40
050,13,289,"Georgia","Twiggs County",2,37,68,31,37
050,13,289,"Georgia","Twiggs County",2,38,72,37,35
050,13,289,"Georgia","Twiggs County",2,39,90,50,40
050,13,289,"Georgia","Twiggs County",2,40,99,58,41
050,13,289,"Georgia","Twiggs County",2,41,95,53,42
050,13,289,"Georgia","Twiggs County",2,42,98,53,45
050,13,289,"Georgia","Twiggs County",2,43,96,52,44
050,13,289,"Georgia","Twiggs County",2,44,79,38,41
050,13,289,"Georgia","Twiggs County",2,45,74,35,39
050,13,289,"Georgia","Twiggs County",2,46,87,44,43
050,13,289,"Georgia","Twiggs County",2,47,91,48,43
050,13,289,"Georgia","Twiggs County",2,48,103,52,51
050,13,289,"Georgia","Twiggs County",2,49,101,44,57
050,13,289,"Georgia","Twiggs County",2,50,102,53,49
050,13,289,"Georgia","Twiggs County",2,51,104,51,53
050,13,289,"Georgia","Twiggs County",2,52,113,65,48
050,13,289,"Georgia","Twiggs County",2,53,113,62,51
050,13,289,"Georgia","Twiggs County",2,54,128,61,67
050,13,289,"Georgia","Twiggs County",2,55,137,66,71
050,13,289,"Georgia","Twiggs County",2,56,136,71,65
050,13,289,"Georgia","Twiggs County",2,57,132,73,59
050,13,289,"Georgia","Twiggs County",2,58,143,75,68
050,13,289,"Georgia","Twiggs County",2,59,148,70,78
050,13,289,"Georgia","Twiggs County",2,60,135,64,71
050,13,289,"Georgia","Twiggs County",2,61,130,62,68
050,13,289,"Georgia","Twiggs County",2,62,141,68,73
050,13,289,"Georgia","Twiggs County",2,63,146,70,76
050,13,289,"Georgia","Twiggs County",2,64,137,63,74
050,13,289,"Georgia","Twiggs County",2,65,117,49,68
050,13,289,"Georgia","Twiggs County",2,66,127,62,65
050,13,289,"Georgia","Twiggs County",2,67,133,70,63
050,13,289,"Georgia","Twiggs County",2,68,127,64,63
050,13,289,"Georgia","Twiggs County",2,69,103,52,51
050,13,289,"Georgia","Twiggs County",2,70,102,49,53
050,13,289,"Georgia","Twiggs County",2,71,110,53,57
050,13,289,"Georgia","Twiggs County",2,72,110,53,57
050,13,289,"Georgia","Twiggs County",2,73,112,48,64
050,13,289,"Georgia","Twiggs County",2,74,89,37,52
050,13,289,"Georgia","Twiggs County",2,75,84,36,48
050,13,289,"Georgia","Twiggs County",2,76,79,37,42
050,13,289,"Georgia","Twiggs County",2,77,77,34,43
050,13,289,"Georgia","Twiggs County",2,78,68,34,34
050,13,289,"Georgia","Twiggs County",2,79,62,29,33
050,13,289,"Georgia","Twiggs County",2,80,64,29,35
050,13,289,"Georgia","Twiggs County",2,81,50,26,24
050,13,289,"Georgia","Twiggs County",2,82,46,22,24
050,13,289,"Georgia","Twiggs County",2,83,37,16,21
050,13,289,"Georgia","Twiggs County",2,84,31,13,18
050,13,289,"Georgia","Twiggs County",2,85,142,54,88
050,13,289,"Georgia","Twiggs County",3,0,70,30,40
050,13,289,"Georgia","Twiggs County",3,1,76,38,38
050,13,289,"Georgia","Twiggs County",3,2,74,35,39
050,13,289,"Georgia","Twiggs County",3,3,71,34,37
050,13,289,"Georgia","Twiggs County",3,4,81,39,42
050,13,289,"Georgia","Twiggs County",3,5,82,46,36
050,13,289,"Georgia","Twiggs County",3,6,77,37,40
050,13,289,"Georgia","Twiggs County",3,7,88,39,49
050,13,289,"Georgia","Twiggs County",3,8,67,32,35
050,13,289,"Georgia","Twiggs County",3,9,70,33,37
050,13,289,"Georgia","Twiggs County",3,10,81,40,41
050,13,289,"Georgia","Twiggs County",3,11,99,51,48
050,13,289,"Georgia","Twiggs County",3,12,93,54,39
050,13,289,"Georgia","Twiggs County",3,13,97,52,45
050,13,289,"Georgia","Twiggs County",3,14,107,65,42
050,13,289,"Georgia","Twiggs County",3,15,88,47,41
050,13,289,"Georgia","Twiggs County",3,16,82,43,39
050,13,289,"Georgia","Twiggs County",3,17,90,47,43
050,13,289,"Georgia","Twiggs County",3,18,72,36,36
050,13,289,"Georgia","Twiggs County",3,19,68,35,33
050,13,289,"Georgia","Twiggs County",3,20,64,36,28
050,13,289,"Georgia","Twiggs County",3,21,79,38,41
050,13,289,"Georgia","Twiggs County",3,22,68,32,36
050,13,289,"Georgia","Twiggs County",3,23,61,26,35
050,13,289,"Georgia","Twiggs County",3,24,76,40,36
050,13,289,"Georgia","Twiggs County",3,25,66,33,33
050,13,289,"Georgia","Twiggs County",3,26,71,35,36
050,13,289,"Georgia","Twiggs County",3,27,83,45,38
050,13,289,"Georgia","Twiggs County",3,28,87,47,40
050,13,289,"Georgia","Twiggs County",3,29,89,42,47
050,13,289,"Georgia","Twiggs County",3,30,93,36,57
050,13,289,"Georgia","Twiggs County",3,31,89,44,45
050,13,289,"Georgia","Twiggs County",3,32,84,42,42
050,13,289,"Georgia","Twiggs County",3,33,84,39,45
050,13,289,"Georgia","Twiggs County",3,34,89,42,47
050,13,289,"Georgia","Twiggs County",3,35,83,46,37
050,13,289,"Georgia","Twiggs County",3,36,78,43,35
050,13,289,"Georgia","Twiggs County",3,37,69,29,40
050,13,289,"Georgia","Twiggs County",3,38,82,40,42
050,13,289,"Georgia","Twiggs County",3,39,79,41,38
050,13,289,"Georgia","Twiggs County",3,40,91,54,37
050,13,289,"Georgia","Twiggs County",3,41,92,54,38
050,13,289,"Georgia","Twiggs County",3,42,96,53,43
050,13,289,"Georgia","Twiggs County",3,43,100,51,49
050,13,289,"Georgia","Twiggs County",3,44,95,55,40
050,13,289,"Georgia","Twiggs County",3,45,77,37,40
050,13,289,"Georgia","Twiggs County",3,46,76,39,37
050,13,289,"Georgia","Twiggs County",3,47,89,46,43
050,13,289,"Georgia","Twiggs County",3,48,91,43,48
050,13,289,"Georgia","Twiggs County",3,49,102,51,51
050,13,289,"Georgia","Twiggs County",3,50,98,44,54
050,13,289,"Georgia","Twiggs County",3,51,101,52,49
050,13,289,"Georgia","Twiggs County",3,52,98,45,53
050,13,289,"Georgia","Twiggs County",3,53,105,64,41
050,13,289,"Georgia","Twiggs County",3,54,117,64,53
050,13,289,"Georgia","Twiggs County",3,55,131,65,66
050,13,289,"Georgia","Twiggs County",3,56,137,65,72
050,13,289,"Georgia","Twiggs County",3,57,142,74,68
050,13,289,"Georgia","Twiggs County",3,58,136,75,61
050,13,289,"Georgia","Twiggs County",3,59,140,72,68
050,13,289,"Georgia","Twiggs County",3,60,144,67,77
050,13,289,"Georgia","Twiggs County",3,61,130,61,69
050,13,289,"Georgia","Twiggs County",3,62,122,56,66
050,13,289,"Georgia","Twiggs County",3,63,139,67,72
050,13,289,"Georgia","Twiggs County",3,64,136,67,69
050,13,289,"Georgia","Twiggs County",3,65,130,55,75
050,13,289,"Georgia","Twiggs County",3,66,111,46,65
050,13,289,"Georgia","Twiggs County",3,67,125,59,66
050,13,289,"Georgia","Twiggs County",3,68,135,70,65
050,13,289,"Georgia","Twiggs County",3,69,117,60,57
050,13,289,"Georgia","Twiggs County",3,70,105,53,52
050,13,289,"Georgia","Twiggs County",3,71,108,55,53
050,13,289,"Georgia","Twiggs County",3,72,98,46,52
050,13,289,"Georgia","Twiggs County",3,73,107,50,57
050,13,289,"Georgia","Twiggs County",3,74,106,45,61
050,13,289,"Georgia","Twiggs County",3,75,86,35,51
050,13,289,"Georgia","Twiggs County",3,76,82,37,45
050,13,289,"Georgia","Twiggs County",3,77,73,35,38
050,13,289,"Georgia","Twiggs County",3,78,76,35,41
050,13,289,"Georgia","Twiggs County",3,79,60,28,32
050,13,289,"Georgia","Twiggs County",3,80,55,24,31
050,13,289,"Georgia","Twiggs County",3,81,61,28,33
050,13,289,"Georgia","Twiggs County",3,82,43,22,21
050,13,289,"Georgia","Twiggs County",3,83,46,24,22
050,13,289,"Georgia","Twiggs County",3,84,36,15,21
050,13,289,"Georgia","Twiggs County",3,85,129,52,77
050,13,289,"Georgia","Twiggs County",4,0,69,28,41
050,13,289,"Georgia","Twiggs County",4,1,70,32,38
050,13,289,"Georgia","Twiggs County",4,2,74,40,34
050,13,289,"Georgia","Twiggs County",4,3,72,36,36
050,13,289,"Georgia","Twiggs County",4,4,71,32,39
050,13,289,"Georgia","Twiggs County",4,5,81,41,40
050,13,289,"Georgia","Twiggs County",4,6,80,40,40
050,13,289,"Georgia","Twiggs County",4,7,76,36,40
050,13,289,"Georgia","Twiggs County",4,8,80,38,42
050,13,289,"Georgia","Twiggs County",4,9,68,34,34
050,13,289,"Georgia","Twiggs County",4,10,71,33,38
050,13,289,"Georgia","Twiggs County",4,11,80,38,42
050,13,289,"Georgia","Twiggs County",4,12,89,44,45
050,13,289,"Georgia","Twiggs County",4,13,85,47,38
050,13,289,"Georgia","Twiggs County",4,14,94,51,43
050,13,289,"Georgia","Twiggs County",4,15,102,61,41
050,13,289,"Georgia","Twiggs County",4,16,87,47,40
050,13,289,"Georgia","Twiggs County",4,17,84,43,41
050,13,289,"Georgia","Twiggs County",4,18,72,39,33
050,13,289,"Georgia","Twiggs County",4,19,58,26,32
050,13,289,"Georgia","Twiggs County",4,20,68,34,34
050,13,289,"Georgia","Twiggs County",4,21,69,33,36
050,13,289,"Georgia","Twiggs County",4,22,83,37,46
050,13,289,"Georgia","Twiggs County",4,23,74,38,36
050,13,289,"Georgia","Twiggs County",4,24,65,30,35
050,13,289,"Georgia","Twiggs County",4,25,76,41,35
050,13,289,"Georgia","Twiggs County",4,26,67,30,37
050,13,289,"Georgia","Twiggs County",4,27,69,36,33
050,13,289,"Georgia","Twiggs County",4,28,82,43,39
050,13,289,"Georgia","Twiggs County",4,29,85,46,39
050,13,289,"Georgia","Twiggs County",4,30,79,35,44
050,13,289,"Georgia","Twiggs County",4,31,85,37,48
050,13,289,"Georgia","Twiggs County",4,32,88,46,42
050,13,289,"Georgia","Twiggs County",4,33,72,37,35
050,13,289,"Georgia","Twiggs County",4,34,76,36,40
050,13,289,"Georgia","Twiggs County",4,35,78,39,39
050,13,289,"Georgia","Twiggs County",4,36,81,44,37
050,13,289,"Georgia","Twiggs County",4,37,81,42,39
050,13,289,"Georgia","Twiggs County",4,38,67,30,37
050,13,289,"Georgia","Twiggs County",4,39,83,37,46
050,13,289,"Georgia","Twiggs County",4,40,75,41,34
050,13,289,"Georgia","Twiggs County",4,41,91,51,40
050,13,289,"Georgia","Twiggs County",4,42,96,60,36
050,13,289,"Georgia","Twiggs County",4,43,96,52,44
050,13,289,"Georgia","Twiggs County",4,44,99,45,54
050,13,289,"Georgia","Twiggs County",4,45,84,48,36
050,13,289,"Georgia","Twiggs County",4,46,70,33,37
050,13,289,"Georgia","Twiggs County",4,47,81,43,38
050,13,289,"Georgia","Twiggs County",4,48,89,47,42
050,13,289,"Georgia","Twiggs County",4,49,90,44,46
050,13,289,"Georgia","Twiggs County",4,50,107,57,50
050,13,289,"Georgia","Twiggs County",4,51,94,39,55
050,13,289,"Georgia","Twiggs County",4,52,104,53,51
050,13,289,"Georgia","Twiggs County",4,53,96,43,53
050,13,289,"Georgia","Twiggs County",4,54,105,64,41
050,13,289,"Georgia","Twiggs County",4,55,112,60,52
050,13,289,"Georgia","Twiggs County",4,56,131,64,67
050,13,289,"Georgia","Twiggs County",4,57,138,62,76
050,13,289,"Georgia","Twiggs County",4,58,142,77,65
050,13,289,"Georgia","Twiggs County",4,59,125,69,56
050,13,289,"Georgia","Twiggs County",4,60,131,62,69
050,13,289,"Georgia","Twiggs County",4,61,143,68,75
050,13,289,"Georgia","Twiggs County",4,62,131,62,69
050,13,289,"Georgia","Twiggs County",4,63,124,61,63
050,13,289,"Georgia","Twiggs County",4,64,137,63,74
050,13,289,"Georgia","Twiggs County",4,65,128,60,68
050,13,289,"Georgia","Twiggs County",4,66,128,56,72
050,13,289,"Georgia","Twiggs County",4,67,106,42,64
050,13,289,"Georgia","Twiggs County",4,68,121,57,64
050,13,289,"Georgia","Twiggs County",4,69,123,64,59
050,13,289,"Georgia","Twiggs County",4,70,112,58,54
050,13,289,"Georgia","Twiggs County",4,71,105,54,51
050,13,289,"Georgia","Twiggs County",4,72,103,51,52
050,13,289,"Georgia","Twiggs County",4,73,97,43,54
050,13,289,"Georgia","Twiggs County",4,74,103,47,56
050,13,289,"Georgia","Twiggs County",4,75,102,41,61
050,13,289,"Georgia","Twiggs County",4,76,82,33,49
050,13,289,"Georgia","Twiggs County",4,77,79,34,45
050,13,289,"Georgia","Twiggs County",4,78,70,36,34
050,13,289,"Georgia","Twiggs County",4,79,66,26,40
050,13,289,"Georgia","Twiggs County",4,80,53,24,29
050,13,289,"Georgia","Twiggs County",4,81,52,24,28
050,13,289,"Georgia","Twiggs County",4,82,56,25,31
050,13,289,"Georgia","Twiggs County",4,83,36,20,16
050,13,289,"Georgia","Twiggs County",4,84,45,22,23
050,13,289,"Georgia","Twiggs County",4,85,127,54,73
050,13,289,"Georgia","Twiggs County",5,0,55,22,33
050,13,289,"Georgia","Twiggs County",5,1,84,34,50
050,13,289,"Georgia","Twiggs County",5,2,76,29,47
050,13,289,"Georgia","Twiggs County",5,3,83,42,41
050,13,289,"Georgia","Twiggs County",5,4,73,35,38
050,13,289,"Georgia","Twiggs County",5,5,73,38,35
050,13,289,"Georgia","Twiggs County",5,6,86,45,41
050,13,289,"Georgia","Twiggs County",5,7,76,41,35
050,13,289,"Georgia","Twiggs County",5,8,84,43,41
050,13,289,"Georgia","Twiggs County",5,9,83,38,45
050,13,289,"Georgia","Twiggs County",5,10,74,34,40
050,13,289,"Georgia","Twiggs County",5,11,75,35,40
050,13,289,"Georgia","Twiggs County",5,12,78,40,38
050,13,289,"Georgia","Twiggs County",5,13,86,43,43
050,13,289,"Georgia","Twiggs County",5,14,83,46,37
050,13,289,"Georgia","Twiggs County",5,15,95,50,45
050,13,289,"Georgia","Twiggs County",5,16,98,54,44
050,13,289,"Georgia","Twiggs County",5,17,86,46,40
050,13,289,"Georgia","Twiggs County",5,18,72,39,33
050,13,289,"Georgia","Twiggs County",5,19,61,36,25
050,13,289,"Georgia","Twiggs County",5,20,55,23,32
050,13,289,"Georgia","Twiggs County",5,21,75,36,39
050,13,289,"Georgia","Twiggs County",5,22,70,35,35
050,13,289,"Georgia","Twiggs County",5,23,94,40,54
050,13,289,"Georgia","Twiggs County",5,24,79,43,36
050,13,289,"Georgia","Twiggs County",5,25,65,30,35
050,13,289,"Georgia","Twiggs County",5,26,72,38,34
050,13,289,"Georgia","Twiggs County",5,27,77,36,41
050,13,289,"Georgia","Twiggs County",5,28,71,40,31
050,13,289,"Georgia","Twiggs County",5,29,80,44,36
050,13,289,"Georgia","Twiggs County",5,30,78,41,37
050,13,289,"Georgia","Twiggs County",5,31,78,42,36
050,13,289,"Georgia","Twiggs County",5,32,85,35,50
050,13,289,"Georgia","Twiggs County",5,33,92,49,43
050,13,289,"Georgia","Twiggs County",5,34,70,32,38
050,13,289,"Georgia","Twiggs County",5,35,82,37,45
050,13,289,"Georgia","Twiggs County",5,36,85,40,45
050,13,289,"Georgia","Twiggs County",5,37,85,46,39
050,13,289,"Georgia","Twiggs County",5,38,81,42,39
050,13,289,"Georgia","Twiggs County",5,39,68,30,38
050,13,289,"Georgia","Twiggs County",5,40,81,37,44
050,13,289,"Georgia","Twiggs County",5,41,75,43,32
050,13,289,"Georgia","Twiggs County",5,42,101,52,49
050,13,289,"Georgia","Twiggs County",5,43,100,63,37
050,13,289,"Georgia","Twiggs County",5,44,93,50,43
050,13,289,"Georgia","Twiggs County",5,45,107,46,61
050,13,289,"Georgia","Twiggs County",5,46,88,48,40
050,13,289,"Georgia","Twiggs County",5,47,76,38,38
050,13,289,"Georgia","Twiggs County",5,48,78,43,35
050,13,289,"Georgia","Twiggs County",5,49,91,46,45
050,13,289,"Georgia","Twiggs County",5,50,90,44,46
050,13,289,"Georgia","Twiggs County",5,51,106,56,50
050,13,289,"Georgia","Twiggs County",5,52,96,43,53
050,13,289,"Georgia","Twiggs County",5,53,97,51,46
050,13,289,"Georgia","Twiggs County",5,54,97,44,53
050,13,289,"Georgia","Twiggs County",5,55,106,65,41
050,13,289,"Georgia","Twiggs County",5,56,108,61,47
050,13,289,"Georgia","Twiggs County",5,57,129,59,70
050,13,289,"Georgia","Twiggs County",5,58,133,61,72
050,13,289,"Georgia","Twiggs County",5,59,134,73,61
050,13,289,"Georgia","Twiggs County",5,60,123,67,56
050,13,289,"Georgia","Twiggs County",5,61,126,59,67
050,13,289,"Georgia","Twiggs County",5,62,148,73,75
050,13,289,"Georgia","Twiggs County",5,63,128,63,65
050,13,289,"Georgia","Twiggs County",5,64,125,58,67
050,13,289,"Georgia","Twiggs County",5,65,129,55,74
050,13,289,"Georgia","Twiggs County",5,66,127,59,68
050,13,289,"Georgia","Twiggs County",5,67,129,54,75
050,13,289,"Georgia","Twiggs County",5,68,108,44,64
050,13,289,"Georgia","Twiggs County",5,69,113,51,62
050,13,289,"Georgia","Twiggs County",5,70,121,62,59
050,13,289,"Georgia","Twiggs County",5,71,113,62,51
050,13,289,"Georgia","Twiggs County",5,72,101,50,51
050,13,289,"Georgia","Twiggs County",5,73,101,48,53
050,13,289,"Georgia","Twiggs County",5,74,91,41,50
050,13,289,"Georgia","Twiggs County",5,75,98,43,55
050,13,289,"Georgia","Twiggs County",5,76,100,42,58
050,13,289,"Georgia","Twiggs County",5,77,79,31,48
050,13,289,"Georgia","Twiggs County",5,78,79,35,44
050,13,289,"Georgia","Twiggs County",5,79,61,28,33
050,13,289,"Georgia","Twiggs County",5,80,59,24,35
050,13,289,"Georgia","Twiggs County",5,81,48,24,24
050,13,289,"Georgia","Twiggs County",5,82,48,22,26
050,13,289,"Georgia","Twiggs County",5,83,54,25,29
050,13,289,"Georgia","Twiggs County",5,84,37,20,17
050,13,289,"Georgia","Twiggs County",5,85,136,61,75
050,13,291,"Georgia","Union County",1,0,166,84,82
050,13,291,"Georgia","Union County",1,1,179,93,86
050,13,291,"Georgia","Union County",1,2,173,94,79
050,13,291,"Georgia","Union County",1,3,186,88,98
050,13,291,"Georgia","Union County",1,4,191,103,88
050,13,291,"Georgia","Union County",1,5,206,113,93
050,13,291,"Georgia","Union County",1,6,172,84,88
050,13,291,"Georgia","Union County",1,7,196,101,95
050,13,291,"Georgia","Union County",1,8,211,100,111
050,13,291,"Georgia","Union County",1,9,193,87,106
050,13,291,"Georgia","Union County",1,10,209,105,104
050,13,291,"Georgia","Union County",1,11,219,107,112
050,13,291,"Georgia","Union County",1,12,250,123,127
050,13,291,"Georgia","Union County",1,13,258,137,121
050,13,291,"Georgia","Union County",1,14,245,134,111
050,13,291,"Georgia","Union County",1,15,234,129,105
050,13,291,"Georgia","Union County",1,16,244,126,118
050,13,291,"Georgia","Union County",1,17,232,118,114
050,13,291,"Georgia","Union County",1,18,215,115,100
050,13,291,"Georgia","Union County",1,19,200,113,87
050,13,291,"Georgia","Union County",1,20,200,115,85
050,13,291,"Georgia","Union County",1,21,191,105,86
050,13,291,"Georgia","Union County",1,22,205,112,93
050,13,291,"Georgia","Union County",1,23,225,121,104
050,13,291,"Georgia","Union County",1,24,199,102,97
050,13,291,"Georgia","Union County",1,25,212,106,106
050,13,291,"Georgia","Union County",1,26,194,103,91
050,13,291,"Georgia","Union County",1,27,214,107,107
050,13,291,"Georgia","Union County",1,28,222,101,121
050,13,291,"Georgia","Union County",1,29,207,97,110
050,13,291,"Georgia","Union County",1,30,207,107,100
050,13,291,"Georgia","Union County",1,31,207,115,92
050,13,291,"Georgia","Union County",1,32,204,97,107
050,13,291,"Georgia","Union County",1,33,183,95,88
050,13,291,"Georgia","Union County",1,34,190,102,88
050,13,291,"Georgia","Union County",1,35,204,101,103
050,13,291,"Georgia","Union County",1,36,184,86,98
050,13,291,"Georgia","Union County",1,37,208,101,107
050,13,291,"Georgia","Union County",1,38,224,110,114
050,13,291,"Georgia","Union County",1,39,214,111,103
050,13,291,"Georgia","Union County",1,40,224,114,110
050,13,291,"Georgia","Union County",1,41,203,95,108
050,13,291,"Georgia","Union County",1,42,210,107,103
050,13,291,"Georgia","Union County",1,43,213,97,116
050,13,291,"Georgia","Union County",1,44,212,106,106
050,13,291,"Georgia","Union County",1,45,221,104,117
050,13,291,"Georgia","Union County",1,46,231,107,124
050,13,291,"Georgia","Union County",1,47,225,106,119
050,13,291,"Georgia","Union County",1,48,255,131,124
050,13,291,"Georgia","Union County",1,49,285,145,140
050,13,291,"Georgia","Union County",1,50,272,128,144
050,13,291,"Georgia","Union County",1,51,287,143,144
050,13,291,"Georgia","Union County",1,52,294,123,171
050,13,291,"Georgia","Union County",1,53,298,128,170
050,13,291,"Georgia","Union County",1,54,315,150,165
050,13,291,"Georgia","Union County",1,55,330,154,176
050,13,291,"Georgia","Union County",1,56,364,178,186
050,13,291,"Georgia","Union County",1,57,395,188,207
050,13,291,"Georgia","Union County",1,58,424,207,217
050,13,291,"Georgia","Union County",1,59,443,206,237
050,13,291,"Georgia","Union County",1,60,441,213,228
050,13,291,"Georgia","Union County",1,61,471,223,248
050,13,291,"Georgia","Union County",1,62,473,216,257
050,13,291,"Georgia","Union County",1,63,476,246,230
050,13,291,"Georgia","Union County",1,64,488,231,257
050,13,291,"Georgia","Union County",1,65,486,215,271
050,13,291,"Georgia","Union County",1,66,517,263,254
050,13,291,"Georgia","Union County",1,67,502,246,256
050,13,291,"Georgia","Union County",1,68,510,246,264
050,13,291,"Georgia","Union County",1,69,503,231,272
050,13,291,"Georgia","Union County",1,70,518,251,267
050,13,291,"Georgia","Union County",1,71,508,254,254
050,13,291,"Georgia","Union County",1,72,525,247,278
050,13,291,"Georgia","Union County",1,73,509,249,260
050,13,291,"Georgia","Union County",1,74,359,183,176
050,13,291,"Georgia","Union County",1,75,362,176,186
050,13,291,"Georgia","Union County",1,76,356,181,175
050,13,291,"Georgia","Union County",1,77,347,176,171
050,13,291,"Georgia","Union County",1,78,286,134,152
050,13,291,"Georgia","Union County",1,79,259,123,136
050,13,291,"Georgia","Union County",1,80,244,127,117
050,13,291,"Georgia","Union County",1,81,201,102,99
050,13,291,"Georgia","Union County",1,82,181,88,93
050,13,291,"Georgia","Union County",1,83,177,85,92
050,13,291,"Georgia","Union County",1,84,161,70,91
050,13,291,"Georgia","Union County",1,85,794,310,484
050,13,291,"Georgia","Union County",2,0,169,91,78
050,13,291,"Georgia","Union County",2,1,176,90,86
050,13,291,"Georgia","Union County",2,2,175,94,81
050,13,291,"Georgia","Union County",2,3,183,90,93
050,13,291,"Georgia","Union County",2,4,193,101,92
050,13,291,"Georgia","Union County",2,5,203,110,93
050,13,291,"Georgia","Union County",2,6,182,92,90
050,13,291,"Georgia","Union County",2,7,191,96,95
050,13,291,"Georgia","Union County",2,8,209,102,107
050,13,291,"Georgia","Union County",2,9,199,92,107
050,13,291,"Georgia","Union County",2,10,209,102,107
050,13,291,"Georgia","Union County",2,11,218,107,111
050,13,291,"Georgia","Union County",2,12,245,121,124
050,13,291,"Georgia","Union County",2,13,257,135,122
050,13,291,"Georgia","Union County",2,14,248,137,111
050,13,291,"Georgia","Union County",2,15,239,132,107
050,13,291,"Georgia","Union County",2,16,246,129,117
050,13,291,"Georgia","Union County",2,17,236,121,115
050,13,291,"Georgia","Union County",2,18,211,112,99
050,13,291,"Georgia","Union County",2,19,197,110,87
050,13,291,"Georgia","Union County",2,20,210,120,90
050,13,291,"Georgia","Union County",2,21,193,107,86
050,13,291,"Georgia","Union County",2,22,202,109,93
050,13,291,"Georgia","Union County",2,23,222,121,101
050,13,291,"Georgia","Union County",2,24,203,105,98
050,13,291,"Georgia","Union County",2,25,211,107,104
050,13,291,"Georgia","Union County",2,26,200,105,95
050,13,291,"Georgia","Union County",2,27,210,107,103
050,13,291,"Georgia","Union County",2,28,218,100,118
050,13,291,"Georgia","Union County",2,29,213,100,113
050,13,291,"Georgia","Union County",2,30,214,109,105
050,13,291,"Georgia","Union County",2,31,211,115,96
050,13,291,"Georgia","Union County",2,32,203,99,104
050,13,291,"Georgia","Union County",2,33,188,96,92
050,13,291,"Georgia","Union County",2,34,192,102,90
050,13,291,"Georgia","Union County",2,35,199,99,100
050,13,291,"Georgia","Union County",2,36,187,89,98
050,13,291,"Georgia","Union County",2,37,202,98,104
050,13,291,"Georgia","Union County",2,38,226,112,114
050,13,291,"Georgia","Union County",2,39,216,111,105
050,13,291,"Georgia","Union County",2,40,226,115,111
050,13,291,"Georgia","Union County",2,41,209,100,109
050,13,291,"Georgia","Union County",2,42,210,106,104
050,13,291,"Georgia","Union County",2,43,214,100,114
050,13,291,"Georgia","Union County",2,44,213,104,109
050,13,291,"Georgia","Union County",2,45,221,105,116
050,13,291,"Georgia","Union County",2,46,229,106,123
050,13,291,"Georgia","Union County",2,47,228,107,121
050,13,291,"Georgia","Union County",2,48,251,126,125
050,13,291,"Georgia","Union County",2,49,283,144,139
050,13,291,"Georgia","Union County",2,50,277,133,144
050,13,291,"Georgia","Union County",2,51,286,139,147
050,13,291,"Georgia","Union County",2,52,295,128,167
050,13,291,"Georgia","Union County",2,53,300,128,172
050,13,291,"Georgia","Union County",2,54,313,145,168
050,13,291,"Georgia","Union County",2,55,330,154,176
050,13,291,"Georgia","Union County",2,56,362,176,186
050,13,291,"Georgia","Union County",2,57,395,190,205
050,13,291,"Georgia","Union County",2,58,427,205,222
050,13,291,"Georgia","Union County",2,59,448,210,238
050,13,291,"Georgia","Union County",2,60,448,215,233
050,13,291,"Georgia","Union County",2,61,472,225,247
050,13,291,"Georgia","Union County",2,62,481,224,257
050,13,291,"Georgia","Union County",2,63,487,246,241
050,13,291,"Georgia","Union County",2,64,488,235,253
050,13,291,"Georgia","Union County",2,65,493,223,270
050,13,291,"Georgia","Union County",2,66,519,255,264
050,13,291,"Georgia","Union County",2,67,509,253,256
050,13,291,"Georgia","Union County",2,68,510,247,263
050,13,291,"Georgia","Union County",2,69,513,238,275
050,13,291,"Georgia","Union County",2,70,515,246,269
050,13,291,"Georgia","Union County",2,71,512,253,259
050,13,291,"Georgia","Union County",2,72,516,247,269
050,13,291,"Georgia","Union County",2,73,542,263,279
050,13,291,"Georgia","Union County",2,74,366,181,185
050,13,291,"Georgia","Union County",2,75,363,180,183
050,13,291,"Georgia","Union County",2,76,355,180,175
050,13,291,"Georgia","Union County",2,77,353,179,174
050,13,291,"Georgia","Union County",2,78,293,139,154
050,13,291,"Georgia","Union County",2,79,265,126,139
050,13,291,"Georgia","Union County",2,80,246,126,120
050,13,291,"Georgia","Union County",2,81,206,107,99
050,13,291,"Georgia","Union County",2,82,186,91,95
050,13,291,"Georgia","Union County",2,83,174,82,92
050,13,291,"Georgia","Union County",2,84,163,73,90
050,13,291,"Georgia","Union County",2,85,804,314,490
050,13,291,"Georgia","Union County",3,0,157,86,71
050,13,291,"Georgia","Union County",3,1,177,99,78
050,13,291,"Georgia","Union County",3,2,193,102,91
050,13,291,"Georgia","Union County",3,3,203,113,90
050,13,291,"Georgia","Union County",3,4,195,93,102
050,13,291,"Georgia","Union County",3,5,219,112,107
050,13,291,"Georgia","Union County",3,6,207,108,99
050,13,291,"Georgia","Union County",3,7,194,98,96
050,13,291,"Georgia","Union County",3,8,209,107,102
050,13,291,"Georgia","Union County",3,9,216,104,112
050,13,291,"Georgia","Union County",3,10,208,100,108
050,13,291,"Georgia","Union County",3,11,219,102,117
050,13,291,"Georgia","Union County",3,12,237,122,115
050,13,291,"Georgia","Union County",3,13,249,120,129
050,13,291,"Georgia","Union County",3,14,271,144,127
050,13,291,"Georgia","Union County",3,15,256,138,118
050,13,291,"Georgia","Union County",3,16,259,144,115
050,13,291,"Georgia","Union County",3,17,251,128,123
050,13,291,"Georgia","Union County",3,18,217,113,104
050,13,291,"Georgia","Union County",3,19,184,104,80
050,13,291,"Georgia","Union County",3,20,220,130,90
050,13,291,"Georgia","Union County",3,21,227,126,101
050,13,291,"Georgia","Union County",3,22,194,102,92
050,13,291,"Georgia","Union County",3,23,226,123,103
050,13,291,"Georgia","Union County",3,24,211,116,95
050,13,291,"Georgia","Union County",3,25,212,114,98
050,13,291,"Georgia","Union County",3,26,212,106,106
050,13,291,"Georgia","Union County",3,27,201,111,90
050,13,291,"Georgia","Union County",3,28,213,98,115
050,13,291,"Georgia","Union County",3,29,224,100,124
050,13,291,"Georgia","Union County",3,30,233,114,119
050,13,291,"Georgia","Union County",3,31,225,117,108
050,13,291,"Georgia","Union County",3,32,219,107,112
050,13,291,"Georgia","Union County",3,33,213,108,105
050,13,291,"Georgia","Union County",3,34,201,103,98
050,13,291,"Georgia","Union County",3,35,206,105,101
050,13,291,"Georgia","Union County",3,36,216,111,105
050,13,291,"Georgia","Union County",3,37,194,93,101
050,13,291,"Georgia","Union County",3,38,206,110,96
050,13,291,"Georgia","Union County",3,39,231,119,112
050,13,291,"Georgia","Union County",3,40,233,119,114
050,13,291,"Georgia","Union County",3,41,236,111,125
050,13,291,"Georgia","Union County",3,42,223,111,112
050,13,291,"Georgia","Union County",3,43,220,115,105
050,13,291,"Georgia","Union County",3,44,234,113,121
050,13,291,"Georgia","Union County",3,45,216,105,111
050,13,291,"Georgia","Union County",3,46,243,118,125
050,13,291,"Georgia","Union County",3,47,232,107,125
050,13,291,"Georgia","Union County",3,48,237,107,130
050,13,291,"Georgia","Union County",3,49,259,129,130
050,13,291,"Georgia","Union County",3,50,295,149,146
050,13,291,"Georgia","Union County",3,51,284,132,152
050,13,291,"Georgia","Union County",3,52,290,136,154
050,13,291,"Georgia","Union County",3,53,301,133,168
050,13,291,"Georgia","Union County",3,54,317,134,183
050,13,291,"Georgia","Union County",3,55,342,158,184
050,13,291,"Georgia","Union County",3,56,362,175,187
050,13,291,"Georgia","Union County",3,57,365,174,191
050,13,291,"Georgia","Union County",3,58,436,207,229
050,13,291,"Georgia","Union County",3,59,463,216,247
050,13,291,"Georgia","Union County",3,60,481,228,253
050,13,291,"Georgia","Union County",3,61,476,230,246
050,13,291,"Georgia","Union County",3,62,508,243,265
050,13,291,"Georgia","Union County",3,63,543,257,286
050,13,291,"Georgia","Union County",3,64,506,256,250
050,13,291,"Georgia","Union County",3,65,540,264,276
050,13,291,"Georgia","Union County",3,66,507,221,286
050,13,291,"Georgia","Union County",3,67,530,268,262
050,13,291,"Georgia","Union County",3,68,541,268,273
050,13,291,"Georgia","Union County",3,69,514,252,262
050,13,291,"Georgia","Union County",3,70,512,240,272
050,13,291,"Georgia","Union County",3,71,519,250,269
050,13,291,"Georgia","Union County",3,72,510,252,258
050,13,291,"Georgia","Union County",3,73,511,248,263
050,13,291,"Georgia","Union County",3,74,524,248,276
050,13,291,"Georgia","Union County",3,75,361,178,183
050,13,291,"Georgia","Union County",3,76,355,183,172
050,13,291,"Georgia","Union County",3,77,336,172,164
050,13,291,"Georgia","Union County",3,78,333,164,169
050,13,291,"Georgia","Union County",3,79,261,130,131
050,13,291,"Georgia","Union County",3,80,251,120,131
050,13,291,"Georgia","Union County",3,81,225,114,111
050,13,291,"Georgia","Union County",3,82,186,97,89
050,13,291,"Georgia","Union County",3,83,178,85,93
050,13,291,"Georgia","Union County",3,84,151,75,76
050,13,291,"Georgia","Union County",3,85,800,314,486
050,13,291,"Georgia","Union County",4,0,176,87,89
050,13,291,"Georgia","Union County",4,1,153,78,75
050,13,291,"Georgia","Union County",4,2,184,100,84
050,13,291,"Georgia","Union County",4,3,207,104,103
050,13,291,"Georgia","Union County",4,4,219,127,92
050,13,291,"Georgia","Union County",4,5,200,96,104
050,13,291,"Georgia","Union County",4,6,228,118,110
050,13,291,"Georgia","Union County",4,7,225,119,106
050,13,291,"Georgia","Union County",4,8,208,101,107
050,13,291,"Georgia","Union County",4,9,218,118,100
050,13,291,"Georgia","Union County",4,10,224,105,119
050,13,291,"Georgia","Union County",4,11,218,102,116
050,13,291,"Georgia","Union County",4,12,233,111,122
050,13,291,"Georgia","Union County",4,13,249,131,118
050,13,291,"Georgia","Union County",4,14,261,128,133
050,13,291,"Georgia","Union County",4,15,273,144,129
050,13,291,"Georgia","Union County",4,16,273,151,122
050,13,291,"Georgia","Union County",4,17,273,149,124
050,13,291,"Georgia","Union County",4,18,227,123,104
050,13,291,"Georgia","Union County",4,19,184,106,78
050,13,291,"Georgia","Union County",4,20,220,124,96
050,13,291,"Georgia","Union County",4,21,223,129,94
050,13,291,"Georgia","Union County",4,22,235,120,115
050,13,291,"Georgia","Union County",4,23,242,137,105
050,13,291,"Georgia","Union County",4,24,219,121,98
050,13,291,"Georgia","Union County",4,25,233,132,101
050,13,291,"Georgia","Union County",4,26,210,109,101
050,13,291,"Georgia","Union County",4,27,206,102,104
050,13,291,"Georgia","Union County",4,28,202,107,95
050,13,291,"Georgia","Union County",4,29,222,99,123
050,13,291,"Georgia","Union County",4,30,238,109,129
050,13,291,"Georgia","Union County",4,31,237,112,125
050,13,291,"Georgia","Union County",4,32,226,117,109
050,13,291,"Georgia","Union County",4,33,239,123,116
050,13,291,"Georgia","Union County",4,34,229,122,107
050,13,291,"Georgia","Union County",4,35,199,94,105
050,13,291,"Georgia","Union County",4,36,217,107,110
050,13,291,"Georgia","Union County",4,37,226,114,112
050,13,291,"Georgia","Union County",4,38,221,120,101
050,13,291,"Georgia","Union County",4,39,225,120,105
050,13,291,"Georgia","Union County",4,40,255,132,123
050,13,291,"Georgia","Union County",4,41,240,117,123
050,13,291,"Georgia","Union County",4,42,249,113,136
050,13,291,"Georgia","Union County",4,43,221,108,113
050,13,291,"Georgia","Union County",4,44,238,125,113
050,13,291,"Georgia","Union County",4,45,235,115,120
050,13,291,"Georgia","Union County",4,46,228,109,119
050,13,291,"Georgia","Union County",4,47,241,113,128
050,13,291,"Georgia","Union County",4,48,237,109,128
050,13,291,"Georgia","Union County",4,49,254,117,137
050,13,291,"Georgia","Union County",4,50,268,129,139
050,13,291,"Georgia","Union County",4,51,306,157,149
050,13,291,"Georgia","Union County",4,52,297,134,163
050,13,291,"Georgia","Union County",4,53,315,155,160
050,13,291,"Georgia","Union County",4,54,309,133,176
050,13,291,"Georgia","Union County",4,55,329,141,188
050,13,291,"Georgia","Union County",4,56,360,167,193
050,13,291,"Georgia","Union County",4,57,374,177,197
050,13,291,"Georgia","Union County",4,58,409,196,213
050,13,291,"Georgia","Union County",4,59,461,218,243
050,13,291,"Georgia","Union County",4,60,494,227,267
050,13,291,"Georgia","Union County",4,61,527,264,263
050,13,291,"Georgia","Union County",4,62,523,245,278
050,13,291,"Georgia","Union County",4,63,542,261,281
050,13,291,"Georgia","Union County",4,64,572,270,302
050,13,291,"Georgia","Union County",4,65,538,269,269
050,13,291,"Georgia","Union County",4,66,571,278,293
050,13,291,"Georgia","Union County",4,67,541,237,304
050,13,291,"Georgia","Union County",4,68,555,277,278
050,13,291,"Georgia","Union County",4,69,556,272,284
050,13,291,"Georgia","Union County",4,70,527,251,276
050,13,291,"Georgia","Union County",4,71,522,248,274
050,13,291,"Georgia","Union County",4,72,522,260,262
050,13,291,"Georgia","Union County",4,73,505,256,249
050,13,291,"Georgia","Union County",4,74,519,249,270
050,13,291,"Georgia","Union County",4,75,516,242,274
050,13,291,"Georgia","Union County",4,76,348,182,166
050,13,291,"Georgia","Union County",4,77,336,168,168
050,13,291,"Georgia","Union County",4,78,330,165,165
050,13,291,"Georgia","Union County",4,79,316,154,162
050,13,291,"Georgia","Union County",4,80,242,126,116
050,13,291,"Georgia","Union County",4,81,226,103,123
050,13,291,"Georgia","Union County",4,82,202,105,97
050,13,291,"Georgia","Union County",4,83,169,88,81
050,13,291,"Georgia","Union County",4,84,163,78,85
050,13,291,"Georgia","Union County",4,85,800,311,489
050,13,291,"Georgia","Union County",5,0,175,88,87
050,13,291,"Georgia","Union County",5,1,191,96,95
050,13,291,"Georgia","Union County",5,2,148,79,69
050,13,291,"Georgia","Union County",5,3,194,101,93
050,13,291,"Georgia","Union County",5,4,227,119,108
050,13,291,"Georgia","Union County",5,5,226,135,91
050,13,291,"Georgia","Union County",5,6,208,101,107
050,13,291,"Georgia","Union County",5,7,241,127,114
050,13,291,"Georgia","Union County",5,8,223,111,112
050,13,291,"Georgia","Union County",5,9,221,109,112
050,13,291,"Georgia","Union County",5,10,219,115,104
050,13,291,"Georgia","Union County",5,11,226,108,118
050,13,291,"Georgia","Union County",5,12,227,101,126
050,13,291,"Georgia","Union County",5,13,243,119,124
050,13,291,"Georgia","Union County",5,14,253,132,121
050,13,291,"Georgia","Union County",5,15,276,135,141
050,13,291,"Georgia","Union County",5,16,284,149,135
050,13,291,"Georgia","Union County",5,17,276,150,126
050,13,291,"Georgia","Union County",5,18,237,131,106
050,13,291,"Georgia","Union County",5,19,194,112,82
050,13,291,"Georgia","Union County",5,20,222,132,90
050,13,291,"Georgia","Union County",5,21,222,125,97
050,13,291,"Georgia","Union County",5,22,212,117,95
050,13,291,"Georgia","Union County",5,23,269,150,119
050,13,291,"Georgia","Union County",5,24,246,134,112
050,13,291,"Georgia","Union County",5,25,219,124,95
050,13,291,"Georgia","Union County",5,26,232,118,114
050,13,291,"Georgia","Union County",5,27,216,112,104
050,13,291,"Georgia","Union County",5,28,195,91,104
050,13,291,"Georgia","Union County",5,29,202,108,94
050,13,291,"Georgia","Union County",5,30,226,106,120
050,13,291,"Georgia","Union County",5,31,261,123,138
050,13,291,"Georgia","Union County",5,32,234,105,129
050,13,291,"Georgia","Union County",5,33,236,117,119
050,13,291,"Georgia","Union County",5,34,266,141,125
050,13,291,"Georgia","Union County",5,35,223,117,106
050,13,291,"Georgia","Union County",5,36,202,100,102
050,13,291,"Georgia","Union County",5,37,226,108,118
050,13,291,"Georgia","Union County",5,38,229,120,109
050,13,291,"Georgia","Union County",5,39,239,130,109
050,13,291,"Georgia","Union County",5,40,240,125,115
050,13,291,"Georgia","Union County",5,41,265,128,137
050,13,291,"Georgia","Union County",5,42,255,124,131
050,13,291,"Georgia","Union County",5,43,253,117,136
050,13,291,"Georgia","Union County",5,44,251,124,127
050,13,291,"Georgia","Union County",5,45,243,128,115
050,13,291,"Georgia","Union County",5,46,250,122,128
050,13,291,"Georgia","Union County",5,47,233,109,124
050,13,291,"Georgia","Union County",5,48,243,111,132
050,13,291,"Georgia","Union County",5,49,252,123,129
050,13,291,"Georgia","Union County",5,50,246,114,132
050,13,291,"Georgia","Union County",5,51,283,141,142
050,13,291,"Georgia","Union County",5,52,318,154,164
050,13,291,"Georgia","Union County",5,53,301,140,161
050,13,291,"Georgia","Union County",5,54,331,158,173
050,13,291,"Georgia","Union County",5,55,344,148,196
050,13,291,"Georgia","Union County",5,56,357,152,205
050,13,291,"Georgia","Union County",5,57,375,172,203
050,13,291,"Georgia","Union County",5,58,407,190,217
050,13,291,"Georgia","Union County",5,59,440,215,225
050,13,291,"Georgia","Union County",5,60,481,225,256
050,13,291,"Georgia","Union County",5,61,521,237,284
050,13,291,"Georgia","Union County",5,62,551,266,285
050,13,291,"Georgia","Union County",5,63,568,270,298
050,13,291,"Georgia","Union County",5,64,588,287,301
050,13,291,"Georgia","Union County",5,65,587,277,310
050,13,291,"Georgia","Union County",5,66,563,283,280
050,13,291,"Georgia","Union County",5,67,587,283,304
050,13,291,"Georgia","Union County",5,68,558,244,314
050,13,291,"Georgia","Union County",5,69,577,295,282
050,13,291,"Georgia","Union County",5,70,573,275,298
050,13,291,"Georgia","Union County",5,71,546,264,282
050,13,291,"Georgia","Union County",5,72,532,254,278
050,13,291,"Georgia","Union County",5,73,520,263,257
050,13,291,"Georgia","Union County",5,74,509,256,253
050,13,291,"Georgia","Union County",5,75,520,246,274
050,13,291,"Georgia","Union County",5,76,508,245,263
050,13,291,"Georgia","Union County",5,77,328,171,157
050,13,291,"Georgia","Union County",5,78,319,153,166
050,13,291,"Georgia","Union County",5,79,313,155,158
050,13,291,"Georgia","Union County",5,80,297,145,152
050,13,291,"Georgia","Union County",5,81,221,115,106
050,13,291,"Georgia","Union County",5,82,204,98,106
050,13,291,"Georgia","Union County",5,83,191,101,90
050,13,291,"Georgia","Union County",5,84,146,77,69
050,13,291,"Georgia","Union County",5,85,863,345,518
050,13,293,"Georgia","Upson County",1,0,308,159,149
050,13,293,"Georgia","Upson County",1,1,310,165,145
050,13,293,"Georgia","Upson County",1,2,341,170,171
050,13,293,"Georgia","Upson County",1,3,367,196,171
050,13,293,"Georgia","Upson County",1,4,353,186,167
050,13,293,"Georgia","Upson County",1,5,381,195,186
050,13,293,"Georgia","Upson County",1,6,346,170,176
050,13,293,"Georgia","Upson County",1,7,359,165,194
050,13,293,"Georgia","Upson County",1,8,339,157,182
050,13,293,"Georgia","Upson County",1,9,363,180,183
050,13,293,"Georgia","Upson County",1,10,369,193,176
050,13,293,"Georgia","Upson County",1,11,348,178,170
050,13,293,"Georgia","Upson County",1,12,340,168,172
050,13,293,"Georgia","Upson County",1,13,379,191,188
050,13,293,"Georgia","Upson County",1,14,383,185,198
050,13,293,"Georgia","Upson County",1,15,337,160,177
050,13,293,"Georgia","Upson County",1,16,340,172,168
050,13,293,"Georgia","Upson County",1,17,339,173,166
050,13,293,"Georgia","Upson County",1,18,309,162,147
050,13,293,"Georgia","Upson County",1,19,270,133,137
050,13,293,"Georgia","Upson County",1,20,304,150,154
050,13,293,"Georgia","Upson County",1,21,305,149,156
050,13,293,"Georgia","Upson County",1,22,321,157,164
050,13,293,"Georgia","Upson County",1,23,321,156,165
050,13,293,"Georgia","Upson County",1,24,335,154,181
050,13,293,"Georgia","Upson County",1,25,357,173,184
050,13,293,"Georgia","Upson County",1,26,356,178,178
050,13,293,"Georgia","Upson County",1,27,375,185,190
050,13,293,"Georgia","Upson County",1,28,382,186,196
050,13,293,"Georgia","Upson County",1,29,376,174,202
050,13,293,"Georgia","Upson County",1,30,361,164,197
050,13,293,"Georgia","Upson County",1,31,344,167,177
050,13,293,"Georgia","Upson County",1,32,299,149,150
050,13,293,"Georgia","Upson County",1,33,300,140,160
050,13,293,"Georgia","Upson County",1,34,302,136,166
050,13,293,"Georgia","Upson County",1,35,291,132,159
050,13,293,"Georgia","Upson County",1,36,284,140,144
050,13,293,"Georgia","Upson County",1,37,279,129,150
050,13,293,"Georgia","Upson County",1,38,324,142,182
050,13,293,"Georgia","Upson County",1,39,313,161,152
050,13,293,"Georgia","Upson County",1,40,320,151,169
050,13,293,"Georgia","Upson County",1,41,309,141,168
050,13,293,"Georgia","Upson County",1,42,332,168,164
050,13,293,"Georgia","Upson County",1,43,337,171,166
050,13,293,"Georgia","Upson County",1,44,320,154,166
050,13,293,"Georgia","Upson County",1,45,313,141,172
050,13,293,"Georgia","Upson County",1,46,318,147,171
050,13,293,"Georgia","Upson County",1,47,331,162,169
050,13,293,"Georgia","Upson County",1,48,376,180,196
050,13,293,"Georgia","Upson County",1,49,382,182,200
050,13,293,"Georgia","Upson County",1,50,401,203,198
050,13,293,"Georgia","Upson County",1,51,334,157,177
050,13,293,"Georgia","Upson County",1,52,344,154,190
050,13,293,"Georgia","Upson County",1,53,370,189,181
050,13,293,"Georgia","Upson County",1,54,394,197,197
050,13,293,"Georgia","Upson County",1,55,398,191,207
050,13,293,"Georgia","Upson County",1,56,389,194,195
050,13,293,"Georgia","Upson County",1,57,399,198,201
050,13,293,"Georgia","Upson County",1,58,443,212,231
050,13,293,"Georgia","Upson County",1,59,441,208,233
050,13,293,"Georgia","Upson County",1,60,399,185,214
050,13,293,"Georgia","Upson County",1,61,379,177,202
050,13,293,"Georgia","Upson County",1,62,392,194,198
050,13,293,"Georgia","Upson County",1,63,386,186,200
050,13,293,"Georgia","Upson County",1,64,367,165,202
050,13,293,"Georgia","Upson County",1,65,376,173,203
050,13,293,"Georgia","Upson County",1,66,348,166,182
050,13,293,"Georgia","Upson County",1,67,311,154,157
050,13,293,"Georgia","Upson County",1,68,343,168,175
050,13,293,"Georgia","Upson County",1,69,312,144,168
050,13,293,"Georgia","Upson County",1,70,299,127,172
050,13,293,"Georgia","Upson County",1,71,291,132,159
050,13,293,"Georgia","Upson County",1,72,291,140,151
050,13,293,"Georgia","Upson County",1,73,286,112,174
050,13,293,"Georgia","Upson County",1,74,217,98,119
050,13,293,"Georgia","Upson County",1,75,200,90,110
050,13,293,"Georgia","Upson County",1,76,206,87,119
050,13,293,"Georgia","Upson County",1,77,211,67,144
050,13,293,"Georgia","Upson County",1,78,182,77,105
050,13,293,"Georgia","Upson County",1,79,156,74,82
050,13,293,"Georgia","Upson County",1,80,157,66,91
050,13,293,"Georgia","Upson County",1,81,141,59,82
050,13,293,"Georgia","Upson County",1,82,109,44,65
050,13,293,"Georgia","Upson County",1,83,108,43,65
050,13,293,"Georgia","Upson County",1,84,95,32,63
050,13,293,"Georgia","Upson County",1,85,477,152,325
050,13,293,"Georgia","Upson County",2,0,319,168,151
050,13,293,"Georgia","Upson County",2,1,311,164,147
050,13,293,"Georgia","Upson County",2,2,337,171,166
050,13,293,"Georgia","Upson County",2,3,360,188,172
050,13,293,"Georgia","Upson County",2,4,357,187,170
050,13,293,"Georgia","Upson County",2,5,371,189,182
050,13,293,"Georgia","Upson County",2,6,355,176,179
050,13,293,"Georgia","Upson County",2,7,357,167,190
050,13,293,"Georgia","Upson County",2,8,343,158,185
050,13,293,"Georgia","Upson County",2,9,357,176,181
050,13,293,"Georgia","Upson County",2,10,369,190,179
050,13,293,"Georgia","Upson County",2,11,351,179,172
050,13,293,"Georgia","Upson County",2,12,346,172,174
050,13,293,"Georgia","Upson County",2,13,372,185,187
050,13,293,"Georgia","Upson County",2,14,381,185,196
050,13,293,"Georgia","Upson County",2,15,349,167,182
050,13,293,"Georgia","Upson County",2,16,341,171,170
050,13,293,"Georgia","Upson County",2,17,339,173,166
050,13,293,"Georgia","Upson County",2,18,304,160,144
050,13,293,"Georgia","Upson County",2,19,269,134,135
050,13,293,"Georgia","Upson County",2,20,307,150,157
050,13,293,"Georgia","Upson County",2,21,312,152,160
050,13,293,"Georgia","Upson County",2,22,323,159,164
050,13,293,"Georgia","Upson County",2,23,329,159,170
050,13,293,"Georgia","Upson County",2,24,336,156,180
050,13,293,"Georgia","Upson County",2,25,354,169,185
050,13,293,"Georgia","Upson County",2,26,359,178,181
050,13,293,"Georgia","Upson County",2,27,372,183,189
050,13,293,"Georgia","Upson County",2,28,382,188,194
050,13,293,"Georgia","Upson County",2,29,377,176,201
050,13,293,"Georgia","Upson County",2,30,369,168,201
050,13,293,"Georgia","Upson County",2,31,346,166,180
050,13,293,"Georgia","Upson County",2,32,313,156,157
050,13,293,"Georgia","Upson County",2,33,300,142,158
050,13,293,"Georgia","Upson County",2,34,300,135,165
050,13,293,"Georgia","Upson County",2,35,295,133,162
050,13,293,"Georgia","Upson County",2,36,283,135,148
050,13,293,"Georgia","Upson County",2,37,281,131,150
050,13,293,"Georgia","Upson County",2,38,315,141,174
050,13,293,"Georgia","Upson County",2,39,314,156,158
050,13,293,"Georgia","Upson County",2,40,322,156,166
050,13,293,"Georgia","Upson County",2,41,310,144,166
050,13,293,"Georgia","Upson County",2,42,325,160,165
050,13,293,"Georgia","Upson County",2,43,340,172,168
050,13,293,"Georgia","Upson County",2,44,322,158,164
050,13,293,"Georgia","Upson County",2,45,315,143,172
050,13,293,"Georgia","Upson County",2,46,316,145,171
050,13,293,"Georgia","Upson County",2,47,329,159,170
050,13,293,"Georgia","Upson County",2,48,364,175,189
050,13,293,"Georgia","Upson County",2,49,385,184,201
050,13,293,"Georgia","Upson County",2,50,396,199,197
050,13,293,"Georgia","Upson County",2,51,349,169,180
050,13,293,"Georgia","Upson County",2,52,342,156,186
050,13,293,"Georgia","Upson County",2,53,364,180,184
050,13,293,"Georgia","Upson County",2,54,388,195,193
050,13,293,"Georgia","Upson County",2,55,398,193,205
050,13,293,"Georgia","Upson County",2,56,389,192,197
050,13,293,"Georgia","Upson County",2,57,398,199,199
050,13,293,"Georgia","Upson County",2,58,428,205,223
050,13,293,"Georgia","Upson County",2,59,443,209,234
050,13,293,"Georgia","Upson County",2,60,407,192,215
050,13,293,"Georgia","Upson County",2,61,381,178,203
050,13,293,"Georgia","Upson County",2,62,388,189,199
050,13,293,"Georgia","Upson County",2,63,391,190,201
050,13,293,"Georgia","Upson County",2,64,372,170,202
050,13,293,"Georgia","Upson County",2,65,376,173,203
050,13,293,"Georgia","Upson County",2,66,356,168,188
050,13,293,"Georgia","Upson County",2,67,320,157,163
050,13,293,"Georgia","Upson County",2,68,334,165,169
050,13,293,"Georgia","Upson County",2,69,315,147,168
050,13,293,"Georgia","Upson County",2,70,300,130,170
050,13,293,"Georgia","Upson County",2,71,291,130,161
050,13,293,"Georgia","Upson County",2,72,286,134,152
050,13,293,"Georgia","Upson County",2,73,298,124,174
050,13,293,"Georgia","Upson County",2,74,212,91,121
050,13,293,"Georgia","Upson County",2,75,202,92,110
050,13,293,"Georgia","Upson County",2,76,202,86,116
050,13,293,"Georgia","Upson County",2,77,216,74,142
050,13,293,"Georgia","Upson County",2,78,183,73,110
050,13,293,"Georgia","Upson County",2,79,157,73,84
050,13,293,"Georgia","Upson County",2,80,153,66,87
050,13,293,"Georgia","Upson County",2,81,141,59,82
050,13,293,"Georgia","Upson County",2,82,115,48,67
050,13,293,"Georgia","Upson County",2,83,107,42,65
050,13,293,"Georgia","Upson County",2,84,94,33,61
050,13,293,"Georgia","Upson County",2,85,470,149,321
050,13,293,"Georgia","Upson County",3,0,323,144,179
050,13,293,"Georgia","Upson County",3,1,331,169,162
050,13,293,"Georgia","Upson County",3,2,308,165,143
050,13,293,"Georgia","Upson County",3,3,344,175,169
050,13,293,"Georgia","Upson County",3,4,357,183,174
050,13,293,"Georgia","Upson County",3,5,355,187,168
050,13,293,"Georgia","Upson County",3,6,376,187,189
050,13,293,"Georgia","Upson County",3,7,356,172,184
050,13,293,"Georgia","Upson County",3,8,357,165,192
050,13,293,"Georgia","Upson County",3,9,339,163,176
050,13,293,"Georgia","Upson County",3,10,357,173,184
050,13,293,"Georgia","Upson County",3,11,377,191,186
050,13,293,"Georgia","Upson County",3,12,359,184,175
050,13,293,"Georgia","Upson County",3,13,347,172,175
050,13,293,"Georgia","Upson County",3,14,386,195,191
050,13,293,"Georgia","Upson County",3,15,383,180,203
050,13,293,"Georgia","Upson County",3,16,351,172,179
050,13,293,"Georgia","Upson County",3,17,347,178,169
050,13,293,"Georgia","Upson County",3,18,291,148,143
050,13,293,"Georgia","Upson County",3,19,257,129,128
050,13,293,"Georgia","Upson County",3,20,298,146,152
050,13,293,"Georgia","Upson County",3,21,321,156,165
050,13,293,"Georgia","Upson County",3,22,330,151,179
050,13,293,"Georgia","Upson County",3,23,345,166,179
050,13,293,"Georgia","Upson County",3,24,323,159,164
050,13,293,"Georgia","Upson County",3,25,320,153,167
050,13,293,"Georgia","Upson County",3,26,345,163,182
050,13,293,"Georgia","Upson County",3,27,364,180,184
050,13,293,"Georgia","Upson County",3,28,376,186,190
050,13,293,"Georgia","Upson County",3,29,368,181,187
050,13,293,"Georgia","Upson County",3,30,376,181,195
050,13,293,"Georgia","Upson County",3,31,375,169,206
050,13,293,"Georgia","Upson County",3,32,343,163,180
050,13,293,"Georgia","Upson County",3,33,305,158,147
050,13,293,"Georgia","Upson County",3,34,302,140,162
050,13,293,"Georgia","Upson County",3,35,299,135,164
050,13,293,"Georgia","Upson County",3,36,303,142,161
050,13,293,"Georgia","Upson County",3,37,288,138,150
050,13,293,"Georgia","Upson County",3,38,277,128,149
050,13,293,"Georgia","Upson County",3,39,316,142,174
050,13,293,"Georgia","Upson County",3,40,318,158,160
050,13,293,"Georgia","Upson County",3,41,332,162,170
050,13,293,"Georgia","Upson County",3,42,315,144,171
050,13,293,"Georgia","Upson County",3,43,317,148,169
050,13,293,"Georgia","Upson County",3,44,344,181,163
050,13,293,"Georgia","Upson County",3,45,328,159,169
050,13,293,"Georgia","Upson County",3,46,315,143,172
050,13,293,"Georgia","Upson County",3,47,316,144,172
050,13,293,"Georgia","Upson County",3,48,332,156,176
050,13,293,"Georgia","Upson County",3,49,350,171,179
050,13,293,"Georgia","Upson County",3,50,392,187,205
050,13,293,"Georgia","Upson County",3,51,394,205,189
050,13,293,"Georgia","Upson County",3,52,351,170,181
050,13,293,"Georgia","Upson County",3,53,335,151,184
050,13,293,"Georgia","Upson County",3,54,355,173,182
050,13,293,"Georgia","Upson County",3,55,388,194,194
050,13,293,"Georgia","Upson County",3,56,402,196,206
050,13,293,"Georgia","Upson County",3,57,392,190,202
050,13,293,"Georgia","Upson County",3,58,405,201,204
050,13,293,"Georgia","Upson County",3,59,412,197,215
050,13,293,"Georgia","Upson County",3,60,437,203,234
050,13,293,"Georgia","Upson County",3,61,409,190,219
050,13,293,"Georgia","Upson County",3,62,376,176,200
050,13,293,"Georgia","Upson County",3,63,375,179,196
050,13,293,"Georgia","Upson County",3,64,382,182,200
050,13,293,"Georgia","Upson County",3,65,368,171,197
050,13,293,"Georgia","Upson County",3,66,358,164,194
050,13,293,"Georgia","Upson County",3,67,345,168,177
050,13,293,"Georgia","Upson County",3,68,309,142,167
050,13,293,"Georgia","Upson County",3,69,319,160,159
050,13,293,"Georgia","Upson County",3,70,305,141,164
050,13,293,"Georgia","Upson County",3,71,281,119,162
050,13,293,"Georgia","Upson County",3,72,278,123,155
050,13,293,"Georgia","Upson County",3,73,267,125,142
050,13,293,"Georgia","Upson County",3,74,283,115,168
050,13,293,"Georgia","Upson County",3,75,200,83,117
050,13,293,"Georgia","Upson County",3,76,191,82,109
050,13,293,"Georgia","Upson County",3,77,203,82,121
050,13,293,"Georgia","Upson County",3,78,199,69,130
050,13,293,"Georgia","Upson County",3,79,161,57,104
050,13,293,"Georgia","Upson County",3,80,137,68,69
050,13,293,"Georgia","Upson County",3,81,138,55,83
050,13,293,"Georgia","Upson County",3,82,126,58,68
050,13,293,"Georgia","Upson County",3,83,102,39,63
050,13,293,"Georgia","Upson County",3,84,96,36,60
050,13,293,"Georgia","Upson County",3,85,476,152,324
050,13,293,"Georgia","Upson County",4,0,327,169,158
050,13,293,"Georgia","Upson County",4,1,367,163,204
050,13,293,"Georgia","Upson County",4,2,318,161,157
050,13,293,"Georgia","Upson County",4,3,318,176,142
050,13,293,"Georgia","Upson County",4,4,340,173,167
050,13,293,"Georgia","Upson County",4,5,357,190,167
050,13,293,"Georgia","Upson County",4,6,358,182,176
050,13,293,"Georgia","Upson County",4,7,381,196,185
050,13,293,"Georgia","Upson County",4,8,358,175,183
050,13,293,"Georgia","Upson County",4,9,366,169,197
050,13,293,"Georgia","Upson County",4,10,349,165,184
050,13,293,"Georgia","Upson County",4,11,369,181,188
050,13,293,"Georgia","Upson County",4,12,378,193,185
050,13,293,"Georgia","Upson County",4,13,366,186,180
050,13,293,"Georgia","Upson County",4,14,349,178,171
050,13,293,"Georgia","Upson County",4,15,388,197,191
050,13,293,"Georgia","Upson County",4,16,392,189,203
050,13,293,"Georgia","Upson County",4,17,358,176,182
050,13,293,"Georgia","Upson County",4,18,302,150,152
050,13,293,"Georgia","Upson County",4,19,240,120,120
050,13,293,"Georgia","Upson County",4,20,284,150,134
050,13,293,"Georgia","Upson County",4,21,325,163,162
050,13,293,"Georgia","Upson County",4,22,358,168,190
050,13,293,"Georgia","Upson County",4,23,351,162,189
050,13,293,"Georgia","Upson County",4,24,350,164,186
050,13,293,"Georgia","Upson County",4,25,342,167,175
050,13,293,"Georgia","Upson County",4,26,328,148,180
050,13,293,"Georgia","Upson County",4,27,340,153,187
050,13,293,"Georgia","Upson County",4,28,376,195,181
050,13,293,"Georgia","Upson County",4,29,395,187,208
050,13,293,"Georgia","Upson County",4,30,392,193,199
050,13,293,"Georgia","Upson County",4,31,402,188,214
050,13,293,"Georgia","Upson County",4,32,380,175,205
050,13,293,"Georgia","Upson County",4,33,351,163,188
050,13,293,"Georgia","Upson County",4,34,314,167,147
050,13,293,"Georgia","Upson County",4,35,308,144,164
050,13,293,"Georgia","Upson County",4,36,301,137,164
050,13,293,"Georgia","Upson County",4,37,312,143,169
050,13,293,"Georgia","Upson County",4,38,304,147,157
050,13,293,"Georgia","Upson County",4,39,289,141,148
050,13,293,"Georgia","Upson County",4,40,323,145,178
050,13,293,"Georgia","Upson County",4,41,323,164,159
050,13,293,"Georgia","Upson County",4,42,319,150,169
050,13,293,"Georgia","Upson County",4,43,335,156,179
050,13,293,"Georgia","Upson County",4,44,322,158,164
050,13,293,"Georgia","Upson County",4,45,333,174,159
050,13,293,"Georgia","Upson County",4,46,336,160,176
050,13,293,"Georgia","Upson County",4,47,316,147,169
050,13,293,"Georgia","Upson County",4,48,326,143,183
050,13,293,"Georgia","Upson County",4,49,348,164,184
050,13,293,"Georgia","Upson County",4,50,371,185,186
050,13,293,"Georgia","Upson County",4,51,398,185,213
050,13,293,"Georgia","Upson County",4,52,415,217,198
050,13,293,"Georgia","Upson County",4,53,357,170,187
050,13,293,"Georgia","Upson County",4,54,336,155,181
050,13,293,"Georgia","Upson County",4,55,361,174,187
050,13,293,"Georgia","Upson County",4,56,385,195,190
050,13,293,"Georgia","Upson County",4,57,409,200,209
050,13,293,"Georgia","Upson County",4,58,387,187,200
050,13,293,"Georgia","Upson County",4,59,398,194,204
050,13,293,"Georgia","Upson County",4,60,408,191,217
050,13,293,"Georgia","Upson County",4,61,439,205,234
050,13,293,"Georgia","Upson County",4,62,399,188,211
050,13,293,"Georgia","Upson County",4,63,364,169,195
050,13,293,"Georgia","Upson County",4,64,363,166,197
050,13,293,"Georgia","Upson County",4,65,369,176,193
050,13,293,"Georgia","Upson County",4,66,366,166,200
050,13,293,"Georgia","Upson County",4,67,353,162,191
050,13,293,"Georgia","Upson County",4,68,330,158,172
050,13,293,"Georgia","Upson County",4,69,297,136,161
050,13,293,"Georgia","Upson County",4,70,313,152,161
050,13,293,"Georgia","Upson County",4,71,294,134,160
050,13,293,"Georgia","Upson County",4,72,268,113,155
050,13,293,"Georgia","Upson County",4,73,270,115,155
050,13,293,"Georgia","Upson County",4,74,256,122,134
050,13,293,"Georgia","Upson County",4,75,268,112,156
050,13,293,"Georgia","Upson County",4,76,201,82,119
050,13,293,"Georgia","Upson County",4,77,191,77,114
050,13,293,"Georgia","Upson County",4,78,192,79,113
050,13,293,"Georgia","Upson County",4,79,182,59,123
050,13,293,"Georgia","Upson County",4,80,143,52,91
050,13,293,"Georgia","Upson County",4,81,123,62,61
050,13,293,"Georgia","Upson County",4,82,126,51,75
050,13,293,"Georgia","Upson County",4,83,117,52,65
050,13,293,"Georgia","Upson County",4,84,89,33,56
050,13,293,"Georgia","Upson County",4,85,491,163,328
050,13,293,"Georgia","Upson County",5,0,328,169,159
050,13,293,"Georgia","Upson County",5,1,328,170,158
050,13,293,"Georgia","Upson County",5,2,371,167,204
050,13,293,"Georgia","Upson County",5,3,320,171,149
050,13,293,"Georgia","Upson County",5,4,307,170,137
050,13,293,"Georgia","Upson County",5,5,347,174,173
050,13,293,"Georgia","Upson County",5,6,364,192,172
050,13,293,"Georgia","Upson County",5,7,361,183,178
050,13,293,"Georgia","Upson County",5,8,389,196,193
050,13,293,"Georgia","Upson County",5,9,355,178,177
050,13,293,"Georgia","Upson County",5,10,377,174,203
050,13,293,"Georgia","Upson County",5,11,344,162,182
050,13,293,"Georgia","Upson County",5,12,371,182,189
050,13,293,"Georgia","Upson County",5,13,382,199,183
050,13,293,"Georgia","Upson County",5,14,380,195,185
050,13,293,"Georgia","Upson County",5,15,346,171,175
050,13,293,"Georgia","Upson County",5,16,397,204,193
050,13,293,"Georgia","Upson County",5,17,391,188,203
050,13,293,"Georgia","Upson County",5,18,294,153,141
050,13,293,"Georgia","Upson County",5,19,258,129,129
050,13,293,"Georgia","Upson County",5,20,259,130,129
050,13,293,"Georgia","Upson County",5,21,304,152,152
050,13,293,"Georgia","Upson County",5,22,345,167,178
050,13,293,"Georgia","Upson County",5,23,387,175,212
050,13,293,"Georgia","Upson County",5,24,346,162,184
050,13,293,"Georgia","Upson County",5,25,365,170,195
050,13,293,"Georgia","Upson County",5,26,366,184,182
050,13,293,"Georgia","Upson County",5,27,329,151,178
050,13,293,"Georgia","Upson County",5,28,351,163,188
050,13,293,"Georgia","Upson County",5,29,382,197,185
050,13,293,"Georgia","Upson County",5,30,410,200,210
050,13,293,"Georgia","Upson County",5,31,397,201,196
050,13,293,"Georgia","Upson County",5,32,408,190,218
050,13,293,"Georgia","Upson County",5,33,375,171,204
050,13,293,"Georgia","Upson County",5,34,351,164,187
050,13,293,"Georgia","Upson County",5,35,309,161,148
050,13,293,"Georgia","Upson County",5,36,306,135,171
050,13,293,"Georgia","Upson County",5,37,306,137,169
050,13,293,"Georgia","Upson County",5,38,310,142,168
050,13,293,"Georgia","Upson County",5,39,314,152,162
050,13,293,"Georgia","Upson County",5,40,295,147,148
050,13,293,"Georgia","Upson County",5,41,332,148,184
050,13,293,"Georgia","Upson County",5,42,319,160,159
050,13,293,"Georgia","Upson County",5,43,337,166,171
050,13,293,"Georgia","Upson County",5,44,333,163,170
050,13,293,"Georgia","Upson County",5,45,319,154,165
050,13,293,"Georgia","Upson County",5,46,352,178,174
050,13,293,"Georgia","Upson County",5,47,345,162,183
050,13,293,"Georgia","Upson County",5,48,330,148,182
050,13,293,"Georgia","Upson County",5,49,320,150,170
050,13,293,"Georgia","Upson County",5,50,358,168,190
050,13,293,"Georgia","Upson County",5,51,359,180,179
050,13,293,"Georgia","Upson County",5,52,400,185,215
050,13,293,"Georgia","Upson County",5,53,416,216,200
050,13,293,"Georgia","Upson County",5,54,366,181,185
050,13,293,"Georgia","Upson County",5,55,337,155,182
050,13,293,"Georgia","Upson County",5,56,363,175,188
050,13,293,"Georgia","Upson County",5,57,385,196,189
050,13,293,"Georgia","Upson County",5,58,417,202,215
050,13,293,"Georgia","Upson County",5,59,374,181,193
050,13,293,"Georgia","Upson County",5,60,395,193,202
050,13,293,"Georgia","Upson County",5,61,400,189,211
050,13,293,"Georgia","Upson County",5,62,433,204,229
050,13,293,"Georgia","Upson County",5,63,390,184,206
050,13,293,"Georgia","Upson County",5,64,355,161,194
050,13,293,"Georgia","Upson County",5,65,350,165,185
050,13,293,"Georgia","Upson County",5,66,353,166,187
050,13,293,"Georgia","Upson County",5,67,358,167,191
050,13,293,"Georgia","Upson County",5,68,353,157,196
050,13,293,"Georgia","Upson County",5,69,316,155,161
050,13,293,"Georgia","Upson County",5,70,292,128,164
050,13,293,"Georgia","Upson County",5,71,293,144,149
050,13,293,"Georgia","Upson County",5,72,282,127,155
050,13,293,"Georgia","Upson County",5,73,264,109,155
050,13,293,"Georgia","Upson County",5,74,263,109,154
050,13,293,"Georgia","Upson County",5,75,237,116,121
050,13,293,"Georgia","Upson County",5,76,268,110,158
050,13,293,"Georgia","Upson County",5,77,194,77,117
050,13,293,"Georgia","Upson County",5,78,181,75,106
050,13,293,"Georgia","Upson County",5,79,173,70,103
050,13,293,"Georgia","Upson County",5,80,166,56,110
050,13,293,"Georgia","Upson County",5,81,132,47,85
050,13,293,"Georgia","Upson County",5,82,111,58,53
050,13,293,"Georgia","Upson County",5,83,114,44,70
050,13,293,"Georgia","Upson County",5,84,101,45,56
050,13,293,"Georgia","Upson County",5,85,502,169,333
050,13,295,"Georgia","Walker County",1,0,699,359,340
050,13,295,"Georgia","Walker County",1,1,704,335,369
050,13,295,"Georgia","Walker County",1,2,794,410,384
050,13,295,"Georgia","Walker County",1,3,729,369,360
050,13,295,"Georgia","Walker County",1,4,795,396,399
050,13,295,"Georgia","Walker County",1,5,811,416,395
050,13,295,"Georgia","Walker County",1,6,769,388,381
050,13,295,"Georgia","Walker County",1,7,805,414,391
050,13,295,"Georgia","Walker County",1,8,823,429,394
050,13,295,"Georgia","Walker County",1,9,781,434,347
050,13,295,"Georgia","Walker County",1,10,828,399,429
050,13,295,"Georgia","Walker County",1,11,871,438,433
050,13,295,"Georgia","Walker County",1,12,896,468,428
050,13,295,"Georgia","Walker County",1,13,877,459,418
050,13,295,"Georgia","Walker County",1,14,854,448,406
050,13,295,"Georgia","Walker County",1,15,845,437,408
050,13,295,"Georgia","Walker County",1,16,898,484,414
050,13,295,"Georgia","Walker County",1,17,874,461,413
050,13,295,"Georgia","Walker County",1,18,764,409,355
050,13,295,"Georgia","Walker County",1,19,630,342,288
050,13,295,"Georgia","Walker County",1,20,670,353,317
050,13,295,"Georgia","Walker County",1,21,734,395,339
050,13,295,"Georgia","Walker County",1,22,735,396,339
050,13,295,"Georgia","Walker County",1,23,783,406,377
050,13,295,"Georgia","Walker County",1,24,795,412,383
050,13,295,"Georgia","Walker County",1,25,835,433,402
050,13,295,"Georgia","Walker County",1,26,835,420,415
050,13,295,"Georgia","Walker County",1,27,827,430,397
050,13,295,"Georgia","Walker County",1,28,862,440,422
050,13,295,"Georgia","Walker County",1,29,882,452,430
050,13,295,"Georgia","Walker County",1,30,853,428,425
050,13,295,"Georgia","Walker County",1,31,817,388,429
050,13,295,"Georgia","Walker County",1,32,801,379,422
050,13,295,"Georgia","Walker County",1,33,756,397,359
050,13,295,"Georgia","Walker County",1,34,795,385,410
050,13,295,"Georgia","Walker County",1,35,833,413,420
050,13,295,"Georgia","Walker County",1,36,864,432,432
050,13,295,"Georgia","Walker County",1,37,842,415,427
050,13,295,"Georgia","Walker County",1,38,823,389,434
050,13,295,"Georgia","Walker County",1,39,872,435,437
050,13,295,"Georgia","Walker County",1,40,885,446,439
050,13,295,"Georgia","Walker County",1,41,891,437,454
050,13,295,"Georgia","Walker County",1,42,898,438,460
050,13,295,"Georgia","Walker County",1,43,898,454,444
050,13,295,"Georgia","Walker County",1,44,821,426,395
050,13,295,"Georgia","Walker County",1,45,817,405,412
050,13,295,"Georgia","Walker County",1,46,835,426,409
050,13,295,"Georgia","Walker County",1,47,897,435,462
050,13,295,"Georgia","Walker County",1,48,952,494,458
050,13,295,"Georgia","Walker County",1,49,963,496,467
050,13,295,"Georgia","Walker County",1,50,910,466,444
050,13,295,"Georgia","Walker County",1,51,871,439,432
050,13,295,"Georgia","Walker County",1,52,844,420,424
050,13,295,"Georgia","Walker County",1,53,831,409,422
050,13,295,"Georgia","Walker County",1,54,875,445,430
050,13,295,"Georgia","Walker County",1,55,995,503,492
050,13,295,"Georgia","Walker County",1,56,983,513,470
050,13,295,"Georgia","Walker County",1,57,970,499,471
050,13,295,"Georgia","Walker County",1,58,974,476,498
050,13,295,"Georgia","Walker County",1,59,923,447,476
050,13,295,"Georgia","Walker County",1,60,911,455,456
050,13,295,"Georgia","Walker County",1,61,932,464,468
050,13,295,"Georgia","Walker County",1,62,956,479,477
050,13,295,"Georgia","Walker County",1,63,947,447,500
050,13,295,"Georgia","Walker County",1,64,975,463,512
050,13,295,"Georgia","Walker County",1,65,911,450,461
050,13,295,"Georgia","Walker County",1,66,818,391,427
050,13,295,"Georgia","Walker County",1,67,742,340,402
050,13,295,"Georgia","Walker County",1,68,777,352,425
050,13,295,"Georgia","Walker County",1,69,727,314,413
050,13,295,"Georgia","Walker County",1,70,714,334,380
050,13,295,"Georgia","Walker County",1,71,728,334,394
050,13,295,"Georgia","Walker County",1,72,741,344,397
050,13,295,"Georgia","Walker County",1,73,759,355,404
050,13,295,"Georgia","Walker County",1,74,500,224,276
050,13,295,"Georgia","Walker County",1,75,499,226,273
050,13,295,"Georgia","Walker County",1,76,509,220,289
050,13,295,"Georgia","Walker County",1,77,536,246,290
050,13,295,"Georgia","Walker County",1,78,447,188,259
050,13,295,"Georgia","Walker County",1,79,403,171,232
050,13,295,"Georgia","Walker County",1,80,382,164,218
050,13,295,"Georgia","Walker County",1,81,361,152,209
050,13,295,"Georgia","Walker County",1,82,289,121,168
050,13,295,"Georgia","Walker County",1,83,236,98,138
050,13,295,"Georgia","Walker County",1,84,246,94,152
050,13,295,"Georgia","Walker County",1,85,1313,464,849
050,13,295,"Georgia","Walker County",2,0,711,357,354
050,13,295,"Georgia","Walker County",2,1,701,339,362
050,13,295,"Georgia","Walker County",2,2,773,392,381
050,13,295,"Georgia","Walker County",2,3,746,381,365
050,13,295,"Georgia","Walker County",2,4,787,392,395
050,13,295,"Georgia","Walker County",2,5,807,413,394
050,13,295,"Georgia","Walker County",2,6,783,400,383
050,13,295,"Georgia","Walker County",2,7,804,414,390
050,13,295,"Georgia","Walker County",2,8,817,426,391
050,13,295,"Georgia","Walker County",2,9,792,433,359
050,13,295,"Georgia","Walker County",2,10,817,406,411
050,13,295,"Georgia","Walker County",2,11,861,431,430
050,13,295,"Georgia","Walker County",2,12,892,464,428
050,13,295,"Georgia","Walker County",2,13,883,461,422
050,13,295,"Georgia","Walker County",2,14,860,449,411
050,13,295,"Georgia","Walker County",2,15,850,441,409
050,13,295,"Georgia","Walker County",2,16,883,471,412
050,13,295,"Georgia","Walker County",2,17,877,462,415
050,13,295,"Georgia","Walker County",2,18,754,404,350
050,13,295,"Georgia","Walker County",2,19,632,342,290
050,13,295,"Georgia","Walker County",2,20,679,360,319
050,13,295,"Georgia","Walker County",2,21,726,391,335
050,13,295,"Georgia","Walker County",2,22,743,398,345
050,13,295,"Georgia","Walker County",2,23,781,409,372
050,13,295,"Georgia","Walker County",2,24,799,413,386
050,13,295,"Georgia","Walker County",2,25,842,436,406
050,13,295,"Georgia","Walker County",2,26,838,422,416
050,13,295,"Georgia","Walker County",2,27,838,432,406
050,13,295,"Georgia","Walker County",2,28,859,441,418
050,13,295,"Georgia","Walker County",2,29,886,455,431
050,13,295,"Georgia","Walker County",2,30,867,438,429
050,13,295,"Georgia","Walker County",2,31,823,396,427
050,13,295,"Georgia","Walker County",2,32,809,385,424
050,13,295,"Georgia","Walker County",2,33,768,393,375
050,13,295,"Georgia","Walker County",2,34,788,390,398
050,13,295,"Georgia","Walker County",2,35,832,410,422
050,13,295,"Georgia","Walker County",2,36,858,428,430
050,13,295,"Georgia","Walker County",2,37,853,423,430
050,13,295,"Georgia","Walker County",2,38,833,401,432
050,13,295,"Georgia","Walker County",2,39,863,426,437
050,13,295,"Georgia","Walker County",2,40,883,443,440
050,13,295,"Georgia","Walker County",2,41,891,439,452
050,13,295,"Georgia","Walker County",2,42,894,436,458
050,13,295,"Georgia","Walker County",2,43,901,453,448
050,13,295,"Georgia","Walker County",2,44,829,428,401
050,13,295,"Georgia","Walker County",2,45,820,414,406
050,13,295,"Georgia","Walker County",2,46,826,418,408
050,13,295,"Georgia","Walker County",2,47,877,431,446
050,13,295,"Georgia","Walker County",2,48,937,479,458
050,13,295,"Georgia","Walker County",2,49,973,503,470
050,13,295,"Georgia","Walker County",2,50,926,475,451
050,13,295,"Georgia","Walker County",2,51,876,441,435
050,13,295,"Georgia","Walker County",2,52,843,421,422
050,13,295,"Georgia","Walker County",2,53,836,414,422
050,13,295,"Georgia","Walker County",2,54,865,439,426
050,13,295,"Georgia","Walker County",2,55,964,486,478
050,13,295,"Georgia","Walker County",2,56,987,512,475
050,13,295,"Georgia","Walker County",2,57,975,504,471
050,13,295,"Georgia","Walker County",2,58,970,479,491
050,13,295,"Georgia","Walker County",2,59,938,454,484
050,13,295,"Georgia","Walker County",2,60,913,451,462
050,13,295,"Georgia","Walker County",2,61,922,456,466
050,13,295,"Georgia","Walker County",2,62,950,474,476
050,13,295,"Georgia","Walker County",2,63,957,457,500
050,13,295,"Georgia","Walker County",2,64,962,454,508
050,13,295,"Georgia","Walker County",2,65,921,451,470
050,13,295,"Georgia","Walker County",2,66,840,405,435
050,13,295,"Georgia","Walker County",2,67,759,353,406
050,13,295,"Georgia","Walker County",2,68,763,346,417
050,13,295,"Georgia","Walker County",2,69,740,325,415
050,13,295,"Georgia","Walker County",2,70,711,322,389
050,13,295,"Georgia","Walker County",2,71,718,333,385
050,13,295,"Georgia","Walker County",2,72,724,337,387
050,13,295,"Georgia","Walker County",2,73,786,364,422
050,13,295,"Georgia","Walker County",2,74,527,239,288
050,13,295,"Georgia","Walker County",2,75,499,224,275
050,13,295,"Georgia","Walker County",2,76,497,216,281
050,13,295,"Georgia","Walker County",2,77,535,244,291
050,13,295,"Georgia","Walker County",2,78,455,196,259
050,13,295,"Georgia","Walker County",2,79,405,171,234
050,13,295,"Georgia","Walker County",2,80,378,160,218
050,13,295,"Georgia","Walker County",2,81,350,149,201
050,13,295,"Georgia","Walker County",2,82,300,126,174
050,13,295,"Georgia","Walker County",2,83,246,102,144
050,13,295,"Georgia","Walker County",2,84,238,92,146
050,13,295,"Georgia","Walker County",2,85,1316,467,849
050,13,295,"Georgia","Walker County",3,0,674,352,322
050,13,295,"Georgia","Walker County",3,1,767,388,379
050,13,295,"Georgia","Walker County",3,2,735,356,379
050,13,295,"Georgia","Walker County",3,3,789,408,381
050,13,295,"Georgia","Walker County",3,4,776,395,381
050,13,295,"Georgia","Walker County",3,5,822,400,422
050,13,295,"Georgia","Walker County",3,6,840,432,408
050,13,295,"Georgia","Walker County",3,7,804,418,386
050,13,295,"Georgia","Walker County",3,8,816,427,389
050,13,295,"Georgia","Walker County",3,9,811,414,397
050,13,295,"Georgia","Walker County",3,10,799,444,355
050,13,295,"Georgia","Walker County",3,11,807,404,403
050,13,295,"Georgia","Walker County",3,12,887,457,430
050,13,295,"Georgia","Walker County",3,13,924,470,454
050,13,295,"Georgia","Walker County",3,14,911,472,439
050,13,295,"Georgia","Walker County",3,15,851,432,419
050,13,295,"Georgia","Walker County",3,16,850,437,413
050,13,295,"Georgia","Walker County",3,17,889,465,424
050,13,295,"Georgia","Walker County",3,18,751,407,344
050,13,295,"Georgia","Walker County",3,19,628,345,283
050,13,295,"Georgia","Walker County",3,20,708,384,324
050,13,295,"Georgia","Walker County",3,21,771,406,365
050,13,295,"Georgia","Walker County",3,22,755,401,354
050,13,295,"Georgia","Walker County",3,23,804,421,383
050,13,295,"Georgia","Walker County",3,24,801,419,382
050,13,295,"Georgia","Walker County",3,25,841,424,417
050,13,295,"Georgia","Walker County",3,26,868,437,431
050,13,295,"Georgia","Walker County",3,27,868,438,430
050,13,295,"Georgia","Walker County",3,28,850,441,409
050,13,295,"Georgia","Walker County",3,29,888,454,434
050,13,295,"Georgia","Walker County",3,30,904,470,434
050,13,295,"Georgia","Walker County",3,31,869,436,433
050,13,295,"Georgia","Walker County",3,32,842,414,428
050,13,295,"Georgia","Walker County",3,33,831,387,444
050,13,295,"Georgia","Walker County",3,34,802,400,402
050,13,295,"Georgia","Walker County",3,35,781,393,388
050,13,295,"Georgia","Walker County",3,36,844,422,422
050,13,295,"Georgia","Walker County",3,37,847,426,421
050,13,295,"Georgia","Walker County",3,38,865,421,444
050,13,295,"Georgia","Walker County",3,39,844,407,437
050,13,295,"Georgia","Walker County",3,40,870,436,434
050,13,295,"Georgia","Walker County",3,41,886,437,449
050,13,295,"Georgia","Walker County",3,42,923,450,473
050,13,295,"Georgia","Walker County",3,43,894,442,452
050,13,295,"Georgia","Walker County",3,44,896,438,458
050,13,295,"Georgia","Walker County",3,45,825,428,397
050,13,295,"Georgia","Walker County",3,46,831,417,414
050,13,295,"Georgia","Walker County",3,47,816,406,410
050,13,295,"Georgia","Walker County",3,48,881,429,452
050,13,295,"Georgia","Walker County",3,49,960,493,467
050,13,295,"Georgia","Walker County",3,50,956,491,465
050,13,295,"Georgia","Walker County",3,51,936,478,458
050,13,295,"Georgia","Walker County",3,52,876,441,435
050,13,295,"Georgia","Walker County",3,53,878,439,439
050,13,295,"Georgia","Walker County",3,54,839,430,409
050,13,295,"Georgia","Walker County",3,55,864,433,431
050,13,295,"Georgia","Walker County",3,56,955,483,472
050,13,295,"Georgia","Walker County",3,57,981,507,474
050,13,295,"Georgia","Walker County",3,58,970,492,478
050,13,295,"Georgia","Walker County",3,59,971,482,489
050,13,295,"Georgia","Walker County",3,60,920,454,466
050,13,295,"Georgia","Walker County",3,61,903,441,462
050,13,295,"Georgia","Walker County",3,62,901,444,457
050,13,295,"Georgia","Walker County",3,63,932,456,476
050,13,295,"Georgia","Walker County",3,64,976,463,513
050,13,295,"Georgia","Walker County",3,65,923,430,493
050,13,295,"Georgia","Walker County",3,66,917,445,472
050,13,295,"Georgia","Walker County",3,67,838,403,435
050,13,295,"Georgia","Walker County",3,68,752,354,398
050,13,295,"Georgia","Walker County",3,69,762,348,414
050,13,295,"Georgia","Walker County",3,70,720,313,407
050,13,295,"Georgia","Walker County",3,71,687,309,378
050,13,295,"Georgia","Walker County",3,72,701,331,370
050,13,295,"Georgia","Walker County",3,73,699,314,385
050,13,295,"Georgia","Walker County",3,74,769,352,417
050,13,295,"Georgia","Walker County",3,75,503,226,277
050,13,295,"Georgia","Walker County",3,76,487,216,271
050,13,295,"Georgia","Walker County",3,77,476,212,264
050,13,295,"Georgia","Walker County",3,78,509,231,278
050,13,295,"Georgia","Walker County",3,79,421,183,238
050,13,295,"Georgia","Walker County",3,80,381,156,225
050,13,295,"Georgia","Walker County",3,81,356,146,210
050,13,295,"Georgia","Walker County",3,82,312,140,172
050,13,295,"Georgia","Walker County",3,83,275,105,170
050,13,295,"Georgia","Walker County",3,84,224,95,129
050,13,295,"Georgia","Walker County",3,85,1351,478,873
050,13,295,"Georgia","Walker County",4,0,766,389,377
050,13,295,"Georgia","Walker County",4,1,668,347,321
050,13,295,"Georgia","Walker County",4,2,760,378,382
050,13,295,"Georgia","Walker County",4,3,740,359,381
050,13,295,"Georgia","Walker County",4,4,825,426,399
050,13,295,"Georgia","Walker County",4,5,788,401,387
050,13,295,"Georgia","Walker County",4,6,831,420,411
050,13,295,"Georgia","Walker County",4,7,841,425,416
050,13,295,"Georgia","Walker County",4,8,808,418,390
050,13,295,"Georgia","Walker County",4,9,841,439,402
050,13,295,"Georgia","Walker County",4,10,818,419,399
050,13,295,"Georgia","Walker County",4,11,809,456,353
050,13,295,"Georgia","Walker County",4,12,804,407,397
050,13,295,"Georgia","Walker County",4,13,894,456,438
050,13,295,"Georgia","Walker County",4,14,936,465,471
050,13,295,"Georgia","Walker County",4,15,921,473,448
050,13,295,"Georgia","Walker County",4,16,838,423,415
050,13,295,"Georgia","Walker County",4,17,837,438,399
050,13,295,"Georgia","Walker County",4,18,763,413,350
050,13,295,"Georgia","Walker County",4,19,591,329,262
050,13,295,"Georgia","Walker County",4,20,692,385,307
050,13,295,"Georgia","Walker County",4,21,731,386,345
050,13,295,"Georgia","Walker County",4,22,810,435,375
050,13,295,"Georgia","Walker County",4,23,791,427,364
050,13,295,"Georgia","Walker County",4,24,839,451,388
050,13,295,"Georgia","Walker County",4,25,859,453,406
050,13,295,"Georgia","Walker County",4,26,842,423,419
050,13,295,"Georgia","Walker County",4,27,908,467,441
050,13,295,"Georgia","Walker County",4,28,872,432,440
050,13,295,"Georgia","Walker County",4,29,867,460,407
050,13,295,"Georgia","Walker County",4,30,899,473,426
050,13,295,"Georgia","Walker County",4,31,906,476,430
050,13,295,"Georgia","Walker County",4,32,902,452,450
050,13,295,"Georgia","Walker County",4,33,854,426,428
050,13,295,"Georgia","Walker County",4,34,844,396,448
050,13,295,"Georgia","Walker County",4,35,829,422,407
050,13,295,"Georgia","Walker County",4,36,792,403,389
050,13,295,"Georgia","Walker County",4,37,880,426,454
050,13,295,"Georgia","Walker County",4,38,847,432,415
050,13,295,"Georgia","Walker County",4,39,890,439,451
050,13,295,"Georgia","Walker County",4,40,854,410,444
050,13,295,"Georgia","Walker County",4,41,871,429,442
050,13,295,"Georgia","Walker County",4,42,924,460,464
050,13,295,"Georgia","Walker County",4,43,952,477,475
050,13,295,"Georgia","Walker County",4,44,909,455,454
050,13,295,"Georgia","Walker County",4,45,889,435,454
050,13,295,"Georgia","Walker County",4,46,832,428,404
050,13,295,"Georgia","Walker County",4,47,838,432,406
050,13,295,"Georgia","Walker County",4,48,819,421,398
050,13,295,"Georgia","Walker County",4,49,920,450,470
050,13,295,"Georgia","Walker County",4,50,965,504,461
050,13,295,"Georgia","Walker County",4,51,958,497,461
050,13,295,"Georgia","Walker County",4,52,923,462,461
050,13,295,"Georgia","Walker County",4,53,892,456,436
050,13,295,"Georgia","Walker County",4,54,885,447,438
050,13,295,"Georgia","Walker County",4,55,816,412,404
050,13,295,"Georgia","Walker County",4,56,855,432,423
050,13,295,"Georgia","Walker County",4,57,929,464,465
050,13,295,"Georgia","Walker County",4,58,996,515,481
050,13,295,"Georgia","Walker County",4,59,970,488,482
050,13,295,"Georgia","Walker County",4,60,953,469,484
050,13,295,"Georgia","Walker County",4,61,918,450,468
050,13,295,"Georgia","Walker County",4,62,905,435,470
050,13,295,"Georgia","Walker County",4,63,869,421,448
050,13,295,"Georgia","Walker County",4,64,942,451,491
050,13,295,"Georgia","Walker County",4,65,967,453,514
050,13,295,"Georgia","Walker County",4,66,917,430,487
050,13,295,"Georgia","Walker County",4,67,914,437,477
050,13,295,"Georgia","Walker County",4,68,829,403,426
050,13,295,"Georgia","Walker County",4,69,751,357,394
050,13,295,"Georgia","Walker County",4,70,754,344,410
050,13,295,"Georgia","Walker County",4,71,701,304,397
050,13,295,"Georgia","Walker County",4,72,675,316,359
050,13,295,"Georgia","Walker County",4,73,677,312,365
050,13,295,"Georgia","Walker County",4,74,687,305,382
050,13,295,"Georgia","Walker County",4,75,746,340,406
050,13,295,"Georgia","Walker County",4,76,486,209,277
050,13,295,"Georgia","Walker County",4,77,468,213,255
050,13,295,"Georgia","Walker County",4,78,445,196,249
050,13,295,"Georgia","Walker County",4,79,484,225,259
050,13,295,"Georgia","Walker County",4,80,407,178,229
050,13,295,"Georgia","Walker County",4,81,334,133,201
050,13,295,"Georgia","Walker County",4,82,323,141,182
050,13,295,"Georgia","Walker County",4,83,290,127,163
050,13,295,"Georgia","Walker County",4,84,246,97,149
050,13,295,"Georgia","Walker County",4,85,1347,487,860
050,13,295,"Georgia","Walker County",5,0,594,302,292
050,13,295,"Georgia","Walker County",5,1,795,418,377
050,13,295,"Georgia","Walker County",5,2,717,372,345
050,13,295,"Georgia","Walker County",5,3,768,389,379
050,13,295,"Georgia","Walker County",5,4,756,374,382
050,13,295,"Georgia","Walker County",5,5,833,417,416
050,13,295,"Georgia","Walker County",5,6,787,397,390
050,13,295,"Georgia","Walker County",5,7,853,433,420
050,13,295,"Georgia","Walker County",5,8,839,429,410
050,13,295,"Georgia","Walker County",5,9,822,435,387
050,13,295,"Georgia","Walker County",5,10,833,431,402
050,13,295,"Georgia","Walker County",5,11,821,422,399
050,13,295,"Georgia","Walker County",5,12,822,453,369
050,13,295,"Georgia","Walker County",5,13,820,422,398
050,13,295,"Georgia","Walker County",5,14,908,468,440
050,13,295,"Georgia","Walker County",5,15,941,467,474
050,13,295,"Georgia","Walker County",5,16,934,483,451
050,13,295,"Georgia","Walker County",5,17,848,442,406
050,13,295,"Georgia","Walker County",5,18,719,391,328
050,13,295,"Georgia","Walker County",5,19,617,346,271
050,13,295,"Georgia","Walker County",5,20,628,350,278
050,13,295,"Georgia","Walker County",5,21,741,396,345
050,13,295,"Georgia","Walker County",5,22,776,392,384
050,13,295,"Georgia","Walker County",5,23,850,445,405
050,13,295,"Georgia","Walker County",5,24,814,442,372
050,13,295,"Georgia","Walker County",5,25,848,461,387
050,13,295,"Georgia","Walker County",5,26,872,463,409
050,13,295,"Georgia","Walker County",5,27,869,441,428
050,13,295,"Georgia","Walker County",5,28,906,461,445
050,13,295,"Georgia","Walker County",5,29,903,444,459
050,13,295,"Georgia","Walker County",5,30,883,459,424
050,13,295,"Georgia","Walker County",5,31,916,474,442
050,13,295,"Georgia","Walker County",5,32,902,469,433
050,13,295,"Georgia","Walker County",5,33,933,468,465
050,13,295,"Georgia","Walker County",5,34,854,412,442
050,13,295,"Georgia","Walker County",5,35,835,388,447
050,13,295,"Georgia","Walker County",5,36,845,431,414
050,13,295,"Georgia","Walker County",5,37,818,414,404
050,13,295,"Georgia","Walker County",5,38,898,442,456
050,13,295,"Georgia","Walker County",5,39,873,450,423
050,13,295,"Georgia","Walker County",5,40,907,439,468
050,13,295,"Georgia","Walker County",5,41,829,397,432
050,13,295,"Georgia","Walker County",5,42,878,436,442
050,13,295,"Georgia","Walker County",5,43,938,464,474
050,13,295,"Georgia","Walker County",5,44,925,455,470
050,13,295,"Georgia","Walker County",5,45,894,445,449
050,13,295,"Georgia","Walker County",5,46,895,429,466
050,13,295,"Georgia","Walker County",5,47,843,444,399
050,13,295,"Georgia","Walker County",5,48,845,437,408
050,13,295,"Georgia","Walker County",5,49,828,417,411
050,13,295,"Georgia","Walker County",5,50,915,449,466
050,13,295,"Georgia","Walker County",5,51,952,494,458
050,13,295,"Georgia","Walker County",5,52,946,484,462
050,13,295,"Georgia","Walker County",5,53,952,484,468
050,13,295,"Georgia","Walker County",5,54,919,468,451
050,13,295,"Georgia","Walker County",5,55,875,437,438
050,13,295,"Georgia","Walker County",5,56,843,427,416
050,13,295,"Georgia","Walker County",5,57,847,421,426
050,13,295,"Georgia","Walker County",5,58,933,465,468
050,13,295,"Georgia","Walker County",5,59,1004,518,486
050,13,295,"Georgia","Walker County",5,60,980,490,490
050,13,295,"Georgia","Walker County",5,61,977,476,501
050,13,295,"Georgia","Walker County",5,62,932,451,481
050,13,295,"Georgia","Walker County",5,63,889,423,466
050,13,295,"Georgia","Walker County",5,64,875,421,454
050,13,295,"Georgia","Walker County",5,65,927,442,485
050,13,295,"Georgia","Walker County",5,66,950,448,502
050,13,295,"Georgia","Walker County",5,67,901,414,487
050,13,295,"Georgia","Walker County",5,68,910,434,476
050,13,295,"Georgia","Walker County",5,69,823,395,428
050,13,295,"Georgia","Walker County",5,70,743,351,392
050,13,295,"Georgia","Walker County",5,71,738,340,398
050,13,295,"Georgia","Walker County",5,72,691,299,392
050,13,295,"Georgia","Walker County",5,73,645,299,346
050,13,295,"Georgia","Walker County",5,74,672,307,365
050,13,295,"Georgia","Walker County",5,75,674,303,371
050,13,295,"Georgia","Walker County",5,76,738,327,411
050,13,295,"Georgia","Walker County",5,77,466,199,267
050,13,295,"Georgia","Walker County",5,78,450,205,245
050,13,295,"Georgia","Walker County",5,79,422,187,235
050,13,295,"Georgia","Walker County",5,80,466,216,250
050,13,295,"Georgia","Walker County",5,81,382,160,222
050,13,295,"Georgia","Walker County",5,82,304,128,176
050,13,295,"Georgia","Walker County",5,83,304,129,175
050,13,295,"Georgia","Walker County",5,84,271,122,149
050,13,295,"Georgia","Walker County",5,85,1400,512,888
050,13,297,"Georgia","Walton County",1,0,1107,566,541
050,13,297,"Georgia","Walton County",1,1,1056,536,520
050,13,297,"Georgia","Walton County",1,2,1136,603,533
050,13,297,"Georgia","Walton County",1,3,1166,623,543
050,13,297,"Georgia","Walton County",1,4,1185,610,575
050,13,297,"Georgia","Walton County",1,5,1216,621,595
050,13,297,"Georgia","Walton County",1,6,1239,643,596
050,13,297,"Georgia","Walton County",1,7,1242,631,611
050,13,297,"Georgia","Walton County",1,8,1280,662,618
050,13,297,"Georgia","Walton County",1,9,1279,674,605
050,13,297,"Georgia","Walton County",1,10,1320,674,646
050,13,297,"Georgia","Walton County",1,11,1455,746,709
050,13,297,"Georgia","Walton County",1,12,1545,774,771
050,13,297,"Georgia","Walton County",1,13,1494,753,741
050,13,297,"Georgia","Walton County",1,14,1483,747,736
050,13,297,"Georgia","Walton County",1,15,1499,755,744
050,13,297,"Georgia","Walton County",1,16,1467,747,720
050,13,297,"Georgia","Walton County",1,17,1480,763,717
050,13,297,"Georgia","Walton County",1,18,1285,685,600
050,13,297,"Georgia","Walton County",1,19,1029,538,491
050,13,297,"Georgia","Walton County",1,20,1118,583,535
050,13,297,"Georgia","Walton County",1,21,1159,606,553
050,13,297,"Georgia","Walton County",1,22,1094,556,538
050,13,297,"Georgia","Walton County",1,23,1104,560,544
050,13,297,"Georgia","Walton County",1,24,1156,589,567
050,13,297,"Georgia","Walton County",1,25,1177,582,595
050,13,297,"Georgia","Walton County",1,26,1202,598,604
050,13,297,"Georgia","Walton County",1,27,1172,570,602
050,13,297,"Georgia","Walton County",1,28,1170,553,617
050,13,297,"Georgia","Walton County",1,29,1209,582,627
050,13,297,"Georgia","Walton County",1,30,1206,595,611
050,13,297,"Georgia","Walton County",1,31,1206,586,620
050,13,297,"Georgia","Walton County",1,32,1193,561,632
050,13,297,"Georgia","Walton County",1,33,1175,574,601
050,13,297,"Georgia","Walton County",1,34,1142,543,599
050,13,297,"Georgia","Walton County",1,35,1155,539,616
050,13,297,"Georgia","Walton County",1,36,1213,575,638
050,13,297,"Georgia","Walton County",1,37,1216,546,670
050,13,297,"Georgia","Walton County",1,38,1199,556,643
050,13,297,"Georgia","Walton County",1,39,1175,546,629
050,13,297,"Georgia","Walton County",1,40,1198,569,629
050,13,297,"Georgia","Walton County",1,41,1223,582,641
050,13,297,"Georgia","Walton County",1,42,1252,610,642
050,13,297,"Georgia","Walton County",1,43,1235,587,648
050,13,297,"Georgia","Walton County",1,44,1221,593,628
050,13,297,"Georgia","Walton County",1,45,1190,574,616
050,13,297,"Georgia","Walton County",1,46,1241,603,638
050,13,297,"Georgia","Walton County",1,47,1305,631,674
050,13,297,"Georgia","Walton County",1,48,1371,659,712
050,13,297,"Georgia","Walton County",1,49,1483,727,756
050,13,297,"Georgia","Walton County",1,50,1418,692,726
050,13,297,"Georgia","Walton County",1,51,1390,689,701
050,13,297,"Georgia","Walton County",1,52,1291,632,659
050,13,297,"Georgia","Walton County",1,53,1357,667,690
050,13,297,"Georgia","Walton County",1,54,1407,711,696
050,13,297,"Georgia","Walton County",1,55,1432,718,714
050,13,297,"Georgia","Walton County",1,56,1360,654,706
050,13,297,"Georgia","Walton County",1,57,1370,685,685
050,13,297,"Georgia","Walton County",1,58,1315,674,641
050,13,297,"Georgia","Walton County",1,59,1217,624,593
050,13,297,"Georgia","Walton County",1,60,1209,620,589
050,13,297,"Georgia","Walton County",1,61,1120,530,590
050,13,297,"Georgia","Walton County",1,62,1171,555,616
050,13,297,"Georgia","Walton County",1,63,1088,515,573
050,13,297,"Georgia","Walton County",1,64,1080,549,531
050,13,297,"Georgia","Walton County",1,65,1013,481,532
050,13,297,"Georgia","Walton County",1,66,997,500,497
050,13,297,"Georgia","Walton County",1,67,990,491,499
050,13,297,"Georgia","Walton County",1,68,943,423,520
050,13,297,"Georgia","Walton County",1,69,916,412,504
050,13,297,"Georgia","Walton County",1,70,921,422,499
050,13,297,"Georgia","Walton County",1,71,912,407,505
050,13,297,"Georgia","Walton County",1,72,912,404,508
050,13,297,"Georgia","Walton County",1,73,932,431,501
050,13,297,"Georgia","Walton County",1,74,647,298,349
050,13,297,"Georgia","Walton County",1,75,608,280,328
050,13,297,"Georgia","Walton County",1,76,641,298,343
050,13,297,"Georgia","Walton County",1,77,653,306,347
050,13,297,"Georgia","Walton County",1,78,570,272,298
050,13,297,"Georgia","Walton County",1,79,481,205,276
050,13,297,"Georgia","Walton County",1,80,436,180,256
050,13,297,"Georgia","Walton County",1,81,385,170,215
050,13,297,"Georgia","Walton County",1,82,327,148,179
050,13,297,"Georgia","Walton County",1,83,297,132,165
050,13,297,"Georgia","Walton County",1,84,259,100,159
050,13,297,"Georgia","Walton County",1,85,1476,469,1007
050,13,297,"Georgia","Walton County",2,0,1079,545,534
050,13,297,"Georgia","Walton County",2,1,1080,553,527
050,13,297,"Georgia","Walton County",2,2,1136,600,536
050,13,297,"Georgia","Walton County",2,3,1164,618,546
050,13,297,"Georgia","Walton County",2,4,1192,617,575
050,13,297,"Georgia","Walton County",2,5,1222,625,597
050,13,297,"Georgia","Walton County",2,6,1243,640,603
050,13,297,"Georgia","Walton County",2,7,1249,640,609
050,13,297,"Georgia","Walton County",2,8,1278,657,621
050,13,297,"Georgia","Walton County",2,9,1287,674,613
050,13,297,"Georgia","Walton County",2,10,1320,680,640
050,13,297,"Georgia","Walton County",2,11,1430,734,696
050,13,297,"Georgia","Walton County",2,12,1540,777,763
050,13,297,"Georgia","Walton County",2,13,1512,760,752
050,13,297,"Georgia","Walton County",2,14,1489,749,740
050,13,297,"Georgia","Walton County",2,15,1495,754,741
050,13,297,"Georgia","Walton County",2,16,1481,752,729
050,13,297,"Georgia","Walton County",2,17,1481,761,720
050,13,297,"Georgia","Walton County",2,18,1282,680,602
050,13,297,"Georgia","Walton County",2,19,1055,553,502
050,13,297,"Georgia","Walton County",2,20,1136,590,546
050,13,297,"Georgia","Walton County",2,21,1162,603,559
050,13,297,"Georgia","Walton County",2,22,1121,572,549
050,13,297,"Georgia","Walton County",2,23,1116,565,551
050,13,297,"Georgia","Walton County",2,24,1151,583,568
050,13,297,"Georgia","Walton County",2,25,1177,586,591
050,13,297,"Georgia","Walton County",2,26,1203,597,606
050,13,297,"Georgia","Walton County",2,27,1184,577,607
050,13,297,"Georgia","Walton County",2,28,1179,564,615
050,13,297,"Georgia","Walton County",2,29,1206,578,628
050,13,297,"Georgia","Walton County",2,30,1221,595,626
050,13,297,"Georgia","Walton County",2,31,1209,587,622
050,13,297,"Georgia","Walton County",2,32,1205,575,630
050,13,297,"Georgia","Walton County",2,33,1192,577,615
050,13,297,"Georgia","Walton County",2,34,1157,555,602
050,13,297,"Georgia","Walton County",2,35,1167,550,617
050,13,297,"Georgia","Walton County",2,36,1199,569,630
050,13,297,"Georgia","Walton County",2,37,1229,560,669
050,13,297,"Georgia","Walton County",2,38,1213,558,655
050,13,297,"Georgia","Walton County",2,39,1184,548,636
050,13,297,"Georgia","Walton County",2,40,1213,571,642
050,13,297,"Georgia","Walton County",2,41,1223,578,645
050,13,297,"Georgia","Walton County",2,42,1250,603,647
050,13,297,"Georgia","Walton County",2,43,1253,600,653
050,13,297,"Georgia","Walton County",2,44,1217,589,628
050,13,297,"Georgia","Walton County",2,45,1208,586,622
050,13,297,"Georgia","Walton County",2,46,1232,599,633
050,13,297,"Georgia","Walton County",2,47,1294,627,667
050,13,297,"Georgia","Walton County",2,48,1361,655,706
050,13,297,"Georgia","Walton County",2,49,1466,715,751
050,13,297,"Georgia","Walton County",2,50,1441,702,739
050,13,297,"Georgia","Walton County",2,51,1398,693,705
050,13,297,"Georgia","Walton County",2,52,1320,648,672
050,13,297,"Georgia","Walton County",2,53,1350,664,686
050,13,297,"Georgia","Walton County",2,54,1393,702,691
050,13,297,"Georgia","Walton County",2,55,1430,717,713
050,13,297,"Georgia","Walton County",2,56,1390,676,714
050,13,297,"Georgia","Walton County",2,57,1372,679,693
050,13,297,"Georgia","Walton County",2,58,1331,677,654
050,13,297,"Georgia","Walton County",2,59,1249,637,612
050,13,297,"Georgia","Walton County",2,60,1209,618,591
050,13,297,"Georgia","Walton County",2,61,1136,548,588
050,13,297,"Georgia","Walton County",2,62,1154,548,606
050,13,297,"Georgia","Walton County",2,63,1121,534,587
050,13,297,"Georgia","Walton County",2,64,1070,534,536
050,13,297,"Georgia","Walton County",2,65,1031,498,533
050,13,297,"Georgia","Walton County",2,66,1008,497,511
050,13,297,"Georgia","Walton County",2,67,989,486,503
050,13,297,"Georgia","Walton County",2,68,946,435,511
050,13,297,"Georgia","Walton County",2,69,930,415,515
050,13,297,"Georgia","Walton County",2,70,915,417,498
050,13,297,"Georgia","Walton County",2,71,913,410,503
050,13,297,"Georgia","Walton County",2,72,897,395,502
050,13,297,"Georgia","Walton County",2,73,965,444,521
050,13,297,"Georgia","Walton County",2,74,668,308,360
050,13,297,"Georgia","Walton County",2,75,621,286,335
050,13,297,"Georgia","Walton County",2,76,625,288,337
050,13,297,"Georgia","Walton County",2,77,657,305,352
050,13,297,"Georgia","Walton County",2,78,570,272,298
050,13,297,"Georgia","Walton County",2,79,503,218,285
050,13,297,"Georgia","Walton County",2,80,442,184,258
050,13,297,"Georgia","Walton County",2,81,394,168,226
050,13,297,"Georgia","Walton County",2,82,340,153,187
050,13,297,"Georgia","Walton County",2,83,298,133,165
050,13,297,"Georgia","Walton County",2,84,266,107,159
050,13,297,"Georgia","Walton County",2,85,1473,471,1002
050,13,297,"Georgia","Walton County",3,0,1025,528,497
050,13,297,"Georgia","Walton County",3,1,1189,593,596
050,13,297,"Georgia","Walton County",3,2,1140,580,560
050,13,297,"Georgia","Walton County",3,3,1197,625,572
050,13,297,"Georgia","Walton County",3,4,1233,649,584
050,13,297,"Georgia","Walton County",3,5,1229,645,584
050,13,297,"Georgia","Walton County",3,6,1314,684,630
050,13,297,"Georgia","Walton County",3,7,1272,649,623
050,13,297,"Georgia","Walton County",3,8,1314,680,634
050,13,297,"Georgia","Walton County",3,9,1329,689,640
050,13,297,"Georgia","Walton County",3,10,1315,696,619
050,13,297,"Georgia","Walton County",3,11,1338,692,646
050,13,297,"Georgia","Walton County",3,12,1446,755,691
050,13,297,"Georgia","Walton County",3,13,1557,782,775
050,13,297,"Georgia","Walton County",3,14,1543,775,768
050,13,297,"Georgia","Walton County",3,15,1512,763,749
050,13,297,"Georgia","Walton County",3,16,1559,812,747
050,13,297,"Georgia","Walton County",3,17,1567,790,777
050,13,297,"Georgia","Walton County",3,18,1262,674,588
050,13,297,"Georgia","Walton County",3,19,1052,559,493
050,13,297,"Georgia","Walton County",3,20,1156,608,548
050,13,297,"Georgia","Walton County",3,21,1223,627,596
050,13,297,"Georgia","Walton County",3,22,1216,623,593
050,13,297,"Georgia","Walton County",3,23,1157,603,554
050,13,297,"Georgia","Walton County",3,24,1178,588,590
050,13,297,"Georgia","Walton County",3,25,1210,619,591
050,13,297,"Georgia","Walton County",3,26,1173,577,596
050,13,297,"Georgia","Walton County",3,27,1224,597,627
050,13,297,"Georgia","Walton County",3,28,1215,603,612
050,13,297,"Georgia","Walton County",3,29,1227,586,641
050,13,297,"Georgia","Walton County",3,30,1234,582,652
050,13,297,"Georgia","Walton County",3,31,1302,621,681
050,13,297,"Georgia","Walton County",3,32,1248,596,652
050,13,297,"Georgia","Walton County",3,33,1266,607,659
050,13,297,"Georgia","Walton County",3,34,1262,611,651
050,13,297,"Georgia","Walton County",3,35,1248,603,645
050,13,297,"Georgia","Walton County",3,36,1222,579,643
050,13,297,"Georgia","Walton County",3,37,1226,583,643
050,13,297,"Georgia","Walton County",3,38,1262,558,704
050,13,297,"Georgia","Walton County",3,39,1249,590,659
050,13,297,"Georgia","Walton County",3,40,1238,579,659
050,13,297,"Georgia","Walton County",3,41,1249,582,667
050,13,297,"Georgia","Walton County",3,42,1292,598,694
050,13,297,"Georgia","Walton County",3,43,1289,622,667
050,13,297,"Georgia","Walton County",3,44,1292,620,672
050,13,297,"Georgia","Walton County",3,45,1264,606,658
050,13,297,"Georgia","Walton County",3,46,1242,611,631
050,13,297,"Georgia","Walton County",3,47,1247,608,639
050,13,297,"Georgia","Walton County",3,48,1347,648,699
050,13,297,"Georgia","Walton County",3,49,1408,676,732
050,13,297,"Georgia","Walton County",3,50,1461,713,748
050,13,297,"Georgia","Walton County",3,51,1489,725,764
050,13,297,"Georgia","Walton County",3,52,1411,695,716
050,13,297,"Georgia","Walton County",3,53,1359,663,696
050,13,297,"Georgia","Walton County",3,54,1378,673,705
050,13,297,"Georgia","Walton County",3,55,1415,715,700
050,13,297,"Georgia","Walton County",3,56,1442,717,725
050,13,297,"Georgia","Walton County",3,57,1400,679,721
050,13,297,"Georgia","Walton County",3,58,1387,689,698
050,13,297,"Georgia","Walton County",3,59,1333,696,637
050,13,297,"Georgia","Walton County",3,60,1245,637,608
050,13,297,"Georgia","Walton County",3,61,1234,610,624
050,13,297,"Georgia","Walton County",3,62,1167,558,609
050,13,297,"Georgia","Walton County",3,63,1182,555,627
050,13,297,"Georgia","Walton County",3,64,1151,561,590
050,13,297,"Georgia","Walton County",3,65,1070,527,543
050,13,297,"Georgia","Walton County",3,66,1036,499,537
050,13,297,"Georgia","Walton County",3,67,998,483,515
050,13,297,"Georgia","Walton County",3,68,993,490,503
050,13,297,"Georgia","Walton County",3,69,954,443,511
050,13,297,"Georgia","Walton County",3,70,923,409,514
050,13,297,"Georgia","Walton County",3,71,913,416,497
050,13,297,"Georgia","Walton County",3,72,907,398,509
050,13,297,"Georgia","Walton County",3,73,868,382,486
050,13,297,"Georgia","Walton County",3,74,960,442,518
050,13,297,"Georgia","Walton County",3,75,631,291,340
050,13,297,"Georgia","Walton County",3,76,608,271,337
050,13,297,"Georgia","Walton County",3,77,606,275,331
050,13,297,"Georgia","Walton County",3,78,626,301,325
050,13,297,"Georgia","Walton County",3,79,550,245,305
050,13,297,"Georgia","Walton County",3,80,473,198,275
050,13,297,"Georgia","Walton County",3,81,421,176,245
050,13,297,"Georgia","Walton County",3,82,376,151,225
050,13,297,"Georgia","Walton County",3,83,322,146,176
050,13,297,"Georgia","Walton County",3,84,272,117,155
050,13,297,"Georgia","Walton County",3,85,1494,488,1006
050,13,297,"Georgia","Walton County",4,0,1078,566,512
050,13,297,"Georgia","Walton County",4,1,1105,540,565
050,13,297,"Georgia","Walton County",4,2,1217,605,612
050,13,297,"Georgia","Walton County",4,3,1185,601,584
050,13,297,"Georgia","Walton County",4,4,1248,630,618
050,13,297,"Georgia","Walton County",4,5,1289,683,606
050,13,297,"Georgia","Walton County",4,6,1296,681,615
050,13,297,"Georgia","Walton County",4,7,1352,703,649
050,13,297,"Georgia","Walton County",4,8,1307,663,644
050,13,297,"Georgia","Walton County",4,9,1373,711,662
050,13,297,"Georgia","Walton County",4,10,1397,722,675
050,13,297,"Georgia","Walton County",4,11,1387,738,649
050,13,297,"Georgia","Walton County",4,12,1414,710,704
050,13,297,"Georgia","Walton County",4,13,1500,789,711
050,13,297,"Georgia","Walton County",4,14,1618,825,793
050,13,297,"Georgia","Walton County",4,15,1585,784,801
050,13,297,"Georgia","Walton County",4,16,1566,795,771
050,13,297,"Georgia","Walton County",4,17,1583,815,768
050,13,297,"Georgia","Walton County",4,18,1344,705,639
050,13,297,"Georgia","Walton County",4,19,1061,583,478
050,13,297,"Georgia","Walton County",4,20,1115,584,531
050,13,297,"Georgia","Walton County",4,21,1229,646,583
050,13,297,"Georgia","Walton County",4,22,1318,674,644
050,13,297,"Georgia","Walton County",4,23,1309,664,645
050,13,297,"Georgia","Walton County",4,24,1208,642,566
050,13,297,"Georgia","Walton County",4,25,1241,619,622
050,13,297,"Georgia","Walton County",4,26,1191,598,593
050,13,297,"Georgia","Walton County",4,27,1178,588,590
050,13,297,"Georgia","Walton County",4,28,1276,623,653
050,13,297,"Georgia","Walton County",4,29,1232,592,640
050,13,297,"Georgia","Walton County",4,30,1289,625,664
050,13,297,"Georgia","Walton County",4,31,1294,594,700
050,13,297,"Georgia","Walton County",4,32,1390,686,704
050,13,297,"Georgia","Walton County",4,33,1319,640,679
050,13,297,"Georgia","Walton County",4,34,1345,636,709
050,13,297,"Georgia","Walton County",4,35,1387,683,704
050,13,297,"Georgia","Walton County",4,36,1288,638,650
050,13,297,"Georgia","Walton County",4,37,1255,582,673
050,13,297,"Georgia","Walton County",4,38,1259,586,673
050,13,297,"Georgia","Walton County",4,39,1321,597,724
050,13,297,"Georgia","Walton County",4,40,1291,610,681
050,13,297,"Georgia","Walton County",4,41,1305,609,696
050,13,297,"Georgia","Walton County",4,42,1346,628,718
050,13,297,"Georgia","Walton County",4,43,1323,602,721
050,13,297,"Georgia","Walton County",4,44,1315,637,678
050,13,297,"Georgia","Walton County",4,45,1344,652,692
050,13,297,"Georgia","Walton County",4,46,1292,620,672
050,13,297,"Georgia","Walton County",4,47,1260,626,634
050,13,297,"Georgia","Walton County",4,48,1314,658,656
050,13,297,"Georgia","Walton County",4,49,1402,674,728
050,13,297,"Georgia","Walton County",4,50,1471,718,753
050,13,297,"Georgia","Walton County",4,51,1573,778,795
050,13,297,"Georgia","Walton County",4,52,1549,759,790
050,13,297,"Georgia","Walton County",4,53,1466,722,744
050,13,297,"Georgia","Walton County",4,54,1388,693,695
050,13,297,"Georgia","Walton County",4,55,1388,672,716
050,13,297,"Georgia","Walton County",4,56,1453,727,726
050,13,297,"Georgia","Walton County",4,57,1448,717,731
050,13,297,"Georgia","Walton County",4,58,1429,682,747
050,13,297,"Georgia","Walton County",4,59,1409,684,725
050,13,297,"Georgia","Walton County",4,60,1306,679,627
050,13,297,"Georgia","Walton County",4,61,1265,643,622
050,13,297,"Georgia","Walton County",4,62,1258,614,644
050,13,297,"Georgia","Walton County",4,63,1171,552,619
050,13,297,"Georgia","Walton County",4,64,1196,570,626
050,13,297,"Georgia","Walton County",4,65,1180,578,602
050,13,297,"Georgia","Walton County",4,66,1062,519,543
050,13,297,"Georgia","Walton County",4,67,1030,490,540
050,13,297,"Georgia","Walton County",4,68,996,476,520
050,13,297,"Georgia","Walton County",4,69,999,487,512
050,13,297,"Georgia","Walton County",4,70,968,444,524
050,13,297,"Georgia","Walton County",4,71,931,416,515
050,13,297,"Georgia","Walton County",4,72,897,400,497
050,13,297,"Georgia","Walton County",4,73,885,392,493
050,13,297,"Georgia","Walton County",4,74,861,376,485
050,13,297,"Georgia","Walton County",4,75,938,426,512
050,13,297,"Georgia","Walton County",4,76,615,276,339
050,13,297,"Georgia","Walton County",4,77,606,269,337
050,13,297,"Georgia","Walton County",4,78,566,266,300
050,13,297,"Georgia","Walton County",4,79,628,284,344
050,13,297,"Georgia","Walton County",4,80,528,226,302
050,13,297,"Georgia","Walton County",4,81,465,191,274
050,13,297,"Georgia","Walton County",4,82,395,169,226
050,13,297,"Georgia","Walton County",4,83,361,148,213
050,13,297,"Georgia","Walton County",4,84,303,144,159
050,13,297,"Georgia","Walton County",4,85,1539,510,1029
050,13,297,"Georgia","Walton County",5,0,1134,593,541
050,13,297,"Georgia","Walton County",5,1,1143,586,557
050,13,297,"Georgia","Walton County",5,2,1180,580,600
050,13,297,"Georgia","Walton County",5,3,1289,639,650
050,13,297,"Georgia","Walton County",5,4,1257,634,623
050,13,297,"Georgia","Walton County",5,5,1305,656,649
050,13,297,"Georgia","Walton County",5,6,1349,715,634
050,13,297,"Georgia","Walton County",5,7,1375,746,629
050,13,297,"Georgia","Walton County",5,8,1419,733,686
050,13,297,"Georgia","Walton County",5,9,1417,734,683
050,13,297,"Georgia","Walton County",5,10,1460,741,719
050,13,297,"Georgia","Walton County",5,11,1445,740,705
050,13,297,"Georgia","Walton County",5,12,1452,752,700
050,13,297,"Georgia","Walton County",5,13,1485,748,737
050,13,297,"Georgia","Walton County",5,14,1585,830,755
050,13,297,"Georgia","Walton County",5,15,1674,844,830
050,13,297,"Georgia","Walton County",5,16,1646,813,833
050,13,297,"Georgia","Walton County",5,17,1592,812,780
050,13,297,"Georgia","Walton County",5,18,1374,727,647
050,13,297,"Georgia","Walton County",5,19,1122,597,525
050,13,297,"Georgia","Walton County",5,20,1185,642,543
050,13,297,"Georgia","Walton County",5,21,1225,647,578
050,13,297,"Georgia","Walton County",5,22,1299,671,628
050,13,297,"Georgia","Walton County",5,23,1386,694,692
050,13,297,"Georgia","Walton County",5,24,1353,704,649
050,13,297,"Georgia","Walton County",5,25,1235,638,597
050,13,297,"Georgia","Walton County",5,26,1240,621,619
050,13,297,"Georgia","Walton County",5,27,1201,585,616
050,13,297,"Georgia","Walton County",5,28,1259,634,625
050,13,297,"Georgia","Walton County",5,29,1297,622,675
050,13,297,"Georgia","Walton County",5,30,1282,605,677
050,13,297,"Georgia","Walton County",5,31,1373,661,712
050,13,297,"Georgia","Walton County",5,32,1358,604,754
050,13,297,"Georgia","Walton County",5,33,1456,713,743
050,13,297,"Georgia","Walton County",5,34,1379,677,702
050,13,297,"Georgia","Walton County",5,35,1422,677,745
050,13,297,"Georgia","Walton County",5,36,1440,713,727
050,13,297,"Georgia","Walton County",5,37,1405,690,715
050,13,297,"Georgia","Walton County",5,38,1366,628,738
050,13,297,"Georgia","Walton County",5,39,1351,635,716
050,13,297,"Georgia","Walton County",5,40,1381,628,753
050,13,297,"Georgia","Walton County",5,41,1356,633,723
050,13,297,"Georgia","Walton County",5,42,1378,638,740
050,13,297,"Georgia","Walton County",5,43,1424,688,736
050,13,297,"Georgia","Walton County",5,44,1387,630,757
050,13,297,"Georgia","Walton County",5,45,1367,660,707
050,13,297,"Georgia","Walton County",5,46,1371,673,698
050,13,297,"Georgia","Walton County",5,47,1315,637,678
050,13,297,"Georgia","Walton County",5,48,1274,638,636
050,13,297,"Georgia","Walton County",5,49,1329,650,679
050,13,297,"Georgia","Walton County",5,50,1427,690,737
050,13,297,"Georgia","Walton County",5,51,1522,764,758
050,13,297,"Georgia","Walton County",5,52,1582,790,792
050,13,297,"Georgia","Walton County",5,53,1620,793,827
050,13,297,"Georgia","Walton County",5,54,1489,732,757
050,13,297,"Georgia","Walton County",5,55,1444,732,712
050,13,297,"Georgia","Walton County",5,56,1424,683,741
050,13,297,"Georgia","Walton County",5,57,1486,738,748
050,13,297,"Georgia","Walton County",5,58,1463,711,752
050,13,297,"Georgia","Walton County",5,59,1427,678,749
050,13,297,"Georgia","Walton County",5,60,1410,685,725
050,13,297,"Georgia","Walton County",5,61,1355,703,652
050,13,297,"Georgia","Walton County",5,62,1281,646,635
050,13,297,"Georgia","Walton County",5,63,1261,606,655
050,13,297,"Georgia","Walton County",5,64,1184,565,619
050,13,297,"Georgia","Walton County",5,65,1184,562,622
050,13,297,"Georgia","Walton County",5,66,1158,553,605
050,13,297,"Georgia","Walton County",5,67,1050,509,541
050,13,297,"Georgia","Walton County",5,68,1027,480,547
050,13,297,"Georgia","Walton County",5,69,1017,480,537
050,13,297,"Georgia","Walton County",5,70,1021,495,526
050,13,297,"Georgia","Walton County",5,71,974,439,535
050,13,297,"Georgia","Walton County",5,72,932,413,519
050,13,297,"Georgia","Walton County",5,73,879,391,488
050,13,297,"Georgia","Walton County",5,74,883,390,493
050,13,297,"Georgia","Walton County",5,75,838,364,474
050,13,297,"Georgia","Walton County",5,76,935,415,520
050,13,297,"Georgia","Walton County",5,77,583,265,318
050,13,297,"Georgia","Walton County",5,78,571,253,318
050,13,297,"Georgia","Walton County",5,79,566,250,316
050,13,297,"Georgia","Walton County",5,80,598,270,328
050,13,297,"Georgia","Walton County",5,81,517,222,295
050,13,297,"Georgia","Walton County",5,82,436,185,251
050,13,297,"Georgia","Walton County",5,83,373,164,209
050,13,297,"Georgia","Walton County",5,84,350,150,200
050,13,297,"Georgia","Walton County",5,85,1638,581,1057
050,13,299,"Georgia","Ware County",1,0,492,256,236
050,13,299,"Georgia","Ware County",1,1,492,255,237
050,13,299,"Georgia","Ware County",1,2,499,261,238
050,13,299,"Georgia","Ware County",1,3,490,253,237
050,13,299,"Georgia","Ware County",1,4,504,251,253
050,13,299,"Georgia","Ware County",1,5,506,264,242
050,13,299,"Georgia","Ware County",1,6,496,268,228
050,13,299,"Georgia","Ware County",1,7,487,247,240
050,13,299,"Georgia","Ware County",1,8,500,270,230
050,13,299,"Georgia","Ware County",1,9,485,255,230
050,13,299,"Georgia","Ware County",1,10,516,279,237
050,13,299,"Georgia","Ware County",1,11,543,277,266
050,13,299,"Georgia","Ware County",1,12,543,274,269
050,13,299,"Georgia","Ware County",1,13,554,283,271
050,13,299,"Georgia","Ware County",1,14,532,273,259
050,13,299,"Georgia","Ware County",1,15,517,276,241
050,13,299,"Georgia","Ware County",1,16,507,261,246
050,13,299,"Georgia","Ware County",1,17,447,227,220
050,13,299,"Georgia","Ware County",1,18,402,225,177
050,13,299,"Georgia","Ware County",1,19,354,194,160
050,13,299,"Georgia","Ware County",1,20,415,217,198
050,13,299,"Georgia","Ware County",1,21,426,220,206
050,13,299,"Georgia","Ware County",1,22,431,245,186
050,13,299,"Georgia","Ware County",1,23,438,253,185
050,13,299,"Georgia","Ware County",1,24,456,249,207
050,13,299,"Georgia","Ware County",1,25,479,270,209
050,13,299,"Georgia","Ware County",1,26,472,248,224
050,13,299,"Georgia","Ware County",1,27,462,255,207
050,13,299,"Georgia","Ware County",1,28,519,270,249
050,13,299,"Georgia","Ware County",1,29,524,279,245
050,13,299,"Georgia","Ware County",1,30,514,287,227
050,13,299,"Georgia","Ware County",1,31,501,265,236
050,13,299,"Georgia","Ware County",1,32,464,242,222
050,13,299,"Georgia","Ware County",1,33,450,233,217
050,13,299,"Georgia","Ware County",1,34,466,244,222
050,13,299,"Georgia","Ware County",1,35,442,227,215
050,13,299,"Georgia","Ware County",1,36,427,222,205
050,13,299,"Georgia","Ware County",1,37,408,217,191
050,13,299,"Georgia","Ware County",1,38,431,226,205
050,13,299,"Georgia","Ware County",1,39,466,236,230
050,13,299,"Georgia","Ware County",1,40,463,235,228
050,13,299,"Georgia","Ware County",1,41,453,227,226
050,13,299,"Georgia","Ware County",1,42,365,186,179
050,13,299,"Georgia","Ware County",1,43,384,188,196
050,13,299,"Georgia","Ware County",1,44,402,213,189
050,13,299,"Georgia","Ware County",1,45,428,213,215
050,13,299,"Georgia","Ware County",1,46,420,209,211
050,13,299,"Georgia","Ware County",1,47,428,223,205
050,13,299,"Georgia","Ware County",1,48,455,243,212
050,13,299,"Georgia","Ware County",1,49,496,246,250
050,13,299,"Georgia","Ware County",1,50,451,239,212
050,13,299,"Georgia","Ware County",1,51,410,214,196
050,13,299,"Georgia","Ware County",1,52,437,231,206
050,13,299,"Georgia","Ware County",1,53,437,229,208
050,13,299,"Georgia","Ware County",1,54,435,210,225
050,13,299,"Georgia","Ware County",1,55,432,211,221
050,13,299,"Georgia","Ware County",1,56,446,212,234
050,13,299,"Georgia","Ware County",1,57,466,243,223
050,13,299,"Georgia","Ware County",1,58,452,217,235
050,13,299,"Georgia","Ware County",1,59,447,217,230
050,13,299,"Georgia","Ware County",1,60,467,228,239
050,13,299,"Georgia","Ware County",1,61,469,223,246
050,13,299,"Georgia","Ware County",1,62,453,211,242
050,13,299,"Georgia","Ware County",1,63,453,216,237
050,13,299,"Georgia","Ware County",1,64,451,222,229
050,13,299,"Georgia","Ware County",1,65,425,210,215
050,13,299,"Georgia","Ware County",1,66,415,198,217
050,13,299,"Georgia","Ware County",1,67,397,184,213
050,13,299,"Georgia","Ware County",1,68,387,167,220
050,13,299,"Georgia","Ware County",1,69,345,154,191
050,13,299,"Georgia","Ware County",1,70,352,160,192
050,13,299,"Georgia","Ware County",1,71,374,165,209
050,13,299,"Georgia","Ware County",1,72,337,150,187
050,13,299,"Georgia","Ware County",1,73,328,144,184
050,13,299,"Georgia","Ware County",1,74,254,109,145
050,13,299,"Georgia","Ware County",1,75,260,114,146
050,13,299,"Georgia","Ware County",1,76,227,101,126
050,13,299,"Georgia","Ware County",1,77,229,107,122
050,13,299,"Georgia","Ware County",1,78,207,89,118
050,13,299,"Georgia","Ware County",1,79,183,74,109
050,13,299,"Georgia","Ware County",1,80,175,69,106
050,13,299,"Georgia","Ware County",1,81,158,57,101
050,13,299,"Georgia","Ware County",1,82,159,56,103
050,13,299,"Georgia","Ware County",1,83,124,42,82
050,13,299,"Georgia","Ware County",1,84,113,38,75
050,13,299,"Georgia","Ware County",1,85,741,232,509
050,13,299,"Georgia","Ware County",2,0,495,262,233
050,13,299,"Georgia","Ware County",2,1,490,256,234
050,13,299,"Georgia","Ware County",2,2,495,261,234
050,13,299,"Georgia","Ware County",2,3,488,255,233
050,13,299,"Georgia","Ware County",2,4,502,253,249
050,13,299,"Georgia","Ware County",2,5,503,260,243
050,13,299,"Georgia","Ware County",2,6,500,267,233
050,13,299,"Georgia","Ware County",2,7,487,252,235
050,13,299,"Georgia","Ware County",2,8,495,263,232
050,13,299,"Georgia","Ware County",2,9,491,261,230
050,13,299,"Georgia","Ware County",2,10,510,274,236
050,13,299,"Georgia","Ware County",2,11,535,275,260
050,13,299,"Georgia","Ware County",2,12,547,277,270
050,13,299,"Georgia","Ware County",2,13,551,281,270
050,13,299,"Georgia","Ware County",2,14,541,278,263
050,13,299,"Georgia","Ware County",2,15,524,279,245
050,13,299,"Georgia","Ware County",2,16,507,262,245
050,13,299,"Georgia","Ware County",2,17,463,237,226
050,13,299,"Georgia","Ware County",2,18,402,221,181
050,13,299,"Georgia","Ware County",2,19,355,196,159
050,13,299,"Georgia","Ware County",2,20,415,221,194
050,13,299,"Georgia","Ware County",2,21,426,220,206
050,13,299,"Georgia","Ware County",2,22,434,242,192
050,13,299,"Georgia","Ware County",2,23,437,250,187
050,13,299,"Georgia","Ware County",2,24,449,248,201
050,13,299,"Georgia","Ware County",2,25,479,269,210
050,13,299,"Georgia","Ware County",2,26,469,248,221
050,13,299,"Georgia","Ware County",2,27,462,252,210
050,13,299,"Georgia","Ware County",2,28,513,271,242
050,13,299,"Georgia","Ware County",2,29,521,276,245
050,13,299,"Georgia","Ware County",2,30,518,283,235
050,13,299,"Georgia","Ware County",2,31,498,266,232
050,13,299,"Georgia","Ware County",2,32,473,247,226
050,13,299,"Georgia","Ware County",2,33,452,231,221
050,13,299,"Georgia","Ware County",2,34,459,241,218
050,13,299,"Georgia","Ware County",2,35,454,232,222
050,13,299,"Georgia","Ware County",2,36,427,221,206
050,13,299,"Georgia","Ware County",2,37,414,217,197
050,13,299,"Georgia","Ware County",2,38,431,229,202
050,13,299,"Georgia","Ware County",2,39,456,233,223
050,13,299,"Georgia","Ware County",2,40,466,235,231
050,13,299,"Georgia","Ware County",2,41,457,229,228
050,13,299,"Georgia","Ware County",2,42,380,191,189
050,13,299,"Georgia","Ware County",2,43,382,189,193
050,13,299,"Georgia","Ware County",2,44,395,206,189
050,13,299,"Georgia","Ware County",2,45,422,214,208
050,13,299,"Georgia","Ware County",2,46,419,209,210
050,13,299,"Georgia","Ware County",2,47,423,219,204
050,13,299,"Georgia","Ware County",2,48,453,241,212
050,13,299,"Georgia","Ware County",2,49,487,245,242
050,13,299,"Georgia","Ware County",2,50,464,241,223
050,13,299,"Georgia","Ware County",2,51,414,218,196
050,13,299,"Georgia","Ware County",2,52,429,226,203
050,13,299,"Georgia","Ware County",2,53,431,223,208
050,13,299,"Georgia","Ware County",2,54,432,213,219
050,13,299,"Georgia","Ware County",2,55,430,210,220
050,13,299,"Georgia","Ware County",2,56,444,213,231
050,13,299,"Georgia","Ware County",2,57,460,235,225
050,13,299,"Georgia","Ware County",2,58,454,222,232
050,13,299,"Georgia","Ware County",2,59,446,217,229
050,13,299,"Georgia","Ware County",2,60,460,224,236
050,13,299,"Georgia","Ware County",2,61,467,221,246
050,13,299,"Georgia","Ware County",2,62,449,209,240
050,13,299,"Georgia","Ware County",2,63,456,216,240
050,13,299,"Georgia","Ware County",2,64,446,216,230
050,13,299,"Georgia","Ware County",2,65,434,215,219
050,13,299,"Georgia","Ware County",2,66,416,199,217
050,13,299,"Georgia","Ware County",2,67,397,185,212
050,13,299,"Georgia","Ware County",2,68,386,170,216
050,13,299,"Georgia","Ware County",2,69,355,157,198
050,13,299,"Georgia","Ware County",2,70,348,156,192
050,13,299,"Georgia","Ware County",2,71,361,160,201
050,13,299,"Georgia","Ware County",2,72,335,147,188
050,13,299,"Georgia","Ware County",2,73,336,146,190
050,13,299,"Georgia","Ware County",2,74,255,108,147
050,13,299,"Georgia","Ware County",2,75,259,112,147
050,13,299,"Georgia","Ware County",2,76,233,103,130
050,13,299,"Georgia","Ware County",2,77,227,106,121
050,13,299,"Georgia","Ware County",2,78,203,89,114
050,13,299,"Georgia","Ware County",2,79,184,76,108
050,13,299,"Georgia","Ware County",2,80,175,69,106
050,13,299,"Georgia","Ware County",2,81,160,58,102
050,13,299,"Georgia","Ware County",2,82,155,55,100
050,13,299,"Georgia","Ware County",2,83,128,42,86
050,13,299,"Georgia","Ware County",2,84,110,36,74
050,13,299,"Georgia","Ware County",2,85,738,232,506
050,13,299,"Georgia","Ware County",3,0,437,247,190
050,13,299,"Georgia","Ware County",3,1,484,245,239
050,13,299,"Georgia","Ware County",3,2,461,238,223
050,13,299,"Georgia","Ware County",3,3,506,265,241
050,13,299,"Georgia","Ware County",3,4,481,242,239
050,13,299,"Georgia","Ware County",3,5,493,251,242
050,13,299,"Georgia","Ware County",3,6,504,269,235
050,13,299,"Georgia","Ware County",3,7,494,262,232
050,13,299,"Georgia","Ware County",3,8,489,257,232
050,13,299,"Georgia","Ware County",3,9,486,263,223
050,13,299,"Georgia","Ware County",3,10,485,253,232
050,13,299,"Georgia","Ware County",3,11,502,264,238
050,13,299,"Georgia","Ware County",3,12,530,266,264
050,13,299,"Georgia","Ware County",3,13,537,278,259
050,13,299,"Georgia","Ware County",3,14,555,276,279
050,13,299,"Georgia","Ware County",3,15,553,283,270
050,13,299,"Georgia","Ware County",3,16,502,262,240
050,13,299,"Georgia","Ware County",3,17,505,258,247
050,13,299,"Georgia","Ware County",3,18,412,221,191
050,13,299,"Georgia","Ware County",3,19,345,195,150
050,13,299,"Georgia","Ware County",3,20,389,217,172
050,13,299,"Georgia","Ware County",3,21,408,210,198
050,13,299,"Georgia","Ware County",3,22,426,202,224
050,13,299,"Georgia","Ware County",3,23,439,242,197
050,13,299,"Georgia","Ware County",3,24,419,227,192
050,13,299,"Georgia","Ware County",3,25,447,250,197
050,13,299,"Georgia","Ware County",3,26,451,241,210
050,13,299,"Georgia","Ware County",3,27,449,221,228
050,13,299,"Georgia","Ware County",3,28,477,268,209
050,13,299,"Georgia","Ware County",3,29,488,263,225
050,13,299,"Georgia","Ware County",3,30,489,252,237
050,13,299,"Georgia","Ware County",3,31,479,255,224
050,13,299,"Georgia","Ware County",3,32,479,257,222
050,13,299,"Georgia","Ware County",3,33,462,235,227
050,13,299,"Georgia","Ware County",3,34,445,225,220
050,13,299,"Georgia","Ware County",3,35,443,229,214
050,13,299,"Georgia","Ware County",3,36,444,225,219
050,13,299,"Georgia","Ware County",3,37,408,204,204
050,13,299,"Georgia","Ware County",3,38,410,210,200
050,13,299,"Georgia","Ware County",3,39,431,238,193
050,13,299,"Georgia","Ware County",3,40,439,220,219
050,13,299,"Georgia","Ware County",3,41,462,229,233
050,13,299,"Georgia","Ware County",3,42,436,209,227
050,13,299,"Georgia","Ware County",3,43,373,186,187
050,13,299,"Georgia","Ware County",3,44,383,191,192
050,13,299,"Georgia","Ware County",3,45,382,202,180
050,13,299,"Georgia","Ware County",3,46,421,207,214
050,13,299,"Georgia","Ware County",3,47,398,197,201
050,13,299,"Georgia","Ware County",3,48,430,222,208
050,13,299,"Georgia","Ware County",3,49,440,234,206
050,13,299,"Georgia","Ware County",3,50,468,231,237
050,13,299,"Georgia","Ware County",3,51,454,226,228
050,13,299,"Georgia","Ware County",3,52,419,224,195
050,13,299,"Georgia","Ware County",3,53,409,206,203
050,13,299,"Georgia","Ware County",3,54,428,218,210
050,13,299,"Georgia","Ware County",3,55,426,215,211
050,13,299,"Georgia","Ware County",3,56,442,224,218
050,13,299,"Georgia","Ware County",3,57,411,199,212
050,13,299,"Georgia","Ware County",3,58,448,232,216
050,13,299,"Georgia","Ware County",3,59,435,207,228
050,13,299,"Georgia","Ware County",3,60,437,208,229
050,13,299,"Georgia","Ware County",3,61,442,216,226
050,13,299,"Georgia","Ware County",3,62,450,209,241
050,13,299,"Georgia","Ware County",3,63,459,218,241
050,13,299,"Georgia","Ware County",3,64,442,202,240
050,13,299,"Georgia","Ware County",3,65,428,211,217
050,13,299,"Georgia","Ware County",3,66,426,211,215
050,13,299,"Georgia","Ware County",3,67,400,189,211
050,13,299,"Georgia","Ware County",3,68,384,178,206
050,13,299,"Georgia","Ware County",3,69,371,162,209
050,13,299,"Georgia","Ware County",3,70,339,146,193
050,13,299,"Georgia","Ware County",3,71,336,150,186
050,13,299,"Georgia","Ware County",3,72,345,150,195
050,13,299,"Georgia","Ware County",3,73,315,135,180
050,13,299,"Georgia","Ware County",3,74,328,139,189
050,13,299,"Georgia","Ware County",3,75,235,99,136
050,13,299,"Georgia","Ware County",3,76,253,110,143
050,13,299,"Georgia","Ware County",3,77,220,99,121
050,13,299,"Georgia","Ware County",3,78,204,91,113
050,13,299,"Georgia","Ware County",3,79,194,87,107
050,13,299,"Georgia","Ware County",3,80,158,62,96
050,13,299,"Georgia","Ware County",3,81,165,68,97
050,13,299,"Georgia","Ware County",3,82,146,53,93
050,13,299,"Georgia","Ware County",3,83,128,44,84
050,13,299,"Georgia","Ware County",3,84,109,36,73
050,13,299,"Georgia","Ware County",3,85,683,196,487
050,13,299,"Georgia","Ware County",4,0,433,236,197
050,13,299,"Georgia","Ware County",4,1,447,252,195
050,13,299,"Georgia","Ware County",4,2,498,259,239
050,13,299,"Georgia","Ware County",4,3,481,252,229
050,13,299,"Georgia","Ware County",4,4,507,259,248
050,13,299,"Georgia","Ware County",4,5,490,242,248
050,13,299,"Georgia","Ware County",4,6,505,249,256
050,13,299,"Georgia","Ware County",4,7,484,252,232
050,13,299,"Georgia","Ware County",4,8,492,254,238
050,13,299,"Georgia","Ware County",4,9,503,260,243
050,13,299,"Georgia","Ware County",4,10,484,265,219
050,13,299,"Georgia","Ware County",4,11,482,252,230
050,13,299,"Georgia","Ware County",4,12,508,268,240
050,13,299,"Georgia","Ware County",4,13,523,263,260
050,13,299,"Georgia","Ware County",4,14,525,269,256
050,13,299,"Georgia","Ware County",4,15,568,288,280
050,13,299,"Georgia","Ware County",4,16,531,266,265
050,13,299,"Georgia","Ware County",4,17,513,272,241
050,13,299,"Georgia","Ware County",4,18,443,240,203
050,13,299,"Georgia","Ware County",4,19,355,197,158
050,13,299,"Georgia","Ware County",4,20,368,220,148
050,13,299,"Georgia","Ware County",4,21,413,224,189
050,13,299,"Georgia","Ware County",4,22,447,229,218
050,13,299,"Georgia","Ware County",4,23,459,215,244
050,13,299,"Georgia","Ware County",4,24,436,245,191
050,13,299,"Georgia","Ware County",4,25,441,248,193
050,13,299,"Georgia","Ware County",4,26,437,229,208
050,13,299,"Georgia","Ware County",4,27,443,241,202
050,13,299,"Georgia","Ware County",4,28,482,246,236
050,13,299,"Georgia","Ware County",4,29,479,274,205
050,13,299,"Georgia","Ware County",4,30,471,239,232
050,13,299,"Georgia","Ware County",4,31,483,242,241
050,13,299,"Georgia","Ware County",4,32,475,258,217
050,13,299,"Georgia","Ware County",4,33,471,241,230
050,13,299,"Georgia","Ware County",4,34,454,232,222
050,13,299,"Georgia","Ware County",4,35,469,240,229
050,13,299,"Georgia","Ware County",4,36,454,235,219
050,13,299,"Georgia","Ware County",4,37,442,224,218
050,13,299,"Georgia","Ware County",4,38,406,204,202
050,13,299,"Georgia","Ware County",4,39,411,212,199
050,13,299,"Georgia","Ware County",4,40,421,228,193
050,13,299,"Georgia","Ware County",4,41,454,234,220
050,13,299,"Georgia","Ware County",4,42,453,218,235
050,13,299,"Georgia","Ware County",4,43,436,205,231
050,13,299,"Georgia","Ware County",4,44,377,189,188
050,13,299,"Georgia","Ware County",4,45,378,191,187
050,13,299,"Georgia","Ware County",4,46,378,203,175
050,13,299,"Georgia","Ware County",4,47,402,196,206
050,13,299,"Georgia","Ware County",4,48,405,204,201
050,13,299,"Georgia","Ware County",4,49,411,212,199
050,13,299,"Georgia","Ware County",4,50,423,218,205
050,13,299,"Georgia","Ware County",4,51,452,228,224
050,13,299,"Georgia","Ware County",4,52,449,224,225
050,13,299,"Georgia","Ware County",4,53,407,209,198
050,13,299,"Georgia","Ware County",4,54,399,195,204
050,13,299,"Georgia","Ware County",4,55,426,214,212
050,13,299,"Georgia","Ware County",4,56,428,221,207
050,13,299,"Georgia","Ware County",4,57,440,223,217
050,13,299,"Georgia","Ware County",4,58,419,201,218
050,13,299,"Georgia","Ware County",4,59,442,220,222
050,13,299,"Georgia","Ware County",4,60,433,208,225
050,13,299,"Georgia","Ware County",4,61,430,205,225
050,13,299,"Georgia","Ware County",4,62,431,205,226
050,13,299,"Georgia","Ware County",4,63,441,209,232
050,13,299,"Georgia","Ware County",4,64,448,214,234
050,13,299,"Georgia","Ware County",4,65,441,203,238
050,13,299,"Georgia","Ware County",4,66,420,199,221
050,13,299,"Georgia","Ware County",4,67,417,202,215
050,13,299,"Georgia","Ware County",4,68,390,187,203
050,13,299,"Georgia","Ware County",4,69,375,177,198
050,13,299,"Georgia","Ware County",4,70,362,159,203
050,13,299,"Georgia","Ware County",4,71,325,140,185
050,13,299,"Georgia","Ware County",4,72,323,140,183
050,13,299,"Georgia","Ware County",4,73,319,134,185
050,13,299,"Georgia","Ware County",4,74,308,132,176
050,13,299,"Georgia","Ware County",4,75,313,133,180
050,13,299,"Georgia","Ware County",4,76,234,100,134
050,13,299,"Georgia","Ware County",4,77,251,105,146
050,13,299,"Georgia","Ware County",4,78,203,87,116
050,13,299,"Georgia","Ware County",4,79,189,87,102
050,13,299,"Georgia","Ware County",4,80,176,76,100
050,13,299,"Georgia","Ware County",4,81,143,55,88
050,13,299,"Georgia","Ware County",4,82,151,66,85
050,13,299,"Georgia","Ware County",4,83,125,44,81
050,13,299,"Georgia","Ware County",4,84,122,40,82
050,13,299,"Georgia","Ware County",4,85,714,205,509
050,13,299,"Georgia","Ware County",5,0,454,250,204
050,13,299,"Georgia","Ware County",5,1,441,235,206
050,13,299,"Georgia","Ware County",5,2,440,260,180
050,13,299,"Georgia","Ware County",5,3,509,255,254
050,13,299,"Georgia","Ware County",5,4,492,266,226
050,13,299,"Georgia","Ware County",5,5,503,261,242
050,13,299,"Georgia","Ware County",5,6,497,250,247
050,13,299,"Georgia","Ware County",5,7,488,241,247
050,13,299,"Georgia","Ware County",5,8,504,261,243
050,13,299,"Georgia","Ware County",5,9,495,254,241
050,13,299,"Georgia","Ware County",5,10,520,268,252
050,13,299,"Georgia","Ware County",5,11,500,272,228
050,13,299,"Georgia","Ware County",5,12,497,270,227
050,13,299,"Georgia","Ware County",5,13,520,276,244
050,13,299,"Georgia","Ware County",5,14,517,262,255
050,13,299,"Georgia","Ware County",5,15,558,283,275
050,13,299,"Georgia","Ware County",5,16,575,292,283
050,13,299,"Georgia","Ware County",5,17,544,274,270
050,13,299,"Georgia","Ware County",5,18,471,267,204
050,13,299,"Georgia","Ware County",5,19,396,225,171
050,13,299,"Georgia","Ware County",5,20,415,248,167
050,13,299,"Georgia","Ware County",5,21,396,242,154
050,13,299,"Georgia","Ware County",5,22,456,256,200
050,13,299,"Georgia","Ware County",5,23,467,249,218
050,13,299,"Georgia","Ware County",5,24,483,233,250
050,13,299,"Georgia","Ware County",5,25,460,270,190
050,13,299,"Georgia","Ware County",5,26,442,251,191
050,13,299,"Georgia","Ware County",5,27,439,235,204
050,13,299,"Georgia","Ware County",5,28,493,281,212
050,13,299,"Georgia","Ware County",5,29,500,264,236
050,13,299,"Georgia","Ware County",5,30,496,285,211
050,13,299,"Georgia","Ware County",5,31,464,232,232
050,13,299,"Georgia","Ware County",5,32,506,267,239
050,13,299,"Georgia","Ware County",5,33,501,278,223
050,13,299,"Georgia","Ware County",5,34,492,261,231
050,13,299,"Georgia","Ware County",5,35,485,248,237
050,13,299,"Georgia","Ware County",5,36,468,240,228
050,13,299,"Georgia","Ware County",5,37,460,235,225
050,13,299,"Georgia","Ware County",5,38,454,238,216
050,13,299,"Georgia","Ware County",5,39,422,215,207
050,13,299,"Georgia","Ware County",5,40,421,214,207
050,13,299,"Georgia","Ware County",5,41,432,238,194
050,13,299,"Georgia","Ware County",5,42,438,217,221
050,13,299,"Georgia","Ware County",5,43,456,221,235
050,13,299,"Georgia","Ware County",5,44,462,213,249
050,13,299,"Georgia","Ware County",5,45,386,200,186
050,13,299,"Georgia","Ware County",5,46,378,197,181
050,13,299,"Georgia","Ware County",5,47,386,214,172
050,13,299,"Georgia","Ware County",5,48,423,219,204
050,13,299,"Georgia","Ware County",5,49,402,200,202
050,13,299,"Georgia","Ware County",5,50,415,212,203
050,13,299,"Georgia","Ware County",5,51,422,223,199
050,13,299,"Georgia","Ware County",5,52,483,249,234
050,13,299,"Georgia","Ware County",5,53,458,223,235
050,13,299,"Georgia","Ware County",5,54,408,194,214
050,13,299,"Georgia","Ware County",5,55,400,196,204
050,13,299,"Georgia","Ware County",5,56,431,223,208
050,13,299,"Georgia","Ware County",5,57,425,218,207
050,13,299,"Georgia","Ware County",5,58,442,228,214
050,13,299,"Georgia","Ware County",5,59,419,202,217
050,13,299,"Georgia","Ware County",5,60,432,205,227
050,13,299,"Georgia","Ware County",5,61,434,209,225
050,13,299,"Georgia","Ware County",5,62,434,209,225
050,13,299,"Georgia","Ware County",5,63,433,208,225
050,13,299,"Georgia","Ware County",5,64,430,200,230
050,13,299,"Georgia","Ware County",5,65,448,217,231
050,13,299,"Georgia","Ware County",5,66,428,195,233
050,13,299,"Georgia","Ware County",5,67,412,191,221
050,13,299,"Georgia","Ware County",5,68,406,198,208
050,13,299,"Georgia","Ware County",5,69,394,190,204
050,13,299,"Georgia","Ware County",5,70,359,172,187
050,13,299,"Georgia","Ware County",5,71,349,153,196
050,13,299,"Georgia","Ware County",5,72,324,140,184
050,13,299,"Georgia","Ware County",5,73,303,132,171
050,13,299,"Georgia","Ware County",5,74,307,127,180
050,13,299,"Georgia","Ware County",5,75,291,123,168
050,13,299,"Georgia","Ware County",5,76,315,136,179
050,13,299,"Georgia","Ware County",5,77,221,95,126
050,13,299,"Georgia","Ware County",5,78,227,94,133
050,13,299,"Georgia","Ware County",5,79,188,87,101
050,13,299,"Georgia","Ware County",5,80,174,78,96
050,13,299,"Georgia","Ware County",5,81,167,73,94
050,13,299,"Georgia","Ware County",5,82,129,51,78
050,13,299,"Georgia","Ware County",5,83,128,55,73
050,13,299,"Georgia","Ware County",5,84,113,41,72
050,13,299,"Georgia","Ware County",5,85,690,207,483
050,13,301,"Georgia","Warren County",1,0,56,29,27
050,13,301,"Georgia","Warren County",1,1,59,26,33
050,13,301,"Georgia","Warren County",1,2,55,22,33
050,13,301,"Georgia","Warren County",1,3,52,26,26
050,13,301,"Georgia","Warren County",1,4,56,21,35
050,13,301,"Georgia","Warren County",1,5,58,29,29
050,13,301,"Georgia","Warren County",1,6,50,22,28
050,13,301,"Georgia","Warren County",1,7,50,23,27
050,13,301,"Georgia","Warren County",1,8,60,25,35
050,13,301,"Georgia","Warren County",1,9,49,26,23
050,13,301,"Georgia","Warren County",1,10,58,30,28
050,13,301,"Georgia","Warren County",1,11,67,30,37
050,13,301,"Georgia","Warren County",1,12,62,29,33
050,13,301,"Georgia","Warren County",1,13,64,28,36
050,13,301,"Georgia","Warren County",1,14,56,31,25
050,13,301,"Georgia","Warren County",1,15,58,28,30
050,13,301,"Georgia","Warren County",1,16,65,31,34
050,13,301,"Georgia","Warren County",1,17,75,37,38
050,13,301,"Georgia","Warren County",1,18,66,31,35
050,13,301,"Georgia","Warren County",1,19,40,20,20
050,13,301,"Georgia","Warren County",1,20,46,22,24
050,13,301,"Georgia","Warren County",1,21,49,26,23
050,13,301,"Georgia","Warren County",1,22,56,27,29
050,13,301,"Georgia","Warren County",1,23,45,19,26
050,13,301,"Georgia","Warren County",1,24,50,28,22
050,13,301,"Georgia","Warren County",1,25,62,36,26
050,13,301,"Georgia","Warren County",1,26,64,27,37
050,13,301,"Georgia","Warren County",1,27,65,32,33
050,13,301,"Georgia","Warren County",1,28,62,33,29
050,13,301,"Georgia","Warren County",1,29,66,37,29
050,13,301,"Georgia","Warren County",1,30,82,41,41
050,13,301,"Georgia","Warren County",1,31,53,31,22
050,13,301,"Georgia","Warren County",1,32,50,22,28
050,13,301,"Georgia","Warren County",1,33,54,24,30
050,13,301,"Georgia","Warren County",1,34,48,19,29
050,13,301,"Georgia","Warren County",1,35,48,20,28
050,13,301,"Georgia","Warren County",1,36,48,27,21
050,13,301,"Georgia","Warren County",1,37,53,31,22
050,13,301,"Georgia","Warren County",1,38,56,31,25
050,13,301,"Georgia","Warren County",1,39,56,26,30
050,13,301,"Georgia","Warren County",1,40,59,28,31
050,13,301,"Georgia","Warren County",1,41,52,24,28
050,13,301,"Georgia","Warren County",1,42,60,31,29
050,13,301,"Georgia","Warren County",1,43,44,19,25
050,13,301,"Georgia","Warren County",1,44,53,23,30
050,13,301,"Georgia","Warren County",1,45,56,26,30
050,13,301,"Georgia","Warren County",1,46,57,34,23
050,13,301,"Georgia","Warren County",1,47,68,35,33
050,13,301,"Georgia","Warren County",1,48,55,29,26
050,13,301,"Georgia","Warren County",1,49,68,35,33
050,13,301,"Georgia","Warren County",1,50,73,33,40
050,13,301,"Georgia","Warren County",1,51,74,32,42
050,13,301,"Georgia","Warren County",1,52,67,31,36
050,13,301,"Georgia","Warren County",1,53,72,33,39
050,13,301,"Georgia","Warren County",1,54,75,36,39
050,13,301,"Georgia","Warren County",1,55,89,41,48
050,13,301,"Georgia","Warren County",1,56,77,35,42
050,13,301,"Georgia","Warren County",1,57,79,39,40
050,13,301,"Georgia","Warren County",1,58,87,43,44
050,13,301,"Georgia","Warren County",1,59,84,41,43
050,13,301,"Georgia","Warren County",1,60,72,34,38
050,13,301,"Georgia","Warren County",1,61,88,44,44
050,13,301,"Georgia","Warren County",1,62,85,41,44
050,13,301,"Georgia","Warren County",1,63,88,41,47
050,13,301,"Georgia","Warren County",1,64,93,45,48
050,13,301,"Georgia","Warren County",1,65,81,39,42
050,13,301,"Georgia","Warren County",1,66,74,35,39
050,13,301,"Georgia","Warren County",1,67,80,32,48
050,13,301,"Georgia","Warren County",1,68,70,27,43
050,13,301,"Georgia","Warren County",1,69,68,35,33
050,13,301,"Georgia","Warren County",1,70,62,26,36
050,13,301,"Georgia","Warren County",1,71,56,22,34
050,13,301,"Georgia","Warren County",1,72,58,30,28
050,13,301,"Georgia","Warren County",1,73,62,31,31
050,13,301,"Georgia","Warren County",1,74,44,16,28
050,13,301,"Georgia","Warren County",1,75,56,21,35
050,13,301,"Georgia","Warren County",1,76,59,25,34
050,13,301,"Georgia","Warren County",1,77,51,24,27
050,13,301,"Georgia","Warren County",1,78,51,22,29
050,13,301,"Georgia","Warren County",1,79,44,19,25
050,13,301,"Georgia","Warren County",1,80,24,14,10
050,13,301,"Georgia","Warren County",1,81,26,8,18
050,13,301,"Georgia","Warren County",1,82,18,9,9
050,13,301,"Georgia","Warren County",1,83,26,11,15
050,13,301,"Georgia","Warren County",1,84,26,15,11
050,13,301,"Georgia","Warren County",1,85,130,41,89
050,13,301,"Georgia","Warren County",2,0,52,23,29
050,13,301,"Georgia","Warren County",2,1,58,27,31
050,13,301,"Georgia","Warren County",2,2,57,23,34
050,13,301,"Georgia","Warren County",2,3,54,26,28
050,13,301,"Georgia","Warren County",2,4,56,23,33
050,13,301,"Georgia","Warren County",2,5,58,28,30
050,13,301,"Georgia","Warren County",2,6,54,25,29
050,13,301,"Georgia","Warren County",2,7,50,22,28
050,13,301,"Georgia","Warren County",2,8,57,25,32
050,13,301,"Georgia","Warren County",2,9,50,25,25
050,13,301,"Georgia","Warren County",2,10,56,29,27
050,13,301,"Georgia","Warren County",2,11,65,29,36
050,13,301,"Georgia","Warren County",2,12,62,28,34
050,13,301,"Georgia","Warren County",2,13,64,28,36
050,13,301,"Georgia","Warren County",2,14,56,29,27
050,13,301,"Georgia","Warren County",2,15,57,27,30
050,13,301,"Georgia","Warren County",2,16,65,31,34
050,13,301,"Georgia","Warren County",2,17,72,35,37
050,13,301,"Georgia","Warren County",2,18,64,31,33
050,13,301,"Georgia","Warren County",2,19,45,22,23
050,13,301,"Georgia","Warren County",2,20,46,22,24
050,13,301,"Georgia","Warren County",2,21,49,25,24
050,13,301,"Georgia","Warren County",2,22,55,27,28
050,13,301,"Georgia","Warren County",2,23,48,21,27
050,13,301,"Georgia","Warren County",2,24,51,27,24
050,13,301,"Georgia","Warren County",2,25,60,34,26
050,13,301,"Georgia","Warren County",2,26,65,30,35
050,13,301,"Georgia","Warren County",2,27,67,32,35
050,13,301,"Georgia","Warren County",2,28,64,34,30
050,13,301,"Georgia","Warren County",2,29,65,36,29
050,13,301,"Georgia","Warren County",2,30,78,41,37
050,13,301,"Georgia","Warren County",2,31,60,33,27
050,13,301,"Georgia","Warren County",2,32,52,25,27
050,13,301,"Georgia","Warren County",2,33,54,24,30
050,13,301,"Georgia","Warren County",2,34,49,20,29
050,13,301,"Georgia","Warren County",2,35,48,20,28
050,13,301,"Georgia","Warren County",2,36,47,25,22
050,13,301,"Georgia","Warren County",2,37,51,29,22
050,13,301,"Georgia","Warren County",2,38,56,32,24
050,13,301,"Georgia","Warren County",2,39,55,26,29
050,13,301,"Georgia","Warren County",2,40,58,27,31
050,13,301,"Georgia","Warren County",2,41,55,26,29
050,13,301,"Georgia","Warren County",2,42,58,29,29
050,13,301,"Georgia","Warren County",2,43,49,22,27
050,13,301,"Georgia","Warren County",2,44,51,23,28
050,13,301,"Georgia","Warren County",2,45,57,26,31
050,13,301,"Georgia","Warren County",2,46,56,32,24
050,13,301,"Georgia","Warren County",2,47,65,35,30
050,13,301,"Georgia","Warren County",2,48,57,29,28
050,13,301,"Georgia","Warren County",2,49,66,34,32
050,13,301,"Georgia","Warren County",2,50,73,34,39
050,13,301,"Georgia","Warren County",2,51,73,31,42
050,13,301,"Georgia","Warren County",2,52,69,31,38
050,13,301,"Georgia","Warren County",2,53,69,31,38
050,13,301,"Georgia","Warren County",2,54,72,34,38
050,13,301,"Georgia","Warren County",2,55,87,40,47
050,13,301,"Georgia","Warren County",2,56,81,37,44
050,13,301,"Georgia","Warren County",2,57,79,39,40
050,13,301,"Georgia","Warren County",2,58,85,42,43
050,13,301,"Georgia","Warren County",2,59,84,42,42
050,13,301,"Georgia","Warren County",2,60,75,35,40
050,13,301,"Georgia","Warren County",2,61,84,42,42
050,13,301,"Georgia","Warren County",2,62,86,42,44
050,13,301,"Georgia","Warren County",2,63,88,41,47
050,13,301,"Georgia","Warren County",2,64,91,43,48
050,13,301,"Georgia","Warren County",2,65,83,40,43
050,13,301,"Georgia","Warren County",2,66,75,35,40
050,13,301,"Georgia","Warren County",2,67,78,32,46
050,13,301,"Georgia","Warren County",2,68,73,29,44
050,13,301,"Georgia","Warren County",2,69,69,33,36
050,13,301,"Georgia","Warren County",2,70,64,29,35
050,13,301,"Georgia","Warren County",2,71,55,20,35
050,13,301,"Georgia","Warren County",2,72,57,28,29
050,13,301,"Georgia","Warren County",2,73,61,30,31
050,13,301,"Georgia","Warren County",2,74,45,18,27
050,13,301,"Georgia","Warren County",2,75,52,20,32
050,13,301,"Georgia","Warren County",2,76,57,24,33
050,13,301,"Georgia","Warren County",2,77,52,25,27
050,13,301,"Georgia","Warren County",2,78,51,23,28
050,13,301,"Georgia","Warren County",2,79,46,19,27
050,13,301,"Georgia","Warren County",2,80,26,14,12
050,13,301,"Georgia","Warren County",2,81,25,10,15
050,13,301,"Georgia","Warren County",2,82,19,8,11
050,13,301,"Georgia","Warren County",2,83,24,11,13
050,13,301,"Georgia","Warren County",2,84,24,13,11
050,13,301,"Georgia","Warren County",2,85,131,42,89
050,13,301,"Georgia","Warren County",3,0,56,29,27
050,13,301,"Georgia","Warren County",3,1,62,33,29
050,13,301,"Georgia","Warren County",3,2,55,27,28
050,13,301,"Georgia","Warren County",3,3,55,21,34
050,13,301,"Georgia","Warren County",3,4,53,27,26
050,13,301,"Georgia","Warren County",3,5,54,23,31
050,13,301,"Georgia","Warren County",3,6,57,32,25
050,13,301,"Georgia","Warren County",3,7,52,24,28
050,13,301,"Georgia","Warren County",3,8,52,24,28
050,13,301,"Georgia","Warren County",3,9,59,25,34
050,13,301,"Georgia","Warren County",3,10,58,29,29
050,13,301,"Georgia","Warren County",3,11,65,33,32
050,13,301,"Georgia","Warren County",3,12,63,28,35
050,13,301,"Georgia","Warren County",3,13,64,34,30
050,13,301,"Georgia","Warren County",3,14,68,31,37
050,13,301,"Georgia","Warren County",3,15,58,29,29
050,13,301,"Georgia","Warren County",3,16,58,27,31
050,13,301,"Georgia","Warren County",3,17,63,28,35
050,13,301,"Georgia","Warren County",3,18,63,31,32
050,13,301,"Georgia","Warren County",3,19,56,27,29
050,13,301,"Georgia","Warren County",3,20,45,28,17
050,13,301,"Georgia","Warren County",3,21,54,26,28
050,13,301,"Georgia","Warren County",3,22,54,27,27
050,13,301,"Georgia","Warren County",3,23,61,32,29
050,13,301,"Georgia","Warren County",3,24,50,23,27
050,13,301,"Georgia","Warren County",3,25,58,29,29
050,13,301,"Georgia","Warren County",3,26,53,32,21
050,13,301,"Georgia","Warren County",3,27,67,31,36
050,13,301,"Georgia","Warren County",3,28,70,36,34
050,13,301,"Georgia","Warren County",3,29,52,24,28
050,13,301,"Georgia","Warren County",3,30,67,36,31
050,13,301,"Georgia","Warren County",3,31,81,42,39
050,13,301,"Georgia","Warren County",3,32,61,31,30
050,13,301,"Georgia","Warren County",3,33,57,30,27
050,13,301,"Georgia","Warren County",3,34,53,21,32
050,13,301,"Georgia","Warren County",3,35,51,22,29
050,13,301,"Georgia","Warren County",3,36,50,20,30
050,13,301,"Georgia","Warren County",3,37,51,28,23
050,13,301,"Georgia","Warren County",3,38,50,27,23
050,13,301,"Georgia","Warren County",3,39,59,34,25
050,13,301,"Georgia","Warren County",3,40,58,29,29
050,13,301,"Georgia","Warren County",3,41,50,24,26
050,13,301,"Georgia","Warren County",3,42,57,24,33
050,13,301,"Georgia","Warren County",3,43,58,30,28
050,13,301,"Georgia","Warren County",3,44,42,18,24
050,13,301,"Georgia","Warren County",3,45,51,24,27
050,13,301,"Georgia","Warren County",3,46,56,26,30
050,13,301,"Georgia","Warren County",3,47,53,30,23
050,13,301,"Georgia","Warren County",3,48,62,35,27
050,13,301,"Georgia","Warren County",3,49,58,31,27
050,13,301,"Georgia","Warren County",3,50,66,35,31
050,13,301,"Georgia","Warren County",3,51,74,34,40
050,13,301,"Georgia","Warren County",3,52,70,31,39
050,13,301,"Georgia","Warren County",3,53,69,28,41
050,13,301,"Georgia","Warren County",3,54,70,29,41
050,13,301,"Georgia","Warren County",3,55,75,37,38
050,13,301,"Georgia","Warren County",3,56,88,40,48
050,13,301,"Georgia","Warren County",3,57,78,36,42
050,13,301,"Georgia","Warren County",3,58,82,41,41
050,13,301,"Georgia","Warren County",3,59,80,41,39
050,13,301,"Georgia","Warren County",3,60,82,42,40
050,13,301,"Georgia","Warren County",3,61,76,37,39
050,13,301,"Georgia","Warren County",3,62,82,42,40
050,13,301,"Georgia","Warren County",3,63,84,37,47
050,13,301,"Georgia","Warren County",3,64,84,37,47
050,13,301,"Georgia","Warren County",3,65,92,44,48
050,13,301,"Georgia","Warren County",3,66,78,37,41
050,13,301,"Georgia","Warren County",3,67,75,35,40
050,13,301,"Georgia","Warren County",3,68,76,32,44
050,13,301,"Georgia","Warren County",3,69,70,27,43
050,13,301,"Georgia","Warren County",3,70,69,34,35
050,13,301,"Georgia","Warren County",3,71,62,28,34
050,13,301,"Georgia","Warren County",3,72,51,19,32
050,13,301,"Georgia","Warren County",3,73,53,29,24
050,13,301,"Georgia","Warren County",3,74,56,28,28
050,13,301,"Georgia","Warren County",3,75,46,18,28
050,13,301,"Georgia","Warren County",3,76,48,20,28
050,13,301,"Georgia","Warren County",3,77,54,21,33
050,13,301,"Georgia","Warren County",3,78,52,26,26
050,13,301,"Georgia","Warren County",3,79,50,20,30
050,13,301,"Georgia","Warren County",3,80,41,18,23
050,13,301,"Georgia","Warren County",3,81,25,14,11
050,13,301,"Georgia","Warren County",3,82,22,8,14
050,13,301,"Georgia","Warren County",3,83,20,9,11
050,13,301,"Georgia","Warren County",3,84,20,9,11
050,13,301,"Georgia","Warren County",3,85,128,43,85
050,13,301,"Georgia","Warren County",4,0,51,29,22
050,13,301,"Georgia","Warren County",4,1,55,32,23
050,13,301,"Georgia","Warren County",4,2,62,37,25
050,13,301,"Georgia","Warren County",4,3,51,25,26
050,13,301,"Georgia","Warren County",4,4,55,24,31
050,13,301,"Georgia","Warren County",4,5,57,29,28
050,13,301,"Georgia","Warren County",4,6,56,26,30
050,13,301,"Georgia","Warren County",4,7,57,32,25
050,13,301,"Georgia","Warren County",4,8,52,23,29
050,13,301,"Georgia","Warren County",4,9,52,25,27
050,13,301,"Georgia","Warren County",4,10,56,23,33
050,13,301,"Georgia","Warren County",4,11,59,27,32
050,13,301,"Georgia","Warren County",4,12,64,34,30
050,13,301,"Georgia","Warren County",4,13,69,33,36
050,13,301,"Georgia","Warren County",4,14,69,35,34
050,13,301,"Georgia","Warren County",4,15,68,31,37
050,13,301,"Georgia","Warren County",4,16,52,29,23
050,13,301,"Georgia","Warren County",4,17,55,26,29
050,13,301,"Georgia","Warren County",4,18,54,29,25
050,13,301,"Georgia","Warren County",4,19,48,23,25
050,13,301,"Georgia","Warren County",4,20,58,27,31
050,13,301,"Georgia","Warren County",4,21,47,27,20
050,13,301,"Georgia","Warren County",4,22,53,29,24
050,13,301,"Georgia","Warren County",4,23,54,27,27
050,13,301,"Georgia","Warren County",4,24,60,34,26
050,13,301,"Georgia","Warren County",4,25,48,19,29
050,13,301,"Georgia","Warren County",4,26,56,29,27
050,13,301,"Georgia","Warren County",4,27,50,28,22
050,13,301,"Georgia","Warren County",4,28,71,38,33
050,13,301,"Georgia","Warren County",4,29,70,31,39
050,13,301,"Georgia","Warren County",4,30,50,25,25
050,13,301,"Georgia","Warren County",4,31,66,34,32
050,13,301,"Georgia","Warren County",4,32,80,43,37
050,13,301,"Georgia","Warren County",4,33,53,31,22
050,13,301,"Georgia","Warren County",4,34,62,32,30
050,13,301,"Georgia","Warren County",4,35,49,19,30
050,13,301,"Georgia","Warren County",4,36,53,20,33
050,13,301,"Georgia","Warren County",4,37,59,23,36
050,13,301,"Georgia","Warren County",4,38,53,29,24
050,13,301,"Georgia","Warren County",4,39,53,30,23
050,13,301,"Georgia","Warren County",4,40,59,33,26
050,13,301,"Georgia","Warren County",4,41,56,27,29
050,13,301,"Georgia","Warren County",4,42,54,29,25
050,13,301,"Georgia","Warren County",4,43,54,23,31
050,13,301,"Georgia","Warren County",4,44,59,29,30
050,13,301,"Georgia","Warren County",4,45,35,16,19
050,13,301,"Georgia","Warren County",4,46,49,22,27
050,13,301,"Georgia","Warren County",4,47,51,24,27
050,13,301,"Georgia","Warren County",4,48,51,29,22
050,13,301,"Georgia","Warren County",4,49,66,34,32
050,13,301,"Georgia","Warren County",4,50,58,33,25
050,13,301,"Georgia","Warren County",4,51,67,35,32
050,13,301,"Georgia","Warren County",4,52,71,31,40
050,13,301,"Georgia","Warren County",4,53,69,30,39
050,13,301,"Georgia","Warren County",4,54,65,25,40
050,13,301,"Georgia","Warren County",4,55,75,34,41
050,13,301,"Georgia","Warren County",4,56,71,33,38
050,13,301,"Georgia","Warren County",4,57,89,41,48
050,13,301,"Georgia","Warren County",4,58,75,34,41
050,13,301,"Georgia","Warren County",4,59,83,41,42
050,13,301,"Georgia","Warren County",4,60,78,42,36
050,13,301,"Georgia","Warren County",4,61,80,41,39
050,13,301,"Georgia","Warren County",4,62,72,34,38
050,13,301,"Georgia","Warren County",4,63,79,40,39
050,13,301,"Georgia","Warren County",4,64,81,35,46
050,13,301,"Georgia","Warren County",4,65,84,38,46
050,13,301,"Georgia","Warren County",4,66,99,44,55
050,13,301,"Georgia","Warren County",4,67,73,33,40
050,13,301,"Georgia","Warren County",4,68,75,35,40
050,13,301,"Georgia","Warren County",4,69,82,35,47
050,13,301,"Georgia","Warren County",4,70,70,28,42
050,13,301,"Georgia","Warren County",4,71,69,36,33
050,13,301,"Georgia","Warren County",4,72,58,26,32
050,13,301,"Georgia","Warren County",4,73,49,20,29
050,13,301,"Georgia","Warren County",4,74,50,28,22
050,13,301,"Georgia","Warren County",4,75,57,28,29
050,13,301,"Georgia","Warren County",4,76,44,18,26
050,13,301,"Georgia","Warren County",4,77,45,18,27
050,13,301,"Georgia","Warren County",4,78,53,22,31
050,13,301,"Georgia","Warren County",4,79,47,21,26
050,13,301,"Georgia","Warren County",4,80,41,20,21
050,13,301,"Georgia","Warren County",4,81,39,18,21
050,13,301,"Georgia","Warren County",4,82,22,10,12
050,13,301,"Georgia","Warren County",4,83,23,9,14
050,13,301,"Georgia","Warren County",4,84,17,8,9
050,13,301,"Georgia","Warren County",4,85,126,41,85
050,13,301,"Georgia","Warren County",5,0,51,29,22
050,13,301,"Georgia","Warren County",5,1,51,33,18
050,13,301,"Georgia","Warren County",5,2,47,24,23
050,13,301,"Georgia","Warren County",5,3,64,34,30
050,13,301,"Georgia","Warren County",5,4,51,26,25
050,13,301,"Georgia","Warren County",5,5,55,24,31
050,13,301,"Georgia","Warren County",5,6,60,32,28
050,13,301,"Georgia","Warren County",5,7,56,27,29
050,13,301,"Georgia","Warren County",5,8,62,32,30
050,13,301,"Georgia","Warren County",5,9,55,25,30
050,13,301,"Georgia","Warren County",5,10,50,23,27
050,13,301,"Georgia","Warren County",5,11,63,26,37
050,13,301,"Georgia","Warren County",5,12,60,27,33
050,13,301,"Georgia","Warren County",5,13,65,32,33
050,13,301,"Georgia","Warren County",5,14,67,33,34
050,13,301,"Georgia","Warren County",5,15,61,31,30
050,13,301,"Georgia","Warren County",5,16,69,34,35
050,13,301,"Georgia","Warren County",5,17,51,29,22
050,13,301,"Georgia","Warren County",5,18,53,24,29
050,13,301,"Georgia","Warren County",5,19,47,26,21
050,13,301,"Georgia","Warren County",5,20,46,21,25
050,13,301,"Georgia","Warren County",5,21,56,27,29
050,13,301,"Georgia","Warren County",5,22,46,23,23
050,13,301,"Georgia","Warren County",5,23,62,29,33
050,13,301,"Georgia","Warren County",5,24,50,27,23
050,13,301,"Georgia","Warren County",5,25,53,28,25
050,13,301,"Georgia","Warren County",5,26,41,14,27
050,13,301,"Georgia","Warren County",5,27,46,27,19
050,13,301,"Georgia","Warren County",5,28,55,35,20
050,13,301,"Georgia","Warren County",5,29,71,34,37
050,13,301,"Georgia","Warren County",5,30,75,36,39
050,13,301,"Georgia","Warren County",5,31,53,26,27
050,13,301,"Georgia","Warren County",5,32,65,34,31
050,13,301,"Georgia","Warren County",5,33,74,40,34
050,13,301,"Georgia","Warren County",5,34,51,31,20
050,13,301,"Georgia","Warren County",5,35,60,30,30
050,13,301,"Georgia","Warren County",5,36,48,19,29
050,13,301,"Georgia","Warren County",5,37,44,16,28
050,13,301,"Georgia","Warren County",5,38,59,23,36
050,13,301,"Georgia","Warren County",5,39,51,26,25
050,13,301,"Georgia","Warren County",5,40,56,32,24
050,13,301,"Georgia","Warren County",5,41,62,35,27
050,13,301,"Georgia","Warren County",5,42,58,28,30
050,13,301,"Georgia","Warren County",5,43,59,32,27
050,13,301,"Georgia","Warren County",5,44,56,21,35
050,13,301,"Georgia","Warren County",5,45,56,26,30
050,13,301,"Georgia","Warren County",5,46,37,18,19
050,13,301,"Georgia","Warren County",5,47,53,23,30
050,13,301,"Georgia","Warren County",5,48,55,25,30
050,13,301,"Georgia","Warren County",5,49,48,28,20
050,13,301,"Georgia","Warren County",5,50,62,30,32
050,13,301,"Georgia","Warren County",5,51,60,32,28
050,13,301,"Georgia","Warren County",5,52,65,33,32
050,13,301,"Georgia","Warren County",5,53,71,31,40
050,13,301,"Georgia","Warren County",5,54,67,28,39
050,13,301,"Georgia","Warren County",5,55,70,26,44
050,13,301,"Georgia","Warren County",5,56,69,31,38
050,13,301,"Georgia","Warren County",5,57,67,31,36
050,13,301,"Georgia","Warren County",5,58,91,44,47
050,13,301,"Georgia","Warren County",5,59,74,33,41
050,13,301,"Georgia","Warren County",5,60,83,40,43
050,13,301,"Georgia","Warren County",5,61,72,39,33
050,13,301,"Georgia","Warren County",5,62,79,39,40
050,13,301,"Georgia","Warren County",5,63,70,34,36
050,13,301,"Georgia","Warren County",5,64,74,36,38
050,13,301,"Georgia","Warren County",5,65,84,38,46
050,13,301,"Georgia","Warren County",5,66,82,36,46
050,13,301,"Georgia","Warren County",5,67,92,39,53
050,13,301,"Georgia","Warren County",5,68,72,32,40
050,13,301,"Georgia","Warren County",5,69,74,34,40
050,13,301,"Georgia","Warren County",5,70,83,37,46
050,13,301,"Georgia","Warren County",5,71,68,28,40
050,13,301,"Georgia","Warren County",5,72,68,35,33
050,13,301,"Georgia","Warren County",5,73,54,27,27
050,13,301,"Georgia","Warren County",5,74,47,18,29
050,13,301,"Georgia","Warren County",5,75,48,26,22
050,13,301,"Georgia","Warren County",5,76,56,29,27
050,13,301,"Georgia","Warren County",5,77,42,16,26
050,13,301,"Georgia","Warren County",5,78,45,19,26
050,13,301,"Georgia","Warren County",5,79,50,18,32
050,13,301,"Georgia","Warren County",5,80,41,19,22
050,13,301,"Georgia","Warren County",5,81,39,20,19
050,13,301,"Georgia","Warren County",5,82,36,14,22
050,13,301,"Georgia","Warren County",5,83,23,12,11
050,13,301,"Georgia","Warren County",5,84,20,8,12
050,13,301,"Georgia","Warren County",5,85,124,40,84
050,13,303,"Georgia","Washington County",1,0,218,110,108
050,13,303,"Georgia","Washington County",1,1,215,114,101
050,13,303,"Georgia","Washington County",1,2,208,105,103
050,13,303,"Georgia","Washington County",1,3,214,107,107
050,13,303,"Georgia","Washington County",1,4,249,119,130
050,13,303,"Georgia","Washington County",1,5,230,111,119
050,13,303,"Georgia","Washington County",1,6,242,131,111
050,13,303,"Georgia","Washington County",1,7,223,121,102
050,13,303,"Georgia","Washington County",1,8,232,128,104
050,13,303,"Georgia","Washington County",1,9,247,122,125
050,13,303,"Georgia","Washington County",1,10,278,151,127
050,13,303,"Georgia","Washington County",1,11,261,146,115
050,13,303,"Georgia","Washington County",1,12,281,142,139
050,13,303,"Georgia","Washington County",1,13,273,120,153
050,13,303,"Georgia","Washington County",1,14,263,123,140
050,13,303,"Georgia","Washington County",1,15,260,129,131
050,13,303,"Georgia","Washington County",1,16,235,130,105
050,13,303,"Georgia","Washington County",1,17,244,139,105
050,13,303,"Georgia","Washington County",1,18,206,120,86
050,13,303,"Georgia","Washington County",1,19,199,119,80
050,13,303,"Georgia","Washington County",1,20,221,125,96
050,13,303,"Georgia","Washington County",1,21,223,116,107
050,13,303,"Georgia","Washington County",1,22,234,137,97
050,13,303,"Georgia","Washington County",1,23,249,154,95
050,13,303,"Georgia","Washington County",1,24,250,151,99
050,13,303,"Georgia","Washington County",1,25,267,164,103
050,13,303,"Georgia","Washington County",1,26,287,158,129
050,13,303,"Georgia","Washington County",1,27,292,163,129
050,13,303,"Georgia","Washington County",1,28,265,158,107
050,13,303,"Georgia","Washington County",1,29,277,158,119
050,13,303,"Georgia","Washington County",1,30,281,169,112
050,13,303,"Georgia","Washington County",1,31,268,155,113
050,13,303,"Georgia","Washington County",1,32,270,154,116
050,13,303,"Georgia","Washington County",1,33,238,142,96
050,13,303,"Georgia","Washington County",1,34,246,133,113
050,13,303,"Georgia","Washington County",1,35,242,126,116
050,13,303,"Georgia","Washington County",1,36,242,127,115
050,13,303,"Georgia","Washington County",1,37,253,130,123
050,13,303,"Georgia","Washington County",1,38,245,131,114
050,13,303,"Georgia","Washington County",1,39,260,150,110
050,13,303,"Georgia","Washington County",1,40,244,135,109
050,13,303,"Georgia","Washington County",1,41,240,129,111
050,13,303,"Georgia","Washington County",1,42,220,122,98
050,13,303,"Georgia","Washington County",1,43,235,138,97
050,13,303,"Georgia","Washington County",1,44,221,127,94
050,13,303,"Georgia","Washington County",1,45,229,119,110
050,13,303,"Georgia","Washington County",1,46,216,113,103
050,13,303,"Georgia","Washington County",1,47,236,120,116
050,13,303,"Georgia","Washington County",1,48,264,144,120
050,13,303,"Georgia","Washington County",1,49,256,151,105
050,13,303,"Georgia","Washington County",1,50,230,128,102
050,13,303,"Georgia","Washington County",1,51,245,132,113
050,13,303,"Georgia","Washington County",1,52,257,130,127
050,13,303,"Georgia","Washington County",1,53,265,130,135
050,13,303,"Georgia","Washington County",1,54,298,139,159
050,13,303,"Georgia","Washington County",1,55,303,155,148
050,13,303,"Georgia","Washington County",1,56,296,144,152
050,13,303,"Georgia","Washington County",1,57,302,155,147
050,13,303,"Georgia","Washington County",1,58,330,170,160
050,13,303,"Georgia","Washington County",1,59,332,166,166
050,13,303,"Georgia","Washington County",1,60,299,136,163
050,13,303,"Georgia","Washington County",1,61,290,138,152
050,13,303,"Georgia","Washington County",1,62,266,133,133
050,13,303,"Georgia","Washington County",1,63,275,130,145
050,13,303,"Georgia","Washington County",1,64,256,115,141
050,13,303,"Georgia","Washington County",1,65,249,105,144
050,13,303,"Georgia","Washington County",1,66,251,121,130
050,13,303,"Georgia","Washington County",1,67,235,112,123
050,13,303,"Georgia","Washington County",1,68,224,102,122
050,13,303,"Georgia","Washington County",1,69,214,90,124
050,13,303,"Georgia","Washington County",1,70,210,95,115
050,13,303,"Georgia","Washington County",1,71,203,92,111
050,13,303,"Georgia","Washington County",1,72,204,108,96
050,13,303,"Georgia","Washington County",1,73,177,90,87
050,13,303,"Georgia","Washington County",1,74,140,55,85
050,13,303,"Georgia","Washington County",1,75,151,60,91
050,13,303,"Georgia","Washington County",1,76,123,50,73
050,13,303,"Georgia","Washington County",1,77,140,63,77
050,13,303,"Georgia","Washington County",1,78,114,43,71
050,13,303,"Georgia","Washington County",1,79,101,35,66
050,13,303,"Georgia","Washington County",1,80,101,35,66
050,13,303,"Georgia","Washington County",1,81,86,37,49
050,13,303,"Georgia","Washington County",1,82,77,31,46
050,13,303,"Georgia","Washington County",1,83,75,32,43
050,13,303,"Georgia","Washington County",1,84,78,27,51
050,13,303,"Georgia","Washington County",1,85,348,80,268
050,13,303,"Georgia","Washington County",2,0,213,109,104
050,13,303,"Georgia","Washington County",2,1,213,111,102
050,13,303,"Georgia","Washington County",2,2,210,107,103
050,13,303,"Georgia","Washington County",2,3,209,104,105
050,13,303,"Georgia","Washington County",2,4,240,116,124
050,13,303,"Georgia","Washington County",2,5,237,114,123
050,13,303,"Georgia","Washington County",2,6,240,126,114
050,13,303,"Georgia","Washington County",2,7,223,121,102
050,13,303,"Georgia","Washington County",2,8,229,126,103
050,13,303,"Georgia","Washington County",2,9,245,123,122
050,13,303,"Georgia","Washington County",2,10,269,145,124
050,13,303,"Georgia","Washington County",2,11,265,147,118
050,13,303,"Georgia","Washington County",2,12,276,143,133
050,13,303,"Georgia","Washington County",2,13,274,126,148
050,13,303,"Georgia","Washington County",2,14,264,122,142
050,13,303,"Georgia","Washington County",2,15,261,127,134
050,13,303,"Georgia","Washington County",2,16,243,131,112
050,13,303,"Georgia","Washington County",2,17,239,135,104
050,13,303,"Georgia","Washington County",2,18,207,120,87
050,13,303,"Georgia","Washington County",2,19,196,119,77
050,13,303,"Georgia","Washington County",2,20,222,127,95
050,13,303,"Georgia","Washington County",2,21,222,118,104
050,13,303,"Georgia","Washington County",2,22,233,134,99
050,13,303,"Georgia","Washington County",2,23,244,149,95
050,13,303,"Georgia","Washington County",2,24,251,153,98
050,13,303,"Georgia","Washington County",2,25,264,163,101
050,13,303,"Georgia","Washington County",2,26,280,157,123
050,13,303,"Georgia","Washington County",2,27,289,161,128
050,13,303,"Georgia","Washington County",2,28,272,160,112
050,13,303,"Georgia","Washington County",2,29,272,158,114
050,13,303,"Georgia","Washington County",2,30,287,172,115
050,13,303,"Georgia","Washington County",2,31,269,156,113
050,13,303,"Georgia","Washington County",2,32,269,155,114
050,13,303,"Georgia","Washington County",2,33,243,142,101
050,13,303,"Georgia","Washington County",2,34,247,137,110
050,13,303,"Georgia","Washington County",2,35,244,126,118
050,13,303,"Georgia","Washington County",2,36,244,129,115
050,13,303,"Georgia","Washington County",2,37,249,128,121
050,13,303,"Georgia","Washington County",2,38,250,132,118
050,13,303,"Georgia","Washington County",2,39,255,145,110
050,13,303,"Georgia","Washington County",2,40,245,135,110
050,13,303,"Georgia","Washington County",2,41,239,131,108
050,13,303,"Georgia","Washington County",2,42,220,122,98
050,13,303,"Georgia","Washington County",2,43,236,139,97
050,13,303,"Georgia","Washington County",2,44,219,125,94
050,13,303,"Georgia","Washington County",2,45,230,123,107
050,13,303,"Georgia","Washington County",2,46,217,114,103
050,13,303,"Georgia","Washington County",2,47,228,117,111
050,13,303,"Georgia","Washington County",2,48,261,143,118
050,13,303,"Georgia","Washington County",2,49,253,146,107
050,13,303,"Georgia","Washington County",2,50,235,133,102
050,13,303,"Georgia","Washington County",2,51,241,130,111
050,13,303,"Georgia","Washington County",2,52,255,131,124
050,13,303,"Georgia","Washington County",2,53,259,128,131
050,13,303,"Georgia","Washington County",2,54,288,136,152
050,13,303,"Georgia","Washington County",2,55,302,151,151
050,13,303,"Georgia","Washington County",2,56,296,145,151
050,13,303,"Georgia","Washington County",2,57,303,154,149
050,13,303,"Georgia","Washington County",2,58,323,167,156
050,13,303,"Georgia","Washington County",2,59,331,167,164
050,13,303,"Georgia","Washington County",2,60,301,139,162
050,13,303,"Georgia","Washington County",2,61,292,138,154
050,13,303,"Georgia","Washington County",2,62,271,133,138
050,13,303,"Georgia","Washington County",2,63,273,131,142
050,13,303,"Georgia","Washington County",2,64,256,115,141
050,13,303,"Georgia","Washington County",2,65,249,107,142
050,13,303,"Georgia","Washington County",2,66,248,117,131
050,13,303,"Georgia","Washington County",2,67,236,113,123
050,13,303,"Georgia","Washington County",2,68,225,103,122
050,13,303,"Georgia","Washington County",2,69,217,92,125
050,13,303,"Georgia","Washington County",2,70,209,92,117
050,13,303,"Georgia","Washington County",2,71,203,92,111
050,13,303,"Georgia","Washington County",2,72,201,103,98
050,13,303,"Georgia","Washington County",2,73,191,98,93
050,13,303,"Georgia","Washington County",2,74,141,60,81
050,13,303,"Georgia","Washington County",2,75,147,57,90
050,13,303,"Georgia","Washington County",2,76,127,52,75
050,13,303,"Georgia","Washington County",2,77,133,58,75
050,13,303,"Georgia","Washington County",2,78,116,46,70
050,13,303,"Georgia","Washington County",2,79,104,37,67
050,13,303,"Georgia","Washington County",2,80,101,33,68
050,13,303,"Georgia","Washington County",2,81,88,36,52
050,13,303,"Georgia","Washington County",2,82,76,29,47
050,13,303,"Georgia","Washington County",2,83,74,30,44
050,13,303,"Georgia","Washington County",2,84,78,28,50
050,13,303,"Georgia","Washington County",2,85,355,83,272
050,13,303,"Georgia","Washington County",3,0,186,89,97
050,13,303,"Georgia","Washington County",3,1,213,113,100
050,13,303,"Georgia","Washington County",3,2,220,109,111
050,13,303,"Georgia","Washington County",3,3,203,101,102
050,13,303,"Georgia","Washington County",3,4,209,106,103
050,13,303,"Georgia","Washington County",3,5,247,119,128
050,13,303,"Georgia","Washington County",3,6,246,119,127
050,13,303,"Georgia","Washington County",3,7,244,132,112
050,13,303,"Georgia","Washington County",3,8,224,121,103
050,13,303,"Georgia","Washington County",3,9,229,124,105
050,13,303,"Georgia","Washington County",3,10,247,125,122
050,13,303,"Georgia","Washington County",3,11,262,145,117
050,13,303,"Georgia","Washington County",3,12,264,140,124
050,13,303,"Georgia","Washington County",3,13,260,133,127
050,13,303,"Georgia","Washington County",3,14,273,128,145
050,13,303,"Georgia","Washington County",3,15,258,120,138
050,13,303,"Georgia","Washington County",3,16,267,136,131
050,13,303,"Georgia","Washington County",3,17,251,129,122
050,13,303,"Georgia","Washington County",3,18,207,120,87
050,13,303,"Georgia","Washington County",3,19,192,117,75
050,13,303,"Georgia","Washington County",3,20,218,136,82
050,13,303,"Georgia","Washington County",3,21,251,137,114
050,13,303,"Georgia","Washington County",3,22,224,123,101
050,13,303,"Georgia","Washington County",3,23,234,134,100
050,13,303,"Georgia","Washington County",3,24,255,158,97
050,13,303,"Georgia","Washington County",3,25,250,160,90
050,13,303,"Georgia","Washington County",3,26,250,152,98
050,13,303,"Georgia","Washington County",3,27,260,147,113
050,13,303,"Georgia","Washington County",3,28,283,154,129
050,13,303,"Georgia","Washington County",3,29,290,163,127
050,13,303,"Georgia","Washington County",3,30,283,171,112
050,13,303,"Georgia","Washington County",3,31,274,159,115
050,13,303,"Georgia","Washington County",3,32,278,167,111
050,13,303,"Georgia","Washington County",3,33,245,133,112
050,13,303,"Georgia","Washington County",3,34,237,132,105
050,13,303,"Georgia","Washington County",3,35,237,124,113
050,13,303,"Georgia","Washington County",3,36,262,143,119
050,13,303,"Georgia","Washington County",3,37,231,123,108
050,13,303,"Georgia","Washington County",3,38,251,127,124
050,13,303,"Georgia","Washington County",3,39,255,138,117
050,13,303,"Georgia","Washington County",3,40,244,134,110
050,13,303,"Georgia","Washington County",3,41,249,140,109
050,13,303,"Georgia","Washington County",3,42,231,118,113
050,13,303,"Georgia","Washington County",3,43,237,137,100
050,13,303,"Georgia","Washington County",3,44,230,133,97
050,13,303,"Georgia","Washington County",3,45,220,129,91
050,13,303,"Georgia","Washington County",3,46,224,121,103
050,13,303,"Georgia","Washington County",3,47,208,101,107
050,13,303,"Georgia","Washington County",3,48,241,129,112
050,13,303,"Georgia","Washington County",3,49,262,137,125
050,13,303,"Georgia","Washington County",3,50,248,138,110
050,13,303,"Georgia","Washington County",3,51,234,130,104
050,13,303,"Georgia","Washington County",3,52,234,128,106
050,13,303,"Georgia","Washington County",3,53,251,134,117
050,13,303,"Georgia","Washington County",3,54,250,125,125
050,13,303,"Georgia","Washington County",3,55,286,135,151
050,13,303,"Georgia","Washington County",3,56,288,141,147
050,13,303,"Georgia","Washington County",3,57,305,152,153
050,13,303,"Georgia","Washington County",3,58,292,147,145
050,13,303,"Georgia","Washington County",3,59,320,161,159
050,13,303,"Georgia","Washington County",3,60,323,160,163
050,13,303,"Georgia","Washington County",3,61,303,141,162
050,13,303,"Georgia","Washington County",3,62,285,141,144
050,13,303,"Georgia","Washington County",3,63,263,129,134
050,13,303,"Georgia","Washington County",3,64,263,121,142
050,13,303,"Georgia","Washington County",3,65,250,115,135
050,13,303,"Georgia","Washington County",3,66,240,103,137
050,13,303,"Georgia","Washington County",3,67,242,112,130
050,13,303,"Georgia","Washington County",3,68,223,106,117
050,13,303,"Georgia","Washington County",3,69,222,107,115
050,13,303,"Georgia","Washington County",3,70,203,83,120
050,13,303,"Georgia","Washington County",3,71,199,87,112
050,13,303,"Georgia","Washington County",3,72,188,84,104
050,13,303,"Georgia","Washington County",3,73,187,95,92
050,13,303,"Georgia","Washington County",3,74,180,94,86
050,13,303,"Georgia","Washington County",3,75,137,58,79
050,13,303,"Georgia","Washington County",3,76,135,54,81
050,13,303,"Georgia","Washington County",3,77,120,51,69
050,13,303,"Georgia","Washington County",3,78,127,52,75
050,13,303,"Georgia","Washington County",3,79,106,45,61
050,13,303,"Georgia","Washington County",3,80,100,33,67
050,13,303,"Georgia","Washington County",3,81,91,32,59
050,13,303,"Georgia","Washington County",3,82,80,31,49
050,13,303,"Georgia","Washington County",3,83,66,24,42
050,13,303,"Georgia","Washington County",3,84,67,23,44
050,13,303,"Georgia","Washington County",3,85,334,79,255
050,13,303,"Georgia","Washington County",4,0,199,96,103
050,13,303,"Georgia","Washington County",4,1,184,92,92
050,13,303,"Georgia","Washington County",4,2,235,132,103
050,13,303,"Georgia","Washington County",4,3,211,110,101
050,13,303,"Georgia","Washington County",4,4,208,106,102
050,13,303,"Georgia","Washington County",4,5,215,105,110
050,13,303,"Georgia","Washington County",4,6,240,116,124
050,13,303,"Georgia","Washington County",4,7,241,115,126
050,13,303,"Georgia","Washington County",4,8,246,136,110
050,13,303,"Georgia","Washington County",4,9,222,118,104
050,13,303,"Georgia","Washington County",4,10,230,122,108
050,13,303,"Georgia","Washington County",4,11,245,122,123
050,13,303,"Georgia","Washington County",4,12,264,148,116
050,13,303,"Georgia","Washington County",4,13,270,143,127
050,13,303,"Georgia","Washington County",4,14,267,135,132
050,13,303,"Georgia","Washington County",4,15,268,126,142
050,13,303,"Georgia","Washington County",4,16,257,123,134
050,13,303,"Georgia","Washington County",4,17,276,142,134
050,13,303,"Georgia","Washington County",4,18,214,117,97
050,13,303,"Georgia","Washington County",4,19,178,113,65
050,13,303,"Georgia","Washington County",4,20,195,123,72
050,13,303,"Georgia","Washington County",4,21,229,149,80
050,13,303,"Georgia","Washington County",4,22,250,136,114
050,13,303,"Georgia","Washington County",4,23,229,121,108
050,13,303,"Georgia","Washington County",4,24,245,144,101
050,13,303,"Georgia","Washington County",4,25,259,159,100
050,13,303,"Georgia","Washington County",4,26,243,150,93
050,13,303,"Georgia","Washington County",4,27,245,151,94
050,13,303,"Georgia","Washington County",4,28,269,155,114
050,13,303,"Georgia","Washington County",4,29,284,154,130
050,13,303,"Georgia","Washington County",4,30,312,188,124
050,13,303,"Georgia","Washington County",4,31,264,156,108
050,13,303,"Georgia","Washington County",4,32,272,164,108
050,13,303,"Georgia","Washington County",4,33,269,155,114
050,13,303,"Georgia","Washington County",4,34,251,134,117
050,13,303,"Georgia","Washington County",4,35,232,129,103
050,13,303,"Georgia","Washington County",4,36,260,145,115
050,13,303,"Georgia","Washington County",4,37,258,139,119
050,13,303,"Georgia","Washington County",4,38,243,129,114
050,13,303,"Georgia","Washington County",4,39,258,135,123
050,13,303,"Georgia","Washington County",4,40,245,130,115
050,13,303,"Georgia","Washington County",4,41,250,138,112
050,13,303,"Georgia","Washington County",4,42,241,134,107
050,13,303,"Georgia","Washington County",4,43,238,129,109
050,13,303,"Georgia","Washington County",4,44,236,132,104
050,13,303,"Georgia","Washington County",4,45,235,139,96
050,13,303,"Georgia","Washington County",4,46,229,133,96
050,13,303,"Georgia","Washington County",4,47,220,119,101
050,13,303,"Georgia","Washington County",4,48,225,116,109
050,13,303,"Georgia","Washington County",4,49,235,121,114
050,13,303,"Georgia","Washington County",4,50,269,143,126
050,13,303,"Georgia","Washington County",4,51,254,142,112
050,13,303,"Georgia","Washington County",4,52,225,129,96
050,13,303,"Georgia","Washington County",4,53,233,126,107
050,13,303,"Georgia","Washington County",4,54,248,126,122
050,13,303,"Georgia","Washington County",4,55,246,116,130
050,13,303,"Georgia","Washington County",4,56,274,125,149
050,13,303,"Georgia","Washington County",4,57,298,151,147
050,13,303,"Georgia","Washington County",4,58,297,146,151
050,13,303,"Georgia","Washington County",4,59,290,138,152
050,13,303,"Georgia","Washington County",4,60,309,151,158
050,13,303,"Georgia","Washington County",4,61,317,162,155
050,13,303,"Georgia","Washington County",4,62,295,136,159
050,13,303,"Georgia","Washington County",4,63,275,134,141
050,13,303,"Georgia","Washington County",4,64,262,127,135
050,13,303,"Georgia","Washington County",4,65,262,122,140
050,13,303,"Georgia","Washington County",4,66,252,120,132
050,13,303,"Georgia","Washington County",4,67,237,100,137
050,13,303,"Georgia","Washington County",4,68,234,107,127
050,13,303,"Georgia","Washington County",4,69,212,103,109
050,13,303,"Georgia","Washington County",4,70,213,103,110
050,13,303,"Georgia","Washington County",4,71,207,83,124
050,13,303,"Georgia","Washington County",4,72,191,82,109
050,13,303,"Georgia","Washington County",4,73,182,80,102
050,13,303,"Georgia","Washington County",4,74,185,95,90
050,13,303,"Georgia","Washington County",4,75,172,92,80
050,13,303,"Georgia","Washington County",4,76,130,55,75
050,13,303,"Georgia","Washington County",4,77,129,52,77
050,13,303,"Georgia","Washington County",4,78,110,44,66
050,13,303,"Georgia","Washington County",4,79,118,50,68
050,13,303,"Georgia","Washington County",4,80,105,42,63
050,13,303,"Georgia","Washington County",4,81,88,28,60
050,13,303,"Georgia","Washington County",4,82,89,31,58
050,13,303,"Georgia","Washington County",4,83,80,31,49
050,13,303,"Georgia","Washington County",4,84,60,21,39
050,13,303,"Georgia","Washington County",4,85,326,79,247
050,13,303,"Georgia","Washington County",5,0,200,96,104
050,13,303,"Georgia","Washington County",5,1,189,92,97
050,13,303,"Georgia","Washington County",5,2,193,93,100
050,13,303,"Georgia","Washington County",5,3,232,129,103
050,13,303,"Georgia","Washington County",5,4,213,112,101
050,13,303,"Georgia","Washington County",5,5,209,106,103
050,13,303,"Georgia","Washington County",5,6,211,104,107
050,13,303,"Georgia","Washington County",5,7,237,109,128
050,13,303,"Georgia","Washington County",5,8,241,113,128
050,13,303,"Georgia","Washington County",5,9,245,128,117
050,13,303,"Georgia","Washington County",5,10,226,124,102
050,13,303,"Georgia","Washington County",5,11,231,123,108
050,13,303,"Georgia","Washington County",5,12,249,126,123
050,13,303,"Georgia","Washington County",5,13,267,148,119
050,13,303,"Georgia","Washington County",5,14,266,139,127
050,13,303,"Georgia","Washington County",5,15,274,140,134
050,13,303,"Georgia","Washington County",5,16,270,127,143
050,13,303,"Georgia","Washington County",5,17,259,125,134
050,13,303,"Georgia","Washington County",5,18,231,119,112
050,13,303,"Georgia","Washington County",5,19,189,111,78
050,13,303,"Georgia","Washington County",5,20,203,127,76
050,13,303,"Georgia","Washington County",5,21,216,136,80
050,13,303,"Georgia","Washington County",5,22,241,150,91
050,13,303,"Georgia","Washington County",5,23,264,143,121
050,13,303,"Georgia","Washington County",5,24,245,135,110
050,13,303,"Georgia","Washington County",5,25,247,151,96
050,13,303,"Georgia","Washington County",5,26,250,148,102
050,13,303,"Georgia","Washington County",5,27,249,156,93
050,13,303,"Georgia","Washington County",5,28,255,152,103
050,13,303,"Georgia","Washington County",5,29,260,145,115
050,13,303,"Georgia","Washington County",5,30,313,181,132
050,13,303,"Georgia","Washington County",5,31,297,174,123
050,13,303,"Georgia","Washington County",5,32,281,170,111
050,13,303,"Georgia","Washington County",5,33,260,152,108
050,13,303,"Georgia","Washington County",5,34,276,157,119
050,13,303,"Georgia","Washington County",5,35,246,127,119
050,13,303,"Georgia","Washington County",5,36,259,154,105
050,13,303,"Georgia","Washington County",5,37,248,137,111
050,13,303,"Georgia","Washington County",5,38,266,138,128
050,13,303,"Georgia","Washington County",5,39,247,137,110
050,13,303,"Georgia","Washington County",5,40,242,120,122
050,13,303,"Georgia","Washington County",5,41,253,138,115
050,13,303,"Georgia","Washington County",5,42,241,133,108
050,13,303,"Georgia","Washington County",5,43,267,158,109
050,13,303,"Georgia","Washington County",5,44,232,120,112
050,13,303,"Georgia","Washington County",5,45,241,136,105
050,13,303,"Georgia","Washington County",5,46,231,139,92
050,13,303,"Georgia","Washington County",5,47,225,137,88
050,13,303,"Georgia","Washington County",5,48,248,138,110
050,13,303,"Georgia","Washington County",5,49,221,109,112
050,13,303,"Georgia","Washington County",5,50,242,127,115
050,13,303,"Georgia","Washington County",5,51,269,149,120
050,13,303,"Georgia","Washington County",5,52,245,133,112
050,13,303,"Georgia","Washington County",5,53,219,126,93
050,13,303,"Georgia","Washington County",5,54,230,122,108
050,13,303,"Georgia","Washington County",5,55,245,123,122
050,13,303,"Georgia","Washington County",5,56,240,109,131
050,13,303,"Georgia","Washington County",5,57,277,130,147
050,13,303,"Georgia","Washington County",5,58,291,148,143
050,13,303,"Georgia","Washington County",5,59,286,140,146
050,13,303,"Georgia","Washington County",5,60,283,131,152
050,13,303,"Georgia","Washington County",5,61,307,152,155
050,13,303,"Georgia","Washington County",5,62,318,163,155
050,13,303,"Georgia","Washington County",5,63,285,128,157
050,13,303,"Georgia","Washington County",5,64,276,134,142
050,13,303,"Georgia","Washington County",5,65,263,124,139
050,13,303,"Georgia","Washington County",5,66,254,118,136
050,13,303,"Georgia","Washington County",5,67,244,115,129
050,13,303,"Georgia","Washington County",5,68,231,98,133
050,13,303,"Georgia","Washington County",5,69,222,103,119
050,13,303,"Georgia","Washington County",5,70,206,100,106
050,13,303,"Georgia","Washington County",5,71,211,98,113
050,13,303,"Georgia","Washington County",5,72,192,77,115
050,13,303,"Georgia","Washington County",5,73,177,76,101
050,13,303,"Georgia","Washington County",5,74,175,79,96
050,13,303,"Georgia","Washington County",5,75,182,97,85
050,13,303,"Georgia","Washington County",5,76,161,89,72
050,13,303,"Georgia","Washington County",5,77,125,56,69
050,13,303,"Georgia","Washington County",5,78,124,46,78
050,13,303,"Georgia","Washington County",5,79,104,44,60
050,13,303,"Georgia","Washington County",5,80,118,46,72
050,13,303,"Georgia","Washington County",5,81,95,39,56
050,13,303,"Georgia","Washington County",5,82,82,25,57
050,13,303,"Georgia","Washington County",5,83,84,31,53
050,13,303,"Georgia","Washington County",5,84,73,27,46
050,13,303,"Georgia","Washington County",5,85,328,81,247
050,13,305,"Georgia","Wayne County",1,0,345,170,175
050,13,305,"Georgia","Wayne County",1,1,355,162,193
050,13,305,"Georgia","Wayne County",1,2,364,183,181
050,13,305,"Georgia","Wayne County",1,3,366,177,189
050,13,305,"Georgia","Wayne County",1,4,421,232,189
050,13,305,"Georgia","Wayne County",1,5,394,201,193
050,13,305,"Georgia","Wayne County",1,6,400,198,202
050,13,305,"Georgia","Wayne County",1,7,388,203,185
050,13,305,"Georgia","Wayne County",1,8,378,201,177
050,13,305,"Georgia","Wayne County",1,9,400,210,190
050,13,305,"Georgia","Wayne County",1,10,408,200,208
050,13,305,"Georgia","Wayne County",1,11,443,224,219
050,13,305,"Georgia","Wayne County",1,12,497,259,238
050,13,305,"Georgia","Wayne County",1,13,471,239,232
050,13,305,"Georgia","Wayne County",1,14,421,213,208
050,13,305,"Georgia","Wayne County",1,15,429,225,204
050,13,305,"Georgia","Wayne County",1,16,417,234,183
050,13,305,"Georgia","Wayne County",1,17,426,216,210
050,13,305,"Georgia","Wayne County",1,18,369,191,178
050,13,305,"Georgia","Wayne County",1,19,295,150,145
050,13,305,"Georgia","Wayne County",1,20,289,150,139
050,13,305,"Georgia","Wayne County",1,21,323,166,157
050,13,305,"Georgia","Wayne County",1,22,330,181,149
050,13,305,"Georgia","Wayne County",1,23,325,175,150
050,13,305,"Georgia","Wayne County",1,24,358,189,169
050,13,305,"Georgia","Wayne County",1,25,353,185,168
050,13,305,"Georgia","Wayne County",1,26,363,185,178
050,13,305,"Georgia","Wayne County",1,27,403,220,183
050,13,305,"Georgia","Wayne County",1,28,433,234,199
050,13,305,"Georgia","Wayne County",1,29,443,246,197
050,13,305,"Georgia","Wayne County",1,30,416,224,192
050,13,305,"Georgia","Wayne County",1,31,394,209,185
050,13,305,"Georgia","Wayne County",1,32,417,221,196
050,13,305,"Georgia","Wayne County",1,33,414,224,190
050,13,305,"Georgia","Wayne County",1,34,409,218,191
050,13,305,"Georgia","Wayne County",1,35,402,207,195
050,13,305,"Georgia","Wayne County",1,36,394,210,184
050,13,305,"Georgia","Wayne County",1,37,405,216,189
050,13,305,"Georgia","Wayne County",1,38,418,226,192
050,13,305,"Georgia","Wayne County",1,39,415,218,197
050,13,305,"Georgia","Wayne County",1,40,390,207,183
050,13,305,"Georgia","Wayne County",1,41,365,192,173
050,13,305,"Georgia","Wayne County",1,42,392,214,178
050,13,305,"Georgia","Wayne County",1,43,352,203,149
050,13,305,"Georgia","Wayne County",1,44,362,201,161
050,13,305,"Georgia","Wayne County",1,45,386,212,174
050,13,305,"Georgia","Wayne County",1,46,342,173,169
050,13,305,"Georgia","Wayne County",1,47,360,180,180
050,13,305,"Georgia","Wayne County",1,48,430,233,197
050,13,305,"Georgia","Wayne County",1,49,424,226,198
050,13,305,"Georgia","Wayne County",1,50,399,218,181
050,13,305,"Georgia","Wayne County",1,51,392,208,184
050,13,305,"Georgia","Wayne County",1,52,362,173,189
050,13,305,"Georgia","Wayne County",1,53,405,213,192
050,13,305,"Georgia","Wayne County",1,54,400,208,192
050,13,305,"Georgia","Wayne County",1,55,393,200,193
050,13,305,"Georgia","Wayne County",1,56,405,196,209
050,13,305,"Georgia","Wayne County",1,57,397,189,208
050,13,305,"Georgia","Wayne County",1,58,400,199,201
050,13,305,"Georgia","Wayne County",1,59,404,209,195
050,13,305,"Georgia","Wayne County",1,60,377,193,184
050,13,305,"Georgia","Wayne County",1,61,372,183,189
050,13,305,"Georgia","Wayne County",1,62,356,178,178
050,13,305,"Georgia","Wayne County",1,63,364,185,179
050,13,305,"Georgia","Wayne County",1,64,360,169,191
050,13,305,"Georgia","Wayne County",1,65,364,175,189
050,13,305,"Georgia","Wayne County",1,66,347,166,181
050,13,305,"Georgia","Wayne County",1,67,338,154,184
050,13,305,"Georgia","Wayne County",1,68,303,150,153
050,13,305,"Georgia","Wayne County",1,69,300,160,140
050,13,305,"Georgia","Wayne County",1,70,286,137,149
050,13,305,"Georgia","Wayne County",1,71,272,136,136
050,13,305,"Georgia","Wayne County",1,72,266,127,139
050,13,305,"Georgia","Wayne County",1,73,286,134,152
050,13,305,"Georgia","Wayne County",1,74,219,98,121
050,13,305,"Georgia","Wayne County",1,75,203,87,116
050,13,305,"Georgia","Wayne County",1,76,189,83,106
050,13,305,"Georgia","Wayne County",1,77,169,64,105
050,13,305,"Georgia","Wayne County",1,78,169,65,104
050,13,305,"Georgia","Wayne County",1,79,155,70,85
050,13,305,"Georgia","Wayne County",1,80,139,63,76
050,13,305,"Georgia","Wayne County",1,81,129,53,76
050,13,305,"Georgia","Wayne County",1,82,94,37,57
050,13,305,"Georgia","Wayne County",1,83,84,35,49
050,13,305,"Georgia","Wayne County",1,84,88,44,44
050,13,305,"Georgia","Wayne County",1,85,459,184,275
050,13,305,"Georgia","Wayne County",2,0,337,168,169
050,13,305,"Georgia","Wayne County",2,1,351,163,188
050,13,305,"Georgia","Wayne County",2,2,359,177,182
050,13,305,"Georgia","Wayne County",2,3,364,176,188
050,13,305,"Georgia","Wayne County",2,4,408,218,190
050,13,305,"Georgia","Wayne County",2,5,403,210,193
050,13,305,"Georgia","Wayne County",2,6,401,202,199
050,13,305,"Georgia","Wayne County",2,7,386,200,186
050,13,305,"Georgia","Wayne County",2,8,377,201,176
050,13,305,"Georgia","Wayne County",2,9,392,207,185
050,13,305,"Georgia","Wayne County",2,10,404,202,202
050,13,305,"Georgia","Wayne County",2,11,435,218,217
050,13,305,"Georgia","Wayne County",2,12,485,249,236
050,13,305,"Georgia","Wayne County",2,13,479,245,234
050,13,305,"Georgia","Wayne County",2,14,435,221,214
050,13,305,"Georgia","Wayne County",2,15,428,225,203
050,13,305,"Georgia","Wayne County",2,16,419,232,187
050,13,305,"Georgia","Wayne County",2,17,421,219,202
050,13,305,"Georgia","Wayne County",2,18,363,187,176
050,13,305,"Georgia","Wayne County",2,19,299,152,147
050,13,305,"Georgia","Wayne County",2,20,297,154,143
050,13,305,"Georgia","Wayne County",2,21,320,165,155
050,13,305,"Georgia","Wayne County",2,22,329,176,153
050,13,305,"Georgia","Wayne County",2,23,331,179,152
050,13,305,"Georgia","Wayne County",2,24,352,187,165
050,13,305,"Georgia","Wayne County",2,25,356,188,168
050,13,305,"Georgia","Wayne County",2,26,361,185,176
050,13,305,"Georgia","Wayne County",2,27,399,218,181
050,13,305,"Georgia","Wayne County",2,28,423,230,193
050,13,305,"Georgia","Wayne County",2,29,439,241,198
050,13,305,"Georgia","Wayne County",2,30,430,233,197
050,13,305,"Georgia","Wayne County",2,31,401,213,188
050,13,305,"Georgia","Wayne County",2,32,414,222,192
050,13,305,"Georgia","Wayne County",2,33,419,226,193
050,13,305,"Georgia","Wayne County",2,34,411,219,192
050,13,305,"Georgia","Wayne County",2,35,406,210,196
050,13,305,"Georgia","Wayne County",2,36,397,211,186
050,13,305,"Georgia","Wayne County",2,37,404,216,188
050,13,305,"Georgia","Wayne County",2,38,414,222,192
050,13,305,"Georgia","Wayne County",2,39,414,220,194
050,13,305,"Georgia","Wayne County",2,40,400,210,190
050,13,305,"Georgia","Wayne County",2,41,369,193,176
050,13,305,"Georgia","Wayne County",2,42,377,206,171
050,13,305,"Georgia","Wayne County",2,43,365,206,159
050,13,305,"Georgia","Wayne County",2,44,355,198,157
050,13,305,"Georgia","Wayne County",2,45,380,209,171
050,13,305,"Georgia","Wayne County",2,46,351,180,171
050,13,305,"Georgia","Wayne County",2,47,351,177,174
050,13,305,"Georgia","Wayne County",2,48,415,222,193
050,13,305,"Georgia","Wayne County",2,49,425,228,197
050,13,305,"Georgia","Wayne County",2,50,404,219,185
050,13,305,"Georgia","Wayne County",2,51,394,210,184
050,13,305,"Georgia","Wayne County",2,52,368,181,187
050,13,305,"Georgia","Wayne County",2,53,396,204,192
050,13,305,"Georgia","Wayne County",2,54,401,210,191
050,13,305,"Georgia","Wayne County",2,55,395,199,196
050,13,305,"Georgia","Wayne County",2,56,403,197,206
050,13,305,"Georgia","Wayne County",2,57,398,189,209
050,13,305,"Georgia","Wayne County",2,58,401,197,204
050,13,305,"Georgia","Wayne County",2,59,402,207,195
050,13,305,"Georgia","Wayne County",2,60,379,193,186
050,13,305,"Georgia","Wayne County",2,61,372,183,189
050,13,305,"Georgia","Wayne County",2,62,364,181,183
050,13,305,"Georgia","Wayne County",2,63,364,184,180
050,13,305,"Georgia","Wayne County",2,64,357,171,186
050,13,305,"Georgia","Wayne County",2,65,361,172,189
050,13,305,"Georgia","Wayne County",2,66,352,168,184
050,13,305,"Georgia","Wayne County",2,67,342,158,184
050,13,305,"Georgia","Wayne County",2,68,306,149,157
050,13,305,"Georgia","Wayne County",2,69,304,158,146
050,13,305,"Georgia","Wayne County",2,70,287,141,146
050,13,305,"Georgia","Wayne County",2,71,274,137,137
050,13,305,"Georgia","Wayne County",2,72,262,125,137
050,13,305,"Georgia","Wayne County",2,73,293,137,156
050,13,305,"Georgia","Wayne County",2,74,219,99,120
050,13,305,"Georgia","Wayne County",2,75,207,90,117
050,13,305,"Georgia","Wayne County",2,76,186,79,107
050,13,305,"Georgia","Wayne County",2,77,180,71,109
050,13,305,"Georgia","Wayne County",2,78,164,63,101
050,13,305,"Georgia","Wayne County",2,79,152,68,84
050,13,305,"Georgia","Wayne County",2,80,141,63,78
050,13,305,"Georgia","Wayne County",2,81,130,55,75
050,13,305,"Georgia","Wayne County",2,82,100,40,60
050,13,305,"Georgia","Wayne County",2,83,84,34,50
050,13,305,"Georgia","Wayne County",2,84,84,41,43
050,13,305,"Georgia","Wayne County",2,85,465,188,277
050,13,305,"Georgia","Wayne County",3,0,325,174,151
050,13,305,"Georgia","Wayne County",3,1,363,179,184
050,13,305,"Georgia","Wayne County",3,2,359,171,188
050,13,305,"Georgia","Wayne County",3,3,381,202,179
050,13,305,"Georgia","Wayne County",3,4,375,172,203
050,13,305,"Georgia","Wayne County",3,5,423,233,190
050,13,305,"Georgia","Wayne County",3,6,411,212,199
050,13,305,"Georgia","Wayne County",3,7,401,205,196
050,13,305,"Georgia","Wayne County",3,8,394,203,191
050,13,305,"Georgia","Wayne County",3,9,394,209,185
050,13,305,"Georgia","Wayne County",3,10,413,217,196
050,13,305,"Georgia","Wayne County",3,11,416,209,207
050,13,305,"Georgia","Wayne County",3,12,426,211,215
050,13,305,"Georgia","Wayne County",3,13,484,255,229
050,13,305,"Georgia","Wayne County",3,14,486,246,240
050,13,305,"Georgia","Wayne County",3,15,436,227,209
050,13,305,"Georgia","Wayne County",3,16,423,218,205
050,13,305,"Georgia","Wayne County",3,17,407,224,183
050,13,305,"Georgia","Wayne County",3,18,362,185,177
050,13,305,"Georgia","Wayne County",3,19,293,154,139
050,13,305,"Georgia","Wayne County",3,20,330,171,159
050,13,305,"Georgia","Wayne County",3,21,344,178,166
050,13,305,"Georgia","Wayne County",3,22,327,168,159
050,13,305,"Georgia","Wayne County",3,23,351,176,175
050,13,305,"Georgia","Wayne County",3,24,346,197,149
050,13,305,"Georgia","Wayne County",3,25,349,190,159
050,13,305,"Georgia","Wayne County",3,26,357,185,172
050,13,305,"Georgia","Wayne County",3,27,384,199,185
050,13,305,"Georgia","Wayne County",3,28,408,218,190
050,13,305,"Georgia","Wayne County",3,29,423,229,194
050,13,305,"Georgia","Wayne County",3,30,457,242,215
050,13,305,"Georgia","Wayne County",3,31,435,237,198
050,13,305,"Georgia","Wayne County",3,32,425,233,192
050,13,305,"Georgia","Wayne County",3,33,409,217,192
050,13,305,"Georgia","Wayne County",3,34,421,220,201
050,13,305,"Georgia","Wayne County",3,35,412,215,197
050,13,305,"Georgia","Wayne County",3,36,414,219,195
050,13,305,"Georgia","Wayne County",3,37,397,203,194
050,13,305,"Georgia","Wayne County",3,38,387,208,179
050,13,305,"Georgia","Wayne County",3,39,421,223,198
050,13,305,"Georgia","Wayne County",3,40,419,230,189
050,13,305,"Georgia","Wayne County",3,41,398,204,194
050,13,305,"Georgia","Wayne County",3,42,352,178,174
050,13,305,"Georgia","Wayne County",3,43,375,200,175
050,13,305,"Georgia","Wayne County",3,44,358,204,154
050,13,305,"Georgia","Wayne County",3,45,347,191,156
050,13,305,"Georgia","Wayne County",3,46,369,203,166
050,13,305,"Georgia","Wayne County",3,47,345,171,174
050,13,305,"Georgia","Wayne County",3,48,348,177,171
050,13,305,"Georgia","Wayne County",3,49,412,215,197
050,13,305,"Georgia","Wayne County",3,50,415,217,198
050,13,305,"Georgia","Wayne County",3,51,408,222,186
050,13,305,"Georgia","Wayne County",3,52,387,198,189
050,13,305,"Georgia","Wayne County",3,53,377,182,195
050,13,305,"Georgia","Wayne County",3,54,391,200,191
050,13,305,"Georgia","Wayne County",3,55,395,197,198
050,13,305,"Georgia","Wayne County",3,56,397,192,205
050,13,305,"Georgia","Wayne County",3,57,407,198,209
050,13,305,"Georgia","Wayne County",3,58,399,183,216
050,13,305,"Georgia","Wayne County",3,59,394,188,206
050,13,305,"Georgia","Wayne County",3,60,395,201,194
050,13,305,"Georgia","Wayne County",3,61,370,185,185
050,13,305,"Georgia","Wayne County",3,62,376,190,186
050,13,305,"Georgia","Wayne County",3,63,357,182,175
050,13,305,"Georgia","Wayne County",3,64,358,179,179
050,13,305,"Georgia","Wayne County",3,65,348,163,185
050,13,305,"Georgia","Wayne County",3,66,352,170,182
050,13,305,"Georgia","Wayne County",3,67,345,166,179
050,13,305,"Georgia","Wayne County",3,68,326,149,177
050,13,305,"Georgia","Wayne County",3,69,300,144,156
050,13,305,"Georgia","Wayne County",3,70,288,147,141
050,13,305,"Georgia","Wayne County",3,71,269,133,136
050,13,305,"Georgia","Wayne County",3,72,259,127,132
050,13,305,"Georgia","Wayne County",3,73,256,115,141
050,13,305,"Georgia","Wayne County",3,74,277,131,146
050,13,305,"Georgia","Wayne County",3,75,194,85,109
050,13,305,"Georgia","Wayne County",3,76,194,81,113
050,13,305,"Georgia","Wayne County",3,77,177,74,103
050,13,305,"Georgia","Wayne County",3,78,168,63,105
050,13,305,"Georgia","Wayne County",3,79,152,60,92
050,13,305,"Georgia","Wayne County",3,80,139,60,79
050,13,305,"Georgia","Wayne County",3,81,128,54,74
050,13,305,"Georgia","Wayne County",3,82,123,53,70
050,13,305,"Georgia","Wayne County",3,83,83,33,50
050,13,305,"Georgia","Wayne County",3,84,76,33,43
050,13,305,"Georgia","Wayne County",3,85,448,181,267
050,13,305,"Georgia","Wayne County",4,0,333,155,178
050,13,305,"Georgia","Wayne County",4,1,337,179,158
050,13,305,"Georgia","Wayne County",4,2,370,187,183
050,13,305,"Georgia","Wayne County",4,3,373,177,196
050,13,305,"Georgia","Wayne County",4,4,398,209,189
050,13,305,"Georgia","Wayne County",4,5,373,175,198
050,13,305,"Georgia","Wayne County",4,6,439,244,195
050,13,305,"Georgia","Wayne County",4,7,429,217,212
050,13,305,"Georgia","Wayne County",4,8,419,210,209
050,13,305,"Georgia","Wayne County",4,9,400,203,197
050,13,305,"Georgia","Wayne County",4,10,433,223,210
050,13,305,"Georgia","Wayne County",4,11,427,227,200
050,13,305,"Georgia","Wayne County",4,12,422,203,219
050,13,305,"Georgia","Wayne County",4,13,439,221,218
050,13,305,"Georgia","Wayne County",4,14,498,260,238
050,13,305,"Georgia","Wayne County",4,15,489,251,238
050,13,305,"Georgia","Wayne County",4,16,455,232,223
050,13,305,"Georgia","Wayne County",4,17,419,214,205
050,13,305,"Georgia","Wayne County",4,18,344,193,151
050,13,305,"Georgia","Wayne County",4,19,298,158,140
050,13,305,"Georgia","Wayne County",4,20,315,160,155
050,13,305,"Georgia","Wayne County",4,21,359,183,176
050,13,305,"Georgia","Wayne County",4,22,351,179,172
050,13,305,"Georgia","Wayne County",4,23,354,185,169
050,13,305,"Georgia","Wayne County",4,24,390,199,191
050,13,305,"Georgia","Wayne County",4,25,368,208,160
050,13,305,"Georgia","Wayne County",4,26,348,182,166
050,13,305,"Georgia","Wayne County",4,27,390,215,175
050,13,305,"Georgia","Wayne County",4,28,407,210,197
050,13,305,"Georgia","Wayne County",4,29,408,214,194
050,13,305,"Georgia","Wayne County",4,30,456,249,207
050,13,305,"Georgia","Wayne County",4,31,456,238,218
050,13,305,"Georgia","Wayne County",4,32,470,268,202
050,13,305,"Georgia","Wayne County",4,33,455,253,202
050,13,305,"Georgia","Wayne County",4,34,424,224,200
050,13,305,"Georgia","Wayne County",4,35,429,222,207
050,13,305,"Georgia","Wayne County",4,36,431,236,195
050,13,305,"Georgia","Wayne County",4,37,422,224,198
050,13,305,"Georgia","Wayne County",4,38,401,202,199
050,13,305,"Georgia","Wayne County",4,39,385,207,178
050,13,305,"Georgia","Wayne County",4,40,440,242,198
050,13,305,"Georgia","Wayne County",4,41,429,238,191
050,13,305,"Georgia","Wayne County",4,42,417,217,200
050,13,305,"Georgia","Wayne County",4,43,358,182,176
050,13,305,"Georgia","Wayne County",4,44,381,207,174
050,13,305,"Georgia","Wayne County",4,45,364,200,164
050,13,305,"Georgia","Wayne County",4,46,347,194,153
050,13,305,"Georgia","Wayne County",4,47,367,202,165
050,13,305,"Georgia","Wayne County",4,48,354,190,164
050,13,305,"Georgia","Wayne County",4,49,344,178,166
050,13,305,"Georgia","Wayne County",4,50,415,219,196
050,13,305,"Georgia","Wayne County",4,51,418,222,196
050,13,305,"Georgia","Wayne County",4,52,416,225,191
050,13,305,"Georgia","Wayne County",4,53,402,203,199
050,13,305,"Georgia","Wayne County",4,54,387,188,199
050,13,305,"Georgia","Wayne County",4,55,384,192,192
050,13,305,"Georgia","Wayne County",4,56,381,191,190
050,13,305,"Georgia","Wayne County",4,57,387,188,199
050,13,305,"Georgia","Wayne County",4,58,401,200,201
050,13,305,"Georgia","Wayne County",4,59,403,181,222
050,13,305,"Georgia","Wayne County",4,60,393,186,207
050,13,305,"Georgia","Wayne County",4,61,387,200,187
050,13,305,"Georgia","Wayne County",4,62,365,185,180
050,13,305,"Georgia","Wayne County",4,63,364,190,174
050,13,305,"Georgia","Wayne County",4,64,357,173,184
050,13,305,"Georgia","Wayne County",4,65,351,174,177
050,13,305,"Georgia","Wayne County",4,66,330,157,173
050,13,305,"Georgia","Wayne County",4,67,356,173,183
050,13,305,"Georgia","Wayne County",4,68,323,148,175
050,13,305,"Georgia","Wayne County",4,69,325,148,177
050,13,305,"Georgia","Wayne County",4,70,288,136,152
050,13,305,"Georgia","Wayne County",4,71,269,136,133
050,13,305,"Georgia","Wayne County",4,72,263,127,136
050,13,305,"Georgia","Wayne County",4,73,254,124,130
050,13,305,"Georgia","Wayne County",4,74,250,110,140
050,13,305,"Georgia","Wayne County",4,75,257,115,142
050,13,305,"Georgia","Wayne County",4,76,178,76,102
050,13,305,"Georgia","Wayne County",4,77,192,79,113
050,13,305,"Georgia","Wayne County",4,78,177,76,101
050,13,305,"Georgia","Wayne County",4,79,156,61,95
050,13,305,"Georgia","Wayne County",4,80,138,50,88
050,13,305,"Georgia","Wayne County",4,81,119,46,73
050,13,305,"Georgia","Wayne County",4,82,120,49,71
050,13,305,"Georgia","Wayne County",4,83,108,47,61
050,13,305,"Georgia","Wayne County",4,84,74,33,41
050,13,305,"Georgia","Wayne County",4,85,434,173,261
050,13,305,"Georgia","Wayne County",5,0,337,155,182
050,13,305,"Georgia","Wayne County",5,1,344,158,186
050,13,305,"Georgia","Wayne County",5,2,338,176,162
050,13,305,"Georgia","Wayne County",5,3,383,196,187
050,13,305,"Georgia","Wayne County",5,4,408,195,213
050,13,305,"Georgia","Wayne County",5,5,409,213,196
050,13,305,"Georgia","Wayne County",5,6,392,181,211
050,13,305,"Georgia","Wayne County",5,7,453,254,199
050,13,305,"Georgia","Wayne County",5,8,449,227,222
050,13,305,"Georgia","Wayne County",5,9,430,210,220
050,13,305,"Georgia","Wayne County",5,10,432,217,215
050,13,305,"Georgia","Wayne County",5,11,436,219,217
050,13,305,"Georgia","Wayne County",5,12,432,227,205
050,13,305,"Georgia","Wayne County",5,13,444,209,235
050,13,305,"Georgia","Wayne County",5,14,461,225,236
050,13,305,"Georgia","Wayne County",5,15,509,266,243
050,13,305,"Georgia","Wayne County",5,16,502,262,240
050,13,305,"Georgia","Wayne County",5,17,455,240,215
050,13,305,"Georgia","Wayne County",5,18,359,187,172
050,13,305,"Georgia","Wayne County",5,19,279,155,124
050,13,305,"Georgia","Wayne County",5,20,309,163,146
050,13,305,"Georgia","Wayne County",5,21,356,179,177
050,13,305,"Georgia","Wayne County",5,22,372,192,180
050,13,305,"Georgia","Wayne County",5,23,388,192,196
050,13,305,"Georgia","Wayne County",5,24,373,190,183
050,13,305,"Georgia","Wayne County",5,25,401,216,185
050,13,305,"Georgia","Wayne County",5,26,377,207,170
050,13,305,"Georgia","Wayne County",5,27,398,223,175
050,13,305,"Georgia","Wayne County",5,28,420,226,194
050,13,305,"Georgia","Wayne County",5,29,429,228,201
050,13,305,"Georgia","Wayne County",5,30,430,231,199
050,13,305,"Georgia","Wayne County",5,31,448,237,211
050,13,305,"Georgia","Wayne County",5,32,496,271,225
050,13,305,"Georgia","Wayne County",5,33,482,275,207
050,13,305,"Georgia","Wayne County",5,34,464,259,205
050,13,305,"Georgia","Wayne County",5,35,428,233,195
050,13,305,"Georgia","Wayne County",5,36,463,243,220
050,13,305,"Georgia","Wayne County",5,37,444,237,207
050,13,305,"Georgia","Wayne County",5,38,408,216,192
050,13,305,"Georgia","Wayne County",5,39,406,207,199
050,13,305,"Georgia","Wayne County",5,40,403,216,187
050,13,305,"Georgia","Wayne County",5,41,438,235,203
050,13,305,"Georgia","Wayne County",5,42,445,251,194
050,13,305,"Georgia","Wayne County",5,43,422,214,208
050,13,305,"Georgia","Wayne County",5,44,355,181,174
050,13,305,"Georgia","Wayne County",5,45,387,210,177
050,13,305,"Georgia","Wayne County",5,46,362,196,166
050,13,305,"Georgia","Wayne County",5,47,355,200,155
050,13,305,"Georgia","Wayne County",5,48,373,207,166
050,13,305,"Georgia","Wayne County",5,49,359,196,163
050,13,305,"Georgia","Wayne County",5,50,351,177,174
050,13,305,"Georgia","Wayne County",5,51,427,228,199
050,13,305,"Georgia","Wayne County",5,52,428,228,200
050,13,305,"Georgia","Wayne County",5,53,438,236,202
050,13,305,"Georgia","Wayne County",5,54,407,210,197
050,13,305,"Georgia","Wayne County",5,55,379,181,198
050,13,305,"Georgia","Wayne County",5,56,377,192,185
050,13,305,"Georgia","Wayne County",5,57,391,196,195
050,13,305,"Georgia","Wayne County",5,58,400,193,207
050,13,305,"Georgia","Wayne County",5,59,399,198,201
050,13,305,"Georgia","Wayne County",5,60,389,169,220
050,13,305,"Georgia","Wayne County",5,61,383,182,201
050,13,305,"Georgia","Wayne County",5,62,385,203,182
050,13,305,"Georgia","Wayne County",5,63,368,192,176
050,13,305,"Georgia","Wayne County",5,64,358,185,173
050,13,305,"Georgia","Wayne County",5,65,350,164,186
050,13,305,"Georgia","Wayne County",5,66,348,171,177
050,13,305,"Georgia","Wayne County",5,67,338,157,181
050,13,305,"Georgia","Wayne County",5,68,337,158,179
050,13,305,"Georgia","Wayne County",5,69,325,154,171
050,13,305,"Georgia","Wayne County",5,70,306,137,169
050,13,305,"Georgia","Wayne County",5,71,273,128,145
050,13,305,"Georgia","Wayne County",5,72,261,130,131
050,13,305,"Georgia","Wayne County",5,73,250,117,133
050,13,305,"Georgia","Wayne County",5,74,245,118,127
050,13,305,"Georgia","Wayne County",5,75,230,95,135
050,13,305,"Georgia","Wayne County",5,76,241,105,136
050,13,305,"Georgia","Wayne County",5,77,172,73,99
050,13,305,"Georgia","Wayne County",5,78,190,76,114
050,13,305,"Georgia","Wayne County",5,79,162,70,92
050,13,305,"Georgia","Wayne County",5,80,138,49,89
050,13,305,"Georgia","Wayne County",5,81,122,41,81
050,13,305,"Georgia","Wayne County",5,82,115,45,70
050,13,305,"Georgia","Wayne County",5,83,103,43,60
050,13,305,"Georgia","Wayne County",5,84,105,46,59
050,13,305,"Georgia","Wayne County",5,85,439,172,267
050,13,307,"Georgia","Webster County",1,0,21,11,10
050,13,307,"Georgia","Webster County",1,1,25,15,10
050,13,307,"Georgia","Webster County",1,2,20,8,12
050,13,307,"Georgia","Webster County",1,3,25,13,12
050,13,307,"Georgia","Webster County",1,4,20,14,6
050,13,307,"Georgia","Webster County",1,5,24,13,11
050,13,307,"Georgia","Webster County",1,6,22,11,11
050,13,307,"Georgia","Webster County",1,7,19,10,9
050,13,307,"Georgia","Webster County",1,8,29,14,15
050,13,307,"Georgia","Webster County",1,9,16,6,10
050,13,307,"Georgia","Webster County",1,10,18,9,9
050,13,307,"Georgia","Webster County",1,11,23,9,14
050,13,307,"Georgia","Webster County",1,12,21,12,9
050,13,307,"Georgia","Webster County",1,13,30,12,18
050,13,307,"Georgia","Webster County",1,14,29,16,13
050,13,307,"Georgia","Webster County",1,15,34,15,19
050,13,307,"Georgia","Webster County",1,16,30,8,22
050,13,307,"Georgia","Webster County",1,17,30,12,18
050,13,307,"Georgia","Webster County",1,18,35,21,14
050,13,307,"Georgia","Webster County",1,19,23,12,11
050,13,307,"Georgia","Webster County",1,20,25,11,14
050,13,307,"Georgia","Webster County",1,21,27,12,15
050,13,307,"Georgia","Webster County",1,22,29,17,12
050,13,307,"Georgia","Webster County",1,23,34,19,15
050,13,307,"Georgia","Webster County",1,24,22,12,10
050,13,307,"Georgia","Webster County",1,25,24,11,13
050,13,307,"Georgia","Webster County",1,26,27,15,12
050,13,307,"Georgia","Webster County",1,27,20,9,11
050,13,307,"Georgia","Webster County",1,28,22,10,12
050,13,307,"Georgia","Webster County",1,29,27,14,13
050,13,307,"Georgia","Webster County",1,30,23,11,12
050,13,307,"Georgia","Webster County",1,31,15,9,6
050,13,307,"Georgia","Webster County",1,32,19,9,10
050,13,307,"Georgia","Webster County",1,33,20,11,9
050,13,307,"Georgia","Webster County",1,34,22,14,8
050,13,307,"Georgia","Webster County",1,35,22,12,10
050,13,307,"Georgia","Webster County",1,36,21,12,9
050,13,307,"Georgia","Webster County",1,37,20,7,13
050,13,307,"Georgia","Webster County",1,38,21,11,10
050,13,307,"Georgia","Webster County",1,39,22,8,14
050,13,307,"Georgia","Webster County",1,40,18,8,10
050,13,307,"Georgia","Webster County",1,41,22,8,14
050,13,307,"Georgia","Webster County",1,42,26,15,11
050,13,307,"Georgia","Webster County",1,43,18,8,10
050,13,307,"Georgia","Webster County",1,44,20,7,13
050,13,307,"Georgia","Webster County",1,45,26,13,13
050,13,307,"Georgia","Webster County",1,46,35,21,14
050,13,307,"Georgia","Webster County",1,47,28,15,13
050,13,307,"Georgia","Webster County",1,48,32,16,16
050,13,307,"Georgia","Webster County",1,49,42,22,20
050,13,307,"Georgia","Webster County",1,50,34,18,16
050,13,307,"Georgia","Webster County",1,51,27,13,14
050,13,307,"Georgia","Webster County",1,52,29,14,15
050,13,307,"Georgia","Webster County",1,53,42,19,23
050,13,307,"Georgia","Webster County",1,54,44,21,23
050,13,307,"Georgia","Webster County",1,55,47,28,19
050,13,307,"Georgia","Webster County",1,56,46,26,20
050,13,307,"Georgia","Webster County",1,57,31,17,14
050,13,307,"Georgia","Webster County",1,58,42,22,20
050,13,307,"Georgia","Webster County",1,59,47,22,25
050,13,307,"Georgia","Webster County",1,60,31,12,19
050,13,307,"Georgia","Webster County",1,61,26,11,15
050,13,307,"Georgia","Webster County",1,62,41,19,22
050,13,307,"Georgia","Webster County",1,63,46,22,24
050,13,307,"Georgia","Webster County",1,64,40,18,22
050,13,307,"Georgia","Webster County",1,65,35,14,21
050,13,307,"Georgia","Webster County",1,66,22,7,15
050,13,307,"Georgia","Webster County",1,67,39,18,21
050,13,307,"Georgia","Webster County",1,68,36,15,21
050,13,307,"Georgia","Webster County",1,69,32,14,18
050,13,307,"Georgia","Webster County",1,70,26,15,11
050,13,307,"Georgia","Webster County",1,71,36,25,11
050,13,307,"Georgia","Webster County",1,72,31,15,16
050,13,307,"Georgia","Webster County",1,73,41,22,19
050,13,307,"Georgia","Webster County",1,74,21,9,12
050,13,307,"Georgia","Webster County",1,75,14,8,6
050,13,307,"Georgia","Webster County",1,76,23,11,12
050,13,307,"Georgia","Webster County",1,77,22,8,14
050,13,307,"Georgia","Webster County",1,78,16,8,8
050,13,307,"Georgia","Webster County",1,79,19,10,9
050,13,307,"Georgia","Webster County",1,80,15,8,7
050,13,307,"Georgia","Webster County",1,81,14,10,4
050,13,307,"Georgia","Webster County",1,82,12,8,4
050,13,307,"Georgia","Webster County",1,83,11,5,6
050,13,307,"Georgia","Webster County",1,84,9,5,4
050,13,307,"Georgia","Webster County",1,85,78,36,42
050,13,307,"Georgia","Webster County",2,0,22,10,12
050,13,307,"Georgia","Webster County",2,1,24,14,10
050,13,307,"Georgia","Webster County",2,2,21,10,11
050,13,307,"Georgia","Webster County",2,3,23,11,12
050,13,307,"Georgia","Webster County",2,4,23,15,8
050,13,307,"Georgia","Webster County",2,5,23,13,10
050,13,307,"Georgia","Webster County",2,6,22,11,11
050,13,307,"Georgia","Webster County",2,7,21,11,10
050,13,307,"Georgia","Webster County",2,8,27,13,14
050,13,307,"Georgia","Webster County",2,9,18,8,10
050,13,307,"Georgia","Webster County",2,10,19,8,11
050,13,307,"Georgia","Webster County",2,11,20,8,12
050,13,307,"Georgia","Webster County",2,12,22,12,10
050,13,307,"Georgia","Webster County",2,13,28,13,15
050,13,307,"Georgia","Webster County",2,14,28,14,14
050,13,307,"Georgia","Webster County",2,15,33,14,19
050,13,307,"Georgia","Webster County",2,16,30,10,20
050,13,307,"Georgia","Webster County",2,17,30,12,18
050,13,307,"Georgia","Webster County",2,18,32,19,13
050,13,307,"Georgia","Webster County",2,19,24,13,11
050,13,307,"Georgia","Webster County",2,20,25,11,14
050,13,307,"Georgia","Webster County",2,21,27,12,15
050,13,307,"Georgia","Webster County",2,22,28,16,12
050,13,307,"Georgia","Webster County",2,23,33,18,15
050,13,307,"Georgia","Webster County",2,24,25,14,11
050,13,307,"Georgia","Webster County",2,25,24,11,13
050,13,307,"Georgia","Webster County",2,26,26,13,13
050,13,307,"Georgia","Webster County",2,27,21,10,11
050,13,307,"Georgia","Webster County",2,28,22,10,12
050,13,307,"Georgia","Webster County",2,29,25,13,12
050,13,307,"Georgia","Webster County",2,30,24,12,12
050,13,307,"Georgia","Webster County",2,31,17,9,8
050,13,307,"Georgia","Webster County",2,32,18,9,9
050,13,307,"Georgia","Webster County",2,33,19,10,9
050,13,307,"Georgia","Webster County",2,34,23,14,9
050,13,307,"Georgia","Webster County",2,35,23,13,10
050,13,307,"Georgia","Webster County",2,36,21,11,10
050,13,307,"Georgia","Webster County",2,37,21,9,12
050,13,307,"Georgia","Webster County",2,38,20,9,11
050,13,307,"Georgia","Webster County",2,39,21,8,13
050,13,307,"Georgia","Webster County",2,40,19,8,11
050,13,307,"Georgia","Webster County",2,41,21,8,13
050,13,307,"Georgia","Webster County",2,42,25,13,12
050,13,307,"Georgia","Webster County",2,43,20,10,10
050,13,307,"Georgia","Webster County",2,44,20,7,13
050,13,307,"Georgia","Webster County",2,45,25,12,13
050,13,307,"Georgia","Webster County",2,46,31,18,13
050,13,307,"Georgia","Webster County",2,47,30,17,13
050,13,307,"Georgia","Webster County",2,48,31,16,15
050,13,307,"Georgia","Webster County",2,49,39,20,19
050,13,307,"Georgia","Webster County",2,50,37,20,17
050,13,307,"Georgia","Webster County",2,51,28,14,14
050,13,307,"Georgia","Webster County",2,52,29,14,15
050,13,307,"Georgia","Webster County",2,53,38,17,21
050,13,307,"Georgia","Webster County",2,54,44,21,23
050,13,307,"Georgia","Webster County",2,55,47,27,20
050,13,307,"Georgia","Webster County",2,56,46,26,20
050,13,307,"Georgia","Webster County",2,57,36,20,16
050,13,307,"Georgia","Webster County",2,58,40,21,19
050,13,307,"Georgia","Webster County",2,59,45,21,24
050,13,307,"Georgia","Webster County",2,60,34,14,20
050,13,307,"Georgia","Webster County",2,61,29,12,17
050,13,307,"Georgia","Webster County",2,62,38,17,21
050,13,307,"Georgia","Webster County",2,63,45,21,24
050,13,307,"Georgia","Webster County",2,64,41,19,22
050,13,307,"Georgia","Webster County",2,65,36,15,21
050,13,307,"Georgia","Webster County",2,66,26,9,17
050,13,307,"Georgia","Webster County",2,67,35,15,20
050,13,307,"Georgia","Webster County",2,68,37,16,21
050,13,307,"Georgia","Webster County",2,69,34,15,19
050,13,307,"Georgia","Webster County",2,70,29,16,13
050,13,307,"Georgia","Webster County",2,71,33,22,11
050,13,307,"Georgia","Webster County",2,72,31,17,14
050,13,307,"Georgia","Webster County",2,73,40,21,19
050,13,307,"Georgia","Webster County",2,74,23,10,13
050,13,307,"Georgia","Webster County",2,75,17,9,8
050,13,307,"Georgia","Webster County",2,76,21,10,11
050,13,307,"Georgia","Webster County",2,77,22,9,13
050,13,307,"Georgia","Webster County",2,78,18,8,10
050,13,307,"Georgia","Webster County",2,79,17,8,9
050,13,307,"Georgia","Webster County",2,80,16,9,7
050,13,307,"Georgia","Webster County",2,81,14,10,4
050,13,307,"Georgia","Webster County",2,82,13,9,4
050,13,307,"Georgia","Webster County",2,83,11,6,5
050,13,307,"Georgia","Webster County",2,84,8,4,4
050,13,307,"Georgia","Webster County",2,85,79,37,42
050,13,307,"Georgia","Webster County",3,0,20,6,14
050,13,307,"Georgia","Webster County",3,1,23,12,11
050,13,307,"Georgia","Webster County",3,2,26,14,12
050,13,307,"Georgia","Webster County",3,3,19,9,10
050,13,307,"Georgia","Webster County",3,4,23,13,10
050,13,307,"Georgia","Webster County",3,5,24,14,10
050,13,307,"Georgia","Webster County",3,6,25,12,13
050,13,307,"Georgia","Webster County",3,7,22,10,12
050,13,307,"Georgia","Webster County",3,8,20,9,11
050,13,307,"Georgia","Webster County",3,9,23,11,12
050,13,307,"Georgia","Webster County",3,10,22,10,12
050,13,307,"Georgia","Webster County",3,11,20,7,13
050,13,307,"Georgia","Webster County",3,12,20,10,10
050,13,307,"Georgia","Webster County",3,13,22,12,10
050,13,307,"Georgia","Webster County",3,14,29,13,16
050,13,307,"Georgia","Webster County",3,15,26,13,13
050,13,307,"Georgia","Webster County",3,16,26,12,14
050,13,307,"Georgia","Webster County",3,17,34,13,21
050,13,307,"Georgia","Webster County",3,18,22,9,13
050,13,307,"Georgia","Webster County",3,19,26,16,10
050,13,307,"Georgia","Webster County",3,20,28,15,13
050,13,307,"Georgia","Webster County",3,21,28,13,15
050,13,307,"Georgia","Webster County",3,22,24,7,17
050,13,307,"Georgia","Webster County",3,23,32,16,16
050,13,307,"Georgia","Webster County",3,24,25,12,13
050,13,307,"Georgia","Webster County",3,25,27,15,12
050,13,307,"Georgia","Webster County",3,26,22,9,13
050,13,307,"Georgia","Webster County",3,27,30,14,16
050,13,307,"Georgia","Webster County",3,28,23,10,13
050,13,307,"Georgia","Webster County",3,29,26,12,14
050,13,307,"Georgia","Webster County",3,30,29,17,12
050,13,307,"Georgia","Webster County",3,31,26,14,12
050,13,307,"Georgia","Webster County",3,32,14,7,7
050,13,307,"Georgia","Webster County",3,33,16,7,9
050,13,307,"Georgia","Webster County",3,34,23,9,14
050,13,307,"Georgia","Webster County",3,35,23,14,9
050,13,307,"Georgia","Webster County",3,36,24,13,11
050,13,307,"Georgia","Webster County",3,37,23,13,10
050,13,307,"Georgia","Webster County",3,38,20,6,14
050,13,307,"Georgia","Webster County",3,39,25,11,14
050,13,307,"Georgia","Webster County",3,40,25,10,15
050,13,307,"Georgia","Webster County",3,41,20,9,11
050,13,307,"Georgia","Webster County",3,42,20,7,13
050,13,307,"Georgia","Webster County",3,43,24,12,12
050,13,307,"Georgia","Webster County",3,44,17,10,7
050,13,307,"Georgia","Webster County",3,45,20,7,13
050,13,307,"Georgia","Webster County",3,46,22,10,12
050,13,307,"Georgia","Webster County",3,47,30,18,12
050,13,307,"Georgia","Webster County",3,48,31,17,14
050,13,307,"Georgia","Webster County",3,49,34,18,16
050,13,307,"Georgia","Webster County",3,50,40,20,20
050,13,307,"Georgia","Webster County",3,51,38,20,18
050,13,307,"Georgia","Webster County",3,52,29,16,13
050,13,307,"Georgia","Webster County",3,53,26,11,15
050,13,307,"Georgia","Webster County",3,54,37,16,21
050,13,307,"Georgia","Webster County",3,55,43,20,23
050,13,307,"Georgia","Webster County",3,56,48,27,21
050,13,307,"Georgia","Webster County",3,57,46,26,20
050,13,307,"Georgia","Webster County",3,58,37,21,16
050,13,307,"Georgia","Webster County",3,59,41,21,20
050,13,307,"Georgia","Webster County",3,60,46,21,25
050,13,307,"Georgia","Webster County",3,61,35,15,20
050,13,307,"Georgia","Webster County",3,62,29,12,17
050,13,307,"Georgia","Webster County",3,63,40,19,21
050,13,307,"Georgia","Webster County",3,64,46,22,24
050,13,307,"Georgia","Webster County",3,65,38,17,21
050,13,307,"Georgia","Webster County",3,66,33,13,20
050,13,307,"Georgia","Webster County",3,67,26,9,17
050,13,307,"Georgia","Webster County",3,68,34,14,20
050,13,307,"Georgia","Webster County",3,69,35,15,20
050,13,307,"Georgia","Webster County",3,70,34,17,17
050,13,307,"Georgia","Webster County",3,71,28,16,12
050,13,307,"Georgia","Webster County",3,72,31,20,11
050,13,307,"Georgia","Webster County",3,73,31,17,14
050,13,307,"Georgia","Webster County",3,74,39,20,19
050,13,307,"Georgia","Webster County",3,75,23,10,13
050,13,307,"Georgia","Webster County",3,76,15,8,7
050,13,307,"Georgia","Webster County",3,77,21,10,11
050,13,307,"Georgia","Webster County",3,78,21,8,13
050,13,307,"Georgia","Webster County",3,79,18,8,10
050,13,307,"Georgia","Webster County",3,80,17,8,9
050,13,307,"Georgia","Webster County",3,81,16,9,7
050,13,307,"Georgia","Webster County",3,82,12,9,3
050,13,307,"Georgia","Webster County",3,83,12,9,3
050,13,307,"Georgia","Webster County",3,84,11,6,5
050,13,307,"Georgia","Webster County",3,85,83,39,44
050,13,307,"Georgia","Webster County",4,0,17,9,8
050,13,307,"Georgia","Webster County",4,1,19,4,15
050,13,307,"Georgia","Webster County",4,2,23,11,12
050,13,307,"Georgia","Webster County",4,3,25,15,10
050,13,307,"Georgia","Webster County",4,4,19,8,11
050,13,307,"Georgia","Webster County",4,5,22,13,9
050,13,307,"Georgia","Webster County",4,6,22,12,10
050,13,307,"Georgia","Webster County",4,7,27,13,14
050,13,307,"Georgia","Webster County",4,8,19,11,8
050,13,307,"Georgia","Webster County",4,9,21,10,11
050,13,307,"Georgia","Webster County",4,10,24,11,13
050,13,307,"Georgia","Webster County",4,11,23,10,13
050,13,307,"Georgia","Webster County",4,12,22,10,12
050,13,307,"Georgia","Webster County",4,13,22,11,11
050,13,307,"Georgia","Webster County",4,14,23,12,11
050,13,307,"Georgia","Webster County",4,15,33,16,17
050,13,307,"Georgia","Webster County",4,16,24,13,11
050,13,307,"Georgia","Webster County",4,17,26,13,13
050,13,307,"Georgia","Webster County",4,18,24,10,14
050,13,307,"Georgia","Webster County",4,19,16,7,9
050,13,307,"Georgia","Webster County",4,20,25,16,9
050,13,307,"Georgia","Webster County",4,21,25,15,10
050,13,307,"Georgia","Webster County",4,22,25,11,14
050,13,307,"Georgia","Webster County",4,23,23,9,14
050,13,307,"Georgia","Webster County",4,24,31,17,14
050,13,307,"Georgia","Webster County",4,25,27,13,14
050,13,307,"Georgia","Webster County",4,26,32,18,14
050,13,307,"Georgia","Webster County",4,27,25,12,13
050,13,307,"Georgia","Webster County",4,28,27,12,15
050,13,307,"Georgia","Webster County",4,29,20,9,11
050,13,307,"Georgia","Webster County",4,30,28,13,15
050,13,307,"Georgia","Webster County",4,31,24,14,10
050,13,307,"Georgia","Webster County",4,32,25,15,10
050,13,307,"Georgia","Webster County",4,33,19,10,9
050,13,307,"Georgia","Webster County",4,34,14,7,7
050,13,307,"Georgia","Webster County",4,35,24,8,16
050,13,307,"Georgia","Webster County",4,36,18,10,8
050,13,307,"Georgia","Webster County",4,37,23,13,10
050,13,307,"Georgia","Webster County",4,38,19,10,9
050,13,307,"Georgia","Webster County",4,39,23,6,17
050,13,307,"Georgia","Webster County",4,40,25,11,14
050,13,307,"Georgia","Webster County",4,41,28,14,14
050,13,307,"Georgia","Webster County",4,42,21,9,12
050,13,307,"Georgia","Webster County",4,43,18,6,12
050,13,307,"Georgia","Webster County",4,44,27,12,15
050,13,307,"Georgia","Webster County",4,45,19,10,9
050,13,307,"Georgia","Webster County",4,46,20,7,13
050,13,307,"Georgia","Webster County",4,47,20,10,10
050,13,307,"Georgia","Webster County",4,48,30,17,13
050,13,307,"Georgia","Webster County",4,49,30,17,13
050,13,307,"Georgia","Webster County",4,50,34,18,16
050,13,307,"Georgia","Webster County",4,51,43,20,23
050,13,307,"Georgia","Webster County",4,52,39,20,19
050,13,307,"Georgia","Webster County",4,53,29,14,15
050,13,307,"Georgia","Webster County",4,54,28,13,15
050,13,307,"Georgia","Webster County",4,55,38,16,22
050,13,307,"Georgia","Webster County",4,56,43,20,23
050,13,307,"Georgia","Webster County",4,57,43,25,18
050,13,307,"Georgia","Webster County",4,58,46,26,20
050,13,307,"Georgia","Webster County",4,59,36,19,17
050,13,307,"Georgia","Webster County",4,60,38,21,17
050,13,307,"Georgia","Webster County",4,61,44,21,23
050,13,307,"Georgia","Webster County",4,62,34,15,19
050,13,307,"Georgia","Webster County",4,63,32,15,17
050,13,307,"Georgia","Webster County",4,64,41,17,24
050,13,307,"Georgia","Webster County",4,65,46,22,24
050,13,307,"Georgia","Webster County",4,66,36,15,21
050,13,307,"Georgia","Webster County",4,67,34,15,19
050,13,307,"Georgia","Webster County",4,68,25,8,17
050,13,307,"Georgia","Webster County",4,69,32,12,20
050,13,307,"Georgia","Webster County",4,70,35,16,19
050,13,307,"Georgia","Webster County",4,71,33,17,16
050,13,307,"Georgia","Webster County",4,72,27,14,13
050,13,307,"Georgia","Webster County",4,73,32,21,11
050,13,307,"Georgia","Webster County",4,74,29,15,14
050,13,307,"Georgia","Webster County",4,75,39,20,19
050,13,307,"Georgia","Webster County",4,76,22,9,13
050,13,307,"Georgia","Webster County",4,77,14,8,6
050,13,307,"Georgia","Webster County",4,78,20,10,10
050,13,307,"Georgia","Webster County",4,79,21,8,13
050,13,307,"Georgia","Webster County",4,80,20,9,11
050,13,307,"Georgia","Webster County",4,81,16,8,8
050,13,307,"Georgia","Webster County",4,82,15,9,6
050,13,307,"Georgia","Webster County",4,83,10,9,1
050,13,307,"Georgia","Webster County",4,84,12,9,3
050,13,307,"Georgia","Webster County",4,85,85,37,48
050,13,307,"Georgia","Webster County",5,0,18,11,7
050,13,307,"Georgia","Webster County",5,1,17,7,10
050,13,307,"Georgia","Webster County",5,2,19,6,13
050,13,307,"Georgia","Webster County",5,3,23,11,12
050,13,307,"Georgia","Webster County",5,4,23,12,11
050,13,307,"Georgia","Webster County",5,5,19,10,9
050,13,307,"Georgia","Webster County",5,6,20,12,8
050,13,307,"Georgia","Webster County",5,7,20,12,8
050,13,307,"Georgia","Webster County",5,8,26,12,14
050,13,307,"Georgia","Webster County",5,9,20,12,8
050,13,307,"Georgia","Webster County",5,10,22,11,11
050,13,307,"Georgia","Webster County",5,11,25,11,14
050,13,307,"Georgia","Webster County",5,12,26,11,15
050,13,307,"Georgia","Webster County",5,13,21,9,12
050,13,307,"Georgia","Webster County",5,14,20,10,10
050,13,307,"Georgia","Webster County",5,15,25,15,10
050,13,307,"Georgia","Webster County",5,16,32,17,15
050,13,307,"Georgia","Webster County",5,17,23,15,8
050,13,307,"Georgia","Webster County",5,18,23,11,12
050,13,307,"Georgia","Webster County",5,19,20,8,12
050,13,307,"Georgia","Webster County",5,20,16,8,8
050,13,307,"Georgia","Webster County",5,21,24,17,7
050,13,307,"Georgia","Webster County",5,22,27,15,12
050,13,307,"Georgia","Webster County",5,23,29,10,19
050,13,307,"Georgia","Webster County",5,24,24,9,15
050,13,307,"Georgia","Webster County",5,25,34,16,18
050,13,307,"Georgia","Webster County",5,26,32,14,18
050,13,307,"Georgia","Webster County",5,27,29,16,13
050,13,307,"Georgia","Webster County",5,28,27,12,15
050,13,307,"Georgia","Webster County",5,29,26,10,16
050,13,307,"Georgia","Webster County",5,30,21,10,11
050,13,307,"Georgia","Webster County",5,31,28,13,15
050,13,307,"Georgia","Webster County",5,32,21,11,10
050,13,307,"Georgia","Webster County",5,33,25,15,10
050,13,307,"Georgia","Webster County",5,34,15,9,6
050,13,307,"Georgia","Webster County",5,35,14,7,7
050,13,307,"Georgia","Webster County",5,36,22,9,13
050,13,307,"Georgia","Webster County",5,37,18,11,7
050,13,307,"Georgia","Webster County",5,38,20,10,10
050,13,307,"Georgia","Webster County",5,39,19,9,10
050,13,307,"Georgia","Webster County",5,40,25,7,18
050,13,307,"Georgia","Webster County",5,41,24,11,13
050,13,307,"Georgia","Webster County",5,42,30,14,16
050,13,307,"Georgia","Webster County",5,43,20,9,11
050,13,307,"Georgia","Webster County",5,44,17,6,11
050,13,307,"Georgia","Webster County",5,45,23,8,15
050,13,307,"Georgia","Webster County",5,46,22,11,11
050,13,307,"Georgia","Webster County",5,47,20,7,13
050,13,307,"Georgia","Webster County",5,48,19,9,10
050,13,307,"Georgia","Webster County",5,49,34,17,17
050,13,307,"Georgia","Webster County",5,50,33,17,16
050,13,307,"Georgia","Webster County",5,51,35,18,17
050,13,307,"Georgia","Webster County",5,52,46,25,21
050,13,307,"Georgia","Webster County",5,53,41,22,19
050,13,307,"Georgia","Webster County",5,54,31,14,17
050,13,307,"Georgia","Webster County",5,55,29,13,16
050,13,307,"Georgia","Webster County",5,56,34,18,16
050,13,307,"Georgia","Webster County",5,57,41,20,21
050,13,307,"Georgia","Webster County",5,58,42,25,17
050,13,307,"Georgia","Webster County",5,59,49,28,21
050,13,307,"Georgia","Webster County",5,60,38,21,17
050,13,307,"Georgia","Webster County",5,61,41,23,18
050,13,307,"Georgia","Webster County",5,62,46,24,22
050,13,307,"Georgia","Webster County",5,63,31,12,19
050,13,307,"Georgia","Webster County",5,64,32,15,17
050,13,307,"Georgia","Webster County",5,65,43,19,24
050,13,307,"Georgia","Webster County",5,66,46,22,24
050,13,307,"Georgia","Webster County",5,67,35,15,20
050,13,307,"Georgia","Webster County",5,68,32,13,19
050,13,307,"Georgia","Webster County",5,69,23,6,17
050,13,307,"Georgia","Webster County",5,70,32,12,20
050,13,307,"Georgia","Webster County",5,71,34,16,18
050,13,307,"Georgia","Webster County",5,72,32,16,16
050,13,307,"Georgia","Webster County",5,73,27,14,13
050,13,307,"Georgia","Webster County",5,74,31,20,11
050,13,307,"Georgia","Webster County",5,75,25,15,10
050,13,307,"Georgia","Webster County",5,76,38,19,19
050,13,307,"Georgia","Webster County",5,77,21,9,12
050,13,307,"Georgia","Webster County",5,78,13,8,5
050,13,307,"Georgia","Webster County",5,79,21,11,10
050,13,307,"Georgia","Webster County",5,80,20,8,12
050,13,307,"Georgia","Webster County",5,81,20,10,10
050,13,307,"Georgia","Webster County",5,82,15,8,7
050,13,307,"Georgia","Webster County",5,83,14,9,5
050,13,307,"Georgia","Webster County",5,84,7,6,1
050,13,307,"Georgia","Webster County",5,85,92,43,49
050,13,309,"Georgia","Wheeler County",1,0,60,31,29
050,13,309,"Georgia","Wheeler County",1,1,61,36,25
050,13,309,"Georgia","Wheeler County",1,2,60,32,28
050,13,309,"Georgia","Wheeler County",1,3,72,38,34
050,13,309,"Georgia","Wheeler County",1,4,70,35,35
050,13,309,"Georgia","Wheeler County",1,5,62,29,33
050,13,309,"Georgia","Wheeler County",1,6,68,36,32
050,13,309,"Georgia","Wheeler County",1,7,60,24,36
050,13,309,"Georgia","Wheeler County",1,8,65,32,33
050,13,309,"Georgia","Wheeler County",1,9,61,34,27
050,13,309,"Georgia","Wheeler County",1,10,69,34,35
050,13,309,"Georgia","Wheeler County",1,11,75,29,46
050,13,309,"Georgia","Wheeler County",1,12,80,37,43
050,13,309,"Georgia","Wheeler County",1,13,71,37,34
050,13,309,"Georgia","Wheeler County",1,14,63,36,27
050,13,309,"Georgia","Wheeler County",1,15,76,38,38
050,13,309,"Georgia","Wheeler County",1,16,77,41,36
050,13,309,"Georgia","Wheeler County",1,17,77,45,32
050,13,309,"Georgia","Wheeler County",1,18,69,40,29
050,13,309,"Georgia","Wheeler County",1,19,81,56,25
050,13,309,"Georgia","Wheeler County",1,20,111,78,33
050,13,309,"Georgia","Wheeler County",1,21,106,83,23
050,13,309,"Georgia","Wheeler County",1,22,119,93,26
050,13,309,"Georgia","Wheeler County",1,23,129,106,23
050,13,309,"Georgia","Wheeler County",1,24,132,102,30
050,13,309,"Georgia","Wheeler County",1,25,111,90,21
050,13,309,"Georgia","Wheeler County",1,26,138,119,19
050,13,309,"Georgia","Wheeler County",1,27,123,100,23
050,13,309,"Georgia","Wheeler County",1,28,148,111,37
050,13,309,"Georgia","Wheeler County",1,29,154,118,36
050,13,309,"Georgia","Wheeler County",1,30,118,90,28
050,13,309,"Georgia","Wheeler County",1,31,124,98,26
050,13,309,"Georgia","Wheeler County",1,32,139,107,32
050,13,309,"Georgia","Wheeler County",1,33,125,99,26
050,13,309,"Georgia","Wheeler County",1,34,127,98,29
050,13,309,"Georgia","Wheeler County",1,35,87,65,22
050,13,309,"Georgia","Wheeler County",1,36,113,85,28
050,13,309,"Georgia","Wheeler County",1,37,102,74,28
050,13,309,"Georgia","Wheeler County",1,38,131,101,30
050,13,309,"Georgia","Wheeler County",1,39,104,74,30
050,13,309,"Georgia","Wheeler County",1,40,116,86,30
050,13,309,"Georgia","Wheeler County",1,41,108,81,27
050,13,309,"Georgia","Wheeler County",1,42,120,90,30
050,13,309,"Georgia","Wheeler County",1,43,127,91,36
050,13,309,"Georgia","Wheeler County",1,44,115,92,23
050,13,309,"Georgia","Wheeler County",1,45,99,76,23
050,13,309,"Georgia","Wheeler County",1,46,124,99,25
050,13,309,"Georgia","Wheeler County",1,47,131,105,26
050,13,309,"Georgia","Wheeler County",1,48,111,83,28
050,13,309,"Georgia","Wheeler County",1,49,121,92,29
050,13,309,"Georgia","Wheeler County",1,50,108,74,34
050,13,309,"Georgia","Wheeler County",1,51,100,73,27
050,13,309,"Georgia","Wheeler County",1,52,76,49,27
050,13,309,"Georgia","Wheeler County",1,53,86,54,32
050,13,309,"Georgia","Wheeler County",1,54,112,78,34
050,13,309,"Georgia","Wheeler County",1,55,98,59,39
050,13,309,"Georgia","Wheeler County",1,56,86,50,36
050,13,309,"Georgia","Wheeler County",1,57,100,62,38
050,13,309,"Georgia","Wheeler County",1,58,96,64,32
050,13,309,"Georgia","Wheeler County",1,59,91,47,44
050,13,309,"Georgia","Wheeler County",1,60,83,37,46
050,13,309,"Georgia","Wheeler County",1,61,83,43,40
050,13,309,"Georgia","Wheeler County",1,62,86,38,48
050,13,309,"Georgia","Wheeler County",1,63,74,36,38
050,13,309,"Georgia","Wheeler County",1,64,79,34,45
050,13,309,"Georgia","Wheeler County",1,65,74,35,39
050,13,309,"Georgia","Wheeler County",1,66,66,34,32
050,13,309,"Georgia","Wheeler County",1,67,69,38,31
050,13,309,"Georgia","Wheeler County",1,68,69,37,32
050,13,309,"Georgia","Wheeler County",1,69,74,36,38
050,13,309,"Georgia","Wheeler County",1,70,79,40,39
050,13,309,"Georgia","Wheeler County",1,71,63,33,30
050,13,309,"Georgia","Wheeler County",1,72,63,34,29
050,13,309,"Georgia","Wheeler County",1,73,61,30,31
050,13,309,"Georgia","Wheeler County",1,74,48,23,25
050,13,309,"Georgia","Wheeler County",1,75,51,24,27
050,13,309,"Georgia","Wheeler County",1,76,59,31,28
050,13,309,"Georgia","Wheeler County",1,77,51,23,28
050,13,309,"Georgia","Wheeler County",1,78,40,21,19
050,13,309,"Georgia","Wheeler County",1,79,29,11,18
050,13,309,"Georgia","Wheeler County",1,80,29,12,17
050,13,309,"Georgia","Wheeler County",1,81,22,14,8
050,13,309,"Georgia","Wheeler County",1,82,28,17,11
050,13,309,"Georgia","Wheeler County",1,83,18,9,9
050,13,309,"Georgia","Wheeler County",1,84,16,9,7
050,13,309,"Georgia","Wheeler County",1,85,123,43,80
050,13,309,"Georgia","Wheeler County",2,0,58,33,25
050,13,309,"Georgia","Wheeler County",2,1,60,35,25
050,13,309,"Georgia","Wheeler County",2,2,61,34,27
050,13,309,"Georgia","Wheeler County",2,3,69,36,33
050,13,309,"Georgia","Wheeler County",2,4,67,35,32
050,13,309,"Georgia","Wheeler County",2,5,63,31,32
050,13,309,"Georgia","Wheeler County",2,6,66,33,33
050,13,309,"Georgia","Wheeler County",2,7,61,27,34
050,13,309,"Georgia","Wheeler County",2,8,63,30,33
050,13,309,"Georgia","Wheeler County",2,9,62,34,28
050,13,309,"Georgia","Wheeler County",2,10,66,33,33
050,13,309,"Georgia","Wheeler County",2,11,74,31,43
050,13,309,"Georgia","Wheeler County",2,12,78,35,43
050,13,309,"Georgia","Wheeler County",2,13,71,36,35
050,13,309,"Georgia","Wheeler County",2,14,64,35,29
050,13,309,"Georgia","Wheeler County",2,15,73,37,36
050,13,309,"Georgia","Wheeler County",2,16,75,40,35
050,13,309,"Georgia","Wheeler County",2,17,75,44,31
050,13,309,"Georgia","Wheeler County",2,18,69,41,28
050,13,309,"Georgia","Wheeler County",2,19,81,56,25
050,13,309,"Georgia","Wheeler County",2,20,109,78,31
050,13,309,"Georgia","Wheeler County",2,21,108,82,26
050,13,309,"Georgia","Wheeler County",2,22,120,95,25
050,13,309,"Georgia","Wheeler County",2,23,129,105,24
050,13,309,"Georgia","Wheeler County",2,24,129,101,28
050,13,309,"Georgia","Wheeler County",2,25,113,90,23
050,13,309,"Georgia","Wheeler County",2,26,137,118,19
050,13,309,"Georgia","Wheeler County",2,27,121,99,22
050,13,309,"Georgia","Wheeler County",2,28,142,109,33
050,13,309,"Georgia","Wheeler County",2,29,152,117,35
050,13,309,"Georgia","Wheeler County",2,30,122,93,29
050,13,309,"Georgia","Wheeler County",2,31,124,98,26
050,13,309,"Georgia","Wheeler County",2,32,136,106,30
050,13,309,"Georgia","Wheeler County",2,33,124,97,27
050,13,309,"Georgia","Wheeler County",2,34,126,98,28
050,13,309,"Georgia","Wheeler County",2,35,92,67,25
050,13,309,"Georgia","Wheeler County",2,36,111,85,26
050,13,309,"Georgia","Wheeler County",2,37,101,74,27
050,13,309,"Georgia","Wheeler County",2,38,131,102,29
050,13,309,"Georgia","Wheeler County",2,39,103,73,30
050,13,309,"Georgia","Wheeler County",2,40,117,87,30
050,13,309,"Georgia","Wheeler County",2,41,106,79,27
050,13,309,"Georgia","Wheeler County",2,42,116,87,29
050,13,309,"Georgia","Wheeler County",2,43,127,93,34
050,13,309,"Georgia","Wheeler County",2,44,119,93,26
050,13,309,"Georgia","Wheeler County",2,45,100,75,25
050,13,309,"Georgia","Wheeler County",2,46,122,98,24
050,13,309,"Georgia","Wheeler County",2,47,128,103,25
050,13,309,"Georgia","Wheeler County",2,48,112,84,28
050,13,309,"Georgia","Wheeler County",2,49,121,92,29
050,13,309,"Georgia","Wheeler County",2,50,108,74,34
050,13,309,"Georgia","Wheeler County",2,51,104,76,28
050,13,309,"Georgia","Wheeler County",2,52,78,51,27
050,13,309,"Georgia","Wheeler County",2,53,83,53,30
050,13,309,"Georgia","Wheeler County",2,54,108,75,33
050,13,309,"Georgia","Wheeler County",2,55,100,61,39
050,13,309,"Georgia","Wheeler County",2,56,86,49,37
050,13,309,"Georgia","Wheeler County",2,57,97,60,37
050,13,309,"Georgia","Wheeler County",2,58,97,63,34
050,13,309,"Georgia","Wheeler County",2,59,89,47,42
050,13,309,"Georgia","Wheeler County",2,60,84,40,44
050,13,309,"Georgia","Wheeler County",2,61,84,43,41
050,13,309,"Georgia","Wheeler County",2,62,85,40,45
050,13,309,"Georgia","Wheeler County",2,63,75,35,40
050,13,309,"Georgia","Wheeler County",2,64,78,34,44
050,13,309,"Georgia","Wheeler County",2,65,76,35,41
050,13,309,"Georgia","Wheeler County",2,66,67,34,33
050,13,309,"Georgia","Wheeler County",2,67,68,37,31
050,13,309,"Georgia","Wheeler County",2,68,70,38,32
050,13,309,"Georgia","Wheeler County",2,69,73,36,37
050,13,309,"Georgia","Wheeler County",2,70,79,40,39
050,13,309,"Georgia","Wheeler County",2,71,65,33,32
050,13,309,"Georgia","Wheeler County",2,72,61,33,28
050,13,309,"Georgia","Wheeler County",2,73,64,32,32
050,13,309,"Georgia","Wheeler County",2,74,48,23,25
050,13,309,"Georgia","Wheeler County",2,75,52,24,28
050,13,309,"Georgia","Wheeler County",2,76,57,30,27
050,13,309,"Georgia","Wheeler County",2,77,54,26,28
050,13,309,"Georgia","Wheeler County",2,78,41,20,21
050,13,309,"Georgia","Wheeler County",2,79,31,13,18
050,13,309,"Georgia","Wheeler County",2,80,27,10,17
050,13,309,"Georgia","Wheeler County",2,81,23,13,10
050,13,309,"Georgia","Wheeler County",2,82,26,16,10
050,13,309,"Georgia","Wheeler County",2,83,15,7,8
050,13,309,"Georgia","Wheeler County",2,84,17,10,7
050,13,309,"Georgia","Wheeler County",2,85,125,43,82
050,13,309,"Georgia","Wheeler County",3,0,62,22,40
050,13,309,"Georgia","Wheeler County",3,1,59,35,24
050,13,309,"Georgia","Wheeler County",3,2,57,35,22
050,13,309,"Georgia","Wheeler County",3,3,56,32,24
050,13,309,"Georgia","Wheeler County",3,4,58,31,27
050,13,309,"Georgia","Wheeler County",3,5,58,34,24
050,13,309,"Georgia","Wheeler County",3,6,62,29,33
050,13,309,"Georgia","Wheeler County",3,7,68,38,30
050,13,309,"Georgia","Wheeler County",3,8,63,25,38
050,13,309,"Georgia","Wheeler County",3,9,60,28,32
050,13,309,"Georgia","Wheeler County",3,10,63,36,27
050,13,309,"Georgia","Wheeler County",3,11,58,28,30
050,13,309,"Georgia","Wheeler County",3,12,71,31,40
050,13,309,"Georgia","Wheeler County",3,13,80,35,45
050,13,309,"Georgia","Wheeler County",3,14,78,40,38
050,13,309,"Georgia","Wheeler County",3,15,62,34,28
050,13,309,"Georgia","Wheeler County",3,16,75,35,40
050,13,309,"Georgia","Wheeler County",3,17,83,45,38
050,13,309,"Georgia","Wheeler County",3,18,77,50,27
050,13,309,"Georgia","Wheeler County",3,19,88,58,30
050,13,309,"Georgia","Wheeler County",3,20,123,91,32
050,13,309,"Georgia","Wheeler County",3,21,118,86,32
050,13,309,"Georgia","Wheeler County",3,22,139,109,30
050,13,309,"Georgia","Wheeler County",3,23,145,117,28
050,13,309,"Georgia","Wheeler County",3,24,135,113,22
050,13,309,"Georgia","Wheeler County",3,25,129,98,31
050,13,309,"Georgia","Wheeler County",3,26,147,124,23
050,13,309,"Georgia","Wheeler County",3,27,126,105,21
050,13,309,"Georgia","Wheeler County",3,28,135,110,25
050,13,309,"Georgia","Wheeler County",3,29,147,118,29
050,13,309,"Georgia","Wheeler County",3,30,133,106,27
050,13,309,"Georgia","Wheeler County",3,31,143,117,26
050,13,309,"Georgia","Wheeler County",3,32,138,114,24
050,13,309,"Georgia","Wheeler County",3,33,124,100,24
050,13,309,"Georgia","Wheeler County",3,34,140,108,32
050,13,309,"Georgia","Wheeler County",3,35,107,74,33
050,13,309,"Georgia","Wheeler County",3,36,118,96,22
050,13,309,"Georgia","Wheeler County",3,37,110,87,23
050,13,309,"Georgia","Wheeler County",3,38,135,108,27
050,13,309,"Georgia","Wheeler County",3,39,113,84,29
050,13,309,"Georgia","Wheeler County",3,40,130,99,31
050,13,309,"Georgia","Wheeler County",3,41,120,86,34
050,13,309,"Georgia","Wheeler County",3,42,113,87,26
050,13,309,"Georgia","Wheeler County",3,43,129,97,32
050,13,309,"Georgia","Wheeler County",3,44,141,108,33
050,13,309,"Georgia","Wheeler County",3,45,114,89,25
050,13,309,"Georgia","Wheeler County",3,46,125,100,25
050,13,309,"Georgia","Wheeler County",3,47,139,116,23
050,13,309,"Georgia","Wheeler County",3,48,112,88,24
050,13,309,"Georgia","Wheeler County",3,49,127,100,27
050,13,309,"Georgia","Wheeler County",3,50,101,69,32
050,13,309,"Georgia","Wheeler County",3,51,123,89,34
050,13,309,"Georgia","Wheeler County",3,52,94,65,29
050,13,309,"Georgia","Wheeler County",3,53,82,55,27
050,13,309,"Georgia","Wheeler County",3,54,99,70,29
050,13,309,"Georgia","Wheeler County",3,55,106,71,35
050,13,309,"Georgia","Wheeler County",3,56,87,46,41
050,13,309,"Georgia","Wheeler County",3,57,96,60,36
050,13,309,"Georgia","Wheeler County",3,58,96,60,36
050,13,309,"Georgia","Wheeler County",3,59,84,48,36
050,13,309,"Georgia","Wheeler County",3,60,88,47,41
050,13,309,"Georgia","Wheeler County",3,61,93,48,45
050,13,309,"Georgia","Wheeler County",3,62,83,44,39
050,13,309,"Georgia","Wheeler County",3,63,78,34,44
050,13,309,"Georgia","Wheeler County",3,64,75,34,41
050,13,309,"Georgia","Wheeler County",3,65,80,34,46
050,13,309,"Georgia","Wheeler County",3,66,71,33,38
050,13,309,"Georgia","Wheeler County",3,67,63,32,31
050,13,309,"Georgia","Wheeler County",3,68,68,37,31
050,13,309,"Georgia","Wheeler County",3,69,67,35,32
050,13,309,"Georgia","Wheeler County",3,70,73,37,36
050,13,309,"Georgia","Wheeler County",3,71,72,33,39
050,13,309,"Georgia","Wheeler County",3,72,63,32,31
050,13,309,"Georgia","Wheeler County",3,73,66,37,29
050,13,309,"Georgia","Wheeler County",3,74,62,30,32
050,13,309,"Georgia","Wheeler County",3,75,43,18,25
050,13,309,"Georgia","Wheeler County",3,76,50,26,24
050,13,309,"Georgia","Wheeler County",3,77,55,27,28
050,13,309,"Georgia","Wheeler County",3,78,50,22,28
050,13,309,"Georgia","Wheeler County",3,79,38,17,21
050,13,309,"Georgia","Wheeler County",3,80,29,12,17
050,13,309,"Georgia","Wheeler County",3,81,29,12,17
050,13,309,"Georgia","Wheeler County",3,82,20,11,9
050,13,309,"Georgia","Wheeler County",3,83,23,16,7
050,13,309,"Georgia","Wheeler County",3,84,13,8,5
050,13,309,"Georgia","Wheeler County",3,85,124,47,77
050,13,309,"Georgia","Wheeler County",4,0,68,25,43
050,13,309,"Georgia","Wheeler County",4,1,71,18,53
050,13,309,"Georgia","Wheeler County",4,2,64,36,28
050,13,309,"Georgia","Wheeler County",4,3,56,35,21
050,13,309,"Georgia","Wheeler County",4,4,66,33,33
050,13,309,"Georgia","Wheeler County",4,5,56,29,27
050,13,309,"Georgia","Wheeler County",4,6,52,31,21
050,13,309,"Georgia","Wheeler County",4,7,62,30,32
050,13,309,"Georgia","Wheeler County",4,8,68,40,28
050,13,309,"Georgia","Wheeler County",4,9,58,24,34
050,13,309,"Georgia","Wheeler County",4,10,65,30,35
050,13,309,"Georgia","Wheeler County",4,11,62,33,29
050,13,309,"Georgia","Wheeler County",4,12,62,32,30
050,13,309,"Georgia","Wheeler County",4,13,72,30,42
050,13,309,"Georgia","Wheeler County",4,14,79,35,44
050,13,309,"Georgia","Wheeler County",4,15,74,36,38
050,13,309,"Georgia","Wheeler County",4,16,63,33,30
050,13,309,"Georgia","Wheeler County",4,17,75,34,41
050,13,309,"Georgia","Wheeler County",4,18,78,46,32
050,13,309,"Georgia","Wheeler County",4,19,82,58,24
050,13,309,"Georgia","Wheeler County",4,20,111,77,34
050,13,309,"Georgia","Wheeler County",4,21,109,81,28
050,13,309,"Georgia","Wheeler County",4,22,124,88,36
050,13,309,"Georgia","Wheeler County",4,23,144,107,37
050,13,309,"Georgia","Wheeler County",4,24,123,99,24
050,13,309,"Georgia","Wheeler County",4,25,114,92,22
050,13,309,"Georgia","Wheeler County",4,26,147,114,33
050,13,309,"Georgia","Wheeler County",4,27,116,93,23
050,13,309,"Georgia","Wheeler County",4,28,119,100,19
050,13,309,"Georgia","Wheeler County",4,29,124,99,25
050,13,309,"Georgia","Wheeler County",4,30,118,90,28
050,13,309,"Georgia","Wheeler County",4,31,134,104,30
050,13,309,"Georgia","Wheeler County",4,32,133,108,25
050,13,309,"Georgia","Wheeler County",4,33,105,83,22
050,13,309,"Georgia","Wheeler County",4,34,112,88,24
050,13,309,"Georgia","Wheeler County",4,35,99,70,29
050,13,309,"Georgia","Wheeler County",4,36,118,83,35
050,13,309,"Georgia","Wheeler County",4,37,91,71,20
050,13,309,"Georgia","Wheeler County",4,38,122,98,24
050,13,309,"Georgia","Wheeler County",4,39,97,70,27
050,13,309,"Georgia","Wheeler County",4,40,115,86,29
050,13,309,"Georgia","Wheeler County",4,41,100,74,26
050,13,309,"Georgia","Wheeler County",4,42,113,78,35
050,13,309,"Georgia","Wheeler County",4,43,107,80,27
050,13,309,"Georgia","Wheeler County",4,44,123,91,32
050,13,309,"Georgia","Wheeler County",4,45,112,80,32
050,13,309,"Georgia","Wheeler County",4,46,122,98,24
050,13,309,"Georgia","Wheeler County",4,47,111,88,23
050,13,309,"Georgia","Wheeler County",4,48,107,85,22
050,13,309,"Georgia","Wheeler County",4,49,109,83,26
050,13,309,"Georgia","Wheeler County",4,50,93,63,30
050,13,309,"Georgia","Wheeler County",4,51,104,73,31
050,13,309,"Georgia","Wheeler County",4,52,95,61,34
050,13,309,"Georgia","Wheeler County",4,53,82,60,22
050,13,309,"Georgia","Wheeler County",4,54,89,65,24
050,13,309,"Georgia","Wheeler County",4,55,81,55,26
050,13,309,"Georgia","Wheeler County",4,56,83,48,35
050,13,309,"Georgia","Wheeler County",4,57,87,48,39
050,13,309,"Georgia","Wheeler County",4,58,85,49,36
050,13,309,"Georgia","Wheeler County",4,59,86,46,40
050,13,309,"Georgia","Wheeler County",4,60,85,47,38
050,13,309,"Georgia","Wheeler County",4,61,95,54,41
050,13,309,"Georgia","Wheeler County",4,62,91,45,46
050,13,309,"Georgia","Wheeler County",4,63,72,34,38
050,13,309,"Georgia","Wheeler County",4,64,80,34,46
050,13,309,"Georgia","Wheeler County",4,65,76,34,42
050,13,309,"Georgia","Wheeler County",4,66,72,31,41
050,13,309,"Georgia","Wheeler County",4,67,71,33,38
050,13,309,"Georgia","Wheeler County",4,68,65,35,30
050,13,309,"Georgia","Wheeler County",4,69,63,34,29
050,13,309,"Georgia","Wheeler County",4,70,68,38,30
050,13,309,"Georgia","Wheeler County",4,71,69,34,35
050,13,309,"Georgia","Wheeler County",4,72,70,32,38
050,13,309,"Georgia","Wheeler County",4,73,63,33,30
050,13,309,"Georgia","Wheeler County",4,74,67,38,29
050,13,309,"Georgia","Wheeler County",4,75,61,28,33
050,13,309,"Georgia","Wheeler County",4,76,40,20,20
050,13,309,"Georgia","Wheeler County",4,77,48,23,25
050,13,309,"Georgia","Wheeler County",4,78,47,23,24
050,13,309,"Georgia","Wheeler County",4,79,51,21,30
050,13,309,"Georgia","Wheeler County",4,80,36,15,21
050,13,309,"Georgia","Wheeler County",4,81,32,15,17
050,13,309,"Georgia","Wheeler County",4,82,25,9,16
050,13,309,"Georgia","Wheeler County",4,83,20,11,9
050,13,309,"Georgia","Wheeler County",4,84,22,17,5
050,13,309,"Georgia","Wheeler County",4,85,124,51,73
050,13,309,"Georgia","Wheeler County",5,0,68,25,43
050,13,309,"Georgia","Wheeler County",5,1,71,32,39
050,13,309,"Georgia","Wheeler County",5,2,70,22,48
050,13,309,"Georgia","Wheeler County",5,3,64,36,28
050,13,309,"Georgia","Wheeler County",5,4,61,34,27
050,13,309,"Georgia","Wheeler County",5,5,57,27,30
050,13,309,"Georgia","Wheeler County",5,6,54,25,29
050,13,309,"Georgia","Wheeler County",5,7,55,31,24
050,13,309,"Georgia","Wheeler County",5,8,59,25,34
050,13,309,"Georgia","Wheeler County",5,9,61,32,29
050,13,309,"Georgia","Wheeler County",5,10,58,27,31
050,13,309,"Georgia","Wheeler County",5,11,60,28,32
050,13,309,"Georgia","Wheeler County",5,12,57,30,27
050,13,309,"Georgia","Wheeler County",5,13,66,34,32
050,13,309,"Georgia","Wheeler County",5,14,72,31,41
050,13,309,"Georgia","Wheeler County",5,15,75,30,45
050,13,309,"Georgia","Wheeler County",5,16,69,30,39
050,13,309,"Georgia","Wheeler County",5,17,69,37,32
050,13,309,"Georgia","Wheeler County",5,18,65,36,29
050,13,309,"Georgia","Wheeler County",5,19,74,52,22
050,13,309,"Georgia","Wheeler County",5,20,105,80,25
050,13,309,"Georgia","Wheeler County",5,21,112,74,38
050,13,309,"Georgia","Wheeler County",5,22,121,88,33
050,13,309,"Georgia","Wheeler County",5,23,129,92,37
050,13,309,"Georgia","Wheeler County",5,24,138,98,40
050,13,309,"Georgia","Wheeler County",5,25,113,85,28
050,13,309,"Georgia","Wheeler County",5,26,123,100,23
050,13,309,"Georgia","Wheeler County",5,27,125,91,34
050,13,309,"Georgia","Wheeler County",5,28,112,93,19
050,13,309,"Georgia","Wheeler County",5,29,126,106,20
050,13,309,"Georgia","Wheeler County",5,30,105,78,27
050,13,309,"Georgia","Wheeler County",5,31,117,93,24
050,13,309,"Georgia","Wheeler County",5,32,140,108,32
050,13,309,"Georgia","Wheeler County",5,33,113,91,22
050,13,309,"Georgia","Wheeler County",5,34,103,79,24
050,13,309,"Georgia","Wheeler County",5,35,83,55,28
050,13,309,"Georgia","Wheeler County",5,36,111,85,26
050,13,309,"Georgia","Wheeler County",5,37,103,68,35
050,13,309,"Georgia","Wheeler County",5,38,108,89,19
050,13,309,"Georgia","Wheeler County",5,39,91,68,23
050,13,309,"Georgia","Wheeler County",5,40,99,78,21
050,13,309,"Georgia","Wheeler County",5,41,96,68,28
050,13,309,"Georgia","Wheeler County",5,42,99,73,26
050,13,309,"Georgia","Wheeler County",5,43,112,78,34
050,13,309,"Georgia","Wheeler County",5,44,105,80,25
050,13,309,"Georgia","Wheeler County",5,45,105,73,32
050,13,309,"Georgia","Wheeler County",5,46,126,91,35
050,13,309,"Georgia","Wheeler County",5,47,118,91,27
050,13,309,"Georgia","Wheeler County",5,48,90,67,23
050,13,309,"Georgia","Wheeler County",5,49,108,87,21
050,13,309,"Georgia","Wheeler County",5,50,82,55,27
050,13,309,"Georgia","Wheeler County",5,51,100,71,29
050,13,309,"Georgia","Wheeler County",5,52,86,53,33
050,13,309,"Georgia","Wheeler County",5,53,97,62,35
050,13,309,"Georgia","Wheeler County",5,54,89,69,20
050,13,309,"Georgia","Wheeler County",5,55,79,54,25
050,13,309,"Georgia","Wheeler County",5,56,63,40,23
050,13,309,"Georgia","Wheeler County",5,57,85,55,30
050,13,309,"Georgia","Wheeler County",5,58,85,46,39
050,13,309,"Georgia","Wheeler County",5,59,65,35,30
050,13,309,"Georgia","Wheeler County",5,60,83,44,39
050,13,309,"Georgia","Wheeler County",5,61,93,52,41
050,13,309,"Georgia","Wheeler County",5,62,90,49,41
050,13,309,"Georgia","Wheeler County",5,63,85,38,47
050,13,309,"Georgia","Wheeler County",5,64,67,32,35
050,13,309,"Georgia","Wheeler County",5,65,83,35,48
050,13,309,"Georgia","Wheeler County",5,66,65,31,34
050,13,309,"Georgia","Wheeler County",5,67,73,31,42
050,13,309,"Georgia","Wheeler County",5,68,67,33,34
050,13,309,"Georgia","Wheeler County",5,69,58,31,27
050,13,309,"Georgia","Wheeler County",5,70,61,33,28
050,13,309,"Georgia","Wheeler County",5,71,66,35,31
050,13,309,"Georgia","Wheeler County",5,72,67,33,34
050,13,309,"Georgia","Wheeler County",5,73,70,34,36
050,13,309,"Georgia","Wheeler County",5,74,63,33,30
050,13,309,"Georgia","Wheeler County",5,75,63,35,28
050,13,309,"Georgia","Wheeler County",5,76,58,29,29
050,13,309,"Georgia","Wheeler County",5,77,40,18,22
050,13,309,"Georgia","Wheeler County",5,78,42,19,23
050,13,309,"Georgia","Wheeler County",5,79,46,21,25
050,13,309,"Georgia","Wheeler County",5,80,50,19,31
050,13,309,"Georgia","Wheeler County",5,81,38,17,21
050,13,309,"Georgia","Wheeler County",5,82,28,12,16
050,13,309,"Georgia","Wheeler County",5,83,23,9,14
050,13,309,"Georgia","Wheeler County",5,84,18,12,6
050,13,309,"Georgia","Wheeler County",5,85,132,63,69
050,13,311,"Georgia","White County",1,0,252,130,122
050,13,311,"Georgia","White County",1,1,260,138,122
050,13,311,"Georgia","White County",1,2,284,138,146
050,13,311,"Georgia","White County",1,3,278,132,146
050,13,311,"Georgia","White County",1,4,271,125,146
050,13,311,"Georgia","White County",1,5,261,129,132
050,13,311,"Georgia","White County",1,6,281,146,135
050,13,311,"Georgia","White County",1,7,294,137,157
050,13,311,"Georgia","White County",1,8,279,149,130
050,13,311,"Georgia","White County",1,9,308,164,144
050,13,311,"Georgia","White County",1,10,318,150,168
050,13,311,"Georgia","White County",1,11,333,171,162
050,13,311,"Georgia","White County",1,12,354,182,172
050,13,311,"Georgia","White County",1,13,340,182,158
050,13,311,"Georgia","White County",1,14,360,188,172
050,13,311,"Georgia","White County",1,15,387,205,182
050,13,311,"Georgia","White County",1,16,353,177,176
050,13,311,"Georgia","White County",1,17,355,186,169
050,13,311,"Georgia","White County",1,18,379,186,193
050,13,311,"Georgia","White County",1,19,415,203,212
050,13,311,"Georgia","White County",1,20,388,214,174
050,13,311,"Georgia","White County",1,21,368,199,169
050,13,311,"Georgia","White County",1,22,349,175,174
050,13,311,"Georgia","White County",1,23,314,147,167
050,13,311,"Georgia","White County",1,24,316,175,141
050,13,311,"Georgia","White County",1,25,295,159,136
050,13,311,"Georgia","White County",1,26,315,160,155
050,13,311,"Georgia","White County",1,27,285,145,140
050,13,311,"Georgia","White County",1,28,298,163,135
050,13,311,"Georgia","White County",1,29,318,163,155
050,13,311,"Georgia","White County",1,30,301,150,151
050,13,311,"Georgia","White County",1,31,296,139,157
050,13,311,"Georgia","White County",1,32,260,141,119
050,13,311,"Georgia","White County",1,33,281,134,147
050,13,311,"Georgia","White County",1,34,293,142,151
050,13,311,"Georgia","White County",1,35,275,128,147
050,13,311,"Georgia","White County",1,36,264,138,126
050,13,311,"Georgia","White County",1,37,261,127,134
050,13,311,"Georgia","White County",1,38,288,147,141
050,13,311,"Georgia","White County",1,39,289,154,135
050,13,311,"Georgia","White County",1,40,296,153,143
050,13,311,"Georgia","White County",1,41,298,143,155
050,13,311,"Georgia","White County",1,42,311,146,165
050,13,311,"Georgia","White County",1,43,299,148,151
050,13,311,"Georgia","White County",1,44,301,140,161
050,13,311,"Georgia","White County",1,45,311,129,182
050,13,311,"Georgia","White County",1,46,313,153,160
050,13,311,"Georgia","White County",1,47,331,162,169
050,13,311,"Georgia","White County",1,48,373,198,175
050,13,311,"Georgia","White County",1,49,403,208,195
050,13,311,"Georgia","White County",1,50,340,162,178
050,13,311,"Georgia","White County",1,51,365,182,183
050,13,311,"Georgia","White County",1,52,357,180,177
050,13,311,"Georgia","White County",1,53,356,171,185
050,13,311,"Georgia","White County",1,54,384,176,208
050,13,311,"Georgia","White County",1,55,385,185,200
050,13,311,"Georgia","White County",1,56,393,190,203
050,13,311,"Georgia","White County",1,57,423,206,217
050,13,311,"Georgia","White County",1,58,450,208,242
050,13,311,"Georgia","White County",1,59,431,206,225
050,13,311,"Georgia","White County",1,60,421,186,235
050,13,311,"Georgia","White County",1,61,412,207,205
050,13,311,"Georgia","White County",1,62,440,220,220
050,13,311,"Georgia","White County",1,63,418,198,220
050,13,311,"Georgia","White County",1,64,380,202,178
050,13,311,"Georgia","White County",1,65,397,202,195
050,13,311,"Georgia","White County",1,66,387,173,214
050,13,311,"Georgia","White County",1,67,419,186,233
050,13,311,"Georgia","White County",1,68,411,190,221
050,13,311,"Georgia","White County",1,69,370,171,199
050,13,311,"Georgia","White County",1,70,357,160,197
050,13,311,"Georgia","White County",1,71,383,187,196
050,13,311,"Georgia","White County",1,72,391,199,192
050,13,311,"Georgia","White County",1,73,383,188,195
050,13,311,"Georgia","White County",1,74,272,134,138
050,13,311,"Georgia","White County",1,75,282,129,153
050,13,311,"Georgia","White County",1,76,288,132,156
050,13,311,"Georgia","White County",1,77,274,125,149
050,13,311,"Georgia","White County",1,78,225,105,120
050,13,311,"Georgia","White County",1,79,211,100,111
050,13,311,"Georgia","White County",1,80,204,90,114
050,13,311,"Georgia","White County",1,81,175,82,93
050,13,311,"Georgia","White County",1,82,137,64,73
050,13,311,"Georgia","White County",1,83,139,66,73
050,13,311,"Georgia","White County",1,84,120,60,60
050,13,311,"Georgia","White County",1,85,565,227,338
050,13,311,"Georgia","White County",2,0,243,131,112
050,13,311,"Georgia","White County",2,1,264,140,124
050,13,311,"Georgia","White County",2,2,280,139,141
050,13,311,"Georgia","White County",2,3,283,134,149
050,13,311,"Georgia","White County",2,4,275,129,146
050,13,311,"Georgia","White County",2,5,265,130,135
050,13,311,"Georgia","White County",2,6,280,143,137
050,13,311,"Georgia","White County",2,7,293,141,152
050,13,311,"Georgia","White County",2,8,289,151,138
050,13,311,"Georgia","White County",2,9,305,162,143
050,13,311,"Georgia","White County",2,10,318,155,163
050,13,311,"Georgia","White County",2,11,329,166,163
050,13,311,"Georgia","White County",2,12,348,181,167
050,13,311,"Georgia","White County",2,13,342,183,159
050,13,311,"Georgia","White County",2,14,358,189,169
050,13,311,"Georgia","White County",2,15,382,202,180
050,13,311,"Georgia","White County",2,16,362,185,177
050,13,311,"Georgia","White County",2,17,357,186,171
050,13,311,"Georgia","White County",2,18,377,183,194
050,13,311,"Georgia","White County",2,19,422,210,212
050,13,311,"Georgia","White County",2,20,388,214,174
050,13,311,"Georgia","White County",2,21,365,197,168
050,13,311,"Georgia","White County",2,22,342,168,174
050,13,311,"Georgia","White County",2,23,321,155,166
050,13,311,"Georgia","White County",2,24,316,168,148
050,13,311,"Georgia","White County",2,25,304,165,139
050,13,311,"Georgia","White County",2,26,308,157,151
050,13,311,"Georgia","White County",2,27,291,149,142
050,13,311,"Georgia","White County",2,28,302,163,139
050,13,311,"Georgia","White County",2,29,314,163,151
050,13,311,"Georgia","White County",2,30,308,155,153
050,13,311,"Georgia","White County",2,31,297,144,153
050,13,311,"Georgia","White County",2,32,272,143,129
050,13,311,"Georgia","White County",2,33,277,135,142
050,13,311,"Georgia","White County",2,34,294,143,151
050,13,311,"Georgia","White County",2,35,286,135,151
050,13,311,"Georgia","White County",2,36,268,136,132
050,13,311,"Georgia","White County",2,37,267,131,136
050,13,311,"Georgia","White County",2,38,281,143,138
050,13,311,"Georgia","White County",2,39,289,152,137
050,13,311,"Georgia","White County",2,40,300,155,145
050,13,311,"Georgia","White County",2,41,296,145,151
050,13,311,"Georgia","White County",2,42,309,146,163
050,13,311,"Georgia","White County",2,43,304,148,156
050,13,311,"Georgia","White County",2,44,299,141,158
050,13,311,"Georgia","White County",2,45,311,132,179
050,13,311,"Georgia","White County",2,46,313,148,165
050,13,311,"Georgia","White County",2,47,329,162,167
050,13,311,"Georgia","White County",2,48,363,191,172
050,13,311,"Georgia","White County",2,49,398,207,191
050,13,311,"Georgia","White County",2,50,357,173,184
050,13,311,"Georgia","White County",2,51,359,178,181
050,13,311,"Georgia","White County",2,52,359,181,178
050,13,311,"Georgia","White County",2,53,360,175,185
050,13,311,"Georgia","White County",2,54,377,175,202
050,13,311,"Georgia","White County",2,55,388,185,203
050,13,311,"Georgia","White County",2,56,394,191,203
050,13,311,"Georgia","White County",2,57,418,200,218
050,13,311,"Georgia","White County",2,58,445,209,236
050,13,311,"Georgia","White County",2,59,442,207,235
050,13,311,"Georgia","White County",2,60,428,194,234
050,13,311,"Georgia","White County",2,61,417,204,213
050,13,311,"Georgia","White County",2,62,435,216,219
050,13,311,"Georgia","White County",2,63,429,208,221
050,13,311,"Georgia","White County",2,64,389,200,189
050,13,311,"Georgia","White County",2,65,392,202,190
050,13,311,"Georgia","White County",2,66,390,179,211
050,13,311,"Georgia","White County",2,67,413,184,229
050,13,311,"Georgia","White County",2,68,412,190,222
050,13,311,"Georgia","White County",2,69,385,179,206
050,13,311,"Georgia","White County",2,70,362,163,199
050,13,311,"Georgia","White County",2,71,377,181,196
050,13,311,"Georgia","White County",2,72,381,192,189
050,13,311,"Georgia","White County",2,73,406,201,205
050,13,311,"Georgia","White County",2,74,274,133,141
050,13,311,"Georgia","White County",2,75,280,131,149
050,13,311,"Georgia","White County",2,76,282,129,153
050,13,311,"Georgia","White County",2,77,283,129,154
050,13,311,"Georgia","White County",2,78,227,105,122
050,13,311,"Georgia","White County",2,79,213,99,114
050,13,311,"Georgia","White County",2,80,204,91,113
050,13,311,"Georgia","White County",2,81,175,79,96
050,13,311,"Georgia","White County",2,82,144,67,77
050,13,311,"Georgia","White County",2,83,133,63,70
050,13,311,"Georgia","White County",2,84,123,61,62
050,13,311,"Georgia","White County",2,85,571,231,340
050,13,311,"Georgia","White County",3,0,262,121,141
050,13,311,"Georgia","White County",3,1,264,150,114
050,13,311,"Georgia","White County",3,2,265,149,116
050,13,311,"Georgia","White County",3,3,277,138,139
050,13,311,"Georgia","White County",3,4,276,130,146
050,13,311,"Georgia","White County",3,5,281,137,144
050,13,311,"Georgia","White County",3,6,288,127,161
050,13,311,"Georgia","White County",3,7,278,142,136
050,13,311,"Georgia","White County",3,8,317,157,160
050,13,311,"Georgia","White County",3,9,289,148,141
050,13,311,"Georgia","White County",3,10,312,168,144
050,13,311,"Georgia","White County",3,11,333,165,168
050,13,311,"Georgia","White County",3,12,323,164,159
050,13,311,"Georgia","White County",3,13,363,182,181
050,13,311,"Georgia","White County",3,14,347,186,161
050,13,311,"Georgia","White County",3,15,364,192,172
050,13,311,"Georgia","White County",3,16,386,202,184
050,13,311,"Georgia","White County",3,17,365,197,168
050,13,311,"Georgia","White County",3,18,386,186,200
050,13,311,"Georgia","White County",3,19,440,219,221
050,13,311,"Georgia","White County",3,20,378,213,165
050,13,311,"Georgia","White County",3,21,355,196,159
050,13,311,"Georgia","White County",3,22,347,172,175
050,13,311,"Georgia","White County",3,23,346,168,178
050,13,311,"Georgia","White County",3,24,342,159,183
050,13,311,"Georgia","White County",3,25,319,176,143
050,13,311,"Georgia","White County",3,26,301,167,134
050,13,311,"Georgia","White County",3,27,319,168,151
050,13,311,"Georgia","White County",3,28,301,153,148
050,13,311,"Georgia","White County",3,29,304,153,151
050,13,311,"Georgia","White County",3,30,324,170,154
050,13,311,"Georgia","White County",3,31,322,167,155
050,13,311,"Georgia","White County",3,32,291,145,146
050,13,311,"Georgia","White County",3,33,290,149,141
050,13,311,"Georgia","White County",3,34,274,132,142
050,13,311,"Georgia","White County",3,35,277,136,141
050,13,311,"Georgia","White County",3,36,305,139,166
050,13,311,"Georgia","White County",3,37,268,141,127
050,13,311,"Georgia","White County",3,38,271,131,140
050,13,311,"Georgia","White County",3,39,276,143,133
050,13,311,"Georgia","White County",3,40,303,155,148
050,13,311,"Georgia","White County",3,41,314,163,151
050,13,311,"Georgia","White County",3,42,310,149,161
050,13,311,"Georgia","White County",3,43,319,153,166
050,13,311,"Georgia","White County",3,44,312,156,156
050,13,311,"Georgia","White County",3,45,295,134,161
050,13,311,"Georgia","White County",3,46,316,137,179
050,13,311,"Georgia","White County",3,47,308,146,162
050,13,311,"Georgia","White County",3,48,343,165,178
050,13,311,"Georgia","White County",3,49,364,191,173
050,13,311,"Georgia","White County",3,50,394,205,189
050,13,311,"Georgia","White County",3,51,369,172,197
050,13,311,"Georgia","White County",3,52,364,179,185
050,13,311,"Georgia","White County",3,53,357,183,174
050,13,311,"Georgia","White County",3,54,377,187,190
050,13,311,"Georgia","White County",3,55,381,183,198
050,13,311,"Georgia","White County",3,56,399,190,209
050,13,311,"Georgia","White County",3,57,404,193,211
050,13,311,"Georgia","White County",3,58,419,194,225
050,13,311,"Georgia","White County",3,59,453,207,246
050,13,311,"Georgia","White County",3,60,438,209,229
050,13,311,"Georgia","White County",3,61,435,209,226
050,13,311,"Georgia","White County",3,62,424,205,219
050,13,311,"Georgia","White County",3,63,445,225,220
050,13,311,"Georgia","White County",3,64,438,213,225
050,13,311,"Georgia","White County",3,65,400,202,198
050,13,311,"Georgia","White County",3,66,397,204,193
050,13,311,"Georgia","White County",3,67,382,173,209
050,13,311,"Georgia","White County",3,68,401,178,223
050,13,311,"Georgia","White County",3,69,400,182,218
050,13,311,"Georgia","White County",3,70,373,172,201
050,13,311,"Georgia","White County",3,71,359,166,193
050,13,311,"Georgia","White County",3,72,362,171,191
050,13,311,"Georgia","White County",3,73,381,191,190
050,13,311,"Georgia","White County",3,74,387,188,199
050,13,311,"Georgia","White County",3,75,270,131,139
050,13,311,"Georgia","White County",3,76,272,127,145
050,13,311,"Georgia","White County",3,77,271,119,152
050,13,311,"Georgia","White County",3,78,258,110,148
050,13,311,"Georgia","White County",3,79,223,107,116
050,13,311,"Georgia","White County",3,80,197,91,106
050,13,311,"Georgia","White County",3,81,183,78,105
050,13,311,"Georgia","White County",3,82,157,70,87
050,13,311,"Georgia","White County",3,83,131,60,71
050,13,311,"Georgia","White County",3,84,119,54,65
050,13,311,"Georgia","White County",3,85,559,247,312
050,13,311,"Georgia","White County",4,0,273,139,134
050,13,311,"Georgia","White County",4,1,259,110,149
050,13,311,"Georgia","White County",4,2,258,148,110
050,13,311,"Georgia","White County",4,3,272,151,121
050,13,311,"Georgia","White County",4,4,292,142,150
050,13,311,"Georgia","White County",4,5,278,133,145
050,13,311,"Georgia","White County",4,6,287,143,144
050,13,311,"Georgia","White County",4,7,281,132,149
050,13,311,"Georgia","White County",4,8,289,143,146
050,13,311,"Georgia","White County",4,9,313,153,160
050,13,311,"Georgia","White County",4,10,312,164,148
050,13,311,"Georgia","White County",4,11,322,170,152
050,13,311,"Georgia","White County",4,12,337,175,162
050,13,311,"Georgia","White County",4,13,322,161,161
050,13,311,"Georgia","White County",4,14,372,182,190
050,13,311,"Georgia","White County",4,15,353,190,163
050,13,311,"Georgia","White County",4,16,383,204,179
050,13,311,"Georgia","White County",4,17,382,204,178
050,13,311,"Georgia","White County",4,18,379,190,189
050,13,311,"Georgia","White County",4,19,432,216,216
050,13,311,"Georgia","White County",4,20,405,227,178
050,13,311,"Georgia","White County",4,21,349,197,152
050,13,311,"Georgia","White County",4,22,319,169,150
050,13,311,"Georgia","White County",4,23,343,179,164
050,13,311,"Georgia","White County",4,24,326,147,179
050,13,311,"Georgia","White County",4,25,337,170,167
050,13,311,"Georgia","White County",4,26,296,149,147
050,13,311,"Georgia","White County",4,27,315,172,143
050,13,311,"Georgia","White County",4,28,312,165,147
050,13,311,"Georgia","White County",4,29,311,159,152
050,13,311,"Georgia","White County",4,30,320,163,157
050,13,311,"Georgia","White County",4,31,323,174,149
050,13,311,"Georgia","White County",4,32,322,175,147
050,13,311,"Georgia","White County",4,33,304,140,164
050,13,311,"Georgia","White County",4,34,290,147,143
050,13,311,"Georgia","White County",4,35,290,139,151
050,13,311,"Georgia","White County",4,36,289,139,150
050,13,311,"Georgia","White County",4,37,300,137,163
050,13,311,"Georgia","White County",4,38,272,142,130
050,13,311,"Georgia","White County",4,39,283,138,145
050,13,311,"Georgia","White County",4,40,273,135,138
050,13,311,"Georgia","White County",4,41,313,159,154
050,13,311,"Georgia","White County",4,42,334,167,167
050,13,311,"Georgia","White County",4,43,308,147,161
050,13,311,"Georgia","White County",4,44,319,151,168
050,13,311,"Georgia","White County",4,45,312,146,166
050,13,311,"Georgia","White County",4,46,300,134,166
050,13,311,"Georgia","White County",4,47,329,146,183
050,13,311,"Georgia","White County",4,48,317,149,168
050,13,311,"Georgia","White County",4,49,356,171,185
050,13,311,"Georgia","White County",4,50,372,192,180
050,13,311,"Georgia","White County",4,51,397,208,189
050,13,311,"Georgia","White County",4,52,370,175,195
050,13,311,"Georgia","White County",4,53,382,187,195
050,13,311,"Georgia","White County",4,54,386,193,193
050,13,311,"Georgia","White County",4,55,390,193,197
050,13,311,"Georgia","White County",4,56,383,182,201
050,13,311,"Georgia","White County",4,57,423,197,226
050,13,311,"Georgia","White County",4,58,439,213,226
050,13,311,"Georgia","White County",4,59,432,204,228
050,13,311,"Georgia","White County",4,60,466,219,247
050,13,311,"Georgia","White County",4,61,441,202,239
050,13,311,"Georgia","White County",4,62,457,222,235
050,13,311,"Georgia","White County",4,63,460,224,236
050,13,311,"Georgia","White County",4,64,445,216,229
050,13,311,"Georgia","White County",4,65,457,211,246
050,13,311,"Georgia","White County",4,66,407,197,210
050,13,311,"Georgia","White County",4,67,403,205,198
050,13,311,"Georgia","White County",4,68,387,180,207
050,13,311,"Georgia","White County",4,69,417,185,232
050,13,311,"Georgia","White County",4,70,408,188,220
050,13,311,"Georgia","White County",4,71,382,181,201
050,13,311,"Georgia","White County",4,72,350,159,191
050,13,311,"Georgia","White County",4,73,358,169,189
050,13,311,"Georgia","White County",4,74,358,178,180
050,13,311,"Georgia","White County",4,75,378,184,194
050,13,311,"Georgia","White County",4,76,267,131,136
050,13,311,"Georgia","White County",4,77,256,120,136
050,13,311,"Georgia","White County",4,78,257,113,144
050,13,311,"Georgia","White County",4,79,254,110,144
050,13,311,"Georgia","White County",4,80,213,105,108
050,13,311,"Georgia","White County",4,81,174,78,96
050,13,311,"Georgia","White County",4,82,174,71,103
050,13,311,"Georgia","White County",4,83,141,64,77
050,13,311,"Georgia","White County",4,84,113,51,62
050,13,311,"Georgia","White County",4,85,544,246,298
050,13,311,"Georgia","White County",5,0,273,138,135
050,13,311,"Georgia","White County",5,1,265,136,129
050,13,311,"Georgia","White County",5,2,279,109,170
050,13,311,"Georgia","White County",5,3,275,149,126
050,13,311,"Georgia","White County",5,4,262,134,128
050,13,311,"Georgia","White County",5,5,292,145,147
050,13,311,"Georgia","White County",5,6,275,130,145
050,13,311,"Georgia","White County",5,7,286,142,144
050,13,311,"Georgia","White County",5,8,288,139,149
050,13,311,"Georgia","White County",5,9,295,144,151
050,13,311,"Georgia","White County",5,10,321,155,166
050,13,311,"Georgia","White County",5,11,308,162,146
050,13,311,"Georgia","White County",5,12,329,172,157
050,13,311,"Georgia","White County",5,13,328,174,154
050,13,311,"Georgia","White County",5,14,338,168,170
050,13,311,"Georgia","White County",5,15,374,188,186
050,13,311,"Georgia","White County",5,16,363,187,176
050,13,311,"Georgia","White County",5,17,378,200,178
050,13,311,"Georgia","White County",5,18,408,200,208
050,13,311,"Georgia","White County",5,19,421,217,204
050,13,311,"Georgia","White County",5,20,404,225,179
050,13,311,"Georgia","White County",5,21,380,209,171
050,13,311,"Georgia","White County",5,22,302,154,148
050,13,311,"Georgia","White County",5,23,317,162,155
050,13,311,"Georgia","White County",5,24,330,167,163
050,13,311,"Georgia","White County",5,25,329,155,174
050,13,311,"Georgia","White County",5,26,353,188,165
050,13,311,"Georgia","White County",5,27,299,148,151
050,13,311,"Georgia","White County",5,28,321,169,152
050,13,311,"Georgia","White County",5,29,311,170,141
050,13,311,"Georgia","White County",5,30,307,156,151
050,13,311,"Georgia","White County",5,31,316,160,156
050,13,311,"Georgia","White County",5,32,321,177,144
050,13,311,"Georgia","White County",5,33,348,185,163
050,13,311,"Georgia","White County",5,34,311,137,174
050,13,311,"Georgia","White County",5,35,286,144,142
050,13,311,"Georgia","White County",5,36,294,136,158
050,13,311,"Georgia","White County",5,37,299,145,154
050,13,311,"Georgia","White County",5,38,304,139,165
050,13,311,"Georgia","White County",5,39,277,146,131
050,13,311,"Georgia","White County",5,40,284,136,148
050,13,311,"Georgia","White County",5,41,284,144,140
050,13,311,"Georgia","White County",5,42,321,155,166
050,13,311,"Georgia","White County",5,43,341,168,173
050,13,311,"Georgia","White County",5,44,316,149,167
050,13,311,"Georgia","White County",5,45,325,153,172
050,13,311,"Georgia","White County",5,46,316,158,158
050,13,311,"Georgia","White County",5,47,300,137,163
050,13,311,"Georgia","White County",5,48,328,148,180
050,13,311,"Georgia","White County",5,49,311,143,168
050,13,311,"Georgia","White County",5,50,360,177,183
050,13,311,"Georgia","White County",5,51,389,200,189
050,13,311,"Georgia","White County",5,52,405,214,191
050,13,311,"Georgia","White County",5,53,392,179,213
050,13,311,"Georgia","White County",5,54,392,189,203
050,13,311,"Georgia","White County",5,55,394,203,191
050,13,311,"Georgia","White County",5,56,408,205,203
050,13,311,"Georgia","White County",5,57,382,179,203
050,13,311,"Georgia","White County",5,58,441,202,239
050,13,311,"Georgia","White County",5,59,451,226,225
050,13,311,"Georgia","White County",5,60,429,204,225
050,13,311,"Georgia","White County",5,61,470,225,245
050,13,311,"Georgia","White County",5,62,449,198,251
050,13,311,"Georgia","White County",5,63,470,231,239
050,13,311,"Georgia","White County",5,64,476,234,242
050,13,311,"Georgia","White County",5,65,458,217,241
050,13,311,"Georgia","White County",5,66,454,206,248
050,13,311,"Georgia","White County",5,67,417,207,210
050,13,311,"Georgia","White County",5,68,397,205,192
050,13,311,"Georgia","White County",5,69,377,175,202
050,13,311,"Georgia","White County",5,70,410,180,230
050,13,311,"Georgia","White County",5,71,408,194,214
050,13,311,"Georgia","White County",5,72,377,173,204
050,13,311,"Georgia","White County",5,73,338,154,184
050,13,311,"Georgia","White County",5,74,334,160,174
050,13,311,"Georgia","White County",5,75,342,171,171
050,13,311,"Georgia","White County",5,76,354,174,180
050,13,311,"Georgia","White County",5,77,251,120,131
050,13,311,"Georgia","White County",5,78,245,113,132
050,13,311,"Georgia","White County",5,79,243,108,135
050,13,311,"Georgia","White County",5,80,234,98,136
050,13,311,"Georgia","White County",5,81,184,85,99
050,13,311,"Georgia","White County",5,82,163,72,91
050,13,311,"Georgia","White County",5,83,165,70,95
050,13,311,"Georgia","White County",5,84,124,52,72
050,13,311,"Georgia","White County",5,85,550,259,291
050,13,313,"Georgia","Whitfield County",1,0,1195,607,588
050,13,313,"Georgia","Whitfield County",1,1,1232,597,635
050,13,313,"Georgia","Whitfield County",1,2,1310,673,637
050,13,313,"Georgia","Whitfield County",1,3,1347,670,677
050,13,313,"Georgia","Whitfield County",1,4,1404,679,725
050,13,313,"Georgia","Whitfield County",1,5,1302,663,639
050,13,313,"Georgia","Whitfield County",1,6,1371,741,630
050,13,313,"Georgia","Whitfield County",1,7,1385,702,683
050,13,313,"Georgia","Whitfield County",1,8,1418,730,688
050,13,313,"Georgia","Whitfield County",1,9,1449,750,699
050,13,313,"Georgia","Whitfield County",1,10,1553,786,767
050,13,313,"Georgia","Whitfield County",1,11,1617,830,787
050,13,313,"Georgia","Whitfield County",1,12,1719,908,811
050,13,313,"Georgia","Whitfield County",1,13,1664,843,821
050,13,313,"Georgia","Whitfield County",1,14,1622,790,832
050,13,313,"Georgia","Whitfield County",1,15,1641,842,799
050,13,313,"Georgia","Whitfield County",1,16,1655,839,816
050,13,313,"Georgia","Whitfield County",1,17,1610,833,777
050,13,313,"Georgia","Whitfield County",1,18,1483,790,693
050,13,313,"Georgia","Whitfield County",1,19,1305,674,631
050,13,313,"Georgia","Whitfield County",1,20,1343,696,647
050,13,313,"Georgia","Whitfield County",1,21,1394,750,644
050,13,313,"Georgia","Whitfield County",1,22,1355,695,660
050,13,313,"Georgia","Whitfield County",1,23,1377,703,674
050,13,313,"Georgia","Whitfield County",1,24,1367,702,665
050,13,313,"Georgia","Whitfield County",1,25,1343,689,654
050,13,313,"Georgia","Whitfield County",1,26,1324,685,639
050,13,313,"Georgia","Whitfield County",1,27,1357,678,679
050,13,313,"Georgia","Whitfield County",1,28,1352,692,660
050,13,313,"Georgia","Whitfield County",1,29,1474,776,698
050,13,313,"Georgia","Whitfield County",1,30,1354,700,654
050,13,313,"Georgia","Whitfield County",1,31,1294,685,609
050,13,313,"Georgia","Whitfield County",1,32,1302,668,634
050,13,313,"Georgia","Whitfield County",1,33,1305,661,644
050,13,313,"Georgia","Whitfield County",1,34,1271,659,612
050,13,313,"Georgia","Whitfield County",1,35,1355,683,672
050,13,313,"Georgia","Whitfield County",1,36,1322,665,657
050,13,313,"Georgia","Whitfield County",1,37,1317,650,667
050,13,313,"Georgia","Whitfield County",1,38,1314,655,659
050,13,313,"Georgia","Whitfield County",1,39,1297,688,609
050,13,313,"Georgia","Whitfield County",1,40,1329,675,654
050,13,313,"Georgia","Whitfield County",1,41,1272,630,642
050,13,313,"Georgia","Whitfield County",1,42,1296,636,660
050,13,313,"Georgia","Whitfield County",1,43,1257,633,624
050,13,313,"Georgia","Whitfield County",1,44,1261,629,632
050,13,313,"Georgia","Whitfield County",1,45,1248,632,616
050,13,313,"Georgia","Whitfield County",1,46,1269,627,642
050,13,313,"Georgia","Whitfield County",1,47,1345,684,661
050,13,313,"Georgia","Whitfield County",1,48,1418,711,707
050,13,313,"Georgia","Whitfield County",1,49,1429,718,711
050,13,313,"Georgia","Whitfield County",1,50,1362,696,666
050,13,313,"Georgia","Whitfield County",1,51,1386,672,714
050,13,313,"Georgia","Whitfield County",1,52,1318,683,635
050,13,313,"Georgia","Whitfield County",1,53,1335,686,649
050,13,313,"Georgia","Whitfield County",1,54,1355,705,650
050,13,313,"Georgia","Whitfield County",1,55,1339,675,664
050,13,313,"Georgia","Whitfield County",1,56,1310,638,672
050,13,313,"Georgia","Whitfield County",1,57,1284,635,649
050,13,313,"Georgia","Whitfield County",1,58,1280,633,647
050,13,313,"Georgia","Whitfield County",1,59,1223,600,623
050,13,313,"Georgia","Whitfield County",1,60,1198,577,621
050,13,313,"Georgia","Whitfield County",1,61,1152,582,570
050,13,313,"Georgia","Whitfield County",1,62,1165,603,562
050,13,313,"Georgia","Whitfield County",1,63,1110,541,569
050,13,313,"Georgia","Whitfield County",1,64,1068,498,570
050,13,313,"Georgia","Whitfield County",1,65,996,485,511
050,13,313,"Georgia","Whitfield County",1,66,943,452,491
050,13,313,"Georgia","Whitfield County",1,67,944,467,477
050,13,313,"Georgia","Whitfield County",1,68,911,430,481
050,13,313,"Georgia","Whitfield County",1,69,847,401,446
050,13,313,"Georgia","Whitfield County",1,70,853,396,457
050,13,313,"Georgia","Whitfield County",1,71,816,383,433
050,13,313,"Georgia","Whitfield County",1,72,839,396,443
050,13,313,"Georgia","Whitfield County",1,73,826,394,432
050,13,313,"Georgia","Whitfield County",1,74,617,289,328
050,13,313,"Georgia","Whitfield County",1,75,615,281,334
050,13,313,"Georgia","Whitfield County",1,76,605,291,314
050,13,313,"Georgia","Whitfield County",1,77,614,270,344
050,13,313,"Georgia","Whitfield County",1,78,547,240,307
050,13,313,"Georgia","Whitfield County",1,79,461,224,237
050,13,313,"Georgia","Whitfield County",1,80,424,193,231
050,13,313,"Georgia","Whitfield County",1,81,385,173,212
050,13,313,"Georgia","Whitfield County",1,82,341,144,197
050,13,313,"Georgia","Whitfield County",1,83,320,123,197
050,13,313,"Georgia","Whitfield County",1,84,308,125,183
050,13,313,"Georgia","Whitfield County",1,85,1547,530,1017
050,13,313,"Georgia","Whitfield County",2,0,1180,591,589
050,13,313,"Georgia","Whitfield County",2,1,1224,601,623
050,13,313,"Georgia","Whitfield County",2,2,1292,657,635
050,13,313,"Georgia","Whitfield County",2,3,1343,673,670
050,13,313,"Georgia","Whitfield County",2,4,1398,681,717
050,13,313,"Georgia","Whitfield County",2,5,1330,669,661
050,13,313,"Georgia","Whitfield County",2,6,1357,720,637
050,13,313,"Georgia","Whitfield County",2,7,1375,710,665
050,13,313,"Georgia","Whitfield County",2,8,1405,721,684
050,13,313,"Georgia","Whitfield County",2,9,1439,744,695
050,13,313,"Georgia","Whitfield County",2,10,1522,775,747
050,13,313,"Georgia","Whitfield County",2,11,1595,819,776
050,13,313,"Georgia","Whitfield County",2,12,1699,892,807
050,13,313,"Georgia","Whitfield County",2,13,1674,856,818
050,13,313,"Georgia","Whitfield County",2,14,1634,805,829
050,13,313,"Georgia","Whitfield County",2,15,1642,829,813
050,13,313,"Georgia","Whitfield County",2,16,1650,836,814
050,13,313,"Georgia","Whitfield County",2,17,1619,834,785
050,13,313,"Georgia","Whitfield County",2,18,1472,779,693
050,13,313,"Georgia","Whitfield County",2,19,1310,680,630
050,13,313,"Georgia","Whitfield County",2,20,1359,705,654
050,13,313,"Georgia","Whitfield County",2,21,1387,739,648
050,13,313,"Georgia","Whitfield County",2,22,1374,710,664
050,13,313,"Georgia","Whitfield County",2,23,1376,706,670
050,13,313,"Georgia","Whitfield County",2,24,1370,707,663
050,13,313,"Georgia","Whitfield County",2,25,1348,693,655
050,13,313,"Georgia","Whitfield County",2,26,1318,678,640
050,13,313,"Georgia","Whitfield County",2,27,1335,671,664
050,13,313,"Georgia","Whitfield County",2,28,1355,690,665
050,13,313,"Georgia","Whitfield County",2,29,1435,746,689
050,13,313,"Georgia","Whitfield County",2,30,1383,714,669
050,13,313,"Georgia","Whitfield County",2,31,1301,685,616
050,13,313,"Georgia","Whitfield County",2,32,1301,671,630
050,13,313,"Georgia","Whitfield County",2,33,1299,662,637
050,13,313,"Georgia","Whitfield County",2,34,1278,658,620
050,13,313,"Georgia","Whitfield County",2,35,1334,678,656
050,13,313,"Georgia","Whitfield County",2,36,1330,671,659
050,13,313,"Georgia","Whitfield County",2,37,1317,652,665
050,13,313,"Georgia","Whitfield County",2,38,1316,653,663
050,13,313,"Georgia","Whitfield County",2,39,1300,679,621
050,13,313,"Georgia","Whitfield County",2,40,1325,681,644
050,13,313,"Georgia","Whitfield County",2,41,1277,637,640
050,13,313,"Georgia","Whitfield County",2,42,1285,634,651
050,13,313,"Georgia","Whitfield County",2,43,1272,633,639
050,13,313,"Georgia","Whitfield County",2,44,1253,627,626
050,13,313,"Georgia","Whitfield County",2,45,1245,626,619
050,13,313,"Georgia","Whitfield County",2,46,1257,624,633
050,13,313,"Georgia","Whitfield County",2,47,1317,666,651
050,13,313,"Georgia","Whitfield County",2,48,1392,701,691
050,13,313,"Georgia","Whitfield County",2,49,1431,720,711
050,13,313,"Georgia","Whitfield County",2,50,1377,696,681
050,13,313,"Georgia","Whitfield County",2,51,1371,672,699
050,13,313,"Georgia","Whitfield County",2,52,1330,680,650
050,13,313,"Georgia","Whitfield County",2,53,1327,680,647
050,13,313,"Georgia","Whitfield County",2,54,1345,701,644
050,13,313,"Georgia","Whitfield County",2,55,1343,682,661
050,13,313,"Georgia","Whitfield County",2,56,1314,645,669
050,13,313,"Georgia","Whitfield County",2,57,1286,634,652
050,13,313,"Georgia","Whitfield County",2,58,1277,632,645
050,13,313,"Georgia","Whitfield County",2,59,1234,606,628
050,13,313,"Georgia","Whitfield County",2,60,1200,581,619
050,13,313,"Georgia","Whitfield County",2,61,1159,577,582
050,13,313,"Georgia","Whitfield County",2,62,1154,591,563
050,13,313,"Georgia","Whitfield County",2,63,1126,558,568
050,13,313,"Georgia","Whitfield County",2,64,1064,500,564
050,13,313,"Georgia","Whitfield County",2,65,1013,488,525
050,13,313,"Georgia","Whitfield County",2,66,956,460,496
050,13,313,"Georgia","Whitfield County",2,67,942,464,478
050,13,313,"Georgia","Whitfield County",2,68,909,432,477
050,13,313,"Georgia","Whitfield County",2,69,863,410,453
050,13,313,"Georgia","Whitfield County",2,70,846,394,452
050,13,313,"Georgia","Whitfield County",2,71,817,383,434
050,13,313,"Georgia","Whitfield County",2,72,819,387,432
050,13,313,"Georgia","Whitfield County",2,73,867,412,455
050,13,313,"Georgia","Whitfield County",2,74,625,293,332
050,13,313,"Georgia","Whitfield County",2,75,615,282,333
050,13,313,"Georgia","Whitfield County",2,76,597,285,312
050,13,313,"Georgia","Whitfield County",2,77,617,279,338
050,13,313,"Georgia","Whitfield County",2,78,545,236,309
050,13,313,"Georgia","Whitfield County",2,79,468,225,243
050,13,313,"Georgia","Whitfield County",2,80,430,198,232
050,13,313,"Georgia","Whitfield County",2,81,384,173,211
050,13,313,"Georgia","Whitfield County",2,82,352,151,201
050,13,313,"Georgia","Whitfield County",2,83,313,126,187
050,13,313,"Georgia","Whitfield County",2,84,306,121,185
050,13,313,"Georgia","Whitfield County",2,85,1563,545,1018
050,13,313,"Georgia","Whitfield County",3,0,1209,624,585
050,13,313,"Georgia","Whitfield County",3,1,1195,610,585
050,13,313,"Georgia","Whitfield County",3,2,1226,618,608
050,13,313,"Georgia","Whitfield County",3,3,1304,657,647
050,13,313,"Georgia","Whitfield County",3,4,1367,692,675
050,13,313,"Georgia","Whitfield County",3,5,1375,682,693
050,13,313,"Georgia","Whitfield County",3,6,1345,679,666
050,13,313,"Georgia","Whitfield County",3,7,1357,711,646
050,13,313,"Georgia","Whitfield County",3,8,1363,704,659
050,13,313,"Georgia","Whitfield County",3,9,1395,702,693
050,13,313,"Georgia","Whitfield County",3,10,1452,749,703
050,13,313,"Georgia","Whitfield County",3,11,1539,780,759
050,13,313,"Georgia","Whitfield County",3,12,1598,818,780
050,13,313,"Georgia","Whitfield County",3,13,1692,875,817
050,13,313,"Georgia","Whitfield County",3,14,1689,871,818
050,13,313,"Georgia","Whitfield County",3,15,1628,808,820
050,13,313,"Georgia","Whitfield County",3,16,1660,836,824
050,13,313,"Georgia","Whitfield County",3,17,1642,852,790
050,13,313,"Georgia","Whitfield County",3,18,1460,761,699
050,13,313,"Georgia","Whitfield County",3,19,1312,690,622
050,13,313,"Georgia","Whitfield County",3,20,1365,703,662
050,13,313,"Georgia","Whitfield County",3,21,1412,741,671
050,13,313,"Georgia","Whitfield County",3,22,1454,746,708
050,13,313,"Georgia","Whitfield County",3,23,1417,718,699
050,13,313,"Georgia","Whitfield County",3,24,1402,725,677
050,13,313,"Georgia","Whitfield County",3,25,1389,726,663
050,13,313,"Georgia","Whitfield County",3,26,1337,682,655
050,13,313,"Georgia","Whitfield County",3,27,1293,662,631
050,13,313,"Georgia","Whitfield County",3,28,1316,666,650
050,13,313,"Georgia","Whitfield County",3,29,1369,692,677
050,13,313,"Georgia","Whitfield County",3,30,1435,748,687
050,13,313,"Georgia","Whitfield County",3,31,1351,701,650
050,13,313,"Georgia","Whitfield County",3,32,1309,680,629
050,13,313,"Georgia","Whitfield County",3,33,1321,676,645
050,13,313,"Georgia","Whitfield County",3,34,1281,644,637
050,13,313,"Georgia","Whitfield County",3,35,1277,665,612
050,13,313,"Georgia","Whitfield County",3,36,1337,676,661
050,13,313,"Georgia","Whitfield County",3,37,1348,673,675
050,13,313,"Georgia","Whitfield County",3,38,1309,643,666
050,13,313,"Georgia","Whitfield County",3,39,1316,666,650
050,13,313,"Georgia","Whitfield County",3,40,1309,680,629
050,13,313,"Georgia","Whitfield County",3,41,1315,668,647
050,13,313,"Georgia","Whitfield County",3,42,1296,651,645
050,13,313,"Georgia","Whitfield County",3,43,1293,643,650
050,13,313,"Georgia","Whitfield County",3,44,1272,634,638
050,13,313,"Georgia","Whitfield County",3,45,1223,611,612
050,13,313,"Georgia","Whitfield County",3,46,1228,621,607
050,13,313,"Georgia","Whitfield County",3,47,1236,609,627
050,13,313,"Georgia","Whitfield County",3,48,1306,658,648
050,13,313,"Georgia","Whitfield County",3,49,1389,703,686
050,13,313,"Georgia","Whitfield County",3,50,1414,709,705
050,13,313,"Georgia","Whitfield County",3,51,1375,684,691
050,13,313,"Georgia","Whitfield County",3,52,1372,679,693
050,13,313,"Georgia","Whitfield County",3,53,1318,677,641
050,13,313,"Georgia","Whitfield County",3,54,1300,668,632
050,13,313,"Georgia","Whitfield County",3,55,1315,685,630
050,13,313,"Georgia","Whitfield County",3,56,1333,681,652
050,13,313,"Georgia","Whitfield County",3,57,1293,626,667
050,13,313,"Georgia","Whitfield County",3,58,1298,636,662
050,13,313,"Georgia","Whitfield County",3,59,1235,603,632
050,13,313,"Georgia","Whitfield County",3,60,1215,603,612
050,13,313,"Georgia","Whitfield County",3,61,1165,558,607
050,13,313,"Georgia","Whitfield County",3,62,1127,553,574
050,13,313,"Georgia","Whitfield County",3,63,1143,581,562
050,13,313,"Georgia","Whitfield County",3,64,1092,540,552
050,13,313,"Georgia","Whitfield County",3,65,1043,488,555
050,13,313,"Georgia","Whitfield County",3,66,987,470,517
050,13,313,"Georgia","Whitfield County",3,67,925,446,479
050,13,313,"Georgia","Whitfield County",3,68,917,437,480
050,13,313,"Georgia","Whitfield County",3,69,879,423,456
050,13,313,"Georgia","Whitfield County",3,70,852,401,451
050,13,313,"Georgia","Whitfield County",3,71,809,374,435
050,13,313,"Georgia","Whitfield County",3,72,789,359,430
050,13,313,"Georgia","Whitfield County",3,73,780,364,416
050,13,313,"Georgia","Whitfield County",3,74,839,399,440
050,13,313,"Georgia","Whitfield County",3,75,596,279,317
050,13,313,"Georgia","Whitfield County",3,76,575,277,298
050,13,313,"Georgia","Whitfield County",3,77,567,263,304
050,13,313,"Georgia","Whitfield County",3,78,588,262,326
050,13,313,"Georgia","Whitfield County",3,79,501,219,282
050,13,313,"Georgia","Whitfield County",3,80,440,210,230
050,13,313,"Georgia","Whitfield County",3,81,395,184,211
050,13,313,"Georgia","Whitfield County",3,82,363,159,204
050,13,313,"Georgia","Whitfield County",3,83,309,132,177
050,13,313,"Georgia","Whitfield County",3,84,302,119,183
050,13,313,"Georgia","Whitfield County",3,85,1548,556,992
050,13,313,"Georgia","Whitfield County",4,0,1198,606,592
050,13,313,"Georgia","Whitfield County",4,1,1242,640,602
050,13,313,"Georgia","Whitfield County",4,2,1188,607,581
050,13,313,"Georgia","Whitfield County",4,3,1235,621,614
050,13,313,"Georgia","Whitfield County",4,4,1299,649,650
050,13,313,"Georgia","Whitfield County",4,5,1390,709,681
050,13,313,"Georgia","Whitfield County",4,6,1367,670,697
050,13,313,"Georgia","Whitfield County",4,7,1346,674,672
050,13,313,"Georgia","Whitfield County",4,8,1391,723,668
050,13,313,"Georgia","Whitfield County",4,9,1379,717,662
050,13,313,"Georgia","Whitfield County",4,10,1404,713,691
050,13,313,"Georgia","Whitfield County",4,11,1484,759,725
050,13,313,"Georgia","Whitfield County",4,12,1544,780,764
050,13,313,"Georgia","Whitfield County",4,13,1588,813,775
050,13,313,"Georgia","Whitfield County",4,14,1708,891,817
050,13,313,"Georgia","Whitfield County",4,15,1688,861,827
050,13,313,"Georgia","Whitfield County",4,16,1631,821,810
050,13,313,"Georgia","Whitfield County",4,17,1646,827,819
050,13,313,"Georgia","Whitfield County",4,18,1499,793,706
050,13,313,"Georgia","Whitfield County",4,19,1281,670,611
050,13,313,"Georgia","Whitfield County",4,20,1363,713,650
050,13,313,"Georgia","Whitfield County",4,21,1403,722,681
050,13,313,"Georgia","Whitfield County",4,22,1465,758,707
050,13,313,"Georgia","Whitfield County",4,23,1518,789,729
050,13,313,"Georgia","Whitfield County",4,24,1485,765,720
050,13,313,"Georgia","Whitfield County",4,25,1392,710,682
050,13,313,"Georgia","Whitfield County",4,26,1374,716,658
050,13,313,"Georgia","Whitfield County",4,27,1326,665,661
050,13,313,"Georgia","Whitfield County",4,28,1308,673,635
050,13,313,"Georgia","Whitfield County",4,29,1327,670,657
050,13,313,"Georgia","Whitfield County",4,30,1354,691,663
050,13,313,"Georgia","Whitfield County",4,31,1421,744,677
050,13,313,"Georgia","Whitfield County",4,32,1345,680,665
050,13,313,"Georgia","Whitfield County",4,33,1317,692,625
050,13,313,"Georgia","Whitfield County",4,34,1310,651,659
050,13,313,"Georgia","Whitfield County",4,35,1258,624,634
050,13,313,"Georgia","Whitfield County",4,36,1298,677,621
050,13,313,"Georgia","Whitfield County",4,37,1330,678,652
050,13,313,"Georgia","Whitfield County",4,38,1373,696,677
050,13,313,"Georgia","Whitfield County",4,39,1332,661,671
050,13,313,"Georgia","Whitfield County",4,40,1325,658,667
050,13,313,"Georgia","Whitfield County",4,41,1319,680,639
050,13,313,"Georgia","Whitfield County",4,42,1325,673,652
050,13,313,"Georgia","Whitfield County",4,43,1301,650,651
050,13,313,"Georgia","Whitfield County",4,44,1312,650,662
050,13,313,"Georgia","Whitfield County",4,45,1273,626,647
050,13,313,"Georgia","Whitfield County",4,46,1242,616,626
050,13,313,"Georgia","Whitfield County",4,47,1227,621,606
050,13,313,"Georgia","Whitfield County",4,48,1238,600,638
050,13,313,"Georgia","Whitfield County",4,49,1321,664,657
050,13,313,"Georgia","Whitfield County",4,50,1365,690,675
050,13,313,"Georgia","Whitfield County",4,51,1401,707,694
050,13,313,"Georgia","Whitfield County",4,52,1360,679,681
050,13,313,"Georgia","Whitfield County",4,53,1379,680,699
050,13,313,"Georgia","Whitfield County",4,54,1304,663,641
050,13,313,"Georgia","Whitfield County",4,55,1282,652,630
050,13,313,"Georgia","Whitfield County",4,56,1322,695,627
050,13,313,"Georgia","Whitfield County",4,57,1308,664,644
050,13,313,"Georgia","Whitfield County",4,58,1296,628,668
050,13,313,"Georgia","Whitfield County",4,59,1271,618,653
050,13,313,"Georgia","Whitfield County",4,60,1221,593,628
050,13,313,"Georgia","Whitfield County",4,61,1186,588,598
050,13,313,"Georgia","Whitfield County",4,62,1140,544,596
050,13,313,"Georgia","Whitfield County",4,63,1109,553,556
050,13,313,"Georgia","Whitfield County",4,64,1101,553,548
050,13,313,"Georgia","Whitfield County",4,65,1073,531,542
050,13,313,"Georgia","Whitfield County",4,66,1036,477,559
050,13,313,"Georgia","Whitfield County",4,67,979,466,513
050,13,313,"Georgia","Whitfield County",4,68,904,430,474
050,13,313,"Georgia","Whitfield County",4,69,903,439,464
050,13,313,"Georgia","Whitfield County",4,70,863,409,454
050,13,313,"Georgia","Whitfield County",4,71,819,383,436
050,13,313,"Georgia","Whitfield County",4,72,789,362,427
050,13,313,"Georgia","Whitfield County",4,73,755,343,412
050,13,313,"Georgia","Whitfield County",4,74,748,348,400
050,13,313,"Georgia","Whitfield County",4,75,805,381,424
050,13,313,"Georgia","Whitfield County",4,76,579,275,304
050,13,313,"Georgia","Whitfield County",4,77,557,269,288
050,13,313,"Georgia","Whitfield County",4,78,540,248,292
050,13,313,"Georgia","Whitfield County",4,79,549,247,302
050,13,313,"Georgia","Whitfield County",4,80,477,203,274
050,13,313,"Georgia","Whitfield County",4,81,412,195,217
050,13,313,"Georgia","Whitfield County",4,82,374,170,204
050,13,313,"Georgia","Whitfield County",4,83,330,140,190
050,13,313,"Georgia","Whitfield County",4,84,300,131,169
050,13,313,"Georgia","Whitfield County",4,85,1568,569,999
050,13,313,"Georgia","Whitfield County",5,0,1187,600,587
050,13,313,"Georgia","Whitfield County",5,1,1207,607,600
050,13,313,"Georgia","Whitfield County",5,2,1258,659,599
050,13,313,"Georgia","Whitfield County",5,3,1225,626,599
050,13,313,"Georgia","Whitfield County",5,4,1261,640,621
050,13,313,"Georgia","Whitfield County",5,5,1306,661,645
050,13,313,"Georgia","Whitfield County",5,6,1409,719,690
050,13,313,"Georgia","Whitfield County",5,7,1398,680,718
050,13,313,"Georgia","Whitfield County",5,8,1345,665,680
050,13,313,"Georgia","Whitfield County",5,9,1406,724,682
050,13,313,"Georgia","Whitfield County",5,10,1377,712,665
050,13,313,"Georgia","Whitfield County",5,11,1408,718,690
050,13,313,"Georgia","Whitfield County",5,12,1483,763,720
050,13,313,"Georgia","Whitfield County",5,13,1535,779,756
050,13,313,"Georgia","Whitfield County",5,14,1584,815,769
050,13,313,"Georgia","Whitfield County",5,15,1727,902,825
050,13,313,"Georgia","Whitfield County",5,16,1700,863,837
050,13,313,"Georgia","Whitfield County",5,17,1602,800,802
050,13,313,"Georgia","Whitfield County",5,18,1498,761,737
050,13,313,"Georgia","Whitfield County",5,19,1332,696,636
050,13,313,"Georgia","Whitfield County",5,20,1373,709,664
050,13,313,"Georgia","Whitfield County",5,21,1409,739,670
050,13,313,"Georgia","Whitfield County",5,22,1430,722,708
050,13,313,"Georgia","Whitfield County",5,23,1536,804,732
050,13,313,"Georgia","Whitfield County",5,24,1562,826,736
050,13,313,"Georgia","Whitfield County",5,25,1495,781,714
050,13,313,"Georgia","Whitfield County",5,26,1358,705,653
050,13,313,"Georgia","Whitfield County",5,27,1382,707,675
050,13,313,"Georgia","Whitfield County",5,28,1339,674,665
050,13,313,"Georgia","Whitfield County",5,29,1305,659,646
050,13,313,"Georgia","Whitfield County",5,30,1327,665,662
050,13,313,"Georgia","Whitfield County",5,31,1385,714,671
050,13,313,"Georgia","Whitfield County",5,32,1412,752,660
050,13,313,"Georgia","Whitfield County",5,33,1368,700,668
050,13,313,"Georgia","Whitfield County",5,34,1309,693,616
050,13,313,"Georgia","Whitfield County",5,35,1339,671,668
050,13,313,"Georgia","Whitfield County",5,36,1274,648,626
050,13,313,"Georgia","Whitfield County",5,37,1311,683,628
050,13,313,"Georgia","Whitfield County",5,38,1379,706,673
050,13,313,"Georgia","Whitfield County",5,39,1389,722,667
050,13,313,"Georgia","Whitfield County",5,40,1308,641,667
050,13,313,"Georgia","Whitfield County",5,41,1329,670,659
050,13,313,"Georgia","Whitfield County",5,42,1344,687,657
050,13,313,"Georgia","Whitfield County",5,43,1327,670,657
050,13,313,"Georgia","Whitfield County",5,44,1290,664,626
050,13,313,"Georgia","Whitfield County",5,45,1295,641,654
050,13,313,"Georgia","Whitfield County",5,46,1260,621,639
050,13,313,"Georgia","Whitfield County",5,47,1230,607,623
050,13,313,"Georgia","Whitfield County",5,48,1214,607,607
050,13,313,"Georgia","Whitfield County",5,49,1233,602,631
050,13,313,"Georgia","Whitfield County",5,50,1309,662,647
050,13,313,"Georgia","Whitfield County",5,51,1363,690,673
050,13,313,"Georgia","Whitfield County",5,52,1378,709,669
050,13,313,"Georgia","Whitfield County",5,53,1356,666,690
050,13,313,"Georgia","Whitfield County",5,54,1378,684,694
050,13,313,"Georgia","Whitfield County",5,55,1294,652,642
050,13,313,"Georgia","Whitfield County",5,56,1263,639,624
050,13,313,"Georgia","Whitfield County",5,57,1301,673,628
050,13,313,"Georgia","Whitfield County",5,58,1289,646,643
050,13,313,"Georgia","Whitfield County",5,59,1275,614,661
050,13,313,"Georgia","Whitfield County",5,60,1261,613,648
050,13,313,"Georgia","Whitfield County",5,61,1207,591,616
050,13,313,"Georgia","Whitfield County",5,62,1162,574,588
050,13,313,"Georgia","Whitfield County",5,63,1137,540,597
050,13,313,"Georgia","Whitfield County",5,64,1083,536,547
050,13,313,"Georgia","Whitfield County",5,65,1072,536,536
050,13,313,"Georgia","Whitfield County",5,66,1070,523,547
050,13,313,"Georgia","Whitfield County",5,67,1029,475,554
050,13,313,"Georgia","Whitfield County",5,68,975,463,512
050,13,313,"Georgia","Whitfield County",5,69,897,428,469
050,13,313,"Georgia","Whitfield County",5,70,883,428,455
050,13,313,"Georgia","Whitfield County",5,71,838,402,436
050,13,313,"Georgia","Whitfield County",5,72,809,377,432
050,13,313,"Georgia","Whitfield County",5,73,763,348,415
050,13,313,"Georgia","Whitfield County",5,74,740,330,410
050,13,313,"Georgia","Whitfield County",5,75,726,337,389
050,13,313,"Georgia","Whitfield County",5,76,789,375,414
050,13,313,"Georgia","Whitfield County",5,77,560,268,292
050,13,313,"Georgia","Whitfield County",5,78,542,255,287
050,13,313,"Georgia","Whitfield County",5,79,507,235,272
050,13,313,"Georgia","Whitfield County",5,80,525,228,297
050,13,313,"Georgia","Whitfield County",5,81,457,199,258
050,13,313,"Georgia","Whitfield County",5,82,389,181,208
050,13,313,"Georgia","Whitfield County",5,83,343,158,185
050,13,313,"Georgia","Whitfield County",5,84,319,139,180
050,13,313,"Georgia","Whitfield County",5,85,1638,611,1027
050,13,315,"Georgia","Wilcox County",1,0,77,41,36
050,13,315,"Georgia","Wilcox County",1,1,79,42,37
050,13,315,"Georgia","Wilcox County",1,2,84,45,39
050,13,315,"Georgia","Wilcox County",1,3,96,48,48
050,13,315,"Georgia","Wilcox County",1,4,88,44,44
050,13,315,"Georgia","Wilcox County",1,5,97,50,47
050,13,315,"Georgia","Wilcox County",1,6,101,50,51
050,13,315,"Georgia","Wilcox County",1,7,81,46,35
050,13,315,"Georgia","Wilcox County",1,8,104,61,43
050,13,315,"Georgia","Wilcox County",1,9,95,61,34
050,13,315,"Georgia","Wilcox County",1,10,81,45,36
050,13,315,"Georgia","Wilcox County",1,11,84,45,39
050,13,315,"Georgia","Wilcox County",1,12,85,40,45
050,13,315,"Georgia","Wilcox County",1,13,105,54,51
050,13,315,"Georgia","Wilcox County",1,14,115,64,51
050,13,315,"Georgia","Wilcox County",1,15,102,61,41
050,13,315,"Georgia","Wilcox County",1,16,92,55,37
050,13,315,"Georgia","Wilcox County",1,17,93,50,43
050,13,315,"Georgia","Wilcox County",1,18,82,43,39
050,13,315,"Georgia","Wilcox County",1,19,76,47,29
050,13,315,"Georgia","Wilcox County",1,20,103,67,36
050,13,315,"Georgia","Wilcox County",1,21,115,77,38
050,13,315,"Georgia","Wilcox County",1,22,110,74,36
050,13,315,"Georgia","Wilcox County",1,23,123,82,41
050,13,315,"Georgia","Wilcox County",1,24,139,95,44
050,13,315,"Georgia","Wilcox County",1,25,105,73,32
050,13,315,"Georgia","Wilcox County",1,26,123,88,35
050,13,315,"Georgia","Wilcox County",1,27,124,86,38
050,13,315,"Georgia","Wilcox County",1,28,135,103,32
050,13,315,"Georgia","Wilcox County",1,29,128,83,45
050,13,315,"Georgia","Wilcox County",1,30,128,92,36
050,13,315,"Georgia","Wilcox County",1,31,129,81,48
050,13,315,"Georgia","Wilcox County",1,32,148,97,51
050,13,315,"Georgia","Wilcox County",1,33,111,70,41
050,13,315,"Georgia","Wilcox County",1,34,122,84,38
050,13,315,"Georgia","Wilcox County",1,35,109,73,36
050,13,315,"Georgia","Wilcox County",1,36,122,89,33
050,13,315,"Georgia","Wilcox County",1,37,108,75,33
050,13,315,"Georgia","Wilcox County",1,38,104,66,38
050,13,315,"Georgia","Wilcox County",1,39,146,104,42
050,13,315,"Georgia","Wilcox County",1,40,132,91,41
050,13,315,"Georgia","Wilcox County",1,41,119,80,39
050,13,315,"Georgia","Wilcox County",1,42,130,84,46
050,13,315,"Georgia","Wilcox County",1,43,106,76,30
050,13,315,"Georgia","Wilcox County",1,44,135,108,27
050,13,315,"Georgia","Wilcox County",1,45,115,82,33
050,13,315,"Georgia","Wilcox County",1,46,125,92,33
050,13,315,"Georgia","Wilcox County",1,47,125,85,40
050,13,315,"Georgia","Wilcox County",1,48,123,84,39
050,13,315,"Georgia","Wilcox County",1,49,115,77,38
050,13,315,"Georgia","Wilcox County",1,50,113,71,42
050,13,315,"Georgia","Wilcox County",1,51,98,61,37
050,13,315,"Georgia","Wilcox County",1,52,122,78,44
050,13,315,"Georgia","Wilcox County",1,53,125,73,52
050,13,315,"Georgia","Wilcox County",1,54,110,68,42
050,13,315,"Georgia","Wilcox County",1,55,113,69,44
050,13,315,"Georgia","Wilcox County",1,56,113,75,38
050,13,315,"Georgia","Wilcox County",1,57,112,67,45
050,13,315,"Georgia","Wilcox County",1,58,115,71,44
050,13,315,"Georgia","Wilcox County",1,59,100,56,44
050,13,315,"Georgia","Wilcox County",1,60,98,51,47
050,13,315,"Georgia","Wilcox County",1,61,91,48,43
050,13,315,"Georgia","Wilcox County",1,62,106,61,45
050,13,315,"Georgia","Wilcox County",1,63,114,59,55
050,13,315,"Georgia","Wilcox County",1,64,119,62,57
050,13,315,"Georgia","Wilcox County",1,65,104,58,46
050,13,315,"Georgia","Wilcox County",1,66,91,50,41
050,13,315,"Georgia","Wilcox County",1,67,81,45,36
050,13,315,"Georgia","Wilcox County",1,68,98,44,54
050,13,315,"Georgia","Wilcox County",1,69,92,36,56
050,13,315,"Georgia","Wilcox County",1,70,93,41,52
050,13,315,"Georgia","Wilcox County",1,71,90,47,43
050,13,315,"Georgia","Wilcox County",1,72,98,40,58
050,13,315,"Georgia","Wilcox County",1,73,94,48,46
050,13,315,"Georgia","Wilcox County",1,74,80,36,44
050,13,315,"Georgia","Wilcox County",1,75,73,34,39
050,13,315,"Georgia","Wilcox County",1,76,59,27,32
050,13,315,"Georgia","Wilcox County",1,77,65,28,37
050,13,315,"Georgia","Wilcox County",1,78,58,26,32
050,13,315,"Georgia","Wilcox County",1,79,45,22,23
050,13,315,"Georgia","Wilcox County",1,80,53,25,28
050,13,315,"Georgia","Wilcox County",1,81,53,29,24
050,13,315,"Georgia","Wilcox County",1,82,37,22,15
050,13,315,"Georgia","Wilcox County",1,83,35,15,20
050,13,315,"Georgia","Wilcox County",1,84,39,15,24
050,13,315,"Georgia","Wilcox County",1,85,203,75,128
050,13,315,"Georgia","Wilcox County",2,0,80,40,40
050,13,315,"Georgia","Wilcox County",2,1,77,41,36
050,13,315,"Georgia","Wilcox County",2,2,82,43,39
050,13,315,"Georgia","Wilcox County",2,3,92,47,45
050,13,315,"Georgia","Wilcox County",2,4,90,45,45
050,13,315,"Georgia","Wilcox County",2,5,94,48,46
050,13,315,"Georgia","Wilcox County",2,6,99,50,49
050,13,315,"Georgia","Wilcox County",2,7,86,48,38
050,13,315,"Georgia","Wilcox County",2,8,97,56,41
050,13,315,"Georgia","Wilcox County",2,9,96,61,35
050,13,315,"Georgia","Wilcox County",2,10,83,48,35
050,13,315,"Georgia","Wilcox County",2,11,81,44,37
050,13,315,"Georgia","Wilcox County",2,12,88,42,46
050,13,315,"Georgia","Wilcox County",2,13,100,50,50
050,13,315,"Georgia","Wilcox County",2,14,113,63,50
050,13,315,"Georgia","Wilcox County",2,15,103,61,42
050,13,315,"Georgia","Wilcox County",2,16,93,56,37
050,13,315,"Georgia","Wilcox County",2,17,95,52,43
050,13,315,"Georgia","Wilcox County",2,18,82,43,39
050,13,315,"Georgia","Wilcox County",2,19,78,48,30
050,13,315,"Georgia","Wilcox County",2,20,104,67,37
050,13,315,"Georgia","Wilcox County",2,21,113,75,38
050,13,315,"Georgia","Wilcox County",2,22,111,74,37
050,13,315,"Georgia","Wilcox County",2,23,123,82,41
050,13,315,"Georgia","Wilcox County",2,24,136,93,43
050,13,315,"Georgia","Wilcox County",2,25,109,76,33
050,13,315,"Georgia","Wilcox County",2,26,118,85,33
050,13,315,"Georgia","Wilcox County",2,27,120,85,35
050,13,315,"Georgia","Wilcox County",2,28,137,103,34
050,13,315,"Georgia","Wilcox County",2,29,123,83,40
050,13,315,"Georgia","Wilcox County",2,30,131,93,38
050,13,315,"Georgia","Wilcox County",2,31,127,81,46
050,13,315,"Georgia","Wilcox County",2,32,144,94,50
050,13,315,"Georgia","Wilcox County",2,33,115,73,42
050,13,315,"Georgia","Wilcox County",2,34,120,81,39
050,13,315,"Georgia","Wilcox County",2,35,112,74,38
050,13,315,"Georgia","Wilcox County",2,36,121,88,33
050,13,315,"Georgia","Wilcox County",2,37,108,75,33
050,13,315,"Georgia","Wilcox County",2,38,102,66,36
050,13,315,"Georgia","Wilcox County",2,39,142,102,40
050,13,315,"Georgia","Wilcox County",2,40,133,91,42
050,13,315,"Georgia","Wilcox County",2,41,121,81,40
050,13,315,"Georgia","Wilcox County",2,42,130,85,45
050,13,315,"Georgia","Wilcox County",2,43,110,76,34
050,13,315,"Georgia","Wilcox County",2,44,134,107,27
050,13,315,"Georgia","Wilcox County",2,45,115,84,31
050,13,315,"Georgia","Wilcox County",2,46,123,91,32
050,13,315,"Georgia","Wilcox County",2,47,119,82,37
050,13,315,"Georgia","Wilcox County",2,48,125,86,39
050,13,315,"Georgia","Wilcox County",2,49,116,77,39
050,13,315,"Georgia","Wilcox County",2,50,109,68,41
050,13,315,"Georgia","Wilcox County",2,51,103,64,39
050,13,315,"Georgia","Wilcox County",2,52,123,80,43
050,13,315,"Georgia","Wilcox County",2,53,117,69,48
050,13,315,"Georgia","Wilcox County",2,54,115,70,45
050,13,315,"Georgia","Wilcox County",2,55,113,70,43
050,13,315,"Georgia","Wilcox County",2,56,111,73,38
050,13,315,"Georgia","Wilcox County",2,57,114,70,44
050,13,315,"Georgia","Wilcox County",2,58,115,72,43
050,13,315,"Georgia","Wilcox County",2,59,103,58,45
050,13,315,"Georgia","Wilcox County",2,60,99,53,46
050,13,315,"Georgia","Wilcox County",2,61,95,48,47
050,13,315,"Georgia","Wilcox County",2,62,102,59,43
050,13,315,"Georgia","Wilcox County",2,63,118,63,55
050,13,315,"Georgia","Wilcox County",2,64,119,61,58
050,13,315,"Georgia","Wilcox County",2,65,104,57,47
050,13,315,"Georgia","Wilcox County",2,66,94,52,42
050,13,315,"Georgia","Wilcox County",2,67,82,46,36
050,13,315,"Georgia","Wilcox County",2,68,97,45,52
050,13,315,"Georgia","Wilcox County",2,69,93,38,55
050,13,315,"Georgia","Wilcox County",2,70,92,39,53
050,13,315,"Georgia","Wilcox County",2,71,95,49,46
050,13,315,"Georgia","Wilcox County",2,72,94,40,54
050,13,315,"Georgia","Wilcox County",2,73,99,48,51
050,13,315,"Georgia","Wilcox County",2,74,84,37,47
050,13,315,"Georgia","Wilcox County",2,75,74,35,39
050,13,315,"Georgia","Wilcox County",2,76,66,30,36
050,13,315,"Georgia","Wilcox County",2,77,66,27,39
050,13,315,"Georgia","Wilcox County",2,78,60,28,32
050,13,315,"Georgia","Wilcox County",2,79,45,20,25
050,13,315,"Georgia","Wilcox County",2,80,50,24,26
050,13,315,"Georgia","Wilcox County",2,81,57,29,28
050,13,315,"Georgia","Wilcox County",2,82,44,26,18
050,13,315,"Georgia","Wilcox County",2,83,33,15,18
050,13,315,"Georgia","Wilcox County",2,84,39,17,22
050,13,315,"Georgia","Wilcox County",2,85,212,76,136
050,13,315,"Georgia","Wilcox County",3,0,71,39,32
050,13,315,"Georgia","Wilcox County",3,1,80,39,41
050,13,315,"Georgia","Wilcox County",3,2,84,47,37
050,13,315,"Georgia","Wilcox County",3,3,84,44,40
050,13,315,"Georgia","Wilcox County",3,4,82,43,39
050,13,315,"Georgia","Wilcox County",3,5,96,51,45
050,13,315,"Georgia","Wilcox County",3,6,97,50,47
050,13,315,"Georgia","Wilcox County",3,7,105,54,51
050,13,315,"Georgia","Wilcox County",3,8,86,48,38
050,13,315,"Georgia","Wilcox County",3,9,93,56,37
050,13,315,"Georgia","Wilcox County",3,10,95,61,34
050,13,315,"Georgia","Wilcox County",3,11,92,55,37
050,13,315,"Georgia","Wilcox County",3,12,91,47,44
050,13,315,"Georgia","Wilcox County",3,13,89,44,45
050,13,315,"Georgia","Wilcox County",3,14,106,54,52
050,13,315,"Georgia","Wilcox County",3,15,115,66,49
050,13,315,"Georgia","Wilcox County",3,16,106,61,45
050,13,315,"Georgia","Wilcox County",3,17,86,51,35
050,13,315,"Georgia","Wilcox County",3,18,85,46,39
050,13,315,"Georgia","Wilcox County",3,19,75,47,28
050,13,315,"Georgia","Wilcox County",3,20,100,65,35
050,13,315,"Georgia","Wilcox County",3,21,108,70,38
050,13,315,"Georgia","Wilcox County",3,22,115,75,40
050,13,315,"Georgia","Wilcox County",3,23,122,82,40
050,13,315,"Georgia","Wilcox County",3,24,118,81,37
050,13,315,"Georgia","Wilcox County",3,25,125,83,42
050,13,315,"Georgia","Wilcox County",3,26,110,76,34
050,13,315,"Georgia","Wilcox County",3,27,104,73,31
050,13,315,"Georgia","Wilcox County",3,28,142,104,38
050,13,315,"Georgia","Wilcox County",3,29,117,81,36
050,13,315,"Georgia","Wilcox County",3,30,134,94,40
050,13,315,"Georgia","Wilcox County",3,31,109,77,32
050,13,315,"Georgia","Wilcox County",3,32,130,83,47
050,13,315,"Georgia","Wilcox County",3,33,126,74,52
050,13,315,"Georgia","Wilcox County",3,34,120,79,41
050,13,315,"Georgia","Wilcox County",3,35,106,65,41
050,13,315,"Georgia","Wilcox County",3,36,122,88,34
050,13,315,"Georgia","Wilcox County",3,37,106,72,34
050,13,315,"Georgia","Wilcox County",3,38,95,62,33
050,13,315,"Georgia","Wilcox County",3,39,136,101,35
050,13,315,"Georgia","Wilcox County",3,40,123,86,37
050,13,315,"Georgia","Wilcox County",3,41,122,81,41
050,13,315,"Georgia","Wilcox County",3,42,117,81,36
050,13,315,"Georgia","Wilcox County",3,43,115,71,44
050,13,315,"Georgia","Wilcox County",3,44,136,98,38
050,13,315,"Georgia","Wilcox County",3,45,110,84,26
050,13,315,"Georgia","Wilcox County",3,46,124,88,36
050,13,315,"Georgia","Wilcox County",3,47,102,70,32
050,13,315,"Georgia","Wilcox County",3,48,128,92,36
050,13,315,"Georgia","Wilcox County",3,49,125,85,40
050,13,315,"Georgia","Wilcox County",3,50,109,70,39
050,13,315,"Georgia","Wilcox County",3,51,113,70,43
050,13,315,"Georgia","Wilcox County",3,52,118,80,38
050,13,315,"Georgia","Wilcox County",3,53,94,59,35
050,13,315,"Georgia","Wilcox County",3,54,119,74,45
050,13,315,"Georgia","Wilcox County",3,55,117,73,44
050,13,315,"Georgia","Wilcox County",3,56,106,61,45
050,13,315,"Georgia","Wilcox County",3,57,112,74,38
050,13,315,"Georgia","Wilcox County",3,58,113,70,43
050,13,315,"Georgia","Wilcox County",3,59,100,59,41
050,13,315,"Georgia","Wilcox County",3,60,104,61,43
050,13,315,"Georgia","Wilcox County",3,61,103,51,52
050,13,315,"Georgia","Wilcox County",3,62,87,47,40
050,13,315,"Georgia","Wilcox County",3,63,111,66,45
050,13,315,"Georgia","Wilcox County",3,64,122,66,56
050,13,315,"Georgia","Wilcox County",3,65,99,52,47
050,13,315,"Georgia","Wilcox County",3,66,97,51,46
050,13,315,"Georgia","Wilcox County",3,67,93,54,39
050,13,315,"Georgia","Wilcox County",3,68,87,43,44
050,13,315,"Georgia","Wilcox County",3,69,79,39,40
050,13,315,"Georgia","Wilcox County",3,70,88,34,54
050,13,315,"Georgia","Wilcox County",3,71,102,49,53
050,13,315,"Georgia","Wilcox County",3,72,88,41,47
050,13,315,"Georgia","Wilcox County",3,73,93,39,54
050,13,315,"Georgia","Wilcox County",3,74,112,45,67
050,13,315,"Georgia","Wilcox County",3,75,70,35,35
050,13,315,"Georgia","Wilcox County",3,76,85,41,44
050,13,315,"Georgia","Wilcox County",3,77,67,29,38
050,13,315,"Georgia","Wilcox County",3,78,63,32,31
050,13,315,"Georgia","Wilcox County",3,79,56,25,31
050,13,315,"Georgia","Wilcox County",3,80,38,16,22
050,13,315,"Georgia","Wilcox County",3,81,63,31,32
050,13,315,"Georgia","Wilcox County",3,82,56,31,25
050,13,315,"Georgia","Wilcox County",3,83,35,17,18
050,13,315,"Georgia","Wilcox County",3,84,39,23,16
050,13,315,"Georgia","Wilcox County",3,85,234,78,156
050,13,315,"Georgia","Wilcox County",4,0,77,40,37
050,13,315,"Georgia","Wilcox County",4,1,71,43,28
050,13,315,"Georgia","Wilcox County",4,2,77,39,38
050,13,315,"Georgia","Wilcox County",4,3,82,44,38
050,13,315,"Georgia","Wilcox County",4,4,93,48,45
050,13,315,"Georgia","Wilcox County",4,5,93,48,45
050,13,315,"Georgia","Wilcox County",4,6,102,57,45
050,13,315,"Georgia","Wilcox County",4,7,98,46,52
050,13,315,"Georgia","Wilcox County",4,8,100,51,49
050,13,315,"Georgia","Wilcox County",4,9,85,44,41
050,13,315,"Georgia","Wilcox County",4,10,88,55,33
050,13,315,"Georgia","Wilcox County",4,11,95,61,34
050,13,315,"Georgia","Wilcox County",4,12,97,58,39
050,13,315,"Georgia","Wilcox County",4,13,86,45,41
050,13,315,"Georgia","Wilcox County",4,14,87,43,44
050,13,315,"Georgia","Wilcox County",4,15,106,54,52
050,13,315,"Georgia","Wilcox County",4,16,109,62,47
050,13,315,"Georgia","Wilcox County",4,17,103,61,42
050,13,315,"Georgia","Wilcox County",4,18,69,37,32
050,13,315,"Georgia","Wilcox County",4,19,84,53,31
050,13,315,"Georgia","Wilcox County",4,20,97,67,30
050,13,315,"Georgia","Wilcox County",4,21,100,71,29
050,13,315,"Georgia","Wilcox County",4,22,108,75,33
050,13,315,"Georgia","Wilcox County",4,23,122,84,38
050,13,315,"Georgia","Wilcox County",4,24,128,91,37
050,13,315,"Georgia","Wilcox County",4,25,114,75,39
050,13,315,"Georgia","Wilcox County",4,26,135,86,49
050,13,315,"Georgia","Wilcox County",4,27,106,74,32
050,13,315,"Georgia","Wilcox County",4,28,127,92,35
050,13,315,"Georgia","Wilcox County",4,29,125,87,38
050,13,315,"Georgia","Wilcox County",4,30,131,99,32
050,13,315,"Georgia","Wilcox County",4,31,132,90,42
050,13,315,"Georgia","Wilcox County",4,32,120,86,34
050,13,315,"Georgia","Wilcox County",4,33,113,68,45
050,13,315,"Georgia","Wilcox County",4,34,127,77,50
050,13,315,"Georgia","Wilcox County",4,35,110,68,42
050,13,315,"Georgia","Wilcox County",4,36,130,88,42
050,13,315,"Georgia","Wilcox County",4,37,119,84,35
050,13,315,"Georgia","Wilcox County",4,38,95,63,32
050,13,315,"Georgia","Wilcox County",4,39,130,93,37
050,13,315,"Georgia","Wilcox County",4,40,120,85,35
050,13,315,"Georgia","Wilcox County",4,41,119,81,38
050,13,315,"Georgia","Wilcox County",4,42,126,86,40
050,13,315,"Georgia","Wilcox County",4,43,109,74,35
050,13,315,"Georgia","Wilcox County",4,44,144,99,45
050,13,315,"Georgia","Wilcox County",4,45,114,83,31
050,13,315,"Georgia","Wilcox County",4,46,121,94,27
050,13,315,"Georgia","Wilcox County",4,47,112,75,37
050,13,315,"Georgia","Wilcox County",4,48,121,87,34
050,13,315,"Georgia","Wilcox County",4,49,121,87,34
050,13,315,"Georgia","Wilcox County",4,50,110,74,36
050,13,315,"Georgia","Wilcox County",4,51,116,79,37
050,13,315,"Georgia","Wilcox County",4,52,129,86,43
050,13,315,"Georgia","Wilcox County",4,53,95,58,37
050,13,315,"Georgia","Wilcox County",4,54,97,62,35
050,13,315,"Georgia","Wilcox County",4,55,127,80,47
050,13,315,"Georgia","Wilcox County",4,56,107,62,45
050,13,315,"Georgia","Wilcox County",4,57,99,58,41
050,13,315,"Georgia","Wilcox County",4,58,112,74,38
050,13,315,"Georgia","Wilcox County",4,59,106,60,46
050,13,315,"Georgia","Wilcox County",4,60,98,58,40
050,13,315,"Georgia","Wilcox County",4,61,111,58,53
050,13,315,"Georgia","Wilcox County",4,62,89,50,39
050,13,315,"Georgia","Wilcox County",4,63,101,58,43
050,13,315,"Georgia","Wilcox County",4,64,100,57,43
050,13,315,"Georgia","Wilcox County",4,65,100,51,49
050,13,315,"Georgia","Wilcox County",4,66,101,51,50
050,13,315,"Georgia","Wilcox County",4,67,95,52,43
050,13,315,"Georgia","Wilcox County",4,68,98,54,44
050,13,315,"Georgia","Wilcox County",4,69,69,34,35
050,13,315,"Georgia","Wilcox County",4,70,74,35,39
050,13,315,"Georgia","Wilcox County",4,71,100,46,54
050,13,315,"Georgia","Wilcox County",4,72,92,40,52
050,13,315,"Georgia","Wilcox County",4,73,90,41,49
050,13,315,"Georgia","Wilcox County",4,74,109,41,68
050,13,315,"Georgia","Wilcox County",4,75,93,41,52
050,13,315,"Georgia","Wilcox County",4,76,82,39,43
050,13,315,"Georgia","Wilcox County",4,77,77,35,42
050,13,315,"Georgia","Wilcox County",4,78,52,25,27
050,13,315,"Georgia","Wilcox County",4,79,52,25,27
050,13,315,"Georgia","Wilcox County",4,80,47,17,30
050,13,315,"Georgia","Wilcox County",4,81,52,23,29
050,13,315,"Georgia","Wilcox County",4,82,60,31,29
050,13,315,"Georgia","Wilcox County",4,83,46,21,25
050,13,315,"Georgia","Wilcox County",4,84,35,21,14
050,13,315,"Georgia","Wilcox County",4,85,252,91,161
050,13,315,"Georgia","Wilcox County",5,0,83,45,38
050,13,315,"Georgia","Wilcox County",5,1,83,33,50
050,13,315,"Georgia","Wilcox County",5,2,69,39,30
050,13,315,"Georgia","Wilcox County",5,3,83,41,42
050,13,315,"Georgia","Wilcox County",5,4,80,44,36
050,13,315,"Georgia","Wilcox County",5,5,83,42,41
050,13,315,"Georgia","Wilcox County",5,6,100,52,48
050,13,315,"Georgia","Wilcox County",5,7,100,56,44
050,13,315,"Georgia","Wilcox County",5,8,92,43,49
050,13,315,"Georgia","Wilcox County",5,9,99,51,48
050,13,315,"Georgia","Wilcox County",5,10,78,44,34
050,13,315,"Georgia","Wilcox County",5,11,90,55,35
050,13,315,"Georgia","Wilcox County",5,12,97,58,39
050,13,315,"Georgia","Wilcox County",5,13,100,60,40
050,13,315,"Georgia","Wilcox County",5,14,84,47,37
050,13,315,"Georgia","Wilcox County",5,15,85,45,40
050,13,315,"Georgia","Wilcox County",5,16,107,51,56
050,13,315,"Georgia","Wilcox County",5,17,112,63,49
050,13,315,"Georgia","Wilcox County",5,18,92,52,40
050,13,315,"Georgia","Wilcox County",5,19,71,45,26
050,13,315,"Georgia","Wilcox County",5,20,104,71,33
050,13,315,"Georgia","Wilcox County",5,21,101,72,29
050,13,315,"Georgia","Wilcox County",5,22,98,67,31
050,13,315,"Georgia","Wilcox County",5,23,123,89,34
050,13,315,"Georgia","Wilcox County",5,24,134,94,40
050,13,315,"Georgia","Wilcox County",5,25,122,87,35
050,13,315,"Georgia","Wilcox County",5,26,117,85,32
050,13,315,"Georgia","Wilcox County",5,27,124,79,45
050,13,315,"Georgia","Wilcox County",5,28,130,96,34
050,13,315,"Georgia","Wilcox County",5,29,116,82,34
050,13,315,"Georgia","Wilcox County",5,30,145,107,38
050,13,315,"Georgia","Wilcox County",5,31,119,94,25
050,13,315,"Georgia","Wilcox County",5,32,143,99,44
050,13,315,"Georgia","Wilcox County",5,33,106,69,37
050,13,315,"Georgia","Wilcox County",5,34,115,73,42
050,13,315,"Georgia","Wilcox County",5,35,117,71,46
050,13,315,"Georgia","Wilcox County",5,36,136,88,48
050,13,315,"Georgia","Wilcox County",5,37,118,77,41
050,13,315,"Georgia","Wilcox County",5,38,108,74,34
050,13,315,"Georgia","Wilcox County",5,39,131,98,33
050,13,315,"Georgia","Wilcox County",5,40,121,81,40
050,13,315,"Georgia","Wilcox County",5,41,115,79,36
050,13,315,"Georgia","Wilcox County",5,42,127,88,39
050,13,315,"Georgia","Wilcox County",5,43,120,80,40
050,13,315,"Georgia","Wilcox County",5,44,147,110,37
050,13,315,"Georgia","Wilcox County",5,45,130,82,48
050,13,315,"Georgia","Wilcox County",5,46,121,93,28
050,13,315,"Georgia","Wilcox County",5,47,100,75,25
050,13,315,"Georgia","Wilcox County",5,48,120,85,35
050,13,315,"Georgia","Wilcox County",5,49,112,85,27
050,13,315,"Georgia","Wilcox County",5,50,111,78,33
050,13,315,"Georgia","Wilcox County",5,51,110,78,32
050,13,315,"Georgia","Wilcox County",5,52,132,95,37
050,13,315,"Georgia","Wilcox County",5,53,109,63,46
050,13,315,"Georgia","Wilcox County",5,54,99,61,38
050,13,315,"Georgia","Wilcox County",5,55,102,68,34
050,13,315,"Georgia","Wilcox County",5,56,123,72,51
050,13,315,"Georgia","Wilcox County",5,57,104,61,43
050,13,315,"Georgia","Wilcox County",5,58,98,59,39
050,13,315,"Georgia","Wilcox County",5,59,103,65,38
050,13,315,"Georgia","Wilcox County",5,60,99,58,41
050,13,315,"Georgia","Wilcox County",5,61,106,58,48
050,13,315,"Georgia","Wilcox County",5,62,97,58,39
050,13,315,"Georgia","Wilcox County",5,63,102,59,43
050,13,315,"Georgia","Wilcox County",5,64,101,57,44
050,13,315,"Georgia","Wilcox County",5,65,80,44,36
050,13,315,"Georgia","Wilcox County",5,66,99,48,51
050,13,315,"Georgia","Wilcox County",5,67,101,54,47
050,13,315,"Georgia","Wilcox County",5,68,99,49,50
050,13,315,"Georgia","Wilcox County",5,69,82,47,35
050,13,315,"Georgia","Wilcox County",5,70,59,28,31
050,13,315,"Georgia","Wilcox County",5,71,77,42,35
050,13,315,"Georgia","Wilcox County",5,72,85,32,53
050,13,315,"Georgia","Wilcox County",5,73,91,41,50
050,13,315,"Georgia","Wilcox County",5,74,104,41,63
050,13,315,"Georgia","Wilcox County",5,75,89,37,52
050,13,315,"Georgia","Wilcox County",5,76,105,45,60
050,13,315,"Georgia","Wilcox County",5,77,75,32,43
050,13,315,"Georgia","Wilcox County",5,78,68,35,33
050,13,315,"Georgia","Wilcox County",5,79,45,20,25
050,13,315,"Georgia","Wilcox County",5,80,45,18,27
050,13,315,"Georgia","Wilcox County",5,81,61,24,37
050,13,315,"Georgia","Wilcox County",5,82,48,22,26
050,13,315,"Georgia","Wilcox County",5,83,50,23,27
050,13,315,"Georgia","Wilcox County",5,84,47,26,21
050,13,315,"Georgia","Wilcox County",5,85,265,100,165
050,13,317,"Georgia","Wilkes County",1,0,95,47,48
050,13,317,"Georgia","Wilkes County",1,1,98,43,55
050,13,317,"Georgia","Wilkes County",1,2,97,44,53
050,13,317,"Georgia","Wilkes County",1,3,102,51,51
050,13,317,"Georgia","Wilkes County",1,4,98,56,42
050,13,317,"Georgia","Wilkes County",1,5,101,48,53
050,13,317,"Georgia","Wilkes County",1,6,96,46,50
050,13,317,"Georgia","Wilkes County",1,7,102,56,46
050,13,317,"Georgia","Wilkes County",1,8,122,64,58
050,13,317,"Georgia","Wilkes County",1,9,111,59,52
050,13,317,"Georgia","Wilkes County",1,10,122,63,59
050,13,317,"Georgia","Wilkes County",1,11,118,62,56
050,13,317,"Georgia","Wilkes County",1,12,132,63,69
050,13,317,"Georgia","Wilkes County",1,13,135,73,62
050,13,317,"Georgia","Wilkes County",1,14,123,63,60
050,13,317,"Georgia","Wilkes County",1,15,121,62,59
050,13,317,"Georgia","Wilkes County",1,16,121,63,58
050,13,317,"Georgia","Wilkes County",1,17,115,57,58
050,13,317,"Georgia","Wilkes County",1,18,107,54,53
050,13,317,"Georgia","Wilkes County",1,19,95,45,50
050,13,317,"Georgia","Wilkes County",1,20,99,46,53
050,13,317,"Georgia","Wilkes County",1,21,97,43,54
050,13,317,"Georgia","Wilkes County",1,22,93,45,48
050,13,317,"Georgia","Wilkes County",1,23,112,59,53
050,13,317,"Georgia","Wilkes County",1,24,95,50,45
050,13,317,"Georgia","Wilkes County",1,25,93,50,43
050,13,317,"Georgia","Wilkes County",1,26,100,53,47
050,13,317,"Georgia","Wilkes County",1,27,101,58,43
050,13,317,"Georgia","Wilkes County",1,28,92,35,57
050,13,317,"Georgia","Wilkes County",1,29,109,58,51
050,13,317,"Georgia","Wilkes County",1,30,100,54,46
050,13,317,"Georgia","Wilkes County",1,31,106,61,45
050,13,317,"Georgia","Wilkes County",1,32,96,56,40
050,13,317,"Georgia","Wilkes County",1,33,93,50,43
050,13,317,"Georgia","Wilkes County",1,34,97,49,48
050,13,317,"Georgia","Wilkes County",1,35,103,47,56
050,13,317,"Georgia","Wilkes County",1,36,98,49,49
050,13,317,"Georgia","Wilkes County",1,37,92,48,44
050,13,317,"Georgia","Wilkes County",1,38,93,40,53
050,13,317,"Georgia","Wilkes County",1,39,115,51,64
050,13,317,"Georgia","Wilkes County",1,40,101,47,54
050,13,317,"Georgia","Wilkes County",1,41,91,41,50
050,13,317,"Georgia","Wilkes County",1,42,93,38,55
050,13,317,"Georgia","Wilkes County",1,43,97,49,48
050,13,317,"Georgia","Wilkes County",1,44,89,43,46
050,13,317,"Georgia","Wilkes County",1,45,86,37,49
050,13,317,"Georgia","Wilkes County",1,46,112,48,64
050,13,317,"Georgia","Wilkes County",1,47,123,59,64
050,13,317,"Georgia","Wilkes County",1,48,109,59,50
050,13,317,"Georgia","Wilkes County",1,49,119,61,58
050,13,317,"Georgia","Wilkes County",1,50,128,66,62
050,13,317,"Georgia","Wilkes County",1,51,115,52,63
050,13,317,"Georgia","Wilkes County",1,52,130,68,62
050,13,317,"Georgia","Wilkes County",1,53,140,83,57
050,13,317,"Georgia","Wilkes County",1,54,117,61,56
050,13,317,"Georgia","Wilkes County",1,55,142,66,76
050,13,317,"Georgia","Wilkes County",1,56,153,71,82
050,13,317,"Georgia","Wilkes County",1,57,155,67,88
050,13,317,"Georgia","Wilkes County",1,58,139,62,77
050,13,317,"Georgia","Wilkes County",1,59,142,68,74
050,13,317,"Georgia","Wilkes County",1,60,144,65,79
050,13,317,"Georgia","Wilkes County",1,61,159,79,80
050,13,317,"Georgia","Wilkes County",1,62,138,72,66
050,13,317,"Georgia","Wilkes County",1,63,154,69,85
050,13,317,"Georgia","Wilkes County",1,64,159,74,85
050,13,317,"Georgia","Wilkes County",1,65,153,75,78
050,13,317,"Georgia","Wilkes County",1,66,141,64,77
050,13,317,"Georgia","Wilkes County",1,67,116,51,65
050,13,317,"Georgia","Wilkes County",1,68,124,54,70
050,13,317,"Georgia","Wilkes County",1,69,109,43,66
050,13,317,"Georgia","Wilkes County",1,70,113,47,66
050,13,317,"Georgia","Wilkes County",1,71,122,54,68
050,13,317,"Georgia","Wilkes County",1,72,112,50,62
050,13,317,"Georgia","Wilkes County",1,73,128,59,69
050,13,317,"Georgia","Wilkes County",1,74,104,48,56
050,13,317,"Georgia","Wilkes County",1,75,98,48,50
050,13,317,"Georgia","Wilkes County",1,76,106,54,52
050,13,317,"Georgia","Wilkes County",1,77,113,57,56
050,13,317,"Georgia","Wilkes County",1,78,71,38,33
050,13,317,"Georgia","Wilkes County",1,79,68,33,35
050,13,317,"Georgia","Wilkes County",1,80,70,29,41
050,13,317,"Georgia","Wilkes County",1,81,65,28,37
050,13,317,"Georgia","Wilkes County",1,82,53,23,30
050,13,317,"Georgia","Wilkes County",1,83,56,18,38
050,13,317,"Georgia","Wilkes County",1,84,41,14,27
050,13,317,"Georgia","Wilkes County",1,85,269,91,178
050,13,317,"Georgia","Wilkes County",2,0,94,46,48
050,13,317,"Georgia","Wilkes County",2,1,95,43,52
050,13,317,"Georgia","Wilkes County",2,2,98,44,54
050,13,317,"Georgia","Wilkes County",2,3,100,49,51
050,13,317,"Georgia","Wilkes County",2,4,100,55,45
050,13,317,"Georgia","Wilkes County",2,5,100,49,51
050,13,317,"Georgia","Wilkes County",2,6,97,47,50
050,13,317,"Georgia","Wilkes County",2,7,101,54,47
050,13,317,"Georgia","Wilkes County",2,8,115,61,54
050,13,317,"Georgia","Wilkes County",2,9,114,61,53
050,13,317,"Georgia","Wilkes County",2,10,118,61,57
050,13,317,"Georgia","Wilkes County",2,11,118,61,57
050,13,317,"Georgia","Wilkes County",2,12,129,62,67
050,13,317,"Georgia","Wilkes County",2,13,134,71,63
050,13,317,"Georgia","Wilkes County",2,14,125,66,59
050,13,317,"Georgia","Wilkes County",2,15,124,63,61
050,13,317,"Georgia","Wilkes County",2,16,121,62,59
050,13,317,"Georgia","Wilkes County",2,17,116,58,58
050,13,317,"Georgia","Wilkes County",2,18,103,53,50
050,13,317,"Georgia","Wilkes County",2,19,91,42,49
050,13,317,"Georgia","Wilkes County",2,20,99,45,54
050,13,317,"Georgia","Wilkes County",2,21,98,43,55
050,13,317,"Georgia","Wilkes County",2,22,96,45,51
050,13,317,"Georgia","Wilkes County",2,23,107,56,51
050,13,317,"Georgia","Wilkes County",2,24,99,53,46
050,13,317,"Georgia","Wilkes County",2,25,94,50,44
050,13,317,"Georgia","Wilkes County",2,26,98,53,45
050,13,317,"Georgia","Wilkes County",2,27,102,56,46
050,13,317,"Georgia","Wilkes County",2,28,91,39,52
050,13,317,"Georgia","Wilkes County",2,29,102,52,50
050,13,317,"Georgia","Wilkes County",2,30,103,56,47
050,13,317,"Georgia","Wilkes County",2,31,105,60,45
050,13,317,"Georgia","Wilkes County",2,32,99,58,41
050,13,317,"Georgia","Wilkes County",2,33,96,53,43
050,13,317,"Georgia","Wilkes County",2,34,98,51,47
050,13,317,"Georgia","Wilkes County",2,35,102,47,55
050,13,317,"Georgia","Wilkes County",2,36,98,49,49
050,13,317,"Georgia","Wilkes County",2,37,93,49,44
050,13,317,"Georgia","Wilkes County",2,38,93,42,51
050,13,317,"Georgia","Wilkes County",2,39,111,49,62
050,13,317,"Georgia","Wilkes County",2,40,106,49,57
050,13,317,"Georgia","Wilkes County",2,41,92,42,50
050,13,317,"Georgia","Wilkes County",2,42,91,38,53
050,13,317,"Georgia","Wilkes County",2,43,99,47,52
050,13,317,"Georgia","Wilkes County",2,44,92,45,47
050,13,317,"Georgia","Wilkes County",2,45,90,40,50
050,13,317,"Georgia","Wilkes County",2,46,107,46,61
050,13,317,"Georgia","Wilkes County",2,47,118,56,62
050,13,317,"Georgia","Wilkes County",2,48,114,59,55
050,13,317,"Georgia","Wilkes County",2,49,119,62,57
050,13,317,"Georgia","Wilkes County",2,50,126,65,61
050,13,317,"Georgia","Wilkes County",2,51,119,56,63
050,13,317,"Georgia","Wilkes County",2,52,126,64,62
050,13,317,"Georgia","Wilkes County",2,53,135,78,57
050,13,317,"Georgia","Wilkes County",2,54,121,66,55
050,13,317,"Georgia","Wilkes County",2,55,135,64,71
050,13,317,"Georgia","Wilkes County",2,56,152,72,80
050,13,317,"Georgia","Wilkes County",2,57,153,67,86
050,13,317,"Georgia","Wilkes County",2,58,143,64,79
050,13,317,"Georgia","Wilkes County",2,59,142,66,76
050,13,317,"Georgia","Wilkes County",2,60,145,67,78
050,13,317,"Georgia","Wilkes County",2,61,152,74,78
050,13,317,"Georgia","Wilkes County",2,62,143,74,69
050,13,317,"Georgia","Wilkes County",2,63,150,70,80
050,13,317,"Georgia","Wilkes County",2,64,156,71,85
050,13,317,"Georgia","Wilkes County",2,65,154,75,79
050,13,317,"Georgia","Wilkes County",2,66,144,67,77
050,13,317,"Georgia","Wilkes County",2,67,124,55,69
050,13,317,"Georgia","Wilkes County",2,68,122,53,69
050,13,317,"Georgia","Wilkes County",2,69,114,46,68
050,13,317,"Georgia","Wilkes County",2,70,110,45,65
050,13,317,"Georgia","Wilkes County",2,71,121,53,68
050,13,317,"Georgia","Wilkes County",2,72,111,49,62
050,13,317,"Georgia","Wilkes County",2,73,130,60,70
050,13,317,"Georgia","Wilkes County",2,74,103,47,56
050,13,317,"Georgia","Wilkes County",2,75,99,48,51
050,13,317,"Georgia","Wilkes County",2,76,105,53,52
050,13,317,"Georgia","Wilkes County",2,77,113,57,56
050,13,317,"Georgia","Wilkes County",2,78,80,42,38
050,13,317,"Georgia","Wilkes County",2,79,68,35,33
050,13,317,"Georgia","Wilkes County",2,80,70,30,40
050,13,317,"Georgia","Wilkes County",2,81,62,25,37
050,13,317,"Georgia","Wilkes County",2,82,55,24,31
050,13,317,"Georgia","Wilkes County",2,83,55,18,37
050,13,317,"Georgia","Wilkes County",2,84,44,14,30
050,13,317,"Georgia","Wilkes County",2,85,265,89,176
050,13,317,"Georgia","Wilkes County",3,0,94,46,48
050,13,317,"Georgia","Wilkes County",3,1,110,61,49
050,13,317,"Georgia","Wilkes County",3,2,100,44,56
050,13,317,"Georgia","Wilkes County",3,3,95,46,49
050,13,317,"Georgia","Wilkes County",3,4,96,49,47
050,13,317,"Georgia","Wilkes County",3,5,98,55,43
050,13,317,"Georgia","Wilkes County",3,6,97,46,51
050,13,317,"Georgia","Wilkes County",3,7,93,45,48
050,13,317,"Georgia","Wilkes County",3,8,95,52,43
050,13,317,"Georgia","Wilkes County",3,9,111,55,56
050,13,317,"Georgia","Wilkes County",3,10,115,63,52
050,13,317,"Georgia","Wilkes County",3,11,126,63,63
050,13,317,"Georgia","Wilkes County",3,12,122,65,57
050,13,317,"Georgia","Wilkes County",3,13,121,58,63
050,13,317,"Georgia","Wilkes County",3,14,137,72,65
050,13,317,"Georgia","Wilkes County",3,15,128,67,61
050,13,317,"Georgia","Wilkes County",3,16,126,62,64
050,13,317,"Georgia","Wilkes County",3,17,122,63,59
050,13,317,"Georgia","Wilkes County",3,18,99,48,51
050,13,317,"Georgia","Wilkes County",3,19,89,44,45
050,13,317,"Georgia","Wilkes County",3,20,93,39,54
050,13,317,"Georgia","Wilkes County",3,21,106,47,59
050,13,317,"Georgia","Wilkes County",3,22,101,48,53
050,13,317,"Georgia","Wilkes County",3,23,103,52,51
050,13,317,"Georgia","Wilkes County",3,24,106,58,48
050,13,317,"Georgia","Wilkes County",3,25,94,50,44
050,13,317,"Georgia","Wilkes County",3,26,93,50,43
050,13,317,"Georgia","Wilkes County",3,27,96,48,48
050,13,317,"Georgia","Wilkes County",3,28,94,52,42
050,13,317,"Georgia","Wilkes County",3,29,95,44,51
050,13,317,"Georgia","Wilkes County",3,30,101,53,48
050,13,317,"Georgia","Wilkes County",3,31,99,48,51
050,13,317,"Georgia","Wilkes County",3,32,102,56,46
050,13,317,"Georgia","Wilkes County",3,33,106,66,40
050,13,317,"Georgia","Wilkes County",3,34,98,58,40
050,13,317,"Georgia","Wilkes County",3,35,101,51,50
050,13,317,"Georgia","Wilkes County",3,36,96,41,55
050,13,317,"Georgia","Wilkes County",3,37,101,51,50
050,13,317,"Georgia","Wilkes County",3,38,90,47,43
050,13,317,"Georgia","Wilkes County",3,39,94,45,49
050,13,317,"Georgia","Wilkes County",3,40,115,47,68
050,13,317,"Georgia","Wilkes County",3,41,105,46,59
050,13,317,"Georgia","Wilkes County",3,42,92,42,50
050,13,317,"Georgia","Wilkes County",3,43,92,39,53
050,13,317,"Georgia","Wilkes County",3,44,100,47,53
050,13,317,"Georgia","Wilkes County",3,45,98,50,48
050,13,317,"Georgia","Wilkes County",3,46,93,41,52
050,13,317,"Georgia","Wilkes County",3,47,108,50,58
050,13,317,"Georgia","Wilkes County",3,48,114,56,58
050,13,317,"Georgia","Wilkes County",3,49,113,57,56
050,13,317,"Georgia","Wilkes County",3,50,113,60,53
050,13,317,"Georgia","Wilkes County",3,51,125,64,61
050,13,317,"Georgia","Wilkes County",3,52,119,56,63
050,13,317,"Georgia","Wilkes County",3,53,127,65,62
050,13,317,"Georgia","Wilkes County",3,54,129,74,55
050,13,317,"Georgia","Wilkes County",3,55,124,67,57
050,13,317,"Georgia","Wilkes County",3,56,137,63,74
050,13,317,"Georgia","Wilkes County",3,57,160,78,82
050,13,317,"Georgia","Wilkes County",3,58,160,71,89
050,13,317,"Georgia","Wilkes County",3,59,144,64,80
050,13,317,"Georgia","Wilkes County",3,60,140,64,76
050,13,317,"Georgia","Wilkes County",3,61,146,69,77
050,13,317,"Georgia","Wilkes County",3,62,151,74,77
050,13,317,"Georgia","Wilkes County",3,63,142,72,70
050,13,317,"Georgia","Wilkes County",3,64,149,67,82
050,13,317,"Georgia","Wilkes County",3,65,155,66,89
050,13,317,"Georgia","Wilkes County",3,66,158,79,79
050,13,317,"Georgia","Wilkes County",3,67,139,62,77
050,13,317,"Georgia","Wilkes County",3,68,110,47,63
050,13,317,"Georgia","Wilkes County",3,69,114,47,67
050,13,317,"Georgia","Wilkes County",3,70,110,41,69
050,13,317,"Georgia","Wilkes County",3,71,113,49,64
050,13,317,"Georgia","Wilkes County",3,72,113,48,65
050,13,317,"Georgia","Wilkes County",3,73,104,46,58
050,13,317,"Georgia","Wilkes County",3,74,127,60,67
050,13,317,"Georgia","Wilkes County",3,75,96,42,54
050,13,317,"Georgia","Wilkes County",3,76,97,47,50
050,13,317,"Georgia","Wilkes County",3,77,95,45,50
050,13,317,"Georgia","Wilkes County",3,78,99,46,53
050,13,317,"Georgia","Wilkes County",3,79,77,42,35
050,13,317,"Georgia","Wilkes County",3,80,66,35,31
050,13,317,"Georgia","Wilkes County",3,81,64,29,35
050,13,317,"Georgia","Wilkes County",3,82,51,23,28
050,13,317,"Georgia","Wilkes County",3,83,52,22,30
050,13,317,"Georgia","Wilkes County",3,84,52,16,36
050,13,317,"Georgia","Wilkes County",3,85,258,82,176
050,13,317,"Georgia","Wilkes County",4,0,94,46,48
050,13,317,"Georgia","Wilkes County",4,1,116,62,54
050,13,317,"Georgia","Wilkes County",4,2,106,57,49
050,13,317,"Georgia","Wilkes County",4,3,109,50,59
050,13,317,"Georgia","Wilkes County",4,4,95,43,52
050,13,317,"Georgia","Wilkes County",4,5,98,49,49
050,13,317,"Georgia","Wilkes County",4,6,105,60,45
050,13,317,"Georgia","Wilkes County",4,7,101,48,53
050,13,317,"Georgia","Wilkes County",4,8,96,48,48
050,13,317,"Georgia","Wilkes County",4,9,102,55,47
050,13,317,"Georgia","Wilkes County",4,10,111,57,54
050,13,317,"Georgia","Wilkes County",4,11,118,67,51
050,13,317,"Georgia","Wilkes County",4,12,124,63,61
050,13,317,"Georgia","Wilkes County",4,13,117,62,55
050,13,317,"Georgia","Wilkes County",4,14,128,62,66
050,13,317,"Georgia","Wilkes County",4,15,132,68,64
050,13,317,"Georgia","Wilkes County",4,16,125,67,58
050,13,317,"Georgia","Wilkes County",4,17,122,56,66
050,13,317,"Georgia","Wilkes County",4,18,96,48,48
050,13,317,"Georgia","Wilkes County",4,19,79,35,44
050,13,317,"Georgia","Wilkes County",4,20,98,47,51
050,13,317,"Georgia","Wilkes County",4,21,100,45,55
050,13,317,"Georgia","Wilkes County",4,22,102,43,59
050,13,317,"Georgia","Wilkes County",4,23,105,54,51
050,13,317,"Georgia","Wilkes County",4,24,106,53,53
050,13,317,"Georgia","Wilkes County",4,25,107,58,49
050,13,317,"Georgia","Wilkes County",4,26,93,47,46
050,13,317,"Georgia","Wilkes County",4,27,102,53,49
050,13,317,"Georgia","Wilkes County",4,28,99,47,52
050,13,317,"Georgia","Wilkes County",4,29,94,53,41
050,13,317,"Georgia","Wilkes County",4,30,97,45,52
050,13,317,"Georgia","Wilkes County",4,31,103,55,48
050,13,317,"Georgia","Wilkes County",4,32,105,50,55
050,13,317,"Georgia","Wilkes County",4,33,109,61,48
050,13,317,"Georgia","Wilkes County",4,34,104,67,37
050,13,317,"Georgia","Wilkes County",4,35,105,58,47
050,13,317,"Georgia","Wilkes County",4,36,97,50,47
050,13,317,"Georgia","Wilkes County",4,37,102,43,59
050,13,317,"Georgia","Wilkes County",4,38,94,45,49
050,13,317,"Georgia","Wilkes County",4,39,88,48,40
050,13,317,"Georgia","Wilkes County",4,40,97,49,48
050,13,317,"Georgia","Wilkes County",4,41,115,52,63
050,13,317,"Georgia","Wilkes County",4,42,106,49,57
050,13,317,"Georgia","Wilkes County",4,43,97,43,54
050,13,317,"Georgia","Wilkes County",4,44,96,44,52
050,13,317,"Georgia","Wilkes County",4,45,108,45,63
050,13,317,"Georgia","Wilkes County",4,46,96,49,47
050,13,317,"Georgia","Wilkes County",4,47,98,47,51
050,13,317,"Georgia","Wilkes County",4,48,107,49,58
050,13,317,"Georgia","Wilkes County",4,49,119,56,63
050,13,317,"Georgia","Wilkes County",4,50,118,58,60
050,13,317,"Georgia","Wilkes County",4,51,121,67,54
050,13,317,"Georgia","Wilkes County",4,52,133,70,63
050,13,317,"Georgia","Wilkes County",4,53,123,58,65
050,13,317,"Georgia","Wilkes County",4,54,138,72,66
050,13,317,"Georgia","Wilkes County",4,55,126,74,52
050,13,317,"Georgia","Wilkes County",4,56,122,68,54
050,13,317,"Georgia","Wilkes County",4,57,138,67,71
050,13,317,"Georgia","Wilkes County",4,58,156,81,75
050,13,317,"Georgia","Wilkes County",4,59,165,71,94
050,13,317,"Georgia","Wilkes County",4,60,151,69,82
050,13,317,"Georgia","Wilkes County",4,61,134,63,71
050,13,317,"Georgia","Wilkes County",4,62,145,67,78
050,13,317,"Georgia","Wilkes County",4,63,150,77,73
050,13,317,"Georgia","Wilkes County",4,64,149,71,78
050,13,317,"Georgia","Wilkes County",4,65,148,65,83
050,13,317,"Georgia","Wilkes County",4,66,156,71,85
050,13,317,"Georgia","Wilkes County",4,67,157,76,81
050,13,317,"Georgia","Wilkes County",4,68,129,56,73
050,13,317,"Georgia","Wilkes County",4,69,108,44,64
050,13,317,"Georgia","Wilkes County",4,70,113,45,68
050,13,317,"Georgia","Wilkes County",4,71,109,42,67
050,13,317,"Georgia","Wilkes County",4,72,107,44,63
050,13,317,"Georgia","Wilkes County",4,73,110,47,63
050,13,317,"Georgia","Wilkes County",4,74,102,45,57
050,13,317,"Georgia","Wilkes County",4,75,114,53,61
050,13,317,"Georgia","Wilkes County",4,76,95,41,54
050,13,317,"Georgia","Wilkes County",4,77,91,42,49
050,13,317,"Georgia","Wilkes County",4,78,85,39,46
050,13,317,"Georgia","Wilkes County",4,79,96,46,50
050,13,317,"Georgia","Wilkes County",4,80,73,35,38
050,13,317,"Georgia","Wilkes County",4,81,65,38,27
050,13,317,"Georgia","Wilkes County",4,82,60,31,29
050,13,317,"Georgia","Wilkes County",4,83,49,22,27
050,13,317,"Georgia","Wilkes County",4,84,50,20,30
050,13,317,"Georgia","Wilkes County",4,85,256,79,177
050,13,317,"Georgia","Wilkes County",5,0,94,46,48
050,13,317,"Georgia","Wilkes County",5,1,71,40,31
050,13,317,"Georgia","Wilkes County",5,2,116,56,60
050,13,317,"Georgia","Wilkes County",5,3,109,55,54
050,13,317,"Georgia","Wilkes County",5,4,110,46,64
050,13,317,"Georgia","Wilkes County",5,5,98,47,51
050,13,317,"Georgia","Wilkes County",5,6,95,50,45
050,13,317,"Georgia","Wilkes County",5,7,102,56,46
050,13,317,"Georgia","Wilkes County",5,8,111,52,59
050,13,317,"Georgia","Wilkes County",5,9,91,46,45
050,13,317,"Georgia","Wilkes County",5,10,101,53,48
050,13,317,"Georgia","Wilkes County",5,11,113,57,56
050,13,317,"Georgia","Wilkes County",5,12,119,68,51
050,13,317,"Georgia","Wilkes County",5,13,126,65,61
050,13,317,"Georgia","Wilkes County",5,14,123,65,58
050,13,317,"Georgia","Wilkes County",5,15,129,64,65
050,13,317,"Georgia","Wilkes County",5,16,135,72,63
050,13,317,"Georgia","Wilkes County",5,17,118,66,52
050,13,317,"Georgia","Wilkes County",5,18,101,45,56
050,13,317,"Georgia","Wilkes County",5,19,81,38,43
050,13,317,"Georgia","Wilkes County",5,20,86,41,45
050,13,317,"Georgia","Wilkes County",5,21,89,47,42
050,13,317,"Georgia","Wilkes County",5,22,106,45,61
050,13,317,"Georgia","Wilkes County",5,23,108,48,60
050,13,317,"Georgia","Wilkes County",5,24,106,50,56
050,13,317,"Georgia","Wilkes County",5,25,103,50,53
050,13,317,"Georgia","Wilkes County",5,26,120,67,53
050,13,317,"Georgia","Wilkes County",5,27,92,47,45
050,13,317,"Georgia","Wilkes County",5,28,95,45,50
050,13,317,"Georgia","Wilkes County",5,29,92,45,47
050,13,317,"Georgia","Wilkes County",5,30,105,55,50
050,13,317,"Georgia","Wilkes County",5,31,99,44,55
050,13,317,"Georgia","Wilkes County",5,32,115,60,55
050,13,317,"Georgia","Wilkes County",5,33,107,54,53
050,13,317,"Georgia","Wilkes County",5,34,109,63,46
050,13,317,"Georgia","Wilkes County",5,35,103,66,37
050,13,317,"Georgia","Wilkes County",5,36,113,64,49
050,13,317,"Georgia","Wilkes County",5,37,96,50,46
050,13,317,"Georgia","Wilkes County",5,38,100,37,63
050,13,317,"Georgia","Wilkes County",5,39,94,48,46
050,13,317,"Georgia","Wilkes County",5,40,87,47,40
050,13,317,"Georgia","Wilkes County",5,41,92,44,48
050,13,317,"Georgia","Wilkes County",5,42,117,50,67
050,13,317,"Georgia","Wilkes County",5,43,108,53,55
050,13,317,"Georgia","Wilkes County",5,44,96,42,54
050,13,317,"Georgia","Wilkes County",5,45,91,40,51
050,13,317,"Georgia","Wilkes County",5,46,104,46,58
050,13,317,"Georgia","Wilkes County",5,47,96,46,50
050,13,317,"Georgia","Wilkes County",5,48,98,47,51
050,13,317,"Georgia","Wilkes County",5,49,105,48,57
050,13,317,"Georgia","Wilkes County",5,50,121,62,59
050,13,317,"Georgia","Wilkes County",5,51,118,58,60
050,13,317,"Georgia","Wilkes County",5,52,119,66,53
050,13,317,"Georgia","Wilkes County",5,53,129,66,63
050,13,317,"Georgia","Wilkes County",5,54,121,56,65
050,13,317,"Georgia","Wilkes County",5,55,134,65,69
050,13,317,"Georgia","Wilkes County",5,56,124,72,52
050,13,317,"Georgia","Wilkes County",5,57,130,73,57
050,13,317,"Georgia","Wilkes County",5,58,137,68,69
050,13,317,"Georgia","Wilkes County",5,59,156,79,77
050,13,317,"Georgia","Wilkes County",5,60,167,71,96
050,13,317,"Georgia","Wilkes County",5,61,149,69,80
050,13,317,"Georgia","Wilkes County",5,62,132,62,70
050,13,317,"Georgia","Wilkes County",5,63,144,66,78
050,13,317,"Georgia","Wilkes County",5,64,148,74,74
050,13,317,"Georgia","Wilkes County",5,65,146,64,82
050,13,317,"Georgia","Wilkes County",5,66,148,65,83
050,13,317,"Georgia","Wilkes County",5,67,160,75,85
050,13,317,"Georgia","Wilkes County",5,68,152,74,78
050,13,317,"Georgia","Wilkes County",5,69,128,57,71
050,13,317,"Georgia","Wilkes County",5,70,103,41,62
050,13,317,"Georgia","Wilkes County",5,71,111,48,63
050,13,317,"Georgia","Wilkes County",5,72,103,38,65
050,13,317,"Georgia","Wilkes County",5,73,108,46,62
050,13,317,"Georgia","Wilkes County",5,74,111,47,64
050,13,317,"Georgia","Wilkes County",5,75,88,37,51
050,13,317,"Georgia","Wilkes County",5,76,111,51,60
050,13,317,"Georgia","Wilkes County",5,77,88,36,52
050,13,317,"Georgia","Wilkes County",5,78,82,37,45
050,13,317,"Georgia","Wilkes County",5,79,81,36,45
050,13,317,"Georgia","Wilkes County",5,80,95,42,53
050,13,317,"Georgia","Wilkes County",5,81,70,35,35
050,13,317,"Georgia","Wilkes County",5,82,58,38,20
050,13,317,"Georgia","Wilkes County",5,83,57,30,27
050,13,317,"Georgia","Wilkes County",5,84,46,19,27
050,13,317,"Georgia","Wilkes County",5,85,268,88,180
050,13,319,"Georgia","Wilkinson County",1,0,94,48,46
050,13,319,"Georgia","Wilkinson County",1,1,102,45,57
050,13,319,"Georgia","Wilkinson County",1,2,98,45,53
050,13,319,"Georgia","Wilkinson County",1,3,110,56,54
050,13,319,"Georgia","Wilkinson County",1,4,91,46,45
050,13,319,"Georgia","Wilkinson County",1,5,100,49,51
050,13,319,"Georgia","Wilkinson County",1,6,91,57,34
050,13,319,"Georgia","Wilkinson County",1,7,89,51,38
050,13,319,"Georgia","Wilkinson County",1,8,97,51,46
050,13,319,"Georgia","Wilkinson County",1,9,119,49,70
050,13,319,"Georgia","Wilkinson County",1,10,124,61,63
050,13,319,"Georgia","Wilkinson County",1,11,136,70,66
050,13,319,"Georgia","Wilkinson County",1,12,126,70,56
050,13,319,"Georgia","Wilkinson County",1,13,140,80,60
050,13,319,"Georgia","Wilkinson County",1,14,126,65,61
050,13,319,"Georgia","Wilkinson County",1,15,121,61,60
050,13,319,"Georgia","Wilkinson County",1,16,123,59,64
050,13,319,"Georgia","Wilkinson County",1,17,123,62,61
050,13,319,"Georgia","Wilkinson County",1,18,112,57,55
050,13,319,"Georgia","Wilkinson County",1,19,91,46,45
050,13,319,"Georgia","Wilkinson County",1,20,97,44,53
050,13,319,"Georgia","Wilkinson County",1,21,89,47,42
050,13,319,"Georgia","Wilkinson County",1,22,90,43,47
050,13,319,"Georgia","Wilkinson County",1,23,93,47,46
050,13,319,"Georgia","Wilkinson County",1,24,109,54,55
050,13,319,"Georgia","Wilkinson County",1,25,105,54,51
050,13,319,"Georgia","Wilkinson County",1,26,97,47,50
050,13,319,"Georgia","Wilkinson County",1,27,88,43,45
050,13,319,"Georgia","Wilkinson County",1,28,96,50,46
050,13,319,"Georgia","Wilkinson County",1,29,90,42,48
050,13,319,"Georgia","Wilkinson County",1,30,94,45,49
050,13,319,"Georgia","Wilkinson County",1,31,89,49,40
050,13,319,"Georgia","Wilkinson County",1,32,94,39,55
050,13,319,"Georgia","Wilkinson County",1,33,95,44,51
050,13,319,"Georgia","Wilkinson County",1,34,96,51,45
050,13,319,"Georgia","Wilkinson County",1,35,102,50,52
050,13,319,"Georgia","Wilkinson County",1,36,116,60,56
050,13,319,"Georgia","Wilkinson County",1,37,116,59,57
050,13,319,"Georgia","Wilkinson County",1,38,100,51,49
050,13,319,"Georgia","Wilkinson County",1,39,111,56,55
050,13,319,"Georgia","Wilkinson County",1,40,112,59,53
050,13,319,"Georgia","Wilkinson County",1,41,109,57,52
050,13,319,"Georgia","Wilkinson County",1,42,88,48,40
050,13,319,"Georgia","Wilkinson County",1,43,88,45,43
050,13,319,"Georgia","Wilkinson County",1,44,77,40,37
050,13,319,"Georgia","Wilkinson County",1,45,83,45,38
050,13,319,"Georgia","Wilkinson County",1,46,101,49,52
050,13,319,"Georgia","Wilkinson County",1,47,95,45,50
050,13,319,"Georgia","Wilkinson County",1,48,95,40,55
050,13,319,"Georgia","Wilkinson County",1,49,115,48,67
050,13,319,"Georgia","Wilkinson County",1,50,114,45,69
050,13,319,"Georgia","Wilkinson County",1,51,102,48,54
050,13,319,"Georgia","Wilkinson County",1,52,105,51,54
050,13,319,"Georgia","Wilkinson County",1,53,118,61,57
050,13,319,"Georgia","Wilkinson County",1,54,118,62,56
050,13,319,"Georgia","Wilkinson County",1,55,143,71,72
050,13,319,"Georgia","Wilkinson County",1,56,160,77,83
050,13,319,"Georgia","Wilkinson County",1,57,154,75,79
050,13,319,"Georgia","Wilkinson County",1,58,146,69,77
050,13,319,"Georgia","Wilkinson County",1,59,128,64,64
050,13,319,"Georgia","Wilkinson County",1,60,126,64,62
050,13,319,"Georgia","Wilkinson County",1,61,135,76,59
050,13,319,"Georgia","Wilkinson County",1,62,139,72,67
050,13,319,"Georgia","Wilkinson County",1,63,149,78,71
050,13,319,"Georgia","Wilkinson County",1,64,136,64,72
050,13,319,"Georgia","Wilkinson County",1,65,133,60,73
050,13,319,"Georgia","Wilkinson County",1,66,125,52,73
050,13,319,"Georgia","Wilkinson County",1,67,107,49,58
050,13,319,"Georgia","Wilkinson County",1,68,121,63,58
050,13,319,"Georgia","Wilkinson County",1,69,103,44,59
050,13,319,"Georgia","Wilkinson County",1,70,92,36,56
050,13,319,"Georgia","Wilkinson County",1,71,78,36,42
050,13,319,"Georgia","Wilkinson County",1,72,97,41,56
050,13,319,"Georgia","Wilkinson County",1,73,107,55,52
050,13,319,"Georgia","Wilkinson County",1,74,72,27,45
050,13,319,"Georgia","Wilkinson County",1,75,63,26,37
050,13,319,"Georgia","Wilkinson County",1,76,69,28,41
050,13,319,"Georgia","Wilkinson County",1,77,74,31,43
050,13,319,"Georgia","Wilkinson County",1,78,65,26,39
050,13,319,"Georgia","Wilkinson County",1,79,59,27,32
050,13,319,"Georgia","Wilkinson County",1,80,50,27,23
050,13,319,"Georgia","Wilkinson County",1,81,51,24,27
050,13,319,"Georgia","Wilkinson County",1,82,44,17,27
050,13,319,"Georgia","Wilkinson County",1,83,38,16,22
050,13,319,"Georgia","Wilkinson County",1,84,31,10,21
050,13,319,"Georgia","Wilkinson County",1,85,180,57,123
050,13,319,"Georgia","Wilkinson County",2,0,91,46,45
050,13,319,"Georgia","Wilkinson County",2,1,99,44,55
050,13,319,"Georgia","Wilkinson County",2,2,100,46,54
050,13,319,"Georgia","Wilkinson County",2,3,107,54,53
050,13,319,"Georgia","Wilkinson County",2,4,95,49,46
050,13,319,"Georgia","Wilkinson County",2,5,97,49,48
050,13,319,"Georgia","Wilkinson County",2,6,93,55,38
050,13,319,"Georgia","Wilkinson County",2,7,88,53,35
050,13,319,"Georgia","Wilkinson County",2,8,94,51,43
050,13,319,"Georgia","Wilkinson County",2,9,112,50,62
050,13,319,"Georgia","Wilkinson County",2,10,123,58,65
050,13,319,"Georgia","Wilkinson County",2,11,131,67,64
050,13,319,"Georgia","Wilkinson County",2,12,127,69,58
050,13,319,"Georgia","Wilkinson County",2,13,134,75,59
050,13,319,"Georgia","Wilkinson County",2,14,128,69,59
050,13,319,"Georgia","Wilkinson County",2,15,122,62,60
050,13,319,"Georgia","Wilkinson County",2,16,123,60,63
050,13,319,"Georgia","Wilkinson County",2,17,123,63,60
050,13,319,"Georgia","Wilkinson County",2,18,111,57,54
050,13,319,"Georgia","Wilkinson County",2,19,91,46,45
050,13,319,"Georgia","Wilkinson County",2,20,98,46,52
050,13,319,"Georgia","Wilkinson County",2,21,93,47,46
050,13,319,"Georgia","Wilkinson County",2,22,90,44,46
050,13,319,"Georgia","Wilkinson County",2,23,93,46,47
050,13,319,"Georgia","Wilkinson County",2,24,103,51,52
050,13,319,"Georgia","Wilkinson County",2,25,105,53,52
050,13,319,"Georgia","Wilkinson County",2,26,97,48,49
050,13,319,"Georgia","Wilkinson County",2,27,89,45,44
050,13,319,"Georgia","Wilkinson County",2,28,94,49,45
050,13,319,"Georgia","Wilkinson County",2,29,90,43,47
050,13,319,"Georgia","Wilkinson County",2,30,96,46,50
050,13,319,"Georgia","Wilkinson County",2,31,93,49,44
050,13,319,"Georgia","Wilkinson County",2,32,93,41,52
050,13,319,"Georgia","Wilkinson County",2,33,92,41,51
050,13,319,"Georgia","Wilkinson County",2,34,95,49,46
050,13,319,"Georgia","Wilkinson County",2,35,101,50,51
050,13,319,"Georgia","Wilkinson County",2,36,112,58,54
050,13,319,"Georgia","Wilkinson County",2,37,118,61,57
050,13,319,"Georgia","Wilkinson County",2,38,103,52,51
050,13,319,"Georgia","Wilkinson County",2,39,109,55,54
050,13,319,"Georgia","Wilkinson County",2,40,110,58,52
050,13,319,"Georgia","Wilkinson County",2,41,108,56,52
050,13,319,"Georgia","Wilkinson County",2,42,92,50,42
050,13,319,"Georgia","Wilkinson County",2,43,89,46,43
050,13,319,"Georgia","Wilkinson County",2,44,79,42,37
050,13,319,"Georgia","Wilkinson County",2,45,80,42,38
050,13,319,"Georgia","Wilkinson County",2,46,95,46,49
050,13,319,"Georgia","Wilkinson County",2,47,96,45,51
050,13,319,"Georgia","Wilkinson County",2,48,95,42,53
050,13,319,"Georgia","Wilkinson County",2,49,110,46,64
050,13,319,"Georgia","Wilkinson County",2,50,114,45,69
050,13,319,"Georgia","Wilkinson County",2,51,105,48,57
050,13,319,"Georgia","Wilkinson County",2,52,102,48,54
050,13,319,"Georgia","Wilkinson County",2,53,114,59,55
050,13,319,"Georgia","Wilkinson County",2,54,118,62,56
050,13,319,"Georgia","Wilkinson County",2,55,137,69,68
050,13,319,"Georgia","Wilkinson County",2,56,153,73,80
050,13,319,"Georgia","Wilkinson County",2,57,157,76,81
050,13,319,"Georgia","Wilkinson County",2,58,149,70,79
050,13,319,"Georgia","Wilkinson County",2,59,132,63,69
050,13,319,"Georgia","Wilkinson County",2,60,126,63,63
050,13,319,"Georgia","Wilkinson County",2,61,130,72,58
050,13,319,"Georgia","Wilkinson County",2,62,137,72,65
050,13,319,"Georgia","Wilkinson County",2,63,148,77,71
050,13,319,"Georgia","Wilkinson County",2,64,135,66,69
050,13,319,"Georgia","Wilkinson County",2,65,133,61,72
050,13,319,"Georgia","Wilkinson County",2,66,126,53,73
050,13,319,"Georgia","Wilkinson County",2,67,113,50,63
050,13,319,"Georgia","Wilkinson County",2,68,118,60,58
050,13,319,"Georgia","Wilkinson County",2,69,108,48,60
050,13,319,"Georgia","Wilkinson County",2,70,93,38,55
050,13,319,"Georgia","Wilkinson County",2,71,80,36,44
050,13,319,"Georgia","Wilkinson County",2,72,91,40,51
050,13,319,"Georgia","Wilkinson County",2,73,108,52,56
050,13,319,"Georgia","Wilkinson County",2,74,72,32,40
050,13,319,"Georgia","Wilkinson County",2,75,65,26,39
050,13,319,"Georgia","Wilkinson County",2,76,67,28,39
050,13,319,"Georgia","Wilkinson County",2,77,72,30,42
050,13,319,"Georgia","Wilkinson County",2,78,65,26,39
050,13,319,"Georgia","Wilkinson County",2,79,60,26,34
050,13,319,"Georgia","Wilkinson County",2,80,50,26,24
050,13,319,"Georgia","Wilkinson County",2,81,50,25,25
050,13,319,"Georgia","Wilkinson County",2,82,45,18,27
050,13,319,"Georgia","Wilkinson County",2,83,39,16,23
050,13,319,"Georgia","Wilkinson County",2,84,33,11,22
050,13,319,"Georgia","Wilkinson County",2,85,181,56,125
050,13,319,"Georgia","Wilkinson County",3,0,101,54,47
050,13,319,"Georgia","Wilkinson County",3,1,83,41,42
050,13,319,"Georgia","Wilkinson County",3,2,108,42,66
050,13,319,"Georgia","Wilkinson County",3,3,98,43,55
050,13,319,"Georgia","Wilkinson County",3,4,100,54,46
050,13,319,"Georgia","Wilkinson County",3,5,99,50,49
050,13,319,"Georgia","Wilkinson County",3,6,94,46,48
050,13,319,"Georgia","Wilkinson County",3,7,98,55,43
050,13,319,"Georgia","Wilkinson County",3,8,98,61,37
050,13,319,"Georgia","Wilkinson County",3,9,90,45,45
050,13,319,"Georgia","Wilkinson County",3,10,113,51,62
050,13,319,"Georgia","Wilkinson County",3,11,118,54,64
050,13,319,"Georgia","Wilkinson County",3,12,126,65,61
050,13,319,"Georgia","Wilkinson County",3,13,132,71,61
050,13,319,"Georgia","Wilkinson County",3,14,138,75,63
050,13,319,"Georgia","Wilkinson County",3,15,125,68,57
050,13,319,"Georgia","Wilkinson County",3,16,129,65,64
050,13,319,"Georgia","Wilkinson County",3,17,114,55,59
050,13,319,"Georgia","Wilkinson County",3,18,100,47,53
050,13,319,"Georgia","Wilkinson County",3,19,89,44,45
050,13,319,"Georgia","Wilkinson County",3,20,97,49,48
050,13,319,"Georgia","Wilkinson County",3,21,105,50,55
050,13,319,"Georgia","Wilkinson County",3,22,101,47,54
050,13,319,"Georgia","Wilkinson County",3,23,101,49,52
050,13,319,"Georgia","Wilkinson County",3,24,91,43,48
050,13,319,"Georgia","Wilkinson County",3,25,97,49,48
050,13,319,"Georgia","Wilkinson County",3,26,102,51,51
050,13,319,"Georgia","Wilkinson County",3,27,93,49,44
050,13,319,"Georgia","Wilkinson County",3,28,94,42,52
050,13,319,"Georgia","Wilkinson County",3,29,98,48,50
050,13,319,"Georgia","Wilkinson County",3,30,96,44,52
050,13,319,"Georgia","Wilkinson County",3,31,89,45,44
050,13,319,"Georgia","Wilkinson County",3,32,94,49,45
050,13,319,"Georgia","Wilkinson County",3,33,85,35,50
050,13,319,"Georgia","Wilkinson County",3,34,93,43,50
050,13,319,"Georgia","Wilkinson County",3,35,94,52,42
050,13,319,"Georgia","Wilkinson County",3,36,103,52,51
050,13,319,"Georgia","Wilkinson County",3,37,114,59,55
050,13,319,"Georgia","Wilkinson County",3,38,119,57,62
050,13,319,"Georgia","Wilkinson County",3,39,108,56,52
050,13,319,"Georgia","Wilkinson County",3,40,104,54,50
050,13,319,"Georgia","Wilkinson County",3,41,109,58,51
050,13,319,"Georgia","Wilkinson County",3,42,108,58,50
050,13,319,"Georgia","Wilkinson County",3,43,93,49,44
050,13,319,"Georgia","Wilkinson County",3,44,88,45,43
050,13,319,"Georgia","Wilkinson County",3,45,81,42,39
050,13,319,"Georgia","Wilkinson County",3,46,82,40,42
050,13,319,"Georgia","Wilkinson County",3,47,100,49,51
050,13,319,"Georgia","Wilkinson County",3,48,95,45,50
050,13,319,"Georgia","Wilkinson County",3,49,95,41,54
050,13,319,"Georgia","Wilkinson County",3,50,105,44,61
050,13,319,"Georgia","Wilkinson County",3,51,114,45,69
050,13,319,"Georgia","Wilkinson County",3,52,110,49,61
050,13,319,"Georgia","Wilkinson County",3,53,105,48,57
050,13,319,"Georgia","Wilkinson County",3,54,113,57,56
050,13,319,"Georgia","Wilkinson County",3,55,123,67,56
050,13,319,"Georgia","Wilkinson County",3,56,134,69,65
050,13,319,"Georgia","Wilkinson County",3,57,150,70,80
050,13,319,"Georgia","Wilkinson County",3,58,160,80,80
050,13,319,"Georgia","Wilkinson County",3,59,150,68,82
050,13,319,"Georgia","Wilkinson County",3,60,124,61,63
050,13,319,"Georgia","Wilkinson County",3,61,127,63,64
050,13,319,"Georgia","Wilkinson County",3,62,128,69,59
050,13,319,"Georgia","Wilkinson County",3,63,132,67,65
050,13,319,"Georgia","Wilkinson County",3,64,142,76,66
050,13,319,"Georgia","Wilkinson County",3,65,126,60,66
050,13,319,"Georgia","Wilkinson County",3,66,128,57,71
050,13,319,"Georgia","Wilkinson County",3,67,125,50,75
050,13,319,"Georgia","Wilkinson County",3,68,109,46,63
050,13,319,"Georgia","Wilkinson County",3,69,121,60,61
050,13,319,"Georgia","Wilkinson County",3,70,101,46,55
050,13,319,"Georgia","Wilkinson County",3,71,91,38,53
050,13,319,"Georgia","Wilkinson County",3,72,77,33,44
050,13,319,"Georgia","Wilkinson County",3,73,89,37,52
050,13,319,"Georgia","Wilkinson County",3,74,102,48,54
050,13,319,"Georgia","Wilkinson County",3,75,70,31,39
050,13,319,"Georgia","Wilkinson County",3,76,59,24,35
050,13,319,"Georgia","Wilkinson County",3,77,70,30,40
050,13,319,"Georgia","Wilkinson County",3,78,66,27,39
050,13,319,"Georgia","Wilkinson County",3,79,63,24,39
050,13,319,"Georgia","Wilkinson County",3,80,54,23,31
050,13,319,"Georgia","Wilkinson County",3,81,46,24,22
050,13,319,"Georgia","Wilkinson County",3,82,43,22,21
050,13,319,"Georgia","Wilkinson County",3,83,36,15,21
050,13,319,"Georgia","Wilkinson County",3,84,38,14,24
050,13,319,"Georgia","Wilkinson County",3,85,173,54,119
050,13,319,"Georgia","Wilkinson County",4,0,100,55,45
050,13,319,"Georgia","Wilkinson County",4,1,97,55,42
050,13,319,"Georgia","Wilkinson County",4,2,78,37,41
050,13,319,"Georgia","Wilkinson County",4,3,113,46,67
050,13,319,"Georgia","Wilkinson County",4,4,97,46,51
050,13,319,"Georgia","Wilkinson County",4,5,94,51,43
050,13,319,"Georgia","Wilkinson County",4,6,93,48,45
050,13,319,"Georgia","Wilkinson County",4,7,95,43,52
050,13,319,"Georgia","Wilkinson County",4,8,99,58,41
050,13,319,"Georgia","Wilkinson County",4,9,91,58,33
050,13,319,"Georgia","Wilkinson County",4,10,86,46,40
050,13,319,"Georgia","Wilkinson County",4,11,112,49,63
050,13,319,"Georgia","Wilkinson County",4,12,118,54,64
050,13,319,"Georgia","Wilkinson County",4,13,127,63,64
050,13,319,"Georgia","Wilkinson County",4,14,128,69,59
050,13,319,"Georgia","Wilkinson County",4,15,136,76,60
050,13,319,"Georgia","Wilkinson County",4,16,134,73,61
050,13,319,"Georgia","Wilkinson County",4,17,121,62,59
050,13,319,"Georgia","Wilkinson County",4,18,107,50,57
050,13,319,"Georgia","Wilkinson County",4,19,80,41,39
050,13,319,"Georgia","Wilkinson County",4,20,95,46,49
050,13,319,"Georgia","Wilkinson County",4,21,96,48,48
050,13,319,"Georgia","Wilkinson County",4,22,102,50,52
050,13,319,"Georgia","Wilkinson County",4,23,107,52,55
050,13,319,"Georgia","Wilkinson County",4,24,98,45,53
050,13,319,"Georgia","Wilkinson County",4,25,83,38,45
050,13,319,"Georgia","Wilkinson County",4,26,99,45,54
050,13,319,"Georgia","Wilkinson County",4,27,100,54,46
050,13,319,"Georgia","Wilkinson County",4,28,89,44,45
050,13,319,"Georgia","Wilkinson County",4,29,90,34,56
050,13,319,"Georgia","Wilkinson County",4,30,98,50,48
050,13,319,"Georgia","Wilkinson County",4,31,91,41,50
050,13,319,"Georgia","Wilkinson County",4,32,95,45,50
050,13,319,"Georgia","Wilkinson County",4,33,101,55,46
050,13,319,"Georgia","Wilkinson County",4,34,80,33,47
050,13,319,"Georgia","Wilkinson County",4,35,93,42,51
050,13,319,"Georgia","Wilkinson County",4,36,87,47,40
050,13,319,"Georgia","Wilkinson County",4,37,104,54,50
050,13,319,"Georgia","Wilkinson County",4,38,110,57,53
050,13,319,"Georgia","Wilkinson County",4,39,116,57,59
050,13,319,"Georgia","Wilkinson County",4,40,104,53,51
050,13,319,"Georgia","Wilkinson County",4,41,94,48,46
050,13,319,"Georgia","Wilkinson County",4,42,109,56,53
050,13,319,"Georgia","Wilkinson County",4,43,108,56,52
050,13,319,"Georgia","Wilkinson County",4,44,96,46,50
050,13,319,"Georgia","Wilkinson County",4,45,93,48,45
050,13,319,"Georgia","Wilkinson County",4,46,72,33,39
050,13,319,"Georgia","Wilkinson County",4,47,85,43,42
050,13,319,"Georgia","Wilkinson County",4,48,97,46,51
050,13,319,"Georgia","Wilkinson County",4,49,93,42,51
050,13,319,"Georgia","Wilkinson County",4,50,109,43,66
050,13,319,"Georgia","Wilkinson County",4,51,106,47,59
050,13,319,"Georgia","Wilkinson County",4,52,111,45,66
050,13,319,"Georgia","Wilkinson County",4,53,108,46,62
050,13,319,"Georgia","Wilkinson County",4,54,106,48,58
050,13,319,"Georgia","Wilkinson County",4,55,112,59,53
050,13,319,"Georgia","Wilkinson County",4,56,120,67,53
050,13,319,"Georgia","Wilkinson County",4,57,135,70,65
050,13,319,"Georgia","Wilkinson County",4,58,150,69,81
050,13,319,"Georgia","Wilkinson County",4,59,153,75,78
050,13,319,"Georgia","Wilkinson County",4,60,146,65,81
050,13,319,"Georgia","Wilkinson County",4,61,128,62,66
050,13,319,"Georgia","Wilkinson County",4,62,125,62,63
050,13,319,"Georgia","Wilkinson County",4,63,126,64,62
050,13,319,"Georgia","Wilkinson County",4,64,125,64,61
050,13,319,"Georgia","Wilkinson County",4,65,134,73,61
050,13,319,"Georgia","Wilkinson County",4,66,121,56,65
050,13,319,"Georgia","Wilkinson County",4,67,134,59,75
050,13,319,"Georgia","Wilkinson County",4,68,119,45,74
050,13,319,"Georgia","Wilkinson County",4,69,109,43,66
050,13,319,"Georgia","Wilkinson County",4,70,115,57,58
050,13,319,"Georgia","Wilkinson County",4,71,96,44,52
050,13,319,"Georgia","Wilkinson County",4,72,88,36,52
050,13,319,"Georgia","Wilkinson County",4,73,76,31,45
050,13,319,"Georgia","Wilkinson County",4,74,81,31,50
050,13,319,"Georgia","Wilkinson County",4,75,103,47,56
050,13,319,"Georgia","Wilkinson County",4,76,68,31,37
050,13,319,"Georgia","Wilkinson County",4,77,59,23,36
050,13,319,"Georgia","Wilkinson County",4,78,66,29,37
050,13,319,"Georgia","Wilkinson County",4,79,70,27,43
050,13,319,"Georgia","Wilkinson County",4,80,54,18,36
050,13,319,"Georgia","Wilkinson County",4,81,51,22,29
050,13,319,"Georgia","Wilkinson County",4,82,39,21,18
050,13,319,"Georgia","Wilkinson County",4,83,35,18,17
050,13,319,"Georgia","Wilkinson County",4,84,37,15,22
050,13,319,"Georgia","Wilkinson County",4,85,171,54,117
050,13,319,"Georgia","Wilkinson County",5,0,108,60,48
050,13,319,"Georgia","Wilkinson County",5,1,105,54,51
050,13,319,"Georgia","Wilkinson County",5,2,99,57,42
050,13,319,"Georgia","Wilkinson County",5,3,79,38,41
050,13,319,"Georgia","Wilkinson County",5,4,117,51,66
050,13,319,"Georgia","Wilkinson County",5,5,108,55,53
050,13,319,"Georgia","Wilkinson County",5,6,100,56,44
050,13,319,"Georgia","Wilkinson County",5,7,91,45,46
050,13,319,"Georgia","Wilkinson County",5,8,100,50,50
050,13,319,"Georgia","Wilkinson County",5,9,103,58,45
050,13,319,"Georgia","Wilkinson County",5,10,94,60,34
050,13,319,"Georgia","Wilkinson County",5,11,86,46,40
050,13,319,"Georgia","Wilkinson County",5,12,117,54,63
050,13,319,"Georgia","Wilkinson County",5,13,116,54,62
050,13,319,"Georgia","Wilkinson County",5,14,125,67,58
050,13,319,"Georgia","Wilkinson County",5,15,130,73,57
050,13,319,"Georgia","Wilkinson County",5,16,131,68,63
050,13,319,"Georgia","Wilkinson County",5,17,132,74,58
050,13,319,"Georgia","Wilkinson County",5,18,102,53,49
050,13,319,"Georgia","Wilkinson County",5,19,86,42,44
050,13,319,"Georgia","Wilkinson County",5,20,82,40,42
050,13,319,"Georgia","Wilkinson County",5,21,104,51,53
050,13,319,"Georgia","Wilkinson County",5,22,107,51,56
050,13,319,"Georgia","Wilkinson County",5,23,120,54,66
050,13,319,"Georgia","Wilkinson County",5,24,106,48,58
050,13,319,"Georgia","Wilkinson County",5,25,93,42,51
050,13,319,"Georgia","Wilkinson County",5,26,88,42,46
050,13,319,"Georgia","Wilkinson County",5,27,97,45,52
050,13,319,"Georgia","Wilkinson County",5,28,108,58,50
050,13,319,"Georgia","Wilkinson County",5,29,88,40,48
050,13,319,"Georgia","Wilkinson County",5,30,96,38,58
050,13,319,"Georgia","Wilkinson County",5,31,94,48,46
050,13,319,"Georgia","Wilkinson County",5,32,99,41,58
050,13,319,"Georgia","Wilkinson County",5,33,94,44,50
050,13,319,"Georgia","Wilkinson County",5,34,107,57,50
050,13,319,"Georgia","Wilkinson County",5,35,77,32,45
050,13,319,"Georgia","Wilkinson County",5,36,93,42,51
050,13,319,"Georgia","Wilkinson County",5,37,86,46,40
050,13,319,"Georgia","Wilkinson County",5,38,102,51,51
050,13,319,"Georgia","Wilkinson County",5,39,110,56,54
050,13,319,"Georgia","Wilkinson County",5,40,121,59,62
050,13,319,"Georgia","Wilkinson County",5,41,103,49,54
050,13,319,"Georgia","Wilkinson County",5,42,101,52,49
050,13,319,"Georgia","Wilkinson County",5,43,105,51,54
050,13,319,"Georgia","Wilkinson County",5,44,104,53,51
050,13,319,"Georgia","Wilkinson County",5,45,103,52,51
050,13,319,"Georgia","Wilkinson County",5,46,90,46,44
050,13,319,"Georgia","Wilkinson County",5,47,68,32,36
050,13,319,"Georgia","Wilkinson County",5,48,85,42,43
050,13,319,"Georgia","Wilkinson County",5,49,98,47,51
050,13,319,"Georgia","Wilkinson County",5,50,92,39,53
050,13,319,"Georgia","Wilkinson County",5,51,113,43,70
050,13,319,"Georgia","Wilkinson County",5,52,106,47,59
050,13,319,"Georgia","Wilkinson County",5,53,113,46,67
050,13,319,"Georgia","Wilkinson County",5,54,111,49,62
050,13,319,"Georgia","Wilkinson County",5,55,105,47,58
050,13,319,"Georgia","Wilkinson County",5,56,113,58,55
050,13,319,"Georgia","Wilkinson County",5,57,123,69,54
050,13,319,"Georgia","Wilkinson County",5,58,134,70,64
050,13,319,"Georgia","Wilkinson County",5,59,151,68,83
050,13,319,"Georgia","Wilkinson County",5,60,147,73,74
050,13,319,"Georgia","Wilkinson County",5,61,140,58,82
050,13,319,"Georgia","Wilkinson County",5,62,126,60,66
050,13,319,"Georgia","Wilkinson County",5,63,127,65,62
050,13,319,"Georgia","Wilkinson County",5,64,126,62,64
050,13,319,"Georgia","Wilkinson County",5,65,117,61,56
050,13,319,"Georgia","Wilkinson County",5,66,129,71,58
050,13,319,"Georgia","Wilkinson County",5,67,125,57,68
050,13,319,"Georgia","Wilkinson County",5,68,127,53,74
050,13,319,"Georgia","Wilkinson County",5,69,115,42,73
050,13,319,"Georgia","Wilkinson County",5,70,102,41,61
050,13,319,"Georgia","Wilkinson County",5,71,112,57,55
050,13,319,"Georgia","Wilkinson County",5,72,93,43,50
050,13,319,"Georgia","Wilkinson County",5,73,87,34,53
050,13,319,"Georgia","Wilkinson County",5,74,70,26,44
050,13,319,"Georgia","Wilkinson County",5,75,82,29,53
050,13,319,"Georgia","Wilkinson County",5,76,97,46,51
050,13,319,"Georgia","Wilkinson County",5,77,68,30,38
050,13,319,"Georgia","Wilkinson County",5,78,53,20,33
050,13,319,"Georgia","Wilkinson County",5,79,68,28,40
050,13,319,"Georgia","Wilkinson County",5,80,63,23,40
050,13,319,"Georgia","Wilkinson County",5,81,49,16,33
050,13,319,"Georgia","Wilkinson County",5,82,46,18,28
050,13,319,"Georgia","Wilkinson County",5,83,31,18,13
050,13,319,"Georgia","Wilkinson County",5,84,34,18,16
050,13,319,"Georgia","Wilkinson County",5,85,172,58,114
050,13,321,"Georgia","Worth County",1,0,202,102,100
050,13,321,"Georgia","Worth County",1,1,222,109,113
050,13,321,"Georgia","Worth County",1,2,249,130,119
050,13,321,"Georgia","Worth County",1,3,218,105,113
050,13,321,"Georgia","Worth County",1,4,247,131,116
050,13,321,"Georgia","Worth County",1,5,252,127,125
050,13,321,"Georgia","Worth County",1,6,271,128,143
050,13,321,"Georgia","Worth County",1,7,248,121,127
050,13,321,"Georgia","Worth County",1,8,238,127,111
050,13,321,"Georgia","Worth County",1,9,241,112,129
050,13,321,"Georgia","Worth County",1,10,249,127,122
050,13,321,"Georgia","Worth County",1,11,296,154,142
050,13,321,"Georgia","Worth County",1,12,274,143,131
050,13,321,"Georgia","Worth County",1,13,278,138,140
050,13,321,"Georgia","Worth County",1,14,270,124,146
050,13,321,"Georgia","Worth County",1,15,292,136,156
050,13,321,"Georgia","Worth County",1,16,283,140,143
050,13,321,"Georgia","Worth County",1,17,269,139,130
050,13,321,"Georgia","Worth County",1,18,229,127,102
050,13,321,"Georgia","Worth County",1,19,204,105,99
050,13,321,"Georgia","Worth County",1,20,209,99,110
050,13,321,"Georgia","Worth County",1,21,206,100,106
050,13,321,"Georgia","Worth County",1,22,224,109,115
050,13,321,"Georgia","Worth County",1,23,229,119,110
050,13,321,"Georgia","Worth County",1,24,240,119,121
050,13,321,"Georgia","Worth County",1,25,266,120,146
050,13,321,"Georgia","Worth County",1,26,246,115,131
050,13,321,"Georgia","Worth County",1,27,245,117,128
050,13,321,"Georgia","Worth County",1,28,260,139,121
050,13,321,"Georgia","Worth County",1,29,267,131,136
050,13,321,"Georgia","Worth County",1,30,246,112,134
050,13,321,"Georgia","Worth County",1,31,260,138,122
050,13,321,"Georgia","Worth County",1,32,250,125,125
050,13,321,"Georgia","Worth County",1,33,254,123,131
050,13,321,"Georgia","Worth County",1,34,245,112,133
050,13,321,"Georgia","Worth County",1,35,254,121,133
050,13,321,"Georgia","Worth County",1,36,239,114,125
050,13,321,"Georgia","Worth County",1,37,237,113,124
050,13,321,"Georgia","Worth County",1,38,220,96,124
050,13,321,"Georgia","Worth County",1,39,234,112,122
050,13,321,"Georgia","Worth County",1,40,248,121,127
050,13,321,"Georgia","Worth County",1,41,207,102,105
050,13,321,"Georgia","Worth County",1,42,224,122,102
050,13,321,"Georgia","Worth County",1,43,219,117,102
050,13,321,"Georgia","Worth County",1,44,213,88,125
050,13,321,"Georgia","Worth County",1,45,231,96,135
050,13,321,"Georgia","Worth County",1,46,241,112,129
050,13,321,"Georgia","Worth County",1,47,258,123,135
050,13,321,"Georgia","Worth County",1,48,273,125,148
050,13,321,"Georgia","Worth County",1,49,288,145,143
050,13,321,"Georgia","Worth County",1,50,281,136,145
050,13,321,"Georgia","Worth County",1,51,278,134,144
050,13,321,"Georgia","Worth County",1,52,282,147,135
050,13,321,"Georgia","Worth County",1,53,273,135,138
050,13,321,"Georgia","Worth County",1,54,287,135,152
050,13,321,"Georgia","Worth County",1,55,309,146,163
050,13,321,"Georgia","Worth County",1,56,305,151,154
050,13,321,"Georgia","Worth County",1,57,310,165,145
050,13,321,"Georgia","Worth County",1,58,334,166,168
050,13,321,"Georgia","Worth County",1,59,336,157,179
050,13,321,"Georgia","Worth County",1,60,304,146,158
050,13,321,"Georgia","Worth County",1,61,307,156,151
050,13,321,"Georgia","Worth County",1,62,309,155,154
050,13,321,"Georgia","Worth County",1,63,303,156,147
050,13,321,"Georgia","Worth County",1,64,284,136,148
050,13,321,"Georgia","Worth County",1,65,258,117,141
050,13,321,"Georgia","Worth County",1,66,287,148,139
050,13,321,"Georgia","Worth County",1,67,250,124,126
050,13,321,"Georgia","Worth County",1,68,240,110,130
050,13,321,"Georgia","Worth County",1,69,240,110,130
050,13,321,"Georgia","Worth County",1,70,249,115,134
050,13,321,"Georgia","Worth County",1,71,228,103,125
050,13,321,"Georgia","Worth County",1,72,227,105,122
050,13,321,"Georgia","Worth County",1,73,242,112,130
050,13,321,"Georgia","Worth County",1,74,170,73,97
050,13,321,"Georgia","Worth County",1,75,184,87,97
050,13,321,"Georgia","Worth County",1,76,192,83,109
050,13,321,"Georgia","Worth County",1,77,177,78,99
050,13,321,"Georgia","Worth County",1,78,130,59,71
050,13,321,"Georgia","Worth County",1,79,129,55,74
050,13,321,"Georgia","Worth County",1,80,122,51,71
050,13,321,"Georgia","Worth County",1,81,100,47,53
050,13,321,"Georgia","Worth County",1,82,91,43,48
050,13,321,"Georgia","Worth County",1,83,68,29,39
050,13,321,"Georgia","Worth County",1,84,68,26,42
050,13,321,"Georgia","Worth County",1,85,355,112,243
050,13,321,"Georgia","Worth County",2,0,220,113,107
050,13,321,"Georgia","Worth County",2,1,219,109,110
050,13,321,"Georgia","Worth County",2,2,241,124,117
050,13,321,"Georgia","Worth County",2,3,226,112,114
050,13,321,"Georgia","Worth County",2,4,242,126,116
050,13,321,"Georgia","Worth County",2,5,252,127,125
050,13,321,"Georgia","Worth County",2,6,262,124,138
050,13,321,"Georgia","Worth County",2,7,254,123,131
050,13,321,"Georgia","Worth County",2,8,239,125,114
050,13,321,"Georgia","Worth County",2,9,238,114,124
050,13,321,"Georgia","Worth County",2,10,247,123,124
050,13,321,"Georgia","Worth County",2,11,282,145,137
050,13,321,"Georgia","Worth County",2,12,282,147,135
050,13,321,"Georgia","Worth County",2,13,276,137,139
050,13,321,"Georgia","Worth County",2,14,271,126,145
050,13,321,"Georgia","Worth County",2,15,286,133,153
050,13,321,"Georgia","Worth County",2,16,284,138,146
050,13,321,"Georgia","Worth County",2,17,269,138,131
050,13,321,"Georgia","Worth County",2,18,228,124,104
050,13,321,"Georgia","Worth County",2,19,200,105,95
050,13,321,"Georgia","Worth County",2,20,212,102,110
050,13,321,"Georgia","Worth County",2,21,207,100,107
050,13,321,"Georgia","Worth County",2,22,221,108,113
050,13,321,"Georgia","Worth County",2,23,229,117,112
050,13,321,"Georgia","Worth County",2,24,238,118,120
050,13,321,"Georgia","Worth County",2,25,260,121,139
050,13,321,"Georgia","Worth County",2,26,249,114,135
050,13,321,"Georgia","Worth County",2,27,242,115,127
050,13,321,"Georgia","Worth County",2,28,259,135,124
050,13,321,"Georgia","Worth County",2,29,260,129,131
050,13,321,"Georgia","Worth County",2,30,249,115,134
050,13,321,"Georgia","Worth County",2,31,257,133,124
050,13,321,"Georgia","Worth County",2,32,250,125,125
050,13,321,"Georgia","Worth County",2,33,253,124,129
050,13,321,"Georgia","Worth County",2,34,247,116,131
050,13,321,"Georgia","Worth County",2,35,255,120,135
050,13,321,"Georgia","Worth County",2,36,241,115,126
050,13,321,"Georgia","Worth County",2,37,237,112,125
050,13,321,"Georgia","Worth County",2,38,224,100,124
050,13,321,"Georgia","Worth County",2,39,233,110,123
050,13,321,"Georgia","Worth County",2,40,245,119,126
050,13,321,"Georgia","Worth County",2,41,217,106,111
050,13,321,"Georgia","Worth County",2,42,218,116,102
050,13,321,"Georgia","Worth County",2,43,221,119,102
050,13,321,"Georgia","Worth County",2,44,212,93,119
050,13,321,"Georgia","Worth County",2,45,233,97,136
050,13,321,"Georgia","Worth County",2,46,235,106,129
050,13,321,"Georgia","Worth County",2,47,253,120,133
050,13,321,"Georgia","Worth County",2,48,269,125,144
050,13,321,"Georgia","Worth County",2,49,283,140,143
050,13,321,"Georgia","Worth County",2,50,285,140,145
050,13,321,"Georgia","Worth County",2,51,277,135,142
050,13,321,"Georgia","Worth County",2,52,279,144,135
050,13,321,"Georgia","Worth County",2,53,274,137,137
050,13,321,"Georgia","Worth County",2,54,282,134,148
050,13,321,"Georgia","Worth County",2,55,304,144,160
050,13,321,"Georgia","Worth County",2,56,309,151,158
050,13,321,"Georgia","Worth County",2,57,308,160,148
050,13,321,"Georgia","Worth County",2,58,326,165,161
050,13,321,"Georgia","Worth County",2,59,334,158,176
050,13,321,"Georgia","Worth County",2,60,307,144,163
050,13,321,"Georgia","Worth County",2,61,308,154,154
050,13,321,"Georgia","Worth County",2,62,307,154,153
050,13,321,"Georgia","Worth County",2,63,305,157,148
050,13,321,"Georgia","Worth County",2,64,285,138,147
050,13,321,"Georgia","Worth County",2,65,265,122,143
050,13,321,"Georgia","Worth County",2,66,278,139,139
050,13,321,"Georgia","Worth County",2,67,255,127,128
050,13,321,"Georgia","Worth County",2,68,237,112,125
050,13,321,"Georgia","Worth County",2,69,239,109,130
050,13,321,"Georgia","Worth County",2,70,248,113,135
050,13,321,"Georgia","Worth County",2,71,233,106,127
050,13,321,"Georgia","Worth County",2,72,222,101,121
050,13,321,"Georgia","Worth County",2,73,251,117,134
050,13,321,"Georgia","Worth County",2,74,173,77,96
050,13,321,"Georgia","Worth County",2,75,179,84,95
050,13,321,"Georgia","Worth County",2,76,186,83,103
050,13,321,"Georgia","Worth County",2,77,183,80,103
050,13,321,"Georgia","Worth County",2,78,137,61,76
050,13,321,"Georgia","Worth County",2,79,128,54,74
050,13,321,"Georgia","Worth County",2,80,120,50,70
050,13,321,"Georgia","Worth County",2,81,104,48,56
050,13,321,"Georgia","Worth County",2,82,90,41,49
050,13,321,"Georgia","Worth County",2,83,68,30,38
050,13,321,"Georgia","Worth County",2,84,66,27,39
050,13,321,"Georgia","Worth County",2,85,353,114,239
050,13,321,"Georgia","Worth County",3,0,227,99,128
050,13,321,"Georgia","Worth County",3,1,212,110,102
050,13,321,"Georgia","Worth County",3,2,219,108,111
050,13,321,"Georgia","Worth County",3,3,247,122,125
050,13,321,"Georgia","Worth County",3,4,228,114,114
050,13,321,"Georgia","Worth County",3,5,241,118,123
050,13,321,"Georgia","Worth County",3,6,248,130,118
050,13,321,"Georgia","Worth County",3,7,245,113,132
050,13,321,"Georgia","Worth County",3,8,248,122,126
050,13,321,"Georgia","Worth County",3,9,230,118,112
050,13,321,"Georgia","Worth County",3,10,234,113,121
050,13,321,"Georgia","Worth County",3,11,246,128,118
050,13,321,"Georgia","Worth County",3,12,297,157,140
050,13,321,"Georgia","Worth County",3,13,277,141,136
050,13,321,"Georgia","Worth County",3,14,281,138,143
050,13,321,"Georgia","Worth County",3,15,281,128,153
050,13,321,"Georgia","Worth County",3,16,283,134,149
050,13,321,"Georgia","Worth County",3,17,284,140,144
050,13,321,"Georgia","Worth County",3,18,224,115,109
050,13,321,"Georgia","Worth County",3,19,183,100,83
050,13,321,"Georgia","Worth County",3,20,200,104,96
050,13,321,"Georgia","Worth County",3,21,227,105,122
050,13,321,"Georgia","Worth County",3,22,215,107,108
050,13,321,"Georgia","Worth County",3,23,237,121,116
050,13,321,"Georgia","Worth County",3,24,232,116,116
050,13,321,"Georgia","Worth County",3,25,245,128,117
050,13,321,"Georgia","Worth County",3,26,249,111,138
050,13,321,"Georgia","Worth County",3,27,249,121,128
050,13,321,"Georgia","Worth County",3,28,241,114,127
050,13,321,"Georgia","Worth County",3,29,247,128,119
050,13,321,"Georgia","Worth County",3,30,251,125,126
050,13,321,"Georgia","Worth County",3,31,252,116,136
050,13,321,"Georgia","Worth County",3,32,251,125,126
050,13,321,"Georgia","Worth County",3,33,253,126,127
050,13,321,"Georgia","Worth County",3,34,250,120,130
050,13,321,"Georgia","Worth County",3,35,243,112,131
050,13,321,"Georgia","Worth County",3,36,261,121,140
050,13,321,"Georgia","Worth County",3,37,245,116,129
050,13,321,"Georgia","Worth County",3,38,235,113,122
050,13,321,"Georgia","Worth County",3,39,231,105,126
050,13,321,"Georgia","Worth County",3,40,225,101,124
050,13,321,"Georgia","Worth County",3,41,246,113,133
050,13,321,"Georgia","Worth County",3,42,224,108,116
050,13,321,"Georgia","Worth County",3,43,212,113,99
050,13,321,"Georgia","Worth County",3,44,227,124,103
050,13,321,"Georgia","Worth County",3,45,220,102,118
050,13,321,"Georgia","Worth County",3,46,224,81,143
050,13,321,"Georgia","Worth County",3,47,233,104,129
050,13,321,"Georgia","Worth County",3,48,254,118,136
050,13,321,"Georgia","Worth County",3,49,257,124,133
050,13,321,"Georgia","Worth County",3,50,273,133,140
050,13,321,"Georgia","Worth County",3,51,286,140,146
050,13,321,"Georgia","Worth County",3,52,272,136,136
050,13,321,"Georgia","Worth County",3,53,283,145,138
050,13,321,"Georgia","Worth County",3,54,275,142,133
050,13,321,"Georgia","Worth County",3,55,276,129,147
050,13,321,"Georgia","Worth County",3,56,310,147,163
050,13,321,"Georgia","Worth County",3,57,291,140,151
050,13,321,"Georgia","Worth County",3,58,306,161,145
050,13,321,"Georgia","Worth County",3,59,327,160,167
050,13,321,"Georgia","Worth County",3,60,322,153,169
050,13,321,"Georgia","Worth County",3,61,298,140,158
050,13,321,"Georgia","Worth County",3,62,297,146,151
050,13,321,"Georgia","Worth County",3,63,310,154,156
050,13,321,"Georgia","Worth County",3,64,305,152,153
050,13,321,"Georgia","Worth County",3,65,282,137,145
050,13,321,"Georgia","Worth County",3,66,256,119,137
050,13,321,"Georgia","Worth County",3,67,266,135,131
050,13,321,"Georgia","Worth County",3,68,248,121,127
050,13,321,"Georgia","Worth County",3,69,224,102,122
050,13,321,"Georgia","Worth County",3,70,231,101,130
050,13,321,"Georgia","Worth County",3,71,230,105,125
050,13,321,"Georgia","Worth County",3,72,226,101,125
050,13,321,"Georgia","Worth County",3,73,210,95,115
050,13,321,"Georgia","Worth County",3,74,239,108,131
050,13,321,"Georgia","Worth County",3,75,165,71,94
050,13,321,"Georgia","Worth County",3,76,177,83,94
050,13,321,"Georgia","Worth County",3,77,179,83,96
050,13,321,"Georgia","Worth County",3,78,171,75,96
050,13,321,"Georgia","Worth County",3,79,126,55,71
050,13,321,"Georgia","Worth County",3,80,123,48,75
050,13,321,"Georgia","Worth County",3,81,105,44,61
050,13,321,"Georgia","Worth County",3,82,90,39,51
050,13,321,"Georgia","Worth County",3,83,88,37,51
050,13,321,"Georgia","Worth County",3,84,60,26,34
050,13,321,"Georgia","Worth County",3,85,367,121,246
050,13,321,"Georgia","Worth County",4,0,215,111,104
050,13,321,"Georgia","Worth County",4,1,238,108,130
050,13,321,"Georgia","Worth County",4,2,220,112,108
050,13,321,"Georgia","Worth County",4,3,228,109,119
050,13,321,"Georgia","Worth County",4,4,250,119,131
050,13,321,"Georgia","Worth County",4,5,229,112,117
050,13,321,"Georgia","Worth County",4,6,235,114,121
050,13,321,"Georgia","Worth County",4,7,245,128,117
050,13,321,"Georgia","Worth County",4,8,259,122,137
050,13,321,"Georgia","Worth County",4,9,243,121,122
050,13,321,"Georgia","Worth County",4,10,229,118,111
050,13,321,"Georgia","Worth County",4,11,236,116,120
050,13,321,"Georgia","Worth County",4,12,231,120,111
050,13,321,"Georgia","Worth County",4,13,292,159,133
050,13,321,"Georgia","Worth County",4,14,291,154,137
050,13,321,"Georgia","Worth County",4,15,285,144,141
050,13,321,"Georgia","Worth County",4,16,280,129,151
050,13,321,"Georgia","Worth County",4,17,279,133,146
050,13,321,"Georgia","Worth County",4,18,234,118,116
050,13,321,"Georgia","Worth County",4,19,165,81,84
050,13,321,"Georgia","Worth County",4,20,200,106,94
050,13,321,"Georgia","Worth County",4,21,214,106,108
050,13,321,"Georgia","Worth County",4,22,222,110,112
050,13,321,"Georgia","Worth County",4,23,220,103,117
050,13,321,"Georgia","Worth County",4,24,231,120,111
050,13,321,"Georgia","Worth County",4,25,245,121,124
050,13,321,"Georgia","Worth County",4,26,259,138,121
050,13,321,"Georgia","Worth County",4,27,257,121,136
050,13,321,"Georgia","Worth County",4,28,249,117,132
050,13,321,"Georgia","Worth County",4,29,230,99,131
050,13,321,"Georgia","Worth County",4,30,238,123,115
050,13,321,"Georgia","Worth County",4,31,254,130,124
050,13,321,"Georgia","Worth County",4,32,256,116,140
050,13,321,"Georgia","Worth County",4,33,262,135,127
050,13,321,"Georgia","Worth County",4,34,254,126,128
050,13,321,"Georgia","Worth County",4,35,242,121,121
050,13,321,"Georgia","Worth County",4,36,246,115,131
050,13,321,"Georgia","Worth County",4,37,264,125,139
050,13,321,"Georgia","Worth County",4,38,250,112,138
050,13,321,"Georgia","Worth County",4,39,237,116,121
050,13,321,"Georgia","Worth County",4,40,226,101,125
050,13,321,"Georgia","Worth County",4,41,218,100,118
050,13,321,"Georgia","Worth County",4,42,245,114,131
050,13,321,"Georgia","Worth County",4,43,221,105,116
050,13,321,"Georgia","Worth County",4,44,207,104,103
050,13,321,"Georgia","Worth County",4,45,233,129,104
050,13,321,"Georgia","Worth County",4,46,214,91,123
050,13,321,"Georgia","Worth County",4,47,232,88,144
050,13,321,"Georgia","Worth County",4,48,230,106,124
050,13,321,"Georgia","Worth County",4,49,249,113,136
050,13,321,"Georgia","Worth County",4,50,242,120,122
050,13,321,"Georgia","Worth County",4,51,262,125,137
050,13,321,"Georgia","Worth County",4,52,283,138,145
050,13,321,"Georgia","Worth County",4,53,264,133,131
050,13,321,"Georgia","Worth County",4,54,275,142,133
050,13,321,"Georgia","Worth County",4,55,268,133,135
050,13,321,"Georgia","Worth County",4,56,272,127,145
050,13,321,"Georgia","Worth County",4,57,293,135,158
050,13,321,"Georgia","Worth County",4,58,289,134,155
050,13,321,"Georgia","Worth County",4,59,305,163,142
050,13,321,"Georgia","Worth County",4,60,329,161,168
050,13,321,"Georgia","Worth County",4,61,324,155,169
050,13,321,"Georgia","Worth County",4,62,281,128,153
050,13,321,"Georgia","Worth County",4,63,295,147,148
050,13,321,"Georgia","Worth County",4,64,314,155,159
050,13,321,"Georgia","Worth County",4,65,303,150,153
050,13,321,"Georgia","Worth County",4,66,274,134,140
050,13,321,"Georgia","Worth County",4,67,248,116,132
050,13,321,"Georgia","Worth County",4,68,256,130,126
050,13,321,"Georgia","Worth County",4,69,241,117,124
050,13,321,"Georgia","Worth County",4,70,223,99,124
050,13,321,"Georgia","Worth County",4,71,226,95,131
050,13,321,"Georgia","Worth County",4,72,228,101,127
050,13,321,"Georgia","Worth County",4,73,214,92,122
050,13,321,"Georgia","Worth County",4,74,202,89,113
050,13,321,"Georgia","Worth County",4,75,227,101,126
050,13,321,"Georgia","Worth County",4,76,156,63,93
050,13,321,"Georgia","Worth County",4,77,160,76,84
050,13,321,"Georgia","Worth County",4,78,170,76,94
050,13,321,"Georgia","Worth County",4,79,150,63,87
050,13,321,"Georgia","Worth County",4,80,123,50,73
050,13,321,"Georgia","Worth County",4,81,114,45,69
050,13,321,"Georgia","Worth County",4,82,96,38,58
050,13,321,"Georgia","Worth County",4,83,85,37,48
050,13,321,"Georgia","Worth County",4,84,81,30,51
050,13,321,"Georgia","Worth County",4,85,369,125,244
050,13,321,"Georgia","Worth County",5,0,203,108,95
050,13,321,"Georgia","Worth County",5,1,217,114,103
050,13,321,"Georgia","Worth County",5,2,239,109,130
050,13,321,"Georgia","Worth County",5,3,217,104,113
050,13,321,"Georgia","Worth County",5,4,229,107,122
050,13,321,"Georgia","Worth County",5,5,244,121,123
050,13,321,"Georgia","Worth County",5,6,235,118,117
050,13,321,"Georgia","Worth County",5,7,242,119,123
050,13,321,"Georgia","Worth County",5,8,264,138,126
050,13,321,"Georgia","Worth County",5,9,254,117,137
050,13,321,"Georgia","Worth County",5,10,259,125,134
050,13,321,"Georgia","Worth County",5,11,233,116,117
050,13,321,"Georgia","Worth County",5,12,228,110,118
050,13,321,"Georgia","Worth County",5,13,237,123,114
050,13,321,"Georgia","Worth County",5,14,289,152,137
050,13,321,"Georgia","Worth County",5,15,281,145,136
050,13,321,"Georgia","Worth County",5,16,283,144,139
050,13,321,"Georgia","Worth County",5,17,265,117,148
050,13,321,"Georgia","Worth County",5,18,235,113,122
050,13,321,"Georgia","Worth County",5,19,185,92,93
050,13,321,"Georgia","Worth County",5,20,184,91,93
050,13,321,"Georgia","Worth County",5,21,210,106,104
050,13,321,"Georgia","Worth County",5,22,225,113,112
050,13,321,"Georgia","Worth County",5,23,232,113,119
050,13,321,"Georgia","Worth County",5,24,222,100,122
050,13,321,"Georgia","Worth County",5,25,242,123,119
050,13,321,"Georgia","Worth County",5,26,227,106,121
050,13,321,"Georgia","Worth County",5,27,248,130,118
050,13,321,"Georgia","Worth County",5,28,255,114,141
050,13,321,"Georgia","Worth County",5,29,236,113,123
050,13,321,"Georgia","Worth County",5,30,219,86,133
050,13,321,"Georgia","Worth County",5,31,235,118,117
050,13,321,"Georgia","Worth County",5,32,239,111,128
050,13,321,"Georgia","Worth County",5,33,259,117,142
050,13,321,"Georgia","Worth County",5,34,258,135,123
050,13,321,"Georgia","Worth County",5,35,240,114,126
050,13,321,"Georgia","Worth County",5,36,251,125,126
050,13,321,"Georgia","Worth County",5,37,248,113,135
050,13,321,"Georgia","Worth County",5,38,271,128,143
050,13,321,"Georgia","Worth County",5,39,243,116,127
050,13,321,"Georgia","Worth County",5,40,245,114,131
050,13,321,"Georgia","Worth County",5,41,225,105,120
050,13,321,"Georgia","Worth County",5,42,217,99,118
050,13,321,"Georgia","Worth County",5,43,245,113,132
050,13,321,"Georgia","Worth County",5,44,221,105,116
050,13,321,"Georgia","Worth County",5,45,220,113,107
050,13,321,"Georgia","Worth County",5,46,241,129,112
050,13,321,"Georgia","Worth County",5,47,203,90,113
050,13,321,"Georgia","Worth County",5,48,220,89,131
050,13,321,"Georgia","Worth County",5,49,234,105,129
050,13,321,"Georgia","Worth County",5,50,244,113,131
050,13,321,"Georgia","Worth County",5,51,241,116,125
050,13,321,"Georgia","Worth County",5,52,272,131,141
050,13,321,"Georgia","Worth County",5,53,289,139,150
050,13,321,"Georgia","Worth County",5,54,268,133,135
050,13,321,"Georgia","Worth County",5,55,269,137,132
050,13,321,"Georgia","Worth County",5,56,269,132,137
050,13,321,"Georgia","Worth County",5,57,261,126,135
050,13,321,"Georgia","Worth County",5,58,287,131,156
050,13,321,"Georgia","Worth County",5,59,282,132,150
050,13,321,"Georgia","Worth County",5,60,297,159,138
050,13,321,"Georgia","Worth County",5,61,315,154,161
050,13,321,"Georgia","Worth County",5,62,325,154,171
050,13,321,"Georgia","Worth County",5,63,278,123,155
050,13,321,"Georgia","Worth County",5,64,300,151,149
050,13,321,"Georgia","Worth County",5,65,302,150,152
050,13,321,"Georgia","Worth County",5,66,294,144,150
050,13,321,"Georgia","Worth County",5,67,262,129,133
050,13,321,"Georgia","Worth County",5,68,247,115,132
050,13,321,"Georgia","Worth County",5,69,249,125,124
050,13,321,"Georgia","Worth County",5,70,239,112,127
050,13,321,"Georgia","Worth County",5,71,218,96,122
050,13,321,"Georgia","Worth County",5,72,216,91,125
050,13,321,"Georgia","Worth County",5,73,224,96,128
050,13,321,"Georgia","Worth County",5,74,202,83,119
050,13,321,"Georgia","Worth County",5,75,195,83,112
050,13,321,"Georgia","Worth County",5,76,220,97,123
050,13,321,"Georgia","Worth County",5,77,139,54,85
050,13,321,"Georgia","Worth County",5,78,149,69,80
050,13,321,"Georgia","Worth County",5,79,148,66,82
050,13,321,"Georgia","Worth County",5,80,144,59,85
050,13,321,"Georgia","Worth County",5,81,112,45,67
050,13,321,"Georgia","Worth County",5,82,102,38,64
050,13,321,"Georgia","Worth County",5,83,98,37,61
050,13,321,"Georgia","Worth County",5,84,75,29,46
050,13,321,"Georgia","Worth County",5,85,387,130,257

