"SUMLEV","STATE","COUNTY","STNAME","CTYNAME","YEAR","AGE","TOT_POP","TOT_MALE","TOT_FEMALE"
050,42,001,"Pennsylvania","Adams County",1,0,904,465,439
050,42,001,"Pennsylvania","Adams County",1,1,962,502,460
050,42,001,"Pennsylvania","Adams County",1,2,1027,521,506
050,42,001,"Pennsylvania","Adams County",1,3,1043,515,528
050,42,001,"Pennsylvania","Adams County",1,4,1055,528,527
050,42,001,"Pennsylvania","Adams County",1,5,1107,557,550
050,42,001,"Pennsylvania","Adams County",1,6,1173,605,568
050,42,001,"Pennsylvania","Adams County",1,7,1149,609,540
050,42,001,"Pennsylvania","Adams County",1,8,1096,564,532
050,42,001,"Pennsylvania","Adams County",1,9,1128,584,544
050,42,001,"Pennsylvania","Adams County",1,10,1227,644,583
050,42,001,"Pennsylvania","Adams County",1,11,1234,630,604
050,42,001,"Pennsylvania","Adams County",1,12,1295,648,647
050,42,001,"Pennsylvania","Adams County",1,13,1310,662,648
050,42,001,"Pennsylvania","Adams County",1,14,1254,653,601
050,42,001,"Pennsylvania","Adams County",1,15,1310,675,635
050,42,001,"Pennsylvania","Adams County",1,16,1376,711,665
050,42,001,"Pennsylvania","Adams County",1,17,1278,635,643
050,42,001,"Pennsylvania","Adams County",1,18,1360,665,695
050,42,001,"Pennsylvania","Adams County",1,19,1528,791,737
050,42,001,"Pennsylvania","Adams County",1,20,1493,748,745
050,42,001,"Pennsylvania","Adams County",1,21,1473,745,728
050,42,001,"Pennsylvania","Adams County",1,22,1297,678,619
050,42,001,"Pennsylvania","Adams County",1,23,1114,555,559
050,42,001,"Pennsylvania","Adams County",1,24,1077,540,537
050,42,001,"Pennsylvania","Adams County",1,25,1086,548,538
050,42,001,"Pennsylvania","Adams County",1,26,1063,548,515
050,42,001,"Pennsylvania","Adams County",1,27,1132,583,549
050,42,001,"Pennsylvania","Adams County",1,28,1144,576,568
050,42,001,"Pennsylvania","Adams County",1,29,1183,595,588
050,42,001,"Pennsylvania","Adams County",1,30,1135,566,569
050,42,001,"Pennsylvania","Adams County",1,31,1141,577,564
050,42,001,"Pennsylvania","Adams County",1,32,1181,603,578
050,42,001,"Pennsylvania","Adams County",1,33,1157,591,566
050,42,001,"Pennsylvania","Adams County",1,34,1126,560,566
050,42,001,"Pennsylvania","Adams County",1,35,1108,545,563
050,42,001,"Pennsylvania","Adams County",1,36,1150,608,542
050,42,001,"Pennsylvania","Adams County",1,37,1162,605,557
050,42,001,"Pennsylvania","Adams County",1,38,1167,590,577
050,42,001,"Pennsylvania","Adams County",1,39,1161,586,575
050,42,001,"Pennsylvania","Adams County",1,40,1052,517,535
050,42,001,"Pennsylvania","Adams County",1,41,1066,555,511
050,42,001,"Pennsylvania","Adams County",1,42,1138,603,535
050,42,001,"Pennsylvania","Adams County",1,43,1119,573,546
050,42,001,"Pennsylvania","Adams County",1,44,1095,557,538
050,42,001,"Pennsylvania","Adams County",1,45,1106,547,559
050,42,001,"Pennsylvania","Adams County",1,46,1095,522,573
050,42,001,"Pennsylvania","Adams County",1,47,1224,605,619
050,42,001,"Pennsylvania","Adams County",1,48,1350,697,653
050,42,001,"Pennsylvania","Adams County",1,49,1451,747,704
050,42,001,"Pennsylvania","Adams County",1,50,1425,698,727
050,42,001,"Pennsylvania","Adams County",1,51,1436,709,727
050,42,001,"Pennsylvania","Adams County",1,52,1463,734,729
050,42,001,"Pennsylvania","Adams County",1,53,1456,720,736
050,42,001,"Pennsylvania","Adams County",1,54,1514,748,766
050,42,001,"Pennsylvania","Adams County",1,55,1637,827,810
050,42,001,"Pennsylvania","Adams County",1,56,1667,811,856
050,42,001,"Pennsylvania","Adams County",1,57,1617,800,817
050,42,001,"Pennsylvania","Adams County",1,58,1633,827,806
050,42,001,"Pennsylvania","Adams County",1,59,1626,824,802
050,42,001,"Pennsylvania","Adams County",1,60,1557,770,787
050,42,001,"Pennsylvania","Adams County",1,61,1608,800,808
050,42,001,"Pennsylvania","Adams County",1,62,1632,810,822
050,42,001,"Pennsylvania","Adams County",1,63,1565,758,807
050,42,001,"Pennsylvania","Adams County",1,64,1520,751,769
050,42,001,"Pennsylvania","Adams County",1,65,1501,730,771
050,42,001,"Pennsylvania","Adams County",1,66,1505,728,777
050,42,001,"Pennsylvania","Adams County",1,67,1470,734,736
050,42,001,"Pennsylvania","Adams County",1,68,1411,676,735
050,42,001,"Pennsylvania","Adams County",1,69,1264,609,655
050,42,001,"Pennsylvania","Adams County",1,70,1239,616,623
050,42,001,"Pennsylvania","Adams County",1,71,1203,584,619
050,42,001,"Pennsylvania","Adams County",1,72,1257,565,692
050,42,001,"Pennsylvania","Adams County",1,73,1231,572,659
050,42,001,"Pennsylvania","Adams County",1,74,834,387,447
050,42,001,"Pennsylvania","Adams County",1,75,813,395,418
050,42,001,"Pennsylvania","Adams County",1,76,830,387,443
050,42,001,"Pennsylvania","Adams County",1,77,853,389,464
050,42,001,"Pennsylvania","Adams County",1,78,731,343,388
050,42,001,"Pennsylvania","Adams County",1,79,630,298,332
050,42,001,"Pennsylvania","Adams County",1,80,569,255,314
050,42,001,"Pennsylvania","Adams County",1,81,540,252,288
050,42,001,"Pennsylvania","Adams County",1,82,460,202,258
050,42,001,"Pennsylvania","Adams County",1,83,411,181,230
050,42,001,"Pennsylvania","Adams County",1,84,384,162,222
050,42,001,"Pennsylvania","Adams County",1,85,2284,879,1405
050,42,001,"Pennsylvania","Adams County",2,0,888,454,434
050,42,001,"Pennsylvania","Adams County",2,1,946,492,454
050,42,001,"Pennsylvania","Adams County",2,2,1015,518,497
050,42,001,"Pennsylvania","Adams County",2,3,1039,517,522
050,42,001,"Pennsylvania","Adams County",2,4,1051,525,526
050,42,001,"Pennsylvania","Adams County",2,5,1101,556,545
050,42,001,"Pennsylvania","Adams County",2,6,1162,598,564
050,42,001,"Pennsylvania","Adams County",2,7,1155,607,548
050,42,001,"Pennsylvania","Adams County",2,8,1109,576,533
050,42,001,"Pennsylvania","Adams County",2,9,1122,580,542
050,42,001,"Pennsylvania","Adams County",2,10,1207,630,577
050,42,001,"Pennsylvania","Adams County",2,11,1228,633,595
050,42,001,"Pennsylvania","Adams County",2,12,1287,648,639
050,42,001,"Pennsylvania","Adams County",2,13,1308,660,648
050,42,001,"Pennsylvania","Adams County",2,14,1269,659,610
050,42,001,"Pennsylvania","Adams County",2,15,1298,671,627
050,42,001,"Pennsylvania","Adams County",2,16,1358,702,656
050,42,001,"Pennsylvania","Adams County",2,17,1297,651,646
050,42,001,"Pennsylvania","Adams County",2,18,1355,662,693
050,42,001,"Pennsylvania","Adams County",2,19,1521,786,735
050,42,001,"Pennsylvania","Adams County",2,20,1509,757,752
050,42,001,"Pennsylvania","Adams County",2,21,1466,740,726
050,42,001,"Pennsylvania","Adams County",2,22,1295,675,620
050,42,001,"Pennsylvania","Adams County",2,23,1099,550,549
050,42,001,"Pennsylvania","Adams County",2,24,1088,548,540
050,42,001,"Pennsylvania","Adams County",2,25,1077,548,529
050,42,001,"Pennsylvania","Adams County",2,26,1078,553,525
050,42,001,"Pennsylvania","Adams County",2,27,1109,571,538
050,42,001,"Pennsylvania","Adams County",2,28,1145,581,564
050,42,001,"Pennsylvania","Adams County",2,29,1172,586,586
050,42,001,"Pennsylvania","Adams County",2,30,1160,580,580
050,42,001,"Pennsylvania","Adams County",2,31,1143,578,565
050,42,001,"Pennsylvania","Adams County",2,32,1175,599,576
050,42,001,"Pennsylvania","Adams County",2,33,1165,594,571
050,42,001,"Pennsylvania","Adams County",2,34,1131,565,566
050,42,001,"Pennsylvania","Adams County",2,35,1122,555,567
050,42,001,"Pennsylvania","Adams County",2,36,1133,588,545
050,42,001,"Pennsylvania","Adams County",2,37,1164,608,556
050,42,001,"Pennsylvania","Adams County",2,38,1172,598,574
050,42,001,"Pennsylvania","Adams County",2,39,1157,585,572
050,42,001,"Pennsylvania","Adams County",2,40,1085,537,548
050,42,001,"Pennsylvania","Adams County",2,41,1066,547,519
050,42,001,"Pennsylvania","Adams County",2,42,1117,589,528
050,42,001,"Pennsylvania","Adams County",2,43,1131,583,548
050,42,001,"Pennsylvania","Adams County",2,44,1090,556,534
050,42,001,"Pennsylvania","Adams County",2,45,1107,546,561
050,42,001,"Pennsylvania","Adams County",2,46,1094,527,567
050,42,001,"Pennsylvania","Adams County",2,47,1187,582,605
050,42,001,"Pennsylvania","Adams County",2,48,1320,675,645
050,42,001,"Pennsylvania","Adams County",2,49,1431,737,694
050,42,001,"Pennsylvania","Adams County",2,50,1435,714,721
050,42,001,"Pennsylvania","Adams County",2,51,1430,705,725
050,42,001,"Pennsylvania","Adams County",2,52,1446,721,725
050,42,001,"Pennsylvania","Adams County",2,53,1462,724,738
050,42,001,"Pennsylvania","Adams County",2,54,1496,740,756
050,42,001,"Pennsylvania","Adams County",2,55,1608,805,803
050,42,001,"Pennsylvania","Adams County",2,56,1668,818,850
050,42,001,"Pennsylvania","Adams County",2,57,1632,806,826
050,42,001,"Pennsylvania","Adams County",2,58,1633,823,810
050,42,001,"Pennsylvania","Adams County",2,59,1635,826,809
050,42,001,"Pennsylvania","Adams County",2,60,1570,780,790
050,42,001,"Pennsylvania","Adams County",2,61,1592,793,799
050,42,001,"Pennsylvania","Adams County",2,62,1623,805,818
050,42,001,"Pennsylvania","Adams County",2,63,1593,776,817
050,42,001,"Pennsylvania","Adams County",2,64,1521,747,774
050,42,001,"Pennsylvania","Adams County",2,65,1507,733,774
050,42,001,"Pennsylvania","Adams County",2,66,1505,728,777
050,42,001,"Pennsylvania","Adams County",2,67,1474,730,744
050,42,001,"Pennsylvania","Adams County",2,68,1407,683,724
050,42,001,"Pennsylvania","Adams County",2,69,1306,629,677
050,42,001,"Pennsylvania","Adams County",2,70,1241,614,627
050,42,001,"Pennsylvania","Adams County",2,71,1200,583,617
050,42,001,"Pennsylvania","Adams County",2,72,1215,555,660
050,42,001,"Pennsylvania","Adams County",2,73,1298,595,703
050,42,001,"Pennsylvania","Adams County",2,74,864,401,463
050,42,001,"Pennsylvania","Adams County",2,75,815,389,426
050,42,001,"Pennsylvania","Adams County",2,76,818,384,434
050,42,001,"Pennsylvania","Adams County",2,77,860,393,467
050,42,001,"Pennsylvania","Adams County",2,78,743,344,399
050,42,001,"Pennsylvania","Adams County",2,79,645,306,339
050,42,001,"Pennsylvania","Adams County",2,80,582,264,318
050,42,001,"Pennsylvania","Adams County",2,81,538,247,291
050,42,001,"Pennsylvania","Adams County",2,82,475,212,263
050,42,001,"Pennsylvania","Adams County",2,83,401,180,221
050,42,001,"Pennsylvania","Adams County",2,84,388,165,223
050,42,001,"Pennsylvania","Adams County",2,85,2268,874,1394
050,42,001,"Pennsylvania","Adams County",3,0,936,486,450
050,42,001,"Pennsylvania","Adams County",3,1,919,462,457
050,42,001,"Pennsylvania","Adams County",3,2,965,501,464
050,42,001,"Pennsylvania","Adams County",3,3,1026,514,512
050,42,001,"Pennsylvania","Adams County",3,4,1054,523,531
050,42,001,"Pennsylvania","Adams County",3,5,1075,535,540
050,42,001,"Pennsylvania","Adams County",3,6,1133,575,558
050,42,001,"Pennsylvania","Adams County",3,7,1180,600,580
050,42,001,"Pennsylvania","Adams County",3,8,1168,606,562
050,42,001,"Pennsylvania","Adams County",3,9,1116,578,538
050,42,001,"Pennsylvania","Adams County",3,10,1149,607,542
050,42,001,"Pennsylvania","Adams County",3,11,1212,635,577
050,42,001,"Pennsylvania","Adams County",3,12,1238,632,606
050,42,001,"Pennsylvania","Adams County",3,13,1317,663,654
050,42,001,"Pennsylvania","Adams County",3,14,1336,678,658
050,42,001,"Pennsylvania","Adams County",3,15,1279,665,614
050,42,001,"Pennsylvania","Adams County",3,16,1306,662,644
050,42,001,"Pennsylvania","Adams County",3,17,1334,689,645
050,42,001,"Pennsylvania","Adams County",3,18,1606,774,832
050,42,001,"Pennsylvania","Adams County",3,19,1889,981,908
050,42,001,"Pennsylvania","Adams County",3,20,1835,918,917
050,42,001,"Pennsylvania","Adams County",3,21,1727,874,853
050,42,001,"Pennsylvania","Adams County",3,22,1464,749,715
050,42,001,"Pennsylvania","Adams County",3,23,1118,564,554
050,42,001,"Pennsylvania","Adams County",3,24,1098,551,547
050,42,001,"Pennsylvania","Adams County",3,25,1071,536,535
050,42,001,"Pennsylvania","Adams County",3,26,1088,559,529
050,42,001,"Pennsylvania","Adams County",3,27,1091,548,543
050,42,001,"Pennsylvania","Adams County",3,28,1142,583,559
050,42,001,"Pennsylvania","Adams County",3,29,1165,601,564
050,42,001,"Pennsylvania","Adams County",3,30,1186,591,595
050,42,001,"Pennsylvania","Adams County",3,31,1189,596,593
050,42,001,"Pennsylvania","Adams County",3,32,1214,610,604
050,42,001,"Pennsylvania","Adams County",3,33,1191,597,594
050,42,001,"Pennsylvania","Adams County",3,34,1163,602,561
050,42,001,"Pennsylvania","Adams County",3,35,1144,554,590
050,42,001,"Pennsylvania","Adams County",3,36,1148,566,582
050,42,001,"Pennsylvania","Adams County",3,37,1134,591,543
050,42,001,"Pennsylvania","Adams County",3,38,1184,621,563
050,42,001,"Pennsylvania","Adams County",3,39,1173,596,577
050,42,001,"Pennsylvania","Adams County",3,40,1174,593,581
050,42,001,"Pennsylvania","Adams County",3,41,1103,550,553
050,42,001,"Pennsylvania","Adams County",3,42,1104,567,537
050,42,001,"Pennsylvania","Adams County",3,43,1112,573,539
050,42,001,"Pennsylvania","Adams County",3,44,1137,594,543
050,42,001,"Pennsylvania","Adams County",3,45,1087,553,534
050,42,001,"Pennsylvania","Adams County",3,46,1111,546,565
050,42,001,"Pennsylvania","Adams County",3,47,1090,527,563
050,42,001,"Pennsylvania","Adams County",3,48,1184,578,606
050,42,001,"Pennsylvania","Adams County",3,49,1326,668,658
050,42,001,"Pennsylvania","Adams County",3,50,1452,739,713
050,42,001,"Pennsylvania","Adams County",3,51,1418,708,710
050,42,001,"Pennsylvania","Adams County",3,52,1422,708,714
050,42,001,"Pennsylvania","Adams County",3,53,1453,722,731
050,42,001,"Pennsylvania","Adams County",3,54,1470,731,739
050,42,001,"Pennsylvania","Adams County",3,55,1500,737,763
050,42,001,"Pennsylvania","Adams County",3,56,1629,819,810
050,42,001,"Pennsylvania","Adams County",3,57,1660,812,848
050,42,001,"Pennsylvania","Adams County",3,58,1620,799,821
050,42,001,"Pennsylvania","Adams County",3,59,1625,819,806
050,42,001,"Pennsylvania","Adams County",3,60,1642,820,822
050,42,001,"Pennsylvania","Adams County",3,61,1575,784,791
050,42,001,"Pennsylvania","Adams County",3,62,1619,803,816
050,42,001,"Pennsylvania","Adams County",3,63,1640,809,831
050,42,001,"Pennsylvania","Adams County",3,64,1602,782,820
050,42,001,"Pennsylvania","Adams County",3,65,1512,744,768
050,42,001,"Pennsylvania","Adams County",3,66,1494,724,770
050,42,001,"Pennsylvania","Adams County",3,67,1484,718,766
050,42,001,"Pennsylvania","Adams County",3,68,1461,721,740
050,42,001,"Pennsylvania","Adams County",3,69,1386,668,718
050,42,001,"Pennsylvania","Adams County",3,70,1290,614,676
050,42,001,"Pennsylvania","Adams County",3,71,1218,600,618
050,42,001,"Pennsylvania","Adams County",3,72,1188,570,618
050,42,001,"Pennsylvania","Adams County",3,73,1216,557,659
050,42,001,"Pennsylvania","Adams County",3,74,1272,576,696
050,42,001,"Pennsylvania","Adams County",3,75,826,373,453
050,42,001,"Pennsylvania","Adams County",3,76,791,375,416
050,42,001,"Pennsylvania","Adams County",3,77,787,369,418
050,42,001,"Pennsylvania","Adams County",3,78,828,376,452
050,42,001,"Pennsylvania","Adams County",3,79,699,323,376
050,42,001,"Pennsylvania","Adams County",3,80,639,286,353
050,42,001,"Pennsylvania","Adams County",3,81,554,254,300
050,42,001,"Pennsylvania","Adams County",3,82,492,229,263
050,42,001,"Pennsylvania","Adams County",3,83,433,189,244
050,42,001,"Pennsylvania","Adams County",3,84,372,157,215
050,42,001,"Pennsylvania","Adams County",3,85,2226,864,1362
050,42,001,"Pennsylvania","Adams County",4,0,957,493,464
050,42,001,"Pennsylvania","Adams County",4,1,981,494,487
050,42,001,"Pennsylvania","Adams County",4,2,946,496,450
050,42,001,"Pennsylvania","Adams County",4,3,969,511,458
050,42,001,"Pennsylvania","Adams County",4,4,1042,524,518
050,42,001,"Pennsylvania","Adams County",4,5,1054,513,541
050,42,001,"Pennsylvania","Adams County",4,6,1096,559,537
050,42,001,"Pennsylvania","Adams County",4,7,1146,584,562
050,42,001,"Pennsylvania","Adams County",4,8,1206,620,586
050,42,001,"Pennsylvania","Adams County",4,9,1193,608,585
050,42,001,"Pennsylvania","Adams County",4,10,1136,588,548
050,42,001,"Pennsylvania","Adams County",4,11,1134,586,548
050,42,001,"Pennsylvania","Adams County",4,12,1204,633,571
050,42,001,"Pennsylvania","Adams County",4,13,1247,651,596
050,42,001,"Pennsylvania","Adams County",4,14,1326,660,666
050,42,001,"Pennsylvania","Adams County",4,15,1324,664,660
050,42,001,"Pennsylvania","Adams County",4,16,1279,680,599
050,42,001,"Pennsylvania","Adams County",4,17,1304,664,640
050,42,001,"Pennsylvania","Adams County",4,18,1610,790,820
050,42,001,"Pennsylvania","Adams County",4,19,1872,974,898
050,42,001,"Pennsylvania","Adams County",4,20,1772,903,869
050,42,001,"Pennsylvania","Adams County",4,21,1702,863,839
050,42,001,"Pennsylvania","Adams County",4,22,1448,760,688
050,42,001,"Pennsylvania","Adams County",4,23,1085,530,555
050,42,001,"Pennsylvania","Adams County",4,24,1058,554,504
050,42,001,"Pennsylvania","Adams County",4,25,1099,554,545
050,42,001,"Pennsylvania","Adams County",4,26,1059,537,522
050,42,001,"Pennsylvania","Adams County",4,27,1071,551,520
050,42,001,"Pennsylvania","Adams County",4,28,1117,567,550
050,42,001,"Pennsylvania","Adams County",4,29,1192,611,581
050,42,001,"Pennsylvania","Adams County",4,30,1178,610,568
050,42,001,"Pennsylvania","Adams County",4,31,1225,613,612
050,42,001,"Pennsylvania","Adams County",4,32,1215,604,611
050,42,001,"Pennsylvania","Adams County",4,33,1235,621,614
050,42,001,"Pennsylvania","Adams County",4,34,1215,619,596
050,42,001,"Pennsylvania","Adams County",4,35,1166,608,558
050,42,001,"Pennsylvania","Adams County",4,36,1156,565,591
050,42,001,"Pennsylvania","Adams County",4,37,1174,592,582
050,42,001,"Pennsylvania","Adams County",4,38,1132,580,552
050,42,001,"Pennsylvania","Adams County",4,39,1213,640,573
050,42,001,"Pennsylvania","Adams County",4,40,1196,611,585
050,42,001,"Pennsylvania","Adams County",4,41,1189,603,586
050,42,001,"Pennsylvania","Adams County",4,42,1126,558,568
050,42,001,"Pennsylvania","Adams County",4,43,1111,564,547
050,42,001,"Pennsylvania","Adams County",4,44,1112,591,521
050,42,001,"Pennsylvania","Adams County",4,45,1145,595,550
050,42,001,"Pennsylvania","Adams County",4,46,1098,559,539
050,42,001,"Pennsylvania","Adams County",4,47,1114,545,569
050,42,001,"Pennsylvania","Adams County",4,48,1095,534,561
050,42,001,"Pennsylvania","Adams County",4,49,1191,576,615
050,42,001,"Pennsylvania","Adams County",4,50,1326,662,664
050,42,001,"Pennsylvania","Adams County",4,51,1459,752,707
050,42,001,"Pennsylvania","Adams County",4,52,1421,712,709
050,42,001,"Pennsylvania","Adams County",4,53,1447,725,722
050,42,001,"Pennsylvania","Adams County",4,54,1468,717,751
050,42,001,"Pennsylvania","Adams County",4,55,1477,735,742
050,42,001,"Pennsylvania","Adams County",4,56,1503,735,768
050,42,001,"Pennsylvania","Adams County",4,57,1626,831,795
050,42,001,"Pennsylvania","Adams County",4,58,1651,809,842
050,42,001,"Pennsylvania","Adams County",4,59,1630,807,823
050,42,001,"Pennsylvania","Adams County",4,60,1631,820,811
050,42,001,"Pennsylvania","Adams County",4,61,1647,820,827
050,42,001,"Pennsylvania","Adams County",4,62,1565,767,798
050,42,001,"Pennsylvania","Adams County",4,63,1618,791,827
050,42,001,"Pennsylvania","Adams County",4,64,1646,808,838
050,42,001,"Pennsylvania","Adams County",4,65,1615,796,819
050,42,001,"Pennsylvania","Adams County",4,66,1494,729,765
050,42,001,"Pennsylvania","Adams County",4,67,1472,714,758
050,42,001,"Pennsylvania","Adams County",4,68,1468,701,767
050,42,001,"Pennsylvania","Adams County",4,69,1450,713,737
050,42,001,"Pennsylvania","Adams County",4,70,1380,656,724
050,42,001,"Pennsylvania","Adams County",4,71,1273,603,670
050,42,001,"Pennsylvania","Adams County",4,72,1204,592,612
050,42,001,"Pennsylvania","Adams County",4,73,1165,559,606
050,42,001,"Pennsylvania","Adams County",4,74,1176,530,646
050,42,001,"Pennsylvania","Adams County",4,75,1241,557,684
050,42,001,"Pennsylvania","Adams County",4,76,812,357,455
050,42,001,"Pennsylvania","Adams County",4,77,766,365,401
050,42,001,"Pennsylvania","Adams County",4,78,765,351,414
050,42,001,"Pennsylvania","Adams County",4,79,788,359,429
050,42,001,"Pennsylvania","Adams County",4,80,677,305,372
050,42,001,"Pennsylvania","Adams County",4,81,608,275,333
050,42,001,"Pennsylvania","Adams County",4,82,514,229,285
050,42,001,"Pennsylvania","Adams County",4,83,455,217,238
050,42,001,"Pennsylvania","Adams County",4,84,405,173,232
050,42,001,"Pennsylvania","Adams County",4,85,2201,849,1352
050,42,001,"Pennsylvania","Adams County",5,0,954,490,464
050,42,001,"Pennsylvania","Adams County",5,1,998,510,488
050,42,001,"Pennsylvania","Adams County",5,2,1010,518,492
050,42,001,"Pennsylvania","Adams County",5,3,970,513,457
050,42,001,"Pennsylvania","Adams County",5,4,994,525,469
050,42,001,"Pennsylvania","Adams County",5,5,1060,540,520
050,42,001,"Pennsylvania","Adams County",5,6,1067,520,547
050,42,001,"Pennsylvania","Adams County",5,7,1107,559,548
050,42,001,"Pennsylvania","Adams County",5,8,1170,601,569
050,42,001,"Pennsylvania","Adams County",5,9,1223,614,609
050,42,001,"Pennsylvania","Adams County",5,10,1204,618,586
050,42,001,"Pennsylvania","Adams County",5,11,1132,592,540
050,42,001,"Pennsylvania","Adams County",5,12,1161,605,556
050,42,001,"Pennsylvania","Adams County",5,13,1213,642,571
050,42,001,"Pennsylvania","Adams County",5,14,1256,652,604
050,42,001,"Pennsylvania","Adams County",5,15,1342,662,680
050,42,001,"Pennsylvania","Adams County",5,16,1324,666,658
050,42,001,"Pennsylvania","Adams County",5,17,1302,685,617
050,42,001,"Pennsylvania","Adams County",5,18,1579,756,823
050,42,001,"Pennsylvania","Adams County",5,19,1901,1005,896
050,42,001,"Pennsylvania","Adams County",5,20,1811,925,886
050,42,001,"Pennsylvania","Adams County",5,21,1687,874,813
050,42,001,"Pennsylvania","Adams County",5,22,1431,749,682
050,42,001,"Pennsylvania","Adams County",5,23,1095,545,550
050,42,001,"Pennsylvania","Adams County",5,24,1117,572,545
050,42,001,"Pennsylvania","Adams County",5,25,1055,559,496
050,42,001,"Pennsylvania","Adams County",5,26,1119,576,543
050,42,001,"Pennsylvania","Adams County",5,27,1083,530,553
050,42,001,"Pennsylvania","Adams County",5,28,1094,568,526
050,42,001,"Pennsylvania","Adams County",5,29,1126,563,563
050,42,001,"Pennsylvania","Adams County",5,30,1212,632,580
050,42,001,"Pennsylvania","Adams County",5,31,1190,610,580
050,42,001,"Pennsylvania","Adams County",5,32,1248,616,632
050,42,001,"Pennsylvania","Adams County",5,33,1239,631,608
050,42,001,"Pennsylvania","Adams County",5,34,1235,622,613
050,42,001,"Pennsylvania","Adams County",5,35,1227,628,599
050,42,001,"Pennsylvania","Adams County",5,36,1199,625,574
050,42,001,"Pennsylvania","Adams County",5,37,1168,581,587
050,42,001,"Pennsylvania","Adams County",5,38,1191,601,590
050,42,001,"Pennsylvania","Adams County",5,39,1150,588,562
050,42,001,"Pennsylvania","Adams County",5,40,1200,636,564
050,42,001,"Pennsylvania","Adams County",5,41,1207,614,593
050,42,001,"Pennsylvania","Adams County",5,42,1212,621,591
050,42,001,"Pennsylvania","Adams County",5,43,1137,567,570
050,42,001,"Pennsylvania","Adams County",5,44,1097,561,536
050,42,001,"Pennsylvania","Adams County",5,45,1088,573,515
050,42,001,"Pennsylvania","Adams County",5,46,1130,589,541
050,42,001,"Pennsylvania","Adams County",5,47,1101,551,550
050,42,001,"Pennsylvania","Adams County",5,48,1124,557,567
050,42,001,"Pennsylvania","Adams County",5,49,1112,537,575
050,42,001,"Pennsylvania","Adams County",5,50,1213,589,624
050,42,001,"Pennsylvania","Adams County",5,51,1332,675,657
050,42,001,"Pennsylvania","Adams County",5,52,1449,756,693
050,42,001,"Pennsylvania","Adams County",5,53,1423,717,706
050,42,001,"Pennsylvania","Adams County",5,54,1468,725,743
050,42,001,"Pennsylvania","Adams County",5,55,1483,727,756
050,42,001,"Pennsylvania","Adams County",5,56,1471,726,745
050,42,001,"Pennsylvania","Adams County",5,57,1521,759,762
050,42,001,"Pennsylvania","Adams County",5,58,1624,823,801
050,42,001,"Pennsylvania","Adams County",5,59,1646,806,840
050,42,001,"Pennsylvania","Adams County",5,60,1636,797,839
050,42,001,"Pennsylvania","Adams County",5,61,1640,814,826
050,42,001,"Pennsylvania","Adams County",5,62,1661,823,838
050,42,001,"Pennsylvania","Adams County",5,63,1575,764,811
050,42,001,"Pennsylvania","Adams County",5,64,1650,809,841
050,42,001,"Pennsylvania","Adams County",5,65,1639,798,841
050,42,001,"Pennsylvania","Adams County",5,66,1632,795,837
050,42,001,"Pennsylvania","Adams County",5,67,1495,728,767
050,42,001,"Pennsylvania","Adams County",5,68,1477,711,766
050,42,001,"Pennsylvania","Adams County",5,69,1480,701,779
050,42,001,"Pennsylvania","Adams County",5,70,1455,698,757
050,42,001,"Pennsylvania","Adams County",5,71,1383,655,728
050,42,001,"Pennsylvania","Adams County",5,72,1268,600,668
050,42,001,"Pennsylvania","Adams County",5,73,1191,590,601
050,42,001,"Pennsylvania","Adams County",5,74,1164,552,612
050,42,001,"Pennsylvania","Adams County",5,75,1149,514,635
050,42,001,"Pennsylvania","Adams County",5,76,1225,543,682
050,42,001,"Pennsylvania","Adams County",5,77,779,342,437
050,42,001,"Pennsylvania","Adams County",5,78,748,348,400
050,42,001,"Pennsylvania","Adams County",5,79,732,340,392
050,42,001,"Pennsylvania","Adams County",5,80,755,334,421
050,42,001,"Pennsylvania","Adams County",5,81,635,288,347
050,42,001,"Pennsylvania","Adams County",5,82,564,250,314
050,42,001,"Pennsylvania","Adams County",5,83,478,210,268
050,42,001,"Pennsylvania","Adams County",5,84,428,202,226
050,42,001,"Pennsylvania","Adams County",5,85,2227,858,1369
050,42,003,"Pennsylvania","Allegheny County",1,0,12981,6650,6331
050,42,003,"Pennsylvania","Allegheny County",1,1,13072,6757,6315
050,42,003,"Pennsylvania","Allegheny County",1,2,13002,6681,6321
050,42,003,"Pennsylvania","Allegheny County",1,3,13225,6720,6505
050,42,003,"Pennsylvania","Allegheny County",1,4,13203,6722,6481
050,42,003,"Pennsylvania","Allegheny County",1,5,12998,6637,6361
050,42,003,"Pennsylvania","Allegheny County",1,6,12953,6541,6412
050,42,003,"Pennsylvania","Allegheny County",1,7,12930,6651,6279
050,42,003,"Pennsylvania","Allegheny County",1,8,12708,6542,6166
050,42,003,"Pennsylvania","Allegheny County",1,9,12887,6568,6319
050,42,003,"Pennsylvania","Allegheny County",1,10,13196,6691,6505
050,42,003,"Pennsylvania","Allegheny County",1,11,13282,6790,6492
050,42,003,"Pennsylvania","Allegheny County",1,12,13611,7061,6550
050,42,003,"Pennsylvania","Allegheny County",1,13,13459,6950,6509
050,42,003,"Pennsylvania","Allegheny County",1,14,13308,6818,6490
050,42,003,"Pennsylvania","Allegheny County",1,15,13270,6800,6470
050,42,003,"Pennsylvania","Allegheny County",1,16,13497,6905,6592
050,42,003,"Pennsylvania","Allegheny County",1,17,13473,6838,6635
050,42,003,"Pennsylvania","Allegheny County",1,18,14970,7434,7536
050,42,003,"Pennsylvania","Allegheny County",1,19,16882,8502,8380
050,42,003,"Pennsylvania","Allegheny County",1,20,15180,7590,7590
050,42,003,"Pennsylvania","Allegheny County",1,21,13932,6980,6952
050,42,003,"Pennsylvania","Allegheny County",1,22,13938,6859,7079
050,42,003,"Pennsylvania","Allegheny County",1,23,15111,7405,7706
050,42,003,"Pennsylvania","Allegheny County",1,24,16286,8060,8226
050,42,003,"Pennsylvania","Allegheny County",1,25,17057,8564,8493
050,42,003,"Pennsylvania","Allegheny County",1,26,17853,9045,8808
050,42,003,"Pennsylvania","Allegheny County",1,27,18548,9388,9160
050,42,003,"Pennsylvania","Allegheny County",1,28,18990,9596,9394
050,42,003,"Pennsylvania","Allegheny County",1,29,19300,9716,9584
050,42,003,"Pennsylvania","Allegheny County",1,30,19901,10089,9812
050,42,003,"Pennsylvania","Allegheny County",1,31,20209,10234,9975
050,42,003,"Pennsylvania","Allegheny County",1,32,19955,10077,9878
050,42,003,"Pennsylvania","Allegheny County",1,33,19450,9924,9526
050,42,003,"Pennsylvania","Allegheny County",1,34,19150,9864,9286
050,42,003,"Pennsylvania","Allegheny County",1,35,18159,9322,8837
050,42,003,"Pennsylvania","Allegheny County",1,36,17384,8916,8468
050,42,003,"Pennsylvania","Allegheny County",1,37,17051,8749,8302
050,42,003,"Pennsylvania","Allegheny County",1,38,16637,8525,8112
050,42,003,"Pennsylvania","Allegheny County",1,39,16170,8273,7897
050,42,003,"Pennsylvania","Allegheny County",1,40,15539,7895,7644
050,42,003,"Pennsylvania","Allegheny County",1,41,14679,7405,7274
050,42,003,"Pennsylvania","Allegheny County",1,42,14204,7105,7099
050,42,003,"Pennsylvania","Allegheny County",1,43,13670,6882,6788
050,42,003,"Pennsylvania","Allegheny County",1,44,13154,6623,6531
050,42,003,"Pennsylvania","Allegheny County",1,45,13027,6491,6536
050,42,003,"Pennsylvania","Allegheny County",1,46,12815,6368,6447
050,42,003,"Pennsylvania","Allegheny County",1,47,13329,6687,6642
050,42,003,"Pennsylvania","Allegheny County",1,48,14472,7256,7216
050,42,003,"Pennsylvania","Allegheny County",1,49,15635,7802,7833
050,42,003,"Pennsylvania","Allegheny County",1,50,15164,7485,7679
050,42,003,"Pennsylvania","Allegheny County",1,51,14782,7310,7472
050,42,003,"Pennsylvania","Allegheny County",1,52,14662,7199,7463
050,42,003,"Pennsylvania","Allegheny County",1,53,15045,7267,7778
050,42,003,"Pennsylvania","Allegheny County",1,54,15612,7535,8077
050,42,003,"Pennsylvania","Allegheny County",1,55,16330,7880,8450
050,42,003,"Pennsylvania","Allegheny County",1,56,16557,8019,8538
050,42,003,"Pennsylvania","Allegheny County",1,57,16780,8084,8696
050,42,003,"Pennsylvania","Allegheny County",1,58,17648,8459,9189
050,42,003,"Pennsylvania","Allegheny County",1,59,18030,8689,9341
050,42,003,"Pennsylvania","Allegheny County",1,60,18091,8635,9456
050,42,003,"Pennsylvania","Allegheny County",1,61,18580,8932,9648
050,42,003,"Pennsylvania","Allegheny County",1,62,18781,9071,9710
050,42,003,"Pennsylvania","Allegheny County",1,63,18051,8636,9415
050,42,003,"Pennsylvania","Allegheny County",1,64,17438,8318,9120
050,42,003,"Pennsylvania","Allegheny County",1,65,17182,8184,8998
050,42,003,"Pennsylvania","Allegheny County",1,66,16633,7933,8700
050,42,003,"Pennsylvania","Allegheny County",1,67,16130,7672,8458
050,42,003,"Pennsylvania","Allegheny County",1,68,15485,7285,8200
050,42,003,"Pennsylvania","Allegheny County",1,69,14057,6517,7540
050,42,003,"Pennsylvania","Allegheny County",1,70,13535,6252,7283
050,42,003,"Pennsylvania","Allegheny County",1,71,12941,5861,7080
050,42,003,"Pennsylvania","Allegheny County",1,72,12794,5809,6985
050,42,003,"Pennsylvania","Allegheny County",1,73,12682,5788,6894
050,42,003,"Pennsylvania","Allegheny County",1,74,8395,3715,4680
050,42,003,"Pennsylvania","Allegheny County",1,75,8283,3665,4618
050,42,003,"Pennsylvania","Allegheny County",1,76,8496,3671,4825
050,42,003,"Pennsylvania","Allegheny County",1,77,8737,3725,5012
050,42,003,"Pennsylvania","Allegheny County",1,78,7528,3087,4441
050,42,003,"Pennsylvania","Allegheny County",1,79,6712,2740,3972
050,42,003,"Pennsylvania","Allegheny County",1,80,6160,2477,3683
050,42,003,"Pennsylvania","Allegheny County",1,81,6005,2443,3562
050,42,003,"Pennsylvania","Allegheny County",1,82,5592,2212,3380
050,42,003,"Pennsylvania","Allegheny County",1,83,5049,1965,3084
050,42,003,"Pennsylvania","Allegheny County",1,84,4805,1847,2958
050,42,003,"Pennsylvania","Allegheny County",1,85,32092,10387,21705
050,42,003,"Pennsylvania","Allegheny County",2,0,12832,6555,6277
050,42,003,"Pennsylvania","Allegheny County",2,1,12973,6693,6280
050,42,003,"Pennsylvania","Allegheny County",2,2,13006,6696,6310
050,42,003,"Pennsylvania","Allegheny County",2,3,13110,6686,6424
050,42,003,"Pennsylvania","Allegheny County",2,4,13208,6722,6486
050,42,003,"Pennsylvania","Allegheny County",2,5,13032,6653,6379
050,42,003,"Pennsylvania","Allegheny County",2,6,12985,6585,6400
050,42,003,"Pennsylvania","Allegheny County",2,7,12913,6615,6298
050,42,003,"Pennsylvania","Allegheny County",2,8,12727,6547,6180
050,42,003,"Pennsylvania","Allegheny County",2,9,12826,6554,6272
050,42,003,"Pennsylvania","Allegheny County",2,10,13099,6649,6450
050,42,003,"Pennsylvania","Allegheny County",2,11,13204,6736,6468
050,42,003,"Pennsylvania","Allegheny County",2,12,13580,7027,6553
050,42,003,"Pennsylvania","Allegheny County",2,13,13478,6977,6501
050,42,003,"Pennsylvania","Allegheny County",2,14,13335,6847,6488
050,42,003,"Pennsylvania","Allegheny County",2,15,13273,6799,6474
050,42,003,"Pennsylvania","Allegheny County",2,16,13451,6882,6569
050,42,003,"Pennsylvania","Allegheny County",2,17,13489,6855,6634
050,42,003,"Pennsylvania","Allegheny County",2,18,14915,7404,7511
050,42,003,"Pennsylvania","Allegheny County",2,19,16861,8472,8389
050,42,003,"Pennsylvania","Allegheny County",2,20,15313,7646,7667
050,42,003,"Pennsylvania","Allegheny County",2,21,13968,7003,6965
050,42,003,"Pennsylvania","Allegheny County",2,22,13987,6888,7099
050,42,003,"Pennsylvania","Allegheny County",2,23,15044,7388,7656
050,42,003,"Pennsylvania","Allegheny County",2,24,16120,7968,8152
050,42,003,"Pennsylvania","Allegheny County",2,25,16967,8506,8461
050,42,003,"Pennsylvania","Allegheny County",2,26,17784,9014,8770
050,42,003,"Pennsylvania","Allegheny County",2,27,18396,9323,9073
050,42,003,"Pennsylvania","Allegheny County",2,28,18898,9571,9327
050,42,003,"Pennsylvania","Allegheny County",2,29,19181,9665,9516
050,42,003,"Pennsylvania","Allegheny County",2,30,19807,10016,9791
050,42,003,"Pennsylvania","Allegheny County",2,31,20041,10153,9888
050,42,003,"Pennsylvania","Allegheny County",2,32,19919,10051,9868
050,42,003,"Pennsylvania","Allegheny County",2,33,19514,9938,9576
050,42,003,"Pennsylvania","Allegheny County",2,34,19177,9856,9321
050,42,003,"Pennsylvania","Allegheny County",2,35,18471,9499,8972
050,42,003,"Pennsylvania","Allegheny County",2,36,17429,8938,8491
050,42,003,"Pennsylvania","Allegheny County",2,37,17118,8775,8343
050,42,003,"Pennsylvania","Allegheny County",2,38,16746,8580,8166
050,42,003,"Pennsylvania","Allegheny County",2,39,16224,8298,7926
050,42,003,"Pennsylvania","Allegheny County",2,40,15760,8024,7736
050,42,003,"Pennsylvania","Allegheny County",2,41,14851,7504,7347
050,42,003,"Pennsylvania","Allegheny County",2,42,14240,7151,7089
050,42,003,"Pennsylvania","Allegheny County",2,43,13869,6960,6909
050,42,003,"Pennsylvania","Allegheny County",2,44,13139,6617,6522
050,42,003,"Pennsylvania","Allegheny County",2,45,13099,6545,6554
050,42,003,"Pennsylvania","Allegheny County",2,46,12817,6371,6446
050,42,003,"Pennsylvania","Allegheny County",2,47,13153,6583,6570
050,42,003,"Pennsylvania","Allegheny County",2,48,14178,7110,7068
050,42,003,"Pennsylvania","Allegheny County",2,49,15401,7703,7698
050,42,003,"Pennsylvania","Allegheny County",2,50,15281,7572,7709
050,42,003,"Pennsylvania","Allegheny County",2,51,14797,7320,7477
050,42,003,"Pennsylvania","Allegheny County",2,52,14617,7183,7434
050,42,003,"Pennsylvania","Allegheny County",2,53,14926,7229,7697
050,42,003,"Pennsylvania","Allegheny County",2,54,15401,7440,7961
050,42,003,"Pennsylvania","Allegheny County",2,55,16110,7767,8343
050,42,003,"Pennsylvania","Allegheny County",2,56,16517,7992,8525
050,42,003,"Pennsylvania","Allegheny County",2,57,16716,8062,8654
050,42,003,"Pennsylvania","Allegheny County",2,58,17380,8333,9047
050,42,003,"Pennsylvania","Allegheny County",2,59,17960,8641,9319
050,42,003,"Pennsylvania","Allegheny County",2,60,17969,8589,9380
050,42,003,"Pennsylvania","Allegheny County",2,61,18373,8820,9553
050,42,003,"Pennsylvania","Allegheny County",2,62,18639,8991,9648
050,42,003,"Pennsylvania","Allegheny County",2,63,18312,8771,9541
050,42,003,"Pennsylvania","Allegheny County",2,64,17427,8320,9107
050,42,003,"Pennsylvania","Allegheny County",2,65,17132,8159,8973
050,42,003,"Pennsylvania","Allegheny County",2,66,16728,7972,8756
050,42,003,"Pennsylvania","Allegheny County",2,67,16133,7679,8454
050,42,003,"Pennsylvania","Allegheny County",2,68,15462,7295,8167
050,42,003,"Pennsylvania","Allegheny County",2,69,14427,6708,7719
050,42,003,"Pennsylvania","Allegheny County",2,70,13538,6256,7282
050,42,003,"Pennsylvania","Allegheny County",2,71,13019,5912,7107
050,42,003,"Pennsylvania","Allegheny County",2,72,12552,5685,6867
050,42,003,"Pennsylvania","Allegheny County",2,73,13210,6019,7191
050,42,003,"Pennsylvania","Allegheny County",2,74,8822,3930,4892
050,42,003,"Pennsylvania","Allegheny County",2,75,8262,3650,4612
050,42,003,"Pennsylvania","Allegheny County",2,76,8284,3599,4685
050,42,003,"Pennsylvania","Allegheny County",2,77,8769,3756,5013
050,42,003,"Pennsylvania","Allegheny County",2,78,7621,3149,4472
050,42,003,"Pennsylvania","Allegheny County",2,79,6795,2771,4024
050,42,003,"Pennsylvania","Allegheny County",2,80,6232,2513,3719
050,42,003,"Pennsylvania","Allegheny County",2,81,5920,2402,3518
050,42,003,"Pennsylvania","Allegheny County",2,82,5634,2229,3405
050,42,003,"Pennsylvania","Allegheny County",2,83,5038,1972,3066
050,42,003,"Pennsylvania","Allegheny County",2,84,4759,1825,2934
050,42,003,"Pennsylvania","Allegheny County",2,85,31895,10349,21546
050,42,003,"Pennsylvania","Allegheny County",3,0,12102,6280,5822
050,42,003,"Pennsylvania","Allegheny County",3,1,12581,6393,6188
050,42,003,"Pennsylvania","Allegheny County",3,2,12747,6553,6194
050,42,003,"Pennsylvania","Allegheny County",3,3,12802,6584,6218
050,42,003,"Pennsylvania","Allegheny County",3,4,12898,6578,6320
050,42,003,"Pennsylvania","Allegheny County",3,5,13016,6630,6386
050,42,003,"Pennsylvania","Allegheny County",3,6,12940,6606,6334
050,42,003,"Pennsylvania","Allegheny County",3,7,12854,6525,6329
050,42,003,"Pennsylvania","Allegheny County",3,8,12760,6556,6204
050,42,003,"Pennsylvania","Allegheny County",3,9,12631,6487,6144
050,42,003,"Pennsylvania","Allegheny County",3,10,12711,6514,6197
050,42,003,"Pennsylvania","Allegheny County",3,11,12986,6600,6386
050,42,003,"Pennsylvania","Allegheny County",3,12,13100,6677,6423
050,42,003,"Pennsylvania","Allegheny County",3,13,13511,6990,6521
050,42,003,"Pennsylvania","Allegheny County",3,14,13374,6908,6466
050,42,003,"Pennsylvania","Allegheny County",3,15,13246,6813,6433
050,42,003,"Pennsylvania","Allegheny County",3,16,13176,6751,6425
050,42,003,"Pennsylvania","Allegheny County",3,17,13499,6865,6634
050,42,003,"Pennsylvania","Allegheny County",3,18,15927,7842,8085
050,42,003,"Pennsylvania","Allegheny County",3,19,18403,9203,9200
050,42,003,"Pennsylvania","Allegheny County",3,20,16117,7980,8137
050,42,003,"Pennsylvania","Allegheny County",3,21,14524,7288,7236
050,42,003,"Pennsylvania","Allegheny County",3,22,13991,6898,7093
050,42,003,"Pennsylvania","Allegheny County",3,23,14941,7279,7662
050,42,003,"Pennsylvania","Allegheny County",3,24,15819,7788,8031
050,42,003,"Pennsylvania","Allegheny County",3,25,16582,8219,8363
050,42,003,"Pennsylvania","Allegheny County",3,26,17224,8731,8493
050,42,003,"Pennsylvania","Allegheny County",3,27,17906,9130,8776
050,42,003,"Pennsylvania","Allegheny County",3,28,18278,9312,8966
050,42,003,"Pennsylvania","Allegheny County",3,29,18709,9480,9229
050,42,003,"Pennsylvania","Allegheny County",3,30,19034,9616,9418
050,42,003,"Pennsylvania","Allegheny County",3,31,19677,9958,9719
050,42,003,"Pennsylvania","Allegheny County",3,32,19767,9993,9774
050,42,003,"Pennsylvania","Allegheny County",3,33,19628,9909,9719
050,42,003,"Pennsylvania","Allegheny County",3,34,19161,9773,9388
050,42,003,"Pennsylvania","Allegheny County",3,35,18854,9710,9144
050,42,003,"Pennsylvania","Allegheny County",3,36,18238,9370,8868
050,42,003,"Pennsylvania","Allegheny County",3,37,17216,8833,8383
050,42,003,"Pennsylvania","Allegheny County",3,38,16909,8655,8254
050,42,003,"Pennsylvania","Allegheny County",3,39,16573,8447,8126
050,42,003,"Pennsylvania","Allegheny County",3,40,16032,8202,7830
050,42,003,"Pennsylvania","Allegheny County",3,41,15651,7975,7676
050,42,003,"Pennsylvania","Allegheny County",3,42,14723,7460,7263
050,42,003,"Pennsylvania","Allegheny County",3,43,14101,7073,7028
050,42,003,"Pennsylvania","Allegheny County",3,44,13737,6895,6842
050,42,003,"Pennsylvania","Allegheny County",3,45,13057,6577,6480
050,42,003,"Pennsylvania","Allegheny County",3,46,12976,6415,6561
050,42,003,"Pennsylvania","Allegheny County",3,47,12645,6295,6350
050,42,003,"Pennsylvania","Allegheny County",3,48,12998,6495,6503
050,42,003,"Pennsylvania","Allegheny County",3,49,13986,6982,7004
050,42,003,"Pennsylvania","Allegheny County",3,50,15230,7634,7596
050,42,003,"Pennsylvania","Allegheny County",3,51,15062,7462,7600
050,42,003,"Pennsylvania","Allegheny County",3,52,14617,7199,7418
050,42,003,"Pennsylvania","Allegheny County",3,53,14448,7075,7373
050,42,003,"Pennsylvania","Allegheny County",3,54,14748,7128,7620
050,42,003,"Pennsylvania","Allegheny County",3,55,15136,7309,7827
050,42,003,"Pennsylvania","Allegheny County",3,56,15961,7680,8281
050,42,003,"Pennsylvania","Allegheny County",3,57,16290,7870,8420
050,42,003,"Pennsylvania","Allegheny County",3,58,16427,7904,8523
050,42,003,"Pennsylvania","Allegheny County",3,59,17038,8141,8897
050,42,003,"Pennsylvania","Allegheny County",3,60,17711,8500,9211
050,42,003,"Pennsylvania","Allegheny County",3,61,17604,8394,9210
050,42,003,"Pennsylvania","Allegheny County",3,62,18024,8629,9395
050,42,003,"Pennsylvania","Allegheny County",3,63,18291,8763,9528
050,42,003,"Pennsylvania","Allegheny County",3,64,17937,8559,9378
050,42,003,"Pennsylvania","Allegheny County",3,65,16972,8082,8890
050,42,003,"Pennsylvania","Allegheny County",3,66,16753,7947,8806
050,42,003,"Pennsylvania","Allegheny County",3,67,16436,7780,8656
050,42,003,"Pennsylvania","Allegheny County",3,68,15759,7473,8286
050,42,003,"Pennsylvania","Allegheny County",3,69,15080,7072,8008
050,42,003,"Pennsylvania","Allegheny County",3,70,14130,6519,7611
050,42,003,"Pennsylvania","Allegheny County",3,71,13140,6028,7112
050,42,003,"Pennsylvania","Allegheny County",3,72,12642,5722,6920
050,42,003,"Pennsylvania","Allegheny County",3,73,12156,5470,6686
050,42,003,"Pennsylvania","Allegheny County",3,74,12763,5757,7006
050,42,003,"Pennsylvania","Allegheny County",3,75,8499,3745,4754
050,42,003,"Pennsylvania","Allegheny County",3,76,7972,3477,4495
050,42,003,"Pennsylvania","Allegheny County",3,77,7908,3445,4463
050,42,003,"Pennsylvania","Allegheny County",3,78,8384,3554,4830
050,42,003,"Pennsylvania","Allegheny County",3,79,7249,2968,4281
050,42,003,"Pennsylvania","Allegheny County",3,80,6475,2606,3869
050,42,003,"Pennsylvania","Allegheny County",3,81,5865,2343,3522
050,42,003,"Pennsylvania","Allegheny County",3,82,5545,2173,3372
050,42,003,"Pennsylvania","Allegheny County",3,83,5215,2048,3167
050,42,003,"Pennsylvania","Allegheny County",3,84,4638,1775,2863
050,42,003,"Pennsylvania","Allegheny County",3,85,30797,10018,20779
050,42,003,"Pennsylvania","Allegheny County",4,0,12324,6394,5930
050,42,003,"Pennsylvania","Allegheny County",4,1,11855,6131,5724
050,42,003,"Pennsylvania","Allegheny County",4,2,12346,6292,6054
050,42,003,"Pennsylvania","Allegheny County",4,3,12547,6468,6079
050,42,003,"Pennsylvania","Allegheny County",4,4,12534,6416,6118
050,42,003,"Pennsylvania","Allegheny County",4,5,12719,6504,6215
050,42,003,"Pennsylvania","Allegheny County",4,6,12865,6554,6311
050,42,003,"Pennsylvania","Allegheny County",4,7,12750,6489,6261
050,42,003,"Pennsylvania","Allegheny County",4,8,12680,6426,6254
050,42,003,"Pennsylvania","Allegheny County",4,9,12630,6481,6149
050,42,003,"Pennsylvania","Allegheny County",4,10,12534,6460,6074
050,42,003,"Pennsylvania","Allegheny County",4,11,12566,6442,6124
050,42,003,"Pennsylvania","Allegheny County",4,12,12840,6546,6294
050,42,003,"Pennsylvania","Allegheny County",4,13,12975,6630,6345
050,42,003,"Pennsylvania","Allegheny County",4,14,13422,6918,6504
050,42,003,"Pennsylvania","Allegheny County",4,15,13238,6850,6388
050,42,003,"Pennsylvania","Allegheny County",4,16,13147,6769,6378
050,42,003,"Pennsylvania","Allegheny County",4,17,13266,6805,6461
050,42,003,"Pennsylvania","Allegheny County",4,18,15673,7764,7909
050,42,003,"Pennsylvania","Allegheny County",4,19,18033,9016,9017
050,42,003,"Pennsylvania","Allegheny County",4,20,15603,7697,7906
050,42,003,"Pennsylvania","Allegheny County",4,21,14190,7114,7076
050,42,003,"Pennsylvania","Allegheny County",4,22,14097,6956,7141
050,42,003,"Pennsylvania","Allegheny County",4,23,14666,7282,7384
050,42,003,"Pennsylvania","Allegheny County",4,24,15599,7625,7974
050,42,003,"Pennsylvania","Allegheny County",4,25,16217,8030,8187
050,42,003,"Pennsylvania","Allegheny County",4,26,16717,8389,8328
050,42,003,"Pennsylvania","Allegheny County",4,27,17158,8716,8442
050,42,003,"Pennsylvania","Allegheny County",4,28,17752,9070,8682
050,42,003,"Pennsylvania","Allegheny County",4,29,17949,9124,8825
050,42,003,"Pennsylvania","Allegheny County",4,30,18567,9394,9173
050,42,003,"Pennsylvania","Allegheny County",4,31,18781,9469,9312
050,42,003,"Pennsylvania","Allegheny County",4,32,19234,9702,9532
050,42,003,"Pennsylvania","Allegheny County",4,33,19424,9829,9595
050,42,003,"Pennsylvania","Allegheny County",4,34,19265,9740,9525
050,42,003,"Pennsylvania","Allegheny County",4,35,18873,9661,9212
050,42,003,"Pennsylvania","Allegheny County",4,36,18549,9553,8996
050,42,003,"Pennsylvania","Allegheny County",4,37,17864,9152,8712
050,42,003,"Pennsylvania","Allegheny County",4,38,16960,8696,8264
050,42,003,"Pennsylvania","Allegheny County",4,39,16655,8541,8114
050,42,003,"Pennsylvania","Allegheny County",4,40,16225,8241,7984
050,42,003,"Pennsylvania","Allegheny County",4,41,15715,8007,7708
050,42,003,"Pennsylvania","Allegheny County",4,42,15475,7873,7602
050,42,003,"Pennsylvania","Allegheny County",4,43,14555,7349,7206
050,42,003,"Pennsylvania","Allegheny County",4,44,13927,6971,6956
050,42,003,"Pennsylvania","Allegheny County",4,45,13560,6792,6768
050,42,003,"Pennsylvania","Allegheny County",4,46,12905,6484,6421
050,42,003,"Pennsylvania","Allegheny County",4,47,12839,6348,6491
050,42,003,"Pennsylvania","Allegheny County",4,48,12525,6229,6296
050,42,003,"Pennsylvania","Allegheny County",4,49,12822,6388,6434
050,42,003,"Pennsylvania","Allegheny County",4,50,13803,6897,6906
050,42,003,"Pennsylvania","Allegheny County",4,51,15020,7563,7457
050,42,003,"Pennsylvania","Allegheny County",4,52,14857,7378,7479
050,42,003,"Pennsylvania","Allegheny County",4,53,14367,7042,7325
050,42,003,"Pennsylvania","Allegheny County",4,54,14154,6907,7247
050,42,003,"Pennsylvania","Allegheny County",4,55,14441,6960,7481
050,42,003,"Pennsylvania","Allegheny County",4,56,14928,7198,7730
050,42,003,"Pennsylvania","Allegheny County",4,57,15697,7560,8137
050,42,003,"Pennsylvania","Allegheny County",4,58,16001,7707,8294
050,42,003,"Pennsylvania","Allegheny County",4,59,16111,7712,8399
050,42,003,"Pennsylvania","Allegheny County",4,60,16766,7978,8788
050,42,003,"Pennsylvania","Allegheny County",4,61,17374,8317,9057
050,42,003,"Pennsylvania","Allegheny County",4,62,17176,8132,9044
050,42,003,"Pennsylvania","Allegheny County",4,63,17665,8392,9273
050,42,003,"Pennsylvania","Allegheny County",4,64,17834,8510,9324
050,42,003,"Pennsylvania","Allegheny County",4,65,17489,8319,9170
050,42,003,"Pennsylvania","Allegheny County",4,66,16565,7872,8693
050,42,003,"Pennsylvania","Allegheny County",4,67,16384,7743,8641
050,42,003,"Pennsylvania","Allegheny County",4,68,16010,7538,8472
050,42,003,"Pennsylvania","Allegheny County",4,69,15342,7209,8133
050,42,003,"Pennsylvania","Allegheny County",4,70,14695,6843,7852
050,42,003,"Pennsylvania","Allegheny County",4,71,13737,6281,7456
050,42,003,"Pennsylvania","Allegheny County",4,72,12776,5824,6952
050,42,003,"Pennsylvania","Allegheny County",4,73,12218,5511,6707
050,42,003,"Pennsylvania","Allegheny County",4,74,11733,5229,6504
050,42,003,"Pennsylvania","Allegheny County",4,75,12321,5522,6799
050,42,003,"Pennsylvania","Allegheny County",4,76,8166,3575,4591
050,42,003,"Pennsylvania","Allegheny County",4,77,7639,3321,4318
050,42,003,"Pennsylvania","Allegheny County",4,78,7550,3246,4304
050,42,003,"Pennsylvania","Allegheny County",4,79,8009,3368,4641
050,42,003,"Pennsylvania","Allegheny County",4,80,6872,2784,4088
050,42,003,"Pennsylvania","Allegheny County",4,81,6115,2434,3681
050,42,003,"Pennsylvania","Allegheny County",4,82,5477,2129,3348
050,42,003,"Pennsylvania","Allegheny County",4,83,5145,1992,3153
050,42,003,"Pennsylvania","Allegheny County",4,84,4824,1832,2992
050,42,003,"Pennsylvania","Allegheny County",4,85,29732,9624,20108
050,42,003,"Pennsylvania","Allegheny County",5,0,11829,6139,5690
050,42,003,"Pennsylvania","Allegheny County",5,1,12083,6288,5795
050,42,003,"Pennsylvania","Allegheny County",5,2,11635,6021,5614
050,42,003,"Pennsylvania","Allegheny County",5,3,12167,6208,5959
050,42,003,"Pennsylvania","Allegheny County",5,4,12435,6428,6007
050,42,003,"Pennsylvania","Allegheny County",5,5,12340,6340,6000
050,42,003,"Pennsylvania","Allegheny County",5,6,12609,6462,6147
050,42,003,"Pennsylvania","Allegheny County",5,7,12720,6482,6238
050,42,003,"Pennsylvania","Allegheny County",5,8,12694,6486,6208
050,42,003,"Pennsylvania","Allegheny County",5,9,12635,6404,6231
050,42,003,"Pennsylvania","Allegheny County",5,10,12500,6440,6060
050,42,003,"Pennsylvania","Allegheny County",5,11,12418,6397,6021
050,42,003,"Pennsylvania","Allegheny County",5,12,12527,6443,6084
050,42,003,"Pennsylvania","Allegheny County",5,13,12734,6497,6237
050,42,003,"Pennsylvania","Allegheny County",5,14,12981,6637,6344
050,42,003,"Pennsylvania","Allegheny County",5,15,13366,6873,6493
050,42,003,"Pennsylvania","Allegheny County",5,16,13192,6832,6360
050,42,003,"Pennsylvania","Allegheny County",5,17,13293,6815,6478
050,42,003,"Pennsylvania","Allegheny County",5,18,15501,7726,7775
050,42,003,"Pennsylvania","Allegheny County",5,19,17967,9012,8955
050,42,003,"Pennsylvania","Allegheny County",5,20,15639,7742,7897
050,42,003,"Pennsylvania","Allegheny County",5,21,13828,6908,6920
050,42,003,"Pennsylvania","Allegheny County",5,22,13784,6783,7001
050,42,003,"Pennsylvania","Allegheny County",5,23,14838,7365,7473
050,42,003,"Pennsylvania","Allegheny County",5,24,15352,7533,7819
050,42,003,"Pennsylvania","Allegheny County",5,25,15910,7850,8060
050,42,003,"Pennsylvania","Allegheny County",5,26,16458,8140,8318
050,42,003,"Pennsylvania","Allegheny County",5,27,16737,8392,8345
050,42,003,"Pennsylvania","Allegheny County",5,28,16995,8663,8332
050,42,003,"Pennsylvania","Allegheny County",5,29,17738,9064,8674
050,42,003,"Pennsylvania","Allegheny County",5,30,17689,8982,8707
050,42,003,"Pennsylvania","Allegheny County",5,31,18353,9298,9055
050,42,003,"Pennsylvania","Allegheny County",5,32,18424,9303,9121
050,42,003,"Pennsylvania","Allegheny County",5,33,18913,9537,9376
050,42,003,"Pennsylvania","Allegheny County",5,34,19072,9689,9383
050,42,003,"Pennsylvania","Allegheny County",5,35,18947,9566,9381
050,42,003,"Pennsylvania","Allegheny County",5,36,18525,9500,9025
050,42,003,"Pennsylvania","Allegheny County",5,37,18200,9352,8848
050,42,003,"Pennsylvania","Allegheny County",5,38,17567,8965,8602
050,42,003,"Pennsylvania","Allegheny County",5,39,16675,8510,8165
050,42,003,"Pennsylvania","Allegheny County",5,40,16360,8384,7976
050,42,003,"Pennsylvania","Allegheny County",5,41,16093,8136,7957
050,42,003,"Pennsylvania","Allegheny County",5,42,15596,7959,7637
050,42,003,"Pennsylvania","Allegheny County",5,43,15285,7732,7553
050,42,003,"Pennsylvania","Allegheny County",5,44,14365,7235,7130
050,42,003,"Pennsylvania","Allegheny County",5,45,13816,6912,6904
050,42,003,"Pennsylvania","Allegheny County",5,46,13468,6733,6735
050,42,003,"Pennsylvania","Allegheny County",5,47,12801,6427,6374
050,42,003,"Pennsylvania","Allegheny County",5,48,12723,6320,6403
050,42,003,"Pennsylvania","Allegheny County",5,49,12317,6086,6231
050,42,003,"Pennsylvania","Allegheny County",5,50,12732,6357,6375
050,42,003,"Pennsylvania","Allegheny County",5,51,13710,6869,6841
050,42,003,"Pennsylvania","Allegheny County",5,52,14841,7441,7400
050,42,003,"Pennsylvania","Allegheny County",5,53,14644,7254,7390
050,42,003,"Pennsylvania","Allegheny County",5,54,14175,6967,7208
050,42,003,"Pennsylvania","Allegheny County",5,55,13919,6789,7130
050,42,003,"Pennsylvania","Allegheny County",5,56,14274,6893,7381
050,42,003,"Pennsylvania","Allegheny County",5,57,14644,7046,7598
050,42,003,"Pennsylvania","Allegheny County",5,58,15459,7434,8025
050,42,003,"Pennsylvania","Allegheny County",5,59,15750,7557,8193
050,42,003,"Pennsylvania","Allegheny County",5,60,15884,7589,8295
050,42,003,"Pennsylvania","Allegheny County",5,61,16501,7849,8652
050,42,003,"Pennsylvania","Allegheny County",5,62,17056,8132,8924
050,42,003,"Pennsylvania","Allegheny County",5,63,16880,7941,8939
050,42,003,"Pennsylvania","Allegheny County",5,64,17315,8213,9102
050,42,003,"Pennsylvania","Allegheny County",5,65,17459,8312,9147
050,42,003,"Pennsylvania","Allegheny County",5,66,17133,8107,9026
050,42,003,"Pennsylvania","Allegheny County",5,67,16246,7682,8564
050,42,003,"Pennsylvania","Allegheny County",5,68,16046,7560,8486
050,42,003,"Pennsylvania","Allegheny County",5,69,15705,7356,8349
050,42,003,"Pennsylvania","Allegheny County",5,70,15064,7049,8015
050,42,003,"Pennsylvania","Allegheny County",5,71,14343,6636,7707
050,42,003,"Pennsylvania","Allegheny County",5,72,13435,6112,7323
050,42,003,"Pennsylvania","Allegheny County",5,73,12422,5627,6795
050,42,003,"Pennsylvania","Allegheny County",5,74,11865,5313,6552
050,42,003,"Pennsylvania","Allegheny County",5,75,11410,5044,6366
050,42,003,"Pennsylvania","Allegheny County",5,76,12012,5356,6656
050,42,003,"Pennsylvania","Allegheny County",5,77,7871,3426,4445
050,42,003,"Pennsylvania","Allegheny County",5,78,7288,3131,4157
050,42,003,"Pennsylvania","Allegheny County",5,79,7255,3096,4159
050,42,003,"Pennsylvania","Allegheny County",5,80,7652,3206,4446
050,42,003,"Pennsylvania","Allegheny County",5,81,6519,2617,3902
050,42,003,"Pennsylvania","Allegheny County",5,82,5811,2252,3559
050,42,003,"Pennsylvania","Allegheny County",5,83,5085,1966,3119
050,42,003,"Pennsylvania","Allegheny County",5,84,4786,1796,2990
050,42,003,"Pennsylvania","Allegheny County",5,85,29540,9566,19974
050,42,005,"Pennsylvania","Armstrong County",1,0,571,292,279
050,42,005,"Pennsylvania","Armstrong County",1,1,560,280,280
050,42,005,"Pennsylvania","Armstrong County",1,2,615,305,310
050,42,005,"Pennsylvania","Armstrong County",1,3,639,332,307
050,42,005,"Pennsylvania","Armstrong County",1,4,629,317,312
050,42,005,"Pennsylvania","Armstrong County",1,5,655,339,316
050,42,005,"Pennsylvania","Armstrong County",1,6,650,349,301
050,42,005,"Pennsylvania","Armstrong County",1,7,719,357,362
050,42,005,"Pennsylvania","Armstrong County",1,8,716,372,344
050,42,005,"Pennsylvania","Armstrong County",1,9,717,373,344
050,42,005,"Pennsylvania","Armstrong County",1,10,738,376,362
050,42,005,"Pennsylvania","Armstrong County",1,11,768,377,391
050,42,005,"Pennsylvania","Armstrong County",1,12,796,403,393
050,42,005,"Pennsylvania","Armstrong County",1,13,801,411,390
050,42,005,"Pennsylvania","Armstrong County",1,14,747,386,361
050,42,005,"Pennsylvania","Armstrong County",1,15,740,394,346
050,42,005,"Pennsylvania","Armstrong County",1,16,784,400,384
050,42,005,"Pennsylvania","Armstrong County",1,17,757,374,383
050,42,005,"Pennsylvania","Armstrong County",1,18,611,317,294
050,42,005,"Pennsylvania","Armstrong County",1,19,503,258,245
050,42,005,"Pennsylvania","Armstrong County",1,20,581,306,275
050,42,005,"Pennsylvania","Armstrong County",1,21,621,333,288
050,42,005,"Pennsylvania","Armstrong County",1,22,650,346,304
050,42,005,"Pennsylvania","Armstrong County",1,23,679,350,329
050,42,005,"Pennsylvania","Armstrong County",1,24,678,338,340
050,42,005,"Pennsylvania","Armstrong County",1,25,679,351,328
050,42,005,"Pennsylvania","Armstrong County",1,26,708,363,345
050,42,005,"Pennsylvania","Armstrong County",1,27,705,371,334
050,42,005,"Pennsylvania","Armstrong County",1,28,691,359,332
050,42,005,"Pennsylvania","Armstrong County",1,29,717,368,349
050,42,005,"Pennsylvania","Armstrong County",1,30,679,343,336
050,42,005,"Pennsylvania","Armstrong County",1,31,676,363,313
050,42,005,"Pennsylvania","Armstrong County",1,32,642,335,307
050,42,005,"Pennsylvania","Armstrong County",1,33,674,345,329
050,42,005,"Pennsylvania","Armstrong County",1,34,729,362,367
050,42,005,"Pennsylvania","Armstrong County",1,35,755,393,362
050,42,005,"Pennsylvania","Armstrong County",1,36,707,358,349
050,42,005,"Pennsylvania","Armstrong County",1,37,719,372,347
050,42,005,"Pennsylvania","Armstrong County",1,38,746,372,374
050,42,005,"Pennsylvania","Armstrong County",1,39,720,343,377
050,42,005,"Pennsylvania","Armstrong County",1,40,740,372,368
050,42,005,"Pennsylvania","Armstrong County",1,41,759,382,377
050,42,005,"Pennsylvania","Armstrong County",1,42,755,388,367
050,42,005,"Pennsylvania","Armstrong County",1,43,737,376,361
050,42,005,"Pennsylvania","Armstrong County",1,44,740,360,380
050,42,005,"Pennsylvania","Armstrong County",1,45,786,399,387
050,42,005,"Pennsylvania","Armstrong County",1,46,772,399,373
050,42,005,"Pennsylvania","Armstrong County",1,47,814,416,398
050,42,005,"Pennsylvania","Armstrong County",1,48,837,417,420
050,42,005,"Pennsylvania","Armstrong County",1,49,917,477,440
050,42,005,"Pennsylvania","Armstrong County",1,50,909,480,429
050,42,005,"Pennsylvania","Armstrong County",1,51,927,474,453
050,42,005,"Pennsylvania","Armstrong County",1,52,887,441,446
050,42,005,"Pennsylvania","Armstrong County",1,53,910,460,450
050,42,005,"Pennsylvania","Armstrong County",1,54,949,475,474
050,42,005,"Pennsylvania","Armstrong County",1,55,979,501,478
050,42,005,"Pennsylvania","Armstrong County",1,56,995,513,482
050,42,005,"Pennsylvania","Armstrong County",1,57,1052,529,523
050,42,005,"Pennsylvania","Armstrong County",1,58,1115,563,552
050,42,005,"Pennsylvania","Armstrong County",1,59,1121,570,551
050,42,005,"Pennsylvania","Armstrong County",1,60,1108,572,536
050,42,005,"Pennsylvania","Armstrong County",1,61,1145,594,551
050,42,005,"Pennsylvania","Armstrong County",1,62,1153,597,556
050,42,005,"Pennsylvania","Armstrong County",1,63,1133,586,547
050,42,005,"Pennsylvania","Armstrong County",1,64,1087,566,521
050,42,005,"Pennsylvania","Armstrong County",1,65,1017,519,498
050,42,005,"Pennsylvania","Armstrong County",1,66,962,489,473
050,42,005,"Pennsylvania","Armstrong County",1,67,918,467,451
050,42,005,"Pennsylvania","Armstrong County",1,68,928,458,470
050,42,005,"Pennsylvania","Armstrong County",1,69,878,447,431
050,42,005,"Pennsylvania","Armstrong County",1,70,876,442,434
050,42,005,"Pennsylvania","Armstrong County",1,71,838,414,424
050,42,005,"Pennsylvania","Armstrong County",1,72,825,403,422
050,42,005,"Pennsylvania","Armstrong County",1,73,817,392,425
050,42,005,"Pennsylvania","Armstrong County",1,74,554,267,287
050,42,005,"Pennsylvania","Armstrong County",1,75,539,261,278
050,42,005,"Pennsylvania","Armstrong County",1,76,542,268,274
050,42,005,"Pennsylvania","Armstrong County",1,77,568,262,306
050,42,005,"Pennsylvania","Armstrong County",1,78,484,214,270
050,42,005,"Pennsylvania","Armstrong County",1,79,450,189,261
050,42,005,"Pennsylvania","Armstrong County",1,80,406,182,224
050,42,005,"Pennsylvania","Armstrong County",1,81,381,166,215
050,42,005,"Pennsylvania","Armstrong County",1,82,359,148,211
050,42,005,"Pennsylvania","Armstrong County",1,83,360,147,213
050,42,005,"Pennsylvania","Armstrong County",1,84,318,133,185
050,42,005,"Pennsylvania","Armstrong County",1,85,1741,602,1139
050,42,005,"Pennsylvania","Armstrong County",2,0,568,286,282
050,42,005,"Pennsylvania","Armstrong County",2,1,559,281,278
050,42,005,"Pennsylvania","Armstrong County",2,2,603,299,304
050,42,005,"Pennsylvania","Armstrong County",2,3,630,323,307
050,42,005,"Pennsylvania","Armstrong County",2,4,634,320,314
050,42,005,"Pennsylvania","Armstrong County",2,5,645,331,314
050,42,005,"Pennsylvania","Armstrong County",2,6,655,349,306
050,42,005,"Pennsylvania","Armstrong County",2,7,704,358,346
050,42,005,"Pennsylvania","Armstrong County",2,8,718,369,349
050,42,005,"Pennsylvania","Armstrong County",2,9,715,373,342
050,42,005,"Pennsylvania","Armstrong County",2,10,734,375,359
050,42,005,"Pennsylvania","Armstrong County",2,11,761,378,383
050,42,005,"Pennsylvania","Armstrong County",2,12,797,402,395
050,42,005,"Pennsylvania","Armstrong County",2,13,798,408,390
050,42,005,"Pennsylvania","Armstrong County",2,14,759,389,370
050,42,005,"Pennsylvania","Armstrong County",2,15,744,393,351
050,42,005,"Pennsylvania","Armstrong County",2,16,771,399,372
050,42,005,"Pennsylvania","Armstrong County",2,17,764,382,382
050,42,005,"Pennsylvania","Armstrong County",2,18,615,319,296
050,42,005,"Pennsylvania","Armstrong County",2,19,499,256,243
050,42,005,"Pennsylvania","Armstrong County",2,20,584,302,282
050,42,005,"Pennsylvania","Armstrong County",2,21,616,328,288
050,42,005,"Pennsylvania","Armstrong County",2,22,652,347,305
050,42,005,"Pennsylvania","Armstrong County",2,23,679,352,327
050,42,005,"Pennsylvania","Armstrong County",2,24,681,343,338
050,42,005,"Pennsylvania","Armstrong County",2,25,681,346,335
050,42,005,"Pennsylvania","Armstrong County",2,26,701,361,340
050,42,005,"Pennsylvania","Armstrong County",2,27,700,366,334
050,42,005,"Pennsylvania","Armstrong County",2,28,696,363,333
050,42,005,"Pennsylvania","Armstrong County",2,29,708,362,346
050,42,005,"Pennsylvania","Armstrong County",2,30,698,355,343
050,42,005,"Pennsylvania","Armstrong County",2,31,676,358,318
050,42,005,"Pennsylvania","Armstrong County",2,32,648,340,308
050,42,005,"Pennsylvania","Armstrong County",2,33,667,341,326
050,42,005,"Pennsylvania","Armstrong County",2,34,717,358,359
050,42,005,"Pennsylvania","Armstrong County",2,35,756,387,369
050,42,005,"Pennsylvania","Armstrong County",2,36,714,363,351
050,42,005,"Pennsylvania","Armstrong County",2,37,716,368,348
050,42,005,"Pennsylvania","Armstrong County",2,38,741,374,367
050,42,005,"Pennsylvania","Armstrong County",2,39,727,353,374
050,42,005,"Pennsylvania","Armstrong County",2,40,733,362,371
050,42,005,"Pennsylvania","Armstrong County",2,41,754,379,375
050,42,005,"Pennsylvania","Armstrong County",2,42,751,384,367
050,42,005,"Pennsylvania","Armstrong County",2,43,746,382,364
050,42,005,"Pennsylvania","Armstrong County",2,44,732,360,372
050,42,005,"Pennsylvania","Armstrong County",2,45,782,393,389
050,42,005,"Pennsylvania","Armstrong County",2,46,770,396,374
050,42,005,"Pennsylvania","Armstrong County",2,47,802,413,389
050,42,005,"Pennsylvania","Armstrong County",2,48,829,415,414
050,42,005,"Pennsylvania","Armstrong County",2,49,905,466,439
050,42,005,"Pennsylvania","Armstrong County",2,50,911,478,433
050,42,005,"Pennsylvania","Armstrong County",2,51,916,473,443
050,42,005,"Pennsylvania","Armstrong County",2,52,895,449,446
050,42,005,"Pennsylvania","Armstrong County",2,53,910,456,454
050,42,005,"Pennsylvania","Armstrong County",2,54,934,467,467
050,42,005,"Pennsylvania","Armstrong County",2,55,972,496,476
050,42,005,"Pennsylvania","Armstrong County",2,56,985,506,479
050,42,005,"Pennsylvania","Armstrong County",2,57,1039,527,512
050,42,005,"Pennsylvania","Armstrong County",2,58,1096,553,543
050,42,005,"Pennsylvania","Armstrong County",2,59,1126,575,551
050,42,005,"Pennsylvania","Armstrong County",2,60,1108,570,538
050,42,005,"Pennsylvania","Armstrong County",2,61,1129,585,544
050,42,005,"Pennsylvania","Armstrong County",2,62,1145,594,551
050,42,005,"Pennsylvania","Armstrong County",2,63,1143,591,552
050,42,005,"Pennsylvania","Armstrong County",2,64,1085,564,521
050,42,005,"Pennsylvania","Armstrong County",2,65,1035,532,503
050,42,005,"Pennsylvania","Armstrong County",2,66,970,493,477
050,42,005,"Pennsylvania","Armstrong County",2,67,925,470,455
050,42,005,"Pennsylvania","Armstrong County",2,68,915,454,461
050,42,005,"Pennsylvania","Armstrong County",2,69,897,453,444
050,42,005,"Pennsylvania","Armstrong County",2,70,871,439,432
050,42,005,"Pennsylvania","Armstrong County",2,71,845,417,428
050,42,005,"Pennsylvania","Armstrong County",2,72,812,399,413
050,42,005,"Pennsylvania","Armstrong County",2,73,852,410,442
050,42,005,"Pennsylvania","Armstrong County",2,74,576,277,299
050,42,005,"Pennsylvania","Armstrong County",2,75,543,261,282
050,42,005,"Pennsylvania","Armstrong County",2,76,533,261,272
050,42,005,"Pennsylvania","Armstrong County",2,77,572,267,305
050,42,005,"Pennsylvania","Armstrong County",2,78,490,218,272
050,42,005,"Pennsylvania","Armstrong County",2,79,451,190,261
050,42,005,"Pennsylvania","Armstrong County",2,80,412,183,229
050,42,005,"Pennsylvania","Armstrong County",2,81,381,169,212
050,42,005,"Pennsylvania","Armstrong County",2,82,359,153,206
050,42,005,"Pennsylvania","Armstrong County",2,83,355,144,211
050,42,005,"Pennsylvania","Armstrong County",2,84,319,134,185
050,42,005,"Pennsylvania","Armstrong County",2,85,1728,595,1133
050,42,005,"Pennsylvania","Armstrong County",3,0,542,262,280
050,42,005,"Pennsylvania","Armstrong County",3,1,567,292,275
050,42,005,"Pennsylvania","Armstrong County",3,2,569,276,293
050,42,005,"Pennsylvania","Armstrong County",3,3,597,290,307
050,42,005,"Pennsylvania","Armstrong County",3,4,646,325,321
050,42,005,"Pennsylvania","Armstrong County",3,5,637,320,317
050,42,005,"Pennsylvania","Armstrong County",3,6,659,341,318
050,42,005,"Pennsylvania","Armstrong County",3,7,648,338,310
050,42,005,"Pennsylvania","Armstrong County",3,8,706,363,343
050,42,005,"Pennsylvania","Armstrong County",3,9,721,376,345
050,42,005,"Pennsylvania","Armstrong County",3,10,716,370,346
050,42,005,"Pennsylvania","Armstrong County",3,11,747,376,371
050,42,005,"Pennsylvania","Armstrong County",3,12,759,380,379
050,42,005,"Pennsylvania","Armstrong County",3,13,816,414,402
050,42,005,"Pennsylvania","Armstrong County",3,14,785,404,381
050,42,005,"Pennsylvania","Armstrong County",3,15,782,408,374
050,42,005,"Pennsylvania","Armstrong County",3,16,749,391,358
050,42,005,"Pennsylvania","Armstrong County",3,17,775,402,373
050,42,005,"Pennsylvania","Armstrong County",3,18,655,341,314
050,42,005,"Pennsylvania","Armstrong County",3,19,478,243,235
050,42,005,"Pennsylvania","Armstrong County",3,20,556,285,271
050,42,005,"Pennsylvania","Armstrong County",3,21,612,318,294
050,42,005,"Pennsylvania","Armstrong County",3,22,649,344,305
050,42,005,"Pennsylvania","Armstrong County",3,23,688,363,325
050,42,005,"Pennsylvania","Armstrong County",3,24,694,369,325
050,42,005,"Pennsylvania","Armstrong County",3,25,707,350,357
050,42,005,"Pennsylvania","Armstrong County",3,26,706,354,352
050,42,005,"Pennsylvania","Armstrong County",3,27,691,366,325
050,42,005,"Pennsylvania","Armstrong County",3,28,692,371,321
050,42,005,"Pennsylvania","Armstrong County",3,29,686,355,331
050,42,005,"Pennsylvania","Armstrong County",3,30,711,368,343
050,42,005,"Pennsylvania","Armstrong County",3,31,695,350,345
050,42,005,"Pennsylvania","Armstrong County",3,32,695,368,327
050,42,005,"Pennsylvania","Armstrong County",3,33,654,339,315
050,42,005,"Pennsylvania","Armstrong County",3,34,661,340,321
050,42,005,"Pennsylvania","Armstrong County",3,35,729,360,369
050,42,005,"Pennsylvania","Armstrong County",3,36,738,368,370
050,42,005,"Pennsylvania","Armstrong County",3,37,726,371,355
050,42,005,"Pennsylvania","Armstrong County",3,38,714,374,340
050,42,005,"Pennsylvania","Armstrong County",3,39,756,383,373
050,42,005,"Pennsylvania","Armstrong County",3,40,717,344,373
050,42,005,"Pennsylvania","Armstrong County",3,41,735,366,369
050,42,005,"Pennsylvania","Armstrong County",3,42,759,387,372
050,42,005,"Pennsylvania","Armstrong County",3,43,744,383,361
050,42,005,"Pennsylvania","Armstrong County",3,44,743,385,358
050,42,005,"Pennsylvania","Armstrong County",3,45,744,369,375
050,42,005,"Pennsylvania","Armstrong County",3,46,768,388,380
050,42,005,"Pennsylvania","Armstrong County",3,47,776,402,374
050,42,005,"Pennsylvania","Armstrong County",3,48,789,407,382
050,42,005,"Pennsylvania","Armstrong County",3,49,830,424,406
050,42,005,"Pennsylvania","Armstrong County",3,50,906,460,446
050,42,005,"Pennsylvania","Armstrong County",3,51,895,478,417
050,42,005,"Pennsylvania","Armstrong County",3,52,923,481,442
050,42,005,"Pennsylvania","Armstrong County",3,53,900,445,455
050,42,005,"Pennsylvania","Armstrong County",3,54,906,450,456
050,42,005,"Pennsylvania","Armstrong County",3,55,924,468,456
050,42,005,"Pennsylvania","Armstrong County",3,56,957,484,473
050,42,005,"Pennsylvania","Armstrong County",3,57,1003,519,484
050,42,005,"Pennsylvania","Armstrong County",3,58,1034,518,516
050,42,005,"Pennsylvania","Armstrong County",3,59,1091,551,540
050,42,005,"Pennsylvania","Armstrong County",3,60,1115,569,546
050,42,005,"Pennsylvania","Armstrong County",3,61,1103,559,544
050,42,005,"Pennsylvania","Armstrong County",3,62,1119,581,538
050,42,005,"Pennsylvania","Armstrong County",3,63,1134,585,549
050,42,005,"Pennsylvania","Armstrong County",3,64,1125,582,543
050,42,005,"Pennsylvania","Armstrong County",3,65,1084,568,516
050,42,005,"Pennsylvania","Armstrong County",3,66,1006,511,495
050,42,005,"Pennsylvania","Armstrong County",3,67,949,480,469
050,42,005,"Pennsylvania","Armstrong County",3,68,907,455,452
050,42,005,"Pennsylvania","Armstrong County",3,69,892,443,449
050,42,005,"Pennsylvania","Armstrong County",3,70,877,443,434
050,42,005,"Pennsylvania","Armstrong County",3,71,837,411,426
050,42,005,"Pennsylvania","Armstrong County",3,72,820,399,421
050,42,005,"Pennsylvania","Armstrong County",3,73,786,379,407
050,42,005,"Pennsylvania","Armstrong County",3,74,831,398,433
050,42,005,"Pennsylvania","Armstrong County",3,75,561,266,295
050,42,005,"Pennsylvania","Armstrong County",3,76,519,251,268
050,42,005,"Pennsylvania","Armstrong County",3,77,521,253,268
050,42,005,"Pennsylvania","Armstrong County",3,78,543,250,293
050,42,005,"Pennsylvania","Armstrong County",3,79,480,206,274
050,42,005,"Pennsylvania","Armstrong County",3,80,414,177,237
050,42,005,"Pennsylvania","Armstrong County",3,81,396,174,222
050,42,005,"Pennsylvania","Armstrong County",3,82,351,155,196
050,42,005,"Pennsylvania","Armstrong County",3,83,333,141,192
050,42,005,"Pennsylvania","Armstrong County",3,84,327,132,195
050,42,005,"Pennsylvania","Armstrong County",3,85,1724,608,1116
050,42,005,"Pennsylvania","Armstrong County",4,0,539,279,260
050,42,005,"Pennsylvania","Armstrong County",4,1,548,271,277
050,42,005,"Pennsylvania","Armstrong County",4,2,565,286,279
050,42,005,"Pennsylvania","Armstrong County",4,3,590,298,292
050,42,005,"Pennsylvania","Armstrong County",4,4,617,296,321
050,42,005,"Pennsylvania","Armstrong County",4,5,639,328,311
050,42,005,"Pennsylvania","Armstrong County",4,6,643,325,318
050,42,005,"Pennsylvania","Armstrong County",4,7,658,343,315
050,42,005,"Pennsylvania","Armstrong County",4,8,655,343,312
050,42,005,"Pennsylvania","Armstrong County",4,9,724,374,350
050,42,005,"Pennsylvania","Armstrong County",4,10,734,386,348
050,42,005,"Pennsylvania","Armstrong County",4,11,714,371,343
050,42,005,"Pennsylvania","Armstrong County",4,12,745,374,371
050,42,005,"Pennsylvania","Armstrong County",4,13,769,385,384
050,42,005,"Pennsylvania","Armstrong County",4,14,792,398,394
050,42,005,"Pennsylvania","Armstrong County",4,15,789,407,382
050,42,005,"Pennsylvania","Armstrong County",4,16,788,408,380
050,42,005,"Pennsylvania","Armstrong County",4,17,764,398,366
050,42,005,"Pennsylvania","Armstrong County",4,18,652,349,303
050,42,005,"Pennsylvania","Armstrong County",4,19,491,264,227
050,42,005,"Pennsylvania","Armstrong County",4,20,507,251,256
050,42,005,"Pennsylvania","Armstrong County",4,21,583,293,290
050,42,005,"Pennsylvania","Armstrong County",4,22,648,340,308
050,42,005,"Pennsylvania","Armstrong County",4,23,667,354,313
050,42,005,"Pennsylvania","Armstrong County",4,24,682,358,324
050,42,005,"Pennsylvania","Armstrong County",4,25,695,367,328
050,42,005,"Pennsylvania","Armstrong County",4,26,712,352,360
050,42,005,"Pennsylvania","Armstrong County",4,27,724,363,361
050,42,005,"Pennsylvania","Armstrong County",4,28,682,364,318
050,42,005,"Pennsylvania","Armstrong County",4,29,706,378,328
050,42,005,"Pennsylvania","Armstrong County",4,30,690,357,333
050,42,005,"Pennsylvania","Armstrong County",4,31,705,362,343
050,42,005,"Pennsylvania","Armstrong County",4,32,707,359,348
050,42,005,"Pennsylvania","Armstrong County",4,33,686,365,321
050,42,005,"Pennsylvania","Armstrong County",4,34,666,344,322
050,42,005,"Pennsylvania","Armstrong County",4,35,684,358,326
050,42,005,"Pennsylvania","Armstrong County",4,36,724,359,365
050,42,005,"Pennsylvania","Armstrong County",4,37,763,376,387
050,42,005,"Pennsylvania","Armstrong County",4,38,729,377,352
050,42,005,"Pennsylvania","Armstrong County",4,39,723,375,348
050,42,005,"Pennsylvania","Armstrong County",4,40,748,383,365
050,42,005,"Pennsylvania","Armstrong County",4,41,711,336,375
050,42,005,"Pennsylvania","Armstrong County",4,42,736,366,370
050,42,005,"Pennsylvania","Armstrong County",4,43,753,385,368
050,42,005,"Pennsylvania","Armstrong County",4,44,729,375,354
050,42,005,"Pennsylvania","Armstrong County",4,45,740,385,355
050,42,005,"Pennsylvania","Armstrong County",4,46,732,365,367
050,42,005,"Pennsylvania","Armstrong County",4,47,776,392,384
050,42,005,"Pennsylvania","Armstrong County",4,48,759,394,365
050,42,005,"Pennsylvania","Armstrong County",4,49,796,410,386
050,42,005,"Pennsylvania","Armstrong County",4,50,818,417,401
050,42,005,"Pennsylvania","Armstrong County",4,51,889,456,433
050,42,005,"Pennsylvania","Armstrong County",4,52,891,478,413
050,42,005,"Pennsylvania","Armstrong County",4,53,925,475,450
050,42,005,"Pennsylvania","Armstrong County",4,54,894,447,447
050,42,005,"Pennsylvania","Armstrong County",4,55,903,453,450
050,42,005,"Pennsylvania","Armstrong County",4,56,913,466,447
050,42,005,"Pennsylvania","Armstrong County",4,57,960,489,471
050,42,005,"Pennsylvania","Armstrong County",4,58,982,506,476
050,42,005,"Pennsylvania","Armstrong County",4,59,1018,508,510
050,42,005,"Pennsylvania","Armstrong County",4,60,1068,532,536
050,42,005,"Pennsylvania","Armstrong County",4,61,1102,566,536
050,42,005,"Pennsylvania","Armstrong County",4,62,1081,550,531
050,42,005,"Pennsylvania","Armstrong County",4,63,1099,567,532
050,42,005,"Pennsylvania","Armstrong County",4,64,1112,569,543
050,42,005,"Pennsylvania","Armstrong County",4,65,1111,575,536
050,42,005,"Pennsylvania","Armstrong County",4,66,1057,549,508
050,42,005,"Pennsylvania","Armstrong County",4,67,979,494,485
050,42,005,"Pennsylvania","Armstrong County",4,68,931,470,461
050,42,005,"Pennsylvania","Armstrong County",4,69,888,452,436
050,42,005,"Pennsylvania","Armstrong County",4,70,856,429,427
050,42,005,"Pennsylvania","Armstrong County",4,71,851,426,425
050,42,005,"Pennsylvania","Armstrong County",4,72,820,401,419
050,42,005,"Pennsylvania","Armstrong County",4,73,797,385,412
050,42,005,"Pennsylvania","Armstrong County",4,74,771,371,400
050,42,005,"Pennsylvania","Armstrong County",4,75,802,382,420
050,42,005,"Pennsylvania","Armstrong County",4,76,520,240,280
050,42,005,"Pennsylvania","Armstrong County",4,77,503,239,264
050,42,005,"Pennsylvania","Armstrong County",4,78,488,235,253
050,42,005,"Pennsylvania","Armstrong County",4,79,521,227,294
050,42,005,"Pennsylvania","Armstrong County",4,80,437,190,247
050,42,005,"Pennsylvania","Armstrong County",4,81,399,169,230
050,42,005,"Pennsylvania","Armstrong County",4,82,365,155,210
050,42,005,"Pennsylvania","Armstrong County",4,83,333,146,187
050,42,005,"Pennsylvania","Armstrong County",4,84,307,127,180
050,42,005,"Pennsylvania","Armstrong County",4,85,1734,611,1123
050,42,005,"Pennsylvania","Armstrong County",5,0,525,271,254
050,42,005,"Pennsylvania","Armstrong County",5,1,545,275,270
050,42,005,"Pennsylvania","Armstrong County",5,2,546,270,276
050,42,005,"Pennsylvania","Armstrong County",5,3,581,296,285
050,42,005,"Pennsylvania","Armstrong County",5,4,596,305,291
050,42,005,"Pennsylvania","Armstrong County",5,5,609,297,312
050,42,005,"Pennsylvania","Armstrong County",5,6,648,331,317
050,42,005,"Pennsylvania","Armstrong County",5,7,648,326,322
050,42,005,"Pennsylvania","Armstrong County",5,8,665,348,317
050,42,005,"Pennsylvania","Armstrong County",5,9,672,356,316
050,42,005,"Pennsylvania","Armstrong County",5,10,723,373,350
050,42,005,"Pennsylvania","Armstrong County",5,11,727,384,343
050,42,005,"Pennsylvania","Armstrong County",5,12,708,371,337
050,42,005,"Pennsylvania","Armstrong County",5,13,744,367,377
050,42,005,"Pennsylvania","Armstrong County",5,14,764,390,374
050,42,005,"Pennsylvania","Armstrong County",5,15,794,401,393
050,42,005,"Pennsylvania","Armstrong County",5,16,784,404,380
050,42,005,"Pennsylvania","Armstrong County",5,17,774,406,368
050,42,005,"Pennsylvania","Armstrong County",5,18,624,345,279
050,42,005,"Pennsylvania","Armstrong County",5,19,498,260,238
050,42,005,"Pennsylvania","Armstrong County",5,20,552,290,262
050,42,005,"Pennsylvania","Armstrong County",5,21,537,264,273
050,42,005,"Pennsylvania","Armstrong County",5,22,621,310,311
050,42,005,"Pennsylvania","Armstrong County",5,23,674,349,325
050,42,005,"Pennsylvania","Armstrong County",5,24,680,358,322
050,42,005,"Pennsylvania","Armstrong County",5,25,697,352,345
050,42,005,"Pennsylvania","Armstrong County",5,26,693,368,325
050,42,005,"Pennsylvania","Armstrong County",5,27,713,352,361
050,42,005,"Pennsylvania","Armstrong County",5,28,698,353,345
050,42,005,"Pennsylvania","Armstrong County",5,29,668,357,311
050,42,005,"Pennsylvania","Armstrong County",5,30,706,376,330
050,42,005,"Pennsylvania","Armstrong County",5,31,677,347,330
050,42,005,"Pennsylvania","Armstrong County",5,32,712,373,339
050,42,005,"Pennsylvania","Armstrong County",5,33,685,344,341
050,42,005,"Pennsylvania","Armstrong County",5,34,687,367,320
050,42,005,"Pennsylvania","Armstrong County",5,35,665,347,318
050,42,005,"Pennsylvania","Armstrong County",5,36,683,355,328
050,42,005,"Pennsylvania","Armstrong County",5,37,741,362,379
050,42,005,"Pennsylvania","Armstrong County",5,38,753,378,375
050,42,005,"Pennsylvania","Armstrong County",5,39,733,382,351
050,42,005,"Pennsylvania","Armstrong County",5,40,707,362,345
050,42,005,"Pennsylvania","Armstrong County",5,41,742,375,367
050,42,005,"Pennsylvania","Armstrong County",5,42,699,328,371
050,42,005,"Pennsylvania","Armstrong County",5,43,724,357,367
050,42,005,"Pennsylvania","Armstrong County",5,44,749,384,365
050,42,005,"Pennsylvania","Armstrong County",5,45,733,383,350
050,42,005,"Pennsylvania","Armstrong County",5,46,739,385,354
050,42,005,"Pennsylvania","Armstrong County",5,47,743,371,372
050,42,005,"Pennsylvania","Armstrong County",5,48,771,386,385
050,42,005,"Pennsylvania","Armstrong County",5,49,759,399,360
050,42,005,"Pennsylvania","Armstrong County",5,50,783,404,379
050,42,005,"Pennsylvania","Armstrong County",5,51,817,414,403
050,42,005,"Pennsylvania","Armstrong County",5,52,880,459,421
050,42,005,"Pennsylvania","Armstrong County",5,53,886,470,416
050,42,005,"Pennsylvania","Armstrong County",5,54,918,469,449
050,42,005,"Pennsylvania","Armstrong County",5,55,890,453,437
050,42,005,"Pennsylvania","Armstrong County",5,56,887,434,453
050,42,005,"Pennsylvania","Armstrong County",5,57,905,467,438
050,42,005,"Pennsylvania","Armstrong County",5,58,947,480,467
050,42,005,"Pennsylvania","Armstrong County",5,59,970,499,471
050,42,005,"Pennsylvania","Armstrong County",5,60,1005,497,508
050,42,005,"Pennsylvania","Armstrong County",5,61,1050,521,529
050,42,005,"Pennsylvania","Armstrong County",5,62,1093,563,530
050,42,005,"Pennsylvania","Armstrong County",5,63,1059,534,525
050,42,005,"Pennsylvania","Armstrong County",5,64,1072,549,523
050,42,005,"Pennsylvania","Armstrong County",5,65,1099,562,537
050,42,005,"Pennsylvania","Armstrong County",5,66,1092,556,536
050,42,005,"Pennsylvania","Armstrong County",5,67,1044,543,501
050,42,005,"Pennsylvania","Armstrong County",5,68,971,481,490
050,42,005,"Pennsylvania","Armstrong County",5,69,916,465,451
050,42,005,"Pennsylvania","Armstrong County",5,70,853,437,416
050,42,005,"Pennsylvania","Armstrong County",5,71,830,418,412
050,42,005,"Pennsylvania","Armstrong County",5,72,833,418,415
050,42,005,"Pennsylvania","Armstrong County",5,73,796,386,410
050,42,005,"Pennsylvania","Armstrong County",5,74,780,375,405
050,42,005,"Pennsylvania","Armstrong County",5,75,748,357,391
050,42,005,"Pennsylvania","Armstrong County",5,76,745,353,392
050,42,005,"Pennsylvania","Armstrong County",5,77,500,229,271
050,42,005,"Pennsylvania","Armstrong County",5,78,475,224,251
050,42,005,"Pennsylvania","Armstrong County",5,79,465,218,247
050,42,005,"Pennsylvania","Armstrong County",5,80,469,212,257
050,42,005,"Pennsylvania","Armstrong County",5,81,421,181,240
050,42,005,"Pennsylvania","Armstrong County",5,82,368,150,218
050,42,005,"Pennsylvania","Armstrong County",5,83,344,146,198
050,42,005,"Pennsylvania","Armstrong County",5,84,306,128,178
050,42,005,"Pennsylvania","Armstrong County",5,85,1741,624,1117
050,42,007,"Pennsylvania","Beaver County",1,0,1580,808,772
050,42,007,"Pennsylvania","Beaver County",1,1,1618,843,775
050,42,007,"Pennsylvania","Beaver County",1,2,1663,887,776
050,42,007,"Pennsylvania","Beaver County",1,3,1725,888,837
050,42,007,"Pennsylvania","Beaver County",1,4,1843,924,919
050,42,007,"Pennsylvania","Beaver County",1,5,1751,867,884
050,42,007,"Pennsylvania","Beaver County",1,6,1789,915,874
050,42,007,"Pennsylvania","Beaver County",1,7,1819,917,902
050,42,007,"Pennsylvania","Beaver County",1,8,1779,907,872
050,42,007,"Pennsylvania","Beaver County",1,9,1850,964,886
050,42,007,"Pennsylvania","Beaver County",1,10,1867,966,901
050,42,007,"Pennsylvania","Beaver County",1,11,1945,1012,933
050,42,007,"Pennsylvania","Beaver County",1,12,2022,1049,973
050,42,007,"Pennsylvania","Beaver County",1,13,1966,994,972
050,42,007,"Pennsylvania","Beaver County",1,14,1966,1007,959
050,42,007,"Pennsylvania","Beaver County",1,15,1944,996,948
050,42,007,"Pennsylvania","Beaver County",1,16,1952,964,988
050,42,007,"Pennsylvania","Beaver County",1,17,2003,1008,995
050,42,007,"Pennsylvania","Beaver County",1,18,1767,902,865
050,42,007,"Pennsylvania","Beaver County",1,19,1537,830,707
050,42,007,"Pennsylvania","Beaver County",1,20,1601,834,767
050,42,007,"Pennsylvania","Beaver County",1,21,1657,848,809
050,42,007,"Pennsylvania","Beaver County",1,22,1682,849,833
050,42,007,"Pennsylvania","Beaver County",1,23,1691,863,828
050,42,007,"Pennsylvania","Beaver County",1,24,1754,872,882
050,42,007,"Pennsylvania","Beaver County",1,25,1837,916,921
050,42,007,"Pennsylvania","Beaver County",1,26,1889,968,921
050,42,007,"Pennsylvania","Beaver County",1,27,1975,1020,955
050,42,007,"Pennsylvania","Beaver County",1,28,2019,1021,998
050,42,007,"Pennsylvania","Beaver County",1,29,2048,1020,1028
050,42,007,"Pennsylvania","Beaver County",1,30,2008,1009,999
050,42,007,"Pennsylvania","Beaver County",1,31,1961,1005,956
050,42,007,"Pennsylvania","Beaver County",1,32,1961,1007,954
050,42,007,"Pennsylvania","Beaver County",1,33,1934,977,957
050,42,007,"Pennsylvania","Beaver County",1,34,2040,989,1051
050,42,007,"Pennsylvania","Beaver County",1,35,2057,1026,1031
050,42,007,"Pennsylvania","Beaver County",1,36,2010,1026,984
050,42,007,"Pennsylvania","Beaver County",1,37,2127,1093,1034
050,42,007,"Pennsylvania","Beaver County",1,38,2160,1152,1008
050,42,007,"Pennsylvania","Beaver County",1,39,2021,1015,1006
050,42,007,"Pennsylvania","Beaver County",1,40,2021,998,1023
050,42,007,"Pennsylvania","Beaver County",1,41,1958,995,963
050,42,007,"Pennsylvania","Beaver County",1,42,1937,997,940
050,42,007,"Pennsylvania","Beaver County",1,43,1807,908,899
050,42,007,"Pennsylvania","Beaver County",1,44,1761,880,881
050,42,007,"Pennsylvania","Beaver County",1,45,1775,878,897
050,42,007,"Pennsylvania","Beaver County",1,46,1791,877,914
050,42,007,"Pennsylvania","Beaver County",1,47,1861,929,932
050,42,007,"Pennsylvania","Beaver County",1,48,1977,992,985
050,42,007,"Pennsylvania","Beaver County",1,49,2202,1092,1110
050,42,007,"Pennsylvania","Beaver County",1,50,2078,1028,1050
050,42,007,"Pennsylvania","Beaver County",1,51,2092,1055,1037
050,42,007,"Pennsylvania","Beaver County",1,52,2180,1067,1113
050,42,007,"Pennsylvania","Beaver County",1,53,2338,1182,1156
050,42,007,"Pennsylvania","Beaver County",1,54,2311,1121,1190
050,42,007,"Pennsylvania","Beaver County",1,55,2485,1200,1285
050,42,007,"Pennsylvania","Beaver County",1,56,2586,1264,1322
050,42,007,"Pennsylvania","Beaver County",1,57,2704,1317,1387
050,42,007,"Pennsylvania","Beaver County",1,58,2773,1339,1434
050,42,007,"Pennsylvania","Beaver County",1,59,2714,1342,1372
050,42,007,"Pennsylvania","Beaver County",1,60,2783,1365,1418
050,42,007,"Pennsylvania","Beaver County",1,61,2793,1354,1439
050,42,007,"Pennsylvania","Beaver County",1,62,2754,1351,1403
050,42,007,"Pennsylvania","Beaver County",1,63,2667,1279,1388
050,42,007,"Pennsylvania","Beaver County",1,64,2624,1284,1340
050,42,007,"Pennsylvania","Beaver County",1,65,2590,1278,1312
050,42,007,"Pennsylvania","Beaver County",1,66,2456,1192,1264
050,42,007,"Pennsylvania","Beaver County",1,67,2362,1132,1230
050,42,007,"Pennsylvania","Beaver County",1,68,2301,1087,1214
050,42,007,"Pennsylvania","Beaver County",1,69,2095,1002,1093
050,42,007,"Pennsylvania","Beaver County",1,70,2075,986,1089
050,42,007,"Pennsylvania","Beaver County",1,71,2002,958,1044
050,42,007,"Pennsylvania","Beaver County",1,72,1969,940,1029
050,42,007,"Pennsylvania","Beaver County",1,73,2017,934,1083
050,42,007,"Pennsylvania","Beaver County",1,74,1340,618,722
050,42,007,"Pennsylvania","Beaver County",1,75,1297,590,707
050,42,007,"Pennsylvania","Beaver County",1,76,1365,597,768
050,42,007,"Pennsylvania","Beaver County",1,77,1343,584,759
050,42,007,"Pennsylvania","Beaver County",1,78,1164,493,671
050,42,007,"Pennsylvania","Beaver County",1,79,1061,467,594
050,42,007,"Pennsylvania","Beaver County",1,80,960,404,556
050,42,007,"Pennsylvania","Beaver County",1,81,965,386,579
050,42,007,"Pennsylvania","Beaver County",1,82,940,364,576
050,42,007,"Pennsylvania","Beaver County",1,83,827,325,502
050,42,007,"Pennsylvania","Beaver County",1,84,763,296,467
050,42,007,"Pennsylvania","Beaver County",1,85,4547,1502,3045
050,42,007,"Pennsylvania","Beaver County",2,0,1559,798,761
050,42,007,"Pennsylvania","Beaver County",2,1,1602,833,769
050,42,007,"Pennsylvania","Beaver County",2,2,1647,876,771
050,42,007,"Pennsylvania","Beaver County",2,3,1702,884,818
050,42,007,"Pennsylvania","Beaver County",2,4,1815,915,900
050,42,007,"Pennsylvania","Beaver County",2,5,1778,881,897
050,42,007,"Pennsylvania","Beaver County",2,6,1779,901,878
050,42,007,"Pennsylvania","Beaver County",2,7,1811,916,895
050,42,007,"Pennsylvania","Beaver County",2,8,1785,908,877
050,42,007,"Pennsylvania","Beaver County",2,9,1828,947,881
050,42,007,"Pennsylvania","Beaver County",2,10,1865,965,900
050,42,007,"Pennsylvania","Beaver County",2,11,1920,996,924
050,42,007,"Pennsylvania","Beaver County",2,12,2014,1042,972
050,42,007,"Pennsylvania","Beaver County",2,13,1980,1006,974
050,42,007,"Pennsylvania","Beaver County",2,14,1964,1002,962
050,42,007,"Pennsylvania","Beaver County",2,15,1946,996,950
050,42,007,"Pennsylvania","Beaver County",2,16,1955,975,980
050,42,007,"Pennsylvania","Beaver County",2,17,1994,997,997
050,42,007,"Pennsylvania","Beaver County",2,18,1771,906,865
050,42,007,"Pennsylvania","Beaver County",2,19,1544,823,721
050,42,007,"Pennsylvania","Beaver County",2,20,1623,844,779
050,42,007,"Pennsylvania","Beaver County",2,21,1642,845,797
050,42,007,"Pennsylvania","Beaver County",2,22,1671,843,828
050,42,007,"Pennsylvania","Beaver County",2,23,1684,856,828
050,42,007,"Pennsylvania","Beaver County",2,24,1738,870,868
050,42,007,"Pennsylvania","Beaver County",2,25,1817,906,911
050,42,007,"Pennsylvania","Beaver County",2,26,1880,960,920
050,42,007,"Pennsylvania","Beaver County",2,27,1963,1013,950
050,42,007,"Pennsylvania","Beaver County",2,28,2013,1027,986
050,42,007,"Pennsylvania","Beaver County",2,29,2046,1024,1022
050,42,007,"Pennsylvania","Beaver County",2,30,2030,1015,1015
050,42,007,"Pennsylvania","Beaver County",2,31,1966,1005,961
050,42,007,"Pennsylvania","Beaver County",2,32,1952,1000,952
050,42,007,"Pennsylvania","Beaver County",2,33,1935,981,954
050,42,007,"Pennsylvania","Beaver County",2,34,2017,987,1030
050,42,007,"Pennsylvania","Beaver County",2,35,2073,1030,1043
050,42,007,"Pennsylvania","Beaver County",2,36,2004,1016,988
050,42,007,"Pennsylvania","Beaver County",2,37,2102,1080,1022
050,42,007,"Pennsylvania","Beaver County",2,38,2158,1140,1018
050,42,007,"Pennsylvania","Beaver County",2,39,2047,1046,1001
050,42,007,"Pennsylvania","Beaver County",2,40,2037,1011,1026
050,42,007,"Pennsylvania","Beaver County",2,41,1973,995,978
050,42,007,"Pennsylvania","Beaver County",2,42,1926,989,937
050,42,007,"Pennsylvania","Beaver County",2,43,1847,932,915
050,42,007,"Pennsylvania","Beaver County",2,44,1753,880,873
050,42,007,"Pennsylvania","Beaver County",2,45,1785,883,902
050,42,007,"Pennsylvania","Beaver County",2,46,1777,870,907
050,42,007,"Pennsylvania","Beaver County",2,47,1832,913,919
050,42,007,"Pennsylvania","Beaver County",2,48,1939,972,967
050,42,007,"Pennsylvania","Beaver County",2,49,2157,1072,1085
050,42,007,"Pennsylvania","Beaver County",2,50,2111,1043,1068
050,42,007,"Pennsylvania","Beaver County",2,51,2082,1048,1034
050,42,007,"Pennsylvania","Beaver County",2,52,2144,1054,1090
050,42,007,"Pennsylvania","Beaver County",2,53,2294,1152,1142
050,42,007,"Pennsylvania","Beaver County",2,54,2314,1135,1179
050,42,007,"Pennsylvania","Beaver County",2,55,2438,1179,1259
050,42,007,"Pennsylvania","Beaver County",2,56,2559,1247,1312
050,42,007,"Pennsylvania","Beaver County",2,57,2671,1301,1370
050,42,007,"Pennsylvania","Beaver County",2,58,2751,1332,1419
050,42,007,"Pennsylvania","Beaver County",2,59,2741,1350,1391
050,42,007,"Pennsylvania","Beaver County",2,60,2748,1348,1400
050,42,007,"Pennsylvania","Beaver County",2,61,2767,1344,1423
050,42,007,"Pennsylvania","Beaver County",2,62,2743,1340,1403
050,42,007,"Pennsylvania","Beaver County",2,63,2700,1302,1398
050,42,007,"Pennsylvania","Beaver County",2,64,2604,1267,1337
050,42,007,"Pennsylvania","Beaver County",2,65,2587,1274,1313
050,42,007,"Pennsylvania","Beaver County",2,66,2476,1202,1274
050,42,007,"Pennsylvania","Beaver County",2,67,2372,1139,1233
050,42,007,"Pennsylvania","Beaver County",2,68,2279,1080,1199
050,42,007,"Pennsylvania","Beaver County",2,69,2149,1024,1125
050,42,007,"Pennsylvania","Beaver County",2,70,2060,980,1080
050,42,007,"Pennsylvania","Beaver County",2,71,2012,958,1054
050,42,007,"Pennsylvania","Beaver County",2,72,1933,920,1013
050,42,007,"Pennsylvania","Beaver County",2,73,2096,976,1120
050,42,007,"Pennsylvania","Beaver County",2,74,1400,644,756
050,42,007,"Pennsylvania","Beaver County",2,75,1309,596,713
050,42,007,"Pennsylvania","Beaver County",2,76,1318,579,739
050,42,007,"Pennsylvania","Beaver County",2,77,1367,595,772
050,42,007,"Pennsylvania","Beaver County",2,78,1169,492,677
050,42,007,"Pennsylvania","Beaver County",2,79,1064,463,601
050,42,007,"Pennsylvania","Beaver County",2,80,967,408,559
050,42,007,"Pennsylvania","Beaver County",2,81,943,381,562
050,42,007,"Pennsylvania","Beaver County",2,82,938,364,574
050,42,007,"Pennsylvania","Beaver County",2,83,828,320,508
050,42,007,"Pennsylvania","Beaver County",2,84,767,295,472
050,42,007,"Pennsylvania","Beaver County",2,85,4526,1495,3031
050,42,007,"Pennsylvania","Beaver County",3,0,1540,814,726
050,42,007,"Pennsylvania","Beaver County",3,1,1614,821,793
050,42,007,"Pennsylvania","Beaver County",3,2,1616,847,769
050,42,007,"Pennsylvania","Beaver County",3,3,1663,881,782
050,42,007,"Pennsylvania","Beaver County",3,4,1698,886,812
050,42,007,"Pennsylvania","Beaver County",3,5,1853,924,929
050,42,007,"Pennsylvania","Beaver County",3,6,1789,883,906
050,42,007,"Pennsylvania","Beaver County",3,7,1764,881,883
050,42,007,"Pennsylvania","Beaver County",3,8,1838,935,903
050,42,007,"Pennsylvania","Beaver County",3,9,1785,906,879
050,42,007,"Pennsylvania","Beaver County",3,10,1838,953,885
050,42,007,"Pennsylvania","Beaver County",3,11,1880,970,910
050,42,007,"Pennsylvania","Beaver County",3,12,1919,999,920
050,42,007,"Pennsylvania","Beaver County",3,13,2003,1035,968
050,42,007,"Pennsylvania","Beaver County",3,14,1993,1014,979
050,42,007,"Pennsylvania","Beaver County",3,15,1939,988,951
050,42,007,"Pennsylvania","Beaver County",3,16,1939,994,945
050,42,007,"Pennsylvania","Beaver County",3,17,1964,983,981
050,42,007,"Pennsylvania","Beaver County",3,18,1800,922,878
050,42,007,"Pennsylvania","Beaver County",3,19,1548,808,740
050,42,007,"Pennsylvania","Beaver County",3,20,1629,834,795
050,42,007,"Pennsylvania","Beaver County",3,21,1640,858,782
050,42,007,"Pennsylvania","Beaver County",3,22,1683,859,824
050,42,007,"Pennsylvania","Beaver County",3,23,1704,856,848
050,42,007,"Pennsylvania","Beaver County",3,24,1640,849,791
050,42,007,"Pennsylvania","Beaver County",3,25,1734,883,851
050,42,007,"Pennsylvania","Beaver County",3,26,1833,907,926
050,42,007,"Pennsylvania","Beaver County",3,27,1925,973,952
050,42,007,"Pennsylvania","Beaver County",3,28,1953,1021,932
050,42,007,"Pennsylvania","Beaver County",3,29,2026,1013,1013
050,42,007,"Pennsylvania","Beaver County",3,30,2048,1027,1021
050,42,007,"Pennsylvania","Beaver County",3,31,2042,1012,1030
050,42,007,"Pennsylvania","Beaver County",3,32,2019,1018,1001
050,42,007,"Pennsylvania","Beaver County",3,33,1954,992,962
050,42,007,"Pennsylvania","Beaver County",3,34,1965,979,986
050,42,007,"Pennsylvania","Beaver County",3,35,2044,1024,1020
050,42,007,"Pennsylvania","Beaver County",3,36,2082,1045,1037
050,42,007,"Pennsylvania","Beaver County",3,37,2015,1030,985
050,42,007,"Pennsylvania","Beaver County",3,38,2103,1076,1027
050,42,007,"Pennsylvania","Beaver County",3,39,2127,1114,1013
050,42,007,"Pennsylvania","Beaver County",3,40,2034,1038,996
050,42,007,"Pennsylvania","Beaver County",3,41,2039,1025,1014
050,42,007,"Pennsylvania","Beaver County",3,42,1969,999,970
050,42,007,"Pennsylvania","Beaver County",3,43,1920,981,939
050,42,007,"Pennsylvania","Beaver County",3,44,1863,950,913
050,42,007,"Pennsylvania","Beaver County",3,45,1751,868,883
050,42,007,"Pennsylvania","Beaver County",3,46,1777,887,890
050,42,007,"Pennsylvania","Beaver County",3,47,1803,878,925
050,42,007,"Pennsylvania","Beaver County",3,48,1818,918,900
050,42,007,"Pennsylvania","Beaver County",3,49,1923,957,966
050,42,007,"Pennsylvania","Beaver County",3,50,2160,1076,1084
050,42,007,"Pennsylvania","Beaver County",3,51,2102,1060,1042
050,42,007,"Pennsylvania","Beaver County",3,52,2073,1025,1048
050,42,007,"Pennsylvania","Beaver County",3,53,2119,1042,1077
050,42,007,"Pennsylvania","Beaver County",3,54,2271,1130,1141
050,42,007,"Pennsylvania","Beaver County",3,55,2295,1127,1168
050,42,007,"Pennsylvania","Beaver County",3,56,2418,1174,1244
050,42,007,"Pennsylvania","Beaver County",3,57,2531,1237,1294
050,42,007,"Pennsylvania","Beaver County",3,58,2652,1295,1357
050,42,007,"Pennsylvania","Beaver County",3,59,2731,1325,1406
050,42,007,"Pennsylvania","Beaver County",3,60,2719,1338,1381
050,42,007,"Pennsylvania","Beaver County",3,61,2724,1324,1400
050,42,007,"Pennsylvania","Beaver County",3,62,2727,1335,1392
050,42,007,"Pennsylvania","Beaver County",3,63,2679,1302,1377
050,42,007,"Pennsylvania","Beaver County",3,64,2620,1262,1358
050,42,007,"Pennsylvania","Beaver County",3,65,2553,1238,1315
050,42,007,"Pennsylvania","Beaver County",3,66,2541,1242,1299
050,42,007,"Pennsylvania","Beaver County",3,67,2443,1185,1258
050,42,007,"Pennsylvania","Beaver County",3,68,2324,1110,1214
050,42,007,"Pennsylvania","Beaver County",3,69,2237,1057,1180
050,42,007,"Pennsylvania","Beaver County",3,70,2098,993,1105
050,42,007,"Pennsylvania","Beaver County",3,71,2013,947,1066
050,42,007,"Pennsylvania","Beaver County",3,72,1947,920,1027
050,42,007,"Pennsylvania","Beaver County",3,73,1887,895,992
050,42,007,"Pennsylvania","Beaver County",3,74,2016,936,1080
050,42,007,"Pennsylvania","Beaver County",3,75,1357,608,749
050,42,007,"Pennsylvania","Beaver County",3,76,1253,570,683
050,42,007,"Pennsylvania","Beaver County",3,77,1252,550,702
050,42,007,"Pennsylvania","Beaver County",3,78,1316,548,768
050,42,007,"Pennsylvania","Beaver County",3,79,1094,464,630
050,42,007,"Pennsylvania","Beaver County",3,80,998,425,573
050,42,007,"Pennsylvania","Beaver County",3,81,893,372,521
050,42,007,"Pennsylvania","Beaver County",3,82,857,336,521
050,42,007,"Pennsylvania","Beaver County",3,83,849,326,523
050,42,007,"Pennsylvania","Beaver County",3,84,768,287,481
050,42,007,"Pennsylvania","Beaver County",3,85,4404,1474,2930
050,42,007,"Pennsylvania","Beaver County",4,0,1490,773,717
050,42,007,"Pennsylvania","Beaver County",4,1,1534,821,713
050,42,007,"Pennsylvania","Beaver County",4,2,1621,829,792
050,42,007,"Pennsylvania","Beaver County",4,3,1594,825,769
050,42,007,"Pennsylvania","Beaver County",4,4,1636,862,774
050,42,007,"Pennsylvania","Beaver County",4,5,1708,889,819
050,42,007,"Pennsylvania","Beaver County",4,6,1862,927,935
050,42,007,"Pennsylvania","Beaver County",4,7,1776,876,900
050,42,007,"Pennsylvania","Beaver County",4,8,1791,895,896
050,42,007,"Pennsylvania","Beaver County",4,9,1844,918,926
050,42,007,"Pennsylvania","Beaver County",4,10,1782,896,886
050,42,007,"Pennsylvania","Beaver County",4,11,1843,939,904
050,42,007,"Pennsylvania","Beaver County",4,12,1892,972,920
050,42,007,"Pennsylvania","Beaver County",4,13,1892,985,907
050,42,007,"Pennsylvania","Beaver County",4,14,2025,1044,981
050,42,007,"Pennsylvania","Beaver County",4,15,1981,1017,964
050,42,007,"Pennsylvania","Beaver County",4,16,1952,1000,952
050,42,007,"Pennsylvania","Beaver County",4,17,1948,992,956
050,42,007,"Pennsylvania","Beaver County",4,18,1771,905,866
050,42,007,"Pennsylvania","Beaver County",4,19,1522,795,727
050,42,007,"Pennsylvania","Beaver County",4,20,1598,814,784
050,42,007,"Pennsylvania","Beaver County",4,21,1634,856,778
050,42,007,"Pennsylvania","Beaver County",4,22,1660,863,797
050,42,007,"Pennsylvania","Beaver County",4,23,1674,860,814
050,42,007,"Pennsylvania","Beaver County",4,24,1702,883,819
050,42,007,"Pennsylvania","Beaver County",4,25,1679,866,813
050,42,007,"Pennsylvania","Beaver County",4,26,1742,892,850
050,42,007,"Pennsylvania","Beaver County",4,27,1834,892,942
050,42,007,"Pennsylvania","Beaver County",4,28,1919,986,933
050,42,007,"Pennsylvania","Beaver County",4,29,1984,1042,942
050,42,007,"Pennsylvania","Beaver County",4,30,2014,989,1025
050,42,007,"Pennsylvania","Beaver County",4,31,2051,1041,1010
050,42,007,"Pennsylvania","Beaver County",4,32,2083,1058,1025
050,42,007,"Pennsylvania","Beaver County",4,33,2030,1013,1017
050,42,007,"Pennsylvania","Beaver County",4,34,1968,991,977
050,42,007,"Pennsylvania","Beaver County",4,35,1976,1000,976
050,42,007,"Pennsylvania","Beaver County",4,36,2030,1022,1008
050,42,007,"Pennsylvania","Beaver County",4,37,2101,1052,1049
050,42,007,"Pennsylvania","Beaver County",4,38,1998,1022,976
050,42,007,"Pennsylvania","Beaver County",4,39,2090,1065,1025
050,42,007,"Pennsylvania","Beaver County",4,40,2130,1119,1011
050,42,007,"Pennsylvania","Beaver County",4,41,2054,1051,1003
050,42,007,"Pennsylvania","Beaver County",4,42,2023,1008,1015
050,42,007,"Pennsylvania","Beaver County",4,43,1967,994,973
050,42,007,"Pennsylvania","Beaver County",4,44,1879,969,910
050,42,007,"Pennsylvania","Beaver County",4,45,1872,955,917
050,42,007,"Pennsylvania","Beaver County",4,46,1751,865,886
050,42,007,"Pennsylvania","Beaver County",4,47,1771,882,889
050,42,007,"Pennsylvania","Beaver County",4,48,1789,874,915
050,42,007,"Pennsylvania","Beaver County",4,49,1816,922,894
050,42,007,"Pennsylvania","Beaver County",4,50,1934,964,970
050,42,007,"Pennsylvania","Beaver County",4,51,2147,1080,1067
050,42,007,"Pennsylvania","Beaver County",4,52,2082,1028,1054
050,42,007,"Pennsylvania","Beaver County",4,53,2056,1026,1030
050,42,007,"Pennsylvania","Beaver County",4,54,2126,1047,1079
050,42,007,"Pennsylvania","Beaver County",4,55,2250,1120,1130
050,42,007,"Pennsylvania","Beaver County",4,56,2278,1112,1166
050,42,007,"Pennsylvania","Beaver County",4,57,2388,1157,1231
050,42,007,"Pennsylvania","Beaver County",4,58,2505,1220,1285
050,42,007,"Pennsylvania","Beaver County",4,59,2612,1284,1328
050,42,007,"Pennsylvania","Beaver County",4,60,2719,1316,1403
050,42,007,"Pennsylvania","Beaver County",4,61,2705,1319,1386
050,42,007,"Pennsylvania","Beaver County",4,62,2694,1312,1382
050,42,007,"Pennsylvania","Beaver County",4,63,2672,1304,1368
050,42,007,"Pennsylvania","Beaver County",4,64,2607,1260,1347
050,42,007,"Pennsylvania","Beaver County",4,65,2589,1260,1329
050,42,007,"Pennsylvania","Beaver County",4,66,2493,1200,1293
050,42,007,"Pennsylvania","Beaver County",4,67,2506,1215,1291
050,42,007,"Pennsylvania","Beaver County",4,68,2373,1142,1231
050,42,007,"Pennsylvania","Beaver County",4,69,2260,1063,1197
050,42,007,"Pennsylvania","Beaver County",4,70,2189,1036,1153
050,42,007,"Pennsylvania","Beaver County",4,71,2068,971,1097
050,42,007,"Pennsylvania","Beaver County",4,72,1949,914,1035
050,42,007,"Pennsylvania","Beaver County",4,73,1903,893,1010
050,42,007,"Pennsylvania","Beaver County",4,74,1822,856,966
050,42,007,"Pennsylvania","Beaver County",4,75,1958,899,1059
050,42,007,"Pennsylvania","Beaver County",4,76,1308,582,726
050,42,007,"Pennsylvania","Beaver County",4,77,1199,542,657
050,42,007,"Pennsylvania","Beaver County",4,78,1204,500,704
050,42,007,"Pennsylvania","Beaver County",4,79,1229,510,719
050,42,007,"Pennsylvania","Beaver County",4,80,1028,431,597
050,42,007,"Pennsylvania","Beaver County",4,81,929,401,528
050,42,007,"Pennsylvania","Beaver County",4,82,815,328,487
050,42,007,"Pennsylvania","Beaver County",4,83,772,305,467
050,42,007,"Pennsylvania","Beaver County",4,84,793,303,490
050,42,007,"Pennsylvania","Beaver County",4,85,4292,1415,2877
050,42,007,"Pennsylvania","Beaver County",5,0,1456,754,702
050,42,007,"Pennsylvania","Beaver County",5,1,1508,777,731
050,42,007,"Pennsylvania","Beaver County",5,2,1568,858,710
050,42,007,"Pennsylvania","Beaver County",5,3,1632,824,808
050,42,007,"Pennsylvania","Beaver County",5,4,1594,817,777
050,42,007,"Pennsylvania","Beaver County",5,5,1669,891,778
050,42,007,"Pennsylvania","Beaver County",5,6,1682,868,814
050,42,007,"Pennsylvania","Beaver County",5,7,1880,940,940
050,42,007,"Pennsylvania","Beaver County",5,8,1795,875,920
050,42,007,"Pennsylvania","Beaver County",5,9,1805,898,907
050,42,007,"Pennsylvania","Beaver County",5,10,1835,912,923
050,42,007,"Pennsylvania","Beaver County",5,11,1782,905,877
050,42,007,"Pennsylvania","Beaver County",5,12,1829,934,895
050,42,007,"Pennsylvania","Beaver County",5,13,1906,979,927
050,42,007,"Pennsylvania","Beaver County",5,14,1897,980,917
050,42,007,"Pennsylvania","Beaver County",5,15,2010,1048,962
050,42,007,"Pennsylvania","Beaver County",5,16,1991,1016,975
050,42,007,"Pennsylvania","Beaver County",5,17,1952,1003,949
050,42,007,"Pennsylvania","Beaver County",5,18,1743,912,831
050,42,007,"Pennsylvania","Beaver County",5,19,1531,805,726
050,42,007,"Pennsylvania","Beaver County",5,20,1596,795,801
050,42,007,"Pennsylvania","Beaver County",5,21,1638,829,809
050,42,007,"Pennsylvania","Beaver County",5,22,1668,854,814
050,42,007,"Pennsylvania","Beaver County",5,23,1699,880,819
050,42,007,"Pennsylvania","Beaver County",5,24,1747,902,845
050,42,007,"Pennsylvania","Beaver County",5,25,1698,889,809
050,42,007,"Pennsylvania","Beaver County",5,26,1737,893,844
050,42,007,"Pennsylvania","Beaver County",5,27,1818,926,892
050,42,007,"Pennsylvania","Beaver County",5,28,1881,940,941
050,42,007,"Pennsylvania","Beaver County",5,29,1935,978,957
050,42,007,"Pennsylvania","Beaver County",5,30,2044,1090,954
050,42,007,"Pennsylvania","Beaver County",5,31,2068,1030,1038
050,42,007,"Pennsylvania","Beaver County",5,32,2085,1060,1025
050,42,007,"Pennsylvania","Beaver County",5,33,2141,1078,1063
050,42,007,"Pennsylvania","Beaver County",5,34,2052,1015,1037
050,42,007,"Pennsylvania","Beaver County",5,35,1995,1038,957
050,42,007,"Pennsylvania","Beaver County",5,36,1995,1026,969
050,42,007,"Pennsylvania","Beaver County",5,37,2078,1056,1022
050,42,007,"Pennsylvania","Beaver County",5,38,2105,1056,1049
050,42,007,"Pennsylvania","Beaver County",5,39,1986,1014,972
050,42,007,"Pennsylvania","Beaver County",5,40,2091,1060,1031
050,42,007,"Pennsylvania","Beaver County",5,41,2132,1115,1017
050,42,007,"Pennsylvania","Beaver County",5,42,2051,1059,992
050,42,007,"Pennsylvania","Beaver County",5,43,2008,993,1015
050,42,007,"Pennsylvania","Beaver County",5,44,1958,993,965
050,42,007,"Pennsylvania","Beaver County",5,45,1898,973,925
050,42,007,"Pennsylvania","Beaver County",5,46,1849,942,907
050,42,007,"Pennsylvania","Beaver County",5,47,1749,878,871
050,42,007,"Pennsylvania","Beaver County",5,48,1771,873,898
050,42,007,"Pennsylvania","Beaver County",5,49,1797,874,923
050,42,007,"Pennsylvania","Beaver County",5,50,1806,909,897
050,42,007,"Pennsylvania","Beaver County",5,51,1922,974,948
050,42,007,"Pennsylvania","Beaver County",5,52,2169,1068,1101
050,42,007,"Pennsylvania","Beaver County",5,53,2082,1031,1051
050,42,007,"Pennsylvania","Beaver County",5,54,2044,1008,1036
050,42,007,"Pennsylvania","Beaver County",5,55,2118,1048,1070
050,42,007,"Pennsylvania","Beaver County",5,56,2226,1110,1116
050,42,007,"Pennsylvania","Beaver County",5,57,2289,1114,1175
050,42,007,"Pennsylvania","Beaver County",5,58,2402,1152,1250
050,42,007,"Pennsylvania","Beaver County",5,59,2490,1211,1279
050,42,007,"Pennsylvania","Beaver County",5,60,2585,1273,1312
050,42,007,"Pennsylvania","Beaver County",5,61,2682,1296,1386
050,42,007,"Pennsylvania","Beaver County",5,62,2667,1308,1359
050,42,007,"Pennsylvania","Beaver County",5,63,2650,1286,1364
050,42,007,"Pennsylvania","Beaver County",5,64,2609,1268,1341
050,42,007,"Pennsylvania","Beaver County",5,65,2580,1252,1328
050,42,007,"Pennsylvania","Beaver County",5,66,2539,1234,1305
050,42,007,"Pennsylvania","Beaver County",5,67,2476,1189,1287
050,42,007,"Pennsylvania","Beaver County",5,68,2467,1185,1282
050,42,007,"Pennsylvania","Beaver County",5,69,2342,1119,1223
050,42,007,"Pennsylvania","Beaver County",5,70,2223,1042,1181
050,42,007,"Pennsylvania","Beaver County",5,71,2130,1003,1127
050,42,007,"Pennsylvania","Beaver County",5,72,2013,940,1073
050,42,007,"Pennsylvania","Beaver County",5,73,1930,908,1022
050,42,007,"Pennsylvania","Beaver County",5,74,1863,869,994
050,42,007,"Pennsylvania","Beaver County",5,75,1780,835,945
050,42,007,"Pennsylvania","Beaver County",5,76,1913,877,1036
050,42,007,"Pennsylvania","Beaver County",5,77,1252,554,698
050,42,007,"Pennsylvania","Beaver County",5,78,1167,509,658
050,42,007,"Pennsylvania","Beaver County",5,79,1144,476,668
050,42,007,"Pennsylvania","Beaver County",5,80,1157,473,684
050,42,007,"Pennsylvania","Beaver County",5,81,967,406,561
050,42,007,"Pennsylvania","Beaver County",5,82,846,352,494
050,42,007,"Pennsylvania","Beaver County",5,83,744,299,445
050,42,007,"Pennsylvania","Beaver County",5,84,730,289,441
050,42,007,"Pennsylvania","Beaver County",5,85,4292,1426,2866
050,42,009,"Pennsylvania","Bedford County",1,0,453,234,219
050,42,009,"Pennsylvania","Bedford County",1,1,468,245,223
050,42,009,"Pennsylvania","Bedford County",1,2,486,260,226
050,42,009,"Pennsylvania","Bedford County",1,3,485,255,230
050,42,009,"Pennsylvania","Bedford County",1,4,481,240,241
050,42,009,"Pennsylvania","Bedford County",1,5,479,254,225
050,42,009,"Pennsylvania","Bedford County",1,6,489,262,227
050,42,009,"Pennsylvania","Bedford County",1,7,497,241,256
050,42,009,"Pennsylvania","Bedford County",1,8,484,240,244
050,42,009,"Pennsylvania","Bedford County",1,9,501,265,236
050,42,009,"Pennsylvania","Bedford County",1,10,526,257,269
050,42,009,"Pennsylvania","Bedford County",1,11,533,270,263
050,42,009,"Pennsylvania","Bedford County",1,12,554,282,272
050,42,009,"Pennsylvania","Bedford County",1,13,551,273,278
050,42,009,"Pennsylvania","Bedford County",1,14,563,293,270
050,42,009,"Pennsylvania","Bedford County",1,15,557,295,262
050,42,009,"Pennsylvania","Bedford County",1,16,608,320,288
050,42,009,"Pennsylvania","Bedford County",1,17,609,312,297
050,42,009,"Pennsylvania","Bedford County",1,18,496,266,230
050,42,009,"Pennsylvania","Bedford County",1,19,409,219,190
050,42,009,"Pennsylvania","Bedford County",1,20,447,231,216
050,42,009,"Pennsylvania","Bedford County",1,21,485,258,227
050,42,009,"Pennsylvania","Bedford County",1,22,468,236,232
050,42,009,"Pennsylvania","Bedford County",1,23,467,234,233
050,42,009,"Pennsylvania","Bedford County",1,24,490,258,232
050,42,009,"Pennsylvania","Bedford County",1,25,488,261,227
050,42,009,"Pennsylvania","Bedford County",1,26,502,252,250
050,42,009,"Pennsylvania","Bedford County",1,27,505,254,251
050,42,009,"Pennsylvania","Bedford County",1,28,529,260,269
050,42,009,"Pennsylvania","Bedford County",1,29,520,270,250
050,42,009,"Pennsylvania","Bedford County",1,30,543,310,233
050,42,009,"Pennsylvania","Bedford County",1,31,500,294,206
050,42,009,"Pennsylvania","Bedford County",1,32,467,245,222
050,42,009,"Pennsylvania","Bedford County",1,33,471,234,237
050,42,009,"Pennsylvania","Bedford County",1,34,457,219,238
050,42,009,"Pennsylvania","Bedford County",1,35,461,221,240
050,42,009,"Pennsylvania","Bedford County",1,36,469,235,234
050,42,009,"Pennsylvania","Bedford County",1,37,487,249,238
050,42,009,"Pennsylvania","Bedford County",1,38,500,250,250
050,42,009,"Pennsylvania","Bedford County",1,39,524,264,260
050,42,009,"Pennsylvania","Bedford County",1,40,496,249,247
050,42,009,"Pennsylvania","Bedford County",1,41,510,251,259
050,42,009,"Pennsylvania","Bedford County",1,42,549,285,264
050,42,009,"Pennsylvania","Bedford County",1,43,524,257,267
050,42,009,"Pennsylvania","Bedford County",1,44,505,250,255
050,42,009,"Pennsylvania","Bedford County",1,45,509,247,262
050,42,009,"Pennsylvania","Bedford County",1,46,560,273,287
050,42,009,"Pennsylvania","Bedford County",1,47,591,284,307
050,42,009,"Pennsylvania","Bedford County",1,48,654,320,334
050,42,009,"Pennsylvania","Bedford County",1,49,697,364,333
050,42,009,"Pennsylvania","Bedford County",1,50,694,357,337
050,42,009,"Pennsylvania","Bedford County",1,51,649,333,316
050,42,009,"Pennsylvania","Bedford County",1,52,647,338,309
050,42,009,"Pennsylvania","Bedford County",1,53,672,352,320
050,42,009,"Pennsylvania","Bedford County",1,54,681,349,332
050,42,009,"Pennsylvania","Bedford County",1,55,731,360,371
050,42,009,"Pennsylvania","Bedford County",1,56,733,363,370
050,42,009,"Pennsylvania","Bedford County",1,57,730,366,364
050,42,009,"Pennsylvania","Bedford County",1,58,783,403,380
050,42,009,"Pennsylvania","Bedford County",1,59,789,393,396
050,42,009,"Pennsylvania","Bedford County",1,60,816,415,401
050,42,009,"Pennsylvania","Bedford County",1,61,823,430,393
050,42,009,"Pennsylvania","Bedford County",1,62,810,423,387
050,42,009,"Pennsylvania","Bedford County",1,63,760,399,361
050,42,009,"Pennsylvania","Bedford County",1,64,701,346,355
050,42,009,"Pennsylvania","Bedford County",1,65,717,340,377
050,42,009,"Pennsylvania","Bedford County",1,66,713,346,367
050,42,009,"Pennsylvania","Bedford County",1,67,712,357,355
050,42,009,"Pennsylvania","Bedford County",1,68,678,337,341
050,42,009,"Pennsylvania","Bedford County",1,69,559,283,276
050,42,009,"Pennsylvania","Bedford County",1,70,561,284,277
050,42,009,"Pennsylvania","Bedford County",1,71,558,277,281
050,42,009,"Pennsylvania","Bedford County",1,72,579,271,308
050,42,009,"Pennsylvania","Bedford County",1,73,590,295,295
050,42,009,"Pennsylvania","Bedford County",1,74,425,204,221
050,42,009,"Pennsylvania","Bedford County",1,75,438,219,219
050,42,009,"Pennsylvania","Bedford County",1,76,438,209,229
050,42,009,"Pennsylvania","Bedford County",1,77,461,219,242
050,42,009,"Pennsylvania","Bedford County",1,78,404,176,228
050,42,009,"Pennsylvania","Bedford County",1,79,380,180,200
050,42,009,"Pennsylvania","Bedford County",1,80,344,165,179
050,42,009,"Pennsylvania","Bedford County",1,81,303,136,167
050,42,009,"Pennsylvania","Bedford County",1,82,296,126,170
050,42,009,"Pennsylvania","Bedford County",1,83,245,100,145
050,42,009,"Pennsylvania","Bedford County",1,84,227,92,135
050,42,009,"Pennsylvania","Bedford County",1,85,1317,505,812
050,42,009,"Pennsylvania","Bedford County",2,0,462,239,223
050,42,009,"Pennsylvania","Bedford County",2,1,465,243,222
050,42,009,"Pennsylvania","Bedford County",2,2,483,256,227
050,42,009,"Pennsylvania","Bedford County",2,3,485,255,230
050,42,009,"Pennsylvania","Bedford County",2,4,487,247,240
050,42,009,"Pennsylvania","Bedford County",2,5,481,251,230
050,42,009,"Pennsylvania","Bedford County",2,6,488,261,227
050,42,009,"Pennsylvania","Bedford County",2,7,498,248,250
050,42,009,"Pennsylvania","Bedford County",2,8,486,239,247
050,42,009,"Pennsylvania","Bedford County",2,9,496,259,237
050,42,009,"Pennsylvania","Bedford County",2,10,522,260,262
050,42,009,"Pennsylvania","Bedford County",2,11,531,268,263
050,42,009,"Pennsylvania","Bedford County",2,12,555,281,274
050,42,009,"Pennsylvania","Bedford County",2,13,552,275,277
050,42,009,"Pennsylvania","Bedford County",2,14,556,285,271
050,42,009,"Pennsylvania","Bedford County",2,15,560,295,265
050,42,009,"Pennsylvania","Bedford County",2,16,599,315,284
050,42,009,"Pennsylvania","Bedford County",2,17,612,316,296
050,42,009,"Pennsylvania","Bedford County",2,18,495,266,229
050,42,009,"Pennsylvania","Bedford County",2,19,405,219,186
050,42,009,"Pennsylvania","Bedford County",2,20,451,234,217
050,42,009,"Pennsylvania","Bedford County",2,21,480,252,228
050,42,009,"Pennsylvania","Bedford County",2,22,475,240,235
050,42,009,"Pennsylvania","Bedford County",2,23,474,236,238
050,42,009,"Pennsylvania","Bedford County",2,24,483,252,231
050,42,009,"Pennsylvania","Bedford County",2,25,491,261,230
050,42,009,"Pennsylvania","Bedford County",2,26,497,252,245
050,42,009,"Pennsylvania","Bedford County",2,27,506,256,250
050,42,009,"Pennsylvania","Bedford County",2,28,526,261,265
050,42,009,"Pennsylvania","Bedford County",2,29,525,270,255
050,42,009,"Pennsylvania","Bedford County",2,30,542,305,237
050,42,009,"Pennsylvania","Bedford County",2,31,509,298,211
050,42,009,"Pennsylvania","Bedford County",2,32,476,259,217
050,42,009,"Pennsylvania","Bedford County",2,33,471,237,234
050,42,009,"Pennsylvania","Bedford County",2,34,460,223,237
050,42,009,"Pennsylvania","Bedford County",2,35,464,221,243
050,42,009,"Pennsylvania","Bedford County",2,36,463,231,232
050,42,009,"Pennsylvania","Bedford County",2,37,484,245,239
050,42,009,"Pennsylvania","Bedford County",2,38,501,253,248
050,42,009,"Pennsylvania","Bedford County",2,39,513,257,256
050,42,009,"Pennsylvania","Bedford County",2,40,507,254,253
050,42,009,"Pennsylvania","Bedford County",2,41,508,249,259
050,42,009,"Pennsylvania","Bedford County",2,42,537,277,260
050,42,009,"Pennsylvania","Bedford County",2,43,536,265,271
050,42,009,"Pennsylvania","Bedford County",2,44,505,251,254
050,42,009,"Pennsylvania","Bedford County",2,45,509,248,261
050,42,009,"Pennsylvania","Bedford County",2,46,548,268,280
050,42,009,"Pennsylvania","Bedford County",2,47,580,279,301
050,42,009,"Pennsylvania","Bedford County",2,48,638,311,327
050,42,009,"Pennsylvania","Bedford County",2,49,690,356,334
050,42,009,"Pennsylvania","Bedford County",2,50,690,356,334
050,42,009,"Pennsylvania","Bedford County",2,51,655,335,320
050,42,009,"Pennsylvania","Bedford County",2,52,645,336,309
050,42,009,"Pennsylvania","Bedford County",2,53,663,346,317
050,42,009,"Pennsylvania","Bedford County",2,54,679,351,328
050,42,009,"Pennsylvania","Bedford County",2,55,718,356,362
050,42,009,"Pennsylvania","Bedford County",2,56,736,365,371
050,42,009,"Pennsylvania","Bedford County",2,57,732,366,366
050,42,009,"Pennsylvania","Bedford County",2,58,771,394,377
050,42,009,"Pennsylvania","Bedford County",2,59,796,401,395
050,42,009,"Pennsylvania","Bedford County",2,60,806,407,399
050,42,009,"Pennsylvania","Bedford County",2,61,821,427,394
050,42,009,"Pennsylvania","Bedford County",2,62,810,422,388
050,42,009,"Pennsylvania","Bedford County",2,63,779,408,371
050,42,009,"Pennsylvania","Bedford County",2,64,709,356,353
050,42,009,"Pennsylvania","Bedford County",2,65,711,340,371
050,42,009,"Pennsylvania","Bedford County",2,66,716,346,370
050,42,009,"Pennsylvania","Bedford County",2,67,710,353,357
050,42,009,"Pennsylvania","Bedford County",2,68,679,338,341
050,42,009,"Pennsylvania","Bedford County",2,69,593,298,295
050,42,009,"Pennsylvania","Bedford County",2,70,558,283,275
050,42,009,"Pennsylvania","Bedford County",2,71,561,278,283
050,42,009,"Pennsylvania","Bedford County",2,72,561,266,295
050,42,009,"Pennsylvania","Bedford County",2,73,616,304,312
050,42,009,"Pennsylvania","Bedford County",2,74,433,211,222
050,42,009,"Pennsylvania","Bedford County",2,75,433,216,217
050,42,009,"Pennsylvania","Bedford County",2,76,430,208,222
050,42,009,"Pennsylvania","Bedford County",2,77,463,221,242
050,42,009,"Pennsylvania","Bedford County",2,78,408,180,228
050,42,009,"Pennsylvania","Bedford County",2,79,377,174,203
050,42,009,"Pennsylvania","Bedford County",2,80,347,166,181
050,42,009,"Pennsylvania","Bedford County",2,81,307,140,167
050,42,009,"Pennsylvania","Bedford County",2,82,291,125,166
050,42,009,"Pennsylvania","Bedford County",2,83,249,102,147
050,42,009,"Pennsylvania","Bedford County",2,84,229,92,137
050,42,009,"Pennsylvania","Bedford County",2,85,1319,504,815
050,42,009,"Pennsylvania","Bedford County",3,0,465,244,221
050,42,009,"Pennsylvania","Bedford County",3,1,466,237,229
050,42,009,"Pennsylvania","Bedford County",3,2,468,243,225
050,42,009,"Pennsylvania","Bedford County",3,3,484,254,230
050,42,009,"Pennsylvania","Bedford County",3,4,497,262,235
050,42,009,"Pennsylvania","Bedford County",3,5,474,246,228
050,42,009,"Pennsylvania","Bedford County",3,6,486,259,227
050,42,009,"Pennsylvania","Bedford County",3,7,501,269,232
050,42,009,"Pennsylvania","Bedford County",3,8,493,247,246
050,42,009,"Pennsylvania","Bedford County",3,9,500,249,251
050,42,009,"Pennsylvania","Bedford County",3,10,500,261,239
050,42,009,"Pennsylvania","Bedford County",3,11,514,252,262
050,42,009,"Pennsylvania","Bedford County",3,12,539,273,266
050,42,009,"Pennsylvania","Bedford County",3,13,548,278,270
050,42,009,"Pennsylvania","Bedford County",3,14,559,278,281
050,42,009,"Pennsylvania","Bedford County",3,15,563,291,272
050,42,009,"Pennsylvania","Bedford County",3,16,566,298,268
050,42,009,"Pennsylvania","Bedford County",3,17,601,317,284
050,42,009,"Pennsylvania","Bedford County",3,18,529,283,246
050,42,009,"Pennsylvania","Bedford County",3,19,403,218,185
050,42,009,"Pennsylvania","Bedford County",3,20,437,232,205
050,42,009,"Pennsylvania","Bedford County",3,21,477,248,229
050,42,009,"Pennsylvania","Bedford County",3,22,507,261,246
050,42,009,"Pennsylvania","Bedford County",3,23,510,263,247
050,42,009,"Pennsylvania","Bedford County",3,24,491,250,241
050,42,009,"Pennsylvania","Bedford County",3,25,480,251,229
050,42,009,"Pennsylvania","Bedford County",3,26,491,266,225
050,42,009,"Pennsylvania","Bedford County",3,27,501,258,243
050,42,009,"Pennsylvania","Bedford County",3,28,502,255,247
050,42,009,"Pennsylvania","Bedford County",3,29,528,254,274
050,42,009,"Pennsylvania","Bedford County",3,30,545,282,263
050,42,009,"Pennsylvania","Bedford County",3,31,526,293,233
050,42,009,"Pennsylvania","Bedford County",3,32,501,289,212
050,42,009,"Pennsylvania","Bedford County",3,33,491,268,223
050,42,009,"Pennsylvania","Bedford County",3,34,462,232,230
050,42,009,"Pennsylvania","Bedford County",3,35,461,217,244
050,42,009,"Pennsylvania","Bedford County",3,36,462,226,236
050,42,009,"Pennsylvania","Bedford County",3,37,464,228,236
050,42,009,"Pennsylvania","Bedford County",3,38,495,251,244
050,42,009,"Pennsylvania","Bedford County",3,39,494,246,248
050,42,009,"Pennsylvania","Bedford County",3,40,522,258,264
050,42,009,"Pennsylvania","Bedford County",3,41,524,257,267
050,42,009,"Pennsylvania","Bedford County",3,42,510,254,256
050,42,009,"Pennsylvania","Bedford County",3,43,536,273,263
050,42,009,"Pennsylvania","Bedford County",3,44,548,277,271
050,42,009,"Pennsylvania","Bedford County",3,45,497,244,253
050,42,009,"Pennsylvania","Bedford County",3,46,519,255,264
050,42,009,"Pennsylvania","Bedford County",3,47,529,255,274
050,42,009,"Pennsylvania","Bedford County",3,48,585,279,306
050,42,009,"Pennsylvania","Bedford County",3,49,642,317,325
050,42,009,"Pennsylvania","Bedford County",3,50,694,353,341
050,42,009,"Pennsylvania","Bedford County",3,51,683,355,328
050,42,009,"Pennsylvania","Bedford County",3,52,658,334,324
050,42,009,"Pennsylvania","Bedford County",3,53,637,333,304
050,42,009,"Pennsylvania","Bedford County",3,54,672,363,309
050,42,009,"Pennsylvania","Bedford County",3,55,673,344,329
050,42,009,"Pennsylvania","Bedford County",3,56,713,350,363
050,42,009,"Pennsylvania","Bedford County",3,57,746,370,376
050,42,009,"Pennsylvania","Bedford County",3,58,733,367,366
050,42,009,"Pennsylvania","Bedford County",3,59,764,393,371
050,42,009,"Pennsylvania","Bedford County",3,60,793,401,392
050,42,009,"Pennsylvania","Bedford County",3,61,804,402,402
050,42,009,"Pennsylvania","Bedford County",3,62,824,433,391
050,42,009,"Pennsylvania","Bedford County",3,63,810,421,389
050,42,009,"Pennsylvania","Bedford County",3,64,778,403,375
050,42,009,"Pennsylvania","Bedford County",3,65,703,359,344
050,42,009,"Pennsylvania","Bedford County",3,66,705,332,373
050,42,009,"Pennsylvania","Bedford County",3,67,701,339,362
050,42,009,"Pennsylvania","Bedford County",3,68,711,350,361
050,42,009,"Pennsylvania","Bedford County",3,69,668,330,338
050,42,009,"Pennsylvania","Bedford County",3,70,575,287,288
050,42,009,"Pennsylvania","Bedford County",3,71,544,272,272
050,42,009,"Pennsylvania","Bedford County",3,72,543,267,276
050,42,009,"Pennsylvania","Bedford County",3,73,535,255,280
050,42,009,"Pennsylvania","Bedford County",3,74,607,298,309
050,42,009,"Pennsylvania","Bedford County",3,75,410,196,214
050,42,009,"Pennsylvania","Bedford County",3,76,418,209,209
050,42,009,"Pennsylvania","Bedford County",3,77,405,193,212
050,42,009,"Pennsylvania","Bedford County",3,78,439,207,232
050,42,009,"Pennsylvania","Bedford County",3,79,384,168,216
050,42,009,"Pennsylvania","Bedford County",3,80,359,166,193
050,42,009,"Pennsylvania","Bedford County",3,81,326,151,175
050,42,009,"Pennsylvania","Bedford County",3,82,286,125,161
050,42,009,"Pennsylvania","Bedford County",3,83,261,111,150
050,42,009,"Pennsylvania","Bedford County",3,84,230,94,136
050,42,009,"Pennsylvania","Bedford County",3,85,1302,504,798
050,42,009,"Pennsylvania","Bedford County",4,0,464,229,235
050,42,009,"Pennsylvania","Bedford County",4,1,468,243,225
050,42,009,"Pennsylvania","Bedford County",4,2,484,239,245
050,42,009,"Pennsylvania","Bedford County",4,3,485,254,231
050,42,009,"Pennsylvania","Bedford County",4,4,494,255,239
050,42,009,"Pennsylvania","Bedford County",4,5,520,270,250
050,42,009,"Pennsylvania","Bedford County",4,6,489,250,239
050,42,009,"Pennsylvania","Bedford County",4,7,490,257,233
050,42,009,"Pennsylvania","Bedford County",4,8,505,274,231
050,42,009,"Pennsylvania","Bedford County",4,9,500,254,246
050,42,009,"Pennsylvania","Bedford County",4,10,511,258,253
050,42,009,"Pennsylvania","Bedford County",4,11,506,262,244
050,42,009,"Pennsylvania","Bedford County",4,12,534,260,274
050,42,009,"Pennsylvania","Bedford County",4,13,535,266,269
050,42,009,"Pennsylvania","Bedford County",4,14,546,278,268
050,42,009,"Pennsylvania","Bedford County",4,15,562,283,279
050,42,009,"Pennsylvania","Bedford County",4,16,565,289,276
050,42,009,"Pennsylvania","Bedford County",4,17,560,297,263
050,42,009,"Pennsylvania","Bedford County",4,18,500,279,221
050,42,009,"Pennsylvania","Bedford County",4,19,396,213,183
050,42,009,"Pennsylvania","Bedford County",4,20,433,223,210
050,42,009,"Pennsylvania","Bedford County",4,21,455,240,215
050,42,009,"Pennsylvania","Bedford County",4,22,493,250,243
050,42,009,"Pennsylvania","Bedford County",4,23,535,283,252
050,42,009,"Pennsylvania","Bedford County",4,24,492,258,234
050,42,009,"Pennsylvania","Bedford County",4,25,499,253,246
050,42,009,"Pennsylvania","Bedford County",4,26,468,243,225
050,42,009,"Pennsylvania","Bedford County",4,27,494,255,239
050,42,009,"Pennsylvania","Bedford County",4,28,479,250,229
050,42,009,"Pennsylvania","Bedford County",4,29,518,262,256
050,42,009,"Pennsylvania","Bedford County",4,30,532,257,275
050,42,009,"Pennsylvania","Bedford County",4,31,544,280,264
050,42,009,"Pennsylvania","Bedford County",4,32,529,296,233
050,42,009,"Pennsylvania","Bedford County",4,33,522,310,212
050,42,009,"Pennsylvania","Bedford County",4,34,495,273,222
050,42,009,"Pennsylvania","Bedford County",4,35,486,249,237
050,42,009,"Pennsylvania","Bedford County",4,36,467,232,235
050,42,009,"Pennsylvania","Bedford County",4,37,470,232,238
050,42,009,"Pennsylvania","Bedford County",4,38,476,237,239
050,42,009,"Pennsylvania","Bedford County",4,39,495,252,243
050,42,009,"Pennsylvania","Bedford County",4,40,502,256,246
050,42,009,"Pennsylvania","Bedford County",4,41,531,259,272
050,42,009,"Pennsylvania","Bedford County",4,42,528,261,267
050,42,009,"Pennsylvania","Bedford County",4,43,508,246,262
050,42,009,"Pennsylvania","Bedford County",4,44,535,273,262
050,42,009,"Pennsylvania","Bedford County",4,45,540,274,266
050,42,009,"Pennsylvania","Bedford County",4,46,500,246,254
050,42,009,"Pennsylvania","Bedford County",4,47,515,253,262
050,42,009,"Pennsylvania","Bedford County",4,48,539,257,282
050,42,009,"Pennsylvania","Bedford County",4,49,583,280,303
050,42,009,"Pennsylvania","Bedford County",4,50,646,319,327
050,42,009,"Pennsylvania","Bedford County",4,51,695,347,348
050,42,009,"Pennsylvania","Bedford County",4,52,687,357,330
050,42,009,"Pennsylvania","Bedford County",4,53,648,328,320
050,42,009,"Pennsylvania","Bedford County",4,54,639,340,299
050,42,009,"Pennsylvania","Bedford County",4,55,646,350,296
050,42,009,"Pennsylvania","Bedford County",4,56,661,335,326
050,42,009,"Pennsylvania","Bedford County",4,57,712,342,370
050,42,009,"Pennsylvania","Bedford County",4,58,748,374,374
050,42,009,"Pennsylvania","Bedford County",4,59,722,363,359
050,42,009,"Pennsylvania","Bedford County",4,60,769,403,366
050,42,009,"Pennsylvania","Bedford County",4,61,787,399,388
050,42,009,"Pennsylvania","Bedford County",4,62,804,405,399
050,42,009,"Pennsylvania","Bedford County",4,63,812,427,385
050,42,009,"Pennsylvania","Bedford County",4,64,818,417,401
050,42,009,"Pennsylvania","Bedford County",4,65,775,402,373
050,42,009,"Pennsylvania","Bedford County",4,66,707,357,350
050,42,009,"Pennsylvania","Bedford County",4,67,685,325,360
050,42,009,"Pennsylvania","Bedford County",4,68,686,329,357
050,42,009,"Pennsylvania","Bedford County",4,69,704,355,349
050,42,009,"Pennsylvania","Bedford County",4,70,662,321,341
050,42,009,"Pennsylvania","Bedford County",4,71,560,277,283
050,42,009,"Pennsylvania","Bedford County",4,72,531,264,267
050,42,009,"Pennsylvania","Bedford County",4,73,526,260,266
050,42,009,"Pennsylvania","Bedford County",4,74,520,246,274
050,42,009,"Pennsylvania","Bedford County",4,75,581,277,304
050,42,009,"Pennsylvania","Bedford County",4,76,388,188,200
050,42,009,"Pennsylvania","Bedford County",4,77,401,193,208
050,42,009,"Pennsylvania","Bedford County",4,78,389,185,204
050,42,009,"Pennsylvania","Bedford County",4,79,416,191,225
050,42,009,"Pennsylvania","Bedford County",4,80,363,161,202
050,42,009,"Pennsylvania","Bedford County",4,81,332,148,184
050,42,009,"Pennsylvania","Bedford County",4,82,308,138,170
050,42,009,"Pennsylvania","Bedford County",4,83,258,113,145
050,42,009,"Pennsylvania","Bedford County",4,84,244,105,139
050,42,009,"Pennsylvania","Bedford County",4,85,1314,514,800
050,42,009,"Pennsylvania","Bedford County",5,0,457,226,231
050,42,009,"Pennsylvania","Bedford County",5,1,464,232,232
050,42,009,"Pennsylvania","Bedford County",5,2,481,244,237
050,42,009,"Pennsylvania","Bedford County",5,3,491,250,241
050,42,009,"Pennsylvania","Bedford County",5,4,498,254,244
050,42,009,"Pennsylvania","Bedford County",5,5,491,252,239
050,42,009,"Pennsylvania","Bedford County",5,6,527,270,257
050,42,009,"Pennsylvania","Bedford County",5,7,491,249,242
050,42,009,"Pennsylvania","Bedford County",5,8,511,272,239
050,42,009,"Pennsylvania","Bedford County",5,9,508,273,235
050,42,009,"Pennsylvania","Bedford County",5,10,514,260,254
050,42,009,"Pennsylvania","Bedford County",5,11,508,255,253
050,42,009,"Pennsylvania","Bedford County",5,12,519,270,249
050,42,009,"Pennsylvania","Bedford County",5,13,538,263,275
050,42,009,"Pennsylvania","Bedford County",5,14,544,266,278
050,42,009,"Pennsylvania","Bedford County",5,15,546,277,269
050,42,009,"Pennsylvania","Bedford County",5,16,577,291,286
050,42,009,"Pennsylvania","Bedford County",5,17,570,286,284
050,42,009,"Pennsylvania","Bedford County",5,18,464,253,211
050,42,009,"Pennsylvania","Bedford County",5,19,382,212,170
050,42,009,"Pennsylvania","Bedford County",5,20,433,226,207
050,42,009,"Pennsylvania","Bedford County",5,21,464,240,224
050,42,009,"Pennsylvania","Bedford County",5,22,461,239,222
050,42,009,"Pennsylvania","Bedford County",5,23,526,268,258
050,42,009,"Pennsylvania","Bedford County",5,24,521,275,246
050,42,009,"Pennsylvania","Bedford County",5,25,501,265,236
050,42,009,"Pennsylvania","Bedford County",5,26,488,252,236
050,42,009,"Pennsylvania","Bedford County",5,27,469,235,234
050,42,009,"Pennsylvania","Bedford County",5,28,484,258,226
050,42,009,"Pennsylvania","Bedford County",5,29,473,242,231
050,42,009,"Pennsylvania","Bedford County",5,30,540,276,264
050,42,009,"Pennsylvania","Bedford County",5,31,532,263,269
050,42,009,"Pennsylvania","Bedford County",5,32,541,280,261
050,42,009,"Pennsylvania","Bedford County",5,33,528,287,241
050,42,009,"Pennsylvania","Bedford County",5,34,523,307,216
050,42,009,"Pennsylvania","Bedford County",5,35,508,283,225
050,42,009,"Pennsylvania","Bedford County",5,36,496,256,240
050,42,009,"Pennsylvania","Bedford County",5,37,474,231,243
050,42,009,"Pennsylvania","Bedford County",5,38,468,231,237
050,42,009,"Pennsylvania","Bedford County",5,39,467,231,236
050,42,009,"Pennsylvania","Bedford County",5,40,507,260,247
050,42,009,"Pennsylvania","Bedford County",5,41,508,261,247
050,42,009,"Pennsylvania","Bedford County",5,42,530,261,269
050,42,009,"Pennsylvania","Bedford County",5,43,522,257,265
050,42,009,"Pennsylvania","Bedford County",5,44,511,247,264
050,42,009,"Pennsylvania","Bedford County",5,45,533,270,263
050,42,009,"Pennsylvania","Bedford County",5,46,553,277,276
050,42,009,"Pennsylvania","Bedford County",5,47,498,245,253
050,42,009,"Pennsylvania","Bedford County",5,48,522,255,267
050,42,009,"Pennsylvania","Bedford County",5,49,540,257,283
050,42,009,"Pennsylvania","Bedford County",5,50,592,286,306
050,42,009,"Pennsylvania","Bedford County",5,51,643,315,328
050,42,009,"Pennsylvania","Bedford County",5,52,699,351,348
050,42,009,"Pennsylvania","Bedford County",5,53,677,354,323
050,42,009,"Pennsylvania","Bedford County",5,54,656,338,318
050,42,009,"Pennsylvania","Bedford County",5,55,632,332,300
050,42,009,"Pennsylvania","Bedford County",5,56,644,341,303
050,42,009,"Pennsylvania","Bedford County",5,57,655,334,321
050,42,009,"Pennsylvania","Bedford County",5,58,706,335,371
050,42,009,"Pennsylvania","Bedford County",5,59,737,373,364
050,42,009,"Pennsylvania","Bedford County",5,60,714,357,357
050,42,009,"Pennsylvania","Bedford County",5,61,759,395,364
050,42,009,"Pennsylvania","Bedford County",5,62,770,389,381
050,42,009,"Pennsylvania","Bedford County",5,63,796,396,400
050,42,009,"Pennsylvania","Bedford County",5,64,821,424,397
050,42,009,"Pennsylvania","Bedford County",5,65,786,403,383
050,42,009,"Pennsylvania","Bedford County",5,66,778,401,377
050,42,009,"Pennsylvania","Bedford County",5,67,701,353,348
050,42,009,"Pennsylvania","Bedford County",5,68,678,320,358
050,42,009,"Pennsylvania","Bedford County",5,69,677,324,353
050,42,009,"Pennsylvania","Bedford County",5,70,693,345,348
050,42,009,"Pennsylvania","Bedford County",5,71,650,315,335
050,42,009,"Pennsylvania","Bedford County",5,72,542,266,276
050,42,009,"Pennsylvania","Bedford County",5,73,523,261,262
050,42,009,"Pennsylvania","Bedford County",5,74,517,254,263
050,42,009,"Pennsylvania","Bedford County",5,75,496,227,269
050,42,009,"Pennsylvania","Bedford County",5,76,556,266,290
050,42,009,"Pennsylvania","Bedford County",5,77,374,181,193
050,42,009,"Pennsylvania","Bedford County",5,78,381,182,199
050,42,009,"Pennsylvania","Bedford County",5,79,369,170,199
050,42,009,"Pennsylvania","Bedford County",5,80,386,177,209
050,42,009,"Pennsylvania","Bedford County",5,81,333,144,189
050,42,009,"Pennsylvania","Bedford County",5,82,316,138,178
050,42,009,"Pennsylvania","Bedford County",5,83,281,126,155
050,42,009,"Pennsylvania","Bedford County",5,84,247,110,137
050,42,009,"Pennsylvania","Bedford County",5,85,1363,548,815
050,42,011,"Pennsylvania","Berks County",1,0,4547,2330,2217
050,42,011,"Pennsylvania","Berks County",1,1,4721,2456,2265
050,42,011,"Pennsylvania","Berks County",1,2,4839,2534,2305
050,42,011,"Pennsylvania","Berks County",1,3,4859,2472,2387
050,42,011,"Pennsylvania","Berks County",1,4,5051,2514,2537
050,42,011,"Pennsylvania","Berks County",1,5,5076,2596,2480
050,42,011,"Pennsylvania","Berks County",1,6,5130,2640,2490
050,42,011,"Pennsylvania","Berks County",1,7,5163,2626,2537
050,42,011,"Pennsylvania","Berks County",1,8,5267,2678,2589
050,42,011,"Pennsylvania","Berks County",1,9,5360,2773,2587
050,42,011,"Pennsylvania","Berks County",1,10,5506,2850,2656
050,42,011,"Pennsylvania","Berks County",1,11,5690,2967,2723
050,42,011,"Pennsylvania","Berks County",1,12,5821,3045,2776
050,42,011,"Pennsylvania","Berks County",1,13,5778,3007,2771
050,42,011,"Pennsylvania","Berks County",1,14,5752,2948,2804
050,42,011,"Pennsylvania","Berks County",1,15,5822,2960,2862
050,42,011,"Pennsylvania","Berks County",1,16,5817,2976,2841
050,42,011,"Pennsylvania","Berks County",1,17,5803,2972,2831
050,42,011,"Pennsylvania","Berks County",1,18,6197,3092,3105
050,42,011,"Pennsylvania","Berks County",1,19,6573,3257,3316
050,42,011,"Pennsylvania","Berks County",1,20,6063,3034,3029
050,42,011,"Pennsylvania","Berks County",1,21,5655,2844,2811
050,42,011,"Pennsylvania","Berks County",1,22,5362,2706,2656
050,42,011,"Pennsylvania","Berks County",1,23,5198,2682,2516
050,42,011,"Pennsylvania","Berks County",1,24,5192,2721,2471
050,42,011,"Pennsylvania","Berks County",1,25,5195,2663,2532
050,42,011,"Pennsylvania","Berks County",1,26,5218,2668,2550
050,42,011,"Pennsylvania","Berks County",1,27,5245,2686,2559
050,42,011,"Pennsylvania","Berks County",1,28,5275,2702,2573
050,42,011,"Pennsylvania","Berks County",1,29,5373,2787,2586
050,42,011,"Pennsylvania","Berks County",1,30,5507,2806,2701
050,42,011,"Pennsylvania","Berks County",1,31,5432,2711,2721
050,42,011,"Pennsylvania","Berks County",1,32,5372,2699,2673
050,42,011,"Pennsylvania","Berks County",1,33,5307,2695,2612
050,42,011,"Pennsylvania","Berks County",1,34,5228,2655,2573
050,42,011,"Pennsylvania","Berks County",1,35,5199,2634,2565
050,42,011,"Pennsylvania","Berks County",1,36,5085,2509,2576
050,42,011,"Pennsylvania","Berks County",1,37,5227,2573,2654
050,42,011,"Pennsylvania","Berks County",1,38,5246,2597,2649
050,42,011,"Pennsylvania","Berks County",1,39,5136,2534,2602
050,42,011,"Pennsylvania","Berks County",1,40,5114,2533,2581
050,42,011,"Pennsylvania","Berks County",1,41,4969,2476,2493
050,42,011,"Pennsylvania","Berks County",1,42,4948,2487,2461
050,42,011,"Pennsylvania","Berks County",1,43,4871,2472,2399
050,42,011,"Pennsylvania","Berks County",1,44,4803,2429,2374
050,42,011,"Pennsylvania","Berks County",1,45,4780,2350,2430
050,42,011,"Pennsylvania","Berks County",1,46,4874,2411,2463
050,42,011,"Pennsylvania","Berks County",1,47,5120,2528,2592
050,42,011,"Pennsylvania","Berks County",1,48,5474,2745,2729
050,42,011,"Pennsylvania","Berks County",1,49,5808,2923,2885
050,42,011,"Pennsylvania","Berks County",1,50,5570,2797,2773
050,42,011,"Pennsylvania","Berks County",1,51,5514,2734,2780
050,42,011,"Pennsylvania","Berks County",1,52,5628,2780,2848
050,42,011,"Pennsylvania","Berks County",1,53,5853,2910,2943
050,42,011,"Pennsylvania","Berks County",1,54,5966,2987,2979
050,42,011,"Pennsylvania","Berks County",1,55,6247,3094,3153
050,42,011,"Pennsylvania","Berks County",1,56,6294,3106,3188
050,42,011,"Pennsylvania","Berks County",1,57,6220,3098,3122
050,42,011,"Pennsylvania","Berks County",1,58,6328,3166,3162
050,42,011,"Pennsylvania","Berks County",1,59,6190,3131,3059
050,42,011,"Pennsylvania","Berks County",1,60,5996,3062,2934
050,42,011,"Pennsylvania","Berks County",1,61,5853,2944,2909
050,42,011,"Pennsylvania","Berks County",1,62,5805,2917,2888
050,42,011,"Pennsylvania","Berks County",1,63,5535,2722,2813
050,42,011,"Pennsylvania","Berks County",1,64,5313,2632,2681
050,42,011,"Pennsylvania","Berks County",1,65,5146,2530,2616
050,42,011,"Pennsylvania","Berks County",1,66,4872,2384,2488
050,42,011,"Pennsylvania","Berks County",1,67,4802,2358,2444
050,42,011,"Pennsylvania","Berks County",1,68,4617,2248,2369
050,42,011,"Pennsylvania","Berks County",1,69,4311,2095,2216
050,42,011,"Pennsylvania","Berks County",1,70,4161,2022,2139
050,42,011,"Pennsylvania","Berks County",1,71,4191,2007,2184
050,42,011,"Pennsylvania","Berks County",1,72,4259,1981,2278
050,42,011,"Pennsylvania","Berks County",1,73,4231,1990,2241
050,42,011,"Pennsylvania","Berks County",1,74,2855,1305,1550
050,42,011,"Pennsylvania","Berks County",1,75,2799,1277,1522
050,42,011,"Pennsylvania","Berks County",1,76,2725,1225,1500
050,42,011,"Pennsylvania","Berks County",1,77,2809,1252,1557
050,42,011,"Pennsylvania","Berks County",1,78,2412,1077,1335
050,42,011,"Pennsylvania","Berks County",1,79,2094,943,1151
050,42,011,"Pennsylvania","Berks County",1,80,1896,813,1083
050,42,011,"Pennsylvania","Berks County",1,81,1809,782,1027
050,42,011,"Pennsylvania","Berks County",1,82,1709,729,980
050,42,011,"Pennsylvania","Berks County",1,83,1597,680,917
050,42,011,"Pennsylvania","Berks County",1,84,1452,580,872
050,42,011,"Pennsylvania","Berks County",1,85,9744,3404,6340
050,42,011,"Pennsylvania","Berks County",2,0,4541,2320,2221
050,42,011,"Pennsylvania","Berks County",2,1,4690,2428,2262
050,42,011,"Pennsylvania","Berks County",2,2,4827,2516,2311
050,42,011,"Pennsylvania","Berks County",2,3,4857,2485,2372
050,42,011,"Pennsylvania","Berks County",2,4,5020,2509,2511
050,42,011,"Pennsylvania","Berks County",2,5,5072,2571,2501
050,42,011,"Pennsylvania","Berks County",2,6,5127,2638,2489
050,42,011,"Pennsylvania","Berks County",2,7,5154,2632,2522
050,42,011,"Pennsylvania","Berks County",2,8,5233,2662,2571
050,42,011,"Pennsylvania","Berks County",2,9,5336,2750,2586
050,42,011,"Pennsylvania","Berks County",2,10,5476,2833,2643
050,42,011,"Pennsylvania","Berks County",2,11,5624,2924,2700
050,42,011,"Pennsylvania","Berks County",2,12,5819,3044,2775
050,42,011,"Pennsylvania","Berks County",2,13,5784,3016,2768
050,42,011,"Pennsylvania","Berks County",2,14,5773,2970,2803
050,42,011,"Pennsylvania","Berks County",2,15,5812,2960,2852
050,42,011,"Pennsylvania","Berks County",2,16,5834,2979,2855
050,42,011,"Pennsylvania","Berks County",2,17,5811,2975,2836
050,42,011,"Pennsylvania","Berks County",2,18,6165,3072,3093
050,42,011,"Pennsylvania","Berks County",2,19,6590,3258,3332
050,42,011,"Pennsylvania","Berks County",2,20,6115,3058,3057
050,42,011,"Pennsylvania","Berks County",2,21,5654,2841,2813
050,42,011,"Pennsylvania","Berks County",2,22,5359,2708,2651
050,42,011,"Pennsylvania","Berks County",2,23,5195,2677,2518
050,42,011,"Pennsylvania","Berks County",2,24,5165,2691,2474
050,42,011,"Pennsylvania","Berks County",2,25,5191,2679,2512
050,42,011,"Pennsylvania","Berks County",2,26,5215,2668,2547
050,42,011,"Pennsylvania","Berks County",2,27,5232,2681,2551
050,42,011,"Pennsylvania","Berks County",2,28,5285,2708,2577
050,42,011,"Pennsylvania","Berks County",2,29,5356,2769,2587
050,42,011,"Pennsylvania","Berks County",2,30,5510,2818,2692
050,42,011,"Pennsylvania","Berks County",2,31,5433,2727,2706
050,42,011,"Pennsylvania","Berks County",2,32,5400,2709,2691
050,42,011,"Pennsylvania","Berks County",2,33,5334,2705,2629
050,42,011,"Pennsylvania","Berks County",2,34,5263,2673,2590
050,42,011,"Pennsylvania","Berks County",2,35,5242,2656,2586
050,42,011,"Pennsylvania","Berks County",2,36,5092,2530,2562
050,42,011,"Pennsylvania","Berks County",2,37,5207,2570,2637
050,42,011,"Pennsylvania","Berks County",2,38,5261,2602,2659
050,42,011,"Pennsylvania","Berks County",2,39,5159,2550,2609
050,42,011,"Pennsylvania","Berks County",2,40,5164,2556,2608
050,42,011,"Pennsylvania","Berks County",2,41,4996,2490,2506
050,42,011,"Pennsylvania","Berks County",2,42,4935,2475,2460
050,42,011,"Pennsylvania","Berks County",2,43,4928,2495,2433
050,42,011,"Pennsylvania","Berks County",2,44,4790,2424,2366
050,42,011,"Pennsylvania","Berks County",2,45,4801,2380,2421
050,42,011,"Pennsylvania","Berks County",2,46,4824,2374,2450
050,42,011,"Pennsylvania","Berks County",2,47,5043,2491,2552
050,42,011,"Pennsylvania","Berks County",2,48,5378,2689,2689
050,42,011,"Pennsylvania","Berks County",2,49,5747,2894,2853
050,42,011,"Pennsylvania","Berks County",2,50,5630,2830,2800
050,42,011,"Pennsylvania","Berks County",2,51,5500,2737,2763
050,42,011,"Pennsylvania","Berks County",2,52,5584,2766,2818
050,42,011,"Pennsylvania","Berks County",2,53,5793,2876,2917
050,42,011,"Pennsylvania","Berks County",2,54,5915,2962,2953
050,42,011,"Pennsylvania","Berks County",2,55,6169,3062,3107
050,42,011,"Pennsylvania","Berks County",2,56,6288,3101,3187
050,42,011,"Pennsylvania","Berks County",2,57,6221,3081,3140
050,42,011,"Pennsylvania","Berks County",2,58,6285,3142,3143
050,42,011,"Pennsylvania","Berks County",2,59,6236,3145,3091
050,42,011,"Pennsylvania","Berks County",2,60,6019,3063,2956
050,42,011,"Pennsylvania","Berks County",2,61,5853,2957,2896
050,42,011,"Pennsylvania","Berks County",2,62,5786,2909,2877
050,42,011,"Pennsylvania","Berks County",2,63,5627,2779,2848
050,42,011,"Pennsylvania","Berks County",2,64,5315,2622,2693
050,42,011,"Pennsylvania","Berks County",2,65,5163,2534,2629
050,42,011,"Pennsylvania","Berks County",2,66,4931,2413,2518
050,42,011,"Pennsylvania","Berks County",2,67,4776,2338,2438
050,42,011,"Pennsylvania","Berks County",2,68,4601,2238,2363
050,42,011,"Pennsylvania","Berks County",2,69,4391,2135,2256
050,42,011,"Pennsylvania","Berks County",2,70,4163,2023,2140
050,42,011,"Pennsylvania","Berks County",2,71,4164,1995,2169
050,42,011,"Pennsylvania","Berks County",2,72,4146,1938,2208
050,42,011,"Pennsylvania","Berks County",2,73,4404,2062,2342
050,42,011,"Pennsylvania","Berks County",2,74,2987,1375,1612
050,42,011,"Pennsylvania","Berks County",2,75,2799,1274,1525
050,42,011,"Pennsylvania","Berks County",2,76,2692,1208,1484
050,42,011,"Pennsylvania","Berks County",2,77,2821,1257,1564
050,42,011,"Pennsylvania","Berks County",2,78,2430,1093,1337
050,42,011,"Pennsylvania","Berks County",2,79,2131,955,1176
050,42,011,"Pennsylvania","Berks County",2,80,1917,824,1093
050,42,011,"Pennsylvania","Berks County",2,81,1789,768,1021
050,42,011,"Pennsylvania","Berks County",2,82,1708,727,981
050,42,011,"Pennsylvania","Berks County",2,83,1581,670,911
050,42,011,"Pennsylvania","Berks County",2,84,1437,584,853
050,42,011,"Pennsylvania","Berks County",2,85,9600,3355,6245
050,42,011,"Pennsylvania","Berks County",3,0,4344,2266,2078
050,42,011,"Pennsylvania","Berks County",3,1,4606,2362,2244
050,42,011,"Pennsylvania","Berks County",3,2,4761,2452,2309
050,42,011,"Pennsylvania","Berks County",3,3,4851,2539,2312
050,42,011,"Pennsylvania","Berks County",3,4,4944,2531,2413
050,42,011,"Pennsylvania","Berks County",3,5,5139,2582,2557
050,42,011,"Pennsylvania","Berks County",3,6,5115,2605,2510
050,42,011,"Pennsylvania","Berks County",3,7,5220,2681,2539
050,42,011,"Pennsylvania","Berks County",3,8,5186,2659,2527
050,42,011,"Pennsylvania","Berks County",3,9,5279,2689,2590
050,42,011,"Pennsylvania","Berks County",3,10,5330,2742,2588
050,42,011,"Pennsylvania","Berks County",3,11,5480,2822,2658
050,42,011,"Pennsylvania","Berks County",3,12,5620,2919,2701
050,42,011,"Pennsylvania","Berks County",3,13,5867,3046,2821
050,42,011,"Pennsylvania","Berks County",3,14,5822,3048,2774
050,42,011,"Pennsylvania","Berks County",3,15,5771,2961,2810
050,42,011,"Pennsylvania","Berks County",3,16,5829,2960,2869
050,42,011,"Pennsylvania","Berks County",3,17,5891,3038,2853
050,42,011,"Pennsylvania","Berks County",3,18,6211,3098,3113
050,42,011,"Pennsylvania","Berks County",3,19,6617,3244,3373
050,42,011,"Pennsylvania","Berks County",3,20,6143,3056,3087
050,42,011,"Pennsylvania","Berks County",3,21,5774,2890,2884
050,42,011,"Pennsylvania","Berks County",3,22,5413,2762,2651
050,42,011,"Pennsylvania","Berks County",3,23,5106,2609,2497
050,42,011,"Pennsylvania","Berks County",3,24,5164,2656,2508
050,42,011,"Pennsylvania","Berks County",3,25,5127,2717,2410
050,42,011,"Pennsylvania","Berks County",3,26,5234,2666,2568
050,42,011,"Pennsylvania","Berks County",3,27,5247,2727,2520
050,42,011,"Pennsylvania","Berks County",3,28,5302,2699,2603
050,42,011,"Pennsylvania","Berks County",3,29,5386,2761,2625
050,42,011,"Pennsylvania","Berks County",3,30,5403,2780,2623
050,42,011,"Pennsylvania","Berks County",3,31,5614,2850,2764
050,42,011,"Pennsylvania","Berks County",3,32,5524,2789,2735
050,42,011,"Pennsylvania","Berks County",3,33,5474,2756,2718
050,42,011,"Pennsylvania","Berks County",3,34,5420,2746,2674
050,42,011,"Pennsylvania","Berks County",3,35,5330,2692,2638
050,42,011,"Pennsylvania","Berks County",3,36,5282,2680,2602
050,42,011,"Pennsylvania","Berks County",3,37,5117,2539,2578
050,42,011,"Pennsylvania","Berks County",3,38,5242,2584,2658
050,42,011,"Pennsylvania","Berks County",3,39,5330,2641,2689
050,42,011,"Pennsylvania","Berks County",3,40,5189,2548,2641
050,42,011,"Pennsylvania","Berks County",3,41,5214,2590,2624
050,42,011,"Pennsylvania","Berks County",3,42,5017,2495,2522
050,42,011,"Pennsylvania","Berks County",3,43,4966,2502,2464
050,42,011,"Pennsylvania","Berks County",3,44,4923,2489,2434
050,42,011,"Pennsylvania","Berks County",3,45,4761,2406,2355
050,42,011,"Pennsylvania","Berks County",3,46,4805,2371,2434
050,42,011,"Pennsylvania","Berks County",3,47,4875,2423,2452
050,42,011,"Pennsylvania","Berks County",3,48,5032,2496,2536
050,42,011,"Pennsylvania","Berks County",3,49,5374,2680,2694
050,42,011,"Pennsylvania","Berks County",3,50,5701,2863,2838
050,42,011,"Pennsylvania","Berks County",3,51,5625,2832,2793
050,42,011,"Pennsylvania","Berks County",3,52,5499,2743,2756
050,42,011,"Pennsylvania","Berks County",3,53,5560,2726,2834
050,42,011,"Pennsylvania","Berks County",3,54,5787,2876,2911
050,42,011,"Pennsylvania","Berks County",3,55,5878,2942,2936
050,42,011,"Pennsylvania","Berks County",3,56,6115,3020,3095
050,42,011,"Pennsylvania","Berks County",3,57,6217,3060,3157
050,42,011,"Pennsylvania","Berks County",3,58,6172,3090,3082
050,42,011,"Pennsylvania","Berks County",3,59,6251,3122,3129
050,42,011,"Pennsylvania","Berks County",3,60,6131,3080,3051
050,42,011,"Pennsylvania","Berks County",3,61,5943,3024,2919
050,42,011,"Pennsylvania","Berks County",3,62,5736,2905,2831
050,42,011,"Pennsylvania","Berks County",3,63,5696,2842,2854
050,42,011,"Pennsylvania","Berks County",3,64,5568,2744,2824
050,42,011,"Pennsylvania","Berks County",3,65,5215,2550,2665
050,42,011,"Pennsylvania","Berks County",3,66,5051,2467,2584
050,42,011,"Pennsylvania","Berks County",3,67,4836,2366,2470
050,42,011,"Pennsylvania","Berks County",3,68,4651,2255,2396
050,42,011,"Pennsylvania","Berks County",3,69,4489,2177,2312
050,42,011,"Pennsylvania","Berks County",3,70,4309,2087,2222
050,42,011,"Pennsylvania","Berks County",3,71,4075,1962,2113
050,42,011,"Pennsylvania","Berks County",3,72,4049,1926,2123
050,42,011,"Pennsylvania","Berks County",3,73,4008,1867,2141
050,42,011,"Pennsylvania","Berks County",3,74,4244,1965,2279
050,42,011,"Pennsylvania","Berks County",3,75,2897,1326,1571
050,42,011,"Pennsylvania","Berks County",3,76,2692,1205,1487
050,42,011,"Pennsylvania","Berks County",3,77,2598,1142,1456
050,42,011,"Pennsylvania","Berks County",3,78,2668,1197,1471
050,42,011,"Pennsylvania","Berks County",3,79,2308,1018,1290
050,42,011,"Pennsylvania","Berks County",3,80,2024,881,1143
050,42,011,"Pennsylvania","Berks County",3,81,1794,774,1020
050,42,011,"Pennsylvania","Berks County",3,82,1718,725,993
050,42,011,"Pennsylvania","Berks County",3,83,1607,669,938
050,42,011,"Pennsylvania","Berks County",3,84,1430,608,822
050,42,011,"Pennsylvania","Berks County",3,85,9422,3275,6147
050,42,011,"Pennsylvania","Berks County",4,0,4563,2334,2229
050,42,011,"Pennsylvania","Berks County",4,1,4493,2294,2199
050,42,011,"Pennsylvania","Berks County",4,2,4668,2420,2248
050,42,011,"Pennsylvania","Berks County",4,3,4833,2470,2363
050,42,011,"Pennsylvania","Berks County",4,4,4948,2597,2351
050,42,011,"Pennsylvania","Berks County",4,5,5050,2595,2455
050,42,011,"Pennsylvania","Berks County",4,6,5147,2592,2555
050,42,011,"Pennsylvania","Berks County",4,7,5173,2633,2540
050,42,011,"Pennsylvania","Berks County",4,8,5225,2685,2540
050,42,011,"Pennsylvania","Berks County",4,9,5209,2659,2550
050,42,011,"Pennsylvania","Berks County",4,10,5347,2756,2591
050,42,011,"Pennsylvania","Berks County",4,11,5380,2772,2608
050,42,011,"Pennsylvania","Berks County",4,12,5553,2875,2678
050,42,011,"Pennsylvania","Berks County",4,13,5642,2937,2705
050,42,011,"Pennsylvania","Berks County",4,14,5903,3085,2818
050,42,011,"Pennsylvania","Berks County",4,15,5867,3078,2789
050,42,011,"Pennsylvania","Berks County",4,16,5837,2983,2854
050,42,011,"Pennsylvania","Berks County",4,17,5883,3006,2877
050,42,011,"Pennsylvania","Berks County",4,18,6448,3218,3230
050,42,011,"Pennsylvania","Berks County",4,19,6931,3400,3531
050,42,011,"Pennsylvania","Berks County",4,20,6334,3114,3220
050,42,011,"Pennsylvania","Berks County",4,21,5895,2917,2978
050,42,011,"Pennsylvania","Berks County",4,22,5644,2834,2810
050,42,011,"Pennsylvania","Berks County",4,23,5156,2682,2474
050,42,011,"Pennsylvania","Berks County",4,24,5089,2605,2484
050,42,011,"Pennsylvania","Berks County",4,25,5105,2656,2449
050,42,011,"Pennsylvania","Berks County",4,26,5023,2645,2378
050,42,011,"Pennsylvania","Berks County",4,27,5262,2692,2570
050,42,011,"Pennsylvania","Berks County",4,28,5240,2710,2530
050,42,011,"Pennsylvania","Berks County",4,29,5377,2717,2660
050,42,011,"Pennsylvania","Berks County",4,30,5434,2805,2629
050,42,011,"Pennsylvania","Berks County",4,31,5468,2825,2643
050,42,011,"Pennsylvania","Berks County",4,32,5732,2917,2815
050,42,011,"Pennsylvania","Berks County",4,33,5630,2873,2757
050,42,011,"Pennsylvania","Berks County",4,34,5567,2791,2776
050,42,011,"Pennsylvania","Berks County",4,35,5467,2772,2695
050,42,011,"Pennsylvania","Berks County",4,36,5435,2756,2679
050,42,011,"Pennsylvania","Berks County",4,37,5317,2703,2614
050,42,011,"Pennsylvania","Berks County",4,38,5141,2539,2602
050,42,011,"Pennsylvania","Berks County",4,39,5314,2651,2663
050,42,011,"Pennsylvania","Berks County",4,40,5366,2657,2709
050,42,011,"Pennsylvania","Berks County",4,41,5235,2593,2642
050,42,011,"Pennsylvania","Berks County",4,42,5256,2602,2654
050,42,011,"Pennsylvania","Berks County",4,43,5057,2513,2544
050,42,011,"Pennsylvania","Berks County",4,44,5002,2513,2489
050,42,011,"Pennsylvania","Berks County",4,45,4939,2495,2444
050,42,011,"Pennsylvania","Berks County",4,46,4738,2367,2371
050,42,011,"Pennsylvania","Berks County",4,47,4803,2369,2434
050,42,011,"Pennsylvania","Berks County",4,48,4882,2414,2468
050,42,011,"Pennsylvania","Berks County",4,49,5024,2492,2532
050,42,011,"Pennsylvania","Berks County",4,50,5359,2691,2668
050,42,011,"Pennsylvania","Berks County",4,51,5676,2846,2830
050,42,011,"Pennsylvania","Berks County",4,52,5596,2808,2788
050,42,011,"Pennsylvania","Berks County",4,53,5467,2718,2749
050,42,011,"Pennsylvania","Berks County",4,54,5544,2720,2824
050,42,011,"Pennsylvania","Berks County",4,55,5727,2847,2880
050,42,011,"Pennsylvania","Berks County",4,56,5838,2908,2930
050,42,011,"Pennsylvania","Berks County",4,57,6029,2954,3075
050,42,011,"Pennsylvania","Berks County",4,58,6177,3050,3127
050,42,011,"Pennsylvania","Berks County",4,59,6097,3051,3046
050,42,011,"Pennsylvania","Berks County",4,60,6141,3054,3087
050,42,011,"Pennsylvania","Berks County",4,61,6028,3027,3001
050,42,011,"Pennsylvania","Berks County",4,62,5830,2966,2864
050,42,011,"Pennsylvania","Berks County",4,63,5651,2849,2802
050,42,011,"Pennsylvania","Berks County",4,64,5641,2809,2832
050,42,011,"Pennsylvania","Berks County",4,65,5458,2668,2790
050,42,011,"Pennsylvania","Berks County",4,66,5102,2490,2612
050,42,011,"Pennsylvania","Berks County",4,67,4982,2438,2544
050,42,011,"Pennsylvania","Berks County",4,68,4699,2265,2434
050,42,011,"Pennsylvania","Berks County",4,69,4512,2166,2346
050,42,011,"Pennsylvania","Berks County",4,70,4398,2124,2274
050,42,011,"Pennsylvania","Berks County",4,71,4225,2027,2198
050,42,011,"Pennsylvania","Berks County",4,72,3974,1928,2046
050,42,011,"Pennsylvania","Berks County",4,73,3941,1862,2079
050,42,011,"Pennsylvania","Berks County",4,74,3856,1777,2079
050,42,011,"Pennsylvania","Berks County",4,75,4125,1899,2226
050,42,011,"Pennsylvania","Berks County",4,76,2807,1266,1541
050,42,011,"Pennsylvania","Berks County",4,77,2599,1147,1452
050,42,011,"Pennsylvania","Berks County",4,78,2443,1066,1377
050,42,011,"Pennsylvania","Berks County",4,79,2545,1125,1420
050,42,011,"Pennsylvania","Berks County",4,80,2183,944,1239
050,42,011,"Pennsylvania","Berks County",4,81,1893,819,1074
050,42,011,"Pennsylvania","Berks County",4,82,1692,713,979
050,42,011,"Pennsylvania","Berks County",4,83,1617,662,955
050,42,011,"Pennsylvania","Berks County",4,84,1459,608,851
050,42,011,"Pennsylvania","Berks County",4,85,9230,3204,6026
050,42,011,"Pennsylvania","Berks County",5,0,4536,2318,2218
050,42,011,"Pennsylvania","Berks County",5,1,4626,2376,2250
050,42,011,"Pennsylvania","Berks County",5,2,4576,2317,2259
050,42,011,"Pennsylvania","Berks County",5,3,4779,2479,2300
050,42,011,"Pennsylvania","Berks County",5,4,4888,2511,2377
050,42,011,"Pennsylvania","Berks County",5,5,5001,2602,2399
050,42,011,"Pennsylvania","Berks County",5,6,5075,2630,2445
050,42,011,"Pennsylvania","Berks County",5,7,5159,2576,2583
050,42,011,"Pennsylvania","Berks County",5,8,5199,2645,2554
050,42,011,"Pennsylvania","Berks County",5,9,5303,2726,2577
050,42,011,"Pennsylvania","Berks County",5,10,5267,2693,2574
050,42,011,"Pennsylvania","Berks County",5,11,5421,2794,2627
050,42,011,"Pennsylvania","Berks County",5,12,5438,2807,2631
050,42,011,"Pennsylvania","Berks County",5,13,5572,2888,2684
050,42,011,"Pennsylvania","Berks County",5,14,5658,2954,2704
050,42,011,"Pennsylvania","Berks County",5,15,5939,3108,2831
050,42,011,"Pennsylvania","Berks County",5,16,5867,3069,2798
050,42,011,"Pennsylvania","Berks County",5,17,5873,3026,2847
050,42,011,"Pennsylvania","Berks County",5,18,6425,3168,3257
050,42,011,"Pennsylvania","Berks County",5,19,7044,3469,3575
050,42,011,"Pennsylvania","Berks County",5,20,6339,3161,3178
050,42,011,"Pennsylvania","Berks County",5,21,5889,2901,2988
050,42,011,"Pennsylvania","Berks County",5,22,5557,2764,2793
050,42,011,"Pennsylvania","Berks County",5,23,5374,2761,2613
050,42,011,"Pennsylvania","Berks County",5,24,5008,2629,2379
050,42,011,"Pennsylvania","Berks County",5,25,5059,2611,2448
050,42,011,"Pennsylvania","Berks County",5,26,5137,2651,2486
050,42,011,"Pennsylvania","Berks County",5,27,5044,2648,2396
050,42,011,"Pennsylvania","Berks County",5,28,5276,2675,2601
050,42,011,"Pennsylvania","Berks County",5,29,5296,2712,2584
050,42,011,"Pennsylvania","Berks County",5,30,5369,2682,2687
050,42,011,"Pennsylvania","Berks County",5,31,5493,2827,2666
050,42,011,"Pennsylvania","Berks County",5,32,5481,2803,2678
050,42,011,"Pennsylvania","Berks County",5,33,5789,2945,2844
050,42,011,"Pennsylvania","Berks County",5,34,5687,2910,2777
050,42,011,"Pennsylvania","Berks County",5,35,5649,2827,2822
050,42,011,"Pennsylvania","Berks County",5,36,5480,2768,2712
050,42,011,"Pennsylvania","Berks County",5,37,5478,2776,2702
050,42,011,"Pennsylvania","Berks County",5,38,5365,2730,2635
050,42,011,"Pennsylvania","Berks County",5,39,5203,2561,2642
050,42,011,"Pennsylvania","Berks County",5,40,5335,2651,2684
050,42,011,"Pennsylvania","Berks County",5,41,5448,2706,2742
050,42,011,"Pennsylvania","Berks County",5,42,5279,2616,2663
050,42,011,"Pennsylvania","Berks County",5,43,5336,2649,2687
050,42,011,"Pennsylvania","Berks County",5,44,5085,2523,2562
050,42,011,"Pennsylvania","Berks County",5,45,4967,2522,2445
050,42,011,"Pennsylvania","Berks County",5,46,4924,2463,2461
050,42,011,"Pennsylvania","Berks County",5,47,4751,2345,2406
050,42,011,"Pennsylvania","Berks County",5,48,4807,2390,2417
050,42,011,"Pennsylvania","Berks County",5,49,4890,2415,2475
050,42,011,"Pennsylvania","Berks County",5,50,5038,2505,2533
050,42,011,"Pennsylvania","Berks County",5,51,5346,2679,2667
050,42,011,"Pennsylvania","Berks County",5,52,5676,2860,2816
050,42,011,"Pennsylvania","Berks County",5,53,5579,2800,2779
050,42,011,"Pennsylvania","Berks County",5,54,5444,2712,2732
050,42,011,"Pennsylvania","Berks County",5,55,5515,2717,2798
050,42,011,"Pennsylvania","Berks County",5,56,5686,2800,2886
050,42,011,"Pennsylvania","Berks County",5,57,5755,2846,2909
050,42,011,"Pennsylvania","Berks County",5,58,6019,2932,3087
050,42,011,"Pennsylvania","Berks County",5,59,6090,3002,3088
050,42,011,"Pennsylvania","Berks County",5,60,6026,3006,3020
050,42,011,"Pennsylvania","Berks County",5,61,6034,3000,3034
050,42,011,"Pennsylvania","Berks County",5,62,5979,2984,2995
050,42,011,"Pennsylvania","Berks County",5,63,5747,2906,2841
050,42,011,"Pennsylvania","Berks County",5,64,5573,2815,2758
050,42,011,"Pennsylvania","Berks County",5,65,5548,2749,2799
050,42,011,"Pennsylvania","Berks County",5,66,5366,2616,2750
050,42,011,"Pennsylvania","Berks County",5,67,5043,2464,2579
050,42,011,"Pennsylvania","Berks County",5,68,4873,2354,2519
050,42,011,"Pennsylvania","Berks County",5,69,4604,2196,2408
050,42,011,"Pennsylvania","Berks County",5,70,4434,2128,2306
050,42,011,"Pennsylvania","Berks County",5,71,4311,2064,2247
050,42,011,"Pennsylvania","Berks County",5,72,4139,1985,2154
050,42,011,"Pennsylvania","Berks County",5,73,3869,1868,2001
050,42,011,"Pennsylvania","Berks County",5,74,3811,1796,2015
050,42,011,"Pennsylvania","Berks County",5,75,3763,1725,2038
050,42,011,"Pennsylvania","Berks County",5,76,4013,1834,2179
050,42,011,"Pennsylvania","Berks County",5,77,2727,1208,1519
050,42,011,"Pennsylvania","Berks County",5,78,2476,1103,1373
050,42,011,"Pennsylvania","Berks County",5,79,2326,1002,1324
050,42,011,"Pennsylvania","Berks County",5,80,2429,1056,1373
050,42,011,"Pennsylvania","Berks County",5,81,2049,889,1160
050,42,011,"Pennsylvania","Berks County",5,82,1799,767,1032
050,42,011,"Pennsylvania","Berks County",5,83,1602,651,951
050,42,011,"Pennsylvania","Berks County",5,84,1475,608,867
050,42,011,"Pennsylvania","Berks County",5,85,9216,3208,6008
050,42,013,"Pennsylvania","Blair County",1,0,1164,605,559
050,42,013,"Pennsylvania","Blair County",1,1,1199,618,581
050,42,013,"Pennsylvania","Blair County",1,2,1261,611,650
050,42,013,"Pennsylvania","Blair County",1,3,1275,636,639
050,42,013,"Pennsylvania","Blair County",1,4,1377,710,667
050,42,013,"Pennsylvania","Blair County",1,5,1357,699,658
050,42,013,"Pennsylvania","Blair County",1,6,1337,728,609
050,42,013,"Pennsylvania","Blair County",1,7,1309,677,632
050,42,013,"Pennsylvania","Blair County",1,8,1354,691,663
050,42,013,"Pennsylvania","Blair County",1,9,1395,706,689
050,42,013,"Pennsylvania","Blair County",1,10,1503,773,730
050,42,013,"Pennsylvania","Blair County",1,11,1521,809,712
050,42,013,"Pennsylvania","Blair County",1,12,1548,813,735
050,42,013,"Pennsylvania","Blair County",1,13,1525,786,739
050,42,013,"Pennsylvania","Blair County",1,14,1495,771,724
050,42,013,"Pennsylvania","Blair County",1,15,1503,777,726
050,42,013,"Pennsylvania","Blair County",1,16,1535,808,727
050,42,013,"Pennsylvania","Blair County",1,17,1511,769,742
050,42,013,"Pennsylvania","Blair County",1,18,1687,880,807
050,42,013,"Pennsylvania","Blair County",1,19,1836,990,846
050,42,013,"Pennsylvania","Blair County",1,20,1340,706,634
050,42,013,"Pennsylvania","Blair County",1,21,1205,609,596
050,42,013,"Pennsylvania","Blair County",1,22,1224,630,594
050,42,013,"Pennsylvania","Blair County",1,23,1275,655,620
050,42,013,"Pennsylvania","Blair County",1,24,1275,635,640
050,42,013,"Pennsylvania","Blair County",1,25,1325,673,652
050,42,013,"Pennsylvania","Blair County",1,26,1375,708,667
050,42,013,"Pennsylvania","Blair County",1,27,1414,723,691
050,42,013,"Pennsylvania","Blair County",1,28,1547,800,747
050,42,013,"Pennsylvania","Blair County",1,29,1781,925,856
050,42,013,"Pennsylvania","Blair County",1,30,1654,857,797
050,42,013,"Pennsylvania","Blair County",1,31,1488,733,755
050,42,013,"Pennsylvania","Blair County",1,32,1453,721,732
050,42,013,"Pennsylvania","Blair County",1,33,1395,715,680
050,42,013,"Pennsylvania","Blair County",1,34,1419,735,684
050,42,013,"Pennsylvania","Blair County",1,35,1452,732,720
050,42,013,"Pennsylvania","Blair County",1,36,1410,700,710
050,42,013,"Pennsylvania","Blair County",1,37,1461,743,718
050,42,013,"Pennsylvania","Blair County",1,38,1420,728,692
050,42,013,"Pennsylvania","Blair County",1,39,1508,764,744
050,42,013,"Pennsylvania","Blair County",1,40,1468,746,722
050,42,013,"Pennsylvania","Blair County",1,41,1445,732,713
050,42,013,"Pennsylvania","Blair County",1,42,1460,696,764
050,42,013,"Pennsylvania","Blair County",1,43,1403,689,714
050,42,013,"Pennsylvania","Blair County",1,44,1390,711,679
050,42,013,"Pennsylvania","Blair County",1,45,1395,736,659
050,42,013,"Pennsylvania","Blair County",1,46,1376,703,673
050,42,013,"Pennsylvania","Blair County",1,47,1398,714,684
050,42,013,"Pennsylvania","Blair County",1,48,1528,786,742
050,42,013,"Pennsylvania","Blair County",1,49,1670,841,829
050,42,013,"Pennsylvania","Blair County",1,50,1609,802,807
050,42,013,"Pennsylvania","Blair County",1,51,1586,804,782
050,42,013,"Pennsylvania","Blair County",1,52,1557,806,751
050,42,013,"Pennsylvania","Blair County",1,53,1592,794,798
050,42,013,"Pennsylvania","Blair County",1,54,1629,805,824
050,42,013,"Pennsylvania","Blair County",1,55,1680,842,838
050,42,013,"Pennsylvania","Blair County",1,56,1693,848,845
050,42,013,"Pennsylvania","Blair County",1,57,1707,837,870
050,42,013,"Pennsylvania","Blair County",1,58,1804,892,912
050,42,013,"Pennsylvania","Blair County",1,59,1841,921,920
050,42,013,"Pennsylvania","Blair County",1,60,1789,916,873
050,42,013,"Pennsylvania","Blair County",1,61,1817,897,920
050,42,013,"Pennsylvania","Blair County",1,62,1928,941,987
050,42,013,"Pennsylvania","Blair County",1,63,1845,894,951
050,42,013,"Pennsylvania","Blair County",1,64,1777,861,916
050,42,013,"Pennsylvania","Blair County",1,65,1703,803,900
050,42,013,"Pennsylvania","Blair County",1,66,1681,790,891
050,42,013,"Pennsylvania","Blair County",1,67,1663,800,863
050,42,013,"Pennsylvania","Blair County",1,68,1605,782,823
050,42,013,"Pennsylvania","Blair County",1,69,1476,702,774
050,42,013,"Pennsylvania","Blair County",1,70,1421,679,742
050,42,013,"Pennsylvania","Blair County",1,71,1396,645,751
050,42,013,"Pennsylvania","Blair County",1,72,1449,671,778
050,42,013,"Pennsylvania","Blair County",1,73,1393,667,726
050,42,013,"Pennsylvania","Blair County",1,74,931,427,504
050,42,013,"Pennsylvania","Blair County",1,75,921,402,519
050,42,013,"Pennsylvania","Blair County",1,76,956,428,528
050,42,013,"Pennsylvania","Blair County",1,77,946,423,523
050,42,013,"Pennsylvania","Blair County",1,78,855,362,493
050,42,013,"Pennsylvania","Blair County",1,79,774,330,444
050,42,013,"Pennsylvania","Blair County",1,80,678,274,404
050,42,013,"Pennsylvania","Blair County",1,81,663,268,395
050,42,013,"Pennsylvania","Blair County",1,82,640,255,385
050,42,013,"Pennsylvania","Blair County",1,83,559,226,333
050,42,013,"Pennsylvania","Blair County",1,84,504,199,305
050,42,013,"Pennsylvania","Blair County",1,85,3113,1010,2103
050,42,013,"Pennsylvania","Blair County",2,0,1162,590,572
050,42,013,"Pennsylvania","Blair County",2,1,1190,612,578
050,42,013,"Pennsylvania","Blair County",2,2,1254,618,636
050,42,013,"Pennsylvania","Blair County",2,3,1268,631,637
050,42,013,"Pennsylvania","Blair County",2,4,1360,696,664
050,42,013,"Pennsylvania","Blair County",2,5,1359,701,658
050,42,013,"Pennsylvania","Blair County",2,6,1343,722,621
050,42,013,"Pennsylvania","Blair County",2,7,1312,688,624
050,42,013,"Pennsylvania","Blair County",2,8,1340,687,653
050,42,013,"Pennsylvania","Blair County",2,9,1383,702,681
050,42,013,"Pennsylvania","Blair County",2,10,1475,756,719
050,42,013,"Pennsylvania","Blair County",2,11,1512,797,715
050,42,013,"Pennsylvania","Blair County",2,12,1544,814,730
050,42,013,"Pennsylvania","Blair County",2,13,1523,789,734
050,42,013,"Pennsylvania","Blair County",2,14,1497,771,726
050,42,013,"Pennsylvania","Blair County",2,15,1503,778,725
050,42,013,"Pennsylvania","Blair County",2,16,1532,803,729
050,42,013,"Pennsylvania","Blair County",2,17,1518,780,738
050,42,013,"Pennsylvania","Blair County",2,18,1690,874,816
050,42,013,"Pennsylvania","Blair County",2,19,1831,984,847
050,42,013,"Pennsylvania","Blair County",2,20,1351,718,633
050,42,013,"Pennsylvania","Blair County",2,21,1211,612,599
050,42,013,"Pennsylvania","Blair County",2,22,1238,639,599
050,42,013,"Pennsylvania","Blair County",2,23,1268,652,616
050,42,013,"Pennsylvania","Blair County",2,24,1276,636,640
050,42,013,"Pennsylvania","Blair County",2,25,1317,666,651
050,42,013,"Pennsylvania","Blair County",2,26,1366,702,664
050,42,013,"Pennsylvania","Blair County",2,27,1407,722,685
050,42,013,"Pennsylvania","Blair County",2,28,1510,780,730
050,42,013,"Pennsylvania","Blair County",2,29,1719,887,832
050,42,013,"Pennsylvania","Blair County",2,30,1694,881,813
050,42,013,"Pennsylvania","Blair County",2,31,1520,761,759
050,42,013,"Pennsylvania","Blair County",2,32,1456,719,737
050,42,013,"Pennsylvania","Blair County",2,33,1411,716,695
050,42,013,"Pennsylvania","Blair County",2,34,1416,731,685
050,42,013,"Pennsylvania","Blair County",2,35,1453,737,716
050,42,013,"Pennsylvania","Blair County",2,36,1409,700,709
050,42,013,"Pennsylvania","Blair County",2,37,1450,734,716
050,42,013,"Pennsylvania","Blair County",2,38,1430,731,699
050,42,013,"Pennsylvania","Blair County",2,39,1485,752,733
050,42,013,"Pennsylvania","Blair County",2,40,1484,756,728
050,42,013,"Pennsylvania","Blair County",2,41,1448,732,716
050,42,013,"Pennsylvania","Blair County",2,42,1445,701,744
050,42,013,"Pennsylvania","Blair County",2,43,1422,694,728
050,42,013,"Pennsylvania","Blair County",2,44,1378,699,679
050,42,013,"Pennsylvania","Blair County",2,45,1396,729,667
050,42,013,"Pennsylvania","Blair County",2,46,1375,709,666
050,42,013,"Pennsylvania","Blair County",2,47,1388,711,677
050,42,013,"Pennsylvania","Blair County",2,48,1495,767,728
050,42,013,"Pennsylvania","Blair County",2,49,1645,836,809
050,42,013,"Pennsylvania","Blair County",2,50,1621,805,816
050,42,013,"Pennsylvania","Blair County",2,51,1587,803,784
050,42,013,"Pennsylvania","Blair County",2,52,1554,801,753
050,42,013,"Pennsylvania","Blair County",2,53,1579,795,784
050,42,013,"Pennsylvania","Blair County",2,54,1612,797,815
050,42,013,"Pennsylvania","Blair County",2,55,1662,829,833
050,42,013,"Pennsylvania","Blair County",2,56,1699,850,849
050,42,013,"Pennsylvania","Blair County",2,57,1707,842,865
050,42,013,"Pennsylvania","Blair County",2,58,1772,876,896
050,42,013,"Pennsylvania","Blair County",2,59,1835,916,919
050,42,013,"Pennsylvania","Blair County",2,60,1797,913,884
050,42,013,"Pennsylvania","Blair County",2,61,1799,893,906
050,42,013,"Pennsylvania","Blair County",2,62,1896,928,968
050,42,013,"Pennsylvania","Blair County",2,63,1876,912,964
050,42,013,"Pennsylvania","Blair County",2,64,1773,856,917
050,42,013,"Pennsylvania","Blair County",2,65,1717,816,901
050,42,013,"Pennsylvania","Blair County",2,66,1681,791,890
050,42,013,"Pennsylvania","Blair County",2,67,1662,795,867
050,42,013,"Pennsylvania","Blair County",2,68,1603,777,826
050,42,013,"Pennsylvania","Blair County",2,69,1507,719,788
050,42,013,"Pennsylvania","Blair County",2,70,1423,677,746
050,42,013,"Pennsylvania","Blair County",2,71,1394,650,744
050,42,013,"Pennsylvania","Blair County",2,72,1401,644,757
050,42,013,"Pennsylvania","Blair County",2,73,1464,696,768
050,42,013,"Pennsylvania","Blair County",2,74,975,450,525
050,42,013,"Pennsylvania","Blair County",2,75,921,406,515
050,42,013,"Pennsylvania","Blair County",2,76,929,411,518
050,42,013,"Pennsylvania","Blair County",2,77,966,429,537
050,42,013,"Pennsylvania","Blair County",2,78,855,365,490
050,42,013,"Pennsylvania","Blair County",2,79,784,336,448
050,42,013,"Pennsylvania","Blair County",2,80,688,276,412
050,42,013,"Pennsylvania","Blair County",2,81,656,262,394
050,42,013,"Pennsylvania","Blair County",2,82,636,254,382
050,42,013,"Pennsylvania","Blair County",2,83,565,228,337
050,42,013,"Pennsylvania","Blair County",2,84,503,199,304
050,42,013,"Pennsylvania","Blair County",2,85,3108,1013,2095
050,42,013,"Pennsylvania","Blair County",3,0,1147,602,545
050,42,013,"Pennsylvania","Blair County",3,1,1198,608,590
050,42,013,"Pennsylvania","Blair County",3,2,1211,627,584
050,42,013,"Pennsylvania","Blair County",3,3,1245,617,628
050,42,013,"Pennsylvania","Blair County",3,4,1263,631,632
050,42,013,"Pennsylvania","Blair County",3,5,1369,691,678
050,42,013,"Pennsylvania","Blair County",3,6,1355,701,654
050,42,013,"Pennsylvania","Blair County",3,7,1340,717,623
050,42,013,"Pennsylvania","Blair County",3,8,1311,690,621
050,42,013,"Pennsylvania","Blair County",3,9,1344,681,663
050,42,013,"Pennsylvania","Blair County",3,10,1380,692,688
050,42,013,"Pennsylvania","Blair County",3,11,1489,768,721
050,42,013,"Pennsylvania","Blair County",3,12,1520,792,728
050,42,013,"Pennsylvania","Blair County",3,13,1558,814,744
050,42,013,"Pennsylvania","Blair County",3,14,1525,785,740
050,42,013,"Pennsylvania","Blair County",3,15,1497,766,731
050,42,013,"Pennsylvania","Blair County",3,16,1478,768,710
050,42,013,"Pennsylvania","Blair County",3,17,1524,798,726
050,42,013,"Pennsylvania","Blair County",3,18,1789,922,867
050,42,013,"Pennsylvania","Blair County",3,19,1947,1031,916
050,42,013,"Pennsylvania","Blair County",3,20,1362,751,611
050,42,013,"Pennsylvania","Blair County",3,21,1258,643,615
050,42,013,"Pennsylvania","Blair County",3,22,1305,671,634
050,42,013,"Pennsylvania","Blair County",3,23,1267,652,615
050,42,013,"Pennsylvania","Blair County",3,24,1273,656,617
050,42,013,"Pennsylvania","Blair County",3,25,1297,635,662
050,42,013,"Pennsylvania","Blair County",3,26,1310,653,657
050,42,013,"Pennsylvania","Blair County",3,27,1408,741,667
050,42,013,"Pennsylvania","Blair County",3,28,1404,723,681
050,42,013,"Pennsylvania","Blair County",3,29,1508,768,740
050,42,013,"Pennsylvania","Blair County",3,30,1713,908,805
050,42,013,"Pennsylvania","Blair County",3,31,1696,879,817
050,42,013,"Pennsylvania","Blair County",3,32,1518,757,761
050,42,013,"Pennsylvania","Blair County",3,33,1467,714,753
050,42,013,"Pennsylvania","Blair County",3,34,1437,726,711
050,42,013,"Pennsylvania","Blair County",3,35,1421,740,681
050,42,013,"Pennsylvania","Blair County",3,36,1451,727,724
050,42,013,"Pennsylvania","Blair County",3,37,1406,698,708
050,42,013,"Pennsylvania","Blair County",3,38,1442,727,715
050,42,013,"Pennsylvania","Blair County",3,39,1438,728,710
050,42,013,"Pennsylvania","Blair County",3,40,1466,755,711
050,42,013,"Pennsylvania","Blair County",3,41,1491,750,741
050,42,013,"Pennsylvania","Blair County",3,42,1448,734,714
050,42,013,"Pennsylvania","Blair County",3,43,1432,697,735
050,42,013,"Pennsylvania","Blair County",3,44,1411,687,724
050,42,013,"Pennsylvania","Blair County",3,45,1361,686,675
050,42,013,"Pennsylvania","Blair County",3,46,1402,733,669
050,42,013,"Pennsylvania","Blair County",3,47,1363,709,654
050,42,013,"Pennsylvania","Blair County",3,48,1371,699,672
050,42,013,"Pennsylvania","Blair County",3,49,1503,773,730
050,42,013,"Pennsylvania","Blair County",3,50,1623,813,810
050,42,013,"Pennsylvania","Blair County",3,51,1619,809,810
050,42,013,"Pennsylvania","Blair County",3,52,1577,795,782
050,42,013,"Pennsylvania","Blair County",3,53,1532,782,750
050,42,013,"Pennsylvania","Blair County",3,54,1563,785,778
050,42,013,"Pennsylvania","Blair County",3,55,1599,798,801
050,42,013,"Pennsylvania","Blair County",3,56,1663,826,837
050,42,013,"Pennsylvania","Blair County",3,57,1676,837,839
050,42,013,"Pennsylvania","Blair County",3,58,1690,838,852
050,42,013,"Pennsylvania","Blair County",3,59,1755,866,889
050,42,013,"Pennsylvania","Blair County",3,60,1817,907,910
050,42,013,"Pennsylvania","Blair County",3,61,1763,879,884
050,42,013,"Pennsylvania","Blair County",3,62,1784,881,903
050,42,013,"Pennsylvania","Blair County",3,63,1865,920,945
050,42,013,"Pennsylvania","Blair County",3,64,1823,874,949
050,42,013,"Pennsylvania","Blair County",3,65,1727,828,899
050,42,013,"Pennsylvania","Blair County",3,66,1677,783,894
050,42,013,"Pennsylvania","Blair County",3,67,1649,775,874
050,42,013,"Pennsylvania","Blair County",3,68,1627,774,853
050,42,013,"Pennsylvania","Blair County",3,69,1560,744,816
050,42,013,"Pennsylvania","Blair County",3,70,1477,703,774
050,42,013,"Pennsylvania","Blair County",3,71,1395,659,736
050,42,013,"Pennsylvania","Blair County",3,72,1360,625,735
050,42,013,"Pennsylvania","Blair County",3,73,1346,628,718
050,42,013,"Pennsylvania","Blair County",3,74,1407,661,746
050,42,013,"Pennsylvania","Blair County",3,75,921,418,503
050,42,013,"Pennsylvania","Blair County",3,76,862,372,490
050,42,013,"Pennsylvania","Blair County",3,77,888,390,498
050,42,013,"Pennsylvania","Blair County",3,78,924,401,523
050,42,013,"Pennsylvania","Blair County",3,79,810,350,460
050,42,013,"Pennsylvania","Blair County",3,80,724,297,427
050,42,013,"Pennsylvania","Blair County",3,81,661,250,411
050,42,013,"Pennsylvania","Blair County",3,82,616,248,368
050,42,013,"Pennsylvania","Blair County",3,83,571,219,352
050,42,013,"Pennsylvania","Blair County",3,84,514,209,305
050,42,013,"Pennsylvania","Blair County",3,85,2966,992,1974
050,42,013,"Pennsylvania","Blair County",4,0,1134,581,553
050,42,013,"Pennsylvania","Blair County",4,1,1131,588,543
050,42,013,"Pennsylvania","Blair County",4,2,1203,609,594
050,42,013,"Pennsylvania","Blair County",4,3,1211,640,571
050,42,013,"Pennsylvania","Blair County",4,4,1245,630,615
050,42,013,"Pennsylvania","Blair County",4,5,1252,626,626
050,42,013,"Pennsylvania","Blair County",4,6,1366,696,670
050,42,013,"Pennsylvania","Blair County",4,7,1358,712,646
050,42,013,"Pennsylvania","Blair County",4,8,1335,710,625
050,42,013,"Pennsylvania","Blair County",4,9,1322,690,632
050,42,013,"Pennsylvania","Blair County",4,10,1347,689,658
050,42,013,"Pennsylvania","Blair County",4,11,1373,682,691
050,42,013,"Pennsylvania","Blair County",4,12,1494,774,720
050,42,013,"Pennsylvania","Blair County",4,13,1514,790,724
050,42,013,"Pennsylvania","Blair County",4,14,1546,806,740
050,42,013,"Pennsylvania","Blair County",4,15,1521,781,740
050,42,013,"Pennsylvania","Blair County",4,16,1478,763,715
050,42,013,"Pennsylvania","Blair County",4,17,1507,778,729
050,42,013,"Pennsylvania","Blair County",4,18,1736,899,837
050,42,013,"Pennsylvania","Blair County",4,19,1798,954,844
050,42,013,"Pennsylvania","Blair County",4,20,1270,689,581
050,42,013,"Pennsylvania","Blair County",4,21,1218,646,572
050,42,013,"Pennsylvania","Blair County",4,22,1341,690,651
050,42,013,"Pennsylvania","Blair County",4,23,1305,668,637
050,42,013,"Pennsylvania","Blair County",4,24,1229,614,615
050,42,013,"Pennsylvania","Blair County",4,25,1286,670,616
050,42,013,"Pennsylvania","Blair County",4,26,1288,631,657
050,42,013,"Pennsylvania","Blair County",4,27,1299,655,644
050,42,013,"Pennsylvania","Blair County",4,28,1361,716,645
050,42,013,"Pennsylvania","Blair County",4,29,1403,722,681
050,42,013,"Pennsylvania","Blair County",4,30,1516,786,730
050,42,013,"Pennsylvania","Blair County",4,31,1706,899,807
050,42,013,"Pennsylvania","Blair County",4,32,1649,854,795
050,42,013,"Pennsylvania","Blair County",4,33,1515,761,754
050,42,013,"Pennsylvania","Blair County",4,34,1452,701,751
050,42,013,"Pennsylvania","Blair County",4,35,1446,739,707
050,42,013,"Pennsylvania","Blair County",4,36,1431,737,694
050,42,013,"Pennsylvania","Blair County",4,37,1447,742,705
050,42,013,"Pennsylvania","Blair County",4,38,1377,684,693
050,42,013,"Pennsylvania","Blair County",4,39,1459,728,731
050,42,013,"Pennsylvania","Blair County",4,40,1414,714,700
050,42,013,"Pennsylvania","Blair County",4,41,1456,738,718
050,42,013,"Pennsylvania","Blair County",4,42,1469,750,719
050,42,013,"Pennsylvania","Blair County",4,43,1426,725,701
050,42,013,"Pennsylvania","Blair County",4,44,1431,696,735
050,42,013,"Pennsylvania","Blair County",4,45,1392,667,725
050,42,013,"Pennsylvania","Blair County",4,46,1356,679,677
050,42,013,"Pennsylvania","Blair County",4,47,1392,730,662
050,42,013,"Pennsylvania","Blair County",4,48,1339,696,643
050,42,013,"Pennsylvania","Blair County",4,49,1375,704,671
050,42,013,"Pennsylvania","Blair County",4,50,1484,745,739
050,42,013,"Pennsylvania","Blair County",4,51,1633,834,799
050,42,013,"Pennsylvania","Blair County",4,52,1603,796,807
050,42,013,"Pennsylvania","Blair County",4,53,1542,769,773
050,42,013,"Pennsylvania","Blair County",4,54,1516,771,745
050,42,013,"Pennsylvania","Blair County",4,55,1545,773,772
050,42,013,"Pennsylvania","Blair County",4,56,1603,801,802
050,42,013,"Pennsylvania","Blair County",4,57,1649,814,835
050,42,013,"Pennsylvania","Blair County",4,58,1658,822,836
050,42,013,"Pennsylvania","Blair County",4,59,1671,822,849
050,42,013,"Pennsylvania","Blair County",4,60,1730,858,872
050,42,013,"Pennsylvania","Blair County",4,61,1795,881,914
050,42,013,"Pennsylvania","Blair County",4,62,1745,869,876
050,42,013,"Pennsylvania","Blair County",4,63,1734,861,873
050,42,013,"Pennsylvania","Blair County",4,64,1824,893,931
050,42,013,"Pennsylvania","Blair County",4,65,1783,859,924
050,42,013,"Pennsylvania","Blair County",4,66,1697,815,882
050,42,013,"Pennsylvania","Blair County",4,67,1655,771,884
050,42,013,"Pennsylvania","Blair County",4,68,1595,744,851
050,42,013,"Pennsylvania","Blair County",4,69,1586,748,838
050,42,013,"Pennsylvania","Blair County",4,70,1538,736,802
050,42,013,"Pennsylvania","Blair County",4,71,1444,680,764
050,42,013,"Pennsylvania","Blair County",4,72,1360,627,733
050,42,013,"Pennsylvania","Blair County",4,73,1306,601,705
050,42,013,"Pennsylvania","Blair County",4,74,1291,595,696
050,42,013,"Pennsylvania","Blair County",4,75,1354,625,729
050,42,013,"Pennsylvania","Blair County",4,76,887,401,486
050,42,013,"Pennsylvania","Blair County",4,77,820,348,472
050,42,013,"Pennsylvania","Blair County",4,78,852,363,489
050,42,013,"Pennsylvania","Blair County",4,79,875,381,494
050,42,013,"Pennsylvania","Blair County",4,80,750,312,438
050,42,013,"Pennsylvania","Blair County",4,81,690,268,422
050,42,013,"Pennsylvania","Blair County",4,82,619,237,382
050,42,013,"Pennsylvania","Blair County",4,83,576,225,351
050,42,013,"Pennsylvania","Blair County",4,84,506,189,317
050,42,013,"Pennsylvania","Blair County",4,85,2899,976,1923
050,42,013,"Pennsylvania","Blair County",5,0,1118,577,541
050,42,013,"Pennsylvania","Blair County",5,1,1151,596,555
050,42,013,"Pennsylvania","Blair County",5,2,1126,590,536
050,42,013,"Pennsylvania","Blair County",5,3,1225,623,602
050,42,013,"Pennsylvania","Blair County",5,4,1207,642,565
050,42,013,"Pennsylvania","Blair County",5,5,1252,637,615
050,42,013,"Pennsylvania","Blair County",5,6,1247,624,623
050,42,013,"Pennsylvania","Blair County",5,7,1356,688,668
050,42,013,"Pennsylvania","Blair County",5,8,1365,712,653
050,42,013,"Pennsylvania","Blair County",5,9,1326,715,611
050,42,013,"Pennsylvania","Blair County",5,10,1324,693,631
050,42,013,"Pennsylvania","Blair County",5,11,1357,698,659
050,42,013,"Pennsylvania","Blair County",5,12,1372,682,690
050,42,013,"Pennsylvania","Blair County",5,13,1495,776,719
050,42,013,"Pennsylvania","Blair County",5,14,1512,796,716
050,42,013,"Pennsylvania","Blair County",5,15,1545,804,741
050,42,013,"Pennsylvania","Blair County",5,16,1529,788,741
050,42,013,"Pennsylvania","Blair County",5,17,1501,773,728
050,42,013,"Pennsylvania","Blair County",5,18,1705,884,821
050,42,013,"Pennsylvania","Blair County",5,19,1814,970,844
050,42,013,"Pennsylvania","Blair County",5,20,1288,695,593
050,42,013,"Pennsylvania","Blair County",5,21,1189,616,573
050,42,013,"Pennsylvania","Blair County",5,22,1330,728,602
050,42,013,"Pennsylvania","Blair County",5,23,1363,683,680
050,42,013,"Pennsylvania","Blair County",5,24,1315,659,656
050,42,013,"Pennsylvania","Blair County",5,25,1260,640,620
050,42,013,"Pennsylvania","Blair County",5,26,1281,660,621
050,42,013,"Pennsylvania","Blair County",5,27,1311,661,650
050,42,013,"Pennsylvania","Blair County",5,28,1292,657,635
050,42,013,"Pennsylvania","Blair County",5,29,1372,718,654
050,42,013,"Pennsylvania","Blair County",5,30,1419,747,672
050,42,013,"Pennsylvania","Blair County",5,31,1517,779,738
050,42,013,"Pennsylvania","Blair County",5,32,1668,881,787
050,42,013,"Pennsylvania","Blair County",5,33,1646,860,786
050,42,013,"Pennsylvania","Blair County",5,34,1514,763,751
050,42,013,"Pennsylvania","Blair County",5,35,1479,711,768
050,42,013,"Pennsylvania","Blair County",5,36,1440,724,716
050,42,013,"Pennsylvania","Blair County",5,37,1441,756,685
050,42,013,"Pennsylvania","Blair County",5,38,1439,737,702
050,42,013,"Pennsylvania","Blair County",5,39,1402,687,715
050,42,013,"Pennsylvania","Blair County",5,40,1448,723,725
050,42,013,"Pennsylvania","Blair County",5,41,1431,722,709
050,42,013,"Pennsylvania","Blair County",5,42,1447,742,705
050,42,013,"Pennsylvania","Blair County",5,43,1454,740,714
050,42,013,"Pennsylvania","Blair County",5,44,1424,728,696
050,42,013,"Pennsylvania","Blair County",5,45,1404,677,727
050,42,013,"Pennsylvania","Blair County",5,46,1398,663,735
050,42,013,"Pennsylvania","Blair County",5,47,1331,664,667
050,42,013,"Pennsylvania","Blair County",5,48,1374,722,652
050,42,013,"Pennsylvania","Blair County",5,49,1349,708,641
050,42,013,"Pennsylvania","Blair County",5,50,1363,686,677
050,42,013,"Pennsylvania","Blair County",5,51,1501,766,735
050,42,013,"Pennsylvania","Blair County",5,52,1610,819,791
050,42,013,"Pennsylvania","Blair County",5,53,1593,790,803
050,42,013,"Pennsylvania","Blair County",5,54,1537,770,767
050,42,013,"Pennsylvania","Blair County",5,55,1514,769,745
050,42,013,"Pennsylvania","Blair County",5,56,1544,777,767
050,42,013,"Pennsylvania","Blair County",5,57,1581,782,799
050,42,013,"Pennsylvania","Blair County",5,58,1645,817,828
050,42,013,"Pennsylvania","Blair County",5,59,1637,806,831
050,42,013,"Pennsylvania","Blair County",5,60,1670,826,844
050,42,013,"Pennsylvania","Blair County",5,61,1714,840,874
050,42,013,"Pennsylvania","Blair County",5,62,1770,866,904
050,42,013,"Pennsylvania","Blair County",5,63,1716,855,861
050,42,013,"Pennsylvania","Blair County",5,64,1695,835,860
050,42,013,"Pennsylvania","Blair County",5,65,1794,881,913
050,42,013,"Pennsylvania","Blair County",5,66,1759,847,912
050,42,013,"Pennsylvania","Blair County",5,67,1672,802,870
050,42,013,"Pennsylvania","Blair County",5,68,1619,755,864
050,42,013,"Pennsylvania","Blair County",5,69,1548,712,836
050,42,013,"Pennsylvania","Blair County",5,70,1562,730,832
050,42,013,"Pennsylvania","Blair County",5,71,1510,716,794
050,42,013,"Pennsylvania","Blair County",5,72,1417,650,767
050,42,013,"Pennsylvania","Blair County",5,73,1315,614,701
050,42,013,"Pennsylvania","Blair County",5,74,1267,577,690
050,42,013,"Pennsylvania","Blair County",5,75,1250,568,682
050,42,013,"Pennsylvania","Blair County",5,76,1299,598,701
050,42,013,"Pennsylvania","Blair County",5,77,858,383,475
050,42,013,"Pennsylvania","Blair County",5,78,798,329,469
050,42,013,"Pennsylvania","Blair County",5,79,811,353,458
050,42,013,"Pennsylvania","Blair County",5,80,808,337,471
050,42,013,"Pennsylvania","Blair County",5,81,719,281,438
050,42,013,"Pennsylvania","Blair County",5,82,653,254,399
050,42,013,"Pennsylvania","Blair County",5,83,577,215,362
050,42,013,"Pennsylvania","Blair County",5,84,520,201,319
050,42,013,"Pennsylvania","Blair County",5,85,2874,961,1913
050,42,015,"Pennsylvania","Bradford County",1,0,644,329,315
050,42,015,"Pennsylvania","Bradford County",1,1,665,347,318
050,42,015,"Pennsylvania","Bradford County",1,2,645,344,301
050,42,015,"Pennsylvania","Bradford County",1,3,695,355,340
050,42,015,"Pennsylvania","Bradford County",1,4,730,376,354
050,42,015,"Pennsylvania","Bradford County",1,5,719,353,366
050,42,015,"Pennsylvania","Bradford County",1,6,779,380,399
050,42,015,"Pennsylvania","Bradford County",1,7,768,386,382
050,42,015,"Pennsylvania","Bradford County",1,8,756,388,368
050,42,015,"Pennsylvania","Bradford County",1,9,743,381,362
050,42,015,"Pennsylvania","Bradford County",1,10,738,366,372
050,42,015,"Pennsylvania","Bradford County",1,11,778,392,386
050,42,015,"Pennsylvania","Bradford County",1,12,834,442,392
050,42,015,"Pennsylvania","Bradford County",1,13,800,423,377
050,42,015,"Pennsylvania","Bradford County",1,14,788,398,390
050,42,015,"Pennsylvania","Bradford County",1,15,773,393,380
050,42,015,"Pennsylvania","Bradford County",1,16,744,386,358
050,42,015,"Pennsylvania","Bradford County",1,17,720,369,351
050,42,015,"Pennsylvania","Bradford County",1,18,618,324,294
050,42,015,"Pennsylvania","Bradford County",1,19,512,272,240
050,42,015,"Pennsylvania","Bradford County",1,20,573,299,274
050,42,015,"Pennsylvania","Bradford County",1,21,582,305,277
050,42,015,"Pennsylvania","Bradford County",1,22,590,306,284
050,42,015,"Pennsylvania","Bradford County",1,23,634,326,308
050,42,015,"Pennsylvania","Bradford County",1,24,635,313,322
050,42,015,"Pennsylvania","Bradford County",1,25,637,315,322
050,42,015,"Pennsylvania","Bradford County",1,26,648,329,319
050,42,015,"Pennsylvania","Bradford County",1,27,722,362,360
050,42,015,"Pennsylvania","Bradford County",1,28,707,360,347
050,42,015,"Pennsylvania","Bradford County",1,29,675,353,322
050,42,015,"Pennsylvania","Bradford County",1,30,674,349,325
050,42,015,"Pennsylvania","Bradford County",1,31,650,334,316
050,42,015,"Pennsylvania","Bradford County",1,32,654,332,322
050,42,015,"Pennsylvania","Bradford County",1,33,664,328,336
050,42,015,"Pennsylvania","Bradford County",1,34,640,323,317
050,42,015,"Pennsylvania","Bradford County",1,35,636,323,313
050,42,015,"Pennsylvania","Bradford County",1,36,620,314,306
050,42,015,"Pennsylvania","Bradford County",1,37,651,324,327
050,42,015,"Pennsylvania","Bradford County",1,38,663,323,340
050,42,015,"Pennsylvania","Bradford County",1,39,664,336,328
050,42,015,"Pennsylvania","Bradford County",1,40,611,308,303
050,42,015,"Pennsylvania","Bradford County",1,41,603,304,299
050,42,015,"Pennsylvania","Bradford County",1,42,618,312,306
050,42,015,"Pennsylvania","Bradford County",1,43,623,293,330
050,42,015,"Pennsylvania","Bradford County",1,44,608,295,313
050,42,015,"Pennsylvania","Bradford County",1,45,583,298,285
050,42,015,"Pennsylvania","Bradford County",1,46,617,312,305
050,42,015,"Pennsylvania","Bradford County",1,47,661,321,340
050,42,015,"Pennsylvania","Bradford County",1,48,708,351,357
050,42,015,"Pennsylvania","Bradford County",1,49,785,403,382
050,42,015,"Pennsylvania","Bradford County",1,50,772,394,378
050,42,015,"Pennsylvania","Bradford County",1,51,751,389,362
050,42,015,"Pennsylvania","Bradford County",1,52,740,368,372
050,42,015,"Pennsylvania","Bradford County",1,53,807,388,419
050,42,015,"Pennsylvania","Bradford County",1,54,872,437,435
050,42,015,"Pennsylvania","Bradford County",1,55,898,459,439
050,42,015,"Pennsylvania","Bradford County",1,56,917,448,469
050,42,015,"Pennsylvania","Bradford County",1,57,946,458,488
050,42,015,"Pennsylvania","Bradford County",1,58,1003,494,509
050,42,015,"Pennsylvania","Bradford County",1,59,967,503,464
050,42,015,"Pennsylvania","Bradford County",1,60,932,487,445
050,42,015,"Pennsylvania","Bradford County",1,61,944,481,463
050,42,015,"Pennsylvania","Bradford County",1,62,935,475,460
050,42,015,"Pennsylvania","Bradford County",1,63,903,464,439
050,42,015,"Pennsylvania","Bradford County",1,64,902,447,455
050,42,015,"Pennsylvania","Bradford County",1,65,889,453,436
050,42,015,"Pennsylvania","Bradford County",1,66,830,413,417
050,42,015,"Pennsylvania","Bradford County",1,67,818,413,405
050,42,015,"Pennsylvania","Bradford County",1,68,795,395,400
050,42,015,"Pennsylvania","Bradford County",1,69,691,324,367
050,42,015,"Pennsylvania","Bradford County",1,70,717,329,388
050,42,015,"Pennsylvania","Bradford County",1,71,694,345,349
050,42,015,"Pennsylvania","Bradford County",1,72,747,384,363
050,42,015,"Pennsylvania","Bradford County",1,73,732,356,376
050,42,015,"Pennsylvania","Bradford County",1,74,508,242,266
050,42,015,"Pennsylvania","Bradford County",1,75,535,272,263
050,42,015,"Pennsylvania","Bradford County",1,76,561,265,296
050,42,015,"Pennsylvania","Bradford County",1,77,531,248,283
050,42,015,"Pennsylvania","Bradford County",1,78,458,219,239
050,42,015,"Pennsylvania","Bradford County",1,79,411,201,210
050,42,015,"Pennsylvania","Bradford County",1,80,382,173,209
050,42,015,"Pennsylvania","Bradford County",1,81,366,161,205
050,42,015,"Pennsylvania","Bradford County",1,82,325,146,179
050,42,015,"Pennsylvania","Bradford County",1,83,281,128,153
050,42,015,"Pennsylvania","Bradford County",1,84,230,105,125
050,42,015,"Pennsylvania","Bradford County",1,85,1393,565,828
050,42,015,"Pennsylvania","Bradford County",2,0,646,334,312
050,42,015,"Pennsylvania","Bradford County",2,1,657,342,315
050,42,015,"Pennsylvania","Bradford County",2,2,652,347,305
050,42,015,"Pennsylvania","Bradford County",2,3,683,354,329
050,42,015,"Pennsylvania","Bradford County",2,4,724,370,354
050,42,015,"Pennsylvania","Bradford County",2,5,722,357,365
050,42,015,"Pennsylvania","Bradford County",2,6,768,375,393
050,42,015,"Pennsylvania","Bradford County",2,7,768,383,385
050,42,015,"Pennsylvania","Bradford County",2,8,757,386,371
050,42,015,"Pennsylvania","Bradford County",2,9,744,381,363
050,42,015,"Pennsylvania","Bradford County",2,10,735,366,369
050,42,015,"Pennsylvania","Bradford County",2,11,768,388,380
050,42,015,"Pennsylvania","Bradford County",2,12,825,433,392
050,42,015,"Pennsylvania","Bradford County",2,13,811,430,381
050,42,015,"Pennsylvania","Bradford County",2,14,788,404,384
050,42,015,"Pennsylvania","Bradford County",2,15,777,395,382
050,42,015,"Pennsylvania","Bradford County",2,16,754,390,364
050,42,015,"Pennsylvania","Bradford County",2,17,725,372,353
050,42,015,"Pennsylvania","Bradford County",2,18,612,321,291
050,42,015,"Pennsylvania","Bradford County",2,19,511,270,241
050,42,015,"Pennsylvania","Bradford County",2,20,580,303,277
050,42,015,"Pennsylvania","Bradford County",2,21,585,305,280
050,42,015,"Pennsylvania","Bradford County",2,22,594,308,286
050,42,015,"Pennsylvania","Bradford County",2,23,633,325,308
050,42,015,"Pennsylvania","Bradford County",2,24,630,315,315
050,42,015,"Pennsylvania","Bradford County",2,25,637,316,321
050,42,015,"Pennsylvania","Bradford County",2,26,651,331,320
050,42,015,"Pennsylvania","Bradford County",2,27,705,354,351
050,42,015,"Pennsylvania","Bradford County",2,28,713,361,352
050,42,015,"Pennsylvania","Bradford County",2,29,688,356,332
050,42,015,"Pennsylvania","Bradford County",2,30,678,352,326
050,42,015,"Pennsylvania","Bradford County",2,31,657,340,317
050,42,015,"Pennsylvania","Bradford County",2,32,655,333,322
050,42,015,"Pennsylvania","Bradford County",2,33,662,329,333
050,42,015,"Pennsylvania","Bradford County",2,34,650,326,324
050,42,015,"Pennsylvania","Bradford County",2,35,644,329,315
050,42,015,"Pennsylvania","Bradford County",2,36,617,311,306
050,42,015,"Pennsylvania","Bradford County",2,37,647,325,322
050,42,015,"Pennsylvania","Bradford County",2,38,668,326,342
050,42,015,"Pennsylvania","Bradford County",2,39,664,334,330
050,42,015,"Pennsylvania","Bradford County",2,40,628,317,311
050,42,015,"Pennsylvania","Bradford County",2,41,605,304,301
050,42,015,"Pennsylvania","Bradford County",2,42,610,308,302
050,42,015,"Pennsylvania","Bradford County",2,43,628,298,330
050,42,015,"Pennsylvania","Bradford County",2,44,602,291,311
050,42,015,"Pennsylvania","Bradford County",2,45,589,299,290
050,42,015,"Pennsylvania","Bradford County",2,46,609,309,300
050,42,015,"Pennsylvania","Bradford County",2,47,648,317,331
050,42,015,"Pennsylvania","Bradford County",2,48,694,343,351
050,42,015,"Pennsylvania","Bradford County",2,49,769,391,378
050,42,015,"Pennsylvania","Bradford County",2,50,778,396,382
050,42,015,"Pennsylvania","Bradford County",2,51,751,387,364
050,42,015,"Pennsylvania","Bradford County",2,52,739,372,367
050,42,015,"Pennsylvania","Bradford County",2,53,790,385,405
050,42,015,"Pennsylvania","Bradford County",2,54,852,426,426
050,42,015,"Pennsylvania","Bradford County",2,55,890,455,435
050,42,015,"Pennsylvania","Bradford County",2,56,913,451,462
050,42,015,"Pennsylvania","Bradford County",2,57,940,456,484
050,42,015,"Pennsylvania","Bradford County",2,58,985,484,501
050,42,015,"Pennsylvania","Bradford County",2,59,979,501,478
050,42,015,"Pennsylvania","Bradford County",2,60,936,488,448
050,42,015,"Pennsylvania","Bradford County",2,61,933,477,456
050,42,015,"Pennsylvania","Bradford County",2,62,932,472,460
050,42,015,"Pennsylvania","Bradford County",2,63,917,471,446
050,42,015,"Pennsylvania","Bradford County",2,64,897,450,447
050,42,015,"Pennsylvania","Bradford County",2,65,889,449,440
050,42,015,"Pennsylvania","Bradford County",2,66,845,423,422
050,42,015,"Pennsylvania","Bradford County",2,67,818,411,407
050,42,015,"Pennsylvania","Bradford County",2,68,797,398,399
050,42,015,"Pennsylvania","Bradford County",2,69,720,343,377
050,42,015,"Pennsylvania","Bradford County",2,70,709,328,381
050,42,015,"Pennsylvania","Bradford County",2,71,694,337,357
050,42,015,"Pennsylvania","Bradford County",2,72,717,367,350
050,42,015,"Pennsylvania","Bradford County",2,73,771,382,389
050,42,015,"Pennsylvania","Bradford County",2,74,521,250,271
050,42,015,"Pennsylvania","Bradford County",2,75,529,265,264
050,42,015,"Pennsylvania","Bradford County",2,76,543,260,283
050,42,015,"Pennsylvania","Bradford County",2,77,552,258,294
050,42,015,"Pennsylvania","Bradford County",2,78,456,217,239
050,42,015,"Pennsylvania","Bradford County",2,79,411,196,215
050,42,015,"Pennsylvania","Bradford County",2,80,387,178,209
050,42,015,"Pennsylvania","Bradford County",2,81,367,164,203
050,42,015,"Pennsylvania","Bradford County",2,82,332,150,182
050,42,015,"Pennsylvania","Bradford County",2,83,283,130,153
050,42,015,"Pennsylvania","Bradford County",2,84,236,107,129
050,42,015,"Pennsylvania","Bradford County",2,85,1392,568,824
050,42,015,"Pennsylvania","Bradford County",3,0,656,339,317
050,42,015,"Pennsylvania","Bradford County",3,1,669,334,335
050,42,015,"Pennsylvania","Bradford County",3,2,669,350,319
050,42,015,"Pennsylvania","Bradford County",3,3,671,348,323
050,42,015,"Pennsylvania","Bradford County",3,4,710,361,349
050,42,015,"Pennsylvania","Bradford County",3,5,723,375,348
050,42,015,"Pennsylvania","Bradford County",3,6,733,365,368
050,42,015,"Pennsylvania","Bradford County",3,7,779,377,402
050,42,015,"Pennsylvania","Bradford County",3,8,775,379,396
050,42,015,"Pennsylvania","Bradford County",3,9,773,389,384
050,42,015,"Pennsylvania","Bradford County",3,10,754,387,367
050,42,015,"Pennsylvania","Bradford County",3,11,757,378,379
050,42,015,"Pennsylvania","Bradford County",3,12,756,389,367
050,42,015,"Pennsylvania","Bradford County",3,13,837,431,406
050,42,015,"Pennsylvania","Bradford County",3,14,812,434,378
050,42,015,"Pennsylvania","Bradford County",3,15,771,397,374
050,42,015,"Pennsylvania","Bradford County",3,16,790,399,391
050,42,015,"Pennsylvania","Bradford County",3,17,747,391,356
050,42,015,"Pennsylvania","Bradford County",3,18,617,329,288
050,42,015,"Pennsylvania","Bradford County",3,19,499,259,240
050,42,015,"Pennsylvania","Bradford County",3,20,567,292,275
050,42,015,"Pennsylvania","Bradford County",3,21,609,319,290
050,42,015,"Pennsylvania","Bradford County",3,22,595,303,292
050,42,015,"Pennsylvania","Bradford County",3,23,614,317,297
050,42,015,"Pennsylvania","Bradford County",3,24,629,325,304
050,42,015,"Pennsylvania","Bradford County",3,25,616,303,313
050,42,015,"Pennsylvania","Bradford County",3,26,663,330,333
050,42,015,"Pennsylvania","Bradford County",3,27,673,340,333
050,42,015,"Pennsylvania","Bradford County",3,28,717,365,352
050,42,015,"Pennsylvania","Bradford County",3,29,755,381,374
050,42,015,"Pennsylvania","Bradford County",3,30,686,353,333
050,42,015,"Pennsylvania","Bradford County",3,31,694,366,328
050,42,015,"Pennsylvania","Bradford County",3,32,680,355,325
050,42,015,"Pennsylvania","Bradford County",3,33,669,336,333
050,42,015,"Pennsylvania","Bradford County",3,34,666,329,337
050,42,015,"Pennsylvania","Bradford County",3,35,667,343,324
050,42,015,"Pennsylvania","Bradford County",3,36,648,332,316
050,42,015,"Pennsylvania","Bradford County",3,37,641,333,308
050,42,015,"Pennsylvania","Bradford County",3,38,639,309,330
050,42,015,"Pennsylvania","Bradford County",3,39,659,322,337
050,42,015,"Pennsylvania","Bradford County",3,40,682,339,343
050,42,015,"Pennsylvania","Bradford County",3,41,644,323,321
050,42,015,"Pennsylvania","Bradford County",3,42,603,300,303
050,42,015,"Pennsylvania","Bradford County",3,43,621,307,314
050,42,015,"Pennsylvania","Bradford County",3,44,619,300,319
050,42,015,"Pennsylvania","Bradford County",3,45,603,287,316
050,42,015,"Pennsylvania","Bradford County",3,46,590,300,290
050,42,015,"Pennsylvania","Bradford County",3,47,612,312,300
050,42,015,"Pennsylvania","Bradford County",3,48,645,316,329
050,42,015,"Pennsylvania","Bradford County",3,49,689,345,344
050,42,015,"Pennsylvania","Bradford County",3,50,767,390,377
050,42,015,"Pennsylvania","Bradford County",3,51,791,401,390
050,42,015,"Pennsylvania","Bradford County",3,52,749,380,369
050,42,015,"Pennsylvania","Bradford County",3,53,731,368,363
050,42,015,"Pennsylvania","Bradford County",3,54,786,386,400
050,42,015,"Pennsylvania","Bradford County",3,55,854,436,418
050,42,015,"Pennsylvania","Bradford County",3,56,893,449,444
050,42,015,"Pennsylvania","Bradford County",3,57,919,454,465
050,42,015,"Pennsylvania","Bradford County",3,58,937,448,489
050,42,015,"Pennsylvania","Bradford County",3,59,978,488,490
050,42,015,"Pennsylvania","Bradford County",3,60,955,487,468
050,42,015,"Pennsylvania","Bradford County",3,61,915,476,439
050,42,015,"Pennsylvania","Bradford County",3,62,916,475,441
050,42,015,"Pennsylvania","Bradford County",3,63,923,464,459
050,42,015,"Pennsylvania","Bradford County",3,64,912,466,446
050,42,015,"Pennsylvania","Bradford County",3,65,894,442,452
050,42,015,"Pennsylvania","Bradford County",3,66,888,446,442
050,42,015,"Pennsylvania","Bradford County",3,67,832,415,417
050,42,015,"Pennsylvania","Bradford County",3,68,809,403,406
050,42,015,"Pennsylvania","Bradford County",3,69,770,386,384
050,42,015,"Pennsylvania","Bradford County",3,70,716,346,370
050,42,015,"Pennsylvania","Bradford County",3,71,690,321,369
050,42,015,"Pennsylvania","Bradford County",3,72,670,325,345
050,42,015,"Pennsylvania","Bradford County",3,73,683,349,334
050,42,015,"Pennsylvania","Bradford County",3,74,740,362,378
050,42,015,"Pennsylvania","Bradford County",3,75,506,241,265
050,42,015,"Pennsylvania","Bradford County",3,76,503,247,256
050,42,015,"Pennsylvania","Bradford County",3,77,535,261,274
050,42,015,"Pennsylvania","Bradford County",3,78,525,245,280
050,42,015,"Pennsylvania","Bradford County",3,79,430,198,232
050,42,015,"Pennsylvania","Bradford County",3,80,401,191,210
050,42,015,"Pennsylvania","Bradford County",3,81,373,172,201
050,42,015,"Pennsylvania","Bradford County",3,82,323,139,184
050,42,015,"Pennsylvania","Bradford County",3,83,323,143,180
050,42,015,"Pennsylvania","Bradford County",3,84,251,111,140
050,42,015,"Pennsylvania","Bradford County",3,85,1356,564,792
050,42,015,"Pennsylvania","Bradford County",4,0,631,323,308
050,42,015,"Pennsylvania","Bradford County",4,1,654,344,310
050,42,015,"Pennsylvania","Bradford County",4,2,670,337,333
050,42,015,"Pennsylvania","Bradford County",4,3,681,355,326
050,42,015,"Pennsylvania","Bradford County",4,4,669,356,313
050,42,015,"Pennsylvania","Bradford County",4,5,700,356,344
050,42,015,"Pennsylvania","Bradford County",4,6,730,378,352
050,42,015,"Pennsylvania","Bradford County",4,7,730,358,372
050,42,015,"Pennsylvania","Bradford County",4,8,787,383,404
050,42,015,"Pennsylvania","Bradford County",4,9,782,383,399
050,42,015,"Pennsylvania","Bradford County",4,10,766,387,379
050,42,015,"Pennsylvania","Bradford County",4,11,756,393,363
050,42,015,"Pennsylvania","Bradford County",4,12,750,376,374
050,42,015,"Pennsylvania","Bradford County",4,13,772,396,376
050,42,015,"Pennsylvania","Bradford County",4,14,834,436,398
050,42,015,"Pennsylvania","Bradford County",4,15,811,439,372
050,42,015,"Pennsylvania","Bradford County",4,16,760,387,373
050,42,015,"Pennsylvania","Bradford County",4,17,787,396,391
050,42,015,"Pennsylvania","Bradford County",4,18,624,336,288
050,42,015,"Pennsylvania","Bradford County",4,19,472,257,215
050,42,015,"Pennsylvania","Bradford County",4,20,538,283,255
050,42,015,"Pennsylvania","Bradford County",4,21,586,298,288
050,42,015,"Pennsylvania","Bradford County",4,22,643,335,308
050,42,015,"Pennsylvania","Bradford County",4,23,632,326,306
050,42,015,"Pennsylvania","Bradford County",4,24,601,303,298
050,42,015,"Pennsylvania","Bradford County",4,25,593,304,289
050,42,015,"Pennsylvania","Bradford County",4,26,641,313,328
050,42,015,"Pennsylvania","Bradford County",4,27,661,329,332
050,42,015,"Pennsylvania","Bradford County",4,28,653,321,332
050,42,015,"Pennsylvania","Bradford County",4,29,707,347,360
050,42,015,"Pennsylvania","Bradford County",4,30,742,381,361
050,42,015,"Pennsylvania","Bradford County",4,31,685,351,334
050,42,015,"Pennsylvania","Bradford County",4,32,700,364,336
050,42,015,"Pennsylvania","Bradford County",4,33,699,361,338
050,42,015,"Pennsylvania","Bradford County",4,34,670,339,331
050,42,015,"Pennsylvania","Bradford County",4,35,669,331,338
050,42,015,"Pennsylvania","Bradford County",4,36,666,336,330
050,42,015,"Pennsylvania","Bradford County",4,37,669,349,320
050,42,015,"Pennsylvania","Bradford County",4,38,648,329,319
050,42,015,"Pennsylvania","Bradford County",4,39,651,318,333
050,42,015,"Pennsylvania","Bradford County",4,40,662,323,339
050,42,015,"Pennsylvania","Bradford County",4,41,690,345,345
050,42,015,"Pennsylvania","Bradford County",4,42,640,324,316
050,42,015,"Pennsylvania","Bradford County",4,43,618,302,316
050,42,015,"Pennsylvania","Bradford County",4,44,596,304,292
050,42,015,"Pennsylvania","Bradford County",4,45,616,300,316
050,42,015,"Pennsylvania","Bradford County",4,46,609,289,320
050,42,015,"Pennsylvania","Bradford County",4,47,593,301,292
050,42,015,"Pennsylvania","Bradford County",4,48,612,308,304
050,42,015,"Pennsylvania","Bradford County",4,49,621,305,316
050,42,015,"Pennsylvania","Bradford County",4,50,669,339,330
050,42,015,"Pennsylvania","Bradford County",4,51,765,385,380
050,42,015,"Pennsylvania","Bradford County",4,52,804,396,408
050,42,015,"Pennsylvania","Bradford County",4,53,749,373,376
050,42,015,"Pennsylvania","Bradford County",4,54,743,379,364
050,42,015,"Pennsylvania","Bradford County",4,55,779,387,392
050,42,015,"Pennsylvania","Bradford County",4,56,839,428,411
050,42,015,"Pennsylvania","Bradford County",4,57,890,446,444
050,42,015,"Pennsylvania","Bradford County",4,58,919,458,461
050,42,015,"Pennsylvania","Bradford County",4,59,945,450,495
050,42,015,"Pennsylvania","Bradford County",4,60,955,482,473
050,42,015,"Pennsylvania","Bradford County",4,61,954,480,474
050,42,015,"Pennsylvania","Bradford County",4,62,898,466,432
050,42,015,"Pennsylvania","Bradford County",4,63,915,475,440
050,42,015,"Pennsylvania","Bradford County",4,64,926,470,456
050,42,015,"Pennsylvania","Bradford County",4,65,915,465,450
050,42,015,"Pennsylvania","Bradford County",4,66,889,444,445
050,42,015,"Pennsylvania","Bradford County",4,67,879,437,442
050,42,015,"Pennsylvania","Bradford County",4,68,821,407,414
050,42,015,"Pennsylvania","Bradford County",4,69,787,393,394
050,42,015,"Pennsylvania","Bradford County",4,70,763,382,381
050,42,015,"Pennsylvania","Bradford County",4,71,699,337,362
050,42,015,"Pennsylvania","Bradford County",4,72,675,311,364
050,42,015,"Pennsylvania","Bradford County",4,73,636,305,331
050,42,015,"Pennsylvania","Bradford County",4,74,659,329,330
050,42,015,"Pennsylvania","Bradford County",4,75,723,345,378
050,42,015,"Pennsylvania","Bradford County",4,76,479,229,250
050,42,015,"Pennsylvania","Bradford County",4,77,488,242,246
050,42,015,"Pennsylvania","Bradford County",4,78,493,237,256
050,42,015,"Pennsylvania","Bradford County",4,79,494,228,266
050,42,015,"Pennsylvania","Bradford County",4,80,413,182,231
050,42,015,"Pennsylvania","Bradford County",4,81,373,174,199
050,42,015,"Pennsylvania","Bradford County",4,82,327,144,183
050,42,015,"Pennsylvania","Bradford County",4,83,298,127,171
050,42,015,"Pennsylvania","Bradford County",4,84,290,128,162
050,42,015,"Pennsylvania","Bradford County",4,85,1326,541,785
050,42,015,"Pennsylvania","Bradford County",5,0,622,321,301
050,42,015,"Pennsylvania","Bradford County",5,1,626,335,291
050,42,015,"Pennsylvania","Bradford County",5,2,653,346,307
050,42,015,"Pennsylvania","Bradford County",5,3,682,341,341
050,42,015,"Pennsylvania","Bradford County",5,4,699,367,332
050,42,015,"Pennsylvania","Bradford County",5,5,670,356,314
050,42,015,"Pennsylvania","Bradford County",5,6,705,364,341
050,42,015,"Pennsylvania","Bradford County",5,7,743,386,357
050,42,015,"Pennsylvania","Bradford County",5,8,729,363,366
050,42,015,"Pennsylvania","Bradford County",5,9,797,388,409
050,42,015,"Pennsylvania","Bradford County",5,10,778,378,400
050,42,015,"Pennsylvania","Bradford County",5,11,779,397,382
050,42,015,"Pennsylvania","Bradford County",5,12,763,395,368
050,42,015,"Pennsylvania","Bradford County",5,13,763,371,392
050,42,015,"Pennsylvania","Bradford County",5,14,767,401,366
050,42,015,"Pennsylvania","Bradford County",5,15,825,434,391
050,42,015,"Pennsylvania","Bradford County",5,16,828,449,379
050,42,015,"Pennsylvania","Bradford County",5,17,765,386,379
050,42,015,"Pennsylvania","Bradford County",5,18,658,342,316
050,42,015,"Pennsylvania","Bradford County",5,19,478,260,218
050,42,015,"Pennsylvania","Bradford County",5,20,531,294,237
050,42,015,"Pennsylvania","Bradford County",5,21,548,287,261
050,42,015,"Pennsylvania","Bradford County",5,22,618,310,308
050,42,015,"Pennsylvania","Bradford County",5,23,673,357,316
050,42,015,"Pennsylvania","Bradford County",5,24,619,322,297
050,42,015,"Pennsylvania","Bradford County",5,25,615,318,297
050,42,015,"Pennsylvania","Bradford County",5,26,597,307,290
050,42,015,"Pennsylvania","Bradford County",5,27,640,304,336
050,42,015,"Pennsylvania","Bradford County",5,28,670,337,333
050,42,015,"Pennsylvania","Bradford County",5,29,656,321,335
050,42,015,"Pennsylvania","Bradford County",5,30,696,336,360
050,42,015,"Pennsylvania","Bradford County",5,31,755,381,374
050,42,015,"Pennsylvania","Bradford County",5,32,699,360,339
050,42,015,"Pennsylvania","Bradford County",5,33,700,363,337
050,42,015,"Pennsylvania","Bradford County",5,34,684,343,341
050,42,015,"Pennsylvania","Bradford County",5,35,680,351,329
050,42,015,"Pennsylvania","Bradford County",5,36,664,320,344
050,42,015,"Pennsylvania","Bradford County",5,37,674,344,330
050,42,015,"Pennsylvania","Bradford County",5,38,669,343,326
050,42,015,"Pennsylvania","Bradford County",5,39,635,318,317
050,42,015,"Pennsylvania","Bradford County",5,40,660,323,337
050,42,015,"Pennsylvania","Bradford County",5,41,660,318,342
050,42,015,"Pennsylvania","Bradford County",5,42,676,342,334
050,42,015,"Pennsylvania","Bradford County",5,43,669,326,343
050,42,015,"Pennsylvania","Bradford County",5,44,596,305,291
050,42,015,"Pennsylvania","Bradford County",5,45,591,302,289
050,42,015,"Pennsylvania","Bradford County",5,46,621,304,317
050,42,015,"Pennsylvania","Bradford County",5,47,616,294,322
050,42,015,"Pennsylvania","Bradford County",5,48,591,302,289
050,42,015,"Pennsylvania","Bradford County",5,49,598,308,290
050,42,015,"Pennsylvania","Bradford County",5,50,615,307,308
050,42,015,"Pennsylvania","Bradford County",5,51,681,341,340
050,42,015,"Pennsylvania","Bradford County",5,52,764,381,383
050,42,015,"Pennsylvania","Bradford County",5,53,799,400,399
050,42,015,"Pennsylvania","Bradford County",5,54,742,379,363
050,42,015,"Pennsylvania","Bradford County",5,55,743,388,355
050,42,015,"Pennsylvania","Bradford County",5,56,767,374,393
050,42,015,"Pennsylvania","Bradford County",5,57,835,422,413
050,42,015,"Pennsylvania","Bradford County",5,58,888,443,445
050,42,015,"Pennsylvania","Bradford County",5,59,917,456,461
050,42,015,"Pennsylvania","Bradford County",5,60,916,445,471
050,42,015,"Pennsylvania","Bradford County",5,61,942,471,471
050,42,015,"Pennsylvania","Bradford County",5,62,939,476,463
050,42,015,"Pennsylvania","Bradford County",5,63,893,465,428
050,42,015,"Pennsylvania","Bradford County",5,64,919,478,441
050,42,015,"Pennsylvania","Bradford County",5,65,928,467,461
050,42,015,"Pennsylvania","Bradford County",5,66,910,464,446
050,42,015,"Pennsylvania","Bradford County",5,67,877,439,438
050,42,015,"Pennsylvania","Bradford County",5,68,865,427,438
050,42,015,"Pennsylvania","Bradford County",5,69,800,401,399
050,42,015,"Pennsylvania","Bradford County",5,70,789,397,392
050,42,015,"Pennsylvania","Bradford County",5,71,736,368,368
050,42,015,"Pennsylvania","Bradford County",5,72,688,323,365
050,42,015,"Pennsylvania","Bradford County",5,73,645,295,350
050,42,015,"Pennsylvania","Bradford County",5,74,608,288,320
050,42,015,"Pennsylvania","Bradford County",5,75,646,317,329
050,42,015,"Pennsylvania","Bradford County",5,76,685,322,363
050,42,015,"Pennsylvania","Bradford County",5,77,471,230,241
050,42,015,"Pennsylvania","Bradford County",5,78,457,225,232
050,42,015,"Pennsylvania","Bradford County",5,79,467,221,246
050,42,015,"Pennsylvania","Bradford County",5,80,468,213,255
050,42,015,"Pennsylvania","Bradford County",5,81,388,170,218
050,42,015,"Pennsylvania","Bradford County",5,82,338,158,180
050,42,015,"Pennsylvania","Bradford County",5,83,301,128,173
050,42,015,"Pennsylvania","Bradford County",5,84,271,115,156
050,42,015,"Pennsylvania","Bradford County",5,85,1366,553,813
050,42,017,"Pennsylvania","Bucks County",1,0,5716,2942,2774
050,42,017,"Pennsylvania","Bucks County",1,1,5980,3100,2880
050,42,017,"Pennsylvania","Bucks County",1,2,6211,3217,2994
050,42,017,"Pennsylvania","Bucks County",1,3,6369,3219,3150
050,42,017,"Pennsylvania","Bucks County",1,4,6585,3411,3174
050,42,017,"Pennsylvania","Bucks County",1,5,6683,3401,3282
050,42,017,"Pennsylvania","Bucks County",1,6,6726,3428,3298
050,42,017,"Pennsylvania","Bucks County",1,7,6806,3427,3379
050,42,017,"Pennsylvania","Bucks County",1,8,7032,3579,3453
050,42,017,"Pennsylvania","Bucks County",1,9,7216,3673,3543
050,42,017,"Pennsylvania","Bucks County",1,10,7606,3895,3711
050,42,017,"Pennsylvania","Bucks County",1,11,8000,4068,3932
050,42,017,"Pennsylvania","Bucks County",1,12,8309,4331,3978
050,42,017,"Pennsylvania","Bucks County",1,13,8434,4302,4132
050,42,017,"Pennsylvania","Bucks County",1,14,8327,4227,4100
050,42,017,"Pennsylvania","Bucks County",1,15,8419,4298,4121
050,42,017,"Pennsylvania","Bucks County",1,16,8794,4518,4276
050,42,017,"Pennsylvania","Bucks County",1,17,8583,4371,4212
050,42,017,"Pennsylvania","Bucks County",1,18,7510,4002,3508
050,42,017,"Pennsylvania","Bucks County",1,19,6432,3433,2999
050,42,017,"Pennsylvania","Bucks County",1,20,6772,3544,3228
050,42,017,"Pennsylvania","Bucks County",1,21,7122,3641,3481
050,42,017,"Pennsylvania","Bucks County",1,22,7352,3708,3644
050,42,017,"Pennsylvania","Bucks County",1,23,7260,3655,3605
050,42,017,"Pennsylvania","Bucks County",1,24,7138,3599,3539
050,42,017,"Pennsylvania","Bucks County",1,25,6943,3494,3449
050,42,017,"Pennsylvania","Bucks County",1,26,6955,3554,3401
050,42,017,"Pennsylvania","Bucks County",1,27,7001,3553,3448
050,42,017,"Pennsylvania","Bucks County",1,28,6869,3489,3380
050,42,017,"Pennsylvania","Bucks County",1,29,6832,3454,3378
050,42,017,"Pennsylvania","Bucks County",1,30,6866,3529,3337
050,42,017,"Pennsylvania","Bucks County",1,31,6982,3570,3412
050,42,017,"Pennsylvania","Bucks County",1,32,7296,3691,3605
050,42,017,"Pennsylvania","Bucks County",1,33,7585,3829,3756
050,42,017,"Pennsylvania","Bucks County",1,34,7756,3899,3857
050,42,017,"Pennsylvania","Bucks County",1,35,7733,3870,3863
050,42,017,"Pennsylvania","Bucks County",1,36,7731,3889,3842
050,42,017,"Pennsylvania","Bucks County",1,37,8052,4050,4002
050,42,017,"Pennsylvania","Bucks County",1,38,8113,4032,4081
050,42,017,"Pennsylvania","Bucks County",1,39,8120,3964,4156
050,42,017,"Pennsylvania","Bucks County",1,40,8048,4015,4033
050,42,017,"Pennsylvania","Bucks County",1,41,7786,3949,3837
050,42,017,"Pennsylvania","Bucks County",1,42,7622,3864,3758
050,42,017,"Pennsylvania","Bucks County",1,43,7455,3693,3762
050,42,017,"Pennsylvania","Bucks County",1,44,7340,3665,3675
050,42,017,"Pennsylvania","Bucks County",1,45,7595,3789,3806
050,42,017,"Pennsylvania","Bucks County",1,46,7659,3828,3831
050,42,017,"Pennsylvania","Bucks County",1,47,7898,3972,3926
050,42,017,"Pennsylvania","Bucks County",1,48,8550,4264,4286
050,42,017,"Pennsylvania","Bucks County",1,49,9402,4695,4707
050,42,017,"Pennsylvania","Bucks County",1,50,9257,4607,4650
050,42,017,"Pennsylvania","Bucks County",1,51,9244,4611,4633
050,42,017,"Pennsylvania","Bucks County",1,52,9201,4606,4595
050,42,017,"Pennsylvania","Bucks County",1,53,9485,4652,4833
050,42,017,"Pennsylvania","Bucks County",1,54,9754,4750,5004
050,42,017,"Pennsylvania","Bucks County",1,55,10299,5049,5250
050,42,017,"Pennsylvania","Bucks County",1,56,10645,5313,5332
050,42,017,"Pennsylvania","Bucks County",1,57,10646,5348,5298
050,42,017,"Pennsylvania","Bucks County",1,58,10900,5398,5502
050,42,017,"Pennsylvania","Bucks County",1,59,10780,5275,5505
050,42,017,"Pennsylvania","Bucks County",1,60,10526,5165,5361
050,42,017,"Pennsylvania","Bucks County",1,61,10450,5208,5242
050,42,017,"Pennsylvania","Bucks County",1,62,10345,5168,5177
050,42,017,"Pennsylvania","Bucks County",1,63,9808,4879,4929
050,42,017,"Pennsylvania","Bucks County",1,64,9549,4722,4827
050,42,017,"Pennsylvania","Bucks County",1,65,9139,4489,4650
050,42,017,"Pennsylvania","Bucks County",1,66,8596,4224,4372
050,42,017,"Pennsylvania","Bucks County",1,67,8246,4048,4198
050,42,017,"Pennsylvania","Bucks County",1,68,7833,3815,4018
050,42,017,"Pennsylvania","Bucks County",1,69,7129,3489,3640
050,42,017,"Pennsylvania","Bucks County",1,70,6840,3311,3529
050,42,017,"Pennsylvania","Bucks County",1,71,6768,3213,3555
050,42,017,"Pennsylvania","Bucks County",1,72,6790,3178,3612
050,42,017,"Pennsylvania","Bucks County",1,73,6913,3246,3667
050,42,017,"Pennsylvania","Bucks County",1,74,4679,2165,2514
050,42,017,"Pennsylvania","Bucks County",1,75,4571,2103,2468
050,42,017,"Pennsylvania","Bucks County",1,76,4684,2127,2557
050,42,017,"Pennsylvania","Bucks County",1,77,4687,2122,2565
050,42,017,"Pennsylvania","Bucks County",1,78,3928,1745,2183
050,42,017,"Pennsylvania","Bucks County",1,79,3534,1546,1988
050,42,017,"Pennsylvania","Bucks County",1,80,3108,1364,1744
050,42,017,"Pennsylvania","Bucks County",1,81,3001,1304,1697
050,42,017,"Pennsylvania","Bucks County",1,82,2896,1229,1667
050,42,017,"Pennsylvania","Bucks County",1,83,2629,1091,1538
050,42,017,"Pennsylvania","Bucks County",1,84,2405,989,1416
050,42,017,"Pennsylvania","Bucks County",1,85,15692,5460,10232
050,42,017,"Pennsylvania","Bucks County",2,0,5750,2945,2805
050,42,017,"Pennsylvania","Bucks County",2,1,5931,3066,2865
050,42,017,"Pennsylvania","Bucks County",2,2,6189,3199,2990
050,42,017,"Pennsylvania","Bucks County",2,3,6335,3222,3113
050,42,017,"Pennsylvania","Bucks County",2,4,6572,3381,3191
050,42,017,"Pennsylvania","Bucks County",2,5,6685,3415,3270
050,42,017,"Pennsylvania","Bucks County",2,6,6752,3441,3311
050,42,017,"Pennsylvania","Bucks County",2,7,6810,3442,3368
050,42,017,"Pennsylvania","Bucks County",2,8,6989,3549,3440
050,42,017,"Pennsylvania","Bucks County",2,9,7176,3656,3520
050,42,017,"Pennsylvania","Bucks County",2,10,7526,3849,3677
050,42,017,"Pennsylvania","Bucks County",2,11,7905,4025,3880
050,42,017,"Pennsylvania","Bucks County",2,12,8290,4292,3998
050,42,017,"Pennsylvania","Bucks County",2,13,8394,4303,4091
050,42,017,"Pennsylvania","Bucks County",2,14,8370,4252,4118
050,42,017,"Pennsylvania","Bucks County",2,15,8414,4292,4122
050,42,017,"Pennsylvania","Bucks County",2,16,8737,4485,4252
050,42,017,"Pennsylvania","Bucks County",2,17,8653,4420,4233
050,42,017,"Pennsylvania","Bucks County",2,18,7472,3956,3516
050,42,017,"Pennsylvania","Bucks County",2,19,6427,3428,2999
050,42,017,"Pennsylvania","Bucks County",2,20,6881,3601,3280
050,42,017,"Pennsylvania","Bucks County",2,21,7096,3640,3456
050,42,017,"Pennsylvania","Bucks County",2,22,7297,3686,3611
050,42,017,"Pennsylvania","Bucks County",2,23,7276,3668,3608
050,42,017,"Pennsylvania","Bucks County",2,24,7120,3592,3528
050,42,017,"Pennsylvania","Bucks County",2,25,6957,3508,3449
050,42,017,"Pennsylvania","Bucks County",2,26,6942,3539,3403
050,42,017,"Pennsylvania","Bucks County",2,27,6967,3541,3426
050,42,017,"Pennsylvania","Bucks County",2,28,6903,3499,3404
050,42,017,"Pennsylvania","Bucks County",2,29,6852,3465,3387
050,42,017,"Pennsylvania","Bucks County",2,30,6919,3532,3387
050,42,017,"Pennsylvania","Bucks County",2,31,6978,3567,3411
050,42,017,"Pennsylvania","Bucks County",2,32,7245,3671,3574
050,42,017,"Pennsylvania","Bucks County",2,33,7540,3806,3734
050,42,017,"Pennsylvania","Bucks County",2,34,7746,3896,3850
050,42,017,"Pennsylvania","Bucks County",2,35,7822,3918,3904
050,42,017,"Pennsylvania","Bucks County",2,36,7725,3876,3849
050,42,017,"Pennsylvania","Bucks County",2,37,8007,4027,3980
050,42,017,"Pennsylvania","Bucks County",2,38,8155,4067,4088
050,42,017,"Pennsylvania","Bucks County",2,39,8133,3992,4141
050,42,017,"Pennsylvania","Bucks County",2,40,8119,4034,4085
050,42,017,"Pennsylvania","Bucks County",2,41,7855,3968,3887
050,42,017,"Pennsylvania","Bucks County",2,42,7634,3875,3759
050,42,017,"Pennsylvania","Bucks County",2,43,7548,3763,3785
050,42,017,"Pennsylvania","Bucks County",2,44,7321,3650,3671
050,42,017,"Pennsylvania","Bucks County",2,45,7575,3784,3791
050,42,017,"Pennsylvania","Bucks County",2,46,7638,3825,3813
050,42,017,"Pennsylvania","Bucks County",2,47,7827,3934,3893
050,42,017,"Pennsylvania","Bucks County",2,48,8379,4183,4196
050,42,017,"Pennsylvania","Bucks County",2,49,9240,4621,4619
050,42,017,"Pennsylvania","Bucks County",2,50,9299,4634,4665
050,42,017,"Pennsylvania","Bucks County",2,51,9214,4600,4614
050,42,017,"Pennsylvania","Bucks County",2,52,9163,4583,4580
050,42,017,"Pennsylvania","Bucks County",2,53,9412,4636,4776
050,42,017,"Pennsylvania","Bucks County",2,54,9655,4713,4942
050,42,017,"Pennsylvania","Bucks County",2,55,10159,4975,5184
050,42,017,"Pennsylvania","Bucks County",2,56,10571,5253,5318
050,42,017,"Pennsylvania","Bucks County",2,57,10637,5332,5305
050,42,017,"Pennsylvania","Bucks County",2,58,10800,5355,5445
050,42,017,"Pennsylvania","Bucks County",2,59,10833,5316,5517
050,42,017,"Pennsylvania","Bucks County",2,60,10530,5161,5369
050,42,017,"Pennsylvania","Bucks County",2,61,10404,5165,5239
050,42,017,"Pennsylvania","Bucks County",2,62,10328,5153,5175
050,42,017,"Pennsylvania","Bucks County",2,63,9986,4970,5016
050,42,017,"Pennsylvania","Bucks County",2,64,9518,4717,4801
050,42,017,"Pennsylvania","Bucks County",2,65,9191,4517,4674
050,42,017,"Pennsylvania","Bucks County",2,66,8697,4266,4431
050,42,017,"Pennsylvania","Bucks County",2,67,8259,4049,4210
050,42,017,"Pennsylvania","Bucks County",2,68,7838,3827,4011
050,42,017,"Pennsylvania","Bucks County",2,69,7299,3559,3740
050,42,017,"Pennsylvania","Bucks County",2,70,6870,3333,3537
050,42,017,"Pennsylvania","Bucks County",2,71,6762,3210,3552
050,42,017,"Pennsylvania","Bucks County",2,72,6637,3118,3519
050,42,017,"Pennsylvania","Bucks County",2,73,7172,3367,3805
050,42,017,"Pennsylvania","Bucks County",2,74,4881,2263,2618
050,42,017,"Pennsylvania","Bucks County",2,75,4575,2102,2473
050,42,017,"Pennsylvania","Bucks County",2,76,4580,2081,2499
050,42,017,"Pennsylvania","Bucks County",2,77,4734,2152,2582
050,42,017,"Pennsylvania","Bucks County",2,78,3987,1772,2215
050,42,017,"Pennsylvania","Bucks County",2,79,3576,1573,2003
050,42,017,"Pennsylvania","Bucks County",2,80,3166,1380,1786
050,42,017,"Pennsylvania","Bucks County",2,81,2969,1295,1674
050,42,017,"Pennsylvania","Bucks County",2,82,2890,1227,1663
050,42,017,"Pennsylvania","Bucks County",2,83,2639,1100,1539
050,42,017,"Pennsylvania","Bucks County",2,84,2402,993,1409
050,42,017,"Pennsylvania","Bucks County",2,85,15466,5389,10077
050,42,017,"Pennsylvania","Bucks County",3,0,5325,2733,2592
050,42,017,"Pennsylvania","Bucks County",3,1,5989,3104,2885
050,42,017,"Pennsylvania","Bucks County",3,2,6144,3167,2977
050,42,017,"Pennsylvania","Bucks County",3,3,6305,3271,3034
050,42,017,"Pennsylvania","Bucks County",3,4,6464,3292,3172
050,42,017,"Pennsylvania","Bucks County",3,5,6700,3458,3242
050,42,017,"Pennsylvania","Bucks County",3,6,6837,3453,3384
050,42,017,"Pennsylvania","Bucks County",3,7,6872,3507,3365
050,42,017,"Pennsylvania","Bucks County",3,8,6877,3484,3393
050,42,017,"Pennsylvania","Bucks County",3,9,7066,3583,3483
050,42,017,"Pennsylvania","Bucks County",3,10,7257,3713,3544
050,42,017,"Pennsylvania","Bucks County",3,11,7591,3880,3711
050,42,017,"Pennsylvania","Bucks County",3,12,7983,4029,3954
050,42,017,"Pennsylvania","Bucks County",3,13,8374,4348,4026
050,42,017,"Pennsylvania","Bucks County",3,14,8473,4337,4136
050,42,017,"Pennsylvania","Bucks County",3,15,8449,4298,4151
050,42,017,"Pennsylvania","Bucks County",3,16,8509,4360,4149
050,42,017,"Pennsylvania","Bucks County",3,17,8741,4470,4271
050,42,017,"Pennsylvania","Bucks County",3,18,7599,3971,3628
050,42,017,"Pennsylvania","Bucks County",3,19,6274,3318,2956
050,42,017,"Pennsylvania","Bucks County",3,20,6947,3629,3318
050,42,017,"Pennsylvania","Bucks County",3,21,7222,3752,3470
050,42,017,"Pennsylvania","Bucks County",3,22,7386,3774,3612
050,42,017,"Pennsylvania","Bucks County",3,23,7401,3780,3621
050,42,017,"Pennsylvania","Bucks County",3,24,7145,3645,3500
050,42,017,"Pennsylvania","Bucks County",3,25,6940,3546,3394
050,42,017,"Pennsylvania","Bucks County",3,26,6970,3541,3429
050,42,017,"Pennsylvania","Bucks County",3,27,6872,3527,3345
050,42,017,"Pennsylvania","Bucks County",3,28,6913,3513,3400
050,42,017,"Pennsylvania","Bucks County",3,29,6995,3568,3427
050,42,017,"Pennsylvania","Bucks County",3,30,6986,3539,3447
050,42,017,"Pennsylvania","Bucks County",3,31,7125,3607,3518
050,42,017,"Pennsylvania","Bucks County",3,32,7225,3701,3524
050,42,017,"Pennsylvania","Bucks County",3,33,7397,3720,3677
050,42,017,"Pennsylvania","Bucks County",3,34,7705,3859,3846
050,42,017,"Pennsylvania","Bucks County",3,35,7965,3981,3984
050,42,017,"Pennsylvania","Bucks County",3,36,7989,4020,3969
050,42,017,"Pennsylvania","Bucks County",3,37,7852,3939,3913
050,42,017,"Pennsylvania","Bucks County",3,38,8211,4133,4078
050,42,017,"Pennsylvania","Bucks County",3,39,8311,4135,4176
050,42,017,"Pennsylvania","Bucks County",3,40,8235,4058,4177
050,42,017,"Pennsylvania","Bucks County",3,41,8206,4102,4104
050,42,017,"Pennsylvania","Bucks County",3,42,7934,4041,3893
050,42,017,"Pennsylvania","Bucks County",3,43,7684,3881,3803
050,42,017,"Pennsylvania","Bucks County",3,44,7628,3802,3826
050,42,017,"Pennsylvania","Bucks County",3,45,7400,3705,3695
050,42,017,"Pennsylvania","Bucks County",3,46,7609,3814,3795
050,42,017,"Pennsylvania","Bucks County",3,47,7669,3837,3832
050,42,017,"Pennsylvania","Bucks County",3,48,7798,3899,3899
050,42,017,"Pennsylvania","Bucks County",3,49,8404,4205,4199
050,42,017,"Pennsylvania","Bucks County",3,50,9257,4649,4608
050,42,017,"Pennsylvania","Bucks County",3,51,9270,4610,4660
050,42,017,"Pennsylvania","Bucks County",3,52,9157,4568,4589
050,42,017,"Pennsylvania","Bucks County",3,53,9104,4539,4565
050,42,017,"Pennsylvania","Bucks County",3,54,9402,4622,4780
050,42,017,"Pennsylvania","Bucks County",3,55,9602,4701,4901
050,42,017,"Pennsylvania","Bucks County",3,56,10084,4948,5136
050,42,017,"Pennsylvania","Bucks County",3,57,10424,5160,5264
050,42,017,"Pennsylvania","Bucks County",3,58,10520,5248,5272
050,42,017,"Pennsylvania","Bucks County",3,59,10671,5266,5405
050,42,017,"Pennsylvania","Bucks County",3,60,10710,5275,5435
050,42,017,"Pennsylvania","Bucks County",3,61,10410,5087,5323
050,42,017,"Pennsylvania","Bucks County",3,62,10206,5062,5144
050,42,017,"Pennsylvania","Bucks County",3,63,10159,5071,5088
050,42,017,"Pennsylvania","Bucks County",3,64,9853,4901,4952
050,42,017,"Pennsylvania","Bucks County",3,65,9350,4610,4740
050,42,017,"Pennsylvania","Bucks County",3,66,9042,4443,4599
050,42,017,"Pennsylvania","Bucks County",3,67,8520,4156,4364
050,42,017,"Pennsylvania","Bucks County",3,68,8097,3940,4157
050,42,017,"Pennsylvania","Bucks County",3,69,7677,3712,3965
050,42,017,"Pennsylvania","Bucks County",3,70,7177,3491,3686
050,42,017,"Pennsylvania","Bucks County",3,71,6750,3254,3496
050,42,017,"Pennsylvania","Bucks County",3,72,6602,3123,3479
050,42,017,"Pennsylvania","Bucks County",3,73,6482,3005,3477
050,42,017,"Pennsylvania","Bucks County",3,74,6986,3263,3723
050,42,017,"Pennsylvania","Bucks County",3,75,4702,2163,2539
050,42,017,"Pennsylvania","Bucks County",3,76,4437,2011,2426
050,42,017,"Pennsylvania","Bucks County",3,77,4424,1990,2434
050,42,017,"Pennsylvania","Bucks County",3,78,4554,2056,2498
050,42,017,"Pennsylvania","Bucks County",3,79,3876,1693,2183
050,42,017,"Pennsylvania","Bucks County",3,80,3427,1503,1924
050,42,017,"Pennsylvania","Bucks County",3,81,3017,1286,1731
050,42,017,"Pennsylvania","Bucks County",3,82,2819,1215,1604
050,42,017,"Pennsylvania","Bucks County",3,83,2755,1164,1591
050,42,017,"Pennsylvania","Bucks County",3,84,2445,1018,1427
050,42,017,"Pennsylvania","Bucks County",3,85,15476,5404,10072
050,42,017,"Pennsylvania","Bucks County",4,0,5704,2884,2820
050,42,017,"Pennsylvania","Bucks County",4,1,5532,2839,2693
050,42,017,"Pennsylvania","Bucks County",4,2,6099,3154,2945
050,42,017,"Pennsylvania","Bucks County",4,3,6284,3228,3056
050,42,017,"Pennsylvania","Bucks County",4,4,6451,3345,3106
050,42,017,"Pennsylvania","Bucks County",4,5,6605,3379,3226
050,42,017,"Pennsylvania","Bucks County",4,6,6810,3519,3291
050,42,017,"Pennsylvania","Bucks County",4,7,6969,3514,3455
050,42,017,"Pennsylvania","Bucks County",4,8,6948,3564,3384
050,42,017,"Pennsylvania","Bucks County",4,9,6949,3507,3442
050,42,017,"Pennsylvania","Bucks County",4,10,7169,3638,3531
050,42,017,"Pennsylvania","Bucks County",4,11,7357,3764,3593
050,42,017,"Pennsylvania","Bucks County",4,12,7680,3937,3743
050,42,017,"Pennsylvania","Bucks County",4,13,8048,4066,3982
050,42,017,"Pennsylvania","Bucks County",4,14,8440,4357,4083
050,42,017,"Pennsylvania","Bucks County",4,15,8560,4360,4200
050,42,017,"Pennsylvania","Bucks County",4,16,8452,4297,4155
050,42,017,"Pennsylvania","Bucks County",4,17,8501,4332,4169
050,42,017,"Pennsylvania","Bucks County",4,18,7613,3990,3623
050,42,017,"Pennsylvania","Bucks County",4,19,6134,3215,2919
050,42,017,"Pennsylvania","Bucks County",4,20,6608,3421,3187
050,42,017,"Pennsylvania","Bucks County",4,21,7154,3729,3425
050,42,017,"Pennsylvania","Bucks County",4,22,7404,3805,3599
050,42,017,"Pennsylvania","Bucks County",4,23,7314,3781,3533
050,42,017,"Pennsylvania","Bucks County",4,24,7110,3694,3416
050,42,017,"Pennsylvania","Bucks County",4,25,6833,3517,3316
050,42,017,"Pennsylvania","Bucks County",4,26,6827,3457,3370
050,42,017,"Pennsylvania","Bucks County",4,27,6842,3475,3367
050,42,017,"Pennsylvania","Bucks County",4,28,6633,3424,3209
050,42,017,"Pennsylvania","Bucks County",4,29,6861,3490,3371
050,42,017,"Pennsylvania","Bucks County",4,30,7013,3544,3469
050,42,017,"Pennsylvania","Bucks County",4,31,7010,3569,3441
050,42,017,"Pennsylvania","Bucks County",4,32,7205,3637,3568
050,42,017,"Pennsylvania","Bucks County",4,33,7378,3777,3601
050,42,017,"Pennsylvania","Bucks County",4,34,7528,3773,3755
050,42,017,"Pennsylvania","Bucks County",4,35,7855,3905,3950
050,42,017,"Pennsylvania","Bucks County",4,36,8120,4075,4045
050,42,017,"Pennsylvania","Bucks County",4,37,8098,4077,4021
050,42,017,"Pennsylvania","Bucks County",4,38,7988,4000,3988
050,42,017,"Pennsylvania","Bucks County",4,39,8318,4219,4099
050,42,017,"Pennsylvania","Bucks County",4,40,8333,4142,4191
050,42,017,"Pennsylvania","Bucks County",4,41,8287,4087,4200
050,42,017,"Pennsylvania","Bucks County",4,42,8221,4110,4111
050,42,017,"Pennsylvania","Bucks County",4,43,7974,4054,3920
050,42,017,"Pennsylvania","Bucks County",4,44,7756,3891,3865
050,42,017,"Pennsylvania","Bucks County",4,45,7644,3819,3825
050,42,017,"Pennsylvania","Bucks County",4,46,7428,3731,3697
050,42,017,"Pennsylvania","Bucks County",4,47,7646,3842,3804
050,42,017,"Pennsylvania","Bucks County",4,48,7634,3823,3811
050,42,017,"Pennsylvania","Bucks County",4,49,7863,3920,3943
050,42,017,"Pennsylvania","Bucks County",4,50,8390,4219,4171
050,42,017,"Pennsylvania","Bucks County",4,51,9225,4625,4600
050,42,017,"Pennsylvania","Bucks County",4,52,9159,4536,4623
050,42,017,"Pennsylvania","Bucks County",4,53,9084,4543,4541
050,42,017,"Pennsylvania","Bucks County",4,54,9056,4531,4525
050,42,017,"Pennsylvania","Bucks County",4,55,9343,4589,4754
050,42,017,"Pennsylvania","Bucks County",4,56,9496,4646,4850
050,42,017,"Pennsylvania","Bucks County",4,57,9899,4845,5054
050,42,017,"Pennsylvania","Bucks County",4,58,10293,5068,5225
050,42,017,"Pennsylvania","Bucks County",4,59,10394,5174,5220
050,42,017,"Pennsylvania","Bucks County",4,60,10495,5170,5325
050,42,017,"Pennsylvania","Bucks County",4,61,10501,5176,5325
050,42,017,"Pennsylvania","Bucks County",4,62,10162,4975,5187
050,42,017,"Pennsylvania","Bucks County",4,63,10016,4943,5073
050,42,017,"Pennsylvania","Bucks County",4,64,9981,4957,5024
050,42,017,"Pennsylvania","Bucks County",4,65,9683,4787,4896
050,42,017,"Pennsylvania","Bucks County",4,66,9139,4482,4657
050,42,017,"Pennsylvania","Bucks County",4,67,8864,4320,4544
050,42,017,"Pennsylvania","Bucks County",4,68,8342,4069,4273
050,42,017,"Pennsylvania","Bucks County",4,69,7897,3840,4057
050,42,017,"Pennsylvania","Bucks County",4,70,7557,3639,3918
050,42,017,"Pennsylvania","Bucks County",4,71,7064,3411,3653
050,42,017,"Pennsylvania","Bucks County",4,72,6614,3186,3428
050,42,017,"Pennsylvania","Bucks County",4,73,6474,3034,3440
050,42,017,"Pennsylvania","Bucks County",4,74,6315,2926,3389
050,42,017,"Pennsylvania","Bucks County",4,75,6775,3122,3653
050,42,017,"Pennsylvania","Bucks County",4,76,4567,2085,2482
050,42,017,"Pennsylvania","Bucks County",4,77,4249,1898,2351
050,42,017,"Pennsylvania","Bucks County",4,78,4238,1886,2352
050,42,017,"Pennsylvania","Bucks County",4,79,4420,1964,2456
050,42,017,"Pennsylvania","Bucks County",4,80,3694,1588,2106
050,42,017,"Pennsylvania","Bucks County",4,81,3284,1426,1858
050,42,017,"Pennsylvania","Bucks County",4,82,2888,1211,1677
050,42,017,"Pennsylvania","Bucks County",4,83,2691,1150,1541
050,42,017,"Pennsylvania","Bucks County",4,84,2548,1070,1478
050,42,017,"Pennsylvania","Bucks County",4,85,15570,5455,10115
050,42,017,"Pennsylvania","Bucks County",5,0,5825,2950,2875
050,42,017,"Pennsylvania","Bucks County",5,1,5911,3020,2891
050,42,017,"Pennsylvania","Bucks County",5,2,5691,2889,2802
050,42,017,"Pennsylvania","Bucks County",5,3,6272,3238,3034
050,42,017,"Pennsylvania","Bucks County",5,4,6432,3305,3127
050,42,017,"Pennsylvania","Bucks County",5,5,6527,3399,3128
050,42,017,"Pennsylvania","Bucks County",5,6,6700,3439,3261
050,42,017,"Pennsylvania","Bucks County",5,7,6910,3571,3339
050,42,017,"Pennsylvania","Bucks County",5,8,7032,3539,3493
050,42,017,"Pennsylvania","Bucks County",5,9,7021,3617,3404
050,42,017,"Pennsylvania","Bucks County",5,10,7005,3537,3468
050,42,017,"Pennsylvania","Bucks County",5,11,7241,3694,3547
050,42,017,"Pennsylvania","Bucks County",5,12,7432,3792,3640
050,42,017,"Pennsylvania","Bucks County",5,13,7795,3990,3805
050,42,017,"Pennsylvania","Bucks County",5,14,8147,4112,4035
050,42,017,"Pennsylvania","Bucks County",5,15,8468,4392,4076
050,42,017,"Pennsylvania","Bucks County",5,16,8637,4388,4249
050,42,017,"Pennsylvania","Bucks County",5,17,8462,4305,4157
050,42,017,"Pennsylvania","Bucks County",5,18,7380,3846,3534
050,42,017,"Pennsylvania","Bucks County",5,19,6254,3296,2958
050,42,017,"Pennsylvania","Bucks County",5,20,6647,3394,3253
050,42,017,"Pennsylvania","Bucks County",5,21,6899,3560,3339
050,42,017,"Pennsylvania","Bucks County",5,22,7449,3842,3607
050,42,017,"Pennsylvania","Bucks County",5,23,7319,3787,3532
050,42,017,"Pennsylvania","Bucks County",5,24,7145,3674,3471
050,42,017,"Pennsylvania","Bucks County",5,25,6833,3561,3272
050,42,017,"Pennsylvania","Bucks County",5,26,6691,3445,3246
050,42,017,"Pennsylvania","Bucks County",5,27,6738,3405,3333
050,42,017,"Pennsylvania","Bucks County",5,28,6755,3424,3331
050,42,017,"Pennsylvania","Bucks County",5,29,6704,3508,3196
050,42,017,"Pennsylvania","Bucks County",5,30,6830,3451,3379
050,42,017,"Pennsylvania","Bucks County",5,31,7126,3593,3533
050,42,017,"Pennsylvania","Bucks County",5,32,7109,3567,3542
050,42,017,"Pennsylvania","Bucks County",5,33,7371,3718,3653
050,42,017,"Pennsylvania","Bucks County",5,34,7589,3888,3701
050,42,017,"Pennsylvania","Bucks County",5,35,7663,3797,3866
050,42,017,"Pennsylvania","Bucks County",5,36,8025,4017,4008
050,42,017,"Pennsylvania","Bucks County",5,37,8285,4143,4142
050,42,017,"Pennsylvania","Bucks County",5,38,8169,4121,4048
050,42,017,"Pennsylvania","Bucks County",5,39,8103,4054,4049
050,42,017,"Pennsylvania","Bucks County",5,40,8307,4201,4106
050,42,017,"Pennsylvania","Bucks County",5,41,8406,4182,4224
050,42,017,"Pennsylvania","Bucks County",5,42,8367,4107,4260
050,42,017,"Pennsylvania","Bucks County",5,43,8245,4114,4131
050,42,017,"Pennsylvania","Bucks County",5,44,8063,4098,3965
050,42,017,"Pennsylvania","Bucks County",5,45,7814,3922,3892
050,42,017,"Pennsylvania","Bucks County",5,46,7691,3850,3841
050,42,017,"Pennsylvania","Bucks County",5,47,7438,3733,3705
050,42,017,"Pennsylvania","Bucks County",5,48,7661,3836,3825
050,42,017,"Pennsylvania","Bucks County",5,49,7704,3857,3847
050,42,017,"Pennsylvania","Bucks County",5,50,7838,3883,3955
050,42,017,"Pennsylvania","Bucks County",5,51,8377,4211,4166
050,42,017,"Pennsylvania","Bucks County",5,52,9212,4618,4594
050,42,017,"Pennsylvania","Bucks County",5,53,9127,4517,4610
050,42,017,"Pennsylvania","Bucks County",5,54,9055,4553,4502
050,42,017,"Pennsylvania","Bucks County",5,55,8993,4500,4493
050,42,017,"Pennsylvania","Bucks County",5,56,9226,4534,4692
050,42,017,"Pennsylvania","Bucks County",5,57,9374,4593,4781
050,42,017,"Pennsylvania","Bucks County",5,58,9847,4824,5023
050,42,017,"Pennsylvania","Bucks County",5,59,10206,5012,5194
050,42,017,"Pennsylvania","Bucks County",5,60,10215,5082,5133
050,42,017,"Pennsylvania","Bucks County",5,61,10321,5088,5233
050,42,017,"Pennsylvania","Bucks County",5,62,10349,5119,5230
050,42,017,"Pennsylvania","Bucks County",5,63,10008,4882,5126
050,42,017,"Pennsylvania","Bucks County",5,64,9838,4867,4971
050,42,017,"Pennsylvania","Bucks County",5,65,9819,4864,4955
050,42,017,"Pennsylvania","Bucks County",5,66,9530,4686,4844
050,42,017,"Pennsylvania","Bucks County",5,67,8994,4393,4601
050,42,017,"Pennsylvania","Bucks County",5,68,8709,4217,4492
050,42,017,"Pennsylvania","Bucks County",5,69,8170,3959,4211
050,42,017,"Pennsylvania","Bucks County",5,70,7767,3770,3997
050,42,017,"Pennsylvania","Bucks County",5,71,7454,3565,3889
050,42,017,"Pennsylvania","Bucks County",5,72,6910,3335,3575
050,42,017,"Pennsylvania","Bucks County",5,73,6462,3073,3389
050,42,017,"Pennsylvania","Bucks County",5,74,6305,2953,3352
050,42,017,"Pennsylvania","Bucks County",5,75,6162,2843,3319
050,42,017,"Pennsylvania","Bucks County",5,76,6614,3030,3584
050,42,017,"Pennsylvania","Bucks County",5,77,4430,2000,2430
050,42,017,"Pennsylvania","Bucks County",5,78,4106,1825,2281
050,42,017,"Pennsylvania","Bucks County",5,79,4144,1817,2327
050,42,017,"Pennsylvania","Bucks County",5,80,4252,1875,2377
050,42,017,"Pennsylvania","Bucks County",5,81,3567,1510,2057
050,42,017,"Pennsylvania","Bucks County",5,82,3183,1373,1810
050,42,017,"Pennsylvania","Bucks County",5,83,2749,1154,1595
050,42,017,"Pennsylvania","Bucks County",5,84,2488,1064,1424
050,42,017,"Pennsylvania","Bucks County",5,85,15895,5634,10261
050,42,019,"Pennsylvania","Butler County",1,0,1816,938,878
050,42,019,"Pennsylvania","Butler County",1,1,1870,948,922
050,42,019,"Pennsylvania","Butler County",1,2,1890,962,928
050,42,019,"Pennsylvania","Butler County",1,3,1997,1058,939
050,42,019,"Pennsylvania","Butler County",1,4,2057,1043,1014
050,42,019,"Pennsylvania","Butler County",1,5,2100,1083,1017
050,42,019,"Pennsylvania","Butler County",1,6,2138,1106,1032
050,42,019,"Pennsylvania","Butler County",1,7,2141,1119,1022
050,42,019,"Pennsylvania","Butler County",1,8,2141,1118,1023
050,42,019,"Pennsylvania","Butler County",1,9,2099,1081,1018
050,42,019,"Pennsylvania","Butler County",1,10,2141,1079,1062
050,42,019,"Pennsylvania","Butler County",1,11,2241,1134,1107
050,42,019,"Pennsylvania","Butler County",1,12,2298,1164,1134
050,42,019,"Pennsylvania","Butler County",1,13,2298,1195,1103
050,42,019,"Pennsylvania","Butler County",1,14,2311,1190,1121
050,42,019,"Pennsylvania","Butler County",1,15,2334,1220,1114
050,42,019,"Pennsylvania","Butler County",1,16,2315,1163,1152
050,42,019,"Pennsylvania","Butler County",1,17,2272,1143,1129
050,42,019,"Pennsylvania","Butler County",1,18,2490,1223,1267
050,42,019,"Pennsylvania","Butler County",1,19,2697,1297,1400
050,42,019,"Pennsylvania","Butler County",1,20,2364,1166,1198
050,42,019,"Pennsylvania","Butler County",1,21,2112,1079,1033
050,42,019,"Pennsylvania","Butler County",1,22,2056,1036,1020
050,42,019,"Pennsylvania","Butler County",1,23,2051,1062,989
050,42,019,"Pennsylvania","Butler County",1,24,2046,1066,980
050,42,019,"Pennsylvania","Butler County",1,25,2015,1069,946
050,42,019,"Pennsylvania","Butler County",1,26,2009,1084,925
050,42,019,"Pennsylvania","Butler County",1,27,2075,1114,961
050,42,019,"Pennsylvania","Butler County",1,28,1988,1040,948
050,42,019,"Pennsylvania","Butler County",1,29,2086,1077,1009
050,42,019,"Pennsylvania","Butler County",1,30,2250,1156,1094
050,42,019,"Pennsylvania","Butler County",1,31,2282,1164,1118
050,42,019,"Pennsylvania","Butler County",1,32,2343,1191,1152
050,42,019,"Pennsylvania","Butler County",1,33,2385,1215,1170
050,42,019,"Pennsylvania","Butler County",1,34,2393,1227,1166
050,42,019,"Pennsylvania","Butler County",1,35,2333,1222,1111
050,42,019,"Pennsylvania","Butler County",1,36,2414,1234,1180
050,42,019,"Pennsylvania","Butler County",1,37,2502,1241,1261
050,42,019,"Pennsylvania","Butler County",1,38,2411,1233,1178
050,42,019,"Pennsylvania","Butler County",1,39,2461,1275,1186
050,42,019,"Pennsylvania","Butler County",1,40,2399,1216,1183
050,42,019,"Pennsylvania","Butler County",1,41,2347,1205,1142
050,42,019,"Pennsylvania","Butler County",1,42,2331,1221,1110
050,42,019,"Pennsylvania","Butler County",1,43,2271,1167,1104
050,42,019,"Pennsylvania","Butler County",1,44,2179,1114,1065
050,42,019,"Pennsylvania","Butler County",1,45,2193,1105,1088
050,42,019,"Pennsylvania","Butler County",1,46,2197,1134,1063
050,42,019,"Pennsylvania","Butler County",1,47,2362,1208,1154
050,42,019,"Pennsylvania","Butler County",1,48,2554,1325,1229
050,42,019,"Pennsylvania","Butler County",1,49,2812,1417,1395
050,42,019,"Pennsylvania","Butler County",1,50,2713,1371,1342
050,42,019,"Pennsylvania","Butler County",1,51,2740,1358,1382
050,42,019,"Pennsylvania","Butler County",1,52,2797,1381,1416
050,42,019,"Pennsylvania","Butler County",1,53,2886,1456,1430
050,42,019,"Pennsylvania","Butler County",1,54,2933,1474,1459
050,42,019,"Pennsylvania","Butler County",1,55,2977,1515,1462
050,42,019,"Pennsylvania","Butler County",1,56,2987,1491,1496
050,42,019,"Pennsylvania","Butler County",1,57,2968,1471,1497
050,42,019,"Pennsylvania","Butler County",1,58,3028,1499,1529
050,42,019,"Pennsylvania","Butler County",1,59,3113,1564,1549
050,42,019,"Pennsylvania","Butler County",1,60,3031,1523,1508
050,42,019,"Pennsylvania","Butler County",1,61,3025,1506,1519
050,42,019,"Pennsylvania","Butler County",1,62,3118,1581,1537
050,42,019,"Pennsylvania","Butler County",1,63,2987,1519,1468
050,42,019,"Pennsylvania","Butler County",1,64,2900,1456,1444
050,42,019,"Pennsylvania","Butler County",1,65,2752,1381,1371
050,42,019,"Pennsylvania","Butler County",1,66,2611,1279,1332
050,42,019,"Pennsylvania","Butler County",1,67,2566,1272,1294
050,42,019,"Pennsylvania","Butler County",1,68,2494,1246,1248
050,42,019,"Pennsylvania","Butler County",1,69,2226,1102,1124
050,42,019,"Pennsylvania","Butler County",1,70,2108,1022,1086
050,42,019,"Pennsylvania","Butler County",1,71,2077,974,1103
050,42,019,"Pennsylvania","Butler County",1,72,2080,1007,1073
050,42,019,"Pennsylvania","Butler County",1,73,2072,999,1073
050,42,019,"Pennsylvania","Butler County",1,74,1364,637,727
050,42,019,"Pennsylvania","Butler County",1,75,1341,625,716
050,42,019,"Pennsylvania","Butler County",1,76,1369,629,740
050,42,019,"Pennsylvania","Butler County",1,77,1469,651,818
050,42,019,"Pennsylvania","Butler County",1,78,1213,545,668
050,42,019,"Pennsylvania","Butler County",1,79,1021,455,566
050,42,019,"Pennsylvania","Butler County",1,80,988,440,548
050,42,019,"Pennsylvania","Butler County",1,81,977,418,559
050,42,019,"Pennsylvania","Butler County",1,82,879,356,523
050,42,019,"Pennsylvania","Butler County",1,83,762,330,432
050,42,019,"Pennsylvania","Butler County",1,84,723,316,407
050,42,019,"Pennsylvania","Butler County",1,85,4612,1568,3044
050,42,019,"Pennsylvania","Butler County",2,0,1838,931,907
050,42,019,"Pennsylvania","Butler County",2,1,1864,946,918
050,42,019,"Pennsylvania","Butler County",2,2,1901,967,934
050,42,019,"Pennsylvania","Butler County",2,3,1968,1032,936
050,42,019,"Pennsylvania","Butler County",2,4,2056,1050,1006
050,42,019,"Pennsylvania","Butler County",2,5,2097,1077,1020
050,42,019,"Pennsylvania","Butler County",2,6,2140,1109,1031
050,42,019,"Pennsylvania","Butler County",2,7,2143,1119,1024
050,42,019,"Pennsylvania","Butler County",2,8,2137,1117,1020
050,42,019,"Pennsylvania","Butler County",2,9,2107,1090,1017
050,42,019,"Pennsylvania","Butler County",2,10,2135,1079,1056
050,42,019,"Pennsylvania","Butler County",2,11,2211,1118,1093
050,42,019,"Pennsylvania","Butler County",2,12,2299,1163,1136
050,42,019,"Pennsylvania","Butler County",2,13,2302,1189,1113
050,42,019,"Pennsylvania","Butler County",2,14,2308,1191,1117
050,42,019,"Pennsylvania","Butler County",2,15,2330,1211,1119
050,42,019,"Pennsylvania","Butler County",2,16,2324,1182,1142
050,42,019,"Pennsylvania","Butler County",2,17,2292,1154,1138
050,42,019,"Pennsylvania","Butler County",2,18,2464,1202,1262
050,42,019,"Pennsylvania","Butler County",2,19,2703,1299,1404
050,42,019,"Pennsylvania","Butler County",2,20,2376,1170,1206
050,42,019,"Pennsylvania","Butler County",2,21,2114,1075,1039
050,42,019,"Pennsylvania","Butler County",2,22,2063,1044,1019
050,42,019,"Pennsylvania","Butler County",2,23,2042,1053,989
050,42,019,"Pennsylvania","Butler County",2,24,2038,1059,979
050,42,019,"Pennsylvania","Butler County",2,25,2005,1065,940
050,42,019,"Pennsylvania","Butler County",2,26,2018,1084,934
050,42,019,"Pennsylvania","Butler County",2,27,2057,1105,952
050,42,019,"Pennsylvania","Butler County",2,28,2019,1062,957
050,42,019,"Pennsylvania","Butler County",2,29,2082,1076,1006
050,42,019,"Pennsylvania","Butler County",2,30,2233,1147,1086
050,42,019,"Pennsylvania","Butler County",2,31,2289,1170,1119
050,42,019,"Pennsylvania","Butler County",2,32,2341,1194,1147
050,42,019,"Pennsylvania","Butler County",2,33,2390,1219,1171
050,42,019,"Pennsylvania","Butler County",2,34,2404,1237,1167
050,42,019,"Pennsylvania","Butler County",2,35,2379,1241,1138
050,42,019,"Pennsylvania","Butler County",2,36,2399,1234,1165
050,42,019,"Pennsylvania","Butler County",2,37,2495,1248,1247
050,42,019,"Pennsylvania","Butler County",2,38,2447,1242,1205
050,42,019,"Pennsylvania","Butler County",2,39,2442,1258,1184
050,42,019,"Pennsylvania","Butler County",2,40,2431,1241,1190
050,42,019,"Pennsylvania","Butler County",2,41,2356,1207,1149
050,42,019,"Pennsylvania","Butler County",2,42,2326,1214,1112
050,42,019,"Pennsylvania","Butler County",2,43,2301,1189,1112
050,42,019,"Pennsylvania","Butler County",2,44,2182,1121,1061
050,42,019,"Pennsylvania","Butler County",2,45,2199,1114,1085
050,42,019,"Pennsylvania","Butler County",2,46,2190,1121,1069
050,42,019,"Pennsylvania","Butler County",2,47,2313,1185,1128
050,42,019,"Pennsylvania","Butler County",2,48,2509,1298,1211
050,42,019,"Pennsylvania","Butler County",2,49,2762,1402,1360
050,42,019,"Pennsylvania","Butler County",2,50,2749,1385,1364
050,42,019,"Pennsylvania","Butler County",2,51,2729,1358,1371
050,42,019,"Pennsylvania","Butler County",2,52,2776,1369,1407
050,42,019,"Pennsylvania","Butler County",2,53,2869,1439,1430
050,42,019,"Pennsylvania","Butler County",2,54,2906,1464,1442
050,42,019,"Pennsylvania","Butler County",2,55,2961,1500,1461
050,42,019,"Pennsylvania","Butler County",2,56,2995,1500,1495
050,42,019,"Pennsylvania","Butler County",2,57,2975,1476,1499
050,42,019,"Pennsylvania","Butler County",2,58,3012,1492,1520
050,42,019,"Pennsylvania","Butler County",2,59,3108,1557,1551
050,42,019,"Pennsylvania","Butler County",2,60,3034,1525,1509
050,42,019,"Pennsylvania","Butler County",2,61,3022,1506,1516
050,42,019,"Pennsylvania","Butler County",2,62,3096,1559,1537
050,42,019,"Pennsylvania","Butler County",2,63,3051,1551,1500
050,42,019,"Pennsylvania","Butler County",2,64,2908,1463,1445
050,42,019,"Pennsylvania","Butler County",2,65,2778,1391,1387
050,42,019,"Pennsylvania","Butler County",2,66,2652,1303,1349
050,42,019,"Pennsylvania","Butler County",2,67,2561,1264,1297
050,42,019,"Pennsylvania","Butler County",2,68,2489,1237,1252
050,42,019,"Pennsylvania","Butler County",2,69,2308,1143,1165
050,42,019,"Pennsylvania","Butler County",2,70,2127,1040,1087
050,42,019,"Pennsylvania","Butler County",2,71,2078,977,1101
050,42,019,"Pennsylvania","Butler County",2,72,2041,978,1063
050,42,019,"Pennsylvania","Butler County",2,73,2177,1053,1124
050,42,019,"Pennsylvania","Butler County",2,74,1436,675,761
050,42,019,"Pennsylvania","Butler County",2,75,1348,623,725
050,42,019,"Pennsylvania","Butler County",2,76,1345,619,726
050,42,019,"Pennsylvania","Butler County",2,77,1473,658,815
050,42,019,"Pennsylvania","Butler County",2,78,1245,560,685
050,42,019,"Pennsylvania","Butler County",2,79,1056,470,586
050,42,019,"Pennsylvania","Butler County",2,80,990,440,550
050,42,019,"Pennsylvania","Butler County",2,81,970,417,553
050,42,019,"Pennsylvania","Butler County",2,82,887,363,524
050,42,019,"Pennsylvania","Butler County",2,83,778,331,447
050,42,019,"Pennsylvania","Butler County",2,84,720,314,406
050,42,019,"Pennsylvania","Butler County",2,85,4606,1583,3023
050,42,019,"Pennsylvania","Butler County",3,0,1650,850,800
050,42,019,"Pennsylvania","Butler County",3,1,1899,951,948
050,42,019,"Pennsylvania","Butler County",3,2,1922,956,966
050,42,019,"Pennsylvania","Butler County",3,3,1954,992,962
050,42,019,"Pennsylvania","Butler County",3,4,2008,1058,950
050,42,019,"Pennsylvania","Butler County",3,5,2071,1063,1008
050,42,019,"Pennsylvania","Butler County",3,6,2075,1065,1010
050,42,019,"Pennsylvania","Butler County",3,7,2173,1118,1055
050,42,019,"Pennsylvania","Butler County",3,8,2131,1103,1028
050,42,019,"Pennsylvania","Butler County",3,9,2150,1121,1029
050,42,019,"Pennsylvania","Butler County",3,10,2121,1101,1020
050,42,019,"Pennsylvania","Butler County",3,11,2149,1095,1054
050,42,019,"Pennsylvania","Butler County",3,12,2241,1135,1106
050,42,019,"Pennsylvania","Butler County",3,13,2297,1167,1130
050,42,019,"Pennsylvania","Butler County",3,14,2297,1171,1126
050,42,019,"Pennsylvania","Butler County",3,15,2332,1222,1110
050,42,019,"Pennsylvania","Butler County",3,16,2337,1214,1123
050,42,019,"Pennsylvania","Butler County",3,17,2351,1197,1154
050,42,019,"Pennsylvania","Butler County",3,18,2923,1340,1583
050,42,019,"Pennsylvania","Butler County",3,19,3581,1659,1922
050,42,019,"Pennsylvania","Butler County",3,20,2797,1342,1455
050,42,019,"Pennsylvania","Butler County",3,21,2288,1148,1140
050,42,019,"Pennsylvania","Butler County",3,22,2231,1110,1121
050,42,019,"Pennsylvania","Butler County",3,23,2014,1035,979
050,42,019,"Pennsylvania","Butler County",3,24,2019,1043,976
050,42,019,"Pennsylvania","Butler County",3,25,2003,1057,946
050,42,019,"Pennsylvania","Butler County",3,26,1984,1063,921
050,42,019,"Pennsylvania","Butler County",3,27,2089,1109,980
050,42,019,"Pennsylvania","Butler County",3,28,2100,1108,992
050,42,019,"Pennsylvania","Butler County",3,29,2117,1117,1000
050,42,019,"Pennsylvania","Butler County",3,30,2138,1118,1020
050,42,019,"Pennsylvania","Butler County",3,31,2385,1232,1153
050,42,019,"Pennsylvania","Butler County",3,32,2370,1203,1167
050,42,019,"Pennsylvania","Butler County",3,33,2390,1228,1162
050,42,019,"Pennsylvania","Butler County",3,34,2453,1264,1189
050,42,019,"Pennsylvania","Butler County",3,35,2439,1246,1193
050,42,019,"Pennsylvania","Butler County",3,36,2433,1262,1171
050,42,019,"Pennsylvania","Butler County",3,37,2379,1235,1144
050,42,019,"Pennsylvania","Butler County",3,38,2521,1261,1260
050,42,019,"Pennsylvania","Butler County",3,39,2484,1267,1217
050,42,019,"Pennsylvania","Butler County",3,40,2463,1278,1185
050,42,019,"Pennsylvania","Butler County",3,41,2445,1250,1195
050,42,019,"Pennsylvania","Butler County",3,42,2385,1203,1182
050,42,019,"Pennsylvania","Butler County",3,43,2332,1209,1123
050,42,019,"Pennsylvania","Butler County",3,44,2278,1170,1108
050,42,019,"Pennsylvania","Butler County",3,45,2193,1126,1067
050,42,019,"Pennsylvania","Butler County",3,46,2218,1124,1094
050,42,019,"Pennsylvania","Butler County",3,47,2186,1118,1068
050,42,019,"Pennsylvania","Butler County",3,48,2294,1168,1126
050,42,019,"Pennsylvania","Butler County",3,49,2503,1293,1210
050,42,019,"Pennsylvania","Butler County",3,50,2783,1401,1382
050,42,019,"Pennsylvania","Butler County",3,51,2738,1381,1357
050,42,019,"Pennsylvania","Butler County",3,52,2719,1361,1358
050,42,019,"Pennsylvania","Butler County",3,53,2814,1401,1413
050,42,019,"Pennsylvania","Butler County",3,54,2860,1436,1424
050,42,019,"Pennsylvania","Butler County",3,55,2890,1458,1432
050,42,019,"Pennsylvania","Butler County",3,56,2959,1491,1468
050,42,019,"Pennsylvania","Butler County",3,57,3011,1493,1518
050,42,019,"Pennsylvania","Butler County",3,58,2950,1467,1483
050,42,019,"Pennsylvania","Butler County",3,59,2994,1472,1522
050,42,019,"Pennsylvania","Butler County",3,60,3084,1537,1547
050,42,019,"Pennsylvania","Butler County",3,61,3012,1513,1499
050,42,019,"Pennsylvania","Butler County",3,62,3034,1514,1520
050,42,019,"Pennsylvania","Butler County",3,63,3063,1537,1526
050,42,019,"Pennsylvania","Butler County",3,64,3003,1515,1488
050,42,019,"Pennsylvania","Butler County",3,65,2916,1465,1451
050,42,019,"Pennsylvania","Butler County",3,66,2732,1337,1395
050,42,019,"Pennsylvania","Butler County",3,67,2594,1282,1312
050,42,019,"Pennsylvania","Butler County",3,68,2525,1240,1285
050,42,019,"Pennsylvania","Butler County",3,69,2462,1215,1247
050,42,019,"Pennsylvania","Butler County",3,70,2283,1131,1152
050,42,019,"Pennsylvania","Butler County",3,71,2079,1012,1067
050,42,019,"Pennsylvania","Butler County",3,72,2062,961,1101
050,42,019,"Pennsylvania","Butler County",3,73,1998,956,1042
050,42,019,"Pennsylvania","Butler County",3,74,2125,1019,1106
050,42,019,"Pennsylvania","Butler County",3,75,1419,656,763
050,42,019,"Pennsylvania","Butler County",3,76,1292,600,692
050,42,019,"Pennsylvania","Butler County",3,77,1304,584,720
050,42,019,"Pennsylvania","Butler County",3,78,1434,646,788
050,42,019,"Pennsylvania","Butler County",3,79,1194,529,665
050,42,019,"Pennsylvania","Butler County",3,80,1021,460,561
050,42,019,"Pennsylvania","Butler County",3,81,936,412,524
050,42,019,"Pennsylvania","Butler County",3,82,899,379,520
050,42,019,"Pennsylvania","Butler County",3,83,834,344,490
050,42,019,"Pennsylvania","Butler County",3,84,726,306,420
050,42,019,"Pennsylvania","Butler County",3,85,4417,1553,2864
050,42,019,"Pennsylvania","Butler County",4,0,1660,842,818
050,42,019,"Pennsylvania","Butler County",4,1,1749,922,827
050,42,019,"Pennsylvania","Butler County",4,2,1993,994,999
050,42,019,"Pennsylvania","Butler County",4,3,1964,981,983
050,42,019,"Pennsylvania","Butler County",4,4,1993,1014,979
050,42,019,"Pennsylvania","Butler County",4,5,2036,1068,968
050,42,019,"Pennsylvania","Butler County",4,6,2105,1084,1021
050,42,019,"Pennsylvania","Butler County",4,7,2120,1071,1049
050,42,019,"Pennsylvania","Butler County",4,8,2152,1117,1035
050,42,019,"Pennsylvania","Butler County",4,9,2169,1130,1039
050,42,019,"Pennsylvania","Butler County",4,10,2156,1126,1030
050,42,019,"Pennsylvania","Butler County",4,11,2114,1097,1017
050,42,019,"Pennsylvania","Butler County",4,12,2155,1105,1050
050,42,019,"Pennsylvania","Butler County",4,13,2257,1138,1119
050,42,019,"Pennsylvania","Butler County",4,14,2312,1171,1141
050,42,019,"Pennsylvania","Butler County",4,15,2303,1183,1120
050,42,019,"Pennsylvania","Butler County",4,16,2328,1212,1116
050,42,019,"Pennsylvania","Butler County",4,17,2331,1217,1114
050,42,019,"Pennsylvania","Butler County",4,18,2967,1384,1583
050,42,019,"Pennsylvania","Butler County",4,19,3606,1663,1943
050,42,019,"Pennsylvania","Butler County",4,20,2748,1299,1449
050,42,019,"Pennsylvania","Butler County",4,21,2216,1109,1107
050,42,019,"Pennsylvania","Butler County",4,22,2208,1116,1092
050,42,019,"Pennsylvania","Butler County",4,23,2045,1039,1006
050,42,019,"Pennsylvania","Butler County",4,24,1988,1015,973
050,42,019,"Pennsylvania","Butler County",4,25,1936,1001,935
050,42,019,"Pennsylvania","Butler County",4,26,1995,1055,940
050,42,019,"Pennsylvania","Butler County",4,27,2021,1077,944
050,42,019,"Pennsylvania","Butler County",4,28,2098,1112,986
050,42,019,"Pennsylvania","Butler County",4,29,2120,1112,1008
050,42,019,"Pennsylvania","Butler County",4,30,2147,1118,1029
050,42,019,"Pennsylvania","Butler County",4,31,2177,1133,1044
050,42,019,"Pennsylvania","Butler County",4,32,2418,1255,1163
050,42,019,"Pennsylvania","Butler County",4,33,2443,1234,1209
050,42,019,"Pennsylvania","Butler County",4,34,2479,1268,1211
050,42,019,"Pennsylvania","Butler County",4,35,2529,1283,1246
050,42,019,"Pennsylvania","Butler County",4,36,2503,1278,1225
050,42,019,"Pennsylvania","Butler County",4,37,2503,1315,1188
050,42,019,"Pennsylvania","Butler County",4,38,2437,1261,1176
050,42,019,"Pennsylvania","Butler County",4,39,2599,1311,1288
050,42,019,"Pennsylvania","Butler County",4,40,2568,1312,1256
050,42,019,"Pennsylvania","Butler County",4,41,2512,1296,1216
050,42,019,"Pennsylvania","Butler County",4,42,2464,1259,1205
050,42,019,"Pennsylvania","Butler County",4,43,2391,1208,1183
050,42,019,"Pennsylvania","Butler County",4,44,2335,1204,1131
050,42,019,"Pennsylvania","Butler County",4,45,2284,1170,1114
050,42,019,"Pennsylvania","Butler County",4,46,2188,1127,1061
050,42,019,"Pennsylvania","Butler County",4,47,2197,1115,1082
050,42,019,"Pennsylvania","Butler County",4,48,2157,1093,1064
050,42,019,"Pennsylvania","Butler County",4,49,2280,1154,1126
050,42,019,"Pennsylvania","Butler County",4,50,2488,1283,1205
050,42,019,"Pennsylvania","Butler County",4,51,2777,1391,1386
050,42,019,"Pennsylvania","Butler County",4,52,2737,1375,1362
050,42,019,"Pennsylvania","Butler County",4,53,2740,1379,1361
050,42,019,"Pennsylvania","Butler County",4,54,2780,1373,1407
050,42,019,"Pennsylvania","Butler County",4,55,2873,1454,1419
050,42,019,"Pennsylvania","Butler County",4,56,2865,1461,1404
050,42,019,"Pennsylvania","Butler County",4,57,2924,1452,1472
050,42,019,"Pennsylvania","Butler County",4,58,2991,1480,1511
050,42,019,"Pennsylvania","Butler County",4,59,2914,1442,1472
050,42,019,"Pennsylvania","Butler County",4,60,2983,1461,1522
050,42,019,"Pennsylvania","Butler County",4,61,3077,1532,1545
050,42,019,"Pennsylvania","Butler County",4,62,3007,1519,1488
050,42,019,"Pennsylvania","Butler County",4,63,3002,1503,1499
050,42,019,"Pennsylvania","Butler County",4,64,3033,1507,1526
050,42,019,"Pennsylvania","Butler County",4,65,2957,1488,1469
050,42,019,"Pennsylvania","Butler County",4,66,2881,1423,1458
050,42,019,"Pennsylvania","Butler County",4,67,2684,1327,1357
050,42,019,"Pennsylvania","Butler County",4,68,2563,1253,1310
050,42,019,"Pennsylvania","Butler County",4,69,2507,1215,1292
050,42,019,"Pennsylvania","Butler County",4,70,2452,1199,1253
050,42,019,"Pennsylvania","Butler County",4,71,2240,1094,1146
050,42,019,"Pennsylvania","Butler County",4,72,2039,997,1042
050,42,019,"Pennsylvania","Butler County",4,73,2022,943,1079
050,42,019,"Pennsylvania","Butler County",4,74,1949,929,1020
050,42,019,"Pennsylvania","Butler County",4,75,2125,993,1132
050,42,019,"Pennsylvania","Butler County",4,76,1385,645,740
050,42,019,"Pennsylvania","Butler County",4,77,1256,563,693
050,42,019,"Pennsylvania","Butler County",4,78,1246,569,677
050,42,019,"Pennsylvania","Butler County",4,79,1363,599,764
050,42,019,"Pennsylvania","Butler County",4,80,1157,504,653
050,42,019,"Pennsylvania","Butler County",4,81,992,446,546
050,42,019,"Pennsylvania","Butler County",4,82,872,376,496
050,42,019,"Pennsylvania","Butler County",4,83,838,349,489
050,42,019,"Pennsylvania","Butler County",4,84,778,321,457
050,42,019,"Pennsylvania","Butler County",4,85,4415,1587,2828
050,42,019,"Pennsylvania","Butler County",5,0,1603,811,792
050,42,019,"Pennsylvania","Butler County",5,1,1748,897,851
050,42,019,"Pennsylvania","Butler County",5,2,1836,972,864
050,42,019,"Pennsylvania","Butler County",5,3,2048,1021,1027
050,42,019,"Pennsylvania","Butler County",5,4,2000,995,1005
050,42,019,"Pennsylvania","Butler County",5,5,2043,1039,1004
050,42,019,"Pennsylvania","Butler County",5,6,2074,1090,984
050,42,019,"Pennsylvania","Butler County",5,7,2132,1095,1037
050,42,019,"Pennsylvania","Butler County",5,8,2138,1089,1049
050,42,019,"Pennsylvania","Butler County",5,9,2185,1141,1044
050,42,019,"Pennsylvania","Butler County",5,10,2203,1151,1052
050,42,019,"Pennsylvania","Butler County",5,11,2163,1125,1038
050,42,019,"Pennsylvania","Butler County",5,12,2124,1100,1024
050,42,019,"Pennsylvania","Butler County",5,13,2183,1117,1066
050,42,019,"Pennsylvania","Butler County",5,14,2272,1140,1132
050,42,019,"Pennsylvania","Butler County",5,15,2329,1173,1156
050,42,019,"Pennsylvania","Butler County",5,16,2325,1194,1131
050,42,019,"Pennsylvania","Butler County",5,17,2354,1233,1121
050,42,019,"Pennsylvania","Butler County",5,18,2924,1381,1543
050,42,019,"Pennsylvania","Butler County",5,19,3644,1695,1949
050,42,019,"Pennsylvania","Butler County",5,20,2719,1290,1429
050,42,019,"Pennsylvania","Butler County",5,21,2206,1078,1128
050,42,019,"Pennsylvania","Butler County",5,22,2144,1057,1087
050,42,019,"Pennsylvania","Butler County",5,23,2110,1101,1009
050,42,019,"Pennsylvania","Butler County",5,24,2006,1043,963
050,42,019,"Pennsylvania","Butler County",5,25,1931,987,944
050,42,019,"Pennsylvania","Butler County",5,26,1943,1017,926
050,42,019,"Pennsylvania","Butler County",5,27,2010,1067,943
050,42,019,"Pennsylvania","Butler County",5,28,2036,1073,963
050,42,019,"Pennsylvania","Butler County",5,29,2115,1098,1017
050,42,019,"Pennsylvania","Butler County",5,30,2161,1127,1034
050,42,019,"Pennsylvania","Butler County",5,31,2194,1137,1057
050,42,019,"Pennsylvania","Butler County",5,32,2256,1174,1082
050,42,019,"Pennsylvania","Butler County",5,33,2490,1296,1194
050,42,019,"Pennsylvania","Butler County",5,34,2537,1297,1240
050,42,019,"Pennsylvania","Butler County",5,35,2498,1270,1228
050,42,019,"Pennsylvania","Butler County",5,36,2620,1313,1307
050,42,019,"Pennsylvania","Butler County",5,37,2555,1307,1248
050,42,019,"Pennsylvania","Butler County",5,38,2558,1341,1217
050,42,019,"Pennsylvania","Butler County",5,39,2489,1279,1210
050,42,019,"Pennsylvania","Butler County",5,40,2636,1348,1288
050,42,019,"Pennsylvania","Butler County",5,41,2597,1335,1262
050,42,019,"Pennsylvania","Butler County",5,42,2535,1308,1227
050,42,019,"Pennsylvania","Butler County",5,43,2468,1257,1211
050,42,019,"Pennsylvania","Butler County",5,44,2398,1210,1188
050,42,019,"Pennsylvania","Butler County",5,45,2345,1202,1143
050,42,019,"Pennsylvania","Butler County",5,46,2311,1182,1129
050,42,019,"Pennsylvania","Butler County",5,47,2176,1125,1051
050,42,019,"Pennsylvania","Butler County",5,48,2186,1111,1075
050,42,019,"Pennsylvania","Butler County",5,49,2180,1104,1076
050,42,019,"Pennsylvania","Butler County",5,50,2291,1164,1127
050,42,019,"Pennsylvania","Butler County",5,51,2487,1276,1211
050,42,019,"Pennsylvania","Butler County",5,52,2782,1374,1408
050,42,019,"Pennsylvania","Butler County",5,53,2754,1394,1360
050,42,019,"Pennsylvania","Butler County",5,54,2710,1359,1351
050,42,019,"Pennsylvania","Butler County",5,55,2786,1373,1413
050,42,019,"Pennsylvania","Butler County",5,56,2882,1454,1428
050,42,019,"Pennsylvania","Butler County",5,57,2847,1435,1412
050,42,019,"Pennsylvania","Butler County",5,58,2927,1456,1471
050,42,019,"Pennsylvania","Butler County",5,59,2952,1456,1496
050,42,019,"Pennsylvania","Butler County",5,60,2899,1426,1473
050,42,019,"Pennsylvania","Butler County",5,61,2987,1460,1527
050,42,019,"Pennsylvania","Butler County",5,62,3083,1551,1532
050,42,019,"Pennsylvania","Butler County",5,63,2981,1513,1468
050,42,019,"Pennsylvania","Butler County",5,64,2956,1473,1483
050,42,019,"Pennsylvania","Butler County",5,65,3016,1500,1516
050,42,019,"Pennsylvania","Butler County",5,66,2928,1459,1469
050,42,019,"Pennsylvania","Butler County",5,67,2815,1406,1409
050,42,019,"Pennsylvania","Butler County",5,68,2685,1327,1358
050,42,019,"Pennsylvania","Butler County",5,69,2539,1225,1314
050,42,019,"Pennsylvania","Butler County",5,70,2470,1201,1269
050,42,019,"Pennsylvania","Butler County",5,71,2413,1165,1248
050,42,019,"Pennsylvania","Butler County",5,72,2213,1077,1136
050,42,019,"Pennsylvania","Butler County",5,73,2004,972,1032
050,42,019,"Pennsylvania","Butler County",5,74,1984,919,1065
050,42,019,"Pennsylvania","Butler County",5,75,1952,919,1033
050,42,019,"Pennsylvania","Butler County",5,76,2053,963,1090
050,42,019,"Pennsylvania","Butler County",5,77,1359,619,740
050,42,019,"Pennsylvania","Butler County",5,78,1226,550,676
050,42,019,"Pennsylvania","Butler County",5,79,1211,544,667
050,42,019,"Pennsylvania","Butler County",5,80,1319,572,747
050,42,019,"Pennsylvania","Butler County",5,81,1103,483,620
050,42,019,"Pennsylvania","Butler County",5,82,935,418,517
050,42,019,"Pennsylvania","Butler County",5,83,834,358,476
050,42,019,"Pennsylvania","Butler County",5,84,791,328,463
050,42,019,"Pennsylvania","Butler County",5,85,4501,1630,2871
050,42,021,"Pennsylvania","Cambria County",1,0,1191,609,582
050,42,021,"Pennsylvania","Cambria County",1,1,1234,630,604
050,42,021,"Pennsylvania","Cambria County",1,2,1286,668,618
050,42,021,"Pennsylvania","Cambria County",1,3,1327,717,610
050,42,021,"Pennsylvania","Cambria County",1,4,1384,701,683
050,42,021,"Pennsylvania","Cambria County",1,5,1389,728,661
050,42,021,"Pennsylvania","Cambria County",1,6,1388,721,667
050,42,021,"Pennsylvania","Cambria County",1,7,1390,723,667
050,42,021,"Pennsylvania","Cambria County",1,8,1404,751,653
050,42,021,"Pennsylvania","Cambria County",1,9,1393,708,685
050,42,021,"Pennsylvania","Cambria County",1,10,1426,700,726
050,42,021,"Pennsylvania","Cambria County",1,11,1466,752,714
050,42,021,"Pennsylvania","Cambria County",1,12,1612,813,799
050,42,021,"Pennsylvania","Cambria County",1,13,1594,811,783
050,42,021,"Pennsylvania","Cambria County",1,14,1559,787,772
050,42,021,"Pennsylvania","Cambria County",1,15,1550,799,751
050,42,021,"Pennsylvania","Cambria County",1,16,1598,846,752
050,42,021,"Pennsylvania","Cambria County",1,17,1562,806,756
050,42,021,"Pennsylvania","Cambria County",1,18,1739,863,876
050,42,021,"Pennsylvania","Cambria County",1,19,1919,943,976
050,42,021,"Pennsylvania","Cambria County",1,20,1869,943,926
050,42,021,"Pennsylvania","Cambria County",1,21,1754,899,855
050,42,021,"Pennsylvania","Cambria County",1,22,1578,811,767
050,42,021,"Pennsylvania","Cambria County",1,23,1377,714,663
050,42,021,"Pennsylvania","Cambria County",1,24,1364,709,655
050,42,021,"Pennsylvania","Cambria County",1,25,1408,760,648
050,42,021,"Pennsylvania","Cambria County",1,26,1414,757,657
050,42,021,"Pennsylvania","Cambria County",1,27,1423,759,664
050,42,021,"Pennsylvania","Cambria County",1,28,1412,727,685
050,42,021,"Pennsylvania","Cambria County",1,29,1416,737,679
050,42,021,"Pennsylvania","Cambria County",1,30,1444,751,693
050,42,021,"Pennsylvania","Cambria County",1,31,1424,755,669
050,42,021,"Pennsylvania","Cambria County",1,32,1423,743,680
050,42,021,"Pennsylvania","Cambria County",1,33,1350,691,659
050,42,021,"Pennsylvania","Cambria County",1,34,1373,695,678
050,42,021,"Pennsylvania","Cambria County",1,35,1323,670,653
050,42,021,"Pennsylvania","Cambria County",1,36,1386,708,678
050,42,021,"Pennsylvania","Cambria County",1,37,1393,718,675
050,42,021,"Pennsylvania","Cambria County",1,38,1413,738,675
050,42,021,"Pennsylvania","Cambria County",1,39,1463,770,693
050,42,021,"Pennsylvania","Cambria County",1,40,1467,747,720
050,42,021,"Pennsylvania","Cambria County",1,41,1450,728,722
050,42,021,"Pennsylvania","Cambria County",1,42,1484,756,728
050,42,021,"Pennsylvania","Cambria County",1,43,1491,772,719
050,42,021,"Pennsylvania","Cambria County",1,44,1498,773,725
050,42,021,"Pennsylvania","Cambria County",1,45,1526,762,764
050,42,021,"Pennsylvania","Cambria County",1,46,1503,765,738
050,42,021,"Pennsylvania","Cambria County",1,47,1573,810,763
050,42,021,"Pennsylvania","Cambria County",1,48,1678,877,801
050,42,021,"Pennsylvania","Cambria County",1,49,1799,922,877
050,42,021,"Pennsylvania","Cambria County",1,50,1686,878,808
050,42,021,"Pennsylvania","Cambria County",1,51,1685,870,815
050,42,021,"Pennsylvania","Cambria County",1,52,1729,877,852
050,42,021,"Pennsylvania","Cambria County",1,53,1772,924,848
050,42,021,"Pennsylvania","Cambria County",1,54,1794,911,883
050,42,021,"Pennsylvania","Cambria County",1,55,1892,952,940
050,42,021,"Pennsylvania","Cambria County",1,56,1904,961,943
050,42,021,"Pennsylvania","Cambria County",1,57,1897,962,935
050,42,021,"Pennsylvania","Cambria County",1,58,2005,1039,966
050,42,021,"Pennsylvania","Cambria County",1,59,2030,1029,1001
050,42,021,"Pennsylvania","Cambria County",1,60,2015,1028,987
050,42,021,"Pennsylvania","Cambria County",1,61,2071,1023,1048
050,42,021,"Pennsylvania","Cambria County",1,62,2237,1085,1152
050,42,021,"Pennsylvania","Cambria County",1,63,2250,1113,1137
050,42,021,"Pennsylvania","Cambria County",1,64,2108,1056,1052
050,42,021,"Pennsylvania","Cambria County",1,65,2059,1038,1021
050,42,021,"Pennsylvania","Cambria County",1,66,2060,1025,1035
050,42,021,"Pennsylvania","Cambria County",1,67,2026,1006,1020
050,42,021,"Pennsylvania","Cambria County",1,68,1998,973,1025
050,42,021,"Pennsylvania","Cambria County",1,69,1873,901,972
050,42,021,"Pennsylvania","Cambria County",1,70,1787,882,905
050,42,021,"Pennsylvania","Cambria County",1,71,1649,814,835
050,42,021,"Pennsylvania","Cambria County",1,72,1651,785,866
050,42,021,"Pennsylvania","Cambria County",1,73,1629,777,852
050,42,021,"Pennsylvania","Cambria County",1,74,1115,528,587
050,42,021,"Pennsylvania","Cambria County",1,75,1076,486,590
050,42,021,"Pennsylvania","Cambria County",1,76,1138,519,619
050,42,021,"Pennsylvania","Cambria County",1,77,1144,523,621
050,42,021,"Pennsylvania","Cambria County",1,78,973,422,551
050,42,021,"Pennsylvania","Cambria County",1,79,843,365,478
050,42,021,"Pennsylvania","Cambria County",1,80,758,322,436
050,42,021,"Pennsylvania","Cambria County",1,81,775,334,441
050,42,021,"Pennsylvania","Cambria County",1,82,721,297,424
050,42,021,"Pennsylvania","Cambria County",1,83,685,260,425
050,42,021,"Pennsylvania","Cambria County",1,84,625,242,383
050,42,021,"Pennsylvania","Cambria County",1,85,3931,1230,2701
050,42,021,"Pennsylvania","Cambria County",2,0,1212,612,600
050,42,021,"Pennsylvania","Cambria County",2,1,1217,621,596
050,42,021,"Pennsylvania","Cambria County",2,2,1273,658,615
050,42,021,"Pennsylvania","Cambria County",2,3,1307,699,608
050,42,021,"Pennsylvania","Cambria County",2,4,1368,703,665
050,42,021,"Pennsylvania","Cambria County",2,5,1386,718,668
050,42,021,"Pennsylvania","Cambria County",2,6,1390,723,667
050,42,021,"Pennsylvania","Cambria County",2,7,1388,724,664
050,42,021,"Pennsylvania","Cambria County",2,8,1396,741,655
050,42,021,"Pennsylvania","Cambria County",2,9,1393,716,677
050,42,021,"Pennsylvania","Cambria County",2,10,1419,703,716
050,42,021,"Pennsylvania","Cambria County",2,11,1451,737,714
050,42,021,"Pennsylvania","Cambria County",2,12,1581,800,781
050,42,021,"Pennsylvania","Cambria County",2,13,1594,808,786
050,42,021,"Pennsylvania","Cambria County",2,14,1567,792,775
050,42,021,"Pennsylvania","Cambria County",2,15,1556,799,757
050,42,021,"Pennsylvania","Cambria County",2,16,1587,832,755
050,42,021,"Pennsylvania","Cambria County",2,17,1571,816,755
050,42,021,"Pennsylvania","Cambria County",2,18,1713,852,861
050,42,021,"Pennsylvania","Cambria County",2,19,1931,952,979
050,42,021,"Pennsylvania","Cambria County",2,20,1877,947,930
050,42,021,"Pennsylvania","Cambria County",2,21,1758,898,860
050,42,021,"Pennsylvania","Cambria County",2,22,1566,805,761
050,42,021,"Pennsylvania","Cambria County",2,23,1382,717,665
050,42,021,"Pennsylvania","Cambria County",2,24,1356,707,649
050,42,021,"Pennsylvania","Cambria County",2,25,1395,744,651
050,42,021,"Pennsylvania","Cambria County",2,26,1410,757,653
050,42,021,"Pennsylvania","Cambria County",2,27,1417,758,659
050,42,021,"Pennsylvania","Cambria County",2,28,1409,733,676
050,42,021,"Pennsylvania","Cambria County",2,29,1414,735,679
050,42,021,"Pennsylvania","Cambria County",2,30,1438,747,691
050,42,021,"Pennsylvania","Cambria County",2,31,1423,751,672
050,42,021,"Pennsylvania","Cambria County",2,32,1414,738,676
050,42,021,"Pennsylvania","Cambria County",2,33,1363,700,663
050,42,021,"Pennsylvania","Cambria County",2,34,1363,692,671
050,42,021,"Pennsylvania","Cambria County",2,35,1341,680,661
050,42,021,"Pennsylvania","Cambria County",2,36,1364,695,669
050,42,021,"Pennsylvania","Cambria County",2,37,1393,716,677
050,42,021,"Pennsylvania","Cambria County",2,38,1414,739,675
050,42,021,"Pennsylvania","Cambria County",2,39,1448,765,683
050,42,021,"Pennsylvania","Cambria County",2,40,1468,754,714
050,42,021,"Pennsylvania","Cambria County",2,41,1454,732,722
050,42,021,"Pennsylvania","Cambria County",2,42,1457,740,717
050,42,021,"Pennsylvania","Cambria County",2,43,1498,772,726
050,42,021,"Pennsylvania","Cambria County",2,44,1481,764,717
050,42,021,"Pennsylvania","Cambria County",2,45,1529,771,758
050,42,021,"Pennsylvania","Cambria County",2,46,1504,762,742
050,42,021,"Pennsylvania","Cambria County",2,47,1555,797,758
050,42,021,"Pennsylvania","Cambria County",2,48,1643,856,787
050,42,021,"Pennsylvania","Cambria County",2,49,1777,914,863
050,42,021,"Pennsylvania","Cambria County",2,50,1726,899,827
050,42,021,"Pennsylvania","Cambria County",2,51,1673,862,811
050,42,021,"Pennsylvania","Cambria County",2,52,1711,871,840
050,42,021,"Pennsylvania","Cambria County",2,53,1755,906,849
050,42,021,"Pennsylvania","Cambria County",2,54,1781,911,870
050,42,021,"Pennsylvania","Cambria County",2,55,1864,941,923
050,42,021,"Pennsylvania","Cambria County",2,56,1907,960,947
050,42,021,"Pennsylvania","Cambria County",2,57,1894,959,935
050,42,021,"Pennsylvania","Cambria County",2,58,1968,1015,953
050,42,021,"Pennsylvania","Cambria County",2,59,2036,1036,1000
050,42,021,"Pennsylvania","Cambria County",2,60,2005,1021,984
050,42,021,"Pennsylvania","Cambria County",2,61,2048,1017,1031
050,42,021,"Pennsylvania","Cambria County",2,62,2176,1059,1117
050,42,021,"Pennsylvania","Cambria County",2,63,2265,1114,1151
050,42,021,"Pennsylvania","Cambria County",2,64,2121,1057,1064
050,42,021,"Pennsylvania","Cambria County",2,65,2066,1036,1030
050,42,021,"Pennsylvania","Cambria County",2,66,2057,1028,1029
050,42,021,"Pennsylvania","Cambria County",2,67,2020,1004,1016
050,42,021,"Pennsylvania","Cambria County",2,68,1988,972,1016
050,42,021,"Pennsylvania","Cambria County",2,69,1916,924,992
050,42,021,"Pennsylvania","Cambria County",2,70,1790,876,914
050,42,021,"Pennsylvania","Cambria County",2,71,1682,828,854
050,42,021,"Pennsylvania","Cambria County",2,72,1618,778,840
050,42,021,"Pennsylvania","Cambria County",2,73,1706,810,896
050,42,021,"Pennsylvania","Cambria County",2,74,1152,547,605
050,42,021,"Pennsylvania","Cambria County",2,75,1082,493,589
050,42,021,"Pennsylvania","Cambria County",2,76,1112,507,605
050,42,021,"Pennsylvania","Cambria County",2,77,1162,529,633
050,42,021,"Pennsylvania","Cambria County",2,78,983,435,548
050,42,021,"Pennsylvania","Cambria County",2,79,858,370,488
050,42,021,"Pennsylvania","Cambria County",2,80,771,329,442
050,42,021,"Pennsylvania","Cambria County",2,81,751,321,430
050,42,021,"Pennsylvania","Cambria County",2,82,732,302,430
050,42,021,"Pennsylvania","Cambria County",2,83,681,266,415
050,42,021,"Pennsylvania","Cambria County",2,84,624,240,384
050,42,021,"Pennsylvania","Cambria County",2,85,3919,1225,2694
050,42,021,"Pennsylvania","Cambria County",3,0,1174,582,592
050,42,021,"Pennsylvania","Cambria County",3,1,1259,644,615
050,42,021,"Pennsylvania","Cambria County",3,2,1257,644,613
050,42,021,"Pennsylvania","Cambria County",3,3,1307,691,616
050,42,021,"Pennsylvania","Cambria County",3,4,1309,702,607
050,42,021,"Pennsylvania","Cambria County",3,5,1397,714,683
050,42,021,"Pennsylvania","Cambria County",3,6,1386,721,665
050,42,021,"Pennsylvania","Cambria County",3,7,1383,717,666
050,42,021,"Pennsylvania","Cambria County",3,8,1414,743,671
050,42,021,"Pennsylvania","Cambria County",3,9,1409,741,668
050,42,021,"Pennsylvania","Cambria County",3,10,1401,721,680
050,42,021,"Pennsylvania","Cambria County",3,11,1430,716,714
050,42,021,"Pennsylvania","Cambria County",3,12,1459,739,720
050,42,021,"Pennsylvania","Cambria County",3,13,1600,802,798
050,42,021,"Pennsylvania","Cambria County",3,14,1578,790,788
050,42,021,"Pennsylvania","Cambria County",3,15,1580,809,771
050,42,021,"Pennsylvania","Cambria County",3,16,1563,796,767
050,42,021,"Pennsylvania","Cambria County",3,17,1589,834,755
050,42,021,"Pennsylvania","Cambria County",3,18,1696,862,834
050,42,021,"Pennsylvania","Cambria County",3,19,1904,953,951
050,42,021,"Pennsylvania","Cambria County",3,20,1850,930,920
050,42,021,"Pennsylvania","Cambria County",3,21,1774,893,881
050,42,021,"Pennsylvania","Cambria County",3,22,1574,814,760
050,42,021,"Pennsylvania","Cambria County",3,23,1419,757,662
050,42,021,"Pennsylvania","Cambria County",3,24,1326,693,633
050,42,021,"Pennsylvania","Cambria County",3,25,1342,692,650
050,42,021,"Pennsylvania","Cambria County",3,26,1376,727,649
050,42,021,"Pennsylvania","Cambria County",3,27,1402,758,644
050,42,021,"Pennsylvania","Cambria County",3,28,1375,738,637
050,42,021,"Pennsylvania","Cambria County",3,29,1411,713,698
050,42,021,"Pennsylvania","Cambria County",3,30,1439,742,697
050,42,021,"Pennsylvania","Cambria County",3,31,1405,730,675
050,42,021,"Pennsylvania","Cambria County",3,32,1451,754,697
050,42,021,"Pennsylvania","Cambria County",3,33,1420,743,677
050,42,021,"Pennsylvania","Cambria County",3,34,1382,712,670
050,42,021,"Pennsylvania","Cambria County",3,35,1361,698,663
050,42,021,"Pennsylvania","Cambria County",3,36,1375,691,684
050,42,021,"Pennsylvania","Cambria County",3,37,1371,701,670
050,42,021,"Pennsylvania","Cambria County",3,38,1391,725,666
050,42,021,"Pennsylvania","Cambria County",3,39,1417,745,672
050,42,021,"Pennsylvania","Cambria County",3,40,1451,752,699
050,42,021,"Pennsylvania","Cambria County",3,41,1474,759,715
050,42,021,"Pennsylvania","Cambria County",3,42,1431,721,710
050,42,021,"Pennsylvania","Cambria County",3,43,1442,728,714
050,42,021,"Pennsylvania","Cambria County",3,44,1515,777,738
050,42,021,"Pennsylvania","Cambria County",3,45,1487,764,723
050,42,021,"Pennsylvania","Cambria County",3,46,1513,759,754
050,42,021,"Pennsylvania","Cambria County",3,47,1503,762,741
050,42,021,"Pennsylvania","Cambria County",3,48,1531,790,741
050,42,021,"Pennsylvania","Cambria County",3,49,1630,852,778
050,42,021,"Pennsylvania","Cambria County",3,50,1804,930,874
050,42,021,"Pennsylvania","Cambria County",3,51,1699,873,826
050,42,021,"Pennsylvania","Cambria County",3,52,1702,888,814
050,42,021,"Pennsylvania","Cambria County",3,53,1684,842,842
050,42,021,"Pennsylvania","Cambria County",3,54,1718,881,837
050,42,021,"Pennsylvania","Cambria County",3,55,1780,906,874
050,42,021,"Pennsylvania","Cambria County",3,56,1850,928,922
050,42,021,"Pennsylvania","Cambria County",3,57,1877,954,923
050,42,021,"Pennsylvania","Cambria County",3,58,1889,959,930
050,42,021,"Pennsylvania","Cambria County",3,59,1951,987,964
050,42,021,"Pennsylvania","Cambria County",3,60,1999,1018,981
050,42,021,"Pennsylvania","Cambria County",3,61,1982,1000,982
050,42,021,"Pennsylvania","Cambria County",3,62,2009,995,1014
050,42,021,"Pennsylvania","Cambria County",3,63,2179,1056,1123
050,42,021,"Pennsylvania","Cambria County",3,64,2219,1091,1128
050,42,021,"Pennsylvania","Cambria County",3,65,2069,1025,1044
050,42,021,"Pennsylvania","Cambria County",3,66,2041,1033,1008
050,42,021,"Pennsylvania","Cambria County",3,67,2027,1003,1024
050,42,021,"Pennsylvania","Cambria County",3,68,1971,976,995
050,42,021,"Pennsylvania","Cambria County",3,69,1976,969,1007
050,42,021,"Pennsylvania","Cambria County",3,70,1861,889,972
050,42,021,"Pennsylvania","Cambria County",3,71,1727,848,879
050,42,021,"Pennsylvania","Cambria County",3,72,1638,795,843
050,42,021,"Pennsylvania","Cambria County",3,73,1566,750,816
050,42,021,"Pennsylvania","Cambria County",3,74,1629,771,858
050,42,021,"Pennsylvania","Cambria County",3,75,1102,520,582
050,42,021,"Pennsylvania","Cambria County",3,76,1039,478,561
050,42,021,"Pennsylvania","Cambria County",3,77,1072,484,588
050,42,021,"Pennsylvania","Cambria County",3,78,1105,498,607
050,42,021,"Pennsylvania","Cambria County",3,79,907,405,502
050,42,021,"Pennsylvania","Cambria County",3,80,801,337,464
050,42,021,"Pennsylvania","Cambria County",3,81,711,296,415
050,42,021,"Pennsylvania","Cambria County",3,82,701,295,406
050,42,021,"Pennsylvania","Cambria County",3,83,689,282,407
050,42,021,"Pennsylvania","Cambria County",3,84,594,233,361
050,42,021,"Pennsylvania","Cambria County",3,85,3736,1167,2569
050,42,021,"Pennsylvania","Cambria County",4,0,1130,584,546
050,42,021,"Pennsylvania","Cambria County",4,1,1179,591,588
050,42,021,"Pennsylvania","Cambria County",4,2,1271,650,621
050,42,021,"Pennsylvania","Cambria County",4,3,1259,655,604
050,42,021,"Pennsylvania","Cambria County",4,4,1309,677,632
050,42,021,"Pennsylvania","Cambria County",4,5,1313,697,616
050,42,021,"Pennsylvania","Cambria County",4,6,1412,719,693
050,42,021,"Pennsylvania","Cambria County",4,7,1400,736,664
050,42,021,"Pennsylvania","Cambria County",4,8,1404,739,665
050,42,021,"Pennsylvania","Cambria County",4,9,1438,756,682
050,42,021,"Pennsylvania","Cambria County",4,10,1441,751,690
050,42,021,"Pennsylvania","Cambria County",4,11,1418,727,691
050,42,021,"Pennsylvania","Cambria County",4,12,1444,711,733
050,42,021,"Pennsylvania","Cambria County",4,13,1469,743,726
050,42,021,"Pennsylvania","Cambria County",4,14,1622,824,798
050,42,021,"Pennsylvania","Cambria County",4,15,1607,808,799
050,42,021,"Pennsylvania","Cambria County",4,16,1619,827,792
050,42,021,"Pennsylvania","Cambria County",4,17,1581,806,775
050,42,021,"Pennsylvania","Cambria County",4,18,1718,886,832
050,42,021,"Pennsylvania","Cambria County",4,19,1886,949,937
050,42,021,"Pennsylvania","Cambria County",4,20,1822,932,890
050,42,021,"Pennsylvania","Cambria County",4,21,1777,895,882
050,42,021,"Pennsylvania","Cambria County",4,22,1601,807,794
050,42,021,"Pennsylvania","Cambria County",4,23,1394,728,666
050,42,021,"Pennsylvania","Cambria County",4,24,1337,721,616
050,42,021,"Pennsylvania","Cambria County",4,25,1270,650,620
050,42,021,"Pennsylvania","Cambria County",4,26,1317,692,625
050,42,021,"Pennsylvania","Cambria County",4,27,1400,746,654
050,42,021,"Pennsylvania","Cambria County",4,28,1397,735,662
050,42,021,"Pennsylvania","Cambria County",4,29,1372,743,629
050,42,021,"Pennsylvania","Cambria County",4,30,1422,722,700
050,42,021,"Pennsylvania","Cambria County",4,31,1424,739,685
050,42,021,"Pennsylvania","Cambria County",4,32,1431,734,697
050,42,021,"Pennsylvania","Cambria County",4,33,1449,753,696
050,42,021,"Pennsylvania","Cambria County",4,34,1448,755,693
050,42,021,"Pennsylvania","Cambria County",4,35,1387,714,673
050,42,021,"Pennsylvania","Cambria County",4,36,1364,688,676
050,42,021,"Pennsylvania","Cambria County",4,37,1411,705,706
050,42,021,"Pennsylvania","Cambria County",4,38,1374,710,664
050,42,021,"Pennsylvania","Cambria County",4,39,1391,727,664
050,42,021,"Pennsylvania","Cambria County",4,40,1411,738,673
050,42,021,"Pennsylvania","Cambria County",4,41,1455,755,700
050,42,021,"Pennsylvania","Cambria County",4,42,1472,763,709
050,42,021,"Pennsylvania","Cambria County",4,43,1434,720,714
050,42,021,"Pennsylvania","Cambria County",4,44,1443,717,726
050,42,021,"Pennsylvania","Cambria County",4,45,1511,781,730
050,42,021,"Pennsylvania","Cambria County",4,46,1465,758,707
050,42,021,"Pennsylvania","Cambria County",4,47,1523,768,755
050,42,021,"Pennsylvania","Cambria County",4,48,1458,739,719
050,42,021,"Pennsylvania","Cambria County",4,49,1515,780,735
050,42,021,"Pennsylvania","Cambria County",4,50,1653,877,776
050,42,021,"Pennsylvania","Cambria County",4,51,1785,911,874
050,42,021,"Pennsylvania","Cambria County",4,52,1707,879,828
050,42,021,"Pennsylvania","Cambria County",4,53,1668,861,807
050,42,021,"Pennsylvania","Cambria County",4,54,1663,835,828
050,42,021,"Pennsylvania","Cambria County",4,55,1715,881,834
050,42,021,"Pennsylvania","Cambria County",4,56,1792,903,889
050,42,021,"Pennsylvania","Cambria County",4,57,1816,925,891
050,42,021,"Pennsylvania","Cambria County",4,58,1852,944,908
050,42,021,"Pennsylvania","Cambria County",4,59,1875,939,936
050,42,021,"Pennsylvania","Cambria County",4,60,1916,964,952
050,42,021,"Pennsylvania","Cambria County",4,61,1977,1004,973
050,42,021,"Pennsylvania","Cambria County",4,62,1949,987,962
050,42,021,"Pennsylvania","Cambria County",4,63,2015,998,1017
050,42,021,"Pennsylvania","Cambria County",4,64,2120,1026,1094
050,42,021,"Pennsylvania","Cambria County",4,65,2192,1073,1119
050,42,021,"Pennsylvania","Cambria County",4,66,2038,1011,1027
050,42,021,"Pennsylvania","Cambria County",4,67,2026,1019,1007
050,42,021,"Pennsylvania","Cambria County",4,68,1991,981,1010
050,42,021,"Pennsylvania","Cambria County",4,69,1925,952,973
050,42,021,"Pennsylvania","Cambria County",4,70,1931,931,1000
050,42,021,"Pennsylvania","Cambria County",4,71,1800,861,939
050,42,021,"Pennsylvania","Cambria County",4,72,1693,832,861
050,42,021,"Pennsylvania","Cambria County",4,73,1589,764,825
050,42,021,"Pennsylvania","Cambria County",4,74,1521,731,790
050,42,021,"Pennsylvania","Cambria County",4,75,1577,740,837
050,42,021,"Pennsylvania","Cambria County",4,76,1056,500,556
050,42,021,"Pennsylvania","Cambria County",4,77,1006,454,552
050,42,021,"Pennsylvania","Cambria County",4,78,1018,456,562
050,42,021,"Pennsylvania","Cambria County",4,79,1022,463,559
050,42,021,"Pennsylvania","Cambria County",4,80,855,373,482
050,42,021,"Pennsylvania","Cambria County",4,81,747,309,438
050,42,021,"Pennsylvania","Cambria County",4,82,671,274,397
050,42,021,"Pennsylvania","Cambria County",4,83,656,273,383
050,42,021,"Pennsylvania","Cambria County",4,84,610,254,356
050,42,021,"Pennsylvania","Cambria County",4,85,3607,1131,2476
050,42,021,"Pennsylvania","Cambria County",5,0,1126,582,544
050,42,021,"Pennsylvania","Cambria County",5,1,1127,586,541
050,42,021,"Pennsylvania","Cambria County",5,2,1187,606,581
050,42,021,"Pennsylvania","Cambria County",5,3,1294,649,645
050,42,021,"Pennsylvania","Cambria County",5,4,1273,663,610
050,42,021,"Pennsylvania","Cambria County",5,5,1312,680,632
050,42,021,"Pennsylvania","Cambria County",5,6,1312,724,588
050,42,021,"Pennsylvania","Cambria County",5,7,1430,731,699
050,42,021,"Pennsylvania","Cambria County",5,8,1422,743,679
050,42,021,"Pennsylvania","Cambria County",5,9,1418,749,669
050,42,021,"Pennsylvania","Cambria County",5,10,1444,748,696
050,42,021,"Pennsylvania","Cambria County",5,11,1451,749,702
050,42,021,"Pennsylvania","Cambria County",5,12,1443,741,702
050,42,021,"Pennsylvania","Cambria County",5,13,1439,707,732
050,42,021,"Pennsylvania","Cambria County",5,14,1476,755,721
050,42,021,"Pennsylvania","Cambria County",5,15,1618,831,787
050,42,021,"Pennsylvania","Cambria County",5,16,1619,809,810
050,42,021,"Pennsylvania","Cambria County",5,17,1594,811,783
050,42,021,"Pennsylvania","Cambria County",5,18,1703,852,851
050,42,021,"Pennsylvania","Cambria County",5,19,1912,984,928
050,42,021,"Pennsylvania","Cambria County",5,20,1834,948,886
050,42,021,"Pennsylvania","Cambria County",5,21,1731,889,842
050,42,021,"Pennsylvania","Cambria County",5,22,1623,837,786
050,42,021,"Pennsylvania","Cambria County",5,23,1454,744,710
050,42,021,"Pennsylvania","Cambria County",5,24,1329,693,636
050,42,021,"Pennsylvania","Cambria County",5,25,1317,715,602
050,42,021,"Pennsylvania","Cambria County",5,26,1249,645,604
050,42,021,"Pennsylvania","Cambria County",5,27,1317,679,638
050,42,021,"Pennsylvania","Cambria County",5,28,1381,729,652
050,42,021,"Pennsylvania","Cambria County",5,29,1392,733,659
050,42,021,"Pennsylvania","Cambria County",5,30,1402,746,656
050,42,021,"Pennsylvania","Cambria County",5,31,1405,714,691
050,42,021,"Pennsylvania","Cambria County",5,32,1454,740,714
050,42,021,"Pennsylvania","Cambria County",5,33,1421,721,700
050,42,021,"Pennsylvania","Cambria County",5,34,1465,764,701
050,42,021,"Pennsylvania","Cambria County",5,35,1435,746,689
050,42,021,"Pennsylvania","Cambria County",5,36,1397,711,686
050,42,021,"Pennsylvania","Cambria County",5,37,1378,702,676
050,42,021,"Pennsylvania","Cambria County",5,38,1429,718,711
050,42,021,"Pennsylvania","Cambria County",5,39,1380,721,659
050,42,021,"Pennsylvania","Cambria County",5,40,1378,708,670
050,42,021,"Pennsylvania","Cambria County",5,41,1444,754,690
050,42,021,"Pennsylvania","Cambria County",5,42,1438,745,693
050,42,021,"Pennsylvania","Cambria County",5,43,1465,756,709
050,42,021,"Pennsylvania","Cambria County",5,44,1419,715,704
050,42,021,"Pennsylvania","Cambria County",5,45,1469,734,735
050,42,021,"Pennsylvania","Cambria County",5,46,1493,762,731
050,42,021,"Pennsylvania","Cambria County",5,47,1481,775,706
050,42,021,"Pennsylvania","Cambria County",5,48,1517,772,745
050,42,021,"Pennsylvania","Cambria County",5,49,1452,727,725
050,42,021,"Pennsylvania","Cambria County",5,50,1538,803,735
050,42,021,"Pennsylvania","Cambria County",5,51,1636,857,779
050,42,021,"Pennsylvania","Cambria County",5,52,1794,918,876
050,42,021,"Pennsylvania","Cambria County",5,53,1681,858,823
050,42,021,"Pennsylvania","Cambria County",5,54,1643,838,805
050,42,021,"Pennsylvania","Cambria County",5,55,1653,830,823
050,42,021,"Pennsylvania","Cambria County",5,56,1715,869,846
050,42,021,"Pennsylvania","Cambria County",5,57,1769,898,871
050,42,021,"Pennsylvania","Cambria County",5,58,1788,911,877
050,42,021,"Pennsylvania","Cambria County",5,59,1823,918,905
050,42,021,"Pennsylvania","Cambria County",5,60,1835,913,922
050,42,021,"Pennsylvania","Cambria County",5,61,1882,945,937
050,42,021,"Pennsylvania","Cambria County",5,62,1939,984,955
050,42,021,"Pennsylvania","Cambria County",5,63,1935,982,953
050,42,021,"Pennsylvania","Cambria County",5,64,1976,975,1001
050,42,021,"Pennsylvania","Cambria County",5,65,2101,1001,1100
050,42,021,"Pennsylvania","Cambria County",5,66,2161,1062,1099
050,42,021,"Pennsylvania","Cambria County",5,67,2021,997,1024
050,42,021,"Pennsylvania","Cambria County",5,68,1977,994,983
050,42,021,"Pennsylvania","Cambria County",5,69,1967,973,994
050,42,021,"Pennsylvania","Cambria County",5,70,1882,925,957
050,42,021,"Pennsylvania","Cambria County",5,71,1890,918,972
050,42,021,"Pennsylvania","Cambria County",5,72,1774,848,926
050,42,021,"Pennsylvania","Cambria County",5,73,1646,796,850
050,42,021,"Pennsylvania","Cambria County",5,74,1537,741,796
050,42,021,"Pennsylvania","Cambria County",5,75,1466,694,772
050,42,021,"Pennsylvania","Cambria County",5,76,1523,716,807
050,42,021,"Pennsylvania","Cambria County",5,77,1021,472,549
050,42,021,"Pennsylvania","Cambria County",5,78,961,427,534
050,42,021,"Pennsylvania","Cambria County",5,79,942,425,517
050,42,021,"Pennsylvania","Cambria County",5,80,962,436,526
050,42,021,"Pennsylvania","Cambria County",5,81,793,345,448
050,42,021,"Pennsylvania","Cambria County",5,82,713,289,424
050,42,021,"Pennsylvania","Cambria County",5,83,628,251,377
050,42,021,"Pennsylvania","Cambria County",5,84,584,245,339
050,42,021,"Pennsylvania","Cambria County",5,85,3563,1153,2410
050,42,023,"Pennsylvania","Cameron County",1,0,36,19,17
050,42,023,"Pennsylvania","Cameron County",1,1,38,23,15
050,42,023,"Pennsylvania","Cameron County",1,2,41,26,15
050,42,023,"Pennsylvania","Cameron County",1,3,43,23,20
050,42,023,"Pennsylvania","Cameron County",1,4,50,26,24
050,42,023,"Pennsylvania","Cameron County",1,5,47,23,24
050,42,023,"Pennsylvania","Cameron County",1,6,46,20,26
050,42,023,"Pennsylvania","Cameron County",1,7,47,25,22
050,42,023,"Pennsylvania","Cameron County",1,8,51,29,22
050,42,023,"Pennsylvania","Cameron County",1,9,44,21,23
050,42,023,"Pennsylvania","Cameron County",1,10,47,26,21
050,42,023,"Pennsylvania","Cameron County",1,11,45,22,23
050,42,023,"Pennsylvania","Cameron County",1,12,51,26,25
050,42,023,"Pennsylvania","Cameron County",1,13,44,22,22
050,42,023,"Pennsylvania","Cameron County",1,14,41,22,19
050,42,023,"Pennsylvania","Cameron County",1,15,39,22,17
050,42,023,"Pennsylvania","Cameron County",1,16,42,23,19
050,42,023,"Pennsylvania","Cameron County",1,17,50,34,16
050,42,023,"Pennsylvania","Cameron County",1,18,42,24,18
050,42,023,"Pennsylvania","Cameron County",1,19,42,22,20
050,42,023,"Pennsylvania","Cameron County",1,20,42,20,22
050,42,023,"Pennsylvania","Cameron County",1,21,31,14,17
050,42,023,"Pennsylvania","Cameron County",1,22,43,21,22
050,42,023,"Pennsylvania","Cameron County",1,23,42,20,22
050,42,023,"Pennsylvania","Cameron County",1,24,44,22,22
050,42,023,"Pennsylvania","Cameron County",1,25,37,16,21
050,42,023,"Pennsylvania","Cameron County",1,26,39,22,17
050,42,023,"Pennsylvania","Cameron County",1,27,42,23,19
050,42,023,"Pennsylvania","Cameron County",1,28,44,25,19
050,42,023,"Pennsylvania","Cameron County",1,29,45,25,20
050,42,023,"Pennsylvania","Cameron County",1,30,36,18,18
050,42,023,"Pennsylvania","Cameron County",1,31,39,23,16
050,42,023,"Pennsylvania","Cameron County",1,32,40,25,15
050,42,023,"Pennsylvania","Cameron County",1,33,47,25,22
050,42,023,"Pennsylvania","Cameron County",1,34,32,19,13
050,42,023,"Pennsylvania","Cameron County",1,35,43,23,20
050,42,023,"Pennsylvania","Cameron County",1,36,44,19,25
050,42,023,"Pennsylvania","Cameron County",1,37,52,27,25
050,42,023,"Pennsylvania","Cameron County",1,38,43,23,20
050,42,023,"Pennsylvania","Cameron County",1,39,45,20,25
050,42,023,"Pennsylvania","Cameron County",1,40,38,20,18
050,42,023,"Pennsylvania","Cameron County",1,41,40,19,21
050,42,023,"Pennsylvania","Cameron County",1,42,41,24,17
050,42,023,"Pennsylvania","Cameron County",1,43,44,24,20
050,42,023,"Pennsylvania","Cameron County",1,44,39,23,16
050,42,023,"Pennsylvania","Cameron County",1,45,43,23,20
050,42,023,"Pennsylvania","Cameron County",1,46,42,27,15
050,42,023,"Pennsylvania","Cameron County",1,47,54,34,20
050,42,023,"Pennsylvania","Cameron County",1,48,52,27,25
050,42,023,"Pennsylvania","Cameron County",1,49,56,24,32
050,42,023,"Pennsylvania","Cameron County",1,50,55,26,29
050,42,023,"Pennsylvania","Cameron County",1,51,54,27,27
050,42,023,"Pennsylvania","Cameron County",1,52,59,34,25
050,42,023,"Pennsylvania","Cameron County",1,53,66,33,33
050,42,023,"Pennsylvania","Cameron County",1,54,69,34,35
050,42,023,"Pennsylvania","Cameron County",1,55,80,39,41
050,42,023,"Pennsylvania","Cameron County",1,56,76,39,37
050,42,023,"Pennsylvania","Cameron County",1,57,76,36,40
050,42,023,"Pennsylvania","Cameron County",1,58,85,42,43
050,42,023,"Pennsylvania","Cameron County",1,59,86,48,38
050,42,023,"Pennsylvania","Cameron County",1,60,79,42,37
050,42,023,"Pennsylvania","Cameron County",1,61,91,42,49
050,42,023,"Pennsylvania","Cameron County",1,62,86,39,47
050,42,023,"Pennsylvania","Cameron County",1,63,71,32,39
050,42,023,"Pennsylvania","Cameron County",1,64,78,36,42
050,42,023,"Pennsylvania","Cameron County",1,65,98,45,53
050,42,023,"Pennsylvania","Cameron County",1,66,94,51,43
050,42,023,"Pennsylvania","Cameron County",1,67,85,45,40
050,42,023,"Pennsylvania","Cameron County",1,68,76,43,33
050,42,023,"Pennsylvania","Cameron County",1,69,69,36,33
050,42,023,"Pennsylvania","Cameron County",1,70,72,39,33
050,42,023,"Pennsylvania","Cameron County",1,71,77,38,39
050,42,023,"Pennsylvania","Cameron County",1,72,81,43,38
050,42,023,"Pennsylvania","Cameron County",1,73,80,48,32
050,42,023,"Pennsylvania","Cameron County",1,74,51,28,23
050,42,023,"Pennsylvania","Cameron County",1,75,41,19,22
050,42,023,"Pennsylvania","Cameron County",1,76,47,27,20
050,42,023,"Pennsylvania","Cameron County",1,77,48,24,24
050,42,023,"Pennsylvania","Cameron County",1,78,41,19,22
050,42,023,"Pennsylvania","Cameron County",1,79,36,17,19
050,42,023,"Pennsylvania","Cameron County",1,80,38,19,19
050,42,023,"Pennsylvania","Cameron County",1,81,26,11,15
050,42,023,"Pennsylvania","Cameron County",1,82,18,6,12
050,42,023,"Pennsylvania","Cameron County",1,83,21,4,17
050,42,023,"Pennsylvania","Cameron County",1,84,26,9,17
050,42,023,"Pennsylvania","Cameron County",1,85,141,47,94
050,42,023,"Pennsylvania","Cameron County",2,0,39,22,17
050,42,023,"Pennsylvania","Cameron County",2,1,38,23,15
050,42,023,"Pennsylvania","Cameron County",2,2,40,25,15
050,42,023,"Pennsylvania","Cameron County",2,3,42,23,19
050,42,023,"Pennsylvania","Cameron County",2,4,48,25,23
050,42,023,"Pennsylvania","Cameron County",2,5,46,23,23
050,42,023,"Pennsylvania","Cameron County",2,6,46,20,26
050,42,023,"Pennsylvania","Cameron County",2,7,48,24,24
050,42,023,"Pennsylvania","Cameron County",2,8,49,27,22
050,42,023,"Pennsylvania","Cameron County",2,9,46,23,23
050,42,023,"Pennsylvania","Cameron County",2,10,46,23,23
050,42,023,"Pennsylvania","Cameron County",2,11,45,23,22
050,42,023,"Pennsylvania","Cameron County",2,12,50,25,25
050,42,023,"Pennsylvania","Cameron County",2,13,44,22,22
050,42,023,"Pennsylvania","Cameron County",2,14,43,22,21
050,42,023,"Pennsylvania","Cameron County",2,15,38,21,17
050,42,023,"Pennsylvania","Cameron County",2,16,41,23,18
050,42,023,"Pennsylvania","Cameron County",2,17,47,31,16
050,42,023,"Pennsylvania","Cameron County",2,18,42,25,17
050,42,023,"Pennsylvania","Cameron County",2,19,41,22,19
050,42,023,"Pennsylvania","Cameron County",2,20,42,20,22
050,42,023,"Pennsylvania","Cameron County",2,21,33,15,18
050,42,023,"Pennsylvania","Cameron County",2,22,41,19,22
050,42,023,"Pennsylvania","Cameron County",2,23,41,20,21
050,42,023,"Pennsylvania","Cameron County",2,24,44,22,22
050,42,023,"Pennsylvania","Cameron County",2,25,36,16,20
050,42,023,"Pennsylvania","Cameron County",2,26,38,20,18
050,42,023,"Pennsylvania","Cameron County",2,27,39,22,17
050,42,023,"Pennsylvania","Cameron County",2,28,45,25,20
050,42,023,"Pennsylvania","Cameron County",2,29,44,24,20
050,42,023,"Pennsylvania","Cameron County",2,30,39,20,19
050,42,023,"Pennsylvania","Cameron County",2,31,38,22,16
050,42,023,"Pennsylvania","Cameron County",2,32,40,24,16
050,42,023,"Pennsylvania","Cameron County",2,33,45,25,20
050,42,023,"Pennsylvania","Cameron County",2,34,36,21,15
050,42,023,"Pennsylvania","Cameron County",2,35,42,23,19
050,42,023,"Pennsylvania","Cameron County",2,36,44,20,24
050,42,023,"Pennsylvania","Cameron County",2,37,50,25,25
050,42,023,"Pennsylvania","Cameron County",2,38,46,25,21
050,42,023,"Pennsylvania","Cameron County",2,39,45,21,24
050,42,023,"Pennsylvania","Cameron County",2,40,40,20,20
050,42,023,"Pennsylvania","Cameron County",2,41,39,19,20
050,42,023,"Pennsylvania","Cameron County",2,42,40,23,17
050,42,023,"Pennsylvania","Cameron County",2,43,44,24,20
050,42,023,"Pennsylvania","Cameron County",2,44,40,23,17
050,42,023,"Pennsylvania","Cameron County",2,45,42,23,19
050,42,023,"Pennsylvania","Cameron County",2,46,42,26,16
050,42,023,"Pennsylvania","Cameron County",2,47,51,32,19
050,42,023,"Pennsylvania","Cameron County",2,48,52,28,24
050,42,023,"Pennsylvania","Cameron County",2,49,56,25,31
050,42,023,"Pennsylvania","Cameron County",2,50,54,25,29
050,42,023,"Pennsylvania","Cameron County",2,51,54,27,27
050,42,023,"Pennsylvania","Cameron County",2,52,58,33,25
050,42,023,"Pennsylvania","Cameron County",2,53,66,34,32
050,42,023,"Pennsylvania","Cameron County",2,54,69,34,35
050,42,023,"Pennsylvania","Cameron County",2,55,78,38,40
050,42,023,"Pennsylvania","Cameron County",2,56,77,39,38
050,42,023,"Pennsylvania","Cameron County",2,57,75,36,39
050,42,023,"Pennsylvania","Cameron County",2,58,83,41,42
050,42,023,"Pennsylvania","Cameron County",2,59,87,47,40
050,42,023,"Pennsylvania","Cameron County",2,60,79,43,36
050,42,023,"Pennsylvania","Cameron County",2,61,87,42,45
050,42,023,"Pennsylvania","Cameron County",2,62,86,39,47
050,42,023,"Pennsylvania","Cameron County",2,63,75,34,41
050,42,023,"Pennsylvania","Cameron County",2,64,76,35,41
050,42,023,"Pennsylvania","Cameron County",2,65,93,43,50
050,42,023,"Pennsylvania","Cameron County",2,66,96,50,46
050,42,023,"Pennsylvania","Cameron County",2,67,86,46,40
050,42,023,"Pennsylvania","Cameron County",2,68,77,42,35
050,42,023,"Pennsylvania","Cameron County",2,69,72,39,33
050,42,023,"Pennsylvania","Cameron County",2,70,69,37,32
050,42,023,"Pennsylvania","Cameron County",2,71,74,38,36
050,42,023,"Pennsylvania","Cameron County",2,72,78,40,38
050,42,023,"Pennsylvania","Cameron County",2,73,83,48,35
050,42,023,"Pennsylvania","Cameron County",2,74,55,31,24
050,42,023,"Pennsylvania","Cameron County",2,75,43,21,22
050,42,023,"Pennsylvania","Cameron County",2,76,45,25,20
050,42,023,"Pennsylvania","Cameron County",2,77,49,25,24
050,42,023,"Pennsylvania","Cameron County",2,78,41,20,21
050,42,023,"Pennsylvania","Cameron County",2,79,36,16,20
050,42,023,"Pennsylvania","Cameron County",2,80,37,18,19
050,42,023,"Pennsylvania","Cameron County",2,81,29,13,16
050,42,023,"Pennsylvania","Cameron County",2,82,20,7,13
050,42,023,"Pennsylvania","Cameron County",2,83,20,4,16
050,42,023,"Pennsylvania","Cameron County",2,84,25,8,17
050,42,023,"Pennsylvania","Cameron County",2,85,142,46,96
050,42,023,"Pennsylvania","Cameron County",3,0,26,16,10
050,42,023,"Pennsylvania","Cameron County",3,1,38,24,14
050,42,023,"Pennsylvania","Cameron County",3,2,37,18,19
050,42,023,"Pennsylvania","Cameron County",3,3,41,25,16
050,42,023,"Pennsylvania","Cameron County",3,4,42,21,21
050,42,023,"Pennsylvania","Cameron County",3,5,51,27,24
050,42,023,"Pennsylvania","Cameron County",3,6,46,22,24
050,42,023,"Pennsylvania","Cameron County",3,7,49,26,23
050,42,023,"Pennsylvania","Cameron County",3,8,47,23,24
050,42,023,"Pennsylvania","Cameron County",3,9,50,27,23
050,42,023,"Pennsylvania","Cameron County",3,10,48,26,22
050,42,023,"Pennsylvania","Cameron County",3,11,48,23,25
050,42,023,"Pennsylvania","Cameron County",3,12,46,24,22
050,42,023,"Pennsylvania","Cameron County",3,13,45,23,22
050,42,023,"Pennsylvania","Cameron County",3,14,45,23,22
050,42,023,"Pennsylvania","Cameron County",3,15,41,21,20
050,42,023,"Pennsylvania","Cameron County",3,16,39,23,16
050,42,023,"Pennsylvania","Cameron County",3,17,42,24,18
050,42,023,"Pennsylvania","Cameron County",3,18,41,27,14
050,42,023,"Pennsylvania","Cameron County",3,19,34,21,13
050,42,023,"Pennsylvania","Cameron County",3,20,39,22,17
050,42,023,"Pennsylvania","Cameron County",3,21,37,17,20
050,42,023,"Pennsylvania","Cameron County",3,22,35,13,22
050,42,023,"Pennsylvania","Cameron County",3,23,42,18,24
050,42,023,"Pennsylvania","Cameron County",3,24,42,21,21
050,42,023,"Pennsylvania","Cameron County",3,25,41,21,20
050,42,023,"Pennsylvania","Cameron County",3,26,38,16,22
050,42,023,"Pennsylvania","Cameron County",3,27,40,22,18
050,42,023,"Pennsylvania","Cameron County",3,28,39,21,18
050,42,023,"Pennsylvania","Cameron County",3,29,47,26,21
050,42,023,"Pennsylvania","Cameron County",3,30,41,23,18
050,42,023,"Pennsylvania","Cameron County",3,31,37,21,16
050,42,023,"Pennsylvania","Cameron County",3,32,36,22,14
050,42,023,"Pennsylvania","Cameron County",3,33,40,23,17
050,42,023,"Pennsylvania","Cameron County",3,34,46,24,22
050,42,023,"Pennsylvania","Cameron County",3,35,33,21,12
050,42,023,"Pennsylvania","Cameron County",3,36,38,20,18
050,42,023,"Pennsylvania","Cameron County",3,37,46,20,26
050,42,023,"Pennsylvania","Cameron County",3,38,47,23,24
050,42,023,"Pennsylvania","Cameron County",3,39,43,25,18
050,42,023,"Pennsylvania","Cameron County",3,40,44,21,23
050,42,023,"Pennsylvania","Cameron County",3,41,41,21,20
050,42,023,"Pennsylvania","Cameron County",3,42,40,20,20
050,42,023,"Pennsylvania","Cameron County",3,43,42,24,18
050,42,023,"Pennsylvania","Cameron County",3,44,43,23,20
050,42,023,"Pennsylvania","Cameron County",3,45,43,23,20
050,42,023,"Pennsylvania","Cameron County",3,46,39,21,18
050,42,023,"Pennsylvania","Cameron County",3,47,42,26,16
050,42,023,"Pennsylvania","Cameron County",3,48,47,28,19
050,42,023,"Pennsylvania","Cameron County",3,49,53,29,24
050,42,023,"Pennsylvania","Cameron County",3,50,55,24,31
050,42,023,"Pennsylvania","Cameron County",3,51,56,25,31
050,42,023,"Pennsylvania","Cameron County",3,52,55,27,28
050,42,023,"Pennsylvania","Cameron County",3,53,55,31,24
050,42,023,"Pennsylvania","Cameron County",3,54,60,31,29
050,42,023,"Pennsylvania","Cameron County",3,55,68,33,35
050,42,023,"Pennsylvania","Cameron County",3,56,79,39,40
050,42,023,"Pennsylvania","Cameron County",3,57,72,39,33
050,42,023,"Pennsylvania","Cameron County",3,58,74,36,38
050,42,023,"Pennsylvania","Cameron County",3,59,86,42,44
050,42,023,"Pennsylvania","Cameron County",3,60,87,47,40
050,42,023,"Pennsylvania","Cameron County",3,61,82,46,36
050,42,023,"Pennsylvania","Cameron County",3,62,86,41,45
050,42,023,"Pennsylvania","Cameron County",3,63,85,39,46
050,42,023,"Pennsylvania","Cameron County",3,64,73,33,40
050,42,023,"Pennsylvania","Cameron County",3,65,75,35,40
050,42,023,"Pennsylvania","Cameron County",3,66,92,43,49
050,42,023,"Pennsylvania","Cameron County",3,67,94,49,45
050,42,023,"Pennsylvania","Cameron County",3,68,84,46,38
050,42,023,"Pennsylvania","Cameron County",3,69,78,41,37
050,42,023,"Pennsylvania","Cameron County",3,70,68,36,32
050,42,023,"Pennsylvania","Cameron County",3,71,71,40,31
050,42,023,"Pennsylvania","Cameron County",3,72,75,39,36
050,42,023,"Pennsylvania","Cameron County",3,73,76,38,38
050,42,023,"Pennsylvania","Cameron County",3,74,80,46,34
050,42,023,"Pennsylvania","Cameron County",3,75,46,27,19
050,42,023,"Pennsylvania","Cameron County",3,76,40,21,19
050,42,023,"Pennsylvania","Cameron County",3,77,45,24,21
050,42,023,"Pennsylvania","Cameron County",3,78,45,24,21
050,42,023,"Pennsylvania","Cameron County",3,79,38,18,20
050,42,023,"Pennsylvania","Cameron County",3,80,37,17,20
050,42,023,"Pennsylvania","Cameron County",3,81,37,17,20
050,42,023,"Pennsylvania","Cameron County",3,82,27,12,15
050,42,023,"Pennsylvania","Cameron County",3,83,19,6,13
050,42,023,"Pennsylvania","Cameron County",3,84,18,3,15
050,42,023,"Pennsylvania","Cameron County",3,85,143,43,100
050,42,023,"Pennsylvania","Cameron County",4,0,27,15,12
050,42,023,"Pennsylvania","Cameron County",4,1,28,16,12
050,42,023,"Pennsylvania","Cameron County",4,2,36,22,14
050,42,023,"Pennsylvania","Cameron County",4,3,36,17,19
050,42,023,"Pennsylvania","Cameron County",4,4,42,27,15
050,42,023,"Pennsylvania","Cameron County",4,5,39,19,20
050,42,023,"Pennsylvania","Cameron County",4,6,52,27,25
050,42,023,"Pennsylvania","Cameron County",4,7,46,22,24
050,42,023,"Pennsylvania","Cameron County",4,8,50,27,23
050,42,023,"Pennsylvania","Cameron County",4,9,50,25,25
050,42,023,"Pennsylvania","Cameron County",4,10,53,28,25
050,42,023,"Pennsylvania","Cameron County",4,11,51,27,24
050,42,023,"Pennsylvania","Cameron County",4,12,52,23,29
050,42,023,"Pennsylvania","Cameron County",4,13,44,23,21
050,42,023,"Pennsylvania","Cameron County",4,14,42,20,22
050,42,023,"Pennsylvania","Cameron County",4,15,44,22,22
050,42,023,"Pennsylvania","Cameron County",4,16,40,20,20
050,42,023,"Pennsylvania","Cameron County",4,17,37,22,15
050,42,023,"Pennsylvania","Cameron County",4,18,36,22,14
050,42,023,"Pennsylvania","Cameron County",4,19,30,20,10
050,42,023,"Pennsylvania","Cameron County",4,20,36,21,15
050,42,023,"Pennsylvania","Cameron County",4,21,37,22,15
050,42,023,"Pennsylvania","Cameron County",4,22,42,19,23
050,42,023,"Pennsylvania","Cameron County",4,23,31,8,23
050,42,023,"Pennsylvania","Cameron County",4,24,43,18,25
050,42,023,"Pennsylvania","Cameron County",4,25,44,22,22
050,42,023,"Pennsylvania","Cameron County",4,26,41,22,19
050,42,023,"Pennsylvania","Cameron County",4,27,33,13,20
050,42,023,"Pennsylvania","Cameron County",4,28,42,22,20
050,42,023,"Pennsylvania","Cameron County",4,29,42,21,21
050,42,023,"Pennsylvania","Cameron County",4,30,48,26,22
050,42,023,"Pennsylvania","Cameron County",4,31,36,18,18
050,42,023,"Pennsylvania","Cameron County",4,32,39,22,17
050,42,023,"Pennsylvania","Cameron County",4,33,36,22,14
050,42,023,"Pennsylvania","Cameron County",4,34,39,22,17
050,42,023,"Pennsylvania","Cameron County",4,35,47,25,22
050,42,023,"Pennsylvania","Cameron County",4,36,28,19,9
050,42,023,"Pennsylvania","Cameron County",4,37,36,20,16
050,42,023,"Pennsylvania","Cameron County",4,38,45,20,25
050,42,023,"Pennsylvania","Cameron County",4,39,46,23,23
050,42,023,"Pennsylvania","Cameron County",4,40,44,26,18
050,42,023,"Pennsylvania","Cameron County",4,41,43,20,23
050,42,023,"Pennsylvania","Cameron County",4,42,39,20,19
050,42,023,"Pennsylvania","Cameron County",4,43,40,20,20
050,42,023,"Pennsylvania","Cameron County",4,44,42,24,18
050,42,023,"Pennsylvania","Cameron County",4,45,47,26,21
050,42,023,"Pennsylvania","Cameron County",4,46,43,23,20
050,42,023,"Pennsylvania","Cameron County",4,47,39,20,19
050,42,023,"Pennsylvania","Cameron County",4,48,42,25,17
050,42,023,"Pennsylvania","Cameron County",4,49,49,29,20
050,42,023,"Pennsylvania","Cameron County",4,50,51,27,24
050,42,023,"Pennsylvania","Cameron County",4,51,55,24,31
050,42,023,"Pennsylvania","Cameron County",4,52,58,26,32
050,42,023,"Pennsylvania","Cameron County",4,53,54,27,27
050,42,023,"Pennsylvania","Cameron County",4,54,53,29,24
050,42,023,"Pennsylvania","Cameron County",4,55,59,31,28
050,42,023,"Pennsylvania","Cameron County",4,56,66,31,35
050,42,023,"Pennsylvania","Cameron County",4,57,80,42,38
050,42,023,"Pennsylvania","Cameron County",4,58,70,38,32
050,42,023,"Pennsylvania","Cameron County",4,59,78,36,42
050,42,023,"Pennsylvania","Cameron County",4,60,88,43,45
050,42,023,"Pennsylvania","Cameron County",4,61,88,48,40
050,42,023,"Pennsylvania","Cameron County",4,62,82,46,36
050,42,023,"Pennsylvania","Cameron County",4,63,87,42,45
050,42,023,"Pennsylvania","Cameron County",4,64,83,40,43
050,42,023,"Pennsylvania","Cameron County",4,65,72,33,39
050,42,023,"Pennsylvania","Cameron County",4,66,75,35,40
050,42,023,"Pennsylvania","Cameron County",4,67,89,41,48
050,42,023,"Pennsylvania","Cameron County",4,68,92,49,43
050,42,023,"Pennsylvania","Cameron County",4,69,84,46,38
050,42,023,"Pennsylvania","Cameron County",4,70,77,39,38
050,42,023,"Pennsylvania","Cameron County",4,71,66,34,32
050,42,023,"Pennsylvania","Cameron County",4,72,70,40,30
050,42,023,"Pennsylvania","Cameron County",4,73,72,36,36
050,42,023,"Pennsylvania","Cameron County",4,74,71,35,36
050,42,023,"Pennsylvania","Cameron County",4,75,76,44,32
050,42,023,"Pennsylvania","Cameron County",4,76,43,25,18
050,42,023,"Pennsylvania","Cameron County",4,77,36,18,18
050,42,023,"Pennsylvania","Cameron County",4,78,42,22,20
050,42,023,"Pennsylvania","Cameron County",4,79,45,23,22
050,42,023,"Pennsylvania","Cameron County",4,80,38,18,20
050,42,023,"Pennsylvania","Cameron County",4,81,37,15,22
050,42,023,"Pennsylvania","Cameron County",4,82,34,16,18
050,42,023,"Pennsylvania","Cameron County",4,83,28,12,16
050,42,023,"Pennsylvania","Cameron County",4,84,16,7,9
050,42,023,"Pennsylvania","Cameron County",4,85,137,37,100
050,42,023,"Pennsylvania","Cameron County",5,0,27,15,12
050,42,023,"Pennsylvania","Cameron County",5,1,23,14,9
050,42,023,"Pennsylvania","Cameron County",5,2,29,18,11
050,42,023,"Pennsylvania","Cameron County",5,3,44,28,16
050,42,023,"Pennsylvania","Cameron County",5,4,42,20,22
050,42,023,"Pennsylvania","Cameron County",5,5,44,27,17
050,42,023,"Pennsylvania","Cameron County",5,6,41,21,20
050,42,023,"Pennsylvania","Cameron County",5,7,52,27,25
050,42,023,"Pennsylvania","Cameron County",5,8,46,23,23
050,42,023,"Pennsylvania","Cameron County",5,9,47,24,23
050,42,023,"Pennsylvania","Cameron County",5,10,49,24,25
050,42,023,"Pennsylvania","Cameron County",5,11,52,27,25
050,42,023,"Pennsylvania","Cameron County",5,12,50,26,24
050,42,023,"Pennsylvania","Cameron County",5,13,49,22,27
050,42,023,"Pennsylvania","Cameron County",5,14,48,23,25
050,42,023,"Pennsylvania","Cameron County",5,15,41,20,21
050,42,023,"Pennsylvania","Cameron County",5,16,51,26,25
050,42,023,"Pennsylvania","Cameron County",5,17,41,21,20
050,42,023,"Pennsylvania","Cameron County",5,18,32,19,13
050,42,023,"Pennsylvania","Cameron County",5,19,29,18,11
050,42,023,"Pennsylvania","Cameron County",5,20,35,21,14
050,42,023,"Pennsylvania","Cameron County",5,21,35,22,13
050,42,023,"Pennsylvania","Cameron County",5,22,43,26,17
050,42,023,"Pennsylvania","Cameron County",5,23,49,21,28
050,42,023,"Pennsylvania","Cameron County",5,24,28,8,20
050,42,023,"Pennsylvania","Cameron County",5,25,44,20,24
050,42,023,"Pennsylvania","Cameron County",5,26,43,22,21
050,42,023,"Pennsylvania","Cameron County",5,27,34,19,15
050,42,023,"Pennsylvania","Cameron County",5,28,29,13,16
050,42,023,"Pennsylvania","Cameron County",5,29,43,22,21
050,42,023,"Pennsylvania","Cameron County",5,30,46,22,24
050,42,023,"Pennsylvania","Cameron County",5,31,47,26,21
050,42,023,"Pennsylvania","Cameron County",5,32,37,17,20
050,42,023,"Pennsylvania","Cameron County",5,33,45,26,19
050,42,023,"Pennsylvania","Cameron County",5,34,38,21,17
050,42,023,"Pennsylvania","Cameron County",5,35,40,22,18
050,42,023,"Pennsylvania","Cameron County",5,36,45,24,21
050,42,023,"Pennsylvania","Cameron County",5,37,33,23,10
050,42,023,"Pennsylvania","Cameron County",5,38,35,19,16
050,42,023,"Pennsylvania","Cameron County",5,39,44,18,26
050,42,023,"Pennsylvania","Cameron County",5,40,47,24,23
050,42,023,"Pennsylvania","Cameron County",5,41,44,26,18
050,42,023,"Pennsylvania","Cameron County",5,42,42,19,23
050,42,023,"Pennsylvania","Cameron County",5,43,44,21,23
050,42,023,"Pennsylvania","Cameron County",5,44,41,21,20
050,42,023,"Pennsylvania","Cameron County",5,45,40,21,19
050,42,023,"Pennsylvania","Cameron County",5,46,47,27,20
050,42,023,"Pennsylvania","Cameron County",5,47,44,23,21
050,42,023,"Pennsylvania","Cameron County",5,48,38,19,19
050,42,023,"Pennsylvania","Cameron County",5,49,40,23,17
050,42,023,"Pennsylvania","Cameron County",5,50,48,27,21
050,42,023,"Pennsylvania","Cameron County",5,51,52,28,24
050,42,023,"Pennsylvania","Cameron County",5,52,57,25,32
050,42,023,"Pennsylvania","Cameron County",5,53,56,28,28
050,42,023,"Pennsylvania","Cameron County",5,54,56,28,28
050,42,023,"Pennsylvania","Cameron County",5,55,50,28,22
050,42,023,"Pennsylvania","Cameron County",5,56,61,32,29
050,42,023,"Pennsylvania","Cameron County",5,57,65,31,34
050,42,023,"Pennsylvania","Cameron County",5,58,73,38,35
050,42,023,"Pennsylvania","Cameron County",5,59,70,37,33
050,42,023,"Pennsylvania","Cameron County",5,60,76,36,40
050,42,023,"Pennsylvania","Cameron County",5,61,86,39,47
050,42,023,"Pennsylvania","Cameron County",5,62,82,45,37
050,42,023,"Pennsylvania","Cameron County",5,63,80,44,36
050,42,023,"Pennsylvania","Cameron County",5,64,82,40,42
050,42,023,"Pennsylvania","Cameron County",5,65,85,40,45
050,42,023,"Pennsylvania","Cameron County",5,66,76,35,41
050,42,023,"Pennsylvania","Cameron County",5,67,71,33,38
050,42,023,"Pennsylvania","Cameron County",5,68,86,40,46
050,42,023,"Pennsylvania","Cameron County",5,69,94,50,44
050,42,023,"Pennsylvania","Cameron County",5,70,83,46,37
050,42,023,"Pennsylvania","Cameron County",5,71,75,39,36
050,42,023,"Pennsylvania","Cameron County",5,72,64,35,29
050,42,023,"Pennsylvania","Cameron County",5,73,66,38,28
050,42,023,"Pennsylvania","Cameron County",5,74,69,33,36
050,42,023,"Pennsylvania","Cameron County",5,75,67,33,34
050,42,023,"Pennsylvania","Cameron County",5,76,72,42,30
050,42,023,"Pennsylvania","Cameron County",5,77,40,22,18
050,42,023,"Pennsylvania","Cameron County",5,78,32,15,17
050,42,023,"Pennsylvania","Cameron County",5,79,41,21,20
050,42,023,"Pennsylvania","Cameron County",5,80,45,23,22
050,42,023,"Pennsylvania","Cameron County",5,81,37,16,21
050,42,023,"Pennsylvania","Cameron County",5,82,32,12,20
050,42,023,"Pennsylvania","Cameron County",5,83,35,16,19
050,42,023,"Pennsylvania","Cameron County",5,84,24,12,12
050,42,023,"Pennsylvania","Cameron County",5,85,135,37,98
050,42,025,"Pennsylvania","Carbon County",1,0,541,275,266
050,42,025,"Pennsylvania","Carbon County",1,1,573,290,283
050,42,025,"Pennsylvania","Carbon County",1,2,580,285,295
050,42,025,"Pennsylvania","Carbon County",1,3,621,313,308
050,42,025,"Pennsylvania","Carbon County",1,4,666,349,317
050,42,025,"Pennsylvania","Carbon County",1,5,644,329,315
050,42,025,"Pennsylvania","Carbon County",1,6,639,340,299
050,42,025,"Pennsylvania","Carbon County",1,7,631,337,294
050,42,025,"Pennsylvania","Carbon County",1,8,634,311,323
050,42,025,"Pennsylvania","Carbon County",1,9,667,317,350
050,42,025,"Pennsylvania","Carbon County",1,10,721,357,364
050,42,025,"Pennsylvania","Carbon County",1,11,738,371,367
050,42,025,"Pennsylvania","Carbon County",1,12,821,412,409
050,42,025,"Pennsylvania","Carbon County",1,13,786,391,395
050,42,025,"Pennsylvania","Carbon County",1,14,805,414,391
050,42,025,"Pennsylvania","Carbon County",1,15,775,389,386
050,42,025,"Pennsylvania","Carbon County",1,16,783,393,390
050,42,025,"Pennsylvania","Carbon County",1,17,815,434,381
050,42,025,"Pennsylvania","Carbon County",1,18,670,352,318
050,42,025,"Pennsylvania","Carbon County",1,19,540,288,252
050,42,025,"Pennsylvania","Carbon County",1,20,585,311,274
050,42,025,"Pennsylvania","Carbon County",1,21,608,324,284
050,42,025,"Pennsylvania","Carbon County",1,22,632,330,302
050,42,025,"Pennsylvania","Carbon County",1,23,660,339,321
050,42,025,"Pennsylvania","Carbon County",1,24,640,337,303
050,42,025,"Pennsylvania","Carbon County",1,25,633,321,312
050,42,025,"Pennsylvania","Carbon County",1,26,684,352,332
050,42,025,"Pennsylvania","Carbon County",1,27,682,368,314
050,42,025,"Pennsylvania","Carbon County",1,28,694,369,325
050,42,025,"Pennsylvania","Carbon County",1,29,727,384,343
050,42,025,"Pennsylvania","Carbon County",1,30,770,393,377
050,42,025,"Pennsylvania","Carbon County",1,31,722,357,365
050,42,025,"Pennsylvania","Carbon County",1,32,724,371,353
050,42,025,"Pennsylvania","Carbon County",1,33,700,355,345
050,42,025,"Pennsylvania","Carbon County",1,34,735,388,347
050,42,025,"Pennsylvania","Carbon County",1,35,735,359,376
050,42,025,"Pennsylvania","Carbon County",1,36,771,394,377
050,42,025,"Pennsylvania","Carbon County",1,37,746,380,366
050,42,025,"Pennsylvania","Carbon County",1,38,719,362,357
050,42,025,"Pennsylvania","Carbon County",1,39,757,390,367
050,42,025,"Pennsylvania","Carbon County",1,40,751,394,357
050,42,025,"Pennsylvania","Carbon County",1,41,742,383,359
050,42,025,"Pennsylvania","Carbon County",1,42,720,386,334
050,42,025,"Pennsylvania","Carbon County",1,43,771,412,359
050,42,025,"Pennsylvania","Carbon County",1,44,757,390,367
050,42,025,"Pennsylvania","Carbon County",1,45,772,389,383
050,42,025,"Pennsylvania","Carbon County",1,46,755,389,366
050,42,025,"Pennsylvania","Carbon County",1,47,802,387,415
050,42,025,"Pennsylvania","Carbon County",1,48,855,425,430
050,42,025,"Pennsylvania","Carbon County",1,49,958,485,473
050,42,025,"Pennsylvania","Carbon County",1,50,963,501,462
050,42,025,"Pennsylvania","Carbon County",1,51,936,481,455
050,42,025,"Pennsylvania","Carbon County",1,52,933,471,462
050,42,025,"Pennsylvania","Carbon County",1,53,958,472,486
050,42,025,"Pennsylvania","Carbon County",1,54,975,475,500
050,42,025,"Pennsylvania","Carbon County",1,55,1035,521,514
050,42,025,"Pennsylvania","Carbon County",1,56,1041,531,510
050,42,025,"Pennsylvania","Carbon County",1,57,1049,531,518
050,42,025,"Pennsylvania","Carbon County",1,58,1060,549,511
050,42,025,"Pennsylvania","Carbon County",1,59,1032,526,506
050,42,025,"Pennsylvania","Carbon County",1,60,1056,539,517
050,42,025,"Pennsylvania","Carbon County",1,61,1089,538,551
050,42,025,"Pennsylvania","Carbon County",1,62,1069,541,528
050,42,025,"Pennsylvania","Carbon County",1,63,1075,531,544
050,42,025,"Pennsylvania","Carbon County",1,64,1051,527,524
050,42,025,"Pennsylvania","Carbon County",1,65,1011,520,491
050,42,025,"Pennsylvania","Carbon County",1,66,950,476,474
050,42,025,"Pennsylvania","Carbon County",1,67,992,497,495
050,42,025,"Pennsylvania","Carbon County",1,68,896,444,452
050,42,025,"Pennsylvania","Carbon County",1,69,815,395,420
050,42,025,"Pennsylvania","Carbon County",1,70,773,384,389
050,42,025,"Pennsylvania","Carbon County",1,71,787,403,384
050,42,025,"Pennsylvania","Carbon County",1,72,792,425,367
050,42,025,"Pennsylvania","Carbon County",1,73,801,409,392
050,42,025,"Pennsylvania","Carbon County",1,74,551,263,288
050,42,025,"Pennsylvania","Carbon County",1,75,540,246,294
050,42,025,"Pennsylvania","Carbon County",1,76,550,262,288
050,42,025,"Pennsylvania","Carbon County",1,77,573,271,302
050,42,025,"Pennsylvania","Carbon County",1,78,460,207,253
050,42,025,"Pennsylvania","Carbon County",1,79,382,177,205
050,42,025,"Pennsylvania","Carbon County",1,80,338,155,183
050,42,025,"Pennsylvania","Carbon County",1,81,336,138,198
050,42,025,"Pennsylvania","Carbon County",1,82,340,134,206
050,42,025,"Pennsylvania","Carbon County",1,83,283,117,166
050,42,025,"Pennsylvania","Carbon County",1,84,266,101,165
050,42,025,"Pennsylvania","Carbon County",1,85,1538,544,994
050,42,025,"Pennsylvania","Carbon County",2,0,551,279,272
050,42,025,"Pennsylvania","Carbon County",2,1,567,287,280
050,42,025,"Pennsylvania","Carbon County",2,2,579,286,293
050,42,025,"Pennsylvania","Carbon County",2,3,610,305,305
050,42,025,"Pennsylvania","Carbon County",2,4,659,341,318
050,42,025,"Pennsylvania","Carbon County",2,5,651,335,316
050,42,025,"Pennsylvania","Carbon County",2,6,642,339,303
050,42,025,"Pennsylvania","Carbon County",2,7,633,337,296
050,42,025,"Pennsylvania","Carbon County",2,8,630,314,316
050,42,025,"Pennsylvania","Carbon County",2,9,659,315,344
050,42,025,"Pennsylvania","Carbon County",2,10,705,346,359
050,42,025,"Pennsylvania","Carbon County",2,11,734,368,366
050,42,025,"Pennsylvania","Carbon County",2,12,805,405,400
050,42,025,"Pennsylvania","Carbon County",2,13,792,395,397
050,42,025,"Pennsylvania","Carbon County",2,14,799,410,389
050,42,025,"Pennsylvania","Carbon County",2,15,783,396,387
050,42,025,"Pennsylvania","Carbon County",2,16,787,396,391
050,42,025,"Pennsylvania","Carbon County",2,17,811,427,384
050,42,025,"Pennsylvania","Carbon County",2,18,669,355,314
050,42,025,"Pennsylvania","Carbon County",2,19,544,289,255
050,42,025,"Pennsylvania","Carbon County",2,20,595,317,278
050,42,025,"Pennsylvania","Carbon County",2,21,612,324,288
050,42,025,"Pennsylvania","Carbon County",2,22,634,333,301
050,42,025,"Pennsylvania","Carbon County",2,23,657,343,314
050,42,025,"Pennsylvania","Carbon County",2,24,645,338,307
050,42,025,"Pennsylvania","Carbon County",2,25,638,325,313
050,42,025,"Pennsylvania","Carbon County",2,26,670,347,323
050,42,025,"Pennsylvania","Carbon County",2,27,684,366,318
050,42,025,"Pennsylvania","Carbon County",2,28,693,370,323
050,42,025,"Pennsylvania","Carbon County",2,29,726,382,344
050,42,025,"Pennsylvania","Carbon County",2,30,766,391,375
050,42,025,"Pennsylvania","Carbon County",2,31,737,369,368
050,42,025,"Pennsylvania","Carbon County",2,32,722,366,356
050,42,025,"Pennsylvania","Carbon County",2,33,710,363,347
050,42,025,"Pennsylvania","Carbon County",2,34,730,381,349
050,42,025,"Pennsylvania","Carbon County",2,35,744,371,373
050,42,025,"Pennsylvania","Carbon County",2,36,759,383,376
050,42,025,"Pennsylvania","Carbon County",2,37,758,387,371
050,42,025,"Pennsylvania","Carbon County",2,38,732,372,360
050,42,025,"Pennsylvania","Carbon County",2,39,749,386,363
050,42,025,"Pennsylvania","Carbon County",2,40,760,399,361
050,42,025,"Pennsylvania","Carbon County",2,41,742,384,358
050,42,025,"Pennsylvania","Carbon County",2,42,721,384,337
050,42,025,"Pennsylvania","Carbon County",2,43,763,407,356
050,42,025,"Pennsylvania","Carbon County",2,44,757,394,363
050,42,025,"Pennsylvania","Carbon County",2,45,778,393,385
050,42,025,"Pennsylvania","Carbon County",2,46,757,388,369
050,42,025,"Pennsylvania","Carbon County",2,47,792,388,404
050,42,025,"Pennsylvania","Carbon County",2,48,844,416,428
050,42,025,"Pennsylvania","Carbon County",2,49,940,474,466
050,42,025,"Pennsylvania","Carbon County",2,50,965,498,467
050,42,025,"Pennsylvania","Carbon County",2,51,940,488,452
050,42,025,"Pennsylvania","Carbon County",2,52,930,470,460
050,42,025,"Pennsylvania","Carbon County",2,53,952,471,481
050,42,025,"Pennsylvania","Carbon County",2,54,967,470,497
050,42,025,"Pennsylvania","Carbon County",2,55,1019,510,509
050,42,025,"Pennsylvania","Carbon County",2,56,1042,530,512
050,42,025,"Pennsylvania","Carbon County",2,57,1045,530,515
050,42,025,"Pennsylvania","Carbon County",2,58,1054,542,512
050,42,025,"Pennsylvania","Carbon County",2,59,1043,531,512
050,42,025,"Pennsylvania","Carbon County",2,60,1048,535,513
050,42,025,"Pennsylvania","Carbon County",2,61,1076,537,539
050,42,025,"Pennsylvania","Carbon County",2,62,1070,535,535
050,42,025,"Pennsylvania","Carbon County",2,63,1081,538,543
050,42,025,"Pennsylvania","Carbon County",2,64,1048,523,525
050,42,025,"Pennsylvania","Carbon County",2,65,1019,521,498
050,42,025,"Pennsylvania","Carbon County",2,66,963,487,476
050,42,025,"Pennsylvania","Carbon County",2,67,977,488,489
050,42,025,"Pennsylvania","Carbon County",2,68,911,454,457
050,42,025,"Pennsylvania","Carbon County",2,69,839,408,431
050,42,025,"Pennsylvania","Carbon County",2,70,777,383,394
050,42,025,"Pennsylvania","Carbon County",2,71,778,395,383
050,42,025,"Pennsylvania","Carbon County",2,72,775,412,363
050,42,025,"Pennsylvania","Carbon County",2,73,833,436,397
050,42,025,"Pennsylvania","Carbon County",2,74,567,276,291
050,42,025,"Pennsylvania","Carbon County",2,75,540,249,291
050,42,025,"Pennsylvania","Carbon County",2,76,540,255,285
050,42,025,"Pennsylvania","Carbon County",2,77,579,274,305
050,42,025,"Pennsylvania","Carbon County",2,78,473,217,256
050,42,025,"Pennsylvania","Carbon County",2,79,393,181,212
050,42,025,"Pennsylvania","Carbon County",2,80,339,154,185
050,42,025,"Pennsylvania","Carbon County",2,81,325,137,188
050,42,025,"Pennsylvania","Carbon County",2,82,334,130,204
050,42,025,"Pennsylvania","Carbon County",2,83,290,119,171
050,42,025,"Pennsylvania","Carbon County",2,84,261,97,164
050,42,025,"Pennsylvania","Carbon County",2,85,1534,549,985
050,42,025,"Pennsylvania","Carbon County",3,0,619,323,296
050,42,025,"Pennsylvania","Carbon County",3,1,603,309,294
050,42,025,"Pennsylvania","Carbon County",3,2,600,302,298
050,42,025,"Pennsylvania","Carbon County",3,3,627,306,321
050,42,025,"Pennsylvania","Carbon County",3,4,640,332,308
050,42,025,"Pennsylvania","Carbon County",3,5,679,349,330
050,42,025,"Pennsylvania","Carbon County",3,6,672,350,322
050,42,025,"Pennsylvania","Carbon County",3,7,674,354,320
050,42,025,"Pennsylvania","Carbon County",3,8,652,348,304
050,42,025,"Pennsylvania","Carbon County",3,9,649,323,326
050,42,025,"Pennsylvania","Carbon County",3,10,681,340,341
050,42,025,"Pennsylvania","Carbon County",3,11,713,349,364
050,42,025,"Pennsylvania","Carbon County",3,12,754,384,370
050,42,025,"Pennsylvania","Carbon County",3,13,809,408,401
050,42,025,"Pennsylvania","Carbon County",3,14,809,399,410
050,42,025,"Pennsylvania","Carbon County",3,15,812,412,400
050,42,025,"Pennsylvania","Carbon County",3,16,790,390,400
050,42,025,"Pennsylvania","Carbon County",3,17,813,418,395
050,42,025,"Pennsylvania","Carbon County",3,18,692,367,325
050,42,025,"Pennsylvania","Carbon County",3,19,545,288,257
050,42,025,"Pennsylvania","Carbon County",3,20,619,327,292
050,42,025,"Pennsylvania","Carbon County",3,21,640,338,302
050,42,025,"Pennsylvania","Carbon County",3,22,646,335,311
050,42,025,"Pennsylvania","Carbon County",3,23,682,368,314
050,42,025,"Pennsylvania","Carbon County",3,24,690,354,336
050,42,025,"Pennsylvania","Carbon County",3,25,641,335,306
050,42,025,"Pennsylvania","Carbon County",3,26,666,344,322
050,42,025,"Pennsylvania","Carbon County",3,27,692,368,324
050,42,025,"Pennsylvania","Carbon County",3,28,711,364,347
050,42,025,"Pennsylvania","Carbon County",3,29,721,379,342
050,42,025,"Pennsylvania","Carbon County",3,30,787,415,372
050,42,025,"Pennsylvania","Carbon County",3,31,820,416,404
050,42,025,"Pennsylvania","Carbon County",3,32,763,381,382
050,42,025,"Pennsylvania","Carbon County",3,33,767,385,382
050,42,025,"Pennsylvania","Carbon County",3,34,747,392,355
050,42,025,"Pennsylvania","Carbon County",3,35,751,387,364
050,42,025,"Pennsylvania","Carbon County",3,36,762,380,382
050,42,025,"Pennsylvania","Carbon County",3,37,768,388,380
050,42,025,"Pennsylvania","Carbon County",3,38,762,390,372
050,42,025,"Pennsylvania","Carbon County",3,39,743,379,364
050,42,025,"Pennsylvania","Carbon County",3,40,778,401,377
050,42,025,"Pennsylvania","Carbon County",3,41,782,406,376
050,42,025,"Pennsylvania","Carbon County",3,42,752,381,371
050,42,025,"Pennsylvania","Carbon County",3,43,733,384,349
050,42,025,"Pennsylvania","Carbon County",3,44,780,415,365
050,42,025,"Pennsylvania","Carbon County",3,45,755,395,360
050,42,025,"Pennsylvania","Carbon County",3,46,757,385,372
050,42,025,"Pennsylvania","Carbon County",3,47,753,388,365
050,42,025,"Pennsylvania","Carbon County",3,48,788,382,406
050,42,025,"Pennsylvania","Carbon County",3,49,861,423,438
050,42,025,"Pennsylvania","Carbon County",3,50,971,497,474
050,42,025,"Pennsylvania","Carbon County",3,51,958,503,455
050,42,025,"Pennsylvania","Carbon County",3,52,942,488,454
050,42,025,"Pennsylvania","Carbon County",3,53,946,481,465
050,42,025,"Pennsylvania","Carbon County",3,54,957,466,491
050,42,025,"Pennsylvania","Carbon County",3,55,984,476,508
050,42,025,"Pennsylvania","Carbon County",3,56,1019,498,521
050,42,025,"Pennsylvania","Carbon County",3,57,1039,536,503
050,42,025,"Pennsylvania","Carbon County",3,58,1032,523,509
050,42,025,"Pennsylvania","Carbon County",3,59,1067,543,524
050,42,025,"Pennsylvania","Carbon County",3,60,1059,534,525
050,42,025,"Pennsylvania","Carbon County",3,61,1043,532,511
050,42,025,"Pennsylvania","Carbon County",3,62,1065,533,532
050,42,025,"Pennsylvania","Carbon County",3,63,1070,530,540
050,42,025,"Pennsylvania","Carbon County",3,64,1057,520,537
050,42,025,"Pennsylvania","Carbon County",3,65,1050,524,526
050,42,025,"Pennsylvania","Carbon County",3,66,1019,528,491
050,42,025,"Pennsylvania","Carbon County",3,67,959,479,480
050,42,025,"Pennsylvania","Carbon County",3,68,950,473,477
050,42,025,"Pennsylvania","Carbon County",3,69,902,451,451
050,42,025,"Pennsylvania","Carbon County",3,70,815,390,425
050,42,025,"Pennsylvania","Carbon County",3,71,763,368,395
050,42,025,"Pennsylvania","Carbon County",3,72,752,377,375
050,42,025,"Pennsylvania","Carbon County",3,73,744,389,355
050,42,025,"Pennsylvania","Carbon County",3,74,808,417,391
050,42,025,"Pennsylvania","Carbon County",3,75,549,269,280
050,42,025,"Pennsylvania","Carbon County",3,76,504,231,273
050,42,025,"Pennsylvania","Carbon County",3,77,513,243,270
050,42,025,"Pennsylvania","Carbon County",3,78,544,263,281
050,42,025,"Pennsylvania","Carbon County",3,79,442,205,237
050,42,025,"Pennsylvania","Carbon County",3,80,371,167,204
050,42,025,"Pennsylvania","Carbon County",3,81,309,149,160
050,42,025,"Pennsylvania","Carbon County",3,82,311,124,187
050,42,025,"Pennsylvania","Carbon County",3,83,310,121,189
050,42,025,"Pennsylvania","Carbon County",3,84,266,102,164
050,42,025,"Pennsylvania","Carbon County",3,85,1482,520,962
050,42,025,"Pennsylvania","Carbon County",4,0,583,293,290
050,42,025,"Pennsylvania","Carbon County",4,1,615,320,295
050,42,025,"Pennsylvania","Carbon County",4,2,604,317,287
050,42,025,"Pennsylvania","Carbon County",4,3,600,304,296
050,42,025,"Pennsylvania","Carbon County",4,4,635,305,330
050,42,025,"Pennsylvania","Carbon County",4,5,643,333,310
050,42,025,"Pennsylvania","Carbon County",4,6,672,359,313
050,42,025,"Pennsylvania","Carbon County",4,7,667,343,324
050,42,025,"Pennsylvania","Carbon County",4,8,690,364,326
050,42,025,"Pennsylvania","Carbon County",4,9,661,356,305
050,42,025,"Pennsylvania","Carbon County",4,10,659,317,342
050,42,025,"Pennsylvania","Carbon County",4,11,694,347,347
050,42,025,"Pennsylvania","Carbon County",4,12,718,351,367
050,42,025,"Pennsylvania","Carbon County",4,13,764,388,376
050,42,025,"Pennsylvania","Carbon County",4,14,850,435,415
050,42,025,"Pennsylvania","Carbon County",4,15,812,403,409
050,42,025,"Pennsylvania","Carbon County",4,16,813,417,396
050,42,025,"Pennsylvania","Carbon County",4,17,810,402,408
050,42,025,"Pennsylvania","Carbon County",4,18,679,370,309
050,42,025,"Pennsylvania","Carbon County",4,19,532,285,247
050,42,025,"Pennsylvania","Carbon County",4,20,581,309,272
050,42,025,"Pennsylvania","Carbon County",4,21,649,328,321
050,42,025,"Pennsylvania","Carbon County",4,22,663,349,314
050,42,025,"Pennsylvania","Carbon County",4,23,670,352,318
050,42,025,"Pennsylvania","Carbon County",4,24,659,349,310
050,42,025,"Pennsylvania","Carbon County",4,25,682,346,336
050,42,025,"Pennsylvania","Carbon County",4,26,658,352,306
050,42,025,"Pennsylvania","Carbon County",4,27,672,346,326
050,42,025,"Pennsylvania","Carbon County",4,28,714,375,339
050,42,025,"Pennsylvania","Carbon County",4,29,725,370,355
050,42,025,"Pennsylvania","Carbon County",4,30,729,390,339
050,42,025,"Pennsylvania","Carbon County",4,31,789,410,379
050,42,025,"Pennsylvania","Carbon County",4,32,830,420,410
050,42,025,"Pennsylvania","Carbon County",4,33,778,388,390
050,42,025,"Pennsylvania","Carbon County",4,34,806,411,395
050,42,025,"Pennsylvania","Carbon County",4,35,755,402,353
050,42,025,"Pennsylvania","Carbon County",4,36,761,391,370
050,42,025,"Pennsylvania","Carbon County",4,37,774,391,383
050,42,025,"Pennsylvania","Carbon County",4,38,755,382,373
050,42,025,"Pennsylvania","Carbon County",4,39,775,390,385
050,42,025,"Pennsylvania","Carbon County",4,40,766,391,375
050,42,025,"Pennsylvania","Carbon County",4,41,776,401,375
050,42,025,"Pennsylvania","Carbon County",4,42,781,402,379
050,42,025,"Pennsylvania","Carbon County",4,43,768,392,376
050,42,025,"Pennsylvania","Carbon County",4,44,729,378,351
050,42,025,"Pennsylvania","Carbon County",4,45,793,425,368
050,42,025,"Pennsylvania","Carbon County",4,46,754,392,362
050,42,025,"Pennsylvania","Carbon County",4,47,744,375,369
050,42,025,"Pennsylvania","Carbon County",4,48,757,394,363
050,42,025,"Pennsylvania","Carbon County",4,49,808,388,420
050,42,025,"Pennsylvania","Carbon County",4,50,865,430,435
050,42,025,"Pennsylvania","Carbon County",4,51,967,499,468
050,42,025,"Pennsylvania","Carbon County",4,52,974,510,464
050,42,025,"Pennsylvania","Carbon County",4,53,947,490,457
050,42,025,"Pennsylvania","Carbon County",4,54,932,467,465
050,42,025,"Pennsylvania","Carbon County",4,55,950,464,486
050,42,025,"Pennsylvania","Carbon County",4,56,987,473,514
050,42,025,"Pennsylvania","Carbon County",4,57,1011,489,522
050,42,025,"Pennsylvania","Carbon County",4,58,1036,534,502
050,42,025,"Pennsylvania","Carbon County",4,59,1041,530,511
050,42,025,"Pennsylvania","Carbon County",4,60,1059,533,526
050,42,025,"Pennsylvania","Carbon County",4,61,1052,529,523
050,42,025,"Pennsylvania","Carbon County",4,62,1048,539,509
050,42,025,"Pennsylvania","Carbon County",4,63,1087,542,545
050,42,025,"Pennsylvania","Carbon County",4,64,1054,518,536
050,42,025,"Pennsylvania","Carbon County",4,65,1068,525,543
050,42,025,"Pennsylvania","Carbon County",4,66,1038,523,515
050,42,025,"Pennsylvania","Carbon County",4,67,987,500,487
050,42,025,"Pennsylvania","Carbon County",4,68,946,479,467
050,42,025,"Pennsylvania","Carbon County",4,69,939,464,475
050,42,025,"Pennsylvania","Carbon County",4,70,867,436,431
050,42,025,"Pennsylvania","Carbon County",4,71,809,393,416
050,42,025,"Pennsylvania","Carbon County",4,72,735,353,382
050,42,025,"Pennsylvania","Carbon County",4,73,726,362,364
050,42,025,"Pennsylvania","Carbon County",4,74,718,368,350
050,42,025,"Pennsylvania","Carbon County",4,75,784,397,387
050,42,025,"Pennsylvania","Carbon County",4,76,513,249,264
050,42,025,"Pennsylvania","Carbon County",4,77,485,221,264
050,42,025,"Pennsylvania","Carbon County",4,78,490,234,256
050,42,025,"Pennsylvania","Carbon County",4,79,506,243,263
050,42,025,"Pennsylvania","Carbon County",4,80,414,185,229
050,42,025,"Pennsylvania","Carbon County",4,81,343,153,190
050,42,025,"Pennsylvania","Carbon County",4,82,290,133,157
050,42,025,"Pennsylvania","Carbon County",4,83,276,114,162
050,42,025,"Pennsylvania","Carbon County",4,84,289,104,185
050,42,025,"Pennsylvania","Carbon County",4,85,1458,500,958
050,42,025,"Pennsylvania","Carbon County",5,0,579,291,288
050,42,025,"Pennsylvania","Carbon County",5,1,596,304,292
050,42,025,"Pennsylvania","Carbon County",5,2,617,321,296
050,42,025,"Pennsylvania","Carbon County",5,3,616,317,299
050,42,025,"Pennsylvania","Carbon County",5,4,588,308,280
050,42,025,"Pennsylvania","Carbon County",5,5,640,310,330
050,42,025,"Pennsylvania","Carbon County",5,6,646,341,305
050,42,025,"Pennsylvania","Carbon County",5,7,671,361,310
050,42,025,"Pennsylvania","Carbon County",5,8,678,355,323
050,42,025,"Pennsylvania","Carbon County",5,9,700,369,331
050,42,025,"Pennsylvania","Carbon County",5,10,666,348,318
050,42,025,"Pennsylvania","Carbon County",5,11,659,322,337
050,42,025,"Pennsylvania","Carbon County",5,12,680,333,347
050,42,025,"Pennsylvania","Carbon County",5,13,714,354,360
050,42,025,"Pennsylvania","Carbon County",5,14,767,397,370
050,42,025,"Pennsylvania","Carbon County",5,15,849,434,415
050,42,025,"Pennsylvania","Carbon County",5,16,809,407,402
050,42,025,"Pennsylvania","Carbon County",5,17,825,423,402
050,42,025,"Pennsylvania","Carbon County",5,18,667,351,316
050,42,025,"Pennsylvania","Carbon County",5,19,528,288,240
050,42,025,"Pennsylvania","Carbon County",5,20,600,321,279
050,42,025,"Pennsylvania","Carbon County",5,21,627,311,316
050,42,025,"Pennsylvania","Carbon County",5,22,674,348,326
050,42,025,"Pennsylvania","Carbon County",5,23,690,348,342
050,42,025,"Pennsylvania","Carbon County",5,24,691,356,335
050,42,025,"Pennsylvania","Carbon County",5,25,674,354,320
050,42,025,"Pennsylvania","Carbon County",5,26,709,358,351
050,42,025,"Pennsylvania","Carbon County",5,27,682,359,323
050,42,025,"Pennsylvania","Carbon County",5,28,698,362,336
050,42,025,"Pennsylvania","Carbon County",5,29,688,360,328
050,42,025,"Pennsylvania","Carbon County",5,30,736,385,351
050,42,025,"Pennsylvania","Carbon County",5,31,744,403,341
050,42,025,"Pennsylvania","Carbon County",5,32,771,392,379
050,42,025,"Pennsylvania","Carbon County",5,33,833,420,413
050,42,025,"Pennsylvania","Carbon County",5,34,789,401,388
050,42,025,"Pennsylvania","Carbon County",5,35,817,419,398
050,42,025,"Pennsylvania","Carbon County",5,36,736,393,343
050,42,025,"Pennsylvania","Carbon County",5,37,775,389,386
050,42,025,"Pennsylvania","Carbon County",5,38,769,378,391
050,42,025,"Pennsylvania","Carbon County",5,39,783,390,393
050,42,025,"Pennsylvania","Carbon County",5,40,791,400,391
050,42,025,"Pennsylvania","Carbon County",5,41,770,390,380
050,42,025,"Pennsylvania","Carbon County",5,42,757,386,371
050,42,025,"Pennsylvania","Carbon County",5,43,789,412,377
050,42,025,"Pennsylvania","Carbon County",5,44,775,402,373
050,42,025,"Pennsylvania","Carbon County",5,45,740,379,361
050,42,025,"Pennsylvania","Carbon County",5,46,789,416,373
050,42,025,"Pennsylvania","Carbon County",5,47,761,394,367
050,42,025,"Pennsylvania","Carbon County",5,48,738,367,371
050,42,025,"Pennsylvania","Carbon County",5,49,771,411,360
050,42,025,"Pennsylvania","Carbon County",5,50,822,401,421
050,42,025,"Pennsylvania","Carbon County",5,51,853,421,432
050,42,025,"Pennsylvania","Carbon County",5,52,951,493,458
050,42,025,"Pennsylvania","Carbon County",5,53,988,522,466
050,42,025,"Pennsylvania","Carbon County",5,54,933,482,451
050,42,025,"Pennsylvania","Carbon County",5,55,931,470,461
050,42,025,"Pennsylvania","Carbon County",5,56,940,456,484
050,42,025,"Pennsylvania","Carbon County",5,57,980,461,519
050,42,025,"Pennsylvania","Carbon County",5,58,1021,504,517
050,42,025,"Pennsylvania","Carbon County",5,59,1026,524,502
050,42,025,"Pennsylvania","Carbon County",5,60,1028,518,510
050,42,025,"Pennsylvania","Carbon County",5,61,1047,538,509
050,42,025,"Pennsylvania","Carbon County",5,62,1047,525,522
050,42,025,"Pennsylvania","Carbon County",5,63,1039,539,500
050,42,025,"Pennsylvania","Carbon County",5,64,1085,542,543
050,42,025,"Pennsylvania","Carbon County",5,65,1039,514,525
050,42,025,"Pennsylvania","Carbon County",5,66,1047,514,533
050,42,025,"Pennsylvania","Carbon County",5,67,1032,512,520
050,42,025,"Pennsylvania","Carbon County",5,68,964,498,466
050,42,025,"Pennsylvania","Carbon County",5,69,943,470,473
050,42,025,"Pennsylvania","Carbon County",5,70,934,462,472
050,42,025,"Pennsylvania","Carbon County",5,71,861,427,434
050,42,025,"Pennsylvania","Carbon County",5,72,790,383,407
050,42,025,"Pennsylvania","Carbon County",5,73,715,345,370
050,42,025,"Pennsylvania","Carbon County",5,74,698,338,360
050,42,025,"Pennsylvania","Carbon County",5,75,691,359,332
050,42,025,"Pennsylvania","Carbon County",5,76,762,374,388
050,42,025,"Pennsylvania","Carbon County",5,77,497,241,256
050,42,025,"Pennsylvania","Carbon County",5,78,462,211,251
050,42,025,"Pennsylvania","Carbon County",5,79,470,227,243
050,42,025,"Pennsylvania","Carbon County",5,80,476,222,254
050,42,025,"Pennsylvania","Carbon County",5,81,384,170,214
050,42,025,"Pennsylvania","Carbon County",5,82,326,138,188
050,42,025,"Pennsylvania","Carbon County",5,83,261,124,137
050,42,025,"Pennsylvania","Carbon County",5,84,261,98,163
050,42,025,"Pennsylvania","Carbon County",5,85,1492,505,987
050,42,027,"Pennsylvania","Centre County",1,0,1107,563,544
050,42,027,"Pennsylvania","Centre County",1,1,1133,589,544
050,42,027,"Pennsylvania","Centre County",1,2,1123,591,532
050,42,027,"Pennsylvania","Centre County",1,3,1216,618,598
050,42,027,"Pennsylvania","Centre County",1,4,1260,653,607
050,42,027,"Pennsylvania","Centre County",1,5,1265,682,583
050,42,027,"Pennsylvania","Centre County",1,6,1279,673,606
050,42,027,"Pennsylvania","Centre County",1,7,1321,669,652
050,42,027,"Pennsylvania","Centre County",1,8,1299,691,608
050,42,027,"Pennsylvania","Centre County",1,9,1300,708,592
050,42,027,"Pennsylvania","Centre County",1,10,1357,724,633
050,42,027,"Pennsylvania","Centre County",1,11,1357,721,636
050,42,027,"Pennsylvania","Centre County",1,12,1429,743,686
050,42,027,"Pennsylvania","Centre County",1,13,1449,708,741
050,42,027,"Pennsylvania","Centre County",1,14,1392,704,688
050,42,027,"Pennsylvania","Centre County",1,15,1360,700,660
050,42,027,"Pennsylvania","Centre County",1,16,1470,719,751
050,42,027,"Pennsylvania","Centre County",1,17,1516,754,762
050,42,027,"Pennsylvania","Centre County",1,18,4141,2023,2118
050,42,027,"Pennsylvania","Centre County",1,19,7225,3717,3508
050,42,027,"Pennsylvania","Centre County",1,20,6671,3457,3214
050,42,027,"Pennsylvania","Centre County",1,21,7604,4203,3401
050,42,027,"Pennsylvania","Centre County",1,22,5281,3105,2176
050,42,027,"Pennsylvania","Centre County",1,23,3652,2196,1456
050,42,027,"Pennsylvania","Centre County",1,24,2607,1560,1047
050,42,027,"Pennsylvania","Centre County",1,25,2179,1277,902
050,42,027,"Pennsylvania","Centre County",1,26,2128,1224,904
050,42,027,"Pennsylvania","Centre County",1,27,1998,1138,860
050,42,027,"Pennsylvania","Centre County",1,28,2048,1101,947
050,42,027,"Pennsylvania","Centre County",1,29,2210,1245,965
050,42,027,"Pennsylvania","Centre County",1,30,2305,1341,964
050,42,027,"Pennsylvania","Centre County",1,31,2305,1306,999
050,42,027,"Pennsylvania","Centre County",1,32,2179,1217,962
050,42,027,"Pennsylvania","Centre County",1,33,1774,971,803
050,42,027,"Pennsylvania","Centre County",1,34,1730,956,774
050,42,027,"Pennsylvania","Centre County",1,35,1702,938,764
050,42,027,"Pennsylvania","Centre County",1,36,1777,999,778
050,42,027,"Pennsylvania","Centre County",1,37,1906,1092,814
050,42,027,"Pennsylvania","Centre County",1,38,1820,1041,779
050,42,027,"Pennsylvania","Centre County",1,39,1823,1064,759
050,42,027,"Pennsylvania","Centre County",1,40,1729,970,759
050,42,027,"Pennsylvania","Centre County",1,41,1678,909,769
050,42,027,"Pennsylvania","Centre County",1,42,1723,948,775
050,42,027,"Pennsylvania","Centre County",1,43,1623,905,718
050,42,027,"Pennsylvania","Centre County",1,44,1594,865,729
050,42,027,"Pennsylvania","Centre County",1,45,1558,834,724
050,42,027,"Pennsylvania","Centre County",1,46,1576,869,707
050,42,027,"Pennsylvania","Centre County",1,47,1598,837,761
050,42,027,"Pennsylvania","Centre County",1,48,1719,906,813
050,42,027,"Pennsylvania","Centre County",1,49,1879,1024,855
050,42,027,"Pennsylvania","Centre County",1,50,1771,967,804
050,42,027,"Pennsylvania","Centre County",1,51,1761,943,818
050,42,027,"Pennsylvania","Centre County",1,52,1741,933,808
050,42,027,"Pennsylvania","Centre County",1,53,1748,910,838
050,42,027,"Pennsylvania","Centre County",1,54,1787,914,873
050,42,027,"Pennsylvania","Centre County",1,55,1902,995,907
050,42,027,"Pennsylvania","Centre County",1,56,1956,1012,944
050,42,027,"Pennsylvania","Centre County",1,57,1841,923,918
050,42,027,"Pennsylvania","Centre County",1,58,1886,931,955
050,42,027,"Pennsylvania","Centre County",1,59,1881,975,906
050,42,027,"Pennsylvania","Centre County",1,60,1810,925,885
050,42,027,"Pennsylvania","Centre County",1,61,1837,945,892
050,42,027,"Pennsylvania","Centre County",1,62,1810,940,870
050,42,027,"Pennsylvania","Centre County",1,63,1764,913,851
050,42,027,"Pennsylvania","Centre County",1,64,1812,911,901
050,42,027,"Pennsylvania","Centre County",1,65,1742,909,833
050,42,027,"Pennsylvania","Centre County",1,66,1631,832,799
050,42,027,"Pennsylvania","Centre County",1,67,1587,774,813
050,42,027,"Pennsylvania","Centre County",1,68,1533,752,781
050,42,027,"Pennsylvania","Centre County",1,69,1311,647,664
050,42,027,"Pennsylvania","Centre County",1,70,1297,640,657
050,42,027,"Pennsylvania","Centre County",1,71,1313,630,683
050,42,027,"Pennsylvania","Centre County",1,72,1289,622,667
050,42,027,"Pennsylvania","Centre County",1,73,1275,616,659
050,42,027,"Pennsylvania","Centre County",1,74,866,416,450
050,42,027,"Pennsylvania","Centre County",1,75,821,385,436
050,42,027,"Pennsylvania","Centre County",1,76,831,382,449
050,42,027,"Pennsylvania","Centre County",1,77,865,387,478
050,42,027,"Pennsylvania","Centre County",1,78,746,329,417
050,42,027,"Pennsylvania","Centre County",1,79,672,310,362
050,42,027,"Pennsylvania","Centre County",1,80,648,282,366
050,42,027,"Pennsylvania","Centre County",1,81,629,267,362
050,42,027,"Pennsylvania","Centre County",1,82,568,232,336
050,42,027,"Pennsylvania","Centre County",1,83,534,230,304
050,42,027,"Pennsylvania","Centre County",1,84,489,208,281
050,42,027,"Pennsylvania","Centre County",1,85,2834,1050,1784
050,42,027,"Pennsylvania","Centre County",2,0,1102,558,544
050,42,027,"Pennsylvania","Centre County",2,1,1120,580,540
050,42,027,"Pennsylvania","Centre County",2,2,1128,589,539
050,42,027,"Pennsylvania","Centre County",2,3,1189,607,582
050,42,027,"Pennsylvania","Centre County",2,4,1249,646,603
050,42,027,"Pennsylvania","Centre County",2,5,1263,674,589
050,42,027,"Pennsylvania","Centre County",2,6,1277,675,602
050,42,027,"Pennsylvania","Centre County",2,7,1311,668,643
050,42,027,"Pennsylvania","Centre County",2,8,1300,684,616
050,42,027,"Pennsylvania","Centre County",2,9,1295,703,592
050,42,027,"Pennsylvania","Centre County",2,10,1340,720,620
050,42,027,"Pennsylvania","Centre County",2,11,1350,718,632
050,42,027,"Pennsylvania","Centre County",2,12,1418,740,678
050,42,027,"Pennsylvania","Centre County",2,13,1440,715,725
050,42,027,"Pennsylvania","Centre County",2,14,1407,705,702
050,42,027,"Pennsylvania","Centre County",2,15,1375,703,672
050,42,027,"Pennsylvania","Centre County",2,16,1450,720,730
050,42,027,"Pennsylvania","Centre County",2,17,1516,754,762
050,42,027,"Pennsylvania","Centre County",2,18,4111,1999,2112
050,42,027,"Pennsylvania","Centre County",2,19,7198,3703,3495
050,42,027,"Pennsylvania","Centre County",2,20,6727,3483,3244
050,42,027,"Pennsylvania","Centre County",2,21,7586,4191,3395
050,42,027,"Pennsylvania","Centre County",2,22,5272,3098,2174
050,42,027,"Pennsylvania","Centre County",2,23,3617,2176,1441
050,42,027,"Pennsylvania","Centre County",2,24,2581,1545,1036
050,42,027,"Pennsylvania","Centre County",2,25,2176,1270,906
050,42,027,"Pennsylvania","Centre County",2,26,2111,1222,889
050,42,027,"Pennsylvania","Centre County",2,27,1973,1120,853
050,42,027,"Pennsylvania","Centre County",2,28,2022,1099,923
050,42,027,"Pennsylvania","Centre County",2,29,2146,1197,949
050,42,027,"Pennsylvania","Centre County",2,30,2270,1312,958
050,42,027,"Pennsylvania","Centre County",2,31,2274,1298,976
050,42,027,"Pennsylvania","Centre County",2,32,2182,1219,963
050,42,027,"Pennsylvania","Centre County",2,33,1849,1016,833
050,42,027,"Pennsylvania","Centre County",2,34,1742,964,778
050,42,027,"Pennsylvania","Centre County",2,35,1717,947,770
050,42,027,"Pennsylvania","Centre County",2,36,1758,986,772
050,42,027,"Pennsylvania","Centre County",2,37,1881,1074,807
050,42,027,"Pennsylvania","Centre County",2,38,1825,1038,787
050,42,027,"Pennsylvania","Centre County",2,39,1825,1065,760
050,42,027,"Pennsylvania","Centre County",2,40,1752,987,765
050,42,027,"Pennsylvania","Centre County",2,41,1680,918,762
050,42,027,"Pennsylvania","Centre County",2,42,1705,936,769
050,42,027,"Pennsylvania","Centre County",2,43,1649,913,736
050,42,027,"Pennsylvania","Centre County",2,44,1595,874,721
050,42,027,"Pennsylvania","Centre County",2,45,1570,839,731
050,42,027,"Pennsylvania","Centre County",2,46,1569,862,707
050,42,027,"Pennsylvania","Centre County",2,47,1584,839,745
050,42,027,"Pennsylvania","Centre County",2,48,1683,886,797
050,42,027,"Pennsylvania","Centre County",2,49,1851,1004,847
050,42,027,"Pennsylvania","Centre County",2,50,1793,974,819
050,42,027,"Pennsylvania","Centre County",2,51,1763,950,813
050,42,027,"Pennsylvania","Centre County",2,52,1742,932,810
050,42,027,"Pennsylvania","Centre County",2,53,1750,914,836
050,42,027,"Pennsylvania","Centre County",2,54,1765,907,858
050,42,027,"Pennsylvania","Centre County",2,55,1872,972,900
050,42,027,"Pennsylvania","Centre County",2,56,1946,1006,940
050,42,027,"Pennsylvania","Centre County",2,57,1874,946,928
050,42,027,"Pennsylvania","Centre County",2,58,1872,925,947
050,42,027,"Pennsylvania","Centre County",2,59,1903,974,929
050,42,027,"Pennsylvania","Centre County",2,60,1820,931,889
050,42,027,"Pennsylvania","Centre County",2,61,1822,936,886
050,42,027,"Pennsylvania","Centre County",2,62,1810,940,870
050,42,027,"Pennsylvania","Centre County",2,63,1784,922,862
050,42,027,"Pennsylvania","Centre County",2,64,1781,899,882
050,42,027,"Pennsylvania","Centre County",2,65,1749,906,843
050,42,027,"Pennsylvania","Centre County",2,66,1657,850,807
050,42,027,"Pennsylvania","Centre County",2,67,1592,786,806
050,42,027,"Pennsylvania","Centre County",2,68,1526,747,779
050,42,027,"Pennsylvania","Centre County",2,69,1370,675,695
050,42,027,"Pennsylvania","Centre County",2,70,1288,635,653
050,42,027,"Pennsylvania","Centre County",2,71,1305,630,675
050,42,027,"Pennsylvania","Centre County",2,72,1269,613,656
050,42,027,"Pennsylvania","Centre County",2,73,1338,645,693
050,42,027,"Pennsylvania","Centre County",2,74,903,434,469
050,42,027,"Pennsylvania","Centre County",2,75,831,391,440
050,42,027,"Pennsylvania","Centre County",2,76,811,374,437
050,42,027,"Pennsylvania","Centre County",2,77,875,396,479
050,42,027,"Pennsylvania","Centre County",2,78,753,331,422
050,42,027,"Pennsylvania","Centre County",2,79,682,310,372
050,42,027,"Pennsylvania","Centre County",2,80,649,289,360
050,42,027,"Pennsylvania","Centre County",2,81,629,266,363
050,42,027,"Pennsylvania","Centre County",2,82,578,234,344
050,42,027,"Pennsylvania","Centre County",2,83,535,231,304
050,42,027,"Pennsylvania","Centre County",2,84,489,209,280
050,42,027,"Pennsylvania","Centre County",2,85,2842,1049,1793
050,42,027,"Pennsylvania","Centre County",3,0,1121,575,546
050,42,027,"Pennsylvania","Centre County",3,1,1090,571,519
050,42,027,"Pennsylvania","Centre County",3,2,1131,588,543
050,42,027,"Pennsylvania","Centre County",3,3,1145,604,541
050,42,027,"Pennsylvania","Centre County",3,4,1172,607,565
050,42,027,"Pennsylvania","Centre County",3,5,1250,652,598
050,42,027,"Pennsylvania","Centre County",3,6,1277,686,591
050,42,027,"Pennsylvania","Centre County",3,7,1282,674,608
050,42,027,"Pennsylvania","Centre County",3,8,1291,654,637
050,42,027,"Pennsylvania","Centre County",3,9,1274,679,595
050,42,027,"Pennsylvania","Centre County",3,10,1284,699,585
050,42,027,"Pennsylvania","Centre County",3,11,1339,716,623
050,42,027,"Pennsylvania","Centre County",3,12,1361,724,637
050,42,027,"Pennsylvania","Centre County",3,13,1420,743,677
050,42,027,"Pennsylvania","Centre County",3,14,1441,719,722
050,42,027,"Pennsylvania","Centre County",3,15,1425,713,712
050,42,027,"Pennsylvania","Centre County",3,16,1388,714,674
050,42,027,"Pennsylvania","Centre County",3,17,1505,758,747
050,42,027,"Pennsylvania","Centre County",3,18,4315,2078,2237
050,42,027,"Pennsylvania","Centre County",3,19,7488,3868,3620
050,42,027,"Pennsylvania","Centre County",3,20,6866,3536,3330
050,42,027,"Pennsylvania","Centre County",3,21,7746,4271,3475
050,42,027,"Pennsylvania","Centre County",3,22,5250,3085,2165
050,42,027,"Pennsylvania","Centre County",3,23,3509,2100,1409
050,42,027,"Pennsylvania","Centre County",3,24,2558,1515,1043
050,42,027,"Pennsylvania","Centre County",3,25,2164,1265,899
050,42,027,"Pennsylvania","Centre County",3,26,2069,1181,888
050,42,027,"Pennsylvania","Centre County",3,27,1921,1084,837
050,42,027,"Pennsylvania","Centre County",3,28,1895,1073,822
050,42,027,"Pennsylvania","Centre County",3,29,1943,1071,872
050,42,027,"Pennsylvania","Centre County",3,30,2061,1162,899
050,42,027,"Pennsylvania","Centre County",3,31,2144,1244,900
050,42,027,"Pennsylvania","Centre County",3,32,2215,1250,965
050,42,027,"Pennsylvania","Centre County",3,33,2084,1146,938
050,42,027,"Pennsylvania","Centre County",3,34,1801,977,824
050,42,027,"Pennsylvania","Centre County",3,35,1739,954,785
050,42,027,"Pennsylvania","Centre County",3,36,1736,958,778
050,42,027,"Pennsylvania","Centre County",3,37,1735,964,771
050,42,027,"Pennsylvania","Centre County",3,38,1823,1019,804
050,42,027,"Pennsylvania","Centre County",3,39,1839,1046,793
050,42,027,"Pennsylvania","Centre County",3,40,1754,1008,746
050,42,027,"Pennsylvania","Centre County",3,41,1720,961,759
050,42,027,"Pennsylvania","Centre County",3,42,1673,900,773
050,42,027,"Pennsylvania","Centre County",3,43,1676,914,762
050,42,027,"Pennsylvania","Centre County",3,44,1664,906,758
050,42,027,"Pennsylvania","Centre County",3,45,1541,810,731
050,42,027,"Pennsylvania","Centre County",3,46,1572,852,720
050,42,027,"Pennsylvania","Centre County",3,47,1546,838,708
050,42,027,"Pennsylvania","Centre County",3,48,1566,824,742
050,42,027,"Pennsylvania","Centre County",3,49,1695,894,801
050,42,027,"Pennsylvania","Centre County",3,50,1804,956,848
050,42,027,"Pennsylvania","Centre County",3,51,1801,967,834
050,42,027,"Pennsylvania","Centre County",3,52,1757,938,819
050,42,027,"Pennsylvania","Centre County",3,53,1709,905,804
050,42,027,"Pennsylvania","Centre County",3,54,1742,910,832
050,42,027,"Pennsylvania","Centre County",3,55,1781,919,862
050,42,027,"Pennsylvania","Centre County",3,56,1836,948,888
050,42,027,"Pennsylvania","Centre County",3,57,1928,997,931
050,42,027,"Pennsylvania","Centre County",3,58,1871,930,941
050,42,027,"Pennsylvania","Centre County",3,59,1872,929,943
050,42,027,"Pennsylvania","Centre County",3,60,1876,959,917
050,42,027,"Pennsylvania","Centre County",3,61,1786,900,886
050,42,027,"Pennsylvania","Centre County",3,62,1790,921,869
050,42,027,"Pennsylvania","Centre County",3,63,1792,921,871
050,42,027,"Pennsylvania","Centre County",3,64,1769,907,862
050,42,027,"Pennsylvania","Centre County",3,65,1754,875,879
050,42,027,"Pennsylvania","Centre County",3,66,1719,892,827
050,42,027,"Pennsylvania","Centre County",3,67,1646,842,804
050,42,027,"Pennsylvania","Centre County",3,68,1556,758,798
050,42,027,"Pennsylvania","Centre County",3,69,1502,731,771
050,42,027,"Pennsylvania","Centre County",3,70,1339,649,690
050,42,027,"Pennsylvania","Centre County",3,71,1263,617,646
050,42,027,"Pennsylvania","Centre County",3,72,1278,612,666
050,42,027,"Pennsylvania","Centre County",3,73,1242,595,647
050,42,027,"Pennsylvania","Centre County",3,74,1309,631,678
050,42,027,"Pennsylvania","Centre County",3,75,874,409,465
050,42,027,"Pennsylvania","Centre County",3,76,793,371,422
050,42,027,"Pennsylvania","Centre County",3,77,783,358,425
050,42,027,"Pennsylvania","Centre County",3,78,859,389,470
050,42,027,"Pennsylvania","Centre County",3,79,722,315,407
050,42,027,"Pennsylvania","Centre County",3,80,652,305,347
050,42,027,"Pennsylvania","Centre County",3,81,612,260,352
050,42,027,"Pennsylvania","Centre County",3,82,587,245,342
050,42,027,"Pennsylvania","Centre County",3,83,543,225,318
050,42,027,"Pennsylvania","Centre County",3,84,493,201,292
050,42,027,"Pennsylvania","Centre County",3,85,2840,1060,1780
050,42,027,"Pennsylvania","Centre County",4,0,1108,537,571
050,42,027,"Pennsylvania","Centre County",4,1,1108,553,555
050,42,027,"Pennsylvania","Centre County",4,2,1098,577,521
050,42,027,"Pennsylvania","Centre County",4,3,1162,604,558
050,42,027,"Pennsylvania","Centre County",4,4,1143,604,539
050,42,027,"Pennsylvania","Centre County",4,5,1209,630,579
050,42,027,"Pennsylvania","Centre County",4,6,1249,631,618
050,42,027,"Pennsylvania","Centre County",4,7,1299,701,598
050,42,027,"Pennsylvania","Centre County",4,8,1270,664,606
050,42,027,"Pennsylvania","Centre County",4,9,1308,659,649
050,42,027,"Pennsylvania","Centre County",4,10,1274,674,600
050,42,027,"Pennsylvania","Centre County",4,11,1283,693,590
050,42,027,"Pennsylvania","Centre County",4,12,1360,733,627
050,42,027,"Pennsylvania","Centre County",4,13,1364,717,647
050,42,027,"Pennsylvania","Centre County",4,14,1443,748,695
050,42,027,"Pennsylvania","Centre County",4,15,1444,724,720
050,42,027,"Pennsylvania","Centre County",4,16,1453,729,724
050,42,027,"Pennsylvania","Centre County",4,17,1516,804,712
050,42,027,"Pennsylvania","Centre County",4,18,4108,2009,2099
050,42,027,"Pennsylvania","Centre County",4,19,7134,3683,3451
050,42,027,"Pennsylvania","Centre County",4,20,6634,3437,3197
050,42,027,"Pennsylvania","Centre County",4,21,7722,4222,3500
050,42,027,"Pennsylvania","Centre County",4,22,5399,3159,2240
050,42,027,"Pennsylvania","Centre County",4,23,3455,2078,1377
050,42,027,"Pennsylvania","Centre County",4,24,2510,1498,1012
050,42,027,"Pennsylvania","Centre County",4,25,2160,1232,928
050,42,027,"Pennsylvania","Centre County",4,26,2029,1212,817
050,42,027,"Pennsylvania","Centre County",4,27,1847,1032,815
050,42,027,"Pennsylvania","Centre County",4,28,1898,1071,827
050,42,027,"Pennsylvania","Centre County",4,29,1819,1029,790
050,42,027,"Pennsylvania","Centre County",4,30,1922,1039,883
050,42,027,"Pennsylvania","Centre County",4,31,1954,1104,850
050,42,027,"Pennsylvania","Centre County",4,32,2129,1215,914
050,42,027,"Pennsylvania","Centre County",4,33,2131,1177,954
050,42,027,"Pennsylvania","Centre County",4,34,2090,1139,951
050,42,027,"Pennsylvania","Centre County",4,35,1784,973,811
050,42,027,"Pennsylvania","Centre County",4,36,1794,992,802
050,42,027,"Pennsylvania","Centre County",4,37,1777,979,798
050,42,027,"Pennsylvania","Centre County",4,38,1703,939,764
050,42,027,"Pennsylvania","Centre County",4,39,1842,1044,798
050,42,027,"Pennsylvania","Centre County",4,40,1856,1032,824
050,42,027,"Pennsylvania","Centre County",4,41,1730,981,749
050,42,027,"Pennsylvania","Centre County",4,42,1758,988,770
050,42,027,"Pennsylvania","Centre County",4,43,1655,888,767
050,42,027,"Pennsylvania","Centre County",4,44,1711,932,779
050,42,027,"Pennsylvania","Centre County",4,45,1610,861,749
050,42,027,"Pennsylvania","Centre County",4,46,1553,836,717
050,42,027,"Pennsylvania","Centre County",4,47,1566,848,718
050,42,027,"Pennsylvania","Centre County",4,48,1525,822,703
050,42,027,"Pennsylvania","Centre County",4,49,1597,839,758
050,42,027,"Pennsylvania","Centre County",4,50,1672,873,799
050,42,027,"Pennsylvania","Centre County",4,51,1806,963,843
050,42,027,"Pennsylvania","Centre County",4,52,1800,972,828
050,42,027,"Pennsylvania","Centre County",4,53,1773,943,830
050,42,027,"Pennsylvania","Centre County",4,54,1705,904,801
050,42,027,"Pennsylvania","Centre County",4,55,1767,928,839
050,42,027,"Pennsylvania","Centre County",4,56,1759,898,861
050,42,027,"Pennsylvania","Centre County",4,57,1812,937,875
050,42,027,"Pennsylvania","Centre County",4,58,1919,987,932
050,42,027,"Pennsylvania","Centre County",4,59,1871,930,941
050,42,027,"Pennsylvania","Centre County",4,60,1841,906,935
050,42,027,"Pennsylvania","Centre County",4,61,1847,934,913
050,42,027,"Pennsylvania","Centre County",4,62,1768,900,868
050,42,027,"Pennsylvania","Centre County",4,63,1778,915,863
050,42,027,"Pennsylvania","Centre County",4,64,1771,902,869
050,42,027,"Pennsylvania","Centre County",4,65,1741,895,846
050,42,027,"Pennsylvania","Centre County",4,66,1706,841,865
050,42,027,"Pennsylvania","Centre County",4,67,1710,882,828
050,42,027,"Pennsylvania","Centre County",4,68,1624,831,793
050,42,027,"Pennsylvania","Centre County",4,69,1538,733,805
050,42,027,"Pennsylvania","Centre County",4,70,1460,700,760
050,42,027,"Pennsylvania","Centre County",4,71,1318,637,681
050,42,027,"Pennsylvania","Centre County",4,72,1245,604,641
050,42,027,"Pennsylvania","Centre County",4,73,1242,595,647
050,42,027,"Pennsylvania","Centre County",4,74,1224,587,637
050,42,027,"Pennsylvania","Centre County",4,75,1282,611,671
050,42,027,"Pennsylvania","Centre County",4,76,843,394,449
050,42,027,"Pennsylvania","Centre County",4,77,791,369,422
050,42,027,"Pennsylvania","Centre County",4,78,768,353,415
050,42,027,"Pennsylvania","Centre County",4,79,829,370,459
050,42,027,"Pennsylvania","Centre County",4,80,689,303,386
050,42,027,"Pennsylvania","Centre County",4,81,635,286,349
050,42,027,"Pennsylvania","Centre County",4,82,563,235,328
050,42,027,"Pennsylvania","Centre County",4,83,554,230,324
050,42,027,"Pennsylvania","Centre County",4,84,499,207,292
050,42,027,"Pennsylvania","Centre County",4,85,2890,1104,1786
050,42,027,"Pennsylvania","Centre County",5,0,1084,527,557
050,42,027,"Pennsylvania","Centre County",5,1,1125,542,583
050,42,027,"Pennsylvania","Centre County",5,2,1111,549,562
050,42,027,"Pennsylvania","Centre County",5,3,1076,560,516
050,42,027,"Pennsylvania","Centre County",5,4,1156,604,552
050,42,027,"Pennsylvania","Centre County",5,5,1161,612,549
050,42,027,"Pennsylvania","Centre County",5,6,1224,640,584
050,42,027,"Pennsylvania","Centre County",5,7,1253,623,630
050,42,027,"Pennsylvania","Centre County",5,8,1291,689,602
050,42,027,"Pennsylvania","Centre County",5,9,1285,673,612
050,42,027,"Pennsylvania","Centre County",5,10,1312,661,651
050,42,027,"Pennsylvania","Centre County",5,11,1286,677,609
050,42,027,"Pennsylvania","Centre County",5,12,1299,687,612
050,42,027,"Pennsylvania","Centre County",5,13,1364,737,627
050,42,027,"Pennsylvania","Centre County",5,14,1361,708,653
050,42,027,"Pennsylvania","Centre County",5,15,1479,772,707
050,42,027,"Pennsylvania","Centre County",5,16,1493,741,752
050,42,027,"Pennsylvania","Centre County",5,17,1562,801,761
050,42,027,"Pennsylvania","Centre County",5,18,4125,2053,2072
050,42,027,"Pennsylvania","Centre County",5,19,7157,3698,3459
050,42,027,"Pennsylvania","Centre County",5,20,6675,3442,3233
050,42,027,"Pennsylvania","Centre County",5,21,7631,4191,3440
050,42,027,"Pennsylvania","Centre County",5,22,5488,3143,2345
050,42,027,"Pennsylvania","Centre County",5,23,3642,2213,1429
050,42,027,"Pennsylvania","Centre County",5,24,2393,1439,954
050,42,027,"Pennsylvania","Centre County",5,25,2096,1231,865
050,42,027,"Pennsylvania","Centre County",5,26,2008,1131,877
050,42,027,"Pennsylvania","Centre County",5,27,1843,1072,771
050,42,027,"Pennsylvania","Centre County",5,28,1818,1022,796
050,42,027,"Pennsylvania","Centre County",5,29,1810,1026,784
050,42,027,"Pennsylvania","Centre County",5,30,1788,1009,779
050,42,027,"Pennsylvania","Centre County",5,31,1826,990,836
050,42,027,"Pennsylvania","Centre County",5,32,1903,1059,844
050,42,027,"Pennsylvania","Centre County",5,33,2068,1166,902
050,42,027,"Pennsylvania","Centre County",5,34,2102,1176,926
050,42,027,"Pennsylvania","Centre County",5,35,2058,1129,929
050,42,027,"Pennsylvania","Centre County",5,36,1802,995,807
050,42,027,"Pennsylvania","Centre County",5,37,1845,1023,822
050,42,027,"Pennsylvania","Centre County",5,38,1727,949,778
050,42,027,"Pennsylvania","Centre County",5,39,1735,987,748
050,42,027,"Pennsylvania","Centre County",5,40,1833,1020,813
050,42,027,"Pennsylvania","Centre County",5,41,1841,1023,818
050,42,027,"Pennsylvania","Centre County",5,42,1771,1007,764
050,42,027,"Pennsylvania","Centre County",5,43,1713,944,769
050,42,027,"Pennsylvania","Centre County",5,44,1696,910,786
050,42,027,"Pennsylvania","Centre County",5,45,1681,902,779
050,42,027,"Pennsylvania","Centre County",5,46,1651,906,745
050,42,027,"Pennsylvania","Centre County",5,47,1554,834,720
050,42,027,"Pennsylvania","Centre County",5,48,1546,831,715
050,42,027,"Pennsylvania","Centre County",5,49,1548,845,703
050,42,027,"Pennsylvania","Centre County",5,50,1590,827,763
050,42,027,"Pennsylvania","Centre County",5,51,1692,901,791
050,42,027,"Pennsylvania","Centre County",5,52,1813,964,849
050,42,027,"Pennsylvania","Centre County",5,53,1784,958,826
050,42,027,"Pennsylvania","Centre County",5,54,1765,943,822
050,42,027,"Pennsylvania","Centre County",5,55,1728,909,819
050,42,027,"Pennsylvania","Centre County",5,56,1748,907,841
050,42,027,"Pennsylvania","Centre County",5,57,1734,884,850
050,42,027,"Pennsylvania","Centre County",5,58,1803,914,889
050,42,027,"Pennsylvania","Centre County",5,59,1922,1002,920
050,42,027,"Pennsylvania","Centre County",5,60,1838,911,927
050,42,027,"Pennsylvania","Centre County",5,61,1840,902,938
050,42,027,"Pennsylvania","Centre County",5,62,1831,925,906
050,42,027,"Pennsylvania","Centre County",5,63,1759,897,862
050,42,027,"Pennsylvania","Centre County",5,64,1761,893,868
050,42,027,"Pennsylvania","Centre County",5,65,1749,897,852
050,42,027,"Pennsylvania","Centre County",5,66,1712,886,826
050,42,027,"Pennsylvania","Centre County",5,67,1692,829,863
050,42,027,"Pennsylvania","Centre County",5,68,1674,859,815
050,42,027,"Pennsylvania","Centre County",5,69,1597,811,786
050,42,027,"Pennsylvania","Centre County",5,70,1503,709,794
050,42,027,"Pennsylvania","Centre County",5,71,1426,680,746
050,42,027,"Pennsylvania","Centre County",5,72,1287,624,663
050,42,027,"Pennsylvania","Centre County",5,73,1209,589,620
050,42,027,"Pennsylvania","Centre County",5,74,1215,580,635
050,42,027,"Pennsylvania","Centre County",5,75,1190,565,625
050,42,027,"Pennsylvania","Centre County",5,76,1242,586,656
050,42,027,"Pennsylvania","Centre County",5,77,825,385,440
050,42,027,"Pennsylvania","Centre County",5,78,783,367,416
050,42,027,"Pennsylvania","Centre County",5,79,729,328,401
050,42,027,"Pennsylvania","Centre County",5,80,791,362,429
050,42,027,"Pennsylvania","Centre County",5,81,669,281,388
050,42,027,"Pennsylvania","Centre County",5,82,587,258,329
050,42,027,"Pennsylvania","Centre County",5,83,526,223,303
050,42,027,"Pennsylvania","Centre County",5,84,511,209,302
050,42,027,"Pennsylvania","Centre County",5,85,2974,1153,1821
050,42,029,"Pennsylvania","Chester County",1,0,5433,2775,2658
050,42,029,"Pennsylvania","Chester County",1,1,5614,2863,2751
050,42,029,"Pennsylvania","Chester County",1,2,5745,2922,2823
050,42,029,"Pennsylvania","Chester County",1,3,5927,3049,2878
050,42,029,"Pennsylvania","Chester County",1,4,6218,3171,3047
050,42,029,"Pennsylvania","Chester County",1,5,6471,3219,3252
050,42,029,"Pennsylvania","Chester County",1,6,6461,3257,3204
050,42,029,"Pennsylvania","Chester County",1,7,6519,3293,3226
050,42,029,"Pennsylvania","Chester County",1,8,6675,3440,3235
050,42,029,"Pennsylvania","Chester County",1,9,6726,3454,3272
050,42,029,"Pennsylvania","Chester County",1,10,7052,3635,3417
050,42,029,"Pennsylvania","Chester County",1,11,7396,3767,3629
050,42,029,"Pennsylvania","Chester County",1,12,7490,3828,3662
050,42,029,"Pennsylvania","Chester County",1,13,7515,3852,3663
050,42,029,"Pennsylvania","Chester County",1,14,7525,3871,3654
050,42,029,"Pennsylvania","Chester County",1,15,7537,3838,3699
050,42,029,"Pennsylvania","Chester County",1,16,7704,3997,3707
050,42,029,"Pennsylvania","Chester County",1,17,7512,3855,3657
050,42,029,"Pennsylvania","Chester County",1,18,7617,3753,3864
050,42,029,"Pennsylvania","Chester County",1,19,7628,3651,3977
050,42,029,"Pennsylvania","Chester County",1,20,6961,3349,3612
050,42,029,"Pennsylvania","Chester County",1,21,6550,3207,3343
050,42,029,"Pennsylvania","Chester County",1,22,6466,3256,3210
050,42,029,"Pennsylvania","Chester County",1,23,6065,3094,2971
050,42,029,"Pennsylvania","Chester County",1,24,5977,3071,2906
050,42,029,"Pennsylvania","Chester County",1,25,5865,3047,2818
050,42,029,"Pennsylvania","Chester County",1,26,5842,3073,2769
050,42,029,"Pennsylvania","Chester County",1,27,5915,3091,2824
050,42,029,"Pennsylvania","Chester County",1,28,5875,3020,2855
050,42,029,"Pennsylvania","Chester County",1,29,5842,2990,2852
050,42,029,"Pennsylvania","Chester County",1,30,6117,3042,3075
050,42,029,"Pennsylvania","Chester County",1,31,6122,3087,3035
050,42,029,"Pennsylvania","Chester County",1,32,6275,3222,3053
050,42,029,"Pennsylvania","Chester County",1,33,6501,3283,3218
050,42,029,"Pennsylvania","Chester County",1,34,6676,3349,3327
050,42,029,"Pennsylvania","Chester County",1,35,6621,3348,3273
050,42,029,"Pennsylvania","Chester County",1,36,6785,3449,3336
050,42,029,"Pennsylvania","Chester County",1,37,6854,3483,3371
050,42,029,"Pennsylvania","Chester County",1,38,6926,3456,3470
050,42,029,"Pennsylvania","Chester County",1,39,6963,3525,3438
050,42,029,"Pennsylvania","Chester County",1,40,6861,3465,3396
050,42,029,"Pennsylvania","Chester County",1,41,6749,3403,3346
050,42,029,"Pennsylvania","Chester County",1,42,6708,3406,3302
050,42,029,"Pennsylvania","Chester County",1,43,6565,3297,3268
050,42,029,"Pennsylvania","Chester County",1,44,6529,3290,3239
050,42,029,"Pennsylvania","Chester County",1,45,6583,3331,3252
050,42,029,"Pennsylvania","Chester County",1,46,6555,3286,3269
050,42,029,"Pennsylvania","Chester County",1,47,6716,3390,3326
050,42,029,"Pennsylvania","Chester County",1,48,7128,3633,3495
050,42,029,"Pennsylvania","Chester County",1,49,7679,3832,3847
050,42,029,"Pennsylvania","Chester County",1,50,7525,3765,3760
050,42,029,"Pennsylvania","Chester County",1,51,7441,3726,3715
050,42,029,"Pennsylvania","Chester County",1,52,7306,3647,3659
050,42,029,"Pennsylvania","Chester County",1,53,7382,3672,3710
050,42,029,"Pennsylvania","Chester County",1,54,7510,3762,3748
050,42,029,"Pennsylvania","Chester County",1,55,7868,3901,3967
050,42,029,"Pennsylvania","Chester County",1,56,7927,3940,3987
050,42,029,"Pennsylvania","Chester County",1,57,7924,3954,3970
050,42,029,"Pennsylvania","Chester County",1,58,7956,3932,4024
050,42,029,"Pennsylvania","Chester County",1,59,7700,3819,3881
050,42,029,"Pennsylvania","Chester County",1,60,7550,3720,3830
050,42,029,"Pennsylvania","Chester County",1,61,7605,3706,3899
050,42,029,"Pennsylvania","Chester County",1,62,7467,3734,3733
050,42,029,"Pennsylvania","Chester County",1,63,7122,3576,3546
050,42,029,"Pennsylvania","Chester County",1,64,6723,3370,3353
050,42,029,"Pennsylvania","Chester County",1,65,6537,3201,3336
050,42,029,"Pennsylvania","Chester County",1,66,6280,3054,3226
050,42,029,"Pennsylvania","Chester County",1,67,6019,2875,3144
050,42,029,"Pennsylvania","Chester County",1,68,5806,2814,2992
050,42,029,"Pennsylvania","Chester County",1,69,5253,2532,2721
050,42,029,"Pennsylvania","Chester County",1,70,5018,2379,2639
050,42,029,"Pennsylvania","Chester County",1,71,4767,2273,2494
050,42,029,"Pennsylvania","Chester County",1,72,4929,2336,2593
050,42,029,"Pennsylvania","Chester County",1,73,5098,2435,2663
050,42,029,"Pennsylvania","Chester County",1,74,3515,1609,1906
050,42,029,"Pennsylvania","Chester County",1,75,3497,1603,1894
050,42,029,"Pennsylvania","Chester County",1,76,3418,1574,1844
050,42,029,"Pennsylvania","Chester County",1,77,3432,1552,1880
050,42,029,"Pennsylvania","Chester County",1,78,2897,1280,1617
050,42,029,"Pennsylvania","Chester County",1,79,2511,1108,1403
050,42,029,"Pennsylvania","Chester County",1,80,2272,995,1277
050,42,029,"Pennsylvania","Chester County",1,81,2180,919,1261
050,42,029,"Pennsylvania","Chester County",1,82,2017,881,1136
050,42,029,"Pennsylvania","Chester County",1,83,1779,744,1035
050,42,029,"Pennsylvania","Chester County",1,84,1691,702,989
050,42,029,"Pennsylvania","Chester County",1,85,10457,3757,6700
050,42,029,"Pennsylvania","Chester County",2,0,5488,2780,2708
050,42,029,"Pennsylvania","Chester County",2,1,5586,2852,2734
050,42,029,"Pennsylvania","Chester County",2,2,5748,2937,2811
050,42,029,"Pennsylvania","Chester County",2,3,5899,3031,2868
050,42,029,"Pennsylvania","Chester County",2,4,6188,3158,3030
050,42,029,"Pennsylvania","Chester County",2,5,6441,3223,3218
050,42,029,"Pennsylvania","Chester County",2,6,6499,3270,3229
050,42,029,"Pennsylvania","Chester County",2,7,6509,3293,3216
050,42,029,"Pennsylvania","Chester County",2,8,6628,3399,3229
050,42,029,"Pennsylvania","Chester County",2,9,6728,3465,3263
050,42,029,"Pennsylvania","Chester County",2,10,6991,3599,3392
050,42,029,"Pennsylvania","Chester County",2,11,7301,3732,3569
050,42,029,"Pennsylvania","Chester County",2,12,7519,3840,3679
050,42,029,"Pennsylvania","Chester County",2,13,7516,3853,3663
050,42,029,"Pennsylvania","Chester County",2,14,7534,3873,3661
050,42,029,"Pennsylvania","Chester County",2,15,7539,3850,3689
050,42,029,"Pennsylvania","Chester County",2,16,7674,3965,3709
050,42,029,"Pennsylvania","Chester County",2,17,7567,3899,3668
050,42,029,"Pennsylvania","Chester County",2,18,7607,3758,3849
050,42,029,"Pennsylvania","Chester County",2,19,7655,3656,3999
050,42,029,"Pennsylvania","Chester County",2,20,7040,3387,3653
050,42,029,"Pennsylvania","Chester County",2,21,6574,3215,3359
050,42,029,"Pennsylvania","Chester County",2,22,6405,3232,3173
050,42,029,"Pennsylvania","Chester County",2,23,6082,3103,2979
050,42,029,"Pennsylvania","Chester County",2,24,5947,3056,2891
050,42,029,"Pennsylvania","Chester County",2,25,5867,3050,2817
050,42,029,"Pennsylvania","Chester County",2,26,5861,3082,2779
050,42,029,"Pennsylvania","Chester County",2,27,5902,3085,2817
050,42,029,"Pennsylvania","Chester County",2,28,5899,3047,2852
050,42,029,"Pennsylvania","Chester County",2,29,5861,2992,2869
050,42,029,"Pennsylvania","Chester County",2,30,6099,3048,3051
050,42,029,"Pennsylvania","Chester County",2,31,6134,3081,3053
050,42,029,"Pennsylvania","Chester County",2,32,6270,3198,3072
050,42,029,"Pennsylvania","Chester County",2,33,6487,3286,3201
050,42,029,"Pennsylvania","Chester County",2,34,6679,3354,3325
050,42,029,"Pennsylvania","Chester County",2,35,6715,3387,3328
050,42,029,"Pennsylvania","Chester County",2,36,6740,3424,3316
050,42,029,"Pennsylvania","Chester County",2,37,6869,3494,3375
050,42,029,"Pennsylvania","Chester County",2,38,6965,3490,3475
050,42,029,"Pennsylvania","Chester County",2,39,6951,3506,3445
050,42,029,"Pennsylvania","Chester County",2,40,6945,3510,3435
050,42,029,"Pennsylvania","Chester County",2,41,6788,3419,3369
050,42,029,"Pennsylvania","Chester County",2,42,6708,3400,3308
050,42,029,"Pennsylvania","Chester County",2,43,6655,3354,3301
050,42,029,"Pennsylvania","Chester County",2,44,6496,3273,3223
050,42,029,"Pennsylvania","Chester County",2,45,6616,3344,3272
050,42,029,"Pennsylvania","Chester County",2,46,6542,3281,3261
050,42,029,"Pennsylvania","Chester County",2,47,6665,3369,3296
050,42,029,"Pennsylvania","Chester County",2,48,7039,3578,3461
050,42,029,"Pennsylvania","Chester County",2,49,7572,3801,3771
050,42,029,"Pennsylvania","Chester County",2,50,7580,3797,3783
050,42,029,"Pennsylvania","Chester County",2,51,7425,3714,3711
050,42,029,"Pennsylvania","Chester County",2,52,7300,3648,3652
050,42,029,"Pennsylvania","Chester County",2,53,7350,3657,3693
050,42,029,"Pennsylvania","Chester County",2,54,7449,3727,3722
050,42,029,"Pennsylvania","Chester County",2,55,7767,3857,3910
050,42,029,"Pennsylvania","Chester County",2,56,7918,3936,3982
050,42,029,"Pennsylvania","Chester County",2,57,7934,3952,3982
050,42,029,"Pennsylvania","Chester County",2,58,7912,3917,3995
050,42,029,"Pennsylvania","Chester County",2,59,7785,3864,3921
050,42,029,"Pennsylvania","Chester County",2,60,7557,3730,3827
050,42,029,"Pennsylvania","Chester County",2,61,7557,3693,3864
050,42,029,"Pennsylvania","Chester County",2,62,7493,3723,3770
050,42,029,"Pennsylvania","Chester County",2,63,7255,3637,3618
050,42,029,"Pennsylvania","Chester County",2,64,6754,3385,3369
050,42,029,"Pennsylvania","Chester County",2,65,6554,3225,3329
050,42,029,"Pennsylvania","Chester County",2,66,6334,3083,3251
050,42,029,"Pennsylvania","Chester County",2,67,6038,2899,3139
050,42,029,"Pennsylvania","Chester County",2,68,5785,2787,2998
050,42,029,"Pennsylvania","Chester County",2,69,5402,2602,2800
050,42,029,"Pennsylvania","Chester County",2,70,5041,2396,2645
050,42,029,"Pennsylvania","Chester County",2,71,4818,2293,2525
050,42,029,"Pennsylvania","Chester County",2,72,4796,2270,2526
050,42,029,"Pennsylvania","Chester County",2,73,5279,2518,2761
050,42,029,"Pennsylvania","Chester County",2,74,3649,1689,1960
050,42,029,"Pennsylvania","Chester County",2,75,3488,1598,1890
050,42,029,"Pennsylvania","Chester County",2,76,3390,1558,1832
050,42,029,"Pennsylvania","Chester County",2,77,3474,1569,1905
050,42,029,"Pennsylvania","Chester County",2,78,2938,1300,1638
050,42,029,"Pennsylvania","Chester County",2,79,2556,1118,1438
050,42,029,"Pennsylvania","Chester County",2,80,2305,1001,1304
050,42,029,"Pennsylvania","Chester County",2,81,2147,909,1238
050,42,029,"Pennsylvania","Chester County",2,82,2032,872,1160
050,42,029,"Pennsylvania","Chester County",2,83,1801,760,1041
050,42,029,"Pennsylvania","Chester County",2,84,1662,691,971
050,42,029,"Pennsylvania","Chester County",2,85,10315,3693,6622
050,42,029,"Pennsylvania","Chester County",3,0,5289,2716,2573
050,42,029,"Pennsylvania","Chester County",3,1,5647,2880,2767
050,42,029,"Pennsylvania","Chester County",3,2,5819,2948,2871
050,42,029,"Pennsylvania","Chester County",3,3,5934,3013,2921
050,42,029,"Pennsylvania","Chester County",3,4,6057,3108,2949
050,42,029,"Pennsylvania","Chester County",3,5,6322,3201,3121
050,42,029,"Pennsylvania","Chester County",3,6,6607,3312,3295
050,42,029,"Pennsylvania","Chester County",3,7,6595,3319,3276
050,42,029,"Pennsylvania","Chester County",3,8,6620,3343,3277
050,42,029,"Pennsylvania","Chester County",3,9,6699,3440,3259
050,42,029,"Pennsylvania","Chester County",3,10,6801,3486,3315
050,42,029,"Pennsylvania","Chester County",3,11,7029,3621,3408
050,42,029,"Pennsylvania","Chester County",3,12,7370,3768,3602
050,42,029,"Pennsylvania","Chester County",3,13,7533,3858,3675
050,42,029,"Pennsylvania","Chester County",3,14,7581,3892,3689
050,42,029,"Pennsylvania","Chester County",3,15,7593,3920,3673
050,42,029,"Pennsylvania","Chester County",3,16,7576,3890,3686
050,42,029,"Pennsylvania","Chester County",3,17,7695,3990,3705
050,42,029,"Pennsylvania","Chester County",3,18,7949,3927,4022
050,42,029,"Pennsylvania","Chester County",3,19,7922,3735,4187
050,42,029,"Pennsylvania","Chester County",3,20,7250,3470,3780
050,42,029,"Pennsylvania","Chester County",3,21,6911,3341,3570
050,42,029,"Pennsylvania","Chester County",3,22,6594,3292,3302
050,42,029,"Pennsylvania","Chester County",3,23,6113,3137,2976
050,42,029,"Pennsylvania","Chester County",3,24,5994,3061,2933
050,42,029,"Pennsylvania","Chester County",3,25,5959,3070,2889
050,42,029,"Pennsylvania","Chester County",3,26,5888,3074,2814
050,42,029,"Pennsylvania","Chester County",3,27,5909,3123,2786
050,42,029,"Pennsylvania","Chester County",3,28,6044,3139,2905
050,42,029,"Pennsylvania","Chester County",3,29,6088,3110,2978
050,42,029,"Pennsylvania","Chester County",3,30,6064,3102,2962
050,42,029,"Pennsylvania","Chester County",3,31,6367,3197,3170
050,42,029,"Pennsylvania","Chester County",3,32,6444,3225,3219
050,42,029,"Pennsylvania","Chester County",3,33,6585,3301,3284
050,42,029,"Pennsylvania","Chester County",3,34,6899,3499,3400
050,42,029,"Pennsylvania","Chester County",3,35,6931,3485,3446
050,42,029,"Pennsylvania","Chester County",3,36,6957,3541,3416
050,42,029,"Pennsylvania","Chester County",3,37,7015,3588,3427
050,42,029,"Pennsylvania","Chester County",3,38,7050,3581,3469
050,42,029,"Pennsylvania","Chester County",3,39,7075,3549,3526
050,42,029,"Pennsylvania","Chester County",3,40,7120,3620,3500
050,42,029,"Pennsylvania","Chester County",3,41,7052,3562,3490
050,42,029,"Pennsylvania","Chester County",3,42,6872,3451,3421
050,42,029,"Pennsylvania","Chester County",3,43,6784,3420,3364
050,42,029,"Pennsylvania","Chester County",3,44,6762,3399,3363
050,42,029,"Pennsylvania","Chester County",3,45,6525,3289,3236
050,42,029,"Pennsylvania","Chester County",3,46,6648,3339,3309
050,42,029,"Pennsylvania","Chester County",3,47,6577,3313,3264
050,42,029,"Pennsylvania","Chester County",3,48,6676,3389,3287
050,42,029,"Pennsylvania","Chester County",3,49,7032,3569,3463
050,42,029,"Pennsylvania","Chester County",3,50,7589,3847,3742
050,42,029,"Pennsylvania","Chester County",3,51,7547,3776,3771
050,42,029,"Pennsylvania","Chester County",3,52,7411,3691,3720
050,42,029,"Pennsylvania","Chester County",3,53,7301,3657,3644
050,42,029,"Pennsylvania","Chester County",3,54,7374,3681,3693
050,42,029,"Pennsylvania","Chester County",3,55,7409,3695,3714
050,42,029,"Pennsylvania","Chester County",3,56,7756,3853,3903
050,42,029,"Pennsylvania","Chester County",3,57,7865,3913,3952
050,42,029,"Pennsylvania","Chester County",3,58,7869,3920,3949
050,42,029,"Pennsylvania","Chester County",3,59,7827,3882,3945
050,42,029,"Pennsylvania","Chester County",3,60,7693,3825,3868
050,42,029,"Pennsylvania","Chester County",3,61,7437,3645,3792
050,42,029,"Pennsylvania","Chester County",3,62,7484,3673,3811
050,42,029,"Pennsylvania","Chester County",3,63,7411,3689,3722
050,42,029,"Pennsylvania","Chester County",3,64,7088,3527,3561
050,42,029,"Pennsylvania","Chester County",3,65,6645,3294,3351
050,42,029,"Pennsylvania","Chester County",3,66,6459,3177,3282
050,42,029,"Pennsylvania","Chester County",3,67,6257,3023,3234
050,42,029,"Pennsylvania","Chester County",3,68,5913,2820,3093
050,42,029,"Pennsylvania","Chester County",3,69,5714,2740,2974
050,42,029,"Pennsylvania","Chester County",3,70,5339,2552,2787
050,42,029,"Pennsylvania","Chester County",3,71,4944,2353,2591
050,42,029,"Pennsylvania","Chester County",3,72,4751,2224,2527
050,42,029,"Pennsylvania","Chester County",3,73,4711,2222,2489
050,42,029,"Pennsylvania","Chester County",3,74,5179,2464,2715
050,42,029,"Pennsylvania","Chester County",3,75,3560,1650,1910
050,42,029,"Pennsylvania","Chester County",3,76,3423,1565,1858
050,42,029,"Pennsylvania","Chester County",3,77,3313,1508,1805
050,42,029,"Pennsylvania","Chester County",3,78,3378,1518,1860
050,42,029,"Pennsylvania","Chester County",3,79,2843,1259,1584
050,42,029,"Pennsylvania","Chester County",3,80,2457,1059,1398
050,42,029,"Pennsylvania","Chester County",3,81,2170,928,1242
050,42,029,"Pennsylvania","Chester County",3,82,2039,870,1169
050,42,029,"Pennsylvania","Chester County",3,83,1904,813,1091
050,42,029,"Pennsylvania","Chester County",3,84,1707,719,988
050,42,029,"Pennsylvania","Chester County",3,85,10349,3707,6642
050,42,029,"Pennsylvania","Chester County",4,0,5714,2917,2797
050,42,029,"Pennsylvania","Chester County",4,1,5507,2835,2672
050,42,029,"Pennsylvania","Chester County",4,2,5875,2992,2883
050,42,029,"Pennsylvania","Chester County",4,3,5975,3014,2961
050,42,029,"Pennsylvania","Chester County",4,4,6105,3118,2987
050,42,029,"Pennsylvania","Chester County",4,5,6239,3199,3040
050,42,029,"Pennsylvania","Chester County",4,6,6465,3280,3185
050,42,029,"Pennsylvania","Chester County",4,7,6753,3393,3360
050,42,029,"Pennsylvania","Chester County",4,8,6661,3367,3294
050,42,029,"Pennsylvania","Chester County",4,9,6651,3375,3276
050,42,029,"Pennsylvania","Chester County",4,10,6800,3476,3324
050,42,029,"Pennsylvania","Chester County",4,11,6901,3535,3366
050,42,029,"Pennsylvania","Chester County",4,12,7094,3643,3451
050,42,029,"Pennsylvania","Chester County",4,13,7370,3773,3597
050,42,029,"Pennsylvania","Chester County",4,14,7606,3908,3698
050,42,029,"Pennsylvania","Chester County",4,15,7617,3907,3710
050,42,029,"Pennsylvania","Chester County",4,16,7605,3929,3676
050,42,029,"Pennsylvania","Chester County",4,17,7594,3889,3705
050,42,029,"Pennsylvania","Chester County",4,18,8079,4011,4068
050,42,029,"Pennsylvania","Chester County",4,19,8043,3822,4221
050,42,029,"Pennsylvania","Chester County",4,20,7209,3435,3774
050,42,029,"Pennsylvania","Chester County",4,21,6893,3350,3543
050,42,029,"Pennsylvania","Chester County",4,22,6810,3405,3405
050,42,029,"Pennsylvania","Chester County",4,23,6235,3149,3086
050,42,029,"Pennsylvania","Chester County",4,24,5869,3011,2858
050,42,029,"Pennsylvania","Chester County",4,25,5915,3010,2905
050,42,029,"Pennsylvania","Chester County",4,26,5971,3112,2859
050,42,029,"Pennsylvania","Chester County",4,27,6002,3125,2877
050,42,029,"Pennsylvania","Chester County",4,28,6060,3150,2910
050,42,029,"Pennsylvania","Chester County",4,29,6135,3139,2996
050,42,029,"Pennsylvania","Chester County",4,30,6292,3209,3083
050,42,029,"Pennsylvania","Chester County",4,31,6343,3262,3081
050,42,029,"Pennsylvania","Chester County",4,32,6591,3315,3276
050,42,029,"Pennsylvania","Chester County",4,33,6734,3326,3408
050,42,029,"Pennsylvania","Chester County",4,34,6901,3460,3441
050,42,029,"Pennsylvania","Chester County",4,35,7121,3594,3527
050,42,029,"Pennsylvania","Chester County",4,36,7164,3595,3569
050,42,029,"Pennsylvania","Chester County",4,37,7217,3695,3522
050,42,029,"Pennsylvania","Chester County",4,38,7220,3680,3540
050,42,029,"Pennsylvania","Chester County",4,39,7220,3692,3528
050,42,029,"Pennsylvania","Chester County",4,40,7284,3683,3601
050,42,029,"Pennsylvania","Chester County",4,41,7278,3703,3575
050,42,029,"Pennsylvania","Chester County",4,42,7153,3606,3547
050,42,029,"Pennsylvania","Chester County",4,43,6978,3492,3486
050,42,029,"Pennsylvania","Chester County",4,44,6910,3508,3402
050,42,029,"Pennsylvania","Chester County",4,45,6884,3474,3410
050,42,029,"Pennsylvania","Chester County",4,46,6569,3285,3284
050,42,029,"Pennsylvania","Chester County",4,47,6684,3372,3312
050,42,029,"Pennsylvania","Chester County",4,48,6651,3321,3330
050,42,029,"Pennsylvania","Chester County",4,49,6674,3394,3280
050,42,029,"Pennsylvania","Chester County",4,50,7062,3617,3445
050,42,029,"Pennsylvania","Chester County",4,51,7550,3824,3726
050,42,029,"Pennsylvania","Chester County",4,52,7514,3785,3729
050,42,029,"Pennsylvania","Chester County",4,53,7348,3675,3673
050,42,029,"Pennsylvania","Chester County",4,54,7242,3618,3624
050,42,029,"Pennsylvania","Chester County",4,55,7292,3626,3666
050,42,029,"Pennsylvania","Chester County",4,56,7336,3659,3677
050,42,029,"Pennsylvania","Chester County",4,57,7734,3864,3870
050,42,029,"Pennsylvania","Chester County",4,58,7769,3876,3893
050,42,029,"Pennsylvania","Chester County",4,59,7805,3872,3933
050,42,029,"Pennsylvania","Chester County",4,60,7748,3836,3912
050,42,029,"Pennsylvania","Chester County",4,61,7558,3721,3837
050,42,029,"Pennsylvania","Chester County",4,62,7368,3608,3760
050,42,029,"Pennsylvania","Chester County",4,63,7416,3637,3779
050,42,029,"Pennsylvania","Chester County",4,64,7282,3602,3680
050,42,029,"Pennsylvania","Chester County",4,65,7022,3489,3533
050,42,029,"Pennsylvania","Chester County",4,66,6576,3248,3328
050,42,029,"Pennsylvania","Chester County",4,67,6372,3109,3263
050,42,029,"Pennsylvania","Chester County",4,68,6157,2959,3198
050,42,029,"Pennsylvania","Chester County",4,69,5845,2777,3068
050,42,029,"Pennsylvania","Chester County",4,70,5659,2698,2961
050,42,029,"Pennsylvania","Chester County",4,71,5307,2534,2773
050,42,029,"Pennsylvania","Chester County",4,72,4890,2304,2586
050,42,029,"Pennsylvania","Chester County",4,73,4681,2179,2502
050,42,029,"Pennsylvania","Chester County",4,74,4617,2161,2456
050,42,029,"Pennsylvania","Chester County",4,75,5102,2403,2699
050,42,029,"Pennsylvania","Chester County",4,76,3527,1640,1887
050,42,029,"Pennsylvania","Chester County",4,77,3355,1522,1833
050,42,029,"Pennsylvania","Chester County",4,78,3215,1477,1738
050,42,029,"Pennsylvania","Chester County",4,79,3248,1448,1800
050,42,029,"Pennsylvania","Chester County",4,80,2762,1220,1542
050,42,029,"Pennsylvania","Chester County",4,81,2330,980,1350
050,42,029,"Pennsylvania","Chester County",4,82,2096,885,1211
050,42,029,"Pennsylvania","Chester County",4,83,1923,811,1112
050,42,029,"Pennsylvania","Chester County",4,84,1812,781,1031
050,42,029,"Pennsylvania","Chester County",4,85,10497,3788,6709
050,42,029,"Pennsylvania","Chester County",5,0,5675,2899,2776
050,42,029,"Pennsylvania","Chester County",5,1,5888,2966,2922
050,42,029,"Pennsylvania","Chester County",5,2,5661,2931,2730
050,42,029,"Pennsylvania","Chester County",5,3,5947,3006,2941
050,42,029,"Pennsylvania","Chester County",5,4,6105,3063,3042
050,42,029,"Pennsylvania","Chester County",5,5,6203,3158,3045
050,42,029,"Pennsylvania","Chester County",5,6,6337,3270,3067
050,42,029,"Pennsylvania","Chester County",5,7,6515,3321,3194
050,42,029,"Pennsylvania","Chester County",5,8,6767,3412,3355
050,42,029,"Pennsylvania","Chester County",5,9,6724,3379,3345
050,42,029,"Pennsylvania","Chester County",5,10,6673,3396,3277
050,42,029,"Pennsylvania","Chester County",5,11,6839,3493,3346
050,42,029,"Pennsylvania","Chester County",5,12,6893,3541,3352
050,42,029,"Pennsylvania","Chester County",5,13,7098,3654,3444
050,42,029,"Pennsylvania","Chester County",5,14,7395,3775,3620
050,42,029,"Pennsylvania","Chester County",5,15,7593,3890,3703
050,42,029,"Pennsylvania","Chester County",5,16,7653,3929,3724
050,42,029,"Pennsylvania","Chester County",5,17,7626,3943,3683
050,42,029,"Pennsylvania","Chester County",5,18,7946,3930,4016
050,42,029,"Pennsylvania","Chester County",5,19,8149,3908,4241
050,42,029,"Pennsylvania","Chester County",5,20,7315,3528,3787
050,42,029,"Pennsylvania","Chester County",5,21,6862,3318,3544
050,42,029,"Pennsylvania","Chester County",5,22,6756,3379,3377
050,42,029,"Pennsylvania","Chester County",5,23,6475,3312,3163
050,42,029,"Pennsylvania","Chester County",5,24,6007,3018,2989
050,42,029,"Pennsylvania","Chester County",5,25,5740,2933,2807
050,42,029,"Pennsylvania","Chester County",5,26,5843,2977,2866
050,42,029,"Pennsylvania","Chester County",5,27,5946,3075,2871
050,42,029,"Pennsylvania","Chester County",5,28,5970,3113,2857
050,42,029,"Pennsylvania","Chester County",5,29,6154,3176,2978
050,42,029,"Pennsylvania","Chester County",5,30,6319,3240,3079
050,42,029,"Pennsylvania","Chester County",5,31,6392,3232,3160
050,42,029,"Pennsylvania","Chester County",5,32,6397,3296,3101
050,42,029,"Pennsylvania","Chester County",5,33,6696,3345,3351
050,42,029,"Pennsylvania","Chester County",5,34,6961,3404,3557
050,42,029,"Pennsylvania","Chester County",5,35,7115,3565,3550
050,42,029,"Pennsylvania","Chester County",5,36,7268,3688,3580
050,42,029,"Pennsylvania","Chester County",5,37,7347,3709,3638
050,42,029,"Pennsylvania","Chester County",5,38,7376,3750,3626
050,42,029,"Pennsylvania","Chester County",5,39,7357,3759,3598
050,42,029,"Pennsylvania","Chester County",5,40,7343,3780,3563
050,42,029,"Pennsylvania","Chester County",5,41,7360,3711,3649
050,42,029,"Pennsylvania","Chester County",5,42,7343,3763,3580
050,42,029,"Pennsylvania","Chester County",5,43,7197,3628,3569
050,42,029,"Pennsylvania","Chester County",5,44,7003,3518,3485
050,42,029,"Pennsylvania","Chester County",5,45,6926,3515,3411
050,42,029,"Pennsylvania","Chester County",5,46,6901,3477,3424
050,42,029,"Pennsylvania","Chester County",5,47,6566,3301,3265
050,42,029,"Pennsylvania","Chester County",5,48,6692,3359,3333
050,42,029,"Pennsylvania","Chester County",5,49,6664,3307,3357
050,42,029,"Pennsylvania","Chester County",5,50,6671,3409,3262
050,42,029,"Pennsylvania","Chester County",5,51,7055,3603,3452
050,42,029,"Pennsylvania","Chester County",5,52,7523,3795,3728
050,42,029,"Pennsylvania","Chester County",5,53,7469,3780,3689
050,42,029,"Pennsylvania","Chester County",5,54,7326,3658,3668
050,42,029,"Pennsylvania","Chester County",5,55,7128,3547,3581
050,42,029,"Pennsylvania","Chester County",5,56,7248,3616,3632
050,42,029,"Pennsylvania","Chester County",5,57,7272,3639,3633
050,42,029,"Pennsylvania","Chester County",5,58,7602,3788,3814
050,42,029,"Pennsylvania","Chester County",5,59,7743,3862,3881
050,42,029,"Pennsylvania","Chester County",5,60,7796,3869,3927
050,42,029,"Pennsylvania","Chester County",5,61,7648,3785,3863
050,42,029,"Pennsylvania","Chester County",5,62,7488,3700,3788
050,42,029,"Pennsylvania","Chester County",5,63,7304,3583,3721
050,42,029,"Pennsylvania","Chester County",5,64,7289,3551,3738
050,42,029,"Pennsylvania","Chester County",5,65,7224,3554,3670
050,42,029,"Pennsylvania","Chester County",5,66,6921,3433,3488
050,42,029,"Pennsylvania","Chester County",5,67,6468,3172,3296
050,42,029,"Pennsylvania","Chester County",5,68,6268,3040,3228
050,42,029,"Pennsylvania","Chester County",5,69,6099,2936,3163
050,42,029,"Pennsylvania","Chester County",5,70,5789,2752,3037
050,42,029,"Pennsylvania","Chester County",5,71,5614,2672,2942
050,42,029,"Pennsylvania","Chester County",5,72,5251,2485,2766
050,42,029,"Pennsylvania","Chester County",5,73,4835,2263,2572
050,42,029,"Pennsylvania","Chester County",5,74,4635,2140,2495
050,42,029,"Pennsylvania","Chester County",5,75,4549,2129,2420
050,42,029,"Pennsylvania","Chester County",5,76,5047,2379,2668
050,42,029,"Pennsylvania","Chester County",5,77,3470,1594,1876
050,42,029,"Pennsylvania","Chester County",5,78,3266,1483,1783
050,42,029,"Pennsylvania","Chester County",5,79,3121,1431,1690
050,42,029,"Pennsylvania","Chester County",5,80,3181,1406,1775
050,42,029,"Pennsylvania","Chester County",5,81,2623,1150,1473
050,42,029,"Pennsylvania","Chester County",5,82,2217,921,1296
050,42,029,"Pennsylvania","Chester County",5,83,2007,849,1158
050,42,029,"Pennsylvania","Chester County",5,84,1840,775,1065
050,42,029,"Pennsylvania","Chester County",5,85,10819,3958,6861
050,42,031,"Pennsylvania","Clarion County",1,0,347,177,170
050,42,031,"Pennsylvania","Clarion County",1,1,364,185,179
050,42,031,"Pennsylvania","Clarion County",1,2,358,195,163
050,42,031,"Pennsylvania","Clarion County",1,3,387,208,179
050,42,031,"Pennsylvania","Clarion County",1,4,415,223,192
050,42,031,"Pennsylvania","Clarion County",1,5,385,214,171
050,42,031,"Pennsylvania","Clarion County",1,6,392,203,189
050,42,031,"Pennsylvania","Clarion County",1,7,382,194,188
050,42,031,"Pennsylvania","Clarion County",1,8,379,194,185
050,42,031,"Pennsylvania","Clarion County",1,9,398,211,187
050,42,031,"Pennsylvania","Clarion County",1,10,398,213,185
050,42,031,"Pennsylvania","Clarion County",1,11,406,197,209
050,42,031,"Pennsylvania","Clarion County",1,12,414,216,198
050,42,031,"Pennsylvania","Clarion County",1,13,420,219,201
050,42,031,"Pennsylvania","Clarion County",1,14,420,217,203
050,42,031,"Pennsylvania","Clarion County",1,15,408,186,222
050,42,031,"Pennsylvania","Clarion County",1,16,431,205,226
050,42,031,"Pennsylvania","Clarion County",1,17,418,209,209
050,42,031,"Pennsylvania","Clarion County",1,18,657,288,369
050,42,031,"Pennsylvania","Clarion County",1,19,910,424,486
050,42,031,"Pennsylvania","Clarion County",1,20,868,394,474
050,42,031,"Pennsylvania","Clarion County",1,21,663,309,354
050,42,031,"Pennsylvania","Clarion County",1,22,642,312,330
050,42,031,"Pennsylvania","Clarion County",1,23,541,281,260
050,42,031,"Pennsylvania","Clarion County",1,24,458,239,219
050,42,031,"Pennsylvania","Clarion County",1,25,386,205,181
050,42,031,"Pennsylvania","Clarion County",1,26,392,209,183
050,42,031,"Pennsylvania","Clarion County",1,27,410,215,195
050,42,031,"Pennsylvania","Clarion County",1,28,428,204,224
050,42,031,"Pennsylvania","Clarion County",1,29,447,227,220
050,42,031,"Pennsylvania","Clarion County",1,30,460,221,239
050,42,031,"Pennsylvania","Clarion County",1,31,498,269,229
050,42,031,"Pennsylvania","Clarion County",1,32,448,242,206
050,42,031,"Pennsylvania","Clarion County",1,33,387,204,183
050,42,031,"Pennsylvania","Clarion County",1,34,366,188,178
050,42,031,"Pennsylvania","Clarion County",1,35,381,183,198
050,42,031,"Pennsylvania","Clarion County",1,36,371,203,168
050,42,031,"Pennsylvania","Clarion County",1,37,403,200,203
050,42,031,"Pennsylvania","Clarion County",1,38,391,184,207
050,42,031,"Pennsylvania","Clarion County",1,39,374,189,185
050,42,031,"Pennsylvania","Clarion County",1,40,386,195,191
050,42,031,"Pennsylvania","Clarion County",1,41,385,185,200
050,42,031,"Pennsylvania","Clarion County",1,42,370,178,192
050,42,031,"Pennsylvania","Clarion County",1,43,364,178,186
050,42,031,"Pennsylvania","Clarion County",1,44,361,183,178
050,42,031,"Pennsylvania","Clarion County",1,45,385,195,190
050,42,031,"Pennsylvania","Clarion County",1,46,397,194,203
050,42,031,"Pennsylvania","Clarion County",1,47,417,212,205
050,42,031,"Pennsylvania","Clarion County",1,48,456,235,221
050,42,031,"Pennsylvania","Clarion County",1,49,504,246,258
050,42,031,"Pennsylvania","Clarion County",1,50,467,227,240
050,42,031,"Pennsylvania","Clarion County",1,51,458,219,239
050,42,031,"Pennsylvania","Clarion County",1,52,450,223,227
050,42,031,"Pennsylvania","Clarion County",1,53,489,249,240
050,42,031,"Pennsylvania","Clarion County",1,54,505,261,244
050,42,031,"Pennsylvania","Clarion County",1,55,519,268,251
050,42,031,"Pennsylvania","Clarion County",1,56,542,269,273
050,42,031,"Pennsylvania","Clarion County",1,57,522,260,262
050,42,031,"Pennsylvania","Clarion County",1,58,527,290,237
050,42,031,"Pennsylvania","Clarion County",1,59,549,290,259
050,42,031,"Pennsylvania","Clarion County",1,60,528,270,258
050,42,031,"Pennsylvania","Clarion County",1,61,544,263,281
050,42,031,"Pennsylvania","Clarion County",1,62,573,276,297
050,42,031,"Pennsylvania","Clarion County",1,63,550,265,285
050,42,031,"Pennsylvania","Clarion County",1,64,507,252,255
050,42,031,"Pennsylvania","Clarion County",1,65,507,247,260
050,42,031,"Pennsylvania","Clarion County",1,66,539,264,275
050,42,031,"Pennsylvania","Clarion County",1,67,517,265,252
050,42,031,"Pennsylvania","Clarion County",1,68,495,247,248
050,42,031,"Pennsylvania","Clarion County",1,69,450,219,231
050,42,031,"Pennsylvania","Clarion County",1,70,398,199,199
050,42,031,"Pennsylvania","Clarion County",1,71,382,182,200
050,42,031,"Pennsylvania","Clarion County",1,72,390,187,203
050,42,031,"Pennsylvania","Clarion County",1,73,391,193,198
050,42,031,"Pennsylvania","Clarion County",1,74,268,136,132
050,42,031,"Pennsylvania","Clarion County",1,75,264,121,143
050,42,031,"Pennsylvania","Clarion County",1,76,276,120,156
050,42,031,"Pennsylvania","Clarion County",1,77,282,124,158
050,42,031,"Pennsylvania","Clarion County",1,78,254,111,143
050,42,031,"Pennsylvania","Clarion County",1,79,243,116,127
050,42,031,"Pennsylvania","Clarion County",1,80,211,90,121
050,42,031,"Pennsylvania","Clarion County",1,81,208,93,115
050,42,031,"Pennsylvania","Clarion County",1,82,196,92,104
050,42,031,"Pennsylvania","Clarion County",1,83,178,76,102
050,42,031,"Pennsylvania","Clarion County",1,84,164,62,102
050,42,031,"Pennsylvania","Clarion County",1,85,868,328,540
050,42,031,"Pennsylvania","Clarion County",2,0,347,172,175
050,42,031,"Pennsylvania","Clarion County",2,1,360,182,178
050,42,031,"Pennsylvania","Clarion County",2,2,358,192,166
050,42,031,"Pennsylvania","Clarion County",2,3,378,203,175
050,42,031,"Pennsylvania","Clarion County",2,4,407,219,188
050,42,031,"Pennsylvania","Clarion County",2,5,394,217,177
050,42,031,"Pennsylvania","Clarion County",2,6,392,207,185
050,42,031,"Pennsylvania","Clarion County",2,7,385,197,188
050,42,031,"Pennsylvania","Clarion County",2,8,377,193,184
050,42,031,"Pennsylvania","Clarion County",2,9,394,208,186
050,42,031,"Pennsylvania","Clarion County",2,10,398,212,186
050,42,031,"Pennsylvania","Clarion County",2,11,400,199,201
050,42,031,"Pennsylvania","Clarion County",2,12,418,215,203
050,42,031,"Pennsylvania","Clarion County",2,13,422,220,202
050,42,031,"Pennsylvania","Clarion County",2,14,423,219,204
050,42,031,"Pennsylvania","Clarion County",2,15,410,193,217
050,42,031,"Pennsylvania","Clarion County",2,16,427,202,225
050,42,031,"Pennsylvania","Clarion County",2,17,420,208,212
050,42,031,"Pennsylvania","Clarion County",2,18,657,288,369
050,42,031,"Pennsylvania","Clarion County",2,19,907,421,486
050,42,031,"Pennsylvania","Clarion County",2,20,877,401,476
050,42,031,"Pennsylvania","Clarion County",2,21,659,306,353
050,42,031,"Pennsylvania","Clarion County",2,22,635,312,323
050,42,031,"Pennsylvania","Clarion County",2,23,543,281,262
050,42,031,"Pennsylvania","Clarion County",2,24,453,235,218
050,42,031,"Pennsylvania","Clarion County",2,25,390,208,182
050,42,031,"Pennsylvania","Clarion County",2,26,389,208,181
050,42,031,"Pennsylvania","Clarion County",2,27,400,212,188
050,42,031,"Pennsylvania","Clarion County",2,28,423,208,215
050,42,031,"Pennsylvania","Clarion County",2,29,441,221,220
050,42,031,"Pennsylvania","Clarion County",2,30,458,223,235
050,42,031,"Pennsylvania","Clarion County",2,31,487,258,229
050,42,031,"Pennsylvania","Clarion County",2,32,457,245,212
050,42,031,"Pennsylvania","Clarion County",2,33,403,214,189
050,42,031,"Pennsylvania","Clarion County",2,34,368,191,177
050,42,031,"Pennsylvania","Clarion County",2,35,382,185,197
050,42,031,"Pennsylvania","Clarion County",2,36,372,198,174
050,42,031,"Pennsylvania","Clarion County",2,37,397,202,195
050,42,031,"Pennsylvania","Clarion County",2,38,395,188,207
050,42,031,"Pennsylvania","Clarion County",2,39,377,188,189
050,42,031,"Pennsylvania","Clarion County",2,40,383,192,191
050,42,031,"Pennsylvania","Clarion County",2,41,381,185,196
050,42,031,"Pennsylvania","Clarion County",2,42,374,180,194
050,42,031,"Pennsylvania","Clarion County",2,43,369,179,190
050,42,031,"Pennsylvania","Clarion County",2,44,359,181,178
050,42,031,"Pennsylvania","Clarion County",2,45,383,194,189
050,42,031,"Pennsylvania","Clarion County",2,46,391,193,198
050,42,031,"Pennsylvania","Clarion County",2,47,411,208,203
050,42,031,"Pennsylvania","Clarion County",2,48,448,229,219
050,42,031,"Pennsylvania","Clarion County",2,49,497,246,251
050,42,031,"Pennsylvania","Clarion County",2,50,476,230,246
050,42,031,"Pennsylvania","Clarion County",2,51,460,221,239
050,42,031,"Pennsylvania","Clarion County",2,52,448,219,229
050,42,031,"Pennsylvania","Clarion County",2,53,479,244,235
050,42,031,"Pennsylvania","Clarion County",2,54,496,255,241
050,42,031,"Pennsylvania","Clarion County",2,55,517,267,250
050,42,031,"Pennsylvania","Clarion County",2,56,540,271,269
050,42,031,"Pennsylvania","Clarion County",2,57,527,262,265
050,42,031,"Pennsylvania","Clarion County",2,58,525,283,242
050,42,031,"Pennsylvania","Clarion County",2,59,543,289,254
050,42,031,"Pennsylvania","Clarion County",2,60,530,273,257
050,42,031,"Pennsylvania","Clarion County",2,61,537,264,273
050,42,031,"Pennsylvania","Clarion County",2,62,561,270,291
050,42,031,"Pennsylvania","Clarion County",2,63,558,268,290
050,42,031,"Pennsylvania","Clarion County",2,64,508,250,258
050,42,031,"Pennsylvania","Clarion County",2,65,506,249,257
050,42,031,"Pennsylvania","Clarion County",2,66,532,259,273
050,42,031,"Pennsylvania","Clarion County",2,67,520,263,257
050,42,031,"Pennsylvania","Clarion County",2,68,497,249,248
050,42,031,"Pennsylvania","Clarion County",2,69,463,227,236
050,42,031,"Pennsylvania","Clarion County",2,70,405,203,202
050,42,031,"Pennsylvania","Clarion County",2,71,386,186,200
050,42,031,"Pennsylvania","Clarion County",2,72,380,183,197
050,42,031,"Pennsylvania","Clarion County",2,73,409,202,207
050,42,031,"Pennsylvania","Clarion County",2,74,278,139,139
050,42,031,"Pennsylvania","Clarion County",2,75,265,124,141
050,42,031,"Pennsylvania","Clarion County",2,76,270,119,151
050,42,031,"Pennsylvania","Clarion County",2,77,281,124,157
050,42,031,"Pennsylvania","Clarion County",2,78,251,113,138
050,42,031,"Pennsylvania","Clarion County",2,79,239,112,127
050,42,031,"Pennsylvania","Clarion County",2,80,217,96,121
050,42,031,"Pennsylvania","Clarion County",2,81,202,90,112
050,42,031,"Pennsylvania","Clarion County",2,82,195,91,104
050,42,031,"Pennsylvania","Clarion County",2,83,182,80,102
050,42,031,"Pennsylvania","Clarion County",2,84,165,65,100
050,42,031,"Pennsylvania","Clarion County",2,85,875,327,548
050,42,031,"Pennsylvania","Clarion County",3,0,362,183,179
050,42,031,"Pennsylvania","Clarion County",3,1,355,168,187
050,42,031,"Pennsylvania","Clarion County",3,2,366,190,176
050,42,031,"Pennsylvania","Clarion County",3,3,361,196,165
050,42,031,"Pennsylvania","Clarion County",3,4,399,214,185
050,42,031,"Pennsylvania","Clarion County",3,5,407,221,186
050,42,031,"Pennsylvania","Clarion County",3,6,391,212,179
050,42,031,"Pennsylvania","Clarion County",3,7,402,212,190
050,42,031,"Pennsylvania","Clarion County",3,8,389,192,197
050,42,031,"Pennsylvania","Clarion County",3,9,380,189,191
050,42,031,"Pennsylvania","Clarion County",3,10,387,206,181
050,42,031,"Pennsylvania","Clarion County",3,11,409,217,192
050,42,031,"Pennsylvania","Clarion County",3,12,406,199,207
050,42,031,"Pennsylvania","Clarion County",3,13,416,212,204
050,42,031,"Pennsylvania","Clarion County",3,14,413,213,200
050,42,031,"Pennsylvania","Clarion County",3,15,414,214,200
050,42,031,"Pennsylvania","Clarion County",3,16,401,193,208
050,42,031,"Pennsylvania","Clarion County",3,17,434,205,229
050,42,031,"Pennsylvania","Clarion County",3,18,798,335,463
050,42,031,"Pennsylvania","Clarion County",3,19,1126,517,609
050,42,031,"Pennsylvania","Clarion County",3,20,993,454,539
050,42,031,"Pennsylvania","Clarion County",3,21,698,321,377
050,42,031,"Pennsylvania","Clarion County",3,22,634,324,310
050,42,031,"Pennsylvania","Clarion County",3,23,516,278,238
050,42,031,"Pennsylvania","Clarion County",3,24,459,241,218
050,42,031,"Pennsylvania","Clarion County",3,25,401,206,195
050,42,031,"Pennsylvania","Clarion County",3,26,392,202,190
050,42,031,"Pennsylvania","Clarion County",3,27,356,185,171
050,42,031,"Pennsylvania","Clarion County",3,28,414,223,191
050,42,031,"Pennsylvania","Clarion County",3,29,427,208,219
050,42,031,"Pennsylvania","Clarion County",3,30,447,217,230
050,42,031,"Pennsylvania","Clarion County",3,31,457,223,234
050,42,031,"Pennsylvania","Clarion County",3,32,470,250,220
050,42,031,"Pennsylvania","Clarion County",3,33,476,264,212
050,42,031,"Pennsylvania","Clarion County",3,34,401,213,188
050,42,031,"Pennsylvania","Clarion County",3,35,383,199,184
050,42,031,"Pennsylvania","Clarion County",3,36,384,191,193
050,42,031,"Pennsylvania","Clarion County",3,37,373,197,176
050,42,031,"Pennsylvania","Clarion County",3,38,400,209,191
050,42,031,"Pennsylvania","Clarion County",3,39,398,189,209
050,42,031,"Pennsylvania","Clarion County",3,40,380,183,197
050,42,031,"Pennsylvania","Clarion County",3,41,376,189,187
050,42,031,"Pennsylvania","Clarion County",3,42,394,195,199
050,42,031,"Pennsylvania","Clarion County",3,43,370,180,190
050,42,031,"Pennsylvania","Clarion County",3,44,376,183,193
050,42,031,"Pennsylvania","Clarion County",3,45,353,177,176
050,42,031,"Pennsylvania","Clarion County",3,46,379,192,187
050,42,031,"Pennsylvania","Clarion County",3,47,395,192,203
050,42,031,"Pennsylvania","Clarion County",3,48,421,208,213
050,42,031,"Pennsylvania","Clarion County",3,49,447,227,220
050,42,031,"Pennsylvania","Clarion County",3,50,492,244,248
050,42,031,"Pennsylvania","Clarion County",3,51,473,231,242
050,42,031,"Pennsylvania","Clarion County",3,52,456,218,238
050,42,031,"Pennsylvania","Clarion County",3,53,453,227,226
050,42,031,"Pennsylvania","Clarion County",3,54,471,238,233
050,42,031,"Pennsylvania","Clarion County",3,55,505,256,249
050,42,031,"Pennsylvania","Clarion County",3,56,519,268,251
050,42,031,"Pennsylvania","Clarion County",3,57,544,271,273
050,42,031,"Pennsylvania","Clarion County",3,58,516,255,261
050,42,031,"Pennsylvania","Clarion County",3,59,530,285,245
050,42,031,"Pennsylvania","Clarion County",3,60,542,289,253
050,42,031,"Pennsylvania","Clarion County",3,61,528,273,255
050,42,031,"Pennsylvania","Clarion County",3,62,538,261,277
050,42,031,"Pennsylvania","Clarion County",3,63,552,268,284
050,42,031,"Pennsylvania","Clarion County",3,64,529,250,279
050,42,031,"Pennsylvania","Clarion County",3,65,499,249,250
050,42,031,"Pennsylvania","Clarion County",3,66,499,243,256
050,42,031,"Pennsylvania","Clarion County",3,67,513,254,259
050,42,031,"Pennsylvania","Clarion County",3,68,502,250,252
050,42,031,"Pennsylvania","Clarion County",3,69,481,241,240
050,42,031,"Pennsylvania","Clarion County",3,70,449,222,227
050,42,031,"Pennsylvania","Clarion County",3,71,390,196,194
050,42,031,"Pennsylvania","Clarion County",3,72,381,187,194
050,42,031,"Pennsylvania","Clarion County",3,73,376,179,197
050,42,031,"Pennsylvania","Clarion County",3,74,393,192,201
050,42,031,"Pennsylvania","Clarion County",3,75,268,135,133
050,42,031,"Pennsylvania","Clarion County",3,76,255,117,138
050,42,031,"Pennsylvania","Clarion County",3,77,241,103,138
050,42,031,"Pennsylvania","Clarion County",3,78,271,117,154
050,42,031,"Pennsylvania","Clarion County",3,79,232,102,130
050,42,031,"Pennsylvania","Clarion County",3,80,219,99,120
050,42,031,"Pennsylvania","Clarion County",3,81,208,89,119
050,42,031,"Pennsylvania","Clarion County",3,82,180,74,106
050,42,031,"Pennsylvania","Clarion County",3,83,186,80,106
050,42,031,"Pennsylvania","Clarion County",3,84,171,73,98
050,42,031,"Pennsylvania","Clarion County",3,85,846,329,517
050,42,031,"Pennsylvania","Clarion County",4,0,350,175,175
050,42,031,"Pennsylvania","Clarion County",4,1,352,179,173
050,42,031,"Pennsylvania","Clarion County",4,2,357,167,190
050,42,031,"Pennsylvania","Clarion County",4,3,369,188,181
050,42,031,"Pennsylvania","Clarion County",4,4,368,197,171
050,42,031,"Pennsylvania","Clarion County",4,5,381,206,175
050,42,031,"Pennsylvania","Clarion County",4,6,409,225,184
050,42,031,"Pennsylvania","Clarion County",4,7,400,227,173
050,42,031,"Pennsylvania","Clarion County",4,8,401,209,192
050,42,031,"Pennsylvania","Clarion County",4,9,382,190,192
050,42,031,"Pennsylvania","Clarion County",4,10,384,189,195
050,42,031,"Pennsylvania","Clarion County",4,11,391,209,182
050,42,031,"Pennsylvania","Clarion County",4,12,409,218,191
050,42,031,"Pennsylvania","Clarion County",4,13,404,199,205
050,42,031,"Pennsylvania","Clarion County",4,14,431,218,213
050,42,031,"Pennsylvania","Clarion County",4,15,424,217,207
050,42,031,"Pennsylvania","Clarion County",4,16,416,212,204
050,42,031,"Pennsylvania","Clarion County",4,17,407,190,217
050,42,031,"Pennsylvania","Clarion County",4,18,785,326,459
050,42,031,"Pennsylvania","Clarion County",4,19,1074,490,584
050,42,031,"Pennsylvania","Clarion County",4,20,965,439,526
050,42,031,"Pennsylvania","Clarion County",4,21,702,327,375
050,42,031,"Pennsylvania","Clarion County",4,22,625,313,312
050,42,031,"Pennsylvania","Clarion County",4,23,516,271,245
050,42,031,"Pennsylvania","Clarion County",4,24,422,221,201
050,42,031,"Pennsylvania","Clarion County",4,25,405,218,187
050,42,031,"Pennsylvania","Clarion County",4,26,395,208,187
050,42,031,"Pennsylvania","Clarion County",4,27,367,185,182
050,42,031,"Pennsylvania","Clarion County",4,28,346,174,172
050,42,031,"Pennsylvania","Clarion County",4,29,407,216,191
050,42,031,"Pennsylvania","Clarion County",4,30,417,208,209
050,42,031,"Pennsylvania","Clarion County",4,31,454,225,229
050,42,031,"Pennsylvania","Clarion County",4,32,454,212,242
050,42,031,"Pennsylvania","Clarion County",4,33,477,258,219
050,42,031,"Pennsylvania","Clarion County",4,34,468,259,209
050,42,031,"Pennsylvania","Clarion County",4,35,408,211,197
050,42,031,"Pennsylvania","Clarion County",4,36,366,193,173
050,42,031,"Pennsylvania","Clarion County",4,37,381,186,195
050,42,031,"Pennsylvania","Clarion County",4,38,379,204,175
050,42,031,"Pennsylvania","Clarion County",4,39,398,202,196
050,42,031,"Pennsylvania","Clarion County",4,40,401,191,210
050,42,031,"Pennsylvania","Clarion County",4,41,382,183,199
050,42,031,"Pennsylvania","Clarion County",4,42,385,197,188
050,42,031,"Pennsylvania","Clarion County",4,43,405,205,200
050,42,031,"Pennsylvania","Clarion County",4,44,358,176,182
050,42,031,"Pennsylvania","Clarion County",4,45,382,185,197
050,42,031,"Pennsylvania","Clarion County",4,46,348,176,172
050,42,031,"Pennsylvania","Clarion County",4,47,390,193,197
050,42,031,"Pennsylvania","Clarion County",4,48,391,193,198
050,42,031,"Pennsylvania","Clarion County",4,49,422,211,211
050,42,031,"Pennsylvania","Clarion County",4,50,441,223,218
050,42,031,"Pennsylvania","Clarion County",4,51,499,246,253
050,42,031,"Pennsylvania","Clarion County",4,52,475,228,247
050,42,031,"Pennsylvania","Clarion County",4,53,458,222,236
050,42,031,"Pennsylvania","Clarion County",4,54,450,223,227
050,42,031,"Pennsylvania","Clarion County",4,55,472,239,233
050,42,031,"Pennsylvania","Clarion County",4,56,501,254,247
050,42,031,"Pennsylvania","Clarion County",4,57,507,258,249
050,42,031,"Pennsylvania","Clarion County",4,58,540,265,275
050,42,031,"Pennsylvania","Clarion County",4,59,505,249,256
050,42,031,"Pennsylvania","Clarion County",4,60,531,285,246
050,42,031,"Pennsylvania","Clarion County",4,61,534,280,254
050,42,031,"Pennsylvania","Clarion County",4,62,514,269,245
050,42,031,"Pennsylvania","Clarion County",4,63,534,259,275
050,42,031,"Pennsylvania","Clarion County",4,64,525,252,273
050,42,031,"Pennsylvania","Clarion County",4,65,517,242,275
050,42,031,"Pennsylvania","Clarion County",4,66,507,251,256
050,42,031,"Pennsylvania","Clarion County",4,67,486,246,240
050,42,031,"Pennsylvania","Clarion County",4,68,497,241,256
050,42,031,"Pennsylvania","Clarion County",4,69,483,240,243
050,42,031,"Pennsylvania","Clarion County",4,70,464,230,234
050,42,031,"Pennsylvania","Clarion County",4,71,439,215,224
050,42,031,"Pennsylvania","Clarion County",4,72,374,192,182
050,42,031,"Pennsylvania","Clarion County",4,73,371,182,189
050,42,031,"Pennsylvania","Clarion County",4,74,361,169,192
050,42,031,"Pennsylvania","Clarion County",4,75,390,191,199
050,42,031,"Pennsylvania","Clarion County",4,76,254,129,125
050,42,031,"Pennsylvania","Clarion County",4,77,235,107,128
050,42,031,"Pennsylvania","Clarion County",4,78,231,99,132
050,42,031,"Pennsylvania","Clarion County",4,79,253,106,147
050,42,031,"Pennsylvania","Clarion County",4,80,208,86,122
050,42,031,"Pennsylvania","Clarion County",4,81,211,93,118
050,42,031,"Pennsylvania","Clarion County",4,82,182,73,109
050,42,031,"Pennsylvania","Clarion County",4,83,161,61,100
050,42,031,"Pennsylvania","Clarion County",4,84,169,70,99
050,42,031,"Pennsylvania","Clarion County",4,85,838,337,501
050,42,031,"Pennsylvania","Clarion County",5,0,342,172,170
050,42,031,"Pennsylvania","Clarion County",5,1,346,167,179
050,42,031,"Pennsylvania","Clarion County",5,2,354,181,173
050,42,031,"Pennsylvania","Clarion County",5,3,346,166,180
050,42,031,"Pennsylvania","Clarion County",5,4,362,181,181
050,42,031,"Pennsylvania","Clarion County",5,5,365,202,163
050,42,031,"Pennsylvania","Clarion County",5,6,377,203,174
050,42,031,"Pennsylvania","Clarion County",5,7,416,229,187
050,42,031,"Pennsylvania","Clarion County",5,8,404,221,183
050,42,031,"Pennsylvania","Clarion County",5,9,397,211,186
050,42,031,"Pennsylvania","Clarion County",5,10,383,195,188
050,42,031,"Pennsylvania","Clarion County",5,11,403,198,205
050,42,031,"Pennsylvania","Clarion County",5,12,393,212,181
050,42,031,"Pennsylvania","Clarion County",5,13,405,214,191
050,42,031,"Pennsylvania","Clarion County",5,14,418,204,214
050,42,031,"Pennsylvania","Clarion County",5,15,435,219,216
050,42,031,"Pennsylvania","Clarion County",5,16,428,218,210
050,42,031,"Pennsylvania","Clarion County",5,17,425,214,211
050,42,031,"Pennsylvania","Clarion County",5,18,758,307,451
050,42,031,"Pennsylvania","Clarion County",5,19,1099,496,603
050,42,031,"Pennsylvania","Clarion County",5,20,951,430,521
050,42,031,"Pennsylvania","Clarion County",5,21,696,327,369
050,42,031,"Pennsylvania","Clarion County",5,22,625,322,303
050,42,031,"Pennsylvania","Clarion County",5,23,506,264,242
050,42,031,"Pennsylvania","Clarion County",5,24,417,220,197
050,42,031,"Pennsylvania","Clarion County",5,25,371,197,174
050,42,031,"Pennsylvania","Clarion County",5,26,386,193,193
050,42,031,"Pennsylvania","Clarion County",5,27,369,190,179
050,42,031,"Pennsylvania","Clarion County",5,28,360,179,181
050,42,031,"Pennsylvania","Clarion County",5,29,353,183,170
050,42,031,"Pennsylvania","Clarion County",5,30,400,213,187
050,42,031,"Pennsylvania","Clarion County",5,31,424,212,212
050,42,031,"Pennsylvania","Clarion County",5,32,438,214,224
050,42,031,"Pennsylvania","Clarion County",5,33,472,226,246
050,42,031,"Pennsylvania","Clarion County",5,34,462,246,216
050,42,031,"Pennsylvania","Clarion County",5,35,476,257,219
050,42,031,"Pennsylvania","Clarion County",5,36,401,214,187
050,42,031,"Pennsylvania","Clarion County",5,37,372,194,178
050,42,031,"Pennsylvania","Clarion County",5,38,377,186,191
050,42,031,"Pennsylvania","Clarion County",5,39,379,206,173
050,42,031,"Pennsylvania","Clarion County",5,40,389,193,196
050,42,031,"Pennsylvania","Clarion County",5,41,399,193,206
050,42,031,"Pennsylvania","Clarion County",5,42,392,192,200
050,42,031,"Pennsylvania","Clarion County",5,43,387,198,189
050,42,031,"Pennsylvania","Clarion County",5,44,412,202,210
050,42,031,"Pennsylvania","Clarion County",5,45,357,175,182
050,42,031,"Pennsylvania","Clarion County",5,46,383,185,198
050,42,031,"Pennsylvania","Clarion County",5,47,347,175,172
050,42,031,"Pennsylvania","Clarion County",5,48,391,192,199
050,42,031,"Pennsylvania","Clarion County",5,49,393,193,200
050,42,031,"Pennsylvania","Clarion County",5,50,421,210,211
050,42,031,"Pennsylvania","Clarion County",5,51,441,223,218
050,42,031,"Pennsylvania","Clarion County",5,52,491,243,248
050,42,031,"Pennsylvania","Clarion County",5,53,476,234,242
050,42,031,"Pennsylvania","Clarion County",5,54,449,215,234
050,42,031,"Pennsylvania","Clarion County",5,55,443,220,223
050,42,031,"Pennsylvania","Clarion County",5,56,472,244,228
050,42,031,"Pennsylvania","Clarion County",5,57,499,250,249
050,42,031,"Pennsylvania","Clarion County",5,58,497,251,246
050,42,031,"Pennsylvania","Clarion County",5,59,534,259,275
050,42,031,"Pennsylvania","Clarion County",5,60,509,252,257
050,42,031,"Pennsylvania","Clarion County",5,61,533,283,250
050,42,031,"Pennsylvania","Clarion County",5,62,528,276,252
050,42,031,"Pennsylvania","Clarion County",5,63,502,266,236
050,42,031,"Pennsylvania","Clarion County",5,64,523,252,271
050,42,031,"Pennsylvania","Clarion County",5,65,516,247,269
050,42,031,"Pennsylvania","Clarion County",5,66,522,242,280
050,42,031,"Pennsylvania","Clarion County",5,67,490,247,243
050,42,031,"Pennsylvania","Clarion County",5,68,469,235,234
050,42,031,"Pennsylvania","Clarion County",5,69,483,233,250
050,42,031,"Pennsylvania","Clarion County",5,70,465,228,237
050,42,031,"Pennsylvania","Clarion County",5,71,451,220,231
050,42,031,"Pennsylvania","Clarion County",5,72,426,209,217
050,42,031,"Pennsylvania","Clarion County",5,73,364,186,178
050,42,031,"Pennsylvania","Clarion County",5,74,353,173,180
050,42,031,"Pennsylvania","Clarion County",5,75,350,164,186
050,42,031,"Pennsylvania","Clarion County",5,76,376,185,191
050,42,031,"Pennsylvania","Clarion County",5,77,234,121,113
050,42,031,"Pennsylvania","Clarion County",5,78,229,106,123
050,42,031,"Pennsylvania","Clarion County",5,79,216,92,124
050,42,031,"Pennsylvania","Clarion County",5,80,225,91,134
050,42,031,"Pennsylvania","Clarion County",5,81,195,76,119
050,42,031,"Pennsylvania","Clarion County",5,82,190,78,112
050,42,031,"Pennsylvania","Clarion County",5,83,168,63,105
050,42,031,"Pennsylvania","Clarion County",5,84,146,56,90
050,42,031,"Pennsylvania","Clarion County",5,85,843,339,504
050,42,033,"Pennsylvania","Clearfield County",1,0,695,355,340
050,42,033,"Pennsylvania","Clearfield County",1,1,732,357,375
050,42,033,"Pennsylvania","Clearfield County",1,2,727,367,360
050,42,033,"Pennsylvania","Clearfield County",1,3,740,403,337
050,42,033,"Pennsylvania","Clearfield County",1,4,765,409,356
050,42,033,"Pennsylvania","Clearfield County",1,5,787,430,357
050,42,033,"Pennsylvania","Clearfield County",1,6,776,389,387
050,42,033,"Pennsylvania","Clearfield County",1,7,822,417,405
050,42,033,"Pennsylvania","Clearfield County",1,8,729,364,365
050,42,033,"Pennsylvania","Clearfield County",1,9,770,391,379
050,42,033,"Pennsylvania","Clearfield County",1,10,836,440,396
050,42,033,"Pennsylvania","Clearfield County",1,11,880,466,414
050,42,033,"Pennsylvania","Clearfield County",1,12,927,490,437
050,42,033,"Pennsylvania","Clearfield County",1,13,919,490,429
050,42,033,"Pennsylvania","Clearfield County",1,14,913,460,453
050,42,033,"Pennsylvania","Clearfield County",1,15,904,438,466
050,42,033,"Pennsylvania","Clearfield County",1,16,958,470,488
050,42,033,"Pennsylvania","Clearfield County",1,17,914,487,427
050,42,033,"Pennsylvania","Clearfield County",1,18,754,419,335
050,42,033,"Pennsylvania","Clearfield County",1,19,638,365,273
050,42,033,"Pennsylvania","Clearfield County",1,20,783,466,317
050,42,033,"Pennsylvania","Clearfield County",1,21,846,504,342
050,42,033,"Pennsylvania","Clearfield County",1,22,894,537,357
050,42,033,"Pennsylvania","Clearfield County",1,23,953,581,372
050,42,033,"Pennsylvania","Clearfield County",1,24,1044,656,388
050,42,033,"Pennsylvania","Clearfield County",1,25,1003,594,409
050,42,033,"Pennsylvania","Clearfield County",1,26,982,576,406
050,42,033,"Pennsylvania","Clearfield County",1,27,993,578,415
050,42,033,"Pennsylvania","Clearfield County",1,28,1036,596,440
050,42,033,"Pennsylvania","Clearfield County",1,29,1040,591,449
050,42,033,"Pennsylvania","Clearfield County",1,30,990,584,406
050,42,033,"Pennsylvania","Clearfield County",1,31,951,537,414
050,42,033,"Pennsylvania","Clearfield County",1,32,934,552,382
050,42,033,"Pennsylvania","Clearfield County",1,33,931,567,364
050,42,033,"Pennsylvania","Clearfield County",1,34,945,553,392
050,42,033,"Pennsylvania","Clearfield County",1,35,912,522,390
050,42,033,"Pennsylvania","Clearfield County",1,36,965,572,393
050,42,033,"Pennsylvania","Clearfield County",1,37,986,586,400
050,42,033,"Pennsylvania","Clearfield County",1,38,955,557,398
050,42,033,"Pennsylvania","Clearfield County",1,39,1015,580,435
050,42,033,"Pennsylvania","Clearfield County",1,40,979,539,440
050,42,033,"Pennsylvania","Clearfield County",1,41,994,561,433
050,42,033,"Pennsylvania","Clearfield County",1,42,971,527,444
050,42,033,"Pennsylvania","Clearfield County",1,43,1010,539,471
050,42,033,"Pennsylvania","Clearfield County",1,44,967,542,425
050,42,033,"Pennsylvania","Clearfield County",1,45,993,555,438
050,42,033,"Pennsylvania","Clearfield County",1,46,1038,593,445
050,42,033,"Pennsylvania","Clearfield County",1,47,1053,592,461
050,42,033,"Pennsylvania","Clearfield County",1,48,1173,666,507
050,42,033,"Pennsylvania","Clearfield County",1,49,1218,673,545
050,42,033,"Pennsylvania","Clearfield County",1,50,1182,641,541
050,42,033,"Pennsylvania","Clearfield County",1,51,1177,634,543
050,42,033,"Pennsylvania","Clearfield County",1,52,1147,606,541
050,42,033,"Pennsylvania","Clearfield County",1,53,1190,666,524
050,42,033,"Pennsylvania","Clearfield County",1,54,1203,671,532
050,42,033,"Pennsylvania","Clearfield County",1,55,1194,633,561
050,42,033,"Pennsylvania","Clearfield County",1,56,1243,647,596
050,42,033,"Pennsylvania","Clearfield County",1,57,1279,678,601
050,42,033,"Pennsylvania","Clearfield County",1,58,1275,676,599
050,42,033,"Pennsylvania","Clearfield County",1,59,1247,652,595
050,42,033,"Pennsylvania","Clearfield County",1,60,1189,621,568
050,42,033,"Pennsylvania","Clearfield County",1,61,1243,655,588
050,42,033,"Pennsylvania","Clearfield County",1,62,1222,620,602
050,42,033,"Pennsylvania","Clearfield County",1,63,1222,630,592
050,42,033,"Pennsylvania","Clearfield County",1,64,1203,601,602
050,42,033,"Pennsylvania","Clearfield County",1,65,1098,552,546
050,42,033,"Pennsylvania","Clearfield County",1,66,1131,553,578
050,42,033,"Pennsylvania","Clearfield County",1,67,1062,541,521
050,42,033,"Pennsylvania","Clearfield County",1,68,1020,506,514
050,42,033,"Pennsylvania","Clearfield County",1,69,948,460,488
050,42,033,"Pennsylvania","Clearfield County",1,70,905,435,470
050,42,033,"Pennsylvania","Clearfield County",1,71,918,454,464
050,42,033,"Pennsylvania","Clearfield County",1,72,898,436,462
050,42,033,"Pennsylvania","Clearfield County",1,73,914,462,452
050,42,033,"Pennsylvania","Clearfield County",1,74,655,323,332
050,42,033,"Pennsylvania","Clearfield County",1,75,636,302,334
050,42,033,"Pennsylvania","Clearfield County",1,76,643,300,343
050,42,033,"Pennsylvania","Clearfield County",1,77,613,281,332
050,42,033,"Pennsylvania","Clearfield County",1,78,533,233,300
050,42,033,"Pennsylvania","Clearfield County",1,79,531,235,296
050,42,033,"Pennsylvania","Clearfield County",1,80,496,207,289
050,42,033,"Pennsylvania","Clearfield County",1,81,454,194,260
050,42,033,"Pennsylvania","Clearfield County",1,82,412,191,221
050,42,033,"Pennsylvania","Clearfield County",1,83,376,155,221
050,42,033,"Pennsylvania","Clearfield County",1,84,351,145,206
050,42,033,"Pennsylvania","Clearfield County",1,85,2001,695,1306
050,42,033,"Pennsylvania","Clearfield County",2,0,676,338,338
050,42,033,"Pennsylvania","Clearfield County",2,1,724,355,369
050,42,033,"Pennsylvania","Clearfield County",2,2,727,364,363
050,42,033,"Pennsylvania","Clearfield County",2,3,732,391,341
050,42,033,"Pennsylvania","Clearfield County",2,4,766,411,355
050,42,033,"Pennsylvania","Clearfield County",2,5,784,426,358
050,42,033,"Pennsylvania","Clearfield County",2,6,784,403,381
050,42,033,"Pennsylvania","Clearfield County",2,7,810,410,400
050,42,033,"Pennsylvania","Clearfield County",2,8,748,375,373
050,42,033,"Pennsylvania","Clearfield County",2,9,756,381,375
050,42,033,"Pennsylvania","Clearfield County",2,10,820,428,392
050,42,033,"Pennsylvania","Clearfield County",2,11,863,457,406
050,42,033,"Pennsylvania","Clearfield County",2,12,925,488,437
050,42,033,"Pennsylvania","Clearfield County",2,13,912,487,425
050,42,033,"Pennsylvania","Clearfield County",2,14,915,466,449
050,42,033,"Pennsylvania","Clearfield County",2,15,906,444,462
050,42,033,"Pennsylvania","Clearfield County",2,16,948,462,486
050,42,033,"Pennsylvania","Clearfield County",2,17,923,480,443
050,42,033,"Pennsylvania","Clearfield County",2,18,757,418,339
050,42,033,"Pennsylvania","Clearfield County",2,19,635,364,271
050,42,033,"Pennsylvania","Clearfield County",2,20,789,470,319
050,42,033,"Pennsylvania","Clearfield County",2,21,845,504,341
050,42,033,"Pennsylvania","Clearfield County",2,22,890,532,358
050,42,033,"Pennsylvania","Clearfield County",2,23,952,581,371
050,42,033,"Pennsylvania","Clearfield County",2,24,1031,649,382
050,42,033,"Pennsylvania","Clearfield County",2,25,1001,598,403
050,42,033,"Pennsylvania","Clearfield County",2,26,985,577,408
050,42,033,"Pennsylvania","Clearfield County",2,27,991,579,412
050,42,033,"Pennsylvania","Clearfield County",2,28,1024,593,431
050,42,033,"Pennsylvania","Clearfield County",2,29,1035,588,447
050,42,033,"Pennsylvania","Clearfield County",2,30,1013,590,423
050,42,033,"Pennsylvania","Clearfield County",2,31,951,541,410
050,42,033,"Pennsylvania","Clearfield County",2,32,941,552,389
050,42,033,"Pennsylvania","Clearfield County",2,33,933,564,369
050,42,033,"Pennsylvania","Clearfield County",2,34,942,558,384
050,42,033,"Pennsylvania","Clearfield County",2,35,920,528,392
050,42,033,"Pennsylvania","Clearfield County",2,36,956,566,390
050,42,033,"Pennsylvania","Clearfield County",2,37,991,593,398
050,42,033,"Pennsylvania","Clearfield County",2,38,961,560,401
050,42,033,"Pennsylvania","Clearfield County",2,39,998,574,424
050,42,033,"Pennsylvania","Clearfield County",2,40,987,546,441
050,42,033,"Pennsylvania","Clearfield County",2,41,997,564,433
050,42,033,"Pennsylvania","Clearfield County",2,42,962,522,440
050,42,033,"Pennsylvania","Clearfield County",2,43,1018,543,475
050,42,033,"Pennsylvania","Clearfield County",2,44,957,532,425
050,42,033,"Pennsylvania","Clearfield County",2,45,992,552,440
050,42,033,"Pennsylvania","Clearfield County",2,46,1027,589,438
050,42,033,"Pennsylvania","Clearfield County",2,47,1039,585,454
050,42,033,"Pennsylvania","Clearfield County",2,48,1147,651,496
050,42,033,"Pennsylvania","Clearfield County",2,49,1205,668,537
050,42,033,"Pennsylvania","Clearfield County",2,50,1191,648,543
050,42,033,"Pennsylvania","Clearfield County",2,51,1172,633,539
050,42,033,"Pennsylvania","Clearfield County",2,52,1145,609,536
050,42,033,"Pennsylvania","Clearfield County",2,53,1176,646,530
050,42,033,"Pennsylvania","Clearfield County",2,54,1196,668,528
050,42,033,"Pennsylvania","Clearfield County",2,55,1191,636,555
050,42,033,"Pennsylvania","Clearfield County",2,56,1228,640,588
050,42,033,"Pennsylvania","Clearfield County",2,57,1268,671,597
050,42,033,"Pennsylvania","Clearfield County",2,58,1272,675,597
050,42,033,"Pennsylvania","Clearfield County",2,59,1255,658,597
050,42,033,"Pennsylvania","Clearfield County",2,60,1195,626,569
050,42,033,"Pennsylvania","Clearfield County",2,61,1229,647,582
050,42,033,"Pennsylvania","Clearfield County",2,62,1219,623,596
050,42,033,"Pennsylvania","Clearfield County",2,63,1238,640,598
050,42,033,"Pennsylvania","Clearfield County",2,64,1193,598,595
050,42,033,"Pennsylvania","Clearfield County",2,65,1114,560,554
050,42,033,"Pennsylvania","Clearfield County",2,66,1119,552,567
050,42,033,"Pennsylvania","Clearfield County",2,67,1073,539,534
050,42,033,"Pennsylvania","Clearfield County",2,68,1015,506,509
050,42,033,"Pennsylvania","Clearfield County",2,69,971,473,498
050,42,033,"Pennsylvania","Clearfield County",2,70,911,440,471
050,42,033,"Pennsylvania","Clearfield County",2,71,914,448,466
050,42,033,"Pennsylvania","Clearfield County",2,72,886,433,453
050,42,033,"Pennsylvania","Clearfield County",2,73,955,476,479
050,42,033,"Pennsylvania","Clearfield County",2,74,671,330,341
050,42,033,"Pennsylvania","Clearfield County",2,75,638,305,333
050,42,033,"Pennsylvania","Clearfield County",2,76,630,294,336
050,42,033,"Pennsylvania","Clearfield County",2,77,625,283,342
050,42,033,"Pennsylvania","Clearfield County",2,78,537,237,300
050,42,033,"Pennsylvania","Clearfield County",2,79,525,232,293
050,42,033,"Pennsylvania","Clearfield County",2,80,501,211,290
050,42,033,"Pennsylvania","Clearfield County",2,81,456,192,264
050,42,033,"Pennsylvania","Clearfield County",2,82,417,189,228
050,42,033,"Pennsylvania","Clearfield County",2,83,381,159,222
050,42,033,"Pennsylvania","Clearfield County",2,84,345,142,203
050,42,033,"Pennsylvania","Clearfield County",2,85,1989,691,1298
050,42,033,"Pennsylvania","Clearfield County",3,0,656,347,309
050,42,033,"Pennsylvania","Clearfield County",3,1,669,322,347
050,42,033,"Pennsylvania","Clearfield County",3,2,731,364,367
050,42,033,"Pennsylvania","Clearfield County",3,3,718,354,364
050,42,033,"Pennsylvania","Clearfield County",3,4,728,384,344
050,42,033,"Pennsylvania","Clearfield County",3,5,777,418,359
050,42,033,"Pennsylvania","Clearfield County",3,6,793,431,362
050,42,033,"Pennsylvania","Clearfield County",3,7,796,412,384
050,42,033,"Pennsylvania","Clearfield County",3,8,823,425,398
050,42,033,"Pennsylvania","Clearfield County",3,9,755,379,376
050,42,033,"Pennsylvania","Clearfield County",3,10,762,390,372
050,42,033,"Pennsylvania","Clearfield County",3,11,824,437,387
050,42,033,"Pennsylvania","Clearfield County",3,12,870,450,420
050,42,033,"Pennsylvania","Clearfield County",3,13,919,484,435
050,42,033,"Pennsylvania","Clearfield County",3,14,921,493,428
050,42,033,"Pennsylvania","Clearfield County",3,15,925,471,454
050,42,033,"Pennsylvania","Clearfield County",3,16,911,446,465
050,42,033,"Pennsylvania","Clearfield County",3,17,937,455,482
050,42,033,"Pennsylvania","Clearfield County",3,18,786,421,365
050,42,033,"Pennsylvania","Clearfield County",3,19,613,347,266
050,42,033,"Pennsylvania","Clearfield County",3,20,742,426,316
050,42,033,"Pennsylvania","Clearfield County",3,21,811,462,349
050,42,033,"Pennsylvania","Clearfield County",3,22,840,479,361
050,42,033,"Pennsylvania","Clearfield County",3,23,873,499,374
050,42,033,"Pennsylvania","Clearfield County",3,24,932,560,372
050,42,033,"Pennsylvania","Clearfield County",3,25,890,518,372
050,42,033,"Pennsylvania","Clearfield County",3,26,932,528,404
050,42,033,"Pennsylvania","Clearfield County",3,27,943,530,413
050,42,033,"Pennsylvania","Clearfield County",3,28,927,526,401
050,42,033,"Pennsylvania","Clearfield County",3,29,951,516,435
050,42,033,"Pennsylvania","Clearfield County",3,30,969,528,441
050,42,033,"Pennsylvania","Clearfield County",3,31,926,512,414
050,42,033,"Pennsylvania","Clearfield County",3,32,931,521,410
050,42,033,"Pennsylvania","Clearfield County",3,33,909,518,391
050,42,033,"Pennsylvania","Clearfield County",3,34,911,532,379
050,42,033,"Pennsylvania","Clearfield County",3,35,897,501,396
050,42,033,"Pennsylvania","Clearfield County",3,36,916,509,407
050,42,033,"Pennsylvania","Clearfield County",3,37,922,536,386
050,42,033,"Pennsylvania","Clearfield County",3,38,902,511,391
050,42,033,"Pennsylvania","Clearfield County",3,39,921,520,401
050,42,033,"Pennsylvania","Clearfield County",3,40,948,522,426
050,42,033,"Pennsylvania","Clearfield County",3,41,960,526,434
050,42,033,"Pennsylvania","Clearfield County",3,42,929,495,434
050,42,033,"Pennsylvania","Clearfield County",3,43,946,490,456
050,42,033,"Pennsylvania","Clearfield County",3,44,940,489,451
050,42,033,"Pennsylvania","Clearfield County",3,45,939,499,440
050,42,033,"Pennsylvania","Clearfield County",3,46,960,536,424
050,42,033,"Pennsylvania","Clearfield County",3,47,944,514,430
050,42,033,"Pennsylvania","Clearfield County",3,48,1015,556,459
050,42,033,"Pennsylvania","Clearfield County",3,49,1071,581,490
050,42,033,"Pennsylvania","Clearfield County",3,50,1169,630,539
050,42,033,"Pennsylvania","Clearfield County",3,51,1156,623,533
050,42,033,"Pennsylvania","Clearfield County",3,52,1122,589,533
050,42,033,"Pennsylvania","Clearfield County",3,53,1115,577,538
050,42,033,"Pennsylvania","Clearfield County",3,54,1160,630,530
050,42,033,"Pennsylvania","Clearfield County",3,55,1160,627,533
050,42,033,"Pennsylvania","Clearfield County",3,56,1172,610,562
050,42,033,"Pennsylvania","Clearfield County",3,57,1228,644,584
050,42,033,"Pennsylvania","Clearfield County",3,58,1245,642,603
050,42,033,"Pennsylvania","Clearfield County",3,59,1259,651,608
050,42,033,"Pennsylvania","Clearfield County",3,60,1229,643,586
050,42,033,"Pennsylvania","Clearfield County",3,61,1195,634,561
050,42,033,"Pennsylvania","Clearfield County",3,62,1198,622,576
050,42,033,"Pennsylvania","Clearfield County",3,63,1212,627,585
050,42,033,"Pennsylvania","Clearfield County",3,64,1215,608,607
050,42,033,"Pennsylvania","Clearfield County",3,65,1165,581,584
050,42,033,"Pennsylvania","Clearfield County",3,66,1111,561,550
050,42,033,"Pennsylvania","Clearfield County",3,67,1088,534,554
050,42,033,"Pennsylvania","Clearfield County",3,68,1047,519,528
050,42,033,"Pennsylvania","Clearfield County",3,69,1005,501,504
050,42,033,"Pennsylvania","Clearfield County",3,70,949,461,488
050,42,033,"Pennsylvania","Clearfield County",3,71,882,427,455
050,42,033,"Pennsylvania","Clearfield County",3,72,892,431,461
050,42,033,"Pennsylvania","Clearfield County",3,73,851,415,436
050,42,033,"Pennsylvania","Clearfield County",3,74,923,455,468
050,42,033,"Pennsylvania","Clearfield County",3,75,642,315,327
050,42,033,"Pennsylvania","Clearfield County",3,76,605,282,323
050,42,033,"Pennsylvania","Clearfield County",3,77,591,271,320
050,42,033,"Pennsylvania","Clearfield County",3,78,596,259,337
050,42,033,"Pennsylvania","Clearfield County",3,79,504,223,281
050,42,033,"Pennsylvania","Clearfield County",3,80,480,207,273
050,42,033,"Pennsylvania","Clearfield County",3,81,478,197,281
050,42,033,"Pennsylvania","Clearfield County",3,82,417,179,238
050,42,033,"Pennsylvania","Clearfield County",3,83,387,158,229
050,42,033,"Pennsylvania","Clearfield County",3,84,355,154,201
050,42,033,"Pennsylvania","Clearfield County",3,85,1921,669,1252
050,42,033,"Pennsylvania","Clearfield County",4,0,676,368,308
050,42,033,"Pennsylvania","Clearfield County",4,1,676,348,328
050,42,033,"Pennsylvania","Clearfield County",4,2,666,330,336
050,42,033,"Pennsylvania","Clearfield County",4,3,727,369,358
050,42,033,"Pennsylvania","Clearfield County",4,4,739,357,382
050,42,033,"Pennsylvania","Clearfield County",4,5,740,387,353
050,42,033,"Pennsylvania","Clearfield County",4,6,797,426,371
050,42,033,"Pennsylvania","Clearfield County",4,7,790,431,359
050,42,033,"Pennsylvania","Clearfield County",4,8,823,428,395
050,42,033,"Pennsylvania","Clearfield County",4,9,827,426,401
050,42,033,"Pennsylvania","Clearfield County",4,10,775,396,379
050,42,033,"Pennsylvania","Clearfield County",4,11,776,393,383
050,42,033,"Pennsylvania","Clearfield County",4,12,835,439,396
050,42,033,"Pennsylvania","Clearfield County",4,13,863,460,403
050,42,033,"Pennsylvania","Clearfield County",4,14,925,493,432
050,42,033,"Pennsylvania","Clearfield County",4,15,920,493,427
050,42,033,"Pennsylvania","Clearfield County",4,16,921,466,455
050,42,033,"Pennsylvania","Clearfield County",4,17,900,441,459
050,42,033,"Pennsylvania","Clearfield County",4,18,778,393,385
050,42,033,"Pennsylvania","Clearfield County",4,19,593,334,259
050,42,033,"Pennsylvania","Clearfield County",4,20,713,418,295
050,42,033,"Pennsylvania","Clearfield County",4,21,778,448,330
050,42,033,"Pennsylvania","Clearfield County",4,22,847,474,373
050,42,033,"Pennsylvania","Clearfield County",4,23,891,510,381
050,42,033,"Pennsylvania","Clearfield County",4,24,916,535,381
050,42,033,"Pennsylvania","Clearfield County",4,25,869,523,346
050,42,033,"Pennsylvania","Clearfield County",4,26,881,501,380
050,42,033,"Pennsylvania","Clearfield County",4,27,938,534,404
050,42,033,"Pennsylvania","Clearfield County",4,28,919,519,400
050,42,033,"Pennsylvania","Clearfield County",4,29,918,508,410
050,42,033,"Pennsylvania","Clearfield County",4,30,967,533,434
050,42,033,"Pennsylvania","Clearfield County",4,31,955,512,443
050,42,033,"Pennsylvania","Clearfield County",4,32,968,538,430
050,42,033,"Pennsylvania","Clearfield County",4,33,925,515,410
050,42,033,"Pennsylvania","Clearfield County",4,34,939,523,416
050,42,033,"Pennsylvania","Clearfield County",4,35,919,526,393
050,42,033,"Pennsylvania","Clearfield County",4,36,917,514,403
050,42,033,"Pennsylvania","Clearfield County",4,37,936,533,403
050,42,033,"Pennsylvania","Clearfield County",4,38,911,516,395
050,42,033,"Pennsylvania","Clearfield County",4,39,928,532,396
050,42,033,"Pennsylvania","Clearfield County",4,40,906,501,405
050,42,033,"Pennsylvania","Clearfield County",4,41,985,565,420
050,42,033,"Pennsylvania","Clearfield County",4,42,919,496,423
050,42,033,"Pennsylvania","Clearfield County",4,43,950,494,456
050,42,033,"Pennsylvania","Clearfield County",4,44,891,466,425
050,42,033,"Pennsylvania","Clearfield County",4,45,951,484,467
050,42,033,"Pennsylvania","Clearfield County",4,46,930,511,419
050,42,033,"Pennsylvania","Clearfield County",4,47,948,523,425
050,42,033,"Pennsylvania","Clearfield County",4,48,952,524,428
050,42,033,"Pennsylvania","Clearfield County",4,49,992,539,453
050,42,033,"Pennsylvania","Clearfield County",4,50,1057,569,488
050,42,033,"Pennsylvania","Clearfield County",4,51,1171,624,547
050,42,033,"Pennsylvania","Clearfield County",4,52,1137,606,531
050,42,033,"Pennsylvania","Clearfield County",4,53,1096,574,522
050,42,033,"Pennsylvania","Clearfield County",4,54,1112,573,539
050,42,033,"Pennsylvania","Clearfield County",4,55,1127,607,520
050,42,033,"Pennsylvania","Clearfield County",4,56,1143,613,530
050,42,033,"Pennsylvania","Clearfield County",4,57,1165,610,555
050,42,033,"Pennsylvania","Clearfield County",4,58,1207,631,576
050,42,033,"Pennsylvania","Clearfield County",4,59,1237,628,609
050,42,033,"Pennsylvania","Clearfield County",4,60,1245,640,605
050,42,033,"Pennsylvania","Clearfield County",4,61,1238,646,592
050,42,033,"Pennsylvania","Clearfield County",4,62,1168,617,551
050,42,033,"Pennsylvania","Clearfield County",4,63,1198,631,567
050,42,033,"Pennsylvania","Clearfield County",4,64,1171,594,577
050,42,033,"Pennsylvania","Clearfield County",4,65,1163,581,582
050,42,033,"Pennsylvania","Clearfield County",4,66,1162,575,587
050,42,033,"Pennsylvania","Clearfield County",4,67,1079,543,536
050,42,033,"Pennsylvania","Clearfield County",4,68,1054,512,542
050,42,033,"Pennsylvania","Clearfield County",4,69,1038,511,527
050,42,033,"Pennsylvania","Clearfield County",4,70,980,489,491
050,42,033,"Pennsylvania","Clearfield County",4,71,927,448,479
050,42,033,"Pennsylvania","Clearfield County",4,72,862,417,445
050,42,033,"Pennsylvania","Clearfield County",4,73,845,413,432
050,42,033,"Pennsylvania","Clearfield County",4,74,822,389,433
050,42,033,"Pennsylvania","Clearfield County",4,75,883,434,449
050,42,033,"Pennsylvania","Clearfield County",4,76,622,298,324
050,42,033,"Pennsylvania","Clearfield County",4,77,575,270,305
050,42,033,"Pennsylvania","Clearfield County",4,78,561,254,307
050,42,033,"Pennsylvania","Clearfield County",4,79,564,245,319
050,42,033,"Pennsylvania","Clearfield County",4,80,463,197,266
050,42,033,"Pennsylvania","Clearfield County",4,81,453,190,263
050,42,033,"Pennsylvania","Clearfield County",4,82,444,184,260
050,42,033,"Pennsylvania","Clearfield County",4,83,389,154,235
050,42,033,"Pennsylvania","Clearfield County",4,84,366,150,216
050,42,033,"Pennsylvania","Clearfield County",4,85,1894,674,1220
050,42,033,"Pennsylvania","Clearfield County",5,0,667,363,304
050,42,033,"Pennsylvania","Clearfield County",5,1,681,375,306
050,42,033,"Pennsylvania","Clearfield County",5,2,674,360,314
050,42,033,"Pennsylvania","Clearfield County",5,3,678,344,334
050,42,033,"Pennsylvania","Clearfield County",5,4,739,383,356
050,42,033,"Pennsylvania","Clearfield County",5,5,736,356,380
050,42,033,"Pennsylvania","Clearfield County",5,6,742,394,348
050,42,033,"Pennsylvania","Clearfield County",5,7,813,437,376
050,42,033,"Pennsylvania","Clearfield County",5,8,798,438,360
050,42,033,"Pennsylvania","Clearfield County",5,9,822,425,397
050,42,033,"Pennsylvania","Clearfield County",5,10,826,427,399
050,42,033,"Pennsylvania","Clearfield County",5,11,778,395,383
050,42,033,"Pennsylvania","Clearfield County",5,12,788,393,395
050,42,033,"Pennsylvania","Clearfield County",5,13,813,433,380
050,42,033,"Pennsylvania","Clearfield County",5,14,864,459,405
050,42,033,"Pennsylvania","Clearfield County",5,15,915,483,432
050,42,033,"Pennsylvania","Clearfield County",5,16,908,485,423
050,42,033,"Pennsylvania","Clearfield County",5,17,928,468,460
050,42,033,"Pennsylvania","Clearfield County",5,18,746,381,365
050,42,033,"Pennsylvania","Clearfield County",5,19,611,323,288
050,42,033,"Pennsylvania","Clearfield County",5,20,709,411,298
050,42,033,"Pennsylvania","Clearfield County",5,21,765,438,327
050,42,033,"Pennsylvania","Clearfield County",5,22,803,456,347
050,42,033,"Pennsylvania","Clearfield County",5,23,886,502,384
050,42,033,"Pennsylvania","Clearfield County",5,24,899,540,359
050,42,033,"Pennsylvania","Clearfield County",5,25,880,503,377
050,42,033,"Pennsylvania","Clearfield County",5,26,843,506,337
050,42,033,"Pennsylvania","Clearfield County",5,27,893,505,388
050,42,033,"Pennsylvania","Clearfield County",5,28,928,530,398
050,42,033,"Pennsylvania","Clearfield County",5,29,916,513,403
050,42,033,"Pennsylvania","Clearfield County",5,30,940,522,418
050,42,033,"Pennsylvania","Clearfield County",5,31,926,492,434
050,42,033,"Pennsylvania","Clearfield County",5,32,952,509,443
050,42,033,"Pennsylvania","Clearfield County",5,33,941,522,419
050,42,033,"Pennsylvania","Clearfield County",5,34,924,516,408
050,42,033,"Pennsylvania","Clearfield County",5,35,911,502,409
050,42,033,"Pennsylvania","Clearfield County",5,36,917,521,396
050,42,033,"Pennsylvania","Clearfield County",5,37,920,517,403
050,42,033,"Pennsylvania","Clearfield County",5,38,917,508,409
050,42,033,"Pennsylvania","Clearfield County",5,39,897,509,388
050,42,033,"Pennsylvania","Clearfield County",5,40,922,517,405
050,42,033,"Pennsylvania","Clearfield County",5,41,931,531,400
050,42,033,"Pennsylvania","Clearfield County",5,42,948,533,415
050,42,033,"Pennsylvania","Clearfield County",5,43,934,493,441
050,42,033,"Pennsylvania","Clearfield County",5,44,906,476,430
050,42,033,"Pennsylvania","Clearfield County",5,45,896,463,433
050,42,033,"Pennsylvania","Clearfield County",5,46,942,495,447
050,42,033,"Pennsylvania","Clearfield County",5,47,907,497,410
050,42,033,"Pennsylvania","Clearfield County",5,48,932,512,420
050,42,033,"Pennsylvania","Clearfield County",5,49,923,496,427
050,42,033,"Pennsylvania","Clearfield County",5,50,974,521,453
050,42,033,"Pennsylvania","Clearfield County",5,51,1060,567,493
050,42,033,"Pennsylvania","Clearfield County",5,52,1148,606,542
050,42,033,"Pennsylvania","Clearfield County",5,53,1113,582,531
050,42,033,"Pennsylvania","Clearfield County",5,54,1112,582,530
050,42,033,"Pennsylvania","Clearfield County",5,55,1088,549,539
050,42,033,"Pennsylvania","Clearfield County",5,56,1101,581,520
050,42,033,"Pennsylvania","Clearfield County",5,57,1138,623,515
050,42,033,"Pennsylvania","Clearfield County",5,58,1140,594,546
050,42,033,"Pennsylvania","Clearfield County",5,59,1202,615,587
050,42,033,"Pennsylvania","Clearfield County",5,60,1227,622,605
050,42,033,"Pennsylvania","Clearfield County",5,61,1256,653,603
050,42,033,"Pennsylvania","Clearfield County",5,62,1211,624,587
050,42,033,"Pennsylvania","Clearfield County",5,63,1176,630,546
050,42,033,"Pennsylvania","Clearfield County",5,64,1179,609,570
050,42,033,"Pennsylvania","Clearfield County",5,65,1139,573,566
050,42,033,"Pennsylvania","Clearfield County",5,66,1159,590,569
050,42,033,"Pennsylvania","Clearfield County",5,67,1150,565,585
050,42,033,"Pennsylvania","Clearfield County",5,68,1057,527,530
050,42,033,"Pennsylvania","Clearfield County",5,69,1048,504,544
050,42,033,"Pennsylvania","Clearfield County",5,70,1002,494,508
050,42,033,"Pennsylvania","Clearfield County",5,71,959,474,485
050,42,033,"Pennsylvania","Clearfield County",5,72,913,438,475
050,42,033,"Pennsylvania","Clearfield County",5,73,821,399,422
050,42,033,"Pennsylvania","Clearfield County",5,74,822,391,431
050,42,033,"Pennsylvania","Clearfield County",5,75,779,367,412
050,42,033,"Pennsylvania","Clearfield County",5,76,853,418,435
050,42,033,"Pennsylvania","Clearfield County",5,77,591,281,310
050,42,033,"Pennsylvania","Clearfield County",5,78,552,255,297
050,42,033,"Pennsylvania","Clearfield County",5,79,530,242,288
050,42,033,"Pennsylvania","Clearfield County",5,80,515,215,300
050,42,033,"Pennsylvania","Clearfield County",5,81,431,182,249
050,42,033,"Pennsylvania","Clearfield County",5,82,412,173,239
050,42,033,"Pennsylvania","Clearfield County",5,83,415,158,257
050,42,033,"Pennsylvania","Clearfield County",5,84,363,145,218
050,42,033,"Pennsylvania","Clearfield County",5,85,1919,696,1223
050,42,035,"Pennsylvania","Clinton County",1,0,402,207,195
050,42,035,"Pennsylvania","Clinton County",1,1,411,212,199
050,42,035,"Pennsylvania","Clinton County",1,2,392,197,195
050,42,035,"Pennsylvania","Clinton County",1,3,367,185,182
050,42,035,"Pennsylvania","Clinton County",1,4,410,207,203
050,42,035,"Pennsylvania","Clinton County",1,5,415,221,194
050,42,035,"Pennsylvania","Clinton County",1,6,393,210,183
050,42,035,"Pennsylvania","Clinton County",1,7,420,211,209
050,42,035,"Pennsylvania","Clinton County",1,8,403,192,211
050,42,035,"Pennsylvania","Clinton County",1,9,392,202,190
050,42,035,"Pennsylvania","Clinton County",1,10,445,229,216
050,42,035,"Pennsylvania","Clinton County",1,11,476,240,236
050,42,035,"Pennsylvania","Clinton County",1,12,473,246,227
050,42,035,"Pennsylvania","Clinton County",1,13,468,244,224
050,42,035,"Pennsylvania","Clinton County",1,14,486,269,217
050,42,035,"Pennsylvania","Clinton County",1,15,461,230,231
050,42,035,"Pennsylvania","Clinton County",1,16,463,221,242
050,42,035,"Pennsylvania","Clinton County",1,17,463,227,236
050,42,035,"Pennsylvania","Clinton County",1,18,530,242,288
050,42,035,"Pennsylvania","Clinton County",1,19,690,311,379
050,42,035,"Pennsylvania","Clinton County",1,20,713,332,381
050,42,035,"Pennsylvania","Clinton County",1,21,943,345,598
050,42,035,"Pennsylvania","Clinton County",1,22,795,383,412
050,42,035,"Pennsylvania","Clinton County",1,23,591,302,289
050,42,035,"Pennsylvania","Clinton County",1,24,516,258,258
050,42,035,"Pennsylvania","Clinton County",1,25,467,246,221
050,42,035,"Pennsylvania","Clinton County",1,26,451,240,211
050,42,035,"Pennsylvania","Clinton County",1,27,420,238,182
050,42,035,"Pennsylvania","Clinton County",1,28,407,208,199
050,42,035,"Pennsylvania","Clinton County",1,29,446,242,204
050,42,035,"Pennsylvania","Clinton County",1,30,462,260,202
050,42,035,"Pennsylvania","Clinton County",1,31,405,253,152
050,42,035,"Pennsylvania","Clinton County",1,32,381,217,164
050,42,035,"Pennsylvania","Clinton County",1,33,384,208,176
050,42,035,"Pennsylvania","Clinton County",1,34,382,192,190
050,42,035,"Pennsylvania","Clinton County",1,35,372,192,180
050,42,035,"Pennsylvania","Clinton County",1,36,395,196,199
050,42,035,"Pennsylvania","Clinton County",1,37,400,200,200
050,42,035,"Pennsylvania","Clinton County",1,38,393,199,194
050,42,035,"Pennsylvania","Clinton County",1,39,409,197,212
050,42,035,"Pennsylvania","Clinton County",1,40,392,189,203
050,42,035,"Pennsylvania","Clinton County",1,41,401,195,206
050,42,035,"Pennsylvania","Clinton County",1,42,373,190,183
050,42,035,"Pennsylvania","Clinton County",1,43,378,191,187
050,42,035,"Pennsylvania","Clinton County",1,44,401,195,206
050,42,035,"Pennsylvania","Clinton County",1,45,395,200,195
050,42,035,"Pennsylvania","Clinton County",1,46,408,203,205
050,42,035,"Pennsylvania","Clinton County",1,47,413,207,206
050,42,035,"Pennsylvania","Clinton County",1,48,479,238,241
050,42,035,"Pennsylvania","Clinton County",1,49,492,263,229
050,42,035,"Pennsylvania","Clinton County",1,50,452,218,234
050,42,035,"Pennsylvania","Clinton County",1,51,426,212,214
050,42,035,"Pennsylvania","Clinton County",1,52,430,211,219
050,42,035,"Pennsylvania","Clinton County",1,53,448,227,221
050,42,035,"Pennsylvania","Clinton County",1,54,449,237,212
050,42,035,"Pennsylvania","Clinton County",1,55,469,237,232
050,42,035,"Pennsylvania","Clinton County",1,56,490,263,227
050,42,035,"Pennsylvania","Clinton County",1,57,503,256,247
050,42,035,"Pennsylvania","Clinton County",1,58,539,267,272
050,42,035,"Pennsylvania","Clinton County",1,59,534,278,256
050,42,035,"Pennsylvania","Clinton County",1,60,507,257,250
050,42,035,"Pennsylvania","Clinton County",1,61,540,257,283
050,42,035,"Pennsylvania","Clinton County",1,62,564,263,301
050,42,035,"Pennsylvania","Clinton County",1,63,529,266,263
050,42,035,"Pennsylvania","Clinton County",1,64,494,242,252
050,42,035,"Pennsylvania","Clinton County",1,65,496,239,257
050,42,035,"Pennsylvania","Clinton County",1,66,459,214,245
050,42,035,"Pennsylvania","Clinton County",1,67,448,225,223
050,42,035,"Pennsylvania","Clinton County",1,68,439,205,234
050,42,035,"Pennsylvania","Clinton County",1,69,412,213,199
050,42,035,"Pennsylvania","Clinton County",1,70,392,185,207
050,42,035,"Pennsylvania","Clinton County",1,71,399,178,221
050,42,035,"Pennsylvania","Clinton County",1,72,414,198,216
050,42,035,"Pennsylvania","Clinton County",1,73,402,198,204
050,42,035,"Pennsylvania","Clinton County",1,74,266,123,143
050,42,035,"Pennsylvania","Clinton County",1,75,262,122,140
050,42,035,"Pennsylvania","Clinton County",1,76,262,128,134
050,42,035,"Pennsylvania","Clinton County",1,77,275,130,145
050,42,035,"Pennsylvania","Clinton County",1,78,256,115,141
050,42,035,"Pennsylvania","Clinton County",1,79,239,114,125
050,42,035,"Pennsylvania","Clinton County",1,80,215,91,124
050,42,035,"Pennsylvania","Clinton County",1,81,216,95,121
050,42,035,"Pennsylvania","Clinton County",1,82,181,84,97
050,42,035,"Pennsylvania","Clinton County",1,83,164,73,91
050,42,035,"Pennsylvania","Clinton County",1,84,156,59,97
050,42,035,"Pennsylvania","Clinton County",1,85,893,326,567
050,42,035,"Pennsylvania","Clinton County",2,0,414,220,194
050,42,035,"Pennsylvania","Clinton County",2,1,405,209,196
050,42,035,"Pennsylvania","Clinton County",2,2,394,199,195
050,42,035,"Pennsylvania","Clinton County",2,3,372,188,184
050,42,035,"Pennsylvania","Clinton County",2,4,399,203,196
050,42,035,"Pennsylvania","Clinton County",2,5,414,218,196
050,42,035,"Pennsylvania","Clinton County",2,6,399,212,187
050,42,035,"Pennsylvania","Clinton County",2,7,411,210,201
050,42,035,"Pennsylvania","Clinton County",2,8,405,197,208
050,42,035,"Pennsylvania","Clinton County",2,9,392,200,192
050,42,035,"Pennsylvania","Clinton County",2,10,429,221,208
050,42,035,"Pennsylvania","Clinton County",2,11,465,236,229
050,42,035,"Pennsylvania","Clinton County",2,12,475,245,230
050,42,035,"Pennsylvania","Clinton County",2,13,468,245,223
050,42,035,"Pennsylvania","Clinton County",2,14,481,262,219
050,42,035,"Pennsylvania","Clinton County",2,15,468,242,226
050,42,035,"Pennsylvania","Clinton County",2,16,461,221,240
050,42,035,"Pennsylvania","Clinton County",2,17,462,224,238
050,42,035,"Pennsylvania","Clinton County",2,18,533,245,288
050,42,035,"Pennsylvania","Clinton County",2,19,691,310,381
050,42,035,"Pennsylvania","Clinton County",2,20,712,324,388
050,42,035,"Pennsylvania","Clinton County",2,21,942,347,595
050,42,035,"Pennsylvania","Clinton County",2,22,788,380,408
050,42,035,"Pennsylvania","Clinton County",2,23,593,302,291
050,42,035,"Pennsylvania","Clinton County",2,24,508,250,258
050,42,035,"Pennsylvania","Clinton County",2,25,465,246,219
050,42,035,"Pennsylvania","Clinton County",2,26,450,241,209
050,42,035,"Pennsylvania","Clinton County",2,27,419,233,186
050,42,035,"Pennsylvania","Clinton County",2,28,407,214,193
050,42,035,"Pennsylvania","Clinton County",2,29,438,235,203
050,42,035,"Pennsylvania","Clinton County",2,30,457,252,205
050,42,035,"Pennsylvania","Clinton County",2,31,417,254,163
050,42,035,"Pennsylvania","Clinton County",2,32,386,226,160
050,42,035,"Pennsylvania","Clinton County",2,33,382,209,173
050,42,035,"Pennsylvania","Clinton County",2,34,381,196,185
050,42,035,"Pennsylvania","Clinton County",2,35,375,193,182
050,42,035,"Pennsylvania","Clinton County",2,36,386,193,193
050,42,035,"Pennsylvania","Clinton County",2,37,402,201,201
050,42,035,"Pennsylvania","Clinton County",2,38,396,200,196
050,42,035,"Pennsylvania","Clinton County",2,39,402,195,207
050,42,035,"Pennsylvania","Clinton County",2,40,399,193,206
050,42,035,"Pennsylvania","Clinton County",2,41,395,191,204
050,42,035,"Pennsylvania","Clinton County",2,42,378,190,188
050,42,035,"Pennsylvania","Clinton County",2,43,379,192,187
050,42,035,"Pennsylvania","Clinton County",2,44,390,192,198
050,42,035,"Pennsylvania","Clinton County",2,45,401,202,199
050,42,035,"Pennsylvania","Clinton County",2,46,400,199,201
050,42,035,"Pennsylvania","Clinton County",2,47,411,205,206
050,42,035,"Pennsylvania","Clinton County",2,48,462,230,232
050,42,035,"Pennsylvania","Clinton County",2,49,489,257,232
050,42,035,"Pennsylvania","Clinton County",2,50,461,228,233
050,42,035,"Pennsylvania","Clinton County",2,51,432,213,219
050,42,035,"Pennsylvania","Clinton County",2,52,424,208,216
050,42,035,"Pennsylvania","Clinton County",2,53,443,224,219
050,42,035,"Pennsylvania","Clinton County",2,54,446,233,213
050,42,035,"Pennsylvania","Clinton County",2,55,464,237,227
050,42,035,"Pennsylvania","Clinton County",2,56,487,258,229
050,42,035,"Pennsylvania","Clinton County",2,57,502,260,242
050,42,035,"Pennsylvania","Clinton County",2,58,529,265,264
050,42,035,"Pennsylvania","Clinton County",2,59,535,275,260
050,42,035,"Pennsylvania","Clinton County",2,60,510,261,249
050,42,035,"Pennsylvania","Clinton County",2,61,528,255,273
050,42,035,"Pennsylvania","Clinton County",2,62,557,261,296
050,42,035,"Pennsylvania","Clinton County",2,63,540,267,273
050,42,035,"Pennsylvania","Clinton County",2,64,500,246,254
050,42,035,"Pennsylvania","Clinton County",2,65,493,240,253
050,42,035,"Pennsylvania","Clinton County",2,66,467,219,248
050,42,035,"Pennsylvania","Clinton County",2,67,448,221,227
050,42,035,"Pennsylvania","Clinton County",2,68,437,208,229
050,42,035,"Pennsylvania","Clinton County",2,69,419,210,209
050,42,035,"Pennsylvania","Clinton County",2,70,394,191,203
050,42,035,"Pennsylvania","Clinton County",2,71,398,180,218
050,42,035,"Pennsylvania","Clinton County",2,72,400,189,211
050,42,035,"Pennsylvania","Clinton County",2,73,419,205,214
050,42,035,"Pennsylvania","Clinton County",2,74,277,130,147
050,42,035,"Pennsylvania","Clinton County",2,75,261,121,140
050,42,035,"Pennsylvania","Clinton County",2,76,256,124,132
050,42,035,"Pennsylvania","Clinton County",2,77,279,133,146
050,42,035,"Pennsylvania","Clinton County",2,78,253,115,138
050,42,035,"Pennsylvania","Clinton County",2,79,239,111,128
050,42,035,"Pennsylvania","Clinton County",2,80,219,95,124
050,42,035,"Pennsylvania","Clinton County",2,81,211,92,119
050,42,035,"Pennsylvania","Clinton County",2,82,189,88,101
050,42,035,"Pennsylvania","Clinton County",2,83,165,75,90
050,42,035,"Pennsylvania","Clinton County",2,84,155,59,96
050,42,035,"Pennsylvania","Clinton County",2,85,885,329,556
050,42,035,"Pennsylvania","Clinton County",3,0,378,196,182
050,42,035,"Pennsylvania","Clinton County",3,1,423,229,194
050,42,035,"Pennsylvania","Clinton County",3,2,411,212,199
050,42,035,"Pennsylvania","Clinton County",3,3,395,201,194
050,42,035,"Pennsylvania","Clinton County",3,4,380,187,193
050,42,035,"Pennsylvania","Clinton County",3,5,387,199,188
050,42,035,"Pennsylvania","Clinton County",3,6,406,215,191
050,42,035,"Pennsylvania","Clinton County",3,7,406,222,184
050,42,035,"Pennsylvania","Clinton County",3,8,419,215,204
050,42,035,"Pennsylvania","Clinton County",3,9,402,191,211
050,42,035,"Pennsylvania","Clinton County",3,10,391,198,193
050,42,035,"Pennsylvania","Clinton County",3,11,416,216,200
050,42,035,"Pennsylvania","Clinton County",3,12,469,240,229
050,42,035,"Pennsylvania","Clinton County",3,13,464,236,228
050,42,035,"Pennsylvania","Clinton County",3,14,484,258,226
050,42,035,"Pennsylvania","Clinton County",3,15,496,271,225
050,42,035,"Pennsylvania","Clinton County",3,16,462,240,222
050,42,035,"Pennsylvania","Clinton County",3,17,470,223,247
050,42,035,"Pennsylvania","Clinton County",3,18,623,282,341
050,42,035,"Pennsylvania","Clinton County",3,19,869,381,488
050,42,035,"Pennsylvania","Clinton County",3,20,818,358,460
050,42,035,"Pennsylvania","Clinton County",3,21,1026,384,642
050,42,035,"Pennsylvania","Clinton County",3,22,825,409,416
050,42,035,"Pennsylvania","Clinton County",3,23,619,328,291
050,42,035,"Pennsylvania","Clinton County",3,24,528,260,268
050,42,035,"Pennsylvania","Clinton County",3,25,489,253,236
050,42,035,"Pennsylvania","Clinton County",3,26,473,262,211
050,42,035,"Pennsylvania","Clinton County",3,27,462,241,221
050,42,035,"Pennsylvania","Clinton County",3,28,435,240,195
050,42,035,"Pennsylvania","Clinton County",3,29,412,225,187
050,42,035,"Pennsylvania","Clinton County",3,30,448,244,204
050,42,035,"Pennsylvania","Clinton County",3,31,445,243,202
050,42,035,"Pennsylvania","Clinton County",3,32,422,262,160
050,42,035,"Pennsylvania","Clinton County",3,33,388,216,172
050,42,035,"Pennsylvania","Clinton County",3,34,378,204,174
050,42,035,"Pennsylvania","Clinton County",3,35,383,197,186
050,42,035,"Pennsylvania","Clinton County",3,36,382,199,183
050,42,035,"Pennsylvania","Clinton County",3,37,389,197,192
050,42,035,"Pennsylvania","Clinton County",3,38,401,192,209
050,42,035,"Pennsylvania","Clinton County",3,39,389,202,187
050,42,035,"Pennsylvania","Clinton County",3,40,409,198,211
050,42,035,"Pennsylvania","Clinton County",3,41,406,195,211
050,42,035,"Pennsylvania","Clinton County",3,42,404,197,207
050,42,035,"Pennsylvania","Clinton County",3,43,385,191,194
050,42,035,"Pennsylvania","Clinton County",3,44,374,192,182
050,42,035,"Pennsylvania","Clinton County",3,45,394,196,198
050,42,035,"Pennsylvania","Clinton County",3,46,399,196,203
050,42,035,"Pennsylvania","Clinton County",3,47,396,195,201
050,42,035,"Pennsylvania","Clinton County",3,48,409,204,205
050,42,035,"Pennsylvania","Clinton County",3,49,472,235,237
050,42,035,"Pennsylvania","Clinton County",3,50,476,249,227
050,42,035,"Pennsylvania","Clinton County",3,51,462,231,231
050,42,035,"Pennsylvania","Clinton County",3,52,441,217,224
050,42,035,"Pennsylvania","Clinton County",3,53,428,211,217
050,42,035,"Pennsylvania","Clinton County",3,54,440,222,218
050,42,035,"Pennsylvania","Clinton County",3,55,441,230,211
050,42,035,"Pennsylvania","Clinton County",3,56,474,242,232
050,42,035,"Pennsylvania","Clinton County",3,57,475,253,222
050,42,035,"Pennsylvania","Clinton County",3,58,495,256,239
050,42,035,"Pennsylvania","Clinton County",3,59,533,267,266
050,42,035,"Pennsylvania","Clinton County",3,60,537,278,259
050,42,035,"Pennsylvania","Clinton County",3,61,510,259,251
050,42,035,"Pennsylvania","Clinton County",3,62,515,247,268
050,42,035,"Pennsylvania","Clinton County",3,63,550,258,292
050,42,035,"Pennsylvania","Clinton County",3,64,538,261,277
050,42,035,"Pennsylvania","Clinton County",3,65,492,246,246
050,42,035,"Pennsylvania","Clinton County",3,66,487,235,252
050,42,035,"Pennsylvania","Clinton County",3,67,451,211,240
050,42,035,"Pennsylvania","Clinton County",3,68,440,216,224
050,42,035,"Pennsylvania","Clinton County",3,69,433,200,233
050,42,035,"Pennsylvania","Clinton County",3,70,412,208,204
050,42,035,"Pennsylvania","Clinton County",3,71,393,192,201
050,42,035,"Pennsylvania","Clinton County",3,72,377,171,206
050,42,035,"Pennsylvania","Clinton County",3,73,391,179,212
050,42,035,"Pennsylvania","Clinton County",3,74,406,197,209
050,42,035,"Pennsylvania","Clinton County",3,75,275,127,148
050,42,035,"Pennsylvania","Clinton County",3,76,248,116,132
050,42,035,"Pennsylvania","Clinton County",3,77,258,123,135
050,42,035,"Pennsylvania","Clinton County",3,78,258,122,136
050,42,035,"Pennsylvania","Clinton County",3,79,241,108,133
050,42,035,"Pennsylvania","Clinton County",3,80,235,106,129
050,42,035,"Pennsylvania","Clinton County",3,81,205,88,117
050,42,035,"Pennsylvania","Clinton County",3,82,204,88,116
050,42,035,"Pennsylvania","Clinton County",3,83,174,83,91
050,42,035,"Pennsylvania","Clinton County",3,84,160,67,93
050,42,035,"Pennsylvania","Clinton County",3,85,849,315,534
050,42,035,"Pennsylvania","Clinton County",4,0,368,197,171
050,42,035,"Pennsylvania","Clinton County",4,1,376,193,183
050,42,035,"Pennsylvania","Clinton County",4,2,429,231,198
050,42,035,"Pennsylvania","Clinton County",4,3,407,203,204
050,42,035,"Pennsylvania","Clinton County",4,4,400,197,203
050,42,035,"Pennsylvania","Clinton County",4,5,379,184,195
050,42,035,"Pennsylvania","Clinton County",4,6,394,208,186
050,42,035,"Pennsylvania","Clinton County",4,7,399,211,188
050,42,035,"Pennsylvania","Clinton County",4,8,415,221,194
050,42,035,"Pennsylvania","Clinton County",4,9,413,216,197
050,42,035,"Pennsylvania","Clinton County",4,10,403,192,211
050,42,035,"Pennsylvania","Clinton County",4,11,391,201,190
050,42,035,"Pennsylvania","Clinton County",4,12,428,222,206
050,42,035,"Pennsylvania","Clinton County",4,13,464,244,220
050,42,035,"Pennsylvania","Clinton County",4,14,469,246,223
050,42,035,"Pennsylvania","Clinton County",4,15,491,264,227
050,42,035,"Pennsylvania","Clinton County",4,16,480,262,218
050,42,035,"Pennsylvania","Clinton County",4,17,453,232,221
050,42,035,"Pennsylvania","Clinton County",4,18,611,279,332
050,42,035,"Pennsylvania","Clinton County",4,19,838,367,471
050,42,035,"Pennsylvania","Clinton County",4,20,793,338,455
050,42,035,"Pennsylvania","Clinton County",4,21,1006,370,636
050,42,035,"Pennsylvania","Clinton County",4,22,819,400,419
050,42,035,"Pennsylvania","Clinton County",4,23,620,324,296
050,42,035,"Pennsylvania","Clinton County",4,24,502,247,255
050,42,035,"Pennsylvania","Clinton County",4,25,471,250,221
050,42,035,"Pennsylvania","Clinton County",4,26,497,250,247
050,42,035,"Pennsylvania","Clinton County",4,27,428,241,187
050,42,035,"Pennsylvania","Clinton County",4,28,444,229,215
050,42,035,"Pennsylvania","Clinton County",4,29,449,255,194
050,42,035,"Pennsylvania","Clinton County",4,30,401,211,190
050,42,035,"Pennsylvania","Clinton County",4,31,440,230,210
050,42,035,"Pennsylvania","Clinton County",4,32,446,248,198
050,42,035,"Pennsylvania","Clinton County",4,33,422,262,160
050,42,035,"Pennsylvania","Clinton County",4,34,372,205,167
050,42,035,"Pennsylvania","Clinton County",4,35,373,203,170
050,42,035,"Pennsylvania","Clinton County",4,36,389,198,191
050,42,035,"Pennsylvania","Clinton County",4,37,383,202,181
050,42,035,"Pennsylvania","Clinton County",4,38,394,197,197
050,42,035,"Pennsylvania","Clinton County",4,39,385,182,203
050,42,035,"Pennsylvania","Clinton County",4,40,388,202,186
050,42,035,"Pennsylvania","Clinton County",4,41,405,196,209
050,42,035,"Pennsylvania","Clinton County",4,42,399,195,204
050,42,035,"Pennsylvania","Clinton County",4,43,404,191,213
050,42,035,"Pennsylvania","Clinton County",4,44,386,191,195
050,42,035,"Pennsylvania","Clinton County",4,45,397,205,192
050,42,035,"Pennsylvania","Clinton County",4,46,391,193,198
050,42,035,"Pennsylvania","Clinton County",4,47,398,193,205
050,42,035,"Pennsylvania","Clinton County",4,48,399,197,202
050,42,035,"Pennsylvania","Clinton County",4,49,413,208,205
050,42,035,"Pennsylvania","Clinton County",4,50,469,230,239
050,42,035,"Pennsylvania","Clinton County",4,51,477,247,230
050,42,035,"Pennsylvania","Clinton County",4,52,465,236,229
050,42,035,"Pennsylvania","Clinton County",4,53,448,220,228
050,42,035,"Pennsylvania","Clinton County",4,54,425,207,218
050,42,035,"Pennsylvania","Clinton County",4,55,430,214,216
050,42,035,"Pennsylvania","Clinton County",4,56,433,227,206
050,42,035,"Pennsylvania","Clinton County",4,57,475,246,229
050,42,035,"Pennsylvania","Clinton County",4,58,466,245,221
050,42,035,"Pennsylvania","Clinton County",4,59,493,254,239
050,42,035,"Pennsylvania","Clinton County",4,60,513,257,256
050,42,035,"Pennsylvania","Clinton County",4,61,532,276,256
050,42,035,"Pennsylvania","Clinton County",4,62,499,255,244
050,42,035,"Pennsylvania","Clinton County",4,63,514,247,267
050,42,035,"Pennsylvania","Clinton County",4,64,550,256,294
050,42,035,"Pennsylvania","Clinton County",4,65,528,258,270
050,42,035,"Pennsylvania","Clinton County",4,66,487,243,244
050,42,035,"Pennsylvania","Clinton County",4,67,478,230,248
050,42,035,"Pennsylvania","Clinton County",4,68,451,211,240
050,42,035,"Pennsylvania","Clinton County",4,69,430,207,223
050,42,035,"Pennsylvania","Clinton County",4,70,424,199,225
050,42,035,"Pennsylvania","Clinton County",4,71,405,209,196
050,42,035,"Pennsylvania","Clinton County",4,72,378,186,192
050,42,035,"Pennsylvania","Clinton County",4,73,375,168,207
050,42,035,"Pennsylvania","Clinton County",4,74,381,174,207
050,42,035,"Pennsylvania","Clinton County",4,75,396,192,204
050,42,035,"Pennsylvania","Clinton County",4,76,264,123,141
050,42,035,"Pennsylvania","Clinton County",4,77,246,118,128
050,42,035,"Pennsylvania","Clinton County",4,78,239,113,126
050,42,035,"Pennsylvania","Clinton County",4,79,252,116,136
050,42,035,"Pennsylvania","Clinton County",4,80,229,97,132
050,42,035,"Pennsylvania","Clinton County",4,81,214,98,116
050,42,035,"Pennsylvania","Clinton County",4,82,204,89,115
050,42,035,"Pennsylvania","Clinton County",4,83,190,83,107
050,42,035,"Pennsylvania","Clinton County",4,84,163,72,91
050,42,035,"Pennsylvania","Clinton County",4,85,831,309,522
050,42,035,"Pennsylvania","Clinton County",5,0,344,187,157
050,42,035,"Pennsylvania","Clinton County",5,1,380,204,176
050,42,035,"Pennsylvania","Clinton County",5,2,387,203,184
050,42,035,"Pennsylvania","Clinton County",5,3,440,236,204
050,42,035,"Pennsylvania","Clinton County",5,4,406,202,204
050,42,035,"Pennsylvania","Clinton County",5,5,394,194,200
050,42,035,"Pennsylvania","Clinton County",5,6,376,183,193
050,42,035,"Pennsylvania","Clinton County",5,7,388,203,185
050,42,035,"Pennsylvania","Clinton County",5,8,397,211,186
050,42,035,"Pennsylvania","Clinton County",5,9,418,226,192
050,42,035,"Pennsylvania","Clinton County",5,10,412,217,195
050,42,035,"Pennsylvania","Clinton County",5,11,400,194,206
050,42,035,"Pennsylvania","Clinton County",5,12,401,209,192
050,42,035,"Pennsylvania","Clinton County",5,13,422,215,207
050,42,035,"Pennsylvania","Clinton County",5,14,464,243,221
050,42,035,"Pennsylvania","Clinton County",5,15,475,251,224
050,42,035,"Pennsylvania","Clinton County",5,16,482,249,233
050,42,035,"Pennsylvania","Clinton County",5,17,486,263,223
050,42,035,"Pennsylvania","Clinton County",5,18,607,289,318
050,42,035,"Pennsylvania","Clinton County",5,19,842,369,473
050,42,035,"Pennsylvania","Clinton County",5,20,773,340,433
050,42,035,"Pennsylvania","Clinton County",5,21,988,353,635
050,42,035,"Pennsylvania","Clinton County",5,22,815,399,416
050,42,035,"Pennsylvania","Clinton County",5,23,603,320,283
050,42,035,"Pennsylvania","Clinton County",5,24,533,264,269
050,42,035,"Pennsylvania","Clinton County",5,25,444,224,220
050,42,035,"Pennsylvania","Clinton County",5,26,475,261,214
050,42,035,"Pennsylvania","Clinton County",5,27,456,226,230
050,42,035,"Pennsylvania","Clinton County",5,28,419,230,189
050,42,035,"Pennsylvania","Clinton County",5,29,449,234,215
050,42,035,"Pennsylvania","Clinton County",5,30,434,236,198
050,42,035,"Pennsylvania","Clinton County",5,31,408,217,191
050,42,035,"Pennsylvania","Clinton County",5,32,447,227,220
050,42,035,"Pennsylvania","Clinton County",5,33,429,235,194
050,42,035,"Pennsylvania","Clinton County",5,34,421,264,157
050,42,035,"Pennsylvania","Clinton County",5,35,380,208,172
050,42,035,"Pennsylvania","Clinton County",5,36,373,201,172
050,42,035,"Pennsylvania","Clinton County",5,37,389,199,190
050,42,035,"Pennsylvania","Clinton County",5,38,365,185,180
050,42,035,"Pennsylvania","Clinton County",5,39,375,187,188
050,42,035,"Pennsylvania","Clinton County",5,40,395,191,204
050,42,035,"Pennsylvania","Clinton County",5,41,376,193,183
050,42,035,"Pennsylvania","Clinton County",5,42,399,193,206
050,42,035,"Pennsylvania","Clinton County",5,43,395,190,205
050,42,035,"Pennsylvania","Clinton County",5,44,394,194,200
050,42,035,"Pennsylvania","Clinton County",5,45,390,196,194
050,42,035,"Pennsylvania","Clinton County",5,46,387,195,192
050,42,035,"Pennsylvania","Clinton County",5,47,384,183,201
050,42,035,"Pennsylvania","Clinton County",5,48,387,194,193
050,42,035,"Pennsylvania","Clinton County",5,49,410,203,207
050,42,035,"Pennsylvania","Clinton County",5,50,406,206,200
050,42,035,"Pennsylvania","Clinton County",5,51,473,232,241
050,42,035,"Pennsylvania","Clinton County",5,52,476,245,231
050,42,035,"Pennsylvania","Clinton County",5,53,465,232,233
050,42,035,"Pennsylvania","Clinton County",5,54,438,218,220
050,42,035,"Pennsylvania","Clinton County",5,55,428,208,220
050,42,035,"Pennsylvania","Clinton County",5,56,429,214,215
050,42,035,"Pennsylvania","Clinton County",5,57,429,227,202
050,42,035,"Pennsylvania","Clinton County",5,58,483,245,238
050,42,035,"Pennsylvania","Clinton County",5,59,460,242,218
050,42,035,"Pennsylvania","Clinton County",5,60,490,250,240
050,42,035,"Pennsylvania","Clinton County",5,61,512,255,257
050,42,035,"Pennsylvania","Clinton County",5,62,529,271,258
050,42,035,"Pennsylvania","Clinton County",5,63,497,257,240
050,42,035,"Pennsylvania","Clinton County",5,64,512,247,265
050,42,035,"Pennsylvania","Clinton County",5,65,538,252,286
050,42,035,"Pennsylvania","Clinton County",5,66,514,248,266
050,42,035,"Pennsylvania","Clinton County",5,67,482,243,239
050,42,035,"Pennsylvania","Clinton County",5,68,473,230,243
050,42,035,"Pennsylvania","Clinton County",5,69,448,205,243
050,42,035,"Pennsylvania","Clinton County",5,70,429,206,223
050,42,035,"Pennsylvania","Clinton County",5,71,421,198,223
050,42,035,"Pennsylvania","Clinton County",5,72,393,204,189
050,42,035,"Pennsylvania","Clinton County",5,73,374,182,192
050,42,035,"Pennsylvania","Clinton County",5,74,360,162,198
050,42,035,"Pennsylvania","Clinton County",5,75,361,162,199
050,42,035,"Pennsylvania","Clinton County",5,76,374,181,193
050,42,035,"Pennsylvania","Clinton County",5,77,261,122,139
050,42,035,"Pennsylvania","Clinton County",5,78,231,112,119
050,42,035,"Pennsylvania","Clinton County",5,79,232,110,122
050,42,035,"Pennsylvania","Clinton County",5,80,243,104,139
050,42,035,"Pennsylvania","Clinton County",5,81,209,88,121
050,42,035,"Pennsylvania","Clinton County",5,82,215,99,116
050,42,035,"Pennsylvania","Clinton County",5,83,193,85,108
050,42,035,"Pennsylvania","Clinton County",5,84,180,70,110
050,42,035,"Pennsylvania","Clinton County",5,85,835,315,520
050,42,037,"Pennsylvania","Columbia County",1,0,508,263,245
050,42,037,"Pennsylvania","Columbia County",1,1,532,273,259
050,42,037,"Pennsylvania","Columbia County",1,2,541,259,282
050,42,037,"Pennsylvania","Columbia County",1,3,552,295,257
050,42,037,"Pennsylvania","Columbia County",1,4,591,304,287
050,42,037,"Pennsylvania","Columbia County",1,5,651,332,319
050,42,037,"Pennsylvania","Columbia County",1,6,633,317,316
050,42,037,"Pennsylvania","Columbia County",1,7,611,316,295
050,42,037,"Pennsylvania","Columbia County",1,8,613,309,304
050,42,037,"Pennsylvania","Columbia County",1,9,612,301,311
050,42,037,"Pennsylvania","Columbia County",1,10,665,351,314
050,42,037,"Pennsylvania","Columbia County",1,11,695,357,338
050,42,037,"Pennsylvania","Columbia County",1,12,729,376,353
050,42,037,"Pennsylvania","Columbia County",1,13,724,375,349
050,42,037,"Pennsylvania","Columbia County",1,14,725,359,366
050,42,037,"Pennsylvania","Columbia County",1,15,709,344,365
050,42,037,"Pennsylvania","Columbia County",1,16,731,365,366
050,42,037,"Pennsylvania","Columbia County",1,17,713,353,360
050,42,037,"Pennsylvania","Columbia County",1,18,1209,529,680
050,42,037,"Pennsylvania","Columbia County",1,19,1854,797,1057
050,42,037,"Pennsylvania","Columbia County",1,20,1805,736,1069
050,42,037,"Pennsylvania","Columbia County",1,21,1701,707,994
050,42,037,"Pennsylvania","Columbia County",1,22,1301,591,710
050,42,037,"Pennsylvania","Columbia County",1,23,910,515,395
050,42,037,"Pennsylvania","Columbia County",1,24,816,442,374
050,42,037,"Pennsylvania","Columbia County",1,25,754,392,362
050,42,037,"Pennsylvania","Columbia County",1,26,742,383,359
050,42,037,"Pennsylvania","Columbia County",1,27,681,348,333
050,42,037,"Pennsylvania","Columbia County",1,28,727,380,347
050,42,037,"Pennsylvania","Columbia County",1,29,740,380,360
050,42,037,"Pennsylvania","Columbia County",1,30,680,369,311
050,42,037,"Pennsylvania","Columbia County",1,31,698,369,329
050,42,037,"Pennsylvania","Columbia County",1,32,702,372,330
050,42,037,"Pennsylvania","Columbia County",1,33,709,351,358
050,42,037,"Pennsylvania","Columbia County",1,34,698,345,353
050,42,037,"Pennsylvania","Columbia County",1,35,654,322,332
050,42,037,"Pennsylvania","Columbia County",1,36,647,320,327
050,42,037,"Pennsylvania","Columbia County",1,37,744,360,384
050,42,037,"Pennsylvania","Columbia County",1,38,691,330,361
050,42,037,"Pennsylvania","Columbia County",1,39,728,370,358
050,42,037,"Pennsylvania","Columbia County",1,40,688,363,325
050,42,037,"Pennsylvania","Columbia County",1,41,680,345,335
050,42,037,"Pennsylvania","Columbia County",1,42,651,319,332
050,42,037,"Pennsylvania","Columbia County",1,43,615,324,291
050,42,037,"Pennsylvania","Columbia County",1,44,666,351,315
050,42,037,"Pennsylvania","Columbia County",1,45,719,358,361
050,42,037,"Pennsylvania","Columbia County",1,46,732,363,369
050,42,037,"Pennsylvania","Columbia County",1,47,697,356,341
050,42,037,"Pennsylvania","Columbia County",1,48,807,405,402
050,42,037,"Pennsylvania","Columbia County",1,49,859,450,409
050,42,037,"Pennsylvania","Columbia County",1,50,788,403,385
050,42,037,"Pennsylvania","Columbia County",1,51,797,416,381
050,42,037,"Pennsylvania","Columbia County",1,52,800,403,397
050,42,037,"Pennsylvania","Columbia County",1,53,818,419,399
050,42,037,"Pennsylvania","Columbia County",1,54,854,442,412
050,42,037,"Pennsylvania","Columbia County",1,55,904,462,442
050,42,037,"Pennsylvania","Columbia County",1,56,869,418,451
050,42,037,"Pennsylvania","Columbia County",1,57,874,421,453
050,42,037,"Pennsylvania","Columbia County",1,58,913,438,475
050,42,037,"Pennsylvania","Columbia County",1,59,893,440,453
050,42,037,"Pennsylvania","Columbia County",1,60,895,432,463
050,42,037,"Pennsylvania","Columbia County",1,61,955,477,478
050,42,037,"Pennsylvania","Columbia County",1,62,974,479,495
050,42,037,"Pennsylvania","Columbia County",1,63,941,467,474
050,42,037,"Pennsylvania","Columbia County",1,64,888,422,466
050,42,037,"Pennsylvania","Columbia County",1,65,871,417,454
050,42,037,"Pennsylvania","Columbia County",1,66,867,413,454
050,42,037,"Pennsylvania","Columbia County",1,67,846,414,432
050,42,037,"Pennsylvania","Columbia County",1,68,783,385,398
050,42,037,"Pennsylvania","Columbia County",1,69,749,378,371
050,42,037,"Pennsylvania","Columbia County",1,70,704,336,368
050,42,037,"Pennsylvania","Columbia County",1,71,713,338,375
050,42,037,"Pennsylvania","Columbia County",1,72,720,344,376
050,42,037,"Pennsylvania","Columbia County",1,73,759,370,389
050,42,037,"Pennsylvania","Columbia County",1,74,488,211,277
050,42,037,"Pennsylvania","Columbia County",1,75,494,196,298
050,42,037,"Pennsylvania","Columbia County",1,76,517,237,280
050,42,037,"Pennsylvania","Columbia County",1,77,491,240,251
050,42,037,"Pennsylvania","Columbia County",1,78,390,177,213
050,42,037,"Pennsylvania","Columbia County",1,79,354,147,207
050,42,037,"Pennsylvania","Columbia County",1,80,330,136,194
050,42,037,"Pennsylvania","Columbia County",1,81,318,125,193
050,42,037,"Pennsylvania","Columbia County",1,82,275,103,172
050,42,037,"Pennsylvania","Columbia County",1,83,269,101,168
050,42,037,"Pennsylvania","Columbia County",1,84,263,108,155
050,42,037,"Pennsylvania","Columbia County",1,85,1518,551,967
050,42,037,"Pennsylvania","Columbia County",2,0,522,266,256
050,42,037,"Pennsylvania","Columbia County",2,1,523,268,255
050,42,037,"Pennsylvania","Columbia County",2,2,538,265,273
050,42,037,"Pennsylvania","Columbia County",2,3,551,288,263
050,42,037,"Pennsylvania","Columbia County",2,4,583,302,281
050,42,037,"Pennsylvania","Columbia County",2,5,640,327,313
050,42,037,"Pennsylvania","Columbia County",2,6,638,322,316
050,42,037,"Pennsylvania","Columbia County",2,7,615,316,299
050,42,037,"Pennsylvania","Columbia County",2,8,609,307,302
050,42,037,"Pennsylvania","Columbia County",2,9,614,305,309
050,42,037,"Pennsylvania","Columbia County",2,10,655,336,319
050,42,037,"Pennsylvania","Columbia County",2,11,687,355,332
050,42,037,"Pennsylvania","Columbia County",2,12,727,375,352
050,42,037,"Pennsylvania","Columbia County",2,13,726,375,351
050,42,037,"Pennsylvania","Columbia County",2,14,724,362,362
050,42,037,"Pennsylvania","Columbia County",2,15,714,349,365
050,42,037,"Pennsylvania","Columbia County",2,16,728,361,367
050,42,037,"Pennsylvania","Columbia County",2,17,718,354,364
050,42,037,"Pennsylvania","Columbia County",2,18,1216,528,688
050,42,037,"Pennsylvania","Columbia County",2,19,1847,793,1054
050,42,037,"Pennsylvania","Columbia County",2,20,1815,738,1077
050,42,037,"Pennsylvania","Columbia County",2,21,1702,709,993
050,42,037,"Pennsylvania","Columbia County",2,22,1301,593,708
050,42,037,"Pennsylvania","Columbia County",2,23,910,512,398
050,42,037,"Pennsylvania","Columbia County",2,24,807,438,369
050,42,037,"Pennsylvania","Columbia County",2,25,752,392,360
050,42,037,"Pennsylvania","Columbia County",2,26,743,384,359
050,42,037,"Pennsylvania","Columbia County",2,27,691,354,337
050,42,037,"Pennsylvania","Columbia County",2,28,715,373,342
050,42,037,"Pennsylvania","Columbia County",2,29,732,377,355
050,42,037,"Pennsylvania","Columbia County",2,30,702,376,326
050,42,037,"Pennsylvania","Columbia County",2,31,695,370,325
050,42,037,"Pennsylvania","Columbia County",2,32,701,371,330
050,42,037,"Pennsylvania","Columbia County",2,33,711,357,354
050,42,037,"Pennsylvania","Columbia County",2,34,708,348,360
050,42,037,"Pennsylvania","Columbia County",2,35,666,328,338
050,42,037,"Pennsylvania","Columbia County",2,36,649,322,327
050,42,037,"Pennsylvania","Columbia County",2,37,723,351,372
050,42,037,"Pennsylvania","Columbia County",2,38,706,340,366
050,42,037,"Pennsylvania","Columbia County",2,39,719,361,358
050,42,037,"Pennsylvania","Columbia County",2,40,706,370,336
050,42,037,"Pennsylvania","Columbia County",2,41,682,350,332
050,42,037,"Pennsylvania","Columbia County",2,42,651,322,329
050,42,037,"Pennsylvania","Columbia County",2,43,633,328,305
050,42,037,"Pennsylvania","Columbia County",2,44,652,345,307
050,42,037,"Pennsylvania","Columbia County",2,45,710,356,354
050,42,037,"Pennsylvania","Columbia County",2,46,728,361,367
050,42,037,"Pennsylvania","Columbia County",2,47,705,357,348
050,42,037,"Pennsylvania","Columbia County",2,48,783,394,389
050,42,037,"Pennsylvania","Columbia County",2,49,845,440,405
050,42,037,"Pennsylvania","Columbia County",2,50,807,414,393
050,42,037,"Pennsylvania","Columbia County",2,51,794,413,381
050,42,037,"Pennsylvania","Columbia County",2,52,798,406,392
050,42,037,"Pennsylvania","Columbia County",2,53,814,416,398
050,42,037,"Pennsylvania","Columbia County",2,54,844,437,407
050,42,037,"Pennsylvania","Columbia County",2,55,895,460,435
050,42,037,"Pennsylvania","Columbia County",2,56,877,426,451
050,42,037,"Pennsylvania","Columbia County",2,57,873,420,453
050,42,037,"Pennsylvania","Columbia County",2,58,896,432,464
050,42,037,"Pennsylvania","Columbia County",2,59,897,437,460
050,42,037,"Pennsylvania","Columbia County",2,60,888,429,459
050,42,037,"Pennsylvania","Columbia County",2,61,933,464,469
050,42,037,"Pennsylvania","Columbia County",2,62,966,476,490
050,42,037,"Pennsylvania","Columbia County",2,63,954,476,478
050,42,037,"Pennsylvania","Columbia County",2,64,882,423,459
050,42,037,"Pennsylvania","Columbia County",2,65,872,416,456
050,42,037,"Pennsylvania","Columbia County",2,66,865,410,455
050,42,037,"Pennsylvania","Columbia County",2,67,845,410,435
050,42,037,"Pennsylvania","Columbia County",2,68,790,388,402
050,42,037,"Pennsylvania","Columbia County",2,69,763,383,380
050,42,037,"Pennsylvania","Columbia County",2,70,707,343,364
050,42,037,"Pennsylvania","Columbia County",2,71,705,333,372
050,42,037,"Pennsylvania","Columbia County",2,72,701,333,368
050,42,037,"Pennsylvania","Columbia County",2,73,781,380,401
050,42,037,"Pennsylvania","Columbia County",2,74,517,233,284
050,42,037,"Pennsylvania","Columbia County",2,75,492,200,292
050,42,037,"Pennsylvania","Columbia County",2,76,503,220,283
050,42,037,"Pennsylvania","Columbia County",2,77,502,243,259
050,42,037,"Pennsylvania","Columbia County",2,78,402,185,217
050,42,037,"Pennsylvania","Columbia County",2,79,356,153,203
050,42,037,"Pennsylvania","Columbia County",2,80,332,138,194
050,42,037,"Pennsylvania","Columbia County",2,81,314,126,188
050,42,037,"Pennsylvania","Columbia County",2,82,279,104,175
050,42,037,"Pennsylvania","Columbia County",2,83,262,96,166
050,42,037,"Pennsylvania","Columbia County",2,84,258,104,154
050,42,037,"Pennsylvania","Columbia County",2,85,1504,544,960
050,42,037,"Pennsylvania","Columbia County",3,0,521,260,261
050,42,037,"Pennsylvania","Columbia County",3,1,550,286,264
050,42,037,"Pennsylvania","Columbia County",3,2,535,277,258
050,42,037,"Pennsylvania","Columbia County",3,3,573,281,292
050,42,037,"Pennsylvania","Columbia County",3,4,555,292,263
050,42,037,"Pennsylvania","Columbia County",3,5,613,322,291
050,42,037,"Pennsylvania","Columbia County",3,6,648,329,319
050,42,037,"Pennsylvania","Columbia County",3,7,664,343,321
050,42,037,"Pennsylvania","Columbia County",3,8,618,320,298
050,42,037,"Pennsylvania","Columbia County",3,9,614,302,312
050,42,037,"Pennsylvania","Columbia County",3,10,634,324,310
050,42,037,"Pennsylvania","Columbia County",3,11,647,336,311
050,42,037,"Pennsylvania","Columbia County",3,12,686,356,330
050,42,037,"Pennsylvania","Columbia County",3,13,730,377,353
050,42,037,"Pennsylvania","Columbia County",3,14,728,384,344
050,42,037,"Pennsylvania","Columbia County",3,15,724,370,354
050,42,037,"Pennsylvania","Columbia County",3,16,727,349,378
050,42,037,"Pennsylvania","Columbia County",3,17,726,356,370
050,42,037,"Pennsylvania","Columbia County",3,18,1279,558,721
050,42,037,"Pennsylvania","Columbia County",3,19,1881,802,1079
050,42,037,"Pennsylvania","Columbia County",3,20,1830,734,1096
050,42,037,"Pennsylvania","Columbia County",3,21,1748,737,1011
050,42,037,"Pennsylvania","Columbia County",3,22,1320,602,718
050,42,037,"Pennsylvania","Columbia County",3,23,888,495,393
050,42,037,"Pennsylvania","Columbia County",3,24,800,432,368
050,42,037,"Pennsylvania","Columbia County",3,25,758,399,359
050,42,037,"Pennsylvania","Columbia County",3,26,737,373,364
050,42,037,"Pennsylvania","Columbia County",3,27,731,384,347
050,42,037,"Pennsylvania","Columbia County",3,28,710,372,338
050,42,037,"Pennsylvania","Columbia County",3,29,721,376,345
050,42,037,"Pennsylvania","Columbia County",3,30,742,383,359
050,42,037,"Pennsylvania","Columbia County",3,31,751,400,351
050,42,037,"Pennsylvania","Columbia County",3,32,668,355,313
050,42,037,"Pennsylvania","Columbia County",3,33,732,390,342
050,42,037,"Pennsylvania","Columbia County",3,34,724,361,363
050,42,037,"Pennsylvania","Columbia County",3,35,689,341,348
050,42,037,"Pennsylvania","Columbia County",3,36,666,333,333
050,42,037,"Pennsylvania","Columbia County",3,37,656,310,346
050,42,037,"Pennsylvania","Columbia County",3,38,733,361,372
050,42,037,"Pennsylvania","Columbia County",3,39,705,338,367
050,42,037,"Pennsylvania","Columbia County",3,40,736,365,371
050,42,037,"Pennsylvania","Columbia County",3,41,714,375,339
050,42,037,"Pennsylvania","Columbia County",3,42,682,352,330
050,42,037,"Pennsylvania","Columbia County",3,43,651,327,324
050,42,037,"Pennsylvania","Columbia County",3,44,656,347,309
050,42,037,"Pennsylvania","Columbia County",3,45,659,350,309
050,42,037,"Pennsylvania","Columbia County",3,46,726,362,364
050,42,037,"Pennsylvania","Columbia County",3,47,725,359,366
050,42,037,"Pennsylvania","Columbia County",3,48,716,361,355
050,42,037,"Pennsylvania","Columbia County",3,49,798,406,392
050,42,037,"Pennsylvania","Columbia County",3,50,840,437,403
050,42,037,"Pennsylvania","Columbia County",3,51,809,411,398
050,42,037,"Pennsylvania","Columbia County",3,52,797,410,387
050,42,037,"Pennsylvania","Columbia County",3,53,788,402,386
050,42,037,"Pennsylvania","Columbia County",3,54,816,411,405
050,42,037,"Pennsylvania","Columbia County",3,55,872,458,414
050,42,037,"Pennsylvania","Columbia County",3,56,889,450,439
050,42,037,"Pennsylvania","Columbia County",3,57,885,429,456
050,42,037,"Pennsylvania","Columbia County",3,58,860,413,447
050,42,037,"Pennsylvania","Columbia County",3,59,892,434,458
050,42,037,"Pennsylvania","Columbia County",3,60,895,437,458
050,42,037,"Pennsylvania","Columbia County",3,61,866,420,446
050,42,037,"Pennsylvania","Columbia County",3,62,921,450,471
050,42,037,"Pennsylvania","Columbia County",3,63,957,480,477
050,42,037,"Pennsylvania","Columbia County",3,64,914,446,468
050,42,037,"Pennsylvania","Columbia County",3,65,873,420,453
050,42,037,"Pennsylvania","Columbia County",3,66,852,403,449
050,42,037,"Pennsylvania","Columbia County",3,67,850,400,450
050,42,037,"Pennsylvania","Columbia County",3,68,836,405,431
050,42,037,"Pennsylvania","Columbia County",3,69,795,395,400
050,42,037,"Pennsylvania","Columbia County",3,70,744,373,371
050,42,037,"Pennsylvania","Columbia County",3,71,678,320,358
050,42,037,"Pennsylvania","Columbia County",3,72,680,323,357
050,42,037,"Pennsylvania","Columbia County",3,73,674,318,356
050,42,037,"Pennsylvania","Columbia County",3,74,744,354,390
050,42,037,"Pennsylvania","Columbia County",3,75,507,224,283
050,42,037,"Pennsylvania","Columbia County",3,76,481,194,287
050,42,037,"Pennsylvania","Columbia County",3,77,468,206,262
050,42,037,"Pennsylvania","Columbia County",3,78,484,223,261
050,42,037,"Pennsylvania","Columbia County",3,79,382,177,205
050,42,037,"Pennsylvania","Columbia County",3,80,329,136,193
050,42,037,"Pennsylvania","Columbia County",3,81,306,126,180
050,42,037,"Pennsylvania","Columbia County",3,82,294,118,176
050,42,037,"Pennsylvania","Columbia County",3,83,267,97,170
050,42,037,"Pennsylvania","Columbia County",3,84,237,86,151
050,42,037,"Pennsylvania","Columbia County",3,85,1474,532,942
050,42,037,"Pennsylvania","Columbia County",4,0,543,271,272
050,42,037,"Pennsylvania","Columbia County",4,1,530,254,276
050,42,037,"Pennsylvania","Columbia County",4,2,575,303,272
050,42,037,"Pennsylvania","Columbia County",4,3,537,271,266
050,42,037,"Pennsylvania","Columbia County",4,4,582,284,298
050,42,037,"Pennsylvania","Columbia County",4,5,565,296,269
050,42,037,"Pennsylvania","Columbia County",4,6,617,322,295
050,42,037,"Pennsylvania","Columbia County",4,7,648,330,318
050,42,037,"Pennsylvania","Columbia County",4,8,674,345,329
050,42,037,"Pennsylvania","Columbia County",4,9,624,319,305
050,42,037,"Pennsylvania","Columbia County",4,10,626,312,314
050,42,037,"Pennsylvania","Columbia County",4,11,639,331,308
050,42,037,"Pennsylvania","Columbia County",4,12,675,351,324
050,42,037,"Pennsylvania","Columbia County",4,13,699,369,330
050,42,037,"Pennsylvania","Columbia County",4,14,727,375,352
050,42,037,"Pennsylvania","Columbia County",4,15,714,374,340
050,42,037,"Pennsylvania","Columbia County",4,16,728,368,360
050,42,037,"Pennsylvania","Columbia County",4,17,727,344,383
050,42,037,"Pennsylvania","Columbia County",4,18,1355,580,775
050,42,037,"Pennsylvania","Columbia County",4,19,2060,871,1189
050,42,037,"Pennsylvania","Columbia County",4,20,1897,761,1136
050,42,037,"Pennsylvania","Columbia County",4,21,1773,731,1042
050,42,037,"Pennsylvania","Columbia County",4,22,1377,636,741
050,42,037,"Pennsylvania","Columbia County",4,23,890,486,404
050,42,037,"Pennsylvania","Columbia County",4,24,758,425,333
050,42,037,"Pennsylvania","Columbia County",4,25,737,399,338
050,42,037,"Pennsylvania","Columbia County",4,26,736,381,355
050,42,037,"Pennsylvania","Columbia County",4,27,722,355,367
050,42,037,"Pennsylvania","Columbia County",4,28,721,379,342
050,42,037,"Pennsylvania","Columbia County",4,29,722,381,341
050,42,037,"Pennsylvania","Columbia County",4,30,735,375,360
050,42,037,"Pennsylvania","Columbia County",4,31,749,376,373
050,42,037,"Pennsylvania","Columbia County",4,32,742,396,346
050,42,037,"Pennsylvania","Columbia County",4,33,674,357,317
050,42,037,"Pennsylvania","Columbia County",4,34,759,406,353
050,42,037,"Pennsylvania","Columbia County",4,35,725,351,374
050,42,037,"Pennsylvania","Columbia County",4,36,716,356,360
050,42,037,"Pennsylvania","Columbia County",4,37,685,324,361
050,42,037,"Pennsylvania","Columbia County",4,38,675,334,341
050,42,037,"Pennsylvania","Columbia County",4,39,743,368,375
050,42,037,"Pennsylvania","Columbia County",4,40,701,340,361
050,42,037,"Pennsylvania","Columbia County",4,41,707,346,361
050,42,037,"Pennsylvania","Columbia County",4,42,718,376,342
050,42,037,"Pennsylvania","Columbia County",4,43,697,367,330
050,42,037,"Pennsylvania","Columbia County",4,44,664,339,325
050,42,037,"Pennsylvania","Columbia County",4,45,659,346,313
050,42,037,"Pennsylvania","Columbia County",4,46,659,344,315
050,42,037,"Pennsylvania","Columbia County",4,47,722,357,365
050,42,037,"Pennsylvania","Columbia County",4,48,734,363,371
050,42,037,"Pennsylvania","Columbia County",4,49,720,363,357
050,42,037,"Pennsylvania","Columbia County",4,50,798,412,386
050,42,037,"Pennsylvania","Columbia County",4,51,832,436,396
050,42,037,"Pennsylvania","Columbia County",4,52,800,405,395
050,42,037,"Pennsylvania","Columbia County",4,53,800,411,389
050,42,037,"Pennsylvania","Columbia County",4,54,795,404,391
050,42,037,"Pennsylvania","Columbia County",4,55,809,418,391
050,42,037,"Pennsylvania","Columbia County",4,56,854,439,415
050,42,037,"Pennsylvania","Columbia County",4,57,877,443,434
050,42,037,"Pennsylvania","Columbia County",4,58,880,422,458
050,42,037,"Pennsylvania","Columbia County",4,59,862,417,445
050,42,037,"Pennsylvania","Columbia County",4,60,889,423,466
050,42,037,"Pennsylvania","Columbia County",4,61,879,433,446
050,42,037,"Pennsylvania","Columbia County",4,62,868,419,449
050,42,037,"Pennsylvania","Columbia County",4,63,902,449,453
050,42,037,"Pennsylvania","Columbia County",4,64,945,461,484
050,42,037,"Pennsylvania","Columbia County",4,65,914,441,473
050,42,037,"Pennsylvania","Columbia County",4,66,857,408,449
050,42,037,"Pennsylvania","Columbia County",4,67,836,397,439
050,42,037,"Pennsylvania","Columbia County",4,68,842,390,452
050,42,037,"Pennsylvania","Columbia County",4,69,821,392,429
050,42,037,"Pennsylvania","Columbia County",4,70,777,385,392
050,42,037,"Pennsylvania","Columbia County",4,71,713,349,364
050,42,037,"Pennsylvania","Columbia County",4,72,645,304,341
050,42,037,"Pennsylvania","Columbia County",4,73,656,313,343
050,42,037,"Pennsylvania","Columbia County",4,74,652,304,348
050,42,037,"Pennsylvania","Columbia County",4,75,714,333,381
050,42,037,"Pennsylvania","Columbia County",4,76,504,217,287
050,42,037,"Pennsylvania","Columbia County",4,77,446,179,267
050,42,037,"Pennsylvania","Columbia County",4,78,452,190,262
050,42,037,"Pennsylvania","Columbia County",4,79,443,211,232
050,42,037,"Pennsylvania","Columbia County",4,80,359,164,195
050,42,037,"Pennsylvania","Columbia County",4,81,307,129,178
050,42,037,"Pennsylvania","Columbia County",4,82,287,116,171
050,42,037,"Pennsylvania","Columbia County",4,83,271,106,165
050,42,037,"Pennsylvania","Columbia County",4,84,240,90,150
050,42,037,"Pennsylvania","Columbia County",4,85,1401,489,912
050,42,037,"Pennsylvania","Columbia County",5,0,539,269,270
050,42,037,"Pennsylvania","Columbia County",5,1,577,287,290
050,42,037,"Pennsylvania","Columbia County",5,2,539,267,272
050,42,037,"Pennsylvania","Columbia County",5,3,600,307,293
050,42,037,"Pennsylvania","Columbia County",5,4,558,288,270
050,42,037,"Pennsylvania","Columbia County",5,5,601,290,311
050,42,037,"Pennsylvania","Columbia County",5,6,586,309,277
050,42,037,"Pennsylvania","Columbia County",5,7,642,342,300
050,42,037,"Pennsylvania","Columbia County",5,8,642,324,318
050,42,037,"Pennsylvania","Columbia County",5,9,670,342,328
050,42,037,"Pennsylvania","Columbia County",5,10,620,319,301
050,42,037,"Pennsylvania","Columbia County",5,11,619,305,314
050,42,037,"Pennsylvania","Columbia County",5,12,650,333,317
050,42,037,"Pennsylvania","Columbia County",5,13,690,349,341
050,42,037,"Pennsylvania","Columbia County",5,14,699,370,329
050,42,037,"Pennsylvania","Columbia County",5,15,729,375,354
050,42,037,"Pennsylvania","Columbia County",5,16,717,370,347
050,42,037,"Pennsylvania","Columbia County",5,17,735,371,364
050,42,037,"Pennsylvania","Columbia County",5,18,1351,559,792
050,42,037,"Pennsylvania","Columbia County",5,19,2065,879,1186
050,42,037,"Pennsylvania","Columbia County",5,20,1925,770,1155
050,42,037,"Pennsylvania","Columbia County",5,21,1763,724,1039
050,42,037,"Pennsylvania","Columbia County",5,22,1368,625,743
050,42,037,"Pennsylvania","Columbia County",5,23,953,522,431
050,42,037,"Pennsylvania","Columbia County",5,24,761,411,350
050,42,037,"Pennsylvania","Columbia County",5,25,708,378,330
050,42,037,"Pennsylvania","Columbia County",5,26,750,403,347
050,42,037,"Pennsylvania","Columbia County",5,27,714,379,335
050,42,037,"Pennsylvania","Columbia County",5,28,729,354,375
050,42,037,"Pennsylvania","Columbia County",5,29,746,393,353
050,42,037,"Pennsylvania","Columbia County",5,30,711,367,344
050,42,037,"Pennsylvania","Columbia County",5,31,732,375,357
050,42,037,"Pennsylvania","Columbia County",5,32,760,384,376
050,42,037,"Pennsylvania","Columbia County",5,33,730,392,338
050,42,037,"Pennsylvania","Columbia County",5,34,711,374,337
050,42,037,"Pennsylvania","Columbia County",5,35,727,381,346
050,42,037,"Pennsylvania","Columbia County",5,36,717,353,364
050,42,037,"Pennsylvania","Columbia County",5,37,735,364,371
050,42,037,"Pennsylvania","Columbia County",5,38,701,346,355
050,42,037,"Pennsylvania","Columbia County",5,39,676,340,336
050,42,037,"Pennsylvania","Columbia County",5,40,749,367,382
050,42,037,"Pennsylvania","Columbia County",5,41,692,329,363
050,42,037,"Pennsylvania","Columbia County",5,42,716,343,373
050,42,037,"Pennsylvania","Columbia County",5,43,733,381,352
050,42,037,"Pennsylvania","Columbia County",5,44,710,386,324
050,42,037,"Pennsylvania","Columbia County",5,45,653,324,329
050,42,037,"Pennsylvania","Columbia County",5,46,671,351,320
050,42,037,"Pennsylvania","Columbia County",5,47,661,337,324
050,42,037,"Pennsylvania","Columbia County",5,48,724,356,368
050,42,037,"Pennsylvania","Columbia County",5,49,725,359,366
050,42,037,"Pennsylvania","Columbia County",5,50,715,355,360
050,42,037,"Pennsylvania","Columbia County",5,51,786,406,380
050,42,037,"Pennsylvania","Columbia County",5,52,841,440,401
050,42,037,"Pennsylvania","Columbia County",5,53,797,402,395
050,42,037,"Pennsylvania","Columbia County",5,54,812,415,397
050,42,037,"Pennsylvania","Columbia County",5,55,810,424,386
050,42,037,"Pennsylvania","Columbia County",5,56,805,404,401
050,42,037,"Pennsylvania","Columbia County",5,57,857,446,411
050,42,037,"Pennsylvania","Columbia County",5,58,874,440,434
050,42,037,"Pennsylvania","Columbia County",5,59,885,426,459
050,42,037,"Pennsylvania","Columbia County",5,60,858,406,452
050,42,037,"Pennsylvania","Columbia County",5,61,869,417,452
050,42,037,"Pennsylvania","Columbia County",5,62,883,434,449
050,42,037,"Pennsylvania","Columbia County",5,63,866,422,444
050,42,037,"Pennsylvania","Columbia County",5,64,874,429,445
050,42,037,"Pennsylvania","Columbia County",5,65,931,450,481
050,42,037,"Pennsylvania","Columbia County",5,66,909,432,477
050,42,037,"Pennsylvania","Columbia County",5,67,858,407,451
050,42,037,"Pennsylvania","Columbia County",5,68,830,393,437
050,42,037,"Pennsylvania","Columbia County",5,69,847,389,458
050,42,037,"Pennsylvania","Columbia County",5,70,797,377,420
050,42,037,"Pennsylvania","Columbia County",5,71,755,368,387
050,42,037,"Pennsylvania","Columbia County",5,72,689,334,355
050,42,037,"Pennsylvania","Columbia County",5,73,625,301,324
050,42,037,"Pennsylvania","Columbia County",5,74,634,293,341
050,42,037,"Pennsylvania","Columbia County",5,75,626,287,339
050,42,037,"Pennsylvania","Columbia County",5,76,704,326,378
050,42,037,"Pennsylvania","Columbia County",5,77,467,204,263
050,42,037,"Pennsylvania","Columbia County",5,78,426,159,267
050,42,037,"Pennsylvania","Columbia County",5,79,428,183,245
050,42,037,"Pennsylvania","Columbia County",5,80,416,193,223
050,42,037,"Pennsylvania","Columbia County",5,81,333,154,179
050,42,037,"Pennsylvania","Columbia County",5,82,285,119,166
050,42,037,"Pennsylvania","Columbia County",5,83,271,107,164
050,42,037,"Pennsylvania","Columbia County",5,84,243,98,145
050,42,037,"Pennsylvania","Columbia County",5,85,1353,467,886
050,42,039,"Pennsylvania","Crawford County",1,0,874,446,428
050,42,039,"Pennsylvania","Crawford County",1,1,883,442,441
050,42,039,"Pennsylvania","Crawford County",1,2,897,453,444
050,42,039,"Pennsylvania","Crawford County",1,3,911,471,440
050,42,039,"Pennsylvania","Crawford County",1,4,953,464,489
050,42,039,"Pennsylvania","Crawford County",1,5,954,472,482
050,42,039,"Pennsylvania","Crawford County",1,6,895,453,442
050,42,039,"Pennsylvania","Crawford County",1,7,936,492,444
050,42,039,"Pennsylvania","Crawford County",1,8,903,464,439
050,42,039,"Pennsylvania","Crawford County",1,9,892,484,408
050,42,039,"Pennsylvania","Crawford County",1,10,955,500,455
050,42,039,"Pennsylvania","Crawford County",1,11,972,500,472
050,42,039,"Pennsylvania","Crawford County",1,12,1045,541,504
050,42,039,"Pennsylvania","Crawford County",1,13,1078,569,509
050,42,039,"Pennsylvania","Crawford County",1,14,1038,548,490
050,42,039,"Pennsylvania","Crawford County",1,15,1040,541,499
050,42,039,"Pennsylvania","Crawford County",1,16,1046,535,511
050,42,039,"Pennsylvania","Crawford County",1,17,1077,563,514
050,42,039,"Pennsylvania","Crawford County",1,18,1162,575,587
050,42,039,"Pennsylvania","Crawford County",1,19,1239,601,638
050,42,039,"Pennsylvania","Crawford County",1,20,1123,577,546
050,42,039,"Pennsylvania","Crawford County",1,21,1006,512,494
050,42,039,"Pennsylvania","Crawford County",1,22,984,500,484
050,42,039,"Pennsylvania","Crawford County",1,23,913,454,459
050,42,039,"Pennsylvania","Crawford County",1,24,916,460,456
050,42,039,"Pennsylvania","Crawford County",1,25,917,435,482
050,42,039,"Pennsylvania","Crawford County",1,26,939,468,471
050,42,039,"Pennsylvania","Crawford County",1,27,927,454,473
050,42,039,"Pennsylvania","Crawford County",1,28,931,458,473
050,42,039,"Pennsylvania","Crawford County",1,29,930,456,474
050,42,039,"Pennsylvania","Crawford County",1,30,924,447,477
050,42,039,"Pennsylvania","Crawford County",1,31,957,478,479
050,42,039,"Pennsylvania","Crawford County",1,32,902,469,433
050,42,039,"Pennsylvania","Crawford County",1,33,892,466,426
050,42,039,"Pennsylvania","Crawford County",1,34,900,433,467
050,42,039,"Pennsylvania","Crawford County",1,35,889,433,456
050,42,039,"Pennsylvania","Crawford County",1,36,884,440,444
050,42,039,"Pennsylvania","Crawford County",1,37,931,466,465
050,42,039,"Pennsylvania","Crawford County",1,38,934,462,472
050,42,039,"Pennsylvania","Crawford County",1,39,930,458,472
050,42,039,"Pennsylvania","Crawford County",1,40,972,460,512
050,42,039,"Pennsylvania","Crawford County",1,41,904,434,470
050,42,039,"Pennsylvania","Crawford County",1,42,895,434,461
050,42,039,"Pennsylvania","Crawford County",1,43,876,424,452
050,42,039,"Pennsylvania","Crawford County",1,44,858,428,430
050,42,039,"Pennsylvania","Crawford County",1,45,863,440,423
050,42,039,"Pennsylvania","Crawford County",1,46,940,435,505
050,42,039,"Pennsylvania","Crawford County",1,47,986,478,508
050,42,039,"Pennsylvania","Crawford County",1,48,1063,509,554
050,42,039,"Pennsylvania","Crawford County",1,49,1101,525,576
050,42,039,"Pennsylvania","Crawford County",1,50,1093,529,564
050,42,039,"Pennsylvania","Crawford County",1,51,1076,526,550
050,42,039,"Pennsylvania","Crawford County",1,52,1101,555,546
050,42,039,"Pennsylvania","Crawford County",1,53,1126,574,552
050,42,039,"Pennsylvania","Crawford County",1,54,1154,595,559
050,42,039,"Pennsylvania","Crawford County",1,55,1184,592,592
050,42,039,"Pennsylvania","Crawford County",1,56,1172,580,592
050,42,039,"Pennsylvania","Crawford County",1,57,1230,590,640
050,42,039,"Pennsylvania","Crawford County",1,58,1283,626,657
050,42,039,"Pennsylvania","Crawford County",1,59,1250,612,638
050,42,039,"Pennsylvania","Crawford County",1,60,1251,604,647
050,42,039,"Pennsylvania","Crawford County",1,61,1321,652,669
050,42,039,"Pennsylvania","Crawford County",1,62,1327,669,658
050,42,039,"Pennsylvania","Crawford County",1,63,1292,631,661
050,42,039,"Pennsylvania","Crawford County",1,64,1213,600,613
050,42,039,"Pennsylvania","Crawford County",1,65,1223,617,606
050,42,039,"Pennsylvania","Crawford County",1,66,1233,622,611
050,42,039,"Pennsylvania","Crawford County",1,67,1210,602,608
050,42,039,"Pennsylvania","Crawford County",1,68,1169,579,590
050,42,039,"Pennsylvania","Crawford County",1,69,1075,539,536
050,42,039,"Pennsylvania","Crawford County",1,70,1001,486,515
050,42,039,"Pennsylvania","Crawford County",1,71,1011,504,507
050,42,039,"Pennsylvania","Crawford County",1,72,1052,511,541
050,42,039,"Pennsylvania","Crawford County",1,73,1029,505,524
050,42,039,"Pennsylvania","Crawford County",1,74,698,326,372
050,42,039,"Pennsylvania","Crawford County",1,75,723,334,389
050,42,039,"Pennsylvania","Crawford County",1,76,748,339,409
050,42,039,"Pennsylvania","Crawford County",1,77,737,346,391
050,42,039,"Pennsylvania","Crawford County",1,78,601,280,321
050,42,039,"Pennsylvania","Crawford County",1,79,539,253,286
050,42,039,"Pennsylvania","Crawford County",1,80,480,231,249
050,42,039,"Pennsylvania","Crawford County",1,81,450,204,246
050,42,039,"Pennsylvania","Crawford County",1,82,410,187,223
050,42,039,"Pennsylvania","Crawford County",1,83,357,164,193
050,42,039,"Pennsylvania","Crawford County",1,84,318,147,171
050,42,039,"Pennsylvania","Crawford County",1,85,1864,697,1167
050,42,039,"Pennsylvania","Crawford County",2,0,857,431,426
050,42,039,"Pennsylvania","Crawford County",2,1,874,438,436
050,42,039,"Pennsylvania","Crawford County",2,2,895,451,444
050,42,039,"Pennsylvania","Crawford County",2,3,903,464,439
050,42,039,"Pennsylvania","Crawford County",2,4,947,468,479
050,42,039,"Pennsylvania","Crawford County",2,5,955,470,485
050,42,039,"Pennsylvania","Crawford County",2,6,912,459,453
050,42,039,"Pennsylvania","Crawford County",2,7,919,480,439
050,42,039,"Pennsylvania","Crawford County",2,8,907,470,437
050,42,039,"Pennsylvania","Crawford County",2,9,894,479,415
050,42,039,"Pennsylvania","Crawford County",2,10,938,494,444
050,42,039,"Pennsylvania","Crawford County",2,11,961,498,463
050,42,039,"Pennsylvania","Crawford County",2,12,1035,534,501
050,42,039,"Pennsylvania","Crawford County",2,13,1067,562,505
050,42,039,"Pennsylvania","Crawford County",2,14,1051,554,497
050,42,039,"Pennsylvania","Crawford County",2,15,1037,541,496
050,42,039,"Pennsylvania","Crawford County",2,16,1050,541,509
050,42,039,"Pennsylvania","Crawford County",2,17,1067,558,509
050,42,039,"Pennsylvania","Crawford County",2,18,1153,569,584
050,42,039,"Pennsylvania","Crawford County",2,19,1236,603,633
050,42,039,"Pennsylvania","Crawford County",2,20,1135,581,554
050,42,039,"Pennsylvania","Crawford County",2,21,1008,512,496
050,42,039,"Pennsylvania","Crawford County",2,22,978,498,480
050,42,039,"Pennsylvania","Crawford County",2,23,905,451,454
050,42,039,"Pennsylvania","Crawford County",2,24,911,457,454
050,42,039,"Pennsylvania","Crawford County",2,25,911,439,472
050,42,039,"Pennsylvania","Crawford County",2,26,927,456,471
050,42,039,"Pennsylvania","Crawford County",2,27,923,452,471
050,42,039,"Pennsylvania","Crawford County",2,28,930,460,470
050,42,039,"Pennsylvania","Crawford County",2,29,926,453,473
050,42,039,"Pennsylvania","Crawford County",2,30,932,453,479
050,42,039,"Pennsylvania","Crawford County",2,31,948,470,478
050,42,039,"Pennsylvania","Crawford County",2,32,909,471,438
050,42,039,"Pennsylvania","Crawford County",2,33,890,465,425
050,42,039,"Pennsylvania","Crawford County",2,34,901,442,459
050,42,039,"Pennsylvania","Crawford County",2,35,902,438,464
050,42,039,"Pennsylvania","Crawford County",2,36,875,436,439
050,42,039,"Pennsylvania","Crawford County",2,37,926,463,463
050,42,039,"Pennsylvania","Crawford County",2,38,933,461,472
050,42,039,"Pennsylvania","Crawford County",2,39,930,459,471
050,42,039,"Pennsylvania","Crawford County",2,40,974,466,508
050,42,039,"Pennsylvania","Crawford County",2,41,915,439,476
050,42,039,"Pennsylvania","Crawford County",2,42,895,432,463
050,42,039,"Pennsylvania","Crawford County",2,43,883,427,456
050,42,039,"Pennsylvania","Crawford County",2,44,852,423,429
050,42,039,"Pennsylvania","Crawford County",2,45,865,439,426
050,42,039,"Pennsylvania","Crawford County",2,46,918,434,484
050,42,039,"Pennsylvania","Crawford County",2,47,967,463,504
050,42,039,"Pennsylvania","Crawford County",2,48,1033,495,538
050,42,039,"Pennsylvania","Crawford County",2,49,1095,523,572
050,42,039,"Pennsylvania","Crawford County",2,50,1096,525,571
050,42,039,"Pennsylvania","Crawford County",2,51,1074,524,550
050,42,039,"Pennsylvania","Crawford County",2,52,1087,545,542
050,42,039,"Pennsylvania","Crawford County",2,53,1117,567,550
050,42,039,"Pennsylvania","Crawford County",2,54,1143,589,554
050,42,039,"Pennsylvania","Crawford County",2,55,1175,592,583
050,42,039,"Pennsylvania","Crawford County",2,56,1175,583,592
050,42,039,"Pennsylvania","Crawford County",2,57,1214,587,627
050,42,039,"Pennsylvania","Crawford County",2,58,1265,613,652
050,42,039,"Pennsylvania","Crawford County",2,59,1262,618,644
050,42,039,"Pennsylvania","Crawford County",2,60,1247,603,644
050,42,039,"Pennsylvania","Crawford County",2,61,1300,641,659
050,42,039,"Pennsylvania","Crawford County",2,62,1318,662,656
050,42,039,"Pennsylvania","Crawford County",2,63,1312,647,665
050,42,039,"Pennsylvania","Crawford County",2,64,1217,598,619
050,42,039,"Pennsylvania","Crawford County",2,65,1216,611,605
050,42,039,"Pennsylvania","Crawford County",2,66,1227,618,609
050,42,039,"Pennsylvania","Crawford County",2,67,1211,606,605
050,42,039,"Pennsylvania","Crawford County",2,68,1171,583,588
050,42,039,"Pennsylvania","Crawford County",2,69,1104,549,555
050,42,039,"Pennsylvania","Crawford County",2,70,1014,496,518
050,42,039,"Pennsylvania","Crawford County",2,71,1005,498,507
050,42,039,"Pennsylvania","Crawford County",2,72,1019,498,521
050,42,039,"Pennsylvania","Crawford County",2,73,1079,531,548
050,42,039,"Pennsylvania","Crawford County",2,74,725,343,382
050,42,039,"Pennsylvania","Crawford County",2,75,723,335,388
050,42,039,"Pennsylvania","Crawford County",2,76,734,336,398
050,42,039,"Pennsylvania","Crawford County",2,77,748,349,399
050,42,039,"Pennsylvania","Crawford County",2,78,612,284,328
050,42,039,"Pennsylvania","Crawford County",2,79,546,254,292
050,42,039,"Pennsylvania","Crawford County",2,80,490,235,255
050,42,039,"Pennsylvania","Crawford County",2,81,454,208,246
050,42,039,"Pennsylvania","Crawford County",2,82,415,189,226
050,42,039,"Pennsylvania","Crawford County",2,83,362,168,194
050,42,039,"Pennsylvania","Crawford County",2,84,320,148,172
050,42,039,"Pennsylvania","Crawford County",2,85,1875,708,1167
050,42,039,"Pennsylvania","Crawford County",3,0,865,439,426
050,42,039,"Pennsylvania","Crawford County",3,1,873,440,433
050,42,039,"Pennsylvania","Crawford County",3,2,872,431,441
050,42,039,"Pennsylvania","Crawford County",3,3,892,455,437
050,42,039,"Pennsylvania","Crawford County",3,4,895,450,445
050,42,039,"Pennsylvania","Crawford County",3,5,940,468,472
050,42,039,"Pennsylvania","Crawford County",3,6,964,473,491
050,42,039,"Pennsylvania","Crawford County",3,7,913,459,454
050,42,039,"Pennsylvania","Crawford County",3,8,926,483,443
050,42,039,"Pennsylvania","Crawford County",3,9,908,469,439
050,42,039,"Pennsylvania","Crawford County",3,10,916,497,419
050,42,039,"Pennsylvania","Crawford County",3,11,954,503,451
050,42,039,"Pennsylvania","Crawford County",3,12,982,508,474
050,42,039,"Pennsylvania","Crawford County",3,13,1066,567,499
050,42,039,"Pennsylvania","Crawford County",3,14,1075,566,509
050,42,039,"Pennsylvania","Crawford County",3,15,1064,552,512
050,42,039,"Pennsylvania","Crawford County",3,16,1055,543,512
050,42,039,"Pennsylvania","Crawford County",3,17,1039,540,499
050,42,039,"Pennsylvania","Crawford County",3,18,1127,562,565
050,42,039,"Pennsylvania","Crawford County",3,19,1134,566,568
050,42,039,"Pennsylvania","Crawford County",3,20,1087,558,529
050,42,039,"Pennsylvania","Crawford County",3,21,1013,505,508
050,42,039,"Pennsylvania","Crawford County",3,22,946,481,465
050,42,039,"Pennsylvania","Crawford County",3,23,892,459,433
050,42,039,"Pennsylvania","Crawford County",3,24,893,459,434
050,42,039,"Pennsylvania","Crawford County",3,25,861,434,427
050,42,039,"Pennsylvania","Crawford County",3,26,918,442,476
050,42,039,"Pennsylvania","Crawford County",3,27,917,450,467
050,42,039,"Pennsylvania","Crawford County",3,28,896,446,450
050,42,039,"Pennsylvania","Crawford County",3,29,935,455,480
050,42,039,"Pennsylvania","Crawford County",3,30,938,446,492
050,42,039,"Pennsylvania","Crawford County",3,31,934,443,491
050,42,039,"Pennsylvania","Crawford County",3,32,922,462,460
050,42,039,"Pennsylvania","Crawford County",3,33,909,476,433
050,42,039,"Pennsylvania","Crawford County",3,34,914,471,443
050,42,039,"Pennsylvania","Crawford County",3,35,917,444,473
050,42,039,"Pennsylvania","Crawford County",3,36,903,448,455
050,42,039,"Pennsylvania","Crawford County",3,37,885,430,455
050,42,039,"Pennsylvania","Crawford County",3,38,917,457,460
050,42,039,"Pennsylvania","Crawford County",3,39,937,462,475
050,42,039,"Pennsylvania","Crawford County",3,40,949,469,480
050,42,039,"Pennsylvania","Crawford County",3,41,941,445,496
050,42,039,"Pennsylvania","Crawford County",3,42,912,431,481
050,42,039,"Pennsylvania","Crawford County",3,43,888,438,450
050,42,039,"Pennsylvania","Crawford County",3,44,887,428,459
050,42,039,"Pennsylvania","Crawford County",3,45,838,414,424
050,42,039,"Pennsylvania","Crawford County",3,46,882,437,445
050,42,039,"Pennsylvania","Crawford County",3,47,901,428,473
050,42,039,"Pennsylvania","Crawford County",3,48,963,461,502
050,42,039,"Pennsylvania","Crawford County",3,49,1018,493,525
050,42,039,"Pennsylvania","Crawford County",3,50,1096,524,572
050,42,039,"Pennsylvania","Crawford County",3,51,1092,518,574
050,42,039,"Pennsylvania","Crawford County",3,52,1067,528,539
050,42,039,"Pennsylvania","Crawford County",3,53,1082,546,536
050,42,039,"Pennsylvania","Crawford County",3,54,1113,572,541
050,42,039,"Pennsylvania","Crawford County",3,55,1148,579,569
050,42,039,"Pennsylvania","Crawford County",3,56,1162,573,589
050,42,039,"Pennsylvania","Crawford County",3,57,1170,581,589
050,42,039,"Pennsylvania","Crawford County",3,58,1210,580,630
050,42,039,"Pennsylvania","Crawford County",3,59,1263,617,646
050,42,039,"Pennsylvania","Crawford County",3,60,1248,606,642
050,42,039,"Pennsylvania","Crawford County",3,61,1225,608,617
050,42,039,"Pennsylvania","Crawford County",3,62,1298,643,655
050,42,039,"Pennsylvania","Crawford County",3,63,1300,651,649
050,42,039,"Pennsylvania","Crawford County",3,64,1298,642,656
050,42,039,"Pennsylvania","Crawford County",3,65,1211,589,622
050,42,039,"Pennsylvania","Crawford County",3,66,1190,601,589
050,42,039,"Pennsylvania","Crawford County",3,67,1198,608,590
050,42,039,"Pennsylvania","Crawford County",3,68,1186,592,594
050,42,039,"Pennsylvania","Crawford County",3,69,1145,556,589
050,42,039,"Pennsylvania","Crawford County",3,70,1064,532,532
050,42,039,"Pennsylvania","Crawford County",3,71,979,477,502
050,42,039,"Pennsylvania","Crawford County",3,72,984,482,502
050,42,039,"Pennsylvania","Crawford County",3,73,975,471,504
050,42,039,"Pennsylvania","Crawford County",3,74,1050,510,540
050,42,039,"Pennsylvania","Crawford County",3,75,709,331,378
050,42,039,"Pennsylvania","Crawford County",3,76,688,321,367
050,42,039,"Pennsylvania","Crawford County",3,77,698,315,383
050,42,039,"Pennsylvania","Crawford County",3,78,703,322,381
050,42,039,"Pennsylvania","Crawford County",3,79,568,261,307
050,42,039,"Pennsylvania","Crawford County",3,80,488,225,263
050,42,039,"Pennsylvania","Crawford County",3,81,475,215,260
050,42,039,"Pennsylvania","Crawford County",3,82,412,187,225
050,42,039,"Pennsylvania","Crawford County",3,83,381,166,215
050,42,039,"Pennsylvania","Crawford County",3,84,321,150,171
050,42,039,"Pennsylvania","Crawford County",3,85,1839,724,1115
050,42,039,"Pennsylvania","Crawford County",4,0,872,433,439
050,42,039,"Pennsylvania","Crawford County",4,1,874,436,438
050,42,039,"Pennsylvania","Crawford County",4,2,847,433,414
050,42,039,"Pennsylvania","Crawford County",4,3,883,438,445
050,42,039,"Pennsylvania","Crawford County",4,4,882,448,434
050,42,039,"Pennsylvania","Crawford County",4,5,903,453,450
050,42,039,"Pennsylvania","Crawford County",4,6,941,465,476
050,42,039,"Pennsylvania","Crawford County",4,7,951,468,483
050,42,039,"Pennsylvania","Crawford County",4,8,916,461,455
050,42,039,"Pennsylvania","Crawford County",4,9,934,485,449
050,42,039,"Pennsylvania","Crawford County",4,10,918,473,445
050,42,039,"Pennsylvania","Crawford County",4,11,911,493,418
050,42,039,"Pennsylvania","Crawford County",4,12,970,505,465
050,42,039,"Pennsylvania","Crawford County",4,13,978,506,472
050,42,039,"Pennsylvania","Crawford County",4,14,1070,568,502
050,42,039,"Pennsylvania","Crawford County",4,15,1072,556,516
050,42,039,"Pennsylvania","Crawford County",4,16,1065,549,516
050,42,039,"Pennsylvania","Crawford County",4,17,1055,552,503
050,42,039,"Pennsylvania","Crawford County",4,18,1038,521,517
050,42,039,"Pennsylvania","Crawford County",4,19,1023,517,506
050,42,039,"Pennsylvania","Crawford County",4,20,971,508,463
050,42,039,"Pennsylvania","Crawford County",4,21,970,496,474
050,42,039,"Pennsylvania","Crawford County",4,22,980,484,496
050,42,039,"Pennsylvania","Crawford County",4,23,843,445,398
050,42,039,"Pennsylvania","Crawford County",4,24,876,453,423
050,42,039,"Pennsylvania","Crawford County",4,25,889,454,435
050,42,039,"Pennsylvania","Crawford County",4,26,856,435,421
050,42,039,"Pennsylvania","Crawford County",4,27,918,445,473
050,42,039,"Pennsylvania","Crawford County",4,28,899,450,449
050,42,039,"Pennsylvania","Crawford County",4,29,869,424,445
050,42,039,"Pennsylvania","Crawford County",4,30,928,446,482
050,42,039,"Pennsylvania","Crawford County",4,31,936,457,479
050,42,039,"Pennsylvania","Crawford County",4,32,914,433,481
050,42,039,"Pennsylvania","Crawford County",4,33,910,465,445
050,42,039,"Pennsylvania","Crawford County",4,34,906,473,433
050,42,039,"Pennsylvania","Crawford County",4,35,919,468,451
050,42,039,"Pennsylvania","Crawford County",4,36,902,454,448
050,42,039,"Pennsylvania","Crawford County",4,37,917,460,457
050,42,039,"Pennsylvania","Crawford County",4,38,886,427,459
050,42,039,"Pennsylvania","Crawford County",4,39,919,458,461
050,42,039,"Pennsylvania","Crawford County",4,40,960,469,491
050,42,039,"Pennsylvania","Crawford County",4,41,938,475,463
050,42,039,"Pennsylvania","Crawford County",4,42,938,447,491
050,42,039,"Pennsylvania","Crawford County",4,43,906,431,475
050,42,039,"Pennsylvania","Crawford County",4,44,876,443,433
050,42,039,"Pennsylvania","Crawford County",4,45,871,423,448
050,42,039,"Pennsylvania","Crawford County",4,46,853,407,446
050,42,039,"Pennsylvania","Crawford County",4,47,862,431,431
050,42,039,"Pennsylvania","Crawford County",4,48,887,425,462
050,42,039,"Pennsylvania","Crawford County",4,49,957,465,492
050,42,039,"Pennsylvania","Crawford County",4,50,1028,495,533
050,42,039,"Pennsylvania","Crawford County",4,51,1085,528,557
050,42,039,"Pennsylvania","Crawford County",4,52,1079,519,560
050,42,039,"Pennsylvania","Crawford County",4,53,1074,537,537
050,42,039,"Pennsylvania","Crawford County",4,54,1075,542,533
050,42,039,"Pennsylvania","Crawford County",4,55,1122,575,547
050,42,039,"Pennsylvania","Crawford County",4,56,1151,574,577
050,42,039,"Pennsylvania","Crawford County",4,57,1166,567,599
050,42,039,"Pennsylvania","Crawford County",4,58,1155,580,575
050,42,039,"Pennsylvania","Crawford County",4,59,1199,567,632
050,42,039,"Pennsylvania","Crawford County",4,60,1242,603,639
050,42,039,"Pennsylvania","Crawford County",4,61,1226,601,625
050,42,039,"Pennsylvania","Crawford County",4,62,1217,602,615
050,42,039,"Pennsylvania","Crawford County",4,63,1283,632,651
050,42,039,"Pennsylvania","Crawford County",4,64,1276,638,638
050,42,039,"Pennsylvania","Crawford County",4,65,1280,632,648
050,42,039,"Pennsylvania","Crawford County",4,66,1197,583,614
050,42,039,"Pennsylvania","Crawford County",4,67,1154,586,568
050,42,039,"Pennsylvania","Crawford County",4,68,1192,609,583
050,42,039,"Pennsylvania","Crawford County",4,69,1154,571,583
050,42,039,"Pennsylvania","Crawford County",4,70,1104,542,562
050,42,039,"Pennsylvania","Crawford County",4,71,1034,519,515
050,42,039,"Pennsylvania","Crawford County",4,72,973,463,510
050,42,039,"Pennsylvania","Crawford County",4,73,942,455,487
050,42,039,"Pennsylvania","Crawford County",4,74,935,452,483
050,42,039,"Pennsylvania","Crawford County",4,75,1029,504,525
050,42,039,"Pennsylvania","Crawford County",4,76,672,311,361
050,42,039,"Pennsylvania","Crawford County",4,77,661,307,354
050,42,039,"Pennsylvania","Crawford County",4,78,665,300,365
050,42,039,"Pennsylvania","Crawford County",4,79,657,298,359
050,42,039,"Pennsylvania","Crawford County",4,80,531,245,286
050,42,039,"Pennsylvania","Crawford County",4,81,483,217,266
050,42,039,"Pennsylvania","Crawford County",4,82,439,197,242
050,42,039,"Pennsylvania","Crawford County",4,83,389,161,228
050,42,039,"Pennsylvania","Crawford County",4,84,336,145,191
050,42,039,"Pennsylvania","Crawford County",4,85,1841,747,1094
050,42,039,"Pennsylvania","Crawford County",5,0,862,424,438
050,42,039,"Pennsylvania","Crawford County",5,1,842,419,423
050,42,039,"Pennsylvania","Crawford County",5,2,873,441,432
050,42,039,"Pennsylvania","Crawford County",5,3,860,432,428
050,42,039,"Pennsylvania","Crawford County",5,4,859,433,426
050,42,039,"Pennsylvania","Crawford County",5,5,895,460,435
050,42,039,"Pennsylvania","Crawford County",5,6,899,454,445
050,42,039,"Pennsylvania","Crawford County",5,7,949,471,478
050,42,039,"Pennsylvania","Crawford County",5,8,960,472,488
050,42,039,"Pennsylvania","Crawford County",5,9,900,455,445
050,42,039,"Pennsylvania","Crawford County",5,10,936,486,450
050,42,039,"Pennsylvania","Crawford County",5,11,911,464,447
050,42,039,"Pennsylvania","Crawford County",5,12,919,495,424
050,42,039,"Pennsylvania","Crawford County",5,13,965,508,457
050,42,039,"Pennsylvania","Crawford County",5,14,981,506,475
050,42,039,"Pennsylvania","Crawford County",5,15,1077,562,515
050,42,039,"Pennsylvania","Crawford County",5,16,1093,572,521
050,42,039,"Pennsylvania","Crawford County",5,17,1065,552,513
050,42,039,"Pennsylvania","Crawford County",5,18,1064,539,525
050,42,039,"Pennsylvania","Crawford County",5,19,1019,502,517
050,42,039,"Pennsylvania","Crawford County",5,20,973,504,469
050,42,039,"Pennsylvania","Crawford County",5,21,935,477,458
050,42,039,"Pennsylvania","Crawford County",5,22,949,480,469
050,42,039,"Pennsylvania","Crawford County",5,23,895,442,453
050,42,039,"Pennsylvania","Crawford County",5,24,843,448,395
050,42,039,"Pennsylvania","Crawford County",5,25,866,428,438
050,42,039,"Pennsylvania","Crawford County",5,26,863,437,426
050,42,039,"Pennsylvania","Crawford County",5,27,855,429,426
050,42,039,"Pennsylvania","Crawford County",5,28,899,435,464
050,42,039,"Pennsylvania","Crawford County",5,29,906,445,461
050,42,039,"Pennsylvania","Crawford County",5,30,866,426,440
050,42,039,"Pennsylvania","Crawford County",5,31,926,447,479
050,42,039,"Pennsylvania","Crawford County",5,32,928,448,480
050,42,039,"Pennsylvania","Crawford County",5,33,901,435,466
050,42,039,"Pennsylvania","Crawford County",5,34,914,470,444
050,42,039,"Pennsylvania","Crawford County",5,35,931,485,446
050,42,039,"Pennsylvania","Crawford County",5,36,919,474,445
050,42,039,"Pennsylvania","Crawford County",5,37,895,443,452
050,42,039,"Pennsylvania","Crawford County",5,38,922,461,461
050,42,039,"Pennsylvania","Crawford County",5,39,887,434,453
050,42,039,"Pennsylvania","Crawford County",5,40,934,470,464
050,42,039,"Pennsylvania","Crawford County",5,41,922,455,467
050,42,039,"Pennsylvania","Crawford County",5,42,939,480,459
050,42,039,"Pennsylvania","Crawford County",5,43,915,436,479
050,42,039,"Pennsylvania","Crawford County",5,44,909,433,476
050,42,039,"Pennsylvania","Crawford County",5,45,863,434,429
050,42,039,"Pennsylvania","Crawford County",5,46,891,433,458
050,42,039,"Pennsylvania","Crawford County",5,47,847,415,432
050,42,039,"Pennsylvania","Crawford County",5,48,875,446,429
050,42,039,"Pennsylvania","Crawford County",5,49,905,437,468
050,42,039,"Pennsylvania","Crawford County",5,50,947,464,483
050,42,039,"Pennsylvania","Crawford County",5,51,1015,485,530
050,42,039,"Pennsylvania","Crawford County",5,52,1061,517,544
050,42,039,"Pennsylvania","Crawford County",5,53,1089,520,569
050,42,039,"Pennsylvania","Crawford County",5,54,1080,546,534
050,42,039,"Pennsylvania","Crawford County",5,55,1063,534,529
050,42,039,"Pennsylvania","Crawford County",5,56,1111,575,536
050,42,039,"Pennsylvania","Crawford County",5,57,1164,581,583
050,42,039,"Pennsylvania","Crawford County",5,58,1144,558,586
050,42,039,"Pennsylvania","Crawford County",5,59,1144,575,569
050,42,039,"Pennsylvania","Crawford County",5,60,1187,552,635
050,42,039,"Pennsylvania","Crawford County",5,61,1213,598,615
050,42,039,"Pennsylvania","Crawford County",5,62,1204,593,611
050,42,039,"Pennsylvania","Crawford County",5,63,1216,593,623
050,42,039,"Pennsylvania","Crawford County",5,64,1265,628,637
050,42,039,"Pennsylvania","Crawford County",5,65,1269,637,632
050,42,039,"Pennsylvania","Crawford County",5,66,1261,626,635
050,42,039,"Pennsylvania","Crawford County",5,67,1166,570,596
050,42,039,"Pennsylvania","Crawford County",5,68,1152,584,568
050,42,039,"Pennsylvania","Crawford County",5,69,1160,589,571
050,42,039,"Pennsylvania","Crawford County",5,70,1122,555,567
050,42,039,"Pennsylvania","Crawford County",5,71,1078,531,547
050,42,039,"Pennsylvania","Crawford County",5,72,1029,513,516
050,42,039,"Pennsylvania","Crawford County",5,73,937,450,487
050,42,039,"Pennsylvania","Crawford County",5,74,913,436,477
050,42,039,"Pennsylvania","Crawford County",5,75,907,441,466
050,42,039,"Pennsylvania","Crawford County",5,76,991,482,509
050,42,039,"Pennsylvania","Crawford County",5,77,647,296,351
050,42,039,"Pennsylvania","Crawford County",5,78,631,296,335
050,42,039,"Pennsylvania","Crawford County",5,79,617,276,341
050,42,039,"Pennsylvania","Crawford County",5,80,616,278,338
050,42,039,"Pennsylvania","Crawford County",5,81,527,236,291
050,42,039,"Pennsylvania","Crawford County",5,82,437,192,245
050,42,039,"Pennsylvania","Crawford County",5,83,413,177,236
050,42,039,"Pennsylvania","Crawford County",5,84,349,144,205
050,42,039,"Pennsylvania","Crawford County",5,85,1874,777,1097
050,42,041,"Pennsylvania","Cumberland County",1,0,2603,1326,1277
050,42,041,"Pennsylvania","Cumberland County",1,1,2662,1362,1300
050,42,041,"Pennsylvania","Cumberland County",1,2,2763,1415,1348
050,42,041,"Pennsylvania","Cumberland County",1,3,2878,1501,1377
050,42,041,"Pennsylvania","Cumberland County",1,4,2898,1478,1420
050,42,041,"Pennsylvania","Cumberland County",1,5,2884,1474,1410
050,42,041,"Pennsylvania","Cumberland County",1,6,2941,1511,1430
050,42,041,"Pennsylvania","Cumberland County",1,7,2954,1503,1451
050,42,041,"Pennsylvania","Cumberland County",1,8,2956,1517,1439
050,42,041,"Pennsylvania","Cumberland County",1,9,3043,1536,1507
050,42,041,"Pennsylvania","Cumberland County",1,10,2986,1543,1443
050,42,041,"Pennsylvania","Cumberland County",1,11,3124,1635,1489
050,42,041,"Pennsylvania","Cumberland County",1,12,3227,1656,1571
050,42,041,"Pennsylvania","Cumberland County",1,13,3173,1628,1545
050,42,041,"Pennsylvania","Cumberland County",1,14,3103,1605,1498
050,42,041,"Pennsylvania","Cumberland County",1,15,3096,1568,1528
050,42,041,"Pennsylvania","Cumberland County",1,16,3123,1589,1534
050,42,041,"Pennsylvania","Cumberland County",1,17,3052,1572,1480
050,42,041,"Pennsylvania","Cumberland County",1,18,3809,1834,1975
050,42,041,"Pennsylvania","Cumberland County",1,19,4515,2151,2364
050,42,041,"Pennsylvania","Cumberland County",1,20,3904,1975,1929
050,42,041,"Pennsylvania","Cumberland County",1,21,3598,1798,1800
050,42,041,"Pennsylvania","Cumberland County",1,22,3170,1608,1562
050,42,041,"Pennsylvania","Cumberland County",1,23,2832,1431,1401
050,42,041,"Pennsylvania","Cumberland County",1,24,2946,1518,1428
050,42,041,"Pennsylvania","Cumberland County",1,25,2996,1537,1459
050,42,041,"Pennsylvania","Cumberland County",1,26,3093,1584,1509
050,42,041,"Pennsylvania","Cumberland County",1,27,3106,1589,1517
050,42,041,"Pennsylvania","Cumberland County",1,28,3198,1687,1511
050,42,041,"Pennsylvania","Cumberland County",1,29,3365,1781,1584
050,42,041,"Pennsylvania","Cumberland County",1,30,3474,1799,1675
050,42,041,"Pennsylvania","Cumberland County",1,31,3444,1800,1644
050,42,041,"Pennsylvania","Cumberland County",1,32,3399,1756,1643
050,42,041,"Pennsylvania","Cumberland County",1,33,3486,1805,1681
050,42,041,"Pennsylvania","Cumberland County",1,34,3578,1886,1692
050,42,041,"Pennsylvania","Cumberland County",1,35,3607,1888,1719
050,42,041,"Pennsylvania","Cumberland County",1,36,3442,1827,1615
050,42,041,"Pennsylvania","Cumberland County",1,37,3437,1780,1657
050,42,041,"Pennsylvania","Cumberland County",1,38,3440,1789,1651
050,42,041,"Pennsylvania","Cumberland County",1,39,3401,1727,1674
050,42,041,"Pennsylvania","Cumberland County",1,40,3299,1694,1605
050,42,041,"Pennsylvania","Cumberland County",1,41,3224,1707,1517
050,42,041,"Pennsylvania","Cumberland County",1,42,3140,1623,1517
050,42,041,"Pennsylvania","Cumberland County",1,43,3063,1556,1507
050,42,041,"Pennsylvania","Cumberland County",1,44,3030,1587,1443
050,42,041,"Pennsylvania","Cumberland County",1,45,3055,1564,1491
050,42,041,"Pennsylvania","Cumberland County",1,46,3062,1596,1466
050,42,041,"Pennsylvania","Cumberland County",1,47,3067,1615,1452
050,42,041,"Pennsylvania","Cumberland County",1,48,3282,1709,1573
050,42,041,"Pennsylvania","Cumberland County",1,49,3527,1796,1731
050,42,041,"Pennsylvania","Cumberland County",1,50,3423,1760,1663
050,42,041,"Pennsylvania","Cumberland County",1,51,3291,1710,1581
050,42,041,"Pennsylvania","Cumberland County",1,52,3212,1674,1538
050,42,041,"Pennsylvania","Cumberland County",1,53,3300,1700,1600
050,42,041,"Pennsylvania","Cumberland County",1,54,3217,1574,1643
050,42,041,"Pennsylvania","Cumberland County",1,55,3414,1703,1711
050,42,041,"Pennsylvania","Cumberland County",1,56,3479,1717,1762
050,42,041,"Pennsylvania","Cumberland County",1,57,3507,1741,1766
050,42,041,"Pennsylvania","Cumberland County",1,58,3583,1788,1795
050,42,041,"Pennsylvania","Cumberland County",1,59,3563,1750,1813
050,42,041,"Pennsylvania","Cumberland County",1,60,3450,1715,1735
050,42,041,"Pennsylvania","Cumberland County",1,61,3407,1661,1746
050,42,041,"Pennsylvania","Cumberland County",1,62,3443,1656,1787
050,42,041,"Pennsylvania","Cumberland County",1,63,3384,1625,1759
050,42,041,"Pennsylvania","Cumberland County",1,64,3206,1548,1658
050,42,041,"Pennsylvania","Cumberland County",1,65,3190,1558,1632
050,42,041,"Pennsylvania","Cumberland County",1,66,3128,1486,1642
050,42,041,"Pennsylvania","Cumberland County",1,67,3051,1489,1562
050,42,041,"Pennsylvania","Cumberland County",1,68,2988,1412,1576
050,42,041,"Pennsylvania","Cumberland County",1,69,2717,1283,1434
050,42,041,"Pennsylvania","Cumberland County",1,70,2698,1280,1418
050,42,041,"Pennsylvania","Cumberland County",1,71,2711,1302,1409
050,42,041,"Pennsylvania","Cumberland County",1,72,2746,1295,1451
050,42,041,"Pennsylvania","Cumberland County",1,73,2777,1317,1460
050,42,041,"Pennsylvania","Cumberland County",1,74,1835,827,1008
050,42,041,"Pennsylvania","Cumberland County",1,75,1841,816,1025
050,42,041,"Pennsylvania","Cumberland County",1,76,1857,819,1038
050,42,041,"Pennsylvania","Cumberland County",1,77,1886,832,1054
050,42,041,"Pennsylvania","Cumberland County",1,78,1645,727,918
050,42,041,"Pennsylvania","Cumberland County",1,79,1417,633,784
050,42,041,"Pennsylvania","Cumberland County",1,80,1293,559,734
050,42,041,"Pennsylvania","Cumberland County",1,81,1256,514,742
050,42,041,"Pennsylvania","Cumberland County",1,82,1152,463,689
050,42,041,"Pennsylvania","Cumberland County",1,83,1042,429,613
050,42,041,"Pennsylvania","Cumberland County",1,84,967,386,581
050,42,041,"Pennsylvania","Cumberland County",1,85,5948,2034,3914
050,42,041,"Pennsylvania","Cumberland County",2,0,2672,1355,1317
050,42,041,"Pennsylvania","Cumberland County",2,1,2648,1350,1298
050,42,041,"Pennsylvania","Cumberland County",2,2,2763,1414,1349
050,42,041,"Pennsylvania","Cumberland County",2,3,2850,1480,1370
050,42,041,"Pennsylvania","Cumberland County",2,4,2925,1500,1425
050,42,041,"Pennsylvania","Cumberland County",2,5,2919,1490,1429
050,42,041,"Pennsylvania","Cumberland County",2,6,2947,1512,1435
050,42,041,"Pennsylvania","Cumberland County",2,7,2967,1515,1452
050,42,041,"Pennsylvania","Cumberland County",2,8,2967,1518,1449
050,42,041,"Pennsylvania","Cumberland County",2,9,3027,1538,1489
050,42,041,"Pennsylvania","Cumberland County",2,10,3001,1542,1459
050,42,041,"Pennsylvania","Cumberland County",2,11,3087,1612,1475
050,42,041,"Pennsylvania","Cumberland County",2,12,3227,1663,1564
050,42,041,"Pennsylvania","Cumberland County",2,13,3201,1645,1556
050,42,041,"Pennsylvania","Cumberland County",2,14,3138,1620,1518
050,42,041,"Pennsylvania","Cumberland County",2,15,3115,1585,1530
050,42,041,"Pennsylvania","Cumberland County",2,16,3131,1593,1538
050,42,041,"Pennsylvania","Cumberland County",2,17,3083,1590,1493
050,42,041,"Pennsylvania","Cumberland County",2,18,3797,1827,1970
050,42,041,"Pennsylvania","Cumberland County",2,19,4531,2160,2371
050,42,041,"Pennsylvania","Cumberland County",2,20,3944,1993,1951
050,42,041,"Pennsylvania","Cumberland County",2,21,3602,1810,1792
050,42,041,"Pennsylvania","Cumberland County",2,22,3171,1597,1574
050,42,041,"Pennsylvania","Cumberland County",2,23,2858,1453,1405
050,42,041,"Pennsylvania","Cumberland County",2,24,2940,1508,1432
050,42,041,"Pennsylvania","Cumberland County",2,25,3010,1548,1462
050,42,041,"Pennsylvania","Cumberland County",2,26,3090,1584,1506
050,42,041,"Pennsylvania","Cumberland County",2,27,3113,1591,1522
050,42,041,"Pennsylvania","Cumberland County",2,28,3185,1672,1513
050,42,041,"Pennsylvania","Cumberland County",2,29,3341,1762,1579
050,42,041,"Pennsylvania","Cumberland County",2,30,3497,1826,1671
050,42,041,"Pennsylvania","Cumberland County",2,31,3437,1789,1648
050,42,041,"Pennsylvania","Cumberland County",2,32,3418,1770,1648
050,42,041,"Pennsylvania","Cumberland County",2,33,3469,1794,1675
050,42,041,"Pennsylvania","Cumberland County",2,34,3578,1877,1701
050,42,041,"Pennsylvania","Cumberland County",2,35,3631,1901,1730
050,42,041,"Pennsylvania","Cumberland County",2,36,3475,1832,1643
050,42,041,"Pennsylvania","Cumberland County",2,37,3456,1799,1657
050,42,041,"Pennsylvania","Cumberland County",2,38,3467,1802,1665
050,42,041,"Pennsylvania","Cumberland County",2,39,3411,1742,1669
050,42,041,"Pennsylvania","Cumberland County",2,40,3358,1723,1635
050,42,041,"Pennsylvania","Cumberland County",2,41,3260,1712,1548
050,42,041,"Pennsylvania","Cumberland County",2,42,3156,1638,1518
050,42,041,"Pennsylvania","Cumberland County",2,43,3114,1595,1519
050,42,041,"Pennsylvania","Cumberland County",2,44,3015,1570,1445
050,42,041,"Pennsylvania","Cumberland County",2,45,3067,1576,1491
050,42,041,"Pennsylvania","Cumberland County",2,46,3057,1585,1472
050,42,041,"Pennsylvania","Cumberland County",2,47,3059,1607,1452
050,42,041,"Pennsylvania","Cumberland County",2,48,3226,1683,1543
050,42,041,"Pennsylvania","Cumberland County",2,49,3482,1786,1696
050,42,041,"Pennsylvania","Cumberland County",2,50,3465,1780,1685
050,42,041,"Pennsylvania","Cumberland County",2,51,3311,1716,1595
050,42,041,"Pennsylvania","Cumberland County",2,52,3226,1684,1542
050,42,041,"Pennsylvania","Cumberland County",2,53,3271,1684,1587
050,42,041,"Pennsylvania","Cumberland County",2,54,3224,1599,1625
050,42,041,"Pennsylvania","Cumberland County",2,55,3373,1676,1697
050,42,041,"Pennsylvania","Cumberland County",2,56,3475,1717,1758
050,42,041,"Pennsylvania","Cumberland County",2,57,3509,1742,1767
050,42,041,"Pennsylvania","Cumberland County",2,58,3558,1772,1786
050,42,041,"Pennsylvania","Cumberland County",2,59,3576,1762,1814
050,42,041,"Pennsylvania","Cumberland County",2,60,3460,1711,1749
050,42,041,"Pennsylvania","Cumberland County",2,61,3404,1666,1738
050,42,041,"Pennsylvania","Cumberland County",2,62,3431,1655,1776
050,42,041,"Pennsylvania","Cumberland County",2,63,3422,1642,1780
050,42,041,"Pennsylvania","Cumberland County",2,64,3227,1553,1674
050,42,041,"Pennsylvania","Cumberland County",2,65,3184,1552,1632
050,42,041,"Pennsylvania","Cumberland County",2,66,3153,1506,1647
050,42,041,"Pennsylvania","Cumberland County",2,67,3056,1479,1577
050,42,041,"Pennsylvania","Cumberland County",2,68,2980,1420,1560
050,42,041,"Pennsylvania","Cumberland County",2,69,2795,1320,1475
050,42,041,"Pennsylvania","Cumberland County",2,70,2689,1275,1414
050,42,041,"Pennsylvania","Cumberland County",2,71,2706,1295,1411
050,42,041,"Pennsylvania","Cumberland County",2,72,2684,1270,1414
050,42,041,"Pennsylvania","Cumberland County",2,73,2902,1376,1526
050,42,041,"Pennsylvania","Cumberland County",2,74,1924,876,1048
050,42,041,"Pennsylvania","Cumberland County",2,75,1835,816,1019
050,42,041,"Pennsylvania","Cumberland County",2,76,1829,804,1025
050,42,041,"Pennsylvania","Cumberland County",2,77,1911,844,1067
050,42,041,"Pennsylvania","Cumberland County",2,78,1659,735,924
050,42,041,"Pennsylvania","Cumberland County",2,79,1444,642,802
050,42,041,"Pennsylvania","Cumberland County",2,80,1304,565,739
050,42,041,"Pennsylvania","Cumberland County",2,81,1254,515,739
050,42,041,"Pennsylvania","Cumberland County",2,82,1162,466,696
050,42,041,"Pennsylvania","Cumberland County",2,83,1047,427,620
050,42,041,"Pennsylvania","Cumberland County",2,84,971,390,581
050,42,041,"Pennsylvania","Cumberland County",2,85,5954,2046,3908
050,42,041,"Pennsylvania","Cumberland County",3,0,2584,1289,1295
050,42,041,"Pennsylvania","Cumberland County",3,1,2791,1416,1375
050,42,041,"Pennsylvania","Cumberland County",3,2,2751,1389,1362
050,42,041,"Pennsylvania","Cumberland County",3,3,2862,1478,1384
050,42,041,"Pennsylvania","Cumberland County",3,4,2957,1531,1426
050,42,041,"Pennsylvania","Cumberland County",3,5,2970,1530,1440
050,42,041,"Pennsylvania","Cumberland County",3,6,3006,1528,1478
050,42,041,"Pennsylvania","Cumberland County",3,7,3015,1548,1467
050,42,041,"Pennsylvania","Cumberland County",3,8,3044,1558,1486
050,42,041,"Pennsylvania","Cumberland County",3,9,3015,1529,1486
050,42,041,"Pennsylvania","Cumberland County",3,10,3097,1572,1525
050,42,041,"Pennsylvania","Cumberland County",3,11,3045,1566,1479
050,42,041,"Pennsylvania","Cumberland County",3,12,3146,1656,1490
050,42,041,"Pennsylvania","Cumberland County",3,13,3287,1694,1593
050,42,041,"Pennsylvania","Cumberland County",3,14,3217,1643,1574
050,42,041,"Pennsylvania","Cumberland County",3,15,3136,1632,1504
050,42,041,"Pennsylvania","Cumberland County",3,16,3163,1621,1542
050,42,041,"Pennsylvania","Cumberland County",3,17,3121,1577,1544
050,42,041,"Pennsylvania","Cumberland County",3,18,4246,1999,2247
050,42,041,"Pennsylvania","Cumberland County",3,19,5200,2442,2758
050,42,041,"Pennsylvania","Cumberland County",3,20,4426,2218,2208
050,42,041,"Pennsylvania","Cumberland County",3,21,3923,1954,1969
050,42,041,"Pennsylvania","Cumberland County",3,22,3403,1714,1689
050,42,041,"Pennsylvania","Cumberland County",3,23,2940,1539,1401
050,42,041,"Pennsylvania","Cumberland County",3,24,2969,1531,1438
050,42,041,"Pennsylvania","Cumberland County",3,25,3084,1621,1463
050,42,041,"Pennsylvania","Cumberland County",3,26,3171,1628,1543
050,42,041,"Pennsylvania","Cumberland County",3,27,3173,1658,1515
050,42,041,"Pennsylvania","Cumberland County",3,28,3187,1633,1554
050,42,041,"Pennsylvania","Cumberland County",3,29,3273,1702,1571
050,42,041,"Pennsylvania","Cumberland County",3,30,3509,1864,1645
050,42,041,"Pennsylvania","Cumberland County",3,31,3625,1885,1740
050,42,041,"Pennsylvania","Cumberland County",3,32,3577,1860,1717
050,42,041,"Pennsylvania","Cumberland County",3,33,3522,1827,1695
050,42,041,"Pennsylvania","Cumberland County",3,34,3571,1857,1714
050,42,041,"Pennsylvania","Cumberland County",3,35,3661,1922,1739
050,42,041,"Pennsylvania","Cumberland County",3,36,3682,1939,1743
050,42,041,"Pennsylvania","Cumberland County",3,37,3553,1869,1684
050,42,041,"Pennsylvania","Cumberland County",3,38,3541,1819,1722
050,42,041,"Pennsylvania","Cumberland County",3,39,3550,1833,1717
050,42,041,"Pennsylvania","Cumberland County",3,40,3524,1812,1712
050,42,041,"Pennsylvania","Cumberland County",3,41,3417,1747,1670
050,42,041,"Pennsylvania","Cumberland County",3,42,3265,1707,1558
050,42,041,"Pennsylvania","Cumberland County",3,43,3204,1671,1533
050,42,041,"Pennsylvania","Cumberland County",3,44,3140,1606,1534
050,42,041,"Pennsylvania","Cumberland County",3,45,3056,1601,1455
050,42,041,"Pennsylvania","Cumberland County",3,46,3062,1570,1492
050,42,041,"Pennsylvania","Cumberland County",3,47,3053,1605,1448
050,42,041,"Pennsylvania","Cumberland County",3,48,3072,1607,1465
050,42,041,"Pennsylvania","Cumberland County",3,49,3224,1679,1545
050,42,041,"Pennsylvania","Cumberland County",3,50,3473,1797,1676
050,42,041,"Pennsylvania","Cumberland County",3,51,3437,1750,1687
050,42,041,"Pennsylvania","Cumberland County",3,52,3321,1719,1602
050,42,041,"Pennsylvania","Cumberland County",3,53,3208,1672,1536
050,42,041,"Pennsylvania","Cumberland County",3,54,3278,1688,1590
050,42,041,"Pennsylvania","Cumberland County",3,55,3223,1590,1633
050,42,041,"Pennsylvania","Cumberland County",3,56,3365,1652,1713
050,42,041,"Pennsylvania","Cumberland County",3,57,3466,1732,1734
050,42,041,"Pennsylvania","Cumberland County",3,58,3535,1767,1768
050,42,041,"Pennsylvania","Cumberland County",3,59,3529,1743,1786
050,42,041,"Pennsylvania","Cumberland County",3,60,3549,1738,1811
050,42,041,"Pennsylvania","Cumberland County",3,61,3444,1699,1745
050,42,041,"Pennsylvania","Cumberland County",3,62,3386,1662,1724
050,42,041,"Pennsylvania","Cumberland County",3,63,3439,1647,1792
050,42,041,"Pennsylvania","Cumberland County",3,64,3375,1610,1765
050,42,041,"Pennsylvania","Cumberland County",3,65,3175,1520,1655
050,42,041,"Pennsylvania","Cumberland County",3,66,3179,1546,1633
050,42,041,"Pennsylvania","Cumberland County",3,67,3081,1479,1602
050,42,041,"Pennsylvania","Cumberland County",3,68,2991,1441,1550
050,42,041,"Pennsylvania","Cumberland County",3,69,2924,1376,1548
050,42,041,"Pennsylvania","Cumberland County",3,70,2767,1302,1465
050,42,041,"Pennsylvania","Cumberland County",3,71,2644,1243,1401
050,42,041,"Pennsylvania","Cumberland County",3,72,2662,1259,1403
050,42,041,"Pennsylvania","Cumberland County",3,73,2650,1254,1396
050,42,041,"Pennsylvania","Cumberland County",3,74,2830,1324,1506
050,42,041,"Pennsylvania","Cumberland County",3,75,1846,832,1014
050,42,041,"Pennsylvania","Cumberland County",3,76,1785,789,996
050,42,041,"Pennsylvania","Cumberland County",3,77,1774,772,1002
050,42,041,"Pennsylvania","Cumberland County",3,78,1859,821,1038
050,42,041,"Pennsylvania","Cumberland County",3,79,1587,699,888
050,42,041,"Pennsylvania","Cumberland County",3,80,1382,615,767
050,42,041,"Pennsylvania","Cumberland County",3,81,1229,508,721
050,42,041,"Pennsylvania","Cumberland County",3,82,1175,487,688
050,42,041,"Pennsylvania","Cumberland County",3,83,1081,430,651
050,42,041,"Pennsylvania","Cumberland County",3,84,957,395,562
050,42,041,"Pennsylvania","Cumberland County",3,85,5921,2056,3865
050,42,041,"Pennsylvania","Cumberland County",4,0,2594,1340,1254
050,42,041,"Pennsylvania","Cumberland County",4,1,2719,1359,1360
050,42,041,"Pennsylvania","Cumberland County",4,2,2891,1479,1412
050,42,041,"Pennsylvania","Cumberland County",4,3,2855,1434,1421
050,42,041,"Pennsylvania","Cumberland County",4,4,2955,1535,1420
050,42,041,"Pennsylvania","Cumberland County",4,5,3030,1577,1453
050,42,041,"Pennsylvania","Cumberland County",4,6,3055,1574,1481
050,42,041,"Pennsylvania","Cumberland County",4,7,3076,1552,1524
050,42,041,"Pennsylvania","Cumberland County",4,8,3093,1559,1534
050,42,041,"Pennsylvania","Cumberland County",4,9,3108,1599,1509
050,42,041,"Pennsylvania","Cumberland County",4,10,3024,1522,1502
050,42,041,"Pennsylvania","Cumberland County",4,11,3127,1576,1551
050,42,041,"Pennsylvania","Cumberland County",4,12,3082,1585,1497
050,42,041,"Pennsylvania","Cumberland County",4,13,3213,1677,1536
050,42,041,"Pennsylvania","Cumberland County",4,14,3283,1678,1605
050,42,041,"Pennsylvania","Cumberland County",4,15,3229,1638,1591
050,42,041,"Pennsylvania","Cumberland County",4,16,3174,1629,1545
050,42,041,"Pennsylvania","Cumberland County",4,17,3208,1642,1566
050,42,041,"Pennsylvania","Cumberland County",4,18,4219,1955,2264
050,42,041,"Pennsylvania","Cumberland County",4,19,5238,2482,2756
050,42,041,"Pennsylvania","Cumberland County",4,20,4416,2224,2192
050,42,041,"Pennsylvania","Cumberland County",4,21,3995,1992,2003
050,42,041,"Pennsylvania","Cumberland County",4,22,3400,1701,1699
050,42,041,"Pennsylvania","Cumberland County",4,23,3061,1585,1476
050,42,041,"Pennsylvania","Cumberland County",4,24,3004,1559,1445
050,42,041,"Pennsylvania","Cumberland County",4,25,2991,1561,1430
050,42,041,"Pennsylvania","Cumberland County",4,26,3158,1659,1499
050,42,041,"Pennsylvania","Cumberland County",4,27,3255,1673,1582
050,42,041,"Pennsylvania","Cumberland County",4,28,3254,1716,1538
050,42,041,"Pennsylvania","Cumberland County",4,29,3318,1726,1592
050,42,041,"Pennsylvania","Cumberland County",4,30,3347,1774,1573
050,42,041,"Pennsylvania","Cumberland County",4,31,3574,1882,1692
050,42,041,"Pennsylvania","Cumberland County",4,32,3763,1957,1806
050,42,041,"Pennsylvania","Cumberland County",4,33,3684,1909,1775
050,42,041,"Pennsylvania","Cumberland County",4,34,3607,1905,1702
050,42,041,"Pennsylvania","Cumberland County",4,35,3657,1882,1775
050,42,041,"Pennsylvania","Cumberland County",4,36,3681,1936,1745
050,42,041,"Pennsylvania","Cumberland County",4,37,3731,1946,1785
050,42,041,"Pennsylvania","Cumberland County",4,38,3618,1902,1716
050,42,041,"Pennsylvania","Cumberland County",4,39,3616,1866,1750
050,42,041,"Pennsylvania","Cumberland County",4,40,3623,1877,1746
050,42,041,"Pennsylvania","Cumberland County",4,41,3633,1873,1760
050,42,041,"Pennsylvania","Cumberland County",4,42,3457,1776,1681
050,42,041,"Pennsylvania","Cumberland County",4,43,3326,1750,1576
050,42,041,"Pennsylvania","Cumberland County",4,44,3221,1691,1530
050,42,041,"Pennsylvania","Cumberland County",4,45,3158,1621,1537
050,42,041,"Pennsylvania","Cumberland County",4,46,3110,1618,1492
050,42,041,"Pennsylvania","Cumberland County",4,47,3078,1574,1504
050,42,041,"Pennsylvania","Cumberland County",4,48,3044,1610,1434
050,42,041,"Pennsylvania","Cumberland County",4,49,3057,1608,1449
050,42,041,"Pennsylvania","Cumberland County",4,50,3265,1718,1547
050,42,041,"Pennsylvania","Cumberland County",4,51,3441,1763,1678
050,42,041,"Pennsylvania","Cumberland County",4,52,3444,1766,1678
050,42,041,"Pennsylvania","Cumberland County",4,53,3309,1715,1594
050,42,041,"Pennsylvania","Cumberland County",4,54,3181,1664,1517
050,42,041,"Pennsylvania","Cumberland County",4,55,3282,1683,1599
050,42,041,"Pennsylvania","Cumberland County",4,56,3206,1573,1633
050,42,041,"Pennsylvania","Cumberland County",4,57,3360,1647,1713
050,42,041,"Pennsylvania","Cumberland County",4,58,3415,1703,1712
050,42,041,"Pennsylvania","Cumberland County",4,59,3494,1729,1765
050,42,041,"Pennsylvania","Cumberland County",4,60,3519,1733,1786
050,42,041,"Pennsylvania","Cumberland County",4,61,3495,1708,1787
050,42,041,"Pennsylvania","Cumberland County",4,62,3427,1694,1733
050,42,041,"Pennsylvania","Cumberland County",4,63,3380,1649,1731
050,42,041,"Pennsylvania","Cumberland County",4,64,3405,1626,1779
050,42,041,"Pennsylvania","Cumberland County",4,65,3316,1595,1721
050,42,041,"Pennsylvania","Cumberland County",4,66,3180,1517,1663
050,42,041,"Pennsylvania","Cumberland County",4,67,3155,1531,1624
050,42,041,"Pennsylvania","Cumberland County",4,68,3052,1441,1611
050,42,041,"Pennsylvania","Cumberland County",4,69,2933,1403,1530
050,42,041,"Pennsylvania","Cumberland County",4,70,2913,1367,1546
050,42,041,"Pennsylvania","Cumberland County",4,71,2714,1278,1436
050,42,041,"Pennsylvania","Cumberland County",4,72,2616,1222,1394
050,42,041,"Pennsylvania","Cumberland County",4,73,2619,1240,1379
050,42,041,"Pennsylvania","Cumberland County",4,74,2580,1189,1391
050,42,041,"Pennsylvania","Cumberland County",4,75,2743,1284,1459
050,42,041,"Pennsylvania","Cumberland County",4,76,1791,798,993
050,42,041,"Pennsylvania","Cumberland County",4,77,1738,772,966
050,42,041,"Pennsylvania","Cumberland County",4,78,1716,745,971
050,42,041,"Pennsylvania","Cumberland County",4,79,1783,800,983
050,42,041,"Pennsylvania","Cumberland County",4,80,1548,683,865
050,42,041,"Pennsylvania","Cumberland County",4,81,1318,567,751
050,42,041,"Pennsylvania","Cumberland County",4,82,1162,480,682
050,42,041,"Pennsylvania","Cumberland County",4,83,1108,450,658
050,42,041,"Pennsylvania","Cumberland County",4,84,1009,409,600
050,42,041,"Pennsylvania","Cumberland County",4,85,5905,2068,3837
050,42,041,"Pennsylvania","Cumberland County",5,0,2505,1287,1218
050,42,041,"Pennsylvania","Cumberland County",5,1,2698,1420,1278
050,42,041,"Pennsylvania","Cumberland County",5,2,2772,1388,1384
050,42,041,"Pennsylvania","Cumberland County",5,3,2941,1500,1441
050,42,041,"Pennsylvania","Cumberland County",5,4,2967,1503,1464
050,42,041,"Pennsylvania","Cumberland County",5,5,3022,1552,1470
050,42,041,"Pennsylvania","Cumberland County",5,6,3111,1614,1497
050,42,041,"Pennsylvania","Cumberland County",5,7,3192,1667,1525
050,42,041,"Pennsylvania","Cumberland County",5,8,3132,1594,1538
050,42,041,"Pennsylvania","Cumberland County",5,9,3155,1597,1558
050,42,041,"Pennsylvania","Cumberland County",5,10,3150,1609,1541
050,42,041,"Pennsylvania","Cumberland County",5,11,3098,1568,1530
050,42,041,"Pennsylvania","Cumberland County",5,12,3145,1600,1545
050,42,041,"Pennsylvania","Cumberland County",5,13,3121,1595,1526
050,42,041,"Pennsylvania","Cumberland County",5,14,3231,1687,1544
050,42,041,"Pennsylvania","Cumberland County",5,15,3319,1710,1609
050,42,041,"Pennsylvania","Cumberland County",5,16,3300,1669,1631
050,42,041,"Pennsylvania","Cumberland County",5,17,3213,1661,1552
050,42,041,"Pennsylvania","Cumberland County",5,18,4281,1994,2287
050,42,041,"Pennsylvania","Cumberland County",5,19,5262,2448,2814
050,42,041,"Pennsylvania","Cumberland County",5,20,4444,2242,2202
050,42,041,"Pennsylvania","Cumberland County",5,21,3998,1983,2015
050,42,041,"Pennsylvania","Cumberland County",5,22,3434,1715,1719
050,42,041,"Pennsylvania","Cumberland County",5,23,2945,1528,1417
050,42,041,"Pennsylvania","Cumberland County",5,24,3063,1584,1479
050,42,041,"Pennsylvania","Cumberland County",5,25,3013,1557,1456
050,42,041,"Pennsylvania","Cumberland County",5,26,3040,1582,1458
050,42,041,"Pennsylvania","Cumberland County",5,27,3214,1659,1555
050,42,041,"Pennsylvania","Cumberland County",5,28,3269,1662,1607
050,42,041,"Pennsylvania","Cumberland County",5,29,3292,1711,1581
050,42,041,"Pennsylvania","Cumberland County",5,30,3339,1734,1605
050,42,041,"Pennsylvania","Cumberland County",5,31,3370,1740,1630
050,42,041,"Pennsylvania","Cumberland County",5,32,3653,1901,1752
050,42,041,"Pennsylvania","Cumberland County",5,33,3902,2002,1900
050,42,041,"Pennsylvania","Cumberland County",5,34,3746,1957,1789
050,42,041,"Pennsylvania","Cumberland County",5,35,3679,1914,1765
050,42,041,"Pennsylvania","Cumberland County",5,36,3669,1878,1791
050,42,041,"Pennsylvania","Cumberland County",5,37,3736,1934,1802
050,42,041,"Pennsylvania","Cumberland County",5,38,3723,1942,1781
050,42,041,"Pennsylvania","Cumberland County",5,39,3636,1909,1727
050,42,041,"Pennsylvania","Cumberland County",5,40,3706,1889,1817
050,42,041,"Pennsylvania","Cumberland County",5,41,3700,1920,1780
050,42,041,"Pennsylvania","Cumberland County",5,42,3653,1848,1805
050,42,041,"Pennsylvania","Cumberland County",5,43,3525,1826,1699
050,42,041,"Pennsylvania","Cumberland County",5,44,3326,1757,1569
050,42,041,"Pennsylvania","Cumberland County",5,45,3207,1684,1523
050,42,041,"Pennsylvania","Cumberland County",5,46,3187,1640,1547
050,42,041,"Pennsylvania","Cumberland County",5,47,3092,1590,1502
050,42,041,"Pennsylvania","Cumberland County",5,48,3052,1550,1502
050,42,041,"Pennsylvania","Cumberland County",5,49,3009,1574,1435
050,42,041,"Pennsylvania","Cumberland County",5,50,3057,1591,1466
050,42,041,"Pennsylvania","Cumberland County",5,51,3270,1694,1576
050,42,041,"Pennsylvania","Cumberland County",5,52,3444,1751,1693
050,42,041,"Pennsylvania","Cumberland County",5,53,3418,1759,1659
050,42,041,"Pennsylvania","Cumberland County",5,54,3304,1703,1601
050,42,041,"Pennsylvania","Cumberland County",5,55,3200,1667,1533
050,42,041,"Pennsylvania","Cumberland County",5,56,3250,1661,1589
050,42,041,"Pennsylvania","Cumberland County",5,57,3190,1556,1634
050,42,041,"Pennsylvania","Cumberland County",5,58,3331,1636,1695
050,42,041,"Pennsylvania","Cumberland County",5,59,3385,1677,1708
050,42,041,"Pennsylvania","Cumberland County",5,60,3462,1721,1741
050,42,041,"Pennsylvania","Cumberland County",5,61,3449,1714,1735
050,42,041,"Pennsylvania","Cumberland County",5,62,3451,1681,1770
050,42,041,"Pennsylvania","Cumberland County",5,63,3392,1666,1726
050,42,041,"Pennsylvania","Cumberland County",5,64,3383,1629,1754
050,42,041,"Pennsylvania","Cumberland County",5,65,3364,1614,1750
050,42,041,"Pennsylvania","Cumberland County",5,66,3314,1578,1736
050,42,041,"Pennsylvania","Cumberland County",5,67,3153,1500,1653
050,42,041,"Pennsylvania","Cumberland County",5,68,3104,1492,1612
050,42,041,"Pennsylvania","Cumberland County",5,69,2990,1402,1588
050,42,041,"Pennsylvania","Cumberland County",5,70,2910,1398,1512
050,42,041,"Pennsylvania","Cumberland County",5,71,2881,1352,1529
050,42,041,"Pennsylvania","Cumberland County",5,72,2697,1273,1424
050,42,041,"Pennsylvania","Cumberland County",5,73,2594,1209,1385
050,42,041,"Pennsylvania","Cumberland County",5,74,2568,1216,1352
050,42,041,"Pennsylvania","Cumberland County",5,75,2517,1168,1349
050,42,041,"Pennsylvania","Cumberland County",5,76,2676,1237,1439
050,42,041,"Pennsylvania","Cumberland County",5,77,1754,775,979
050,42,041,"Pennsylvania","Cumberland County",5,78,1707,750,957
050,42,041,"Pennsylvania","Cumberland County",5,79,1642,723,919
050,42,041,"Pennsylvania","Cumberland County",5,80,1713,774,939
050,42,041,"Pennsylvania","Cumberland County",5,81,1486,638,848
050,42,041,"Pennsylvania","Cumberland County",5,82,1258,544,714
050,42,041,"Pennsylvania","Cumberland County",5,83,1098,446,652
050,42,041,"Pennsylvania","Cumberland County",5,84,1051,435,616
050,42,041,"Pennsylvania","Cumberland County",5,85,6038,2130,3908
050,42,043,"Pennsylvania","Dauphin County",1,0,3434,1756,1678
050,42,043,"Pennsylvania","Dauphin County",1,1,3474,1778,1696
050,42,043,"Pennsylvania","Dauphin County",1,2,3477,1789,1688
050,42,043,"Pennsylvania","Dauphin County",1,3,3494,1824,1670
050,42,043,"Pennsylvania","Dauphin County",1,4,3617,1900,1717
050,42,043,"Pennsylvania","Dauphin County",1,5,3662,1884,1778
050,42,043,"Pennsylvania","Dauphin County",1,6,3592,1894,1698
050,42,043,"Pennsylvania","Dauphin County",1,7,3662,1924,1738
050,42,043,"Pennsylvania","Dauphin County",1,8,3650,1848,1802
050,42,043,"Pennsylvania","Dauphin County",1,9,3565,1816,1749
050,42,043,"Pennsylvania","Dauphin County",1,10,3582,1826,1756
050,42,043,"Pennsylvania","Dauphin County",1,11,3631,1871,1760
050,42,043,"Pennsylvania","Dauphin County",1,12,3748,1943,1805
050,42,043,"Pennsylvania","Dauphin County",1,13,3770,1898,1872
050,42,043,"Pennsylvania","Dauphin County",1,14,3588,1776,1812
050,42,043,"Pennsylvania","Dauphin County",1,15,3593,1797,1796
050,42,043,"Pennsylvania","Dauphin County",1,16,3571,1771,1800
050,42,043,"Pennsylvania","Dauphin County",1,17,3487,1782,1705
050,42,043,"Pennsylvania","Dauphin County",1,18,3372,1737,1635
050,42,043,"Pennsylvania","Dauphin County",1,19,3066,1618,1448
050,42,043,"Pennsylvania","Dauphin County",1,20,3086,1605,1481
050,42,043,"Pennsylvania","Dauphin County",1,21,3225,1608,1617
050,42,043,"Pennsylvania","Dauphin County",1,22,3387,1673,1714
050,42,043,"Pennsylvania","Dauphin County",1,23,3491,1706,1785
050,42,043,"Pennsylvania","Dauphin County",1,24,3728,1835,1893
050,42,043,"Pennsylvania","Dauphin County",1,25,3860,1914,1946
050,42,043,"Pennsylvania","Dauphin County",1,26,3994,1939,2055
050,42,043,"Pennsylvania","Dauphin County",1,27,4141,2027,2114
050,42,043,"Pennsylvania","Dauphin County",1,28,4115,2058,2057
050,42,043,"Pennsylvania","Dauphin County",1,29,4141,2053,2088
050,42,043,"Pennsylvania","Dauphin County",1,30,4054,2019,2035
050,42,043,"Pennsylvania","Dauphin County",1,31,3900,1951,1949
050,42,043,"Pennsylvania","Dauphin County",1,32,3812,1857,1955
050,42,043,"Pennsylvania","Dauphin County",1,33,3895,1909,1986
050,42,043,"Pennsylvania","Dauphin County",1,34,3910,2019,1891
050,42,043,"Pennsylvania","Dauphin County",1,35,3764,1879,1885
050,42,043,"Pennsylvania","Dauphin County",1,36,3633,1831,1802
050,42,043,"Pennsylvania","Dauphin County",1,37,3675,1790,1885
050,42,043,"Pennsylvania","Dauphin County",1,38,3696,1821,1875
050,42,043,"Pennsylvania","Dauphin County",1,39,3699,1833,1866
050,42,043,"Pennsylvania","Dauphin County",1,40,3574,1730,1844
050,42,043,"Pennsylvania","Dauphin County",1,41,3375,1638,1737
050,42,043,"Pennsylvania","Dauphin County",1,42,3319,1624,1695
050,42,043,"Pennsylvania","Dauphin County",1,43,3229,1589,1640
050,42,043,"Pennsylvania","Dauphin County",1,44,3143,1557,1586
050,42,043,"Pennsylvania","Dauphin County",1,45,3233,1593,1640
050,42,043,"Pennsylvania","Dauphin County",1,46,3223,1611,1612
050,42,043,"Pennsylvania","Dauphin County",1,47,3327,1685,1642
050,42,043,"Pennsylvania","Dauphin County",1,48,3585,1812,1773
050,42,043,"Pennsylvania","Dauphin County",1,49,3759,1859,1900
050,42,043,"Pennsylvania","Dauphin County",1,50,3663,1875,1788
050,42,043,"Pennsylvania","Dauphin County",1,51,3560,1777,1783
050,42,043,"Pennsylvania","Dauphin County",1,52,3475,1684,1791
050,42,043,"Pennsylvania","Dauphin County",1,53,3567,1722,1845
050,42,043,"Pennsylvania","Dauphin County",1,54,3613,1777,1836
050,42,043,"Pennsylvania","Dauphin County",1,55,3855,1882,1973
050,42,043,"Pennsylvania","Dauphin County",1,56,3899,1871,2028
050,42,043,"Pennsylvania","Dauphin County",1,57,3887,1851,2036
050,42,043,"Pennsylvania","Dauphin County",1,58,3984,1914,2070
050,42,043,"Pennsylvania","Dauphin County",1,59,4098,2019,2079
050,42,043,"Pennsylvania","Dauphin County",1,60,3961,1901,2060
050,42,043,"Pennsylvania","Dauphin County",1,61,3971,1899,2072
050,42,043,"Pennsylvania","Dauphin County",1,62,4024,1933,2091
050,42,043,"Pennsylvania","Dauphin County",1,63,3877,1843,2034
050,42,043,"Pennsylvania","Dauphin County",1,64,3697,1734,1963
050,42,043,"Pennsylvania","Dauphin County",1,65,3622,1722,1900
050,42,043,"Pennsylvania","Dauphin County",1,66,3517,1694,1823
050,42,043,"Pennsylvania","Dauphin County",1,67,3356,1589,1767
050,42,043,"Pennsylvania","Dauphin County",1,68,3214,1517,1697
050,42,043,"Pennsylvania","Dauphin County",1,69,2982,1404,1578
050,42,043,"Pennsylvania","Dauphin County",1,70,2869,1352,1517
050,42,043,"Pennsylvania","Dauphin County",1,71,2836,1324,1512
050,42,043,"Pennsylvania","Dauphin County",1,72,2895,1311,1584
050,42,043,"Pennsylvania","Dauphin County",1,73,2803,1307,1496
050,42,043,"Pennsylvania","Dauphin County",1,74,1901,861,1040
050,42,043,"Pennsylvania","Dauphin County",1,75,1829,832,997
050,42,043,"Pennsylvania","Dauphin County",1,76,1850,836,1014
050,42,043,"Pennsylvania","Dauphin County",1,77,1787,792,995
050,42,043,"Pennsylvania","Dauphin County",1,78,1448,651,797
050,42,043,"Pennsylvania","Dauphin County",1,79,1321,580,741
050,42,043,"Pennsylvania","Dauphin County",1,80,1207,502,705
050,42,043,"Pennsylvania","Dauphin County",1,81,1145,450,695
050,42,043,"Pennsylvania","Dauphin County",1,82,1097,448,649
050,42,043,"Pennsylvania","Dauphin County",1,83,981,365,616
050,42,043,"Pennsylvania","Dauphin County",1,84,896,341,555
050,42,043,"Pennsylvania","Dauphin County",1,85,5707,1881,3826
050,42,043,"Pennsylvania","Dauphin County",2,0,3478,1767,1711
050,42,043,"Pennsylvania","Dauphin County",2,1,3465,1772,1693
050,42,043,"Pennsylvania","Dauphin County",2,2,3475,1785,1690
050,42,043,"Pennsylvania","Dauphin County",2,3,3489,1815,1674
050,42,043,"Pennsylvania","Dauphin County",2,4,3593,1879,1714
050,42,043,"Pennsylvania","Dauphin County",2,5,3650,1891,1759
050,42,043,"Pennsylvania","Dauphin County",2,6,3619,1899,1720
050,42,043,"Pennsylvania","Dauphin County",2,7,3639,1911,1728
050,42,043,"Pennsylvania","Dauphin County",2,8,3650,1865,1785
050,42,043,"Pennsylvania","Dauphin County",2,9,3589,1824,1765
050,42,043,"Pennsylvania","Dauphin County",2,10,3589,1831,1758
050,42,043,"Pennsylvania","Dauphin County",2,11,3604,1854,1750
050,42,043,"Pennsylvania","Dauphin County",2,12,3735,1932,1803
050,42,043,"Pennsylvania","Dauphin County",2,13,3767,1909,1858
050,42,043,"Pennsylvania","Dauphin County",2,14,3640,1812,1828
050,42,043,"Pennsylvania","Dauphin County",2,15,3602,1800,1802
050,42,043,"Pennsylvania","Dauphin County",2,16,3573,1777,1796
050,42,043,"Pennsylvania","Dauphin County",2,17,3507,1775,1732
050,42,043,"Pennsylvania","Dauphin County",2,18,3314,1706,1608
050,42,043,"Pennsylvania","Dauphin County",2,19,3092,1633,1459
050,42,043,"Pennsylvania","Dauphin County",2,20,3134,1623,1511
050,42,043,"Pennsylvania","Dauphin County",2,21,3236,1617,1619
050,42,043,"Pennsylvania","Dauphin County",2,22,3380,1668,1712
050,42,043,"Pennsylvania","Dauphin County",2,23,3512,1718,1794
050,42,043,"Pennsylvania","Dauphin County",2,24,3677,1807,1870
050,42,043,"Pennsylvania","Dauphin County",2,25,3843,1901,1942
050,42,043,"Pennsylvania","Dauphin County",2,26,3978,1940,2038
050,42,043,"Pennsylvania","Dauphin County",2,27,4105,2013,2092
050,42,043,"Pennsylvania","Dauphin County",2,28,4140,2061,2079
050,42,043,"Pennsylvania","Dauphin County",2,29,4139,2055,2084
050,42,043,"Pennsylvania","Dauphin County",2,30,4096,2038,2058
050,42,043,"Pennsylvania","Dauphin County",2,31,3942,1971,1971
050,42,043,"Pennsylvania","Dauphin County",2,32,3829,1871,1958
050,42,043,"Pennsylvania","Dauphin County",2,33,3881,1907,1974
050,42,043,"Pennsylvania","Dauphin County",2,34,3907,1992,1915
050,42,043,"Pennsylvania","Dauphin County",2,35,3818,1923,1895
050,42,043,"Pennsylvania","Dauphin County",2,36,3637,1830,1807
050,42,043,"Pennsylvania","Dauphin County",2,37,3687,1812,1875
050,42,043,"Pennsylvania","Dauphin County",2,38,3719,1826,1893
050,42,043,"Pennsylvania","Dauphin County",2,39,3690,1819,1871
050,42,043,"Pennsylvania","Dauphin County",2,40,3632,1769,1863
050,42,043,"Pennsylvania","Dauphin County",2,41,3422,1662,1760
050,42,043,"Pennsylvania","Dauphin County",2,42,3322,1624,1698
050,42,043,"Pennsylvania","Dauphin County",2,43,3279,1613,1666
050,42,043,"Pennsylvania","Dauphin County",2,44,3130,1550,1580
050,42,043,"Pennsylvania","Dauphin County",2,45,3219,1585,1634
050,42,043,"Pennsylvania","Dauphin County",2,46,3214,1604,1610
050,42,043,"Pennsylvania","Dauphin County",2,47,3293,1664,1629
050,42,043,"Pennsylvania","Dauphin County",2,48,3518,1775,1743
050,42,043,"Pennsylvania","Dauphin County",2,49,3726,1854,1872
050,42,043,"Pennsylvania","Dauphin County",2,50,3688,1872,1816
050,42,043,"Pennsylvania","Dauphin County",2,51,3580,1797,1783
050,42,043,"Pennsylvania","Dauphin County",2,52,3495,1704,1791
050,42,043,"Pennsylvania","Dauphin County",2,53,3534,1707,1827
050,42,043,"Pennsylvania","Dauphin County",2,54,3585,1754,1831
050,42,043,"Pennsylvania","Dauphin County",2,55,3783,1850,1933
050,42,043,"Pennsylvania","Dauphin County",2,56,3889,1875,2014
050,42,043,"Pennsylvania","Dauphin County",2,57,3887,1853,2034
050,42,043,"Pennsylvania","Dauphin County",2,58,3946,1892,2054
050,42,043,"Pennsylvania","Dauphin County",2,59,4076,1997,2079
050,42,043,"Pennsylvania","Dauphin County",2,60,3978,1923,2055
050,42,043,"Pennsylvania","Dauphin County",2,61,3948,1885,2063
050,42,043,"Pennsylvania","Dauphin County",2,62,3978,1907,2071
050,42,043,"Pennsylvania","Dauphin County",2,63,3930,1869,2061
050,42,043,"Pennsylvania","Dauphin County",2,64,3711,1747,1964
050,42,043,"Pennsylvania","Dauphin County",2,65,3621,1714,1907
050,42,043,"Pennsylvania","Dauphin County",2,66,3539,1695,1844
050,42,043,"Pennsylvania","Dauphin County",2,67,3374,1604,1770
050,42,043,"Pennsylvania","Dauphin County",2,68,3207,1509,1698
050,42,043,"Pennsylvania","Dauphin County",2,69,3048,1433,1615
050,42,043,"Pennsylvania","Dauphin County",2,70,2871,1353,1518
050,42,043,"Pennsylvania","Dauphin County",2,71,2832,1319,1513
050,42,043,"Pennsylvania","Dauphin County",2,72,2832,1291,1541
050,42,043,"Pennsylvania","Dauphin County",2,73,2921,1353,1568
050,42,043,"Pennsylvania","Dauphin County",2,74,1981,905,1076
050,42,043,"Pennsylvania","Dauphin County",2,75,1840,837,1003
050,42,043,"Pennsylvania","Dauphin County",2,76,1815,821,994
050,42,043,"Pennsylvania","Dauphin County",2,77,1820,808,1012
050,42,043,"Pennsylvania","Dauphin County",2,78,1489,666,823
050,42,043,"Pennsylvania","Dauphin County",2,79,1331,587,744
050,42,043,"Pennsylvania","Dauphin County",2,80,1224,519,705
050,42,043,"Pennsylvania","Dauphin County",2,81,1131,452,679
050,42,043,"Pennsylvania","Dauphin County",2,82,1100,441,659
050,42,043,"Pennsylvania","Dauphin County",2,83,975,372,603
050,42,043,"Pennsylvania","Dauphin County",2,84,900,336,564
050,42,043,"Pennsylvania","Dauphin County",2,85,5676,1877,3799
050,42,043,"Pennsylvania","Dauphin County",3,0,3293,1645,1648
050,42,043,"Pennsylvania","Dauphin County",3,1,3515,1806,1709
050,42,043,"Pennsylvania","Dauphin County",3,2,3517,1809,1708
050,42,043,"Pennsylvania","Dauphin County",3,3,3532,1833,1699
050,42,043,"Pennsylvania","Dauphin County",3,4,3513,1833,1680
050,42,043,"Pennsylvania","Dauphin County",3,5,3618,1910,1708
050,42,043,"Pennsylvania","Dauphin County",3,6,3664,1902,1762
050,42,043,"Pennsylvania","Dauphin County",3,7,3659,1908,1751
050,42,043,"Pennsylvania","Dauphin County",3,8,3674,1922,1752
050,42,043,"Pennsylvania","Dauphin County",3,9,3646,1862,1784
050,42,043,"Pennsylvania","Dauphin County",3,10,3583,1795,1788
050,42,043,"Pennsylvania","Dauphin County",3,11,3614,1841,1773
050,42,043,"Pennsylvania","Dauphin County",3,12,3594,1848,1746
050,42,043,"Pennsylvania","Dauphin County",3,13,3733,1942,1791
050,42,043,"Pennsylvania","Dauphin County",3,14,3836,1948,1888
050,42,043,"Pennsylvania","Dauphin County",3,15,3656,1821,1835
050,42,043,"Pennsylvania","Dauphin County",3,16,3598,1791,1807
050,42,043,"Pennsylvania","Dauphin County",3,17,3579,1787,1792
050,42,043,"Pennsylvania","Dauphin County",3,18,3282,1687,1595
050,42,043,"Pennsylvania","Dauphin County",3,19,3143,1667,1476
050,42,043,"Pennsylvania","Dauphin County",3,20,3293,1693,1600
050,42,043,"Pennsylvania","Dauphin County",3,21,3335,1659,1676
050,42,043,"Pennsylvania","Dauphin County",3,22,3291,1635,1656
050,42,043,"Pennsylvania","Dauphin County",3,23,3584,1769,1815
050,42,043,"Pennsylvania","Dauphin County",3,24,3640,1777,1863
050,42,043,"Pennsylvania","Dauphin County",3,25,3801,1897,1904
050,42,043,"Pennsylvania","Dauphin County",3,26,3868,1931,1937
050,42,043,"Pennsylvania","Dauphin County",3,27,3985,1961,2024
050,42,043,"Pennsylvania","Dauphin County",3,28,4130,2028,2102
050,42,043,"Pennsylvania","Dauphin County",3,29,4101,2040,2061
050,42,043,"Pennsylvania","Dauphin County",3,30,4147,2068,2079
050,42,043,"Pennsylvania","Dauphin County",3,31,4130,2013,2117
050,42,043,"Pennsylvania","Dauphin County",3,32,4001,2001,2000
050,42,043,"Pennsylvania","Dauphin County",3,33,3827,1878,1949
050,42,043,"Pennsylvania","Dauphin County",3,34,3918,1966,1952
050,42,043,"Pennsylvania","Dauphin County",3,35,3923,1970,1953
050,42,043,"Pennsylvania","Dauphin County",3,36,3840,1916,1924
050,42,043,"Pennsylvania","Dauphin County",3,37,3673,1857,1816
050,42,043,"Pennsylvania","Dauphin County",3,38,3714,1847,1867
050,42,043,"Pennsylvania","Dauphin County",3,39,3709,1809,1900
050,42,043,"Pennsylvania","Dauphin County",3,40,3661,1803,1858
050,42,043,"Pennsylvania","Dauphin County",3,41,3646,1779,1867
050,42,043,"Pennsylvania","Dauphin County",3,42,3421,1651,1770
050,42,043,"Pennsylvania","Dauphin County",3,43,3362,1632,1730
050,42,043,"Pennsylvania","Dauphin County",3,44,3277,1617,1660
050,42,043,"Pennsylvania","Dauphin County",3,45,3163,1581,1582
050,42,043,"Pennsylvania","Dauphin County",3,46,3218,1585,1633
050,42,043,"Pennsylvania","Dauphin County",3,47,3207,1583,1624
050,42,043,"Pennsylvania","Dauphin County",3,48,3315,1670,1645
050,42,043,"Pennsylvania","Dauphin County",3,49,3527,1773,1754
050,42,043,"Pennsylvania","Dauphin County",3,50,3729,1867,1862
050,42,043,"Pennsylvania","Dauphin County",3,51,3707,1889,1818
050,42,043,"Pennsylvania","Dauphin County",3,52,3594,1802,1792
050,42,043,"Pennsylvania","Dauphin County",3,53,3456,1676,1780
050,42,043,"Pennsylvania","Dauphin County",3,54,3508,1699,1809
050,42,043,"Pennsylvania","Dauphin County",3,55,3572,1746,1826
050,42,043,"Pennsylvania","Dauphin County",3,56,3771,1834,1937
050,42,043,"Pennsylvania","Dauphin County",3,57,3849,1854,1995
050,42,043,"Pennsylvania","Dauphin County",3,58,3820,1820,2000
050,42,043,"Pennsylvania","Dauphin County",3,59,3932,1888,2044
050,42,043,"Pennsylvania","Dauphin County",3,60,4020,1960,2060
050,42,043,"Pennsylvania","Dauphin County",3,61,3955,1912,2043
050,42,043,"Pennsylvania","Dauphin County",3,62,3862,1839,2023
050,42,043,"Pennsylvania","Dauphin County",3,63,3864,1859,2005
050,42,043,"Pennsylvania","Dauphin County",3,64,3906,1870,2036
050,42,043,"Pennsylvania","Dauphin County",3,65,3631,1703,1928
050,42,043,"Pennsylvania","Dauphin County",3,66,3531,1652,1879
050,42,043,"Pennsylvania","Dauphin County",3,67,3473,1650,1823
050,42,043,"Pennsylvania","Dauphin County",3,68,3314,1564,1750
050,42,043,"Pennsylvania","Dauphin County",3,69,3161,1470,1691
050,42,043,"Pennsylvania","Dauphin County",3,70,2980,1389,1591
050,42,043,"Pennsylvania","Dauphin County",3,71,2796,1314,1482
050,42,043,"Pennsylvania","Dauphin County",3,72,2765,1281,1484
050,42,043,"Pennsylvania","Dauphin County",3,73,2727,1250,1477
050,42,043,"Pennsylvania","Dauphin County",3,74,2824,1298,1526
050,42,043,"Pennsylvania","Dauphin County",3,75,1908,870,1038
050,42,043,"Pennsylvania","Dauphin County",3,76,1771,791,980
050,42,043,"Pennsylvania","Dauphin County",3,77,1741,772,969
050,42,043,"Pennsylvania","Dauphin County",3,78,1748,762,986
050,42,043,"Pennsylvania","Dauphin County",3,79,1417,626,791
050,42,043,"Pennsylvania","Dauphin County",3,80,1270,558,712
050,42,043,"Pennsylvania","Dauphin County",3,81,1137,470,667
050,42,043,"Pennsylvania","Dauphin County",3,82,1069,418,651
050,42,043,"Pennsylvania","Dauphin County",3,83,1031,407,624
050,42,043,"Pennsylvania","Dauphin County",3,84,910,344,566
050,42,043,"Pennsylvania","Dauphin County",3,85,5547,1835,3712
050,42,043,"Pennsylvania","Dauphin County",4,0,3229,1638,1591
050,42,043,"Pennsylvania","Dauphin County",4,1,3336,1698,1638
050,42,043,"Pennsylvania","Dauphin County",4,2,3481,1781,1700
050,42,043,"Pennsylvania","Dauphin County",4,3,3463,1786,1677
050,42,043,"Pennsylvania","Dauphin County",4,4,3517,1815,1702
050,42,043,"Pennsylvania","Dauphin County",4,5,3538,1831,1707
050,42,043,"Pennsylvania","Dauphin County",4,6,3613,1880,1733
050,42,043,"Pennsylvania","Dauphin County",4,7,3707,1909,1798
050,42,043,"Pennsylvania","Dauphin County",4,8,3653,1896,1757
050,42,043,"Pennsylvania","Dauphin County",4,9,3692,1922,1770
050,42,043,"Pennsylvania","Dauphin County",4,10,3659,1856,1803
050,42,043,"Pennsylvania","Dauphin County",4,11,3632,1837,1795
050,42,043,"Pennsylvania","Dauphin County",4,12,3594,1839,1755
050,42,043,"Pennsylvania","Dauphin County",4,13,3593,1858,1735
050,42,043,"Pennsylvania","Dauphin County",4,14,3778,1977,1801
050,42,043,"Pennsylvania","Dauphin County",4,15,3833,1932,1901
050,42,043,"Pennsylvania","Dauphin County",4,16,3660,1821,1839
050,42,043,"Pennsylvania","Dauphin County",4,17,3621,1795,1826
050,42,043,"Pennsylvania","Dauphin County",4,18,3370,1699,1671
050,42,043,"Pennsylvania","Dauphin County",4,19,3063,1616,1447
050,42,043,"Pennsylvania","Dauphin County",4,20,3187,1668,1519
050,42,043,"Pennsylvania","Dauphin County",4,21,3456,1719,1737
050,42,043,"Pennsylvania","Dauphin County",4,22,3395,1672,1723
050,42,043,"Pennsylvania","Dauphin County",4,23,3498,1747,1751
050,42,043,"Pennsylvania","Dauphin County",4,24,3588,1774,1814
050,42,043,"Pennsylvania","Dauphin County",4,25,3759,1865,1894
050,42,043,"Pennsylvania","Dauphin County",4,26,3833,1905,1928
050,42,043,"Pennsylvania","Dauphin County",4,27,3874,1900,1974
050,42,043,"Pennsylvania","Dauphin County",4,28,4037,1982,2055
050,42,043,"Pennsylvania","Dauphin County",4,29,4069,1991,2078
050,42,043,"Pennsylvania","Dauphin County",4,30,4093,2047,2046
050,42,043,"Pennsylvania","Dauphin County",4,31,4170,2097,2073
050,42,043,"Pennsylvania","Dauphin County",4,32,4097,2005,2092
050,42,043,"Pennsylvania","Dauphin County",4,33,3978,1981,1997
050,42,043,"Pennsylvania","Dauphin County",4,34,3833,1884,1949
050,42,043,"Pennsylvania","Dauphin County",4,35,3934,1971,1963
050,42,043,"Pennsylvania","Dauphin County",4,36,3929,1964,1965
050,42,043,"Pennsylvania","Dauphin County",4,37,3822,1904,1918
050,42,043,"Pennsylvania","Dauphin County",4,38,3614,1830,1784
050,42,043,"Pennsylvania","Dauphin County",4,39,3736,1844,1892
050,42,043,"Pennsylvania","Dauphin County",4,40,3734,1829,1905
050,42,043,"Pennsylvania","Dauphin County",4,41,3686,1819,1867
050,42,043,"Pennsylvania","Dauphin County",4,42,3652,1778,1874
050,42,043,"Pennsylvania","Dauphin County",4,43,3457,1675,1782
050,42,043,"Pennsylvania","Dauphin County",4,44,3355,1636,1719
050,42,043,"Pennsylvania","Dauphin County",4,45,3269,1601,1668
050,42,043,"Pennsylvania","Dauphin County",4,46,3163,1575,1588
050,42,043,"Pennsylvania","Dauphin County",4,47,3215,1587,1628
050,42,043,"Pennsylvania","Dauphin County",4,48,3238,1608,1630
050,42,043,"Pennsylvania","Dauphin County",4,49,3363,1701,1662
050,42,043,"Pennsylvania","Dauphin County",4,50,3511,1742,1769
050,42,043,"Pennsylvania","Dauphin County",4,51,3727,1863,1864
050,42,043,"Pennsylvania","Dauphin County",4,52,3686,1886,1800
050,42,043,"Pennsylvania","Dauphin County",4,53,3560,1783,1777
050,42,043,"Pennsylvania","Dauphin County",4,54,3393,1642,1751
050,42,043,"Pennsylvania","Dauphin County",4,55,3487,1675,1812
050,42,043,"Pennsylvania","Dauphin County",4,56,3569,1743,1826
050,42,043,"Pennsylvania","Dauphin County",4,57,3696,1793,1903
050,42,043,"Pennsylvania","Dauphin County",4,58,3769,1807,1962
050,42,043,"Pennsylvania","Dauphin County",4,59,3818,1820,1998
050,42,043,"Pennsylvania","Dauphin County",4,60,3875,1845,2030
050,42,043,"Pennsylvania","Dauphin County",4,61,3980,1944,2036
050,42,043,"Pennsylvania","Dauphin County",4,62,3888,1883,2005
050,42,043,"Pennsylvania","Dauphin County",4,63,3735,1766,1969
050,42,043,"Pennsylvania","Dauphin County",4,64,3792,1822,1970
050,42,043,"Pennsylvania","Dauphin County",4,65,3799,1804,1995
050,42,043,"Pennsylvania","Dauphin County",4,66,3545,1671,1874
050,42,043,"Pennsylvania","Dauphin County",4,67,3467,1617,1850
050,42,043,"Pennsylvania","Dauphin County",4,68,3377,1589,1788
050,42,043,"Pennsylvania","Dauphin County",4,69,3264,1526,1738
050,42,043,"Pennsylvania","Dauphin County",4,70,3083,1426,1657
050,42,043,"Pennsylvania","Dauphin County",4,71,2913,1351,1562
050,42,043,"Pennsylvania","Dauphin County",4,72,2723,1268,1455
050,42,043,"Pennsylvania","Dauphin County",4,73,2652,1218,1434
050,42,043,"Pennsylvania","Dauphin County",4,74,2651,1209,1442
050,42,043,"Pennsylvania","Dauphin County",4,75,2714,1237,1477
050,42,043,"Pennsylvania","Dauphin County",4,76,1845,824,1021
050,42,043,"Pennsylvania","Dauphin County",4,77,1690,739,951
050,42,043,"Pennsylvania","Dauphin County",4,78,1685,732,953
050,42,043,"Pennsylvania","Dauphin County",4,79,1648,709,939
050,42,043,"Pennsylvania","Dauphin County",4,80,1350,603,747
050,42,043,"Pennsylvania","Dauphin County",4,81,1159,498,661
050,42,043,"Pennsylvania","Dauphin County",4,82,1080,442,638
050,42,043,"Pennsylvania","Dauphin County",4,83,986,375,611
050,42,043,"Pennsylvania","Dauphin County",4,84,958,374,584
050,42,043,"Pennsylvania","Dauphin County",4,85,5546,1838,3708
050,42,043,"Pennsylvania","Dauphin County",5,0,3074,1561,1513
050,42,043,"Pennsylvania","Dauphin County",5,1,3172,1614,1558
050,42,043,"Pennsylvania","Dauphin County",5,2,3330,1666,1664
050,42,043,"Pennsylvania","Dauphin County",5,3,3460,1740,1720
050,42,043,"Pennsylvania","Dauphin County",5,4,3428,1785,1643
050,42,043,"Pennsylvania","Dauphin County",5,5,3554,1850,1704
050,42,043,"Pennsylvania","Dauphin County",5,6,3594,1869,1725
050,42,043,"Pennsylvania","Dauphin County",5,7,3619,1894,1725
050,42,043,"Pennsylvania","Dauphin County",5,8,3737,1921,1816
050,42,043,"Pennsylvania","Dauphin County",5,9,3638,1885,1753
050,42,043,"Pennsylvania","Dauphin County",5,10,3735,1941,1794
050,42,043,"Pennsylvania","Dauphin County",5,11,3733,1885,1848
050,42,043,"Pennsylvania","Dauphin County",5,12,3627,1841,1786
050,42,043,"Pennsylvania","Dauphin County",5,13,3588,1837,1751
050,42,043,"Pennsylvania","Dauphin County",5,14,3650,1876,1774
050,42,043,"Pennsylvania","Dauphin County",5,15,3812,1992,1820
050,42,043,"Pennsylvania","Dauphin County",5,16,3843,1941,1902
050,42,043,"Pennsylvania","Dauphin County",5,17,3677,1821,1856
050,42,043,"Pennsylvania","Dauphin County",5,18,3388,1714,1674
050,42,043,"Pennsylvania","Dauphin County",5,19,3105,1601,1504
050,42,043,"Pennsylvania","Dauphin County",5,20,3164,1625,1539
050,42,043,"Pennsylvania","Dauphin County",5,21,3334,1697,1637
050,42,043,"Pennsylvania","Dauphin County",5,22,3503,1739,1764
050,42,043,"Pennsylvania","Dauphin County",5,23,3576,1792,1784
050,42,043,"Pennsylvania","Dauphin County",5,24,3515,1767,1748
050,42,043,"Pennsylvania","Dauphin County",5,25,3662,1792,1870
050,42,043,"Pennsylvania","Dauphin County",5,26,3808,1865,1943
050,42,043,"Pennsylvania","Dauphin County",5,27,3920,1960,1960
050,42,043,"Pennsylvania","Dauphin County",5,28,3947,1950,1997
050,42,043,"Pennsylvania","Dauphin County",5,29,3995,1977,2018
050,42,043,"Pennsylvania","Dauphin County",5,30,4122,2035,2087
050,42,043,"Pennsylvania","Dauphin County",5,31,4048,2018,2030
050,42,043,"Pennsylvania","Dauphin County",5,32,4131,2059,2072
050,42,043,"Pennsylvania","Dauphin County",5,33,4059,2007,2052
050,42,043,"Pennsylvania","Dauphin County",5,34,4008,2007,2001
050,42,043,"Pennsylvania","Dauphin County",5,35,3849,1876,1973
050,42,043,"Pennsylvania","Dauphin County",5,36,3922,1941,1981
050,42,043,"Pennsylvania","Dauphin County",5,37,3867,1940,1927
050,42,043,"Pennsylvania","Dauphin County",5,38,3811,1885,1926
050,42,043,"Pennsylvania","Dauphin County",5,39,3659,1819,1840
050,42,043,"Pennsylvania","Dauphin County",5,40,3712,1844,1868
050,42,043,"Pennsylvania","Dauphin County",5,41,3704,1818,1886
050,42,043,"Pennsylvania","Dauphin County",5,42,3709,1855,1854
050,42,043,"Pennsylvania","Dauphin County",5,43,3655,1782,1873
050,42,043,"Pennsylvania","Dauphin County",5,44,3460,1710,1750
050,42,043,"Pennsylvania","Dauphin County",5,45,3355,1637,1718
050,42,043,"Pennsylvania","Dauphin County",5,46,3267,1605,1662
050,42,043,"Pennsylvania","Dauphin County",5,47,3137,1570,1567
050,42,043,"Pennsylvania","Dauphin County",5,48,3199,1566,1633
050,42,043,"Pennsylvania","Dauphin County",5,49,3276,1632,1644
050,42,043,"Pennsylvania","Dauphin County",5,50,3358,1699,1659
050,42,043,"Pennsylvania","Dauphin County",5,51,3499,1727,1772
050,42,043,"Pennsylvania","Dauphin County",5,52,3715,1868,1847
050,42,043,"Pennsylvania","Dauphin County",5,53,3651,1870,1781
050,42,043,"Pennsylvania","Dauphin County",5,54,3497,1745,1752
050,42,043,"Pennsylvania","Dauphin County",5,55,3397,1643,1754
050,42,043,"Pennsylvania","Dauphin County",5,56,3464,1661,1803
050,42,043,"Pennsylvania","Dauphin County",5,57,3502,1716,1786
050,42,043,"Pennsylvania","Dauphin County",5,58,3640,1745,1895
050,42,043,"Pennsylvania","Dauphin County",5,59,3748,1787,1961
050,42,043,"Pennsylvania","Dauphin County",5,60,3776,1791,1985
050,42,043,"Pennsylvania","Dauphin County",5,61,3800,1800,2000
050,42,043,"Pennsylvania","Dauphin County",5,62,3944,1934,2010
050,42,043,"Pennsylvania","Dauphin County",5,63,3800,1828,1972
050,42,043,"Pennsylvania","Dauphin County",5,64,3687,1741,1946
050,42,043,"Pennsylvania","Dauphin County",5,65,3743,1789,1954
050,42,043,"Pennsylvania","Dauphin County",5,66,3738,1769,1969
050,42,043,"Pennsylvania","Dauphin County",5,67,3478,1631,1847
050,42,043,"Pennsylvania","Dauphin County",5,68,3399,1569,1830
050,42,043,"Pennsylvania","Dauphin County",5,69,3302,1526,1776
050,42,043,"Pennsylvania","Dauphin County",5,70,3179,1477,1702
050,42,043,"Pennsylvania","Dauphin County",5,71,3028,1384,1644
050,42,043,"Pennsylvania","Dauphin County",5,72,2868,1317,1551
050,42,043,"Pennsylvania","Dauphin County",5,73,2617,1211,1406
050,42,043,"Pennsylvania","Dauphin County",5,74,2590,1182,1408
050,42,043,"Pennsylvania","Dauphin County",5,75,2569,1160,1409
050,42,043,"Pennsylvania","Dauphin County",5,76,2615,1184,1431
050,42,043,"Pennsylvania","Dauphin County",5,77,1779,785,994
050,42,043,"Pennsylvania","Dauphin County",5,78,1618,702,916
050,42,043,"Pennsylvania","Dauphin County",5,79,1594,688,906
050,42,043,"Pennsylvania","Dauphin County",5,80,1574,687,887
050,42,043,"Pennsylvania","Dauphin County",5,81,1247,547,700
050,42,043,"Pennsylvania","Dauphin County",5,82,1116,478,638
050,42,043,"Pennsylvania","Dauphin County",5,83,1011,407,604
050,42,043,"Pennsylvania","Dauphin County",5,84,917,343,574
050,42,043,"Pennsylvania","Dauphin County",5,85,5636,1880,3756
050,42,045,"Pennsylvania","Delaware County",1,0,6494,3329,3165
050,42,045,"Pennsylvania","Delaware County",1,1,6625,3454,3171
050,42,045,"Pennsylvania","Delaware County",1,2,6787,3516,3271
050,42,045,"Pennsylvania","Delaware County",1,3,6750,3482,3268
050,42,045,"Pennsylvania","Delaware County",1,4,6857,3455,3402
050,42,045,"Pennsylvania","Delaware County",1,5,7186,3675,3511
050,42,045,"Pennsylvania","Delaware County",1,6,7131,3609,3522
050,42,045,"Pennsylvania","Delaware County",1,7,7054,3635,3419
050,42,045,"Pennsylvania","Delaware County",1,8,7198,3664,3534
050,42,045,"Pennsylvania","Delaware County",1,9,7249,3696,3553
050,42,045,"Pennsylvania","Delaware County",1,10,7284,3628,3656
050,42,045,"Pennsylvania","Delaware County",1,11,7412,3746,3666
050,42,045,"Pennsylvania","Delaware County",1,12,7321,3739,3582
050,42,045,"Pennsylvania","Delaware County",1,13,7543,3853,3690
050,42,045,"Pennsylvania","Delaware County",1,14,7406,3775,3631
050,42,045,"Pennsylvania","Delaware County",1,15,7318,3751,3567
050,42,045,"Pennsylvania","Delaware County",1,16,7475,3913,3562
050,42,045,"Pennsylvania","Delaware County",1,17,7401,3843,3558
050,42,045,"Pennsylvania","Delaware County",1,18,8340,4150,4190
050,42,045,"Pennsylvania","Delaware County",1,19,9465,4785,4680
050,42,045,"Pennsylvania","Delaware County",1,20,8783,4466,4317
050,42,045,"Pennsylvania","Delaware County",1,21,8043,3983,4060
050,42,045,"Pennsylvania","Delaware County",1,22,7100,3499,3601
050,42,045,"Pennsylvania","Delaware County",1,23,6640,3286,3354
050,42,045,"Pennsylvania","Delaware County",1,24,6736,3331,3405
050,42,045,"Pennsylvania","Delaware County",1,25,6895,3420,3475
050,42,045,"Pennsylvania","Delaware County",1,26,7093,3480,3613
050,42,045,"Pennsylvania","Delaware County",1,27,7397,3620,3777
050,42,045,"Pennsylvania","Delaware County",1,28,7427,3670,3757
050,42,045,"Pennsylvania","Delaware County",1,29,7483,3748,3735
050,42,045,"Pennsylvania","Delaware County",1,30,7491,3614,3877
050,42,045,"Pennsylvania","Delaware County",1,31,7600,3642,3958
050,42,045,"Pennsylvania","Delaware County",1,32,7726,3721,4005
050,42,045,"Pennsylvania","Delaware County",1,33,7944,3882,4062
050,42,045,"Pennsylvania","Delaware County",1,34,7872,3829,4043
050,42,045,"Pennsylvania","Delaware County",1,35,7651,3727,3924
050,42,045,"Pennsylvania","Delaware County",1,36,7663,3733,3930
050,42,045,"Pennsylvania","Delaware County",1,37,7607,3701,3906
050,42,045,"Pennsylvania","Delaware County",1,38,7584,3745,3839
050,42,045,"Pennsylvania","Delaware County",1,39,7535,3661,3874
050,42,045,"Pennsylvania","Delaware County",1,40,7320,3552,3768
050,42,045,"Pennsylvania","Delaware County",1,41,7155,3486,3669
050,42,045,"Pennsylvania","Delaware County",1,42,7011,3422,3589
050,42,045,"Pennsylvania","Delaware County",1,43,6739,3292,3447
050,42,045,"Pennsylvania","Delaware County",1,44,6488,3152,3336
050,42,045,"Pennsylvania","Delaware County",1,45,6409,3179,3230
050,42,045,"Pennsylvania","Delaware County",1,46,6324,3127,3197
050,42,045,"Pennsylvania","Delaware County",1,47,6446,3166,3280
050,42,045,"Pennsylvania","Delaware County",1,48,6878,3322,3556
050,42,045,"Pennsylvania","Delaware County",1,49,7391,3610,3781
050,42,045,"Pennsylvania","Delaware County",1,50,7327,3596,3731
050,42,045,"Pennsylvania","Delaware County",1,51,7308,3558,3750
050,42,045,"Pennsylvania","Delaware County",1,52,7088,3479,3609
050,42,045,"Pennsylvania","Delaware County",1,53,7330,3576,3754
050,42,045,"Pennsylvania","Delaware County",1,54,7545,3666,3879
050,42,045,"Pennsylvania","Delaware County",1,55,7909,3791,4118
050,42,045,"Pennsylvania","Delaware County",1,56,8141,3897,4244
050,42,045,"Pennsylvania","Delaware County",1,57,8177,3908,4269
050,42,045,"Pennsylvania","Delaware County",1,58,8141,3941,4200
050,42,045,"Pennsylvania","Delaware County",1,59,8115,3919,4196
050,42,045,"Pennsylvania","Delaware County",1,60,8020,3882,4138
050,42,045,"Pennsylvania","Delaware County",1,61,8112,3866,4246
050,42,045,"Pennsylvania","Delaware County",1,62,8190,3917,4273
050,42,045,"Pennsylvania","Delaware County",1,63,7835,3743,4092
050,42,045,"Pennsylvania","Delaware County",1,64,7516,3537,3979
050,42,045,"Pennsylvania","Delaware County",1,65,7267,3423,3844
050,42,045,"Pennsylvania","Delaware County",1,66,6820,3224,3596
050,42,045,"Pennsylvania","Delaware County",1,67,6479,3046,3433
050,42,045,"Pennsylvania","Delaware County",1,68,6165,2915,3250
050,42,045,"Pennsylvania","Delaware County",1,69,5562,2586,2976
050,42,045,"Pennsylvania","Delaware County",1,70,5255,2385,2870
050,42,045,"Pennsylvania","Delaware County",1,71,5030,2288,2742
050,42,045,"Pennsylvania","Delaware County",1,72,5046,2277,2769
050,42,045,"Pennsylvania","Delaware County",1,73,5024,2286,2738
050,42,045,"Pennsylvania","Delaware County",1,74,3478,1552,1926
050,42,045,"Pennsylvania","Delaware County",1,75,3417,1529,1888
050,42,045,"Pennsylvania","Delaware County",1,76,3461,1460,2001
050,42,045,"Pennsylvania","Delaware County",1,77,3551,1482,2069
050,42,045,"Pennsylvania","Delaware County",1,78,2909,1209,1700
050,42,045,"Pennsylvania","Delaware County",1,79,2546,1079,1467
050,42,045,"Pennsylvania","Delaware County",1,80,2368,1009,1359
050,42,045,"Pennsylvania","Delaware County",1,81,2241,935,1306
050,42,045,"Pennsylvania","Delaware County",1,82,2104,832,1272
050,42,045,"Pennsylvania","Delaware County",1,83,1974,762,1212
050,42,045,"Pennsylvania","Delaware County",1,84,1811,706,1105
050,42,045,"Pennsylvania","Delaware County",1,85,12847,4279,8568
050,42,045,"Pennsylvania","Delaware County",2,0,6522,3354,3168
050,42,045,"Pennsylvania","Delaware County",2,1,6597,3429,3168
050,42,045,"Pennsylvania","Delaware County",2,2,6763,3507,3256
050,42,045,"Pennsylvania","Delaware County",2,3,6743,3482,3261
050,42,045,"Pennsylvania","Delaware County",2,4,6851,3472,3379
050,42,045,"Pennsylvania","Delaware County",2,5,7121,3623,3498
050,42,045,"Pennsylvania","Delaware County",2,6,7168,3637,3531
050,42,045,"Pennsylvania","Delaware County",2,7,7083,3635,3448
050,42,045,"Pennsylvania","Delaware County",2,8,7158,3660,3498
050,42,045,"Pennsylvania","Delaware County",2,9,7242,3690,3552
050,42,045,"Pennsylvania","Delaware County",2,10,7283,3645,3638
050,42,045,"Pennsylvania","Delaware County",2,11,7356,3701,3655
050,42,045,"Pennsylvania","Delaware County",2,12,7386,3753,3633
050,42,045,"Pennsylvania","Delaware County",2,13,7494,3826,3668
050,42,045,"Pennsylvania","Delaware County",2,14,7443,3796,3647
050,42,045,"Pennsylvania","Delaware County",2,15,7346,3765,3581
050,42,045,"Pennsylvania","Delaware County",2,16,7468,3906,3562
050,42,045,"Pennsylvania","Delaware County",2,17,7427,3859,3568
050,42,045,"Pennsylvania","Delaware County",2,18,8290,4120,4170
050,42,045,"Pennsylvania","Delaware County",2,19,9462,4780,4682
050,42,045,"Pennsylvania","Delaware County",2,20,8872,4501,4371
050,42,045,"Pennsylvania","Delaware County",2,21,8031,3979,4052
050,42,045,"Pennsylvania","Delaware County",2,22,7057,3487,3570
050,42,045,"Pennsylvania","Delaware County",2,23,6636,3284,3352
050,42,045,"Pennsylvania","Delaware County",2,24,6684,3298,3386
050,42,045,"Pennsylvania","Delaware County",2,25,6836,3383,3453
050,42,045,"Pennsylvania","Delaware County",2,26,7053,3469,3584
050,42,045,"Pennsylvania","Delaware County",2,27,7322,3595,3727
050,42,045,"Pennsylvania","Delaware County",2,28,7440,3671,3769
050,42,045,"Pennsylvania","Delaware County",2,29,7491,3730,3761
050,42,045,"Pennsylvania","Delaware County",2,30,7566,3676,3890
050,42,045,"Pennsylvania","Delaware County",2,31,7594,3637,3957
050,42,045,"Pennsylvania","Delaware County",2,32,7712,3705,4007
050,42,045,"Pennsylvania","Delaware County",2,33,7890,3839,4051
050,42,045,"Pennsylvania","Delaware County",2,34,7902,3842,4060
050,42,045,"Pennsylvania","Delaware County",2,35,7773,3787,3986
050,42,045,"Pennsylvania","Delaware County",2,36,7620,3705,3915
050,42,045,"Pennsylvania","Delaware County",2,37,7644,3724,3920
050,42,045,"Pennsylvania","Delaware County",2,38,7626,3749,3877
050,42,045,"Pennsylvania","Delaware County",2,39,7516,3670,3846
050,42,045,"Pennsylvania","Delaware County",2,40,7412,3596,3816
050,42,045,"Pennsylvania","Delaware County",2,41,7185,3493,3692
050,42,045,"Pennsylvania","Delaware County",2,42,7014,3425,3589
050,42,045,"Pennsylvania","Delaware County",2,43,6851,3345,3506
050,42,045,"Pennsylvania","Delaware County",2,44,6473,3150,3323
050,42,045,"Pennsylvania","Delaware County",2,45,6461,3192,3269
050,42,045,"Pennsylvania","Delaware County",2,46,6325,3129,3196
050,42,045,"Pennsylvania","Delaware County",2,47,6393,3144,3249
050,42,045,"Pennsylvania","Delaware County",2,48,6784,3291,3493
050,42,045,"Pennsylvania","Delaware County",2,49,7270,3546,3724
050,42,045,"Pennsylvania","Delaware County",2,50,7337,3596,3741
050,42,045,"Pennsylvania","Delaware County",2,51,7263,3541,3722
050,42,045,"Pennsylvania","Delaware County",2,52,7125,3488,3637
050,42,045,"Pennsylvania","Delaware County",2,53,7249,3535,3714
050,42,045,"Pennsylvania","Delaware County",2,54,7455,3624,3831
050,42,045,"Pennsylvania","Delaware County",2,55,7802,3746,4056
050,42,045,"Pennsylvania","Delaware County",2,56,8083,3872,4211
050,42,045,"Pennsylvania","Delaware County",2,57,8160,3898,4262
050,42,045,"Pennsylvania","Delaware County",2,58,8112,3908,4204
050,42,045,"Pennsylvania","Delaware County",2,59,8122,3920,4202
050,42,045,"Pennsylvania","Delaware County",2,60,7992,3861,4131
050,42,045,"Pennsylvania","Delaware County",2,61,8021,3834,4187
050,42,045,"Pennsylvania","Delaware County",2,62,8107,3875,4232
050,42,045,"Pennsylvania","Delaware County",2,63,7937,3788,4149
050,42,045,"Pennsylvania","Delaware County",2,64,7518,3549,3969
050,42,045,"Pennsylvania","Delaware County",2,65,7276,3421,3855
050,42,045,"Pennsylvania","Delaware County",2,66,6894,3256,3638
050,42,045,"Pennsylvania","Delaware County",2,67,6501,3054,3447
050,42,045,"Pennsylvania","Delaware County",2,68,6148,2897,3251
050,42,045,"Pennsylvania","Delaware County",2,69,5701,2656,3045
050,42,045,"Pennsylvania","Delaware County",2,70,5280,2404,2876
050,42,045,"Pennsylvania","Delaware County",2,71,5065,2300,2765
050,42,045,"Pennsylvania","Delaware County",2,72,4939,2226,2713
050,42,045,"Pennsylvania","Delaware County",2,73,5201,2362,2839
050,42,045,"Pennsylvania","Delaware County",2,74,3582,1601,1981
050,42,045,"Pennsylvania","Delaware County",2,75,3412,1522,1890
050,42,045,"Pennsylvania","Delaware County",2,76,3400,1452,1948
050,42,045,"Pennsylvania","Delaware County",2,77,3552,1477,2075
050,42,045,"Pennsylvania","Delaware County",2,78,2964,1225,1739
050,42,045,"Pennsylvania","Delaware County",2,79,2575,1074,1501
050,42,045,"Pennsylvania","Delaware County",2,80,2373,1006,1367
050,42,045,"Pennsylvania","Delaware County",2,81,2201,921,1280
050,42,045,"Pennsylvania","Delaware County",2,82,2099,839,1260
050,42,045,"Pennsylvania","Delaware County",2,83,1954,758,1196
050,42,045,"Pennsylvania","Delaware County",2,84,1790,696,1094
050,42,045,"Pennsylvania","Delaware County",2,85,12530,4179,8351
050,42,045,"Pennsylvania","Delaware County",3,0,6140,3131,3009
050,42,045,"Pennsylvania","Delaware County",3,1,6538,3368,3170
050,42,045,"Pennsylvania","Delaware County",3,2,6627,3437,3190
050,42,045,"Pennsylvania","Delaware County",3,3,6750,3509,3241
050,42,045,"Pennsylvania","Delaware County",3,4,6789,3476,3313
050,42,045,"Pennsylvania","Delaware County",3,5,6858,3483,3375
050,42,045,"Pennsylvania","Delaware County",3,6,7132,3653,3479
050,42,045,"Pennsylvania","Delaware County",3,7,7170,3647,3523
050,42,045,"Pennsylvania","Delaware County",3,8,7021,3608,3413
050,42,045,"Pennsylvania","Delaware County",3,9,7147,3664,3483
050,42,045,"Pennsylvania","Delaware County",3,10,7265,3707,3558
050,42,045,"Pennsylvania","Delaware County",3,11,7288,3648,3640
050,42,045,"Pennsylvania","Delaware County",3,12,7296,3643,3653
050,42,045,"Pennsylvania","Delaware County",3,13,7379,3726,3653
050,42,045,"Pennsylvania","Delaware County",3,14,7503,3836,3667
050,42,045,"Pennsylvania","Delaware County",3,15,7470,3808,3662
050,42,045,"Pennsylvania","Delaware County",3,16,7458,3889,3569
050,42,045,"Pennsylvania","Delaware County",3,17,7491,3918,3573
050,42,045,"Pennsylvania","Delaware County",3,18,8656,4283,4373
050,42,045,"Pennsylvania","Delaware County",3,19,9920,4996,4924
050,42,045,"Pennsylvania","Delaware County",3,20,9345,4731,4614
050,42,045,"Pennsylvania","Delaware County",3,21,8346,4164,4182
050,42,045,"Pennsylvania","Delaware County",3,22,7089,3539,3550
050,42,045,"Pennsylvania","Delaware County",3,23,6565,3260,3305
050,42,045,"Pennsylvania","Delaware County",3,24,6624,3260,3364
050,42,045,"Pennsylvania","Delaware County",3,25,6687,3290,3397
050,42,045,"Pennsylvania","Delaware County",3,26,6824,3385,3439
050,42,045,"Pennsylvania","Delaware County",3,27,7048,3526,3522
050,42,045,"Pennsylvania","Delaware County",3,28,7226,3527,3699
050,42,045,"Pennsylvania","Delaware County",3,29,7415,3650,3765
050,42,045,"Pennsylvania","Delaware County",3,30,7647,3789,3858
050,42,045,"Pennsylvania","Delaware County",3,31,7690,3698,3992
050,42,045,"Pennsylvania","Delaware County",3,32,7687,3634,4053
050,42,045,"Pennsylvania","Delaware County",3,33,7803,3743,4060
050,42,045,"Pennsylvania","Delaware County",3,34,7937,3869,4068
050,42,045,"Pennsylvania","Delaware County",3,35,8066,3941,4125
050,42,045,"Pennsylvania","Delaware County",3,36,7804,3802,4002
050,42,045,"Pennsylvania","Delaware County",3,37,7719,3724,3995
050,42,045,"Pennsylvania","Delaware County",3,38,7681,3778,3903
050,42,045,"Pennsylvania","Delaware County",3,39,7583,3767,3816
050,42,045,"Pennsylvania","Delaware County",3,40,7472,3657,3815
050,42,045,"Pennsylvania","Delaware County",3,41,7401,3581,3820
050,42,045,"Pennsylvania","Delaware County",3,42,7175,3543,3632
050,42,045,"Pennsylvania","Delaware County",3,43,7013,3415,3598
050,42,045,"Pennsylvania","Delaware County",3,44,6795,3284,3511
050,42,045,"Pennsylvania","Delaware County",3,45,6453,3149,3304
050,42,045,"Pennsylvania","Delaware County",3,46,6451,3179,3272
050,42,045,"Pennsylvania","Delaware County",3,47,6299,3124,3175
050,42,045,"Pennsylvania","Delaware County",3,48,6367,3130,3237
050,42,045,"Pennsylvania","Delaware County",3,49,6718,3273,3445
050,42,045,"Pennsylvania","Delaware County",3,50,7216,3507,3709
050,42,045,"Pennsylvania","Delaware County",3,51,7306,3575,3731
050,42,045,"Pennsylvania","Delaware County",3,52,7246,3536,3710
050,42,045,"Pennsylvania","Delaware County",3,53,7064,3469,3595
050,42,045,"Pennsylvania","Delaware County",3,54,7162,3484,3678
050,42,045,"Pennsylvania","Delaware County",3,55,7357,3558,3799
050,42,045,"Pennsylvania","Delaware County",3,56,7693,3704,3989
050,42,045,"Pennsylvania","Delaware County",3,57,7946,3813,4133
050,42,045,"Pennsylvania","Delaware County",3,58,8014,3803,4211
050,42,045,"Pennsylvania","Delaware County",3,59,7976,3858,4118
050,42,045,"Pennsylvania","Delaware County",3,60,7963,3830,4133
050,42,045,"Pennsylvania","Delaware County",3,61,7798,3760,4038
050,42,045,"Pennsylvania","Delaware County",3,62,7879,3743,4136
050,42,045,"Pennsylvania","Delaware County",3,63,7925,3781,4144
050,42,045,"Pennsylvania","Delaware County",3,64,7747,3687,4060
050,42,045,"Pennsylvania","Delaware County",3,65,7353,3469,3884
050,42,045,"Pennsylvania","Delaware County",3,66,7093,3334,3759
050,42,045,"Pennsylvania","Delaware County",3,67,6683,3136,3547
050,42,045,"Pennsylvania","Delaware County",3,68,6354,2968,3386
050,42,045,"Pennsylvania","Delaware County",3,69,6019,2817,3202
050,42,045,"Pennsylvania","Delaware County",3,70,5522,2545,2977
050,42,045,"Pennsylvania","Delaware County",3,71,5147,2325,2822
050,42,045,"Pennsylvania","Delaware County",3,72,4905,2213,2692
050,42,045,"Pennsylvania","Delaware County",3,73,4789,2144,2645
050,42,045,"Pennsylvania","Delaware County",3,74,5012,2246,2766
050,42,045,"Pennsylvania","Delaware County",3,75,3457,1530,1927
050,42,045,"Pennsylvania","Delaware County",3,76,3292,1445,1847
050,42,045,"Pennsylvania","Delaware County",3,77,3234,1373,1861
050,42,045,"Pennsylvania","Delaware County",3,78,3385,1385,2000
050,42,045,"Pennsylvania","Delaware County",3,79,2826,1159,1667
050,42,045,"Pennsylvania","Delaware County",3,80,2462,1025,1437
050,42,045,"Pennsylvania","Delaware County",3,81,2234,925,1309
050,42,045,"Pennsylvania","Delaware County",3,82,2090,865,1225
050,42,045,"Pennsylvania","Delaware County",3,83,2005,803,1202
050,42,045,"Pennsylvania","Delaware County",3,84,1748,666,1082
050,42,045,"Pennsylvania","Delaware County",3,85,12162,4049,8113
050,42,045,"Pennsylvania","Delaware County",4,0,6400,3259,3141
050,42,045,"Pennsylvania","Delaware County",4,1,6172,3219,2953
050,42,045,"Pennsylvania","Delaware County",4,2,6637,3423,3214
050,42,045,"Pennsylvania","Delaware County",4,3,6614,3415,3199
050,42,045,"Pennsylvania","Delaware County",4,4,6772,3542,3230
050,42,045,"Pennsylvania","Delaware County",4,5,6772,3479,3293
050,42,045,"Pennsylvania","Delaware County",4,6,6874,3492,3382
050,42,045,"Pennsylvania","Delaware County",4,7,7141,3662,3479
050,42,045,"Pennsylvania","Delaware County",4,8,7185,3655,3530
050,42,045,"Pennsylvania","Delaware County",4,9,7052,3626,3426
050,42,045,"Pennsylvania","Delaware County",4,10,7130,3673,3457
050,42,045,"Pennsylvania","Delaware County",4,11,7305,3732,3573
050,42,045,"Pennsylvania","Delaware County",4,12,7275,3661,3614
050,42,045,"Pennsylvania","Delaware County",4,13,7357,3671,3686
050,42,045,"Pennsylvania","Delaware County",4,14,7426,3765,3661
050,42,045,"Pennsylvania","Delaware County",4,15,7489,3843,3646
050,42,045,"Pennsylvania","Delaware County",4,16,7616,3961,3655
050,42,045,"Pennsylvania","Delaware County",4,17,7509,3942,3567
050,42,045,"Pennsylvania","Delaware County",4,18,8680,4300,4380
050,42,045,"Pennsylvania","Delaware County",4,19,9976,5038,4938
050,42,045,"Pennsylvania","Delaware County",4,20,9167,4620,4547
050,42,045,"Pennsylvania","Delaware County",4,21,8362,4153,4209
050,42,045,"Pennsylvania","Delaware County",4,22,7124,3622,3502
050,42,045,"Pennsylvania","Delaware County",4,23,6503,3298,3205
050,42,045,"Pennsylvania","Delaware County",4,24,6403,3179,3224
050,42,045,"Pennsylvania","Delaware County",4,25,6481,3183,3298
050,42,045,"Pennsylvania","Delaware County",4,26,6528,3213,3315
050,42,045,"Pennsylvania","Delaware County",4,27,6747,3346,3401
050,42,045,"Pennsylvania","Delaware County",4,28,6987,3458,3529
050,42,045,"Pennsylvania","Delaware County",4,29,7270,3535,3735
050,42,045,"Pennsylvania","Delaware County",4,30,7391,3624,3767
050,42,045,"Pennsylvania","Delaware County",4,31,7606,3723,3883
050,42,045,"Pennsylvania","Delaware County",4,32,7812,3736,4076
050,42,045,"Pennsylvania","Delaware County",4,33,7791,3693,4098
050,42,045,"Pennsylvania","Delaware County",4,34,7858,3757,4101
050,42,045,"Pennsylvania","Delaware County",4,35,8025,3896,4129
050,42,045,"Pennsylvania","Delaware County",4,36,8091,3981,4110
050,42,045,"Pennsylvania","Delaware County",4,37,7879,3855,4024
050,42,045,"Pennsylvania","Delaware County",4,38,7782,3754,4028
050,42,045,"Pennsylvania","Delaware County",4,39,7658,3755,3903
050,42,045,"Pennsylvania","Delaware County",4,40,7591,3738,3853
050,42,045,"Pennsylvania","Delaware County",4,41,7553,3719,3834
050,42,045,"Pennsylvania","Delaware County",4,42,7377,3568,3809
050,42,045,"Pennsylvania","Delaware County",4,43,7168,3537,3631
050,42,045,"Pennsylvania","Delaware County",4,44,7009,3411,3598
050,42,045,"Pennsylvania","Delaware County",4,45,6780,3292,3488
050,42,045,"Pennsylvania","Delaware County",4,46,6432,3123,3309
050,42,045,"Pennsylvania","Delaware County",4,47,6413,3150,3263
050,42,045,"Pennsylvania","Delaware County",4,48,6299,3119,3180
050,42,045,"Pennsylvania","Delaware County",4,49,6351,3129,3222
050,42,045,"Pennsylvania","Delaware County",4,50,6694,3250,3444
050,42,045,"Pennsylvania","Delaware County",4,51,7174,3483,3691
050,42,045,"Pennsylvania","Delaware County",4,52,7303,3561,3742
050,42,045,"Pennsylvania","Delaware County",4,53,7202,3505,3697
050,42,045,"Pennsylvania","Delaware County",4,54,7027,3443,3584
050,42,045,"Pennsylvania","Delaware County",4,55,7038,3416,3622
050,42,045,"Pennsylvania","Delaware County",4,56,7232,3515,3717
050,42,045,"Pennsylvania","Delaware County",4,57,7563,3634,3929
050,42,045,"Pennsylvania","Delaware County",4,58,7818,3728,4090
050,42,045,"Pennsylvania","Delaware County",4,59,7882,3763,4119
050,42,045,"Pennsylvania","Delaware County",4,60,7810,3778,4032
050,42,045,"Pennsylvania","Delaware County",4,61,7754,3719,4035
050,42,045,"Pennsylvania","Delaware County",4,62,7667,3671,3996
050,42,045,"Pennsylvania","Delaware County",4,63,7651,3633,4018
050,42,045,"Pennsylvania","Delaware County",4,64,7813,3723,4090
050,42,045,"Pennsylvania","Delaware County",4,65,7588,3577,4011
050,42,045,"Pennsylvania","Delaware County",4,66,7158,3377,3781
050,42,045,"Pennsylvania","Delaware County",4,67,6871,3211,3660
050,42,045,"Pennsylvania","Delaware County",4,68,6500,3026,3474
050,42,045,"Pennsylvania","Delaware County",4,69,6199,2888,3311
050,42,045,"Pennsylvania","Delaware County",4,70,5819,2691,3128
050,42,045,"Pennsylvania","Delaware County",4,71,5337,2435,2902
050,42,045,"Pennsylvania","Delaware County",4,72,4996,2225,2771
050,42,045,"Pennsylvania","Delaware County",4,73,4747,2125,2622
050,42,045,"Pennsylvania","Delaware County",4,74,4662,2072,2590
050,42,045,"Pennsylvania","Delaware County",4,75,4872,2163,2709
050,42,045,"Pennsylvania","Delaware County",4,76,3364,1458,1906
050,42,045,"Pennsylvania","Delaware County",4,77,3169,1392,1777
050,42,045,"Pennsylvania","Delaware County",4,78,3067,1276,1791
050,42,045,"Pennsylvania","Delaware County",4,79,3261,1311,1950
050,42,045,"Pennsylvania","Delaware County",4,80,2694,1097,1597
050,42,045,"Pennsylvania","Delaware County",4,81,2298,948,1350
050,42,045,"Pennsylvania","Delaware County",4,82,2104,845,1259
050,42,045,"Pennsylvania","Delaware County",4,83,2008,824,1184
050,42,045,"Pennsylvania","Delaware County",4,84,1813,712,1101
050,42,045,"Pennsylvania","Delaware County",4,85,11898,3938,7960
050,42,045,"Pennsylvania","Delaware County",5,0,6342,3227,3115
050,42,045,"Pennsylvania","Delaware County",5,1,6487,3309,3178
050,42,045,"Pennsylvania","Delaware County",5,2,6225,3229,2996
050,42,045,"Pennsylvania","Delaware County",5,3,6691,3464,3227
050,42,045,"Pennsylvania","Delaware County",5,4,6639,3413,3226
050,42,045,"Pennsylvania","Delaware County",5,5,6912,3604,3308
050,42,045,"Pennsylvania","Delaware County",5,6,6776,3482,3294
050,42,045,"Pennsylvania","Delaware County",5,7,6938,3530,3408
050,42,045,"Pennsylvania","Delaware County",5,8,7159,3659,3500
050,42,045,"Pennsylvania","Delaware County",5,9,7187,3679,3508
050,42,045,"Pennsylvania","Delaware County",5,10,7060,3638,3422
050,42,045,"Pennsylvania","Delaware County",5,11,7161,3707,3454
050,42,045,"Pennsylvania","Delaware County",5,12,7324,3754,3570
050,42,045,"Pennsylvania","Delaware County",5,13,7272,3649,3623
050,42,045,"Pennsylvania","Delaware County",5,14,7384,3696,3688
050,42,045,"Pennsylvania","Delaware County",5,15,7462,3780,3682
050,42,045,"Pennsylvania","Delaware County",5,16,7613,3978,3635
050,42,045,"Pennsylvania","Delaware County",5,17,7600,3977,3623
050,42,045,"Pennsylvania","Delaware County",5,18,8707,4341,4366
050,42,045,"Pennsylvania","Delaware County",5,19,10034,5090,4944
050,42,045,"Pennsylvania","Delaware County",5,20,9255,4687,4568
050,42,045,"Pennsylvania","Delaware County",5,21,8202,4061,4141
050,42,045,"Pennsylvania","Delaware County",5,22,7210,3653,3557
050,42,045,"Pennsylvania","Delaware County",5,23,6487,3346,3141
050,42,045,"Pennsylvania","Delaware County",5,24,6455,3238,3217
050,42,045,"Pennsylvania","Delaware County",5,25,6334,3125,3209
050,42,045,"Pennsylvania","Delaware County",5,26,6488,3209,3279
050,42,045,"Pennsylvania","Delaware County",5,27,6585,3252,3333
050,42,045,"Pennsylvania","Delaware County",5,28,6800,3353,3447
050,42,045,"Pennsylvania","Delaware County",5,29,7007,3478,3529
050,42,045,"Pennsylvania","Delaware County",5,30,7349,3543,3806
050,42,045,"Pennsylvania","Delaware County",5,31,7384,3589,3795
050,42,045,"Pennsylvania","Delaware County",5,32,7772,3783,3989
050,42,045,"Pennsylvania","Delaware County",5,33,7853,3706,4147
050,42,045,"Pennsylvania","Delaware County",5,34,7862,3741,4121
050,42,045,"Pennsylvania","Delaware County",5,35,7995,3844,4151
050,42,045,"Pennsylvania","Delaware County",5,36,8075,3928,4147
050,42,045,"Pennsylvania","Delaware County",5,37,8107,3995,4112
050,42,045,"Pennsylvania","Delaware County",5,38,7952,3901,4051
050,42,045,"Pennsylvania","Delaware County",5,39,7764,3739,4025
050,42,045,"Pennsylvania","Delaware County",5,40,7672,3769,3903
050,42,045,"Pennsylvania","Delaware County",5,41,7602,3750,3852
050,42,045,"Pennsylvania","Delaware County",5,42,7537,3692,3845
050,42,045,"Pennsylvania","Delaware County",5,43,7395,3591,3804
050,42,045,"Pennsylvania","Delaware County",5,44,7119,3482,3637
050,42,045,"Pennsylvania","Delaware County",5,45,7036,3416,3620
050,42,045,"Pennsylvania","Delaware County",5,46,6788,3326,3462
050,42,045,"Pennsylvania","Delaware County",5,47,6444,3144,3300
050,42,045,"Pennsylvania","Delaware County",5,48,6491,3201,3290
050,42,045,"Pennsylvania","Delaware County",5,49,6245,3092,3153
050,42,045,"Pennsylvania","Delaware County",5,50,6312,3110,3202
050,42,045,"Pennsylvania","Delaware County",5,51,6665,3237,3428
050,42,045,"Pennsylvania","Delaware County",5,52,7138,3483,3655
050,42,045,"Pennsylvania","Delaware County",5,53,7218,3514,3704
050,42,045,"Pennsylvania","Delaware County",5,54,7119,3474,3645
050,42,045,"Pennsylvania","Delaware County",5,55,6954,3402,3552
050,42,045,"Pennsylvania","Delaware County",5,56,6921,3361,3560
050,42,045,"Pennsylvania","Delaware County",5,57,7118,3454,3664
050,42,045,"Pennsylvania","Delaware County",5,58,7518,3607,3911
050,42,045,"Pennsylvania","Delaware County",5,59,7722,3687,4035
050,42,045,"Pennsylvania","Delaware County",5,60,7709,3663,4046
050,42,045,"Pennsylvania","Delaware County",5,61,7690,3709,3981
050,42,045,"Pennsylvania","Delaware County",5,62,7665,3653,4012
050,42,045,"Pennsylvania","Delaware County",5,63,7507,3574,3933
050,42,045,"Pennsylvania","Delaware County",5,64,7533,3582,3951
050,42,045,"Pennsylvania","Delaware County",5,65,7668,3642,4026
050,42,045,"Pennsylvania","Delaware County",5,66,7463,3519,3944
050,42,045,"Pennsylvania","Delaware County",5,67,6995,3274,3721
050,42,045,"Pennsylvania","Delaware County",5,68,6708,3120,3588
050,42,045,"Pennsylvania","Delaware County",5,69,6435,2967,3468
050,42,045,"Pennsylvania","Delaware County",5,70,6052,2812,3240
050,42,045,"Pennsylvania","Delaware County",5,71,5688,2610,3078
050,42,045,"Pennsylvania","Delaware County",5,72,5218,2375,2843
050,42,045,"Pennsylvania","Delaware County",5,73,4848,2139,2709
050,42,045,"Pennsylvania","Delaware County",5,74,4627,2056,2571
050,42,045,"Pennsylvania","Delaware County",5,75,4498,1975,2523
050,42,045,"Pennsylvania","Delaware County",5,76,4726,2075,2651
050,42,045,"Pennsylvania","Delaware County",5,77,3250,1406,1844
050,42,045,"Pennsylvania","Delaware County",5,78,3009,1312,1697
050,42,045,"Pennsylvania","Delaware County",5,79,2952,1215,1737
050,42,045,"Pennsylvania","Delaware County",5,80,3133,1252,1881
050,42,045,"Pennsylvania","Delaware County",5,81,2535,1010,1525
050,42,045,"Pennsylvania","Delaware County",5,82,2188,886,1302
050,42,045,"Pennsylvania","Delaware County",5,83,2017,813,1204
050,42,045,"Pennsylvania","Delaware County",5,84,1830,748,1082
050,42,045,"Pennsylvania","Delaware County",5,85,11853,3931,7922
050,42,047,"Pennsylvania","Elk County",1,0,270,139,131
050,42,047,"Pennsylvania","Elk County",1,1,285,151,134
050,42,047,"Pennsylvania","Elk County",1,2,287,148,139
050,42,047,"Pennsylvania","Elk County",1,3,325,169,156
050,42,047,"Pennsylvania","Elk County",1,4,317,150,167
050,42,047,"Pennsylvania","Elk County",1,5,321,162,159
050,42,047,"Pennsylvania","Elk County",1,6,332,180,152
050,42,047,"Pennsylvania","Elk County",1,7,353,165,188
050,42,047,"Pennsylvania","Elk County",1,8,348,189,159
050,42,047,"Pennsylvania","Elk County",1,9,340,186,154
050,42,047,"Pennsylvania","Elk County",1,10,339,175,164
050,42,047,"Pennsylvania","Elk County",1,11,328,163,165
050,42,047,"Pennsylvania","Elk County",1,12,360,179,181
050,42,047,"Pennsylvania","Elk County",1,13,375,194,181
050,42,047,"Pennsylvania","Elk County",1,14,361,194,167
050,42,047,"Pennsylvania","Elk County",1,15,360,191,169
050,42,047,"Pennsylvania","Elk County",1,16,358,189,169
050,42,047,"Pennsylvania","Elk County",1,17,375,184,191
050,42,047,"Pennsylvania","Elk County",1,18,334,174,160
050,42,047,"Pennsylvania","Elk County",1,19,281,149,132
050,42,047,"Pennsylvania","Elk County",1,20,281,143,138
050,42,047,"Pennsylvania","Elk County",1,21,301,148,153
050,42,047,"Pennsylvania","Elk County",1,22,334,166,168
050,42,047,"Pennsylvania","Elk County",1,23,314,166,148
050,42,047,"Pennsylvania","Elk County",1,24,311,162,149
050,42,047,"Pennsylvania","Elk County",1,25,330,179,151
050,42,047,"Pennsylvania","Elk County",1,26,358,185,173
050,42,047,"Pennsylvania","Elk County",1,27,316,162,154
050,42,047,"Pennsylvania","Elk County",1,28,304,151,153
050,42,047,"Pennsylvania","Elk County",1,29,287,148,139
050,42,047,"Pennsylvania","Elk County",1,30,279,155,124
050,42,047,"Pennsylvania","Elk County",1,31,276,154,122
050,42,047,"Pennsylvania","Elk County",1,32,293,158,135
050,42,047,"Pennsylvania","Elk County",1,33,295,155,140
050,42,047,"Pennsylvania","Elk County",1,34,344,187,157
050,42,047,"Pennsylvania","Elk County",1,35,331,179,152
050,42,047,"Pennsylvania","Elk County",1,36,322,168,154
050,42,047,"Pennsylvania","Elk County",1,37,326,165,161
050,42,047,"Pennsylvania","Elk County",1,38,313,162,151
050,42,047,"Pennsylvania","Elk County",1,39,332,173,159
050,42,047,"Pennsylvania","Elk County",1,40,344,189,155
050,42,047,"Pennsylvania","Elk County",1,41,305,150,155
050,42,047,"Pennsylvania","Elk County",1,42,318,153,165
050,42,047,"Pennsylvania","Elk County",1,43,298,141,157
050,42,047,"Pennsylvania","Elk County",1,44,299,147,152
050,42,047,"Pennsylvania","Elk County",1,45,323,148,175
050,42,047,"Pennsylvania","Elk County",1,46,345,175,170
050,42,047,"Pennsylvania","Elk County",1,47,388,199,189
050,42,047,"Pennsylvania","Elk County",1,48,413,211,202
050,42,047,"Pennsylvania","Elk County",1,49,456,244,212
050,42,047,"Pennsylvania","Elk County",1,50,468,245,223
050,42,047,"Pennsylvania","Elk County",1,51,496,257,239
050,42,047,"Pennsylvania","Elk County",1,52,463,235,228
050,42,047,"Pennsylvania","Elk County",1,53,478,242,236
050,42,047,"Pennsylvania","Elk County",1,54,514,264,250
050,42,047,"Pennsylvania","Elk County",1,55,515,256,259
050,42,047,"Pennsylvania","Elk County",1,56,510,261,249
050,42,047,"Pennsylvania","Elk County",1,57,526,274,252
050,42,047,"Pennsylvania","Elk County",1,58,540,286,254
050,42,047,"Pennsylvania","Elk County",1,59,551,284,267
050,42,047,"Pennsylvania","Elk County",1,60,525,284,241
050,42,047,"Pennsylvania","Elk County",1,61,541,297,244
050,42,047,"Pennsylvania","Elk County",1,62,546,298,248
050,42,047,"Pennsylvania","Elk County",1,63,546,287,259
050,42,047,"Pennsylvania","Elk County",1,64,497,246,251
050,42,047,"Pennsylvania","Elk County",1,65,482,250,232
050,42,047,"Pennsylvania","Elk County",1,66,457,235,222
050,42,047,"Pennsylvania","Elk County",1,67,422,209,213
050,42,047,"Pennsylvania","Elk County",1,68,418,217,201
050,42,047,"Pennsylvania","Elk County",1,69,389,198,191
050,42,047,"Pennsylvania","Elk County",1,70,389,194,195
050,42,047,"Pennsylvania","Elk County",1,71,382,196,186
050,42,047,"Pennsylvania","Elk County",1,72,394,198,196
050,42,047,"Pennsylvania","Elk County",1,73,395,188,207
050,42,047,"Pennsylvania","Elk County",1,74,236,118,118
050,42,047,"Pennsylvania","Elk County",1,75,211,95,116
050,42,047,"Pennsylvania","Elk County",1,76,241,115,126
050,42,047,"Pennsylvania","Elk County",1,77,273,128,145
050,42,047,"Pennsylvania","Elk County",1,78,231,102,129
050,42,047,"Pennsylvania","Elk County",1,79,222,104,118
050,42,047,"Pennsylvania","Elk County",1,80,203,94,109
050,42,047,"Pennsylvania","Elk County",1,81,191,84,107
050,42,047,"Pennsylvania","Elk County",1,82,180,76,104
050,42,047,"Pennsylvania","Elk County",1,83,169,73,96
050,42,047,"Pennsylvania","Elk County",1,84,150,69,81
050,42,047,"Pennsylvania","Elk County",1,85,864,292,572
050,42,047,"Pennsylvania","Elk County",2,0,266,139,127
050,42,047,"Pennsylvania","Elk County",2,1,280,148,132
050,42,047,"Pennsylvania","Elk County",2,2,288,151,137
050,42,047,"Pennsylvania","Elk County",2,3,316,165,151
050,42,047,"Pennsylvania","Elk County",2,4,321,155,166
050,42,047,"Pennsylvania","Elk County",2,5,319,158,161
050,42,047,"Pennsylvania","Elk County",2,6,331,175,156
050,42,047,"Pennsylvania","Elk County",2,7,346,167,179
050,42,047,"Pennsylvania","Elk County",2,8,346,182,164
050,42,047,"Pennsylvania","Elk County",2,9,343,188,155
050,42,047,"Pennsylvania","Elk County",2,10,337,177,160
050,42,047,"Pennsylvania","Elk County",2,11,330,164,166
050,42,047,"Pennsylvania","Elk County",2,12,355,176,179
050,42,047,"Pennsylvania","Elk County",2,13,371,191,180
050,42,047,"Pennsylvania","Elk County",2,14,365,194,171
050,42,047,"Pennsylvania","Elk County",2,15,359,192,167
050,42,047,"Pennsylvania","Elk County",2,16,360,190,170
050,42,047,"Pennsylvania","Elk County",2,17,372,187,185
050,42,047,"Pennsylvania","Elk County",2,18,328,171,157
050,42,047,"Pennsylvania","Elk County",2,19,278,147,131
050,42,047,"Pennsylvania","Elk County",2,20,289,148,141
050,42,047,"Pennsylvania","Elk County",2,21,299,148,151
050,42,047,"Pennsylvania","Elk County",2,22,328,163,165
050,42,047,"Pennsylvania","Elk County",2,23,315,163,152
050,42,047,"Pennsylvania","Elk County",2,24,308,163,145
050,42,047,"Pennsylvania","Elk County",2,25,327,177,150
050,42,047,"Pennsylvania","Elk County",2,26,351,184,167
050,42,047,"Pennsylvania","Elk County",2,27,326,166,160
050,42,047,"Pennsylvania","Elk County",2,28,308,153,155
050,42,047,"Pennsylvania","Elk County",2,29,293,150,143
050,42,047,"Pennsylvania","Elk County",2,30,283,154,129
050,42,047,"Pennsylvania","Elk County",2,31,276,153,123
050,42,047,"Pennsylvania","Elk County",2,32,289,157,132
050,42,047,"Pennsylvania","Elk County",2,33,297,157,140
050,42,047,"Pennsylvania","Elk County",2,34,332,178,154
050,42,047,"Pennsylvania","Elk County",2,35,335,181,154
050,42,047,"Pennsylvania","Elk County",2,36,323,171,152
050,42,047,"Pennsylvania","Elk County",2,37,325,166,159
050,42,047,"Pennsylvania","Elk County",2,38,317,164,153
050,42,047,"Pennsylvania","Elk County",2,39,328,171,157
050,42,047,"Pennsylvania","Elk County",2,40,345,187,158
050,42,047,"Pennsylvania","Elk County",2,41,316,160,156
050,42,047,"Pennsylvania","Elk County",2,42,313,153,160
050,42,047,"Pennsylvania","Elk County",2,43,303,144,159
050,42,047,"Pennsylvania","Elk County",2,44,294,143,151
050,42,047,"Pennsylvania","Elk County",2,45,318,149,169
050,42,047,"Pennsylvania","Elk County",2,46,341,168,173
050,42,047,"Pennsylvania","Elk County",2,47,376,192,184
050,42,047,"Pennsylvania","Elk County",2,48,408,209,199
050,42,047,"Pennsylvania","Elk County",2,49,446,237,209
050,42,047,"Pennsylvania","Elk County",2,50,466,245,221
050,42,047,"Pennsylvania","Elk County",2,51,487,253,234
050,42,047,"Pennsylvania","Elk County",2,52,467,237,230
050,42,047,"Pennsylvania","Elk County",2,53,474,240,234
050,42,047,"Pennsylvania","Elk County",2,54,504,259,245
050,42,047,"Pennsylvania","Elk County",2,55,515,258,257
050,42,047,"Pennsylvania","Elk County",2,56,511,260,251
050,42,047,"Pennsylvania","Elk County",2,57,521,269,252
050,42,047,"Pennsylvania","Elk County",2,58,533,281,252
050,42,047,"Pennsylvania","Elk County",2,59,546,284,262
050,42,047,"Pennsylvania","Elk County",2,60,528,283,245
050,42,047,"Pennsylvania","Elk County",2,61,536,293,243
050,42,047,"Pennsylvania","Elk County",2,62,545,299,246
050,42,047,"Pennsylvania","Elk County",2,63,549,291,258
050,42,047,"Pennsylvania","Elk County",2,64,504,253,251
050,42,047,"Pennsylvania","Elk County",2,65,485,248,237
050,42,047,"Pennsylvania","Elk County",2,66,462,237,225
050,42,047,"Pennsylvania","Elk County",2,67,427,214,213
050,42,047,"Pennsylvania","Elk County",2,68,412,211,201
050,42,047,"Pennsylvania","Elk County",2,69,398,202,196
050,42,047,"Pennsylvania","Elk County",2,70,386,195,191
050,42,047,"Pennsylvania","Elk County",2,71,383,194,189
050,42,047,"Pennsylvania","Elk County",2,72,383,195,188
050,42,047,"Pennsylvania","Elk County",2,73,413,198,215
050,42,047,"Pennsylvania","Elk County",2,74,255,127,128
050,42,047,"Pennsylvania","Elk County",2,75,215,98,117
050,42,047,"Pennsylvania","Elk County",2,76,233,110,123
050,42,047,"Pennsylvania","Elk County",2,77,268,127,141
050,42,047,"Pennsylvania","Elk County",2,78,235,105,130
050,42,047,"Pennsylvania","Elk County",2,79,218,100,118
050,42,047,"Pennsylvania","Elk County",2,80,208,97,111
050,42,047,"Pennsylvania","Elk County",2,81,192,86,106
050,42,047,"Pennsylvania","Elk County",2,82,178,75,103
050,42,047,"Pennsylvania","Elk County",2,83,172,74,98
050,42,047,"Pennsylvania","Elk County",2,84,153,69,84
050,42,047,"Pennsylvania","Elk County",2,85,864,299,565
050,42,047,"Pennsylvania","Elk County",3,0,245,141,104
050,42,047,"Pennsylvania","Elk County",3,1,277,144,133
050,42,047,"Pennsylvania","Elk County",3,2,288,153,135
050,42,047,"Pennsylvania","Elk County",3,3,298,152,146
050,42,047,"Pennsylvania","Elk County",3,4,325,170,155
050,42,047,"Pennsylvania","Elk County",3,5,327,157,170
050,42,047,"Pennsylvania","Elk County",3,6,322,158,164
050,42,047,"Pennsylvania","Elk County",3,7,331,174,157
050,42,047,"Pennsylvania","Elk County",3,8,346,168,178
050,42,047,"Pennsylvania","Elk County",3,9,345,182,163
050,42,047,"Pennsylvania","Elk County",3,10,344,189,155
050,42,047,"Pennsylvania","Elk County",3,11,340,175,165
050,42,047,"Pennsylvania","Elk County",3,12,330,164,166
050,42,047,"Pennsylvania","Elk County",3,13,354,177,177
050,42,047,"Pennsylvania","Elk County",3,14,373,192,181
050,42,047,"Pennsylvania","Elk County",3,15,372,195,177
050,42,047,"Pennsylvania","Elk County",3,16,363,189,174
050,42,047,"Pennsylvania","Elk County",3,17,364,193,171
050,42,047,"Pennsylvania","Elk County",3,18,315,167,148
050,42,047,"Pennsylvania","Elk County",3,19,265,136,129
050,42,047,"Pennsylvania","Elk County",3,20,301,156,145
050,42,047,"Pennsylvania","Elk County",3,21,315,160,155
050,42,047,"Pennsylvania","Elk County",3,22,322,161,161
050,42,047,"Pennsylvania","Elk County",3,23,330,165,165
050,42,047,"Pennsylvania","Elk County",3,24,302,162,140
050,42,047,"Pennsylvania","Elk County",3,25,300,172,128
050,42,047,"Pennsylvania","Elk County",3,26,328,175,153
050,42,047,"Pennsylvania","Elk County",3,27,351,185,166
050,42,047,"Pennsylvania","Elk County",3,28,323,167,156
050,42,047,"Pennsylvania","Elk County",3,29,313,162,151
050,42,047,"Pennsylvania","Elk County",3,30,309,158,151
050,42,047,"Pennsylvania","Elk County",3,31,280,145,135
050,42,047,"Pennsylvania","Elk County",3,32,280,160,120
050,42,047,"Pennsylvania","Elk County",3,33,290,152,138
050,42,047,"Pennsylvania","Elk County",3,34,305,160,145
050,42,047,"Pennsylvania","Elk County",3,35,334,177,157
050,42,047,"Pennsylvania","Elk County",3,36,337,185,152
050,42,047,"Pennsylvania","Elk County",3,37,322,167,155
050,42,047,"Pennsylvania","Elk County",3,38,326,167,159
050,42,047,"Pennsylvania","Elk County",3,39,320,164,156
050,42,047,"Pennsylvania","Elk County",3,40,321,170,151
050,42,047,"Pennsylvania","Elk County",3,41,347,189,158
050,42,047,"Pennsylvania","Elk County",3,42,310,155,155
050,42,047,"Pennsylvania","Elk County",3,43,303,151,152
050,42,047,"Pennsylvania","Elk County",3,44,307,146,161
050,42,047,"Pennsylvania","Elk County",3,45,298,144,154
050,42,047,"Pennsylvania","Elk County",3,46,319,151,168
050,42,047,"Pennsylvania","Elk County",3,47,344,170,174
050,42,047,"Pennsylvania","Elk County",3,48,378,191,187
050,42,047,"Pennsylvania","Elk County",3,49,407,211,196
050,42,047,"Pennsylvania","Elk County",3,50,440,233,207
050,42,047,"Pennsylvania","Elk County",3,51,462,243,219
050,42,047,"Pennsylvania","Elk County",3,52,477,245,232
050,42,047,"Pennsylvania","Elk County",3,53,470,240,230
050,42,047,"Pennsylvania","Elk County",3,54,470,236,234
050,42,047,"Pennsylvania","Elk County",3,55,501,259,242
050,42,047,"Pennsylvania","Elk County",3,56,515,254,261
050,42,047,"Pennsylvania","Elk County",3,57,506,253,253
050,42,047,"Pennsylvania","Elk County",3,58,516,267,249
050,42,047,"Pennsylvania","Elk County",3,59,534,277,257
050,42,047,"Pennsylvania","Elk County",3,60,536,281,255
050,42,047,"Pennsylvania","Elk County",3,61,525,286,239
050,42,047,"Pennsylvania","Elk County",3,62,517,279,238
050,42,047,"Pennsylvania","Elk County",3,63,535,292,243
050,42,047,"Pennsylvania","Elk County",3,64,550,289,261
050,42,047,"Pennsylvania","Elk County",3,65,498,250,248
050,42,047,"Pennsylvania","Elk County",3,66,479,247,232
050,42,047,"Pennsylvania","Elk County",3,67,448,231,217
050,42,047,"Pennsylvania","Elk County",3,68,417,207,210
050,42,047,"Pennsylvania","Elk County",3,69,408,210,198
050,42,047,"Pennsylvania","Elk County",3,70,396,202,194
050,42,047,"Pennsylvania","Elk County",3,71,378,192,186
050,42,047,"Pennsylvania","Elk County",3,72,374,190,184
050,42,047,"Pennsylvania","Elk County",3,73,367,185,182
050,42,047,"Pennsylvania","Elk County",3,74,398,195,203
050,42,047,"Pennsylvania","Elk County",3,75,244,118,126
050,42,047,"Pennsylvania","Elk County",3,76,213,94,119
050,42,047,"Pennsylvania","Elk County",3,77,219,103,116
050,42,047,"Pennsylvania","Elk County",3,78,258,119,139
050,42,047,"Pennsylvania","Elk County",3,79,224,103,121
050,42,047,"Pennsylvania","Elk County",3,80,215,102,113
050,42,047,"Pennsylvania","Elk County",3,81,203,93,110
050,42,047,"Pennsylvania","Elk County",3,82,175,79,96
050,42,047,"Pennsylvania","Elk County",3,83,165,71,94
050,42,047,"Pennsylvania","Elk County",3,84,151,58,93
050,42,047,"Pennsylvania","Elk County",3,85,866,313,553
050,42,047,"Pennsylvania","Elk County",4,0,258,139,119
050,42,047,"Pennsylvania","Elk County",4,1,252,145,107
050,42,047,"Pennsylvania","Elk County",4,2,287,151,136
050,42,047,"Pennsylvania","Elk County",4,3,292,154,138
050,42,047,"Pennsylvania","Elk County",4,4,295,150,145
050,42,047,"Pennsylvania","Elk County",4,5,329,177,152
050,42,047,"Pennsylvania","Elk County",4,6,333,165,168
050,42,047,"Pennsylvania","Elk County",4,7,319,158,161
050,42,047,"Pennsylvania","Elk County",4,8,339,182,157
050,42,047,"Pennsylvania","Elk County",4,9,348,171,177
050,42,047,"Pennsylvania","Elk County",4,10,338,179,159
050,42,047,"Pennsylvania","Elk County",4,11,347,191,156
050,42,047,"Pennsylvania","Elk County",4,12,343,179,164
050,42,047,"Pennsylvania","Elk County",4,13,327,164,163
050,42,047,"Pennsylvania","Elk County",4,14,349,173,176
050,42,047,"Pennsylvania","Elk County",4,15,378,193,185
050,42,047,"Pennsylvania","Elk County",4,16,374,194,180
050,42,047,"Pennsylvania","Elk County",4,17,358,187,171
050,42,047,"Pennsylvania","Elk County",4,18,301,166,135
050,42,047,"Pennsylvania","Elk County",4,19,244,132,112
050,42,047,"Pennsylvania","Elk County",4,20,274,144,130
050,42,047,"Pennsylvania","Elk County",4,21,308,160,148
050,42,047,"Pennsylvania","Elk County",4,22,338,170,168
050,42,047,"Pennsylvania","Elk County",4,23,317,167,150
050,42,047,"Pennsylvania","Elk County",4,24,300,159,141
050,42,047,"Pennsylvania","Elk County",4,25,290,159,131
050,42,047,"Pennsylvania","Elk County",4,26,305,172,133
050,42,047,"Pennsylvania","Elk County",4,27,320,172,148
050,42,047,"Pennsylvania","Elk County",4,28,352,183,169
050,42,047,"Pennsylvania","Elk County",4,29,321,162,159
050,42,047,"Pennsylvania","Elk County",4,30,317,170,147
050,42,047,"Pennsylvania","Elk County",4,31,312,160,152
050,42,047,"Pennsylvania","Elk County",4,32,280,147,133
050,42,047,"Pennsylvania","Elk County",4,33,285,161,124
050,42,047,"Pennsylvania","Elk County",4,34,287,150,137
050,42,047,"Pennsylvania","Elk County",4,35,302,159,143
050,42,047,"Pennsylvania","Elk County",4,36,334,180,154
050,42,047,"Pennsylvania","Elk County",4,37,340,181,159
050,42,047,"Pennsylvania","Elk County",4,38,328,171,157
050,42,047,"Pennsylvania","Elk County",4,39,330,166,164
050,42,047,"Pennsylvania","Elk County",4,40,316,162,154
050,42,047,"Pennsylvania","Elk County",4,41,325,167,158
050,42,047,"Pennsylvania","Elk County",4,42,347,189,158
050,42,047,"Pennsylvania","Elk County",4,43,309,157,152
050,42,047,"Pennsylvania","Elk County",4,44,305,149,156
050,42,047,"Pennsylvania","Elk County",4,45,302,142,160
050,42,047,"Pennsylvania","Elk County",4,46,297,143,154
050,42,047,"Pennsylvania","Elk County",4,47,320,151,169
050,42,047,"Pennsylvania","Elk County",4,48,344,168,176
050,42,047,"Pennsylvania","Elk County",4,49,374,191,183
050,42,047,"Pennsylvania","Elk County",4,50,402,210,192
050,42,047,"Pennsylvania","Elk County",4,51,428,227,201
050,42,047,"Pennsylvania","Elk County",4,52,453,237,216
050,42,047,"Pennsylvania","Elk County",4,53,469,240,229
050,42,047,"Pennsylvania","Elk County",4,54,468,237,231
050,42,047,"Pennsylvania","Elk County",4,55,470,237,233
050,42,047,"Pennsylvania","Elk County",4,56,498,249,249
050,42,047,"Pennsylvania","Elk County",4,57,511,252,259
050,42,047,"Pennsylvania","Elk County",4,58,501,251,250
050,42,047,"Pennsylvania","Elk County",4,59,512,263,249
050,42,047,"Pennsylvania","Elk County",4,60,526,280,246
050,42,047,"Pennsylvania","Elk County",4,61,529,275,254
050,42,047,"Pennsylvania","Elk County",4,62,523,283,240
050,42,047,"Pennsylvania","Elk County",4,63,510,277,233
050,42,047,"Pennsylvania","Elk County",4,64,530,288,242
050,42,047,"Pennsylvania","Elk County",4,65,538,282,256
050,42,047,"Pennsylvania","Elk County",4,66,492,250,242
050,42,047,"Pennsylvania","Elk County",4,67,471,242,229
050,42,047,"Pennsylvania","Elk County",4,68,436,224,212
050,42,047,"Pennsylvania","Elk County",4,69,406,199,207
050,42,047,"Pennsylvania","Elk County",4,70,406,213,193
050,42,047,"Pennsylvania","Elk County",4,71,390,197,193
050,42,047,"Pennsylvania","Elk County",4,72,368,187,181
050,42,047,"Pennsylvania","Elk County",4,73,350,170,180
050,42,047,"Pennsylvania","Elk County",4,74,349,179,170
050,42,047,"Pennsylvania","Elk County",4,75,382,187,195
050,42,047,"Pennsylvania","Elk County",4,76,242,117,125
050,42,047,"Pennsylvania","Elk County",4,77,199,85,114
050,42,047,"Pennsylvania","Elk County",4,78,209,95,114
050,42,047,"Pennsylvania","Elk County",4,79,240,116,124
050,42,047,"Pennsylvania","Elk County",4,80,215,101,114
050,42,047,"Pennsylvania","Elk County",4,81,210,98,112
050,42,047,"Pennsylvania","Elk County",4,82,189,87,102
050,42,047,"Pennsylvania","Elk County",4,83,157,72,85
050,42,047,"Pennsylvania","Elk County",4,84,150,63,87
050,42,047,"Pennsylvania","Elk County",4,85,848,305,543
050,42,047,"Pennsylvania","Elk County",5,0,258,139,119
050,42,047,"Pennsylvania","Elk County",5,1,259,140,119
050,42,047,"Pennsylvania","Elk County",5,2,255,148,107
050,42,047,"Pennsylvania","Elk County",5,3,292,153,139
050,42,047,"Pennsylvania","Elk County",5,4,295,155,140
050,42,047,"Pennsylvania","Elk County",5,5,296,154,142
050,42,047,"Pennsylvania","Elk County",5,6,326,175,151
050,42,047,"Pennsylvania","Elk County",5,7,335,165,170
050,42,047,"Pennsylvania","Elk County",5,8,319,156,163
050,42,047,"Pennsylvania","Elk County",5,9,340,183,157
050,42,047,"Pennsylvania","Elk County",5,10,345,173,172
050,42,047,"Pennsylvania","Elk County",5,11,351,189,162
050,42,047,"Pennsylvania","Elk County",5,12,343,191,152
050,42,047,"Pennsylvania","Elk County",5,13,340,175,165
050,42,047,"Pennsylvania","Elk County",5,14,322,162,160
050,42,047,"Pennsylvania","Elk County",5,15,351,174,177
050,42,047,"Pennsylvania","Elk County",5,16,369,187,182
050,42,047,"Pennsylvania","Elk County",5,17,366,191,175
050,42,047,"Pennsylvania","Elk County",5,18,297,161,136
050,42,047,"Pennsylvania","Elk County",5,19,236,131,105
050,42,047,"Pennsylvania","Elk County",5,20,261,144,117
050,42,047,"Pennsylvania","Elk County",5,21,297,152,145
050,42,047,"Pennsylvania","Elk County",5,22,332,175,157
050,42,047,"Pennsylvania","Elk County",5,23,343,175,168
050,42,047,"Pennsylvania","Elk County",5,24,283,144,139
050,42,047,"Pennsylvania","Elk County",5,25,280,156,124
050,42,047,"Pennsylvania","Elk County",5,26,285,156,129
050,42,047,"Pennsylvania","Elk County",5,27,289,159,130
050,42,047,"Pennsylvania","Elk County",5,28,325,179,146
050,42,047,"Pennsylvania","Elk County",5,29,346,179,167
050,42,047,"Pennsylvania","Elk County",5,30,325,166,159
050,42,047,"Pennsylvania","Elk County",5,31,313,167,146
050,42,047,"Pennsylvania","Elk County",5,32,309,158,151
050,42,047,"Pennsylvania","Elk County",5,33,285,150,135
050,42,047,"Pennsylvania","Elk County",5,34,288,160,128
050,42,047,"Pennsylvania","Elk County",5,35,288,150,138
050,42,047,"Pennsylvania","Elk County",5,36,301,158,143
050,42,047,"Pennsylvania","Elk County",5,37,330,169,161
050,42,047,"Pennsylvania","Elk County",5,38,344,184,160
050,42,047,"Pennsylvania","Elk County",5,39,336,173,163
050,42,047,"Pennsylvania","Elk County",5,40,333,168,165
050,42,047,"Pennsylvania","Elk County",5,41,314,160,154
050,42,047,"Pennsylvania","Elk County",5,42,332,173,159
050,42,047,"Pennsylvania","Elk County",5,43,340,185,155
050,42,047,"Pennsylvania","Elk County",5,44,315,158,157
050,42,047,"Pennsylvania","Elk County",5,45,288,139,149
050,42,047,"Pennsylvania","Elk County",5,46,305,142,163
050,42,047,"Pennsylvania","Elk County",5,47,300,146,154
050,42,047,"Pennsylvania","Elk County",5,48,327,157,170
050,42,047,"Pennsylvania","Elk County",5,49,351,171,180
050,42,047,"Pennsylvania","Elk County",5,50,366,188,178
050,42,047,"Pennsylvania","Elk County",5,51,399,211,188
050,42,047,"Pennsylvania","Elk County",5,52,423,223,200
050,42,047,"Pennsylvania","Elk County",5,53,458,238,220
050,42,047,"Pennsylvania","Elk County",5,54,464,236,228
050,42,047,"Pennsylvania","Elk County",5,55,470,240,230
050,42,047,"Pennsylvania","Elk County",5,56,469,236,233
050,42,047,"Pennsylvania","Elk County",5,57,491,244,247
050,42,047,"Pennsylvania","Elk County",5,58,507,251,256
050,42,047,"Pennsylvania","Elk County",5,59,495,249,246
050,42,047,"Pennsylvania","Elk County",5,60,508,258,250
050,42,047,"Pennsylvania","Elk County",5,61,532,281,251
050,42,047,"Pennsylvania","Elk County",5,62,521,271,250
050,42,047,"Pennsylvania","Elk County",5,63,513,275,238
050,42,047,"Pennsylvania","Elk County",5,64,506,271,235
050,42,047,"Pennsylvania","Elk County",5,65,522,283,239
050,42,047,"Pennsylvania","Elk County",5,66,535,279,256
050,42,047,"Pennsylvania","Elk County",5,67,484,246,238
050,42,047,"Pennsylvania","Elk County",5,68,461,232,229
050,42,047,"Pennsylvania","Elk County",5,69,430,218,212
050,42,047,"Pennsylvania","Elk County",5,70,404,202,202
050,42,047,"Pennsylvania","Elk County",5,71,402,210,192
050,42,047,"Pennsylvania","Elk County",5,72,379,191,188
050,42,047,"Pennsylvania","Elk County",5,73,346,170,176
050,42,047,"Pennsylvania","Elk County",5,74,337,167,170
050,42,047,"Pennsylvania","Elk County",5,75,341,173,168
050,42,047,"Pennsylvania","Elk County",5,76,378,185,193
050,42,047,"Pennsylvania","Elk County",5,77,227,109,118
050,42,047,"Pennsylvania","Elk County",5,78,188,78,110
050,42,047,"Pennsylvania","Elk County",5,79,190,92,98
050,42,047,"Pennsylvania","Elk County",5,80,230,112,118
050,42,047,"Pennsylvania","Elk County",5,81,207,96,111
050,42,047,"Pennsylvania","Elk County",5,82,194,89,105
050,42,047,"Pennsylvania","Elk County",5,83,173,81,92
050,42,047,"Pennsylvania","Elk County",5,84,142,64,78
050,42,047,"Pennsylvania","Elk County",5,85,846,307,539
050,42,049,"Pennsylvania","Erie County",1,0,2682,1365,1317
050,42,049,"Pennsylvania","Erie County",1,1,2794,1417,1377
050,42,049,"Pennsylvania","Erie County",1,2,2955,1513,1442
050,42,049,"Pennsylvania","Erie County",1,3,3016,1550,1466
050,42,049,"Pennsylvania","Erie County",1,4,3136,1623,1513
050,42,049,"Pennsylvania","Erie County",1,5,3162,1617,1545
050,42,049,"Pennsylvania","Erie County",1,6,3074,1577,1497
050,42,049,"Pennsylvania","Erie County",1,7,3016,1539,1477
050,42,049,"Pennsylvania","Erie County",1,8,3122,1594,1528
050,42,049,"Pennsylvania","Erie County",1,9,3133,1595,1538
050,42,049,"Pennsylvania","Erie County",1,10,3235,1670,1565
050,42,049,"Pennsylvania","Erie County",1,11,3386,1734,1652
050,42,049,"Pennsylvania","Erie County",1,12,3500,1797,1703
050,42,049,"Pennsylvania","Erie County",1,13,3541,1836,1705
050,42,049,"Pennsylvania","Erie County",1,14,3410,1715,1695
050,42,049,"Pennsylvania","Erie County",1,15,3372,1730,1642
050,42,049,"Pennsylvania","Erie County",1,16,3451,1804,1647
050,42,049,"Pennsylvania","Erie County",1,17,3421,1790,1631
050,42,049,"Pennsylvania","Erie County",1,18,3988,2036,1952
050,42,049,"Pennsylvania","Erie County",1,19,4714,2349,2365
050,42,049,"Pennsylvania","Erie County",1,20,3938,2016,1922
050,42,049,"Pennsylvania","Erie County",1,21,3606,1862,1744
050,42,049,"Pennsylvania","Erie County",1,22,3414,1766,1648
050,42,049,"Pennsylvania","Erie County",1,23,3263,1692,1571
050,42,049,"Pennsylvania","Erie County",1,24,3209,1678,1531
050,42,049,"Pennsylvania","Erie County",1,25,3306,1720,1586
050,42,049,"Pennsylvania","Erie County",1,26,3338,1740,1598
050,42,049,"Pennsylvania","Erie County",1,27,3388,1761,1627
050,42,049,"Pennsylvania","Erie County",1,28,3351,1693,1658
050,42,049,"Pennsylvania","Erie County",1,29,3555,1801,1754
050,42,049,"Pennsylvania","Erie County",1,30,3755,1863,1892
050,42,049,"Pennsylvania","Erie County",1,31,3711,1911,1800
050,42,049,"Pennsylvania","Erie County",1,32,3612,1849,1763
050,42,049,"Pennsylvania","Erie County",1,33,3455,1753,1702
050,42,049,"Pennsylvania","Erie County",1,34,3319,1662,1657
050,42,049,"Pennsylvania","Erie County",1,35,3247,1610,1637
050,42,049,"Pennsylvania","Erie County",1,36,3329,1688,1641
050,42,049,"Pennsylvania","Erie County",1,37,3319,1697,1622
050,42,049,"Pennsylvania","Erie County",1,38,3298,1703,1595
050,42,049,"Pennsylvania","Erie County",1,39,3241,1638,1603
050,42,049,"Pennsylvania","Erie County",1,40,3148,1597,1551
050,42,049,"Pennsylvania","Erie County",1,41,3103,1574,1529
050,42,049,"Pennsylvania","Erie County",1,42,3032,1531,1501
050,42,049,"Pennsylvania","Erie County",1,43,2896,1438,1458
050,42,049,"Pennsylvania","Erie County",1,44,2805,1407,1398
050,42,049,"Pennsylvania","Erie County",1,45,2917,1463,1454
050,42,049,"Pennsylvania","Erie County",1,46,2922,1455,1467
050,42,049,"Pennsylvania","Erie County",1,47,3025,1525,1500
050,42,049,"Pennsylvania","Erie County",1,48,3255,1671,1584
050,42,049,"Pennsylvania","Erie County",1,49,3540,1767,1773
050,42,049,"Pennsylvania","Erie County",1,50,3408,1690,1718
050,42,049,"Pennsylvania","Erie County",1,51,3484,1756,1728
050,42,049,"Pennsylvania","Erie County",1,52,3355,1685,1670
050,42,049,"Pennsylvania","Erie County",1,53,3335,1689,1646
050,42,049,"Pennsylvania","Erie County",1,54,3383,1714,1669
050,42,049,"Pennsylvania","Erie County",1,55,3548,1736,1812
050,42,049,"Pennsylvania","Erie County",1,56,3646,1782,1864
050,42,049,"Pennsylvania","Erie County",1,57,3750,1873,1877
050,42,049,"Pennsylvania","Erie County",1,58,3802,1905,1897
050,42,049,"Pennsylvania","Erie County",1,59,3790,1906,1884
050,42,049,"Pennsylvania","Erie County",1,60,3904,1939,1965
050,42,049,"Pennsylvania","Erie County",1,61,4041,1977,2064
050,42,049,"Pennsylvania","Erie County",1,62,4079,2040,2039
050,42,049,"Pennsylvania","Erie County",1,63,3859,1928,1931
050,42,049,"Pennsylvania","Erie County",1,64,3703,1832,1871
050,42,049,"Pennsylvania","Erie County",1,65,3700,1793,1907
050,42,049,"Pennsylvania","Erie County",1,66,3632,1755,1877
050,42,049,"Pennsylvania","Erie County",1,67,3528,1732,1796
050,42,049,"Pennsylvania","Erie County",1,68,3419,1663,1756
050,42,049,"Pennsylvania","Erie County",1,69,3076,1465,1611
050,42,049,"Pennsylvania","Erie County",1,70,2881,1359,1522
050,42,049,"Pennsylvania","Erie County",1,71,2721,1280,1441
050,42,049,"Pennsylvania","Erie County",1,72,2745,1319,1426
050,42,049,"Pennsylvania","Erie County",1,73,2665,1314,1351
050,42,049,"Pennsylvania","Erie County",1,74,1807,847,960
050,42,049,"Pennsylvania","Erie County",1,75,1808,847,961
050,42,049,"Pennsylvania","Erie County",1,76,1811,821,990
050,42,049,"Pennsylvania","Erie County",1,77,1851,836,1015
050,42,049,"Pennsylvania","Erie County",1,78,1596,721,875
050,42,049,"Pennsylvania","Erie County",1,79,1411,612,799
050,42,049,"Pennsylvania","Erie County",1,80,1272,541,731
050,42,049,"Pennsylvania","Erie County",1,81,1229,527,702
050,42,049,"Pennsylvania","Erie County",1,82,1153,498,655
050,42,049,"Pennsylvania","Erie County",1,83,954,391,563
050,42,049,"Pennsylvania","Erie County",1,84,953,383,570
050,42,049,"Pennsylvania","Erie County",1,85,6188,2122,4066
050,42,049,"Pennsylvania","Erie County",2,0,2656,1378,1278
050,42,049,"Pennsylvania","Erie County",2,1,2767,1402,1365
050,42,049,"Pennsylvania","Erie County",2,2,2915,1491,1424
050,42,049,"Pennsylvania","Erie County",2,3,2988,1534,1454
050,42,049,"Pennsylvania","Erie County",2,4,3112,1608,1504
050,42,049,"Pennsylvania","Erie County",2,5,3149,1613,1536
050,42,049,"Pennsylvania","Erie County",2,6,3095,1589,1506
050,42,049,"Pennsylvania","Erie County",2,7,3027,1546,1481
050,42,049,"Pennsylvania","Erie County",2,8,3089,1578,1511
050,42,049,"Pennsylvania","Erie County",2,9,3130,1595,1535
050,42,049,"Pennsylvania","Erie County",2,10,3209,1651,1558
050,42,049,"Pennsylvania","Erie County",2,11,3339,1713,1626
050,42,049,"Pennsylvania","Erie County",2,12,3485,1790,1695
050,42,049,"Pennsylvania","Erie County",2,13,3523,1825,1698
050,42,049,"Pennsylvania","Erie County",2,14,3438,1744,1694
050,42,049,"Pennsylvania","Erie County",2,15,3391,1729,1662
050,42,049,"Pennsylvania","Erie County",2,16,3445,1793,1652
050,42,049,"Pennsylvania","Erie County",2,17,3425,1789,1636
050,42,049,"Pennsylvania","Erie County",2,18,3959,2018,1941
050,42,049,"Pennsylvania","Erie County",2,19,4697,2338,2359
050,42,049,"Pennsylvania","Erie County",2,20,3981,2036,1945
050,42,049,"Pennsylvania","Erie County",2,21,3608,1859,1749
050,42,049,"Pennsylvania","Erie County",2,22,3417,1758,1659
050,42,049,"Pennsylvania","Erie County",2,23,3268,1698,1570
050,42,049,"Pennsylvania","Erie County",2,24,3224,1691,1533
050,42,049,"Pennsylvania","Erie County",2,25,3278,1706,1572
050,42,049,"Pennsylvania","Erie County",2,26,3332,1736,1596
050,42,049,"Pennsylvania","Erie County",2,27,3357,1747,1610
050,42,049,"Pennsylvania","Erie County",2,28,3355,1712,1643
050,42,049,"Pennsylvania","Erie County",2,29,3506,1779,1727
050,42,049,"Pennsylvania","Erie County",2,30,3716,1849,1867
050,42,049,"Pennsylvania","Erie County",2,31,3710,1898,1812
050,42,049,"Pennsylvania","Erie County",2,32,3613,1844,1769
050,42,049,"Pennsylvania","Erie County",2,33,3487,1775,1712
050,42,049,"Pennsylvania","Erie County",2,34,3344,1678,1666
050,42,049,"Pennsylvania","Erie County",2,35,3280,1627,1653
050,42,049,"Pennsylvania","Erie County",2,36,3289,1659,1630
050,42,049,"Pennsylvania","Erie County",2,37,3325,1698,1627
050,42,049,"Pennsylvania","Erie County",2,38,3311,1706,1605
050,42,049,"Pennsylvania","Erie County",2,39,3241,1647,1594
050,42,049,"Pennsylvania","Erie County",2,40,3185,1612,1573
050,42,049,"Pennsylvania","Erie County",2,41,3112,1577,1535
050,42,049,"Pennsylvania","Erie County",2,42,3038,1535,1503
050,42,049,"Pennsylvania","Erie County",2,43,2945,1472,1473
050,42,049,"Pennsylvania","Erie County",2,44,2798,1403,1395
050,42,049,"Pennsylvania","Erie County",2,45,2910,1459,1451
050,42,049,"Pennsylvania","Erie County",2,46,2903,1447,1456
050,42,049,"Pennsylvania","Erie County",2,47,2982,1498,1484
050,42,049,"Pennsylvania","Erie County",2,48,3202,1640,1562
050,42,049,"Pennsylvania","Erie County",2,49,3476,1743,1733
050,42,049,"Pennsylvania","Erie County",2,50,3439,1711,1728
050,42,049,"Pennsylvania","Erie County",2,51,3446,1732,1714
050,42,049,"Pennsylvania","Erie County",2,52,3367,1694,1673
050,42,049,"Pennsylvania","Erie County",2,53,3341,1692,1649
050,42,049,"Pennsylvania","Erie County",2,54,3348,1692,1656
050,42,049,"Pennsylvania","Erie County",2,55,3498,1723,1775
050,42,049,"Pennsylvania","Erie County",2,56,3621,1763,1858
050,42,049,"Pennsylvania","Erie County",2,57,3731,1857,1874
050,42,049,"Pennsylvania","Erie County",2,58,3773,1884,1889
050,42,049,"Pennsylvania","Erie County",2,59,3797,1909,1888
050,42,049,"Pennsylvania","Erie County",2,60,3862,1924,1938
050,42,049,"Pennsylvania","Erie County",2,61,3983,1954,2029
050,42,049,"Pennsylvania","Erie County",2,62,4051,2012,2039
050,42,049,"Pennsylvania","Erie County",2,63,3934,1967,1967
050,42,049,"Pennsylvania","Erie County",2,64,3696,1833,1863
050,42,049,"Pennsylvania","Erie County",2,65,3682,1788,1894
050,42,049,"Pennsylvania","Erie County",2,66,3638,1756,1882
050,42,049,"Pennsylvania","Erie County",2,67,3523,1721,1802
050,42,049,"Pennsylvania","Erie County",2,68,3411,1663,1748
050,42,049,"Pennsylvania","Erie County",2,69,3169,1515,1654
050,42,049,"Pennsylvania","Erie County",2,70,2902,1365,1537
050,42,049,"Pennsylvania","Erie County",2,71,2749,1297,1452
050,42,049,"Pennsylvania","Erie County",2,72,2680,1280,1400
050,42,049,"Pennsylvania","Erie County",2,73,2811,1376,1435
050,42,049,"Pennsylvania","Erie County",2,74,1880,897,983
050,42,049,"Pennsylvania","Erie County",2,75,1803,846,957
050,42,049,"Pennsylvania","Erie County",2,76,1776,808,968
050,42,049,"Pennsylvania","Erie County",2,77,1871,852,1019
050,42,049,"Pennsylvania","Erie County",2,78,1604,726,878
050,42,049,"Pennsylvania","Erie County",2,79,1425,617,808
050,42,049,"Pennsylvania","Erie County",2,80,1287,548,739
050,42,049,"Pennsylvania","Erie County",2,81,1215,521,694
050,42,049,"Pennsylvania","Erie County",2,82,1161,493,668
050,42,049,"Pennsylvania","Erie County",2,83,983,405,578
050,42,049,"Pennsylvania","Erie County",2,84,925,369,556
050,42,049,"Pennsylvania","Erie County",2,85,6164,2112,4052
050,42,049,"Pennsylvania","Erie County",3,0,2610,1337,1273
050,42,049,"Pennsylvania","Erie County",3,1,2682,1387,1295
050,42,049,"Pennsylvania","Erie County",3,2,2770,1399,1371
050,42,049,"Pennsylvania","Erie County",3,3,2899,1495,1404
050,42,049,"Pennsylvania","Erie County",3,4,3020,1564,1456
050,42,049,"Pennsylvania","Erie County",3,5,3153,1621,1532
050,42,049,"Pennsylvania","Erie County",3,6,3111,1597,1514
050,42,049,"Pennsylvania","Erie County",3,7,3089,1586,1503
050,42,049,"Pennsylvania","Erie County",3,8,3021,1532,1489
050,42,049,"Pennsylvania","Erie County",3,9,3048,1556,1492
050,42,049,"Pennsylvania","Erie County",3,10,3108,1577,1531
050,42,049,"Pennsylvania","Erie County",3,11,3219,1663,1556
050,42,049,"Pennsylvania","Erie County",3,12,3304,1694,1610
050,42,049,"Pennsylvania","Erie County",3,13,3465,1770,1695
050,42,049,"Pennsylvania","Erie County",3,14,3522,1822,1700
050,42,049,"Pennsylvania","Erie County",3,15,3402,1719,1683
050,42,049,"Pennsylvania","Erie County",3,16,3410,1734,1676
050,42,049,"Pennsylvania","Erie County",3,17,3426,1777,1649
050,42,049,"Pennsylvania","Erie County",3,18,3927,2013,1914
050,42,049,"Pennsylvania","Erie County",3,19,4586,2287,2299
050,42,049,"Pennsylvania","Erie County",3,20,3963,2027,1936
050,42,049,"Pennsylvania","Erie County",3,21,3634,1866,1768
050,42,049,"Pennsylvania","Erie County",3,22,3461,1778,1683
050,42,049,"Pennsylvania","Erie County",3,23,3320,1735,1585
050,42,049,"Pennsylvania","Erie County",3,24,3309,1741,1568
050,42,049,"Pennsylvania","Erie County",3,25,3254,1698,1556
050,42,049,"Pennsylvania","Erie County",3,26,3229,1700,1529
050,42,049,"Pennsylvania","Erie County",3,27,3259,1691,1568
050,42,049,"Pennsylvania","Erie County",3,28,3351,1747,1604
050,42,049,"Pennsylvania","Erie County",3,29,3306,1697,1609
050,42,049,"Pennsylvania","Erie County",3,30,3511,1782,1729
050,42,049,"Pennsylvania","Erie County",3,31,3730,1867,1863
050,42,049,"Pennsylvania","Erie County",3,32,3658,1861,1797
050,42,049,"Pennsylvania","Erie County",3,33,3599,1844,1755
050,42,049,"Pennsylvania","Erie County",3,34,3466,1775,1691
050,42,049,"Pennsylvania","Erie County",3,35,3322,1649,1673
050,42,049,"Pennsylvania","Erie County",3,36,3321,1638,1683
050,42,049,"Pennsylvania","Erie County",3,37,3297,1680,1617
050,42,049,"Pennsylvania","Erie County",3,38,3341,1711,1630
050,42,049,"Pennsylvania","Erie County",3,39,3287,1689,1598
050,42,049,"Pennsylvania","Erie County",3,40,3215,1617,1598
050,42,049,"Pennsylvania","Erie County",3,41,3208,1641,1567
050,42,049,"Pennsylvania","Erie County",3,42,3090,1570,1520
050,42,049,"Pennsylvania","Erie County",3,43,3021,1524,1497
050,42,049,"Pennsylvania","Erie County",3,44,2934,1486,1448
050,42,049,"Pennsylvania","Erie County",3,45,2808,1405,1403
050,42,049,"Pennsylvania","Erie County",3,46,2889,1445,1444
050,42,049,"Pennsylvania","Erie County",3,47,2871,1431,1440
050,42,049,"Pennsylvania","Erie County",3,48,2950,1487,1463
050,42,049,"Pennsylvania","Erie County",3,49,3173,1614,1559
050,42,049,"Pennsylvania","Erie County",3,50,3460,1752,1708
050,42,049,"Pennsylvania","Erie County",3,51,3423,1715,1708
050,42,049,"Pennsylvania","Erie County",3,52,3425,1707,1718
050,42,049,"Pennsylvania","Erie County",3,53,3352,1699,1653
050,42,049,"Pennsylvania","Erie County",3,54,3286,1638,1648
050,42,049,"Pennsylvania","Erie County",3,55,3336,1691,1645
050,42,049,"Pennsylvania","Erie County",3,56,3445,1681,1764
050,42,049,"Pennsylvania","Erie County",3,57,3599,1758,1841
050,42,049,"Pennsylvania","Erie County",3,58,3707,1840,1867
050,42,049,"Pennsylvania","Erie County",3,59,3705,1843,1862
050,42,049,"Pennsylvania","Erie County",3,60,3747,1876,1871
050,42,049,"Pennsylvania","Erie County",3,61,3826,1900,1926
050,42,049,"Pennsylvania","Erie County",3,62,3919,1927,1992
050,42,049,"Pennsylvania","Erie County",3,63,3995,1981,2014
050,42,049,"Pennsylvania","Erie County",3,64,3858,1919,1939
050,42,049,"Pennsylvania","Erie County",3,65,3607,1781,1826
050,42,049,"Pennsylvania","Erie County",3,66,3609,1744,1865
050,42,049,"Pennsylvania","Erie County",3,67,3560,1711,1849
050,42,049,"Pennsylvania","Erie County",3,68,3467,1686,1781
050,42,049,"Pennsylvania","Erie County",3,69,3341,1620,1721
050,42,049,"Pennsylvania","Erie County",3,70,3109,1471,1638
050,42,049,"Pennsylvania","Erie County",3,71,2822,1324,1498
050,42,049,"Pennsylvania","Erie County",3,72,2674,1252,1422
050,42,049,"Pennsylvania","Erie County",3,73,2595,1223,1372
050,42,049,"Pennsylvania","Erie County",3,74,2716,1326,1390
050,42,049,"Pennsylvania","Erie County",3,75,1814,869,945
050,42,049,"Pennsylvania","Erie County",3,76,1716,794,922
050,42,049,"Pennsylvania","Erie County",3,77,1709,778,931
050,42,049,"Pennsylvania","Erie County",3,78,1800,818,982
050,42,049,"Pennsylvania","Erie County",3,79,1533,678,855
050,42,049,"Pennsylvania","Erie County",3,80,1310,554,756
050,42,049,"Pennsylvania","Erie County",3,81,1226,526,700
050,42,049,"Pennsylvania","Erie County",3,82,1112,459,653
050,42,049,"Pennsylvania","Erie County",3,83,1082,455,627
050,42,049,"Pennsylvania","Erie County",3,84,907,371,536
050,42,049,"Pennsylvania","Erie County",3,85,5916,2018,3898
050,42,049,"Pennsylvania","Erie County",4,0,2752,1409,1343
050,42,049,"Pennsylvania","Erie County",4,1,2634,1330,1304
050,42,049,"Pennsylvania","Erie County",4,2,2711,1397,1314
050,42,049,"Pennsylvania","Erie County",4,3,2820,1430,1390
050,42,049,"Pennsylvania","Erie County",4,4,2889,1494,1395
050,42,049,"Pennsylvania","Erie County",4,5,3022,1567,1455
050,42,049,"Pennsylvania","Erie County",4,6,3139,1613,1526
050,42,049,"Pennsylvania","Erie County",4,7,3133,1615,1518
050,42,049,"Pennsylvania","Erie County",4,8,3093,1585,1508
050,42,049,"Pennsylvania","Erie County",4,9,2992,1518,1474
050,42,049,"Pennsylvania","Erie County",4,10,3030,1553,1477
050,42,049,"Pennsylvania","Erie County",4,11,3143,1599,1544
050,42,049,"Pennsylvania","Erie County",4,12,3206,1654,1552
050,42,049,"Pennsylvania","Erie County",4,13,3310,1694,1616
050,42,049,"Pennsylvania","Erie County",4,14,3444,1750,1694
050,42,049,"Pennsylvania","Erie County",4,15,3498,1821,1677
050,42,049,"Pennsylvania","Erie County",4,16,3448,1746,1702
050,42,049,"Pennsylvania","Erie County",4,17,3399,1736,1663
050,42,049,"Pennsylvania","Erie County",4,18,4097,2077,2020
050,42,049,"Pennsylvania","Erie County",4,19,4975,2481,2494
050,42,049,"Pennsylvania","Erie County",4,20,4124,2095,2029
050,42,049,"Pennsylvania","Erie County",4,21,3783,1943,1840
050,42,049,"Pennsylvania","Erie County",4,22,3576,1811,1765
050,42,049,"Pennsylvania","Erie County",4,23,3344,1748,1596
050,42,049,"Pennsylvania","Erie County",4,24,3277,1718,1559
050,42,049,"Pennsylvania","Erie County",4,25,3256,1686,1570
050,42,049,"Pennsylvania","Erie County",4,26,3189,1636,1553
050,42,049,"Pennsylvania","Erie County",4,27,3163,1643,1520
050,42,049,"Pennsylvania","Erie County",4,28,3237,1675,1562
050,42,049,"Pennsylvania","Erie County",4,29,3292,1722,1570
050,42,049,"Pennsylvania","Erie County",4,30,3271,1678,1593
050,42,049,"Pennsylvania","Erie County",4,31,3526,1792,1734
050,42,049,"Pennsylvania","Erie County",4,32,3697,1840,1857
050,42,049,"Pennsylvania","Erie County",4,33,3664,1873,1791
050,42,049,"Pennsylvania","Erie County",4,34,3570,1818,1752
050,42,049,"Pennsylvania","Erie County",4,35,3428,1755,1673
050,42,049,"Pennsylvania","Erie County",4,36,3324,1660,1664
050,42,049,"Pennsylvania","Erie County",4,37,3292,1635,1657
050,42,049,"Pennsylvania","Erie County",4,38,3293,1676,1617
050,42,049,"Pennsylvania","Erie County",4,39,3318,1685,1633
050,42,049,"Pennsylvania","Erie County",4,40,3227,1654,1573
050,42,049,"Pennsylvania","Erie County",4,41,3202,1607,1595
050,42,049,"Pennsylvania","Erie County",4,42,3179,1608,1571
050,42,049,"Pennsylvania","Erie County",4,43,3045,1541,1504
050,42,049,"Pennsylvania","Erie County",4,44,3003,1513,1490
050,42,049,"Pennsylvania","Erie County",4,45,2927,1476,1451
050,42,049,"Pennsylvania","Erie County",4,46,2781,1405,1376
050,42,049,"Pennsylvania","Erie County",4,47,2855,1427,1428
050,42,049,"Pennsylvania","Erie County",4,48,2855,1432,1423
050,42,049,"Pennsylvania","Erie County",4,49,2928,1462,1466
050,42,049,"Pennsylvania","Erie County",4,50,3173,1617,1556
050,42,049,"Pennsylvania","Erie County",4,51,3431,1742,1689
050,42,049,"Pennsylvania","Erie County",4,52,3369,1671,1698
050,42,049,"Pennsylvania","Erie County",4,53,3398,1697,1701
050,42,049,"Pennsylvania","Erie County",4,54,3263,1628,1635
050,42,049,"Pennsylvania","Erie County",4,55,3249,1623,1626
050,42,049,"Pennsylvania","Erie County",4,56,3279,1652,1627
050,42,049,"Pennsylvania","Erie County",4,57,3397,1670,1727
050,42,049,"Pennsylvania","Erie County",4,58,3572,1715,1857
050,42,049,"Pennsylvania","Erie County",4,59,3642,1806,1836
050,42,049,"Pennsylvania","Erie County",4,60,3670,1821,1849
050,42,049,"Pennsylvania","Erie County",4,61,3690,1833,1857
050,42,049,"Pennsylvania","Erie County",4,62,3761,1867,1894
050,42,049,"Pennsylvania","Erie County",4,63,3854,1879,1975
050,42,049,"Pennsylvania","Erie County",4,64,3931,1933,1998
050,42,049,"Pennsylvania","Erie County",4,65,3797,1882,1915
050,42,049,"Pennsylvania","Erie County",4,66,3540,1745,1795
050,42,049,"Pennsylvania","Erie County",4,67,3505,1673,1832
050,42,049,"Pennsylvania","Erie County",4,68,3484,1668,1816
050,42,049,"Pennsylvania","Erie County",4,69,3390,1635,1755
050,42,049,"Pennsylvania","Erie County",4,70,3260,1556,1704
050,42,049,"Pennsylvania","Erie County",4,71,3022,1431,1591
050,42,049,"Pennsylvania","Erie County",4,72,2748,1288,1460
050,42,049,"Pennsylvania","Erie County",4,73,2601,1210,1391
050,42,049,"Pennsylvania","Erie County",4,74,2487,1177,1310
050,42,049,"Pennsylvania","Erie County",4,75,2607,1260,1347
050,42,049,"Pennsylvania","Erie County",4,76,1735,816,919
050,42,049,"Pennsylvania","Erie County",4,77,1655,769,886
050,42,049,"Pennsylvania","Erie County",4,78,1632,742,890
050,42,049,"Pennsylvania","Erie County",4,79,1706,758,948
050,42,049,"Pennsylvania","Erie County",4,80,1422,623,799
050,42,049,"Pennsylvania","Erie County",4,81,1255,528,727
050,42,049,"Pennsylvania","Erie County",4,82,1152,480,672
050,42,049,"Pennsylvania","Erie County",4,83,1038,414,624
050,42,049,"Pennsylvania","Erie County",4,84,1005,411,594
050,42,049,"Pennsylvania","Erie County",4,85,5759,1974,3785
050,42,049,"Pennsylvania","Erie County",5,0,2722,1395,1327
050,42,049,"Pennsylvania","Erie County",5,1,2756,1415,1341
050,42,049,"Pennsylvania","Erie County",5,2,2647,1341,1306
050,42,049,"Pennsylvania","Erie County",5,3,2696,1395,1301
050,42,049,"Pennsylvania","Erie County",5,4,2797,1424,1373
050,42,049,"Pennsylvania","Erie County",5,5,2894,1501,1393
050,42,049,"Pennsylvania","Erie County",5,6,3013,1571,1442
050,42,049,"Pennsylvania","Erie County",5,7,3100,1596,1504
050,42,049,"Pennsylvania","Erie County",5,8,3102,1614,1488
050,42,049,"Pennsylvania","Erie County",5,9,3058,1569,1489
050,42,049,"Pennsylvania","Erie County",5,10,2969,1508,1461
050,42,049,"Pennsylvania","Erie County",5,11,3048,1570,1478
050,42,049,"Pennsylvania","Erie County",5,12,3160,1611,1549
050,42,049,"Pennsylvania","Erie County",5,13,3201,1650,1551
050,42,049,"Pennsylvania","Erie County",5,14,3309,1686,1623
050,42,049,"Pennsylvania","Erie County",5,15,3438,1747,1691
050,42,049,"Pennsylvania","Erie County",5,16,3529,1831,1698
050,42,049,"Pennsylvania","Erie County",5,17,3447,1755,1692
050,42,049,"Pennsylvania","Erie County",5,18,4061,2032,2029
050,42,049,"Pennsylvania","Erie County",5,19,4948,2461,2487
050,42,049,"Pennsylvania","Erie County",5,20,4063,2107,1956
050,42,049,"Pennsylvania","Erie County",5,21,3679,1880,1799
050,42,049,"Pennsylvania","Erie County",5,22,3554,1789,1765
050,42,049,"Pennsylvania","Erie County",5,23,3341,1749,1592
050,42,049,"Pennsylvania","Erie County",5,24,3312,1740,1572
050,42,049,"Pennsylvania","Erie County",5,25,3193,1662,1531
050,42,049,"Pennsylvania","Erie County",5,26,3159,1643,1516
050,42,049,"Pennsylvania","Erie County",5,27,3130,1614,1516
050,42,049,"Pennsylvania","Erie County",5,28,3149,1646,1503
050,42,049,"Pennsylvania","Erie County",5,29,3204,1661,1543
050,42,049,"Pennsylvania","Erie County",5,30,3254,1702,1552
050,42,049,"Pennsylvania","Erie County",5,31,3280,1679,1601
050,42,049,"Pennsylvania","Erie County",5,32,3476,1763,1713
050,42,049,"Pennsylvania","Erie County",5,33,3679,1823,1856
050,42,049,"Pennsylvania","Erie County",5,34,3629,1832,1797
050,42,049,"Pennsylvania","Erie County",5,35,3531,1794,1737
050,42,049,"Pennsylvania","Erie County",5,36,3426,1757,1669
050,42,049,"Pennsylvania","Erie County",5,37,3298,1658,1640
050,42,049,"Pennsylvania","Erie County",5,38,3289,1646,1643
050,42,049,"Pennsylvania","Erie County",5,39,3257,1651,1606
050,42,049,"Pennsylvania","Erie County",5,40,3286,1652,1634
050,42,049,"Pennsylvania","Erie County",5,41,3217,1648,1569
050,42,049,"Pennsylvania","Erie County",5,42,3151,1578,1573
050,42,049,"Pennsylvania","Erie County",5,43,3170,1600,1570
050,42,049,"Pennsylvania","Erie County",5,44,3035,1543,1492
050,42,049,"Pennsylvania","Erie County",5,45,3007,1502,1505
050,42,049,"Pennsylvania","Erie County",5,46,2912,1468,1444
050,42,049,"Pennsylvania","Erie County",5,47,2728,1382,1346
050,42,049,"Pennsylvania","Erie County",5,48,2847,1438,1409
050,42,049,"Pennsylvania","Erie County",5,49,2830,1405,1425
050,42,049,"Pennsylvania","Erie County",5,50,2910,1469,1441
050,42,049,"Pennsylvania","Erie County",5,51,3171,1628,1543
050,42,049,"Pennsylvania","Erie County",5,52,3411,1712,1699
050,42,049,"Pennsylvania","Erie County",5,53,3338,1660,1678
050,42,049,"Pennsylvania","Erie County",5,54,3338,1657,1681
050,42,049,"Pennsylvania","Erie County",5,55,3268,1634,1634
050,42,049,"Pennsylvania","Erie County",5,56,3222,1598,1624
050,42,049,"Pennsylvania","Erie County",5,57,3272,1665,1607
050,42,049,"Pennsylvania","Erie County",5,58,3367,1634,1733
050,42,049,"Pennsylvania","Erie County",5,59,3510,1691,1819
050,42,049,"Pennsylvania","Erie County",5,60,3604,1785,1819
050,42,049,"Pennsylvania","Erie County",5,61,3643,1792,1851
050,42,049,"Pennsylvania","Erie County",5,62,3646,1818,1828
050,42,049,"Pennsylvania","Erie County",5,63,3724,1837,1887
050,42,049,"Pennsylvania","Erie County",5,64,3796,1844,1952
050,42,049,"Pennsylvania","Erie County",5,65,3867,1895,1972
050,42,049,"Pennsylvania","Erie County",5,66,3764,1865,1899
050,42,049,"Pennsylvania","Erie County",5,67,3460,1685,1775
050,42,049,"Pennsylvania","Erie County",5,68,3460,1650,1810
050,42,049,"Pennsylvania","Erie County",5,69,3434,1641,1793
050,42,049,"Pennsylvania","Erie County",5,70,3322,1586,1736
050,42,049,"Pennsylvania","Erie County",5,71,3187,1531,1656
050,42,049,"Pennsylvania","Erie County",5,72,2949,1399,1550
050,42,049,"Pennsylvania","Erie County",5,73,2695,1258,1437
050,42,049,"Pennsylvania","Erie County",5,74,2524,1166,1358
050,42,049,"Pennsylvania","Erie County",5,75,2402,1129,1273
050,42,049,"Pennsylvania","Erie County",5,76,2521,1208,1313
050,42,049,"Pennsylvania","Erie County",5,77,1675,794,881
050,42,049,"Pennsylvania","Erie County",5,78,1582,733,849
050,42,049,"Pennsylvania","Erie County",5,79,1553,693,860
050,42,049,"Pennsylvania","Erie County",5,80,1608,708,900
050,42,049,"Pennsylvania","Erie County",5,81,1359,594,765
050,42,049,"Pennsylvania","Erie County",5,82,1177,484,693
050,42,049,"Pennsylvania","Erie County",5,83,1082,437,645
050,42,049,"Pennsylvania","Erie County",5,84,977,382,595
050,42,049,"Pennsylvania","Erie County",5,85,5772,1993,3779
050,42,051,"Pennsylvania","Fayette County",1,0,1265,650,615
050,42,051,"Pennsylvania","Fayette County",1,1,1262,660,602
050,42,051,"Pennsylvania","Fayette County",1,2,1304,681,623
050,42,051,"Pennsylvania","Fayette County",1,3,1332,723,609
050,42,051,"Pennsylvania","Fayette County",1,4,1349,701,648
050,42,051,"Pennsylvania","Fayette County",1,5,1348,682,666
050,42,051,"Pennsylvania","Fayette County",1,6,1363,688,675
050,42,051,"Pennsylvania","Fayette County",1,7,1356,688,668
050,42,051,"Pennsylvania","Fayette County",1,8,1342,681,661
050,42,051,"Pennsylvania","Fayette County",1,9,1388,715,673
050,42,051,"Pennsylvania","Fayette County",1,10,1376,702,674
050,42,051,"Pennsylvania","Fayette County",1,11,1391,711,680
050,42,051,"Pennsylvania","Fayette County",1,12,1462,756,706
050,42,051,"Pennsylvania","Fayette County",1,13,1466,759,707
050,42,051,"Pennsylvania","Fayette County",1,14,1445,745,700
050,42,051,"Pennsylvania","Fayette County",1,15,1488,784,704
050,42,051,"Pennsylvania","Fayette County",1,16,1542,787,755
050,42,051,"Pennsylvania","Fayette County",1,17,1552,778,774
050,42,051,"Pennsylvania","Fayette County",1,18,1308,672,636
050,42,051,"Pennsylvania","Fayette County",1,19,1041,540,501
050,42,051,"Pennsylvania","Fayette County",1,20,1170,602,568
050,42,051,"Pennsylvania","Fayette County",1,21,1249,626,623
050,42,051,"Pennsylvania","Fayette County",1,22,1343,669,674
050,42,051,"Pennsylvania","Fayette County",1,23,1448,765,683
050,42,051,"Pennsylvania","Fayette County",1,24,1530,800,730
050,42,051,"Pennsylvania","Fayette County",1,25,1550,830,720
050,42,051,"Pennsylvania","Fayette County",1,26,1576,866,710
050,42,051,"Pennsylvania","Fayette County",1,27,1589,879,710
050,42,051,"Pennsylvania","Fayette County",1,28,1607,856,751
050,42,051,"Pennsylvania","Fayette County",1,29,1583,821,762
050,42,051,"Pennsylvania","Fayette County",1,30,1589,869,720
050,42,051,"Pennsylvania","Fayette County",1,31,1521,839,682
050,42,051,"Pennsylvania","Fayette County",1,32,1443,776,667
050,42,051,"Pennsylvania","Fayette County",1,33,1458,793,665
050,42,051,"Pennsylvania","Fayette County",1,34,1481,793,688
050,42,051,"Pennsylvania","Fayette County",1,35,1500,808,692
050,42,051,"Pennsylvania","Fayette County",1,36,1409,743,666
050,42,051,"Pennsylvania","Fayette County",1,37,1432,742,690
050,42,051,"Pennsylvania","Fayette County",1,38,1462,740,722
050,42,051,"Pennsylvania","Fayette County",1,39,1448,749,699
050,42,051,"Pennsylvania","Fayette County",1,40,1453,733,720
050,42,051,"Pennsylvania","Fayette County",1,41,1451,730,721
050,42,051,"Pennsylvania","Fayette County",1,42,1516,757,759
050,42,051,"Pennsylvania","Fayette County",1,43,1470,778,692
050,42,051,"Pennsylvania","Fayette County",1,44,1486,775,711
050,42,051,"Pennsylvania","Fayette County",1,45,1498,772,726
050,42,051,"Pennsylvania","Fayette County",1,46,1544,795,749
050,42,051,"Pennsylvania","Fayette County",1,47,1609,820,789
050,42,051,"Pennsylvania","Fayette County",1,48,1713,854,859
050,42,051,"Pennsylvania","Fayette County",1,49,1815,920,895
050,42,051,"Pennsylvania","Fayette County",1,50,1793,926,867
050,42,051,"Pennsylvania","Fayette County",1,51,1813,921,892
050,42,051,"Pennsylvania","Fayette County",1,52,1737,867,870
050,42,051,"Pennsylvania","Fayette County",1,53,1809,880,929
050,42,051,"Pennsylvania","Fayette County",1,54,1805,921,884
050,42,051,"Pennsylvania","Fayette County",1,55,1885,957,928
050,42,051,"Pennsylvania","Fayette County",1,56,1852,921,931
050,42,051,"Pennsylvania","Fayette County",1,57,1885,938,947
050,42,051,"Pennsylvania","Fayette County",1,58,1959,951,1008
050,42,051,"Pennsylvania","Fayette County",1,59,1966,939,1027
050,42,051,"Pennsylvania","Fayette County",1,60,2004,994,1010
050,42,051,"Pennsylvania","Fayette County",1,61,2044,1019,1025
050,42,051,"Pennsylvania","Fayette County",1,62,2140,1073,1067
050,42,051,"Pennsylvania","Fayette County",1,63,2039,979,1060
050,42,051,"Pennsylvania","Fayette County",1,64,1979,960,1019
050,42,051,"Pennsylvania","Fayette County",1,65,1940,975,965
050,42,051,"Pennsylvania","Fayette County",1,66,1909,937,972
050,42,051,"Pennsylvania","Fayette County",1,67,1848,914,934
050,42,051,"Pennsylvania","Fayette County",1,68,1871,931,940
050,42,051,"Pennsylvania","Fayette County",1,69,1700,819,881
050,42,051,"Pennsylvania","Fayette County",1,70,1584,760,824
050,42,051,"Pennsylvania","Fayette County",1,71,1561,769,792
050,42,051,"Pennsylvania","Fayette County",1,72,1577,735,842
050,42,051,"Pennsylvania","Fayette County",1,73,1517,714,803
050,42,051,"Pennsylvania","Fayette County",1,74,1014,482,532
050,42,051,"Pennsylvania","Fayette County",1,75,1008,462,546
050,42,051,"Pennsylvania","Fayette County",1,76,1014,441,573
050,42,051,"Pennsylvania","Fayette County",1,77,1065,476,589
050,42,051,"Pennsylvania","Fayette County",1,78,917,421,496
050,42,051,"Pennsylvania","Fayette County",1,79,793,357,436
050,42,051,"Pennsylvania","Fayette County",1,80,703,297,406
050,42,051,"Pennsylvania","Fayette County",1,81,707,288,419
050,42,051,"Pennsylvania","Fayette County",1,82,654,272,382
050,42,051,"Pennsylvania","Fayette County",1,83,566,217,349
050,42,051,"Pennsylvania","Fayette County",1,84,535,225,310
050,42,051,"Pennsylvania","Fayette County",1,85,3309,1120,2189
050,42,051,"Pennsylvania","Fayette County",2,0,1247,651,596
050,42,051,"Pennsylvania","Fayette County",2,1,1260,657,603
050,42,051,"Pennsylvania","Fayette County",2,2,1296,677,619
050,42,051,"Pennsylvania","Fayette County",2,3,1319,710,609
050,42,051,"Pennsylvania","Fayette County",2,4,1350,709,641
050,42,051,"Pennsylvania","Fayette County",2,5,1347,685,662
050,42,051,"Pennsylvania","Fayette County",2,6,1362,688,674
050,42,051,"Pennsylvania","Fayette County",2,7,1361,691,670
050,42,051,"Pennsylvania","Fayette County",2,8,1342,681,661
050,42,051,"Pennsylvania","Fayette County",2,9,1375,708,667
050,42,051,"Pennsylvania","Fayette County",2,10,1374,702,672
050,42,051,"Pennsylvania","Fayette County",2,11,1380,706,674
050,42,051,"Pennsylvania","Fayette County",2,12,1453,747,706
050,42,051,"Pennsylvania","Fayette County",2,13,1464,757,707
050,42,051,"Pennsylvania","Fayette County",2,14,1445,747,698
050,42,051,"Pennsylvania","Fayette County",2,15,1475,773,702
050,42,051,"Pennsylvania","Fayette County",2,16,1534,790,744
050,42,051,"Pennsylvania","Fayette County",2,17,1544,775,769
050,42,051,"Pennsylvania","Fayette County",2,18,1300,668,632
050,42,051,"Pennsylvania","Fayette County",2,19,1052,542,510
050,42,051,"Pennsylvania","Fayette County",2,20,1173,603,570
050,42,051,"Pennsylvania","Fayette County",2,21,1244,627,617
050,42,051,"Pennsylvania","Fayette County",2,22,1342,672,670
050,42,051,"Pennsylvania","Fayette County",2,23,1441,755,686
050,42,051,"Pennsylvania","Fayette County",2,24,1505,789,716
050,42,051,"Pennsylvania","Fayette County",2,25,1548,827,721
050,42,051,"Pennsylvania","Fayette County",2,26,1573,859,714
050,42,051,"Pennsylvania","Fayette County",2,27,1591,883,708
050,42,051,"Pennsylvania","Fayette County",2,28,1596,856,740
050,42,051,"Pennsylvania","Fayette County",2,29,1578,824,754
050,42,051,"Pennsylvania","Fayette County",2,30,1593,860,733
050,42,051,"Pennsylvania","Fayette County",2,31,1519,834,685
050,42,051,"Pennsylvania","Fayette County",2,32,1460,790,670
050,42,051,"Pennsylvania","Fayette County",2,33,1452,789,663
050,42,051,"Pennsylvania","Fayette County",2,34,1474,791,683
050,42,051,"Pennsylvania","Fayette County",2,35,1503,811,692
050,42,051,"Pennsylvania","Fayette County",2,36,1417,753,664
050,42,051,"Pennsylvania","Fayette County",2,37,1428,742,686
050,42,051,"Pennsylvania","Fayette County",2,38,1458,745,713
050,42,051,"Pennsylvania","Fayette County",2,39,1445,743,702
050,42,051,"Pennsylvania","Fayette County",2,40,1457,738,719
050,42,051,"Pennsylvania","Fayette County",2,41,1451,733,718
050,42,051,"Pennsylvania","Fayette County",2,42,1490,741,749
050,42,051,"Pennsylvania","Fayette County",2,43,1491,780,711
050,42,051,"Pennsylvania","Fayette County",2,44,1467,767,700
050,42,051,"Pennsylvania","Fayette County",2,45,1493,773,720
050,42,051,"Pennsylvania","Fayette County",2,46,1522,782,740
050,42,051,"Pennsylvania","Fayette County",2,47,1587,808,779
050,42,051,"Pennsylvania","Fayette County",2,48,1678,841,837
050,42,051,"Pennsylvania","Fayette County",2,49,1793,905,888
050,42,051,"Pennsylvania","Fayette County",2,50,1797,922,875
050,42,051,"Pennsylvania","Fayette County",2,51,1795,915,880
050,42,051,"Pennsylvania","Fayette County",2,52,1747,876,871
050,42,051,"Pennsylvania","Fayette County",2,53,1786,874,912
050,42,051,"Pennsylvania","Fayette County",2,54,1802,906,896
050,42,051,"Pennsylvania","Fayette County",2,55,1864,947,917
050,42,051,"Pennsylvania","Fayette County",2,56,1860,927,933
050,42,051,"Pennsylvania","Fayette County",2,57,1879,936,943
050,42,051,"Pennsylvania","Fayette County",2,58,1933,943,990
050,42,051,"Pennsylvania","Fayette County",2,59,1969,942,1027
050,42,051,"Pennsylvania","Fayette County",2,60,1986,977,1009
050,42,051,"Pennsylvania","Fayette County",2,61,2020,1004,1016
050,42,051,"Pennsylvania","Fayette County",2,62,2110,1056,1054
050,42,051,"Pennsylvania","Fayette County",2,63,2077,1009,1068
050,42,051,"Pennsylvania","Fayette County",2,64,1974,955,1019
050,42,051,"Pennsylvania","Fayette County",2,65,1936,961,975
050,42,051,"Pennsylvania","Fayette County",2,66,1909,944,965
050,42,051,"Pennsylvania","Fayette County",2,67,1856,917,939
050,42,051,"Pennsylvania","Fayette County",2,68,1847,915,932
050,42,051,"Pennsylvania","Fayette County",2,69,1746,844,902
050,42,051,"Pennsylvania","Fayette County",2,70,1600,771,829
050,42,051,"Pennsylvania","Fayette County",2,71,1560,764,796
050,42,051,"Pennsylvania","Fayette County",2,72,1540,727,813
050,42,051,"Pennsylvania","Fayette County",2,73,1600,753,847
050,42,051,"Pennsylvania","Fayette County",2,74,1061,502,559
050,42,051,"Pennsylvania","Fayette County",2,75,1005,462,543
050,42,051,"Pennsylvania","Fayette County",2,76,992,436,556
050,42,051,"Pennsylvania","Fayette County",2,77,1070,471,599
050,42,051,"Pennsylvania","Fayette County",2,78,925,418,507
050,42,051,"Pennsylvania","Fayette County",2,79,799,362,437
050,42,051,"Pennsylvania","Fayette County",2,80,713,310,403
050,42,051,"Pennsylvania","Fayette County",2,81,699,286,413
050,42,051,"Pennsylvania","Fayette County",2,82,660,273,387
050,42,051,"Pennsylvania","Fayette County",2,83,580,227,353
050,42,051,"Pennsylvania","Fayette County",2,84,527,214,313
050,42,051,"Pennsylvania","Fayette County",2,85,3315,1126,2189
050,42,051,"Pennsylvania","Fayette County",3,0,1227,612,615
050,42,051,"Pennsylvania","Fayette County",3,1,1279,677,602
050,42,051,"Pennsylvania","Fayette County",3,2,1270,662,608
050,42,051,"Pennsylvania","Fayette County",3,3,1276,664,612
050,42,051,"Pennsylvania","Fayette County",3,4,1320,711,609
050,42,051,"Pennsylvania","Fayette County",3,5,1353,706,647
050,42,051,"Pennsylvania","Fayette County",3,6,1330,679,651
050,42,051,"Pennsylvania","Fayette County",3,7,1348,671,677
050,42,051,"Pennsylvania","Fayette County",3,8,1346,680,666
050,42,051,"Pennsylvania","Fayette County",3,9,1345,681,664
050,42,051,"Pennsylvania","Fayette County",3,10,1377,714,663
050,42,051,"Pennsylvania","Fayette County",3,11,1359,701,658
050,42,051,"Pennsylvania","Fayette County",3,12,1374,709,665
050,42,051,"Pennsylvania","Fayette County",3,13,1426,734,692
050,42,051,"Pennsylvania","Fayette County",3,14,1447,750,697
050,42,051,"Pennsylvania","Fayette County",3,15,1435,752,683
050,42,051,"Pennsylvania","Fayette County",3,16,1494,784,710
050,42,051,"Pennsylvania","Fayette County",3,17,1511,774,737
050,42,051,"Pennsylvania","Fayette County",3,18,1308,676,632
050,42,051,"Pennsylvania","Fayette County",3,19,1047,530,517
050,42,051,"Pennsylvania","Fayette County",3,20,1163,597,566
050,42,051,"Pennsylvania","Fayette County",3,21,1261,651,610
050,42,051,"Pennsylvania","Fayette County",3,22,1342,673,669
050,42,051,"Pennsylvania","Fayette County",3,23,1401,730,671
050,42,051,"Pennsylvania","Fayette County",3,24,1446,779,667
050,42,051,"Pennsylvania","Fayette County",3,25,1475,791,684
050,42,051,"Pennsylvania","Fayette County",3,26,1501,805,696
050,42,051,"Pennsylvania","Fayette County",3,27,1592,878,714
050,42,051,"Pennsylvania","Fayette County",3,28,1538,853,685
050,42,051,"Pennsylvania","Fayette County",3,29,1564,837,727
050,42,051,"Pennsylvania","Fayette County",3,30,1595,831,764
050,42,051,"Pennsylvania","Fayette County",3,31,1571,841,730
050,42,051,"Pennsylvania","Fayette County",3,32,1507,834,673
050,42,051,"Pennsylvania","Fayette County",3,33,1447,791,656
050,42,051,"Pennsylvania","Fayette County",3,34,1426,762,664
050,42,051,"Pennsylvania","Fayette County",3,35,1437,771,666
050,42,051,"Pennsylvania","Fayette County",3,36,1486,786,700
050,42,051,"Pennsylvania","Fayette County",3,37,1404,746,658
050,42,051,"Pennsylvania","Fayette County",3,38,1434,758,676
050,42,051,"Pennsylvania","Fayette County",3,39,1458,739,719
050,42,051,"Pennsylvania","Fayette County",3,40,1437,734,703
050,42,051,"Pennsylvania","Fayette County",3,41,1446,739,707
050,42,051,"Pennsylvania","Fayette County",3,42,1439,719,720
050,42,051,"Pennsylvania","Fayette County",3,43,1488,743,745
050,42,051,"Pennsylvania","Fayette County",3,44,1512,790,722
050,42,051,"Pennsylvania","Fayette County",3,45,1432,743,689
050,42,051,"Pennsylvania","Fayette County",3,46,1497,776,721
050,42,051,"Pennsylvania","Fayette County",3,47,1517,764,753
050,42,051,"Pennsylvania","Fayette County",3,48,1558,787,771
050,42,051,"Pennsylvania","Fayette County",3,49,1650,826,824
050,42,051,"Pennsylvania","Fayette County",3,50,1782,905,877
050,42,051,"Pennsylvania","Fayette County",3,51,1789,913,876
050,42,051,"Pennsylvania","Fayette County",3,52,1782,914,868
050,42,051,"Pennsylvania","Fayette County",3,53,1727,853,874
050,42,051,"Pennsylvania","Fayette County",3,54,1771,861,910
050,42,051,"Pennsylvania","Fayette County",3,55,1769,898,871
050,42,051,"Pennsylvania","Fayette County",3,56,1826,920,906
050,42,051,"Pennsylvania","Fayette County",3,57,1838,915,923
050,42,051,"Pennsylvania","Fayette County",3,58,1849,914,935
050,42,051,"Pennsylvania","Fayette County",3,59,1900,921,979
050,42,051,"Pennsylvania","Fayette County",3,60,1951,943,1008
050,42,051,"Pennsylvania","Fayette County",3,61,1956,950,1006
050,42,051,"Pennsylvania","Fayette County",3,62,1981,982,999
050,42,051,"Pennsylvania","Fayette County",3,63,2079,1037,1042
050,42,051,"Pennsylvania","Fayette County",3,64,2029,995,1034
050,42,051,"Pennsylvania","Fayette County",3,65,1915,913,1002
050,42,051,"Pennsylvania","Fayette County",3,66,1897,941,956
050,42,051,"Pennsylvania","Fayette County",3,67,1857,912,945
050,42,051,"Pennsylvania","Fayette County",3,68,1816,887,929
050,42,051,"Pennsylvania","Fayette County",3,69,1803,872,931
050,42,051,"Pennsylvania","Fayette County",3,70,1700,824,876
050,42,051,"Pennsylvania","Fayette County",3,71,1557,749,808
050,42,051,"Pennsylvania","Fayette County",3,72,1507,732,775
050,42,051,"Pennsylvania","Fayette County",3,73,1470,693,777
050,42,051,"Pennsylvania","Fayette County",3,74,1532,723,809
050,42,051,"Pennsylvania","Fayette County",3,75,1015,470,545
050,42,051,"Pennsylvania","Fayette County",3,76,947,438,509
050,42,051,"Pennsylvania","Fayette County",3,77,949,407,542
050,42,051,"Pennsylvania","Fayette County",3,78,1002,424,578
050,42,051,"Pennsylvania","Fayette County",3,79,873,385,488
050,42,051,"Pennsylvania","Fayette County",3,80,725,320,405
050,42,051,"Pennsylvania","Fayette County",3,81,671,283,388
050,42,051,"Pennsylvania","Fayette County",3,82,644,255,389
050,42,051,"Pennsylvania","Fayette County",3,83,604,240,364
050,42,051,"Pennsylvania","Fayette County",3,84,519,203,316
050,42,051,"Pennsylvania","Fayette County",3,85,3194,1085,2109
050,42,051,"Pennsylvania","Fayette County",4,0,970,512,458
050,42,051,"Pennsylvania","Fayette County",4,1,1217,597,620
050,42,051,"Pennsylvania","Fayette County",4,2,1269,668,601
050,42,051,"Pennsylvania","Fayette County",4,3,1285,667,618
050,42,051,"Pennsylvania","Fayette County",4,4,1279,651,628
050,42,051,"Pennsylvania","Fayette County",4,5,1320,716,604
050,42,051,"Pennsylvania","Fayette County",4,6,1362,711,651
050,42,051,"Pennsylvania","Fayette County",4,7,1330,667,663
050,42,051,"Pennsylvania","Fayette County",4,8,1365,676,689
050,42,051,"Pennsylvania","Fayette County",4,9,1334,674,660
050,42,051,"Pennsylvania","Fayette County",4,10,1342,686,656
050,42,051,"Pennsylvania","Fayette County",4,11,1382,722,660
050,42,051,"Pennsylvania","Fayette County",4,12,1378,717,661
050,42,051,"Pennsylvania","Fayette County",4,13,1381,708,673
050,42,051,"Pennsylvania","Fayette County",4,14,1428,737,691
050,42,051,"Pennsylvania","Fayette County",4,15,1449,747,702
050,42,051,"Pennsylvania","Fayette County",4,16,1450,757,693
050,42,051,"Pennsylvania","Fayette County",4,17,1493,786,707
050,42,051,"Pennsylvania","Fayette County",4,18,1261,679,582
050,42,051,"Pennsylvania","Fayette County",4,19,1028,534,494
050,42,051,"Pennsylvania","Fayette County",4,20,1109,564,545
050,42,051,"Pennsylvania","Fayette County",4,21,1226,643,583
050,42,051,"Pennsylvania","Fayette County",4,22,1322,682,640
050,42,051,"Pennsylvania","Fayette County",4,23,1417,738,679
050,42,051,"Pennsylvania","Fayette County",4,24,1411,736,675
050,42,051,"Pennsylvania","Fayette County",4,25,1430,761,669
050,42,051,"Pennsylvania","Fayette County",4,26,1474,778,696
050,42,051,"Pennsylvania","Fayette County",4,27,1520,809,711
050,42,051,"Pennsylvania","Fayette County",4,28,1564,848,716
050,42,051,"Pennsylvania","Fayette County",4,29,1524,830,694
050,42,051,"Pennsylvania","Fayette County",4,30,1572,844,728
050,42,051,"Pennsylvania","Fayette County",4,31,1536,783,753
050,42,051,"Pennsylvania","Fayette County",4,32,1569,836,733
050,42,051,"Pennsylvania","Fayette County",4,33,1495,829,666
050,42,051,"Pennsylvania","Fayette County",4,34,1428,764,664
050,42,051,"Pennsylvania","Fayette County",4,35,1407,756,651
050,42,051,"Pennsylvania","Fayette County",4,36,1420,756,664
050,42,051,"Pennsylvania","Fayette County",4,37,1484,781,703
050,42,051,"Pennsylvania","Fayette County",4,38,1420,761,659
050,42,051,"Pennsylvania","Fayette County",4,39,1433,745,688
050,42,051,"Pennsylvania","Fayette County",4,40,1436,716,720
050,42,051,"Pennsylvania","Fayette County",4,41,1428,731,697
050,42,051,"Pennsylvania","Fayette County",4,42,1447,732,715
050,42,051,"Pennsylvania","Fayette County",4,43,1427,716,711
050,42,051,"Pennsylvania","Fayette County",4,44,1511,758,753
050,42,051,"Pennsylvania","Fayette County",4,45,1485,781,704
050,42,051,"Pennsylvania","Fayette County",4,46,1436,740,696
050,42,051,"Pennsylvania","Fayette County",4,47,1479,756,723
050,42,051,"Pennsylvania","Fayette County",4,48,1511,753,758
050,42,051,"Pennsylvania","Fayette County",4,49,1553,791,762
050,42,051,"Pennsylvania","Fayette County",4,50,1635,823,812
050,42,051,"Pennsylvania","Fayette County",4,51,1749,895,854
050,42,051,"Pennsylvania","Fayette County",4,52,1774,908,866
050,42,051,"Pennsylvania","Fayette County",4,53,1752,892,860
050,42,051,"Pennsylvania","Fayette County",4,54,1719,848,871
050,42,051,"Pennsylvania","Fayette County",4,55,1736,843,893
050,42,051,"Pennsylvania","Fayette County",4,56,1735,868,867
050,42,051,"Pennsylvania","Fayette County",4,57,1790,901,889
050,42,051,"Pennsylvania","Fayette County",4,58,1778,886,892
050,42,051,"Pennsylvania","Fayette County",4,59,1809,891,918
050,42,051,"Pennsylvania","Fayette County",4,60,1873,914,959
050,42,051,"Pennsylvania","Fayette County",4,61,1915,911,1004
050,42,051,"Pennsylvania","Fayette County",4,62,1913,920,993
050,42,051,"Pennsylvania","Fayette County",4,63,1954,969,985
050,42,051,"Pennsylvania","Fayette County",4,64,2024,1011,1013
050,42,051,"Pennsylvania","Fayette County",4,65,1985,961,1024
050,42,051,"Pennsylvania","Fayette County",4,66,1876,887,989
050,42,051,"Pennsylvania","Fayette County",4,67,1835,896,939
050,42,051,"Pennsylvania","Fayette County",4,68,1786,863,923
050,42,051,"Pennsylvania","Fayette County",4,69,1771,855,916
050,42,051,"Pennsylvania","Fayette County",4,70,1749,840,909
050,42,051,"Pennsylvania","Fayette County",4,71,1649,800,849
050,42,051,"Pennsylvania","Fayette County",4,72,1498,708,790
050,42,051,"Pennsylvania","Fayette County",4,73,1441,709,732
050,42,051,"Pennsylvania","Fayette County",4,74,1409,669,740
050,42,051,"Pennsylvania","Fayette County",4,75,1459,668,791
050,42,051,"Pennsylvania","Fayette County",4,76,946,438,508
050,42,051,"Pennsylvania","Fayette County",4,77,891,400,491
050,42,051,"Pennsylvania","Fayette County",4,78,909,385,524
050,42,051,"Pennsylvania","Fayette County",4,79,933,382,551
050,42,051,"Pennsylvania","Fayette County",4,80,793,343,450
050,42,051,"Pennsylvania","Fayette County",4,81,692,295,397
050,42,051,"Pennsylvania","Fayette County",4,82,618,253,365
050,42,051,"Pennsylvania","Fayette County",4,83,579,224,355
050,42,051,"Pennsylvania","Fayette County",4,84,543,219,324
050,42,051,"Pennsylvania","Fayette County",4,85,3053,1043,2010
050,42,051,"Pennsylvania","Fayette County",5,0,718,380,338
050,42,051,"Pennsylvania","Fayette County",5,1,975,502,473
050,42,051,"Pennsylvania","Fayette County",5,2,1223,600,623
050,42,051,"Pennsylvania","Fayette County",5,3,1285,665,620
050,42,051,"Pennsylvania","Fayette County",5,4,1281,663,618
050,42,051,"Pennsylvania","Fayette County",5,5,1287,649,638
050,42,051,"Pennsylvania","Fayette County",5,6,1337,728,609
050,42,051,"Pennsylvania","Fayette County",5,7,1363,708,655
050,42,051,"Pennsylvania","Fayette County",5,8,1325,670,655
050,42,051,"Pennsylvania","Fayette County",5,9,1366,674,692
050,42,051,"Pennsylvania","Fayette County",5,10,1349,681,668
050,42,051,"Pennsylvania","Fayette County",5,11,1352,688,664
050,42,051,"Pennsylvania","Fayette County",5,12,1377,717,660
050,42,051,"Pennsylvania","Fayette County",5,13,1399,723,676
050,42,051,"Pennsylvania","Fayette County",5,14,1377,710,667
050,42,051,"Pennsylvania","Fayette County",5,15,1430,731,699
050,42,051,"Pennsylvania","Fayette County",5,16,1474,762,712
050,42,051,"Pennsylvania","Fayette County",5,17,1442,750,692
050,42,051,"Pennsylvania","Fayette County",5,18,1237,671,566
050,42,051,"Pennsylvania","Fayette County",5,19,990,530,460
050,42,051,"Pennsylvania","Fayette County",5,20,1119,583,536
050,42,051,"Pennsylvania","Fayette County",5,21,1196,620,576
050,42,051,"Pennsylvania","Fayette County",5,22,1321,678,643
050,42,051,"Pennsylvania","Fayette County",5,23,1395,745,650
050,42,051,"Pennsylvania","Fayette County",5,24,1422,759,663
050,42,051,"Pennsylvania","Fayette County",5,25,1404,729,675
050,42,051,"Pennsylvania","Fayette County",5,26,1393,760,633
050,42,051,"Pennsylvania","Fayette County",5,27,1502,790,712
050,42,051,"Pennsylvania","Fayette County",5,28,1532,804,728
050,42,051,"Pennsylvania","Fayette County",5,29,1533,819,714
050,42,051,"Pennsylvania","Fayette County",5,30,1562,854,708
050,42,051,"Pennsylvania","Fayette County",5,31,1547,816,731
050,42,051,"Pennsylvania","Fayette County",5,32,1537,773,764
050,42,051,"Pennsylvania","Fayette County",5,33,1564,832,732
050,42,051,"Pennsylvania","Fayette County",5,34,1482,814,668
050,42,051,"Pennsylvania","Fayette County",5,35,1391,752,639
050,42,051,"Pennsylvania","Fayette County",5,36,1405,739,666
050,42,051,"Pennsylvania","Fayette County",5,37,1410,750,660
050,42,051,"Pennsylvania","Fayette County",5,38,1486,787,699
050,42,051,"Pennsylvania","Fayette County",5,39,1428,767,661
050,42,051,"Pennsylvania","Fayette County",5,40,1405,715,690
050,42,051,"Pennsylvania","Fayette County",5,41,1425,713,712
050,42,051,"Pennsylvania","Fayette County",5,42,1445,726,719
050,42,051,"Pennsylvania","Fayette County",5,43,1452,749,703
050,42,051,"Pennsylvania","Fayette County",5,44,1432,712,720
050,42,051,"Pennsylvania","Fayette County",5,45,1494,753,741
050,42,051,"Pennsylvania","Fayette County",5,46,1481,776,705
050,42,051,"Pennsylvania","Fayette County",5,47,1423,723,700
050,42,051,"Pennsylvania","Fayette County",5,48,1437,734,703
050,42,051,"Pennsylvania","Fayette County",5,49,1487,745,742
050,42,051,"Pennsylvania","Fayette County",5,50,1524,775,749
050,42,051,"Pennsylvania","Fayette County",5,51,1625,821,804
050,42,051,"Pennsylvania","Fayette County",5,52,1738,883,855
050,42,051,"Pennsylvania","Fayette County",5,53,1764,896,868
050,42,051,"Pennsylvania","Fayette County",5,54,1751,886,865
050,42,051,"Pennsylvania","Fayette County",5,55,1700,847,853
050,42,051,"Pennsylvania","Fayette County",5,56,1729,836,893
050,42,051,"Pennsylvania","Fayette County",5,57,1727,861,866
050,42,051,"Pennsylvania","Fayette County",5,58,1779,893,886
050,42,051,"Pennsylvania","Fayette County",5,59,1746,870,876
050,42,051,"Pennsylvania","Fayette County",5,60,1782,888,894
050,42,051,"Pennsylvania","Fayette County",5,61,1833,876,957
050,42,051,"Pennsylvania","Fayette County",5,62,1883,889,994
050,42,051,"Pennsylvania","Fayette County",5,63,1887,906,981
050,42,051,"Pennsylvania","Fayette County",5,64,1911,942,969
050,42,051,"Pennsylvania","Fayette County",5,65,2004,992,1012
050,42,051,"Pennsylvania","Fayette County",5,66,1946,940,1006
050,42,051,"Pennsylvania","Fayette County",5,67,1828,852,976
050,42,051,"Pennsylvania","Fayette County",5,68,1789,862,927
050,42,051,"Pennsylvania","Fayette County",5,69,1741,828,913
050,42,051,"Pennsylvania","Fayette County",5,70,1708,821,887
050,42,051,"Pennsylvania","Fayette County",5,71,1697,817,880
050,42,051,"Pennsylvania","Fayette County",5,72,1602,769,833
050,42,051,"Pennsylvania","Fayette County",5,73,1445,684,761
050,42,051,"Pennsylvania","Fayette County",5,74,1401,694,707
050,42,051,"Pennsylvania","Fayette County",5,75,1340,620,720
050,42,051,"Pennsylvania","Fayette County",5,76,1390,638,752
050,42,051,"Pennsylvania","Fayette County",5,77,893,405,488
050,42,051,"Pennsylvania","Fayette County",5,78,854,383,471
050,42,051,"Pennsylvania","Fayette County",5,79,854,353,501
050,42,051,"Pennsylvania","Fayette County",5,80,867,347,520
050,42,051,"Pennsylvania","Fayette County",5,81,760,322,438
050,42,051,"Pennsylvania","Fayette County",5,82,648,272,376
050,42,051,"Pennsylvania","Fayette County",5,83,567,227,340
050,42,051,"Pennsylvania","Fayette County",5,84,524,211,313
050,42,051,"Pennsylvania","Fayette County",5,85,2981,1033,1948
050,42,053,"Pennsylvania","Forest County",1,0,9,5,4
050,42,053,"Pennsylvania","Forest County",1,1,8,5,3
050,42,053,"Pennsylvania","Forest County",1,2,10,6,4
050,42,053,"Pennsylvania","Forest County",1,3,10,5,5
050,42,053,"Pennsylvania","Forest County",1,4,5,3,2
050,42,053,"Pennsylvania","Forest County",1,5,9,5,4
050,42,053,"Pennsylvania","Forest County",1,6,8,4,4
050,42,053,"Pennsylvania","Forest County",1,7,7,4,3
050,42,053,"Pennsylvania","Forest County",1,8,5,3,2
050,42,053,"Pennsylvania","Forest County",1,9,7,4,3
050,42,053,"Pennsylvania","Forest County",1,10,9,4,5
050,42,053,"Pennsylvania","Forest County",1,11,8,4,4
050,42,053,"Pennsylvania","Forest County",1,12,10,4,6
050,42,053,"Pennsylvania","Forest County",1,13,10,6,4
050,42,053,"Pennsylvania","Forest County",1,14,8,4,4
050,42,053,"Pennsylvania","Forest County",1,15,17,13,4
050,42,053,"Pennsylvania","Forest County",1,16,26,23,3
050,42,053,"Pennsylvania","Forest County",1,17,41,36,5
050,42,053,"Pennsylvania","Forest County",1,18,35,29,6
050,42,053,"Pennsylvania","Forest County",1,19,29,23,6
050,42,053,"Pennsylvania","Forest County",1,20,54,47,7
050,42,053,"Pennsylvania","Forest County",1,21,125,112,13
050,42,053,"Pennsylvania","Forest County",1,22,148,136,12
050,42,053,"Pennsylvania","Forest County",1,23,169,161,8
050,42,053,"Pennsylvania","Forest County",1,24,173,158,15
050,42,053,"Pennsylvania","Forest County",1,25,154,141,13
050,42,053,"Pennsylvania","Forest County",1,26,164,148,16
050,42,053,"Pennsylvania","Forest County",1,27,154,139,15
050,42,053,"Pennsylvania","Forest County",1,28,135,121,14
050,42,053,"Pennsylvania","Forest County",1,29,161,145,16
050,42,053,"Pennsylvania","Forest County",1,30,140,127,13
050,42,053,"Pennsylvania","Forest County",1,31,122,114,8
050,42,053,"Pennsylvania","Forest County",1,32,131,117,14
050,42,053,"Pennsylvania","Forest County",1,33,104,85,19
050,42,053,"Pennsylvania","Forest County",1,34,117,95,22
050,42,053,"Pennsylvania","Forest County",1,35,104,81,23
050,42,053,"Pennsylvania","Forest County",1,36,102,87,15
050,42,053,"Pennsylvania","Forest County",1,37,115,99,16
050,42,053,"Pennsylvania","Forest County",1,38,87,69,18
050,42,053,"Pennsylvania","Forest County",1,39,101,79,22
050,42,053,"Pennsylvania","Forest County",1,40,97,76,21
050,42,053,"Pennsylvania","Forest County",1,41,120,99,21
050,42,053,"Pennsylvania","Forest County",1,42,79,60,19
050,42,053,"Pennsylvania","Forest County",1,43,75,62,13
050,42,053,"Pennsylvania","Forest County",1,44,71,56,15
050,42,053,"Pennsylvania","Forest County",1,45,79,63,16
050,42,053,"Pennsylvania","Forest County",1,46,93,73,20
050,42,053,"Pennsylvania","Forest County",1,47,119,88,31
050,42,053,"Pennsylvania","Forest County",1,48,106,71,35
050,42,053,"Pennsylvania","Forest County",1,49,102,67,35
050,42,053,"Pennsylvania","Forest County",1,50,82,51,31
050,42,053,"Pennsylvania","Forest County",1,51,89,65,24
050,42,053,"Pennsylvania","Forest County",1,52,82,50,32
050,42,053,"Pennsylvania","Forest County",1,53,96,60,36
050,42,053,"Pennsylvania","Forest County",1,54,123,79,44
050,42,053,"Pennsylvania","Forest County",1,55,122,76,46
050,42,053,"Pennsylvania","Forest County",1,56,128,86,42
050,42,053,"Pennsylvania","Forest County",1,57,112,64,48
050,42,053,"Pennsylvania","Forest County",1,58,109,62,47
050,42,053,"Pennsylvania","Forest County",1,59,109,62,47
050,42,053,"Pennsylvania","Forest County",1,60,105,61,44
050,42,053,"Pennsylvania","Forest County",1,61,115,63,52
050,42,053,"Pennsylvania","Forest County",1,62,123,66,57
050,42,053,"Pennsylvania","Forest County",1,63,117,65,52
050,42,053,"Pennsylvania","Forest County",1,64,127,76,51
050,42,053,"Pennsylvania","Forest County",1,65,106,59,47
050,42,053,"Pennsylvania","Forest County",1,66,114,60,54
050,42,053,"Pennsylvania","Forest County",1,67,116,58,58
050,42,053,"Pennsylvania","Forest County",1,68,95,54,41
050,42,053,"Pennsylvania","Forest County",1,69,80,50,30
050,42,053,"Pennsylvania","Forest County",1,70,89,45,44
050,42,053,"Pennsylvania","Forest County",1,71,93,44,49
050,42,053,"Pennsylvania","Forest County",1,72,94,51,43
050,42,053,"Pennsylvania","Forest County",1,73,95,49,46
050,42,053,"Pennsylvania","Forest County",1,74,63,31,32
050,42,053,"Pennsylvania","Forest County",1,75,70,38,32
050,42,053,"Pennsylvania","Forest County",1,76,74,43,31
050,42,053,"Pennsylvania","Forest County",1,77,67,32,35
050,42,053,"Pennsylvania","Forest County",1,78,60,32,28
050,42,053,"Pennsylvania","Forest County",1,79,49,23,26
050,42,053,"Pennsylvania","Forest County",1,80,38,19,19
050,42,053,"Pennsylvania","Forest County",1,81,37,21,16
050,42,053,"Pennsylvania","Forest County",1,82,37,21,16
050,42,053,"Pennsylvania","Forest County",1,83,37,17,20
050,42,053,"Pennsylvania","Forest County",1,84,26,9,17
050,42,053,"Pennsylvania","Forest County",1,85,122,63,59
050,42,053,"Pennsylvania","Forest County",2,0,13,7,6
050,42,053,"Pennsylvania","Forest County",2,1,7,4,3
050,42,053,"Pennsylvania","Forest County",2,2,10,6,4
050,42,053,"Pennsylvania","Forest County",2,3,8,4,4
050,42,053,"Pennsylvania","Forest County",2,4,6,3,3
050,42,053,"Pennsylvania","Forest County",2,5,8,4,4
050,42,053,"Pennsylvania","Forest County",2,6,8,4,4
050,42,053,"Pennsylvania","Forest County",2,7,7,4,3
050,42,053,"Pennsylvania","Forest County",2,8,6,4,2
050,42,053,"Pennsylvania","Forest County",2,9,6,3,3
050,42,053,"Pennsylvania","Forest County",2,10,9,4,5
050,42,053,"Pennsylvania","Forest County",2,11,8,4,4
050,42,053,"Pennsylvania","Forest County",2,12,10,4,6
050,42,053,"Pennsylvania","Forest County",2,13,10,6,4
050,42,053,"Pennsylvania","Forest County",2,14,8,4,4
050,42,053,"Pennsylvania","Forest County",2,15,16,13,3
050,42,053,"Pennsylvania","Forest County",2,16,25,22,3
050,42,053,"Pennsylvania","Forest County",2,17,40,36,4
050,42,053,"Pennsylvania","Forest County",2,18,33,28,5
050,42,053,"Pennsylvania","Forest County",2,19,29,23,6
050,42,053,"Pennsylvania","Forest County",2,20,54,47,7
050,42,053,"Pennsylvania","Forest County",2,21,124,112,12
050,42,053,"Pennsylvania","Forest County",2,22,147,135,12
050,42,053,"Pennsylvania","Forest County",2,23,170,161,9
050,42,053,"Pennsylvania","Forest County",2,24,171,157,14
050,42,053,"Pennsylvania","Forest County",2,25,155,141,14
050,42,053,"Pennsylvania","Forest County",2,26,162,147,15
050,42,053,"Pennsylvania","Forest County",2,27,153,139,14
050,42,053,"Pennsylvania","Forest County",2,28,136,122,14
050,42,053,"Pennsylvania","Forest County",2,29,161,145,16
050,42,053,"Pennsylvania","Forest County",2,30,141,127,14
050,42,053,"Pennsylvania","Forest County",2,31,126,116,10
050,42,053,"Pennsylvania","Forest County",2,32,131,119,12
050,42,053,"Pennsylvania","Forest County",2,33,101,84,17
050,42,053,"Pennsylvania","Forest County",2,34,115,94,21
050,42,053,"Pennsylvania","Forest County",2,35,106,83,23
050,42,053,"Pennsylvania","Forest County",2,36,100,83,17
050,42,053,"Pennsylvania","Forest County",2,37,114,99,15
050,42,053,"Pennsylvania","Forest County",2,38,88,69,19
050,42,053,"Pennsylvania","Forest County",2,39,101,80,21
050,42,053,"Pennsylvania","Forest County",2,40,96,75,21
050,42,053,"Pennsylvania","Forest County",2,41,119,98,21
050,42,053,"Pennsylvania","Forest County",2,42,79,61,18
050,42,053,"Pennsylvania","Forest County",2,43,76,62,14
050,42,053,"Pennsylvania","Forest County",2,44,69,55,14
050,42,053,"Pennsylvania","Forest County",2,45,79,63,16
050,42,053,"Pennsylvania","Forest County",2,46,90,71,19
050,42,053,"Pennsylvania","Forest County",2,47,114,86,28
050,42,053,"Pennsylvania","Forest County",2,48,109,74,35
050,42,053,"Pennsylvania","Forest County",2,49,101,65,36
050,42,053,"Pennsylvania","Forest County",2,50,85,53,32
050,42,053,"Pennsylvania","Forest County",2,51,89,63,26
050,42,053,"Pennsylvania","Forest County",2,52,81,51,30
050,42,053,"Pennsylvania","Forest County",2,53,93,58,35
050,42,053,"Pennsylvania","Forest County",2,54,119,77,42
050,42,053,"Pennsylvania","Forest County",2,55,125,78,47
050,42,053,"Pennsylvania","Forest County",2,56,126,83,43
050,42,053,"Pennsylvania","Forest County",2,57,114,67,47
050,42,053,"Pennsylvania","Forest County",2,58,108,62,46
050,42,053,"Pennsylvania","Forest County",2,59,108,62,46
050,42,053,"Pennsylvania","Forest County",2,60,102,58,44
050,42,053,"Pennsylvania","Forest County",2,61,114,64,50
050,42,053,"Pennsylvania","Forest County",2,62,120,65,55
050,42,053,"Pennsylvania","Forest County",2,63,122,67,55
050,42,053,"Pennsylvania","Forest County",2,64,125,74,51
050,42,053,"Pennsylvania","Forest County",2,65,109,61,48
050,42,053,"Pennsylvania","Forest County",2,66,114,61,53
050,42,053,"Pennsylvania","Forest County",2,67,115,58,57
050,42,053,"Pennsylvania","Forest County",2,68,97,52,45
050,42,053,"Pennsylvania","Forest County",2,69,86,53,33
050,42,053,"Pennsylvania","Forest County",2,70,86,45,41
050,42,053,"Pennsylvania","Forest County",2,71,94,45,49
050,42,053,"Pennsylvania","Forest County",2,72,92,49,43
050,42,053,"Pennsylvania","Forest County",2,73,99,51,48
050,42,053,"Pennsylvania","Forest County",2,74,67,34,33
050,42,053,"Pennsylvania","Forest County",2,75,64,33,31
050,42,053,"Pennsylvania","Forest County",2,76,70,40,30
050,42,053,"Pennsylvania","Forest County",2,77,70,35,35
050,42,053,"Pennsylvania","Forest County",2,78,57,29,28
050,42,053,"Pennsylvania","Forest County",2,79,50,25,25
050,42,053,"Pennsylvania","Forest County",2,80,41,20,21
050,42,053,"Pennsylvania","Forest County",2,81,38,21,17
050,42,053,"Pennsylvania","Forest County",2,82,37,21,16
050,42,053,"Pennsylvania","Forest County",2,83,35,16,19
050,42,053,"Pennsylvania","Forest County",2,84,27,11,16
050,42,053,"Pennsylvania","Forest County",2,85,124,63,61
050,42,053,"Pennsylvania","Forest County",3,0,20,12,8
050,42,053,"Pennsylvania","Forest County",3,1,12,6,6
050,42,053,"Pennsylvania","Forest County",3,2,11,6,5
050,42,053,"Pennsylvania","Forest County",3,3,7,5,2
050,42,053,"Pennsylvania","Forest County",3,4,8,4,4
050,42,053,"Pennsylvania","Forest County",3,5,12,6,6
050,42,053,"Pennsylvania","Forest County",3,6,9,5,4
050,42,053,"Pennsylvania","Forest County",3,7,9,6,3
050,42,053,"Pennsylvania","Forest County",3,8,8,4,4
050,42,053,"Pennsylvania","Forest County",3,9,8,4,4
050,42,053,"Pennsylvania","Forest County",3,10,5,2,3
050,42,053,"Pennsylvania","Forest County",3,11,7,3,4
050,42,053,"Pennsylvania","Forest County",3,12,8,5,3
050,42,053,"Pennsylvania","Forest County",3,13,10,4,6
050,42,053,"Pennsylvania","Forest County",3,14,10,6,4
050,42,053,"Pennsylvania","Forest County",3,15,15,11,4
050,42,053,"Pennsylvania","Forest County",3,16,26,24,2
050,42,053,"Pennsylvania","Forest County",3,17,37,35,2
050,42,053,"Pennsylvania","Forest County",3,18,29,24,5
050,42,053,"Pennsylvania","Forest County",3,19,25,20,5
050,42,053,"Pennsylvania","Forest County",3,20,55,49,6
050,42,053,"Pennsylvania","Forest County",3,21,114,106,8
050,42,053,"Pennsylvania","Forest County",3,22,135,125,10
050,42,053,"Pennsylvania","Forest County",3,23,165,155,10
050,42,053,"Pennsylvania","Forest County",3,24,157,145,12
050,42,053,"Pennsylvania","Forest County",3,25,151,141,10
050,42,053,"Pennsylvania","Forest County",3,26,160,143,17
050,42,053,"Pennsylvania","Forest County",3,27,151,134,17
050,42,053,"Pennsylvania","Forest County",3,28,135,120,15
050,42,053,"Pennsylvania","Forest County",3,29,158,146,12
050,42,053,"Pennsylvania","Forest County",3,30,134,117,17
050,42,053,"Pennsylvania","Forest County",3,31,133,117,16
050,42,053,"Pennsylvania","Forest County",3,32,138,128,10
050,42,053,"Pennsylvania","Forest County",3,33,95,86,9
050,42,053,"Pennsylvania","Forest County",3,34,109,93,16
050,42,053,"Pennsylvania","Forest County",3,35,104,85,19
050,42,053,"Pennsylvania","Forest County",3,36,100,76,24
050,42,053,"Pennsylvania","Forest County",3,37,117,98,19
050,42,053,"Pennsylvania","Forest County",3,38,84,67,17
050,42,053,"Pennsylvania","Forest County",3,39,99,85,14
050,42,053,"Pennsylvania","Forest County",3,40,88,69,19
050,42,053,"Pennsylvania","Forest County",3,41,117,96,21
050,42,053,"Pennsylvania","Forest County",3,42,90,67,23
050,42,053,"Pennsylvania","Forest County",3,43,84,65,19
050,42,053,"Pennsylvania","Forest County",3,44,73,61,12
050,42,053,"Pennsylvania","Forest County",3,45,76,61,15
050,42,053,"Pennsylvania","Forest County",3,46,81,64,17
050,42,053,"Pennsylvania","Forest County",3,47,99,80,19
050,42,053,"Pennsylvania","Forest County",3,48,103,73,30
050,42,053,"Pennsylvania","Forest County",3,49,95,62,33
050,42,053,"Pennsylvania","Forest County",3,50,102,66,36
050,42,053,"Pennsylvania","Forest County",3,51,94,60,34
050,42,053,"Pennsylvania","Forest County",3,52,84,56,28
050,42,053,"Pennsylvania","Forest County",3,53,79,49,30
050,42,053,"Pennsylvania","Forest County",3,54,104,67,37
050,42,053,"Pennsylvania","Forest County",3,55,121,76,45
050,42,053,"Pennsylvania","Forest County",3,56,112,71,41
050,42,053,"Pennsylvania","Forest County",3,57,120,78,42
050,42,053,"Pennsylvania","Forest County",3,58,108,62,46
050,42,053,"Pennsylvania","Forest County",3,59,105,56,49
050,42,053,"Pennsylvania","Forest County",3,60,106,58,48
050,42,053,"Pennsylvania","Forest County",3,61,103,65,38
050,42,053,"Pennsylvania","Forest County",3,62,111,62,49
050,42,053,"Pennsylvania","Forest County",3,63,130,69,61
050,42,053,"Pennsylvania","Forest County",3,64,122,67,55
050,42,053,"Pennsylvania","Forest County",3,65,120,67,53
050,42,053,"Pennsylvania","Forest County",3,66,108,61,47
050,42,053,"Pennsylvania","Forest County",3,67,117,65,52
050,42,053,"Pennsylvania","Forest County",3,68,110,53,57
050,42,053,"Pennsylvania","Forest County",3,69,102,55,47
050,42,053,"Pennsylvania","Forest County",3,70,82,50,32
050,42,053,"Pennsylvania","Forest County",3,71,86,45,41
050,42,053,"Pennsylvania","Forest County",3,72,89,43,46
050,42,053,"Pennsylvania","Forest County",3,73,90,49,41
050,42,053,"Pennsylvania","Forest County",3,74,96,50,46
050,42,053,"Pennsylvania","Forest County",3,75,63,32,31
050,42,053,"Pennsylvania","Forest County",3,76,59,30,29
050,42,053,"Pennsylvania","Forest County",3,77,70,40,30
050,42,053,"Pennsylvania","Forest County",3,78,65,33,32
050,42,053,"Pennsylvania","Forest County",3,79,54,29,25
050,42,053,"Pennsylvania","Forest County",3,80,45,21,24
050,42,053,"Pennsylvania","Forest County",3,81,39,18,21
050,42,053,"Pennsylvania","Forest County",3,82,32,17,15
050,42,053,"Pennsylvania","Forest County",3,83,34,19,15
050,42,053,"Pennsylvania","Forest County",3,84,30,14,16
050,42,053,"Pennsylvania","Forest County",3,85,122,60,62
050,42,053,"Pennsylvania","Forest County",4,0,17,12,5
050,42,053,"Pennsylvania","Forest County",4,1,17,10,7
050,42,053,"Pennsylvania","Forest County",4,2,12,6,6
050,42,053,"Pennsylvania","Forest County",4,3,10,5,5
050,42,053,"Pennsylvania","Forest County",4,4,8,6,2
050,42,053,"Pennsylvania","Forest County",4,5,7,4,3
050,42,053,"Pennsylvania","Forest County",4,6,8,4,4
050,42,053,"Pennsylvania","Forest County",4,7,8,4,4
050,42,053,"Pennsylvania","Forest County",4,8,7,4,3
050,42,053,"Pennsylvania","Forest County",4,9,8,4,4
050,42,053,"Pennsylvania","Forest County",4,10,9,5,4
050,42,053,"Pennsylvania","Forest County",4,11,6,3,3
050,42,053,"Pennsylvania","Forest County",4,12,9,3,6
050,42,053,"Pennsylvania","Forest County",4,13,8,3,5
050,42,053,"Pennsylvania","Forest County",4,14,9,4,5
050,42,053,"Pennsylvania","Forest County",4,15,21,15,6
050,42,053,"Pennsylvania","Forest County",4,16,25,22,3
050,42,053,"Pennsylvania","Forest County",4,17,38,37,1
050,42,053,"Pennsylvania","Forest County",4,18,27,24,3
050,42,053,"Pennsylvania","Forest County",4,19,21,16,5
050,42,053,"Pennsylvania","Forest County",4,20,49,44,5
050,42,053,"Pennsylvania","Forest County",4,21,109,104,5
050,42,053,"Pennsylvania","Forest County",4,22,125,118,7
050,42,053,"Pennsylvania","Forest County",4,23,146,138,8
050,42,053,"Pennsylvania","Forest County",4,24,158,145,13
050,42,053,"Pennsylvania","Forest County",4,25,136,125,11
050,42,053,"Pennsylvania","Forest County",4,26,147,138,9
050,42,053,"Pennsylvania","Forest County",4,27,132,121,11
050,42,053,"Pennsylvania","Forest County",4,28,138,117,21
050,42,053,"Pennsylvania","Forest County",4,29,140,126,14
050,42,053,"Pennsylvania","Forest County",4,30,125,113,12
050,42,053,"Pennsylvania","Forest County",4,31,120,105,15
050,42,053,"Pennsylvania","Forest County",4,32,137,122,15
050,42,053,"Pennsylvania","Forest County",4,33,97,88,9
050,42,053,"Pennsylvania","Forest County",4,34,94,86,8
050,42,053,"Pennsylvania","Forest County",4,35,98,80,18
050,42,053,"Pennsylvania","Forest County",4,36,92,76,16
050,42,053,"Pennsylvania","Forest County",4,37,110,87,23
050,42,053,"Pennsylvania","Forest County",4,38,86,66,20
050,42,053,"Pennsylvania","Forest County",4,39,98,84,14
050,42,053,"Pennsylvania","Forest County",4,40,86,74,12
050,42,053,"Pennsylvania","Forest County",4,41,99,81,18
050,42,053,"Pennsylvania","Forest County",4,42,80,57,23
050,42,053,"Pennsylvania","Forest County",4,43,93,70,23
050,42,053,"Pennsylvania","Forest County",4,44,79,60,19
050,42,053,"Pennsylvania","Forest County",4,45,71,60,11
050,42,053,"Pennsylvania","Forest County",4,46,76,59,17
050,42,053,"Pennsylvania","Forest County",4,47,88,71,17
050,42,053,"Pennsylvania","Forest County",4,48,84,66,18
050,42,053,"Pennsylvania","Forest County",4,49,89,62,27
050,42,053,"Pennsylvania","Forest County",4,50,87,54,33
050,42,053,"Pennsylvania","Forest County",4,51,102,71,31
050,42,053,"Pennsylvania","Forest County",4,52,83,52,31
050,42,053,"Pennsylvania","Forest County",4,53,72,46,26
050,42,053,"Pennsylvania","Forest County",4,54,86,56,30
050,42,053,"Pennsylvania","Forest County",4,55,108,68,40
050,42,053,"Pennsylvania","Forest County",4,56,102,64,38
050,42,053,"Pennsylvania","Forest County",4,57,102,62,40
050,42,053,"Pennsylvania","Forest County",4,58,113,71,42
050,42,053,"Pennsylvania","Forest County",4,59,101,56,45
050,42,053,"Pennsylvania","Forest County",4,60,98,52,46
050,42,053,"Pennsylvania","Forest County",4,61,107,63,44
050,42,053,"Pennsylvania","Forest County",4,62,97,57,40
050,42,053,"Pennsylvania","Forest County",4,63,106,57,49
050,42,053,"Pennsylvania","Forest County",4,64,126,69,57
050,42,053,"Pennsylvania","Forest County",4,65,122,63,59
050,42,053,"Pennsylvania","Forest County",4,66,125,73,52
050,42,053,"Pennsylvania","Forest County",4,67,112,64,48
050,42,053,"Pennsylvania","Forest County",4,68,113,59,54
050,42,053,"Pennsylvania","Forest County",4,69,114,57,57
050,42,053,"Pennsylvania","Forest County",4,70,100,51,49
050,42,053,"Pennsylvania","Forest County",4,71,79,49,30
050,42,053,"Pennsylvania","Forest County",4,72,82,42,40
050,42,053,"Pennsylvania","Forest County",4,73,81,39,42
050,42,053,"Pennsylvania","Forest County",4,74,88,48,40
050,42,053,"Pennsylvania","Forest County",4,75,88,44,44
050,42,053,"Pennsylvania","Forest County",4,76,58,31,27
050,42,053,"Pennsylvania","Forest County",4,77,54,28,26
050,42,053,"Pennsylvania","Forest County",4,78,69,39,30
050,42,053,"Pennsylvania","Forest County",4,79,63,33,30
050,42,053,"Pennsylvania","Forest County",4,80,50,25,25
050,42,053,"Pennsylvania","Forest County",4,81,43,18,25
050,42,053,"Pennsylvania","Forest County",4,82,34,16,18
050,42,053,"Pennsylvania","Forest County",4,83,29,15,14
050,42,053,"Pennsylvania","Forest County",4,84,30,17,13
050,42,053,"Pennsylvania","Forest County",4,85,122,62,60
050,42,053,"Pennsylvania","Forest County",5,0,17,12,5
050,42,053,"Pennsylvania","Forest County",5,1,18,14,4
050,42,053,"Pennsylvania","Forest County",5,2,13,7,6
050,42,053,"Pennsylvania","Forest County",5,3,13,7,6
050,42,053,"Pennsylvania","Forest County",5,4,10,6,4
050,42,053,"Pennsylvania","Forest County",5,5,7,6,1
050,42,053,"Pennsylvania","Forest County",5,6,7,5,2
050,42,053,"Pennsylvania","Forest County",5,7,7,4,3
050,42,053,"Pennsylvania","Forest County",5,8,8,4,4
050,42,053,"Pennsylvania","Forest County",5,9,7,4,3
050,42,053,"Pennsylvania","Forest County",5,10,10,6,4
050,42,053,"Pennsylvania","Forest County",5,11,9,4,5
050,42,053,"Pennsylvania","Forest County",5,12,5,2,3
050,42,053,"Pennsylvania","Forest County",5,13,10,5,5
050,42,053,"Pennsylvania","Forest County",5,14,10,4,6
050,42,053,"Pennsylvania","Forest County",5,15,18,11,7
050,42,053,"Pennsylvania","Forest County",5,16,31,25,6
050,42,053,"Pennsylvania","Forest County",5,17,43,37,6
050,42,053,"Pennsylvania","Forest County",5,18,31,28,3
050,42,053,"Pennsylvania","Forest County",5,19,18,16,2
050,42,053,"Pennsylvania","Forest County",5,20,44,39,5
050,42,053,"Pennsylvania","Forest County",5,21,102,96,6
050,42,053,"Pennsylvania","Forest County",5,22,125,119,6
050,42,053,"Pennsylvania","Forest County",5,23,138,133,5
050,42,053,"Pennsylvania","Forest County",5,24,142,132,10
050,42,053,"Pennsylvania","Forest County",5,25,135,124,11
050,42,053,"Pennsylvania","Forest County",5,26,137,129,8
050,42,053,"Pennsylvania","Forest County",5,27,133,126,7
050,42,053,"Pennsylvania","Forest County",5,28,117,103,14
050,42,053,"Pennsylvania","Forest County",5,29,145,127,18
050,42,053,"Pennsylvania","Forest County",5,30,110,100,10
050,42,053,"Pennsylvania","Forest County",5,31,115,103,12
050,42,053,"Pennsylvania","Forest County",5,32,122,109,13
050,42,053,"Pennsylvania","Forest County",5,33,97,82,15
050,42,053,"Pennsylvania","Forest County",5,34,100,93,7
050,42,053,"Pennsylvania","Forest County",5,35,86,78,8
050,42,053,"Pennsylvania","Forest County",5,36,86,68,18
050,42,053,"Pennsylvania","Forest County",5,37,99,84,15
050,42,053,"Pennsylvania","Forest County",5,38,81,58,23
050,42,053,"Pennsylvania","Forest County",5,39,92,73,19
050,42,053,"Pennsylvania","Forest County",5,40,88,73,15
050,42,053,"Pennsylvania","Forest County",5,41,104,90,14
050,42,053,"Pennsylvania","Forest County",5,42,71,52,19
050,42,053,"Pennsylvania","Forest County",5,43,87,62,25
050,42,053,"Pennsylvania","Forest County",5,44,89,69,20
050,42,053,"Pennsylvania","Forest County",5,45,82,62,20
050,42,053,"Pennsylvania","Forest County",5,46,72,59,13
050,42,053,"Pennsylvania","Forest County",5,47,82,64,18
050,42,053,"Pennsylvania","Forest County",5,48,75,56,19
050,42,053,"Pennsylvania","Forest County",5,49,72,53,19
050,42,053,"Pennsylvania","Forest County",5,50,81,55,26
050,42,053,"Pennsylvania","Forest County",5,51,93,61,32
050,42,053,"Pennsylvania","Forest County",5,52,93,62,31
050,42,053,"Pennsylvania","Forest County",5,53,78,50,28
050,42,053,"Pennsylvania","Forest County",5,54,82,55,27
050,42,053,"Pennsylvania","Forest County",5,55,86,56,30
050,42,053,"Pennsylvania","Forest County",5,56,103,62,41
050,42,053,"Pennsylvania","Forest County",5,57,101,60,41
050,42,053,"Pennsylvania","Forest County",5,58,98,58,40
050,42,053,"Pennsylvania","Forest County",5,59,108,66,42
050,42,053,"Pennsylvania","Forest County",5,60,92,50,42
050,42,053,"Pennsylvania","Forest County",5,61,104,60,44
050,42,053,"Pennsylvania","Forest County",5,62,105,59,46
050,42,053,"Pennsylvania","Forest County",5,63,98,59,39
050,42,053,"Pennsylvania","Forest County",5,64,110,59,51
050,42,053,"Pennsylvania","Forest County",5,65,120,63,57
050,42,053,"Pennsylvania","Forest County",5,66,124,62,62
050,42,053,"Pennsylvania","Forest County",5,67,129,77,52
050,42,053,"Pennsylvania","Forest County",5,68,106,59,47
050,42,053,"Pennsylvania","Forest County",5,69,115,62,53
050,42,053,"Pennsylvania","Forest County",5,70,111,53,58
050,42,053,"Pennsylvania","Forest County",5,71,95,49,46
050,42,053,"Pennsylvania","Forest County",5,72,74,46,28
050,42,053,"Pennsylvania","Forest County",5,73,79,38,41
050,42,053,"Pennsylvania","Forest County",5,74,79,40,39
050,42,053,"Pennsylvania","Forest County",5,75,77,40,37
050,42,053,"Pennsylvania","Forest County",5,76,81,41,40
050,42,053,"Pennsylvania","Forest County",5,77,52,27,25
050,42,053,"Pennsylvania","Forest County",5,78,53,27,26
050,42,053,"Pennsylvania","Forest County",5,79,64,36,28
050,42,053,"Pennsylvania","Forest County",5,80,64,32,32
050,42,053,"Pennsylvania","Forest County",5,81,51,25,26
050,42,053,"Pennsylvania","Forest County",5,82,37,15,22
050,42,053,"Pennsylvania","Forest County",5,83,30,13,17
050,42,053,"Pennsylvania","Forest County",5,84,24,12,12
050,42,053,"Pennsylvania","Forest County",5,85,132,73,59
050,42,055,"Pennsylvania","Franklin County",1,0,1725,876,849
050,42,055,"Pennsylvania","Franklin County",1,1,1738,875,863
050,42,055,"Pennsylvania","Franklin County",1,2,1778,911,867
050,42,055,"Pennsylvania","Franklin County",1,3,1849,940,909
050,42,055,"Pennsylvania","Franklin County",1,4,1895,962,933
050,42,055,"Pennsylvania","Franklin County",1,5,1889,976,913
050,42,055,"Pennsylvania","Franklin County",1,6,1890,999,891
050,42,055,"Pennsylvania","Franklin County",1,7,1835,971,864
050,42,055,"Pennsylvania","Franklin County",1,8,1942,959,983
050,42,055,"Pennsylvania","Franklin County",1,9,1900,983,917
050,42,055,"Pennsylvania","Franklin County",1,10,1997,1051,946
050,42,055,"Pennsylvania","Franklin County",1,11,2099,1069,1030
050,42,055,"Pennsylvania","Franklin County",1,12,2165,1082,1083
050,42,055,"Pennsylvania","Franklin County",1,13,2140,1111,1029
050,42,055,"Pennsylvania","Franklin County",1,14,2040,1057,983
050,42,055,"Pennsylvania","Franklin County",1,15,1966,998,968
050,42,055,"Pennsylvania","Franklin County",1,16,2036,1054,982
050,42,055,"Pennsylvania","Franklin County",1,17,1959,1026,933
050,42,055,"Pennsylvania","Franklin County",1,18,1744,923,821
050,42,055,"Pennsylvania","Franklin County",1,19,1499,768,731
050,42,055,"Pennsylvania","Franklin County",1,20,1546,787,759
050,42,055,"Pennsylvania","Franklin County",1,21,1572,788,784
050,42,055,"Pennsylvania","Franklin County",1,22,1646,814,832
050,42,055,"Pennsylvania","Franklin County",1,23,1668,833,835
050,42,055,"Pennsylvania","Franklin County",1,24,1693,833,860
050,42,055,"Pennsylvania","Franklin County",1,25,1776,905,871
050,42,055,"Pennsylvania","Franklin County",1,26,1772,920,852
050,42,055,"Pennsylvania","Franklin County",1,27,1834,937,897
050,42,055,"Pennsylvania","Franklin County",1,28,1951,996,955
050,42,055,"Pennsylvania","Franklin County",1,29,1932,969,963
050,42,055,"Pennsylvania","Franklin County",1,30,2008,994,1014
050,42,055,"Pennsylvania","Franklin County",1,31,1905,919,986
050,42,055,"Pennsylvania","Franklin County",1,32,1855,922,933
050,42,055,"Pennsylvania","Franklin County",1,33,1857,925,932
050,42,055,"Pennsylvania","Franklin County",1,34,1916,955,961
050,42,055,"Pennsylvania","Franklin County",1,35,1875,937,938
050,42,055,"Pennsylvania","Franklin County",1,36,1849,884,965
050,42,055,"Pennsylvania","Franklin County",1,37,1878,945,933
050,42,055,"Pennsylvania","Franklin County",1,38,1897,957,940
050,42,055,"Pennsylvania","Franklin County",1,39,1902,943,959
050,42,055,"Pennsylvania","Franklin County",1,40,1866,932,934
050,42,055,"Pennsylvania","Franklin County",1,41,1782,885,897
050,42,055,"Pennsylvania","Franklin County",1,42,1776,851,925
050,42,055,"Pennsylvania","Franklin County",1,43,1796,879,917
050,42,055,"Pennsylvania","Franklin County",1,44,1807,897,910
050,42,055,"Pennsylvania","Franklin County",1,45,1849,930,919
050,42,055,"Pennsylvania","Franklin County",1,46,1886,955,931
050,42,055,"Pennsylvania","Franklin County",1,47,1945,996,949
050,42,055,"Pennsylvania","Franklin County",1,48,2059,1052,1007
050,42,055,"Pennsylvania","Franklin County",1,49,2194,1113,1081
050,42,055,"Pennsylvania","Franklin County",1,50,2153,1098,1055
050,42,055,"Pennsylvania","Franklin County",1,51,2067,1061,1006
050,42,055,"Pennsylvania","Franklin County",1,52,2016,1026,990
050,42,055,"Pennsylvania","Franklin County",1,53,2026,1024,1002
050,42,055,"Pennsylvania","Franklin County",1,54,2082,1058,1024
050,42,055,"Pennsylvania","Franklin County",1,55,2227,1128,1099
050,42,055,"Pennsylvania","Franklin County",1,56,2282,1161,1121
050,42,055,"Pennsylvania","Franklin County",1,57,2224,1128,1096
050,42,055,"Pennsylvania","Franklin County",1,58,2232,1119,1113
050,42,055,"Pennsylvania","Franklin County",1,59,2151,1053,1098
050,42,055,"Pennsylvania","Franklin County",1,60,2128,1046,1082
050,42,055,"Pennsylvania","Franklin County",1,61,2118,1014,1104
050,42,055,"Pennsylvania","Franklin County",1,62,2156,1030,1126
050,42,055,"Pennsylvania","Franklin County",1,63,2111,1020,1091
050,42,055,"Pennsylvania","Franklin County",1,64,2053,1045,1008
050,42,055,"Pennsylvania","Franklin County",1,65,1999,1002,997
050,42,055,"Pennsylvania","Franklin County",1,66,1978,959,1019
050,42,055,"Pennsylvania","Franklin County",1,67,1895,875,1020
050,42,055,"Pennsylvania","Franklin County",1,68,1825,857,968
050,42,055,"Pennsylvania","Franklin County",1,69,1655,761,894
050,42,055,"Pennsylvania","Franklin County",1,70,1615,744,871
050,42,055,"Pennsylvania","Franklin County",1,71,1657,792,865
050,42,055,"Pennsylvania","Franklin County",1,72,1745,835,910
050,42,055,"Pennsylvania","Franklin County",1,73,1758,851,907
050,42,055,"Pennsylvania","Franklin County",1,74,1202,566,636
050,42,055,"Pennsylvania","Franklin County",1,75,1262,580,682
050,42,055,"Pennsylvania","Franklin County",1,76,1315,600,715
050,42,055,"Pennsylvania","Franklin County",1,77,1215,541,674
050,42,055,"Pennsylvania","Franklin County",1,78,1049,461,588
050,42,055,"Pennsylvania","Franklin County",1,79,946,427,519
050,42,055,"Pennsylvania","Franklin County",1,80,799,357,442
050,42,055,"Pennsylvania","Franklin County",1,81,787,358,429
050,42,055,"Pennsylvania","Franklin County",1,82,768,337,431
050,42,055,"Pennsylvania","Franklin County",1,83,708,312,396
050,42,055,"Pennsylvania","Franklin County",1,84,635,272,363
050,42,055,"Pennsylvania","Franklin County",1,85,3728,1362,2366
050,42,055,"Pennsylvania","Franklin County",2,0,1698,855,843
050,42,055,"Pennsylvania","Franklin County",2,1,1737,877,860
050,42,055,"Pennsylvania","Franklin County",2,2,1768,900,868
050,42,055,"Pennsylvania","Franklin County",2,3,1827,930,897
050,42,055,"Pennsylvania","Franklin County",2,4,1886,956,930
050,42,055,"Pennsylvania","Franklin County",2,5,1887,969,918
050,42,055,"Pennsylvania","Franklin County",2,6,1891,997,894
050,42,055,"Pennsylvania","Franklin County",2,7,1842,975,867
050,42,055,"Pennsylvania","Franklin County",2,8,1909,960,949
050,42,055,"Pennsylvania","Franklin County",2,9,1908,976,932
050,42,055,"Pennsylvania","Franklin County",2,10,1970,1031,939
050,42,055,"Pennsylvania","Franklin County",2,11,2069,1060,1009
050,42,055,"Pennsylvania","Franklin County",2,12,2158,1084,1074
050,42,055,"Pennsylvania","Franklin County",2,13,2145,1105,1040
050,42,055,"Pennsylvania","Franklin County",2,14,2065,1070,995
050,42,055,"Pennsylvania","Franklin County",2,15,1989,1015,974
050,42,055,"Pennsylvania","Franklin County",2,16,2020,1043,977
050,42,055,"Pennsylvania","Franklin County",2,17,1984,1039,945
050,42,055,"Pennsylvania","Franklin County",2,18,1738,922,816
050,42,055,"Pennsylvania","Franklin County",2,19,1491,769,722
050,42,055,"Pennsylvania","Franklin County",2,20,1566,795,771
050,42,055,"Pennsylvania","Franklin County",2,21,1578,790,788
050,42,055,"Pennsylvania","Franklin County",2,22,1640,818,822
050,42,055,"Pennsylvania","Franklin County",2,23,1678,838,840
050,42,055,"Pennsylvania","Franklin County",2,24,1693,838,855
050,42,055,"Pennsylvania","Franklin County",2,25,1758,889,869
050,42,055,"Pennsylvania","Franklin County",2,26,1782,922,860
050,42,055,"Pennsylvania","Franklin County",2,27,1818,933,885
050,42,055,"Pennsylvania","Franklin County",2,28,1916,976,940
050,42,055,"Pennsylvania","Franklin County",2,29,1938,978,960
050,42,055,"Pennsylvania","Franklin County",2,30,2002,992,1010
050,42,055,"Pennsylvania","Franklin County",2,31,1929,939,990
050,42,055,"Pennsylvania","Franklin County",2,32,1868,921,947
050,42,055,"Pennsylvania","Franklin County",2,33,1863,929,934
050,42,055,"Pennsylvania","Franklin County",2,34,1903,950,953
050,42,055,"Pennsylvania","Franklin County",2,35,1894,944,950
050,42,055,"Pennsylvania","Franklin County",2,36,1847,891,956
050,42,055,"Pennsylvania","Franklin County",2,37,1874,926,948
050,42,055,"Pennsylvania","Franklin County",2,38,1901,959,942
050,42,055,"Pennsylvania","Franklin County",2,39,1897,947,950
050,42,055,"Pennsylvania","Franklin County",2,40,1887,941,946
050,42,055,"Pennsylvania","Franklin County",2,41,1802,895,907
050,42,055,"Pennsylvania","Franklin County",2,42,1770,858,912
050,42,055,"Pennsylvania","Franklin County",2,43,1804,878,926
050,42,055,"Pennsylvania","Franklin County",2,44,1789,886,903
050,42,055,"Pennsylvania","Franklin County",2,45,1850,925,925
050,42,055,"Pennsylvania","Franklin County",2,46,1869,943,926
050,42,055,"Pennsylvania","Franklin County",2,47,1924,983,941
050,42,055,"Pennsylvania","Franklin County",2,48,2029,1038,991
050,42,055,"Pennsylvania","Franklin County",2,49,2171,1102,1069
050,42,055,"Pennsylvania","Franklin County",2,50,2166,1102,1064
050,42,055,"Pennsylvania","Franklin County",2,51,2083,1066,1017
050,42,055,"Pennsylvania","Franklin County",2,52,2017,1027,990
050,42,055,"Pennsylvania","Franklin County",2,53,2025,1026,999
050,42,055,"Pennsylvania","Franklin County",2,54,2063,1046,1017
050,42,055,"Pennsylvania","Franklin County",2,55,2186,1110,1076
050,42,055,"Pennsylvania","Franklin County",2,56,2272,1158,1114
050,42,055,"Pennsylvania","Franklin County",2,57,2240,1138,1102
050,42,055,"Pennsylvania","Franklin County",2,58,2224,1115,1109
050,42,055,"Pennsylvania","Franklin County",2,59,2187,1076,1111
050,42,055,"Pennsylvania","Franklin County",2,60,2117,1036,1081
050,42,055,"Pennsylvania","Franklin County",2,61,2112,1017,1095
050,42,055,"Pennsylvania","Franklin County",2,62,2142,1018,1124
050,42,055,"Pennsylvania","Franklin County",2,63,2139,1029,1110
050,42,055,"Pennsylvania","Franklin County",2,64,2054,1030,1024
050,42,055,"Pennsylvania","Franklin County",2,65,2008,1006,1002
050,42,055,"Pennsylvania","Franklin County",2,66,1983,971,1012
050,42,055,"Pennsylvania","Franklin County",2,67,1909,893,1016
050,42,055,"Pennsylvania","Franklin County",2,68,1831,856,975
050,42,055,"Pennsylvania","Franklin County",2,69,1702,783,919
050,42,055,"Pennsylvania","Franklin County",2,70,1618,745,873
050,42,055,"Pennsylvania","Franklin County",2,71,1643,775,868
050,42,055,"Pennsylvania","Franklin County",2,72,1691,805,886
050,42,055,"Pennsylvania","Franklin County",2,73,1830,882,948
050,42,055,"Pennsylvania","Franklin County",2,74,1244,591,653
050,42,055,"Pennsylvania","Franklin County",2,75,1235,567,668
050,42,055,"Pennsylvania","Franklin County",2,76,1279,584,695
050,42,055,"Pennsylvania","Franklin County",2,77,1267,567,700
050,42,055,"Pennsylvania","Franklin County",2,78,1058,464,594
050,42,055,"Pennsylvania","Franklin County",2,79,953,427,526
050,42,055,"Pennsylvania","Franklin County",2,80,827,369,458
050,42,055,"Pennsylvania","Franklin County",2,81,776,350,426
050,42,055,"Pennsylvania","Franklin County",2,82,768,338,430
050,42,055,"Pennsylvania","Franklin County",2,83,711,312,399
050,42,055,"Pennsylvania","Franklin County",2,84,637,275,362
050,42,055,"Pennsylvania","Franklin County",2,85,3730,1366,2364
050,42,055,"Pennsylvania","Franklin County",3,0,1632,836,796
050,42,055,"Pennsylvania","Franklin County",3,1,1731,848,883
050,42,055,"Pennsylvania","Franklin County",3,2,1763,881,882
050,42,055,"Pennsylvania","Franklin County",3,3,1752,888,864
050,42,055,"Pennsylvania","Franklin County",3,4,1830,938,892
050,42,055,"Pennsylvania","Franklin County",3,5,1904,968,936
050,42,055,"Pennsylvania","Franklin County",3,6,1889,971,918
050,42,055,"Pennsylvania","Franklin County",3,7,1906,1008,898
050,42,055,"Pennsylvania","Franklin County",3,8,1843,959,884
050,42,055,"Pennsylvania","Franklin County",3,9,1909,954,955
050,42,055,"Pennsylvania","Franklin County",3,10,1916,987,929
050,42,055,"Pennsylvania","Franklin County",3,11,1966,1028,938
050,42,055,"Pennsylvania","Franklin County",3,12,2077,1064,1013
050,42,055,"Pennsylvania","Franklin County",3,13,2149,1087,1062
050,42,055,"Pennsylvania","Franklin County",3,14,2170,1114,1056
050,42,055,"Pennsylvania","Franklin County",3,15,2094,1079,1015
050,42,055,"Pennsylvania","Franklin County",3,16,1997,1024,973
050,42,055,"Pennsylvania","Franklin County",3,17,2032,1067,965
050,42,055,"Pennsylvania","Franklin County",3,18,1838,965,873
050,42,055,"Pennsylvania","Franklin County",3,19,1516,779,737
050,42,055,"Pennsylvania","Franklin County",3,20,1604,810,794
050,42,055,"Pennsylvania","Franklin County",3,21,1663,827,836
050,42,055,"Pennsylvania","Franklin County",3,22,1693,833,860
050,42,055,"Pennsylvania","Franklin County",3,23,1727,875,852
050,42,055,"Pennsylvania","Franklin County",3,24,1698,843,855
050,42,055,"Pennsylvania","Franklin County",3,25,1705,851,854
050,42,055,"Pennsylvania","Franklin County",3,26,1786,900,886
050,42,055,"Pennsylvania","Franklin County",3,27,1817,927,890
050,42,055,"Pennsylvania","Franklin County",3,28,1840,932,908
050,42,055,"Pennsylvania","Franklin County",3,29,1975,1003,972
050,42,055,"Pennsylvania","Franklin County",3,30,1969,992,977
050,42,055,"Pennsylvania","Franklin County",3,31,2023,1006,1017
050,42,055,"Pennsylvania","Franklin County",3,32,1929,936,993
050,42,055,"Pennsylvania","Franklin County",3,33,1868,911,957
050,42,055,"Pennsylvania","Franklin County",3,34,1883,932,951
050,42,055,"Pennsylvania","Franklin County",3,35,1920,964,956
050,42,055,"Pennsylvania","Franklin County",3,36,1926,959,967
050,42,055,"Pennsylvania","Franklin County",3,37,1870,909,961
050,42,055,"Pennsylvania","Franklin County",3,38,1900,949,951
050,42,055,"Pennsylvania","Franklin County",3,39,1895,966,929
050,42,055,"Pennsylvania","Franklin County",3,40,1914,972,942
050,42,055,"Pennsylvania","Franklin County",3,41,1898,931,967
050,42,055,"Pennsylvania","Franklin County",3,42,1817,903,914
050,42,055,"Pennsylvania","Franklin County",3,43,1753,840,913
050,42,055,"Pennsylvania","Franklin County",3,44,1826,890,936
050,42,055,"Pennsylvania","Franklin County",3,45,1786,877,909
050,42,055,"Pennsylvania","Franklin County",3,46,1850,923,927
050,42,055,"Pennsylvania","Franklin County",3,47,1870,941,929
050,42,055,"Pennsylvania","Franklin County",3,48,1935,982,953
050,42,055,"Pennsylvania","Franklin County",3,49,2015,1032,983
050,42,055,"Pennsylvania","Franklin County",3,50,2162,1100,1062
050,42,055,"Pennsylvania","Franklin County",3,51,2187,1113,1074
050,42,055,"Pennsylvania","Franklin County",3,52,2083,1073,1010
050,42,055,"Pennsylvania","Franklin County",3,53,2041,1036,1005
050,42,055,"Pennsylvania","Franklin County",3,54,2030,1018,1012
050,42,055,"Pennsylvania","Franklin County",3,55,2083,1055,1028
050,42,055,"Pennsylvania","Franklin County",3,56,2188,1117,1071
050,42,055,"Pennsylvania","Franklin County",3,57,2264,1149,1115
050,42,055,"Pennsylvania","Franklin County",3,58,2235,1147,1088
050,42,055,"Pennsylvania","Franklin County",3,59,2222,1100,1122
050,42,055,"Pennsylvania","Franklin County",3,60,2167,1058,1109
050,42,055,"Pennsylvania","Franklin County",3,61,2078,1008,1070
050,42,055,"Pennsylvania","Franklin County",3,62,2098,1017,1081
050,42,055,"Pennsylvania","Franklin County",3,63,2140,1017,1123
050,42,055,"Pennsylvania","Franklin County",3,64,2135,1025,1110
050,42,055,"Pennsylvania","Franklin County",3,65,2033,1012,1021
050,42,055,"Pennsylvania","Franklin County",3,66,1976,982,994
050,42,055,"Pennsylvania","Franklin County",3,67,1964,952,1012
050,42,055,"Pennsylvania","Franklin County",3,68,1877,869,1008
050,42,055,"Pennsylvania","Franklin County",3,69,1802,835,967
050,42,055,"Pennsylvania","Franklin County",3,70,1682,772,910
050,42,055,"Pennsylvania","Franklin County",3,71,1561,731,830
050,42,055,"Pennsylvania","Franklin County",3,72,1620,758,862
050,42,055,"Pennsylvania","Franklin County",3,73,1650,781,869
050,42,055,"Pennsylvania","Franklin County",3,74,1785,857,928
050,42,055,"Pennsylvania","Franklin County",3,75,1204,554,650
050,42,055,"Pennsylvania","Franklin County",3,76,1176,537,639
050,42,055,"Pennsylvania","Franklin County",3,77,1230,561,669
050,42,055,"Pennsylvania","Franklin County",3,78,1191,525,666
050,42,055,"Pennsylvania","Franklin County",3,79,1014,438,576
050,42,055,"Pennsylvania","Franklin County",3,80,884,389,495
050,42,055,"Pennsylvania","Franklin County",3,81,775,342,433
050,42,055,"Pennsylvania","Franklin County",3,82,716,312,404
050,42,055,"Pennsylvania","Franklin County",3,83,721,318,403
050,42,055,"Pennsylvania","Franklin County",3,84,635,267,368
050,42,055,"Pennsylvania","Franklin County",3,85,3695,1360,2335
050,42,055,"Pennsylvania","Franklin County",4,0,1717,895,822
050,42,055,"Pennsylvania","Franklin County",4,1,1643,809,834
050,42,055,"Pennsylvania","Franklin County",4,2,1747,860,887
050,42,055,"Pennsylvania","Franklin County",4,3,1763,881,882
050,42,055,"Pennsylvania","Franklin County",4,4,1803,914,889
050,42,055,"Pennsylvania","Franklin County",4,5,1855,953,902
050,42,055,"Pennsylvania","Franklin County",4,6,1889,972,917
050,42,055,"Pennsylvania","Franklin County",4,7,1909,991,918
050,42,055,"Pennsylvania","Franklin County",4,8,1927,1023,904
050,42,055,"Pennsylvania","Franklin County",4,9,1839,963,876
050,42,055,"Pennsylvania","Franklin County",4,10,1933,981,952
050,42,055,"Pennsylvania","Franklin County",4,11,1928,999,929
050,42,055,"Pennsylvania","Franklin County",4,12,1975,1027,948
050,42,055,"Pennsylvania","Franklin County",4,13,2079,1066,1013
050,42,055,"Pennsylvania","Franklin County",4,14,2172,1090,1082
050,42,055,"Pennsylvania","Franklin County",4,15,2162,1110,1052
050,42,055,"Pennsylvania","Franklin County",4,16,2116,1102,1014
050,42,055,"Pennsylvania","Franklin County",4,17,2002,1045,957
050,42,055,"Pennsylvania","Franklin County",4,18,1892,1011,881
050,42,055,"Pennsylvania","Franklin County",4,19,1520,798,722
050,42,055,"Pennsylvania","Franklin County",4,20,1506,777,729
050,42,055,"Pennsylvania","Franklin County",4,21,1631,803,828
050,42,055,"Pennsylvania","Franklin County",4,22,1733,868,865
050,42,055,"Pennsylvania","Franklin County",4,23,1758,883,875
050,42,055,"Pennsylvania","Franklin County",4,24,1753,889,864
050,42,055,"Pennsylvania","Franklin County",4,25,1744,854,890
050,42,055,"Pennsylvania","Franklin County",4,26,1750,890,860
050,42,055,"Pennsylvania","Franklin County",4,27,1817,917,900
050,42,055,"Pennsylvania","Franklin County",4,28,1810,911,899
050,42,055,"Pennsylvania","Franklin County",4,29,1841,944,897
050,42,055,"Pennsylvania","Franklin County",4,30,2005,1016,989
050,42,055,"Pennsylvania","Franklin County",4,31,1981,988,993
050,42,055,"Pennsylvania","Franklin County",4,32,2059,1024,1035
050,42,055,"Pennsylvania","Franklin County",4,33,1962,962,1000
050,42,055,"Pennsylvania","Franklin County",4,34,1856,914,942
050,42,055,"Pennsylvania","Franklin County",4,35,1902,952,950
050,42,055,"Pennsylvania","Franklin County",4,36,1939,982,957
050,42,055,"Pennsylvania","Franklin County",4,37,1942,952,990
050,42,055,"Pennsylvania","Franklin County",4,38,1888,924,964
050,42,055,"Pennsylvania","Franklin County",4,39,1918,965,953
050,42,055,"Pennsylvania","Franklin County",4,40,1919,970,949
050,42,055,"Pennsylvania","Franklin County",4,41,1945,980,965
050,42,055,"Pennsylvania","Franklin County",4,42,1903,946,957
050,42,055,"Pennsylvania","Franklin County",4,43,1816,900,916
050,42,055,"Pennsylvania","Franklin County",4,44,1764,844,920
050,42,055,"Pennsylvania","Franklin County",4,45,1834,894,940
050,42,055,"Pennsylvania","Franklin County",4,46,1799,864,935
050,42,055,"Pennsylvania","Franklin County",4,47,1830,907,923
050,42,055,"Pennsylvania","Franklin County",4,48,1862,936,926
050,42,055,"Pennsylvania","Franklin County",4,49,1926,971,955
050,42,055,"Pennsylvania","Franklin County",4,50,2006,1037,969
050,42,055,"Pennsylvania","Franklin County",4,51,2177,1116,1061
050,42,055,"Pennsylvania","Franklin County",4,52,2171,1111,1060
050,42,055,"Pennsylvania","Franklin County",4,53,2076,1070,1006
050,42,055,"Pennsylvania","Franklin County",4,54,2049,1037,1012
050,42,055,"Pennsylvania","Franklin County",4,55,2027,1015,1012
050,42,055,"Pennsylvania","Franklin County",4,56,2103,1056,1047
050,42,055,"Pennsylvania","Franklin County",4,57,2179,1097,1082
050,42,055,"Pennsylvania","Franklin County",4,58,2238,1130,1108
050,42,055,"Pennsylvania","Franklin County",4,59,2223,1139,1084
050,42,055,"Pennsylvania","Franklin County",4,60,2211,1096,1115
050,42,055,"Pennsylvania","Franklin County",4,61,2156,1046,1110
050,42,055,"Pennsylvania","Franklin County",4,62,2065,1000,1065
050,42,055,"Pennsylvania","Franklin County",4,63,2056,987,1069
050,42,055,"Pennsylvania","Franklin County",4,64,2138,1013,1125
050,42,055,"Pennsylvania","Franklin County",4,65,2110,997,1113
050,42,055,"Pennsylvania","Franklin County",4,66,2000,1000,1000
050,42,055,"Pennsylvania","Franklin County",4,67,1967,975,992
050,42,055,"Pennsylvania","Franklin County",4,68,1932,925,1007
050,42,055,"Pennsylvania","Franklin County",4,69,1860,863,997
050,42,055,"Pennsylvania","Franklin County",4,70,1784,823,961
050,42,055,"Pennsylvania","Franklin County",4,71,1630,760,870
050,42,055,"Pennsylvania","Franklin County",4,72,1521,701,820
050,42,055,"Pennsylvania","Franklin County",4,73,1569,725,844
050,42,055,"Pennsylvania","Franklin County",4,74,1615,760,855
050,42,055,"Pennsylvania","Franklin County",4,75,1729,811,918
050,42,055,"Pennsylvania","Franklin County",4,76,1170,537,633
050,42,055,"Pennsylvania","Franklin County",4,77,1121,510,611
050,42,055,"Pennsylvania","Franklin County",4,78,1169,528,641
050,42,055,"Pennsylvania","Franklin County",4,79,1160,502,658
050,42,055,"Pennsylvania","Franklin County",4,80,954,400,554
050,42,055,"Pennsylvania","Franklin County",4,81,834,362,472
050,42,055,"Pennsylvania","Franklin County",4,82,723,308,415
050,42,055,"Pennsylvania","Franklin County",4,83,659,293,366
050,42,055,"Pennsylvania","Franklin County",4,84,642,266,376
050,42,055,"Pennsylvania","Franklin County",4,85,3663,1340,2323
050,42,055,"Pennsylvania","Franklin County",5,0,1699,888,811
050,42,055,"Pennsylvania","Franklin County",5,1,1730,910,820
050,42,055,"Pennsylvania","Franklin County",5,2,1652,819,833
050,42,055,"Pennsylvania","Franklin County",5,3,1769,856,913
050,42,055,"Pennsylvania","Franklin County",5,4,1781,880,901
050,42,055,"Pennsylvania","Franklin County",5,5,1827,939,888
050,42,055,"Pennsylvania","Franklin County",5,6,1868,950,918
050,42,055,"Pennsylvania","Franklin County",5,7,1906,977,929
050,42,055,"Pennsylvania","Franklin County",5,8,1954,1010,944
050,42,055,"Pennsylvania","Franklin County",5,9,1945,1016,929
050,42,055,"Pennsylvania","Franklin County",5,10,1863,966,897
050,42,055,"Pennsylvania","Franklin County",5,11,1965,1003,962
050,42,055,"Pennsylvania","Franklin County",5,12,1949,1006,943
050,42,055,"Pennsylvania","Franklin County",5,13,1989,1035,954
050,42,055,"Pennsylvania","Franklin County",5,14,2091,1071,1020
050,42,055,"Pennsylvania","Franklin County",5,15,2200,1088,1112
050,42,055,"Pennsylvania","Franklin County",5,16,2183,1110,1073
050,42,055,"Pennsylvania","Franklin County",5,17,2125,1110,1015
050,42,055,"Pennsylvania","Franklin County",5,18,1855,978,877
050,42,055,"Pennsylvania","Franklin County",5,19,1573,832,741
050,42,055,"Pennsylvania","Franklin County",5,20,1557,810,747
050,42,055,"Pennsylvania","Franklin County",5,21,1559,794,765
050,42,055,"Pennsylvania","Franklin County",5,22,1750,861,889
050,42,055,"Pennsylvania","Franklin County",5,23,1842,938,904
050,42,055,"Pennsylvania","Franklin County",5,24,1795,911,884
050,42,055,"Pennsylvania","Franklin County",5,25,1797,910,887
050,42,055,"Pennsylvania","Franklin County",5,26,1762,878,884
050,42,055,"Pennsylvania","Franklin County",5,27,1779,906,873
050,42,055,"Pennsylvania","Franklin County",5,28,1800,896,904
050,42,055,"Pennsylvania","Franklin County",5,29,1839,935,904
050,42,055,"Pennsylvania","Franklin County",5,30,1889,964,925
050,42,055,"Pennsylvania","Franklin County",5,31,2016,1025,991
050,42,055,"Pennsylvania","Franklin County",5,32,2001,1013,988
050,42,055,"Pennsylvania","Franklin County",5,33,2108,1030,1078
050,42,055,"Pennsylvania","Franklin County",5,34,1994,990,1004
050,42,055,"Pennsylvania","Franklin County",5,35,1890,921,969
050,42,055,"Pennsylvania","Franklin County",5,36,1922,957,965
050,42,055,"Pennsylvania","Franklin County",5,37,1968,1001,967
050,42,055,"Pennsylvania","Franklin County",5,38,1950,959,991
050,42,055,"Pennsylvania","Franklin County",5,39,1927,951,976
050,42,055,"Pennsylvania","Franklin County",5,40,1918,959,959
050,42,055,"Pennsylvania","Franklin County",5,41,1946,978,968
050,42,055,"Pennsylvania","Franklin County",5,42,1937,989,948
050,42,055,"Pennsylvania","Franklin County",5,43,1892,945,947
050,42,055,"Pennsylvania","Franklin County",5,44,1836,906,930
050,42,055,"Pennsylvania","Franklin County",5,45,1767,842,925
050,42,055,"Pennsylvania","Franklin County",5,46,1828,903,925
050,42,055,"Pennsylvania","Franklin County",5,47,1806,881,925
050,42,055,"Pennsylvania","Franklin County",5,48,1861,922,939
050,42,055,"Pennsylvania","Franklin County",5,49,1878,942,936
050,42,055,"Pennsylvania","Franklin County",5,50,1911,964,947
050,42,055,"Pennsylvania","Franklin County",5,51,2004,1029,975
050,42,055,"Pennsylvania","Franklin County",5,52,2197,1116,1081
050,42,055,"Pennsylvania","Franklin County",5,53,2165,1108,1057
050,42,055,"Pennsylvania","Franklin County",5,54,2080,1062,1018
050,42,055,"Pennsylvania","Franklin County",5,55,2034,1034,1000
050,42,055,"Pennsylvania","Franklin County",5,56,2012,1010,1002
050,42,055,"Pennsylvania","Franklin County",5,57,2100,1051,1049
050,42,055,"Pennsylvania","Franklin County",5,58,2169,1092,1077
050,42,055,"Pennsylvania","Franklin County",5,59,2218,1125,1093
050,42,055,"Pennsylvania","Franklin County",5,60,2215,1128,1087
050,42,055,"Pennsylvania","Franklin County",5,61,2181,1062,1119
050,42,055,"Pennsylvania","Franklin County",5,62,2153,1037,1116
050,42,055,"Pennsylvania","Franklin County",5,63,2062,1009,1053
050,42,055,"Pennsylvania","Franklin County",5,64,2044,983,1061
050,42,055,"Pennsylvania","Franklin County",5,65,2115,989,1126
050,42,055,"Pennsylvania","Franklin County",5,66,2075,983,1092
050,42,055,"Pennsylvania","Franklin County",5,67,1963,977,986
050,42,055,"Pennsylvania","Franklin County",5,68,1947,961,986
050,42,055,"Pennsylvania","Franklin County",5,69,1906,906,1000
050,42,055,"Pennsylvania","Franklin County",5,70,1847,859,988
050,42,055,"Pennsylvania","Franklin County",5,71,1735,809,926
050,42,055,"Pennsylvania","Franklin County",5,72,1605,740,865
050,42,055,"Pennsylvania","Franklin County",5,73,1490,678,812
050,42,055,"Pennsylvania","Franklin County",5,74,1537,705,832
050,42,055,"Pennsylvania","Franklin County",5,75,1581,724,857
050,42,055,"Pennsylvania","Franklin County",5,76,1693,793,900
050,42,055,"Pennsylvania","Franklin County",5,77,1134,520,614
050,42,055,"Pennsylvania","Franklin County",5,78,1088,491,597
050,42,055,"Pennsylvania","Franklin County",5,79,1150,513,637
050,42,055,"Pennsylvania","Franklin County",5,80,1091,461,630
050,42,055,"Pennsylvania","Franklin County",5,81,906,378,528
050,42,055,"Pennsylvania","Franklin County",5,82,774,325,449
050,42,055,"Pennsylvania","Franklin County",5,83,678,293,385
050,42,055,"Pennsylvania","Franklin County",5,84,589,252,337
050,42,055,"Pennsylvania","Franklin County",5,85,3667,1340,2327
050,42,057,"Pennsylvania","Fulton County",1,0,142,73,69
050,42,057,"Pennsylvania","Fulton County",1,1,137,74,63
050,42,057,"Pennsylvania","Fulton County",1,2,143,70,73
050,42,057,"Pennsylvania","Fulton County",1,3,163,73,90
050,42,057,"Pennsylvania","Fulton County",1,4,143,75,68
050,42,057,"Pennsylvania","Fulton County",1,5,143,86,57
050,42,057,"Pennsylvania","Fulton County",1,6,163,79,84
050,42,057,"Pennsylvania","Fulton County",1,7,156,77,79
050,42,057,"Pennsylvania","Fulton County",1,8,146,81,65
050,42,057,"Pennsylvania","Fulton County",1,9,144,72,72
050,42,057,"Pennsylvania","Fulton County",1,10,165,88,77
050,42,057,"Pennsylvania","Fulton County",1,11,175,91,84
050,42,057,"Pennsylvania","Fulton County",1,12,183,99,84
050,42,057,"Pennsylvania","Fulton County",1,13,184,96,88
050,42,057,"Pennsylvania","Fulton County",1,14,180,92,88
050,42,057,"Pennsylvania","Fulton County",1,15,176,92,84
050,42,057,"Pennsylvania","Fulton County",1,16,156,78,78
050,42,057,"Pennsylvania","Fulton County",1,17,183,79,104
050,42,057,"Pennsylvania","Fulton County",1,18,149,71,78
050,42,057,"Pennsylvania","Fulton County",1,19,121,65,56
050,42,057,"Pennsylvania","Fulton County",1,20,135,72,63
050,42,057,"Pennsylvania","Fulton County",1,21,154,88,66
050,42,057,"Pennsylvania","Fulton County",1,22,156,79,77
050,42,057,"Pennsylvania","Fulton County",1,23,164,82,82
050,42,057,"Pennsylvania","Fulton County",1,24,162,86,76
050,42,057,"Pennsylvania","Fulton County",1,25,160,90,70
050,42,057,"Pennsylvania","Fulton County",1,26,171,89,82
050,42,057,"Pennsylvania","Fulton County",1,27,154,81,73
050,42,057,"Pennsylvania","Fulton County",1,28,163,83,80
050,42,057,"Pennsylvania","Fulton County",1,29,143,73,70
050,42,057,"Pennsylvania","Fulton County",1,30,152,81,71
050,42,057,"Pennsylvania","Fulton County",1,31,146,73,73
050,42,057,"Pennsylvania","Fulton County",1,32,151,72,79
050,42,057,"Pennsylvania","Fulton County",1,33,156,70,86
050,42,057,"Pennsylvania","Fulton County",1,34,148,73,75
050,42,057,"Pennsylvania","Fulton County",1,35,156,78,78
050,42,057,"Pennsylvania","Fulton County",1,36,152,71,81
050,42,057,"Pennsylvania","Fulton County",1,37,156,81,75
050,42,057,"Pennsylvania","Fulton County",1,38,163,94,69
050,42,057,"Pennsylvania","Fulton County",1,39,161,75,86
050,42,057,"Pennsylvania","Fulton County",1,40,160,84,76
050,42,057,"Pennsylvania","Fulton County",1,41,147,69,78
050,42,057,"Pennsylvania","Fulton County",1,42,185,94,91
050,42,057,"Pennsylvania","Fulton County",1,43,172,95,77
050,42,057,"Pennsylvania","Fulton County",1,44,168,89,79
050,42,057,"Pennsylvania","Fulton County",1,45,183,92,91
050,42,057,"Pennsylvania","Fulton County",1,46,184,97,87
050,42,057,"Pennsylvania","Fulton County",1,47,177,89,88
050,42,057,"Pennsylvania","Fulton County",1,48,209,104,105
050,42,057,"Pennsylvania","Fulton County",1,49,238,125,113
050,42,057,"Pennsylvania","Fulton County",1,50,202,109,93
050,42,057,"Pennsylvania","Fulton County",1,51,205,109,96
050,42,057,"Pennsylvania","Fulton County",1,52,210,113,97
050,42,057,"Pennsylvania","Fulton County",1,53,231,123,108
050,42,057,"Pennsylvania","Fulton County",1,54,223,120,103
050,42,057,"Pennsylvania","Fulton County",1,55,231,122,109
050,42,057,"Pennsylvania","Fulton County",1,56,237,133,104
050,42,057,"Pennsylvania","Fulton County",1,57,211,119,92
050,42,057,"Pennsylvania","Fulton County",1,58,222,111,111
050,42,057,"Pennsylvania","Fulton County",1,59,222,115,107
050,42,057,"Pennsylvania","Fulton County",1,60,208,109,99
050,42,057,"Pennsylvania","Fulton County",1,61,225,113,112
050,42,057,"Pennsylvania","Fulton County",1,62,232,119,113
050,42,057,"Pennsylvania","Fulton County",1,63,223,120,103
050,42,057,"Pennsylvania","Fulton County",1,64,204,100,104
050,42,057,"Pennsylvania","Fulton County",1,65,202,102,100
050,42,057,"Pennsylvania","Fulton County",1,66,203,97,106
050,42,057,"Pennsylvania","Fulton County",1,67,199,95,104
050,42,057,"Pennsylvania","Fulton County",1,68,184,87,97
050,42,057,"Pennsylvania","Fulton County",1,69,168,80,88
050,42,057,"Pennsylvania","Fulton County",1,70,167,77,90
050,42,057,"Pennsylvania","Fulton County",1,71,181,91,90
050,42,057,"Pennsylvania","Fulton County",1,72,195,103,92
050,42,057,"Pennsylvania","Fulton County",1,73,186,92,94
050,42,057,"Pennsylvania","Fulton County",1,74,119,57,62
050,42,057,"Pennsylvania","Fulton County",1,75,135,59,76
050,42,057,"Pennsylvania","Fulton County",1,76,145,70,75
050,42,057,"Pennsylvania","Fulton County",1,77,141,73,68
050,42,057,"Pennsylvania","Fulton County",1,78,127,64,63
050,42,057,"Pennsylvania","Fulton County",1,79,114,51,63
050,42,057,"Pennsylvania","Fulton County",1,80,104,35,69
050,42,057,"Pennsylvania","Fulton County",1,81,95,42,53
050,42,057,"Pennsylvania","Fulton County",1,82,84,42,42
050,42,057,"Pennsylvania","Fulton County",1,83,71,30,41
050,42,057,"Pennsylvania","Fulton County",1,84,54,17,37
050,42,057,"Pennsylvania","Fulton County",1,85,326,141,185
050,42,057,"Pennsylvania","Fulton County",2,0,142,78,64
050,42,057,"Pennsylvania","Fulton County",2,1,135,72,63
050,42,057,"Pennsylvania","Fulton County",2,2,143,73,70
050,42,057,"Pennsylvania","Fulton County",2,3,157,72,85
050,42,057,"Pennsylvania","Fulton County",2,4,149,76,73
050,42,057,"Pennsylvania","Fulton County",2,5,143,83,60
050,42,057,"Pennsylvania","Fulton County",2,6,161,82,79
050,42,057,"Pennsylvania","Fulton County",2,7,159,78,81
050,42,057,"Pennsylvania","Fulton County",2,8,150,82,68
050,42,057,"Pennsylvania","Fulton County",2,9,145,74,71
050,42,057,"Pennsylvania","Fulton County",2,10,159,84,75
050,42,057,"Pennsylvania","Fulton County",2,11,172,90,82
050,42,057,"Pennsylvania","Fulton County",2,12,182,98,84
050,42,057,"Pennsylvania","Fulton County",2,13,185,97,88
050,42,057,"Pennsylvania","Fulton County",2,14,184,95,89
050,42,057,"Pennsylvania","Fulton County",2,15,176,92,84
050,42,057,"Pennsylvania","Fulton County",2,16,162,81,81
050,42,057,"Pennsylvania","Fulton County",2,17,175,78,97
050,42,057,"Pennsylvania","Fulton County",2,18,152,72,80
050,42,057,"Pennsylvania","Fulton County",2,19,123,63,60
050,42,057,"Pennsylvania","Fulton County",2,20,134,72,62
050,42,057,"Pennsylvania","Fulton County",2,21,151,85,66
050,42,057,"Pennsylvania","Fulton County",2,22,158,82,76
050,42,057,"Pennsylvania","Fulton County",2,23,165,82,83
050,42,057,"Pennsylvania","Fulton County",2,24,165,87,78
050,42,057,"Pennsylvania","Fulton County",2,25,162,90,72
050,42,057,"Pennsylvania","Fulton County",2,26,169,89,80
050,42,057,"Pennsylvania","Fulton County",2,27,158,83,75
050,42,057,"Pennsylvania","Fulton County",2,28,159,81,78
050,42,057,"Pennsylvania","Fulton County",2,29,148,76,72
050,42,057,"Pennsylvania","Fulton County",2,30,151,79,72
050,42,057,"Pennsylvania","Fulton County",2,31,148,76,72
050,42,057,"Pennsylvania","Fulton County",2,32,150,72,78
050,42,057,"Pennsylvania","Fulton County",2,33,155,71,84
050,42,057,"Pennsylvania","Fulton County",2,34,149,72,77
050,42,057,"Pennsylvania","Fulton County",2,35,154,77,77
050,42,057,"Pennsylvania","Fulton County",2,36,150,71,79
050,42,057,"Pennsylvania","Fulton County",2,37,157,80,77
050,42,057,"Pennsylvania","Fulton County",2,38,164,92,72
050,42,057,"Pennsylvania","Fulton County",2,39,161,80,81
050,42,057,"Pennsylvania","Fulton County",2,40,159,80,79
050,42,057,"Pennsylvania","Fulton County",2,41,151,72,79
050,42,057,"Pennsylvania","Fulton County",2,42,175,88,87
050,42,057,"Pennsylvania","Fulton County",2,43,176,95,81
050,42,057,"Pennsylvania","Fulton County",2,44,167,89,78
050,42,057,"Pennsylvania","Fulton County",2,45,180,92,88
050,42,057,"Pennsylvania","Fulton County",2,46,183,96,87
050,42,057,"Pennsylvania","Fulton County",2,47,178,91,87
050,42,057,"Pennsylvania","Fulton County",2,48,202,101,101
050,42,057,"Pennsylvania","Fulton County",2,49,233,120,113
050,42,057,"Pennsylvania","Fulton County",2,50,210,113,97
050,42,057,"Pennsylvania","Fulton County",2,51,203,109,94
050,42,057,"Pennsylvania","Fulton County",2,52,209,112,97
050,42,057,"Pennsylvania","Fulton County",2,53,227,122,105
050,42,057,"Pennsylvania","Fulton County",2,54,225,121,104
050,42,057,"Pennsylvania","Fulton County",2,55,230,122,108
050,42,057,"Pennsylvania","Fulton County",2,56,236,131,105
050,42,057,"Pennsylvania","Fulton County",2,57,216,122,94
050,42,057,"Pennsylvania","Fulton County",2,58,219,113,106
050,42,057,"Pennsylvania","Fulton County",2,59,223,115,108
050,42,057,"Pennsylvania","Fulton County",2,60,210,109,101
050,42,057,"Pennsylvania","Fulton County",2,61,220,112,108
050,42,057,"Pennsylvania","Fulton County",2,62,230,117,113
050,42,057,"Pennsylvania","Fulton County",2,63,228,122,106
050,42,057,"Pennsylvania","Fulton County",2,64,208,105,103
050,42,057,"Pennsylvania","Fulton County",2,65,203,102,101
050,42,057,"Pennsylvania","Fulton County",2,66,201,98,103
050,42,057,"Pennsylvania","Fulton County",2,67,201,96,105
050,42,057,"Pennsylvania","Fulton County",2,68,185,87,98
050,42,057,"Pennsylvania","Fulton County",2,69,172,82,90
050,42,057,"Pennsylvania","Fulton County",2,70,166,77,89
050,42,057,"Pennsylvania","Fulton County",2,71,178,88,90
050,42,057,"Pennsylvania","Fulton County",2,72,189,99,90
050,42,057,"Pennsylvania","Fulton County",2,73,195,100,95
050,42,057,"Pennsylvania","Fulton County",2,74,127,61,66
050,42,057,"Pennsylvania","Fulton County",2,75,132,59,73
050,42,057,"Pennsylvania","Fulton County",2,76,138,67,71
050,42,057,"Pennsylvania","Fulton County",2,77,146,74,72
050,42,057,"Pennsylvania","Fulton County",2,78,127,64,63
050,42,057,"Pennsylvania","Fulton County",2,79,117,54,63
050,42,057,"Pennsylvania","Fulton County",2,80,105,38,67
050,42,057,"Pennsylvania","Fulton County",2,81,95,39,56
050,42,057,"Pennsylvania","Fulton County",2,82,86,41,45
050,42,057,"Pennsylvania","Fulton County",2,83,73,32,41
050,42,057,"Pennsylvania","Fulton County",2,84,58,20,38
050,42,057,"Pennsylvania","Fulton County",2,85,325,138,187
050,42,057,"Pennsylvania","Fulton County",3,0,143,65,78
050,42,057,"Pennsylvania","Fulton County",3,1,139,83,56
050,42,057,"Pennsylvania","Fulton County",3,2,134,68,66
050,42,057,"Pennsylvania","Fulton County",3,3,147,72,75
050,42,057,"Pennsylvania","Fulton County",3,4,160,74,86
050,42,057,"Pennsylvania","Fulton County",3,5,152,77,75
050,42,057,"Pennsylvania","Fulton County",3,6,154,88,66
050,42,057,"Pennsylvania","Fulton County",3,7,162,83,79
050,42,057,"Pennsylvania","Fulton County",3,8,164,80,84
050,42,057,"Pennsylvania","Fulton County",3,9,147,79,68
050,42,057,"Pennsylvania","Fulton County",3,10,150,78,72
050,42,057,"Pennsylvania","Fulton County",3,11,155,81,74
050,42,057,"Pennsylvania","Fulton County",3,12,181,91,90
050,42,057,"Pennsylvania","Fulton County",3,13,182,98,84
050,42,057,"Pennsylvania","Fulton County",3,14,170,94,76
050,42,057,"Pennsylvania","Fulton County",3,15,181,94,87
050,42,057,"Pennsylvania","Fulton County",3,16,171,88,83
050,42,057,"Pennsylvania","Fulton County",3,17,167,83,84
050,42,057,"Pennsylvania","Fulton County",3,18,147,69,78
050,42,057,"Pennsylvania","Fulton County",3,19,127,61,66
050,42,057,"Pennsylvania","Fulton County",3,20,130,68,62
050,42,057,"Pennsylvania","Fulton County",3,21,141,80,61
050,42,057,"Pennsylvania","Fulton County",3,22,161,90,71
050,42,057,"Pennsylvania","Fulton County",3,23,149,86,63
050,42,057,"Pennsylvania","Fulton County",3,24,168,86,82
050,42,057,"Pennsylvania","Fulton County",3,25,164,86,78
050,42,057,"Pennsylvania","Fulton County",3,26,158,88,70
050,42,057,"Pennsylvania","Fulton County",3,27,162,88,74
050,42,057,"Pennsylvania","Fulton County",3,28,172,95,77
050,42,057,"Pennsylvania","Fulton County",3,29,163,78,85
050,42,057,"Pennsylvania","Fulton County",3,30,161,84,77
050,42,057,"Pennsylvania","Fulton County",3,31,150,80,70
050,42,057,"Pennsylvania","Fulton County",3,32,148,78,70
050,42,057,"Pennsylvania","Fulton County",3,33,153,72,81
050,42,057,"Pennsylvania","Fulton County",3,34,157,74,83
050,42,057,"Pennsylvania","Fulton County",3,35,149,72,77
050,42,057,"Pennsylvania","Fulton County",3,36,161,84,77
050,42,057,"Pennsylvania","Fulton County",3,37,154,71,83
050,42,057,"Pennsylvania","Fulton County",3,38,162,85,77
050,42,057,"Pennsylvania","Fulton County",3,39,166,94,72
050,42,057,"Pennsylvania","Fulton County",3,40,159,83,76
050,42,057,"Pennsylvania","Fulton County",3,41,160,87,73
050,42,057,"Pennsylvania","Fulton County",3,42,158,78,80
050,42,057,"Pennsylvania","Fulton County",3,43,177,87,90
050,42,057,"Pennsylvania","Fulton County",3,44,172,91,81
050,42,057,"Pennsylvania","Fulton County",3,45,175,94,81
050,42,057,"Pennsylvania","Fulton County",3,46,182,95,87
050,42,057,"Pennsylvania","Fulton County",3,47,184,97,87
050,42,057,"Pennsylvania","Fulton County",3,48,178,91,87
050,42,057,"Pennsylvania","Fulton County",3,49,199,99,100
050,42,057,"Pennsylvania","Fulton County",3,50,222,121,101
050,42,057,"Pennsylvania","Fulton County",3,51,213,117,96
050,42,057,"Pennsylvania","Fulton County",3,52,199,103,96
050,42,057,"Pennsylvania","Fulton County",3,53,214,113,101
050,42,057,"Pennsylvania","Fulton County",3,54,227,121,106
050,42,057,"Pennsylvania","Fulton County",3,55,224,119,105
050,42,057,"Pennsylvania","Fulton County",3,56,225,121,104
050,42,057,"Pennsylvania","Fulton County",3,57,233,132,101
050,42,057,"Pennsylvania","Fulton County",3,58,212,119,93
050,42,057,"Pennsylvania","Fulton County",3,59,217,114,103
050,42,057,"Pennsylvania","Fulton County",3,60,222,113,109
050,42,057,"Pennsylvania","Fulton County",3,61,217,113,104
050,42,057,"Pennsylvania","Fulton County",3,62,218,113,105
050,42,057,"Pennsylvania","Fulton County",3,63,231,121,110
050,42,057,"Pennsylvania","Fulton County",3,64,225,120,105
050,42,057,"Pennsylvania","Fulton County",3,65,203,103,100
050,42,057,"Pennsylvania","Fulton County",3,66,200,102,98
050,42,057,"Pennsylvania","Fulton County",3,67,202,96,106
050,42,057,"Pennsylvania","Fulton County",3,68,193,92,101
050,42,057,"Pennsylvania","Fulton County",3,69,181,84,97
050,42,057,"Pennsylvania","Fulton County",3,70,168,80,88
050,42,057,"Pennsylvania","Fulton County",3,71,163,74,89
050,42,057,"Pennsylvania","Fulton County",3,72,176,88,88
050,42,057,"Pennsylvania","Fulton County",3,73,180,96,84
050,42,057,"Pennsylvania","Fulton County",3,74,188,97,91
050,42,057,"Pennsylvania","Fulton County",3,75,122,58,64
050,42,057,"Pennsylvania","Fulton County",3,76,124,56,68
050,42,057,"Pennsylvania","Fulton County",3,77,138,66,72
050,42,057,"Pennsylvania","Fulton County",3,78,137,67,70
050,42,057,"Pennsylvania","Fulton County",3,79,119,59,60
050,42,057,"Pennsylvania","Fulton County",3,80,106,51,55
050,42,057,"Pennsylvania","Fulton County",3,81,99,36,63
050,42,057,"Pennsylvania","Fulton County",3,82,86,34,52
050,42,057,"Pennsylvania","Fulton County",3,83,80,38,42
050,42,057,"Pennsylvania","Fulton County",3,84,62,27,35
050,42,057,"Pennsylvania","Fulton County",3,85,319,129,190
050,42,057,"Pennsylvania","Fulton County",4,0,135,74,61
050,42,057,"Pennsylvania","Fulton County",4,1,142,68,74
050,42,057,"Pennsylvania","Fulton County",4,2,142,84,58
050,42,057,"Pennsylvania","Fulton County",4,3,136,70,66
050,42,057,"Pennsylvania","Fulton County",4,4,144,75,69
050,42,057,"Pennsylvania","Fulton County",4,5,163,73,90
050,42,057,"Pennsylvania","Fulton County",4,6,157,79,78
050,42,057,"Pennsylvania","Fulton County",4,7,153,90,63
050,42,057,"Pennsylvania","Fulton County",4,8,166,87,79
050,42,057,"Pennsylvania","Fulton County",4,9,164,80,84
050,42,057,"Pennsylvania","Fulton County",4,10,147,78,69
050,42,057,"Pennsylvania","Fulton County",4,11,149,78,71
050,42,057,"Pennsylvania","Fulton County",4,12,156,81,75
050,42,057,"Pennsylvania","Fulton County",4,13,181,92,89
050,42,057,"Pennsylvania","Fulton County",4,14,188,106,82
050,42,057,"Pennsylvania","Fulton County",4,15,172,95,77
050,42,057,"Pennsylvania","Fulton County",4,16,180,92,88
050,42,057,"Pennsylvania","Fulton County",4,17,177,91,86
050,42,057,"Pennsylvania","Fulton County",4,18,148,74,74
050,42,057,"Pennsylvania","Fulton County",4,19,127,57,70
050,42,057,"Pennsylvania","Fulton County",4,20,134,64,70
050,42,057,"Pennsylvania","Fulton County",4,21,136,71,65
050,42,057,"Pennsylvania","Fulton County",4,22,149,79,70
050,42,057,"Pennsylvania","Fulton County",4,23,161,88,73
050,42,057,"Pennsylvania","Fulton County",4,24,160,94,66
050,42,057,"Pennsylvania","Fulton County",4,25,178,94,84
050,42,057,"Pennsylvania","Fulton County",4,26,161,81,80
050,42,057,"Pennsylvania","Fulton County",4,27,160,90,70
050,42,057,"Pennsylvania","Fulton County",4,28,163,88,75
050,42,057,"Pennsylvania","Fulton County",4,29,176,97,79
050,42,057,"Pennsylvania","Fulton County",4,30,163,77,86
050,42,057,"Pennsylvania","Fulton County",4,31,164,90,74
050,42,057,"Pennsylvania","Fulton County",4,32,161,84,77
050,42,057,"Pennsylvania","Fulton County",4,33,148,80,68
050,42,057,"Pennsylvania","Fulton County",4,34,159,74,85
050,42,057,"Pennsylvania","Fulton County",4,35,148,68,80
050,42,057,"Pennsylvania","Fulton County",4,36,146,72,74
050,42,057,"Pennsylvania","Fulton County",4,37,160,83,77
050,42,057,"Pennsylvania","Fulton County",4,38,152,73,79
050,42,057,"Pennsylvania","Fulton County",4,39,162,85,77
050,42,057,"Pennsylvania","Fulton County",4,40,164,91,73
050,42,057,"Pennsylvania","Fulton County",4,41,165,84,81
050,42,057,"Pennsylvania","Fulton County",4,42,155,83,72
050,42,057,"Pennsylvania","Fulton County",4,43,152,76,76
050,42,057,"Pennsylvania","Fulton County",4,44,181,91,90
050,42,057,"Pennsylvania","Fulton County",4,45,170,91,79
050,42,057,"Pennsylvania","Fulton County",4,46,176,88,88
050,42,057,"Pennsylvania","Fulton County",4,47,184,96,88
050,42,057,"Pennsylvania","Fulton County",4,48,193,103,90
050,42,057,"Pennsylvania","Fulton County",4,49,183,91,92
050,42,057,"Pennsylvania","Fulton County",4,50,195,95,100
050,42,057,"Pennsylvania","Fulton County",4,51,220,121,99
050,42,057,"Pennsylvania","Fulton County",4,52,214,117,97
050,42,057,"Pennsylvania","Fulton County",4,53,199,103,96
050,42,057,"Pennsylvania","Fulton County",4,54,219,114,105
050,42,057,"Pennsylvania","Fulton County",4,55,233,124,109
050,42,057,"Pennsylvania","Fulton County",4,56,224,121,103
050,42,057,"Pennsylvania","Fulton County",4,57,232,125,107
050,42,057,"Pennsylvania","Fulton County",4,58,231,133,98
050,42,057,"Pennsylvania","Fulton County",4,59,205,114,91
050,42,057,"Pennsylvania","Fulton County",4,60,219,114,105
050,42,057,"Pennsylvania","Fulton County",4,61,223,112,111
050,42,057,"Pennsylvania","Fulton County",4,62,213,111,102
050,42,057,"Pennsylvania","Fulton County",4,63,212,110,102
050,42,057,"Pennsylvania","Fulton County",4,64,228,120,108
050,42,057,"Pennsylvania","Fulton County",4,65,223,121,102
050,42,057,"Pennsylvania","Fulton County",4,66,196,101,95
050,42,057,"Pennsylvania","Fulton County",4,67,198,101,97
050,42,057,"Pennsylvania","Fulton County",4,68,200,98,102
050,42,057,"Pennsylvania","Fulton County",4,69,187,84,103
050,42,057,"Pennsylvania","Fulton County",4,70,177,83,94
050,42,057,"Pennsylvania","Fulton County",4,71,162,79,83
050,42,057,"Pennsylvania","Fulton County",4,72,160,72,88
050,42,057,"Pennsylvania","Fulton County",4,73,172,87,85
050,42,057,"Pennsylvania","Fulton County",4,74,168,93,75
050,42,057,"Pennsylvania","Fulton County",4,75,185,98,87
050,42,057,"Pennsylvania","Fulton County",4,76,119,54,65
050,42,057,"Pennsylvania","Fulton County",4,77,118,52,66
050,42,057,"Pennsylvania","Fulton County",4,78,130,63,67
050,42,057,"Pennsylvania","Fulton County",4,79,127,61,66
050,42,057,"Pennsylvania","Fulton County",4,80,112,56,56
050,42,057,"Pennsylvania","Fulton County",4,81,102,50,52
050,42,057,"Pennsylvania","Fulton County",4,82,93,36,57
050,42,057,"Pennsylvania","Fulton County",4,83,78,28,50
050,42,057,"Pennsylvania","Fulton County",4,84,72,33,39
050,42,057,"Pennsylvania","Fulton County",4,85,317,130,187
050,42,057,"Pennsylvania","Fulton County",5,0,135,74,61
050,42,057,"Pennsylvania","Fulton County",5,1,135,66,69
050,42,057,"Pennsylvania","Fulton County",5,2,145,68,77
050,42,057,"Pennsylvania","Fulton County",5,3,150,87,63
050,42,057,"Pennsylvania","Fulton County",5,4,139,72,67
050,42,057,"Pennsylvania","Fulton County",5,5,143,73,70
050,42,057,"Pennsylvania","Fulton County",5,6,163,71,92
050,42,057,"Pennsylvania","Fulton County",5,7,151,79,72
050,42,057,"Pennsylvania","Fulton County",5,8,151,89,62
050,42,057,"Pennsylvania","Fulton County",5,9,168,90,78
050,42,057,"Pennsylvania","Fulton County",5,10,173,85,88
050,42,057,"Pennsylvania","Fulton County",5,11,153,78,75
050,42,057,"Pennsylvania","Fulton County",5,12,154,80,74
050,42,057,"Pennsylvania","Fulton County",5,13,151,80,71
050,42,057,"Pennsylvania","Fulton County",5,14,185,88,97
050,42,057,"Pennsylvania","Fulton County",5,15,185,103,82
050,42,057,"Pennsylvania","Fulton County",5,16,170,96,74
050,42,057,"Pennsylvania","Fulton County",5,17,179,94,85
050,42,057,"Pennsylvania","Fulton County",5,18,157,84,73
050,42,057,"Pennsylvania","Fulton County",5,19,120,59,61
050,42,057,"Pennsylvania","Fulton County",5,20,121,56,65
050,42,057,"Pennsylvania","Fulton County",5,21,137,64,73
050,42,057,"Pennsylvania","Fulton County",5,22,148,75,73
050,42,057,"Pennsylvania","Fulton County",5,23,148,74,74
050,42,057,"Pennsylvania","Fulton County",5,24,165,89,76
050,42,057,"Pennsylvania","Fulton County",5,25,166,95,71
050,42,057,"Pennsylvania","Fulton County",5,26,186,98,88
050,42,057,"Pennsylvania","Fulton County",5,27,156,80,76
050,42,057,"Pennsylvania","Fulton County",5,28,159,91,68
050,42,057,"Pennsylvania","Fulton County",5,29,156,83,73
050,42,057,"Pennsylvania","Fulton County",5,30,168,93,75
050,42,057,"Pennsylvania","Fulton County",5,31,157,76,81
050,42,057,"Pennsylvania","Fulton County",5,32,168,89,79
050,42,057,"Pennsylvania","Fulton County",5,33,163,90,73
050,42,057,"Pennsylvania","Fulton County",5,34,155,81,74
050,42,057,"Pennsylvania","Fulton County",5,35,160,77,83
050,42,057,"Pennsylvania","Fulton County",5,36,137,62,75
050,42,057,"Pennsylvania","Fulton County",5,37,147,73,74
050,42,057,"Pennsylvania","Fulton County",5,38,165,86,79
050,42,057,"Pennsylvania","Fulton County",5,39,149,70,79
050,42,057,"Pennsylvania","Fulton County",5,40,166,85,81
050,42,057,"Pennsylvania","Fulton County",5,41,163,92,71
050,42,057,"Pennsylvania","Fulton County",5,42,166,80,86
050,42,057,"Pennsylvania","Fulton County",5,43,160,89,71
050,42,057,"Pennsylvania","Fulton County",5,44,156,78,78
050,42,057,"Pennsylvania","Fulton County",5,45,176,89,87
050,42,057,"Pennsylvania","Fulton County",5,46,179,98,81
050,42,057,"Pennsylvania","Fulton County",5,47,170,84,86
050,42,057,"Pennsylvania","Fulton County",5,48,183,98,85
050,42,057,"Pennsylvania","Fulton County",5,49,190,101,89
050,42,057,"Pennsylvania","Fulton County",5,50,178,91,87
050,42,057,"Pennsylvania","Fulton County",5,51,201,95,106
050,42,057,"Pennsylvania","Fulton County",5,52,227,122,105
050,42,057,"Pennsylvania","Fulton County",5,53,209,113,96
050,42,057,"Pennsylvania","Fulton County",5,54,196,102,94
050,42,057,"Pennsylvania","Fulton County",5,55,224,116,108
050,42,057,"Pennsylvania","Fulton County",5,56,222,123,99
050,42,057,"Pennsylvania","Fulton County",5,57,224,118,106
050,42,057,"Pennsylvania","Fulton County",5,58,232,128,104
050,42,057,"Pennsylvania","Fulton County",5,59,231,130,101
050,42,057,"Pennsylvania","Fulton County",5,60,204,113,91
050,42,057,"Pennsylvania","Fulton County",5,61,215,113,102
050,42,057,"Pennsylvania","Fulton County",5,62,217,110,107
050,42,057,"Pennsylvania","Fulton County",5,63,209,107,102
050,42,057,"Pennsylvania","Fulton County",5,64,205,107,98
050,42,057,"Pennsylvania","Fulton County",5,65,231,125,106
050,42,057,"Pennsylvania","Fulton County",5,66,221,122,99
050,42,057,"Pennsylvania","Fulton County",5,67,196,99,97
050,42,057,"Pennsylvania","Fulton County",5,68,189,97,92
050,42,057,"Pennsylvania","Fulton County",5,69,192,93,99
050,42,057,"Pennsylvania","Fulton County",5,70,180,81,99
050,42,057,"Pennsylvania","Fulton County",5,71,170,79,91
050,42,057,"Pennsylvania","Fulton County",5,72,161,77,84
050,42,057,"Pennsylvania","Fulton County",5,73,154,70,84
050,42,057,"Pennsylvania","Fulton County",5,74,159,82,77
050,42,057,"Pennsylvania","Fulton County",5,75,167,91,76
050,42,057,"Pennsylvania","Fulton County",5,76,185,99,86
050,42,057,"Pennsylvania","Fulton County",5,77,111,48,63
050,42,057,"Pennsylvania","Fulton County",5,78,111,51,60
050,42,057,"Pennsylvania","Fulton County",5,79,119,57,62
050,42,057,"Pennsylvania","Fulton County",5,80,118,57,61
050,42,057,"Pennsylvania","Fulton County",5,81,103,52,51
050,42,057,"Pennsylvania","Fulton County",5,82,92,48,44
050,42,057,"Pennsylvania","Fulton County",5,83,84,32,52
050,42,057,"Pennsylvania","Fulton County",5,84,66,20,46
050,42,057,"Pennsylvania","Fulton County",5,85,338,141,197
050,42,059,"Pennsylvania","Greene County",1,0,320,166,154
050,42,059,"Pennsylvania","Greene County",1,1,335,173,162
050,42,059,"Pennsylvania","Greene County",1,2,348,180,168
050,42,059,"Pennsylvania","Greene County",1,3,396,209,187
050,42,059,"Pennsylvania","Greene County",1,4,383,194,189
050,42,059,"Pennsylvania","Greene County",1,5,399,200,199
050,42,059,"Pennsylvania","Greene County",1,6,392,208,184
050,42,059,"Pennsylvania","Greene County",1,7,394,193,201
050,42,059,"Pennsylvania","Greene County",1,8,396,203,193
050,42,059,"Pennsylvania","Greene County",1,9,376,193,183
050,42,059,"Pennsylvania","Greene County",1,10,400,202,198
050,42,059,"Pennsylvania","Greene County",1,11,403,227,176
050,42,059,"Pennsylvania","Greene County",1,12,412,225,187
050,42,059,"Pennsylvania","Greene County",1,13,413,229,184
050,42,059,"Pennsylvania","Greene County",1,14,412,216,196
050,42,059,"Pennsylvania","Greene County",1,15,412,208,204
050,42,059,"Pennsylvania","Greene County",1,16,414,212,202
050,42,059,"Pennsylvania","Greene County",1,17,404,211,193
050,42,059,"Pennsylvania","Greene County",1,18,462,225,237
050,42,059,"Pennsylvania","Greene County",1,19,578,282,296
050,42,059,"Pennsylvania","Greene County",1,20,497,247,250
050,42,059,"Pennsylvania","Greene County",1,21,496,271,225
050,42,059,"Pennsylvania","Greene County",1,22,446,243,203
050,42,059,"Pennsylvania","Greene County",1,23,375,215,160
050,42,059,"Pennsylvania","Greene County",1,24,416,247,169
050,42,059,"Pennsylvania","Greene County",1,25,416,240,176
050,42,059,"Pennsylvania","Greene County",1,26,437,263,174
050,42,059,"Pennsylvania","Greene County",1,27,440,271,169
050,42,059,"Pennsylvania","Greene County",1,28,463,274,189
050,42,059,"Pennsylvania","Greene County",1,29,486,266,220
050,42,059,"Pennsylvania","Greene County",1,30,474,278,196
050,42,059,"Pennsylvania","Greene County",1,31,457,271,186
050,42,059,"Pennsylvania","Greene County",1,32,424,244,180
050,42,059,"Pennsylvania","Greene County",1,33,433,245,188
050,42,059,"Pennsylvania","Greene County",1,34,415,236,179
050,42,059,"Pennsylvania","Greene County",1,35,400,235,165
050,42,059,"Pennsylvania","Greene County",1,36,388,226,162
050,42,059,"Pennsylvania","Greene County",1,37,410,218,192
050,42,059,"Pennsylvania","Greene County",1,38,408,228,180
050,42,059,"Pennsylvania","Greene County",1,39,430,237,193
050,42,059,"Pennsylvania","Greene County",1,40,443,256,187
050,42,059,"Pennsylvania","Greene County",1,41,459,262,197
050,42,059,"Pennsylvania","Greene County",1,42,465,264,201
050,42,059,"Pennsylvania","Greene County",1,43,434,238,196
050,42,059,"Pennsylvania","Greene County",1,44,440,246,194
050,42,059,"Pennsylvania","Greene County",1,45,451,244,207
050,42,059,"Pennsylvania","Greene County",1,46,439,231,208
050,42,059,"Pennsylvania","Greene County",1,47,466,247,219
050,42,059,"Pennsylvania","Greene County",1,48,521,286,235
050,42,059,"Pennsylvania","Greene County",1,49,512,281,231
050,42,059,"Pennsylvania","Greene County",1,50,501,273,228
050,42,059,"Pennsylvania","Greene County",1,51,485,262,223
050,42,059,"Pennsylvania","Greene County",1,52,446,233,213
050,42,059,"Pennsylvania","Greene County",1,53,492,269,223
050,42,059,"Pennsylvania","Greene County",1,54,467,255,212
050,42,059,"Pennsylvania","Greene County",1,55,473,250,223
050,42,059,"Pennsylvania","Greene County",1,56,477,258,219
050,42,059,"Pennsylvania","Greene County",1,57,509,272,237
050,42,059,"Pennsylvania","Greene County",1,58,549,285,264
050,42,059,"Pennsylvania","Greene County",1,59,526,266,260
050,42,059,"Pennsylvania","Greene County",1,60,492,255,237
050,42,059,"Pennsylvania","Greene County",1,61,503,245,258
050,42,059,"Pennsylvania","Greene County",1,62,557,266,291
050,42,059,"Pennsylvania","Greene County",1,63,569,285,284
050,42,059,"Pennsylvania","Greene County",1,64,521,260,261
050,42,059,"Pennsylvania","Greene County",1,65,492,237,255
050,42,059,"Pennsylvania","Greene County",1,66,508,253,255
050,42,059,"Pennsylvania","Greene County",1,67,498,251,247
050,42,059,"Pennsylvania","Greene County",1,68,484,257,227
050,42,059,"Pennsylvania","Greene County",1,69,438,216,222
050,42,059,"Pennsylvania","Greene County",1,70,430,213,217
050,42,059,"Pennsylvania","Greene County",1,71,406,200,206
050,42,059,"Pennsylvania","Greene County",1,72,389,191,198
050,42,059,"Pennsylvania","Greene County",1,73,395,182,213
050,42,059,"Pennsylvania","Greene County",1,74,291,141,150
050,42,059,"Pennsylvania","Greene County",1,75,280,131,149
050,42,059,"Pennsylvania","Greene County",1,76,266,133,133
050,42,059,"Pennsylvania","Greene County",1,77,260,124,136
050,42,059,"Pennsylvania","Greene County",1,78,223,98,125
050,42,059,"Pennsylvania","Greene County",1,79,209,88,121
050,42,059,"Pennsylvania","Greene County",1,80,173,83,90
050,42,059,"Pennsylvania","Greene County",1,81,145,66,79
050,42,059,"Pennsylvania","Greene County",1,82,133,54,79
050,42,059,"Pennsylvania","Greene County",1,83,113,49,64
050,42,059,"Pennsylvania","Greene County",1,84,116,44,72
050,42,059,"Pennsylvania","Greene County",1,85,747,242,505
050,42,059,"Pennsylvania","Greene County",2,0,325,159,166
050,42,059,"Pennsylvania","Greene County",2,1,329,170,159
050,42,059,"Pennsylvania","Greene County",2,2,343,178,165
050,42,059,"Pennsylvania","Greene County",2,3,381,199,182
050,42,059,"Pennsylvania","Greene County",2,4,385,198,187
050,42,059,"Pennsylvania","Greene County",2,5,394,198,196
050,42,059,"Pennsylvania","Greene County",2,6,393,205,188
050,42,059,"Pennsylvania","Greene County",2,7,393,197,196
050,42,059,"Pennsylvania","Greene County",2,8,395,201,194
050,42,059,"Pennsylvania","Greene County",2,9,380,195,185
050,42,059,"Pennsylvania","Greene County",2,10,390,198,192
050,42,059,"Pennsylvania","Greene County",2,11,399,220,179
050,42,059,"Pennsylvania","Greene County",2,12,413,228,185
050,42,059,"Pennsylvania","Greene County",2,13,410,227,183
050,42,059,"Pennsylvania","Greene County",2,14,412,219,193
050,42,059,"Pennsylvania","Greene County",2,15,414,211,203
050,42,059,"Pennsylvania","Greene County",2,16,413,210,203
050,42,059,"Pennsylvania","Greene County",2,17,405,211,194
050,42,059,"Pennsylvania","Greene County",2,18,460,225,235
050,42,059,"Pennsylvania","Greene County",2,19,574,279,295
050,42,059,"Pennsylvania","Greene County",2,20,499,246,253
050,42,059,"Pennsylvania","Greene County",2,21,501,272,229
050,42,059,"Pennsylvania","Greene County",2,22,443,243,200
050,42,059,"Pennsylvania","Greene County",2,23,381,217,164
050,42,059,"Pennsylvania","Greene County",2,24,406,244,162
050,42,059,"Pennsylvania","Greene County",2,25,412,241,171
050,42,059,"Pennsylvania","Greene County",2,26,432,259,173
050,42,059,"Pennsylvania","Greene County",2,27,440,269,171
050,42,059,"Pennsylvania","Greene County",2,28,460,276,184
050,42,059,"Pennsylvania","Greene County",2,29,476,264,212
050,42,059,"Pennsylvania","Greene County",2,30,479,276,203
050,42,059,"Pennsylvania","Greene County",2,31,454,270,184
050,42,059,"Pennsylvania","Greene County",2,32,429,247,182
050,42,059,"Pennsylvania","Greene County",2,33,435,249,186
050,42,059,"Pennsylvania","Greene County",2,34,418,237,181
050,42,059,"Pennsylvania","Greene County",2,35,402,232,170
050,42,059,"Pennsylvania","Greene County",2,36,387,227,160
050,42,059,"Pennsylvania","Greene County",2,37,406,221,185
050,42,059,"Pennsylvania","Greene County",2,38,414,229,185
050,42,059,"Pennsylvania","Greene County",2,39,429,240,189
050,42,059,"Pennsylvania","Greene County",2,40,438,250,188
050,42,059,"Pennsylvania","Greene County",2,41,450,257,193
050,42,059,"Pennsylvania","Greene County",2,42,458,259,199
050,42,059,"Pennsylvania","Greene County",2,43,440,243,197
050,42,059,"Pennsylvania","Greene County",2,44,437,243,194
050,42,059,"Pennsylvania","Greene County",2,45,452,248,204
050,42,059,"Pennsylvania","Greene County",2,46,438,234,204
050,42,059,"Pennsylvania","Greene County",2,47,454,240,214
050,42,059,"Pennsylvania","Greene County",2,48,508,278,230
050,42,059,"Pennsylvania","Greene County",2,49,512,281,231
050,42,059,"Pennsylvania","Greene County",2,50,506,278,228
050,42,059,"Pennsylvania","Greene County",2,51,485,262,223
050,42,059,"Pennsylvania","Greene County",2,52,451,237,214
050,42,059,"Pennsylvania","Greene County",2,53,480,259,221
050,42,059,"Pennsylvania","Greene County",2,54,468,254,214
050,42,059,"Pennsylvania","Greene County",2,55,470,250,220
050,42,059,"Pennsylvania","Greene County",2,56,477,257,220
050,42,059,"Pennsylvania","Greene County",2,57,501,269,232
050,42,059,"Pennsylvania","Greene County",2,58,536,280,256
050,42,059,"Pennsylvania","Greene County",2,59,536,273,263
050,42,059,"Pennsylvania","Greene County",2,60,496,253,243
050,42,059,"Pennsylvania","Greene County",2,61,497,245,252
050,42,059,"Pennsylvania","Greene County",2,62,541,258,283
050,42,059,"Pennsylvania","Greene County",2,63,568,281,287
050,42,059,"Pennsylvania","Greene County",2,64,528,263,265
050,42,059,"Pennsylvania","Greene County",2,65,498,241,257
050,42,059,"Pennsylvania","Greene County",2,66,500,247,253
050,42,059,"Pennsylvania","Greene County",2,67,497,250,247
050,42,059,"Pennsylvania","Greene County",2,68,482,254,228
050,42,059,"Pennsylvania","Greene County",2,69,453,227,226
050,42,059,"Pennsylvania","Greene County",2,70,429,212,217
050,42,059,"Pennsylvania","Greene County",2,71,412,202,210
050,42,059,"Pennsylvania","Greene County",2,72,382,189,193
050,42,059,"Pennsylvania","Greene County",2,73,415,194,221
050,42,059,"Pennsylvania","Greene County",2,74,297,142,155
050,42,059,"Pennsylvania","Greene County",2,75,280,133,147
050,42,059,"Pennsylvania","Greene County",2,76,264,128,136
050,42,059,"Pennsylvania","Greene County",2,77,266,128,138
050,42,059,"Pennsylvania","Greene County",2,78,219,97,122
050,42,059,"Pennsylvania","Greene County",2,79,206,87,119
050,42,059,"Pennsylvania","Greene County",2,80,181,84,97
050,42,059,"Pennsylvania","Greene County",2,81,147,68,79
050,42,059,"Pennsylvania","Greene County",2,82,137,57,80
050,42,059,"Pennsylvania","Greene County",2,83,114,48,66
050,42,059,"Pennsylvania","Greene County",2,84,111,42,69
050,42,059,"Pennsylvania","Greene County",2,85,740,243,497
050,42,059,"Pennsylvania","Greene County",3,0,329,176,153
050,42,059,"Pennsylvania","Greene County",3,1,318,143,175
050,42,059,"Pennsylvania","Greene County",3,2,329,168,161
050,42,059,"Pennsylvania","Greene County",3,3,337,180,157
050,42,059,"Pennsylvania","Greene County",3,4,380,192,188
050,42,059,"Pennsylvania","Greene County",3,5,375,193,182
050,42,059,"Pennsylvania","Greene County",3,6,397,202,195
050,42,059,"Pennsylvania","Greene County",3,7,398,203,195
050,42,059,"Pennsylvania","Greene County",3,8,379,191,188
050,42,059,"Pennsylvania","Greene County",3,9,374,191,183
050,42,059,"Pennsylvania","Greene County",3,10,364,186,178
050,42,059,"Pennsylvania","Greene County",3,11,373,186,187
050,42,059,"Pennsylvania","Greene County",3,12,387,215,172
050,42,059,"Pennsylvania","Greene County",3,13,420,233,187
050,42,059,"Pennsylvania","Greene County",3,14,405,218,187
050,42,059,"Pennsylvania","Greene County",3,15,407,222,185
050,42,059,"Pennsylvania","Greene County",3,16,406,205,201
050,42,059,"Pennsylvania","Greene County",3,17,413,213,200
050,42,059,"Pennsylvania","Greene County",3,18,452,224,228
050,42,059,"Pennsylvania","Greene County",3,19,517,260,257
050,42,059,"Pennsylvania","Greene County",3,20,493,246,247
050,42,059,"Pennsylvania","Greene County",3,21,483,262,221
050,42,059,"Pennsylvania","Greene County",3,22,419,228,191
050,42,059,"Pennsylvania","Greene County",3,23,365,210,155
050,42,059,"Pennsylvania","Greene County",3,24,394,237,157
050,42,059,"Pennsylvania","Greene County",3,25,395,239,156
050,42,059,"Pennsylvania","Greene County",3,26,414,244,170
050,42,059,"Pennsylvania","Greene County",3,27,431,258,173
050,42,059,"Pennsylvania","Greene County",3,28,439,268,171
050,42,059,"Pennsylvania","Greene County",3,29,458,265,193
050,42,059,"Pennsylvania","Greene County",3,30,469,267,202
050,42,059,"Pennsylvania","Greene County",3,31,467,262,205
050,42,059,"Pennsylvania","Greene County",3,32,441,264,177
050,42,059,"Pennsylvania","Greene County",3,33,434,255,179
050,42,059,"Pennsylvania","Greene County",3,34,418,243,175
050,42,059,"Pennsylvania","Greene County",3,35,390,211,179
050,42,059,"Pennsylvania","Greene County",3,36,408,237,171
050,42,059,"Pennsylvania","Greene County",3,37,379,221,158
050,42,059,"Pennsylvania","Greene County",3,38,411,227,184
050,42,059,"Pennsylvania","Greene County",3,39,426,240,186
050,42,059,"Pennsylvania","Greene County",3,40,417,232,185
050,42,059,"Pennsylvania","Greene County",3,41,428,242,186
050,42,059,"Pennsylvania","Greene County",3,42,439,247,192
050,42,059,"Pennsylvania","Greene County",3,43,442,248,194
050,42,059,"Pennsylvania","Greene County",3,44,447,245,202
050,42,059,"Pennsylvania","Greene County",3,45,435,250,185
050,42,059,"Pennsylvania","Greene County",3,46,453,251,202
050,42,059,"Pennsylvania","Greene County",3,47,425,225,200
050,42,059,"Pennsylvania","Greene County",3,48,461,248,213
050,42,059,"Pennsylvania","Greene County",3,49,489,261,228
050,42,059,"Pennsylvania","Greene County",3,50,515,283,232
050,42,059,"Pennsylvania","Greene County",3,51,491,268,223
050,42,059,"Pennsylvania","Greene County",3,52,468,251,217
050,42,059,"Pennsylvania","Greene County",3,53,459,242,217
050,42,059,"Pennsylvania","Greene County",3,54,452,242,210
050,42,059,"Pennsylvania","Greene County",3,55,462,248,214
050,42,059,"Pennsylvania","Greene County",3,56,464,245,219
050,42,059,"Pennsylvania","Greene County",3,57,475,258,217
050,42,059,"Pennsylvania","Greene County",3,58,506,272,234
050,42,059,"Pennsylvania","Greene County",3,59,522,277,245
050,42,059,"Pennsylvania","Greene County",3,60,523,257,266
050,42,059,"Pennsylvania","Greene County",3,61,493,256,237
050,42,059,"Pennsylvania","Greene County",3,62,487,247,240
050,42,059,"Pennsylvania","Greene County",3,63,535,257,278
050,42,059,"Pennsylvania","Greene County",3,64,538,260,278
050,42,059,"Pennsylvania","Greene County",3,65,523,261,262
050,42,059,"Pennsylvania","Greene County",3,66,479,229,250
050,42,059,"Pennsylvania","Greene County",3,67,485,236,249
050,42,059,"Pennsylvania","Greene County",3,68,483,243,240
050,42,059,"Pennsylvania","Greene County",3,69,473,247,226
050,42,059,"Pennsylvania","Greene County",3,70,439,219,220
050,42,059,"Pennsylvania","Greene County",3,71,422,207,215
050,42,059,"Pennsylvania","Greene County",3,72,393,193,200
050,42,059,"Pennsylvania","Greene County",3,73,365,175,190
050,42,059,"Pennsylvania","Greene County",3,74,408,190,218
050,42,059,"Pennsylvania","Greene County",3,75,276,132,144
050,42,059,"Pennsylvania","Greene County",3,76,272,123,149
050,42,059,"Pennsylvania","Greene County",3,77,259,115,144
050,42,059,"Pennsylvania","Greene County",3,78,255,121,134
050,42,059,"Pennsylvania","Greene County",3,79,208,93,115
050,42,059,"Pennsylvania","Greene County",3,80,187,79,108
050,42,059,"Pennsylvania","Greene County",3,81,170,81,89
050,42,059,"Pennsylvania","Greene County",3,82,146,67,79
050,42,059,"Pennsylvania","Greene County",3,83,116,43,73
050,42,059,"Pennsylvania","Greene County",3,84,96,38,58
050,42,059,"Pennsylvania","Greene County",3,85,709,228,481
050,42,059,"Pennsylvania","Greene County",4,0,230,118,112
050,42,059,"Pennsylvania","Greene County",4,1,325,175,150
050,42,059,"Pennsylvania","Greene County",4,2,312,142,170
050,42,059,"Pennsylvania","Greene County",4,3,332,165,167
050,42,059,"Pennsylvania","Greene County",4,4,347,187,160
050,42,059,"Pennsylvania","Greene County",4,5,370,189,181
050,42,059,"Pennsylvania","Greene County",4,6,372,193,179
050,42,059,"Pennsylvania","Greene County",4,7,382,196,186
050,42,059,"Pennsylvania","Greene County",4,8,391,194,197
050,42,059,"Pennsylvania","Greene County",4,9,379,191,188
050,42,059,"Pennsylvania","Greene County",4,10,380,198,182
050,42,059,"Pennsylvania","Greene County",4,11,362,187,175
050,42,059,"Pennsylvania","Greene County",4,12,387,193,194
050,42,059,"Pennsylvania","Greene County",4,13,392,217,175
050,42,059,"Pennsylvania","Greene County",4,14,423,237,186
050,42,059,"Pennsylvania","Greene County",4,15,399,215,184
050,42,059,"Pennsylvania","Greene County",4,16,412,225,187
050,42,059,"Pennsylvania","Greene County",4,17,411,210,201
050,42,059,"Pennsylvania","Greene County",4,18,450,220,230
050,42,059,"Pennsylvania","Greene County",4,19,503,247,256
050,42,059,"Pennsylvania","Greene County",4,20,427,224,203
050,42,059,"Pennsylvania","Greene County",4,21,491,264,227
050,42,059,"Pennsylvania","Greene County",4,22,415,225,190
050,42,059,"Pennsylvania","Greene County",4,23,380,213,167
050,42,059,"Pennsylvania","Greene County",4,24,384,232,152
050,42,059,"Pennsylvania","Greene County",4,25,380,219,161
050,42,059,"Pennsylvania","Greene County",4,26,387,229,158
050,42,059,"Pennsylvania","Greene County",4,27,400,244,156
050,42,059,"Pennsylvania","Greene County",4,28,429,260,169
050,42,059,"Pennsylvania","Greene County",4,29,410,237,173
050,42,059,"Pennsylvania","Greene County",4,30,457,269,188
050,42,059,"Pennsylvania","Greene County",4,31,465,264,201
050,42,059,"Pennsylvania","Greene County",4,32,457,247,210
050,42,059,"Pennsylvania","Greene County",4,33,431,258,173
050,42,059,"Pennsylvania","Greene County",4,34,431,250,181
050,42,059,"Pennsylvania","Greene County",4,35,394,219,175
050,42,059,"Pennsylvania","Greene County",4,36,374,203,171
050,42,059,"Pennsylvania","Greene County",4,37,390,220,170
050,42,059,"Pennsylvania","Greene County",4,38,376,222,154
050,42,059,"Pennsylvania","Greene County",4,39,411,229,182
050,42,059,"Pennsylvania","Greene County",4,40,410,227,183
050,42,059,"Pennsylvania","Greene County",4,41,410,221,189
050,42,059,"Pennsylvania","Greene County",4,42,417,229,188
050,42,059,"Pennsylvania","Greene County",4,43,409,228,181
050,42,059,"Pennsylvania","Greene County",4,44,435,240,195
050,42,059,"Pennsylvania","Greene County",4,45,447,252,195
050,42,059,"Pennsylvania","Greene County",4,46,428,238,190
050,42,059,"Pennsylvania","Greene County",4,47,441,233,208
050,42,059,"Pennsylvania","Greene County",4,48,417,221,196
050,42,059,"Pennsylvania","Greene County",4,49,434,225,209
050,42,059,"Pennsylvania","Greene County",4,50,503,272,231
050,42,059,"Pennsylvania","Greene County",4,51,501,275,226
050,42,059,"Pennsylvania","Greene County",4,52,477,251,226
050,42,059,"Pennsylvania","Greene County",4,53,468,251,217
050,42,059,"Pennsylvania","Greene County",4,54,444,227,217
050,42,059,"Pennsylvania","Greene County",4,55,433,233,200
050,42,059,"Pennsylvania","Greene County",4,56,453,237,216
050,42,059,"Pennsylvania","Greene County",4,57,456,243,213
050,42,059,"Pennsylvania","Greene County",4,58,474,253,221
050,42,059,"Pennsylvania","Greene County",4,59,483,258,225
050,42,059,"Pennsylvania","Greene County",4,60,508,262,246
050,42,059,"Pennsylvania","Greene County",4,61,509,252,257
050,42,059,"Pennsylvania","Greene County",4,62,478,248,230
050,42,059,"Pennsylvania","Greene County",4,63,477,238,239
050,42,059,"Pennsylvania","Greene County",4,64,515,242,273
050,42,059,"Pennsylvania","Greene County",4,65,525,260,265
050,42,059,"Pennsylvania","Greene County",4,66,506,250,256
050,42,059,"Pennsylvania","Greene County",4,67,459,219,240
050,42,059,"Pennsylvania","Greene County",4,68,466,225,241
050,42,059,"Pennsylvania","Greene County",4,69,467,234,233
050,42,059,"Pennsylvania","Greene County",4,70,456,239,217
050,42,059,"Pennsylvania","Greene County",4,71,423,206,217
050,42,059,"Pennsylvania","Greene County",4,72,409,203,206
050,42,059,"Pennsylvania","Greene County",4,73,373,176,197
050,42,059,"Pennsylvania","Greene County",4,74,354,169,185
050,42,059,"Pennsylvania","Greene County",4,75,390,182,208
050,42,059,"Pennsylvania","Greene County",4,76,258,118,140
050,42,059,"Pennsylvania","Greene County",4,77,265,113,152
050,42,059,"Pennsylvania","Greene County",4,78,238,102,136
050,42,059,"Pennsylvania","Greene County",4,79,246,121,125
050,42,059,"Pennsylvania","Greene County",4,80,195,84,111
050,42,059,"Pennsylvania","Greene County",4,81,176,76,100
050,42,059,"Pennsylvania","Greene County",4,82,161,78,83
050,42,059,"Pennsylvania","Greene County",4,83,125,54,71
050,42,059,"Pennsylvania","Greene County",4,84,95,35,60
050,42,059,"Pennsylvania","Greene County",4,85,667,217,450
050,42,059,"Pennsylvania","Greene County",5,0,155,78,77
050,42,059,"Pennsylvania","Greene County",5,1,254,135,119
050,42,059,"Pennsylvania","Greene County",5,2,347,181,166
050,42,059,"Pennsylvania","Greene County",5,3,328,151,177
050,42,059,"Pennsylvania","Greene County",5,4,337,172,165
050,42,059,"Pennsylvania","Greene County",5,5,345,187,158
050,42,059,"Pennsylvania","Greene County",5,6,363,188,175
050,42,059,"Pennsylvania","Greene County",5,7,382,203,179
050,42,059,"Pennsylvania","Greene County",5,8,386,196,190
050,42,059,"Pennsylvania","Greene County",5,9,389,198,191
050,42,059,"Pennsylvania","Greene County",5,10,376,196,180
050,42,059,"Pennsylvania","Greene County",5,11,383,205,178
050,42,059,"Pennsylvania","Greene County",5,12,360,185,175
050,42,059,"Pennsylvania","Greene County",5,13,390,192,198
050,42,059,"Pennsylvania","Greene County",5,14,396,212,184
050,42,059,"Pennsylvania","Greene County",5,15,415,228,187
050,42,059,"Pennsylvania","Greene County",5,16,399,218,181
050,42,059,"Pennsylvania","Greene County",5,17,412,222,190
050,42,059,"Pennsylvania","Greene County",5,18,457,227,230
050,42,059,"Pennsylvania","Greene County",5,19,516,250,266
050,42,059,"Pennsylvania","Greene County",5,20,449,225,224
050,42,059,"Pennsylvania","Greene County",5,21,443,246,197
050,42,059,"Pennsylvania","Greene County",5,22,452,246,206
050,42,059,"Pennsylvania","Greene County",5,23,355,205,150
050,42,059,"Pennsylvania","Greene County",5,24,397,238,159
050,42,059,"Pennsylvania","Greene County",5,25,393,234,159
050,42,059,"Pennsylvania","Greene County",5,26,374,221,153
050,42,059,"Pennsylvania","Greene County",5,27,387,234,153
050,42,059,"Pennsylvania","Greene County",5,28,431,267,164
050,42,059,"Pennsylvania","Greene County",5,29,419,249,170
050,42,059,"Pennsylvania","Greene County",5,30,436,257,179
050,42,059,"Pennsylvania","Greene County",5,31,454,261,193
050,42,059,"Pennsylvania","Greene County",5,32,468,265,203
050,42,059,"Pennsylvania","Greene County",5,33,486,275,211
050,42,059,"Pennsylvania","Greene County",5,34,434,258,176
050,42,059,"Pennsylvania","Greene County",5,35,412,229,183
050,42,059,"Pennsylvania","Greene County",5,36,390,219,171
050,42,059,"Pennsylvania","Greene County",5,37,379,205,174
050,42,059,"Pennsylvania","Greene County",5,38,399,235,164
050,42,059,"Pennsylvania","Greene County",5,39,392,229,163
050,42,059,"Pennsylvania","Greene County",5,40,412,230,182
050,42,059,"Pennsylvania","Greene County",5,41,418,228,190
050,42,059,"Pennsylvania","Greene County",5,42,409,218,191
050,42,059,"Pennsylvania","Greene County",5,43,403,220,183
050,42,059,"Pennsylvania","Greene County",5,44,419,233,186
050,42,059,"Pennsylvania","Greene County",5,45,440,253,187
050,42,059,"Pennsylvania","Greene County",5,46,454,257,197
050,42,059,"Pennsylvania","Greene County",5,47,421,231,190
050,42,059,"Pennsylvania","Greene County",5,48,442,240,202
050,42,059,"Pennsylvania","Greene County",5,49,405,207,198
050,42,059,"Pennsylvania","Greene County",5,50,443,235,208
050,42,059,"Pennsylvania","Greene County",5,51,491,260,231
050,42,059,"Pennsylvania","Greene County",5,52,500,274,226
050,42,059,"Pennsylvania","Greene County",5,53,477,253,224
050,42,059,"Pennsylvania","Greene County",5,54,452,243,209
050,42,059,"Pennsylvania","Greene County",5,55,430,222,208
050,42,059,"Pennsylvania","Greene County",5,56,436,232,204
050,42,059,"Pennsylvania","Greene County",5,57,446,238,208
050,42,059,"Pennsylvania","Greene County",5,58,461,244,217
050,42,059,"Pennsylvania","Greene County",5,59,452,237,215
050,42,059,"Pennsylvania","Greene County",5,60,472,249,223
050,42,059,"Pennsylvania","Greene County",5,61,501,263,238
050,42,059,"Pennsylvania","Greene County",5,62,509,251,258
050,42,059,"Pennsylvania","Greene County",5,63,472,245,227
050,42,059,"Pennsylvania","Greene County",5,64,462,226,236
050,42,059,"Pennsylvania","Greene County",5,65,505,244,261
050,42,059,"Pennsylvania","Greene County",5,66,514,253,261
050,42,059,"Pennsylvania","Greene County",5,67,491,241,250
050,42,059,"Pennsylvania","Greene County",5,68,440,207,233
050,42,059,"Pennsylvania","Greene County",5,69,453,218,235
050,42,059,"Pennsylvania","Greene County",5,70,452,229,223
050,42,059,"Pennsylvania","Greene County",5,71,440,228,212
050,42,059,"Pennsylvania","Greene County",5,72,414,209,205
050,42,059,"Pennsylvania","Greene County",5,73,403,193,210
050,42,059,"Pennsylvania","Greene County",5,74,368,177,191
050,42,059,"Pennsylvania","Greene County",5,75,339,163,176
050,42,059,"Pennsylvania","Greene County",5,76,372,171,201
050,42,059,"Pennsylvania","Greene County",5,77,257,114,143
050,42,059,"Pennsylvania","Greene County",5,78,248,102,146
050,42,059,"Pennsylvania","Greene County",5,79,229,99,130
050,42,059,"Pennsylvania","Greene County",5,80,231,111,120
050,42,059,"Pennsylvania","Greene County",5,81,184,81,103
050,42,059,"Pennsylvania","Greene County",5,82,167,73,94
050,42,059,"Pennsylvania","Greene County",5,83,140,66,74
050,42,059,"Pennsylvania","Greene County",5,84,107,47,60
050,42,059,"Pennsylvania","Greene County",5,85,636,211,425
050,42,061,"Pennsylvania","Huntingdon County",1,0,400,203,197
050,42,061,"Pennsylvania","Huntingdon County",1,1,402,207,195
050,42,061,"Pennsylvania","Huntingdon County",1,2,374,189,185
050,42,061,"Pennsylvania","Huntingdon County",1,3,388,190,198
050,42,061,"Pennsylvania","Huntingdon County",1,4,421,206,215
050,42,061,"Pennsylvania","Huntingdon County",1,5,422,194,228
050,42,061,"Pennsylvania","Huntingdon County",1,6,407,194,213
050,42,061,"Pennsylvania","Huntingdon County",1,7,435,209,226
050,42,061,"Pennsylvania","Huntingdon County",1,8,396,202,194
050,42,061,"Pennsylvania","Huntingdon County",1,9,406,232,174
050,42,061,"Pennsylvania","Huntingdon County",1,10,444,230,214
050,42,061,"Pennsylvania","Huntingdon County",1,11,497,259,238
050,42,061,"Pennsylvania","Huntingdon County",1,12,501,259,242
050,42,061,"Pennsylvania","Huntingdon County",1,13,493,249,244
050,42,061,"Pennsylvania","Huntingdon County",1,14,484,236,248
050,42,061,"Pennsylvania","Huntingdon County",1,15,454,224,230
050,42,061,"Pennsylvania","Huntingdon County",1,16,472,225,247
050,42,061,"Pennsylvania","Huntingdon County",1,17,496,256,240
050,42,061,"Pennsylvania","Huntingdon County",1,18,586,297,289
050,42,061,"Pennsylvania","Huntingdon County",1,19,725,338,387
050,42,061,"Pennsylvania","Huntingdon County",1,20,727,364,363
050,42,061,"Pennsylvania","Huntingdon County",1,21,587,304,283
050,42,061,"Pennsylvania","Huntingdon County",1,22,515,290,225
050,42,061,"Pennsylvania","Huntingdon County",1,23,482,289,193
050,42,061,"Pennsylvania","Huntingdon County",1,24,497,305,192
050,42,061,"Pennsylvania","Huntingdon County",1,25,494,294,200
050,42,061,"Pennsylvania","Huntingdon County",1,26,534,317,217
050,42,061,"Pennsylvania","Huntingdon County",1,27,530,324,206
050,42,061,"Pennsylvania","Huntingdon County",1,28,580,366,214
050,42,061,"Pennsylvania","Huntingdon County",1,29,583,366,217
050,42,061,"Pennsylvania","Huntingdon County",1,30,565,364,201
050,42,061,"Pennsylvania","Huntingdon County",1,31,547,345,202
050,42,061,"Pennsylvania","Huntingdon County",1,32,575,344,231
050,42,061,"Pennsylvania","Huntingdon County",1,33,581,373,208
050,42,061,"Pennsylvania","Huntingdon County",1,34,511,287,224
050,42,061,"Pennsylvania","Huntingdon County",1,35,499,303,196
050,42,061,"Pennsylvania","Huntingdon County",1,36,503,312,191
050,42,061,"Pennsylvania","Huntingdon County",1,37,495,290,205
050,42,061,"Pennsylvania","Huntingdon County",1,38,533,309,224
050,42,061,"Pennsylvania","Huntingdon County",1,39,534,321,213
050,42,061,"Pennsylvania","Huntingdon County",1,40,508,298,210
050,42,061,"Pennsylvania","Huntingdon County",1,41,514,295,219
050,42,061,"Pennsylvania","Huntingdon County",1,42,515,305,210
050,42,061,"Pennsylvania","Huntingdon County",1,43,519,296,223
050,42,061,"Pennsylvania","Huntingdon County",1,44,500,299,201
050,42,061,"Pennsylvania","Huntingdon County",1,45,541,328,213
050,42,061,"Pennsylvania","Huntingdon County",1,46,542,322,220
050,42,061,"Pennsylvania","Huntingdon County",1,47,542,325,217
050,42,061,"Pennsylvania","Huntingdon County",1,48,583,332,251
050,42,061,"Pennsylvania","Huntingdon County",1,49,613,349,264
050,42,061,"Pennsylvania","Huntingdon County",1,50,607,358,249
050,42,061,"Pennsylvania","Huntingdon County",1,51,586,329,257
050,42,061,"Pennsylvania","Huntingdon County",1,52,576,320,256
050,42,061,"Pennsylvania","Huntingdon County",1,53,585,319,266
050,42,061,"Pennsylvania","Huntingdon County",1,54,610,346,264
050,42,061,"Pennsylvania","Huntingdon County",1,55,635,326,309
050,42,061,"Pennsylvania","Huntingdon County",1,56,645,335,310
050,42,061,"Pennsylvania","Huntingdon County",1,57,637,346,291
050,42,061,"Pennsylvania","Huntingdon County",1,58,673,368,305
050,42,061,"Pennsylvania","Huntingdon County",1,59,634,335,299
050,42,061,"Pennsylvania","Huntingdon County",1,60,613,317,296
050,42,061,"Pennsylvania","Huntingdon County",1,61,606,315,291
050,42,061,"Pennsylvania","Huntingdon County",1,62,624,304,320
050,42,061,"Pennsylvania","Huntingdon County",1,63,625,317,308
050,42,061,"Pennsylvania","Huntingdon County",1,64,645,322,323
050,42,061,"Pennsylvania","Huntingdon County",1,65,619,316,303
050,42,061,"Pennsylvania","Huntingdon County",1,66,616,305,311
050,42,061,"Pennsylvania","Huntingdon County",1,67,580,280,300
050,42,061,"Pennsylvania","Huntingdon County",1,68,550,259,291
050,42,061,"Pennsylvania","Huntingdon County",1,69,521,262,259
050,42,061,"Pennsylvania","Huntingdon County",1,70,519,271,248
050,42,061,"Pennsylvania","Huntingdon County",1,71,533,285,248
050,42,061,"Pennsylvania","Huntingdon County",1,72,556,289,267
050,42,061,"Pennsylvania","Huntingdon County",1,73,576,292,284
050,42,061,"Pennsylvania","Huntingdon County",1,74,370,177,193
050,42,061,"Pennsylvania","Huntingdon County",1,75,364,183,181
050,42,061,"Pennsylvania","Huntingdon County",1,76,386,191,195
050,42,061,"Pennsylvania","Huntingdon County",1,77,398,189,209
050,42,061,"Pennsylvania","Huntingdon County",1,78,302,137,165
050,42,061,"Pennsylvania","Huntingdon County",1,79,273,116,157
050,42,061,"Pennsylvania","Huntingdon County",1,80,256,103,153
050,42,061,"Pennsylvania","Huntingdon County",1,81,237,107,130
050,42,061,"Pennsylvania","Huntingdon County",1,82,233,96,137
050,42,061,"Pennsylvania","Huntingdon County",1,83,196,90,106
050,42,061,"Pennsylvania","Huntingdon County",1,84,185,86,99
050,42,061,"Pennsylvania","Huntingdon County",1,85,1064,390,674
050,42,061,"Pennsylvania","Huntingdon County",2,0,400,200,200
050,42,061,"Pennsylvania","Huntingdon County",2,1,401,206,195
050,42,061,"Pennsylvania","Huntingdon County",2,2,382,193,189
050,42,061,"Pennsylvania","Huntingdon County",2,3,385,191,194
050,42,061,"Pennsylvania","Huntingdon County",2,4,416,203,213
050,42,061,"Pennsylvania","Huntingdon County",2,5,422,197,225
050,42,061,"Pennsylvania","Huntingdon County",2,6,412,195,217
050,42,061,"Pennsylvania","Huntingdon County",2,7,424,203,221
050,42,061,"Pennsylvania","Huntingdon County",2,8,403,203,200
050,42,061,"Pennsylvania","Huntingdon County",2,9,403,224,179
050,42,061,"Pennsylvania","Huntingdon County",2,10,435,230,205
050,42,061,"Pennsylvania","Huntingdon County",2,11,480,250,230
050,42,061,"Pennsylvania","Huntingdon County",2,12,498,258,240
050,42,061,"Pennsylvania","Huntingdon County",2,13,494,250,244
050,42,061,"Pennsylvania","Huntingdon County",2,14,484,239,245
050,42,061,"Pennsylvania","Huntingdon County",2,15,463,228,235
050,42,061,"Pennsylvania","Huntingdon County",2,16,471,228,243
050,42,061,"Pennsylvania","Huntingdon County",2,17,492,249,243
050,42,061,"Pennsylvania","Huntingdon County",2,18,573,289,284
050,42,061,"Pennsylvania","Huntingdon County",2,19,724,337,387
050,42,061,"Pennsylvania","Huntingdon County",2,20,731,364,367
050,42,061,"Pennsylvania","Huntingdon County",2,21,590,305,285
050,42,061,"Pennsylvania","Huntingdon County",2,22,515,289,226
050,42,061,"Pennsylvania","Huntingdon County",2,23,480,288,192
050,42,061,"Pennsylvania","Huntingdon County",2,24,501,309,192
050,42,061,"Pennsylvania","Huntingdon County",2,25,496,296,200
050,42,061,"Pennsylvania","Huntingdon County",2,26,530,314,216
050,42,061,"Pennsylvania","Huntingdon County",2,27,531,324,207
050,42,061,"Pennsylvania","Huntingdon County",2,28,575,364,211
050,42,061,"Pennsylvania","Huntingdon County",2,29,588,371,217
050,42,061,"Pennsylvania","Huntingdon County",2,30,567,363,204
050,42,061,"Pennsylvania","Huntingdon County",2,31,548,347,201
050,42,061,"Pennsylvania","Huntingdon County",2,32,568,343,225
050,42,061,"Pennsylvania","Huntingdon County",2,33,581,366,215
050,42,061,"Pennsylvania","Huntingdon County",2,34,518,299,219
050,42,061,"Pennsylvania","Huntingdon County",2,35,502,300,202
050,42,061,"Pennsylvania","Huntingdon County",2,36,499,308,191
050,42,061,"Pennsylvania","Huntingdon County",2,37,494,293,201
050,42,061,"Pennsylvania","Huntingdon County",2,38,528,309,219
050,42,061,"Pennsylvania","Huntingdon County",2,39,525,311,214
050,42,061,"Pennsylvania","Huntingdon County",2,40,512,302,210
050,42,061,"Pennsylvania","Huntingdon County",2,41,511,296,215
050,42,061,"Pennsylvania","Huntingdon County",2,42,513,304,209
050,42,061,"Pennsylvania","Huntingdon County",2,43,521,299,222
050,42,061,"Pennsylvania","Huntingdon County",2,44,498,295,203
050,42,061,"Pennsylvania","Huntingdon County",2,45,537,326,211
050,42,061,"Pennsylvania","Huntingdon County",2,46,536,318,218
050,42,061,"Pennsylvania","Huntingdon County",2,47,542,325,217
050,42,061,"Pennsylvania","Huntingdon County",2,48,567,325,242
050,42,061,"Pennsylvania","Huntingdon County",2,49,614,352,262
050,42,061,"Pennsylvania","Huntingdon County",2,50,608,355,253
050,42,061,"Pennsylvania","Huntingdon County",2,51,584,331,253
050,42,061,"Pennsylvania","Huntingdon County",2,52,574,320,254
050,42,061,"Pennsylvania","Huntingdon County",2,53,576,315,261
050,42,061,"Pennsylvania","Huntingdon County",2,54,602,339,263
050,42,061,"Pennsylvania","Huntingdon County",2,55,627,329,298
050,42,061,"Pennsylvania","Huntingdon County",2,56,644,333,311
050,42,061,"Pennsylvania","Huntingdon County",2,57,637,341,296
050,42,061,"Pennsylvania","Huntingdon County",2,58,665,364,301
050,42,061,"Pennsylvania","Huntingdon County",2,59,645,342,303
050,42,061,"Pennsylvania","Huntingdon County",2,60,619,322,297
050,42,061,"Pennsylvania","Huntingdon County",2,61,606,314,292
050,42,061,"Pennsylvania","Huntingdon County",2,62,619,306,313
050,42,061,"Pennsylvania","Huntingdon County",2,63,632,318,314
050,42,061,"Pennsylvania","Huntingdon County",2,64,639,321,318
050,42,061,"Pennsylvania","Huntingdon County",2,65,624,316,308
050,42,061,"Pennsylvania","Huntingdon County",2,66,620,308,312
050,42,061,"Pennsylvania","Huntingdon County",2,67,582,281,301
050,42,061,"Pennsylvania","Huntingdon County",2,68,550,262,288
050,42,061,"Pennsylvania","Huntingdon County",2,69,531,263,268
050,42,061,"Pennsylvania","Huntingdon County",2,70,516,265,251
050,42,061,"Pennsylvania","Huntingdon County",2,71,526,279,247
050,42,061,"Pennsylvania","Huntingdon County",2,72,542,284,258
050,42,061,"Pennsylvania","Huntingdon County",2,73,593,302,291
050,42,061,"Pennsylvania","Huntingdon County",2,74,391,190,201
050,42,061,"Pennsylvania","Huntingdon County",2,75,365,180,185
050,42,061,"Pennsylvania","Huntingdon County",2,76,377,187,190
050,42,061,"Pennsylvania","Huntingdon County",2,77,405,193,212
050,42,061,"Pennsylvania","Huntingdon County",2,78,315,146,169
050,42,061,"Pennsylvania","Huntingdon County",2,79,273,115,158
050,42,061,"Pennsylvania","Huntingdon County",2,80,262,106,156
050,42,061,"Pennsylvania","Huntingdon County",2,81,237,103,134
050,42,061,"Pennsylvania","Huntingdon County",2,82,230,98,132
050,42,061,"Pennsylvania","Huntingdon County",2,83,200,88,112
050,42,061,"Pennsylvania","Huntingdon County",2,84,188,86,102
050,42,061,"Pennsylvania","Huntingdon County",2,85,1065,398,667
050,42,061,"Pennsylvania","Huntingdon County",3,0,413,211,202
050,42,061,"Pennsylvania","Huntingdon County",3,1,395,198,197
050,42,061,"Pennsylvania","Huntingdon County",3,2,392,199,193
050,42,061,"Pennsylvania","Huntingdon County",3,3,375,191,184
050,42,061,"Pennsylvania","Huntingdon County",3,4,384,191,193
050,42,061,"Pennsylvania","Huntingdon County",3,5,402,201,201
050,42,061,"Pennsylvania","Huntingdon County",3,6,424,198,226
050,42,061,"Pennsylvania","Huntingdon County",3,7,425,205,220
050,42,061,"Pennsylvania","Huntingdon County",3,8,422,201,221
050,42,061,"Pennsylvania","Huntingdon County",3,9,403,200,203
050,42,061,"Pennsylvania","Huntingdon County",3,10,415,233,182
050,42,061,"Pennsylvania","Huntingdon County",3,11,439,240,199
050,42,061,"Pennsylvania","Huntingdon County",3,12,475,250,225
050,42,061,"Pennsylvania","Huntingdon County",3,13,506,266,240
050,42,061,"Pennsylvania","Huntingdon County",3,14,494,250,244
050,42,061,"Pennsylvania","Huntingdon County",3,15,492,251,241
050,42,061,"Pennsylvania","Huntingdon County",3,16,468,232,236
050,42,061,"Pennsylvania","Huntingdon County",3,17,482,236,246
050,42,061,"Pennsylvania","Huntingdon County",3,18,567,279,288
050,42,061,"Pennsylvania","Huntingdon County",3,19,748,348,400
050,42,061,"Pennsylvania","Huntingdon County",3,20,762,376,386
050,42,061,"Pennsylvania","Huntingdon County",3,21,622,318,304
050,42,061,"Pennsylvania","Huntingdon County",3,22,541,295,246
050,42,061,"Pennsylvania","Huntingdon County",3,23,457,273,184
050,42,061,"Pennsylvania","Huntingdon County",3,24,503,309,194
050,42,061,"Pennsylvania","Huntingdon County",3,25,492,291,201
050,42,061,"Pennsylvania","Huntingdon County",3,26,499,311,188
050,42,061,"Pennsylvania","Huntingdon County",3,27,546,326,220
050,42,061,"Pennsylvania","Huntingdon County",3,28,560,352,208
050,42,061,"Pennsylvania","Huntingdon County",3,29,581,372,209
050,42,061,"Pennsylvania","Huntingdon County",3,30,577,368,209
050,42,061,"Pennsylvania","Huntingdon County",3,31,546,349,197
050,42,061,"Pennsylvania","Huntingdon County",3,32,549,340,209
050,42,061,"Pennsylvania","Huntingdon County",3,33,572,348,224
050,42,061,"Pennsylvania","Huntingdon County",3,34,524,314,210
050,42,061,"Pennsylvania","Huntingdon County",3,35,520,298,222
050,42,061,"Pennsylvania","Huntingdon County",3,36,519,306,213
050,42,061,"Pennsylvania","Huntingdon County",3,37,496,300,196
050,42,061,"Pennsylvania","Huntingdon County",3,38,505,302,203
050,42,061,"Pennsylvania","Huntingdon County",3,39,521,298,223
050,42,061,"Pennsylvania","Huntingdon County",3,40,507,289,218
050,42,061,"Pennsylvania","Huntingdon County",3,41,524,316,208
050,42,061,"Pennsylvania","Huntingdon County",3,42,520,298,222
050,42,061,"Pennsylvania","Huntingdon County",3,43,510,301,209
050,42,061,"Pennsylvania","Huntingdon County",3,44,513,292,221
050,42,061,"Pennsylvania","Huntingdon County",3,45,508,308,200
050,42,061,"Pennsylvania","Huntingdon County",3,46,527,310,217
050,42,061,"Pennsylvania","Huntingdon County",3,47,531,313,218
050,42,061,"Pennsylvania","Huntingdon County",3,48,528,311,217
050,42,061,"Pennsylvania","Huntingdon County",3,49,588,341,247
050,42,061,"Pennsylvania","Huntingdon County",3,50,597,334,263
050,42,061,"Pennsylvania","Huntingdon County",3,51,584,333,251
050,42,061,"Pennsylvania","Huntingdon County",3,52,576,329,247
050,42,061,"Pennsylvania","Huntingdon County",3,53,573,310,263
050,42,061,"Pennsylvania","Huntingdon County",3,54,588,321,267
050,42,061,"Pennsylvania","Huntingdon County",3,55,586,325,261
050,42,061,"Pennsylvania","Huntingdon County",3,56,625,326,299
050,42,061,"Pennsylvania","Huntingdon County",3,57,645,326,319
050,42,061,"Pennsylvania","Huntingdon County",3,58,634,340,294
050,42,061,"Pennsylvania","Huntingdon County",3,59,653,352,301
050,42,061,"Pennsylvania","Huntingdon County",3,60,642,348,294
050,42,061,"Pennsylvania","Huntingdon County",3,61,602,308,294
050,42,061,"Pennsylvania","Huntingdon County",3,62,596,305,291
050,42,061,"Pennsylvania","Huntingdon County",3,63,608,299,309
050,42,061,"Pennsylvania","Huntingdon County",3,64,640,327,313
050,42,061,"Pennsylvania","Huntingdon County",3,65,627,316,311
050,42,061,"Pennsylvania","Huntingdon County",3,66,614,301,313
050,42,061,"Pennsylvania","Huntingdon County",3,67,592,291,301
050,42,061,"Pennsylvania","Huntingdon County",3,68,582,283,299
050,42,061,"Pennsylvania","Huntingdon County",3,69,542,261,281
050,42,061,"Pennsylvania","Huntingdon County",3,70,522,254,268
050,42,061,"Pennsylvania","Huntingdon County",3,71,512,268,244
050,42,061,"Pennsylvania","Huntingdon County",3,72,523,272,251
050,42,061,"Pennsylvania","Huntingdon County",3,73,500,262,238
050,42,061,"Pennsylvania","Huntingdon County",3,74,574,286,288
050,42,061,"Pennsylvania","Huntingdon County",3,75,378,187,191
050,42,061,"Pennsylvania","Huntingdon County",3,76,351,172,179
050,42,061,"Pennsylvania","Huntingdon County",3,77,359,175,184
050,42,061,"Pennsylvania","Huntingdon County",3,78,378,186,192
050,42,061,"Pennsylvania","Huntingdon County",3,79,298,136,162
050,42,061,"Pennsylvania","Huntingdon County",3,80,267,110,157
050,42,061,"Pennsylvania","Huntingdon County",3,81,243,96,147
050,42,061,"Pennsylvania","Huntingdon County",3,82,223,96,127
050,42,061,"Pennsylvania","Huntingdon County",3,83,206,91,115
050,42,061,"Pennsylvania","Huntingdon County",3,84,197,79,118
050,42,061,"Pennsylvania","Huntingdon County",3,85,1052,399,653
050,42,061,"Pennsylvania","Huntingdon County",4,0,416,226,190
050,42,061,"Pennsylvania","Huntingdon County",4,1,393,202,191
050,42,061,"Pennsylvania","Huntingdon County",4,2,396,197,199
050,42,061,"Pennsylvania","Huntingdon County",4,3,390,192,198
050,42,061,"Pennsylvania","Huntingdon County",4,4,376,195,181
050,42,061,"Pennsylvania","Huntingdon County",4,5,377,184,193
050,42,061,"Pennsylvania","Huntingdon County",4,6,405,198,207
050,42,061,"Pennsylvania","Huntingdon County",4,7,443,210,233
050,42,061,"Pennsylvania","Huntingdon County",4,8,430,210,220
050,42,061,"Pennsylvania","Huntingdon County",4,9,423,207,216
050,42,061,"Pennsylvania","Huntingdon County",4,10,407,204,203
050,42,061,"Pennsylvania","Huntingdon County",4,11,420,231,189
050,42,061,"Pennsylvania","Huntingdon County",4,12,441,241,200
050,42,061,"Pennsylvania","Huntingdon County",4,13,481,255,226
050,42,061,"Pennsylvania","Huntingdon County",4,14,508,267,241
050,42,061,"Pennsylvania","Huntingdon County",4,15,500,252,248
050,42,061,"Pennsylvania","Huntingdon County",4,16,499,253,246
050,42,061,"Pennsylvania","Huntingdon County",4,17,471,233,238
050,42,061,"Pennsylvania","Huntingdon County",4,18,548,264,284
050,42,061,"Pennsylvania","Huntingdon County",4,19,725,330,395
050,42,061,"Pennsylvania","Huntingdon County",4,20,746,372,374
050,42,061,"Pennsylvania","Huntingdon County",4,21,612,304,308
050,42,061,"Pennsylvania","Huntingdon County",4,22,531,280,251
050,42,061,"Pennsylvania","Huntingdon County",4,23,480,282,198
050,42,061,"Pennsylvania","Huntingdon County",4,24,478,291,187
050,42,061,"Pennsylvania","Huntingdon County",4,25,457,283,174
050,42,061,"Pennsylvania","Huntingdon County",4,26,478,288,190
050,42,061,"Pennsylvania","Huntingdon County",4,27,494,302,192
050,42,061,"Pennsylvania","Huntingdon County",4,28,548,329,219
050,42,061,"Pennsylvania","Huntingdon County",4,29,554,351,203
050,42,061,"Pennsylvania","Huntingdon County",4,30,562,349,213
050,42,061,"Pennsylvania","Huntingdon County",4,31,555,337,218
050,42,061,"Pennsylvania","Huntingdon County",4,32,528,325,203
050,42,061,"Pennsylvania","Huntingdon County",4,33,525,325,200
050,42,061,"Pennsylvania","Huntingdon County",4,34,535,301,234
050,42,061,"Pennsylvania","Huntingdon County",4,35,511,302,209
050,42,061,"Pennsylvania","Huntingdon County",4,36,529,295,234
050,42,061,"Pennsylvania","Huntingdon County",4,37,497,286,211
050,42,061,"Pennsylvania","Huntingdon County",4,38,483,289,194
050,42,061,"Pennsylvania","Huntingdon County",4,39,476,272,204
050,42,061,"Pennsylvania","Huntingdon County",4,40,484,269,215
050,42,061,"Pennsylvania","Huntingdon County",4,41,521,299,222
050,42,061,"Pennsylvania","Huntingdon County",4,42,523,310,213
050,42,061,"Pennsylvania","Huntingdon County",4,43,503,282,221
050,42,061,"Pennsylvania","Huntingdon County",4,44,506,292,214
050,42,061,"Pennsylvania","Huntingdon County",4,45,509,291,218
050,42,061,"Pennsylvania","Huntingdon County",4,46,480,283,197
050,42,061,"Pennsylvania","Huntingdon County",4,47,517,299,218
050,42,061,"Pennsylvania","Huntingdon County",4,48,495,279,216
050,42,061,"Pennsylvania","Huntingdon County",4,49,525,310,215
050,42,061,"Pennsylvania","Huntingdon County",4,50,559,316,243
050,42,061,"Pennsylvania","Huntingdon County",4,51,578,313,265
050,42,061,"Pennsylvania","Huntingdon County",4,52,581,332,249
050,42,061,"Pennsylvania","Huntingdon County",4,53,555,305,250
050,42,061,"Pennsylvania","Huntingdon County",4,54,566,308,258
050,42,061,"Pennsylvania","Huntingdon County",4,55,567,303,264
050,42,061,"Pennsylvania","Huntingdon County",4,56,567,307,260
050,42,061,"Pennsylvania","Huntingdon County",4,57,607,313,294
050,42,061,"Pennsylvania","Huntingdon County",4,58,642,329,313
050,42,061,"Pennsylvania","Huntingdon County",4,59,607,319,288
050,42,061,"Pennsylvania","Huntingdon County",4,60,653,353,300
050,42,061,"Pennsylvania","Huntingdon County",4,61,632,336,296
050,42,061,"Pennsylvania","Huntingdon County",4,62,588,300,288
050,42,061,"Pennsylvania","Huntingdon County",4,63,593,296,297
050,42,061,"Pennsylvania","Huntingdon County",4,64,603,295,308
050,42,061,"Pennsylvania","Huntingdon County",4,65,634,320,314
050,42,061,"Pennsylvania","Huntingdon County",4,66,615,296,319
050,42,061,"Pennsylvania","Huntingdon County",4,67,605,293,312
050,42,061,"Pennsylvania","Huntingdon County",4,68,588,286,302
050,42,061,"Pennsylvania","Huntingdon County",4,69,572,279,293
050,42,061,"Pennsylvania","Huntingdon County",4,70,524,252,272
050,42,061,"Pennsylvania","Huntingdon County",4,71,513,252,261
050,42,061,"Pennsylvania","Huntingdon County",4,72,512,265,247
050,42,061,"Pennsylvania","Huntingdon County",4,73,485,253,232
050,42,061,"Pennsylvania","Huntingdon County",4,74,489,251,238
050,42,061,"Pennsylvania","Huntingdon County",4,75,560,284,276
050,42,061,"Pennsylvania","Huntingdon County",4,76,365,175,190
050,42,061,"Pennsylvania","Huntingdon County",4,77,333,159,174
050,42,061,"Pennsylvania","Huntingdon County",4,78,337,168,169
050,42,061,"Pennsylvania","Huntingdon County",4,79,348,171,177
050,42,061,"Pennsylvania","Huntingdon County",4,80,285,127,158
050,42,061,"Pennsylvania","Huntingdon County",4,81,245,98,147
050,42,061,"Pennsylvania","Huntingdon County",4,82,220,93,127
050,42,061,"Pennsylvania","Huntingdon County",4,83,203,91,112
050,42,061,"Pennsylvania","Huntingdon County",4,84,201,84,117
050,42,061,"Pennsylvania","Huntingdon County",4,85,1074,411,663
050,42,061,"Pennsylvania","Huntingdon County",5,0,413,225,188
050,42,061,"Pennsylvania","Huntingdon County",5,1,408,224,184
050,42,061,"Pennsylvania","Huntingdon County",5,2,388,201,187
050,42,061,"Pennsylvania","Huntingdon County",5,3,394,197,197
050,42,061,"Pennsylvania","Huntingdon County",5,4,384,194,190
050,42,061,"Pennsylvania","Huntingdon County",5,5,384,197,187
050,42,061,"Pennsylvania","Huntingdon County",5,6,384,187,197
050,42,061,"Pennsylvania","Huntingdon County",5,7,410,198,212
050,42,061,"Pennsylvania","Huntingdon County",5,8,441,210,231
050,42,061,"Pennsylvania","Huntingdon County",5,9,431,208,223
050,42,061,"Pennsylvania","Huntingdon County",5,10,431,212,219
050,42,061,"Pennsylvania","Huntingdon County",5,11,408,204,204
050,42,061,"Pennsylvania","Huntingdon County",5,12,425,228,197
050,42,061,"Pennsylvania","Huntingdon County",5,13,441,239,202
050,42,061,"Pennsylvania","Huntingdon County",5,14,477,254,223
050,42,061,"Pennsylvania","Huntingdon County",5,15,511,268,243
050,42,061,"Pennsylvania","Huntingdon County",5,16,513,262,251
050,42,061,"Pennsylvania","Huntingdon County",5,17,507,259,248
050,42,061,"Pennsylvania","Huntingdon County",5,18,544,266,278
050,42,061,"Pennsylvania","Huntingdon County",5,19,719,323,396
050,42,061,"Pennsylvania","Huntingdon County",5,20,727,358,369
050,42,061,"Pennsylvania","Huntingdon County",5,21,604,308,296
050,42,061,"Pennsylvania","Huntingdon County",5,22,547,277,270
050,42,061,"Pennsylvania","Huntingdon County",5,23,477,284,193
050,42,061,"Pennsylvania","Huntingdon County",5,24,492,296,196
050,42,061,"Pennsylvania","Huntingdon County",5,25,474,287,187
050,42,061,"Pennsylvania","Huntingdon County",5,26,473,303,170
050,42,061,"Pennsylvania","Huntingdon County",5,27,507,308,199
050,42,061,"Pennsylvania","Huntingdon County",5,28,516,338,178
050,42,061,"Pennsylvania","Huntingdon County",5,29,586,366,220
050,42,061,"Pennsylvania","Huntingdon County",5,30,552,358,194
050,42,061,"Pennsylvania","Huntingdon County",5,31,567,356,211
050,42,061,"Pennsylvania","Huntingdon County",5,32,560,344,216
050,42,061,"Pennsylvania","Huntingdon County",5,33,543,348,195
050,42,061,"Pennsylvania","Huntingdon County",5,34,498,296,202
050,42,061,"Pennsylvania","Huntingdon County",5,35,543,314,229
050,42,061,"Pennsylvania","Huntingdon County",5,36,536,316,220
050,42,061,"Pennsylvania","Huntingdon County",5,37,528,300,228
050,42,061,"Pennsylvania","Huntingdon County",5,38,513,304,209
050,42,061,"Pennsylvania","Huntingdon County",5,39,482,285,197
050,42,061,"Pennsylvania","Huntingdon County",5,40,463,263,200
050,42,061,"Pennsylvania","Huntingdon County",5,41,504,286,218
050,42,061,"Pennsylvania","Huntingdon County",5,42,539,313,226
050,42,061,"Pennsylvania","Huntingdon County",5,43,520,304,216
050,42,061,"Pennsylvania","Huntingdon County",5,44,521,298,223
050,42,061,"Pennsylvania","Huntingdon County",5,45,528,315,213
050,42,061,"Pennsylvania","Huntingdon County",5,46,488,277,211
050,42,061,"Pennsylvania","Huntingdon County",5,47,486,291,195
050,42,061,"Pennsylvania","Huntingdon County",5,48,513,290,223
050,42,061,"Pennsylvania","Huntingdon County",5,49,504,293,211
050,42,061,"Pennsylvania","Huntingdon County",5,50,519,308,211
050,42,061,"Pennsylvania","Huntingdon County",5,51,554,306,248
050,42,061,"Pennsylvania","Huntingdon County",5,52,581,320,261
050,42,061,"Pennsylvania","Huntingdon County",5,53,588,333,255
050,42,061,"Pennsylvania","Huntingdon County",5,54,559,310,249
050,42,061,"Pennsylvania","Huntingdon County",5,55,564,306,258
050,42,061,"Pennsylvania","Huntingdon County",5,56,565,301,264
050,42,061,"Pennsylvania","Huntingdon County",5,57,571,309,262
050,42,061,"Pennsylvania","Huntingdon County",5,58,608,316,292
050,42,061,"Pennsylvania","Huntingdon County",5,59,629,317,312
050,42,061,"Pennsylvania","Huntingdon County",5,60,610,326,284
050,42,061,"Pennsylvania","Huntingdon County",5,61,643,345,298
050,42,061,"Pennsylvania","Huntingdon County",5,62,628,335,293
050,42,061,"Pennsylvania","Huntingdon County",5,63,594,298,296
050,42,061,"Pennsylvania","Huntingdon County",5,64,593,299,294
050,42,061,"Pennsylvania","Huntingdon County",5,65,597,290,307
050,42,061,"Pennsylvania","Huntingdon County",5,66,637,319,318
050,42,061,"Pennsylvania","Huntingdon County",5,67,603,290,313
050,42,061,"Pennsylvania","Huntingdon County",5,68,604,295,309
050,42,061,"Pennsylvania","Huntingdon County",5,69,584,281,303
050,42,061,"Pennsylvania","Huntingdon County",5,70,558,271,287
050,42,061,"Pennsylvania","Huntingdon County",5,71,515,250,265
050,42,061,"Pennsylvania","Huntingdon County",5,72,513,250,263
050,42,061,"Pennsylvania","Huntingdon County",5,73,477,244,233
050,42,061,"Pennsylvania","Huntingdon County",5,74,467,241,226
050,42,061,"Pennsylvania","Huntingdon County",5,75,472,248,224
050,42,061,"Pennsylvania","Huntingdon County",5,76,550,273,277
050,42,061,"Pennsylvania","Huntingdon County",5,77,357,167,190
050,42,061,"Pennsylvania","Huntingdon County",5,78,315,156,159
050,42,061,"Pennsylvania","Huntingdon County",5,79,316,156,160
050,42,061,"Pennsylvania","Huntingdon County",5,80,343,163,180
050,42,061,"Pennsylvania","Huntingdon County",5,81,258,113,145
050,42,061,"Pennsylvania","Huntingdon County",5,82,225,90,135
050,42,061,"Pennsylvania","Huntingdon County",5,83,202,89,113
050,42,061,"Pennsylvania","Huntingdon County",5,84,196,80,116
050,42,061,"Pennsylvania","Huntingdon County",5,85,1115,431,684
050,42,063,"Pennsylvania","Indiana County",1,0,768,393,375
050,42,063,"Pennsylvania","Indiana County",1,1,780,390,390
050,42,063,"Pennsylvania","Indiana County",1,2,770,395,375
050,42,063,"Pennsylvania","Indiana County",1,3,755,393,362
050,42,063,"Pennsylvania","Indiana County",1,4,813,416,397
050,42,063,"Pennsylvania","Indiana County",1,5,761,420,341
050,42,063,"Pennsylvania","Indiana County",1,6,838,438,400
050,42,063,"Pennsylvania","Indiana County",1,7,782,430,352
050,42,063,"Pennsylvania","Indiana County",1,8,804,435,369
050,42,063,"Pennsylvania","Indiana County",1,9,816,416,400
050,42,063,"Pennsylvania","Indiana County",1,10,859,414,445
050,42,063,"Pennsylvania","Indiana County",1,11,887,465,422
050,42,063,"Pennsylvania","Indiana County",1,12,886,470,416
050,42,063,"Pennsylvania","Indiana County",1,13,911,472,439
050,42,063,"Pennsylvania","Indiana County",1,14,916,460,456
050,42,063,"Pennsylvania","Indiana County",1,15,885,444,441
050,42,063,"Pennsylvania","Indiana County",1,16,972,516,456
050,42,063,"Pennsylvania","Indiana County",1,17,970,514,456
050,42,063,"Pennsylvania","Indiana County",1,18,1758,813,945
050,42,063,"Pennsylvania","Indiana County",1,19,2859,1272,1587
050,42,063,"Pennsylvania","Indiana County",1,20,2622,1264,1358
050,42,063,"Pennsylvania","Indiana County",1,21,2310,1111,1199
050,42,063,"Pennsylvania","Indiana County",1,22,1822,904,918
050,42,063,"Pennsylvania","Indiana County",1,23,1264,684,580
050,42,063,"Pennsylvania","Indiana County",1,24,1038,591,447
050,42,063,"Pennsylvania","Indiana County",1,25,898,475,423
050,42,063,"Pennsylvania","Indiana County",1,26,911,490,421
050,42,063,"Pennsylvania","Indiana County",1,27,904,462,442
050,42,063,"Pennsylvania","Indiana County",1,28,922,489,433
050,42,063,"Pennsylvania","Indiana County",1,29,933,542,391
050,42,063,"Pennsylvania","Indiana County",1,30,829,473,356
050,42,063,"Pennsylvania","Indiana County",1,31,799,450,349
050,42,063,"Pennsylvania","Indiana County",1,32,786,425,361
050,42,063,"Pennsylvania","Indiana County",1,33,790,427,363
050,42,063,"Pennsylvania","Indiana County",1,34,842,447,395
050,42,063,"Pennsylvania","Indiana County",1,35,823,421,402
050,42,063,"Pennsylvania","Indiana County",1,36,905,463,442
050,42,063,"Pennsylvania","Indiana County",1,37,884,457,427
050,42,063,"Pennsylvania","Indiana County",1,38,857,444,413
050,42,063,"Pennsylvania","Indiana County",1,39,902,481,421
050,42,063,"Pennsylvania","Indiana County",1,40,868,444,424
050,42,063,"Pennsylvania","Indiana County",1,41,833,438,395
050,42,063,"Pennsylvania","Indiana County",1,42,827,443,384
050,42,063,"Pennsylvania","Indiana County",1,43,786,399,387
050,42,063,"Pennsylvania","Indiana County",1,44,764,391,373
050,42,063,"Pennsylvania","Indiana County",1,45,757,381,376
050,42,063,"Pennsylvania","Indiana County",1,46,800,390,410
050,42,063,"Pennsylvania","Indiana County",1,47,888,448,440
050,42,063,"Pennsylvania","Indiana County",1,48,923,463,460
050,42,063,"Pennsylvania","Indiana County",1,49,973,516,457
050,42,063,"Pennsylvania","Indiana County",1,50,951,495,456
050,42,063,"Pennsylvania","Indiana County",1,51,974,499,475
050,42,063,"Pennsylvania","Indiana County",1,52,1009,512,497
050,42,063,"Pennsylvania","Indiana County",1,53,1044,531,513
050,42,063,"Pennsylvania","Indiana County",1,54,1000,507,493
050,42,063,"Pennsylvania","Indiana County",1,55,1013,513,500
050,42,063,"Pennsylvania","Indiana County",1,56,1110,555,555
050,42,063,"Pennsylvania","Indiana County",1,57,1136,567,569
050,42,063,"Pennsylvania","Indiana County",1,58,1150,569,581
050,42,063,"Pennsylvania","Indiana County",1,59,1183,595,588
050,42,063,"Pennsylvania","Indiana County",1,60,1194,597,597
050,42,063,"Pennsylvania","Indiana County",1,61,1210,603,607
050,42,063,"Pennsylvania","Indiana County",1,62,1232,639,593
050,42,063,"Pennsylvania","Indiana County",1,63,1195,606,589
050,42,063,"Pennsylvania","Indiana County",1,64,1182,585,597
050,42,063,"Pennsylvania","Indiana County",1,65,1167,598,569
050,42,063,"Pennsylvania","Indiana County",1,66,1127,571,556
050,42,063,"Pennsylvania","Indiana County",1,67,1105,558,547
050,42,063,"Pennsylvania","Indiana County",1,68,1070,539,531
050,42,063,"Pennsylvania","Indiana County",1,69,966,468,498
050,42,063,"Pennsylvania","Indiana County",1,70,905,459,446
050,42,063,"Pennsylvania","Indiana County",1,71,906,446,460
050,42,063,"Pennsylvania","Indiana County",1,72,911,446,465
050,42,063,"Pennsylvania","Indiana County",1,73,877,415,462
050,42,063,"Pennsylvania","Indiana County",1,74,615,282,333
050,42,063,"Pennsylvania","Indiana County",1,75,582,283,299
050,42,063,"Pennsylvania","Indiana County",1,76,592,291,301
050,42,063,"Pennsylvania","Indiana County",1,77,646,302,344
050,42,063,"Pennsylvania","Indiana County",1,78,578,272,306
050,42,063,"Pennsylvania","Indiana County",1,79,512,227,285
050,42,063,"Pennsylvania","Indiana County",1,80,433,195,238
050,42,063,"Pennsylvania","Indiana County",1,81,440,201,239
050,42,063,"Pennsylvania","Indiana County",1,82,407,187,220
050,42,063,"Pennsylvania","Indiana County",1,83,369,164,205
050,42,063,"Pennsylvania","Indiana County",1,84,316,124,192
050,42,063,"Pennsylvania","Indiana County",1,85,1876,605,1271
050,42,063,"Pennsylvania","Indiana County",2,0,774,403,371
050,42,063,"Pennsylvania","Indiana County",2,1,770,387,383
050,42,063,"Pennsylvania","Indiana County",2,2,769,393,376
050,42,063,"Pennsylvania","Indiana County",2,3,758,394,364
050,42,063,"Pennsylvania","Indiana County",2,4,800,412,388
050,42,063,"Pennsylvania","Indiana County",2,5,774,420,354
050,42,063,"Pennsylvania","Indiana County",2,6,822,436,386
050,42,063,"Pennsylvania","Indiana County",2,7,794,431,363
050,42,063,"Pennsylvania","Indiana County",2,8,791,428,363
050,42,063,"Pennsylvania","Indiana County",2,9,811,419,392
050,42,063,"Pennsylvania","Indiana County",2,10,846,416,430
050,42,063,"Pennsylvania","Indiana County",2,11,875,451,424
050,42,063,"Pennsylvania","Indiana County",2,12,891,471,420
050,42,063,"Pennsylvania","Indiana County",2,13,907,472,435
050,42,063,"Pennsylvania","Indiana County",2,14,918,465,453
050,42,063,"Pennsylvania","Indiana County",2,15,899,453,446
050,42,063,"Pennsylvania","Indiana County",2,16,956,504,452
050,42,063,"Pennsylvania","Indiana County",2,17,980,523,457
050,42,063,"Pennsylvania","Indiana County",2,18,1749,805,944
050,42,063,"Pennsylvania","Indiana County",2,19,2863,1271,1592
050,42,063,"Pennsylvania","Indiana County",2,20,2638,1272,1366
050,42,063,"Pennsylvania","Indiana County",2,21,2308,1108,1200
050,42,063,"Pennsylvania","Indiana County",2,22,1809,899,910
050,42,063,"Pennsylvania","Indiana County",2,23,1258,678,580
050,42,063,"Pennsylvania","Indiana County",2,24,1037,591,446
050,42,063,"Pennsylvania","Indiana County",2,25,890,468,422
050,42,063,"Pennsylvania","Indiana County",2,26,900,488,412
050,42,063,"Pennsylvania","Indiana County",2,27,890,452,438
050,42,063,"Pennsylvania","Indiana County",2,28,918,482,436
050,42,063,"Pennsylvania","Indiana County",2,29,928,526,402
050,42,063,"Pennsylvania","Indiana County",2,30,859,491,368
050,42,063,"Pennsylvania","Indiana County",2,31,805,455,350
050,42,063,"Pennsylvania","Indiana County",2,32,790,430,360
050,42,063,"Pennsylvania","Indiana County",2,33,787,426,361
050,42,063,"Pennsylvania","Indiana County",2,34,825,438,387
050,42,063,"Pennsylvania","Indiana County",2,35,838,433,405
050,42,063,"Pennsylvania","Indiana County",2,36,878,449,429
050,42,063,"Pennsylvania","Indiana County",2,37,890,458,432
050,42,063,"Pennsylvania","Indiana County",2,38,866,450,416
050,42,063,"Pennsylvania","Indiana County",2,39,890,472,418
050,42,063,"Pennsylvania","Indiana County",2,40,886,457,429
050,42,063,"Pennsylvania","Indiana County",2,41,842,439,403
050,42,063,"Pennsylvania","Indiana County",2,42,821,438,383
050,42,063,"Pennsylvania","Indiana County",2,43,802,414,388
050,42,063,"Pennsylvania","Indiana County",2,44,760,387,373
050,42,063,"Pennsylvania","Indiana County",2,45,762,384,378
050,42,063,"Pennsylvania","Indiana County",2,46,790,388,402
050,42,063,"Pennsylvania","Indiana County",2,47,865,435,430
050,42,063,"Pennsylvania","Indiana County",2,48,909,458,451
050,42,063,"Pennsylvania","Indiana County",2,49,964,505,459
050,42,063,"Pennsylvania","Indiana County",2,50,956,499,457
050,42,063,"Pennsylvania","Indiana County",2,51,965,497,468
050,42,063,"Pennsylvania","Indiana County",2,52,995,505,490
050,42,063,"Pennsylvania","Indiana County",2,53,1037,527,510
050,42,063,"Pennsylvania","Indiana County",2,54,1006,511,495
050,42,063,"Pennsylvania","Indiana County",2,55,1008,509,499
050,42,063,"Pennsylvania","Indiana County",2,56,1094,547,547
050,42,063,"Pennsylvania","Indiana County",2,57,1133,566,567
050,42,063,"Pennsylvania","Indiana County",2,58,1146,570,576
050,42,063,"Pennsylvania","Indiana County",2,59,1181,591,590
050,42,063,"Pennsylvania","Indiana County",2,60,1181,590,591
050,42,063,"Pennsylvania","Indiana County",2,61,1205,601,604
050,42,063,"Pennsylvania","Indiana County",2,62,1222,627,595
050,42,063,"Pennsylvania","Indiana County",2,63,1217,620,597
050,42,063,"Pennsylvania","Indiana County",2,64,1176,587,589
050,42,063,"Pennsylvania","Indiana County",2,65,1167,593,574
050,42,063,"Pennsylvania","Indiana County",2,66,1142,580,562
050,42,063,"Pennsylvania","Indiana County",2,67,1104,557,547
050,42,063,"Pennsylvania","Indiana County",2,68,1063,536,527
050,42,063,"Pennsylvania","Indiana County",2,69,997,487,510
050,42,063,"Pennsylvania","Indiana County",2,70,909,456,453
050,42,063,"Pennsylvania","Indiana County",2,71,905,450,455
050,42,063,"Pennsylvania","Indiana County",2,72,887,436,451
050,42,063,"Pennsylvania","Indiana County",2,73,929,443,486
050,42,063,"Pennsylvania","Indiana County",2,74,630,291,339
050,42,063,"Pennsylvania","Indiana County",2,75,586,281,305
050,42,063,"Pennsylvania","Indiana County",2,76,579,284,295
050,42,063,"Pennsylvania","Indiana County",2,77,652,308,344
050,42,063,"Pennsylvania","Indiana County",2,78,580,271,309
050,42,063,"Pennsylvania","Indiana County",2,79,524,236,288
050,42,063,"Pennsylvania","Indiana County",2,80,442,197,245
050,42,063,"Pennsylvania","Indiana County",2,81,431,195,236
050,42,063,"Pennsylvania","Indiana County",2,82,405,181,224
050,42,063,"Pennsylvania","Indiana County",2,83,367,164,203
050,42,063,"Pennsylvania","Indiana County",2,84,322,130,192
050,42,063,"Pennsylvania","Indiana County",2,85,1856,597,1259
050,42,063,"Pennsylvania","Indiana County",3,0,753,400,353
050,42,063,"Pennsylvania","Indiana County",3,1,749,399,350
050,42,063,"Pennsylvania","Indiana County",3,2,778,394,384
050,42,063,"Pennsylvania","Indiana County",3,3,756,377,379
050,42,063,"Pennsylvania","Indiana County",3,4,755,390,365
050,42,063,"Pennsylvania","Indiana County",3,5,814,417,397
050,42,063,"Pennsylvania","Indiana County",3,6,768,419,349
050,42,063,"Pennsylvania","Indiana County",3,7,822,443,379
050,42,063,"Pennsylvania","Indiana County",3,8,793,428,365
050,42,063,"Pennsylvania","Indiana County",3,9,801,433,368
050,42,063,"Pennsylvania","Indiana County",3,10,816,428,388
050,42,063,"Pennsylvania","Indiana County",3,11,852,417,435
050,42,063,"Pennsylvania","Indiana County",3,12,876,454,422
050,42,063,"Pennsylvania","Indiana County",3,13,912,480,432
050,42,063,"Pennsylvania","Indiana County",3,14,911,482,429
050,42,063,"Pennsylvania","Indiana County",3,15,915,462,453
050,42,063,"Pennsylvania","Indiana County",3,16,908,464,444
050,42,063,"Pennsylvania","Indiana County",3,17,987,531,456
050,42,063,"Pennsylvania","Indiana County",3,18,1831,835,996
050,42,063,"Pennsylvania","Indiana County",3,19,2983,1306,1677
050,42,063,"Pennsylvania","Indiana County",3,20,2698,1298,1400
050,42,063,"Pennsylvania","Indiana County",3,21,2404,1153,1251
050,42,063,"Pennsylvania","Indiana County",3,22,1815,909,906
050,42,063,"Pennsylvania","Indiana County",3,23,1262,687,575
050,42,063,"Pennsylvania","Indiana County",3,24,1056,614,442
050,42,063,"Pennsylvania","Indiana County",3,25,898,468,430
050,42,063,"Pennsylvania","Indiana County",3,26,870,492,378
050,42,063,"Pennsylvania","Indiana County",3,27,822,433,389
050,42,063,"Pennsylvania","Indiana County",3,28,875,447,428
050,42,063,"Pennsylvania","Indiana County",3,29,892,491,401
050,42,063,"Pennsylvania","Indiana County",3,30,903,507,396
050,42,063,"Pennsylvania","Indiana County",3,31,847,467,380
050,42,063,"Pennsylvania","Indiana County",3,32,799,454,345
050,42,063,"Pennsylvania","Indiana County",3,33,787,418,369
050,42,063,"Pennsylvania","Indiana County",3,34,760,411,349
050,42,063,"Pennsylvania","Indiana County",3,35,843,456,387
050,42,063,"Pennsylvania","Indiana County",3,36,845,439,406
050,42,063,"Pennsylvania","Indiana County",3,37,874,446,428
050,42,063,"Pennsylvania","Indiana County",3,38,895,462,433
050,42,063,"Pennsylvania","Indiana County",3,39,870,453,417
050,42,063,"Pennsylvania","Indiana County",3,40,892,474,418
050,42,063,"Pennsylvania","Indiana County",3,41,881,448,433
050,42,063,"Pennsylvania","Indiana County",3,42,846,442,404
050,42,063,"Pennsylvania","Indiana County",3,43,827,437,390
050,42,063,"Pennsylvania","Indiana County",3,44,816,422,394
050,42,063,"Pennsylvania","Indiana County",3,45,757,380,377
050,42,063,"Pennsylvania","Indiana County",3,46,772,393,379
050,42,063,"Pennsylvania","Indiana County",3,47,819,409,410
050,42,063,"Pennsylvania","Indiana County",3,48,845,424,421
050,42,063,"Pennsylvania","Indiana County",3,49,915,465,450
050,42,063,"Pennsylvania","Indiana County",3,50,963,504,459
050,42,063,"Pennsylvania","Indiana County",3,51,971,507,464
050,42,063,"Pennsylvania","Indiana County",3,52,961,488,473
050,42,063,"Pennsylvania","Indiana County",3,53,996,505,491
050,42,063,"Pennsylvania","Indiana County",3,54,1037,532,505
050,42,063,"Pennsylvania","Indiana County",3,55,998,508,490
050,42,063,"Pennsylvania","Indiana County",3,56,1002,500,502
050,42,063,"Pennsylvania","Indiana County",3,57,1088,548,540
050,42,063,"Pennsylvania","Indiana County",3,58,1140,564,576
050,42,063,"Pennsylvania","Indiana County",3,59,1143,565,578
050,42,063,"Pennsylvania","Indiana County",3,60,1160,577,583
050,42,063,"Pennsylvania","Indiana County",3,61,1170,582,588
050,42,063,"Pennsylvania","Indiana County",3,62,1199,600,599
050,42,063,"Pennsylvania","Indiana County",3,63,1218,625,593
050,42,063,"Pennsylvania","Indiana County",3,64,1185,612,573
050,42,063,"Pennsylvania","Indiana County",3,65,1155,568,587
050,42,063,"Pennsylvania","Indiana County",3,66,1159,580,579
050,42,063,"Pennsylvania","Indiana County",3,67,1117,558,559
050,42,063,"Pennsylvania","Indiana County",3,68,1079,544,535
050,42,063,"Pennsylvania","Indiana County",3,69,1040,525,515
050,42,063,"Pennsylvania","Indiana County",3,70,973,479,494
050,42,063,"Pennsylvania","Indiana County",3,71,886,439,447
050,42,063,"Pennsylvania","Indiana County",3,72,866,432,434
050,42,063,"Pennsylvania","Indiana County",3,73,867,421,446
050,42,063,"Pennsylvania","Indiana County",3,74,899,421,478
050,42,063,"Pennsylvania","Indiana County",3,75,599,276,323
050,42,063,"Pennsylvania","Indiana County",3,76,560,265,295
050,42,063,"Pennsylvania","Indiana County",3,77,563,276,287
050,42,063,"Pennsylvania","Indiana County",3,78,628,297,331
050,42,063,"Pennsylvania","Indiana County",3,79,561,261,300
050,42,063,"Pennsylvania","Indiana County",3,80,478,215,263
050,42,063,"Pennsylvania","Indiana County",3,81,444,202,242
050,42,063,"Pennsylvania","Indiana County",3,82,394,165,229
050,42,063,"Pennsylvania","Indiana County",3,83,372,164,208
050,42,063,"Pennsylvania","Indiana County",3,84,326,140,186
050,42,063,"Pennsylvania","Indiana County",3,85,1839,593,1246
050,42,063,"Pennsylvania","Indiana County",4,0,751,394,357
050,42,063,"Pennsylvania","Indiana County",4,1,736,390,346
050,42,063,"Pennsylvania","Indiana County",4,2,768,413,355
050,42,063,"Pennsylvania","Indiana County",4,3,787,395,392
050,42,063,"Pennsylvania","Indiana County",4,4,769,386,383
050,42,063,"Pennsylvania","Indiana County",4,5,777,408,369
050,42,063,"Pennsylvania","Indiana County",4,6,813,418,395
050,42,063,"Pennsylvania","Indiana County",4,7,795,428,367
050,42,063,"Pennsylvania","Indiana County",4,8,833,438,395
050,42,063,"Pennsylvania","Indiana County",4,9,807,426,381
050,42,063,"Pennsylvania","Indiana County",4,10,810,433,377
050,42,063,"Pennsylvania","Indiana County",4,11,817,423,394
050,42,063,"Pennsylvania","Indiana County",4,12,852,420,432
050,42,063,"Pennsylvania","Indiana County",4,13,907,479,428
050,42,063,"Pennsylvania","Indiana County",4,14,922,490,432
050,42,063,"Pennsylvania","Indiana County",4,15,917,488,429
050,42,063,"Pennsylvania","Indiana County",4,16,947,489,458
050,42,063,"Pennsylvania","Indiana County",4,17,942,494,448
050,42,063,"Pennsylvania","Indiana County",4,18,1829,836,993
050,42,063,"Pennsylvania","Indiana County",4,19,3013,1310,1703
050,42,063,"Pennsylvania","Indiana County",4,20,2684,1278,1406
050,42,063,"Pennsylvania","Indiana County",4,21,2397,1145,1252
050,42,063,"Pennsylvania","Indiana County",4,22,1905,932,973
050,42,063,"Pennsylvania","Indiana County",4,23,1263,681,582
050,42,063,"Pennsylvania","Indiana County",4,24,1082,616,466
050,42,063,"Pennsylvania","Indiana County",4,25,891,482,409
050,42,063,"Pennsylvania","Indiana County",4,26,852,479,373
050,42,063,"Pennsylvania","Indiana County",4,27,802,442,360
050,42,063,"Pennsylvania","Indiana County",4,28,812,429,383
050,42,063,"Pennsylvania","Indiana County",4,29,858,425,433
050,42,063,"Pennsylvania","Indiana County",4,30,886,481,405
050,42,063,"Pennsylvania","Indiana County",4,31,892,484,408
050,42,063,"Pennsylvania","Indiana County",4,32,858,459,399
050,42,063,"Pennsylvania","Indiana County",4,33,818,465,353
050,42,063,"Pennsylvania","Indiana County",4,34,776,406,370
050,42,063,"Pennsylvania","Indiana County",4,35,758,405,353
050,42,063,"Pennsylvania","Indiana County",4,36,850,458,392
050,42,063,"Pennsylvania","Indiana County",4,37,842,432,410
050,42,063,"Pennsylvania","Indiana County",4,38,873,439,434
050,42,063,"Pennsylvania","Indiana County",4,39,921,460,461
050,42,063,"Pennsylvania","Indiana County",4,40,871,457,414
050,42,063,"Pennsylvania","Indiana County",4,41,891,472,419
050,42,063,"Pennsylvania","Indiana County",4,42,897,458,439
050,42,063,"Pennsylvania","Indiana County",4,43,847,445,402
050,42,063,"Pennsylvania","Indiana County",4,44,834,436,398
050,42,063,"Pennsylvania","Indiana County",4,45,805,417,388
050,42,063,"Pennsylvania","Indiana County",4,46,773,396,377
050,42,063,"Pennsylvania","Indiana County",4,47,770,396,374
050,42,063,"Pennsylvania","Indiana County",4,48,799,403,396
050,42,063,"Pennsylvania","Indiana County",4,49,821,407,414
050,42,063,"Pennsylvania","Indiana County",4,50,927,465,462
050,42,063,"Pennsylvania","Indiana County",4,51,965,508,457
050,42,063,"Pennsylvania","Indiana County",4,52,942,492,450
050,42,063,"Pennsylvania","Indiana County",4,53,961,490,471
050,42,063,"Pennsylvania","Indiana County",4,54,992,496,496
050,42,063,"Pennsylvania","Indiana County",4,55,1024,520,504
050,42,063,"Pennsylvania","Indiana County",4,56,990,503,487
050,42,063,"Pennsylvania","Indiana County",4,57,1009,502,507
050,42,063,"Pennsylvania","Indiana County",4,58,1074,543,531
050,42,063,"Pennsylvania","Indiana County",4,59,1132,564,568
050,42,063,"Pennsylvania","Indiana County",4,60,1128,554,574
050,42,063,"Pennsylvania","Indiana County",4,61,1159,572,587
050,42,063,"Pennsylvania","Indiana County",4,62,1155,575,580
050,42,063,"Pennsylvania","Indiana County",4,63,1210,613,597
050,42,063,"Pennsylvania","Indiana County",4,64,1195,620,575
050,42,063,"Pennsylvania","Indiana County",4,65,1157,595,562
050,42,063,"Pennsylvania","Indiana County",4,66,1142,555,587
050,42,063,"Pennsylvania","Indiana County",4,67,1138,570,568
050,42,063,"Pennsylvania","Indiana County",4,68,1085,544,541
050,42,063,"Pennsylvania","Indiana County",4,69,1051,529,522
050,42,063,"Pennsylvania","Indiana County",4,70,1015,512,503
050,42,063,"Pennsylvania","Indiana County",4,71,942,458,484
050,42,063,"Pennsylvania","Indiana County",4,72,859,427,432
050,42,063,"Pennsylvania","Indiana County",4,73,841,415,426
050,42,063,"Pennsylvania","Indiana County",4,74,845,405,440
050,42,063,"Pennsylvania","Indiana County",4,75,856,396,460
050,42,063,"Pennsylvania","Indiana County",4,76,570,259,311
050,42,063,"Pennsylvania","Indiana County",4,77,544,258,286
050,42,063,"Pennsylvania","Indiana County",4,78,535,261,274
050,42,063,"Pennsylvania","Indiana County",4,79,606,288,318
050,42,063,"Pennsylvania","Indiana County",4,80,508,239,269
050,42,063,"Pennsylvania","Indiana County",4,81,471,216,255
050,42,063,"Pennsylvania","Indiana County",4,82,406,170,236
050,42,063,"Pennsylvania","Indiana County",4,83,354,151,203
050,42,063,"Pennsylvania","Indiana County",4,84,336,142,194
050,42,063,"Pennsylvania","Indiana County",4,85,1820,607,1213
050,42,063,"Pennsylvania","Indiana County",5,0,729,381,348
050,42,063,"Pennsylvania","Indiana County",5,1,753,405,348
050,42,063,"Pennsylvania","Indiana County",5,2,749,398,351
050,42,063,"Pennsylvania","Indiana County",5,3,770,410,360
050,42,063,"Pennsylvania","Indiana County",5,4,794,400,394
050,42,063,"Pennsylvania","Indiana County",5,5,766,381,385
050,42,063,"Pennsylvania","Indiana County",5,6,771,399,372
050,42,063,"Pennsylvania","Indiana County",5,7,806,410,396
050,42,063,"Pennsylvania","Indiana County",5,8,802,435,367
050,42,063,"Pennsylvania","Indiana County",5,9,836,452,384
050,42,063,"Pennsylvania","Indiana County",5,10,813,436,377
050,42,063,"Pennsylvania","Indiana County",5,11,815,438,377
050,42,063,"Pennsylvania","Indiana County",5,12,825,423,402
050,42,063,"Pennsylvania","Indiana County",5,13,857,420,437
050,42,063,"Pennsylvania","Indiana County",5,14,919,480,439
050,42,063,"Pennsylvania","Indiana County",5,15,928,492,436
050,42,063,"Pennsylvania","Indiana County",5,16,942,518,424
050,42,063,"Pennsylvania","Indiana County",5,17,979,518,461
050,42,063,"Pennsylvania","Indiana County",5,18,1783,798,985
050,42,063,"Pennsylvania","Indiana County",5,19,3021,1324,1697
050,42,063,"Pennsylvania","Indiana County",5,20,2708,1285,1423
050,42,063,"Pennsylvania","Indiana County",5,21,2365,1122,1243
050,42,063,"Pennsylvania","Indiana County",5,22,1888,927,961
050,42,063,"Pennsylvania","Indiana County",5,23,1321,701,620
050,42,063,"Pennsylvania","Indiana County",5,24,1045,602,443
050,42,063,"Pennsylvania","Indiana County",5,25,919,488,431
050,42,063,"Pennsylvania","Indiana County",5,26,874,502,372
050,42,063,"Pennsylvania","Indiana County",5,27,805,434,371
050,42,063,"Pennsylvania","Indiana County",5,28,818,444,374
050,42,063,"Pennsylvania","Indiana County",5,29,847,449,398
050,42,063,"Pennsylvania","Indiana County",5,30,852,428,424
050,42,063,"Pennsylvania","Indiana County",5,31,916,493,423
050,42,063,"Pennsylvania","Indiana County",5,32,890,478,412
050,42,063,"Pennsylvania","Indiana County",5,33,849,459,390
050,42,063,"Pennsylvania","Indiana County",5,34,817,466,351
050,42,063,"Pennsylvania","Indiana County",5,35,791,414,377
050,42,063,"Pennsylvania","Indiana County",5,36,748,398,350
050,42,063,"Pennsylvania","Indiana County",5,37,846,446,400
050,42,063,"Pennsylvania","Indiana County",5,38,838,428,410
050,42,063,"Pennsylvania","Indiana County",5,39,880,443,437
050,42,063,"Pennsylvania","Indiana County",5,40,924,468,456
050,42,063,"Pennsylvania","Indiana County",5,41,885,461,424
050,42,063,"Pennsylvania","Indiana County",5,42,917,483,434
050,42,063,"Pennsylvania","Indiana County",5,43,888,445,443
050,42,063,"Pennsylvania","Indiana County",5,44,854,444,410
050,42,063,"Pennsylvania","Indiana County",5,45,827,427,400
050,42,063,"Pennsylvania","Indiana County",5,46,821,429,392
050,42,063,"Pennsylvania","Indiana County",5,47,772,394,378
050,42,063,"Pennsylvania","Indiana County",5,48,779,400,379
050,42,063,"Pennsylvania","Indiana County",5,49,815,413,402
050,42,063,"Pennsylvania","Indiana County",5,50,824,409,415
050,42,063,"Pennsylvania","Indiana County",5,51,932,468,464
050,42,063,"Pennsylvania","Indiana County",5,52,961,495,466
050,42,063,"Pennsylvania","Indiana County",5,53,955,498,457
050,42,063,"Pennsylvania","Indiana County",5,54,962,493,469
050,42,063,"Pennsylvania","Indiana County",5,55,982,491,491
050,42,063,"Pennsylvania","Indiana County",5,56,1022,523,499
050,42,063,"Pennsylvania","Indiana County",5,57,995,507,488
050,42,063,"Pennsylvania","Indiana County",5,58,1013,502,511
050,42,063,"Pennsylvania","Indiana County",5,59,1064,540,524
050,42,063,"Pennsylvania","Indiana County",5,60,1124,566,558
050,42,063,"Pennsylvania","Indiana County",5,61,1133,564,569
050,42,063,"Pennsylvania","Indiana County",5,62,1148,563,585
050,42,063,"Pennsylvania","Indiana County",5,63,1149,571,578
050,42,063,"Pennsylvania","Indiana County",5,64,1191,608,583
050,42,063,"Pennsylvania","Indiana County",5,65,1175,604,571
050,42,063,"Pennsylvania","Indiana County",5,66,1143,587,556
050,42,063,"Pennsylvania","Indiana County",5,67,1132,551,581
050,42,063,"Pennsylvania","Indiana County",5,68,1107,556,551
050,42,063,"Pennsylvania","Indiana County",5,69,1052,526,526
050,42,063,"Pennsylvania","Indiana County",5,70,1034,516,518
050,42,063,"Pennsylvania","Indiana County",5,71,992,497,495
050,42,063,"Pennsylvania","Indiana County",5,72,914,441,473
050,42,063,"Pennsylvania","Indiana County",5,73,847,416,431
050,42,063,"Pennsylvania","Indiana County",5,74,820,399,421
050,42,063,"Pennsylvania","Indiana County",5,75,816,392,424
050,42,063,"Pennsylvania","Indiana County",5,76,824,374,450
050,42,063,"Pennsylvania","Indiana County",5,77,556,251,305
050,42,063,"Pennsylvania","Indiana County",5,78,523,250,273
050,42,063,"Pennsylvania","Indiana County",5,79,521,252,269
050,42,063,"Pennsylvania","Indiana County",5,80,552,265,287
050,42,063,"Pennsylvania","Indiana County",5,81,507,237,270
050,42,063,"Pennsylvania","Indiana County",5,82,429,187,242
050,42,063,"Pennsylvania","Indiana County",5,83,370,159,211
050,42,063,"Pennsylvania","Indiana County",5,84,319,135,184
050,42,063,"Pennsylvania","Indiana County",5,85,1849,634,1215
050,42,065,"Pennsylvania","Jefferson County",1,0,468,238,230
050,42,065,"Pennsylvania","Jefferson County",1,1,479,246,233
050,42,065,"Pennsylvania","Jefferson County",1,2,501,258,243
050,42,065,"Pennsylvania","Jefferson County",1,3,504,251,253
050,42,065,"Pennsylvania","Jefferson County",1,4,509,269,240
050,42,065,"Pennsylvania","Jefferson County",1,5,552,282,270
050,42,065,"Pennsylvania","Jefferson County",1,6,528,266,262
050,42,065,"Pennsylvania","Jefferson County",1,7,544,272,272
050,42,065,"Pennsylvania","Jefferson County",1,8,541,272,269
050,42,065,"Pennsylvania","Jefferson County",1,9,524,277,247
050,42,065,"Pennsylvania","Jefferson County",1,10,543,286,257
050,42,065,"Pennsylvania","Jefferson County",1,11,557,292,265
050,42,065,"Pennsylvania","Jefferson County",1,12,590,307,283
050,42,065,"Pennsylvania","Jefferson County",1,13,562,277,285
050,42,065,"Pennsylvania","Jefferson County",1,14,540,271,269
050,42,065,"Pennsylvania","Jefferson County",1,15,547,282,265
050,42,065,"Pennsylvania","Jefferson County",1,16,575,290,285
050,42,065,"Pennsylvania","Jefferson County",1,17,584,290,294
050,42,065,"Pennsylvania","Jefferson County",1,18,504,266,238
050,42,065,"Pennsylvania","Jefferson County",1,19,398,216,182
050,42,065,"Pennsylvania","Jefferson County",1,20,407,216,191
050,42,065,"Pennsylvania","Jefferson County",1,21,421,223,198
050,42,065,"Pennsylvania","Jefferson County",1,22,420,218,202
050,42,065,"Pennsylvania","Jefferson County",1,23,455,229,226
050,42,065,"Pennsylvania","Jefferson County",1,24,491,244,247
050,42,065,"Pennsylvania","Jefferson County",1,25,472,239,233
050,42,065,"Pennsylvania","Jefferson County",1,26,484,238,246
050,42,065,"Pennsylvania","Jefferson County",1,27,507,243,264
050,42,065,"Pennsylvania","Jefferson County",1,28,499,269,230
050,42,065,"Pennsylvania","Jefferson County",1,29,517,270,247
050,42,065,"Pennsylvania","Jefferson County",1,30,522,259,263
050,42,065,"Pennsylvania","Jefferson County",1,31,499,268,231
050,42,065,"Pennsylvania","Jefferson County",1,32,492,257,235
050,42,065,"Pennsylvania","Jefferson County",1,33,495,252,243
050,42,065,"Pennsylvania","Jefferson County",1,34,502,260,242
050,42,065,"Pennsylvania","Jefferson County",1,35,515,281,234
050,42,065,"Pennsylvania","Jefferson County",1,36,518,270,248
050,42,065,"Pennsylvania","Jefferson County",1,37,532,279,253
050,42,065,"Pennsylvania","Jefferson County",1,38,505,255,250
050,42,065,"Pennsylvania","Jefferson County",1,39,510,261,249
050,42,065,"Pennsylvania","Jefferson County",1,40,496,247,249
050,42,065,"Pennsylvania","Jefferson County",1,41,489,246,243
050,42,065,"Pennsylvania","Jefferson County",1,42,506,260,246
050,42,065,"Pennsylvania","Jefferson County",1,43,493,251,242
050,42,065,"Pennsylvania","Jefferson County",1,44,477,251,226
050,42,065,"Pennsylvania","Jefferson County",1,45,464,233,231
050,42,065,"Pennsylvania","Jefferson County",1,46,490,252,238
050,42,065,"Pennsylvania","Jefferson County",1,47,517,268,249
050,42,065,"Pennsylvania","Jefferson County",1,48,547,270,277
050,42,065,"Pennsylvania","Jefferson County",1,49,581,302,279
050,42,065,"Pennsylvania","Jefferson County",1,50,563,285,278
050,42,065,"Pennsylvania","Jefferson County",1,51,589,303,286
050,42,065,"Pennsylvania","Jefferson County",1,52,601,322,279
050,42,065,"Pennsylvania","Jefferson County",1,53,582,294,288
050,42,065,"Pennsylvania","Jefferson County",1,54,593,293,300
050,42,065,"Pennsylvania","Jefferson County",1,55,629,308,321
050,42,065,"Pennsylvania","Jefferson County",1,56,623,326,297
050,42,065,"Pennsylvania","Jefferson County",1,57,642,334,308
050,42,065,"Pennsylvania","Jefferson County",1,58,653,345,308
050,42,065,"Pennsylvania","Jefferson County",1,59,703,364,339
050,42,065,"Pennsylvania","Jefferson County",1,60,726,367,359
050,42,065,"Pennsylvania","Jefferson County",1,61,728,366,362
050,42,065,"Pennsylvania","Jefferson County",1,62,741,374,367
050,42,065,"Pennsylvania","Jefferson County",1,63,746,382,364
050,42,065,"Pennsylvania","Jefferson County",1,64,684,346,338
050,42,065,"Pennsylvania","Jefferson County",1,65,660,335,325
050,42,065,"Pennsylvania","Jefferson County",1,66,615,301,314
050,42,065,"Pennsylvania","Jefferson County",1,67,630,301,329
050,42,065,"Pennsylvania","Jefferson County",1,68,598,296,302
050,42,065,"Pennsylvania","Jefferson County",1,69,540,263,277
050,42,065,"Pennsylvania","Jefferson County",1,70,518,247,271
050,42,065,"Pennsylvania","Jefferson County",1,71,472,232,240
050,42,065,"Pennsylvania","Jefferson County",1,72,506,262,244
050,42,065,"Pennsylvania","Jefferson County",1,73,495,256,239
050,42,065,"Pennsylvania","Jefferson County",1,74,329,158,171
050,42,065,"Pennsylvania","Jefferson County",1,75,348,173,175
050,42,065,"Pennsylvania","Jefferson County",1,76,360,163,197
050,42,065,"Pennsylvania","Jefferson County",1,77,356,165,191
050,42,065,"Pennsylvania","Jefferson County",1,78,311,138,173
050,42,065,"Pennsylvania","Jefferson County",1,79,274,125,149
050,42,065,"Pennsylvania","Jefferson County",1,80,269,124,145
050,42,065,"Pennsylvania","Jefferson County",1,81,265,116,149
050,42,065,"Pennsylvania","Jefferson County",1,82,242,110,132
050,42,065,"Pennsylvania","Jefferson County",1,83,220,93,127
050,42,065,"Pennsylvania","Jefferson County",1,84,190,72,118
050,42,065,"Pennsylvania","Jefferson County",1,85,1127,393,734
050,42,065,"Pennsylvania","Jefferson County",2,0,466,249,217
050,42,065,"Pennsylvania","Jefferson County",2,1,475,245,230
050,42,065,"Pennsylvania","Jefferson County",2,2,499,258,241
050,42,065,"Pennsylvania","Jefferson County",2,3,500,250,250
050,42,065,"Pennsylvania","Jefferson County",2,4,513,266,247
050,42,065,"Pennsylvania","Jefferson County",2,5,541,278,263
050,42,065,"Pennsylvania","Jefferson County",2,6,533,269,264
050,42,065,"Pennsylvania","Jefferson County",2,7,541,270,271
050,42,065,"Pennsylvania","Jefferson County",2,8,542,271,271
050,42,065,"Pennsylvania","Jefferson County",2,9,529,277,252
050,42,065,"Pennsylvania","Jefferson County",2,10,539,283,256
050,42,065,"Pennsylvania","Jefferson County",2,11,555,290,265
050,42,065,"Pennsylvania","Jefferson County",2,12,581,301,280
050,42,065,"Pennsylvania","Jefferson County",2,13,565,284,281
050,42,065,"Pennsylvania","Jefferson County",2,14,547,275,272
050,42,065,"Pennsylvania","Jefferson County",2,15,546,279,267
050,42,065,"Pennsylvania","Jefferson County",2,16,568,289,279
050,42,065,"Pennsylvania","Jefferson County",2,17,583,291,292
050,42,065,"Pennsylvania","Jefferson County",2,18,504,264,240
050,42,065,"Pennsylvania","Jefferson County",2,19,406,217,189
050,42,065,"Pennsylvania","Jefferson County",2,20,412,221,191
050,42,065,"Pennsylvania","Jefferson County",2,21,419,222,197
050,42,065,"Pennsylvania","Jefferson County",2,22,420,218,202
050,42,065,"Pennsylvania","Jefferson County",2,23,455,231,224
050,42,065,"Pennsylvania","Jefferson County",2,24,481,240,241
050,42,065,"Pennsylvania","Jefferson County",2,25,474,240,234
050,42,065,"Pennsylvania","Jefferson County",2,26,487,241,246
050,42,065,"Pennsylvania","Jefferson County",2,27,499,241,258
050,42,065,"Pennsylvania","Jefferson County",2,28,500,263,237
050,42,065,"Pennsylvania","Jefferson County",2,29,517,271,246
050,42,065,"Pennsylvania","Jefferson County",2,30,523,262,261
050,42,065,"Pennsylvania","Jefferson County",2,31,503,264,239
050,42,065,"Pennsylvania","Jefferson County",2,32,491,258,233
050,42,065,"Pennsylvania","Jefferson County",2,33,493,251,242
050,42,065,"Pennsylvania","Jefferson County",2,34,505,261,244
050,42,065,"Pennsylvania","Jefferson County",2,35,511,276,235
050,42,065,"Pennsylvania","Jefferson County",2,36,513,271,242
050,42,065,"Pennsylvania","Jefferson County",2,37,529,278,251
050,42,065,"Pennsylvania","Jefferson County",2,38,511,259,252
050,42,065,"Pennsylvania","Jefferson County",2,39,509,259,250
050,42,065,"Pennsylvania","Jefferson County",2,40,505,253,252
050,42,065,"Pennsylvania","Jefferson County",2,41,491,247,244
050,42,065,"Pennsylvania","Jefferson County",2,42,501,255,246
050,42,065,"Pennsylvania","Jefferson County",2,43,499,256,243
050,42,065,"Pennsylvania","Jefferson County",2,44,475,248,227
050,42,065,"Pennsylvania","Jefferson County",2,45,470,238,232
050,42,065,"Pennsylvania","Jefferson County",2,46,478,244,234
050,42,065,"Pennsylvania","Jefferson County",2,47,507,261,246
050,42,065,"Pennsylvania","Jefferson County",2,48,538,269,269
050,42,065,"Pennsylvania","Jefferson County",2,49,577,297,280
050,42,065,"Pennsylvania","Jefferson County",2,50,568,289,279
050,42,065,"Pennsylvania","Jefferson County",2,51,581,298,283
050,42,065,"Pennsylvania","Jefferson County",2,52,596,317,279
050,42,065,"Pennsylvania","Jefferson County",2,53,585,300,285
050,42,065,"Pennsylvania","Jefferson County",2,54,587,290,297
050,42,065,"Pennsylvania","Jefferson County",2,55,620,306,314
050,42,065,"Pennsylvania","Jefferson County",2,56,628,324,304
050,42,065,"Pennsylvania","Jefferson County",2,57,638,333,305
050,42,065,"Pennsylvania","Jefferson County",2,58,647,339,308
050,42,065,"Pennsylvania","Jefferson County",2,59,692,359,333
050,42,065,"Pennsylvania","Jefferson County",2,60,718,364,354
050,42,065,"Pennsylvania","Jefferson County",2,61,724,365,359
050,42,065,"Pennsylvania","Jefferson County",2,62,738,373,365
050,42,065,"Pennsylvania","Jefferson County",2,63,750,381,369
050,42,065,"Pennsylvania","Jefferson County",2,64,691,350,341
050,42,065,"Pennsylvania","Jefferson County",2,65,662,336,326
050,42,065,"Pennsylvania","Jefferson County",2,66,624,306,318
050,42,065,"Pennsylvania","Jefferson County",2,67,623,301,322
050,42,065,"Pennsylvania","Jefferson County",2,68,600,295,305
050,42,065,"Pennsylvania","Jefferson County",2,69,557,275,282
050,42,065,"Pennsylvania","Jefferson County",2,70,522,250,272
050,42,065,"Pennsylvania","Jefferson County",2,71,483,235,248
050,42,065,"Pennsylvania","Jefferson County",2,72,489,251,238
050,42,065,"Pennsylvania","Jefferson County",2,73,523,271,252
050,42,065,"Pennsylvania","Jefferson County",2,74,346,171,175
050,42,065,"Pennsylvania","Jefferson County",2,75,339,169,170
050,42,065,"Pennsylvania","Jefferson County",2,76,350,161,189
050,42,065,"Pennsylvania","Jefferson County",2,77,363,168,195
050,42,065,"Pennsylvania","Jefferson County",2,78,313,140,173
050,42,065,"Pennsylvania","Jefferson County",2,79,281,127,154
050,42,065,"Pennsylvania","Jefferson County",2,80,264,121,143
050,42,065,"Pennsylvania","Jefferson County",2,81,260,116,144
050,42,065,"Pennsylvania","Jefferson County",2,82,249,112,137
050,42,065,"Pennsylvania","Jefferson County",2,83,220,93,127
050,42,065,"Pennsylvania","Jefferson County",2,84,197,75,122
050,42,065,"Pennsylvania","Jefferson County",2,85,1133,399,734
050,42,065,"Pennsylvania","Jefferson County",3,0,457,236,221
050,42,065,"Pennsylvania","Jefferson County",3,1,466,252,214
050,42,065,"Pennsylvania","Jefferson County",3,2,465,237,228
050,42,065,"Pennsylvania","Jefferson County",3,3,498,266,232
050,42,065,"Pennsylvania","Jefferson County",3,4,504,254,250
050,42,065,"Pennsylvania","Jefferson County",3,5,500,259,241
050,42,065,"Pennsylvania","Jefferson County",3,6,530,269,261
050,42,065,"Pennsylvania","Jefferson County",3,7,529,268,261
050,42,065,"Pennsylvania","Jefferson County",3,8,533,269,264
050,42,065,"Pennsylvania","Jefferson County",3,9,540,273,267
050,42,065,"Pennsylvania","Jefferson County",3,10,528,271,257
050,42,065,"Pennsylvania","Jefferson County",3,11,535,274,261
050,42,065,"Pennsylvania","Jefferson County",3,12,556,294,262
050,42,065,"Pennsylvania","Jefferson County",3,13,573,300,273
050,42,065,"Pennsylvania","Jefferson County",3,14,566,284,282
050,42,065,"Pennsylvania","Jefferson County",3,15,544,274,270
050,42,065,"Pennsylvania","Jefferson County",3,16,551,280,271
050,42,065,"Pennsylvania","Jefferson County",3,17,565,292,273
050,42,065,"Pennsylvania","Jefferson County",3,18,492,251,241
050,42,065,"Pennsylvania","Jefferson County",3,19,394,204,190
050,42,065,"Pennsylvania","Jefferson County",3,20,395,217,178
050,42,065,"Pennsylvania","Jefferson County",3,21,452,238,214
050,42,065,"Pennsylvania","Jefferson County",3,22,434,231,203
050,42,065,"Pennsylvania","Jefferson County",3,23,446,236,210
050,42,065,"Pennsylvania","Jefferson County",3,24,448,220,228
050,42,065,"Pennsylvania","Jefferson County",3,25,482,245,237
050,42,065,"Pennsylvania","Jefferson County",3,26,453,230,223
050,42,065,"Pennsylvania","Jefferson County",3,27,479,241,238
050,42,065,"Pennsylvania","Jefferson County",3,28,499,251,248
050,42,065,"Pennsylvania","Jefferson County",3,29,515,269,246
050,42,065,"Pennsylvania","Jefferson County",3,30,521,267,254
050,42,065,"Pennsylvania","Jefferson County",3,31,520,266,254
050,42,065,"Pennsylvania","Jefferson County",3,32,504,259,245
050,42,065,"Pennsylvania","Jefferson County",3,33,497,261,236
050,42,065,"Pennsylvania","Jefferson County",3,34,507,256,251
050,42,065,"Pennsylvania","Jefferson County",3,35,491,252,239
050,42,065,"Pennsylvania","Jefferson County",3,36,501,270,231
050,42,065,"Pennsylvania","Jefferson County",3,37,507,265,242
050,42,065,"Pennsylvania","Jefferson County",3,38,531,284,247
050,42,065,"Pennsylvania","Jefferson County",3,39,520,266,254
050,42,065,"Pennsylvania","Jefferson County",3,40,507,250,257
050,42,065,"Pennsylvania","Jefferson County",3,41,505,264,241
050,42,065,"Pennsylvania","Jefferson County",3,42,490,245,245
050,42,065,"Pennsylvania","Jefferson County",3,43,501,262,239
050,42,065,"Pennsylvania","Jefferson County",3,44,502,260,242
050,42,065,"Pennsylvania","Jefferson County",3,45,474,245,229
050,42,065,"Pennsylvania","Jefferson County",3,46,463,239,224
050,42,065,"Pennsylvania","Jefferson County",3,47,483,247,236
050,42,065,"Pennsylvania","Jefferson County",3,48,519,263,256
050,42,065,"Pennsylvania","Jefferson County",3,49,548,277,271
050,42,065,"Pennsylvania","Jefferson County",3,50,573,288,285
050,42,065,"Pennsylvania","Jefferson County",3,51,565,286,279
050,42,065,"Pennsylvania","Jefferson County",3,52,586,298,288
050,42,065,"Pennsylvania","Jefferson County",3,53,592,313,279
050,42,065,"Pennsylvania","Jefferson County",3,54,591,298,293
050,42,065,"Pennsylvania","Jefferson County",3,55,590,290,300
050,42,065,"Pennsylvania","Jefferson County",3,56,611,300,311
050,42,065,"Pennsylvania","Jefferson County",3,57,622,322,300
050,42,065,"Pennsylvania","Jefferson County",3,58,629,330,299
050,42,065,"Pennsylvania","Jefferson County",3,59,628,333,295
050,42,065,"Pennsylvania","Jefferson County",3,60,692,355,337
050,42,065,"Pennsylvania","Jefferson County",3,61,718,362,356
050,42,065,"Pennsylvania","Jefferson County",3,62,723,363,360
050,42,065,"Pennsylvania","Jefferson County",3,63,736,366,370
050,42,065,"Pennsylvania","Jefferson County",3,64,746,382,364
050,42,065,"Pennsylvania","Jefferson County",3,65,675,339,336
050,42,065,"Pennsylvania","Jefferson County",3,66,648,331,317
050,42,065,"Pennsylvania","Jefferson County",3,67,622,302,320
050,42,065,"Pennsylvania","Jefferson County",3,68,608,292,316
050,42,065,"Pennsylvania","Jefferson County",3,69,587,288,299
050,42,065,"Pennsylvania","Jefferson County",3,70,541,264,277
050,42,065,"Pennsylvania","Jefferson County",3,71,498,238,260
050,42,065,"Pennsylvania","Jefferson County",3,72,461,231,230
050,42,065,"Pennsylvania","Jefferson County",3,73,469,241,228
050,42,065,"Pennsylvania","Jefferson County",3,74,497,250,247
050,42,065,"Pennsylvania","Jefferson County",3,75,324,162,162
050,42,065,"Pennsylvania","Jefferson County",3,76,311,146,165
050,42,065,"Pennsylvania","Jefferson County",3,77,340,154,186
050,42,065,"Pennsylvania","Jefferson County",3,78,340,154,186
050,42,065,"Pennsylvania","Jefferson County",3,79,296,127,169
050,42,065,"Pennsylvania","Jefferson County",3,80,250,115,135
050,42,065,"Pennsylvania","Jefferson County",3,81,241,108,133
050,42,065,"Pennsylvania","Jefferson County",3,82,248,108,140
050,42,065,"Pennsylvania","Jefferson County",3,83,218,96,122
050,42,065,"Pennsylvania","Jefferson County",3,84,206,88,118
050,42,065,"Pennsylvania","Jefferson County",3,85,1118,403,715
050,42,065,"Pennsylvania","Jefferson County",4,0,448,246,202
050,42,065,"Pennsylvania","Jefferson County",4,1,453,245,208
050,42,065,"Pennsylvania","Jefferson County",4,2,471,250,221
050,42,065,"Pennsylvania","Jefferson County",4,3,470,236,234
050,42,065,"Pennsylvania","Jefferson County",4,4,486,256,230
050,42,065,"Pennsylvania","Jefferson County",4,5,513,258,255
050,42,065,"Pennsylvania","Jefferson County",4,6,484,246,238
050,42,065,"Pennsylvania","Jefferson County",4,7,540,276,264
050,42,065,"Pennsylvania","Jefferson County",4,8,519,262,257
050,42,065,"Pennsylvania","Jefferson County",4,9,537,272,265
050,42,065,"Pennsylvania","Jefferson County",4,10,536,271,265
050,42,065,"Pennsylvania","Jefferson County",4,11,530,267,263
050,42,065,"Pennsylvania","Jefferson County",4,12,530,273,257
050,42,065,"Pennsylvania","Jefferson County",4,13,543,283,260
050,42,065,"Pennsylvania","Jefferson County",4,14,578,300,278
050,42,065,"Pennsylvania","Jefferson County",4,15,574,285,289
050,42,065,"Pennsylvania","Jefferson County",4,16,548,282,266
050,42,065,"Pennsylvania","Jefferson County",4,17,542,279,263
050,42,065,"Pennsylvania","Jefferson County",4,18,474,257,217
050,42,065,"Pennsylvania","Jefferson County",4,19,369,190,179
050,42,065,"Pennsylvania","Jefferson County",4,20,410,217,193
050,42,065,"Pennsylvania","Jefferson County",4,21,414,224,190
050,42,065,"Pennsylvania","Jefferson County",4,22,467,242,225
050,42,065,"Pennsylvania","Jefferson County",4,23,447,243,204
050,42,065,"Pennsylvania","Jefferson County",4,24,444,231,213
050,42,065,"Pennsylvania","Jefferson County",4,25,457,221,236
050,42,065,"Pennsylvania","Jefferson County",4,26,465,247,218
050,42,065,"Pennsylvania","Jefferson County",4,27,460,240,220
050,42,065,"Pennsylvania","Jefferson County",4,28,478,232,246
050,42,065,"Pennsylvania","Jefferson County",4,29,498,247,251
050,42,065,"Pennsylvania","Jefferson County",4,30,496,255,241
050,42,065,"Pennsylvania","Jefferson County",4,31,525,265,260
050,42,065,"Pennsylvania","Jefferson County",4,32,501,262,239
050,42,065,"Pennsylvania","Jefferson County",4,33,508,266,242
050,42,065,"Pennsylvania","Jefferson County",4,34,493,260,233
050,42,065,"Pennsylvania","Jefferson County",4,35,504,250,254
050,42,065,"Pennsylvania","Jefferson County",4,36,495,262,233
050,42,065,"Pennsylvania","Jefferson County",4,37,505,274,231
050,42,065,"Pennsylvania","Jefferson County",4,38,517,272,245
050,42,065,"Pennsylvania","Jefferson County",4,39,541,285,256
050,42,065,"Pennsylvania","Jefferson County",4,40,517,265,252
050,42,065,"Pennsylvania","Jefferson County",4,41,503,250,253
050,42,065,"Pennsylvania","Jefferson County",4,42,502,264,238
050,42,065,"Pennsylvania","Jefferson County",4,43,485,238,247
050,42,065,"Pennsylvania","Jefferson County",4,44,501,261,240
050,42,065,"Pennsylvania","Jefferson County",4,45,497,252,245
050,42,065,"Pennsylvania","Jefferson County",4,46,468,247,221
050,42,065,"Pennsylvania","Jefferson County",4,47,464,240,224
050,42,065,"Pennsylvania","Jefferson County",4,48,487,243,244
050,42,065,"Pennsylvania","Jefferson County",4,49,520,268,252
050,42,065,"Pennsylvania","Jefferson County",4,50,532,264,268
050,42,065,"Pennsylvania","Jefferson County",4,51,570,287,283
050,42,065,"Pennsylvania","Jefferson County",4,52,564,289,275
050,42,065,"Pennsylvania","Jefferson County",4,53,579,300,279
050,42,065,"Pennsylvania","Jefferson County",4,54,582,301,281
050,42,065,"Pennsylvania","Jefferson County",4,55,582,296,286
050,42,065,"Pennsylvania","Jefferson County",4,56,586,292,294
050,42,065,"Pennsylvania","Jefferson County",4,57,617,305,312
050,42,065,"Pennsylvania","Jefferson County",4,58,616,317,299
050,42,065,"Pennsylvania","Jefferson County",4,59,615,327,288
050,42,065,"Pennsylvania","Jefferson County",4,60,629,329,300
050,42,065,"Pennsylvania","Jefferson County",4,61,685,355,330
050,42,065,"Pennsylvania","Jefferson County",4,62,726,368,358
050,42,065,"Pennsylvania","Jefferson County",4,63,708,351,357
050,42,065,"Pennsylvania","Jefferson County",4,64,733,361,372
050,42,065,"Pennsylvania","Jefferson County",4,65,739,374,365
050,42,065,"Pennsylvania","Jefferson County",4,66,659,333,326
050,42,065,"Pennsylvania","Jefferson County",4,67,638,327,311
050,42,065,"Pennsylvania","Jefferson County",4,68,602,289,313
050,42,065,"Pennsylvania","Jefferson County",4,69,587,280,307
050,42,065,"Pennsylvania","Jefferson County",4,70,567,276,291
050,42,065,"Pennsylvania","Jefferson County",4,71,526,259,267
050,42,065,"Pennsylvania","Jefferson County",4,72,475,232,243
050,42,065,"Pennsylvania","Jefferson County",4,73,448,220,228
050,42,065,"Pennsylvania","Jefferson County",4,74,456,233,223
050,42,065,"Pennsylvania","Jefferson County",4,75,477,236,241
050,42,065,"Pennsylvania","Jefferson County",4,76,312,150,162
050,42,065,"Pennsylvania","Jefferson County",4,77,300,139,161
050,42,065,"Pennsylvania","Jefferson County",4,78,324,147,177
050,42,065,"Pennsylvania","Jefferson County",4,79,315,134,181
050,42,065,"Pennsylvania","Jefferson County",4,80,279,122,157
050,42,065,"Pennsylvania","Jefferson County",4,81,233,100,133
050,42,065,"Pennsylvania","Jefferson County",4,82,228,100,128
050,42,065,"Pennsylvania","Jefferson County",4,83,214,85,129
050,42,065,"Pennsylvania","Jefferson County",4,84,205,87,118
050,42,065,"Pennsylvania","Jefferson County",4,85,1109,420,689
050,42,065,"Pennsylvania","Jefferson County",5,0,444,243,201
050,42,065,"Pennsylvania","Jefferson County",5,1,447,241,206
050,42,065,"Pennsylvania","Jefferson County",5,2,446,231,215
050,42,065,"Pennsylvania","Jefferson County",5,3,472,249,223
050,42,065,"Pennsylvania","Jefferson County",5,4,468,234,234
050,42,065,"Pennsylvania","Jefferson County",5,5,492,256,236
050,42,065,"Pennsylvania","Jefferson County",5,6,513,259,254
050,42,065,"Pennsylvania","Jefferson County",5,7,495,253,242
050,42,065,"Pennsylvania","Jefferson County",5,8,521,272,249
050,42,065,"Pennsylvania","Jefferson County",5,9,521,264,257
050,42,065,"Pennsylvania","Jefferson County",5,10,534,264,270
050,42,065,"Pennsylvania","Jefferson County",5,11,539,273,266
050,42,065,"Pennsylvania","Jefferson County",5,12,536,271,265
050,42,065,"Pennsylvania","Jefferson County",5,13,531,275,256
050,42,065,"Pennsylvania","Jefferson County",5,14,556,296,260
050,42,065,"Pennsylvania","Jefferson County",5,15,574,302,272
050,42,065,"Pennsylvania","Jefferson County",5,16,585,293,292
050,42,065,"Pennsylvania","Jefferson County",5,17,544,280,264
050,42,065,"Pennsylvania","Jefferson County",5,18,439,231,208
050,42,065,"Pennsylvania","Jefferson County",5,19,379,203,176
050,42,065,"Pennsylvania","Jefferson County",5,20,405,210,195
050,42,065,"Pennsylvania","Jefferson County",5,21,433,226,207
050,42,065,"Pennsylvania","Jefferson County",5,22,433,231,202
050,42,065,"Pennsylvania","Jefferson County",5,23,481,254,227
050,42,065,"Pennsylvania","Jefferson County",5,24,451,239,212
050,42,065,"Pennsylvania","Jefferson County",5,25,451,234,217
050,42,065,"Pennsylvania","Jefferson County",5,26,457,217,240
050,42,065,"Pennsylvania","Jefferson County",5,27,473,243,230
050,42,065,"Pennsylvania","Jefferson County",5,28,450,234,216
050,42,065,"Pennsylvania","Jefferson County",5,29,462,224,238
050,42,065,"Pennsylvania","Jefferson County",5,30,497,246,251
050,42,065,"Pennsylvania","Jefferson County",5,31,497,259,238
050,42,065,"Pennsylvania","Jefferson County",5,32,526,261,265
050,42,065,"Pennsylvania","Jefferson County",5,33,511,267,244
050,42,065,"Pennsylvania","Jefferson County",5,34,517,273,244
050,42,065,"Pennsylvania","Jefferson County",5,35,493,256,237
050,42,065,"Pennsylvania","Jefferson County",5,36,511,258,253
050,42,065,"Pennsylvania","Jefferson County",5,37,508,269,239
050,42,065,"Pennsylvania","Jefferson County",5,38,504,269,235
050,42,065,"Pennsylvania","Jefferson County",5,39,527,276,251
050,42,065,"Pennsylvania","Jefferson County",5,40,540,280,260
050,42,065,"Pennsylvania","Jefferson County",5,41,525,271,254
050,42,065,"Pennsylvania","Jefferson County",5,42,506,249,257
050,42,065,"Pennsylvania","Jefferson County",5,43,493,261,232
050,42,065,"Pennsylvania","Jefferson County",5,44,480,233,247
050,42,065,"Pennsylvania","Jefferson County",5,45,510,262,248
050,42,065,"Pennsylvania","Jefferson County",5,46,505,261,244
050,42,065,"Pennsylvania","Jefferson County",5,47,464,237,227
050,42,065,"Pennsylvania","Jefferson County",5,48,472,244,228
050,42,065,"Pennsylvania","Jefferson County",5,49,484,242,242
050,42,065,"Pennsylvania","Jefferson County",5,50,521,265,256
050,42,065,"Pennsylvania","Jefferson County",5,51,527,265,262
050,42,065,"Pennsylvania","Jefferson County",5,52,576,289,287
050,42,065,"Pennsylvania","Jefferson County",5,53,569,293,276
050,42,065,"Pennsylvania","Jefferson County",5,54,572,290,282
050,42,065,"Pennsylvania","Jefferson County",5,55,585,302,283
050,42,065,"Pennsylvania","Jefferson County",5,56,581,295,286
050,42,065,"Pennsylvania","Jefferson County",5,57,585,290,295
050,42,065,"Pennsylvania","Jefferson County",5,58,612,297,315
050,42,065,"Pennsylvania","Jefferson County",5,59,606,315,291
050,42,065,"Pennsylvania","Jefferson County",5,60,611,325,286
050,42,065,"Pennsylvania","Jefferson County",5,61,607,313,294
050,42,065,"Pennsylvania","Jefferson County",5,62,685,357,328
050,42,065,"Pennsylvania","Jefferson County",5,63,715,356,359
050,42,065,"Pennsylvania","Jefferson County",5,64,707,346,361
050,42,065,"Pennsylvania","Jefferson County",5,65,721,351,370
050,42,065,"Pennsylvania","Jefferson County",5,66,719,364,355
050,42,065,"Pennsylvania","Jefferson County",5,67,653,333,320
050,42,065,"Pennsylvania","Jefferson County",5,68,626,319,307
050,42,065,"Pennsylvania","Jefferson County",5,69,586,282,304
050,42,065,"Pennsylvania","Jefferson County",5,70,574,270,304
050,42,065,"Pennsylvania","Jefferson County",5,71,553,272,281
050,42,065,"Pennsylvania","Jefferson County",5,72,511,256,255
050,42,065,"Pennsylvania","Jefferson County",5,73,465,222,243
050,42,065,"Pennsylvania","Jefferson County",5,74,446,220,226
050,42,065,"Pennsylvania","Jefferson County",5,75,433,224,209
050,42,065,"Pennsylvania","Jefferson County",5,76,456,220,236
050,42,065,"Pennsylvania","Jefferson County",5,77,300,142,158
050,42,065,"Pennsylvania","Jefferson County",5,78,286,133,153
050,42,065,"Pennsylvania","Jefferson County",5,79,307,134,173
050,42,065,"Pennsylvania","Jefferson County",5,80,296,127,169
050,42,065,"Pennsylvania","Jefferson County",5,81,262,109,153
050,42,065,"Pennsylvania","Jefferson County",5,82,222,93,129
050,42,065,"Pennsylvania","Jefferson County",5,83,204,87,117
050,42,065,"Pennsylvania","Jefferson County",5,84,205,78,127
050,42,065,"Pennsylvania","Jefferson County",5,85,1126,444,682
050,42,067,"Pennsylvania","Juniata County",1,0,270,138,132
050,42,067,"Pennsylvania","Juniata County",1,1,271,139,132
050,42,067,"Pennsylvania","Juniata County",1,2,282,149,133
050,42,067,"Pennsylvania","Juniata County",1,3,265,127,138
050,42,067,"Pennsylvania","Juniata County",1,4,273,137,136
050,42,067,"Pennsylvania","Juniata County",1,5,272,134,138
050,42,067,"Pennsylvania","Juniata County",1,6,261,125,136
050,42,067,"Pennsylvania","Juniata County",1,7,276,146,130
050,42,067,"Pennsylvania","Juniata County",1,8,272,145,127
050,42,067,"Pennsylvania","Juniata County",1,9,279,137,142
050,42,067,"Pennsylvania","Juniata County",1,10,308,149,159
050,42,067,"Pennsylvania","Juniata County",1,11,304,157,147
050,42,067,"Pennsylvania","Juniata County",1,12,311,155,156
050,42,067,"Pennsylvania","Juniata County",1,13,306,150,156
050,42,067,"Pennsylvania","Juniata County",1,14,325,169,156
050,42,067,"Pennsylvania","Juniata County",1,15,327,169,158
050,42,067,"Pennsylvania","Juniata County",1,16,340,177,163
050,42,067,"Pennsylvania","Juniata County",1,17,360,178,182
050,42,067,"Pennsylvania","Juniata County",1,18,283,157,126
050,42,067,"Pennsylvania","Juniata County",1,19,215,115,100
050,42,067,"Pennsylvania","Juniata County",1,20,224,112,112
050,42,067,"Pennsylvania","Juniata County",1,21,239,121,118
050,42,067,"Pennsylvania","Juniata County",1,22,253,124,129
050,42,067,"Pennsylvania","Juniata County",1,23,244,130,114
050,42,067,"Pennsylvania","Juniata County",1,24,238,120,118
050,42,067,"Pennsylvania","Juniata County",1,25,252,139,113
050,42,067,"Pennsylvania","Juniata County",1,26,257,133,124
050,42,067,"Pennsylvania","Juniata County",1,27,264,135,129
050,42,067,"Pennsylvania","Juniata County",1,28,273,142,131
050,42,067,"Pennsylvania","Juniata County",1,29,257,128,129
050,42,067,"Pennsylvania","Juniata County",1,30,259,133,126
050,42,067,"Pennsylvania","Juniata County",1,31,261,140,121
050,42,067,"Pennsylvania","Juniata County",1,32,263,139,124
050,42,067,"Pennsylvania","Juniata County",1,33,264,129,135
050,42,067,"Pennsylvania","Juniata County",1,34,269,137,132
050,42,067,"Pennsylvania","Juniata County",1,35,249,126,123
050,42,067,"Pennsylvania","Juniata County",1,36,243,121,122
050,42,067,"Pennsylvania","Juniata County",1,37,258,133,125
050,42,067,"Pennsylvania","Juniata County",1,38,278,142,136
050,42,067,"Pennsylvania","Juniata County",1,39,257,135,122
050,42,067,"Pennsylvania","Juniata County",1,40,274,145,129
050,42,067,"Pennsylvania","Juniata County",1,41,291,147,144
050,42,067,"Pennsylvania","Juniata County",1,42,255,134,121
050,42,067,"Pennsylvania","Juniata County",1,43,265,137,128
050,42,067,"Pennsylvania","Juniata County",1,44,258,131,127
050,42,067,"Pennsylvania","Juniata County",1,45,238,111,127
050,42,067,"Pennsylvania","Juniata County",1,46,264,120,144
050,42,067,"Pennsylvania","Juniata County",1,47,273,134,139
050,42,067,"Pennsylvania","Juniata County",1,48,298,155,143
050,42,067,"Pennsylvania","Juniata County",1,49,338,186,152
050,42,067,"Pennsylvania","Juniata County",1,50,304,164,140
050,42,067,"Pennsylvania","Juniata County",1,51,311,157,154
050,42,067,"Pennsylvania","Juniata County",1,52,301,166,135
050,42,067,"Pennsylvania","Juniata County",1,53,305,155,150
050,42,067,"Pennsylvania","Juniata County",1,54,304,158,146
050,42,067,"Pennsylvania","Juniata County",1,55,357,186,171
050,42,067,"Pennsylvania","Juniata County",1,56,362,178,184
050,42,067,"Pennsylvania","Juniata County",1,57,351,180,171
050,42,067,"Pennsylvania","Juniata County",1,58,358,192,166
050,42,067,"Pennsylvania","Juniata County",1,59,353,177,176
050,42,067,"Pennsylvania","Juniata County",1,60,337,168,169
050,42,067,"Pennsylvania","Juniata County",1,61,349,180,169
050,42,067,"Pennsylvania","Juniata County",1,62,344,171,173
050,42,067,"Pennsylvania","Juniata County",1,63,345,168,177
050,42,067,"Pennsylvania","Juniata County",1,64,340,170,170
050,42,067,"Pennsylvania","Juniata County",1,65,325,164,161
050,42,067,"Pennsylvania","Juniata County",1,66,310,153,157
050,42,067,"Pennsylvania","Juniata County",1,67,287,149,138
050,42,067,"Pennsylvania","Juniata County",1,68,302,155,147
050,42,067,"Pennsylvania","Juniata County",1,69,273,136,137
050,42,067,"Pennsylvania","Juniata County",1,70,246,133,113
050,42,067,"Pennsylvania","Juniata County",1,71,257,136,121
050,42,067,"Pennsylvania","Juniata County",1,72,273,137,136
050,42,067,"Pennsylvania","Juniata County",1,73,255,120,135
050,42,067,"Pennsylvania","Juniata County",1,74,186,89,97
050,42,067,"Pennsylvania","Juniata County",1,75,195,103,92
050,42,067,"Pennsylvania","Juniata County",1,76,205,103,102
050,42,067,"Pennsylvania","Juniata County",1,77,181,86,95
050,42,067,"Pennsylvania","Juniata County",1,78,162,78,84
050,42,067,"Pennsylvania","Juniata County",1,79,145,65,80
050,42,067,"Pennsylvania","Juniata County",1,80,136,56,80
050,42,067,"Pennsylvania","Juniata County",1,81,128,52,76
050,42,067,"Pennsylvania","Juniata County",1,82,139,59,80
050,42,067,"Pennsylvania","Juniata County",1,83,122,54,68
050,42,067,"Pennsylvania","Juniata County",1,84,95,34,61
050,42,067,"Pennsylvania","Juniata County",1,85,609,226,383
050,42,067,"Pennsylvania","Juniata County",2,0,283,147,136
050,42,067,"Pennsylvania","Juniata County",2,1,270,140,130
050,42,067,"Pennsylvania","Juniata County",2,2,278,146,132
050,42,067,"Pennsylvania","Juniata County",2,3,267,130,137
050,42,067,"Pennsylvania","Juniata County",2,4,271,134,137
050,42,067,"Pennsylvania","Juniata County",2,5,270,133,137
050,42,067,"Pennsylvania","Juniata County",2,6,266,128,138
050,42,067,"Pennsylvania","Juniata County",2,7,271,140,131
050,42,067,"Pennsylvania","Juniata County",2,8,269,142,127
050,42,067,"Pennsylvania","Juniata County",2,9,276,138,138
050,42,067,"Pennsylvania","Juniata County",2,10,302,146,156
050,42,067,"Pennsylvania","Juniata County",2,11,302,154,148
050,42,067,"Pennsylvania","Juniata County",2,12,313,156,157
050,42,067,"Pennsylvania","Juniata County",2,13,305,150,155
050,42,067,"Pennsylvania","Juniata County",2,14,319,163,156
050,42,067,"Pennsylvania","Juniata County",2,15,327,169,158
050,42,067,"Pennsylvania","Juniata County",2,16,338,175,163
050,42,067,"Pennsylvania","Juniata County",2,17,355,179,176
050,42,067,"Pennsylvania","Juniata County",2,18,287,156,131
050,42,067,"Pennsylvania","Juniata County",2,19,217,117,100
050,42,067,"Pennsylvania","Juniata County",2,20,228,116,112
050,42,067,"Pennsylvania","Juniata County",2,21,240,122,118
050,42,067,"Pennsylvania","Juniata County",2,22,253,126,127
050,42,067,"Pennsylvania","Juniata County",2,23,244,128,116
050,42,067,"Pennsylvania","Juniata County",2,24,239,123,116
050,42,067,"Pennsylvania","Juniata County",2,25,248,135,113
050,42,067,"Pennsylvania","Juniata County",2,26,256,134,122
050,42,067,"Pennsylvania","Juniata County",2,27,263,135,128
050,42,067,"Pennsylvania","Juniata County",2,28,272,141,131
050,42,067,"Pennsylvania","Juniata County",2,29,260,131,129
050,42,067,"Pennsylvania","Juniata County",2,30,261,132,129
050,42,067,"Pennsylvania","Juniata County",2,31,260,139,121
050,42,067,"Pennsylvania","Juniata County",2,32,262,140,122
050,42,067,"Pennsylvania","Juniata County",2,33,264,131,133
050,42,067,"Pennsylvania","Juniata County",2,34,268,136,132
050,42,067,"Pennsylvania","Juniata County",2,35,257,130,127
050,42,067,"Pennsylvania","Juniata County",2,36,242,121,121
050,42,067,"Pennsylvania","Juniata County",2,37,253,130,123
050,42,067,"Pennsylvania","Juniata County",2,38,273,140,133
050,42,067,"Pennsylvania","Juniata County",2,39,260,136,124
050,42,067,"Pennsylvania","Juniata County",2,40,270,142,128
050,42,067,"Pennsylvania","Juniata County",2,41,286,146,140
050,42,067,"Pennsylvania","Juniata County",2,42,261,136,125
050,42,067,"Pennsylvania","Juniata County",2,43,264,136,128
050,42,067,"Pennsylvania","Juniata County",2,44,257,131,126
050,42,067,"Pennsylvania","Juniata County",2,45,244,116,128
050,42,067,"Pennsylvania","Juniata County",2,46,257,118,139
050,42,067,"Pennsylvania","Juniata County",2,47,268,129,139
050,42,067,"Pennsylvania","Juniata County",2,48,293,151,142
050,42,067,"Pennsylvania","Juniata County",2,49,332,180,152
050,42,067,"Pennsylvania","Juniata County",2,50,313,170,143
050,42,067,"Pennsylvania","Juniata County",2,51,307,158,149
050,42,067,"Pennsylvania","Juniata County",2,52,302,163,139
050,42,067,"Pennsylvania","Juniata County",2,53,303,157,146
050,42,067,"Pennsylvania","Juniata County",2,54,303,158,145
050,42,067,"Pennsylvania","Juniata County",2,55,344,179,165
050,42,067,"Pennsylvania","Juniata County",2,56,364,183,181
050,42,067,"Pennsylvania","Juniata County",2,57,354,180,174
050,42,067,"Pennsylvania","Juniata County",2,58,357,190,167
050,42,067,"Pennsylvania","Juniata County",2,59,356,180,176
050,42,067,"Pennsylvania","Juniata County",2,60,339,170,169
050,42,067,"Pennsylvania","Juniata County",2,61,342,175,167
050,42,067,"Pennsylvania","Juniata County",2,62,344,173,171
050,42,067,"Pennsylvania","Juniata County",2,63,346,168,178
050,42,067,"Pennsylvania","Juniata County",2,64,339,168,171
050,42,067,"Pennsylvania","Juniata County",2,65,328,164,164
050,42,067,"Pennsylvania","Juniata County",2,66,313,156,157
050,42,067,"Pennsylvania","Juniata County",2,67,291,149,142
050,42,067,"Pennsylvania","Juniata County",2,68,297,154,143
050,42,067,"Pennsylvania","Juniata County",2,69,283,142,141
050,42,067,"Pennsylvania","Juniata County",2,70,248,131,117
050,42,067,"Pennsylvania","Juniata County",2,71,255,135,120
050,42,067,"Pennsylvania","Juniata County",2,72,262,133,129
050,42,067,"Pennsylvania","Juniata County",2,73,270,129,141
050,42,067,"Pennsylvania","Juniata County",2,74,189,88,101
050,42,067,"Pennsylvania","Juniata County",2,75,191,97,94
050,42,067,"Pennsylvania","Juniata County",2,76,198,102,96
050,42,067,"Pennsylvania","Juniata County",2,77,189,92,97
050,42,067,"Pennsylvania","Juniata County",2,78,161,76,85
050,42,067,"Pennsylvania","Juniata County",2,79,148,67,81
050,42,067,"Pennsylvania","Juniata County",2,80,138,58,80
050,42,067,"Pennsylvania","Juniata County",2,81,125,50,75
050,42,067,"Pennsylvania","Juniata County",2,82,137,57,80
050,42,067,"Pennsylvania","Juniata County",2,83,125,55,70
050,42,067,"Pennsylvania","Juniata County",2,84,98,37,61
050,42,067,"Pennsylvania","Juniata County",2,85,604,221,383
050,42,067,"Pennsylvania","Juniata County",3,0,300,169,131
050,42,067,"Pennsylvania","Juniata County",3,1,273,145,128
050,42,067,"Pennsylvania","Juniata County",3,2,268,139,129
050,42,067,"Pennsylvania","Juniata County",3,3,272,144,128
050,42,067,"Pennsylvania","Juniata County",3,4,257,124,133
050,42,067,"Pennsylvania","Juniata County",3,5,278,142,136
050,42,067,"Pennsylvania","Juniata County",3,6,261,129,132
050,42,067,"Pennsylvania","Juniata County",3,7,269,127,142
050,42,067,"Pennsylvania","Juniata County",3,8,258,137,121
050,42,067,"Pennsylvania","Juniata County",3,9,260,137,123
050,42,067,"Pennsylvania","Juniata County",3,10,276,136,140
050,42,067,"Pennsylvania","Juniata County",3,11,296,146,150
050,42,067,"Pennsylvania","Juniata County",3,12,301,153,148
050,42,067,"Pennsylvania","Juniata County",3,13,313,153,160
050,42,067,"Pennsylvania","Juniata County",3,14,306,151,155
050,42,067,"Pennsylvania","Juniata County",3,15,310,155,155
050,42,067,"Pennsylvania","Juniata County",3,16,325,164,161
050,42,067,"Pennsylvania","Juniata County",3,17,336,174,162
050,42,067,"Pennsylvania","Juniata County",3,18,299,152,147
050,42,067,"Pennsylvania","Juniata County",3,19,226,121,105
050,42,067,"Pennsylvania","Juniata County",3,20,243,127,116
050,42,067,"Pennsylvania","Juniata County",3,21,244,123,121
050,42,067,"Pennsylvania","Juniata County",3,22,260,127,133
050,42,067,"Pennsylvania","Juniata County",3,23,263,130,133
050,42,067,"Pennsylvania","Juniata County",3,24,219,108,111
050,42,067,"Pennsylvania","Juniata County",3,25,228,120,108
050,42,067,"Pennsylvania","Juniata County",3,26,246,133,113
050,42,067,"Pennsylvania","Juniata County",3,27,257,138,119
050,42,067,"Pennsylvania","Juniata County",3,28,257,135,122
050,42,067,"Pennsylvania","Juniata County",3,29,273,140,133
050,42,067,"Pennsylvania","Juniata County",3,30,262,128,134
050,42,067,"Pennsylvania","Juniata County",3,31,262,129,133
050,42,067,"Pennsylvania","Juniata County",3,32,256,136,120
050,42,067,"Pennsylvania","Juniata County",3,33,264,136,128
050,42,067,"Pennsylvania","Juniata County",3,34,272,137,135
050,42,067,"Pennsylvania","Juniata County",3,35,273,140,133
050,42,067,"Pennsylvania","Juniata County",3,36,274,139,135
050,42,067,"Pennsylvania","Juniata County",3,37,243,125,118
050,42,067,"Pennsylvania","Juniata County",3,38,249,127,122
050,42,067,"Pennsylvania","Juniata County",3,39,271,138,133
050,42,067,"Pennsylvania","Juniata County",3,40,262,138,124
050,42,067,"Pennsylvania","Juniata County",3,41,268,143,125
050,42,067,"Pennsylvania","Juniata County",3,42,287,150,137
050,42,067,"Pennsylvania","Juniata County",3,43,268,137,131
050,42,067,"Pennsylvania","Juniata County",3,44,262,134,128
050,42,067,"Pennsylvania","Juniata County",3,45,252,130,122
050,42,067,"Pennsylvania","Juniata County",3,46,251,123,128
050,42,067,"Pennsylvania","Juniata County",3,47,249,116,133
050,42,067,"Pennsylvania","Juniata County",3,48,259,126,133
050,42,067,"Pennsylvania","Juniata County",3,49,292,153,139
050,42,067,"Pennsylvania","Juniata County",3,50,327,180,147
050,42,067,"Pennsylvania","Juniata County",3,51,321,166,155
050,42,067,"Pennsylvania","Juniata County",3,52,311,158,153
050,42,067,"Pennsylvania","Juniata County",3,53,299,158,141
050,42,067,"Pennsylvania","Juniata County",3,54,298,154,144
050,42,067,"Pennsylvania","Juniata County",3,55,311,164,147
050,42,067,"Pennsylvania","Juniata County",3,56,338,177,161
050,42,067,"Pennsylvania","Juniata County",3,57,367,188,179
050,42,067,"Pennsylvania","Juniata County",3,58,351,180,171
050,42,067,"Pennsylvania","Juniata County",3,59,353,184,169
050,42,067,"Pennsylvania","Juniata County",3,60,355,181,174
050,42,067,"Pennsylvania","Juniata County",3,61,337,164,173
050,42,067,"Pennsylvania","Juniata County",3,62,342,174,168
050,42,067,"Pennsylvania","Juniata County",3,63,332,170,162
050,42,067,"Pennsylvania","Juniata County",3,64,348,168,180
050,42,067,"Pennsylvania","Juniata County",3,65,336,171,165
050,42,067,"Pennsylvania","Juniata County",3,66,327,163,164
050,42,067,"Pennsylvania","Juniata County",3,67,304,150,154
050,42,067,"Pennsylvania","Juniata County",3,68,293,146,147
050,42,067,"Pennsylvania","Juniata County",3,69,287,150,137
050,42,067,"Pennsylvania","Juniata County",3,70,282,139,143
050,42,067,"Pennsylvania","Juniata County",3,71,246,126,120
050,42,067,"Pennsylvania","Juniata County",3,72,243,129,114
050,42,067,"Pennsylvania","Juniata County",3,73,251,129,122
050,42,067,"Pennsylvania","Juniata County",3,74,262,122,140
050,42,067,"Pennsylvania","Juniata County",3,75,186,89,97
050,42,067,"Pennsylvania","Juniata County",3,76,177,91,86
050,42,067,"Pennsylvania","Juniata County",3,77,192,96,96
050,42,067,"Pennsylvania","Juniata County",3,78,182,86,96
050,42,067,"Pennsylvania","Juniata County",3,79,151,71,80
050,42,067,"Pennsylvania","Juniata County",3,80,137,61,76
050,42,067,"Pennsylvania","Juniata County",3,81,129,53,76
050,42,067,"Pennsylvania","Juniata County",3,82,118,44,74
050,42,067,"Pennsylvania","Juniata County",3,83,131,51,80
050,42,067,"Pennsylvania","Juniata County",3,84,106,43,63
050,42,067,"Pennsylvania","Juniata County",3,85,575,208,367
050,42,067,"Pennsylvania","Juniata County",4,0,282,153,129
050,42,067,"Pennsylvania","Juniata County",4,1,298,171,127
050,42,067,"Pennsylvania","Juniata County",4,2,273,143,130
050,42,067,"Pennsylvania","Juniata County",4,3,269,142,127
050,42,067,"Pennsylvania","Juniata County",4,4,278,147,131
050,42,067,"Pennsylvania","Juniata County",4,5,267,127,140
050,42,067,"Pennsylvania","Juniata County",4,6,270,136,134
050,42,067,"Pennsylvania","Juniata County",4,7,263,135,128
050,42,067,"Pennsylvania","Juniata County",4,8,262,128,134
050,42,067,"Pennsylvania","Juniata County",4,9,259,134,125
050,42,067,"Pennsylvania","Juniata County",4,10,267,140,127
050,42,067,"Pennsylvania","Juniata County",4,11,275,140,135
050,42,067,"Pennsylvania","Juniata County",4,12,299,147,152
050,42,067,"Pennsylvania","Juniata County",4,13,298,156,142
050,42,067,"Pennsylvania","Juniata County",4,14,309,158,151
050,42,067,"Pennsylvania","Juniata County",4,15,307,148,159
050,42,067,"Pennsylvania","Juniata County",4,16,311,161,150
050,42,067,"Pennsylvania","Juniata County",4,17,329,162,167
050,42,067,"Pennsylvania","Juniata County",4,18,286,156,130
050,42,067,"Pennsylvania","Juniata County",4,19,231,117,114
050,42,067,"Pennsylvania","Juniata County",4,20,239,129,110
050,42,067,"Pennsylvania","Juniata County",4,21,254,130,124
050,42,067,"Pennsylvania","Juniata County",4,22,245,128,117
050,42,067,"Pennsylvania","Juniata County",4,23,263,132,131
050,42,067,"Pennsylvania","Juniata County",4,24,257,130,127
050,42,067,"Pennsylvania","Juniata County",4,25,218,109,109
050,42,067,"Pennsylvania","Juniata County",4,26,243,130,113
050,42,067,"Pennsylvania","Juniata County",4,27,247,134,113
050,42,067,"Pennsylvania","Juniata County",4,28,256,135,121
050,42,067,"Pennsylvania","Juniata County",4,29,259,144,115
050,42,067,"Pennsylvania","Juniata County",4,30,262,139,123
050,42,067,"Pennsylvania","Juniata County",4,31,250,130,120
050,42,067,"Pennsylvania","Juniata County",4,32,254,124,130
050,42,067,"Pennsylvania","Juniata County",4,33,269,146,123
050,42,067,"Pennsylvania","Juniata County",4,34,278,145,133
050,42,067,"Pennsylvania","Juniata County",4,35,269,133,136
050,42,067,"Pennsylvania","Juniata County",4,36,281,141,140
050,42,067,"Pennsylvania","Juniata County",4,37,277,140,137
050,42,067,"Pennsylvania","Juniata County",4,38,242,124,118
050,42,067,"Pennsylvania","Juniata County",4,39,248,127,121
050,42,067,"Pennsylvania","Juniata County",4,40,272,138,134
050,42,067,"Pennsylvania","Juniata County",4,41,262,138,124
050,42,067,"Pennsylvania","Juniata County",4,42,269,140,129
050,42,067,"Pennsylvania","Juniata County",4,43,290,154,136
050,42,067,"Pennsylvania","Juniata County",4,44,264,135,129
050,42,067,"Pennsylvania","Juniata County",4,45,268,140,128
050,42,067,"Pennsylvania","Juniata County",4,46,257,132,125
050,42,067,"Pennsylvania","Juniata County",4,47,248,122,126
050,42,067,"Pennsylvania","Juniata County",4,48,255,122,133
050,42,067,"Pennsylvania","Juniata County",4,49,261,128,133
050,42,067,"Pennsylvania","Juniata County",4,50,284,150,134
050,42,067,"Pennsylvania","Juniata County",4,51,324,172,152
050,42,067,"Pennsylvania","Juniata County",4,52,325,172,153
050,42,067,"Pennsylvania","Juniata County",4,53,313,156,157
050,42,067,"Pennsylvania","Juniata County",4,54,292,151,141
050,42,067,"Pennsylvania","Juniata County",4,55,294,152,142
050,42,067,"Pennsylvania","Juniata County",4,56,309,163,146
050,42,067,"Pennsylvania","Juniata County",4,57,343,180,163
050,42,067,"Pennsylvania","Juniata County",4,58,363,190,173
050,42,067,"Pennsylvania","Juniata County",4,59,352,184,168
050,42,067,"Pennsylvania","Juniata County",4,60,348,182,166
050,42,067,"Pennsylvania","Juniata County",4,61,349,178,171
050,42,067,"Pennsylvania","Juniata County",4,62,327,160,167
050,42,067,"Pennsylvania","Juniata County",4,63,344,171,173
050,42,067,"Pennsylvania","Juniata County",4,64,342,175,167
050,42,067,"Pennsylvania","Juniata County",4,65,338,167,171
050,42,067,"Pennsylvania","Juniata County",4,66,327,167,160
050,42,067,"Pennsylvania","Juniata County",4,67,318,156,162
050,42,067,"Pennsylvania","Juniata County",4,68,304,148,156
050,42,067,"Pennsylvania","Juniata County",4,69,286,145,141
050,42,067,"Pennsylvania","Juniata County",4,70,279,146,133
050,42,067,"Pennsylvania","Juniata County",4,71,274,133,141
050,42,067,"Pennsylvania","Juniata County",4,72,233,121,112
050,42,067,"Pennsylvania","Juniata County",4,73,242,129,113
050,42,067,"Pennsylvania","Juniata County",4,74,247,121,126
050,42,067,"Pennsylvania","Juniata County",4,75,249,118,131
050,42,067,"Pennsylvania","Juniata County",4,76,175,84,91
050,42,067,"Pennsylvania","Juniata County",4,77,167,78,89
050,42,067,"Pennsylvania","Juniata County",4,78,180,89,91
050,42,067,"Pennsylvania","Juniata County",4,79,174,83,91
050,42,067,"Pennsylvania","Juniata County",4,80,147,68,79
050,42,067,"Pennsylvania","Juniata County",4,81,125,52,73
050,42,067,"Pennsylvania","Juniata County",4,82,129,52,77
050,42,067,"Pennsylvania","Juniata County",4,83,108,42,66
050,42,067,"Pennsylvania","Juniata County",4,84,114,43,71
050,42,067,"Pennsylvania","Juniata County",4,85,566,205,361
050,42,067,"Pennsylvania","Juniata County",5,0,263,143,120
050,42,067,"Pennsylvania","Juniata County",5,1,287,147,140
050,42,067,"Pennsylvania","Juniata County",5,2,299,173,126
050,42,067,"Pennsylvania","Juniata County",5,3,279,149,130
050,42,067,"Pennsylvania","Juniata County",5,4,272,145,127
050,42,067,"Pennsylvania","Juniata County",5,5,281,142,139
050,42,067,"Pennsylvania","Juniata County",5,6,260,122,138
050,42,067,"Pennsylvania","Juniata County",5,7,284,145,139
050,42,067,"Pennsylvania","Juniata County",5,8,262,129,133
050,42,067,"Pennsylvania","Juniata County",5,9,265,128,137
050,42,067,"Pennsylvania","Juniata County",5,10,260,138,122
050,42,067,"Pennsylvania","Juniata County",5,11,273,148,125
050,42,067,"Pennsylvania","Juniata County",5,12,281,145,136
050,42,067,"Pennsylvania","Juniata County",5,13,297,147,150
050,42,067,"Pennsylvania","Juniata County",5,14,300,157,143
050,42,067,"Pennsylvania","Juniata County",5,15,309,157,152
050,42,067,"Pennsylvania","Juniata County",5,16,310,152,158
050,42,067,"Pennsylvania","Juniata County",5,17,315,160,155
050,42,067,"Pennsylvania","Juniata County",5,18,278,140,138
050,42,067,"Pennsylvania","Juniata County",5,19,216,117,99
050,42,067,"Pennsylvania","Juniata County",5,20,254,126,128
050,42,067,"Pennsylvania","Juniata County",5,21,245,129,116
050,42,067,"Pennsylvania","Juniata County",5,22,278,144,134
050,42,067,"Pennsylvania","Juniata County",5,23,244,132,112
050,42,067,"Pennsylvania","Juniata County",5,24,269,136,133
050,42,067,"Pennsylvania","Juniata County",5,25,249,123,126
050,42,067,"Pennsylvania","Juniata County",5,26,228,113,115
050,42,067,"Pennsylvania","Juniata County",5,27,240,131,109
050,42,067,"Pennsylvania","Juniata County",5,28,250,137,113
050,42,067,"Pennsylvania","Juniata County",5,29,261,140,121
050,42,067,"Pennsylvania","Juniata County",5,30,256,137,119
050,42,067,"Pennsylvania","Juniata County",5,31,270,145,125
050,42,067,"Pennsylvania","Juniata County",5,32,251,132,119
050,42,067,"Pennsylvania","Juniata County",5,33,263,132,131
050,42,067,"Pennsylvania","Juniata County",5,34,279,149,130
050,42,067,"Pennsylvania","Juniata County",5,35,277,144,133
050,42,067,"Pennsylvania","Juniata County",5,36,269,130,139
050,42,067,"Pennsylvania","Juniata County",5,37,284,145,139
050,42,067,"Pennsylvania","Juniata County",5,38,276,138,138
050,42,067,"Pennsylvania","Juniata County",5,39,239,120,119
050,42,067,"Pennsylvania","Juniata County",5,40,236,121,115
050,42,067,"Pennsylvania","Juniata County",5,41,275,141,134
050,42,067,"Pennsylvania","Juniata County",5,42,260,140,120
050,42,067,"Pennsylvania","Juniata County",5,43,268,136,132
050,42,067,"Pennsylvania","Juniata County",5,44,293,153,140
050,42,067,"Pennsylvania","Juniata County",5,45,267,136,131
050,42,067,"Pennsylvania","Juniata County",5,46,274,141,133
050,42,067,"Pennsylvania","Juniata County",5,47,255,132,123
050,42,067,"Pennsylvania","Juniata County",5,48,254,124,130
050,42,067,"Pennsylvania","Juniata County",5,49,263,128,135
050,42,067,"Pennsylvania","Juniata County",5,50,263,131,132
050,42,067,"Pennsylvania","Juniata County",5,51,283,147,136
050,42,067,"Pennsylvania","Juniata County",5,52,323,176,147
050,42,067,"Pennsylvania","Juniata County",5,53,325,169,156
050,42,067,"Pennsylvania","Juniata County",5,54,308,153,155
050,42,067,"Pennsylvania","Juniata County",5,55,296,152,144
050,42,067,"Pennsylvania","Juniata County",5,56,293,149,144
050,42,067,"Pennsylvania","Juniata County",5,57,309,160,149
050,42,067,"Pennsylvania","Juniata County",5,58,340,182,158
050,42,067,"Pennsylvania","Juniata County",5,59,366,191,175
050,42,067,"Pennsylvania","Juniata County",5,60,346,180,166
050,42,067,"Pennsylvania","Juniata County",5,61,350,181,169
050,42,067,"Pennsylvania","Juniata County",5,62,344,177,167
050,42,067,"Pennsylvania","Juniata County",5,63,311,152,159
050,42,067,"Pennsylvania","Juniata County",5,64,346,172,174
050,42,067,"Pennsylvania","Juniata County",5,65,335,175,160
050,42,067,"Pennsylvania","Juniata County",5,66,321,157,164
050,42,067,"Pennsylvania","Juniata County",5,67,313,155,158
050,42,067,"Pennsylvania","Juniata County",5,68,308,148,160
050,42,067,"Pennsylvania","Juniata County",5,69,289,142,147
050,42,067,"Pennsylvania","Juniata County",5,70,277,138,139
050,42,067,"Pennsylvania","Juniata County",5,71,276,144,132
050,42,067,"Pennsylvania","Juniata County",5,72,262,129,133
050,42,067,"Pennsylvania","Juniata County",5,73,227,118,109
050,42,067,"Pennsylvania","Juniata County",5,74,238,122,116
050,42,067,"Pennsylvania","Juniata County",5,75,229,114,115
050,42,067,"Pennsylvania","Juniata County",5,76,229,108,121
050,42,067,"Pennsylvania","Juniata County",5,77,165,74,91
050,42,067,"Pennsylvania","Juniata County",5,78,161,76,85
050,42,067,"Pennsylvania","Juniata County",5,79,172,87,85
050,42,067,"Pennsylvania","Juniata County",5,80,171,79,92
050,42,067,"Pennsylvania","Juniata County",5,81,133,57,76
050,42,067,"Pennsylvania","Juniata County",5,82,120,50,70
050,42,067,"Pennsylvania","Juniata County",5,83,121,50,71
050,42,067,"Pennsylvania","Juniata County",5,84,92,34,58
050,42,067,"Pennsylvania","Juniata County",5,85,583,208,375
050,42,069,"Pennsylvania","Lackawanna County",1,0,2034,1044,990
050,42,069,"Pennsylvania","Lackawanna County",1,1,2117,1100,1017
050,42,069,"Pennsylvania","Lackawanna County",1,2,2150,1132,1018
050,42,069,"Pennsylvania","Lackawanna County",1,3,2397,1247,1150
050,42,069,"Pennsylvania","Lackawanna County",1,4,2349,1175,1174
050,42,069,"Pennsylvania","Lackawanna County",1,5,2435,1251,1184
050,42,069,"Pennsylvania","Lackawanna County",1,6,2481,1284,1197
050,42,069,"Pennsylvania","Lackawanna County",1,7,2437,1246,1191
050,42,069,"Pennsylvania","Lackawanna County",1,8,2453,1237,1216
050,42,069,"Pennsylvania","Lackawanna County",1,9,2456,1239,1217
050,42,069,"Pennsylvania","Lackawanna County",1,10,2567,1325,1242
050,42,069,"Pennsylvania","Lackawanna County",1,11,2587,1361,1226
050,42,069,"Pennsylvania","Lackawanna County",1,12,2701,1402,1299
050,42,069,"Pennsylvania","Lackawanna County",1,13,2686,1419,1267
050,42,069,"Pennsylvania","Lackawanna County",1,14,2638,1388,1250
050,42,069,"Pennsylvania","Lackawanna County",1,15,2676,1413,1263
050,42,069,"Pennsylvania","Lackawanna County",1,16,2654,1412,1242
050,42,069,"Pennsylvania","Lackawanna County",1,17,2622,1354,1268
050,42,069,"Pennsylvania","Lackawanna County",1,18,2922,1445,1477
050,42,069,"Pennsylvania","Lackawanna County",1,19,3063,1489,1574
050,42,069,"Pennsylvania","Lackawanna County",1,20,2910,1398,1512
050,42,069,"Pennsylvania","Lackawanna County",1,21,2634,1287,1347
050,42,069,"Pennsylvania","Lackawanna County",1,22,2489,1245,1244
050,42,069,"Pennsylvania","Lackawanna County",1,23,2413,1215,1198
050,42,069,"Pennsylvania","Lackawanna County",1,24,2407,1219,1188
050,42,069,"Pennsylvania","Lackawanna County",1,25,2418,1173,1245
050,42,069,"Pennsylvania","Lackawanna County",1,26,2491,1204,1287
050,42,069,"Pennsylvania","Lackawanna County",1,27,2517,1308,1209
050,42,069,"Pennsylvania","Lackawanna County",1,28,2542,1312,1230
050,42,069,"Pennsylvania","Lackawanna County",1,29,2662,1356,1306
050,42,069,"Pennsylvania","Lackawanna County",1,30,2812,1424,1388
050,42,069,"Pennsylvania","Lackawanna County",1,31,2925,1429,1496
050,42,069,"Pennsylvania","Lackawanna County",1,32,2780,1409,1371
050,42,069,"Pennsylvania","Lackawanna County",1,33,2643,1353,1290
050,42,069,"Pennsylvania","Lackawanna County",1,34,2676,1348,1328
050,42,069,"Pennsylvania","Lackawanna County",1,35,2669,1331,1338
050,42,069,"Pennsylvania","Lackawanna County",1,36,2655,1331,1324
050,42,069,"Pennsylvania","Lackawanna County",1,37,2630,1356,1274
050,42,069,"Pennsylvania","Lackawanna County",1,38,2586,1314,1272
050,42,069,"Pennsylvania","Lackawanna County",1,39,2578,1296,1282
050,42,069,"Pennsylvania","Lackawanna County",1,40,2587,1310,1277
050,42,069,"Pennsylvania","Lackawanna County",1,41,2454,1235,1219
050,42,069,"Pennsylvania","Lackawanna County",1,42,2430,1223,1207
050,42,069,"Pennsylvania","Lackawanna County",1,43,2392,1196,1196
050,42,069,"Pennsylvania","Lackawanna County",1,44,2367,1168,1199
050,42,069,"Pennsylvania","Lackawanna County",1,45,2406,1176,1230
050,42,069,"Pennsylvania","Lackawanna County",1,46,2354,1185,1169
050,42,069,"Pennsylvania","Lackawanna County",1,47,2463,1249,1214
050,42,069,"Pennsylvania","Lackawanna County",1,48,2726,1379,1347
050,42,069,"Pennsylvania","Lackawanna County",1,49,2927,1472,1455
050,42,069,"Pennsylvania","Lackawanna County",1,50,2868,1457,1411
050,42,069,"Pennsylvania","Lackawanna County",1,51,2768,1394,1374
050,42,069,"Pennsylvania","Lackawanna County",1,52,2752,1362,1390
050,42,069,"Pennsylvania","Lackawanna County",1,53,2843,1401,1442
050,42,069,"Pennsylvania","Lackawanna County",1,54,2847,1403,1444
050,42,069,"Pennsylvania","Lackawanna County",1,55,2956,1442,1514
050,42,069,"Pennsylvania","Lackawanna County",1,56,3028,1465,1563
050,42,069,"Pennsylvania","Lackawanna County",1,57,3101,1495,1606
050,42,069,"Pennsylvania","Lackawanna County",1,58,3117,1537,1580
050,42,069,"Pennsylvania","Lackawanna County",1,59,3177,1588,1589
050,42,069,"Pennsylvania","Lackawanna County",1,60,3155,1575,1580
050,42,069,"Pennsylvania","Lackawanna County",1,61,3164,1550,1614
050,42,069,"Pennsylvania","Lackawanna County",1,62,3128,1525,1603
050,42,069,"Pennsylvania","Lackawanna County",1,63,3007,1448,1559
050,42,069,"Pennsylvania","Lackawanna County",1,64,2920,1420,1500
050,42,069,"Pennsylvania","Lackawanna County",1,65,2829,1358,1471
050,42,069,"Pennsylvania","Lackawanna County",1,66,2741,1316,1425
050,42,069,"Pennsylvania","Lackawanna County",1,67,2745,1337,1408
050,42,069,"Pennsylvania","Lackawanna County",1,68,2719,1315,1404
050,42,069,"Pennsylvania","Lackawanna County",1,69,2480,1189,1291
050,42,069,"Pennsylvania","Lackawanna County",1,70,2452,1183,1269
050,42,069,"Pennsylvania","Lackawanna County",1,71,2347,1098,1249
050,42,069,"Pennsylvania","Lackawanna County",1,72,2329,1076,1253
050,42,069,"Pennsylvania","Lackawanna County",1,73,2422,1124,1298
050,42,069,"Pennsylvania","Lackawanna County",1,74,1675,776,899
050,42,069,"Pennsylvania","Lackawanna County",1,75,1628,763,865
050,42,069,"Pennsylvania","Lackawanna County",1,76,1626,727,899
050,42,069,"Pennsylvania","Lackawanna County",1,77,1642,721,921
050,42,069,"Pennsylvania","Lackawanna County",1,78,1427,616,811
050,42,069,"Pennsylvania","Lackawanna County",1,79,1282,567,715
050,42,069,"Pennsylvania","Lackawanna County",1,80,1195,521,674
050,42,069,"Pennsylvania","Lackawanna County",1,81,1101,440,661
050,42,069,"Pennsylvania","Lackawanna County",1,82,994,395,599
050,42,069,"Pennsylvania","Lackawanna County",1,83,904,339,565
050,42,069,"Pennsylvania","Lackawanna County",1,84,838,305,533
050,42,069,"Pennsylvania","Lackawanna County",1,85,5743,1698,4045
050,42,069,"Pennsylvania","Lackawanna County",2,0,2108,1083,1025
050,42,069,"Pennsylvania","Lackawanna County",2,1,2102,1091,1011
050,42,069,"Pennsylvania","Lackawanna County",2,2,2154,1131,1023
050,42,069,"Pennsylvania","Lackawanna County",2,3,2327,1212,1115
050,42,069,"Pennsylvania","Lackawanna County",2,4,2367,1190,1177
050,42,069,"Pennsylvania","Lackawanna County",2,5,2417,1232,1185
050,42,069,"Pennsylvania","Lackawanna County",2,6,2471,1277,1194
050,42,069,"Pennsylvania","Lackawanna County",2,7,2440,1249,1191
050,42,069,"Pennsylvania","Lackawanna County",2,8,2439,1234,1205
050,42,069,"Pennsylvania","Lackawanna County",2,9,2453,1240,1213
050,42,069,"Pennsylvania","Lackawanna County",2,10,2537,1303,1234
050,42,069,"Pennsylvania","Lackawanna County",2,11,2570,1346,1224
050,42,069,"Pennsylvania","Lackawanna County",2,12,2690,1401,1289
050,42,069,"Pennsylvania","Lackawanna County",2,13,2690,1415,1275
050,42,069,"Pennsylvania","Lackawanna County",2,14,2649,1393,1256
050,42,069,"Pennsylvania","Lackawanna County",2,15,2672,1410,1262
050,42,069,"Pennsylvania","Lackawanna County",2,16,2668,1418,1250
050,42,069,"Pennsylvania","Lackawanna County",2,17,2626,1367,1259
050,42,069,"Pennsylvania","Lackawanna County",2,18,2916,1440,1476
050,42,069,"Pennsylvania","Lackawanna County",2,19,3066,1493,1573
050,42,069,"Pennsylvania","Lackawanna County",2,20,2934,1412,1522
050,42,069,"Pennsylvania","Lackawanna County",2,21,2646,1287,1359
050,42,069,"Pennsylvania","Lackawanna County",2,22,2484,1241,1243
050,42,069,"Pennsylvania","Lackawanna County",2,23,2407,1215,1192
050,42,069,"Pennsylvania","Lackawanna County",2,24,2396,1214,1182
050,42,069,"Pennsylvania","Lackawanna County",2,25,2403,1180,1223
050,42,069,"Pennsylvania","Lackawanna County",2,26,2485,1204,1281
050,42,069,"Pennsylvania","Lackawanna County",2,27,2506,1283,1223
050,42,069,"Pennsylvania","Lackawanna County",2,28,2539,1311,1228
050,42,069,"Pennsylvania","Lackawanna County",2,29,2619,1340,1279
050,42,069,"Pennsylvania","Lackawanna County",2,30,2792,1416,1376
050,42,069,"Pennsylvania","Lackawanna County",2,31,2888,1425,1463
050,42,069,"Pennsylvania","Lackawanna County",2,32,2815,1416,1399
050,42,069,"Pennsylvania","Lackawanna County",2,33,2664,1357,1307
050,42,069,"Pennsylvania","Lackawanna County",2,34,2670,1348,1322
050,42,069,"Pennsylvania","Lackawanna County",2,35,2678,1338,1340
050,42,069,"Pennsylvania","Lackawanna County",2,36,2642,1327,1315
050,42,069,"Pennsylvania","Lackawanna County",2,37,2637,1348,1289
050,42,069,"Pennsylvania","Lackawanna County",2,38,2606,1328,1278
050,42,069,"Pennsylvania","Lackawanna County",2,39,2578,1300,1278
050,42,069,"Pennsylvania","Lackawanna County",2,40,2609,1320,1289
050,42,069,"Pennsylvania","Lackawanna County",2,41,2480,1246,1234
050,42,069,"Pennsylvania","Lackawanna County",2,42,2425,1225,1200
050,42,069,"Pennsylvania","Lackawanna County",2,43,2414,1210,1204
050,42,069,"Pennsylvania","Lackawanna County",2,44,2350,1165,1185
050,42,069,"Pennsylvania","Lackawanna County",2,45,2399,1175,1224
050,42,069,"Pennsylvania","Lackawanna County",2,46,2355,1174,1181
050,42,069,"Pennsylvania","Lackawanna County",2,47,2430,1232,1198
050,42,069,"Pennsylvania","Lackawanna County",2,48,2655,1342,1313
050,42,069,"Pennsylvania","Lackawanna County",2,49,2889,1457,1432
050,42,069,"Pennsylvania","Lackawanna County",2,50,2880,1456,1424
050,42,069,"Pennsylvania","Lackawanna County",2,51,2777,1398,1379
050,42,069,"Pennsylvania","Lackawanna County",2,52,2746,1365,1381
050,42,069,"Pennsylvania","Lackawanna County",2,53,2817,1389,1428
050,42,069,"Pennsylvania","Lackawanna County",2,54,2831,1396,1435
050,42,069,"Pennsylvania","Lackawanna County",2,55,2921,1423,1498
050,42,069,"Pennsylvania","Lackawanna County",2,56,3018,1458,1560
050,42,069,"Pennsylvania","Lackawanna County",2,57,3072,1484,1588
050,42,069,"Pennsylvania","Lackawanna County",2,58,3107,1519,1588
050,42,069,"Pennsylvania","Lackawanna County",2,59,3181,1585,1596
050,42,069,"Pennsylvania","Lackawanna County",2,60,3143,1565,1578
050,42,069,"Pennsylvania","Lackawanna County",2,61,3136,1541,1595
050,42,069,"Pennsylvania","Lackawanna County",2,62,3134,1529,1605
050,42,069,"Pennsylvania","Lackawanna County",2,63,3056,1477,1579
050,42,069,"Pennsylvania","Lackawanna County",2,64,2909,1407,1502
050,42,069,"Pennsylvania","Lackawanna County",2,65,2834,1363,1471
050,42,069,"Pennsylvania","Lackawanna County",2,66,2751,1319,1432
050,42,069,"Pennsylvania","Lackawanna County",2,67,2721,1317,1404
050,42,069,"Pennsylvania","Lackawanna County",2,68,2692,1300,1392
050,42,069,"Pennsylvania","Lackawanna County",2,69,2534,1214,1320
050,42,069,"Pennsylvania","Lackawanna County",2,70,2440,1174,1266
050,42,069,"Pennsylvania","Lackawanna County",2,71,2357,1111,1246
050,42,069,"Pennsylvania","Lackawanna County",2,72,2277,1049,1228
050,42,069,"Pennsylvania","Lackawanna County",2,73,2495,1157,1338
050,42,069,"Pennsylvania","Lackawanna County",2,74,1725,798,927
050,42,069,"Pennsylvania","Lackawanna County",2,75,1631,766,865
050,42,069,"Pennsylvania","Lackawanna County",2,76,1601,724,877
050,42,069,"Pennsylvania","Lackawanna County",2,77,1661,722,939
050,42,069,"Pennsylvania","Lackawanna County",2,78,1421,615,806
050,42,069,"Pennsylvania","Lackawanna County",2,79,1302,571,731
050,42,069,"Pennsylvania","Lackawanna County",2,80,1191,517,674
050,42,069,"Pennsylvania","Lackawanna County",2,81,1102,449,653
050,42,069,"Pennsylvania","Lackawanna County",2,82,987,388,599
050,42,069,"Pennsylvania","Lackawanna County",2,83,890,336,554
050,42,069,"Pennsylvania","Lackawanna County",2,84,826,298,528
050,42,069,"Pennsylvania","Lackawanna County",2,85,5616,1670,3946
050,42,069,"Pennsylvania","Lackawanna County",3,0,2019,1044,975
050,42,069,"Pennsylvania","Lackawanna County",3,1,2201,1129,1072
050,42,069,"Pennsylvania","Lackawanna County",3,2,2156,1143,1013
050,42,069,"Pennsylvania","Lackawanna County",3,3,2155,1126,1029
050,42,069,"Pennsylvania","Lackawanna County",3,4,2377,1236,1141
050,42,069,"Pennsylvania","Lackawanna County",3,5,2392,1210,1182
050,42,069,"Pennsylvania","Lackawanna County",3,6,2459,1273,1186
050,42,069,"Pennsylvania","Lackawanna County",3,7,2503,1298,1205
050,42,069,"Pennsylvania","Lackawanna County",3,8,2479,1268,1211
050,42,069,"Pennsylvania","Lackawanna County",3,9,2471,1244,1227
050,42,069,"Pennsylvania","Lackawanna County",3,10,2479,1255,1224
050,42,069,"Pennsylvania","Lackawanna County",3,11,2582,1317,1265
050,42,069,"Pennsylvania","Lackawanna County",3,12,2625,1362,1263
050,42,069,"Pennsylvania","Lackawanna County",3,13,2720,1421,1299
050,42,069,"Pennsylvania","Lackawanna County",3,14,2701,1414,1287
050,42,069,"Pennsylvania","Lackawanna County",3,15,2654,1387,1267
050,42,069,"Pennsylvania","Lackawanna County",3,16,2720,1452,1268
050,42,069,"Pennsylvania","Lackawanna County",3,17,2671,1421,1250
050,42,069,"Pennsylvania","Lackawanna County",3,18,3008,1495,1513
050,42,069,"Pennsylvania","Lackawanna County",3,19,3079,1511,1568
050,42,069,"Pennsylvania","Lackawanna County",3,20,2979,1432,1547
050,42,069,"Pennsylvania","Lackawanna County",3,21,2757,1319,1438
050,42,069,"Pennsylvania","Lackawanna County",3,22,2561,1283,1278
050,42,069,"Pennsylvania","Lackawanna County",3,23,2469,1250,1219
050,42,069,"Pennsylvania","Lackawanna County",3,24,2389,1212,1177
050,42,069,"Pennsylvania","Lackawanna County",3,25,2406,1231,1175
050,42,069,"Pennsylvania","Lackawanna County",3,26,2451,1220,1231
050,42,069,"Pennsylvania","Lackawanna County",3,27,2478,1221,1257
050,42,069,"Pennsylvania","Lackawanna County",3,28,2530,1284,1246
050,42,069,"Pennsylvania","Lackawanna County",3,29,2540,1296,1244
050,42,069,"Pennsylvania","Lackawanna County",3,30,2664,1377,1287
050,42,069,"Pennsylvania","Lackawanna County",3,31,2812,1445,1367
050,42,069,"Pennsylvania","Lackawanna County",3,32,2970,1448,1522
050,42,069,"Pennsylvania","Lackawanna County",3,33,2774,1410,1364
050,42,069,"Pennsylvania","Lackawanna County",3,34,2714,1381,1333
050,42,069,"Pennsylvania","Lackawanna County",3,35,2695,1376,1319
050,42,069,"Pennsylvania","Lackawanna County",3,36,2691,1346,1345
050,42,069,"Pennsylvania","Lackawanna County",3,37,2654,1355,1299
050,42,069,"Pennsylvania","Lackawanna County",3,38,2637,1352,1285
050,42,069,"Pennsylvania","Lackawanna County",3,39,2622,1335,1287
050,42,069,"Pennsylvania","Lackawanna County",3,40,2633,1334,1299
050,42,069,"Pennsylvania","Lackawanna County",3,41,2582,1289,1293
050,42,069,"Pennsylvania","Lackawanna County",3,42,2489,1258,1231
050,42,069,"Pennsylvania","Lackawanna County",3,43,2417,1211,1206
050,42,069,"Pennsylvania","Lackawanna County",3,44,2435,1224,1211
050,42,069,"Pennsylvania","Lackawanna County",3,45,2335,1146,1189
050,42,069,"Pennsylvania","Lackawanna County",3,46,2410,1167,1243
050,42,069,"Pennsylvania","Lackawanna County",3,47,2360,1178,1182
050,42,069,"Pennsylvania","Lackawanna County",3,48,2434,1225,1209
050,42,069,"Pennsylvania","Lackawanna County",3,49,2675,1359,1316
050,42,069,"Pennsylvania","Lackawanna County",3,50,2855,1436,1419
050,42,069,"Pennsylvania","Lackawanna County",3,51,2854,1438,1416
050,42,069,"Pennsylvania","Lackawanna County",3,52,2776,1386,1390
050,42,069,"Pennsylvania","Lackawanna County",3,53,2762,1372,1390
050,42,069,"Pennsylvania","Lackawanna County",3,54,2854,1415,1439
050,42,069,"Pennsylvania","Lackawanna County",3,55,2784,1349,1435
050,42,069,"Pennsylvania","Lackawanna County",3,56,2912,1417,1495
050,42,069,"Pennsylvania","Lackawanna County",3,57,2961,1440,1521
050,42,069,"Pennsylvania","Lackawanna County",3,58,3042,1470,1572
050,42,069,"Pennsylvania","Lackawanna County",3,59,3085,1515,1570
050,42,069,"Pennsylvania","Lackawanna County",3,60,3120,1542,1578
050,42,069,"Pennsylvania","Lackawanna County",3,61,3110,1543,1567
050,42,069,"Pennsylvania","Lackawanna County",3,62,3110,1528,1582
050,42,069,"Pennsylvania","Lackawanna County",3,63,3119,1522,1597
050,42,069,"Pennsylvania","Lackawanna County",3,64,2987,1429,1558
050,42,069,"Pennsylvania","Lackawanna County",3,65,2834,1364,1470
050,42,069,"Pennsylvania","Lackawanna County",3,66,2752,1316,1436
050,42,069,"Pennsylvania","Lackawanna County",3,67,2696,1275,1421
050,42,069,"Pennsylvania","Lackawanna County",3,68,2693,1307,1386
050,42,069,"Pennsylvania","Lackawanna County",3,69,2589,1242,1347
050,42,069,"Pennsylvania","Lackawanna County",3,70,2514,1197,1317
050,42,069,"Pennsylvania","Lackawanna County",3,71,2358,1128,1230
050,42,069,"Pennsylvania","Lackawanna County",3,72,2286,1068,1218
050,42,069,"Pennsylvania","Lackawanna County",3,73,2211,1022,1189
050,42,069,"Pennsylvania","Lackawanna County",3,74,2410,1103,1307
050,42,069,"Pennsylvania","Lackawanna County",3,75,1691,777,914
050,42,069,"Pennsylvania","Lackawanna County",3,76,1576,737,839
050,42,069,"Pennsylvania","Lackawanna County",3,77,1540,665,875
050,42,069,"Pennsylvania","Lackawanna County",3,78,1572,693,879
050,42,069,"Pennsylvania","Lackawanna County",3,79,1372,580,792
050,42,069,"Pennsylvania","Lackawanna County",3,80,1214,512,702
050,42,069,"Pennsylvania","Lackawanna County",3,81,1125,476,649
050,42,069,"Pennsylvania","Lackawanna County",3,82,1020,414,606
050,42,069,"Pennsylvania","Lackawanna County",3,83,917,357,560
050,42,069,"Pennsylvania","Lackawanna County",3,84,844,311,533
050,42,069,"Pennsylvania","Lackawanna County",3,85,5484,1629,3855
050,42,069,"Pennsylvania","Lackawanna County",4,0,2097,1086,1011
050,42,069,"Pennsylvania","Lackawanna County",4,1,2088,1072,1016
050,42,069,"Pennsylvania","Lackawanna County",4,2,2244,1150,1094
050,42,069,"Pennsylvania","Lackawanna County",4,3,2211,1184,1027
050,42,069,"Pennsylvania","Lackawanna County",4,4,2186,1130,1056
050,42,069,"Pennsylvania","Lackawanna County",4,5,2386,1235,1151
050,42,069,"Pennsylvania","Lackawanna County",4,6,2408,1223,1185
050,42,069,"Pennsylvania","Lackawanna County",4,7,2470,1286,1184
050,42,069,"Pennsylvania","Lackawanna County",4,8,2504,1304,1200
050,42,069,"Pennsylvania","Lackawanna County",4,9,2466,1251,1215
050,42,069,"Pennsylvania","Lackawanna County",4,10,2510,1262,1248
050,42,069,"Pennsylvania","Lackawanna County",4,11,2463,1251,1212
050,42,069,"Pennsylvania","Lackawanna County",4,12,2589,1342,1247
050,42,069,"Pennsylvania","Lackawanna County",4,13,2613,1356,1257
050,42,069,"Pennsylvania","Lackawanna County",4,14,2728,1438,1290
050,42,069,"Pennsylvania","Lackawanna County",4,15,2693,1423,1270
050,42,069,"Pennsylvania","Lackawanna County",4,16,2709,1430,1279
050,42,069,"Pennsylvania","Lackawanna County",4,17,2741,1461,1280
050,42,069,"Pennsylvania","Lackawanna County",4,18,2983,1520,1463
050,42,069,"Pennsylvania","Lackawanna County",4,19,3079,1531,1548
050,42,069,"Pennsylvania","Lackawanna County",4,20,2941,1435,1506
050,42,069,"Pennsylvania","Lackawanna County",4,21,2780,1344,1436
050,42,069,"Pennsylvania","Lackawanna County",4,22,2645,1280,1365
050,42,069,"Pennsylvania","Lackawanna County",4,23,2501,1271,1230
050,42,069,"Pennsylvania","Lackawanna County",4,24,2435,1259,1176
050,42,069,"Pennsylvania","Lackawanna County",4,25,2364,1227,1137
050,42,069,"Pennsylvania","Lackawanna County",4,26,2418,1242,1176
050,42,069,"Pennsylvania","Lackawanna County",4,27,2429,1220,1209
050,42,069,"Pennsylvania","Lackawanna County",4,28,2488,1204,1284
050,42,069,"Pennsylvania","Lackawanna County",4,29,2546,1288,1258
050,42,069,"Pennsylvania","Lackawanna County",4,30,2594,1317,1277
050,42,069,"Pennsylvania","Lackawanna County",4,31,2683,1375,1308
050,42,069,"Pennsylvania","Lackawanna County",4,32,2794,1449,1345
050,42,069,"Pennsylvania","Lackawanna County",4,33,2955,1439,1516
050,42,069,"Pennsylvania","Lackawanna County",4,34,2839,1431,1408
050,42,069,"Pennsylvania","Lackawanna County",4,35,2688,1351,1337
050,42,069,"Pennsylvania","Lackawanna County",4,36,2672,1363,1309
050,42,069,"Pennsylvania","Lackawanna County",4,37,2727,1369,1358
050,42,069,"Pennsylvania","Lackawanna County",4,38,2690,1362,1328
050,42,069,"Pennsylvania","Lackawanna County",4,39,2643,1345,1298
050,42,069,"Pennsylvania","Lackawanna County",4,40,2695,1381,1314
050,42,069,"Pennsylvania","Lackawanna County",4,41,2611,1312,1299
050,42,069,"Pennsylvania","Lackawanna County",4,42,2627,1320,1307
050,42,069,"Pennsylvania","Lackawanna County",4,43,2496,1263,1233
050,42,069,"Pennsylvania","Lackawanna County",4,44,2434,1226,1208
050,42,069,"Pennsylvania","Lackawanna County",4,45,2435,1231,1204
050,42,069,"Pennsylvania","Lackawanna County",4,46,2353,1157,1196
050,42,069,"Pennsylvania","Lackawanna County",4,47,2406,1172,1234
050,42,069,"Pennsylvania","Lackawanna County",4,48,2368,1184,1184
050,42,069,"Pennsylvania","Lackawanna County",4,49,2466,1246,1220
050,42,069,"Pennsylvania","Lackawanna County",4,50,2665,1350,1315
050,42,069,"Pennsylvania","Lackawanna County",4,51,2832,1409,1423
050,42,069,"Pennsylvania","Lackawanna County",4,52,2832,1420,1412
050,42,069,"Pennsylvania","Lackawanna County",4,53,2762,1395,1367
050,42,069,"Pennsylvania","Lackawanna County",4,54,2754,1380,1374
050,42,069,"Pennsylvania","Lackawanna County",4,55,2800,1373,1427
050,42,069,"Pennsylvania","Lackawanna County",4,56,2762,1336,1426
050,42,069,"Pennsylvania","Lackawanna County",4,57,2872,1397,1475
050,42,069,"Pennsylvania","Lackawanna County",4,58,2955,1434,1521
050,42,069,"Pennsylvania","Lackawanna County",4,59,3007,1464,1543
050,42,069,"Pennsylvania","Lackawanna County",4,60,3045,1481,1564
050,42,069,"Pennsylvania","Lackawanna County",4,61,3040,1509,1531
050,42,069,"Pennsylvania","Lackawanna County",4,62,3063,1518,1545
050,42,069,"Pennsylvania","Lackawanna County",4,63,3073,1511,1562
050,42,069,"Pennsylvania","Lackawanna County",4,64,3057,1485,1572
050,42,069,"Pennsylvania","Lackawanna County",4,65,2909,1384,1525
050,42,069,"Pennsylvania","Lackawanna County",4,66,2781,1340,1441
050,42,069,"Pennsylvania","Lackawanna County",4,67,2707,1282,1425
050,42,069,"Pennsylvania","Lackawanna County",4,68,2659,1255,1404
050,42,069,"Pennsylvania","Lackawanna County",4,69,2577,1237,1340
050,42,069,"Pennsylvania","Lackawanna County",4,70,2523,1201,1322
050,42,069,"Pennsylvania","Lackawanna County",4,71,2441,1156,1285
050,42,069,"Pennsylvania","Lackawanna County",4,72,2291,1086,1205
050,42,069,"Pennsylvania","Lackawanna County",4,73,2222,1043,1179
050,42,069,"Pennsylvania","Lackawanna County",4,74,2135,977,1158
050,42,069,"Pennsylvania","Lackawanna County",4,75,2327,1055,1272
050,42,069,"Pennsylvania","Lackawanna County",4,76,1626,741,885
050,42,069,"Pennsylvania","Lackawanna County",4,77,1520,689,831
050,42,069,"Pennsylvania","Lackawanna County",4,78,1467,632,835
050,42,069,"Pennsylvania","Lackawanna County",4,79,1520,661,859
050,42,069,"Pennsylvania","Lackawanna County",4,80,1286,525,761
050,42,069,"Pennsylvania","Lackawanna County",4,81,1171,482,689
050,42,069,"Pennsylvania","Lackawanna County",4,82,1031,437,594
050,42,069,"Pennsylvania","Lackawanna County",4,83,939,378,561
050,42,069,"Pennsylvania","Lackawanna County",4,84,848,317,531
050,42,069,"Pennsylvania","Lackawanna County",4,85,5360,1595,3765
050,42,069,"Pennsylvania","Lackawanna County",5,0,2079,1076,1003
050,42,069,"Pennsylvania","Lackawanna County",5,1,2159,1137,1022
050,42,069,"Pennsylvania","Lackawanna County",5,2,2168,1112,1056
050,42,069,"Pennsylvania","Lackawanna County",5,3,2256,1172,1084
050,42,069,"Pennsylvania","Lackawanna County",5,4,2275,1208,1067
050,42,069,"Pennsylvania","Lackawanna County",5,5,2229,1168,1061
050,42,069,"Pennsylvania","Lackawanna County",5,6,2422,1253,1169
050,42,069,"Pennsylvania","Lackawanna County",5,7,2439,1236,1203
050,42,069,"Pennsylvania","Lackawanna County",5,8,2537,1311,1226
050,42,069,"Pennsylvania","Lackawanna County",5,9,2535,1324,1211
050,42,069,"Pennsylvania","Lackawanna County",5,10,2476,1263,1213
050,42,069,"Pennsylvania","Lackawanna County",5,11,2533,1277,1256
050,42,069,"Pennsylvania","Lackawanna County",5,12,2468,1249,1219
050,42,069,"Pennsylvania","Lackawanna County",5,13,2623,1346,1277
050,42,069,"Pennsylvania","Lackawanna County",5,14,2644,1378,1266
050,42,069,"Pennsylvania","Lackawanna County",5,15,2783,1471,1312
050,42,069,"Pennsylvania","Lackawanna County",5,16,2741,1465,1276
050,42,069,"Pennsylvania","Lackawanna County",5,17,2740,1441,1299
050,42,069,"Pennsylvania","Lackawanna County",5,18,3051,1561,1490
050,42,069,"Pennsylvania","Lackawanna County",5,19,3087,1553,1534
050,42,069,"Pennsylvania","Lackawanna County",5,20,2950,1451,1499
050,42,069,"Pennsylvania","Lackawanna County",5,21,2719,1326,1393
050,42,069,"Pennsylvania","Lackawanna County",5,22,2648,1305,1343
050,42,069,"Pennsylvania","Lackawanna County",5,23,2566,1254,1312
050,42,069,"Pennsylvania","Lackawanna County",5,24,2509,1269,1240
050,42,069,"Pennsylvania","Lackawanna County",5,25,2455,1255,1200
050,42,069,"Pennsylvania","Lackawanna County",5,26,2376,1236,1140
050,42,069,"Pennsylvania","Lackawanna County",5,27,2414,1272,1142
050,42,069,"Pennsylvania","Lackawanna County",5,28,2410,1199,1211
050,42,069,"Pennsylvania","Lackawanna County",5,29,2499,1198,1301
050,42,069,"Pennsylvania","Lackawanna County",5,30,2566,1310,1256
050,42,069,"Pennsylvania","Lackawanna County",5,31,2653,1350,1303
050,42,069,"Pennsylvania","Lackawanna County",5,32,2680,1386,1294
050,42,069,"Pennsylvania","Lackawanna County",5,33,2775,1414,1361
050,42,069,"Pennsylvania","Lackawanna County",5,34,2982,1438,1544
050,42,069,"Pennsylvania","Lackawanna County",5,35,2833,1425,1408
050,42,069,"Pennsylvania","Lackawanna County",5,36,2741,1388,1353
050,42,069,"Pennsylvania","Lackawanna County",5,37,2702,1391,1311
050,42,069,"Pennsylvania","Lackawanna County",5,38,2728,1360,1368
050,42,069,"Pennsylvania","Lackawanna County",5,39,2700,1363,1337
050,42,069,"Pennsylvania","Lackawanna County",5,40,2667,1372,1295
050,42,069,"Pennsylvania","Lackawanna County",5,41,2675,1373,1302
050,42,069,"Pennsylvania","Lackawanna County",5,42,2642,1332,1310
050,42,069,"Pennsylvania","Lackawanna County",5,43,2627,1315,1312
050,42,069,"Pennsylvania","Lackawanna County",5,44,2490,1256,1234
050,42,069,"Pennsylvania","Lackawanna County",5,45,2400,1201,1199
050,42,069,"Pennsylvania","Lackawanna County",5,46,2424,1211,1213
050,42,069,"Pennsylvania","Lackawanna County",5,47,2385,1183,1202
050,42,069,"Pennsylvania","Lackawanna County",5,48,2388,1168,1220
050,42,069,"Pennsylvania","Lackawanna County",5,49,2389,1208,1181
050,42,069,"Pennsylvania","Lackawanna County",5,50,2468,1250,1218
050,42,069,"Pennsylvania","Lackawanna County",5,51,2655,1334,1321
050,42,069,"Pennsylvania","Lackawanna County",5,52,2829,1407,1422
050,42,069,"Pennsylvania","Lackawanna County",5,53,2803,1396,1407
050,42,069,"Pennsylvania","Lackawanna County",5,54,2755,1399,1356
050,42,069,"Pennsylvania","Lackawanna County",5,55,2703,1340,1363
050,42,069,"Pennsylvania","Lackawanna County",5,56,2813,1382,1431
050,42,069,"Pennsylvania","Lackawanna County",5,57,2739,1338,1401
050,42,069,"Pennsylvania","Lackawanna County",5,58,2879,1394,1485
050,42,069,"Pennsylvania","Lackawanna County",5,59,2929,1437,1492
050,42,069,"Pennsylvania","Lackawanna County",5,60,2976,1442,1534
050,42,069,"Pennsylvania","Lackawanna County",5,61,2994,1446,1548
050,42,069,"Pennsylvania","Lackawanna County",5,62,3012,1492,1520
050,42,069,"Pennsylvania","Lackawanna County",5,63,3037,1506,1531
050,42,069,"Pennsylvania","Lackawanna County",5,64,3024,1479,1545
050,42,069,"Pennsylvania","Lackawanna County",5,65,3000,1455,1545
050,42,069,"Pennsylvania","Lackawanna County",5,66,2854,1369,1485
050,42,069,"Pennsylvania","Lackawanna County",5,67,2741,1310,1431
050,42,069,"Pennsylvania","Lackawanna County",5,68,2690,1263,1427
050,42,069,"Pennsylvania","Lackawanna County",5,69,2557,1187,1370
050,42,069,"Pennsylvania","Lackawanna County",5,70,2530,1211,1319
050,42,069,"Pennsylvania","Lackawanna County",5,71,2465,1168,1297
050,42,069,"Pennsylvania","Lackawanna County",5,72,2360,1099,1261
050,42,069,"Pennsylvania","Lackawanna County",5,73,2246,1066,1180
050,42,069,"Pennsylvania","Lackawanna County",5,74,2155,1001,1154
050,42,069,"Pennsylvania","Lackawanna County",5,75,2072,950,1122
050,42,069,"Pennsylvania","Lackawanna County",5,76,2237,1007,1230
050,42,069,"Pennsylvania","Lackawanna County",5,77,1562,686,876
050,42,069,"Pennsylvania","Lackawanna County",5,78,1457,663,794
050,42,069,"Pennsylvania","Lackawanna County",5,79,1420,604,816
050,42,069,"Pennsylvania","Lackawanna County",5,80,1438,607,831
050,42,069,"Pennsylvania","Lackawanna County",5,81,1230,489,741
050,42,069,"Pennsylvania","Lackawanna County",5,82,1083,441,642
050,42,069,"Pennsylvania","Lackawanna County",5,83,968,402,566
050,42,069,"Pennsylvania","Lackawanna County",5,84,872,343,529
050,42,069,"Pennsylvania","Lackawanna County",5,85,5332,1606,3726
050,42,071,"Pennsylvania","Lancaster County",1,0,6853,3522,3331
050,42,071,"Pennsylvania","Lancaster County",1,1,6844,3503,3341
050,42,071,"Pennsylvania","Lancaster County",1,2,7122,3678,3444
050,42,071,"Pennsylvania","Lancaster County",1,3,7129,3683,3446
050,42,071,"Pennsylvania","Lancaster County",1,4,7241,3705,3536
050,42,071,"Pennsylvania","Lancaster County",1,5,7187,3672,3515
050,42,071,"Pennsylvania","Lancaster County",1,6,7115,3671,3444
050,42,071,"Pennsylvania","Lancaster County",1,7,7035,3629,3406
050,42,071,"Pennsylvania","Lancaster County",1,8,7060,3634,3426
050,42,071,"Pennsylvania","Lancaster County",1,9,7107,3667,3440
050,42,071,"Pennsylvania","Lancaster County",1,10,7263,3760,3503
050,42,071,"Pennsylvania","Lancaster County",1,11,7485,3816,3669
050,42,071,"Pennsylvania","Lancaster County",1,12,7637,3884,3753
050,42,071,"Pennsylvania","Lancaster County",1,13,7560,3866,3694
050,42,071,"Pennsylvania","Lancaster County",1,14,7387,3811,3576
050,42,071,"Pennsylvania","Lancaster County",1,15,7351,3805,3546
050,42,071,"Pennsylvania","Lancaster County",1,16,7395,3759,3636
050,42,071,"Pennsylvania","Lancaster County",1,17,7305,3731,3574
050,42,071,"Pennsylvania","Lancaster County",1,18,7256,3684,3572
050,42,071,"Pennsylvania","Lancaster County",1,19,7248,3654,3594
050,42,071,"Pennsylvania","Lancaster County",1,20,6834,3446,3388
050,42,071,"Pennsylvania","Lancaster County",1,21,6497,3306,3191
050,42,071,"Pennsylvania","Lancaster County",1,22,6459,3231,3228
050,42,071,"Pennsylvania","Lancaster County",1,23,6551,3268,3283
050,42,071,"Pennsylvania","Lancaster County",1,24,6681,3298,3383
050,42,071,"Pennsylvania","Lancaster County",1,25,6933,3489,3444
050,42,071,"Pennsylvania","Lancaster County",1,26,7173,3589,3584
050,42,071,"Pennsylvania","Lancaster County",1,27,7113,3528,3585
050,42,071,"Pennsylvania","Lancaster County",1,28,7097,3505,3592
050,42,071,"Pennsylvania","Lancaster County",1,29,7275,3729,3546
050,42,071,"Pennsylvania","Lancaster County",1,30,7512,3771,3741
050,42,071,"Pennsylvania","Lancaster County",1,31,7554,3726,3828
050,42,071,"Pennsylvania","Lancaster County",1,32,7293,3584,3709
050,42,071,"Pennsylvania","Lancaster County",1,33,7084,3555,3529
050,42,071,"Pennsylvania","Lancaster County",1,34,6925,3445,3480
050,42,071,"Pennsylvania","Lancaster County",1,35,6862,3460,3402
050,42,071,"Pennsylvania","Lancaster County",1,36,6697,3377,3320
050,42,071,"Pennsylvania","Lancaster County",1,37,6790,3435,3355
050,42,071,"Pennsylvania","Lancaster County",1,38,6714,3380,3334
050,42,071,"Pennsylvania","Lancaster County",1,39,6559,3293,3266
050,42,071,"Pennsylvania","Lancaster County",1,40,6376,3131,3245
050,42,071,"Pennsylvania","Lancaster County",1,41,6139,3019,3120
050,42,071,"Pennsylvania","Lancaster County",1,42,6211,3054,3157
050,42,071,"Pennsylvania","Lancaster County",1,43,6053,3021,3032
050,42,071,"Pennsylvania","Lancaster County",1,44,5887,2939,2948
050,42,071,"Pennsylvania","Lancaster County",1,45,5894,2974,2920
050,42,071,"Pennsylvania","Lancaster County",1,46,5756,2861,2895
050,42,071,"Pennsylvania","Lancaster County",1,47,5955,2953,3002
050,42,071,"Pennsylvania","Lancaster County",1,48,6407,3189,3218
050,42,071,"Pennsylvania","Lancaster County",1,49,6758,3403,3355
050,42,071,"Pennsylvania","Lancaster County",1,50,6464,3246,3218
050,42,071,"Pennsylvania","Lancaster County",1,51,6396,3199,3197
050,42,071,"Pennsylvania","Lancaster County",1,52,6341,3178,3163
050,42,071,"Pennsylvania","Lancaster County",1,53,6530,3249,3281
050,42,071,"Pennsylvania","Lancaster County",1,54,6721,3322,3399
050,42,071,"Pennsylvania","Lancaster County",1,55,7193,3545,3648
050,42,071,"Pennsylvania","Lancaster County",1,56,7479,3717,3762
050,42,071,"Pennsylvania","Lancaster County",1,57,7302,3599,3703
050,42,071,"Pennsylvania","Lancaster County",1,58,7447,3596,3851
050,42,071,"Pennsylvania","Lancaster County",1,59,7457,3662,3795
050,42,071,"Pennsylvania","Lancaster County",1,60,7238,3517,3721
050,42,071,"Pennsylvania","Lancaster County",1,61,7292,3549,3743
050,42,071,"Pennsylvania","Lancaster County",1,62,7256,3579,3677
050,42,071,"Pennsylvania","Lancaster County",1,63,7146,3517,3629
050,42,071,"Pennsylvania","Lancaster County",1,64,6971,3380,3591
050,42,071,"Pennsylvania","Lancaster County",1,65,6720,3240,3480
050,42,071,"Pennsylvania","Lancaster County",1,66,6428,3115,3313
050,42,071,"Pennsylvania","Lancaster County",1,67,6283,3019,3264
050,42,071,"Pennsylvania","Lancaster County",1,68,6116,2950,3166
050,42,071,"Pennsylvania","Lancaster County",1,69,5659,2667,2992
050,42,071,"Pennsylvania","Lancaster County",1,70,5389,2506,2883
050,42,071,"Pennsylvania","Lancaster County",1,71,5341,2500,2841
050,42,071,"Pennsylvania","Lancaster County",1,72,5437,2560,2877
050,42,071,"Pennsylvania","Lancaster County",1,73,5584,2648,2936
050,42,071,"Pennsylvania","Lancaster County",1,74,3896,1809,2087
050,42,071,"Pennsylvania","Lancaster County",1,75,3905,1818,2087
050,42,071,"Pennsylvania","Lancaster County",1,76,4009,1871,2138
050,42,071,"Pennsylvania","Lancaster County",1,77,3879,1756,2123
050,42,071,"Pennsylvania","Lancaster County",1,78,3426,1543,1883
050,42,071,"Pennsylvania","Lancaster County",1,79,3113,1381,1732
050,42,071,"Pennsylvania","Lancaster County",1,80,2761,1217,1544
050,42,071,"Pennsylvania","Lancaster County",1,81,2768,1218,1550
050,42,071,"Pennsylvania","Lancaster County",1,82,2602,1114,1488
050,42,071,"Pennsylvania","Lancaster County",1,83,2325,967,1358
050,42,071,"Pennsylvania","Lancaster County",1,84,2197,891,1306
050,42,071,"Pennsylvania","Lancaster County",1,85,15299,5417,9882
050,42,071,"Pennsylvania","Lancaster County",2,0,6758,3460,3298
050,42,071,"Pennsylvania","Lancaster County",2,1,6824,3491,3333
050,42,071,"Pennsylvania","Lancaster County",2,2,7048,3628,3420
050,42,071,"Pennsylvania","Lancaster County",2,3,7093,3664,3429
050,42,071,"Pennsylvania","Lancaster County",2,4,7222,3703,3519
050,42,071,"Pennsylvania","Lancaster County",2,5,7201,3675,3526
050,42,071,"Pennsylvania","Lancaster County",2,6,7136,3677,3459
050,42,071,"Pennsylvania","Lancaster County",2,7,7037,3632,3405
050,42,071,"Pennsylvania","Lancaster County",2,8,7022,3614,3408
050,42,071,"Pennsylvania","Lancaster County",2,9,7075,3648,3427
050,42,071,"Pennsylvania","Lancaster County",2,10,7210,3730,3480
050,42,071,"Pennsylvania","Lancaster County",2,11,7396,3788,3608
050,42,071,"Pennsylvania","Lancaster County",2,12,7627,3881,3746
050,42,071,"Pennsylvania","Lancaster County",2,13,7573,3870,3703
050,42,071,"Pennsylvania","Lancaster County",2,14,7420,3820,3600
050,42,071,"Pennsylvania","Lancaster County",2,15,7363,3807,3556
050,42,071,"Pennsylvania","Lancaster County",2,16,7393,3778,3615
050,42,071,"Pennsylvania","Lancaster County",2,17,7336,3743,3593
050,42,071,"Pennsylvania","Lancaster County",2,18,7211,3656,3555
050,42,071,"Pennsylvania","Lancaster County",2,19,7249,3654,3595
050,42,071,"Pennsylvania","Lancaster County",2,20,6942,3499,3443
050,42,071,"Pennsylvania","Lancaster County",2,21,6520,3313,3207
050,42,071,"Pennsylvania","Lancaster County",2,22,6453,3230,3223
050,42,071,"Pennsylvania","Lancaster County",2,23,6549,3275,3274
050,42,071,"Pennsylvania","Lancaster County",2,24,6669,3304,3365
050,42,071,"Pennsylvania","Lancaster County",2,25,6887,3458,3429
050,42,071,"Pennsylvania","Lancaster County",2,26,7131,3570,3561
050,42,071,"Pennsylvania","Lancaster County",2,27,7119,3538,3581
050,42,071,"Pennsylvania","Lancaster County",2,28,7112,3526,3586
050,42,071,"Pennsylvania","Lancaster County",2,29,7225,3667,3558
050,42,071,"Pennsylvania","Lancaster County",2,30,7490,3782,3708
050,42,071,"Pennsylvania","Lancaster County",2,31,7517,3721,3796
050,42,071,"Pennsylvania","Lancaster County",2,32,7336,3608,3728
050,42,071,"Pennsylvania","Lancaster County",2,33,7117,3553,3564
050,42,071,"Pennsylvania","Lancaster County",2,34,6962,3472,3490
050,42,071,"Pennsylvania","Lancaster County",2,35,6908,3472,3436
050,42,071,"Pennsylvania","Lancaster County",2,36,6690,3374,3316
050,42,071,"Pennsylvania","Lancaster County",2,37,6780,3428,3352
050,42,071,"Pennsylvania","Lancaster County",2,38,6756,3402,3354
050,42,071,"Pennsylvania","Lancaster County",2,39,6580,3304,3276
050,42,071,"Pennsylvania","Lancaster County",2,40,6452,3183,3269
050,42,071,"Pennsylvania","Lancaster County",2,41,6191,3047,3144
050,42,071,"Pennsylvania","Lancaster County",2,42,6162,3028,3134
050,42,071,"Pennsylvania","Lancaster County",2,43,6122,3042,3080
050,42,071,"Pennsylvania","Lancaster County",2,44,5872,2931,2941
050,42,071,"Pennsylvania","Lancaster County",2,45,5909,2973,2936
050,42,071,"Pennsylvania","Lancaster County",2,46,5758,2872,2886
050,42,071,"Pennsylvania","Lancaster County",2,47,5896,2922,2974
050,42,071,"Pennsylvania","Lancaster County",2,48,6274,3119,3155
050,42,071,"Pennsylvania","Lancaster County",2,49,6690,3356,3334
050,42,071,"Pennsylvania","Lancaster County",2,50,6543,3282,3261
050,42,071,"Pennsylvania","Lancaster County",2,51,6386,3199,3187
050,42,071,"Pennsylvania","Lancaster County",2,52,6325,3173,3152
050,42,071,"Pennsylvania","Lancaster County",2,53,6476,3226,3250
050,42,071,"Pennsylvania","Lancaster County",2,54,6654,3295,3359
050,42,071,"Pennsylvania","Lancaster County",2,55,7069,3484,3585
050,42,071,"Pennsylvania","Lancaster County",2,56,7409,3677,3732
050,42,071,"Pennsylvania","Lancaster County",2,57,7359,3629,3730
050,42,071,"Pennsylvania","Lancaster County",2,58,7385,3582,3803
050,42,071,"Pennsylvania","Lancaster County",2,59,7479,3657,3822
050,42,071,"Pennsylvania","Lancaster County",2,60,7257,3526,3731
050,42,071,"Pennsylvania","Lancaster County",2,61,7245,3517,3728
050,42,071,"Pennsylvania","Lancaster County",2,62,7244,3563,3681
050,42,071,"Pennsylvania","Lancaster County",2,63,7217,3551,3666
050,42,071,"Pennsylvania","Lancaster County",2,64,6966,3390,3576
050,42,071,"Pennsylvania","Lancaster County",2,65,6748,3258,3490
050,42,071,"Pennsylvania","Lancaster County",2,66,6498,3148,3350
050,42,071,"Pennsylvania","Lancaster County",2,67,6289,3022,3267
050,42,071,"Pennsylvania","Lancaster County",2,68,6096,2942,3154
050,42,071,"Pennsylvania","Lancaster County",2,69,5792,2744,3048
050,42,071,"Pennsylvania","Lancaster County",2,70,5429,2533,2896
050,42,071,"Pennsylvania","Lancaster County",2,71,5340,2491,2849
050,42,071,"Pennsylvania","Lancaster County",2,72,5306,2492,2814
050,42,071,"Pennsylvania","Lancaster County",2,73,5793,2745,3048
050,42,071,"Pennsylvania","Lancaster County",2,74,4018,1866,2152
050,42,071,"Pennsylvania","Lancaster County",2,75,3888,1803,2085
050,42,071,"Pennsylvania","Lancaster County",2,76,3931,1831,2100
050,42,071,"Pennsylvania","Lancaster County",2,77,3971,1810,2161
050,42,071,"Pennsylvania","Lancaster County",2,78,3441,1555,1886
050,42,071,"Pennsylvania","Lancaster County",2,79,3138,1394,1744
050,42,071,"Pennsylvania","Lancaster County",2,80,2816,1239,1577
050,42,071,"Pennsylvania","Lancaster County",2,81,2724,1189,1535
050,42,071,"Pennsylvania","Lancaster County",2,82,2622,1121,1501
050,42,071,"Pennsylvania","Lancaster County",2,83,2342,976,1366
050,42,071,"Pennsylvania","Lancaster County",2,84,2178,886,1292
050,42,071,"Pennsylvania","Lancaster County",2,85,15184,5357,9827
050,42,071,"Pennsylvania","Lancaster County",3,0,6934,3572,3362
050,42,071,"Pennsylvania","Lancaster County",3,1,6733,3491,3242
050,42,071,"Pennsylvania","Lancaster County",3,2,6823,3489,3334
050,42,071,"Pennsylvania","Lancaster County",3,3,7025,3590,3435
050,42,071,"Pennsylvania","Lancaster County",3,4,7121,3700,3421
050,42,071,"Pennsylvania","Lancaster County",3,5,7179,3671,3508
050,42,071,"Pennsylvania","Lancaster County",3,6,7242,3678,3564
050,42,071,"Pennsylvania","Lancaster County",3,7,7090,3660,3430
050,42,071,"Pennsylvania","Lancaster County",3,8,7041,3637,3404
050,42,071,"Pennsylvania","Lancaster County",3,9,7010,3600,3410
050,42,071,"Pennsylvania","Lancaster County",3,10,7113,3691,3422
050,42,071,"Pennsylvania","Lancaster County",3,11,7215,3728,3487
050,42,071,"Pennsylvania","Lancaster County",3,12,7405,3785,3620
050,42,071,"Pennsylvania","Lancaster County",3,13,7610,3878,3732
050,42,071,"Pennsylvania","Lancaster County",3,14,7560,3863,3697
050,42,071,"Pennsylvania","Lancaster County",3,15,7410,3801,3609
050,42,071,"Pennsylvania","Lancaster County",3,16,7348,3808,3540
050,42,071,"Pennsylvania","Lancaster County",3,17,7373,3767,3606
050,42,071,"Pennsylvania","Lancaster County",3,18,7456,3747,3709
050,42,071,"Pennsylvania","Lancaster County",3,19,7654,3866,3788
050,42,071,"Pennsylvania","Lancaster County",3,20,7354,3703,3651
050,42,071,"Pennsylvania","Lancaster County",3,21,6876,3461,3415
050,42,071,"Pennsylvania","Lancaster County",3,22,6620,3266,3354
050,42,071,"Pennsylvania","Lancaster County",3,23,6557,3320,3237
050,42,071,"Pennsylvania","Lancaster County",3,24,6720,3352,3368
050,42,071,"Pennsylvania","Lancaster County",3,25,6830,3411,3419
050,42,071,"Pennsylvania","Lancaster County",3,26,6938,3462,3476
050,42,071,"Pennsylvania","Lancaster County",3,27,7213,3634,3579
050,42,071,"Pennsylvania","Lancaster County",3,28,7169,3584,3585
050,42,071,"Pennsylvania","Lancaster County",3,29,7128,3537,3591
050,42,071,"Pennsylvania","Lancaster County",3,30,7218,3646,3572
050,42,071,"Pennsylvania","Lancaster County",3,31,7565,3834,3731
050,42,071,"Pennsylvania","Lancaster County",3,32,7571,3743,3828
050,42,071,"Pennsylvania","Lancaster County",3,33,7317,3568,3749
050,42,071,"Pennsylvania","Lancaster County",3,34,7159,3547,3612
050,42,071,"Pennsylvania","Lancaster County",3,35,6972,3483,3489
050,42,071,"Pennsylvania","Lancaster County",3,36,6916,3470,3446
050,42,071,"Pennsylvania","Lancaster County",3,37,6687,3371,3316
050,42,071,"Pennsylvania","Lancaster County",3,38,6822,3469,3353
050,42,071,"Pennsylvania","Lancaster County",3,39,6778,3413,3365
050,42,071,"Pennsylvania","Lancaster County",3,40,6601,3293,3308
050,42,071,"Pennsylvania","Lancaster County",3,41,6413,3184,3229
050,42,071,"Pennsylvania","Lancaster County",3,42,6175,3027,3148
050,42,071,"Pennsylvania","Lancaster County",3,43,6174,3067,3107
050,42,071,"Pennsylvania","Lancaster County",3,44,6111,3055,3056
050,42,071,"Pennsylvania","Lancaster County",3,45,5858,2928,2930
050,42,071,"Pennsylvania","Lancaster County",3,46,5884,2959,2925
050,42,071,"Pennsylvania","Lancaster County",3,47,5789,2877,2912
050,42,071,"Pennsylvania","Lancaster County",3,48,5858,2919,2939
050,42,071,"Pennsylvania","Lancaster County",3,49,6229,3101,3128
050,42,071,"Pennsylvania","Lancaster County",3,50,6674,3339,3335
050,42,071,"Pennsylvania","Lancaster County",3,51,6535,3289,3246
050,42,071,"Pennsylvania","Lancaster County",3,52,6340,3181,3159
050,42,071,"Pennsylvania","Lancaster County",3,53,6251,3119,3132
050,42,071,"Pennsylvania","Lancaster County",3,54,6419,3192,3227
050,42,071,"Pennsylvania","Lancaster County",3,55,6616,3278,3338
050,42,071,"Pennsylvania","Lancaster County",3,56,7017,3460,3557
050,42,071,"Pennsylvania","Lancaster County",3,57,7358,3641,3717
050,42,071,"Pennsylvania","Lancaster County",3,58,7310,3603,3707
050,42,071,"Pennsylvania","Lancaster County",3,59,7366,3569,3797
050,42,071,"Pennsylvania","Lancaster County",3,60,7411,3588,3823
050,42,071,"Pennsylvania","Lancaster County",3,61,7202,3495,3707
050,42,071,"Pennsylvania","Lancaster County",3,62,7218,3501,3717
050,42,071,"Pennsylvania","Lancaster County",3,63,7151,3504,3647
050,42,071,"Pennsylvania","Lancaster County",3,64,7146,3503,3643
050,42,071,"Pennsylvania","Lancaster County",3,65,6864,3313,3551
050,42,071,"Pennsylvania","Lancaster County",3,66,6710,3240,3470
050,42,071,"Pennsylvania","Lancaster County",3,67,6429,3090,3339
050,42,071,"Pennsylvania","Lancaster County",3,68,6212,2988,3224
050,42,071,"Pennsylvania","Lancaster County",3,69,6001,2873,3128
050,42,071,"Pennsylvania","Lancaster County",3,70,5697,2699,2998
050,42,071,"Pennsylvania","Lancaster County",3,71,5385,2495,2890
050,42,071,"Pennsylvania","Lancaster County",3,72,5222,2423,2799
050,42,071,"Pennsylvania","Lancaster County",3,73,5235,2441,2794
050,42,071,"Pennsylvania","Lancaster County",3,74,5655,2651,3004
050,42,071,"Pennsylvania","Lancaster County",3,75,3922,1809,2113
050,42,071,"Pennsylvania","Lancaster County",3,76,3826,1781,2045
050,42,071,"Pennsylvania","Lancaster County",3,77,3816,1739,2077
050,42,071,"Pennsylvania","Lancaster County",3,78,3882,1755,2127
050,42,071,"Pennsylvania","Lancaster County",3,79,3306,1463,1843
050,42,071,"Pennsylvania","Lancaster County",3,80,3042,1335,1707
050,42,071,"Pennsylvania","Lancaster County",3,81,2746,1184,1562
050,42,071,"Pennsylvania","Lancaster County",3,82,2608,1131,1477
050,42,071,"Pennsylvania","Lancaster County",3,83,2499,1043,1456
050,42,071,"Pennsylvania","Lancaster County",3,84,2203,907,1296
050,42,071,"Pennsylvania","Lancaster County",3,85,15174,5338,9836
050,42,071,"Pennsylvania","Lancaster County",4,0,6941,3576,3365
050,42,071,"Pennsylvania","Lancaster County",4,1,6901,3576,3325
050,42,071,"Pennsylvania","Lancaster County",4,2,6705,3481,3224
050,42,071,"Pennsylvania","Lancaster County",4,3,6821,3459,3362
050,42,071,"Pennsylvania","Lancaster County",4,4,7042,3608,3434
050,42,071,"Pennsylvania","Lancaster County",4,5,7081,3667,3414
050,42,071,"Pennsylvania","Lancaster County",4,6,7151,3658,3493
050,42,071,"Pennsylvania","Lancaster County",4,7,7189,3630,3559
050,42,071,"Pennsylvania","Lancaster County",4,8,7097,3656,3441
050,42,071,"Pennsylvania","Lancaster County",4,9,7056,3647,3409
050,42,071,"Pennsylvania","Lancaster County",4,10,7003,3602,3401
050,42,071,"Pennsylvania","Lancaster County",4,11,7067,3691,3376
050,42,071,"Pennsylvania","Lancaster County",4,12,7230,3712,3518
050,42,071,"Pennsylvania","Lancaster County",4,13,7402,3783,3619
050,42,071,"Pennsylvania","Lancaster County",4,14,7581,3878,3703
050,42,071,"Pennsylvania","Lancaster County",4,15,7533,3850,3683
050,42,071,"Pennsylvania","Lancaster County",4,16,7397,3798,3599
050,42,071,"Pennsylvania","Lancaster County",4,17,7355,3805,3550
050,42,071,"Pennsylvania","Lancaster County",4,18,7414,3734,3680
050,42,071,"Pennsylvania","Lancaster County",4,19,7457,3764,3693
050,42,071,"Pennsylvania","Lancaster County",4,20,7139,3595,3544
050,42,071,"Pennsylvania","Lancaster County",4,21,6917,3501,3416
050,42,071,"Pennsylvania","Lancaster County",4,22,6726,3320,3406
050,42,071,"Pennsylvania","Lancaster County",4,23,6569,3278,3291
050,42,071,"Pennsylvania","Lancaster County",4,24,6571,3312,3259
050,42,071,"Pennsylvania","Lancaster County",4,25,6683,3365,3318
050,42,071,"Pennsylvania","Lancaster County",4,26,6783,3361,3422
050,42,071,"Pennsylvania","Lancaster County",4,27,7002,3488,3514
050,42,071,"Pennsylvania","Lancaster County",4,28,7178,3614,3564
050,42,071,"Pennsylvania","Lancaster County",4,29,7109,3543,3566
050,42,071,"Pennsylvania","Lancaster County",4,30,7154,3546,3608
050,42,071,"Pennsylvania","Lancaster County",4,31,7251,3668,3583
050,42,071,"Pennsylvania","Lancaster County",4,32,7581,3837,3744
050,42,071,"Pennsylvania","Lancaster County",4,33,7536,3707,3829
050,42,071,"Pennsylvania","Lancaster County",4,34,7353,3583,3770
050,42,071,"Pennsylvania","Lancaster County",4,35,7210,3598,3612
050,42,071,"Pennsylvania","Lancaster County",4,36,6970,3457,3513
050,42,071,"Pennsylvania","Lancaster County",4,37,6874,3456,3418
050,42,071,"Pennsylvania","Lancaster County",4,38,6737,3399,3338
050,42,071,"Pennsylvania","Lancaster County",4,39,6813,3458,3355
050,42,071,"Pennsylvania","Lancaster County",4,40,6718,3368,3350
050,42,071,"Pennsylvania","Lancaster County",4,41,6566,3290,3276
050,42,071,"Pennsylvania","Lancaster County",4,42,6410,3189,3221
050,42,071,"Pennsylvania","Lancaster County",4,43,6154,3023,3131
050,42,071,"Pennsylvania","Lancaster County",4,44,6155,3039,3116
050,42,071,"Pennsylvania","Lancaster County",4,45,6053,3038,3015
050,42,071,"Pennsylvania","Lancaster County",4,46,5802,2905,2897
050,42,071,"Pennsylvania","Lancaster County",4,47,5907,2954,2953
050,42,071,"Pennsylvania","Lancaster County",4,48,5738,2865,2873
050,42,071,"Pennsylvania","Lancaster County",4,49,5804,2882,2922
050,42,071,"Pennsylvania","Lancaster County",4,50,6220,3074,3146
050,42,071,"Pennsylvania","Lancaster County",4,51,6653,3315,3338
050,42,071,"Pennsylvania","Lancaster County",4,52,6491,3273,3218
050,42,071,"Pennsylvania","Lancaster County",4,53,6288,3143,3145
050,42,071,"Pennsylvania","Lancaster County",4,54,6211,3088,3123
050,42,071,"Pennsylvania","Lancaster County",4,55,6405,3184,3221
050,42,071,"Pennsylvania","Lancaster County",4,56,6564,3263,3301
050,42,071,"Pennsylvania","Lancaster County",4,57,6936,3405,3531
050,42,071,"Pennsylvania","Lancaster County",4,58,7286,3594,3692
050,42,071,"Pennsylvania","Lancaster County",4,59,7264,3603,3661
050,42,071,"Pennsylvania","Lancaster County",4,60,7278,3500,3778
050,42,071,"Pennsylvania","Lancaster County",4,61,7359,3553,3806
050,42,071,"Pennsylvania","Lancaster County",4,62,7118,3444,3674
050,42,071,"Pennsylvania","Lancaster County",4,63,7149,3451,3698
050,42,071,"Pennsylvania","Lancaster County",4,64,7109,3464,3645
050,42,071,"Pennsylvania","Lancaster County",4,65,7074,3451,3623
050,42,071,"Pennsylvania","Lancaster County",4,66,6812,3285,3527
050,42,071,"Pennsylvania","Lancaster County",4,67,6635,3183,3452
050,42,071,"Pennsylvania","Lancaster County",4,68,6333,3043,3290
050,42,071,"Pennsylvania","Lancaster County",4,69,6122,2927,3195
050,42,071,"Pennsylvania","Lancaster County",4,70,5897,2799,3098
050,42,071,"Pennsylvania","Lancaster County",4,71,5608,2625,2983
050,42,071,"Pennsylvania","Lancaster County",4,72,5298,2439,2859
050,42,071,"Pennsylvania","Lancaster County",4,73,5093,2344,2749
050,42,071,"Pennsylvania","Lancaster County",4,74,5124,2374,2750
050,42,071,"Pennsylvania","Lancaster County",4,75,5509,2572,2937
050,42,071,"Pennsylvania","Lancaster County",4,76,3864,1776,2088
050,42,071,"Pennsylvania","Lancaster County",4,77,3713,1683,2030
050,42,071,"Pennsylvania","Lancaster County",4,78,3738,1692,2046
050,42,071,"Pennsylvania","Lancaster County",4,79,3740,1658,2082
050,42,071,"Pennsylvania","Lancaster County",4,80,3215,1410,1805
050,42,071,"Pennsylvania","Lancaster County",4,81,2949,1265,1684
050,42,071,"Pennsylvania","Lancaster County",4,82,2624,1123,1501
050,42,071,"Pennsylvania","Lancaster County",4,83,2483,1045,1438
050,42,071,"Pennsylvania","Lancaster County",4,84,2363,964,1399
050,42,071,"Pennsylvania","Lancaster County",4,85,15249,5367,9882
050,42,071,"Pennsylvania","Lancaster County",5,0,6844,3527,3317
050,42,071,"Pennsylvania","Lancaster County",5,1,6984,3629,3355
050,42,071,"Pennsylvania","Lancaster County",5,2,6911,3574,3337
050,42,071,"Pennsylvania","Lancaster County",5,3,6671,3445,3226
050,42,071,"Pennsylvania","Lancaster County",5,4,6797,3449,3348
050,42,071,"Pennsylvania","Lancaster County",5,5,7006,3592,3414
050,42,071,"Pennsylvania","Lancaster County",5,6,7090,3660,3430
050,42,071,"Pennsylvania","Lancaster County",5,7,7162,3667,3495
050,42,071,"Pennsylvania","Lancaster County",5,8,7186,3654,3532
050,42,071,"Pennsylvania","Lancaster County",5,9,7085,3675,3410
050,42,071,"Pennsylvania","Lancaster County",5,10,7039,3645,3394
050,42,071,"Pennsylvania","Lancaster County",5,11,7019,3613,3406
050,42,071,"Pennsylvania","Lancaster County",5,12,7059,3681,3378
050,42,071,"Pennsylvania","Lancaster County",5,13,7174,3686,3488
050,42,071,"Pennsylvania","Lancaster County",5,14,7390,3791,3599
050,42,071,"Pennsylvania","Lancaster County",5,15,7578,3875,3703
050,42,071,"Pennsylvania","Lancaster County",5,16,7532,3853,3679
050,42,071,"Pennsylvania","Lancaster County",5,17,7413,3813,3600
050,42,071,"Pennsylvania","Lancaster County",5,18,7435,3787,3648
050,42,071,"Pennsylvania","Lancaster County",5,19,7491,3784,3707
050,42,071,"Pennsylvania","Lancaster County",5,20,7087,3573,3514
050,42,071,"Pennsylvania","Lancaster County",5,21,6777,3423,3354
050,42,071,"Pennsylvania","Lancaster County",5,22,6835,3377,3458
050,42,071,"Pennsylvania","Lancaster County",5,23,6734,3349,3385
050,42,071,"Pennsylvania","Lancaster County",5,24,6646,3294,3352
050,42,071,"Pennsylvania","Lancaster County",5,25,6640,3381,3259
050,42,071,"Pennsylvania","Lancaster County",5,26,6623,3310,3313
050,42,071,"Pennsylvania","Lancaster County",5,27,6835,3397,3438
050,42,071,"Pennsylvania","Lancaster County",5,28,7052,3546,3506
050,42,071,"Pennsylvania","Lancaster County",5,29,7115,3581,3534
050,42,071,"Pennsylvania","Lancaster County",5,30,7138,3569,3569
050,42,071,"Pennsylvania","Lancaster County",5,31,7233,3600,3633
050,42,071,"Pennsylvania","Lancaster County",5,32,7308,3695,3613
050,42,071,"Pennsylvania","Lancaster County",5,33,7606,3840,3766
050,42,071,"Pennsylvania","Lancaster County",5,34,7530,3699,3831
050,42,071,"Pennsylvania","Lancaster County",5,35,7399,3604,3795
050,42,071,"Pennsylvania","Lancaster County",5,36,7219,3599,3620
050,42,071,"Pennsylvania","Lancaster County",5,37,6986,3463,3523
050,42,071,"Pennsylvania","Lancaster County",5,38,6888,3463,3425
050,42,071,"Pennsylvania","Lancaster County",5,39,6727,3394,3333
050,42,071,"Pennsylvania","Lancaster County",5,40,6825,3451,3374
050,42,071,"Pennsylvania","Lancaster County",5,41,6667,3337,3330
050,42,071,"Pennsylvania","Lancaster County",5,42,6544,3282,3262
050,42,071,"Pennsylvania","Lancaster County",5,43,6386,3190,3196
050,42,071,"Pennsylvania","Lancaster County",5,44,6168,3009,3159
050,42,071,"Pennsylvania","Lancaster County",5,45,6108,3016,3092
050,42,071,"Pennsylvania","Lancaster County",5,46,6037,3023,3014
050,42,071,"Pennsylvania","Lancaster County",5,47,5802,2906,2896
050,42,071,"Pennsylvania","Lancaster County",5,48,5856,2940,2916
050,42,071,"Pennsylvania","Lancaster County",5,49,5712,2850,2862
050,42,071,"Pennsylvania","Lancaster County",5,50,5812,2876,2936
050,42,071,"Pennsylvania","Lancaster County",5,51,6211,3071,3140
050,42,071,"Pennsylvania","Lancaster County",5,52,6616,3301,3315
050,42,071,"Pennsylvania","Lancaster County",5,53,6463,3254,3209
050,42,071,"Pennsylvania","Lancaster County",5,54,6262,3118,3144
050,42,071,"Pennsylvania","Lancaster County",5,55,6177,3065,3112
050,42,071,"Pennsylvania","Lancaster County",5,56,6364,3177,3187
050,42,071,"Pennsylvania","Lancaster County",5,57,6508,3233,3275
050,42,071,"Pennsylvania","Lancaster County",5,58,6890,3390,3500
050,42,071,"Pennsylvania","Lancaster County",5,59,7251,3589,3662
050,42,071,"Pennsylvania","Lancaster County",5,60,7221,3563,3658
050,42,071,"Pennsylvania","Lancaster County",5,61,7265,3483,3782
050,42,071,"Pennsylvania","Lancaster County",5,62,7284,3505,3779
050,42,071,"Pennsylvania","Lancaster County",5,63,7074,3420,3654
050,42,071,"Pennsylvania","Lancaster County",5,64,7093,3421,3672
050,42,071,"Pennsylvania","Lancaster County",5,65,7053,3416,3637
050,42,071,"Pennsylvania","Lancaster County",5,66,7000,3405,3595
050,42,071,"Pennsylvania","Lancaster County",5,67,6734,3203,3531
050,42,071,"Pennsylvania","Lancaster County",5,68,6553,3149,3404
050,42,071,"Pennsylvania","Lancaster County",5,69,6281,3005,3276
050,42,071,"Pennsylvania","Lancaster County",5,70,6072,2876,3196
050,42,071,"Pennsylvania","Lancaster County",5,71,5820,2746,3074
050,42,071,"Pennsylvania","Lancaster County",5,72,5499,2569,2930
050,42,071,"Pennsylvania","Lancaster County",5,73,5214,2394,2820
050,42,071,"Pennsylvania","Lancaster County",5,74,5012,2297,2715
050,42,071,"Pennsylvania","Lancaster County",5,75,5022,2311,2711
050,42,071,"Pennsylvania","Lancaster County",5,76,5404,2510,2894
050,42,071,"Pennsylvania","Lancaster County",5,77,3755,1687,2068
050,42,071,"Pennsylvania","Lancaster County",5,78,3635,1632,2003
050,42,071,"Pennsylvania","Lancaster County",5,79,3622,1619,2003
050,42,071,"Pennsylvania","Lancaster County",5,80,3636,1600,2036
050,42,071,"Pennsylvania","Lancaster County",5,81,3119,1345,1774
050,42,071,"Pennsylvania","Lancaster County",5,82,2816,1200,1616
050,42,071,"Pennsylvania","Lancaster County",5,83,2508,1051,1457
050,42,071,"Pennsylvania","Lancaster County",5,84,2365,981,1384
050,42,071,"Pennsylvania","Lancaster County",5,85,15629,5513,10116
050,42,073,"Pennsylvania","Lawrence County",1,0,836,429,407
050,42,073,"Pennsylvania","Lawrence County",1,1,870,435,435
050,42,073,"Pennsylvania","Lawrence County",1,2,937,453,484
050,42,073,"Pennsylvania","Lawrence County",1,3,915,453,462
050,42,073,"Pennsylvania","Lawrence County",1,4,969,483,486
050,42,073,"Pennsylvania","Lawrence County",1,5,963,510,453
050,42,073,"Pennsylvania","Lawrence County",1,6,905,460,445
050,42,073,"Pennsylvania","Lawrence County",1,7,906,457,449
050,42,073,"Pennsylvania","Lawrence County",1,8,926,460,466
050,42,073,"Pennsylvania","Lawrence County",1,9,925,451,474
050,42,073,"Pennsylvania","Lawrence County",1,10,996,510,486
050,42,073,"Pennsylvania","Lawrence County",1,11,985,512,473
050,42,073,"Pennsylvania","Lawrence County",1,12,1043,519,524
050,42,073,"Pennsylvania","Lawrence County",1,13,1047,508,539
050,42,073,"Pennsylvania","Lawrence County",1,14,1023,508,515
050,42,073,"Pennsylvania","Lawrence County",1,15,1035,517,518
050,42,073,"Pennsylvania","Lawrence County",1,16,1077,550,527
050,42,073,"Pennsylvania","Lawrence County",1,17,1075,564,511
050,42,073,"Pennsylvania","Lawrence County",1,18,977,488,489
050,42,073,"Pennsylvania","Lawrence County",1,19,988,489,499
050,42,073,"Pennsylvania","Lawrence County",1,20,1008,489,519
050,42,073,"Pennsylvania","Lawrence County",1,21,974,488,486
050,42,073,"Pennsylvania","Lawrence County",1,22,948,510,438
050,42,073,"Pennsylvania","Lawrence County",1,23,897,481,416
050,42,073,"Pennsylvania","Lawrence County",1,24,914,478,436
050,42,073,"Pennsylvania","Lawrence County",1,25,943,481,462
050,42,073,"Pennsylvania","Lawrence County",1,26,962,494,468
050,42,073,"Pennsylvania","Lawrence County",1,27,975,491,484
050,42,073,"Pennsylvania","Lawrence County",1,28,989,500,489
050,42,073,"Pennsylvania","Lawrence County",1,29,975,506,469
050,42,073,"Pennsylvania","Lawrence County",1,30,914,487,427
050,42,073,"Pennsylvania","Lawrence County",1,31,945,501,444
050,42,073,"Pennsylvania","Lawrence County",1,32,920,492,428
050,42,073,"Pennsylvania","Lawrence County",1,33,894,465,429
050,42,073,"Pennsylvania","Lawrence County",1,34,926,477,449
050,42,073,"Pennsylvania","Lawrence County",1,35,924,478,446
050,42,073,"Pennsylvania","Lawrence County",1,36,868,423,445
050,42,073,"Pennsylvania","Lawrence County",1,37,910,426,484
050,42,073,"Pennsylvania","Lawrence County",1,38,949,457,492
050,42,073,"Pennsylvania","Lawrence County",1,39,980,477,503
050,42,073,"Pennsylvania","Lawrence County",1,40,1001,497,504
050,42,073,"Pennsylvania","Lawrence County",1,41,958,480,478
050,42,073,"Pennsylvania","Lawrence County",1,42,969,479,490
050,42,073,"Pennsylvania","Lawrence County",1,43,959,478,481
050,42,073,"Pennsylvania","Lawrence County",1,44,875,441,434
050,42,073,"Pennsylvania","Lawrence County",1,45,931,454,477
050,42,073,"Pennsylvania","Lawrence County",1,46,900,455,445
050,42,073,"Pennsylvania","Lawrence County",1,47,978,488,490
050,42,073,"Pennsylvania","Lawrence County",1,48,1080,549,531
050,42,073,"Pennsylvania","Lawrence County",1,49,1182,593,589
050,42,073,"Pennsylvania","Lawrence County",1,50,1170,582,588
050,42,073,"Pennsylvania","Lawrence County",1,51,1150,602,548
050,42,073,"Pennsylvania","Lawrence County",1,52,1071,524,547
050,42,073,"Pennsylvania","Lawrence County",1,53,1130,560,570
050,42,073,"Pennsylvania","Lawrence County",1,54,1144,569,575
050,42,073,"Pennsylvania","Lawrence County",1,55,1188,607,581
050,42,073,"Pennsylvania","Lawrence County",1,56,1223,611,612
050,42,073,"Pennsylvania","Lawrence County",1,57,1212,586,626
050,42,073,"Pennsylvania","Lawrence County",1,58,1274,598,676
050,42,073,"Pennsylvania","Lawrence County",1,59,1351,644,707
050,42,073,"Pennsylvania","Lawrence County",1,60,1356,659,697
050,42,073,"Pennsylvania","Lawrence County",1,61,1400,680,720
050,42,073,"Pennsylvania","Lawrence County",1,62,1419,729,690
050,42,073,"Pennsylvania","Lawrence County",1,63,1410,704,706
050,42,073,"Pennsylvania","Lawrence County",1,64,1346,662,684
050,42,073,"Pennsylvania","Lawrence County",1,65,1296,626,670
050,42,073,"Pennsylvania","Lawrence County",1,66,1301,634,667
050,42,073,"Pennsylvania","Lawrence County",1,67,1239,590,649
050,42,073,"Pennsylvania","Lawrence County",1,68,1179,560,619
050,42,073,"Pennsylvania","Lawrence County",1,69,1098,520,578
050,42,073,"Pennsylvania","Lawrence County",1,70,1050,507,543
050,42,073,"Pennsylvania","Lawrence County",1,71,1040,507,533
050,42,073,"Pennsylvania","Lawrence County",1,72,1012,459,553
050,42,073,"Pennsylvania","Lawrence County",1,73,1021,474,547
050,42,073,"Pennsylvania","Lawrence County",1,74,680,309,371
050,42,073,"Pennsylvania","Lawrence County",1,75,675,296,379
050,42,073,"Pennsylvania","Lawrence County",1,76,670,293,377
050,42,073,"Pennsylvania","Lawrence County",1,77,737,339,398
050,42,073,"Pennsylvania","Lawrence County",1,78,644,290,354
050,42,073,"Pennsylvania","Lawrence County",1,79,557,237,320
050,42,073,"Pennsylvania","Lawrence County",1,80,504,211,293
050,42,073,"Pennsylvania","Lawrence County",1,81,531,211,320
050,42,073,"Pennsylvania","Lawrence County",1,82,495,204,291
050,42,073,"Pennsylvania","Lawrence County",1,83,434,175,259
050,42,073,"Pennsylvania","Lawrence County",1,84,430,162,268
050,42,073,"Pennsylvania","Lawrence County",1,85,2588,852,1736
050,42,073,"Pennsylvania","Lawrence County",2,0,860,436,424
050,42,073,"Pennsylvania","Lawrence County",2,1,862,434,428
050,42,073,"Pennsylvania","Lawrence County",2,2,920,448,472
050,42,073,"Pennsylvania","Lawrence County",2,3,918,453,465
050,42,073,"Pennsylvania","Lawrence County",2,4,960,481,479
050,42,073,"Pennsylvania","Lawrence County",2,5,963,504,459
050,42,073,"Pennsylvania","Lawrence County",2,6,924,475,449
050,42,073,"Pennsylvania","Lawrence County",2,7,905,457,448
050,42,073,"Pennsylvania","Lawrence County",2,8,920,456,464
050,42,073,"Pennsylvania","Lawrence County",2,9,925,454,471
050,42,073,"Pennsylvania","Lawrence County",2,10,980,497,483
050,42,073,"Pennsylvania","Lawrence County",2,11,988,510,478
050,42,073,"Pennsylvania","Lawrence County",2,12,1032,518,514
050,42,073,"Pennsylvania","Lawrence County",2,13,1044,510,534
050,42,073,"Pennsylvania","Lawrence County",2,14,1025,505,520
050,42,073,"Pennsylvania","Lawrence County",2,15,1035,517,518
050,42,073,"Pennsylvania","Lawrence County",2,16,1071,544,527
050,42,073,"Pennsylvania","Lawrence County",2,17,1078,562,516
050,42,073,"Pennsylvania","Lawrence County",2,18,984,498,486
050,42,073,"Pennsylvania","Lawrence County",2,19,981,486,495
050,42,073,"Pennsylvania","Lawrence County",2,20,1017,493,524
050,42,073,"Pennsylvania","Lawrence County",2,21,966,481,485
050,42,073,"Pennsylvania","Lawrence County",2,22,945,503,442
050,42,073,"Pennsylvania","Lawrence County",2,23,907,485,422
050,42,073,"Pennsylvania","Lawrence County",2,24,907,478,429
050,42,073,"Pennsylvania","Lawrence County",2,25,938,483,455
050,42,073,"Pennsylvania","Lawrence County",2,26,961,494,467
050,42,073,"Pennsylvania","Lawrence County",2,27,966,489,477
050,42,073,"Pennsylvania","Lawrence County",2,28,985,499,486
050,42,073,"Pennsylvania","Lawrence County",2,29,973,505,468
050,42,073,"Pennsylvania","Lawrence County",2,30,935,497,438
050,42,073,"Pennsylvania","Lawrence County",2,31,934,496,438
050,42,073,"Pennsylvania","Lawrence County",2,32,921,492,429
050,42,073,"Pennsylvania","Lawrence County",2,33,895,468,427
050,42,073,"Pennsylvania","Lawrence County",2,34,920,474,446
050,42,073,"Pennsylvania","Lawrence County",2,35,930,479,451
050,42,073,"Pennsylvania","Lawrence County",2,36,880,437,443
050,42,073,"Pennsylvania","Lawrence County",2,37,902,425,477
050,42,073,"Pennsylvania","Lawrence County",2,38,947,452,495
050,42,073,"Pennsylvania","Lawrence County",2,39,974,474,500
050,42,073,"Pennsylvania","Lawrence County",2,40,1000,491,509
050,42,073,"Pennsylvania","Lawrence County",2,41,966,481,485
050,42,073,"Pennsylvania","Lawrence County",2,42,959,474,485
050,42,073,"Pennsylvania","Lawrence County",2,43,974,484,490
050,42,073,"Pennsylvania","Lawrence County",2,44,890,449,441
050,42,073,"Pennsylvania","Lawrence County",2,45,917,451,466
050,42,073,"Pennsylvania","Lawrence County",2,46,903,452,451
050,42,073,"Pennsylvania","Lawrence County",2,47,960,481,479
050,42,073,"Pennsylvania","Lawrence County",2,48,1053,534,519
050,42,073,"Pennsylvania","Lawrence County",2,49,1165,589,576
050,42,073,"Pennsylvania","Lawrence County",2,50,1175,586,589
050,42,073,"Pennsylvania","Lawrence County",2,51,1148,593,555
050,42,073,"Pennsylvania","Lawrence County",2,52,1089,540,549
050,42,073,"Pennsylvania","Lawrence County",2,53,1118,553,565
050,42,073,"Pennsylvania","Lawrence County",2,54,1137,564,573
050,42,073,"Pennsylvania","Lawrence County",2,55,1175,593,582
050,42,073,"Pennsylvania","Lawrence County",2,56,1221,613,608
050,42,073,"Pennsylvania","Lawrence County",2,57,1209,587,622
050,42,073,"Pennsylvania","Lawrence County",2,58,1255,594,661
050,42,073,"Pennsylvania","Lawrence County",2,59,1338,636,702
050,42,073,"Pennsylvania","Lawrence County",2,60,1351,654,697
050,42,073,"Pennsylvania","Lawrence County",2,61,1384,672,712
050,42,073,"Pennsylvania","Lawrence County",2,62,1409,714,695
050,42,073,"Pennsylvania","Lawrence County",2,63,1417,712,705
050,42,073,"Pennsylvania","Lawrence County",2,64,1347,664,683
050,42,073,"Pennsylvania","Lawrence County",2,65,1298,632,666
050,42,073,"Pennsylvania","Lawrence County",2,66,1292,626,666
050,42,073,"Pennsylvania","Lawrence County",2,67,1242,594,648
050,42,073,"Pennsylvania","Lawrence County",2,68,1179,557,622
050,42,073,"Pennsylvania","Lawrence County",2,69,1124,532,592
050,42,073,"Pennsylvania","Lawrence County",2,70,1050,503,547
050,42,073,"Pennsylvania","Lawrence County",2,71,1041,507,534
050,42,073,"Pennsylvania","Lawrence County",2,72,993,458,535
050,42,073,"Pennsylvania","Lawrence County",2,73,1059,492,567
050,42,073,"Pennsylvania","Lawrence County",2,74,711,324,387
050,42,073,"Pennsylvania","Lawrence County",2,75,671,295,376
050,42,073,"Pennsylvania","Lawrence County",2,76,660,288,372
050,42,073,"Pennsylvania","Lawrence County",2,77,734,334,400
050,42,073,"Pennsylvania","Lawrence County",2,78,645,292,353
050,42,073,"Pennsylvania","Lawrence County",2,79,565,246,319
050,42,073,"Pennsylvania","Lawrence County",2,80,515,214,301
050,42,073,"Pennsylvania","Lawrence County",2,81,518,204,314
050,42,073,"Pennsylvania","Lawrence County",2,82,496,203,293
050,42,073,"Pennsylvania","Lawrence County",2,83,434,175,259
050,42,073,"Pennsylvania","Lawrence County",2,84,426,165,261
050,42,073,"Pennsylvania","Lawrence County",2,85,2579,853,1726
050,42,073,"Pennsylvania","Lawrence County",3,0,790,422,368
050,42,073,"Pennsylvania","Lawrence County",3,1,857,424,433
050,42,073,"Pennsylvania","Lawrence County",3,2,861,435,426
050,42,073,"Pennsylvania","Lawrence County",3,3,935,448,487
050,42,073,"Pennsylvania","Lawrence County",3,4,913,454,459
050,42,073,"Pennsylvania","Lawrence County",3,5,964,478,486
050,42,073,"Pennsylvania","Lawrence County",3,6,979,513,466
050,42,073,"Pennsylvania","Lawrence County",3,7,948,487,461
050,42,073,"Pennsylvania","Lawrence County",3,8,898,447,451
050,42,073,"Pennsylvania","Lawrence County",3,9,934,462,472
050,42,073,"Pennsylvania","Lawrence County",3,10,921,450,471
050,42,073,"Pennsylvania","Lawrence County",3,11,984,495,489
050,42,073,"Pennsylvania","Lawrence County",3,12,989,512,477
050,42,073,"Pennsylvania","Lawrence County",3,13,1044,525,519
050,42,073,"Pennsylvania","Lawrence County",3,14,1051,514,537
050,42,073,"Pennsylvania","Lawrence County",3,15,1032,510,522
050,42,073,"Pennsylvania","Lawrence County",3,16,1046,519,527
050,42,073,"Pennsylvania","Lawrence County",3,17,1070,548,522
050,42,073,"Pennsylvania","Lawrence County",3,18,1022,533,489
050,42,073,"Pennsylvania","Lawrence County",3,19,985,491,494
050,42,073,"Pennsylvania","Lawrence County",3,20,1027,496,531
050,42,073,"Pennsylvania","Lawrence County",3,21,944,463,481
050,42,073,"Pennsylvania","Lawrence County",3,22,945,485,460
050,42,073,"Pennsylvania","Lawrence County",3,23,906,475,431
050,42,073,"Pennsylvania","Lawrence County",3,24,892,470,422
050,42,073,"Pennsylvania","Lawrence County",3,25,875,460,415
050,42,073,"Pennsylvania","Lawrence County",3,26,967,504,463
050,42,073,"Pennsylvania","Lawrence County",3,27,937,485,452
050,42,073,"Pennsylvania","Lawrence County",3,28,964,473,491
050,42,073,"Pennsylvania","Lawrence County",3,29,1003,527,476
050,42,073,"Pennsylvania","Lawrence County",3,30,991,506,485
050,42,073,"Pennsylvania","Lawrence County",3,31,942,493,449
050,42,073,"Pennsylvania","Lawrence County",3,32,941,496,445
050,42,073,"Pennsylvania","Lawrence County",3,33,929,495,434
050,42,073,"Pennsylvania","Lawrence County",3,34,908,474,434
050,42,073,"Pennsylvania","Lawrence County",3,35,918,476,442
050,42,073,"Pennsylvania","Lawrence County",3,36,951,487,464
050,42,073,"Pennsylvania","Lawrence County",3,37,886,440,446
050,42,073,"Pennsylvania","Lawrence County",3,38,918,434,484
050,42,073,"Pennsylvania","Lawrence County",3,39,968,467,501
050,42,073,"Pennsylvania","Lawrence County",3,40,962,462,500
050,42,073,"Pennsylvania","Lawrence County",3,41,1003,483,520
050,42,073,"Pennsylvania","Lawrence County",3,42,963,476,487
050,42,073,"Pennsylvania","Lawrence County",3,43,962,472,490
050,42,073,"Pennsylvania","Lawrence County",3,44,970,488,482
050,42,073,"Pennsylvania","Lawrence County",3,45,887,444,443
050,42,073,"Pennsylvania","Lawrence County",3,46,904,451,453
050,42,073,"Pennsylvania","Lawrence County",3,47,906,460,446
050,42,073,"Pennsylvania","Lawrence County",3,48,956,469,487
050,42,073,"Pennsylvania","Lawrence County",3,49,1073,549,524
050,42,073,"Pennsylvania","Lawrence County",3,50,1190,594,596
050,42,073,"Pennsylvania","Lawrence County",3,51,1176,579,597
050,42,073,"Pennsylvania","Lawrence County",3,52,1137,582,555
050,42,073,"Pennsylvania","Lawrence County",3,53,1082,541,541
050,42,073,"Pennsylvania","Lawrence County",3,54,1113,546,567
050,42,073,"Pennsylvania","Lawrence County",3,55,1123,558,565
050,42,073,"Pennsylvania","Lawrence County",3,56,1170,589,581
050,42,073,"Pennsylvania","Lawrence County",3,57,1199,595,604
050,42,073,"Pennsylvania","Lawrence County",3,58,1190,579,611
050,42,073,"Pennsylvania","Lawrence County",3,59,1249,590,659
050,42,073,"Pennsylvania","Lawrence County",3,60,1340,632,708
050,42,073,"Pennsylvania","Lawrence County",3,61,1326,648,678
050,42,073,"Pennsylvania","Lawrence County",3,62,1353,656,697
050,42,073,"Pennsylvania","Lawrence County",3,63,1388,699,689
050,42,073,"Pennsylvania","Lawrence County",3,64,1394,702,692
050,42,073,"Pennsylvania","Lawrence County",3,65,1318,641,677
050,42,073,"Pennsylvania","Lawrence County",3,66,1287,622,665
050,42,073,"Pennsylvania","Lawrence County",3,67,1263,608,655
050,42,073,"Pennsylvania","Lawrence County",3,68,1226,581,645
050,42,073,"Pennsylvania","Lawrence County",3,69,1160,547,613
050,42,073,"Pennsylvania","Lawrence County",3,70,1087,513,574
050,42,073,"Pennsylvania","Lawrence County",3,71,1033,494,539
050,42,073,"Pennsylvania","Lawrence County",3,72,1013,490,523
050,42,073,"Pennsylvania","Lawrence County",3,73,963,438,525
050,42,073,"Pennsylvania","Lawrence County",3,74,1029,469,560
050,42,073,"Pennsylvania","Lawrence County",3,75,689,312,377
050,42,073,"Pennsylvania","Lawrence County",3,76,643,292,351
050,42,073,"Pennsylvania","Lawrence County",3,77,641,271,370
050,42,073,"Pennsylvania","Lawrence County",3,78,693,317,376
050,42,073,"Pennsylvania","Lawrence County",3,79,605,270,335
050,42,073,"Pennsylvania","Lawrence County",3,80,549,237,312
050,42,073,"Pennsylvania","Lawrence County",3,81,482,190,292
050,42,073,"Pennsylvania","Lawrence County",3,82,483,188,295
050,42,073,"Pennsylvania","Lawrence County",3,83,441,174,267
050,42,073,"Pennsylvania","Lawrence County",3,84,393,153,240
050,42,073,"Pennsylvania","Lawrence County",3,85,2505,818,1687
050,42,073,"Pennsylvania","Lawrence County",4,0,767,415,352
050,42,073,"Pennsylvania","Lawrence County",4,1,795,408,387
050,42,073,"Pennsylvania","Lawrence County",4,2,871,426,445
050,42,073,"Pennsylvania","Lawrence County",4,3,860,436,424
050,42,073,"Pennsylvania","Lawrence County",4,4,918,450,468
050,42,073,"Pennsylvania","Lawrence County",4,5,914,451,463
050,42,073,"Pennsylvania","Lawrence County",4,6,970,491,479
050,42,073,"Pennsylvania","Lawrence County",4,7,968,509,459
050,42,073,"Pennsylvania","Lawrence County",4,8,943,487,456
050,42,073,"Pennsylvania","Lawrence County",4,9,907,455,452
050,42,073,"Pennsylvania","Lawrence County",4,10,935,465,470
050,42,073,"Pennsylvania","Lawrence County",4,11,919,448,471
050,42,073,"Pennsylvania","Lawrence County",4,12,994,500,494
050,42,073,"Pennsylvania","Lawrence County",4,13,1012,520,492
050,42,073,"Pennsylvania","Lawrence County",4,14,1047,526,521
050,42,073,"Pennsylvania","Lawrence County",4,15,1053,522,531
050,42,073,"Pennsylvania","Lawrence County",4,16,1037,505,532
050,42,073,"Pennsylvania","Lawrence County",4,17,1052,515,537
050,42,073,"Pennsylvania","Lawrence County",4,18,992,505,487
050,42,073,"Pennsylvania","Lawrence County",4,19,980,499,481
050,42,073,"Pennsylvania","Lawrence County",4,20,1009,497,512
050,42,073,"Pennsylvania","Lawrence County",4,21,965,468,497
050,42,073,"Pennsylvania","Lawrence County",4,22,930,456,474
050,42,073,"Pennsylvania","Lawrence County",4,23,928,481,447
050,42,073,"Pennsylvania","Lawrence County",4,24,887,471,416
050,42,073,"Pennsylvania","Lawrence County",4,25,884,464,420
050,42,073,"Pennsylvania","Lawrence County",4,26,857,466,391
050,42,073,"Pennsylvania","Lawrence County",4,27,939,481,458
050,42,073,"Pennsylvania","Lawrence County",4,28,930,485,445
050,42,073,"Pennsylvania","Lawrence County",4,29,968,479,489
050,42,073,"Pennsylvania","Lawrence County",4,30,1004,534,470
050,42,073,"Pennsylvania","Lawrence County",4,31,1009,504,505
050,42,073,"Pennsylvania","Lawrence County",4,32,936,489,447
050,42,073,"Pennsylvania","Lawrence County",4,33,930,495,435
050,42,073,"Pennsylvania","Lawrence County",4,34,922,483,439
050,42,073,"Pennsylvania","Lawrence County",4,35,918,481,437
050,42,073,"Pennsylvania","Lawrence County",4,36,925,485,440
050,42,073,"Pennsylvania","Lawrence County",4,37,965,490,475
050,42,073,"Pennsylvania","Lawrence County",4,38,885,438,447
050,42,073,"Pennsylvania","Lawrence County",4,39,928,443,485
050,42,073,"Pennsylvania","Lawrence County",4,40,962,464,498
050,42,073,"Pennsylvania","Lawrence County",4,41,950,454,496
050,42,073,"Pennsylvania","Lawrence County",4,42,1029,491,538
050,42,073,"Pennsylvania","Lawrence County",4,43,975,483,492
050,42,073,"Pennsylvania","Lawrence County",4,44,971,481,490
050,42,073,"Pennsylvania","Lawrence County",4,45,978,494,484
050,42,073,"Pennsylvania","Lawrence County",4,46,879,438,441
050,42,073,"Pennsylvania","Lawrence County",4,47,906,455,451
050,42,073,"Pennsylvania","Lawrence County",4,48,896,458,438
050,42,073,"Pennsylvania","Lawrence County",4,49,945,463,482
050,42,073,"Pennsylvania","Lawrence County",4,50,1064,536,528
050,42,073,"Pennsylvania","Lawrence County",4,51,1202,603,599
050,42,073,"Pennsylvania","Lawrence County",4,52,1150,556,594
050,42,073,"Pennsylvania","Lawrence County",4,53,1145,588,557
050,42,073,"Pennsylvania","Lawrence County",4,54,1070,532,538
050,42,073,"Pennsylvania","Lawrence County",4,55,1104,540,564
050,42,073,"Pennsylvania","Lawrence County",4,56,1131,567,564
050,42,073,"Pennsylvania","Lawrence County",4,57,1144,567,577
050,42,073,"Pennsylvania","Lawrence County",4,58,1184,579,605
050,42,073,"Pennsylvania","Lawrence County",4,59,1168,562,606
050,42,073,"Pennsylvania","Lawrence County",4,60,1231,581,650
050,42,073,"Pennsylvania","Lawrence County",4,61,1318,628,690
050,42,073,"Pennsylvania","Lawrence County",4,62,1304,643,661
050,42,073,"Pennsylvania","Lawrence County",4,63,1319,636,683
050,42,073,"Pennsylvania","Lawrence County",4,64,1364,683,681
050,42,073,"Pennsylvania","Lawrence County",4,65,1363,681,682
050,42,073,"Pennsylvania","Lawrence County",4,66,1293,629,664
050,42,073,"Pennsylvania","Lawrence County",4,67,1263,612,651
050,42,073,"Pennsylvania","Lawrence County",4,68,1225,590,635
050,42,073,"Pennsylvania","Lawrence County",4,69,1206,567,639
050,42,073,"Pennsylvania","Lawrence County",4,70,1121,525,596
050,42,073,"Pennsylvania","Lawrence County",4,71,1057,498,559
050,42,073,"Pennsylvania","Lawrence County",4,72,1010,482,528
050,42,073,"Pennsylvania","Lawrence County",4,73,974,471,503
050,42,073,"Pennsylvania","Lawrence County",4,74,925,423,502
050,42,073,"Pennsylvania","Lawrence County",4,75,988,440,548
050,42,073,"Pennsylvania","Lawrence County",4,76,657,304,353
050,42,073,"Pennsylvania","Lawrence County",4,77,631,279,352
050,42,073,"Pennsylvania","Lawrence County",4,78,602,246,356
050,42,073,"Pennsylvania","Lawrence County",4,79,643,290,353
050,42,073,"Pennsylvania","Lawrence County",4,80,579,255,324
050,42,073,"Pennsylvania","Lawrence County",4,81,522,218,304
050,42,073,"Pennsylvania","Lawrence County",4,82,451,179,272
050,42,073,"Pennsylvania","Lawrence County",4,83,428,163,265
050,42,073,"Pennsylvania","Lawrence County",4,84,396,154,242
050,42,073,"Pennsylvania","Lawrence County",4,85,2436,789,1647
050,42,073,"Pennsylvania","Lawrence County",5,0,756,411,345
050,42,073,"Pennsylvania","Lawrence County",5,1,786,406,380
050,42,073,"Pennsylvania","Lawrence County",5,2,823,425,398
050,42,073,"Pennsylvania","Lawrence County",5,3,865,428,437
050,42,073,"Pennsylvania","Lawrence County",5,4,863,439,424
050,42,073,"Pennsylvania","Lawrence County",5,5,935,454,481
050,42,073,"Pennsylvania","Lawrence County",5,6,912,456,456
050,42,073,"Pennsylvania","Lawrence County",5,7,979,504,475
050,42,073,"Pennsylvania","Lawrence County",5,8,968,505,463
050,42,073,"Pennsylvania","Lawrence County",5,9,945,486,459
050,42,073,"Pennsylvania","Lawrence County",5,10,923,465,458
050,42,073,"Pennsylvania","Lawrence County",5,11,955,478,477
050,42,073,"Pennsylvania","Lawrence County",5,12,923,449,474
050,42,073,"Pennsylvania","Lawrence County",5,13,992,493,499
050,42,073,"Pennsylvania","Lawrence County",5,14,1005,522,483
050,42,073,"Pennsylvania","Lawrence County",5,15,1030,524,506
050,42,073,"Pennsylvania","Lawrence County",5,16,1052,522,530
050,42,073,"Pennsylvania","Lawrence County",5,17,1033,503,530
050,42,073,"Pennsylvania","Lawrence County",5,18,986,479,507
050,42,073,"Pennsylvania","Lawrence County",5,19,970,486,484
050,42,073,"Pennsylvania","Lawrence County",5,20,1021,520,501
050,42,073,"Pennsylvania","Lawrence County",5,21,959,490,469
050,42,073,"Pennsylvania","Lawrence County",5,22,940,459,481
050,42,073,"Pennsylvania","Lawrence County",5,23,869,430,439
050,42,073,"Pennsylvania","Lawrence County",5,24,924,483,441
050,42,073,"Pennsylvania","Lawrence County",5,25,899,484,415
050,42,073,"Pennsylvania","Lawrence County",5,26,908,472,436
050,42,073,"Pennsylvania","Lawrence County",5,27,865,458,407
050,42,073,"Pennsylvania","Lawrence County",5,28,926,466,460
050,42,073,"Pennsylvania","Lawrence County",5,29,952,489,463
050,42,073,"Pennsylvania","Lawrence County",5,30,993,495,498
050,42,073,"Pennsylvania","Lawrence County",5,31,994,525,469
050,42,073,"Pennsylvania","Lawrence County",5,32,1026,508,518
050,42,073,"Pennsylvania","Lawrence County",5,33,934,483,451
050,42,073,"Pennsylvania","Lawrence County",5,34,948,495,453
050,42,073,"Pennsylvania","Lawrence County",5,35,926,482,444
050,42,073,"Pennsylvania","Lawrence County",5,36,923,481,442
050,42,073,"Pennsylvania","Lawrence County",5,37,916,483,433
050,42,073,"Pennsylvania","Lawrence County",5,38,972,499,473
050,42,073,"Pennsylvania","Lawrence County",5,39,899,447,452
050,42,073,"Pennsylvania","Lawrence County",5,40,933,447,486
050,42,073,"Pennsylvania","Lawrence County",5,41,956,467,489
050,42,073,"Pennsylvania","Lawrence County",5,42,945,447,498
050,42,073,"Pennsylvania","Lawrence County",5,43,1037,489,548
050,42,073,"Pennsylvania","Lawrence County",5,44,987,488,499
050,42,073,"Pennsylvania","Lawrence County",5,45,952,478,474
050,42,073,"Pennsylvania","Lawrence County",5,46,968,489,479
050,42,073,"Pennsylvania","Lawrence County",5,47,863,430,433
050,42,073,"Pennsylvania","Lawrence County",5,48,896,450,446
050,42,073,"Pennsylvania","Lawrence County",5,49,898,457,441
050,42,073,"Pennsylvania","Lawrence County",5,50,949,462,487
050,42,073,"Pennsylvania","Lawrence County",5,51,1082,545,537
050,42,073,"Pennsylvania","Lawrence County",5,52,1203,597,606
050,42,073,"Pennsylvania","Lawrence County",5,53,1149,568,581
050,42,073,"Pennsylvania","Lawrence County",5,54,1143,587,556
050,42,073,"Pennsylvania","Lawrence County",5,55,1041,515,526
050,42,073,"Pennsylvania","Lawrence County",5,56,1123,558,565
050,42,073,"Pennsylvania","Lawrence County",5,57,1107,546,561
050,42,073,"Pennsylvania","Lawrence County",5,58,1139,562,577
050,42,073,"Pennsylvania","Lawrence County",5,59,1168,576,592
050,42,073,"Pennsylvania","Lawrence County",5,60,1155,555,600
050,42,073,"Pennsylvania","Lawrence County",5,61,1214,570,644
050,42,073,"Pennsylvania","Lawrence County",5,62,1315,619,696
050,42,073,"Pennsylvania","Lawrence County",5,63,1283,624,659
050,42,073,"Pennsylvania","Lawrence County",5,64,1299,630,669
050,42,073,"Pennsylvania","Lawrence County",5,65,1327,658,669
050,42,073,"Pennsylvania","Lawrence County",5,66,1349,668,681
050,42,073,"Pennsylvania","Lawrence County",5,67,1280,627,653
050,42,073,"Pennsylvania","Lawrence County",5,68,1237,597,640
050,42,073,"Pennsylvania","Lawrence County",5,69,1216,588,628
050,42,073,"Pennsylvania","Lawrence County",5,70,1165,542,623
050,42,073,"Pennsylvania","Lawrence County",5,71,1101,518,583
050,42,073,"Pennsylvania","Lawrence County",5,72,1038,487,551
050,42,073,"Pennsylvania","Lawrence County",5,73,979,464,515
050,42,073,"Pennsylvania","Lawrence County",5,74,946,455,491
050,42,073,"Pennsylvania","Lawrence County",5,75,898,401,497
050,42,073,"Pennsylvania","Lawrence County",5,76,954,435,519
050,42,073,"Pennsylvania","Lawrence County",5,77,643,292,351
050,42,073,"Pennsylvania","Lawrence County",5,78,596,262,334
050,42,073,"Pennsylvania","Lawrence County",5,79,555,219,336
050,42,073,"Pennsylvania","Lawrence County",5,80,631,280,351
050,42,073,"Pennsylvania","Lawrence County",5,81,554,238,316
050,42,073,"Pennsylvania","Lawrence County",5,82,488,206,282
050,42,073,"Pennsylvania","Lawrence County",5,83,406,161,245
050,42,073,"Pennsylvania","Lawrence County",5,84,389,144,245
050,42,073,"Pennsylvania","Lawrence County",5,85,2420,775,1645
050,42,075,"Pennsylvania","Lebanon County",1,0,1542,790,752
050,42,075,"Pennsylvania","Lebanon County",1,1,1593,807,786
050,42,075,"Pennsylvania","Lebanon County",1,2,1701,853,848
050,42,075,"Pennsylvania","Lebanon County",1,3,1704,888,816
050,42,075,"Pennsylvania","Lebanon County",1,4,1745,911,834
050,42,075,"Pennsylvania","Lebanon County",1,5,1761,887,874
050,42,075,"Pennsylvania","Lebanon County",1,6,1792,913,879
050,42,075,"Pennsylvania","Lebanon County",1,7,1861,953,908
050,42,075,"Pennsylvania","Lebanon County",1,8,1878,935,943
050,42,075,"Pennsylvania","Lebanon County",1,9,1879,962,917
050,42,075,"Pennsylvania","Lebanon County",1,10,1934,942,992
050,42,075,"Pennsylvania","Lebanon County",1,11,1945,975,970
050,42,075,"Pennsylvania","Lebanon County",1,12,1962,1019,943
050,42,075,"Pennsylvania","Lebanon County",1,13,1968,1037,931
050,42,075,"Pennsylvania","Lebanon County",1,14,1933,1009,924
050,42,075,"Pennsylvania","Lebanon County",1,15,1882,957,925
050,42,075,"Pennsylvania","Lebanon County",1,16,1870,980,890
050,42,075,"Pennsylvania","Lebanon County",1,17,1917,993,924
050,42,075,"Pennsylvania","Lebanon County",1,18,1740,919,821
050,42,075,"Pennsylvania","Lebanon County",1,19,1629,841,788
050,42,075,"Pennsylvania","Lebanon County",1,20,1688,844,844
050,42,075,"Pennsylvania","Lebanon County",1,21,1698,851,847
050,42,075,"Pennsylvania","Lebanon County",1,22,1683,857,826
050,42,075,"Pennsylvania","Lebanon County",1,23,1599,826,773
050,42,075,"Pennsylvania","Lebanon County",1,24,1556,776,780
050,42,075,"Pennsylvania","Lebanon County",1,25,1542,750,792
050,42,075,"Pennsylvania","Lebanon County",1,26,1608,802,806
050,42,075,"Pennsylvania","Lebanon County",1,27,1619,824,795
050,42,075,"Pennsylvania","Lebanon County",1,28,1672,865,807
050,42,075,"Pennsylvania","Lebanon County",1,29,1654,837,817
050,42,075,"Pennsylvania","Lebanon County",1,30,1751,874,877
050,42,075,"Pennsylvania","Lebanon County",1,31,1711,853,858
050,42,075,"Pennsylvania","Lebanon County",1,32,1679,837,842
050,42,075,"Pennsylvania","Lebanon County",1,33,1659,830,829
050,42,075,"Pennsylvania","Lebanon County",1,34,1708,844,864
050,42,075,"Pennsylvania","Lebanon County",1,35,1753,862,891
050,42,075,"Pennsylvania","Lebanon County",1,36,1742,892,850
050,42,075,"Pennsylvania","Lebanon County",1,37,1720,878,842
050,42,075,"Pennsylvania","Lebanon County",1,38,1735,866,869
050,42,075,"Pennsylvania","Lebanon County",1,39,1730,847,883
050,42,075,"Pennsylvania","Lebanon County",1,40,1743,868,875
050,42,075,"Pennsylvania","Lebanon County",1,41,1707,849,858
050,42,075,"Pennsylvania","Lebanon County",1,42,1675,848,827
050,42,075,"Pennsylvania","Lebanon County",1,43,1632,835,797
050,42,075,"Pennsylvania","Lebanon County",1,44,1559,782,777
050,42,075,"Pennsylvania","Lebanon County",1,45,1645,830,815
050,42,075,"Pennsylvania","Lebanon County",1,46,1660,859,801
050,42,075,"Pennsylvania","Lebanon County",1,47,1693,854,839
050,42,075,"Pennsylvania","Lebanon County",1,48,1740,882,858
050,42,075,"Pennsylvania","Lebanon County",1,49,1852,950,902
050,42,075,"Pennsylvania","Lebanon County",1,50,1724,858,866
050,42,075,"Pennsylvania","Lebanon County",1,51,1715,868,847
050,42,075,"Pennsylvania","Lebanon County",1,52,1671,870,801
050,42,075,"Pennsylvania","Lebanon County",1,53,1793,911,882
050,42,075,"Pennsylvania","Lebanon County",1,54,1830,909,921
050,42,075,"Pennsylvania","Lebanon County",1,55,1967,957,1010
050,42,075,"Pennsylvania","Lebanon County",1,56,1996,974,1022
050,42,075,"Pennsylvania","Lebanon County",1,57,1987,1009,978
050,42,075,"Pennsylvania","Lebanon County",1,58,2058,1016,1042
050,42,075,"Pennsylvania","Lebanon County",1,59,1986,972,1014
050,42,075,"Pennsylvania","Lebanon County",1,60,1924,954,970
050,42,075,"Pennsylvania","Lebanon County",1,61,1918,951,967
050,42,075,"Pennsylvania","Lebanon County",1,62,1958,955,1003
050,42,075,"Pennsylvania","Lebanon County",1,63,1910,931,979
050,42,075,"Pennsylvania","Lebanon County",1,64,1882,929,953
050,42,075,"Pennsylvania","Lebanon County",1,65,1885,928,957
050,42,075,"Pennsylvania","Lebanon County",1,66,1835,886,949
050,42,075,"Pennsylvania","Lebanon County",1,67,1768,841,927
050,42,075,"Pennsylvania","Lebanon County",1,68,1726,836,890
050,42,075,"Pennsylvania","Lebanon County",1,69,1570,775,795
050,42,075,"Pennsylvania","Lebanon County",1,70,1526,740,786
050,42,075,"Pennsylvania","Lebanon County",1,71,1537,720,817
050,42,075,"Pennsylvania","Lebanon County",1,72,1542,732,810
050,42,075,"Pennsylvania","Lebanon County",1,73,1579,779,800
050,42,075,"Pennsylvania","Lebanon County",1,74,1056,513,543
050,42,075,"Pennsylvania","Lebanon County",1,75,1035,487,548
050,42,075,"Pennsylvania","Lebanon County",1,76,1073,488,585
050,42,075,"Pennsylvania","Lebanon County",1,77,1116,521,595
050,42,075,"Pennsylvania","Lebanon County",1,78,989,432,557
050,42,075,"Pennsylvania","Lebanon County",1,79,857,367,490
050,42,075,"Pennsylvania","Lebanon County",1,80,771,325,446
050,42,075,"Pennsylvania","Lebanon County",1,81,735,320,415
050,42,075,"Pennsylvania","Lebanon County",1,82,641,285,356
050,42,075,"Pennsylvania","Lebanon County",1,83,626,255,371
050,42,075,"Pennsylvania","Lebanon County",1,84,613,246,367
050,42,075,"Pennsylvania","Lebanon County",1,85,3805,1298,2507
050,42,075,"Pennsylvania","Lebanon County",2,0,1546,780,766
050,42,075,"Pennsylvania","Lebanon County",2,1,1580,801,779
050,42,075,"Pennsylvania","Lebanon County",2,2,1686,848,838
050,42,075,"Pennsylvania","Lebanon County",2,3,1708,882,826
050,42,075,"Pennsylvania","Lebanon County",2,4,1749,909,840
050,42,075,"Pennsylvania","Lebanon County",2,5,1767,898,869
050,42,075,"Pennsylvania","Lebanon County",2,6,1795,914,881
050,42,075,"Pennsylvania","Lebanon County",2,7,1845,943,902
050,42,075,"Pennsylvania","Lebanon County",2,8,1866,938,928
050,42,075,"Pennsylvania","Lebanon County",2,9,1876,956,920
050,42,075,"Pennsylvania","Lebanon County",2,10,1924,948,976
050,42,075,"Pennsylvania","Lebanon County",2,11,1939,966,973
050,42,075,"Pennsylvania","Lebanon County",2,12,1967,1011,956
050,42,075,"Pennsylvania","Lebanon County",2,13,1968,1034,934
050,42,075,"Pennsylvania","Lebanon County",2,14,1939,1014,925
050,42,075,"Pennsylvania","Lebanon County",2,15,1892,970,922
050,42,075,"Pennsylvania","Lebanon County",2,16,1877,977,900
050,42,075,"Pennsylvania","Lebanon County",2,17,1904,988,916
050,42,075,"Pennsylvania","Lebanon County",2,18,1742,916,826
050,42,075,"Pennsylvania","Lebanon County",2,19,1640,853,787
050,42,075,"Pennsylvania","Lebanon County",2,20,1700,850,850
050,42,075,"Pennsylvania","Lebanon County",2,21,1705,852,853
050,42,075,"Pennsylvania","Lebanon County",2,22,1674,858,816
050,42,075,"Pennsylvania","Lebanon County",2,23,1600,824,776
050,42,075,"Pennsylvania","Lebanon County",2,24,1565,785,780
050,42,075,"Pennsylvania","Lebanon County",2,25,1548,759,789
050,42,075,"Pennsylvania","Lebanon County",2,26,1604,799,805
050,42,075,"Pennsylvania","Lebanon County",2,27,1622,822,800
050,42,075,"Pennsylvania","Lebanon County",2,28,1660,858,802
050,42,075,"Pennsylvania","Lebanon County",2,29,1660,839,821
050,42,075,"Pennsylvania","Lebanon County",2,30,1741,871,870
050,42,075,"Pennsylvania","Lebanon County",2,31,1717,858,859
050,42,075,"Pennsylvania","Lebanon County",2,32,1687,842,845
050,42,075,"Pennsylvania","Lebanon County",2,33,1667,832,835
050,42,075,"Pennsylvania","Lebanon County",2,34,1705,844,861
050,42,075,"Pennsylvania","Lebanon County",2,35,1763,870,893
050,42,075,"Pennsylvania","Lebanon County",2,36,1736,884,852
050,42,075,"Pennsylvania","Lebanon County",2,37,1734,887,847
050,42,075,"Pennsylvania","Lebanon County",2,38,1742,871,871
050,42,075,"Pennsylvania","Lebanon County",2,39,1733,855,878
050,42,075,"Pennsylvania","Lebanon County",2,40,1747,869,878
050,42,075,"Pennsylvania","Lebanon County",2,41,1708,850,858
050,42,075,"Pennsylvania","Lebanon County",2,42,1674,845,829
050,42,075,"Pennsylvania","Lebanon County",2,43,1656,848,808
050,42,075,"Pennsylvania","Lebanon County",2,44,1562,788,774
050,42,075,"Pennsylvania","Lebanon County",2,45,1630,822,808
050,42,075,"Pennsylvania","Lebanon County",2,46,1648,851,797
050,42,075,"Pennsylvania","Lebanon County",2,47,1679,851,828
050,42,075,"Pennsylvania","Lebanon County",2,48,1720,872,848
050,42,075,"Pennsylvania","Lebanon County",2,49,1833,937,896
050,42,075,"Pennsylvania","Lebanon County",2,50,1759,883,876
050,42,075,"Pennsylvania","Lebanon County",2,51,1708,862,846
050,42,075,"Pennsylvania","Lebanon County",2,52,1677,867,810
050,42,075,"Pennsylvania","Lebanon County",2,53,1764,899,865
050,42,075,"Pennsylvania","Lebanon County",2,54,1810,904,906
050,42,075,"Pennsylvania","Lebanon County",2,55,1933,942,991
050,42,075,"Pennsylvania","Lebanon County",2,56,1985,966,1019
050,42,075,"Pennsylvania","Lebanon County",2,57,1995,1003,992
050,42,075,"Pennsylvania","Lebanon County",2,58,2035,1011,1024
050,42,075,"Pennsylvania","Lebanon County",2,59,2002,979,1023
050,42,075,"Pennsylvania","Lebanon County",2,60,1932,955,977
050,42,075,"Pennsylvania","Lebanon County",2,61,1914,949,965
050,42,075,"Pennsylvania","Lebanon County",2,62,1948,953,995
050,42,075,"Pennsylvania","Lebanon County",2,63,1941,946,995
050,42,075,"Pennsylvania","Lebanon County",2,64,1875,923,952
050,42,075,"Pennsylvania","Lebanon County",2,65,1878,926,952
050,42,075,"Pennsylvania","Lebanon County",2,66,1844,892,952
050,42,075,"Pennsylvania","Lebanon County",2,67,1775,846,929
050,42,075,"Pennsylvania","Lebanon County",2,68,1727,834,893
050,42,075,"Pennsylvania","Lebanon County",2,69,1613,788,825
050,42,075,"Pennsylvania","Lebanon County",2,70,1530,745,785
050,42,075,"Pennsylvania","Lebanon County",2,71,1526,716,810
050,42,075,"Pennsylvania","Lebanon County",2,72,1506,716,790
050,42,075,"Pennsylvania","Lebanon County",2,73,1630,795,835
050,42,075,"Pennsylvania","Lebanon County",2,74,1103,537,566
050,42,075,"Pennsylvania","Lebanon County",2,75,1034,489,545
050,42,075,"Pennsylvania","Lebanon County",2,76,1047,478,569
050,42,075,"Pennsylvania","Lebanon County",2,77,1128,524,604
050,42,075,"Pennsylvania","Lebanon County",2,78,985,438,547
050,42,075,"Pennsylvania","Lebanon County",2,79,872,375,497
050,42,075,"Pennsylvania","Lebanon County",2,80,787,329,458
050,42,075,"Pennsylvania","Lebanon County",2,81,723,309,414
050,42,075,"Pennsylvania","Lebanon County",2,82,655,291,364
050,42,075,"Pennsylvania","Lebanon County",2,83,617,252,365
050,42,075,"Pennsylvania","Lebanon County",2,84,610,247,363
050,42,075,"Pennsylvania","Lebanon County",2,85,3780,1295,2485
050,42,075,"Pennsylvania","Lebanon County",3,0,1523,768,755
050,42,075,"Pennsylvania","Lebanon County",3,1,1552,761,791
050,42,075,"Pennsylvania","Lebanon County",3,2,1580,813,767
050,42,075,"Pennsylvania","Lebanon County",3,3,1690,853,837
050,42,075,"Pennsylvania","Lebanon County",3,4,1730,881,849
050,42,075,"Pennsylvania","Lebanon County",3,5,1730,890,840
050,42,075,"Pennsylvania","Lebanon County",3,6,1797,908,889
050,42,075,"Pennsylvania","Lebanon County",3,7,1778,897,881
050,42,075,"Pennsylvania","Lebanon County",3,8,1856,955,901
050,42,075,"Pennsylvania","Lebanon County",3,9,1886,960,926
050,42,075,"Pennsylvania","Lebanon County",3,10,1886,963,923
050,42,075,"Pennsylvania","Lebanon County",3,11,1938,940,998
050,42,075,"Pennsylvania","Lebanon County",3,12,1923,968,955
050,42,075,"Pennsylvania","Lebanon County",3,13,1972,1020,952
050,42,075,"Pennsylvania","Lebanon County",3,14,1964,1023,941
050,42,075,"Pennsylvania","Lebanon County",3,15,1926,1007,919
050,42,075,"Pennsylvania","Lebanon County",3,16,1899,964,935
050,42,075,"Pennsylvania","Lebanon County",3,17,1889,977,912
050,42,075,"Pennsylvania","Lebanon County",3,18,1770,918,852
050,42,075,"Pennsylvania","Lebanon County",3,19,1672,880,792
050,42,075,"Pennsylvania","Lebanon County",3,20,1730,863,867
050,42,075,"Pennsylvania","Lebanon County",3,21,1784,879,905
050,42,075,"Pennsylvania","Lebanon County",3,22,1729,875,854
050,42,075,"Pennsylvania","Lebanon County",3,23,1625,827,798
050,42,075,"Pennsylvania","Lebanon County",3,24,1620,839,781
050,42,075,"Pennsylvania","Lebanon County",3,25,1548,787,761
050,42,075,"Pennsylvania","Lebanon County",3,26,1563,776,787
050,42,075,"Pennsylvania","Lebanon County",3,27,1614,784,830
050,42,075,"Pennsylvania","Lebanon County",3,28,1627,834,793
050,42,075,"Pennsylvania","Lebanon County",3,29,1707,876,831
050,42,075,"Pennsylvania","Lebanon County",3,30,1725,870,855
050,42,075,"Pennsylvania","Lebanon County",3,31,1769,909,860
050,42,075,"Pennsylvania","Lebanon County",3,32,1724,860,864
050,42,075,"Pennsylvania","Lebanon County",3,33,1719,855,864
050,42,075,"Pennsylvania","Lebanon County",3,34,1696,852,844
050,42,075,"Pennsylvania","Lebanon County",3,35,1706,858,848
050,42,075,"Pennsylvania","Lebanon County",3,36,1754,861,893
050,42,075,"Pennsylvania","Lebanon County",3,37,1736,887,849
050,42,075,"Pennsylvania","Lebanon County",3,38,1731,869,862
050,42,075,"Pennsylvania","Lebanon County",3,39,1756,872,884
050,42,075,"Pennsylvania","Lebanon County",3,40,1749,856,893
050,42,075,"Pennsylvania","Lebanon County",3,41,1763,876,887
050,42,075,"Pennsylvania","Lebanon County",3,42,1717,864,853
050,42,075,"Pennsylvania","Lebanon County",3,43,1689,856,833
050,42,075,"Pennsylvania","Lebanon County",3,44,1669,849,820
050,42,075,"Pennsylvania","Lebanon County",3,45,1566,778,788
050,42,075,"Pennsylvania","Lebanon County",3,46,1626,837,789
050,42,075,"Pennsylvania","Lebanon County",3,47,1648,846,802
050,42,075,"Pennsylvania","Lebanon County",3,48,1706,863,843
050,42,075,"Pennsylvania","Lebanon County",3,49,1727,883,844
050,42,075,"Pennsylvania","Lebanon County",3,50,1830,931,899
050,42,075,"Pennsylvania","Lebanon County",3,51,1766,893,873
050,42,075,"Pennsylvania","Lebanon County",3,52,1700,857,843
050,42,075,"Pennsylvania","Lebanon County",3,53,1676,867,809
050,42,075,"Pennsylvania","Lebanon County",3,54,1754,901,853
050,42,075,"Pennsylvania","Lebanon County",3,55,1831,928,903
050,42,075,"Pennsylvania","Lebanon County",3,56,1915,925,990
050,42,075,"Pennsylvania","Lebanon County",3,57,1989,975,1014
050,42,075,"Pennsylvania","Lebanon County",3,58,1991,999,992
050,42,075,"Pennsylvania","Lebanon County",3,59,2023,990,1033
050,42,075,"Pennsylvania","Lebanon County",3,60,2012,982,1030
050,42,075,"Pennsylvania","Lebanon County",3,61,1931,962,969
050,42,075,"Pennsylvania","Lebanon County",3,62,1904,946,958
050,42,075,"Pennsylvania","Lebanon County",3,63,1930,948,982
050,42,075,"Pennsylvania","Lebanon County",3,64,1919,937,982
050,42,075,"Pennsylvania","Lebanon County",3,65,1857,905,952
050,42,075,"Pennsylvania","Lebanon County",3,66,1848,908,940
050,42,075,"Pennsylvania","Lebanon County",3,67,1805,876,929
050,42,075,"Pennsylvania","Lebanon County",3,68,1755,845,910
050,42,075,"Pennsylvania","Lebanon County",3,69,1694,813,881
050,42,075,"Pennsylvania","Lebanon County",3,70,1578,777,801
050,42,075,"Pennsylvania","Lebanon County",3,71,1505,717,788
050,42,075,"Pennsylvania","Lebanon County",3,72,1485,702,783
050,42,075,"Pennsylvania","Lebanon County",3,73,1472,698,774
050,42,075,"Pennsylvania","Lebanon County",3,74,1601,790,811
050,42,075,"Pennsylvania","Lebanon County",3,75,1063,508,555
050,42,075,"Pennsylvania","Lebanon County",3,76,1001,460,541
050,42,075,"Pennsylvania","Lebanon County",3,77,1017,467,550
050,42,075,"Pennsylvania","Lebanon County",3,78,1075,491,584
050,42,075,"Pennsylvania","Lebanon County",3,79,922,400,522
050,42,075,"Pennsylvania","Lebanon County",3,80,844,358,486
050,42,075,"Pennsylvania","Lebanon County",3,81,749,309,440
050,42,075,"Pennsylvania","Lebanon County",3,82,691,295,396
050,42,075,"Pennsylvania","Lebanon County",3,83,610,254,356
050,42,075,"Pennsylvania","Lebanon County",3,84,573,234,339
050,42,075,"Pennsylvania","Lebanon County",3,85,3759,1254,2505
050,42,075,"Pennsylvania","Lebanon County",4,0,1574,794,780
050,42,075,"Pennsylvania","Lebanon County",4,1,1553,783,770
050,42,075,"Pennsylvania","Lebanon County",4,2,1605,764,841
050,42,075,"Pennsylvania","Lebanon County",4,3,1564,802,762
050,42,075,"Pennsylvania","Lebanon County",4,4,1683,864,819
050,42,075,"Pennsylvania","Lebanon County",4,5,1735,886,849
050,42,075,"Pennsylvania","Lebanon County",4,6,1754,894,860
050,42,075,"Pennsylvania","Lebanon County",4,7,1825,909,916
050,42,075,"Pennsylvania","Lebanon County",4,8,1813,927,886
050,42,075,"Pennsylvania","Lebanon County",4,9,1882,980,902
050,42,075,"Pennsylvania","Lebanon County",4,10,1924,987,937
050,42,075,"Pennsylvania","Lebanon County",4,11,1906,974,932
050,42,075,"Pennsylvania","Lebanon County",4,12,1968,967,1001
050,42,075,"Pennsylvania","Lebanon County",4,13,1908,960,948
050,42,075,"Pennsylvania","Lebanon County",4,14,1995,1025,970
050,42,075,"Pennsylvania","Lebanon County",4,15,1967,1018,949
050,42,075,"Pennsylvania","Lebanon County",4,16,1903,986,917
050,42,075,"Pennsylvania","Lebanon County",4,17,1913,970,943
050,42,075,"Pennsylvania","Lebanon County",4,18,1769,920,849
050,42,075,"Pennsylvania","Lebanon County",4,19,1691,887,804
050,42,075,"Pennsylvania","Lebanon County",4,20,1703,861,842
050,42,075,"Pennsylvania","Lebanon County",4,21,1780,893,887
050,42,075,"Pennsylvania","Lebanon County",4,22,1732,882,850
050,42,075,"Pennsylvania","Lebanon County",4,23,1588,804,784
050,42,075,"Pennsylvania","Lebanon County",4,24,1616,833,783
050,42,075,"Pennsylvania","Lebanon County",4,25,1591,799,792
050,42,075,"Pennsylvania","Lebanon County",4,26,1540,782,758
050,42,075,"Pennsylvania","Lebanon County",4,27,1590,792,798
050,42,075,"Pennsylvania","Lebanon County",4,28,1611,787,824
050,42,075,"Pennsylvania","Lebanon County",4,29,1633,847,786
050,42,075,"Pennsylvania","Lebanon County",4,30,1748,871,877
050,42,075,"Pennsylvania","Lebanon County",4,31,1730,875,855
050,42,075,"Pennsylvania","Lebanon County",4,32,1788,910,878
050,42,075,"Pennsylvania","Lebanon County",4,33,1743,870,873
050,42,075,"Pennsylvania","Lebanon County",4,34,1785,879,906
050,42,075,"Pennsylvania","Lebanon County",4,35,1701,865,836
050,42,075,"Pennsylvania","Lebanon County",4,36,1713,857,856
050,42,075,"Pennsylvania","Lebanon County",4,37,1735,843,892
050,42,075,"Pennsylvania","Lebanon County",4,38,1759,899,860
050,42,075,"Pennsylvania","Lebanon County",4,39,1737,878,859
050,42,075,"Pennsylvania","Lebanon County",4,40,1796,886,910
050,42,075,"Pennsylvania","Lebanon County",4,41,1748,855,893
050,42,075,"Pennsylvania","Lebanon County",4,42,1745,875,870
050,42,075,"Pennsylvania","Lebanon County",4,43,1750,884,866
050,42,075,"Pennsylvania","Lebanon County",4,44,1689,871,818
050,42,075,"Pennsylvania","Lebanon County",4,45,1673,846,827
050,42,075,"Pennsylvania","Lebanon County",4,46,1590,797,793
050,42,075,"Pennsylvania","Lebanon County",4,47,1615,818,797
050,42,075,"Pennsylvania","Lebanon County",4,48,1591,817,774
050,42,075,"Pennsylvania","Lebanon County",4,49,1683,859,824
050,42,075,"Pennsylvania","Lebanon County",4,50,1711,880,831
050,42,075,"Pennsylvania","Lebanon County",4,51,1807,926,881
050,42,075,"Pennsylvania","Lebanon County",4,52,1791,907,884
050,42,075,"Pennsylvania","Lebanon County",4,53,1705,853,852
050,42,075,"Pennsylvania","Lebanon County",4,54,1670,856,814
050,42,075,"Pennsylvania","Lebanon County",4,55,1754,906,848
050,42,075,"Pennsylvania","Lebanon County",4,56,1831,920,911
050,42,075,"Pennsylvania","Lebanon County",4,57,1889,909,980
050,42,075,"Pennsylvania","Lebanon County",4,58,1992,978,1014
050,42,075,"Pennsylvania","Lebanon County",4,59,1983,984,999
050,42,075,"Pennsylvania","Lebanon County",4,60,2015,997,1018
050,42,075,"Pennsylvania","Lebanon County",4,61,2015,977,1038
050,42,075,"Pennsylvania","Lebanon County",4,62,1912,959,953
050,42,075,"Pennsylvania","Lebanon County",4,63,1873,933,940
050,42,075,"Pennsylvania","Lebanon County",4,64,1912,933,979
050,42,075,"Pennsylvania","Lebanon County",4,65,1885,912,973
050,42,075,"Pennsylvania","Lebanon County",4,66,1801,870,931
050,42,075,"Pennsylvania","Lebanon County",4,67,1796,880,916
050,42,075,"Pennsylvania","Lebanon County",4,68,1777,865,912
050,42,075,"Pennsylvania","Lebanon County",4,69,1718,813,905
050,42,075,"Pennsylvania","Lebanon County",4,70,1686,804,882
050,42,075,"Pennsylvania","Lebanon County",4,71,1548,757,791
050,42,075,"Pennsylvania","Lebanon County",4,72,1450,693,757
050,42,075,"Pennsylvania","Lebanon County",4,73,1466,688,778
050,42,075,"Pennsylvania","Lebanon County",4,74,1462,693,769
050,42,075,"Pennsylvania","Lebanon County",4,75,1559,751,808
050,42,075,"Pennsylvania","Lebanon County",4,76,1043,498,545
050,42,075,"Pennsylvania","Lebanon County",4,77,974,453,521
050,42,075,"Pennsylvania","Lebanon County",4,78,973,443,530
050,42,075,"Pennsylvania","Lebanon County",4,79,1012,455,557
050,42,075,"Pennsylvania","Lebanon County",4,80,882,372,510
050,42,075,"Pennsylvania","Lebanon County",4,81,788,324,464
050,42,075,"Pennsylvania","Lebanon County",4,82,717,294,423
050,42,075,"Pennsylvania","Lebanon County",4,83,649,263,386
050,42,075,"Pennsylvania","Lebanon County",4,84,560,232,328
050,42,075,"Pennsylvania","Lebanon County",4,85,3661,1206,2455
050,42,075,"Pennsylvania","Lebanon County",5,0,1563,788,775
050,42,075,"Pennsylvania","Lebanon County",5,1,1573,793,780
050,42,075,"Pennsylvania","Lebanon County",5,2,1564,779,785
050,42,075,"Pennsylvania","Lebanon County",5,3,1594,763,831
050,42,075,"Pennsylvania","Lebanon County",5,4,1574,803,771
050,42,075,"Pennsylvania","Lebanon County",5,5,1670,866,804
050,42,075,"Pennsylvania","Lebanon County",5,6,1756,910,846
050,42,075,"Pennsylvania","Lebanon County",5,7,1758,908,850
050,42,075,"Pennsylvania","Lebanon County",5,8,1850,917,933
050,42,075,"Pennsylvania","Lebanon County",5,9,1839,933,906
050,42,075,"Pennsylvania","Lebanon County",5,10,1928,1017,911
050,42,075,"Pennsylvania","Lebanon County",5,11,1945,988,957
050,42,075,"Pennsylvania","Lebanon County",5,12,1907,976,931
050,42,075,"Pennsylvania","Lebanon County",5,13,1982,962,1020
050,42,075,"Pennsylvania","Lebanon County",5,14,1915,961,954
050,42,075,"Pennsylvania","Lebanon County",5,15,1995,1025,970
050,42,075,"Pennsylvania","Lebanon County",5,16,1947,1007,940
050,42,075,"Pennsylvania","Lebanon County",5,17,1930,998,932
050,42,075,"Pennsylvania","Lebanon County",5,18,1778,910,868
050,42,075,"Pennsylvania","Lebanon County",5,19,1677,871,806
050,42,075,"Pennsylvania","Lebanon County",5,20,1738,883,855
050,42,075,"Pennsylvania","Lebanon County",5,21,1731,870,861
050,42,075,"Pennsylvania","Lebanon County",5,22,1746,887,859
050,42,075,"Pennsylvania","Lebanon County",5,23,1616,802,814
050,42,075,"Pennsylvania","Lebanon County",5,24,1590,811,779
050,42,075,"Pennsylvania","Lebanon County",5,25,1568,821,747
050,42,075,"Pennsylvania","Lebanon County",5,26,1577,814,763
050,42,075,"Pennsylvania","Lebanon County",5,27,1550,777,773
050,42,075,"Pennsylvania","Lebanon County",5,28,1621,807,814
050,42,075,"Pennsylvania","Lebanon County",5,29,1614,801,813
050,42,075,"Pennsylvania","Lebanon County",5,30,1703,879,824
050,42,075,"Pennsylvania","Lebanon County",5,31,1773,887,886
050,42,075,"Pennsylvania","Lebanon County",5,32,1760,888,872
050,42,075,"Pennsylvania","Lebanon County",5,33,1827,928,899
050,42,075,"Pennsylvania","Lebanon County",5,34,1751,868,883
050,42,075,"Pennsylvania","Lebanon County",5,35,1777,872,905
050,42,075,"Pennsylvania","Lebanon County",5,36,1719,867,852
050,42,075,"Pennsylvania","Lebanon County",5,37,1752,886,866
050,42,075,"Pennsylvania","Lebanon County",5,38,1766,857,909
050,42,075,"Pennsylvania","Lebanon County",5,39,1779,907,872
050,42,075,"Pennsylvania","Lebanon County",5,40,1801,911,890
050,42,075,"Pennsylvania","Lebanon County",5,41,1810,897,913
050,42,075,"Pennsylvania","Lebanon County",5,42,1764,865,899
050,42,075,"Pennsylvania","Lebanon County",5,43,1765,886,879
050,42,075,"Pennsylvania","Lebanon County",5,44,1742,872,870
050,42,075,"Pennsylvania","Lebanon County",5,45,1682,863,819
050,42,075,"Pennsylvania","Lebanon County",5,46,1646,845,801
050,42,075,"Pennsylvania","Lebanon County",5,47,1603,809,794
050,42,075,"Pennsylvania","Lebanon County",5,48,1618,814,804
050,42,075,"Pennsylvania","Lebanon County",5,49,1585,820,765
050,42,075,"Pennsylvania","Lebanon County",5,50,1659,842,817
050,42,075,"Pennsylvania","Lebanon County",5,51,1687,869,818
050,42,075,"Pennsylvania","Lebanon County",5,52,1835,939,896
050,42,075,"Pennsylvania","Lebanon County",5,53,1795,898,897
050,42,075,"Pennsylvania","Lebanon County",5,54,1708,850,858
050,42,075,"Pennsylvania","Lebanon County",5,55,1681,867,814
050,42,075,"Pennsylvania","Lebanon County",5,56,1763,914,849
050,42,075,"Pennsylvania","Lebanon County",5,57,1826,913,913
050,42,075,"Pennsylvania","Lebanon County",5,58,1871,900,971
050,42,075,"Pennsylvania","Lebanon County",5,59,1986,974,1012
050,42,075,"Pennsylvania","Lebanon County",5,60,1995,991,1004
050,42,075,"Pennsylvania","Lebanon County",5,61,2008,996,1012
050,42,075,"Pennsylvania","Lebanon County",5,62,1995,965,1030
050,42,075,"Pennsylvania","Lebanon County",5,63,1913,954,959
050,42,075,"Pennsylvania","Lebanon County",5,64,1867,915,952
050,42,075,"Pennsylvania","Lebanon County",5,65,1900,920,980
050,42,075,"Pennsylvania","Lebanon County",5,66,1841,876,965
050,42,075,"Pennsylvania","Lebanon County",5,67,1773,850,923
050,42,075,"Pennsylvania","Lebanon County",5,68,1800,891,909
050,42,075,"Pennsylvania","Lebanon County",5,69,1731,828,903
050,42,075,"Pennsylvania","Lebanon County",5,70,1672,790,882
050,42,075,"Pennsylvania","Lebanon County",5,71,1648,786,862
050,42,075,"Pennsylvania","Lebanon County",5,72,1486,721,765
050,42,075,"Pennsylvania","Lebanon County",5,73,1406,671,735
050,42,075,"Pennsylvania","Lebanon County",5,74,1432,674,758
050,42,075,"Pennsylvania","Lebanon County",5,75,1427,663,764
050,42,075,"Pennsylvania","Lebanon County",5,76,1522,724,798
050,42,075,"Pennsylvania","Lebanon County",5,77,1020,489,531
050,42,075,"Pennsylvania","Lebanon County",5,78,938,436,502
050,42,075,"Pennsylvania","Lebanon County",5,79,921,411,510
050,42,075,"Pennsylvania","Lebanon County",5,80,975,434,541
050,42,075,"Pennsylvania","Lebanon County",5,81,830,339,491
050,42,075,"Pennsylvania","Lebanon County",5,82,753,311,442
050,42,075,"Pennsylvania","Lebanon County",5,83,669,259,410
050,42,075,"Pennsylvania","Lebanon County",5,84,598,245,353
050,42,075,"Pennsylvania","Lebanon County",5,85,3602,1179,2423
050,42,077,"Pennsylvania","Lehigh County",1,0,4220,2144,2076
050,42,077,"Pennsylvania","Lehigh County",1,1,4381,2188,2193
050,42,077,"Pennsylvania","Lehigh County",1,2,4517,2361,2156
050,42,077,"Pennsylvania","Lehigh County",1,3,4579,2334,2245
050,42,077,"Pennsylvania","Lehigh County",1,4,4507,2318,2189
050,42,077,"Pennsylvania","Lehigh County",1,5,4609,2396,2213
050,42,077,"Pennsylvania","Lehigh County",1,6,4626,2331,2295
050,42,077,"Pennsylvania","Lehigh County",1,7,4605,2293,2312
050,42,077,"Pennsylvania","Lehigh County",1,8,4667,2395,2272
050,42,077,"Pennsylvania","Lehigh County",1,9,4689,2421,2268
050,42,077,"Pennsylvania","Lehigh County",1,10,4814,2537,2277
050,42,077,"Pennsylvania","Lehigh County",1,11,4880,2565,2315
050,42,077,"Pennsylvania","Lehigh County",1,12,5101,2725,2376
050,42,077,"Pennsylvania","Lehigh County",1,13,5063,2679,2384
050,42,077,"Pennsylvania","Lehigh County",1,14,4947,2586,2361
050,42,077,"Pennsylvania","Lehigh County",1,15,5006,2569,2437
050,42,077,"Pennsylvania","Lehigh County",1,16,5100,2621,2479
050,42,077,"Pennsylvania","Lehigh County",1,17,4996,2599,2397
050,42,077,"Pennsylvania","Lehigh County",1,18,4944,2516,2428
050,42,077,"Pennsylvania","Lehigh County",1,19,4775,2345,2430
050,42,077,"Pennsylvania","Lehigh County",1,20,4858,2357,2501
050,42,077,"Pennsylvania","Lehigh County",1,21,4831,2406,2425
050,42,077,"Pennsylvania","Lehigh County",1,22,4588,2233,2355
050,42,077,"Pennsylvania","Lehigh County",1,23,4323,2156,2167
050,42,077,"Pennsylvania","Lehigh County",1,24,4497,2209,2288
050,42,077,"Pennsylvania","Lehigh County",1,25,4657,2354,2303
050,42,077,"Pennsylvania","Lehigh County",1,26,4723,2347,2376
050,42,077,"Pennsylvania","Lehigh County",1,27,4778,2402,2376
050,42,077,"Pennsylvania","Lehigh County",1,28,4811,2406,2405
050,42,077,"Pennsylvania","Lehigh County",1,29,4940,2498,2442
050,42,077,"Pennsylvania","Lehigh County",1,30,5037,2521,2516
050,42,077,"Pennsylvania","Lehigh County",1,31,4918,2501,2417
050,42,077,"Pennsylvania","Lehigh County",1,32,4932,2471,2461
050,42,077,"Pennsylvania","Lehigh County",1,33,5019,2481,2538
050,42,077,"Pennsylvania","Lehigh County",1,34,4899,2436,2463
050,42,077,"Pennsylvania","Lehigh County",1,35,4847,2481,2366
050,42,077,"Pennsylvania","Lehigh County",1,36,4930,2493,2437
050,42,077,"Pennsylvania","Lehigh County",1,37,4943,2489,2454
050,42,077,"Pennsylvania","Lehigh County",1,38,4901,2469,2432
050,42,077,"Pennsylvania","Lehigh County",1,39,4952,2469,2483
050,42,077,"Pennsylvania","Lehigh County",1,40,4951,2474,2477
050,42,077,"Pennsylvania","Lehigh County",1,41,4671,2342,2329
050,42,077,"Pennsylvania","Lehigh County",1,42,4723,2411,2312
050,42,077,"Pennsylvania","Lehigh County",1,43,4539,2289,2250
050,42,077,"Pennsylvania","Lehigh County",1,44,4351,2170,2181
050,42,077,"Pennsylvania","Lehigh County",1,45,4332,2156,2176
050,42,077,"Pennsylvania","Lehigh County",1,46,4364,2179,2185
050,42,077,"Pennsylvania","Lehigh County",1,47,4500,2229,2271
050,42,077,"Pennsylvania","Lehigh County",1,48,4676,2306,2370
050,42,077,"Pennsylvania","Lehigh County",1,49,4930,2493,2437
050,42,077,"Pennsylvania","Lehigh County",1,50,4732,2333,2399
050,42,077,"Pennsylvania","Lehigh County",1,51,4654,2298,2356
050,42,077,"Pennsylvania","Lehigh County",1,52,4673,2270,2403
050,42,077,"Pennsylvania","Lehigh County",1,53,4803,2355,2448
050,42,077,"Pennsylvania","Lehigh County",1,54,4868,2424,2444
050,42,077,"Pennsylvania","Lehigh County",1,55,5017,2476,2541
050,42,077,"Pennsylvania","Lehigh County",1,56,5132,2538,2594
050,42,077,"Pennsylvania","Lehigh County",1,57,5015,2466,2549
050,42,077,"Pennsylvania","Lehigh County",1,58,5094,2473,2621
050,42,077,"Pennsylvania","Lehigh County",1,59,5097,2535,2562
050,42,077,"Pennsylvania","Lehigh County",1,60,5042,2525,2517
050,42,077,"Pennsylvania","Lehigh County",1,61,5060,2487,2573
050,42,077,"Pennsylvania","Lehigh County",1,62,4983,2437,2546
050,42,077,"Pennsylvania","Lehigh County",1,63,4773,2297,2476
050,42,077,"Pennsylvania","Lehigh County",1,64,4553,2149,2404
050,42,077,"Pennsylvania","Lehigh County",1,65,4455,2132,2323
050,42,077,"Pennsylvania","Lehigh County",1,66,4216,1956,2260
050,42,077,"Pennsylvania","Lehigh County",1,67,4066,1955,2111
050,42,077,"Pennsylvania","Lehigh County",1,68,3982,1931,2051
050,42,077,"Pennsylvania","Lehigh County",1,69,3582,1737,1845
050,42,077,"Pennsylvania","Lehigh County",1,70,3536,1634,1902
050,42,077,"Pennsylvania","Lehigh County",1,71,3554,1625,1929
050,42,077,"Pennsylvania","Lehigh County",1,72,3674,1692,1982
050,42,077,"Pennsylvania","Lehigh County",1,73,3560,1704,1856
050,42,077,"Pennsylvania","Lehigh County",1,74,2402,1080,1322
050,42,077,"Pennsylvania","Lehigh County",1,75,2322,1050,1272
050,42,077,"Pennsylvania","Lehigh County",1,76,2447,1086,1361
050,42,077,"Pennsylvania","Lehigh County",1,77,2555,1134,1421
050,42,077,"Pennsylvania","Lehigh County",1,78,2102,913,1189
050,42,077,"Pennsylvania","Lehigh County",1,79,1820,817,1003
050,42,077,"Pennsylvania","Lehigh County",1,80,1629,705,924
050,42,077,"Pennsylvania","Lehigh County",1,81,1669,710,959
050,42,077,"Pennsylvania","Lehigh County",1,82,1492,617,875
050,42,077,"Pennsylvania","Lehigh County",1,83,1300,502,798
050,42,077,"Pennsylvania","Lehigh County",1,84,1261,513,748
050,42,077,"Pennsylvania","Lehigh County",1,85,8004,2641,5363
050,42,077,"Pennsylvania","Lehigh County",2,0,4198,2156,2042
050,42,077,"Pennsylvania","Lehigh County",2,1,4356,2189,2167
050,42,077,"Pennsylvania","Lehigh County",2,2,4495,2319,2176
050,42,077,"Pennsylvania","Lehigh County",2,3,4554,2332,2222
050,42,077,"Pennsylvania","Lehigh County",2,4,4542,2333,2209
050,42,077,"Pennsylvania","Lehigh County",2,5,4601,2382,2219
050,42,077,"Pennsylvania","Lehigh County",2,6,4639,2352,2287
050,42,077,"Pennsylvania","Lehigh County",2,7,4615,2300,2315
050,42,077,"Pennsylvania","Lehigh County",2,8,4646,2364,2282
050,42,077,"Pennsylvania","Lehigh County",2,9,4686,2415,2271
050,42,077,"Pennsylvania","Lehigh County",2,10,4787,2510,2277
050,42,077,"Pennsylvania","Lehigh County",2,11,4852,2555,2297
050,42,077,"Pennsylvania","Lehigh County",2,12,5075,2701,2374
050,42,077,"Pennsylvania","Lehigh County",2,13,5068,2682,2386
050,42,077,"Pennsylvania","Lehigh County",2,14,4976,2607,2369
050,42,077,"Pennsylvania","Lehigh County",2,15,4992,2574,2418
050,42,077,"Pennsylvania","Lehigh County",2,16,5080,2610,2470
050,42,077,"Pennsylvania","Lehigh County",2,17,5021,2606,2415
050,42,077,"Pennsylvania","Lehigh County",2,18,4916,2507,2409
050,42,077,"Pennsylvania","Lehigh County",2,19,4800,2363,2437
050,42,077,"Pennsylvania","Lehigh County",2,20,4901,2390,2511
050,42,077,"Pennsylvania","Lehigh County",2,21,4843,2390,2453
050,42,077,"Pennsylvania","Lehigh County",2,22,4595,2259,2336
050,42,077,"Pennsylvania","Lehigh County",2,23,4360,2167,2193
050,42,077,"Pennsylvania","Lehigh County",2,24,4467,2206,2261
050,42,077,"Pennsylvania","Lehigh County",2,25,4617,2317,2300
050,42,077,"Pennsylvania","Lehigh County",2,26,4708,2350,2358
050,42,077,"Pennsylvania","Lehigh County",2,27,4743,2379,2364
050,42,077,"Pennsylvania","Lehigh County",2,28,4805,2404,2401
050,42,077,"Pennsylvania","Lehigh County",2,29,4916,2478,2438
050,42,077,"Pennsylvania","Lehigh County",2,30,5042,2529,2513
050,42,077,"Pennsylvania","Lehigh County",2,31,4942,2505,2437
050,42,077,"Pennsylvania","Lehigh County",2,32,4939,2476,2463
050,42,077,"Pennsylvania","Lehigh County",2,33,5004,2482,2522
050,42,077,"Pennsylvania","Lehigh County",2,34,4940,2450,2490
050,42,077,"Pennsylvania","Lehigh County",2,35,4904,2494,2410
050,42,077,"Pennsylvania","Lehigh County",2,36,4890,2479,2411
050,42,077,"Pennsylvania","Lehigh County",2,37,4961,2497,2464
050,42,077,"Pennsylvania","Lehigh County",2,38,4940,2486,2454
050,42,077,"Pennsylvania","Lehigh County",2,39,4932,2464,2468
050,42,077,"Pennsylvania","Lehigh County",2,40,4984,2493,2491
050,42,077,"Pennsylvania","Lehigh County",2,41,4735,2370,2365
050,42,077,"Pennsylvania","Lehigh County",2,42,4700,2394,2306
050,42,077,"Pennsylvania","Lehigh County",2,43,4602,2325,2277
050,42,077,"Pennsylvania","Lehigh County",2,44,4354,2175,2179
050,42,077,"Pennsylvania","Lehigh County",2,45,4356,2173,2183
050,42,077,"Pennsylvania","Lehigh County",2,46,4342,2167,2175
050,42,077,"Pennsylvania","Lehigh County",2,47,4457,2208,2249
050,42,077,"Pennsylvania","Lehigh County",2,48,4617,2277,2340
050,42,077,"Pennsylvania","Lehigh County",2,49,4876,2453,2423
050,42,077,"Pennsylvania","Lehigh County",2,50,4772,2373,2399
050,42,077,"Pennsylvania","Lehigh County",2,51,4649,2290,2359
050,42,077,"Pennsylvania","Lehigh County",2,52,4645,2259,2386
050,42,077,"Pennsylvania","Lehigh County",2,53,4762,2329,2433
050,42,077,"Pennsylvania","Lehigh County",2,54,4829,2395,2434
050,42,077,"Pennsylvania","Lehigh County",2,55,4969,2454,2515
050,42,077,"Pennsylvania","Lehigh County",2,56,5104,2521,2583
050,42,077,"Pennsylvania","Lehigh County",2,57,5030,2477,2553
050,42,077,"Pennsylvania","Lehigh County",2,58,5062,2462,2600
050,42,077,"Pennsylvania","Lehigh County",2,59,5101,2525,2576
050,42,077,"Pennsylvania","Lehigh County",2,60,5036,2519,2517
050,42,077,"Pennsylvania","Lehigh County",2,61,5018,2473,2545
050,42,077,"Pennsylvania","Lehigh County",2,62,4974,2428,2546
050,42,077,"Pennsylvania","Lehigh County",2,63,4848,2337,2511
050,42,077,"Pennsylvania","Lehigh County",2,64,4568,2165,2403
050,42,077,"Pennsylvania","Lehigh County",2,65,4457,2122,2335
050,42,077,"Pennsylvania","Lehigh County",2,66,4259,1993,2266
050,42,077,"Pennsylvania","Lehigh County",2,67,4068,1938,2130
050,42,077,"Pennsylvania","Lehigh County",2,68,3970,1921,2049
050,42,077,"Pennsylvania","Lehigh County",2,69,3690,1786,1904
050,42,077,"Pennsylvania","Lehigh County",2,70,3522,1642,1880
050,42,077,"Pennsylvania","Lehigh County",2,71,3524,1615,1909
050,42,077,"Pennsylvania","Lehigh County",2,72,3561,1630,1931
050,42,077,"Pennsylvania","Lehigh County",2,73,3724,1759,1965
050,42,077,"Pennsylvania","Lehigh County",2,74,2514,1150,1364
050,42,077,"Pennsylvania","Lehigh County",2,75,2339,1055,1284
050,42,077,"Pennsylvania","Lehigh County",2,76,2369,1055,1314
050,42,077,"Pennsylvania","Lehigh County",2,77,2558,1132,1426
050,42,077,"Pennsylvania","Lehigh County",2,78,2147,932,1215
050,42,077,"Pennsylvania","Lehigh County",2,79,1855,825,1030
050,42,077,"Pennsylvania","Lehigh County",2,80,1651,712,939
050,42,077,"Pennsylvania","Lehigh County",2,81,1619,693,926
050,42,077,"Pennsylvania","Lehigh County",2,82,1513,634,879
050,42,077,"Pennsylvania","Lehigh County",2,83,1308,515,793
050,42,077,"Pennsylvania","Lehigh County",2,84,1239,497,742
050,42,077,"Pennsylvania","Lehigh County",2,85,7876,2618,5258
050,42,077,"Pennsylvania","Lehigh County",3,0,3976,2038,1938
050,42,077,"Pennsylvania","Lehigh County",3,1,4302,2236,2066
050,42,077,"Pennsylvania","Lehigh County",3,2,4454,2239,2215
050,42,077,"Pennsylvania","Lehigh County",3,3,4578,2348,2230
050,42,077,"Pennsylvania","Lehigh County",3,4,4556,2308,2248
050,42,077,"Pennsylvania","Lehigh County",3,5,4612,2364,2248
050,42,077,"Pennsylvania","Lehigh County",3,6,4669,2410,2259
050,42,077,"Pennsylvania","Lehigh County",3,7,4634,2344,2290
050,42,077,"Pennsylvania","Lehigh County",3,8,4684,2360,2324
050,42,077,"Pennsylvania","Lehigh County",3,9,4698,2378,2320
050,42,077,"Pennsylvania","Lehigh County",3,10,4741,2416,2325
050,42,077,"Pennsylvania","Lehigh County",3,11,4805,2517,2288
050,42,077,"Pennsylvania","Lehigh County",3,12,4894,2552,2342
050,42,077,"Pennsylvania","Lehigh County",3,13,5084,2707,2377
050,42,077,"Pennsylvania","Lehigh County",3,14,5078,2685,2393
050,42,077,"Pennsylvania","Lehigh County",3,15,4961,2575,2386
050,42,077,"Pennsylvania","Lehigh County",3,16,4998,2589,2409
050,42,077,"Pennsylvania","Lehigh County",3,17,5080,2608,2472
050,42,077,"Pennsylvania","Lehigh County",3,18,4962,2542,2420
050,42,077,"Pennsylvania","Lehigh County",3,19,4795,2394,2401
050,42,077,"Pennsylvania","Lehigh County",3,20,4901,2427,2474
050,42,077,"Pennsylvania","Lehigh County",3,21,4965,2398,2567
050,42,077,"Pennsylvania","Lehigh County",3,22,4675,2334,2341
050,42,077,"Pennsylvania","Lehigh County",3,23,4483,2242,2241
050,42,077,"Pennsylvania","Lehigh County",3,24,4485,2239,2246
050,42,077,"Pennsylvania","Lehigh County",3,25,4569,2254,2315
050,42,077,"Pennsylvania","Lehigh County",3,26,4722,2355,2367
050,42,077,"Pennsylvania","Lehigh County",3,27,4771,2412,2359
050,42,077,"Pennsylvania","Lehigh County",3,28,4795,2389,2406
050,42,077,"Pennsylvania","Lehigh County",3,29,4842,2407,2435
050,42,077,"Pennsylvania","Lehigh County",3,30,4997,2502,2495
050,42,077,"Pennsylvania","Lehigh County",3,31,5064,2534,2530
050,42,077,"Pennsylvania","Lehigh County",3,32,5048,2552,2496
050,42,077,"Pennsylvania","Lehigh County",3,33,5005,2527,2478
050,42,077,"Pennsylvania","Lehigh County",3,34,5020,2466,2554
050,42,077,"Pennsylvania","Lehigh County",3,35,5009,2490,2519
050,42,077,"Pennsylvania","Lehigh County",3,36,4922,2505,2417
050,42,077,"Pennsylvania","Lehigh County",3,37,4919,2495,2424
050,42,077,"Pennsylvania","Lehigh County",3,38,5027,2540,2487
050,42,077,"Pennsylvania","Lehigh County",3,39,4992,2526,2466
050,42,077,"Pennsylvania","Lehigh County",3,40,4963,2514,2449
050,42,077,"Pennsylvania","Lehigh County",3,41,5020,2477,2543
050,42,077,"Pennsylvania","Lehigh County",3,42,4716,2378,2338
050,42,077,"Pennsylvania","Lehigh County",3,43,4702,2377,2325
050,42,077,"Pennsylvania","Lehigh County",3,44,4589,2312,2277
050,42,077,"Pennsylvania","Lehigh County",3,45,4374,2178,2196
050,42,077,"Pennsylvania","Lehigh County",3,46,4399,2202,2197
050,42,077,"Pennsylvania","Lehigh County",3,47,4350,2164,2186
050,42,077,"Pennsylvania","Lehigh County",3,48,4465,2203,2262
050,42,077,"Pennsylvania","Lehigh County",3,49,4599,2268,2331
050,42,077,"Pennsylvania","Lehigh County",3,50,4852,2442,2410
050,42,077,"Pennsylvania","Lehigh County",3,51,4770,2379,2391
050,42,077,"Pennsylvania","Lehigh County",3,52,4612,2260,2352
050,42,077,"Pennsylvania","Lehigh County",3,53,4619,2243,2376
050,42,077,"Pennsylvania","Lehigh County",3,54,4713,2315,2398
050,42,077,"Pennsylvania","Lehigh County",3,55,4786,2388,2398
050,42,077,"Pennsylvania","Lehigh County",3,56,4922,2433,2489
050,42,077,"Pennsylvania","Lehigh County",3,57,5050,2507,2543
050,42,077,"Pennsylvania","Lehigh County",3,58,4964,2433,2531
050,42,077,"Pennsylvania","Lehigh County",3,59,5006,2453,2553
050,42,077,"Pennsylvania","Lehigh County",3,60,5061,2507,2554
050,42,077,"Pennsylvania","Lehigh County",3,61,4944,2473,2471
050,42,077,"Pennsylvania","Lehigh County",3,62,4936,2419,2517
050,42,077,"Pennsylvania","Lehigh County",3,63,4931,2411,2520
050,42,077,"Pennsylvania","Lehigh County",3,64,4731,2280,2451
050,42,077,"Pennsylvania","Lehigh County",3,65,4496,2141,2355
050,42,077,"Pennsylvania","Lehigh County",3,66,4362,2071,2291
050,42,077,"Pennsylvania","Lehigh County",3,67,4146,1946,2200
050,42,077,"Pennsylvania","Lehigh County",3,68,4009,1911,2098
050,42,077,"Pennsylvania","Lehigh County",3,69,3871,1863,2008
050,42,077,"Pennsylvania","Lehigh County",3,70,3610,1737,1873
050,42,077,"Pennsylvania","Lehigh County",3,71,3431,1588,1843
050,42,077,"Pennsylvania","Lehigh County",3,72,3435,1570,1865
050,42,077,"Pennsylvania","Lehigh County",3,73,3475,1593,1882
050,42,077,"Pennsylvania","Lehigh County",3,74,3628,1685,1943
050,42,077,"Pennsylvania","Lehigh County",3,75,2419,1090,1329
050,42,077,"Pennsylvania","Lehigh County",3,76,2239,1014,1225
050,42,077,"Pennsylvania","Lehigh County",3,77,2268,995,1273
050,42,077,"Pennsylvania","Lehigh County",3,78,2478,1082,1396
050,42,077,"Pennsylvania","Lehigh County",3,79,2039,874,1165
050,42,077,"Pennsylvania","Lehigh County",3,80,1743,759,984
050,42,077,"Pennsylvania","Lehigh County",3,81,1562,668,894
050,42,077,"Pennsylvania","Lehigh County",3,82,1546,654,892
050,42,077,"Pennsylvania","Lehigh County",3,83,1377,559,818
050,42,077,"Pennsylvania","Lehigh County",3,84,1201,466,735
050,42,077,"Pennsylvania","Lehigh County",3,85,7708,2574,5134
050,42,077,"Pennsylvania","Lehigh County",4,0,3936,2004,1932
050,42,077,"Pennsylvania","Lehigh County",4,1,3960,2006,1954
050,42,077,"Pennsylvania","Lehigh County",4,2,4362,2276,2086
050,42,077,"Pennsylvania","Lehigh County",4,3,4526,2259,2267
050,42,077,"Pennsylvania","Lehigh County",4,4,4691,2405,2286
050,42,077,"Pennsylvania","Lehigh County",4,5,4634,2350,2284
050,42,077,"Pennsylvania","Lehigh County",4,6,4682,2401,2281
050,42,077,"Pennsylvania","Lehigh County",4,7,4775,2473,2302
050,42,077,"Pennsylvania","Lehigh County",4,8,4624,2323,2301
050,42,077,"Pennsylvania","Lehigh County",4,9,4720,2389,2331
050,42,077,"Pennsylvania","Lehigh County",4,10,4665,2368,2297
050,42,077,"Pennsylvania","Lehigh County",4,11,4751,2433,2318
050,42,077,"Pennsylvania","Lehigh County",4,12,4801,2495,2306
050,42,077,"Pennsylvania","Lehigh County",4,13,4898,2545,2353
050,42,077,"Pennsylvania","Lehigh County",4,14,5058,2691,2367
050,42,077,"Pennsylvania","Lehigh County",4,15,5050,2664,2386
050,42,077,"Pennsylvania","Lehigh County",4,16,4969,2569,2400
050,42,077,"Pennsylvania","Lehigh County",4,17,4954,2554,2400
050,42,077,"Pennsylvania","Lehigh County",4,18,4942,2494,2448
050,42,077,"Pennsylvania","Lehigh County",4,19,4786,2387,2399
050,42,077,"Pennsylvania","Lehigh County",4,20,4863,2431,2432
050,42,077,"Pennsylvania","Lehigh County",4,21,4961,2443,2518
050,42,077,"Pennsylvania","Lehigh County",4,22,4774,2327,2447
050,42,077,"Pennsylvania","Lehigh County",4,23,4504,2271,2233
050,42,077,"Pennsylvania","Lehigh County",4,24,4505,2265,2240
050,42,077,"Pennsylvania","Lehigh County",4,25,4460,2224,2236
050,42,077,"Pennsylvania","Lehigh County",4,26,4595,2289,2306
050,42,077,"Pennsylvania","Lehigh County",4,27,4715,2367,2348
050,42,077,"Pennsylvania","Lehigh County",4,28,4827,2413,2414
050,42,077,"Pennsylvania","Lehigh County",4,29,4886,2471,2415
050,42,077,"Pennsylvania","Lehigh County",4,30,4958,2470,2488
050,42,077,"Pennsylvania","Lehigh County",4,31,5069,2567,2502
050,42,077,"Pennsylvania","Lehigh County",4,32,5096,2536,2560
050,42,077,"Pennsylvania","Lehigh County",4,33,5102,2607,2495
050,42,077,"Pennsylvania","Lehigh County",4,34,5105,2564,2541
050,42,077,"Pennsylvania","Lehigh County",4,35,5045,2519,2526
050,42,077,"Pennsylvania","Lehigh County",4,36,5050,2540,2510
050,42,077,"Pennsylvania","Lehigh County",4,37,4985,2549,2436
050,42,077,"Pennsylvania","Lehigh County",4,38,4953,2529,2424
050,42,077,"Pennsylvania","Lehigh County",4,39,5081,2555,2526
050,42,077,"Pennsylvania","Lehigh County",4,40,4971,2510,2461
050,42,077,"Pennsylvania","Lehigh County",4,41,4998,2528,2470
050,42,077,"Pennsylvania","Lehigh County",4,42,5040,2510,2530
050,42,077,"Pennsylvania","Lehigh County",4,43,4698,2341,2357
050,42,077,"Pennsylvania","Lehigh County",4,44,4685,2353,2332
050,42,077,"Pennsylvania","Lehigh County",4,45,4573,2309,2264
050,42,077,"Pennsylvania","Lehigh County",4,46,4455,2250,2205
050,42,077,"Pennsylvania","Lehigh County",4,47,4408,2211,2197
050,42,077,"Pennsylvania","Lehigh County",4,48,4349,2152,2197
050,42,077,"Pennsylvania","Lehigh County",4,49,4437,2187,2250
050,42,077,"Pennsylvania","Lehigh County",4,50,4602,2259,2343
050,42,077,"Pennsylvania","Lehigh County",4,51,4845,2441,2404
050,42,077,"Pennsylvania","Lehigh County",4,52,4724,2350,2374
050,42,077,"Pennsylvania","Lehigh County",4,53,4586,2245,2341
050,42,077,"Pennsylvania","Lehigh County",4,54,4595,2239,2356
050,42,077,"Pennsylvania","Lehigh County",4,55,4650,2288,2362
050,42,077,"Pennsylvania","Lehigh County",4,56,4778,2385,2393
050,42,077,"Pennsylvania","Lehigh County",4,57,4876,2409,2467
050,42,077,"Pennsylvania","Lehigh County",4,58,4976,2478,2498
050,42,077,"Pennsylvania","Lehigh County",4,59,4893,2395,2498
050,42,077,"Pennsylvania","Lehigh County",4,60,4934,2420,2514
050,42,077,"Pennsylvania","Lehigh County",4,61,4961,2463,2498
050,42,077,"Pennsylvania","Lehigh County",4,62,4851,2418,2433
050,42,077,"Pennsylvania","Lehigh County",4,63,4820,2347,2473
050,42,077,"Pennsylvania","Lehigh County",4,64,4846,2386,2460
050,42,077,"Pennsylvania","Lehigh County",4,65,4635,2211,2424
050,42,077,"Pennsylvania","Lehigh County",4,66,4388,2079,2309
050,42,077,"Pennsylvania","Lehigh County",4,67,4291,2053,2238
050,42,077,"Pennsylvania","Lehigh County",4,68,4069,1918,2151
050,42,077,"Pennsylvania","Lehigh County",4,69,3911,1855,2056
050,42,077,"Pennsylvania","Lehigh County",4,70,3779,1816,1963
050,42,077,"Pennsylvania","Lehigh County",4,71,3526,1685,1841
050,42,077,"Pennsylvania","Lehigh County",4,72,3340,1543,1797
050,42,077,"Pennsylvania","Lehigh County",4,73,3347,1536,1811
050,42,077,"Pennsylvania","Lehigh County",4,74,3378,1522,1856
050,42,077,"Pennsylvania","Lehigh County",4,75,3518,1614,1904
050,42,077,"Pennsylvania","Lehigh County",4,76,2317,1044,1273
050,42,077,"Pennsylvania","Lehigh County",4,77,2158,960,1198
050,42,077,"Pennsylvania","Lehigh County",4,78,2183,952,1231
050,42,077,"Pennsylvania","Lehigh County",4,79,2368,1033,1335
050,42,077,"Pennsylvania","Lehigh County",4,80,1928,806,1122
050,42,077,"Pennsylvania","Lehigh County",4,81,1683,728,955
050,42,077,"Pennsylvania","Lehigh County",4,82,1474,627,847
050,42,077,"Pennsylvania","Lehigh County",4,83,1411,583,828
050,42,077,"Pennsylvania","Lehigh County",4,84,1258,510,748
050,42,077,"Pennsylvania","Lehigh County",4,85,7443,2475,4968
050,42,077,"Pennsylvania","Lehigh County",5,0,3901,1990,1911
050,42,077,"Pennsylvania","Lehigh County",5,1,4019,2036,1983
050,42,077,"Pennsylvania","Lehigh County",5,2,4056,2063,1993
050,42,077,"Pennsylvania","Lehigh County",5,3,4416,2276,2140
050,42,077,"Pennsylvania","Lehigh County",5,4,4638,2341,2297
050,42,077,"Pennsylvania","Lehigh County",5,5,4744,2412,2332
050,42,077,"Pennsylvania","Lehigh County",5,6,4673,2353,2320
050,42,077,"Pennsylvania","Lehigh County",5,7,4754,2415,2339
050,42,077,"Pennsylvania","Lehigh County",5,8,4763,2478,2285
050,42,077,"Pennsylvania","Lehigh County",5,9,4717,2386,2331
050,42,077,"Pennsylvania","Lehigh County",5,10,4807,2438,2369
050,42,077,"Pennsylvania","Lehigh County",5,11,4698,2413,2285
050,42,077,"Pennsylvania","Lehigh County",5,12,4753,2432,2321
050,42,077,"Pennsylvania","Lehigh County",5,13,4826,2492,2334
050,42,077,"Pennsylvania","Lehigh County",5,14,4890,2540,2350
050,42,077,"Pennsylvania","Lehigh County",5,15,5082,2692,2390
050,42,077,"Pennsylvania","Lehigh County",5,16,5075,2677,2398
050,42,077,"Pennsylvania","Lehigh County",5,17,4919,2539,2380
050,42,077,"Pennsylvania","Lehigh County",5,18,4906,2478,2428
050,42,077,"Pennsylvania","Lehigh County",5,19,4816,2383,2433
050,42,077,"Pennsylvania","Lehigh County",5,20,4936,2485,2451
050,42,077,"Pennsylvania","Lehigh County",5,21,4934,2454,2480
050,42,077,"Pennsylvania","Lehigh County",5,22,4847,2409,2438
050,42,077,"Pennsylvania","Lehigh County",5,23,4646,2313,2333
050,42,077,"Pennsylvania","Lehigh County",5,24,4526,2280,2246
050,42,077,"Pennsylvania","Lehigh County",5,25,4456,2277,2179
050,42,077,"Pennsylvania","Lehigh County",5,26,4439,2194,2245
050,42,077,"Pennsylvania","Lehigh County",5,27,4559,2284,2275
050,42,077,"Pennsylvania","Lehigh County",5,28,4742,2366,2376
050,42,077,"Pennsylvania","Lehigh County",5,29,4867,2442,2425
050,42,077,"Pennsylvania","Lehigh County",5,30,4928,2495,2433
050,42,077,"Pennsylvania","Lehigh County",5,31,4967,2463,2504
050,42,077,"Pennsylvania","Lehigh County",5,32,5076,2546,2530
050,42,077,"Pennsylvania","Lehigh County",5,33,5120,2537,2583
050,42,077,"Pennsylvania","Lehigh County",5,34,5232,2667,2565
050,42,077,"Pennsylvania","Lehigh County",5,35,5180,2611,2569
050,42,077,"Pennsylvania","Lehigh County",5,36,5108,2563,2545
050,42,077,"Pennsylvania","Lehigh County",5,37,5069,2554,2515
050,42,077,"Pennsylvania","Lehigh County",5,38,5058,2581,2477
050,42,077,"Pennsylvania","Lehigh County",5,39,4941,2511,2430
050,42,077,"Pennsylvania","Lehigh County",5,40,5139,2598,2541
050,42,077,"Pennsylvania","Lehigh County",5,41,5047,2549,2498
050,42,077,"Pennsylvania","Lehigh County",5,42,5034,2560,2474
050,42,077,"Pennsylvania","Lehigh County",5,43,5062,2508,2554
050,42,077,"Pennsylvania","Lehigh County",5,44,4692,2337,2355
050,42,077,"Pennsylvania","Lehigh County",5,45,4686,2360,2326
050,42,077,"Pennsylvania","Lehigh County",5,46,4615,2355,2260
050,42,077,"Pennsylvania","Lehigh County",5,47,4436,2217,2219
050,42,077,"Pennsylvania","Lehigh County",5,48,4423,2200,2223
050,42,077,"Pennsylvania","Lehigh County",5,49,4331,2128,2203
050,42,077,"Pennsylvania","Lehigh County",5,50,4436,2184,2252
050,42,077,"Pennsylvania","Lehigh County",5,51,4600,2266,2334
050,42,077,"Pennsylvania","Lehigh County",5,52,4830,2424,2406
050,42,077,"Pennsylvania","Lehigh County",5,53,4719,2336,2383
050,42,077,"Pennsylvania","Lehigh County",5,54,4555,2239,2316
050,42,077,"Pennsylvania","Lehigh County",5,55,4573,2231,2342
050,42,077,"Pennsylvania","Lehigh County",5,56,4599,2260,2339
050,42,077,"Pennsylvania","Lehigh County",5,57,4748,2360,2388
050,42,077,"Pennsylvania","Lehigh County",5,58,4785,2348,2437
050,42,077,"Pennsylvania","Lehigh County",5,59,4894,2435,2459
050,42,077,"Pennsylvania","Lehigh County",5,60,4871,2381,2490
050,42,077,"Pennsylvania","Lehigh County",5,61,4854,2353,2501
050,42,077,"Pennsylvania","Lehigh County",5,62,4864,2407,2457
050,42,077,"Pennsylvania","Lehigh County",5,63,4801,2367,2434
050,42,077,"Pennsylvania","Lehigh County",5,64,4759,2332,2427
050,42,077,"Pennsylvania","Lehigh County",5,65,4775,2336,2439
050,42,077,"Pennsylvania","Lehigh County",5,66,4528,2150,2378
050,42,077,"Pennsylvania","Lehigh County",5,67,4304,2051,2253
050,42,077,"Pennsylvania","Lehigh County",5,68,4244,2021,2223
050,42,077,"Pennsylvania","Lehigh County",5,69,4004,1898,2106
050,42,077,"Pennsylvania","Lehigh County",5,70,3861,1828,2033
050,42,077,"Pennsylvania","Lehigh County",5,71,3714,1780,1934
050,42,077,"Pennsylvania","Lehigh County",5,72,3444,1646,1798
050,42,077,"Pennsylvania","Lehigh County",5,73,3273,1514,1759
050,42,077,"Pennsylvania","Lehigh County",5,74,3273,1483,1790
050,42,077,"Pennsylvania","Lehigh County",5,75,3291,1472,1819
050,42,077,"Pennsylvania","Lehigh County",5,76,3415,1561,1854
050,42,077,"Pennsylvania","Lehigh County",5,77,2235,999,1236
050,42,077,"Pennsylvania","Lehigh County",5,78,2084,914,1170
050,42,077,"Pennsylvania","Lehigh County",5,79,2112,914,1198
050,42,077,"Pennsylvania","Lehigh County",5,80,2248,959,1289
050,42,077,"Pennsylvania","Lehigh County",5,81,1854,776,1078
050,42,077,"Pennsylvania","Lehigh County",5,82,1609,698,911
050,42,077,"Pennsylvania","Lehigh County",5,83,1360,571,789
050,42,077,"Pennsylvania","Lehigh County",5,84,1297,538,759
050,42,077,"Pennsylvania","Lehigh County",5,85,7392,2501,4891
050,42,079,"Pennsylvania","Luzerne County",1,0,3315,1699,1616
050,42,079,"Pennsylvania","Luzerne County",1,1,3415,1738,1677
050,42,079,"Pennsylvania","Luzerne County",1,2,3507,1765,1742
050,42,079,"Pennsylvania","Luzerne County",1,3,3555,1817,1738
050,42,079,"Pennsylvania","Luzerne County",1,4,3492,1756,1736
050,42,079,"Pennsylvania","Luzerne County",1,5,3510,1786,1724
050,42,079,"Pennsylvania","Luzerne County",1,6,3525,1759,1766
050,42,079,"Pennsylvania","Luzerne County",1,7,3496,1744,1752
050,42,079,"Pennsylvania","Luzerne County",1,8,3569,1830,1739
050,42,079,"Pennsylvania","Luzerne County",1,9,3647,1857,1790
050,42,079,"Pennsylvania","Luzerne County",1,10,3729,1922,1807
050,42,079,"Pennsylvania","Luzerne County",1,11,3719,1895,1824
050,42,079,"Pennsylvania","Luzerne County",1,12,3831,1944,1887
050,42,079,"Pennsylvania","Luzerne County",1,13,3776,1954,1822
050,42,079,"Pennsylvania","Luzerne County",1,14,3804,1976,1828
050,42,079,"Pennsylvania","Luzerne County",1,15,3910,1993,1917
050,42,079,"Pennsylvania","Luzerne County",1,16,4075,2085,1990
050,42,079,"Pennsylvania","Luzerne County",1,17,4137,2164,1973
050,42,079,"Pennsylvania","Luzerne County",1,18,4189,2222,1967
050,42,079,"Pennsylvania","Luzerne County",1,19,4153,2157,1996
050,42,079,"Pennsylvania","Luzerne County",1,20,3966,2083,1883
050,42,079,"Pennsylvania","Luzerne County",1,21,3921,1989,1932
050,42,079,"Pennsylvania","Luzerne County",1,22,3783,1907,1876
050,42,079,"Pennsylvania","Luzerne County",1,23,3708,1894,1814
050,42,079,"Pennsylvania","Luzerne County",1,24,3773,1944,1829
050,42,079,"Pennsylvania","Luzerne County",1,25,3820,2036,1784
050,42,079,"Pennsylvania","Luzerne County",1,26,3920,2124,1796
050,42,079,"Pennsylvania","Luzerne County",1,27,4069,2096,1973
050,42,079,"Pennsylvania","Luzerne County",1,28,4180,2156,2024
050,42,079,"Pennsylvania","Luzerne County",1,29,4324,2274,2050
050,42,079,"Pennsylvania","Luzerne County",1,30,4415,2367,2048
050,42,079,"Pennsylvania","Luzerne County",1,31,4234,2285,1949
050,42,079,"Pennsylvania","Luzerne County",1,32,4088,2150,1938
050,42,079,"Pennsylvania","Luzerne County",1,33,3971,2067,1904
050,42,079,"Pennsylvania","Luzerne County",1,34,3964,2132,1832
050,42,079,"Pennsylvania","Luzerne County",1,35,3951,2079,1872
050,42,079,"Pennsylvania","Luzerne County",1,36,3900,1994,1906
050,42,079,"Pennsylvania","Luzerne County",1,37,3829,2010,1819
050,42,079,"Pennsylvania","Luzerne County",1,38,3918,2073,1845
050,42,079,"Pennsylvania","Luzerne County",1,39,3961,2063,1898
050,42,079,"Pennsylvania","Luzerne County",1,40,3877,1968,1909
050,42,079,"Pennsylvania","Luzerne County",1,41,3702,1893,1809
050,42,079,"Pennsylvania","Luzerne County",1,42,3736,1894,1842
050,42,079,"Pennsylvania","Luzerne County",1,43,3641,1841,1800
050,42,079,"Pennsylvania","Luzerne County",1,44,3630,1836,1794
050,42,079,"Pennsylvania","Luzerne County",1,45,3714,1833,1881
050,42,079,"Pennsylvania","Luzerne County",1,46,3737,1853,1884
050,42,079,"Pennsylvania","Luzerne County",1,47,3972,2015,1957
050,42,079,"Pennsylvania","Luzerne County",1,48,4284,2192,2092
050,42,079,"Pennsylvania","Luzerne County",1,49,4543,2358,2185
050,42,079,"Pennsylvania","Luzerne County",1,50,4396,2210,2186
050,42,079,"Pennsylvania","Luzerne County",1,51,4379,2216,2163
050,42,079,"Pennsylvania","Luzerne County",1,52,4279,2157,2122
050,42,079,"Pennsylvania","Luzerne County",1,53,4446,2246,2200
050,42,079,"Pennsylvania","Luzerne County",1,54,4583,2324,2259
050,42,079,"Pennsylvania","Luzerne County",1,55,4760,2450,2310
050,42,079,"Pennsylvania","Luzerne County",1,56,4714,2409,2305
050,42,079,"Pennsylvania","Luzerne County",1,57,4682,2374,2308
050,42,079,"Pennsylvania","Luzerne County",1,58,4757,2388,2369
050,42,079,"Pennsylvania","Luzerne County",1,59,4733,2368,2365
050,42,079,"Pennsylvania","Luzerne County",1,60,4635,2302,2333
050,42,079,"Pennsylvania","Luzerne County",1,61,4664,2322,2342
050,42,079,"Pennsylvania","Luzerne County",1,62,4587,2266,2321
050,42,079,"Pennsylvania","Luzerne County",1,63,4568,2222,2346
050,42,079,"Pennsylvania","Luzerne County",1,64,4362,2151,2211
050,42,079,"Pennsylvania","Luzerne County",1,65,4170,2043,2127
050,42,079,"Pennsylvania","Luzerne County",1,66,4117,1978,2139
050,42,079,"Pennsylvania","Luzerne County",1,67,4078,1964,2114
050,42,079,"Pennsylvania","Luzerne County",1,68,4016,1940,2076
050,42,079,"Pennsylvania","Luzerne County",1,69,3660,1740,1920
050,42,079,"Pennsylvania","Luzerne County",1,70,3599,1717,1882
050,42,079,"Pennsylvania","Luzerne County",1,71,3520,1649,1871
050,42,079,"Pennsylvania","Luzerne County",1,72,3678,1722,1956
050,42,079,"Pennsylvania","Luzerne County",1,73,3668,1738,1930
050,42,079,"Pennsylvania","Luzerne County",1,74,2465,1156,1309
050,42,079,"Pennsylvania","Luzerne County",1,75,2433,1126,1307
050,42,079,"Pennsylvania","Luzerne County",1,76,2413,1093,1320
050,42,079,"Pennsylvania","Luzerne County",1,77,2526,1132,1394
050,42,079,"Pennsylvania","Luzerne County",1,78,2086,912,1174
050,42,079,"Pennsylvania","Luzerne County",1,79,1870,805,1065
050,42,079,"Pennsylvania","Luzerne County",1,80,1741,732,1009
050,42,079,"Pennsylvania","Luzerne County",1,81,1622,651,971
050,42,079,"Pennsylvania","Luzerne County",1,82,1487,606,881
050,42,079,"Pennsylvania","Luzerne County",1,83,1356,551,805
050,42,079,"Pennsylvania","Luzerne County",1,84,1302,507,795
050,42,079,"Pennsylvania","Luzerne County",1,85,8376,2590,5786
050,42,079,"Pennsylvania","Luzerne County",2,0,3266,1659,1607
050,42,079,"Pennsylvania","Luzerne County",2,1,3401,1735,1666
050,42,079,"Pennsylvania","Luzerne County",2,2,3505,1772,1733
050,42,079,"Pennsylvania","Luzerne County",2,3,3542,1806,1736
050,42,079,"Pennsylvania","Luzerne County",2,4,3519,1779,1740
050,42,079,"Pennsylvania","Luzerne County",2,5,3516,1783,1733
050,42,079,"Pennsylvania","Luzerne County",2,6,3544,1774,1770
050,42,079,"Pennsylvania","Luzerne County",2,7,3509,1750,1759
050,42,079,"Pennsylvania","Luzerne County",2,8,3551,1807,1744
050,42,079,"Pennsylvania","Luzerne County",2,9,3633,1856,1777
050,42,079,"Pennsylvania","Luzerne County",2,10,3708,1904,1804
050,42,079,"Pennsylvania","Luzerne County",2,11,3714,1895,1819
050,42,079,"Pennsylvania","Luzerne County",2,12,3817,1940,1877
050,42,079,"Pennsylvania","Luzerne County",2,13,3785,1953,1832
050,42,079,"Pennsylvania","Luzerne County",2,14,3796,1970,1826
050,42,079,"Pennsylvania","Luzerne County",2,15,3894,1991,1903
050,42,079,"Pennsylvania","Luzerne County",2,16,4058,2075,1983
050,42,079,"Pennsylvania","Luzerne County",2,17,4139,2152,1987
050,42,079,"Pennsylvania","Luzerne County",2,18,4187,2218,1969
050,42,079,"Pennsylvania","Luzerne County",2,19,4156,2165,1991
050,42,079,"Pennsylvania","Luzerne County",2,20,4022,2105,1917
050,42,079,"Pennsylvania","Luzerne County",2,21,3900,1992,1908
050,42,079,"Pennsylvania","Luzerne County",2,22,3790,1915,1875
050,42,079,"Pennsylvania","Luzerne County",2,23,3709,1887,1822
050,42,079,"Pennsylvania","Luzerne County",2,24,3750,1934,1816
050,42,079,"Pennsylvania","Luzerne County",2,25,3790,2003,1787
050,42,079,"Pennsylvania","Luzerne County",2,26,3910,2112,1798
050,42,079,"Pennsylvania","Luzerne County",2,27,4021,2095,1926
050,42,079,"Pennsylvania","Luzerne County",2,28,4162,2148,2014
050,42,079,"Pennsylvania","Luzerne County",2,29,4291,2241,2050
050,42,079,"Pennsylvania","Luzerne County",2,30,4409,2356,2053
050,42,079,"Pennsylvania","Luzerne County",2,31,4268,2303,1965
050,42,079,"Pennsylvania","Luzerne County",2,32,4113,2173,1940
050,42,079,"Pennsylvania","Luzerne County",2,33,3985,2081,1904
050,42,079,"Pennsylvania","Luzerne County",2,34,3976,2126,1850
050,42,079,"Pennsylvania","Luzerne County",2,35,3984,2109,1875
050,42,079,"Pennsylvania","Luzerne County",2,36,3890,2001,1889
050,42,079,"Pennsylvania","Luzerne County",2,37,3865,2016,1849
050,42,079,"Pennsylvania","Luzerne County",2,38,3908,2064,1844
050,42,079,"Pennsylvania","Luzerne County",2,39,3950,2066,1884
050,42,079,"Pennsylvania","Luzerne County",2,40,3923,2005,1918
050,42,079,"Pennsylvania","Luzerne County",2,41,3730,1898,1832
050,42,079,"Pennsylvania","Luzerne County",2,42,3717,1885,1832
050,42,079,"Pennsylvania","Luzerne County",2,43,3686,1865,1821
050,42,079,"Pennsylvania","Luzerne County",2,44,3609,1824,1785
050,42,079,"Pennsylvania","Luzerne County",2,45,3709,1838,1871
050,42,079,"Pennsylvania","Luzerne County",2,46,3721,1843,1878
050,42,079,"Pennsylvania","Luzerne County",2,47,3907,1972,1935
050,42,079,"Pennsylvania","Luzerne County",2,48,4201,2149,2052
050,42,079,"Pennsylvania","Luzerne County",2,49,4496,2325,2171
050,42,079,"Pennsylvania","Luzerne County",2,50,4432,2246,2186
050,42,079,"Pennsylvania","Luzerne County",2,51,4367,2204,2163
050,42,079,"Pennsylvania","Luzerne County",2,52,4289,2160,2129
050,42,079,"Pennsylvania","Luzerne County",2,53,4386,2211,2175
050,42,079,"Pennsylvania","Luzerne County",2,54,4528,2293,2235
050,42,079,"Pennsylvania","Luzerne County",2,55,4713,2418,2295
050,42,079,"Pennsylvania","Luzerne County",2,56,4722,2419,2303
050,42,079,"Pennsylvania","Luzerne County",2,57,4683,2377,2306
050,42,079,"Pennsylvania","Luzerne County",2,58,4726,2383,2343
050,42,079,"Pennsylvania","Luzerne County",2,59,4746,2375,2371
050,42,079,"Pennsylvania","Luzerne County",2,60,4642,2308,2334
050,42,079,"Pennsylvania","Luzerne County",2,61,4623,2300,2323
050,42,079,"Pennsylvania","Luzerne County",2,62,4577,2262,2315
050,42,079,"Pennsylvania","Luzerne County",2,63,4594,2245,2349
050,42,079,"Pennsylvania","Luzerne County",2,64,4372,2144,2228
050,42,079,"Pennsylvania","Luzerne County",2,65,4195,2056,2139
050,42,079,"Pennsylvania","Luzerne County",2,66,4114,1981,2133
050,42,079,"Pennsylvania","Luzerne County",2,67,4052,1945,2107
050,42,079,"Pennsylvania","Luzerne County",2,68,3971,1913,2058
050,42,079,"Pennsylvania","Luzerne County",2,69,3749,1788,1961
050,42,079,"Pennsylvania","Luzerne County",2,70,3580,1705,1875
050,42,079,"Pennsylvania","Luzerne County",2,71,3516,1650,1866
050,42,079,"Pennsylvania","Luzerne County",2,72,3550,1661,1889
050,42,079,"Pennsylvania","Luzerne County",2,73,3812,1792,2020
050,42,079,"Pennsylvania","Luzerne County",2,74,2570,1209,1361
050,42,079,"Pennsylvania","Luzerne County",2,75,2433,1123,1310
050,42,079,"Pennsylvania","Luzerne County",2,76,2373,1078,1295
050,42,079,"Pennsylvania","Luzerne County",2,77,2539,1133,1406
050,42,079,"Pennsylvania","Luzerne County",2,78,2108,926,1182
050,42,079,"Pennsylvania","Luzerne County",2,79,1882,815,1067
050,42,079,"Pennsylvania","Luzerne County",2,80,1743,724,1019
050,42,079,"Pennsylvania","Luzerne County",2,81,1609,655,954
050,42,079,"Pennsylvania","Luzerne County",2,82,1497,605,892
050,42,079,"Pennsylvania","Luzerne County",2,83,1342,541,801
050,42,079,"Pennsylvania","Luzerne County",2,84,1274,496,778
050,42,079,"Pennsylvania","Luzerne County",2,85,8276,2566,5710
050,42,079,"Pennsylvania","Luzerne County",3,0,3116,1566,1550
050,42,079,"Pennsylvania","Luzerne County",3,1,3448,1757,1691
050,42,079,"Pennsylvania","Luzerne County",3,2,3564,1815,1749
050,42,079,"Pennsylvania","Luzerne County",3,3,3603,1815,1788
050,42,079,"Pennsylvania","Luzerne County",3,4,3614,1837,1777
050,42,079,"Pennsylvania","Luzerne County",3,5,3580,1815,1765
050,42,079,"Pennsylvania","Luzerne County",3,6,3577,1803,1774
050,42,079,"Pennsylvania","Luzerne County",3,7,3601,1810,1791
050,42,079,"Pennsylvania","Luzerne County",3,8,3563,1780,1783
050,42,079,"Pennsylvania","Luzerne County",3,9,3571,1824,1747
050,42,079,"Pennsylvania","Luzerne County",3,10,3685,1881,1804
050,42,079,"Pennsylvania","Luzerne County",3,11,3734,1920,1814
050,42,079,"Pennsylvania","Luzerne County",3,12,3728,1892,1836
050,42,079,"Pennsylvania","Luzerne County",3,13,3821,1949,1872
050,42,079,"Pennsylvania","Luzerne County",3,14,3868,1981,1887
050,42,079,"Pennsylvania","Luzerne County",3,15,3820,1982,1838
050,42,079,"Pennsylvania","Luzerne County",3,16,3968,2050,1918
050,42,079,"Pennsylvania","Luzerne County",3,17,4170,2121,2049
050,42,079,"Pennsylvania","Luzerne County",3,18,4261,2242,2019
050,42,079,"Pennsylvania","Luzerne County",3,19,4181,2182,1999
050,42,079,"Pennsylvania","Luzerne County",3,20,4096,2113,1983
050,42,079,"Pennsylvania","Luzerne County",3,21,3968,2060,1908
050,42,079,"Pennsylvania","Luzerne County",3,22,3865,1967,1898
050,42,079,"Pennsylvania","Luzerne County",3,23,3815,1939,1876
050,42,079,"Pennsylvania","Luzerne County",3,24,3816,1959,1857
050,42,079,"Pennsylvania","Luzerne County",3,25,3757,1943,1814
050,42,079,"Pennsylvania","Luzerne County",3,26,3814,2021,1793
050,42,079,"Pennsylvania","Luzerne County",3,27,3967,2119,1848
050,42,079,"Pennsylvania","Luzerne County",3,28,4081,2162,1919
050,42,079,"Pennsylvania","Luzerne County",3,29,4187,2148,2039
050,42,079,"Pennsylvania","Luzerne County",3,30,4337,2253,2084
050,42,079,"Pennsylvania","Luzerne County",3,31,4432,2365,2067
050,42,079,"Pennsylvania","Luzerne County",3,32,4329,2318,2011
050,42,079,"Pennsylvania","Luzerne County",3,33,4141,2158,1983
050,42,079,"Pennsylvania","Luzerne County",3,34,4051,2104,1947
050,42,079,"Pennsylvania","Luzerne County",3,35,4052,2176,1876
050,42,079,"Pennsylvania","Luzerne County",3,36,4017,2108,1909
050,42,079,"Pennsylvania","Luzerne County",3,37,3949,2041,1908
050,42,079,"Pennsylvania","Luzerne County",3,38,3904,2033,1871
050,42,079,"Pennsylvania","Luzerne County",3,39,3948,2093,1855
050,42,079,"Pennsylvania","Luzerne County",3,40,3948,2058,1890
050,42,079,"Pennsylvania","Luzerne County",3,41,3927,1991,1936
050,42,079,"Pennsylvania","Luzerne County",3,42,3745,1876,1869
050,42,079,"Pennsylvania","Luzerne County",3,43,3762,1919,1843
050,42,079,"Pennsylvania","Luzerne County",3,44,3695,1869,1826
050,42,079,"Pennsylvania","Luzerne County",3,45,3641,1816,1825
050,42,079,"Pennsylvania","Luzerne County",3,46,3699,1831,1868
050,42,079,"Pennsylvania","Luzerne County",3,47,3709,1835,1874
050,42,079,"Pennsylvania","Luzerne County",3,48,3907,1965,1942
050,42,079,"Pennsylvania","Luzerne County",3,49,4162,2124,2038
050,42,079,"Pennsylvania","Luzerne County",3,50,4488,2294,2194
050,42,079,"Pennsylvania","Luzerne County",3,51,4417,2241,2176
050,42,079,"Pennsylvania","Luzerne County",3,52,4363,2202,2161
050,42,079,"Pennsylvania","Luzerne County",3,53,4241,2132,2109
050,42,079,"Pennsylvania","Luzerne County",3,54,4370,2189,2181
050,42,079,"Pennsylvania","Luzerne County",3,55,4503,2282,2221
050,42,079,"Pennsylvania","Luzerne County",3,56,4661,2380,2281
050,42,079,"Pennsylvania","Luzerne County",3,57,4682,2387,2295
050,42,079,"Pennsylvania","Luzerne County",3,58,4658,2366,2292
050,42,079,"Pennsylvania","Luzerne County",3,59,4649,2340,2309
050,42,079,"Pennsylvania","Luzerne County",3,60,4716,2348,2368
050,42,079,"Pennsylvania","Luzerne County",3,61,4570,2265,2305
050,42,079,"Pennsylvania","Luzerne County",3,62,4532,2232,2300
050,42,079,"Pennsylvania","Luzerne County",3,63,4504,2222,2282
050,42,079,"Pennsylvania","Luzerne County",3,64,4485,2187,2298
050,42,079,"Pennsylvania","Luzerne County",3,65,4297,2110,2187
050,42,079,"Pennsylvania","Luzerne County",3,66,4109,1994,2115
050,42,079,"Pennsylvania","Luzerne County",3,67,4029,1927,2102
050,42,079,"Pennsylvania","Luzerne County",3,68,3981,1906,2075
050,42,079,"Pennsylvania","Luzerne County",3,69,3862,1851,2011
050,42,079,"Pennsylvania","Luzerne County",3,70,3651,1739,1912
050,42,079,"Pennsylvania","Luzerne County",3,71,3496,1650,1846
050,42,079,"Pennsylvania","Luzerne County",3,72,3383,1577,1806
050,42,079,"Pennsylvania","Luzerne County",3,73,3444,1597,1847
050,42,079,"Pennsylvania","Luzerne County",3,74,3660,1713,1947
050,42,079,"Pennsylvania","Luzerne County",3,75,2487,1165,1322
050,42,079,"Pennsylvania","Luzerne County",3,76,2311,1049,1262
050,42,079,"Pennsylvania","Luzerne County",3,77,2285,1029,1256
050,42,079,"Pennsylvania","Luzerne County",3,78,2398,1044,1354
050,42,079,"Pennsylvania","Luzerne County",3,79,2000,869,1131
050,42,079,"Pennsylvania","Luzerne County",3,80,1782,751,1031
050,42,079,"Pennsylvania","Luzerne County",3,81,1597,654,943
050,42,079,"Pennsylvania","Luzerne County",3,82,1509,602,907
050,42,079,"Pennsylvania","Luzerne County",3,83,1405,553,852
050,42,079,"Pennsylvania","Luzerne County",3,84,1226,478,748
050,42,079,"Pennsylvania","Luzerne County",3,85,7997,2535,5462
050,42,079,"Pennsylvania","Luzerne County",4,0,3164,1640,1524
050,42,079,"Pennsylvania","Luzerne County",4,1,3166,1587,1579
050,42,079,"Pennsylvania","Luzerne County",4,2,3568,1817,1751
050,42,079,"Pennsylvania","Luzerne County",4,3,3658,1874,1784
050,42,079,"Pennsylvania","Luzerne County",4,4,3723,1875,1848
050,42,079,"Pennsylvania","Luzerne County",4,5,3652,1862,1790
050,42,079,"Pennsylvania","Luzerne County",4,6,3650,1844,1806
050,42,079,"Pennsylvania","Luzerne County",4,7,3604,1793,1811
050,42,079,"Pennsylvania","Luzerne County",4,8,3673,1849,1824
050,42,079,"Pennsylvania","Luzerne County",4,9,3619,1790,1829
050,42,079,"Pennsylvania","Luzerne County",4,10,3682,1896,1786
050,42,079,"Pennsylvania","Luzerne County",4,11,3699,1869,1830
050,42,079,"Pennsylvania","Luzerne County",4,12,3818,1953,1865
050,42,079,"Pennsylvania","Luzerne County",4,13,3786,1907,1879
050,42,079,"Pennsylvania","Luzerne County",4,14,3878,1972,1906
050,42,079,"Pennsylvania","Luzerne County",4,15,3943,2017,1926
050,42,079,"Pennsylvania","Luzerne County",4,16,3978,2088,1890
050,42,079,"Pennsylvania","Luzerne County",4,17,4067,2116,1951
050,42,079,"Pennsylvania","Luzerne County",4,18,4322,2246,2076
050,42,079,"Pennsylvania","Luzerne County",4,19,4134,2154,1980
050,42,079,"Pennsylvania","Luzerne County",4,20,4060,2093,1967
050,42,079,"Pennsylvania","Luzerne County",4,21,3936,1996,1940
050,42,079,"Pennsylvania","Luzerne County",4,22,3972,2091,1881
050,42,079,"Pennsylvania","Luzerne County",4,23,3844,1978,1866
050,42,079,"Pennsylvania","Luzerne County",4,24,3839,1997,1842
050,42,079,"Pennsylvania","Luzerne County",4,25,3778,1944,1834
050,42,079,"Pennsylvania","Luzerne County",4,26,3736,1963,1773
050,42,079,"Pennsylvania","Luzerne County",4,27,3856,2054,1802
050,42,079,"Pennsylvania","Luzerne County",4,28,3989,2121,1868
050,42,079,"Pennsylvania","Luzerne County",4,29,4096,2138,1958
050,42,079,"Pennsylvania","Luzerne County",4,30,4170,2144,2026
050,42,079,"Pennsylvania","Luzerne County",4,31,4336,2249,2087
050,42,079,"Pennsylvania","Luzerne County",4,32,4532,2424,2108
050,42,079,"Pennsylvania","Luzerne County",4,33,4329,2303,2026
050,42,079,"Pennsylvania","Luzerne County",4,34,4184,2195,1989
050,42,079,"Pennsylvania","Luzerne County",4,35,4058,2115,1943
050,42,079,"Pennsylvania","Luzerne County",4,36,4080,2166,1914
050,42,079,"Pennsylvania","Luzerne County",4,37,4080,2146,1934
050,42,079,"Pennsylvania","Luzerne County",4,38,3997,2076,1921
050,42,079,"Pennsylvania","Luzerne County",4,39,3963,2071,1892
050,42,079,"Pennsylvania","Luzerne County",4,40,3991,2097,1894
050,42,079,"Pennsylvania","Luzerne County",4,41,3990,2067,1923
050,42,079,"Pennsylvania","Luzerne County",4,42,3941,1989,1952
050,42,079,"Pennsylvania","Luzerne County",4,43,3790,1904,1886
050,42,079,"Pennsylvania","Luzerne County",4,44,3792,1933,1859
050,42,079,"Pennsylvania","Luzerne County",4,45,3731,1889,1842
050,42,079,"Pennsylvania","Luzerne County",4,46,3679,1835,1844
050,42,079,"Pennsylvania","Luzerne County",4,47,3730,1860,1870
050,42,079,"Pennsylvania","Luzerne County",4,48,3732,1838,1894
050,42,079,"Pennsylvania","Luzerne County",4,49,3923,1961,1962
050,42,079,"Pennsylvania","Luzerne County",4,50,4154,2114,2040
050,42,079,"Pennsylvania","Luzerne County",4,51,4480,2297,2183
050,42,079,"Pennsylvania","Luzerne County",4,52,4414,2233,2181
050,42,079,"Pennsylvania","Luzerne County",4,53,4327,2178,2149
050,42,079,"Pennsylvania","Luzerne County",4,54,4229,2123,2106
050,42,079,"Pennsylvania","Luzerne County",4,55,4332,2173,2159
050,42,079,"Pennsylvania","Luzerne County",4,56,4440,2242,2198
050,42,079,"Pennsylvania","Luzerne County",4,57,4644,2363,2281
050,42,079,"Pennsylvania","Luzerne County",4,58,4667,2401,2266
050,42,079,"Pennsylvania","Luzerne County",4,59,4619,2346,2273
050,42,079,"Pennsylvania","Luzerne County",4,60,4587,2306,2281
050,42,079,"Pennsylvania","Luzerne County",4,61,4672,2323,2349
050,42,079,"Pennsylvania","Luzerne County",4,62,4482,2219,2263
050,42,079,"Pennsylvania","Luzerne County",4,63,4442,2184,2258
050,42,079,"Pennsylvania","Luzerne County",4,64,4439,2181,2258
050,42,079,"Pennsylvania","Luzerne County",4,65,4374,2126,2248
050,42,079,"Pennsylvania","Luzerne County",4,66,4221,2059,2162
050,42,079,"Pennsylvania","Luzerne County",4,67,4029,1954,2075
050,42,079,"Pennsylvania","Luzerne County",4,68,3921,1877,2044
050,42,079,"Pennsylvania","Luzerne County",4,69,3879,1852,2027
050,42,079,"Pennsylvania","Luzerne County",4,70,3760,1795,1965
050,42,079,"Pennsylvania","Luzerne County",4,71,3552,1677,1875
050,42,079,"Pennsylvania","Luzerne County",4,72,3392,1589,1803
050,42,079,"Pennsylvania","Luzerne County",4,73,3281,1513,1768
050,42,079,"Pennsylvania","Luzerne County",4,74,3296,1518,1778
050,42,079,"Pennsylvania","Luzerne County",4,75,3546,1650,1896
050,42,079,"Pennsylvania","Luzerne County",4,76,2368,1093,1275
050,42,079,"Pennsylvania","Luzerne County",4,77,2226,1006,1220
050,42,079,"Pennsylvania","Luzerne County",4,78,2156,946,1210
050,42,079,"Pennsylvania","Luzerne County",4,79,2268,981,1287
050,42,079,"Pennsylvania","Luzerne County",4,80,1895,798,1097
050,42,079,"Pennsylvania","Luzerne County",4,81,1645,699,946
050,42,079,"Pennsylvania","Luzerne County",4,82,1480,588,892
050,42,079,"Pennsylvania","Luzerne County",4,83,1409,543,866
050,42,079,"Pennsylvania","Luzerne County",4,84,1270,496,774
050,42,079,"Pennsylvania","Luzerne County",4,85,7682,2501,5181
050,42,079,"Pennsylvania","Luzerne County",5,0,3147,1629,1518
050,42,079,"Pennsylvania","Luzerne County",5,1,3288,1743,1545
050,42,079,"Pennsylvania","Luzerne County",5,2,3260,1620,1640
050,42,079,"Pennsylvania","Luzerne County",5,3,3597,1835,1762
050,42,079,"Pennsylvania","Luzerne County",5,4,3688,1859,1829
050,42,079,"Pennsylvania","Luzerne County",5,5,3764,1872,1892
050,42,079,"Pennsylvania","Luzerne County",5,6,3709,1868,1841
050,42,079,"Pennsylvania","Luzerne County",5,7,3696,1845,1851
050,42,079,"Pennsylvania","Luzerne County",5,8,3666,1834,1832
050,42,079,"Pennsylvania","Luzerne County",5,9,3725,1889,1836
050,42,079,"Pennsylvania","Luzerne County",5,10,3687,1820,1867
050,42,079,"Pennsylvania","Luzerne County",5,11,3735,1898,1837
050,42,079,"Pennsylvania","Luzerne County",5,12,3778,1897,1881
050,42,079,"Pennsylvania","Luzerne County",5,13,3889,1999,1890
050,42,079,"Pennsylvania","Luzerne County",5,14,3894,1981,1913
050,42,079,"Pennsylvania","Luzerne County",5,15,3950,2006,1944
050,42,079,"Pennsylvania","Luzerne County",5,16,4005,2066,1939
050,42,079,"Pennsylvania","Luzerne County",5,17,4065,2142,1923
050,42,079,"Pennsylvania","Luzerne County",5,18,4171,2193,1978
050,42,079,"Pennsylvania","Luzerne County",5,19,4227,2166,2061
050,42,079,"Pennsylvania","Luzerne County",5,20,4051,2075,1976
050,42,079,"Pennsylvania","Luzerne County",5,21,3902,2003,1899
050,42,079,"Pennsylvania","Luzerne County",5,22,3947,1998,1949
050,42,079,"Pennsylvania","Luzerne County",5,23,3899,2062,1837
050,42,079,"Pennsylvania","Luzerne County",5,24,3800,1985,1815
050,42,079,"Pennsylvania","Luzerne County",5,25,3750,1943,1807
050,42,079,"Pennsylvania","Luzerne County",5,26,3767,1982,1785
050,42,079,"Pennsylvania","Luzerne County",5,27,3802,1997,1805
050,42,079,"Pennsylvania","Luzerne County",5,28,3854,2052,1802
050,42,079,"Pennsylvania","Luzerne County",5,29,4025,2136,1889
050,42,079,"Pennsylvania","Luzerne County",5,30,4143,2149,1994
050,42,079,"Pennsylvania","Luzerne County",5,31,4237,2169,2068
050,42,079,"Pennsylvania","Luzerne County",5,32,4417,2297,2120
050,42,079,"Pennsylvania","Luzerne County",5,33,4581,2438,2143
050,42,079,"Pennsylvania","Luzerne County",5,34,4435,2396,2039
050,42,079,"Pennsylvania","Luzerne County",5,35,4221,2229,1992
050,42,079,"Pennsylvania","Luzerne County",5,36,4091,2109,1982
050,42,079,"Pennsylvania","Luzerne County",5,37,4112,2177,1935
050,42,079,"Pennsylvania","Luzerne County",5,38,4117,2165,1952
050,42,079,"Pennsylvania","Luzerne County",5,39,4014,2068,1946
050,42,079,"Pennsylvania","Luzerne County",5,40,3993,2092,1901
050,42,079,"Pennsylvania","Luzerne County",5,41,4001,2104,1897
050,42,079,"Pennsylvania","Luzerne County",5,42,3999,2073,1926
050,42,079,"Pennsylvania","Luzerne County",5,43,4009,2039,1970
050,42,079,"Pennsylvania","Luzerne County",5,44,3829,1930,1899
050,42,079,"Pennsylvania","Luzerne County",5,45,3836,1940,1896
050,42,079,"Pennsylvania","Luzerne County",5,46,3764,1909,1855
050,42,079,"Pennsylvania","Luzerne County",5,47,3708,1875,1833
050,42,079,"Pennsylvania","Luzerne County",5,48,3777,1886,1891
050,42,079,"Pennsylvania","Luzerne County",5,49,3698,1816,1882
050,42,079,"Pennsylvania","Luzerne County",5,50,3931,1957,1974
050,42,079,"Pennsylvania","Luzerne County",5,51,4179,2132,2047
050,42,079,"Pennsylvania","Luzerne County",5,52,4491,2286,2205
050,42,079,"Pennsylvania","Luzerne County",5,53,4426,2245,2181
050,42,079,"Pennsylvania","Luzerne County",5,54,4332,2183,2149
050,42,079,"Pennsylvania","Luzerne County",5,55,4211,2101,2110
050,42,079,"Pennsylvania","Luzerne County",5,56,4316,2159,2157
050,42,079,"Pennsylvania","Luzerne County",5,57,4442,2244,2198
050,42,079,"Pennsylvania","Luzerne County",5,58,4627,2355,2272
050,42,079,"Pennsylvania","Luzerne County",5,59,4589,2356,2233
050,42,079,"Pennsylvania","Luzerne County",5,60,4606,2344,2262
050,42,079,"Pennsylvania","Luzerne County",5,61,4543,2296,2247
050,42,079,"Pennsylvania","Luzerne County",5,62,4598,2271,2327
050,42,079,"Pennsylvania","Luzerne County",5,63,4451,2207,2244
050,42,079,"Pennsylvania","Luzerne County",5,64,4328,2120,2208
050,42,079,"Pennsylvania","Luzerne County",5,65,4392,2144,2248
050,42,079,"Pennsylvania","Luzerne County",5,66,4281,2056,2225
050,42,079,"Pennsylvania","Luzerne County",5,67,4131,2008,2123
050,42,079,"Pennsylvania","Luzerne County",5,68,3942,1901,2041
050,42,079,"Pennsylvania","Luzerne County",5,69,3821,1820,2001
050,42,079,"Pennsylvania","Luzerne County",5,70,3777,1803,1974
050,42,079,"Pennsylvania","Luzerne County",5,71,3671,1748,1923
050,42,079,"Pennsylvania","Luzerne County",5,72,3439,1624,1815
050,42,079,"Pennsylvania","Luzerne County",5,73,3297,1524,1773
050,42,079,"Pennsylvania","Luzerne County",5,74,3138,1445,1693
050,42,079,"Pennsylvania","Luzerne County",5,75,3172,1445,1727
050,42,079,"Pennsylvania","Luzerne County",5,76,3399,1568,1831
050,42,079,"Pennsylvania","Luzerne County",5,77,2295,1052,1243
050,42,079,"Pennsylvania","Luzerne County",5,78,2108,928,1180
050,42,079,"Pennsylvania","Luzerne County",5,79,2059,900,1159
050,42,079,"Pennsylvania","Luzerne County",5,80,2148,909,1239
050,42,079,"Pennsylvania","Luzerne County",5,81,1766,747,1019
050,42,079,"Pennsylvania","Luzerne County",5,82,1552,643,909
050,42,079,"Pennsylvania","Luzerne County",5,83,1388,545,843
050,42,079,"Pennsylvania","Luzerne County",5,84,1272,478,794
050,42,079,"Pennsylvania","Luzerne County",5,85,7550,2509,5041
050,42,081,"Pennsylvania","Lycoming County",1,0,1161,593,568
050,42,081,"Pennsylvania","Lycoming County",1,1,1178,583,595
050,42,081,"Pennsylvania","Lycoming County",1,2,1236,617,619
050,42,081,"Pennsylvania","Lycoming County",1,3,1215,623,592
050,42,081,"Pennsylvania","Lycoming County",1,4,1257,643,614
050,42,081,"Pennsylvania","Lycoming County",1,5,1293,656,637
050,42,081,"Pennsylvania","Lycoming County",1,6,1288,638,650
050,42,081,"Pennsylvania","Lycoming County",1,7,1330,646,684
050,42,081,"Pennsylvania","Lycoming County",1,8,1315,643,672
050,42,081,"Pennsylvania","Lycoming County",1,9,1323,672,651
050,42,081,"Pennsylvania","Lycoming County",1,10,1374,749,625
050,42,081,"Pennsylvania","Lycoming County",1,11,1360,715,645
050,42,081,"Pennsylvania","Lycoming County",1,12,1401,731,670
050,42,081,"Pennsylvania","Lycoming County",1,13,1454,728,726
050,42,081,"Pennsylvania","Lycoming County",1,14,1396,692,704
050,42,081,"Pennsylvania","Lycoming County",1,15,1390,711,679
050,42,081,"Pennsylvania","Lycoming County",1,16,1390,695,695
050,42,081,"Pennsylvania","Lycoming County",1,17,1361,675,686
050,42,081,"Pennsylvania","Lycoming County",1,18,1549,799,750
050,42,081,"Pennsylvania","Lycoming County",1,19,1721,996,725
050,42,081,"Pennsylvania","Lycoming County",1,20,1543,839,704
050,42,081,"Pennsylvania","Lycoming County",1,21,1471,739,732
050,42,081,"Pennsylvania","Lycoming County",1,22,1361,680,681
050,42,081,"Pennsylvania","Lycoming County",1,23,1268,659,609
050,42,081,"Pennsylvania","Lycoming County",1,24,1254,630,624
050,42,081,"Pennsylvania","Lycoming County",1,25,1263,637,626
050,42,081,"Pennsylvania","Lycoming County",1,26,1329,656,673
050,42,081,"Pennsylvania","Lycoming County",1,27,1370,689,681
050,42,081,"Pennsylvania","Lycoming County",1,28,1421,706,715
050,42,081,"Pennsylvania","Lycoming County",1,29,1559,797,762
050,42,081,"Pennsylvania","Lycoming County",1,30,1585,842,743
050,42,081,"Pennsylvania","Lycoming County",1,31,1571,847,724
050,42,081,"Pennsylvania","Lycoming County",1,32,1491,784,707
050,42,081,"Pennsylvania","Lycoming County",1,33,1453,718,735
050,42,081,"Pennsylvania","Lycoming County",1,34,1408,713,695
050,42,081,"Pennsylvania","Lycoming County",1,35,1440,727,713
050,42,081,"Pennsylvania","Lycoming County",1,36,1400,692,708
050,42,081,"Pennsylvania","Lycoming County",1,37,1426,691,735
050,42,081,"Pennsylvania","Lycoming County",1,38,1353,665,688
050,42,081,"Pennsylvania","Lycoming County",1,39,1354,657,697
050,42,081,"Pennsylvania","Lycoming County",1,40,1344,685,659
050,42,081,"Pennsylvania","Lycoming County",1,41,1272,641,631
050,42,081,"Pennsylvania","Lycoming County",1,42,1212,610,602
050,42,081,"Pennsylvania","Lycoming County",1,43,1204,585,619
050,42,081,"Pennsylvania","Lycoming County",1,44,1145,555,590
050,42,081,"Pennsylvania","Lycoming County",1,45,1210,580,630
050,42,081,"Pennsylvania","Lycoming County",1,46,1221,574,647
050,42,081,"Pennsylvania","Lycoming County",1,47,1274,611,663
050,42,081,"Pennsylvania","Lycoming County",1,48,1390,679,711
050,42,081,"Pennsylvania","Lycoming County",1,49,1474,713,761
050,42,081,"Pennsylvania","Lycoming County",1,50,1377,686,691
050,42,081,"Pennsylvania","Lycoming County",1,51,1404,686,718
050,42,081,"Pennsylvania","Lycoming County",1,52,1387,683,704
050,42,081,"Pennsylvania","Lycoming County",1,53,1487,746,741
050,42,081,"Pennsylvania","Lycoming County",1,54,1491,766,725
050,42,081,"Pennsylvania","Lycoming County",1,55,1565,782,783
050,42,081,"Pennsylvania","Lycoming County",1,56,1587,786,801
050,42,081,"Pennsylvania","Lycoming County",1,57,1590,794,796
050,42,081,"Pennsylvania","Lycoming County",1,58,1650,812,838
050,42,081,"Pennsylvania","Lycoming County",1,59,1678,812,866
050,42,081,"Pennsylvania","Lycoming County",1,60,1712,853,859
050,42,081,"Pennsylvania","Lycoming County",1,61,1706,862,844
050,42,081,"Pennsylvania","Lycoming County",1,62,1728,849,879
050,42,081,"Pennsylvania","Lycoming County",1,63,1683,821,862
050,42,081,"Pennsylvania","Lycoming County",1,64,1619,792,827
050,42,081,"Pennsylvania","Lycoming County",1,65,1574,809,765
050,42,081,"Pennsylvania","Lycoming County",1,66,1549,791,758
050,42,081,"Pennsylvania","Lycoming County",1,67,1521,749,772
050,42,081,"Pennsylvania","Lycoming County",1,68,1490,719,771
050,42,081,"Pennsylvania","Lycoming County",1,69,1273,609,664
050,42,081,"Pennsylvania","Lycoming County",1,70,1213,611,602
050,42,081,"Pennsylvania","Lycoming County",1,71,1224,607,617
050,42,081,"Pennsylvania","Lycoming County",1,72,1269,580,689
050,42,081,"Pennsylvania","Lycoming County",1,73,1240,576,664
050,42,081,"Pennsylvania","Lycoming County",1,74,832,387,445
050,42,081,"Pennsylvania","Lycoming County",1,75,815,389,426
050,42,081,"Pennsylvania","Lycoming County",1,76,826,373,453
050,42,081,"Pennsylvania","Lycoming County",1,77,871,389,482
050,42,081,"Pennsylvania","Lycoming County",1,78,736,316,420
050,42,081,"Pennsylvania","Lycoming County",1,79,628,254,374
050,42,081,"Pennsylvania","Lycoming County",1,80,569,231,338
050,42,081,"Pennsylvania","Lycoming County",1,81,517,213,304
050,42,081,"Pennsylvania","Lycoming County",1,82,512,212,300
050,42,081,"Pennsylvania","Lycoming County",1,83,491,207,284
050,42,081,"Pennsylvania","Lycoming County",1,84,448,187,261
050,42,081,"Pennsylvania","Lycoming County",1,85,2869,984,1885
050,42,081,"Pennsylvania","Lycoming County",2,0,1152,599,553
050,42,081,"Pennsylvania","Lycoming County",2,1,1173,584,589
050,42,081,"Pennsylvania","Lycoming County",2,2,1226,609,617
050,42,081,"Pennsylvania","Lycoming County",2,3,1214,621,593
050,42,081,"Pennsylvania","Lycoming County",2,4,1250,640,610
050,42,081,"Pennsylvania","Lycoming County",2,5,1288,652,636
050,42,081,"Pennsylvania","Lycoming County",2,6,1295,644,651
050,42,081,"Pennsylvania","Lycoming County",2,7,1318,644,674
050,42,081,"Pennsylvania","Lycoming County",2,8,1317,642,675
050,42,081,"Pennsylvania","Lycoming County",2,9,1321,666,655
050,42,081,"Pennsylvania","Lycoming County",2,10,1363,729,634
050,42,081,"Pennsylvania","Lycoming County",2,11,1359,721,638
050,42,081,"Pennsylvania","Lycoming County",2,12,1398,731,667
050,42,081,"Pennsylvania","Lycoming County",2,13,1441,730,711
050,42,081,"Pennsylvania","Lycoming County",2,14,1412,703,709
050,42,081,"Pennsylvania","Lycoming County",2,15,1394,707,687
050,42,081,"Pennsylvania","Lycoming County",2,16,1394,701,693
050,42,081,"Pennsylvania","Lycoming County",2,17,1370,676,694
050,42,081,"Pennsylvania","Lycoming County",2,18,1541,795,746
050,42,081,"Pennsylvania","Lycoming County",2,19,1730,996,734
050,42,081,"Pennsylvania","Lycoming County",2,20,1553,841,712
050,42,081,"Pennsylvania","Lycoming County",2,21,1479,747,732
050,42,081,"Pennsylvania","Lycoming County",2,22,1362,679,683
050,42,081,"Pennsylvania","Lycoming County",2,23,1262,650,612
050,42,081,"Pennsylvania","Lycoming County",2,24,1242,628,614
050,42,081,"Pennsylvania","Lycoming County",2,25,1260,634,626
050,42,081,"Pennsylvania","Lycoming County",2,26,1315,651,664
050,42,081,"Pennsylvania","Lycoming County",2,27,1353,679,674
050,42,081,"Pennsylvania","Lycoming County",2,28,1411,700,711
050,42,081,"Pennsylvania","Lycoming County",2,29,1524,772,752
050,42,081,"Pennsylvania","Lycoming County",2,30,1580,831,749
050,42,081,"Pennsylvania","Lycoming County",2,31,1572,844,728
050,42,081,"Pennsylvania","Lycoming County",2,32,1505,795,710
050,42,081,"Pennsylvania","Lycoming County",2,33,1460,730,730
050,42,081,"Pennsylvania","Lycoming County",2,34,1415,714,701
050,42,081,"Pennsylvania","Lycoming County",2,35,1439,729,710
050,42,081,"Pennsylvania","Lycoming County",2,36,1403,695,708
050,42,081,"Pennsylvania","Lycoming County",2,37,1427,696,731
050,42,081,"Pennsylvania","Lycoming County",2,38,1372,672,700
050,42,081,"Pennsylvania","Lycoming County",2,39,1348,657,691
050,42,081,"Pennsylvania","Lycoming County",2,40,1357,680,677
050,42,081,"Pennsylvania","Lycoming County",2,41,1292,653,639
050,42,081,"Pennsylvania","Lycoming County",2,42,1217,613,604
050,42,081,"Pennsylvania","Lycoming County",2,43,1212,596,616
050,42,081,"Pennsylvania","Lycoming County",2,44,1149,558,591
050,42,081,"Pennsylvania","Lycoming County",2,45,1203,579,624
050,42,081,"Pennsylvania","Lycoming County",2,46,1211,572,639
050,42,081,"Pennsylvania","Lycoming County",2,47,1257,599,658
050,42,081,"Pennsylvania","Lycoming County",2,48,1361,662,699
050,42,081,"Pennsylvania","Lycoming County",2,49,1457,706,751
050,42,081,"Pennsylvania","Lycoming County",2,50,1406,697,709
050,42,081,"Pennsylvania","Lycoming County",2,51,1389,683,706
050,42,081,"Pennsylvania","Lycoming County",2,52,1388,683,705
050,42,081,"Pennsylvania","Lycoming County",2,53,1463,730,733
050,42,081,"Pennsylvania","Lycoming County",2,54,1485,762,723
050,42,081,"Pennsylvania","Lycoming County",2,55,1542,773,769
050,42,081,"Pennsylvania","Lycoming County",2,56,1595,795,800
050,42,081,"Pennsylvania","Lycoming County",2,57,1585,787,798
050,42,081,"Pennsylvania","Lycoming County",2,58,1624,802,822
050,42,081,"Pennsylvania","Lycoming County",2,59,1672,812,860
050,42,081,"Pennsylvania","Lycoming County",2,60,1688,836,852
050,42,081,"Pennsylvania","Lycoming County",2,61,1698,857,841
050,42,081,"Pennsylvania","Lycoming County",2,62,1710,845,865
050,42,081,"Pennsylvania","Lycoming County",2,63,1704,832,872
050,42,081,"Pennsylvania","Lycoming County",2,64,1621,795,826
050,42,081,"Pennsylvania","Lycoming County",2,65,1575,797,778
050,42,081,"Pennsylvania","Lycoming County",2,66,1557,795,762
050,42,081,"Pennsylvania","Lycoming County",2,67,1520,754,766
050,42,081,"Pennsylvania","Lycoming County",2,68,1488,721,767
050,42,081,"Pennsylvania","Lycoming County",2,69,1327,635,692
050,42,081,"Pennsylvania","Lycoming County",2,70,1219,605,614
050,42,081,"Pennsylvania","Lycoming County",2,71,1224,609,615
050,42,081,"Pennsylvania","Lycoming County",2,72,1236,574,662
050,42,081,"Pennsylvania","Lycoming County",2,73,1304,603,701
050,42,081,"Pennsylvania","Lycoming County",2,74,862,403,459
050,42,081,"Pennsylvania","Lycoming County",2,75,816,384,432
050,42,081,"Pennsylvania","Lycoming County",2,76,812,370,442
050,42,081,"Pennsylvania","Lycoming County",2,77,871,391,480
050,42,081,"Pennsylvania","Lycoming County",2,78,744,319,425
050,42,081,"Pennsylvania","Lycoming County",2,79,639,263,376
050,42,081,"Pennsylvania","Lycoming County",2,80,581,236,345
050,42,081,"Pennsylvania","Lycoming County",2,81,527,215,312
050,42,081,"Pennsylvania","Lycoming County",2,82,510,208,302
050,42,081,"Pennsylvania","Lycoming County",2,83,484,205,279
050,42,081,"Pennsylvania","Lycoming County",2,84,450,187,263
050,42,081,"Pennsylvania","Lycoming County",2,85,2855,978,1877
050,42,081,"Pennsylvania","Lycoming County",3,0,1158,588,570
050,42,081,"Pennsylvania","Lycoming County",3,1,1181,626,555
050,42,081,"Pennsylvania","Lycoming County",3,2,1201,593,608
050,42,081,"Pennsylvania","Lycoming County",3,3,1247,617,630
050,42,081,"Pennsylvania","Lycoming County",3,4,1216,623,593
050,42,081,"Pennsylvania","Lycoming County",3,5,1255,634,621
050,42,081,"Pennsylvania","Lycoming County",3,6,1277,647,630
050,42,081,"Pennsylvania","Lycoming County",3,7,1295,648,647
050,42,081,"Pennsylvania","Lycoming County",3,8,1330,652,678
050,42,081,"Pennsylvania","Lycoming County",3,9,1320,655,665
050,42,081,"Pennsylvania","Lycoming County",3,10,1312,665,647
050,42,081,"Pennsylvania","Lycoming County",3,11,1367,727,640
050,42,081,"Pennsylvania","Lycoming County",3,12,1357,718,639
050,42,081,"Pennsylvania","Lycoming County",3,13,1406,733,673
050,42,081,"Pennsylvania","Lycoming County",3,14,1446,734,712
050,42,081,"Pennsylvania","Lycoming County",3,15,1412,700,712
050,42,081,"Pennsylvania","Lycoming County",3,16,1401,707,694
050,42,081,"Pennsylvania","Lycoming County",3,17,1405,705,700
050,42,081,"Pennsylvania","Lycoming County",3,18,1543,806,737
050,42,081,"Pennsylvania","Lycoming County",3,19,1690,972,718
050,42,081,"Pennsylvania","Lycoming County",3,20,1518,807,711
050,42,081,"Pennsylvania","Lycoming County",3,21,1460,741,719
050,42,081,"Pennsylvania","Lycoming County",3,22,1380,677,703
050,42,081,"Pennsylvania","Lycoming County",3,23,1245,631,614
050,42,081,"Pennsylvania","Lycoming County",3,24,1258,640,618
050,42,081,"Pennsylvania","Lycoming County",3,25,1253,618,635
050,42,081,"Pennsylvania","Lycoming County",3,26,1320,645,675
050,42,081,"Pennsylvania","Lycoming County",3,27,1333,690,643
050,42,081,"Pennsylvania","Lycoming County",3,28,1358,666,692
050,42,081,"Pennsylvania","Lycoming County",3,29,1395,685,710
050,42,081,"Pennsylvania","Lycoming County",3,30,1484,754,730
050,42,081,"Pennsylvania","Lycoming County",3,31,1575,824,751
050,42,081,"Pennsylvania","Lycoming County",3,32,1568,838,730
050,42,081,"Pennsylvania","Lycoming County",3,33,1515,791,724
050,42,081,"Pennsylvania","Lycoming County",3,34,1466,729,737
050,42,081,"Pennsylvania","Lycoming County",3,35,1444,736,708
050,42,081,"Pennsylvania","Lycoming County",3,36,1412,705,707
050,42,081,"Pennsylvania","Lycoming County",3,37,1413,699,714
050,42,081,"Pennsylvania","Lycoming County",3,38,1411,695,716
050,42,081,"Pennsylvania","Lycoming County",3,39,1354,663,691
050,42,081,"Pennsylvania","Lycoming County",3,40,1345,654,691
050,42,081,"Pennsylvania","Lycoming County",3,41,1370,686,684
050,42,081,"Pennsylvania","Lycoming County",3,42,1276,653,623
050,42,081,"Pennsylvania","Lycoming County",3,43,1197,601,596
050,42,081,"Pennsylvania","Lycoming County",3,44,1197,589,608
050,42,081,"Pennsylvania","Lycoming County",3,45,1150,557,593
050,42,081,"Pennsylvania","Lycoming County",3,46,1205,584,621
050,42,081,"Pennsylvania","Lycoming County",3,47,1204,575,629
050,42,081,"Pennsylvania","Lycoming County",3,48,1237,588,649
050,42,081,"Pennsylvania","Lycoming County",3,49,1351,649,702
050,42,081,"Pennsylvania","Lycoming County",3,50,1467,718,749
050,42,081,"Pennsylvania","Lycoming County",3,51,1398,691,707
050,42,081,"Pennsylvania","Lycoming County",3,52,1397,686,711
050,42,081,"Pennsylvania","Lycoming County",3,53,1360,666,694
050,42,081,"Pennsylvania","Lycoming County",3,54,1453,734,719
050,42,081,"Pennsylvania","Lycoming County",3,55,1458,748,710
050,42,081,"Pennsylvania","Lycoming County",3,56,1520,767,753
050,42,081,"Pennsylvania","Lycoming County",3,57,1591,785,806
050,42,081,"Pennsylvania","Lycoming County",3,58,1568,785,783
050,42,081,"Pennsylvania","Lycoming County",3,59,1617,798,819
050,42,081,"Pennsylvania","Lycoming County",3,60,1637,796,841
050,42,081,"Pennsylvania","Lycoming County",3,61,1654,819,835
050,42,081,"Pennsylvania","Lycoming County",3,62,1682,851,831
050,42,081,"Pennsylvania","Lycoming County",3,63,1675,822,853
050,42,081,"Pennsylvania","Lycoming County",3,64,1683,829,854
050,42,081,"Pennsylvania","Lycoming County",3,65,1581,775,806
050,42,081,"Pennsylvania","Lycoming County",3,66,1534,776,758
050,42,081,"Pennsylvania","Lycoming County",3,67,1549,789,760
050,42,081,"Pennsylvania","Lycoming County",3,68,1486,734,752
050,42,081,"Pennsylvania","Lycoming County",3,69,1445,699,746
050,42,081,"Pennsylvania","Lycoming County",3,70,1283,610,673
050,42,081,"Pennsylvania","Lycoming County",3,71,1194,592,602
050,42,081,"Pennsylvania","Lycoming County",3,72,1188,583,605
050,42,081,"Pennsylvania","Lycoming County",3,73,1187,546,641
050,42,081,"Pennsylvania","Lycoming County",3,74,1252,579,673
050,42,081,"Pennsylvania","Lycoming County",3,75,818,376,442
050,42,081,"Pennsylvania","Lycoming County",3,76,786,367,419
050,42,081,"Pennsylvania","Lycoming County",3,77,780,356,424
050,42,081,"Pennsylvania","Lycoming County",3,78,824,361,463
050,42,081,"Pennsylvania","Lycoming County",3,79,691,289,402
050,42,081,"Pennsylvania","Lycoming County",3,80,601,245,356
050,42,081,"Pennsylvania","Lycoming County",3,81,542,201,341
050,42,081,"Pennsylvania","Lycoming County",3,82,493,194,299
050,42,081,"Pennsylvania","Lycoming County",3,83,461,184,277
050,42,081,"Pennsylvania","Lycoming County",3,84,434,181,253
050,42,081,"Pennsylvania","Lycoming County",3,85,2759,935,1824
050,42,081,"Pennsylvania","Lycoming County",4,0,1005,494,511
050,42,081,"Pennsylvania","Lycoming County",4,1,1172,592,580
050,42,081,"Pennsylvania","Lycoming County",4,2,1187,627,560
050,42,081,"Pennsylvania","Lycoming County",4,3,1226,621,605
050,42,081,"Pennsylvania","Lycoming County",4,4,1251,626,625
050,42,081,"Pennsylvania","Lycoming County",4,5,1222,622,600
050,42,081,"Pennsylvania","Lycoming County",4,6,1265,637,628
050,42,081,"Pennsylvania","Lycoming County",4,7,1287,655,632
050,42,081,"Pennsylvania","Lycoming County",4,8,1285,645,640
050,42,081,"Pennsylvania","Lycoming County",4,9,1350,659,691
050,42,081,"Pennsylvania","Lycoming County",4,10,1326,659,667
050,42,081,"Pennsylvania","Lycoming County",4,11,1307,662,645
050,42,081,"Pennsylvania","Lycoming County",4,12,1363,730,633
050,42,081,"Pennsylvania","Lycoming County",4,13,1367,731,636
050,42,081,"Pennsylvania","Lycoming County",4,14,1421,746,675
050,42,081,"Pennsylvania","Lycoming County",4,15,1446,732,714
050,42,081,"Pennsylvania","Lycoming County",4,16,1416,697,719
050,42,081,"Pennsylvania","Lycoming County",4,17,1389,700,689
050,42,081,"Pennsylvania","Lycoming County",4,18,1595,839,756
050,42,081,"Pennsylvania","Lycoming County",4,19,1735,1007,728
050,42,081,"Pennsylvania","Lycoming County",4,20,1516,819,697
050,42,081,"Pennsylvania","Lycoming County",4,21,1499,740,759
050,42,081,"Pennsylvania","Lycoming County",4,22,1394,692,702
050,42,081,"Pennsylvania","Lycoming County",4,23,1252,603,649
050,42,081,"Pennsylvania","Lycoming County",4,24,1194,597,597
050,42,081,"Pennsylvania","Lycoming County",4,25,1235,612,623
050,42,081,"Pennsylvania","Lycoming County",4,26,1252,614,638
050,42,081,"Pennsylvania","Lycoming County",4,27,1309,647,662
050,42,081,"Pennsylvania","Lycoming County",4,28,1317,675,642
050,42,081,"Pennsylvania","Lycoming County",4,29,1350,667,683
050,42,081,"Pennsylvania","Lycoming County",4,30,1368,675,693
050,42,081,"Pennsylvania","Lycoming County",4,31,1483,746,737
050,42,081,"Pennsylvania","Lycoming County",4,32,1566,833,733
050,42,081,"Pennsylvania","Lycoming County",4,33,1564,814,750
050,42,081,"Pennsylvania","Lycoming County",4,34,1534,800,734
050,42,081,"Pennsylvania","Lycoming County",4,35,1476,733,743
050,42,081,"Pennsylvania","Lycoming County",4,36,1436,726,710
050,42,081,"Pennsylvania","Lycoming County",4,37,1429,712,717
050,42,081,"Pennsylvania","Lycoming County",4,38,1387,691,696
050,42,081,"Pennsylvania","Lycoming County",4,39,1406,696,710
050,42,081,"Pennsylvania","Lycoming County",4,40,1367,663,704
050,42,081,"Pennsylvania","Lycoming County",4,41,1383,678,705
050,42,081,"Pennsylvania","Lycoming County",4,42,1363,692,671
050,42,081,"Pennsylvania","Lycoming County",4,43,1265,642,623
050,42,081,"Pennsylvania","Lycoming County",4,44,1199,601,598
050,42,081,"Pennsylvania","Lycoming County",4,45,1200,590,610
050,42,081,"Pennsylvania","Lycoming County",4,46,1144,552,592
050,42,081,"Pennsylvania","Lycoming County",4,47,1192,582,610
050,42,081,"Pennsylvania","Lycoming County",4,48,1204,578,626
050,42,081,"Pennsylvania","Lycoming County",4,49,1217,567,650
050,42,081,"Pennsylvania","Lycoming County",4,50,1342,655,687
050,42,081,"Pennsylvania","Lycoming County",4,51,1446,719,727
050,42,081,"Pennsylvania","Lycoming County",4,52,1397,685,712
050,42,081,"Pennsylvania","Lycoming County",4,53,1375,671,704
050,42,081,"Pennsylvania","Lycoming County",4,54,1334,660,674
050,42,081,"Pennsylvania","Lycoming County",4,55,1441,723,718
050,42,081,"Pennsylvania","Lycoming County",4,56,1459,750,709
050,42,081,"Pennsylvania","Lycoming County",4,57,1511,748,763
050,42,081,"Pennsylvania","Lycoming County",4,58,1558,771,787
050,42,081,"Pennsylvania","Lycoming County",4,59,1562,773,789
050,42,081,"Pennsylvania","Lycoming County",4,60,1589,779,810
050,42,081,"Pennsylvania","Lycoming County",4,61,1618,788,830
050,42,081,"Pennsylvania","Lycoming County",4,62,1638,807,831
050,42,081,"Pennsylvania","Lycoming County",4,63,1653,834,819
050,42,081,"Pennsylvania","Lycoming County",4,64,1648,817,831
050,42,081,"Pennsylvania","Lycoming County",4,65,1645,801,844
050,42,081,"Pennsylvania","Lycoming County",4,66,1544,752,792
050,42,081,"Pennsylvania","Lycoming County",4,67,1511,761,750
050,42,081,"Pennsylvania","Lycoming County",4,68,1513,771,742
050,42,081,"Pennsylvania","Lycoming County",4,69,1449,709,740
050,42,081,"Pennsylvania","Lycoming County",4,70,1411,678,733
050,42,081,"Pennsylvania","Lycoming County",4,71,1265,603,662
050,42,081,"Pennsylvania","Lycoming County",4,72,1163,569,594
050,42,081,"Pennsylvania","Lycoming County",4,73,1150,557,593
050,42,081,"Pennsylvania","Lycoming County",4,74,1127,513,614
050,42,081,"Pennsylvania","Lycoming County",4,75,1211,543,668
050,42,081,"Pennsylvania","Lycoming County",4,76,791,358,433
050,42,081,"Pennsylvania","Lycoming County",4,77,748,349,399
050,42,081,"Pennsylvania","Lycoming County",4,78,736,333,403
050,42,081,"Pennsylvania","Lycoming County",4,79,764,333,431
050,42,081,"Pennsylvania","Lycoming County",4,80,668,282,386
050,42,081,"Pennsylvania","Lycoming County",4,81,577,220,357
050,42,081,"Pennsylvania","Lycoming County",4,82,517,186,331
050,42,081,"Pennsylvania","Lycoming County",4,83,454,179,275
050,42,081,"Pennsylvania","Lycoming County",4,84,413,165,248
050,42,081,"Pennsylvania","Lycoming County",4,85,2690,909,1781
050,42,081,"Pennsylvania","Lycoming County",5,0,928,459,469
050,42,081,"Pennsylvania","Lycoming County",5,1,1032,506,526
050,42,081,"Pennsylvania","Lycoming County",5,2,1176,595,581
050,42,081,"Pennsylvania","Lycoming County",5,3,1195,628,567
050,42,081,"Pennsylvania","Lycoming County",5,4,1206,609,597
050,42,081,"Pennsylvania","Lycoming County",5,5,1247,615,632
050,42,081,"Pennsylvania","Lycoming County",5,6,1243,630,613
050,42,081,"Pennsylvania","Lycoming County",5,7,1268,643,625
050,42,081,"Pennsylvania","Lycoming County",5,8,1301,659,642
050,42,081,"Pennsylvania","Lycoming County",5,9,1297,653,644
050,42,081,"Pennsylvania","Lycoming County",5,10,1326,653,673
050,42,081,"Pennsylvania","Lycoming County",5,11,1330,665,665
050,42,081,"Pennsylvania","Lycoming County",5,12,1309,657,652
050,42,081,"Pennsylvania","Lycoming County",5,13,1352,715,637
050,42,081,"Pennsylvania","Lycoming County",5,14,1387,735,652
050,42,081,"Pennsylvania","Lycoming County",5,15,1395,732,663
050,42,081,"Pennsylvania","Lycoming County",5,16,1451,739,712
050,42,081,"Pennsylvania","Lycoming County",5,17,1410,696,714
050,42,081,"Pennsylvania","Lycoming County",5,18,1565,831,734
050,42,081,"Pennsylvania","Lycoming County",5,19,1771,1030,741
050,42,081,"Pennsylvania","Lycoming County",5,20,1544,827,717
050,42,081,"Pennsylvania","Lycoming County",5,21,1489,757,732
050,42,081,"Pennsylvania","Lycoming County",5,22,1415,689,726
050,42,081,"Pennsylvania","Lycoming County",5,23,1291,643,648
050,42,081,"Pennsylvania","Lycoming County",5,24,1206,574,632
050,42,081,"Pennsylvania","Lycoming County",5,25,1199,602,597
050,42,081,"Pennsylvania","Lycoming County",5,26,1268,628,640
050,42,081,"Pennsylvania","Lycoming County",5,27,1275,630,645
050,42,081,"Pennsylvania","Lycoming County",5,28,1315,651,664
050,42,081,"Pennsylvania","Lycoming County",5,29,1282,657,625
050,42,081,"Pennsylvania","Lycoming County",5,30,1347,669,678
050,42,081,"Pennsylvania","Lycoming County",5,31,1380,672,708
050,42,081,"Pennsylvania","Lycoming County",5,32,1473,762,711
050,42,081,"Pennsylvania","Lycoming County",5,33,1584,840,744
050,42,081,"Pennsylvania","Lycoming County",5,34,1560,812,748
050,42,081,"Pennsylvania","Lycoming County",5,35,1562,810,752
050,42,081,"Pennsylvania","Lycoming County",5,36,1467,733,734
050,42,081,"Pennsylvania","Lycoming County",5,37,1441,725,716
050,42,081,"Pennsylvania","Lycoming County",5,38,1443,725,718
050,42,081,"Pennsylvania","Lycoming County",5,39,1407,701,706
050,42,081,"Pennsylvania","Lycoming County",5,40,1422,695,727
050,42,081,"Pennsylvania","Lycoming County",5,41,1411,696,715
050,42,081,"Pennsylvania","Lycoming County",5,42,1381,677,704
050,42,081,"Pennsylvania","Lycoming County",5,43,1353,684,669
050,42,081,"Pennsylvania","Lycoming County",5,44,1252,628,624
050,42,081,"Pennsylvania","Lycoming County",5,45,1211,610,601
050,42,081,"Pennsylvania","Lycoming County",5,46,1187,583,604
050,42,081,"Pennsylvania","Lycoming County",5,47,1129,551,578
050,42,081,"Pennsylvania","Lycoming County",5,48,1187,577,610
050,42,081,"Pennsylvania","Lycoming County",5,49,1193,570,623
050,42,081,"Pennsylvania","Lycoming County",5,50,1220,572,648
050,42,081,"Pennsylvania","Lycoming County",5,51,1339,659,680
050,42,081,"Pennsylvania","Lycoming County",5,52,1452,727,725
050,42,081,"Pennsylvania","Lycoming County",5,53,1390,680,710
050,42,081,"Pennsylvania","Lycoming County",5,54,1384,681,703
050,42,081,"Pennsylvania","Lycoming County",5,55,1317,649,668
050,42,081,"Pennsylvania","Lycoming County",5,56,1458,730,728
050,42,081,"Pennsylvania","Lycoming County",5,57,1461,735,726
050,42,081,"Pennsylvania","Lycoming County",5,58,1486,733,753
050,42,081,"Pennsylvania","Lycoming County",5,59,1544,763,781
050,42,081,"Pennsylvania","Lycoming County",5,60,1541,762,779
050,42,081,"Pennsylvania","Lycoming County",5,61,1572,772,800
050,42,081,"Pennsylvania","Lycoming County",5,62,1611,783,828
050,42,081,"Pennsylvania","Lycoming County",5,63,1618,798,820
050,42,081,"Pennsylvania","Lycoming County",5,64,1631,828,803
050,42,081,"Pennsylvania","Lycoming County",5,65,1630,811,819
050,42,081,"Pennsylvania","Lycoming County",5,66,1619,778,841
050,42,081,"Pennsylvania","Lycoming County",5,67,1527,738,789
050,42,081,"Pennsylvania","Lycoming County",5,68,1471,739,732
050,42,081,"Pennsylvania","Lycoming County",5,69,1486,751,735
050,42,081,"Pennsylvania","Lycoming County",5,70,1416,687,729
050,42,081,"Pennsylvania","Lycoming County",5,71,1367,655,712
050,42,081,"Pennsylvania","Lycoming County",5,72,1245,589,656
050,42,081,"Pennsylvania","Lycoming County",5,73,1122,546,576
050,42,081,"Pennsylvania","Lycoming County",5,74,1098,531,567
050,42,081,"Pennsylvania","Lycoming County",5,75,1081,479,602
050,42,081,"Pennsylvania","Lycoming County",5,76,1182,529,653
050,42,081,"Pennsylvania","Lycoming County",5,77,751,342,409
050,42,081,"Pennsylvania","Lycoming County",5,78,712,328,384
050,42,081,"Pennsylvania","Lycoming County",5,79,683,307,376
050,42,081,"Pennsylvania","Lycoming County",5,80,735,321,414
050,42,081,"Pennsylvania","Lycoming County",5,81,639,260,379
050,42,081,"Pennsylvania","Lycoming County",5,82,547,202,345
050,42,081,"Pennsylvania","Lycoming County",5,83,485,173,312
050,42,081,"Pennsylvania","Lycoming County",5,84,411,164,247
050,42,081,"Pennsylvania","Lycoming County",5,85,2630,875,1755
050,42,083,"Pennsylvania","McKean County",1,0,355,180,175
050,42,083,"Pennsylvania","McKean County",1,1,361,182,179
050,42,083,"Pennsylvania","McKean County",1,2,393,188,205
050,42,083,"Pennsylvania","McKean County",1,3,396,184,212
050,42,083,"Pennsylvania","McKean County",1,4,397,199,198
050,42,083,"Pennsylvania","McKean County",1,5,437,232,205
050,42,083,"Pennsylvania","McKean County",1,6,439,246,193
050,42,083,"Pennsylvania","McKean County",1,7,444,240,204
050,42,083,"Pennsylvania","McKean County",1,8,460,251,209
050,42,083,"Pennsylvania","McKean County",1,9,448,236,212
050,42,083,"Pennsylvania","McKean County",1,10,444,228,216
050,42,083,"Pennsylvania","McKean County",1,11,474,249,225
050,42,083,"Pennsylvania","McKean County",1,12,506,250,256
050,42,083,"Pennsylvania","McKean County",1,13,508,260,248
050,42,083,"Pennsylvania","McKean County",1,14,510,271,239
050,42,083,"Pennsylvania","McKean County",1,15,502,257,245
050,42,083,"Pennsylvania","McKean County",1,16,503,257,246
050,42,083,"Pennsylvania","McKean County",1,17,502,268,234
050,42,083,"Pennsylvania","McKean County",1,18,582,306,276
050,42,083,"Pennsylvania","McKean County",1,19,607,330,277
050,42,083,"Pennsylvania","McKean County",1,20,555,276,279
050,42,083,"Pennsylvania","McKean County",1,21,555,268,287
050,42,083,"Pennsylvania","McKean County",1,22,477,247,230
050,42,083,"Pennsylvania","McKean County",1,23,421,226,195
050,42,083,"Pennsylvania","McKean County",1,24,436,238,198
050,42,083,"Pennsylvania","McKean County",1,25,436,237,199
050,42,083,"Pennsylvania","McKean County",1,26,437,243,194
050,42,083,"Pennsylvania","McKean County",1,27,478,264,214
050,42,083,"Pennsylvania","McKean County",1,28,491,266,225
050,42,083,"Pennsylvania","McKean County",1,29,471,259,212
050,42,083,"Pennsylvania","McKean County",1,30,470,270,200
050,42,083,"Pennsylvania","McKean County",1,31,472,261,211
050,42,083,"Pennsylvania","McKean County",1,32,470,267,203
050,42,083,"Pennsylvania","McKean County",1,33,463,261,202
050,42,083,"Pennsylvania","McKean County",1,34,501,280,221
050,42,083,"Pennsylvania","McKean County",1,35,487,273,214
050,42,083,"Pennsylvania","McKean County",1,36,444,249,195
050,42,083,"Pennsylvania","McKean County",1,37,466,258,208
050,42,083,"Pennsylvania","McKean County",1,38,435,245,190
050,42,083,"Pennsylvania","McKean County",1,39,457,257,200
050,42,083,"Pennsylvania","McKean County",1,40,448,238,210
050,42,083,"Pennsylvania","McKean County",1,41,446,225,221
050,42,083,"Pennsylvania","McKean County",1,42,443,220,223
050,42,083,"Pennsylvania","McKean County",1,43,442,223,219
050,42,083,"Pennsylvania","McKean County",1,44,467,251,216
050,42,083,"Pennsylvania","McKean County",1,45,469,245,224
050,42,083,"Pennsylvania","McKean County",1,46,474,247,227
050,42,083,"Pennsylvania","McKean County",1,47,510,270,240
050,42,083,"Pennsylvania","McKean County",1,48,560,286,274
050,42,083,"Pennsylvania","McKean County",1,49,570,290,280
050,42,083,"Pennsylvania","McKean County",1,50,531,278,253
050,42,083,"Pennsylvania","McKean County",1,51,524,296,228
050,42,083,"Pennsylvania","McKean County",1,52,549,285,264
050,42,083,"Pennsylvania","McKean County",1,53,556,291,265
050,42,083,"Pennsylvania","McKean County",1,54,558,287,271
050,42,083,"Pennsylvania","McKean County",1,55,548,288,260
050,42,083,"Pennsylvania","McKean County",1,56,562,289,273
050,42,083,"Pennsylvania","McKean County",1,57,603,302,301
050,42,083,"Pennsylvania","McKean County",1,58,617,303,314
050,42,083,"Pennsylvania","McKean County",1,59,619,302,317
050,42,083,"Pennsylvania","McKean County",1,60,618,317,301
050,42,083,"Pennsylvania","McKean County",1,61,641,324,317
050,42,083,"Pennsylvania","McKean County",1,62,672,335,337
050,42,083,"Pennsylvania","McKean County",1,63,653,319,334
050,42,083,"Pennsylvania","McKean County",1,64,606,300,306
050,42,083,"Pennsylvania","McKean County",1,65,582,292,290
050,42,083,"Pennsylvania","McKean County",1,66,591,307,284
050,42,083,"Pennsylvania","McKean County",1,67,550,289,261
050,42,083,"Pennsylvania","McKean County",1,68,511,256,255
050,42,083,"Pennsylvania","McKean County",1,69,456,223,233
050,42,083,"Pennsylvania","McKean County",1,70,430,212,218
050,42,083,"Pennsylvania","McKean County",1,71,425,200,225
050,42,083,"Pennsylvania","McKean County",1,72,451,209,242
050,42,083,"Pennsylvania","McKean County",1,73,438,217,221
050,42,083,"Pennsylvania","McKean County",1,74,265,126,139
050,42,083,"Pennsylvania","McKean County",1,75,296,135,161
050,42,083,"Pennsylvania","McKean County",1,76,310,143,167
050,42,083,"Pennsylvania","McKean County",1,77,288,130,158
050,42,083,"Pennsylvania","McKean County",1,78,266,114,152
050,42,083,"Pennsylvania","McKean County",1,79,244,114,130
050,42,083,"Pennsylvania","McKean County",1,80,220,99,121
050,42,083,"Pennsylvania","McKean County",1,81,203,88,115
050,42,083,"Pennsylvania","McKean County",1,82,189,81,108
050,42,083,"Pennsylvania","McKean County",1,83,188,80,108
050,42,083,"Pennsylvania","McKean County",1,84,175,68,107
050,42,083,"Pennsylvania","McKean County",1,85,976,343,633
050,42,083,"Pennsylvania","McKean County",2,0,375,194,181
050,42,083,"Pennsylvania","McKean County",2,1,358,181,177
050,42,083,"Pennsylvania","McKean County",2,2,387,187,200
050,42,083,"Pennsylvania","McKean County",2,3,393,184,209
050,42,083,"Pennsylvania","McKean County",2,4,398,195,203
050,42,083,"Pennsylvania","McKean County",2,5,427,222,205
050,42,083,"Pennsylvania","McKean County",2,6,437,243,194
050,42,083,"Pennsylvania","McKean County",2,7,444,241,203
050,42,083,"Pennsylvania","McKean County",2,8,456,249,207
050,42,083,"Pennsylvania","McKean County",2,9,451,241,210
050,42,083,"Pennsylvania","McKean County",2,10,444,230,214
050,42,083,"Pennsylvania","McKean County",2,11,465,243,222
050,42,083,"Pennsylvania","McKean County",2,12,500,251,249
050,42,083,"Pennsylvania","McKean County",2,13,506,258,248
050,42,083,"Pennsylvania","McKean County",2,14,511,268,243
050,42,083,"Pennsylvania","McKean County",2,15,504,262,242
050,42,083,"Pennsylvania","McKean County",2,16,504,258,246
050,42,083,"Pennsylvania","McKean County",2,17,502,267,235
050,42,083,"Pennsylvania","McKean County",2,18,575,298,277
050,42,083,"Pennsylvania","McKean County",2,19,608,331,277
050,42,083,"Pennsylvania","McKean County",2,20,560,280,280
050,42,083,"Pennsylvania","McKean County",2,21,553,270,283
050,42,083,"Pennsylvania","McKean County",2,22,478,244,234
050,42,083,"Pennsylvania","McKean County",2,23,427,227,200
050,42,083,"Pennsylvania","McKean County",2,24,434,237,197
050,42,083,"Pennsylvania","McKean County",2,25,434,236,198
050,42,083,"Pennsylvania","McKean County",2,26,437,241,196
050,42,083,"Pennsylvania","McKean County",2,27,472,262,210
050,42,083,"Pennsylvania","McKean County",2,28,489,269,220
050,42,083,"Pennsylvania","McKean County",2,29,476,261,215
050,42,083,"Pennsylvania","McKean County",2,30,479,273,206
050,42,083,"Pennsylvania","McKean County",2,31,466,261,205
050,42,083,"Pennsylvania","McKean County",2,32,476,270,206
050,42,083,"Pennsylvania","McKean County",2,33,461,258,203
050,42,083,"Pennsylvania","McKean County",2,34,494,276,218
050,42,083,"Pennsylvania","McKean County",2,35,496,277,219
050,42,083,"Pennsylvania","McKean County",2,36,452,253,199
050,42,083,"Pennsylvania","McKean County",2,37,463,259,204
050,42,083,"Pennsylvania","McKean County",2,38,444,248,196
050,42,083,"Pennsylvania","McKean County",2,39,450,253,197
050,42,083,"Pennsylvania","McKean County",2,40,454,245,209
050,42,083,"Pennsylvania","McKean County",2,41,444,227,217
050,42,083,"Pennsylvania","McKean County",2,42,440,220,220
050,42,083,"Pennsylvania","McKean County",2,43,448,226,222
050,42,083,"Pennsylvania","McKean County",2,44,454,241,213
050,42,083,"Pennsylvania","McKean County",2,45,471,246,225
050,42,083,"Pennsylvania","McKean County",2,46,472,246,226
050,42,083,"Pennsylvania","McKean County",2,47,500,263,237
050,42,083,"Pennsylvania","McKean County",2,48,544,280,264
050,42,083,"Pennsylvania","McKean County",2,49,572,292,280
050,42,083,"Pennsylvania","McKean County",2,50,537,278,259
050,42,083,"Pennsylvania","McKean County",2,51,524,291,233
050,42,083,"Pennsylvania","McKean County",2,52,542,286,256
050,42,083,"Pennsylvania","McKean County",2,53,554,290,264
050,42,083,"Pennsylvania","McKean County",2,54,551,284,267
050,42,083,"Pennsylvania","McKean County",2,55,552,290,262
050,42,083,"Pennsylvania","McKean County",2,56,557,288,269
050,42,083,"Pennsylvania","McKean County",2,57,594,298,296
050,42,083,"Pennsylvania","McKean County",2,58,613,304,309
050,42,083,"Pennsylvania","McKean County",2,59,623,303,320
050,42,083,"Pennsylvania","McKean County",2,60,613,310,303
050,42,083,"Pennsylvania","McKean County",2,61,635,322,313
050,42,083,"Pennsylvania","McKean County",2,62,662,331,331
050,42,083,"Pennsylvania","McKean County",2,63,660,321,339
050,42,083,"Pennsylvania","McKean County",2,64,611,302,309
050,42,083,"Pennsylvania","McKean County",2,65,582,289,293
050,42,083,"Pennsylvania","McKean County",2,66,587,303,284
050,42,083,"Pennsylvania","McKean County",2,67,558,295,263
050,42,083,"Pennsylvania","McKean County",2,68,513,259,254
050,42,083,"Pennsylvania","McKean County",2,69,471,231,240
050,42,083,"Pennsylvania","McKean County",2,70,432,212,220
050,42,083,"Pennsylvania","McKean County",2,71,424,203,221
050,42,083,"Pennsylvania","McKean County",2,72,429,200,229
050,42,083,"Pennsylvania","McKean County",2,73,460,224,236
050,42,083,"Pennsylvania","McKean County",2,74,288,138,150
050,42,083,"Pennsylvania","McKean County",2,75,287,133,154
050,42,083,"Pennsylvania","McKean County",2,76,303,138,165
050,42,083,"Pennsylvania","McKean County",2,77,296,135,161
050,42,083,"Pennsylvania","McKean County",2,78,266,117,149
050,42,083,"Pennsylvania","McKean County",2,79,243,111,132
050,42,083,"Pennsylvania","McKean County",2,80,226,102,124
050,42,083,"Pennsylvania","McKean County",2,81,203,90,113
050,42,083,"Pennsylvania","McKean County",2,82,188,82,106
050,42,083,"Pennsylvania","McKean County",2,83,182,77,105
050,42,083,"Pennsylvania","McKean County",2,84,175,69,106
050,42,083,"Pennsylvania","McKean County",2,85,973,343,630
050,42,083,"Pennsylvania","McKean County",3,0,344,184,160
050,42,083,"Pennsylvania","McKean County",3,1,383,209,174
050,42,083,"Pennsylvania","McKean County",3,2,369,186,183
050,42,083,"Pennsylvania","McKean County",3,3,377,185,192
050,42,083,"Pennsylvania","McKean County",3,4,394,184,210
050,42,083,"Pennsylvania","McKean County",3,5,387,190,197
050,42,083,"Pennsylvania","McKean County",3,6,439,226,213
050,42,083,"Pennsylvania","McKean County",3,7,434,243,191
050,42,083,"Pennsylvania","McKean County",3,8,434,234,200
050,42,083,"Pennsylvania","McKean County",3,9,450,251,199
050,42,083,"Pennsylvania","McKean County",3,10,455,239,216
050,42,083,"Pennsylvania","McKean County",3,11,448,234,214
050,42,083,"Pennsylvania","McKean County",3,12,462,239,223
050,42,083,"Pennsylvania","McKean County",3,13,498,250,248
050,42,083,"Pennsylvania","McKean County",3,14,508,256,252
050,42,083,"Pennsylvania","McKean County",3,15,513,267,246
050,42,083,"Pennsylvania","McKean County",3,16,502,260,242
050,42,083,"Pennsylvania","McKean County",3,17,505,266,239
050,42,083,"Pennsylvania","McKean County",3,18,581,298,283
050,42,083,"Pennsylvania","McKean County",3,19,615,337,278
050,42,083,"Pennsylvania","McKean County",3,20,555,290,265
050,42,083,"Pennsylvania","McKean County",3,21,549,280,269
050,42,083,"Pennsylvania","McKean County",3,22,467,237,230
050,42,083,"Pennsylvania","McKean County",3,23,416,219,197
050,42,083,"Pennsylvania","McKean County",3,24,427,235,192
050,42,083,"Pennsylvania","McKean County",3,25,426,233,193
050,42,083,"Pennsylvania","McKean County",3,26,437,233,204
050,42,083,"Pennsylvania","McKean County",3,27,468,269,199
050,42,083,"Pennsylvania","McKean County",3,28,491,284,207
050,42,083,"Pennsylvania","McKean County",3,29,515,299,216
050,42,083,"Pennsylvania","McKean County",3,30,507,285,222
050,42,083,"Pennsylvania","McKean County",3,31,486,282,204
050,42,083,"Pennsylvania","McKean County",3,32,486,277,209
050,42,083,"Pennsylvania","McKean County",3,33,483,273,210
050,42,083,"Pennsylvania","McKean County",3,34,467,271,196
050,42,083,"Pennsylvania","McKean County",3,35,507,282,225
050,42,083,"Pennsylvania","McKean County",3,36,500,289,211
050,42,083,"Pennsylvania","McKean County",3,37,470,269,201
050,42,083,"Pennsylvania","McKean County",3,38,469,257,212
050,42,083,"Pennsylvania","McKean County",3,39,449,250,199
050,42,083,"Pennsylvania","McKean County",3,40,467,261,206
050,42,083,"Pennsylvania","McKean County",3,41,459,248,211
050,42,083,"Pennsylvania","McKean County",3,42,440,227,213
050,42,083,"Pennsylvania","McKean County",3,43,442,223,219
050,42,083,"Pennsylvania","McKean County",3,44,457,231,226
050,42,083,"Pennsylvania","McKean County",3,45,454,240,214
050,42,083,"Pennsylvania","McKean County",3,46,479,255,224
050,42,083,"Pennsylvania","McKean County",3,47,465,243,222
050,42,083,"Pennsylvania","McKean County",3,48,497,259,238
050,42,083,"Pennsylvania","McKean County",3,49,551,286,265
050,42,083,"Pennsylvania","McKean County",3,50,577,303,274
050,42,083,"Pennsylvania","McKean County",3,51,534,278,256
050,42,083,"Pennsylvania","McKean County",3,52,528,283,245
050,42,083,"Pennsylvania","McKean County",3,53,534,282,252
050,42,083,"Pennsylvania","McKean County",3,54,545,284,261
050,42,083,"Pennsylvania","McKean County",3,55,555,293,262
050,42,083,"Pennsylvania","McKean County",3,56,541,284,257
050,42,083,"Pennsylvania","McKean County",3,57,551,281,270
050,42,083,"Pennsylvania","McKean County",3,58,586,301,285
050,42,083,"Pennsylvania","McKean County",3,59,612,302,310
050,42,083,"Pennsylvania","McKean County",3,60,619,302,317
050,42,083,"Pennsylvania","McKean County",3,61,601,304,297
050,42,083,"Pennsylvania","McKean County",3,62,635,322,313
050,42,083,"Pennsylvania","McKean County",3,63,661,327,334
050,42,083,"Pennsylvania","McKean County",3,64,650,316,334
050,42,083,"Pennsylvania","McKean County",3,65,597,293,304
050,42,083,"Pennsylvania","McKean County",3,66,566,285,281
050,42,083,"Pennsylvania","McKean County",3,67,572,303,269
050,42,083,"Pennsylvania","McKean County",3,68,542,284,258
050,42,083,"Pennsylvania","McKean County",3,69,507,255,252
050,42,083,"Pennsylvania","McKean County",3,70,445,215,230
050,42,083,"Pennsylvania","McKean County",3,71,411,204,207
050,42,083,"Pennsylvania","McKean County",3,72,412,197,215
050,42,083,"Pennsylvania","McKean County",3,73,406,187,219
050,42,083,"Pennsylvania","McKean County",3,74,451,216,235
050,42,083,"Pennsylvania","McKean County",3,75,277,137,140
050,42,083,"Pennsylvania","McKean County",3,76,271,122,149
050,42,083,"Pennsylvania","McKean County",3,77,292,137,155
050,42,083,"Pennsylvania","McKean County",3,78,281,132,149
050,42,083,"Pennsylvania","McKean County",3,79,241,108,133
050,42,083,"Pennsylvania","McKean County",3,80,237,103,134
050,42,083,"Pennsylvania","McKean County",3,81,202,95,107
050,42,083,"Pennsylvania","McKean County",3,82,197,90,107
050,42,083,"Pennsylvania","McKean County",3,83,176,71,105
050,42,083,"Pennsylvania","McKean County",3,84,173,70,103
050,42,083,"Pennsylvania","McKean County",3,85,948,329,619
050,42,083,"Pennsylvania","McKean County",4,0,329,165,164
050,42,083,"Pennsylvania","McKean County",4,1,310,167,143
050,42,083,"Pennsylvania","McKean County",4,2,369,198,171
050,42,083,"Pennsylvania","McKean County",4,3,365,185,180
050,42,083,"Pennsylvania","McKean County",4,4,380,182,198
050,42,083,"Pennsylvania","McKean County",4,5,388,178,210
050,42,083,"Pennsylvania","McKean County",4,6,398,190,208
050,42,083,"Pennsylvania","McKean County",4,7,432,221,211
050,42,083,"Pennsylvania","McKean County",4,8,445,251,194
050,42,083,"Pennsylvania","McKean County",4,9,437,232,205
050,42,083,"Pennsylvania","McKean County",4,10,451,255,196
050,42,083,"Pennsylvania","McKean County",4,11,444,235,209
050,42,083,"Pennsylvania","McKean County",4,12,448,233,215
050,42,083,"Pennsylvania","McKean County",4,13,456,238,218
050,42,083,"Pennsylvania","McKean County",4,14,495,247,248
050,42,083,"Pennsylvania","McKean County",4,15,519,264,255
050,42,083,"Pennsylvania","McKean County",4,16,512,268,244
050,42,083,"Pennsylvania","McKean County",4,17,499,263,236
050,42,083,"Pennsylvania","McKean County",4,18,577,296,281
050,42,083,"Pennsylvania","McKean County",4,19,606,328,278
050,42,083,"Pennsylvania","McKean County",4,20,571,297,274
050,42,083,"Pennsylvania","McKean County",4,21,548,293,255
050,42,083,"Pennsylvania","McKean County",4,22,454,238,216
050,42,083,"Pennsylvania","McKean County",4,23,407,206,201
050,42,083,"Pennsylvania","McKean County",4,24,421,227,194
050,42,083,"Pennsylvania","McKean County",4,25,421,232,189
050,42,083,"Pennsylvania","McKean County",4,26,413,216,197
050,42,083,"Pennsylvania","McKean County",4,27,452,250,202
050,42,083,"Pennsylvania","McKean County",4,28,475,279,196
050,42,083,"Pennsylvania","McKean County",4,29,492,295,197
050,42,083,"Pennsylvania","McKean County",4,30,502,299,203
050,42,083,"Pennsylvania","McKean County",4,31,497,281,216
050,42,083,"Pennsylvania","McKean County",4,32,494,290,204
050,42,083,"Pennsylvania","McKean County",4,33,460,251,209
050,42,083,"Pennsylvania","McKean County",4,34,482,275,207
050,42,083,"Pennsylvania","McKean County",4,35,470,276,194
050,42,083,"Pennsylvania","McKean County",4,36,507,284,223
050,42,083,"Pennsylvania","McKean County",4,37,498,291,207
050,42,083,"Pennsylvania","McKean County",4,38,459,259,200
050,42,083,"Pennsylvania","McKean County",4,39,473,257,216
050,42,083,"Pennsylvania","McKean County",4,40,454,253,201
050,42,083,"Pennsylvania","McKean County",4,41,470,264,206
050,42,083,"Pennsylvania","McKean County",4,42,448,242,206
050,42,083,"Pennsylvania","McKean County",4,43,439,227,212
050,42,083,"Pennsylvania","McKean County",4,44,455,235,220
050,42,083,"Pennsylvania","McKean County",4,45,436,220,216
050,42,083,"Pennsylvania","McKean County",4,46,443,237,206
050,42,083,"Pennsylvania","McKean County",4,47,462,244,218
050,42,083,"Pennsylvania","McKean County",4,48,459,237,222
050,42,083,"Pennsylvania","McKean County",4,49,512,267,245
050,42,083,"Pennsylvania","McKean County",4,50,542,286,256
050,42,083,"Pennsylvania","McKean County",4,51,564,292,272
050,42,083,"Pennsylvania","McKean County",4,52,535,272,263
050,42,083,"Pennsylvania","McKean County",4,53,534,288,246
050,42,083,"Pennsylvania","McKean County",4,54,524,271,253
050,42,083,"Pennsylvania","McKean County",4,55,547,289,258
050,42,083,"Pennsylvania","McKean County",4,56,530,276,254
050,42,083,"Pennsylvania","McKean County",4,57,532,276,256
050,42,083,"Pennsylvania","McKean County",4,58,545,282,263
050,42,083,"Pennsylvania","McKean County",4,59,583,298,285
050,42,083,"Pennsylvania","McKean County",4,60,612,301,311
050,42,083,"Pennsylvania","McKean County",4,61,613,304,309
050,42,083,"Pennsylvania","McKean County",4,62,600,300,300
050,42,083,"Pennsylvania","McKean County",4,63,625,319,306
050,42,083,"Pennsylvania","McKean County",4,64,654,327,327
050,42,083,"Pennsylvania","McKean County",4,65,632,304,328
050,42,083,"Pennsylvania","McKean County",4,66,585,291,294
050,42,083,"Pennsylvania","McKean County",4,67,539,272,267
050,42,083,"Pennsylvania","McKean County",4,68,555,288,267
050,42,083,"Pennsylvania","McKean County",4,69,534,274,260
050,42,083,"Pennsylvania","McKean County",4,70,495,246,249
050,42,083,"Pennsylvania","McKean County",4,71,429,206,223
050,42,083,"Pennsylvania","McKean County",4,72,395,196,199
050,42,083,"Pennsylvania","McKean County",4,73,391,185,206
050,42,083,"Pennsylvania","McKean County",4,74,387,174,213
050,42,083,"Pennsylvania","McKean County",4,75,440,211,229
050,42,083,"Pennsylvania","McKean County",4,76,261,126,135
050,42,083,"Pennsylvania","McKean County",4,77,251,114,137
050,42,083,"Pennsylvania","McKean County",4,78,275,133,142
050,42,083,"Pennsylvania","McKean County",4,79,258,122,136
050,42,083,"Pennsylvania","McKean County",4,80,234,100,134
050,42,083,"Pennsylvania","McKean County",4,81,207,95,112
050,42,083,"Pennsylvania","McKean County",4,82,192,92,100
050,42,083,"Pennsylvania","McKean County",4,83,183,80,103
050,42,083,"Pennsylvania","McKean County",4,84,158,60,98
050,42,083,"Pennsylvania","McKean County",4,85,944,328,616
050,42,083,"Pennsylvania","McKean County",5,0,323,163,160
050,42,083,"Pennsylvania","McKean County",5,1,339,169,170
050,42,083,"Pennsylvania","McKean County",5,2,306,154,152
050,42,083,"Pennsylvania","McKean County",5,3,372,189,183
050,42,083,"Pennsylvania","McKean County",5,4,355,184,171
050,42,083,"Pennsylvania","McKean County",5,5,381,183,198
050,42,083,"Pennsylvania","McKean County",5,6,397,195,202
050,42,083,"Pennsylvania","McKean County",5,7,402,189,213
050,42,083,"Pennsylvania","McKean County",5,8,425,214,211
050,42,083,"Pennsylvania","McKean County",5,9,446,254,192
050,42,083,"Pennsylvania","McKean County",5,10,428,229,199
050,42,083,"Pennsylvania","McKean County",5,11,454,257,197
050,42,083,"Pennsylvania","McKean County",5,12,447,238,209
050,42,083,"Pennsylvania","McKean County",5,13,462,242,220
050,42,083,"Pennsylvania","McKean County",5,14,458,235,223
050,42,083,"Pennsylvania","McKean County",5,15,501,258,243
050,42,083,"Pennsylvania","McKean County",5,16,510,260,250
050,42,083,"Pennsylvania","McKean County",5,17,512,272,240
050,42,083,"Pennsylvania","McKean County",5,18,576,298,278
050,42,083,"Pennsylvania","McKean County",5,19,596,326,270
050,42,083,"Pennsylvania","McKean County",5,20,564,289,275
050,42,083,"Pennsylvania","McKean County",5,21,550,293,257
050,42,083,"Pennsylvania","McKean County",5,22,469,263,206
050,42,083,"Pennsylvania","McKean County",5,23,408,220,188
050,42,083,"Pennsylvania","McKean County",5,24,425,221,204
050,42,083,"Pennsylvania","McKean County",5,25,405,224,181
050,42,083,"Pennsylvania","McKean County",5,26,391,222,169
050,42,083,"Pennsylvania","McKean County",5,27,442,246,196
050,42,083,"Pennsylvania","McKean County",5,28,459,254,205
050,42,083,"Pennsylvania","McKean County",5,29,466,285,181
050,42,083,"Pennsylvania","McKean County",5,30,481,293,188
050,42,083,"Pennsylvania","McKean County",5,31,497,285,212
050,42,083,"Pennsylvania","McKean County",5,32,511,293,218
050,42,083,"Pennsylvania","McKean County",5,33,479,278,201
050,42,083,"Pennsylvania","McKean County",5,34,462,251,211
050,42,083,"Pennsylvania","McKean County",5,35,489,275,214
050,42,083,"Pennsylvania","McKean County",5,36,471,276,195
050,42,083,"Pennsylvania","McKean County",5,37,519,294,225
050,42,083,"Pennsylvania","McKean County",5,38,483,280,203
050,42,083,"Pennsylvania","McKean County",5,39,455,254,201
050,42,083,"Pennsylvania","McKean County",5,40,483,256,227
050,42,083,"Pennsylvania","McKean County",5,41,448,255,193
050,42,083,"Pennsylvania","McKean County",5,42,470,259,211
050,42,083,"Pennsylvania","McKean County",5,43,449,246,203
050,42,083,"Pennsylvania","McKean County",5,44,433,225,208
050,42,083,"Pennsylvania","McKean County",5,45,455,235,220
050,42,083,"Pennsylvania","McKean County",5,46,441,225,216
050,42,083,"Pennsylvania","McKean County",5,47,444,232,212
050,42,083,"Pennsylvania","McKean County",5,48,451,240,211
050,42,083,"Pennsylvania","McKean County",5,49,473,245,228
050,42,083,"Pennsylvania","McKean County",5,50,501,266,235
050,42,083,"Pennsylvania","McKean County",5,51,533,278,255
050,42,083,"Pennsylvania","McKean County",5,52,559,285,274
050,42,083,"Pennsylvania","McKean County",5,53,532,274,258
050,42,083,"Pennsylvania","McKean County",5,54,523,279,244
050,42,083,"Pennsylvania","McKean County",5,55,531,282,249
050,42,083,"Pennsylvania","McKean County",5,56,540,280,260
050,42,083,"Pennsylvania","McKean County",5,57,528,269,259
050,42,083,"Pennsylvania","McKean County",5,58,531,282,249
050,42,083,"Pennsylvania","McKean County",5,59,553,276,277
050,42,083,"Pennsylvania","McKean County",5,60,581,299,282
050,42,083,"Pennsylvania","McKean County",5,61,597,293,304
050,42,083,"Pennsylvania","McKean County",5,62,607,302,305
050,42,083,"Pennsylvania","McKean County",5,63,589,300,289
050,42,083,"Pennsylvania","McKean County",5,64,619,318,301
050,42,083,"Pennsylvania","McKean County",5,65,637,311,326
050,42,083,"Pennsylvania","McKean County",5,66,614,296,318
050,42,083,"Pennsylvania","McKean County",5,67,572,290,282
050,42,083,"Pennsylvania","McKean County",5,68,526,259,267
050,42,083,"Pennsylvania","McKean County",5,69,540,278,262
050,42,083,"Pennsylvania","McKean County",5,70,512,263,249
050,42,083,"Pennsylvania","McKean County",5,71,483,240,243
050,42,083,"Pennsylvania","McKean County",5,72,417,200,217
050,42,083,"Pennsylvania","McKean County",5,73,376,183,193
050,42,083,"Pennsylvania","McKean County",5,74,379,175,204
050,42,083,"Pennsylvania","McKean County",5,75,382,172,210
050,42,083,"Pennsylvania","McKean County",5,76,414,196,218
050,42,083,"Pennsylvania","McKean County",5,77,246,120,126
050,42,083,"Pennsylvania","McKean County",5,78,239,111,128
050,42,083,"Pennsylvania","McKean County",5,79,255,124,131
050,42,083,"Pennsylvania","McKean County",5,80,249,112,137
050,42,083,"Pennsylvania","McKean County",5,81,206,94,112
050,42,083,"Pennsylvania","McKean County",5,82,196,92,104
050,42,083,"Pennsylvania","McKean County",5,83,182,83,99
050,42,083,"Pennsylvania","McKean County",5,84,165,69,96
050,42,083,"Pennsylvania","McKean County",5,85,942,329,613
050,42,085,"Pennsylvania","Mercer County",1,0,1054,537,517
050,42,085,"Pennsylvania","Mercer County",1,1,1044,530,514
050,42,085,"Pennsylvania","Mercer County",1,2,1082,534,548
050,42,085,"Pennsylvania","Mercer County",1,3,1099,552,547
050,42,085,"Pennsylvania","Mercer County",1,4,1129,589,540
050,42,085,"Pennsylvania","Mercer County",1,5,1121,609,512
050,42,085,"Pennsylvania","Mercer County",1,6,1103,580,523
050,42,085,"Pennsylvania","Mercer County",1,7,1048,557,491
050,42,085,"Pennsylvania","Mercer County",1,8,1080,578,502
050,42,085,"Pennsylvania","Mercer County",1,9,1131,583,548
050,42,085,"Pennsylvania","Mercer County",1,10,1156,577,579
050,42,085,"Pennsylvania","Mercer County",1,11,1229,625,604
050,42,085,"Pennsylvania","Mercer County",1,12,1267,627,640
050,42,085,"Pennsylvania","Mercer County",1,13,1247,632,615
050,42,085,"Pennsylvania","Mercer County",1,14,1321,683,638
050,42,085,"Pennsylvania","Mercer County",1,15,1326,676,650
050,42,085,"Pennsylvania","Mercer County",1,16,1417,739,678
050,42,085,"Pennsylvania","Mercer County",1,17,1354,718,636
050,42,085,"Pennsylvania","Mercer County",1,18,1437,728,709
050,42,085,"Pennsylvania","Mercer County",1,19,1575,835,740
050,42,085,"Pennsylvania","Mercer County",1,20,1686,887,799
050,42,085,"Pennsylvania","Mercer County",1,21,1664,868,796
050,42,085,"Pennsylvania","Mercer County",1,22,1487,774,713
050,42,085,"Pennsylvania","Mercer County",1,23,1183,622,561
050,42,085,"Pennsylvania","Mercer County",1,24,1181,632,549
050,42,085,"Pennsylvania","Mercer County",1,25,1203,642,561
050,42,085,"Pennsylvania","Mercer County",1,26,1177,603,574
050,42,085,"Pennsylvania","Mercer County",1,27,1229,652,577
050,42,085,"Pennsylvania","Mercer County",1,28,1178,605,573
050,42,085,"Pennsylvania","Mercer County",1,29,1107,561,546
050,42,085,"Pennsylvania","Mercer County",1,30,1147,616,531
050,42,085,"Pennsylvania","Mercer County",1,31,1169,617,552
050,42,085,"Pennsylvania","Mercer County",1,32,1141,583,558
050,42,085,"Pennsylvania","Mercer County",1,33,1141,593,548
050,42,085,"Pennsylvania","Mercer County",1,34,1184,607,577
050,42,085,"Pennsylvania","Mercer County",1,35,1204,590,614
050,42,085,"Pennsylvania","Mercer County",1,36,1202,621,581
050,42,085,"Pennsylvania","Mercer County",1,37,1241,627,614
050,42,085,"Pennsylvania","Mercer County",1,38,1206,611,595
050,42,085,"Pennsylvania","Mercer County",1,39,1180,610,570
050,42,085,"Pennsylvania","Mercer County",1,40,1178,601,577
050,42,085,"Pennsylvania","Mercer County",1,41,1181,613,568
050,42,085,"Pennsylvania","Mercer County",1,42,1160,604,556
050,42,085,"Pennsylvania","Mercer County",1,43,1203,593,610
050,42,085,"Pennsylvania","Mercer County",1,44,1245,627,618
050,42,085,"Pennsylvania","Mercer County",1,45,1207,624,583
050,42,085,"Pennsylvania","Mercer County",1,46,1219,635,584
050,42,085,"Pennsylvania","Mercer County",1,47,1242,639,603
050,42,085,"Pennsylvania","Mercer County",1,48,1402,698,704
050,42,085,"Pennsylvania","Mercer County",1,49,1527,776,751
050,42,085,"Pennsylvania","Mercer County",1,50,1449,746,703
050,42,085,"Pennsylvania","Mercer County",1,51,1459,741,718
050,42,085,"Pennsylvania","Mercer County",1,52,1458,733,725
050,42,085,"Pennsylvania","Mercer County",1,53,1478,744,734
050,42,085,"Pennsylvania","Mercer County",1,54,1533,787,746
050,42,085,"Pennsylvania","Mercer County",1,55,1627,828,799
050,42,085,"Pennsylvania","Mercer County",1,56,1676,860,816
050,42,085,"Pennsylvania","Mercer County",1,57,1682,868,814
050,42,085,"Pennsylvania","Mercer County",1,58,1633,826,807
050,42,085,"Pennsylvania","Mercer County",1,59,1670,840,830
050,42,085,"Pennsylvania","Mercer County",1,60,1712,810,902
050,42,085,"Pennsylvania","Mercer County",1,61,1807,863,944
050,42,085,"Pennsylvania","Mercer County",1,62,1795,890,905
050,42,085,"Pennsylvania","Mercer County",1,63,1678,812,866
050,42,085,"Pennsylvania","Mercer County",1,64,1699,822,877
050,42,085,"Pennsylvania","Mercer County",1,65,1660,820,840
050,42,085,"Pennsylvania","Mercer County",1,66,1637,783,854
050,42,085,"Pennsylvania","Mercer County",1,67,1606,779,827
050,42,085,"Pennsylvania","Mercer County",1,68,1496,738,758
050,42,085,"Pennsylvania","Mercer County",1,69,1368,667,701
050,42,085,"Pennsylvania","Mercer County",1,70,1351,662,689
050,42,085,"Pennsylvania","Mercer County",1,71,1243,604,639
050,42,085,"Pennsylvania","Mercer County",1,72,1253,587,666
050,42,085,"Pennsylvania","Mercer County",1,73,1300,604,696
050,42,085,"Pennsylvania","Mercer County",1,74,925,404,521
050,42,085,"Pennsylvania","Mercer County",1,75,929,414,515
050,42,085,"Pennsylvania","Mercer County",1,76,945,415,530
050,42,085,"Pennsylvania","Mercer County",1,77,949,424,525
050,42,085,"Pennsylvania","Mercer County",1,78,827,365,462
050,42,085,"Pennsylvania","Mercer County",1,79,730,312,418
050,42,085,"Pennsylvania","Mercer County",1,80,669,273,396
050,42,085,"Pennsylvania","Mercer County",1,81,646,270,376
050,42,085,"Pennsylvania","Mercer County",1,82,631,255,376
050,42,085,"Pennsylvania","Mercer County",1,83,545,230,315
050,42,085,"Pennsylvania","Mercer County",1,84,487,202,285
050,42,085,"Pennsylvania","Mercer County",1,85,3411,1102,2309
050,42,085,"Pennsylvania","Mercer County",2,0,1063,542,521
050,42,085,"Pennsylvania","Mercer County",2,1,1045,530,515
050,42,085,"Pennsylvania","Mercer County",2,2,1073,532,541
050,42,085,"Pennsylvania","Mercer County",2,3,1090,543,547
050,42,085,"Pennsylvania","Mercer County",2,4,1128,583,545
050,42,085,"Pennsylvania","Mercer County",2,5,1130,608,522
050,42,085,"Pennsylvania","Mercer County",2,6,1106,586,520
050,42,085,"Pennsylvania","Mercer County",2,7,1064,563,501
050,42,085,"Pennsylvania","Mercer County",2,8,1068,573,495
050,42,085,"Pennsylvania","Mercer County",2,9,1115,581,534
050,42,085,"Pennsylvania","Mercer County",2,10,1149,578,571
050,42,085,"Pennsylvania","Mercer County",2,11,1207,612,595
050,42,085,"Pennsylvania","Mercer County",2,12,1262,631,631
050,42,085,"Pennsylvania","Mercer County",2,13,1254,632,622
050,42,085,"Pennsylvania","Mercer County",2,14,1302,672,630
050,42,085,"Pennsylvania","Mercer County",2,15,1328,683,645
050,42,085,"Pennsylvania","Mercer County",2,16,1410,733,677
050,42,085,"Pennsylvania","Mercer County",2,17,1364,721,643
050,42,085,"Pennsylvania","Mercer County",2,18,1422,724,698
050,42,085,"Pennsylvania","Mercer County",2,19,1572,830,742
050,42,085,"Pennsylvania","Mercer County",2,20,1682,879,803
050,42,085,"Pennsylvania","Mercer County",2,21,1681,875,806
050,42,085,"Pennsylvania","Mercer County",2,22,1474,774,700
050,42,085,"Pennsylvania","Mercer County",2,23,1187,625,562
050,42,085,"Pennsylvania","Mercer County",2,24,1170,622,548
050,42,085,"Pennsylvania","Mercer County",2,25,1195,638,557
050,42,085,"Pennsylvania","Mercer County",2,26,1185,618,567
050,42,085,"Pennsylvania","Mercer County",2,27,1222,648,574
050,42,085,"Pennsylvania","Mercer County",2,28,1186,615,571
050,42,085,"Pennsylvania","Mercer County",2,29,1125,571,554
050,42,085,"Pennsylvania","Mercer County",2,30,1148,609,539
050,42,085,"Pennsylvania","Mercer County",2,31,1168,619,549
050,42,085,"Pennsylvania","Mercer County",2,32,1145,589,556
050,42,085,"Pennsylvania","Mercer County",2,33,1138,590,548
050,42,085,"Pennsylvania","Mercer County",2,34,1181,606,575
050,42,085,"Pennsylvania","Mercer County",2,35,1207,598,609
050,42,085,"Pennsylvania","Mercer County",2,36,1193,611,582
050,42,085,"Pennsylvania","Mercer County",2,37,1238,630,608
050,42,085,"Pennsylvania","Mercer County",2,38,1222,617,605
050,42,085,"Pennsylvania","Mercer County",2,39,1184,610,574
050,42,085,"Pennsylvania","Mercer County",2,40,1187,608,579
050,42,085,"Pennsylvania","Mercer County",2,41,1174,605,569
050,42,085,"Pennsylvania","Mercer County",2,42,1170,612,558
050,42,085,"Pennsylvania","Mercer County",2,43,1198,596,602
050,42,085,"Pennsylvania","Mercer County",2,44,1225,615,610
050,42,085,"Pennsylvania","Mercer County",2,45,1219,624,595
050,42,085,"Pennsylvania","Mercer County",2,46,1210,631,579
050,42,085,"Pennsylvania","Mercer County",2,47,1231,631,600
050,42,085,"Pennsylvania","Mercer County",2,48,1363,687,676
050,42,085,"Pennsylvania","Mercer County",2,49,1507,764,743
050,42,085,"Pennsylvania","Mercer County",2,50,1463,746,717
050,42,085,"Pennsylvania","Mercer County",2,51,1451,740,711
050,42,085,"Pennsylvania","Mercer County",2,52,1447,727,720
050,42,085,"Pennsylvania","Mercer County",2,53,1472,742,730
050,42,085,"Pennsylvania","Mercer County",2,54,1518,777,741
050,42,085,"Pennsylvania","Mercer County",2,55,1596,812,784
050,42,085,"Pennsylvania","Mercer County",2,56,1663,854,809
050,42,085,"Pennsylvania","Mercer County",2,57,1682,866,816
050,42,085,"Pennsylvania","Mercer County",2,58,1636,830,806
050,42,085,"Pennsylvania","Mercer County",2,59,1662,836,826
050,42,085,"Pennsylvania","Mercer County",2,60,1688,808,880
050,42,085,"Pennsylvania","Mercer County",2,61,1776,845,931
050,42,085,"Pennsylvania","Mercer County",2,62,1792,878,914
050,42,085,"Pennsylvania","Mercer County",2,63,1710,832,878
050,42,085,"Pennsylvania","Mercer County",2,64,1682,813,869
050,42,085,"Pennsylvania","Mercer County",2,65,1663,818,845
050,42,085,"Pennsylvania","Mercer County",2,66,1643,793,850
050,42,085,"Pennsylvania","Mercer County",2,67,1605,774,831
050,42,085,"Pennsylvania","Mercer County",2,68,1504,738,766
050,42,085,"Pennsylvania","Mercer County",2,69,1400,682,718
050,42,085,"Pennsylvania","Mercer County",2,70,1344,654,690
050,42,085,"Pennsylvania","Mercer County",2,71,1268,615,653
050,42,085,"Pennsylvania","Mercer County",2,72,1224,581,643
050,42,085,"Pennsylvania","Mercer County",2,73,1351,626,725
050,42,085,"Pennsylvania","Mercer County",2,74,950,419,531
050,42,085,"Pennsylvania","Mercer County",2,75,928,410,518
050,42,085,"Pennsylvania","Mercer County",2,76,925,407,518
050,42,085,"Pennsylvania","Mercer County",2,77,968,430,538
050,42,085,"Pennsylvania","Mercer County",2,78,835,369,466
050,42,085,"Pennsylvania","Mercer County",2,79,739,317,422
050,42,085,"Pennsylvania","Mercer County",2,80,675,278,397
050,42,085,"Pennsylvania","Mercer County",2,81,640,266,374
050,42,085,"Pennsylvania","Mercer County",2,82,636,255,381
050,42,085,"Pennsylvania","Mercer County",2,83,552,230,322
050,42,085,"Pennsylvania","Mercer County",2,84,480,202,278
050,42,085,"Pennsylvania","Mercer County",2,85,3415,1101,2314
050,42,085,"Pennsylvania","Mercer County",3,0,972,489,483
050,42,085,"Pennsylvania","Mercer County",3,1,1082,574,508
050,42,085,"Pennsylvania","Mercer County",3,2,1069,547,522
050,42,085,"Pennsylvania","Mercer County",3,3,1086,546,540
050,42,085,"Pennsylvania","Mercer County",3,4,1119,556,563
050,42,085,"Pennsylvania","Mercer County",3,5,1147,604,543
050,42,085,"Pennsylvania","Mercer County",3,6,1134,611,523
050,42,085,"Pennsylvania","Mercer County",3,7,1104,586,518
050,42,085,"Pennsylvania","Mercer County",3,8,1066,567,499
050,42,085,"Pennsylvania","Mercer County",3,9,1075,586,489
050,42,085,"Pennsylvania","Mercer County",3,10,1133,584,549
050,42,085,"Pennsylvania","Mercer County",3,11,1153,586,567
050,42,085,"Pennsylvania","Mercer County",3,12,1202,617,585
050,42,085,"Pennsylvania","Mercer County",3,13,1260,634,626
050,42,085,"Pennsylvania","Mercer County",3,14,1286,668,618
050,42,085,"Pennsylvania","Mercer County",3,15,1313,685,628
050,42,085,"Pennsylvania","Mercer County",3,16,1362,704,658
050,42,085,"Pennsylvania","Mercer County",3,17,1393,716,677
050,42,085,"Pennsylvania","Mercer County",3,18,1428,742,686
050,42,085,"Pennsylvania","Mercer County",3,19,1553,813,740
050,42,085,"Pennsylvania","Mercer County",3,20,1656,838,818
050,42,085,"Pennsylvania","Mercer County",3,21,1760,893,867
050,42,085,"Pennsylvania","Mercer County",3,22,1482,783,699
050,42,085,"Pennsylvania","Mercer County",3,23,1193,624,569
050,42,085,"Pennsylvania","Mercer County",3,24,1174,620,554
050,42,085,"Pennsylvania","Mercer County",3,25,1162,607,555
050,42,085,"Pennsylvania","Mercer County",3,26,1190,617,573
050,42,085,"Pennsylvania","Mercer County",3,27,1232,641,591
050,42,085,"Pennsylvania","Mercer County",3,28,1217,656,561
050,42,085,"Pennsylvania","Mercer County",3,29,1202,616,586
050,42,085,"Pennsylvania","Mercer County",3,30,1151,588,563
050,42,085,"Pennsylvania","Mercer County",3,31,1171,621,550
050,42,085,"Pennsylvania","Mercer County",3,32,1171,616,555
050,42,085,"Pennsylvania","Mercer County",3,33,1163,579,584
050,42,085,"Pennsylvania","Mercer County",3,34,1144,580,564
050,42,085,"Pennsylvania","Mercer County",3,35,1180,580,600
050,42,085,"Pennsylvania","Mercer County",3,36,1193,604,589
050,42,085,"Pennsylvania","Mercer County",3,37,1203,619,584
050,42,085,"Pennsylvania","Mercer County",3,38,1244,632,612
050,42,085,"Pennsylvania","Mercer County",3,39,1231,616,615
050,42,085,"Pennsylvania","Mercer County",3,40,1170,598,572
050,42,085,"Pennsylvania","Mercer County",3,41,1165,582,583
050,42,085,"Pennsylvania","Mercer County",3,42,1186,625,561
050,42,085,"Pennsylvania","Mercer County",3,43,1170,609,561
050,42,085,"Pennsylvania","Mercer County",3,44,1201,603,598
050,42,085,"Pennsylvania","Mercer County",3,45,1218,605,613
050,42,085,"Pennsylvania","Mercer County",3,46,1210,616,594
050,42,085,"Pennsylvania","Mercer County",3,47,1209,616,593
050,42,085,"Pennsylvania","Mercer County",3,48,1224,641,583
050,42,085,"Pennsylvania","Mercer County",3,49,1367,683,684
050,42,085,"Pennsylvania","Mercer County",3,50,1464,728,736
050,42,085,"Pennsylvania","Mercer County",3,51,1453,747,706
050,42,085,"Pennsylvania","Mercer County",3,52,1419,709,710
050,42,085,"Pennsylvania","Mercer County",3,53,1425,710,715
050,42,085,"Pennsylvania","Mercer County",3,54,1475,732,743
050,42,085,"Pennsylvania","Mercer County",3,55,1486,755,731
050,42,085,"Pennsylvania","Mercer County",3,56,1594,796,798
050,42,085,"Pennsylvania","Mercer County",3,57,1665,857,808
050,42,085,"Pennsylvania","Mercer County",3,58,1670,858,812
050,42,085,"Pennsylvania","Mercer County",3,59,1605,807,798
050,42,085,"Pennsylvania","Mercer County",3,60,1627,816,811
050,42,085,"Pennsylvania","Mercer County",3,61,1664,803,861
050,42,085,"Pennsylvania","Mercer County",3,62,1768,832,936
050,42,085,"Pennsylvania","Mercer County",3,63,1780,872,908
050,42,085,"Pennsylvania","Mercer County",3,64,1687,815,872
050,42,085,"Pennsylvania","Mercer County",3,65,1674,807,867
050,42,085,"Pennsylvania","Mercer County",3,66,1622,797,825
050,42,085,"Pennsylvania","Mercer County",3,67,1609,777,832
050,42,085,"Pennsylvania","Mercer County",3,68,1569,746,823
050,42,085,"Pennsylvania","Mercer County",3,69,1455,707,748
050,42,085,"Pennsylvania","Mercer County",3,70,1381,671,710
050,42,085,"Pennsylvania","Mercer County",3,71,1301,629,672
050,42,085,"Pennsylvania","Mercer County",3,72,1236,604,632
050,42,085,"Pennsylvania","Mercer County",3,73,1189,555,634
050,42,085,"Pennsylvania","Mercer County",3,74,1302,594,708
050,42,085,"Pennsylvania","Mercer County",3,75,922,406,516
050,42,085,"Pennsylvania","Mercer County",3,76,876,379,497
050,42,085,"Pennsylvania","Mercer County",3,77,898,395,503
050,42,085,"Pennsylvania","Mercer County",3,78,927,404,523
050,42,085,"Pennsylvania","Mercer County",3,79,792,339,453
050,42,085,"Pennsylvania","Mercer County",3,80,708,301,407
050,42,085,"Pennsylvania","Mercer County",3,81,623,248,375
050,42,085,"Pennsylvania","Mercer County",3,82,608,243,365
050,42,085,"Pennsylvania","Mercer County",3,83,561,214,347
050,42,085,"Pennsylvania","Mercer County",3,84,485,208,277
050,42,085,"Pennsylvania","Mercer County",3,85,3262,1050,2212
050,42,085,"Pennsylvania","Mercer County",4,0,1017,519,498
050,42,085,"Pennsylvania","Mercer County",4,1,1022,508,514
050,42,085,"Pennsylvania","Mercer County",4,2,1088,577,511
050,42,085,"Pennsylvania","Mercer County",4,3,1070,560,510
050,42,085,"Pennsylvania","Mercer County",4,4,1117,562,555
050,42,085,"Pennsylvania","Mercer County",4,5,1115,558,557
050,42,085,"Pennsylvania","Mercer County",4,6,1149,598,551
050,42,085,"Pennsylvania","Mercer County",4,7,1120,604,516
050,42,085,"Pennsylvania","Mercer County",4,8,1103,581,522
050,42,085,"Pennsylvania","Mercer County",4,9,1070,556,514
050,42,085,"Pennsylvania","Mercer County",4,10,1078,575,503
050,42,085,"Pennsylvania","Mercer County",4,11,1146,589,557
050,42,085,"Pennsylvania","Mercer County",4,12,1153,584,569
050,42,085,"Pennsylvania","Mercer County",4,13,1196,615,581
050,42,085,"Pennsylvania","Mercer County",4,14,1286,665,621
050,42,085,"Pennsylvania","Mercer County",4,15,1287,679,608
050,42,085,"Pennsylvania","Mercer County",4,16,1367,707,660
050,42,085,"Pennsylvania","Mercer County",4,17,1346,705,641
050,42,085,"Pennsylvania","Mercer County",4,18,1454,735,719
050,42,085,"Pennsylvania","Mercer County",4,19,1524,817,707
050,42,085,"Pennsylvania","Mercer County",4,20,1585,803,782
050,42,085,"Pennsylvania","Mercer County",4,21,1680,842,838
050,42,085,"Pennsylvania","Mercer County",4,22,1528,788,740
050,42,085,"Pennsylvania","Mercer County",4,23,1167,627,540
050,42,085,"Pennsylvania","Mercer County",4,24,1142,605,537
050,42,085,"Pennsylvania","Mercer County",4,25,1202,644,558
050,42,085,"Pennsylvania","Mercer County",4,26,1157,591,566
050,42,085,"Pennsylvania","Mercer County",4,27,1196,631,565
050,42,085,"Pennsylvania","Mercer County",4,28,1189,610,579
050,42,085,"Pennsylvania","Mercer County",4,29,1220,645,575
050,42,085,"Pennsylvania","Mercer County",4,30,1216,636,580
050,42,085,"Pennsylvania","Mercer County",4,31,1169,587,582
050,42,085,"Pennsylvania","Mercer County",4,32,1160,606,554
050,42,085,"Pennsylvania","Mercer County",4,33,1179,619,560
050,42,085,"Pennsylvania","Mercer County",4,34,1166,579,587
050,42,085,"Pennsylvania","Mercer County",4,35,1153,580,573
050,42,085,"Pennsylvania","Mercer County",4,36,1180,590,590
050,42,085,"Pennsylvania","Mercer County",4,37,1183,596,587
050,42,085,"Pennsylvania","Mercer County",4,38,1189,601,588
050,42,085,"Pennsylvania","Mercer County",4,39,1230,616,614
050,42,085,"Pennsylvania","Mercer County",4,40,1246,632,614
050,42,085,"Pennsylvania","Mercer County",4,41,1167,589,578
050,42,085,"Pennsylvania","Mercer County",4,42,1191,614,577
050,42,085,"Pennsylvania","Mercer County",4,43,1171,607,564
050,42,085,"Pennsylvania","Mercer County",4,44,1173,606,567
050,42,085,"Pennsylvania","Mercer County",4,45,1203,606,597
050,42,085,"Pennsylvania","Mercer County",4,46,1210,609,601
050,42,085,"Pennsylvania","Mercer County",4,47,1206,603,603
050,42,085,"Pennsylvania","Mercer County",4,48,1216,631,585
050,42,085,"Pennsylvania","Mercer County",4,49,1234,651,583
050,42,085,"Pennsylvania","Mercer County",4,50,1350,676,674
050,42,085,"Pennsylvania","Mercer County",4,51,1459,729,730
050,42,085,"Pennsylvania","Mercer County",4,52,1418,723,695
050,42,085,"Pennsylvania","Mercer County",4,53,1406,707,699
050,42,085,"Pennsylvania","Mercer County",4,54,1429,714,715
050,42,085,"Pennsylvania","Mercer County",4,55,1460,718,742
050,42,085,"Pennsylvania","Mercer County",4,56,1495,754,741
050,42,085,"Pennsylvania","Mercer County",4,57,1577,795,782
050,42,085,"Pennsylvania","Mercer County",4,58,1649,838,811
050,42,085,"Pennsylvania","Mercer County",4,59,1637,838,799
050,42,085,"Pennsylvania","Mercer County",4,60,1589,799,790
050,42,085,"Pennsylvania","Mercer County",4,61,1621,812,809
050,42,085,"Pennsylvania","Mercer County",4,62,1659,795,864
050,42,085,"Pennsylvania","Mercer County",4,63,1753,816,937
050,42,085,"Pennsylvania","Mercer County",4,64,1768,852,916
050,42,085,"Pennsylvania","Mercer County",4,65,1670,802,868
050,42,085,"Pennsylvania","Mercer County",4,66,1633,791,842
050,42,085,"Pennsylvania","Mercer County",4,67,1601,778,823
050,42,085,"Pennsylvania","Mercer County",4,68,1577,755,822
050,42,085,"Pennsylvania","Mercer County",4,69,1521,721,800
050,42,085,"Pennsylvania","Mercer County",4,70,1429,695,734
050,42,085,"Pennsylvania","Mercer County",4,71,1343,650,693
050,42,085,"Pennsylvania","Mercer County",4,72,1262,601,661
050,42,085,"Pennsylvania","Mercer County",4,73,1198,579,619
050,42,085,"Pennsylvania","Mercer County",4,74,1146,529,617
050,42,085,"Pennsylvania","Mercer County",4,75,1252,565,687
050,42,085,"Pennsylvania","Mercer County",4,76,885,374,511
050,42,085,"Pennsylvania","Mercer County",4,77,835,357,478
050,42,085,"Pennsylvania","Mercer County",4,78,860,378,482
050,42,085,"Pennsylvania","Mercer County",4,79,874,371,503
050,42,085,"Pennsylvania","Mercer County",4,80,754,320,434
050,42,085,"Pennsylvania","Mercer County",4,81,655,269,386
050,42,085,"Pennsylvania","Mercer County",4,82,591,225,366
050,42,085,"Pennsylvania","Mercer County",4,83,556,221,335
050,42,085,"Pennsylvania","Mercer County",4,84,498,196,302
050,42,085,"Pennsylvania","Mercer County",4,85,3111,1003,2108
050,42,085,"Pennsylvania","Mercer County",5,0,1001,515,486
050,42,085,"Pennsylvania","Mercer County",5,1,1040,526,514
050,42,085,"Pennsylvania","Mercer County",5,2,1010,495,515
050,42,085,"Pennsylvania","Mercer County",5,3,1089,564,525
050,42,085,"Pennsylvania","Mercer County",5,4,1056,545,511
050,42,085,"Pennsylvania","Mercer County",5,5,1130,571,559
050,42,085,"Pennsylvania","Mercer County",5,6,1106,542,564
050,42,085,"Pennsylvania","Mercer County",5,7,1135,584,551
050,42,085,"Pennsylvania","Mercer County",5,8,1128,600,528
050,42,085,"Pennsylvania","Mercer County",5,9,1101,575,526
050,42,085,"Pennsylvania","Mercer County",5,10,1059,550,509
050,42,085,"Pennsylvania","Mercer County",5,11,1071,570,501
050,42,085,"Pennsylvania","Mercer County",5,12,1161,598,563
050,42,085,"Pennsylvania","Mercer County",5,13,1180,595,585
050,42,085,"Pennsylvania","Mercer County",5,14,1221,638,583
050,42,085,"Pennsylvania","Mercer County",5,15,1294,679,615
050,42,085,"Pennsylvania","Mercer County",5,16,1326,709,617
050,42,085,"Pennsylvania","Mercer County",5,17,1346,699,647
050,42,085,"Pennsylvania","Mercer County",5,18,1393,716,677
050,42,085,"Pennsylvania","Mercer County",5,19,1545,817,728
050,42,085,"Pennsylvania","Mercer County",5,20,1560,807,753
050,42,085,"Pennsylvania","Mercer County",5,21,1603,802,801
050,42,085,"Pennsylvania","Mercer County",5,22,1487,770,717
050,42,085,"Pennsylvania","Mercer County",5,23,1248,647,601
050,42,085,"Pennsylvania","Mercer County",5,24,1157,624,533
050,42,085,"Pennsylvania","Mercer County",5,25,1087,583,504
050,42,085,"Pennsylvania","Mercer County",5,26,1181,629,552
050,42,085,"Pennsylvania","Mercer County",5,27,1170,616,554
050,42,085,"Pennsylvania","Mercer County",5,28,1161,616,545
050,42,085,"Pennsylvania","Mercer County",5,29,1188,612,576
050,42,085,"Pennsylvania","Mercer County",5,30,1243,659,584
050,42,085,"Pennsylvania","Mercer County",5,31,1245,655,590
050,42,085,"Pennsylvania","Mercer County",5,32,1181,601,580
050,42,085,"Pennsylvania","Mercer County",5,33,1163,609,554
050,42,085,"Pennsylvania","Mercer County",5,34,1198,633,565
050,42,085,"Pennsylvania","Mercer County",5,35,1161,572,589
050,42,085,"Pennsylvania","Mercer County",5,36,1151,594,557
050,42,085,"Pennsylvania","Mercer County",5,37,1212,613,599
050,42,085,"Pennsylvania","Mercer County",5,38,1200,603,597
050,42,085,"Pennsylvania","Mercer County",5,39,1187,606,581
050,42,085,"Pennsylvania","Mercer County",5,40,1245,630,615
050,42,085,"Pennsylvania","Mercer County",5,41,1246,620,626
050,42,085,"Pennsylvania","Mercer County",5,42,1200,625,575
050,42,085,"Pennsylvania","Mercer County",5,43,1192,607,585
050,42,085,"Pennsylvania","Mercer County",5,44,1183,622,561
050,42,085,"Pennsylvania","Mercer County",5,45,1155,598,557
050,42,085,"Pennsylvania","Mercer County",5,46,1211,609,602
050,42,085,"Pennsylvania","Mercer County",5,47,1199,598,601
050,42,085,"Pennsylvania","Mercer County",5,48,1211,606,605
050,42,085,"Pennsylvania","Mercer County",5,49,1206,632,574
050,42,085,"Pennsylvania","Mercer County",5,50,1222,636,586
050,42,085,"Pennsylvania","Mercer County",5,51,1350,683,667
050,42,085,"Pennsylvania","Mercer County",5,52,1449,722,727
050,42,085,"Pennsylvania","Mercer County",5,53,1404,721,683
050,42,085,"Pennsylvania","Mercer County",5,54,1412,710,702
050,42,085,"Pennsylvania","Mercer County",5,55,1408,695,713
050,42,085,"Pennsylvania","Mercer County",5,56,1438,711,727
050,42,085,"Pennsylvania","Mercer County",5,57,1498,747,751
050,42,085,"Pennsylvania","Mercer County",5,58,1584,794,790
050,42,085,"Pennsylvania","Mercer County",5,59,1624,823,801
050,42,085,"Pennsylvania","Mercer County",5,60,1606,824,782
050,42,085,"Pennsylvania","Mercer County",5,61,1579,802,777
050,42,085,"Pennsylvania","Mercer County",5,62,1622,812,810
050,42,085,"Pennsylvania","Mercer County",5,63,1632,781,851
050,42,085,"Pennsylvania","Mercer County",5,64,1724,801,923
050,42,085,"Pennsylvania","Mercer County",5,65,1771,857,914
050,42,085,"Pennsylvania","Mercer County",5,66,1638,787,851
050,42,085,"Pennsylvania","Mercer County",5,67,1611,776,835
050,42,085,"Pennsylvania","Mercer County",5,68,1572,756,816
050,42,085,"Pennsylvania","Mercer County",5,69,1542,736,806
050,42,085,"Pennsylvania","Mercer County",5,70,1494,716,778
050,42,085,"Pennsylvania","Mercer County",5,71,1389,674,715
050,42,085,"Pennsylvania","Mercer County",5,72,1313,629,684
050,42,085,"Pennsylvania","Mercer County",5,73,1239,589,650
050,42,085,"Pennsylvania","Mercer County",5,74,1167,559,608
050,42,085,"Pennsylvania","Mercer County",5,75,1099,511,588
050,42,085,"Pennsylvania","Mercer County",5,76,1206,534,672
050,42,085,"Pennsylvania","Mercer County",5,77,841,353,488
050,42,085,"Pennsylvania","Mercer County",5,78,807,342,465
050,42,085,"Pennsylvania","Mercer County",5,79,813,347,466
050,42,085,"Pennsylvania","Mercer County",5,80,840,355,485
050,42,085,"Pennsylvania","Mercer County",5,81,703,286,417
050,42,085,"Pennsylvania","Mercer County",5,82,623,251,372
050,42,085,"Pennsylvania","Mercer County",5,83,539,201,338
050,42,085,"Pennsylvania","Mercer County",5,84,486,202,284
050,42,085,"Pennsylvania","Mercer County",5,85,3035,970,2065
050,42,087,"Pennsylvania","Mifflin County",1,0,600,309,291
050,42,087,"Pennsylvania","Mifflin County",1,1,600,322,278
050,42,087,"Pennsylvania","Mifflin County",1,2,579,312,267
050,42,087,"Pennsylvania","Mifflin County",1,3,548,274,274
050,42,087,"Pennsylvania","Mifflin County",1,4,559,276,283
050,42,087,"Pennsylvania","Mifflin County",1,5,569,273,296
050,42,087,"Pennsylvania","Mifflin County",1,6,560,264,296
050,42,087,"Pennsylvania","Mifflin County",1,7,585,287,298
050,42,087,"Pennsylvania","Mifflin County",1,8,575,288,287
050,42,087,"Pennsylvania","Mifflin County",1,9,547,272,275
050,42,087,"Pennsylvania","Mifflin County",1,10,567,301,266
050,42,087,"Pennsylvania","Mifflin County",1,11,602,307,295
050,42,087,"Pennsylvania","Mifflin County",1,12,604,305,299
050,42,087,"Pennsylvania","Mifflin County",1,13,619,309,310
050,42,087,"Pennsylvania","Mifflin County",1,14,597,298,299
050,42,087,"Pennsylvania","Mifflin County",1,15,597,295,302
050,42,087,"Pennsylvania","Mifflin County",1,16,572,306,266
050,42,087,"Pennsylvania","Mifflin County",1,17,599,310,289
050,42,087,"Pennsylvania","Mifflin County",1,18,505,273,232
050,42,087,"Pennsylvania","Mifflin County",1,19,424,227,197
050,42,087,"Pennsylvania","Mifflin County",1,20,444,237,207
050,42,087,"Pennsylvania","Mifflin County",1,21,454,230,224
050,42,087,"Pennsylvania","Mifflin County",1,22,473,232,241
050,42,087,"Pennsylvania","Mifflin County",1,23,496,249,247
050,42,087,"Pennsylvania","Mifflin County",1,24,499,265,234
050,42,087,"Pennsylvania","Mifflin County",1,25,523,281,242
050,42,087,"Pennsylvania","Mifflin County",1,26,526,259,267
050,42,087,"Pennsylvania","Mifflin County",1,27,541,281,260
050,42,087,"Pennsylvania","Mifflin County",1,28,533,278,255
050,42,087,"Pennsylvania","Mifflin County",1,29,542,273,269
050,42,087,"Pennsylvania","Mifflin County",1,30,561,297,264
050,42,087,"Pennsylvania","Mifflin County",1,31,509,257,252
050,42,087,"Pennsylvania","Mifflin County",1,32,501,253,248
050,42,087,"Pennsylvania","Mifflin County",1,33,481,248,233
050,42,087,"Pennsylvania","Mifflin County",1,34,509,273,236
050,42,087,"Pennsylvania","Mifflin County",1,35,487,253,234
050,42,087,"Pennsylvania","Mifflin County",1,36,495,260,235
050,42,087,"Pennsylvania","Mifflin County",1,37,486,251,235
050,42,087,"Pennsylvania","Mifflin County",1,38,509,251,258
050,42,087,"Pennsylvania","Mifflin County",1,39,512,247,265
050,42,087,"Pennsylvania","Mifflin County",1,40,520,259,261
050,42,087,"Pennsylvania","Mifflin County",1,41,506,251,255
050,42,087,"Pennsylvania","Mifflin County",1,42,476,236,240
050,42,087,"Pennsylvania","Mifflin County",1,43,468,230,238
050,42,087,"Pennsylvania","Mifflin County",1,44,436,220,216
050,42,087,"Pennsylvania","Mifflin County",1,45,466,238,228
050,42,087,"Pennsylvania","Mifflin County",1,46,509,252,257
050,42,087,"Pennsylvania","Mifflin County",1,47,542,257,285
050,42,087,"Pennsylvania","Mifflin County",1,48,577,284,293
050,42,087,"Pennsylvania","Mifflin County",1,49,624,322,302
050,42,087,"Pennsylvania","Mifflin County",1,50,607,296,311
050,42,087,"Pennsylvania","Mifflin County",1,51,609,289,320
050,42,087,"Pennsylvania","Mifflin County",1,52,619,300,319
050,42,087,"Pennsylvania","Mifflin County",1,53,623,323,300
050,42,087,"Pennsylvania","Mifflin County",1,54,647,339,308
050,42,087,"Pennsylvania","Mifflin County",1,55,663,349,314
050,42,087,"Pennsylvania","Mifflin County",1,56,687,342,345
050,42,087,"Pennsylvania","Mifflin County",1,57,679,338,341
050,42,087,"Pennsylvania","Mifflin County",1,58,669,338,331
050,42,087,"Pennsylvania","Mifflin County",1,59,659,323,336
050,42,087,"Pennsylvania","Mifflin County",1,60,641,325,316
050,42,087,"Pennsylvania","Mifflin County",1,61,640,335,305
050,42,087,"Pennsylvania","Mifflin County",1,62,643,326,317
050,42,087,"Pennsylvania","Mifflin County",1,63,656,325,331
050,42,087,"Pennsylvania","Mifflin County",1,64,617,302,315
050,42,087,"Pennsylvania","Mifflin County",1,65,587,287,300
050,42,087,"Pennsylvania","Mifflin County",1,66,609,293,316
050,42,087,"Pennsylvania","Mifflin County",1,67,609,293,316
050,42,087,"Pennsylvania","Mifflin County",1,68,572,275,297
050,42,087,"Pennsylvania","Mifflin County",1,69,534,251,283
050,42,087,"Pennsylvania","Mifflin County",1,70,496,220,276
050,42,087,"Pennsylvania","Mifflin County",1,71,527,240,287
050,42,087,"Pennsylvania","Mifflin County",1,72,562,262,300
050,42,087,"Pennsylvania","Mifflin County",1,73,570,263,307
050,42,087,"Pennsylvania","Mifflin County",1,74,372,167,205
050,42,087,"Pennsylvania","Mifflin County",1,75,376,168,208
050,42,087,"Pennsylvania","Mifflin County",1,76,383,171,212
050,42,087,"Pennsylvania","Mifflin County",1,77,401,189,212
050,42,087,"Pennsylvania","Mifflin County",1,78,367,178,189
050,42,087,"Pennsylvania","Mifflin County",1,79,328,146,182
050,42,087,"Pennsylvania","Mifflin County",1,80,322,154,168
050,42,087,"Pennsylvania","Mifflin County",1,81,303,143,160
050,42,087,"Pennsylvania","Mifflin County",1,82,249,109,140
050,42,087,"Pennsylvania","Mifflin County",1,83,234,99,135
050,42,087,"Pennsylvania","Mifflin County",1,84,213,94,119
050,42,087,"Pennsylvania","Mifflin County",1,85,1248,416,832
050,42,087,"Pennsylvania","Mifflin County",2,0,602,312,290
050,42,087,"Pennsylvania","Mifflin County",2,1,595,317,278
050,42,087,"Pennsylvania","Mifflin County",2,2,583,316,267
050,42,087,"Pennsylvania","Mifflin County",2,3,554,283,271
050,42,087,"Pennsylvania","Mifflin County",2,4,555,275,280
050,42,087,"Pennsylvania","Mifflin County",2,5,568,275,293
050,42,087,"Pennsylvania","Mifflin County",2,6,565,269,296
050,42,087,"Pennsylvania","Mifflin County",2,7,580,282,298
050,42,087,"Pennsylvania","Mifflin County",2,8,575,287,288
050,42,087,"Pennsylvania","Mifflin County",2,9,553,276,277
050,42,087,"Pennsylvania","Mifflin County",2,10,563,295,268
050,42,087,"Pennsylvania","Mifflin County",2,11,589,304,285
050,42,087,"Pennsylvania","Mifflin County",2,12,607,306,301
050,42,087,"Pennsylvania","Mifflin County",2,13,614,306,308
050,42,087,"Pennsylvania","Mifflin County",2,14,605,300,305
050,42,087,"Pennsylvania","Mifflin County",2,15,598,295,303
050,42,087,"Pennsylvania","Mifflin County",2,16,578,304,274
050,42,087,"Pennsylvania","Mifflin County",2,17,594,309,285
050,42,087,"Pennsylvania","Mifflin County",2,18,502,270,232
050,42,087,"Pennsylvania","Mifflin County",2,19,422,228,194
050,42,087,"Pennsylvania","Mifflin County",2,20,453,242,211
050,42,087,"Pennsylvania","Mifflin County",2,21,454,229,225
050,42,087,"Pennsylvania","Mifflin County",2,22,472,234,238
050,42,087,"Pennsylvania","Mifflin County",2,23,495,247,248
050,42,087,"Pennsylvania","Mifflin County",2,24,497,260,237
050,42,087,"Pennsylvania","Mifflin County",2,25,521,280,241
050,42,087,"Pennsylvania","Mifflin County",2,26,526,265,261
050,42,087,"Pennsylvania","Mifflin County",2,27,536,276,260
050,42,087,"Pennsylvania","Mifflin County",2,28,533,276,257
050,42,087,"Pennsylvania","Mifflin County",2,29,542,274,268
050,42,087,"Pennsylvania","Mifflin County",2,30,560,291,269
050,42,087,"Pennsylvania","Mifflin County",2,31,520,268,252
050,42,087,"Pennsylvania","Mifflin County",2,32,500,252,248
050,42,087,"Pennsylvania","Mifflin County",2,33,485,250,235
050,42,087,"Pennsylvania","Mifflin County",2,34,502,267,235
050,42,087,"Pennsylvania","Mifflin County",2,35,494,259,235
050,42,087,"Pennsylvania","Mifflin County",2,36,487,255,232
050,42,087,"Pennsylvania","Mifflin County",2,37,495,257,238
050,42,087,"Pennsylvania","Mifflin County",2,38,507,252,255
050,42,087,"Pennsylvania","Mifflin County",2,39,508,247,261
050,42,087,"Pennsylvania","Mifflin County",2,40,522,258,264
050,42,087,"Pennsylvania","Mifflin County",2,41,509,254,255
050,42,087,"Pennsylvania","Mifflin County",2,42,484,240,244
050,42,087,"Pennsylvania","Mifflin County",2,43,474,233,241
050,42,087,"Pennsylvania","Mifflin County",2,44,439,220,219
050,42,087,"Pennsylvania","Mifflin County",2,45,464,237,227
050,42,087,"Pennsylvania","Mifflin County",2,46,499,247,252
050,42,087,"Pennsylvania","Mifflin County",2,47,529,254,275
050,42,087,"Pennsylvania","Mifflin County",2,48,566,278,288
050,42,087,"Pennsylvania","Mifflin County",2,49,617,314,303
050,42,087,"Pennsylvania","Mifflin County",2,50,610,302,308
050,42,087,"Pennsylvania","Mifflin County",2,51,610,291,319
050,42,087,"Pennsylvania","Mifflin County",2,52,614,295,319
050,42,087,"Pennsylvania","Mifflin County",2,53,622,317,305
050,42,087,"Pennsylvania","Mifflin County",2,54,640,334,306
050,42,087,"Pennsylvania","Mifflin County",2,55,660,347,313
050,42,087,"Pennsylvania","Mifflin County",2,56,681,341,340
050,42,087,"Pennsylvania","Mifflin County",2,57,684,342,342
050,42,087,"Pennsylvania","Mifflin County",2,58,673,339,334
050,42,087,"Pennsylvania","Mifflin County",2,59,667,330,337
050,42,087,"Pennsylvania","Mifflin County",2,60,641,322,319
050,42,087,"Pennsylvania","Mifflin County",2,61,636,330,306
050,42,087,"Pennsylvania","Mifflin County",2,62,642,327,315
050,42,087,"Pennsylvania","Mifflin County",2,63,660,330,330
050,42,087,"Pennsylvania","Mifflin County",2,64,621,306,315
050,42,087,"Pennsylvania","Mifflin County",2,65,593,288,305
050,42,087,"Pennsylvania","Mifflin County",2,66,598,287,311
050,42,087,"Pennsylvania","Mifflin County",2,67,605,290,315
050,42,087,"Pennsylvania","Mifflin County",2,68,571,273,298
050,42,087,"Pennsylvania","Mifflin County",2,69,545,258,287
050,42,087,"Pennsylvania","Mifflin County",2,70,499,222,277
050,42,087,"Pennsylvania","Mifflin County",2,71,518,234,284
050,42,087,"Pennsylvania","Mifflin County",2,72,541,251,290
050,42,087,"Pennsylvania","Mifflin County",2,73,593,275,318
050,42,087,"Pennsylvania","Mifflin County",2,74,393,178,215
050,42,087,"Pennsylvania","Mifflin County",2,75,373,167,206
050,42,087,"Pennsylvania","Mifflin County",2,76,377,167,210
050,42,087,"Pennsylvania","Mifflin County",2,77,406,189,217
050,42,087,"Pennsylvania","Mifflin County",2,78,366,175,191
050,42,087,"Pennsylvania","Mifflin County",2,79,335,152,183
050,42,087,"Pennsylvania","Mifflin County",2,80,321,151,170
050,42,087,"Pennsylvania","Mifflin County",2,81,304,144,160
050,42,087,"Pennsylvania","Mifflin County",2,82,258,114,144
050,42,087,"Pennsylvania","Mifflin County",2,83,234,99,135
050,42,087,"Pennsylvania","Mifflin County",2,84,211,93,118
050,42,087,"Pennsylvania","Mifflin County",2,85,1243,407,836
050,42,087,"Pennsylvania","Mifflin County",3,0,539,280,259
050,42,087,"Pennsylvania","Mifflin County",3,1,623,315,308
050,42,087,"Pennsylvania","Mifflin County",3,2,604,317,287
050,42,087,"Pennsylvania","Mifflin County",3,3,584,317,267
050,42,087,"Pennsylvania","Mifflin County",3,4,573,288,285
050,42,087,"Pennsylvania","Mifflin County",3,5,558,271,287
050,42,087,"Pennsylvania","Mifflin County",3,6,573,284,289
050,42,087,"Pennsylvania","Mifflin County",3,7,569,270,299
050,42,087,"Pennsylvania","Mifflin County",3,8,598,282,316
050,42,087,"Pennsylvania","Mifflin County",3,9,580,294,286
050,42,087,"Pennsylvania","Mifflin County",3,10,566,285,281
050,42,087,"Pennsylvania","Mifflin County",3,11,565,290,275
050,42,087,"Pennsylvania","Mifflin County",3,12,588,305,283
050,42,087,"Pennsylvania","Mifflin County",3,13,596,303,293
050,42,087,"Pennsylvania","Mifflin County",3,14,615,310,305
050,42,087,"Pennsylvania","Mifflin County",3,15,614,302,312
050,42,087,"Pennsylvania","Mifflin County",3,16,610,305,305
050,42,087,"Pennsylvania","Mifflin County",3,17,571,300,271
050,42,087,"Pennsylvania","Mifflin County",3,18,511,277,234
050,42,087,"Pennsylvania","Mifflin County",3,19,398,212,186
050,42,087,"Pennsylvania","Mifflin County",3,20,475,260,215
050,42,087,"Pennsylvania","Mifflin County",3,21,478,243,235
050,42,087,"Pennsylvania","Mifflin County",3,22,481,237,244
050,42,087,"Pennsylvania","Mifflin County",3,23,481,241,240
050,42,087,"Pennsylvania","Mifflin County",3,24,505,256,249
050,42,087,"Pennsylvania","Mifflin County",3,25,504,277,227
050,42,087,"Pennsylvania","Mifflin County",3,26,525,273,252
050,42,087,"Pennsylvania","Mifflin County",3,27,531,273,258
050,42,087,"Pennsylvania","Mifflin County",3,28,548,274,274
050,42,087,"Pennsylvania","Mifflin County",3,29,536,276,260
050,42,087,"Pennsylvania","Mifflin County",3,30,553,283,270
050,42,087,"Pennsylvania","Mifflin County",3,31,555,290,265
050,42,087,"Pennsylvania","Mifflin County",3,32,541,276,265
050,42,087,"Pennsylvania","Mifflin County",3,33,506,259,247
050,42,087,"Pennsylvania","Mifflin County",3,34,496,261,235
050,42,087,"Pennsylvania","Mifflin County",3,35,492,259,233
050,42,087,"Pennsylvania","Mifflin County",3,36,489,255,234
050,42,087,"Pennsylvania","Mifflin County",3,37,496,261,235
050,42,087,"Pennsylvania","Mifflin County",3,38,502,255,247
050,42,087,"Pennsylvania","Mifflin County",3,39,507,255,252
050,42,087,"Pennsylvania","Mifflin County",3,40,498,241,257
050,42,087,"Pennsylvania","Mifflin County",3,41,527,256,271
050,42,087,"Pennsylvania","Mifflin County",3,42,520,261,259
050,42,087,"Pennsylvania","Mifflin County",3,43,487,239,248
050,42,087,"Pennsylvania","Mifflin County",3,44,471,229,242
050,42,087,"Pennsylvania","Mifflin County",3,45,443,225,218
050,42,087,"Pennsylvania","Mifflin County",3,46,466,235,231
050,42,087,"Pennsylvania","Mifflin County",3,47,493,244,249
050,42,087,"Pennsylvania","Mifflin County",3,48,534,259,275
050,42,087,"Pennsylvania","Mifflin County",3,49,571,281,290
050,42,087,"Pennsylvania","Mifflin County",3,50,613,308,305
050,42,087,"Pennsylvania","Mifflin County",3,51,605,305,300
050,42,087,"Pennsylvania","Mifflin County",3,52,611,291,320
050,42,087,"Pennsylvania","Mifflin County",3,53,609,291,318
050,42,087,"Pennsylvania","Mifflin County",3,54,623,320,303
050,42,087,"Pennsylvania","Mifflin County",3,55,641,341,300
050,42,087,"Pennsylvania","Mifflin County",3,56,653,339,314
050,42,087,"Pennsylvania","Mifflin County",3,57,684,348,336
050,42,087,"Pennsylvania","Mifflin County",3,58,685,339,346
050,42,087,"Pennsylvania","Mifflin County",3,59,668,335,333
050,42,087,"Pennsylvania","Mifflin County",3,60,663,328,335
050,42,087,"Pennsylvania","Mifflin County",3,61,642,327,315
050,42,087,"Pennsylvania","Mifflin County",3,62,632,326,306
050,42,087,"Pennsylvania","Mifflin County",3,63,641,318,323
050,42,087,"Pennsylvania","Mifflin County",3,64,643,322,321
050,42,087,"Pennsylvania","Mifflin County",3,65,609,300,309
050,42,087,"Pennsylvania","Mifflin County",3,66,587,287,300
050,42,087,"Pennsylvania","Mifflin County",3,67,589,281,308
050,42,087,"Pennsylvania","Mifflin County",3,68,599,285,314
050,42,087,"Pennsylvania","Mifflin County",3,69,563,266,297
050,42,087,"Pennsylvania","Mifflin County",3,70,529,252,277
050,42,087,"Pennsylvania","Mifflin County",3,71,475,215,260
050,42,087,"Pennsylvania","Mifflin County",3,72,512,226,286
050,42,087,"Pennsylvania","Mifflin County",3,73,527,246,281
050,42,087,"Pennsylvania","Mifflin County",3,74,578,266,312
050,42,087,"Pennsylvania","Mifflin County",3,75,381,170,211
050,42,087,"Pennsylvania","Mifflin County",3,76,353,154,199
050,42,087,"Pennsylvania","Mifflin County",3,77,358,157,201
050,42,087,"Pennsylvania","Mifflin County",3,78,376,178,198
050,42,087,"Pennsylvania","Mifflin County",3,79,356,162,194
050,42,087,"Pennsylvania","Mifflin County",3,80,312,139,173
050,42,087,"Pennsylvania","Mifflin County",3,81,300,144,156
050,42,087,"Pennsylvania","Mifflin County",3,82,268,125,143
050,42,087,"Pennsylvania","Mifflin County",3,83,235,98,137
050,42,087,"Pennsylvania","Mifflin County",3,84,213,90,123
050,42,087,"Pennsylvania","Mifflin County",3,85,1192,403,789
050,42,087,"Pennsylvania","Mifflin County",4,0,542,296,246
050,42,087,"Pennsylvania","Mifflin County",4,1,546,288,258
050,42,087,"Pennsylvania","Mifflin County",4,2,624,313,311
050,42,087,"Pennsylvania","Mifflin County",4,3,608,317,291
050,42,087,"Pennsylvania","Mifflin County",4,4,587,318,269
050,42,087,"Pennsylvania","Mifflin County",4,5,565,287,278
050,42,087,"Pennsylvania","Mifflin County",4,6,563,280,283
050,42,087,"Pennsylvania","Mifflin County",4,7,563,274,289
050,42,087,"Pennsylvania","Mifflin County",4,8,574,272,302
050,42,087,"Pennsylvania","Mifflin County",4,9,594,283,311
050,42,087,"Pennsylvania","Mifflin County",4,10,571,291,280
050,42,087,"Pennsylvania","Mifflin County",4,11,555,273,282
050,42,087,"Pennsylvania","Mifflin County",4,12,561,289,272
050,42,087,"Pennsylvania","Mifflin County",4,13,592,306,286
050,42,087,"Pennsylvania","Mifflin County",4,14,595,303,292
050,42,087,"Pennsylvania","Mifflin County",4,15,611,302,309
050,42,087,"Pennsylvania","Mifflin County",4,16,617,298,319
050,42,087,"Pennsylvania","Mifflin County",4,17,597,298,299
050,42,087,"Pennsylvania","Mifflin County",4,18,479,263,216
050,42,087,"Pennsylvania","Mifflin County",4,19,394,216,178
050,42,087,"Pennsylvania","Mifflin County",4,20,430,232,198
050,42,087,"Pennsylvania","Mifflin County",4,21,473,256,217
050,42,087,"Pennsylvania","Mifflin County",4,22,500,237,263
050,42,087,"Pennsylvania","Mifflin County",4,23,509,248,261
050,42,087,"Pennsylvania","Mifflin County",4,24,490,248,242
050,42,087,"Pennsylvania","Mifflin County",4,25,515,265,250
050,42,087,"Pennsylvania","Mifflin County",4,26,489,267,222
050,42,087,"Pennsylvania","Mifflin County",4,27,542,289,253
050,42,087,"Pennsylvania","Mifflin County",4,28,524,259,265
050,42,087,"Pennsylvania","Mifflin County",4,29,535,262,273
050,42,087,"Pennsylvania","Mifflin County",4,30,552,286,266
050,42,087,"Pennsylvania","Mifflin County",4,31,561,290,271
050,42,087,"Pennsylvania","Mifflin County",4,32,552,286,266
050,42,087,"Pennsylvania","Mifflin County",4,33,546,279,267
050,42,087,"Pennsylvania","Mifflin County",4,34,512,269,243
050,42,087,"Pennsylvania","Mifflin County",4,35,486,252,234
050,42,087,"Pennsylvania","Mifflin County",4,36,484,252,232
050,42,087,"Pennsylvania","Mifflin County",4,37,502,261,241
050,42,087,"Pennsylvania","Mifflin County",4,38,505,266,239
050,42,087,"Pennsylvania","Mifflin County",4,39,492,251,241
050,42,087,"Pennsylvania","Mifflin County",4,40,504,251,253
050,42,087,"Pennsylvania","Mifflin County",4,41,480,227,253
050,42,087,"Pennsylvania","Mifflin County",4,42,532,261,271
050,42,087,"Pennsylvania","Mifflin County",4,43,517,257,260
050,42,087,"Pennsylvania","Mifflin County",4,44,474,236,238
050,42,087,"Pennsylvania","Mifflin County",4,45,467,227,240
050,42,087,"Pennsylvania","Mifflin County",4,46,457,228,229
050,42,087,"Pennsylvania","Mifflin County",4,47,464,238,226
050,42,087,"Pennsylvania","Mifflin County",4,48,490,246,244
050,42,087,"Pennsylvania","Mifflin County",4,49,541,262,279
050,42,087,"Pennsylvania","Mifflin County",4,50,563,278,285
050,42,087,"Pennsylvania","Mifflin County",4,51,616,311,305
050,42,087,"Pennsylvania","Mifflin County",4,52,604,302,302
050,42,087,"Pennsylvania","Mifflin County",4,53,609,291,318
050,42,087,"Pennsylvania","Mifflin County",4,54,607,289,318
050,42,087,"Pennsylvania","Mifflin County",4,55,625,321,304
050,42,087,"Pennsylvania","Mifflin County",4,56,641,339,302
050,42,087,"Pennsylvania","Mifflin County",4,57,649,338,311
050,42,087,"Pennsylvania","Mifflin County",4,58,683,343,340
050,42,087,"Pennsylvania","Mifflin County",4,59,683,333,350
050,42,087,"Pennsylvania","Mifflin County",4,60,663,328,335
050,42,087,"Pennsylvania","Mifflin County",4,61,665,331,334
050,42,087,"Pennsylvania","Mifflin County",4,62,631,322,309
050,42,087,"Pennsylvania","Mifflin County",4,63,625,316,309
050,42,087,"Pennsylvania","Mifflin County",4,64,634,319,315
050,42,087,"Pennsylvania","Mifflin County",4,65,645,316,329
050,42,087,"Pennsylvania","Mifflin County",4,66,601,297,304
050,42,087,"Pennsylvania","Mifflin County",4,67,570,277,293
050,42,087,"Pennsylvania","Mifflin County",4,68,575,274,301
050,42,087,"Pennsylvania","Mifflin County",4,69,587,281,306
050,42,087,"Pennsylvania","Mifflin County",4,70,542,255,287
050,42,087,"Pennsylvania","Mifflin County",4,71,513,242,271
050,42,087,"Pennsylvania","Mifflin County",4,72,465,210,255
050,42,087,"Pennsylvania","Mifflin County",4,73,498,229,269
050,42,087,"Pennsylvania","Mifflin County",4,74,510,239,271
050,42,087,"Pennsylvania","Mifflin County",4,75,563,261,302
050,42,087,"Pennsylvania","Mifflin County",4,76,366,162,204
050,42,087,"Pennsylvania","Mifflin County",4,77,333,141,192
050,42,087,"Pennsylvania","Mifflin County",4,78,338,152,186
050,42,087,"Pennsylvania","Mifflin County",4,79,359,165,194
050,42,087,"Pennsylvania","Mifflin County",4,80,339,156,183
050,42,087,"Pennsylvania","Mifflin County",4,81,289,132,157
050,42,087,"Pennsylvania","Mifflin County",4,82,268,129,139
050,42,087,"Pennsylvania","Mifflin County",4,83,247,110,137
050,42,087,"Pennsylvania","Mifflin County",4,84,220,93,127
050,42,087,"Pennsylvania","Mifflin County",4,85,1195,415,780
050,42,087,"Pennsylvania","Mifflin County",5,0,532,292,240
050,42,087,"Pennsylvania","Mifflin County",5,1,540,300,240
050,42,087,"Pennsylvania","Mifflin County",5,2,558,295,263
050,42,087,"Pennsylvania","Mifflin County",5,3,619,310,309
050,42,087,"Pennsylvania","Mifflin County",5,4,604,307,297
050,42,087,"Pennsylvania","Mifflin County",5,5,588,320,268
050,42,087,"Pennsylvania","Mifflin County",5,6,560,284,276
050,42,087,"Pennsylvania","Mifflin County",5,7,550,275,275
050,42,087,"Pennsylvania","Mifflin County",5,8,568,280,288
050,42,087,"Pennsylvania","Mifflin County",5,9,569,275,294
050,42,087,"Pennsylvania","Mifflin County",5,10,582,278,304
050,42,087,"Pennsylvania","Mifflin County",5,11,576,294,282
050,42,087,"Pennsylvania","Mifflin County",5,12,553,272,281
050,42,087,"Pennsylvania","Mifflin County",5,13,564,289,275
050,42,087,"Pennsylvania","Mifflin County",5,14,595,313,282
050,42,087,"Pennsylvania","Mifflin County",5,15,601,311,290
050,42,087,"Pennsylvania","Mifflin County",5,16,614,309,305
050,42,087,"Pennsylvania","Mifflin County",5,17,611,296,315
050,42,087,"Pennsylvania","Mifflin County",5,18,484,248,236
050,42,087,"Pennsylvania","Mifflin County",5,19,382,209,173
050,42,087,"Pennsylvania","Mifflin County",5,20,439,239,200
050,42,087,"Pennsylvania","Mifflin County",5,21,441,227,214
050,42,087,"Pennsylvania","Mifflin County",5,22,499,260,239
050,42,087,"Pennsylvania","Mifflin County",5,23,533,247,286
050,42,087,"Pennsylvania","Mifflin County",5,24,521,250,271
050,42,087,"Pennsylvania","Mifflin County",5,25,520,270,250
050,42,087,"Pennsylvania","Mifflin County",5,26,516,267,249
050,42,087,"Pennsylvania","Mifflin County",5,27,493,266,227
050,42,087,"Pennsylvania","Mifflin County",5,28,528,275,253
050,42,087,"Pennsylvania","Mifflin County",5,29,519,258,261
050,42,087,"Pennsylvania","Mifflin County",5,30,529,253,276
050,42,087,"Pennsylvania","Mifflin County",5,31,552,290,262
050,42,087,"Pennsylvania","Mifflin County",5,32,565,283,282
050,42,087,"Pennsylvania","Mifflin County",5,33,563,299,264
050,42,087,"Pennsylvania","Mifflin County",5,34,558,284,274
050,42,087,"Pennsylvania","Mifflin County",5,35,509,262,247
050,42,087,"Pennsylvania","Mifflin County",5,36,477,243,234
050,42,087,"Pennsylvania","Mifflin County",5,37,500,261,239
050,42,087,"Pennsylvania","Mifflin County",5,38,507,267,240
050,42,087,"Pennsylvania","Mifflin County",5,39,499,266,233
050,42,087,"Pennsylvania","Mifflin County",5,40,482,243,239
050,42,087,"Pennsylvania","Mifflin County",5,41,494,248,246
050,42,087,"Pennsylvania","Mifflin County",5,42,484,233,251
050,42,087,"Pennsylvania","Mifflin County",5,43,532,258,274
050,42,087,"Pennsylvania","Mifflin County",5,44,507,253,254
050,42,087,"Pennsylvania","Mifflin County",5,45,470,234,236
050,42,087,"Pennsylvania","Mifflin County",5,46,479,225,254
050,42,087,"Pennsylvania","Mifflin County",5,47,459,230,229
050,42,087,"Pennsylvania","Mifflin County",5,48,459,240,219
050,42,087,"Pennsylvania","Mifflin County",5,49,495,245,250
050,42,087,"Pennsylvania","Mifflin County",5,50,534,260,274
050,42,087,"Pennsylvania","Mifflin County",5,51,565,279,286
050,42,087,"Pennsylvania","Mifflin County",5,52,615,308,307
050,42,087,"Pennsylvania","Mifflin County",5,53,599,300,299
050,42,087,"Pennsylvania","Mifflin County",5,54,615,295,320
050,42,087,"Pennsylvania","Mifflin County",5,55,598,280,318
050,42,087,"Pennsylvania","Mifflin County",5,56,623,314,309
050,42,087,"Pennsylvania","Mifflin County",5,57,646,342,304
050,42,087,"Pennsylvania","Mifflin County",5,58,643,336,307
050,42,087,"Pennsylvania","Mifflin County",5,59,686,347,339
050,42,087,"Pennsylvania","Mifflin County",5,60,677,327,350
050,42,087,"Pennsylvania","Mifflin County",5,61,667,327,340
050,42,087,"Pennsylvania","Mifflin County",5,62,658,329,329
050,42,087,"Pennsylvania","Mifflin County",5,63,631,317,314
050,42,087,"Pennsylvania","Mifflin County",5,64,618,319,299
050,42,087,"Pennsylvania","Mifflin County",5,65,636,314,322
050,42,087,"Pennsylvania","Mifflin County",5,66,638,313,325
050,42,087,"Pennsylvania","Mifflin County",5,67,579,284,295
050,42,087,"Pennsylvania","Mifflin County",5,68,561,271,290
050,42,087,"Pennsylvania","Mifflin County",5,69,563,272,291
050,42,087,"Pennsylvania","Mifflin County",5,70,576,275,301
050,42,087,"Pennsylvania","Mifflin County",5,71,524,245,279
050,42,087,"Pennsylvania","Mifflin County",5,72,505,237,268
050,42,087,"Pennsylvania","Mifflin County",5,73,457,208,249
050,42,087,"Pennsylvania","Mifflin County",5,74,475,218,257
050,42,087,"Pennsylvania","Mifflin County",5,75,499,234,265
050,42,087,"Pennsylvania","Mifflin County",5,76,539,252,287
050,42,087,"Pennsylvania","Mifflin County",5,77,353,154,199
050,42,087,"Pennsylvania","Mifflin County",5,78,321,141,180
050,42,087,"Pennsylvania","Mifflin County",5,79,323,138,185
050,42,087,"Pennsylvania","Mifflin County",5,80,342,157,185
050,42,087,"Pennsylvania","Mifflin County",5,81,317,151,166
050,42,087,"Pennsylvania","Mifflin County",5,82,258,117,141
050,42,087,"Pennsylvania","Mifflin County",5,83,250,115,135
050,42,087,"Pennsylvania","Mifflin County",5,84,229,103,126
050,42,087,"Pennsylvania","Mifflin County",5,85,1223,437,786
050,42,089,"Pennsylvania","Monroe County",1,0,1482,756,726
050,42,089,"Pennsylvania","Monroe County",1,1,1506,773,733
050,42,089,"Pennsylvania","Monroe County",1,2,1597,824,773
050,42,089,"Pennsylvania","Monroe County",1,3,1591,828,763
050,42,089,"Pennsylvania","Monroe County",1,4,1600,822,778
050,42,089,"Pennsylvania","Monroe County",1,5,1624,837,787
050,42,089,"Pennsylvania","Monroe County",1,6,1624,835,789
050,42,089,"Pennsylvania","Monroe County",1,7,1676,825,851
050,42,089,"Pennsylvania","Monroe County",1,8,1658,845,813
050,42,089,"Pennsylvania","Monroe County",1,9,1752,918,834
050,42,089,"Pennsylvania","Monroe County",1,10,1891,1002,889
050,42,089,"Pennsylvania","Monroe County",1,11,2016,1051,965
050,42,089,"Pennsylvania","Monroe County",1,12,2063,1094,969
050,42,089,"Pennsylvania","Monroe County",1,13,2091,1076,1015
050,42,089,"Pennsylvania","Monroe County",1,14,2116,1051,1065
050,42,089,"Pennsylvania","Monroe County",1,15,2196,1106,1090
050,42,089,"Pennsylvania","Monroe County",1,16,2242,1138,1104
050,42,089,"Pennsylvania","Monroe County",1,17,2272,1170,1102
050,42,089,"Pennsylvania","Monroe County",1,18,2439,1210,1229
050,42,089,"Pennsylvania","Monroe County",1,19,2614,1309,1305
050,42,089,"Pennsylvania","Monroe County",1,20,2445,1206,1239
050,42,089,"Pennsylvania","Monroe County",1,21,2290,1148,1142
050,42,089,"Pennsylvania","Monroe County",1,22,2253,1165,1088
050,42,089,"Pennsylvania","Monroe County",1,23,2124,1102,1022
050,42,089,"Pennsylvania","Monroe County",1,24,2070,1079,991
050,42,089,"Pennsylvania","Monroe County",1,25,2037,1065,972
050,42,089,"Pennsylvania","Monroe County",1,26,1982,1034,948
050,42,089,"Pennsylvania","Monroe County",1,27,1963,1025,938
050,42,089,"Pennsylvania","Monroe County",1,28,1889,1017,872
050,42,089,"Pennsylvania","Monroe County",1,29,1908,1016,892
050,42,089,"Pennsylvania","Monroe County",1,30,1958,1049,909
050,42,089,"Pennsylvania","Monroe County",1,31,1954,1008,946
050,42,089,"Pennsylvania","Monroe County",1,32,1862,980,882
050,42,089,"Pennsylvania","Monroe County",1,33,1890,1010,880
050,42,089,"Pennsylvania","Monroe County",1,34,1891,966,925
050,42,089,"Pennsylvania","Monroe County",1,35,1756,894,862
050,42,089,"Pennsylvania","Monroe County",1,36,1781,901,880
050,42,089,"Pennsylvania","Monroe County",1,37,1845,922,923
050,42,089,"Pennsylvania","Monroe County",1,38,1863,938,925
050,42,089,"Pennsylvania","Monroe County",1,39,1838,918,920
050,42,089,"Pennsylvania","Monroe County",1,40,1821,870,951
050,42,089,"Pennsylvania","Monroe County",1,41,1865,878,987
050,42,089,"Pennsylvania","Monroe County",1,42,1942,872,1070
050,42,089,"Pennsylvania","Monroe County",1,43,1882,912,970
050,42,089,"Pennsylvania","Monroe County",1,44,1897,914,983
050,42,089,"Pennsylvania","Monroe County",1,45,2012,976,1036
050,42,089,"Pennsylvania","Monroe County",1,46,1918,906,1012
050,42,089,"Pennsylvania","Monroe County",1,47,1996,973,1023
050,42,089,"Pennsylvania","Monroe County",1,48,2189,1028,1161
050,42,089,"Pennsylvania","Monroe County",1,49,2374,1136,1238
050,42,089,"Pennsylvania","Monroe County",1,50,2404,1190,1214
050,42,089,"Pennsylvania","Monroe County",1,51,2426,1208,1218
050,42,089,"Pennsylvania","Monroe County",1,52,2474,1236,1238
050,42,089,"Pennsylvania","Monroe County",1,53,2589,1306,1283
050,42,089,"Pennsylvania","Monroe County",1,54,2701,1351,1350
050,42,089,"Pennsylvania","Monroe County",1,55,2873,1417,1456
050,42,089,"Pennsylvania","Monroe County",1,56,2937,1482,1455
050,42,089,"Pennsylvania","Monroe County",1,57,2852,1467,1385
050,42,089,"Pennsylvania","Monroe County",1,58,2841,1460,1381
050,42,089,"Pennsylvania","Monroe County",1,59,2866,1444,1422
050,42,089,"Pennsylvania","Monroe County",1,60,2792,1407,1385
050,42,089,"Pennsylvania","Monroe County",1,61,2707,1364,1343
050,42,089,"Pennsylvania","Monroe County",1,62,2691,1335,1356
050,42,089,"Pennsylvania","Monroe County",1,63,2661,1327,1334
050,42,089,"Pennsylvania","Monroe County",1,64,2504,1273,1231
050,42,089,"Pennsylvania","Monroe County",1,65,2468,1263,1205
050,42,089,"Pennsylvania","Monroe County",1,66,2284,1168,1116
050,42,089,"Pennsylvania","Monroe County",1,67,2140,1085,1055
050,42,089,"Pennsylvania","Monroe County",1,68,2032,1012,1020
050,42,089,"Pennsylvania","Monroe County",1,69,1858,914,944
050,42,089,"Pennsylvania","Monroe County",1,70,1834,921,913
050,42,089,"Pennsylvania","Monroe County",1,71,1780,873,907
050,42,089,"Pennsylvania","Monroe County",1,72,1845,930,915
050,42,089,"Pennsylvania","Monroe County",1,73,1770,871,899
050,42,089,"Pennsylvania","Monroe County",1,74,1191,559,632
050,42,089,"Pennsylvania","Monroe County",1,75,1193,577,616
050,42,089,"Pennsylvania","Monroe County",1,76,1205,555,650
050,42,089,"Pennsylvania","Monroe County",1,77,1122,533,589
050,42,089,"Pennsylvania","Monroe County",1,78,920,438,482
050,42,089,"Pennsylvania","Monroe County",1,79,823,375,448
050,42,089,"Pennsylvania","Monroe County",1,80,775,350,425
050,42,089,"Pennsylvania","Monroe County",1,81,694,323,371
050,42,089,"Pennsylvania","Monroe County",1,82,650,294,356
050,42,089,"Pennsylvania","Monroe County",1,83,591,260,331
050,42,089,"Pennsylvania","Monroe County",1,84,560,232,328
050,42,089,"Pennsylvania","Monroe County",1,85,2711,1025,1686
050,42,089,"Pennsylvania","Monroe County",2,0,1491,774,717
050,42,089,"Pennsylvania","Monroe County",2,1,1505,771,734
050,42,089,"Pennsylvania","Monroe County",2,2,1585,815,770
050,42,089,"Pennsylvania","Monroe County",2,3,1598,829,769
050,42,089,"Pennsylvania","Monroe County",2,4,1610,829,781
050,42,089,"Pennsylvania","Monroe County",2,5,1624,835,789
050,42,089,"Pennsylvania","Monroe County",2,6,1643,842,801
050,42,089,"Pennsylvania","Monroe County",2,7,1669,832,837
050,42,089,"Pennsylvania","Monroe County",2,8,1671,845,826
050,42,089,"Pennsylvania","Monroe County",2,9,1739,907,832
050,42,089,"Pennsylvania","Monroe County",2,10,1865,982,883
050,42,089,"Pennsylvania","Monroe County",2,11,1988,1037,951
050,42,089,"Pennsylvania","Monroe County",2,12,2068,1092,976
050,42,089,"Pennsylvania","Monroe County",2,13,2086,1081,1005
050,42,089,"Pennsylvania","Monroe County",2,14,2115,1060,1055
050,42,089,"Pennsylvania","Monroe County",2,15,2179,1094,1085
050,42,089,"Pennsylvania","Monroe County",2,16,2235,1134,1101
050,42,089,"Pennsylvania","Monroe County",2,17,2260,1159,1101
050,42,089,"Pennsylvania","Monroe County",2,18,2416,1209,1207
050,42,089,"Pennsylvania","Monroe County",2,19,2593,1286,1307
050,42,089,"Pennsylvania","Monroe County",2,20,2469,1222,1247
050,42,089,"Pennsylvania","Monroe County",2,21,2288,1145,1143
050,42,089,"Pennsylvania","Monroe County",2,22,2232,1157,1075
050,42,089,"Pennsylvania","Monroe County",2,23,2130,1109,1021
050,42,089,"Pennsylvania","Monroe County",2,24,2056,1072,984
050,42,089,"Pennsylvania","Monroe County",2,25,2026,1059,967
050,42,089,"Pennsylvania","Monroe County",2,26,1992,1038,954
050,42,089,"Pennsylvania","Monroe County",2,27,1956,1023,933
050,42,089,"Pennsylvania","Monroe County",2,28,1905,1021,884
050,42,089,"Pennsylvania","Monroe County",2,29,1903,1015,888
050,42,089,"Pennsylvania","Monroe County",2,30,1957,1045,912
050,42,089,"Pennsylvania","Monroe County",2,31,1947,1013,934
050,42,089,"Pennsylvania","Monroe County",2,32,1883,983,900
050,42,089,"Pennsylvania","Monroe County",2,33,1898,1008,890
050,42,089,"Pennsylvania","Monroe County",2,34,1891,976,915
050,42,089,"Pennsylvania","Monroe County",2,35,1800,915,885
050,42,089,"Pennsylvania","Monroe County",2,36,1770,897,873
050,42,089,"Pennsylvania","Monroe County",2,37,1851,929,922
050,42,089,"Pennsylvania","Monroe County",2,38,1875,943,932
050,42,089,"Pennsylvania","Monroe County",2,39,1845,923,922
050,42,089,"Pennsylvania","Monroe County",2,40,1841,890,951
050,42,089,"Pennsylvania","Monroe County",2,41,1861,879,982
050,42,089,"Pennsylvania","Monroe County",2,42,1924,876,1048
050,42,089,"Pennsylvania","Monroe County",2,43,1917,916,1001
050,42,089,"Pennsylvania","Monroe County",2,44,1885,910,975
050,42,089,"Pennsylvania","Monroe County",2,45,2001,968,1033
050,42,089,"Pennsylvania","Monroe County",2,46,1935,922,1013
050,42,089,"Pennsylvania","Monroe County",2,47,1975,954,1021
050,42,089,"Pennsylvania","Monroe County",2,48,2149,1018,1131
050,42,089,"Pennsylvania","Monroe County",2,49,2340,1120,1220
050,42,089,"Pennsylvania","Monroe County",2,50,2398,1181,1217
050,42,089,"Pennsylvania","Monroe County",2,51,2410,1197,1213
050,42,089,"Pennsylvania","Monroe County",2,52,2461,1228,1233
050,42,089,"Pennsylvania","Monroe County",2,53,2551,1286,1265
050,42,089,"Pennsylvania","Monroe County",2,54,2671,1337,1334
050,42,089,"Pennsylvania","Monroe County",2,55,2832,1400,1432
050,42,089,"Pennsylvania","Monroe County",2,56,2928,1470,1458
050,42,089,"Pennsylvania","Monroe County",2,57,2867,1466,1401
050,42,089,"Pennsylvania","Monroe County",2,58,2842,1459,1383
050,42,089,"Pennsylvania","Monroe County",2,59,2865,1449,1416
050,42,089,"Pennsylvania","Monroe County",2,60,2792,1407,1385
050,42,089,"Pennsylvania","Monroe County",2,61,2710,1365,1345
050,42,089,"Pennsylvania","Monroe County",2,62,2683,1334,1349
050,42,089,"Pennsylvania","Monroe County",2,63,2681,1337,1344
050,42,089,"Pennsylvania","Monroe County",2,64,2523,1276,1247
050,42,089,"Pennsylvania","Monroe County",2,65,2464,1262,1202
050,42,089,"Pennsylvania","Monroe County",2,66,2334,1194,1140
050,42,089,"Pennsylvania","Monroe County",2,67,2172,1099,1073
050,42,089,"Pennsylvania","Monroe County",2,68,2035,1018,1017
050,42,089,"Pennsylvania","Monroe County",2,69,1904,939,965
050,42,089,"Pennsylvania","Monroe County",2,70,1830,912,918
050,42,089,"Pennsylvania","Monroe County",2,71,1784,878,906
050,42,089,"Pennsylvania","Monroe County",2,72,1789,897,892
050,42,089,"Pennsylvania","Monroe County",2,73,1854,920,934
050,42,089,"Pennsylvania","Monroe County",2,74,1244,584,660
050,42,089,"Pennsylvania","Monroe County",2,75,1194,575,619
050,42,089,"Pennsylvania","Monroe County",2,76,1179,545,634
050,42,089,"Pennsylvania","Monroe County",2,77,1140,540,600
050,42,089,"Pennsylvania","Monroe County",2,78,939,442,497
050,42,089,"Pennsylvania","Monroe County",2,79,823,379,444
050,42,089,"Pennsylvania","Monroe County",2,80,780,353,427
050,42,089,"Pennsylvania","Monroe County",2,81,690,315,375
050,42,089,"Pennsylvania","Monroe County",2,82,653,296,357
050,42,089,"Pennsylvania","Monroe County",2,83,589,261,328
050,42,089,"Pennsylvania","Monroe County",2,84,555,231,324
050,42,089,"Pennsylvania","Monroe County",2,85,2706,1025,1681
050,42,089,"Pennsylvania","Monroe County",3,0,1416,734,682
050,42,089,"Pennsylvania","Monroe County",3,1,1549,788,761
050,42,089,"Pennsylvania","Monroe County",3,2,1579,797,782
050,42,089,"Pennsylvania","Monroe County",3,3,1655,832,823
050,42,089,"Pennsylvania","Monroe County",3,4,1661,881,780
050,42,089,"Pennsylvania","Monroe County",3,5,1660,857,803
050,42,089,"Pennsylvania","Monroe County",3,6,1669,853,816
050,42,089,"Pennsylvania","Monroe County",3,7,1682,857,825
050,42,089,"Pennsylvania","Monroe County",3,8,1727,856,871
050,42,089,"Pennsylvania","Monroe County",3,9,1717,875,842
050,42,089,"Pennsylvania","Monroe County",3,10,1827,947,880
050,42,089,"Pennsylvania","Monroe County",3,11,1910,1006,904
050,42,089,"Pennsylvania","Monroe County",3,12,2027,1074,953
050,42,089,"Pennsylvania","Monroe County",3,13,2154,1127,1027
050,42,089,"Pennsylvania","Monroe County",3,14,2105,1092,1013
050,42,089,"Pennsylvania","Monroe County",3,15,2141,1080,1061
050,42,089,"Pennsylvania","Monroe County",3,16,2203,1117,1086
050,42,089,"Pennsylvania","Monroe County",3,17,2228,1143,1085
050,42,089,"Pennsylvania","Monroe County",3,18,2262,1155,1107
050,42,089,"Pennsylvania","Monroe County",3,19,2205,1101,1104
050,42,089,"Pennsylvania","Monroe County",3,20,2248,1133,1115
050,42,089,"Pennsylvania","Monroe County",3,21,2184,1093,1091
050,42,089,"Pennsylvania","Monroe County",3,22,2191,1156,1035
050,42,089,"Pennsylvania","Monroe County",3,23,2118,1106,1012
050,42,089,"Pennsylvania","Monroe County",3,24,2014,1052,962
050,42,089,"Pennsylvania","Monroe County",3,25,1972,1050,922
050,42,089,"Pennsylvania","Monroe County",3,26,1989,1055,934
050,42,089,"Pennsylvania","Monroe County",3,27,1978,1058,920
050,42,089,"Pennsylvania","Monroe County",3,28,1959,1055,904
050,42,089,"Pennsylvania","Monroe County",3,29,1949,1015,934
050,42,089,"Pennsylvania","Monroe County",3,30,1941,1022,919
050,42,089,"Pennsylvania","Monroe County",3,31,1988,1054,934
050,42,089,"Pennsylvania","Monroe County",3,32,1977,1025,952
050,42,089,"Pennsylvania","Monroe County",3,33,1951,1015,936
050,42,089,"Pennsylvania","Monroe County",3,34,1915,1006,909
050,42,089,"Pennsylvania","Monroe County",3,35,1918,985,933
050,42,089,"Pennsylvania","Monroe County",3,36,1889,958,931
050,42,089,"Pennsylvania","Monroe County",3,37,1849,936,913
050,42,089,"Pennsylvania","Monroe County",3,38,1894,951,943
050,42,089,"Pennsylvania","Monroe County",3,39,1953,992,961
050,42,089,"Pennsylvania","Monroe County",3,40,1878,953,925
050,42,089,"Pennsylvania","Monroe County",3,41,1921,918,1003
050,42,089,"Pennsylvania","Monroe County",3,42,1911,904,1007
050,42,089,"Pennsylvania","Monroe County",3,43,1976,933,1043
050,42,089,"Pennsylvania","Monroe County",3,44,1979,936,1043
050,42,089,"Pennsylvania","Monroe County",3,45,1942,937,1005
050,42,089,"Pennsylvania","Monroe County",3,46,2000,967,1033
050,42,089,"Pennsylvania","Monroe County",3,47,1960,944,1016
050,42,089,"Pennsylvania","Monroe County",3,48,2011,971,1040
050,42,089,"Pennsylvania","Monroe County",3,49,2145,1032,1113
050,42,089,"Pennsylvania","Monroe County",3,50,2365,1159,1206
050,42,089,"Pennsylvania","Monroe County",3,51,2443,1198,1245
050,42,089,"Pennsylvania","Monroe County",3,52,2425,1210,1215
050,42,089,"Pennsylvania","Monroe County",3,53,2503,1260,1243
050,42,089,"Pennsylvania","Monroe County",3,54,2562,1282,1280
050,42,089,"Pennsylvania","Monroe County",3,55,2666,1353,1313
050,42,089,"Pennsylvania","Monroe County",3,56,2831,1408,1423
050,42,089,"Pennsylvania","Monroe County",3,57,2904,1456,1448
050,42,089,"Pennsylvania","Monroe County",3,58,2861,1450,1411
050,42,089,"Pennsylvania","Monroe County",3,59,2868,1461,1407
050,42,089,"Pennsylvania","Monroe County",3,60,2828,1412,1416
050,42,089,"Pennsylvania","Monroe County",3,61,2732,1379,1353
050,42,089,"Pennsylvania","Monroe County",3,62,2695,1369,1326
050,42,089,"Pennsylvania","Monroe County",3,63,2675,1343,1332
050,42,089,"Pennsylvania","Monroe County",3,64,2643,1316,1327
050,42,089,"Pennsylvania","Monroe County",3,65,2496,1264,1232
050,42,089,"Pennsylvania","Monroe County",3,66,2416,1236,1180
050,42,089,"Pennsylvania","Monroe County",3,67,2337,1187,1150
050,42,089,"Pennsylvania","Monroe County",3,68,2125,1084,1041
050,42,089,"Pennsylvania","Monroe County",3,69,1988,994,994
050,42,089,"Pennsylvania","Monroe County",3,70,1874,914,960
050,42,089,"Pennsylvania","Monroe County",3,71,1755,882,873
050,42,089,"Pennsylvania","Monroe County",3,72,1720,830,890
050,42,089,"Pennsylvania","Monroe County",3,73,1727,867,860
050,42,089,"Pennsylvania","Monroe County",3,74,1783,874,909
050,42,089,"Pennsylvania","Monroe County",3,75,1218,576,642
050,42,089,"Pennsylvania","Monroe County",3,76,1136,546,590
050,42,089,"Pennsylvania","Monroe County",3,77,1114,514,600
050,42,089,"Pennsylvania","Monroe County",3,78,1077,506,571
050,42,089,"Pennsylvania","Monroe County",3,79,880,411,469
050,42,089,"Pennsylvania","Monroe County",3,80,782,357,425
050,42,089,"Pennsylvania","Monroe County",3,81,705,312,393
050,42,089,"Pennsylvania","Monroe County",3,82,638,286,352
050,42,089,"Pennsylvania","Monroe County",3,83,599,265,334
050,42,089,"Pennsylvania","Monroe County",3,84,540,244,296
050,42,089,"Pennsylvania","Monroe County",3,85,2788,1060,1728
050,42,089,"Pennsylvania","Monroe County",4,0,1362,733,629
050,42,089,"Pennsylvania","Monroe County",4,1,1450,744,706
050,42,089,"Pennsylvania","Monroe County",4,2,1522,784,738
050,42,089,"Pennsylvania","Monroe County",4,3,1580,810,770
050,42,089,"Pennsylvania","Monroe County",4,4,1652,827,825
050,42,089,"Pennsylvania","Monroe County",4,5,1716,901,815
050,42,089,"Pennsylvania","Monroe County",4,6,1656,864,792
050,42,089,"Pennsylvania","Monroe County",4,7,1663,856,807
050,42,089,"Pennsylvania","Monroe County",4,8,1678,852,826
050,42,089,"Pennsylvania","Monroe County",4,9,1696,857,839
050,42,089,"Pennsylvania","Monroe County",4,10,1723,868,855
050,42,089,"Pennsylvania","Monroe County",4,11,1846,953,893
050,42,089,"Pennsylvania","Monroe County",4,12,1912,1002,910
050,42,089,"Pennsylvania","Monroe County",4,13,2031,1077,954
050,42,089,"Pennsylvania","Monroe County",4,14,2123,1094,1029
050,42,089,"Pennsylvania","Monroe County",4,15,2080,1076,1004
050,42,089,"Pennsylvania","Monroe County",4,16,2151,1098,1053
050,42,089,"Pennsylvania","Monroe County",4,17,2204,1118,1086
050,42,089,"Pennsylvania","Monroe County",4,18,2242,1126,1116
050,42,089,"Pennsylvania","Monroe County",4,19,2242,1129,1113
050,42,089,"Pennsylvania","Monroe County",4,20,2154,1081,1073
050,42,089,"Pennsylvania","Monroe County",4,21,2207,1113,1094
050,42,089,"Pennsylvania","Monroe County",4,22,2138,1093,1045
050,42,089,"Pennsylvania","Monroe County",4,23,2097,1092,1005
050,42,089,"Pennsylvania","Monroe County",4,24,1965,1045,920
050,42,089,"Pennsylvania","Monroe County",4,25,1870,984,886
050,42,089,"Pennsylvania","Monroe County",4,26,1871,981,890
050,42,089,"Pennsylvania","Monroe County",4,27,1915,1021,894
050,42,089,"Pennsylvania","Monroe County",4,28,1882,996,886
050,42,089,"Pennsylvania","Monroe County",4,29,1931,1045,886
050,42,089,"Pennsylvania","Monroe County",4,30,1968,1051,917
050,42,089,"Pennsylvania","Monroe County",4,31,1976,1024,952
050,42,089,"Pennsylvania","Monroe County",4,32,2009,1039,970
050,42,089,"Pennsylvania","Monroe County",4,33,2006,1041,965
050,42,089,"Pennsylvania","Monroe County",4,34,1942,1004,938
050,42,089,"Pennsylvania","Monroe County",4,35,1907,1003,904
050,42,089,"Pennsylvania","Monroe County",4,36,1966,1024,942
050,42,089,"Pennsylvania","Monroe County",4,37,1921,956,965
050,42,089,"Pennsylvania","Monroe County",4,38,1823,915,908
050,42,089,"Pennsylvania","Monroe County",4,39,1925,973,952
050,42,089,"Pennsylvania","Monroe County",4,40,1946,963,983
050,42,089,"Pennsylvania","Monroe County",4,41,1888,960,928
050,42,089,"Pennsylvania","Monroe County",4,42,1940,930,1010
050,42,089,"Pennsylvania","Monroe County",4,43,1931,906,1025
050,42,089,"Pennsylvania","Monroe County",4,44,1977,936,1041
050,42,089,"Pennsylvania","Monroe County",4,45,1970,924,1046
050,42,089,"Pennsylvania","Monroe County",4,46,1942,937,1005
050,42,089,"Pennsylvania","Monroe County",4,47,2021,993,1028
050,42,089,"Pennsylvania","Monroe County",4,48,1961,951,1010
050,42,089,"Pennsylvania","Monroe County",4,49,1991,984,1007
050,42,089,"Pennsylvania","Monroe County",4,50,2162,1039,1123
050,42,089,"Pennsylvania","Monroe County",4,51,2369,1155,1214
050,42,089,"Pennsylvania","Monroe County",4,52,2396,1166,1230
050,42,089,"Pennsylvania","Monroe County",4,53,2395,1203,1192
050,42,089,"Pennsylvania","Monroe County",4,54,2484,1236,1248
050,42,089,"Pennsylvania","Monroe County",4,55,2524,1271,1253
050,42,089,"Pennsylvania","Monroe County",4,56,2645,1336,1309
050,42,089,"Pennsylvania","Monroe County",4,57,2798,1392,1406
050,42,089,"Pennsylvania","Monroe County",4,58,2859,1442,1417
050,42,089,"Pennsylvania","Monroe County",4,59,2848,1445,1403
050,42,089,"Pennsylvania","Monroe County",4,60,2835,1422,1413
050,42,089,"Pennsylvania","Monroe County",4,61,2774,1393,1381
050,42,089,"Pennsylvania","Monroe County",4,62,2726,1348,1378
050,42,089,"Pennsylvania","Monroe County",4,63,2649,1352,1297
050,42,089,"Pennsylvania","Monroe County",4,64,2604,1307,1297
050,42,089,"Pennsylvania","Monroe County",4,65,2593,1304,1289
050,42,089,"Pennsylvania","Monroe County",4,66,2472,1243,1229
050,42,089,"Pennsylvania","Monroe County",4,67,2398,1215,1183
050,42,089,"Pennsylvania","Monroe County",4,68,2302,1176,1126
050,42,089,"Pennsylvania","Monroe County",4,69,2099,1070,1029
050,42,089,"Pennsylvania","Monroe County",4,70,1955,969,986
050,42,089,"Pennsylvania","Monroe County",4,71,1824,890,934
050,42,089,"Pennsylvania","Monroe County",4,72,1677,839,838
050,42,089,"Pennsylvania","Monroe County",4,73,1643,796,847
050,42,089,"Pennsylvania","Monroe County",4,74,1666,824,842
050,42,089,"Pennsylvania","Monroe County",4,75,1702,838,864
050,42,089,"Pennsylvania","Monroe County",4,76,1168,545,623
050,42,089,"Pennsylvania","Monroe County",4,77,1071,507,564
050,42,089,"Pennsylvania","Monroe County",4,78,1052,466,586
050,42,089,"Pennsylvania","Monroe County",4,79,1025,477,548
050,42,089,"Pennsylvania","Monroe County",4,80,841,386,455
050,42,089,"Pennsylvania","Monroe County",4,81,703,321,382
050,42,089,"Pennsylvania","Monroe County",4,82,661,291,370
050,42,089,"Pennsylvania","Monroe County",4,83,569,242,327
050,42,089,"Pennsylvania","Monroe County",4,84,554,246,308
050,42,089,"Pennsylvania","Monroe County",4,85,2839,1102,1737
050,42,089,"Pennsylvania","Monroe County",5,0,1349,725,624
050,42,089,"Pennsylvania","Monroe County",5,1,1407,769,638
050,42,089,"Pennsylvania","Monroe County",5,2,1478,777,701
050,42,089,"Pennsylvania","Monroe County",5,3,1550,805,745
050,42,089,"Pennsylvania","Monroe County",5,4,1611,822,789
050,42,089,"Pennsylvania","Monroe County",5,5,1614,801,813
050,42,089,"Pennsylvania","Monroe County",5,6,1717,896,821
050,42,089,"Pennsylvania","Monroe County",5,7,1651,852,799
050,42,089,"Pennsylvania","Monroe County",5,8,1648,840,808
050,42,089,"Pennsylvania","Monroe County",5,9,1691,870,821
050,42,089,"Pennsylvania","Monroe County",5,10,1709,862,847
050,42,089,"Pennsylvania","Monroe County",5,11,1707,865,842
050,42,089,"Pennsylvania","Monroe County",5,12,1857,958,899
050,42,089,"Pennsylvania","Monroe County",5,13,1907,997,910
050,42,089,"Pennsylvania","Monroe County",5,14,2047,1079,968
050,42,089,"Pennsylvania","Monroe County",5,15,2112,1087,1025
050,42,089,"Pennsylvania","Monroe County",5,16,2084,1080,1004
050,42,089,"Pennsylvania","Monroe County",5,17,2107,1058,1049
050,42,089,"Pennsylvania","Monroe County",5,18,2220,1121,1099
050,42,089,"Pennsylvania","Monroe County",5,19,2214,1080,1134
050,42,089,"Pennsylvania","Monroe County",5,20,2140,1099,1041
050,42,089,"Pennsylvania","Monroe County",5,21,2050,1019,1031
050,42,089,"Pennsylvania","Monroe County",5,22,2131,1089,1042
050,42,089,"Pennsylvania","Monroe County",5,23,2010,1021,989
050,42,089,"Pennsylvania","Monroe County",5,24,1963,1048,915
050,42,089,"Pennsylvania","Monroe County",5,25,1839,992,847
050,42,089,"Pennsylvania","Monroe County",5,26,1792,943,849
050,42,089,"Pennsylvania","Monroe County",5,27,1803,947,856
050,42,089,"Pennsylvania","Monroe County",5,28,1826,974,852
050,42,089,"Pennsylvania","Monroe County",5,29,1847,969,878
050,42,089,"Pennsylvania","Monroe County",5,30,1916,1033,883
050,42,089,"Pennsylvania","Monroe County",5,31,1915,996,919
050,42,089,"Pennsylvania","Monroe County",5,32,1956,1000,956
050,42,089,"Pennsylvania","Monroe County",5,33,2053,1081,972
050,42,089,"Pennsylvania","Monroe County",5,34,2000,1020,980
050,42,089,"Pennsylvania","Monroe County",5,35,1967,1016,951
050,42,089,"Pennsylvania","Monroe County",5,36,1944,1032,912
050,42,089,"Pennsylvania","Monroe County",5,37,1983,1034,949
050,42,089,"Pennsylvania","Monroe County",5,38,1916,955,961
050,42,089,"Pennsylvania","Monroe County",5,39,1867,929,938
050,42,089,"Pennsylvania","Monroe County",5,40,1929,982,947
050,42,089,"Pennsylvania","Monroe County",5,41,2002,1005,997
050,42,089,"Pennsylvania","Monroe County",5,42,1905,964,941
050,42,089,"Pennsylvania","Monroe County",5,43,1947,950,997
050,42,089,"Pennsylvania","Monroe County",5,44,1919,906,1013
050,42,089,"Pennsylvania","Monroe County",5,45,1996,946,1050
050,42,089,"Pennsylvania","Monroe County",5,46,1957,923,1034
050,42,089,"Pennsylvania","Monroe County",5,47,1932,947,985
050,42,089,"Pennsylvania","Monroe County",5,48,1995,977,1018
050,42,089,"Pennsylvania","Monroe County",5,49,1954,960,994
050,42,089,"Pennsylvania","Monroe County",5,50,1981,985,996
050,42,089,"Pennsylvania","Monroe County",5,51,2127,1006,1121
050,42,089,"Pennsylvania","Monroe County",5,52,2337,1140,1197
050,42,089,"Pennsylvania","Monroe County",5,53,2365,1149,1216
050,42,089,"Pennsylvania","Monroe County",5,54,2376,1201,1175
050,42,089,"Pennsylvania","Monroe County",5,55,2451,1228,1223
050,42,089,"Pennsylvania","Monroe County",5,56,2497,1266,1231
050,42,089,"Pennsylvania","Monroe County",5,57,2617,1321,1296
050,42,089,"Pennsylvania","Monroe County",5,58,2767,1370,1397
050,42,089,"Pennsylvania","Monroe County",5,59,2863,1452,1411
050,42,089,"Pennsylvania","Monroe County",5,60,2812,1415,1397
050,42,089,"Pennsylvania","Monroe County",5,61,2784,1386,1398
050,42,089,"Pennsylvania","Monroe County",5,62,2753,1369,1384
050,42,089,"Pennsylvania","Monroe County",5,63,2736,1361,1375
050,42,089,"Pennsylvania","Monroe County",5,64,2597,1320,1277
050,42,089,"Pennsylvania","Monroe County",5,65,2552,1257,1295
050,42,089,"Pennsylvania","Monroe County",5,66,2545,1284,1261
050,42,089,"Pennsylvania","Monroe County",5,67,2434,1209,1225
050,42,089,"Pennsylvania","Monroe County",5,68,2382,1224,1158
050,42,089,"Pennsylvania","Monroe County",5,69,2239,1136,1103
050,42,089,"Pennsylvania","Monroe County",5,70,2085,1055,1030
050,42,089,"Pennsylvania","Monroe County",5,71,1898,941,957
050,42,089,"Pennsylvania","Monroe County",5,72,1756,842,914
050,42,089,"Pennsylvania","Monroe County",5,73,1613,799,814
050,42,089,"Pennsylvania","Monroe County",5,74,1594,747,847
050,42,089,"Pennsylvania","Monroe County",5,75,1605,806,799
050,42,089,"Pennsylvania","Monroe County",5,76,1632,795,837
050,42,089,"Pennsylvania","Monroe County",5,77,1089,496,593
050,42,089,"Pennsylvania","Monroe County",5,78,1019,469,550
050,42,089,"Pennsylvania","Monroe County",5,79,976,431,545
050,42,089,"Pennsylvania","Monroe County",5,80,986,463,523
050,42,089,"Pennsylvania","Monroe County",5,81,766,356,410
050,42,089,"Pennsylvania","Monroe County",5,82,648,293,355
050,42,089,"Pennsylvania","Monroe County",5,83,603,252,351
050,42,089,"Pennsylvania","Monroe County",5,84,522,214,308
050,42,089,"Pennsylvania","Monroe County",5,85,2912,1146,1766
050,42,091,"Pennsylvania","Montgomery County",1,0,8669,4439,4230
050,42,091,"Pennsylvania","Montgomery County",1,1,8893,4540,4353
050,42,091,"Pennsylvania","Montgomery County",1,2,9429,4883,4546
050,42,091,"Pennsylvania","Montgomery County",1,3,9576,4898,4678
050,42,091,"Pennsylvania","Montgomery County",1,4,9755,5018,4737
050,42,091,"Pennsylvania","Montgomery County",1,5,9985,5099,4886
050,42,091,"Pennsylvania","Montgomery County",1,6,10156,5237,4919
050,42,091,"Pennsylvania","Montgomery County",1,7,10175,5191,4984
050,42,091,"Pennsylvania","Montgomery County",1,8,10247,5211,5036
050,42,091,"Pennsylvania","Montgomery County",1,9,10429,5300,5129
050,42,091,"Pennsylvania","Montgomery County",1,10,10750,5474,5276
050,42,091,"Pennsylvania","Montgomery County",1,11,11015,5728,5287
050,42,091,"Pennsylvania","Montgomery County",1,12,11399,5828,5571
050,42,091,"Pennsylvania","Montgomery County",1,13,11193,5732,5461
050,42,091,"Pennsylvania","Montgomery County",1,14,11213,5720,5493
050,42,091,"Pennsylvania","Montgomery County",1,15,11339,5759,5580
050,42,091,"Pennsylvania","Montgomery County",1,16,11325,5729,5596
050,42,091,"Pennsylvania","Montgomery County",1,17,11189,5732,5457
050,42,091,"Pennsylvania","Montgomery County",1,18,10289,5177,5112
050,42,091,"Pennsylvania","Montgomery County",1,19,9516,4571,4945
050,42,091,"Pennsylvania","Montgomery County",1,20,9479,4588,4891
050,42,091,"Pennsylvania","Montgomery County",1,21,9538,4631,4907
050,42,091,"Pennsylvania","Montgomery County",1,22,9469,4633,4836
050,42,091,"Pennsylvania","Montgomery County",1,23,9393,4732,4661
050,42,091,"Pennsylvania","Montgomery County",1,24,9524,4896,4628
050,42,091,"Pennsylvania","Montgomery County",1,25,9768,4976,4792
050,42,091,"Pennsylvania","Montgomery County",1,26,9929,5039,4890
050,42,091,"Pennsylvania","Montgomery County",1,27,10097,5165,4932
050,42,091,"Pennsylvania","Montgomery County",1,28,10095,5191,4904
050,42,091,"Pennsylvania","Montgomery County",1,29,10169,5160,5009
050,42,091,"Pennsylvania","Montgomery County",1,30,10591,5362,5229
050,42,091,"Pennsylvania","Montgomery County",1,31,10845,5486,5359
050,42,091,"Pennsylvania","Montgomery County",1,32,11209,5653,5556
050,42,091,"Pennsylvania","Montgomery County",1,33,11454,5689,5765
050,42,091,"Pennsylvania","Montgomery County",1,34,11537,5811,5726
050,42,091,"Pennsylvania","Montgomery County",1,35,11626,5828,5798
050,42,091,"Pennsylvania","Montgomery County",1,36,11578,5857,5721
050,42,091,"Pennsylvania","Montgomery County",1,37,11706,5875,5831
050,42,091,"Pennsylvania","Montgomery County",1,38,11561,5807,5754
050,42,091,"Pennsylvania","Montgomery County",1,39,11578,5860,5718
050,42,091,"Pennsylvania","Montgomery County",1,40,11258,5719,5539
050,42,091,"Pennsylvania","Montgomery County",1,41,10927,5489,5438
050,42,091,"Pennsylvania","Montgomery County",1,42,10839,5382,5457
050,42,091,"Pennsylvania","Montgomery County",1,43,10405,5104,5301
050,42,091,"Pennsylvania","Montgomery County",1,44,10168,5078,5090
050,42,091,"Pennsylvania","Montgomery County",1,45,10187,5109,5078
050,42,091,"Pennsylvania","Montgomery County",1,46,10036,4986,5050
050,42,091,"Pennsylvania","Montgomery County",1,47,10306,5164,5142
050,42,091,"Pennsylvania","Montgomery County",1,48,11112,5642,5470
050,42,091,"Pennsylvania","Montgomery County",1,49,11912,5963,5949
050,42,091,"Pennsylvania","Montgomery County",1,50,11674,5809,5865
050,42,091,"Pennsylvania","Montgomery County",1,51,11506,5654,5852
050,42,091,"Pennsylvania","Montgomery County",1,52,11347,5590,5757
050,42,091,"Pennsylvania","Montgomery County",1,53,11391,5592,5799
050,42,091,"Pennsylvania","Montgomery County",1,54,11719,5799,5920
050,42,091,"Pennsylvania","Montgomery County",1,55,12314,6041,6273
050,42,091,"Pennsylvania","Montgomery County",1,56,12471,6088,6383
050,42,091,"Pennsylvania","Montgomery County",1,57,12118,5886,6232
050,42,091,"Pennsylvania","Montgomery County",1,58,12459,6050,6409
050,42,091,"Pennsylvania","Montgomery County",1,59,12514,6095,6419
050,42,091,"Pennsylvania","Montgomery County",1,60,12214,5970,6244
050,42,091,"Pennsylvania","Montgomery County",1,61,12221,5988,6233
050,42,091,"Pennsylvania","Montgomery County",1,62,12174,5945,6229
050,42,091,"Pennsylvania","Montgomery County",1,63,11600,5648,5952
050,42,091,"Pennsylvania","Montgomery County",1,64,11157,5398,5759
050,42,091,"Pennsylvania","Montgomery County",1,65,10702,5093,5609
050,42,091,"Pennsylvania","Montgomery County",1,66,10235,4844,5391
050,42,091,"Pennsylvania","Montgomery County",1,67,9936,4699,5237
050,42,091,"Pennsylvania","Montgomery County",1,68,9438,4477,4961
050,42,091,"Pennsylvania","Montgomery County",1,69,8569,4022,4547
050,42,091,"Pennsylvania","Montgomery County",1,70,8280,3927,4353
050,42,091,"Pennsylvania","Montgomery County",1,71,8157,3789,4368
050,42,091,"Pennsylvania","Montgomery County",1,72,8244,3790,4454
050,42,091,"Pennsylvania","Montgomery County",1,73,8225,3796,4429
050,42,091,"Pennsylvania","Montgomery County",1,74,5719,2540,3179
050,42,091,"Pennsylvania","Montgomery County",1,75,5688,2489,3199
050,42,091,"Pennsylvania","Montgomery County",1,76,5711,2472,3239
050,42,091,"Pennsylvania","Montgomery County",1,77,5808,2571,3237
050,42,091,"Pennsylvania","Montgomery County",1,78,4871,2115,2756
050,42,091,"Pennsylvania","Montgomery County",1,79,4286,1811,2475
050,42,091,"Pennsylvania","Montgomery County",1,80,3977,1712,2265
050,42,091,"Pennsylvania","Montgomery County",1,81,3856,1636,2220
050,42,091,"Pennsylvania","Montgomery County",1,82,3603,1468,2135
050,42,091,"Pennsylvania","Montgomery County",1,83,3239,1251,1988
050,42,091,"Pennsylvania","Montgomery County",1,84,3062,1211,1851
050,42,091,"Pennsylvania","Montgomery County",1,85,21218,7135,14083
050,42,091,"Pennsylvania","Montgomery County",2,0,8701,4447,4254
050,42,091,"Pennsylvania","Montgomery County",2,1,8877,4531,4346
050,42,091,"Pennsylvania","Montgomery County",2,2,9345,4820,4525
050,42,091,"Pennsylvania","Montgomery County",2,3,9553,4903,4650
050,42,091,"Pennsylvania","Montgomery County",2,4,9770,5010,4760
050,42,091,"Pennsylvania","Montgomery County",2,5,9961,5096,4865
050,42,091,"Pennsylvania","Montgomery County",2,6,10166,5237,4929
050,42,091,"Pennsylvania","Montgomery County",2,7,10186,5205,4981
050,42,091,"Pennsylvania","Montgomery County",2,8,10214,5197,5017
050,42,091,"Pennsylvania","Montgomery County",2,9,10380,5274,5106
050,42,091,"Pennsylvania","Montgomery County",2,10,10681,5438,5243
050,42,091,"Pennsylvania","Montgomery County",2,11,10936,5660,5276
050,42,091,"Pennsylvania","Montgomery County",2,12,11367,5834,5533
050,42,091,"Pennsylvania","Montgomery County",2,13,11246,5762,5484
050,42,091,"Pennsylvania","Montgomery County",2,14,11227,5730,5497
050,42,091,"Pennsylvania","Montgomery County",2,15,11337,5761,5576
050,42,091,"Pennsylvania","Montgomery County",2,16,11365,5762,5603
050,42,091,"Pennsylvania","Montgomery County",2,17,11239,5740,5499
050,42,091,"Pennsylvania","Montgomery County",2,18,10275,5176,5099
050,42,091,"Pennsylvania","Montgomery County",2,19,9555,4592,4963
050,42,091,"Pennsylvania","Montgomery County",2,20,9599,4644,4955
050,42,091,"Pennsylvania","Montgomery County",2,21,9552,4641,4911
050,42,091,"Pennsylvania","Montgomery County",2,22,9478,4651,4827
050,42,091,"Pennsylvania","Montgomery County",2,23,9382,4716,4666
050,42,091,"Pennsylvania","Montgomery County",2,24,9562,4901,4661
050,42,091,"Pennsylvania","Montgomery County",2,25,9764,4986,4778
050,42,091,"Pennsylvania","Montgomery County",2,26,9956,5068,4888
050,42,091,"Pennsylvania","Montgomery County",2,27,10078,5154,4924
050,42,091,"Pennsylvania","Montgomery County",2,28,10153,5221,4932
050,42,091,"Pennsylvania","Montgomery County",2,29,10224,5200,5024
050,42,091,"Pennsylvania","Montgomery County",2,30,10624,5375,5249
050,42,091,"Pennsylvania","Montgomery County",2,31,10829,5490,5339
050,42,091,"Pennsylvania","Montgomery County",2,32,11136,5619,5517
050,42,091,"Pennsylvania","Montgomery County",2,33,11418,5689,5729
050,42,091,"Pennsylvania","Montgomery County",2,34,11551,5796,5755
050,42,091,"Pennsylvania","Montgomery County",2,35,11704,5873,5831
050,42,091,"Pennsylvania","Montgomery County",2,36,11558,5834,5724
050,42,091,"Pennsylvania","Montgomery County",2,37,11743,5907,5836
050,42,091,"Pennsylvania","Montgomery County",2,38,11676,5865,5811
050,42,091,"Pennsylvania","Montgomery County",2,39,11569,5845,5724
050,42,091,"Pennsylvania","Montgomery County",2,40,11424,5795,5629
050,42,091,"Pennsylvania","Montgomery County",2,41,11020,5552,5468
050,42,091,"Pennsylvania","Montgomery County",2,42,10848,5409,5439
050,42,091,"Pennsylvania","Montgomery County",2,43,10570,5196,5374
050,42,091,"Pennsylvania","Montgomery County",2,44,10155,5048,5107
050,42,091,"Pennsylvania","Montgomery County",2,45,10231,5123,5108
050,42,091,"Pennsylvania","Montgomery County",2,46,10042,4997,5045
050,42,091,"Pennsylvania","Montgomery County",2,47,10222,5108,5114
050,42,091,"Pennsylvania","Montgomery County",2,48,10920,5530,5390
050,42,091,"Pennsylvania","Montgomery County",2,49,11761,5911,5850
050,42,091,"Pennsylvania","Montgomery County",2,50,11760,5860,5900
050,42,091,"Pennsylvania","Montgomery County",2,51,11479,5649,5830
050,42,091,"Pennsylvania","Montgomery County",2,52,11369,5599,5770
050,42,091,"Pennsylvania","Montgomery County",2,53,11367,5576,5791
050,42,091,"Pennsylvania","Montgomery County",2,54,11605,5746,5859
050,42,091,"Pennsylvania","Montgomery County",2,55,12132,5957,6175
050,42,091,"Pennsylvania","Montgomery County",2,56,12440,6087,6353
050,42,091,"Pennsylvania","Montgomery County",2,57,12190,5929,6261
050,42,091,"Pennsylvania","Montgomery County",2,58,12337,5990,6347
050,42,091,"Pennsylvania","Montgomery County",2,59,12520,6089,6431
050,42,091,"Pennsylvania","Montgomery County",2,60,12237,5975,6262
050,42,091,"Pennsylvania","Montgomery County",2,61,12148,5943,6205
050,42,091,"Pennsylvania","Montgomery County",2,62,12137,5932,6205
050,42,091,"Pennsylvania","Montgomery County",2,63,11803,5734,6069
050,42,091,"Pennsylvania","Montgomery County",2,64,11167,5403,5764
050,42,091,"Pennsylvania","Montgomery County",2,65,10741,5122,5619
050,42,091,"Pennsylvania","Montgomery County",2,66,10312,4879,5433
050,42,091,"Pennsylvania","Montgomery County",2,67,9926,4677,5249
050,42,091,"Pennsylvania","Montgomery County",2,68,9458,4482,4976
050,42,091,"Pennsylvania","Montgomery County",2,69,8797,4137,4660
050,42,091,"Pennsylvania","Montgomery County",2,70,8285,3913,4372
050,42,091,"Pennsylvania","Montgomery County",2,71,8135,3786,4349
050,42,091,"Pennsylvania","Montgomery County",2,72,8061,3715,4346
050,42,091,"Pennsylvania","Montgomery County",2,73,8539,3947,4592
050,42,091,"Pennsylvania","Montgomery County",2,74,5914,2644,3270
050,42,091,"Pennsylvania","Montgomery County",2,75,5660,2482,3178
050,42,091,"Pennsylvania","Montgomery County",2,76,5606,2426,3180
050,42,091,"Pennsylvania","Montgomery County",2,77,5851,2566,3285
050,42,091,"Pennsylvania","Montgomery County",2,78,4971,2159,2812
050,42,091,"Pennsylvania","Montgomery County",2,79,4331,1839,2492
050,42,091,"Pennsylvania","Montgomery County",2,80,4003,1706,2297
050,42,091,"Pennsylvania","Montgomery County",2,81,3810,1616,2194
050,42,091,"Pennsylvania","Montgomery County",2,82,3617,1481,2136
050,42,091,"Pennsylvania","Montgomery County",2,83,3244,1260,1984
050,42,091,"Pennsylvania","Montgomery County",2,84,3038,1199,1839
050,42,091,"Pennsylvania","Montgomery County",2,85,20878,7019,13859
050,42,091,"Pennsylvania","Montgomery County",3,0,8346,4359,3987
050,42,091,"Pennsylvania","Montgomery County",3,1,8921,4541,4380
050,42,091,"Pennsylvania","Montgomery County",3,2,9077,4640,4437
050,42,091,"Pennsylvania","Montgomery County",3,3,9539,4943,4596
050,42,091,"Pennsylvania","Montgomery County",3,4,9700,4992,4708
050,42,091,"Pennsylvania","Montgomery County",3,5,9912,5096,4816
050,42,091,"Pennsylvania","Montgomery County",3,6,10060,5154,4906
050,42,091,"Pennsylvania","Montgomery County",3,7,10267,5282,4985
050,42,091,"Pennsylvania","Montgomery County",3,8,10258,5258,5000
050,42,091,"Pennsylvania","Montgomery County",3,9,10263,5233,5030
050,42,091,"Pennsylvania","Montgomery County",3,10,10409,5303,5106
050,42,091,"Pennsylvania","Montgomery County",3,11,10757,5476,5281
050,42,091,"Pennsylvania","Montgomery County",3,12,11024,5712,5312
050,42,091,"Pennsylvania","Montgomery County",3,13,11390,5838,5552
050,42,091,"Pennsylvania","Montgomery County",3,14,11277,5771,5506
050,42,091,"Pennsylvania","Montgomery County",3,15,11313,5773,5540
050,42,091,"Pennsylvania","Montgomery County",3,16,11442,5811,5631
050,42,091,"Pennsylvania","Montgomery County",3,17,11432,5796,5636
050,42,091,"Pennsylvania","Montgomery County",3,18,10745,5338,5407
050,42,091,"Pennsylvania","Montgomery County",3,19,9985,4722,5263
050,42,091,"Pennsylvania","Montgomery County",3,20,10030,4780,5250
050,42,091,"Pennsylvania","Montgomery County",3,21,10035,4825,5210
050,42,091,"Pennsylvania","Montgomery County",3,22,9758,4809,4949
050,42,091,"Pennsylvania","Montgomery County",3,23,9465,4787,4678
050,42,091,"Pennsylvania","Montgomery County",3,24,9652,4938,4714
050,42,091,"Pennsylvania","Montgomery County",3,25,9801,5011,4790
050,42,091,"Pennsylvania","Montgomery County",3,26,9980,5130,4850
050,42,091,"Pennsylvania","Montgomery County",3,27,10312,5237,5075
050,42,091,"Pennsylvania","Montgomery County",3,28,10392,5319,5073
050,42,091,"Pennsylvania","Montgomery County",3,29,10529,5448,5081
050,42,091,"Pennsylvania","Montgomery County",3,30,10631,5440,5191
050,42,091,"Pennsylvania","Montgomery County",3,31,10992,5552,5440
050,42,091,"Pennsylvania","Montgomery County",3,32,11067,5616,5451
050,42,091,"Pennsylvania","Montgomery County",3,33,11598,5820,5778
050,42,091,"Pennsylvania","Montgomery County",3,34,11616,5783,5833
050,42,091,"Pennsylvania","Montgomery County",3,35,11928,5990,5938
050,42,091,"Pennsylvania","Montgomery County",3,36,11872,5936,5936
050,42,091,"Pennsylvania","Montgomery County",3,37,11729,5892,5837
050,42,091,"Pennsylvania","Montgomery County",3,38,11918,6020,5898
050,42,091,"Pennsylvania","Montgomery County",3,39,11871,5965,5906
050,42,091,"Pennsylvania","Montgomery County",3,40,11598,5877,5721
050,42,091,"Pennsylvania","Montgomery County",3,41,11572,5858,5714
050,42,091,"Pennsylvania","Montgomery County",3,42,11200,5658,5542
050,42,091,"Pennsylvania","Montgomery County",3,43,10862,5399,5463
050,42,091,"Pennsylvania","Montgomery County",3,44,10621,5227,5394
050,42,091,"Pennsylvania","Montgomery County",3,45,10138,5033,5105
050,42,091,"Pennsylvania","Montgomery County",3,46,10251,5153,5098
050,42,091,"Pennsylvania","Montgomery County",3,47,10120,5032,5088
050,42,091,"Pennsylvania","Montgomery County",3,48,10238,5132,5106
050,42,091,"Pennsylvania","Montgomery County",3,49,10955,5556,5399
050,42,091,"Pennsylvania","Montgomery County",3,50,11777,5953,5824
050,42,091,"Pennsylvania","Montgomery County",3,51,11696,5805,5891
050,42,091,"Pennsylvania","Montgomery County",3,52,11410,5639,5771
050,42,091,"Pennsylvania","Montgomery County",3,53,11271,5522,5749
050,42,091,"Pennsylvania","Montgomery County",3,54,11322,5587,5735
050,42,091,"Pennsylvania","Montgomery County",3,55,11422,5614,5808
050,42,091,"Pennsylvania","Montgomery County",3,56,12070,5926,6144
050,42,091,"Pennsylvania","Montgomery County",3,57,12397,6104,6293
050,42,091,"Pennsylvania","Montgomery County",3,58,12058,5863,6195
050,42,091,"Pennsylvania","Montgomery County",3,59,12175,5880,6295
050,42,091,"Pennsylvania","Montgomery County",3,60,12402,6026,6376
050,42,091,"Pennsylvania","Montgomery County",3,61,12062,5859,6203
050,42,091,"Pennsylvania","Montgomery County",3,62,12021,5829,6192
050,42,091,"Pennsylvania","Montgomery County",3,63,12015,5829,6186
050,42,091,"Pennsylvania","Montgomery County",3,64,11564,5586,5978
050,42,091,"Pennsylvania","Montgomery County",3,65,10965,5310,5655
050,42,091,"Pennsylvania","Montgomery County",3,66,10528,4988,5540
050,42,091,"Pennsylvania","Montgomery County",3,67,10185,4800,5385
050,42,091,"Pennsylvania","Montgomery County",3,68,9731,4576,5155
050,42,091,"Pennsylvania","Montgomery County",3,69,9290,4382,4908
050,42,091,"Pennsylvania","Montgomery County",3,70,8634,4047,4587
050,42,091,"Pennsylvania","Montgomery County",3,71,8135,3805,4330
050,42,091,"Pennsylvania","Montgomery County",3,72,7991,3688,4303
050,42,091,"Pennsylvania","Montgomery County",3,73,7925,3647,4278
050,42,091,"Pennsylvania","Montgomery County",3,74,8350,3829,4521
050,42,091,"Pennsylvania","Montgomery County",3,75,5747,2568,3179
050,42,091,"Pennsylvania","Montgomery County",3,76,5512,2394,3118
050,42,091,"Pennsylvania","Montgomery County",3,77,5481,2384,3097
050,42,091,"Pennsylvania","Montgomery County",3,78,5682,2458,3224
050,42,091,"Pennsylvania","Montgomery County",3,79,4806,2059,2747
050,42,091,"Pennsylvania","Montgomery County",3,80,4180,1756,2424
050,42,091,"Pennsylvania","Montgomery County",3,81,3848,1614,2234
050,42,091,"Pennsylvania","Montgomery County",3,82,3627,1532,2095
050,42,091,"Pennsylvania","Montgomery County",3,83,3388,1337,2051
050,42,091,"Pennsylvania","Montgomery County",3,84,3043,1162,1881
050,42,091,"Pennsylvania","Montgomery County",3,85,20691,6934,13757
050,42,091,"Pennsylvania","Montgomery County",4,0,8771,4529,4242
050,42,091,"Pennsylvania","Montgomery County",4,1,8546,4470,4076
050,42,091,"Pennsylvania","Montgomery County",4,2,9037,4655,4382
050,42,091,"Pennsylvania","Montgomery County",4,3,9260,4748,4512
050,42,091,"Pennsylvania","Montgomery County",4,4,9601,4956,4645
050,42,091,"Pennsylvania","Montgomery County",4,5,9805,5024,4781
050,42,091,"Pennsylvania","Montgomery County",4,6,10018,5159,4859
050,42,091,"Pennsylvania","Montgomery County",4,7,10163,5177,4986
050,42,091,"Pennsylvania","Montgomery County",4,8,10405,5373,5032
050,42,091,"Pennsylvania","Montgomery County",4,9,10299,5286,5013
050,42,091,"Pennsylvania","Montgomery County",4,10,10292,5238,5054
050,42,091,"Pennsylvania","Montgomery County",4,11,10498,5344,5154
050,42,091,"Pennsylvania","Montgomery County",4,12,10788,5516,5272
050,42,091,"Pennsylvania","Montgomery County",4,13,11084,5726,5358
050,42,091,"Pennsylvania","Montgomery County",4,14,11436,5863,5573
050,42,091,"Pennsylvania","Montgomery County",4,15,11294,5805,5489
050,42,091,"Pennsylvania","Montgomery County",4,16,11389,5830,5559
050,42,091,"Pennsylvania","Montgomery County",4,17,11481,5852,5629
050,42,091,"Pennsylvania","Montgomery County",4,18,10679,5309,5370
050,42,091,"Pennsylvania","Montgomery County",4,19,9717,4610,5107
050,42,091,"Pennsylvania","Montgomery County",4,20,9721,4632,5089
050,42,091,"Pennsylvania","Montgomery County",4,21,9936,4752,5184
050,42,091,"Pennsylvania","Montgomery County",4,22,9886,4816,5070
050,42,091,"Pennsylvania","Montgomery County",4,23,9364,4716,4648
050,42,091,"Pennsylvania","Montgomery County",4,24,9428,4777,4651
050,42,091,"Pennsylvania","Montgomery County",4,25,9639,4928,4711
050,42,091,"Pennsylvania","Montgomery County",4,26,9809,5058,4751
050,42,091,"Pennsylvania","Montgomery County",4,27,10120,5163,4957
050,42,091,"Pennsylvania","Montgomery County",4,28,10293,5196,5097
050,42,091,"Pennsylvania","Montgomery County",4,29,10431,5312,5119
050,42,091,"Pennsylvania","Montgomery County",4,30,10605,5494,5111
050,42,091,"Pennsylvania","Montgomery County",4,31,10817,5516,5301
050,42,091,"Pennsylvania","Montgomery County",4,32,11281,5717,5564
050,42,091,"Pennsylvania","Montgomery County",4,33,11311,5683,5628
050,42,091,"Pennsylvania","Montgomery County",4,34,11715,5871,5844
050,42,091,"Pennsylvania","Montgomery County",4,35,11901,5898,6003
050,42,091,"Pennsylvania","Montgomery County",4,36,11988,5995,5993
050,42,091,"Pennsylvania","Montgomery County",4,37,12070,6013,6057
050,42,091,"Pennsylvania","Montgomery County",4,38,11891,5978,5913
050,42,091,"Pennsylvania","Montgomery County",4,39,12013,6073,5940
050,42,091,"Pennsylvania","Montgomery County",4,40,11958,6020,5938
050,42,091,"Pennsylvania","Montgomery County",4,41,11669,5885,5784
050,42,091,"Pennsylvania","Montgomery County",4,42,11694,5963,5731
050,42,091,"Pennsylvania","Montgomery County",4,43,11147,5598,5549
050,42,091,"Pennsylvania","Montgomery County",4,44,10881,5399,5482
050,42,091,"Pennsylvania","Montgomery County",4,45,10559,5201,5358
050,42,091,"Pennsylvania","Montgomery County",4,46,10170,5068,5102
050,42,091,"Pennsylvania","Montgomery County",4,47,10236,5134,5102
050,42,091,"Pennsylvania","Montgomery County",4,48,10001,4969,5032
050,42,091,"Pennsylvania","Montgomery County",4,49,10120,5075,5045
050,42,091,"Pennsylvania","Montgomery County",4,50,10907,5522,5385
050,42,091,"Pennsylvania","Montgomery County",4,51,11670,5869,5801
050,42,091,"Pennsylvania","Montgomery County",4,52,11592,5769,5823
050,42,091,"Pennsylvania","Montgomery County",4,53,11279,5561,5718
050,42,091,"Pennsylvania","Montgomery County",4,54,11164,5516,5648
050,42,091,"Pennsylvania","Montgomery County",4,55,11197,5513,5684
050,42,091,"Pennsylvania","Montgomery County",4,56,11327,5546,5781
050,42,091,"Pennsylvania","Montgomery County",4,57,11914,5859,6055
050,42,091,"Pennsylvania","Montgomery County",4,58,12284,6037,6247
050,42,091,"Pennsylvania","Montgomery County",4,59,11946,5779,6167
050,42,091,"Pennsylvania","Montgomery County",4,60,12076,5824,6252
050,42,091,"Pennsylvania","Montgomery County",4,61,12209,5911,6298
050,42,091,"Pennsylvania","Montgomery County",4,62,11916,5740,6176
050,42,091,"Pennsylvania","Montgomery County",4,63,11898,5725,6173
050,42,091,"Pennsylvania","Montgomery County",4,64,11818,5722,6096
050,42,091,"Pennsylvania","Montgomery County",4,65,11334,5483,5851
050,42,091,"Pennsylvania","Montgomery County",4,66,10770,5173,5597
050,42,091,"Pennsylvania","Montgomery County",4,67,10276,4814,5462
050,42,091,"Pennsylvania","Montgomery County",4,68,9977,4674,5303
050,42,091,"Pennsylvania","Montgomery County",4,69,9522,4446,5076
050,42,091,"Pennsylvania","Montgomery County",4,70,9132,4316,4816
050,42,091,"Pennsylvania","Montgomery County",4,71,8432,3922,4510
050,42,091,"Pennsylvania","Montgomery County",4,72,8036,3710,4326
050,42,091,"Pennsylvania","Montgomery County",4,73,7839,3622,4217
050,42,091,"Pennsylvania","Montgomery County",4,74,7768,3551,4217
050,42,091,"Pennsylvania","Montgomery County",4,75,8180,3724,4456
050,42,091,"Pennsylvania","Montgomery County",4,76,5583,2474,3109
050,42,091,"Pennsylvania","Montgomery County",4,77,5401,2309,3092
050,42,091,"Pennsylvania","Montgomery County",4,78,5303,2282,3021
050,42,091,"Pennsylvania","Montgomery County",4,79,5468,2345,3123
050,42,091,"Pennsylvania","Montgomery County",4,80,4697,1996,2701
050,42,091,"Pennsylvania","Montgomery County",4,81,4050,1684,2366
050,42,091,"Pennsylvania","Montgomery County",4,82,3675,1527,2148
050,42,091,"Pennsylvania","Montgomery County",4,83,3449,1411,2038
050,42,091,"Pennsylvania","Montgomery County",4,84,3132,1216,1916
050,42,091,"Pennsylvania","Montgomery County",4,85,20606,6886,13720
050,42,091,"Pennsylvania","Montgomery County",5,0,8711,4509,4202
050,42,091,"Pennsylvania","Montgomery County",5,1,8889,4608,4281
050,42,091,"Pennsylvania","Montgomery County",5,2,8667,4529,4138
050,42,091,"Pennsylvania","Montgomery County",5,3,9173,4742,4431
050,42,091,"Pennsylvania","Montgomery County",5,4,9374,4785,4589
050,42,091,"Pennsylvania","Montgomery County",5,5,9694,4972,4722
050,42,091,"Pennsylvania","Montgomery County",5,6,9949,5078,4871
050,42,091,"Pennsylvania","Montgomery County",5,7,10094,5162,4932
050,42,091,"Pennsylvania","Montgomery County",5,8,10290,5232,5058
050,42,091,"Pennsylvania","Montgomery County",5,9,10445,5405,5040
050,42,091,"Pennsylvania","Montgomery County",5,10,10404,5314,5090
050,42,091,"Pennsylvania","Montgomery County",5,11,10432,5315,5117
050,42,091,"Pennsylvania","Montgomery County",5,12,10562,5387,5175
050,42,091,"Pennsylvania","Montgomery County",5,13,10845,5541,5304
050,42,091,"Pennsylvania","Montgomery County",5,14,11188,5794,5394
050,42,091,"Pennsylvania","Montgomery County",5,15,11535,5963,5572
050,42,091,"Pennsylvania","Montgomery County",5,16,11406,5888,5518
050,42,091,"Pennsylvania","Montgomery County",5,17,11535,5892,5643
050,42,091,"Pennsylvania","Montgomery County",5,18,10741,5362,5379
050,42,091,"Pennsylvania","Montgomery County",5,19,9898,4683,5215
050,42,091,"Pennsylvania","Montgomery County",5,20,9747,4623,5124
050,42,091,"Pennsylvania","Montgomery County",5,21,9854,4707,5147
050,42,091,"Pennsylvania","Montgomery County",5,22,9925,4820,5105
050,42,091,"Pennsylvania","Montgomery County",5,23,9507,4811,4696
050,42,091,"Pennsylvania","Montgomery County",5,24,9352,4854,4498
050,42,091,"Pennsylvania","Montgomery County",5,25,9415,4776,4639
050,42,091,"Pennsylvania","Montgomery County",5,26,9634,4971,4663
050,42,091,"Pennsylvania","Montgomery County",5,27,9862,5056,4806
050,42,091,"Pennsylvania","Montgomery County",5,28,10156,5137,5019
050,42,091,"Pennsylvania","Montgomery County",5,29,10366,5248,5118
050,42,091,"Pennsylvania","Montgomery County",5,30,10640,5365,5275
050,42,091,"Pennsylvania","Montgomery County",5,31,10904,5617,5287
050,42,091,"Pennsylvania","Montgomery County",5,32,11123,5665,5458
050,42,091,"Pennsylvania","Montgomery County",5,33,11590,5859,5731
050,42,091,"Pennsylvania","Montgomery County",5,34,11585,5848,5737
050,42,091,"Pennsylvania","Montgomery County",5,35,11977,6018,5959
050,42,091,"Pennsylvania","Montgomery County",5,36,12084,5983,6101
050,42,091,"Pennsylvania","Montgomery County",5,37,12134,6022,6112
050,42,091,"Pennsylvania","Montgomery County",5,38,12217,6094,6123
050,42,091,"Pennsylvania","Montgomery County",5,39,11982,6043,5939
050,42,091,"Pennsylvania","Montgomery County",5,40,12096,6131,5965
050,42,091,"Pennsylvania","Montgomery County",5,41,12039,6051,5988
050,42,091,"Pennsylvania","Montgomery County",5,42,11806,5959,5847
050,42,091,"Pennsylvania","Montgomery County",5,43,11678,5913,5765
050,42,091,"Pennsylvania","Montgomery County",5,44,11156,5589,5567
050,42,091,"Pennsylvania","Montgomery County",5,45,10898,5425,5473
050,42,091,"Pennsylvania","Montgomery County",5,46,10597,5222,5375
050,42,091,"Pennsylvania","Montgomery County",5,47,10168,5081,5087
050,42,091,"Pennsylvania","Montgomery County",5,48,10246,5162,5084
050,42,091,"Pennsylvania","Montgomery County",5,49,9995,4976,5019
050,42,091,"Pennsylvania","Montgomery County",5,50,10110,5069,5041
050,42,091,"Pennsylvania","Montgomery County",5,51,10796,5461,5335
050,42,091,"Pennsylvania","Montgomery County",5,52,11705,5873,5832
050,42,091,"Pennsylvania","Montgomery County",5,53,11471,5693,5778
050,42,091,"Pennsylvania","Montgomery County",5,54,11236,5571,5665
050,42,091,"Pennsylvania","Montgomery County",5,55,11015,5424,5591
050,42,091,"Pennsylvania","Montgomery County",5,56,11097,5481,5616
050,42,091,"Pennsylvania","Montgomery County",5,57,11183,5480,5703
050,42,091,"Pennsylvania","Montgomery County",5,58,11780,5794,5986
050,42,091,"Pennsylvania","Montgomery County",5,59,12130,5923,6207
050,42,091,"Pennsylvania","Montgomery County",5,60,11865,5758,6107
050,42,091,"Pennsylvania","Montgomery County",5,61,11885,5720,6165
050,42,091,"Pennsylvania","Montgomery County",5,62,12076,5829,6247
050,42,091,"Pennsylvania","Montgomery County",5,63,11804,5653,6151
050,42,091,"Pennsylvania","Montgomery County",5,64,11692,5626,6066
050,42,091,"Pennsylvania","Montgomery County",5,65,11666,5637,6029
050,42,091,"Pennsylvania","Montgomery County",5,66,11169,5386,5783
050,42,091,"Pennsylvania","Montgomery County",5,67,10637,5066,5571
050,42,091,"Pennsylvania","Montgomery County",5,68,10085,4729,5356
050,42,091,"Pennsylvania","Montgomery County",5,69,9810,4573,5237
050,42,091,"Pennsylvania","Montgomery County",5,70,9407,4375,5032
050,42,091,"Pennsylvania","Montgomery County",5,71,9009,4229,4780
050,42,091,"Pennsylvania","Montgomery County",5,72,8316,3811,4505
050,42,091,"Pennsylvania","Montgomery County",5,73,7899,3651,4248
050,42,091,"Pennsylvania","Montgomery County",5,74,7688,3529,4159
050,42,091,"Pennsylvania","Montgomery County",5,75,7610,3459,4151
050,42,091,"Pennsylvania","Montgomery County",5,76,7962,3585,4377
050,42,091,"Pennsylvania","Montgomery County",5,77,5464,2398,3066
050,42,091,"Pennsylvania","Montgomery County",5,78,5264,2226,3038
050,42,091,"Pennsylvania","Montgomery County",5,79,5108,2175,2933
050,42,091,"Pennsylvania","Montgomery County",5,80,5344,2273,3071
050,42,091,"Pennsylvania","Montgomery County",5,81,4553,1919,2634
050,42,091,"Pennsylvania","Montgomery County",5,82,3884,1583,2301
050,42,091,"Pennsylvania","Montgomery County",5,83,3474,1413,2061
050,42,091,"Pennsylvania","Montgomery County",5,84,3233,1316,1917
050,42,091,"Pennsylvania","Montgomery County",5,85,20750,6966,13784
050,42,093,"Pennsylvania","Montour County",1,0,190,97,93
050,42,093,"Pennsylvania","Montour County",1,1,188,102,86
050,42,093,"Pennsylvania","Montour County",1,2,202,115,87
050,42,093,"Pennsylvania","Montour County",1,3,208,115,93
050,42,093,"Pennsylvania","Montour County",1,4,208,102,106
050,42,093,"Pennsylvania","Montour County",1,5,212,111,101
050,42,093,"Pennsylvania","Montour County",1,6,208,109,99
050,42,093,"Pennsylvania","Montour County",1,7,228,118,110
050,42,093,"Pennsylvania","Montour County",1,8,203,104,99
050,42,093,"Pennsylvania","Montour County",1,9,201,100,101
050,42,093,"Pennsylvania","Montour County",1,10,195,101,94
050,42,093,"Pennsylvania","Montour County",1,11,197,94,103
050,42,093,"Pennsylvania","Montour County",1,12,219,111,108
050,42,093,"Pennsylvania","Montour County",1,13,191,102,89
050,42,093,"Pennsylvania","Montour County",1,14,206,124,82
050,42,093,"Pennsylvania","Montour County",1,15,215,123,92
050,42,093,"Pennsylvania","Montour County",1,16,246,140,106
050,42,093,"Pennsylvania","Montour County",1,17,239,145,94
050,42,093,"Pennsylvania","Montour County",1,18,195,118,77
050,42,093,"Pennsylvania","Montour County",1,19,150,83,67
050,42,093,"Pennsylvania","Montour County",1,20,142,72,70
050,42,093,"Pennsylvania","Montour County",1,21,143,75,68
050,42,093,"Pennsylvania","Montour County",1,22,159,75,84
050,42,093,"Pennsylvania","Montour County",1,23,169,72,97
050,42,093,"Pennsylvania","Montour County",1,24,196,88,108
050,42,093,"Pennsylvania","Montour County",1,25,189,90,99
050,42,093,"Pennsylvania","Montour County",1,26,205,104,101
050,42,093,"Pennsylvania","Montour County",1,27,221,113,108
050,42,093,"Pennsylvania","Montour County",1,28,238,114,124
050,42,093,"Pennsylvania","Montour County",1,29,255,129,126
050,42,093,"Pennsylvania","Montour County",1,30,276,154,122
050,42,093,"Pennsylvania","Montour County",1,31,267,137,130
050,42,093,"Pennsylvania","Montour County",1,32,242,120,122
050,42,093,"Pennsylvania","Montour County",1,33,256,133,123
050,42,093,"Pennsylvania","Montour County",1,34,249,132,117
050,42,093,"Pennsylvania","Montour County",1,35,253,139,114
050,42,093,"Pennsylvania","Montour County",1,36,238,131,107
050,42,093,"Pennsylvania","Montour County",1,37,239,120,119
050,42,093,"Pennsylvania","Montour County",1,38,218,112,106
050,42,093,"Pennsylvania","Montour County",1,39,223,114,109
050,42,093,"Pennsylvania","Montour County",1,40,220,118,102
050,42,093,"Pennsylvania","Montour County",1,41,193,105,88
050,42,093,"Pennsylvania","Montour County",1,42,196,89,107
050,42,093,"Pennsylvania","Montour County",1,43,181,90,91
050,42,093,"Pennsylvania","Montour County",1,44,182,87,95
050,42,093,"Pennsylvania","Montour County",1,45,206,96,110
050,42,093,"Pennsylvania","Montour County",1,46,200,103,97
050,42,093,"Pennsylvania","Montour County",1,47,204,108,96
050,42,093,"Pennsylvania","Montour County",1,48,196,97,99
050,42,093,"Pennsylvania","Montour County",1,49,205,97,108
050,42,093,"Pennsylvania","Montour County",1,50,226,105,121
050,42,093,"Pennsylvania","Montour County",1,51,230,111,119
050,42,093,"Pennsylvania","Montour County",1,52,224,116,108
050,42,093,"Pennsylvania","Montour County",1,53,231,116,115
050,42,093,"Pennsylvania","Montour County",1,54,235,116,119
050,42,093,"Pennsylvania","Montour County",1,55,251,126,125
050,42,093,"Pennsylvania","Montour County",1,56,248,118,130
050,42,093,"Pennsylvania","Montour County",1,57,272,125,147
050,42,093,"Pennsylvania","Montour County",1,58,295,138,157
050,42,093,"Pennsylvania","Montour County",1,59,299,149,150
050,42,093,"Pennsylvania","Montour County",1,60,297,153,144
050,42,093,"Pennsylvania","Montour County",1,61,291,132,159
050,42,093,"Pennsylvania","Montour County",1,62,278,139,139
050,42,093,"Pennsylvania","Montour County",1,63,261,119,142
050,42,093,"Pennsylvania","Montour County",1,64,277,139,138
050,42,093,"Pennsylvania","Montour County",1,65,252,122,130
050,42,093,"Pennsylvania","Montour County",1,66,235,117,118
050,42,093,"Pennsylvania","Montour County",1,67,237,123,114
050,42,093,"Pennsylvania","Montour County",1,68,215,103,112
050,42,093,"Pennsylvania","Montour County",1,69,203,89,114
050,42,093,"Pennsylvania","Montour County",1,70,191,85,106
050,42,093,"Pennsylvania","Montour County",1,71,197,91,106
050,42,093,"Pennsylvania","Montour County",1,72,198,88,110
050,42,093,"Pennsylvania","Montour County",1,73,188,86,102
050,42,093,"Pennsylvania","Montour County",1,74,134,59,75
050,42,093,"Pennsylvania","Montour County",1,75,151,71,80
050,42,093,"Pennsylvania","Montour County",1,76,144,69,75
050,42,093,"Pennsylvania","Montour County",1,77,134,62,72
050,42,093,"Pennsylvania","Montour County",1,78,111,46,65
050,42,093,"Pennsylvania","Montour County",1,79,105,49,56
050,42,093,"Pennsylvania","Montour County",1,80,102,43,59
050,42,093,"Pennsylvania","Montour County",1,81,105,47,58
050,42,093,"Pennsylvania","Montour County",1,82,109,43,66
050,42,093,"Pennsylvania","Montour County",1,83,102,38,64
050,42,093,"Pennsylvania","Montour County",1,84,97,36,61
050,42,093,"Pennsylvania","Montour County",1,85,558,150,408
050,42,093,"Pennsylvania","Montour County",2,0,193,101,92
050,42,093,"Pennsylvania","Montour County",2,1,185,99,86
050,42,093,"Pennsylvania","Montour County",2,2,199,111,88
050,42,093,"Pennsylvania","Montour County",2,3,204,112,92
050,42,093,"Pennsylvania","Montour County",2,4,207,105,102
050,42,093,"Pennsylvania","Montour County",2,5,207,108,99
050,42,093,"Pennsylvania","Montour County",2,6,209,111,98
050,42,093,"Pennsylvania","Montour County",2,7,221,114,107
050,42,093,"Pennsylvania","Montour County",2,8,208,106,102
050,42,093,"Pennsylvania","Montour County",2,9,202,102,100
050,42,093,"Pennsylvania","Montour County",2,10,194,100,94
050,42,093,"Pennsylvania","Montour County",2,11,197,96,101
050,42,093,"Pennsylvania","Montour County",2,12,215,107,108
050,42,093,"Pennsylvania","Montour County",2,13,197,104,93
050,42,093,"Pennsylvania","Montour County",2,14,203,119,84
050,42,093,"Pennsylvania","Montour County",2,15,213,123,90
050,42,093,"Pennsylvania","Montour County",2,16,240,138,102
050,42,093,"Pennsylvania","Montour County",2,17,243,148,95
050,42,093,"Pennsylvania","Montour County",2,18,196,119,77
050,42,093,"Pennsylvania","Montour County",2,19,153,86,67
050,42,093,"Pennsylvania","Montour County",2,20,145,74,71
050,42,093,"Pennsylvania","Montour County",2,21,143,76,67
050,42,093,"Pennsylvania","Montour County",2,22,159,75,84
050,42,093,"Pennsylvania","Montour County",2,23,171,76,95
050,42,093,"Pennsylvania","Montour County",2,24,191,85,106
050,42,093,"Pennsylvania","Montour County",2,25,192,91,101
050,42,093,"Pennsylvania","Montour County",2,26,208,104,104
050,42,093,"Pennsylvania","Montour County",2,27,222,114,108
050,42,093,"Pennsylvania","Montour County",2,28,235,114,121
050,42,093,"Pennsylvania","Montour County",2,29,253,128,125
050,42,093,"Pennsylvania","Montour County",2,30,271,148,123
050,42,093,"Pennsylvania","Montour County",2,31,264,138,126
050,42,093,"Pennsylvania","Montour County",2,32,248,124,124
050,42,093,"Pennsylvania","Montour County",2,33,250,129,121
050,42,093,"Pennsylvania","Montour County",2,34,247,131,116
050,42,093,"Pennsylvania","Montour County",2,35,252,138,114
050,42,093,"Pennsylvania","Montour County",2,36,242,133,109
050,42,093,"Pennsylvania","Montour County",2,37,237,122,115
050,42,093,"Pennsylvania","Montour County",2,38,223,115,108
050,42,093,"Pennsylvania","Montour County",2,39,223,114,109
050,42,093,"Pennsylvania","Montour County",2,40,224,120,104
050,42,093,"Pennsylvania","Montour County",2,41,200,108,92
050,42,093,"Pennsylvania","Montour County",2,42,194,91,103
050,42,093,"Pennsylvania","Montour County",2,43,185,89,96
050,42,093,"Pennsylvania","Montour County",2,44,181,87,94
050,42,093,"Pennsylvania","Montour County",2,45,199,93,106
050,42,093,"Pennsylvania","Montour County",2,46,197,99,98
050,42,093,"Pennsylvania","Montour County",2,47,202,108,94
050,42,093,"Pennsylvania","Montour County",2,48,197,99,98
050,42,093,"Pennsylvania","Montour County",2,49,202,97,105
050,42,093,"Pennsylvania","Montour County",2,50,221,103,118
050,42,093,"Pennsylvania","Montour County",2,51,229,109,120
050,42,093,"Pennsylvania","Montour County",2,52,222,114,108
050,42,093,"Pennsylvania","Montour County",2,53,228,116,112
050,42,093,"Pennsylvania","Montour County",2,54,232,115,117
050,42,093,"Pennsylvania","Montour County",2,55,244,122,122
050,42,093,"Pennsylvania","Montour County",2,56,249,120,129
050,42,093,"Pennsylvania","Montour County",2,57,268,124,144
050,42,093,"Pennsylvania","Montour County",2,58,289,134,155
050,42,093,"Pennsylvania","Montour County",2,59,300,148,152
050,42,093,"Pennsylvania","Montour County",2,60,296,152,144
050,42,093,"Pennsylvania","Montour County",2,61,292,136,156
050,42,093,"Pennsylvania","Montour County",2,62,283,138,145
050,42,093,"Pennsylvania","Montour County",2,63,266,124,142
050,42,093,"Pennsylvania","Montour County",2,64,272,134,138
050,42,093,"Pennsylvania","Montour County",2,65,258,126,132
050,42,093,"Pennsylvania","Montour County",2,66,240,119,121
050,42,093,"Pennsylvania","Montour County",2,67,234,119,115
050,42,093,"Pennsylvania","Montour County",2,68,219,108,111
050,42,093,"Pennsylvania","Montour County",2,69,208,92,116
050,42,093,"Pennsylvania","Montour County",2,70,192,85,107
050,42,093,"Pennsylvania","Montour County",2,71,196,90,106
050,42,093,"Pennsylvania","Montour County",2,72,194,86,108
050,42,093,"Pennsylvania","Montour County",2,73,199,91,108
050,42,093,"Pennsylvania","Montour County",2,74,138,61,77
050,42,093,"Pennsylvania","Montour County",2,75,147,68,79
050,42,093,"Pennsylvania","Montour County",2,76,143,70,73
050,42,093,"Pennsylvania","Montour County",2,77,138,65,73
050,42,093,"Pennsylvania","Montour County",2,78,113,48,65
050,42,093,"Pennsylvania","Montour County",2,79,105,47,58
050,42,093,"Pennsylvania","Montour County",2,80,99,42,57
050,42,093,"Pennsylvania","Montour County",2,81,104,45,59
050,42,093,"Pennsylvania","Montour County",2,82,109,44,65
050,42,093,"Pennsylvania","Montour County",2,83,101,38,63
050,42,093,"Pennsylvania","Montour County",2,84,96,37,59
050,42,093,"Pennsylvania","Montour County",2,85,564,153,411
050,42,093,"Pennsylvania","Montour County",3,0,213,109,104
050,42,093,"Pennsylvania","Montour County",3,1,193,102,91
050,42,093,"Pennsylvania","Montour County",3,2,193,104,89
050,42,093,"Pennsylvania","Montour County",3,3,206,120,86
050,42,093,"Pennsylvania","Montour County",3,4,199,109,90
050,42,093,"Pennsylvania","Montour County",3,5,198,101,97
050,42,093,"Pennsylvania","Montour County",3,6,208,104,104
050,42,093,"Pennsylvania","Montour County",3,7,204,106,98
050,42,093,"Pennsylvania","Montour County",3,8,218,107,111
050,42,093,"Pennsylvania","Montour County",3,9,211,114,97
050,42,093,"Pennsylvania","Montour County",3,10,203,102,101
050,42,093,"Pennsylvania","Montour County",3,11,195,98,97
050,42,093,"Pennsylvania","Montour County",3,12,204,102,102
050,42,093,"Pennsylvania","Montour County",3,13,218,107,111
050,42,093,"Pennsylvania","Montour County",3,14,201,110,91
050,42,093,"Pennsylvania","Montour County",3,15,192,110,82
050,42,093,"Pennsylvania","Montour County",3,16,212,125,87
050,42,093,"Pennsylvania","Montour County",3,17,249,151,98
050,42,093,"Pennsylvania","Montour County",3,18,212,128,84
050,42,093,"Pennsylvania","Montour County",3,19,157,91,66
050,42,093,"Pennsylvania","Montour County",3,20,145,78,67
050,42,093,"Pennsylvania","Montour County",3,21,143,75,68
050,42,093,"Pennsylvania","Montour County",3,22,156,79,77
050,42,093,"Pennsylvania","Montour County",3,23,165,74,91
050,42,093,"Pennsylvania","Montour County",3,24,189,91,98
050,42,093,"Pennsylvania","Montour County",3,25,196,94,102
050,42,093,"Pennsylvania","Montour County",3,26,179,88,91
050,42,093,"Pennsylvania","Montour County",3,27,215,103,112
050,42,093,"Pennsylvania","Montour County",3,28,226,111,115
050,42,093,"Pennsylvania","Montour County",3,29,245,121,124
050,42,093,"Pennsylvania","Montour County",3,30,268,139,129
050,42,093,"Pennsylvania","Montour County",3,31,274,146,128
050,42,093,"Pennsylvania","Montour County",3,32,259,135,124
050,42,093,"Pennsylvania","Montour County",3,33,252,134,118
050,42,093,"Pennsylvania","Montour County",3,34,274,148,126
050,42,093,"Pennsylvania","Montour County",3,35,237,122,115
050,42,093,"Pennsylvania","Montour County",3,36,250,139,111
050,42,093,"Pennsylvania","Montour County",3,37,241,129,112
050,42,093,"Pennsylvania","Montour County",3,38,238,119,119
050,42,093,"Pennsylvania","Montour County",3,39,230,118,112
050,42,093,"Pennsylvania","Montour County",3,40,222,115,107
050,42,093,"Pennsylvania","Montour County",3,41,229,122,107
050,42,093,"Pennsylvania","Montour County",3,42,192,109,83
050,42,093,"Pennsylvania","Montour County",3,43,193,90,103
050,42,093,"Pennsylvania","Montour County",3,44,182,89,93
050,42,093,"Pennsylvania","Montour County",3,45,181,87,94
050,42,093,"Pennsylvania","Montour County",3,46,195,93,102
050,42,093,"Pennsylvania","Montour County",3,47,201,102,99
050,42,093,"Pennsylvania","Montour County",3,48,198,104,94
050,42,093,"Pennsylvania","Montour County",3,49,186,93,93
050,42,093,"Pennsylvania","Montour County",3,50,203,100,103
050,42,093,"Pennsylvania","Montour County",3,51,219,99,120
050,42,093,"Pennsylvania","Montour County",3,52,226,111,115
050,42,093,"Pennsylvania","Montour County",3,53,221,117,104
050,42,093,"Pennsylvania","Montour County",3,54,231,116,115
050,42,093,"Pennsylvania","Montour County",3,55,225,112,113
050,42,093,"Pennsylvania","Montour County",3,56,246,122,124
050,42,093,"Pennsylvania","Montour County",3,57,252,123,129
050,42,093,"Pennsylvania","Montour County",3,58,263,122,141
050,42,093,"Pennsylvania","Montour County",3,59,287,135,152
050,42,093,"Pennsylvania","Montour County",3,60,294,149,145
050,42,093,"Pennsylvania","Montour County",3,61,291,144,147
050,42,093,"Pennsylvania","Montour County",3,62,295,137,158
050,42,093,"Pennsylvania","Montour County",3,63,267,136,131
050,42,093,"Pennsylvania","Montour County",3,64,274,129,145
050,42,093,"Pennsylvania","Montour County",3,65,268,129,139
050,42,093,"Pennsylvania","Montour County",3,66,257,131,126
050,42,093,"Pennsylvania","Montour County",3,67,228,108,120
050,42,093,"Pennsylvania","Montour County",3,68,234,120,114
050,42,093,"Pennsylvania","Montour County",3,69,216,105,111
050,42,093,"Pennsylvania","Montour County",3,70,196,86,110
050,42,093,"Pennsylvania","Montour County",3,71,180,82,98
050,42,093,"Pennsylvania","Montour County",3,72,192,87,105
050,42,093,"Pennsylvania","Montour County",3,73,185,83,102
050,42,093,"Pennsylvania","Montour County",3,74,195,87,108
050,42,093,"Pennsylvania","Montour County",3,75,138,59,79
050,42,093,"Pennsylvania","Montour County",3,76,143,68,75
050,42,093,"Pennsylvania","Montour County",3,77,141,66,75
050,42,093,"Pennsylvania","Montour County",3,78,138,65,73
050,42,093,"Pennsylvania","Montour County",3,79,106,45,61
050,42,093,"Pennsylvania","Montour County",3,80,103,46,57
050,42,093,"Pennsylvania","Montour County",3,81,95,39,56
050,42,093,"Pennsylvania","Montour County",3,82,105,46,59
050,42,093,"Pennsylvania","Montour County",3,83,95,38,57
050,42,093,"Pennsylvania","Montour County",3,84,88,35,53
050,42,093,"Pennsylvania","Montour County",3,85,545,147,398
050,42,093,"Pennsylvania","Montour County",4,0,185,98,87
050,42,093,"Pennsylvania","Montour County",4,1,205,106,99
050,42,093,"Pennsylvania","Montour County",4,2,200,110,90
050,42,093,"Pennsylvania","Montour County",4,3,195,106,89
050,42,093,"Pennsylvania","Montour County",4,4,200,119,81
050,42,093,"Pennsylvania","Montour County",4,5,193,100,93
050,42,093,"Pennsylvania","Montour County",4,6,196,106,90
050,42,093,"Pennsylvania","Montour County",4,7,198,103,95
050,42,093,"Pennsylvania","Montour County",4,8,208,107,101
050,42,093,"Pennsylvania","Montour County",4,9,201,101,100
050,42,093,"Pennsylvania","Montour County",4,10,203,105,98
050,42,093,"Pennsylvania","Montour County",4,11,197,99,98
050,42,093,"Pennsylvania","Montour County",4,12,188,94,94
050,42,093,"Pennsylvania","Montour County",4,13,198,95,103
050,42,093,"Pennsylvania","Montour County",4,14,217,108,109
050,42,093,"Pennsylvania","Montour County",4,15,211,114,97
050,42,093,"Pennsylvania","Montour County",4,16,205,116,89
050,42,093,"Pennsylvania","Montour County",4,17,222,143,79
050,42,093,"Pennsylvania","Montour County",4,18,211,126,85
050,42,093,"Pennsylvania","Montour County",4,19,162,97,65
050,42,093,"Pennsylvania","Montour County",4,20,154,83,71
050,42,093,"Pennsylvania","Montour County",4,21,152,75,77
050,42,093,"Pennsylvania","Montour County",4,22,162,77,85
050,42,093,"Pennsylvania","Montour County",4,23,167,92,75
050,42,093,"Pennsylvania","Montour County",4,24,162,77,85
050,42,093,"Pennsylvania","Montour County",4,25,201,95,106
050,42,093,"Pennsylvania","Montour County",4,26,203,91,112
050,42,093,"Pennsylvania","Montour County",4,27,212,101,111
050,42,093,"Pennsylvania","Montour County",4,28,227,112,115
050,42,093,"Pennsylvania","Montour County",4,29,229,120,109
050,42,093,"Pennsylvania","Montour County",4,30,248,126,122
050,42,093,"Pennsylvania","Montour County",4,31,248,131,117
050,42,093,"Pennsylvania","Montour County",4,32,273,152,121
050,42,093,"Pennsylvania","Montour County",4,33,279,141,138
050,42,093,"Pennsylvania","Montour County",4,34,258,134,124
050,42,093,"Pennsylvania","Montour County",4,35,259,138,121
050,42,093,"Pennsylvania","Montour County",4,36,243,128,115
050,42,093,"Pennsylvania","Montour County",4,37,245,133,112
050,42,093,"Pennsylvania","Montour County",4,38,222,120,102
050,42,093,"Pennsylvania","Montour County",4,39,227,117,110
050,42,093,"Pennsylvania","Montour County",4,40,232,129,103
050,42,093,"Pennsylvania","Montour County",4,41,223,121,102
050,42,093,"Pennsylvania","Montour County",4,42,234,124,110
050,42,093,"Pennsylvania","Montour County",4,43,182,98,84
050,42,093,"Pennsylvania","Montour County",4,44,192,89,103
050,42,093,"Pennsylvania","Montour County",4,45,182,90,92
050,42,093,"Pennsylvania","Montour County",4,46,179,89,90
050,42,093,"Pennsylvania","Montour County",4,47,202,99,103
050,42,093,"Pennsylvania","Montour County",4,48,199,98,101
050,42,093,"Pennsylvania","Montour County",4,49,182,94,88
050,42,093,"Pennsylvania","Montour County",4,50,192,95,97
050,42,093,"Pennsylvania","Montour County",4,51,212,104,108
050,42,093,"Pennsylvania","Montour County",4,52,221,101,120
050,42,093,"Pennsylvania","Montour County",4,53,223,109,114
050,42,093,"Pennsylvania","Montour County",4,54,221,114,107
050,42,093,"Pennsylvania","Montour County",4,55,234,116,118
050,42,093,"Pennsylvania","Montour County",4,56,239,118,121
050,42,093,"Pennsylvania","Montour County",4,57,260,126,134
050,42,093,"Pennsylvania","Montour County",4,58,256,124,132
050,42,093,"Pennsylvania","Montour County",4,59,251,118,133
050,42,093,"Pennsylvania","Montour County",4,60,291,138,153
050,42,093,"Pennsylvania","Montour County",4,61,290,134,156
050,42,093,"Pennsylvania","Montour County",4,62,298,148,150
050,42,093,"Pennsylvania","Montour County",4,63,285,133,152
050,42,093,"Pennsylvania","Montour County",4,64,264,136,128
050,42,093,"Pennsylvania","Montour County",4,65,266,123,143
050,42,093,"Pennsylvania","Montour County",4,66,264,127,137
050,42,093,"Pennsylvania","Montour County",4,67,253,128,125
050,42,093,"Pennsylvania","Montour County",4,68,221,104,117
050,42,093,"Pennsylvania","Montour County",4,69,237,117,120
050,42,093,"Pennsylvania","Montour County",4,70,207,102,105
050,42,093,"Pennsylvania","Montour County",4,71,193,86,107
050,42,093,"Pennsylvania","Montour County",4,72,175,85,90
050,42,093,"Pennsylvania","Montour County",4,73,185,88,97
050,42,093,"Pennsylvania","Montour County",4,74,173,77,96
050,42,093,"Pennsylvania","Montour County",4,75,190,81,109
050,42,093,"Pennsylvania","Montour County",4,76,137,61,76
050,42,093,"Pennsylvania","Montour County",4,77,140,63,77
050,42,093,"Pennsylvania","Montour County",4,78,142,66,76
050,42,093,"Pennsylvania","Montour County",4,79,130,61,69
050,42,093,"Pennsylvania","Montour County",4,80,103,45,58
050,42,093,"Pennsylvania","Montour County",4,81,98,43,55
050,42,093,"Pennsylvania","Montour County",4,82,98,40,58
050,42,093,"Pennsylvania","Montour County",4,83,99,42,57
050,42,093,"Pennsylvania","Montour County",4,84,83,33,50
050,42,093,"Pennsylvania","Montour County",4,85,550,153,397
050,42,093,"Pennsylvania","Montour County",5,0,183,97,86
050,42,093,"Pennsylvania","Montour County",5,1,166,92,74
050,42,093,"Pennsylvania","Montour County",5,2,201,102,99
050,42,093,"Pennsylvania","Montour County",5,3,185,100,85
050,42,093,"Pennsylvania","Montour County",5,4,198,106,92
050,42,093,"Pennsylvania","Montour County",5,5,195,117,78
050,42,093,"Pennsylvania","Montour County",5,6,199,104,95
050,42,093,"Pennsylvania","Montour County",5,7,188,104,84
050,42,093,"Pennsylvania","Montour County",5,8,183,92,91
050,42,093,"Pennsylvania","Montour County",5,9,205,108,97
050,42,093,"Pennsylvania","Montour County",5,10,200,99,101
050,42,093,"Pennsylvania","Montour County",5,11,190,98,92
050,42,093,"Pennsylvania","Montour County",5,12,189,91,98
050,42,093,"Pennsylvania","Montour County",5,13,188,100,88
050,42,093,"Pennsylvania","Montour County",5,14,205,103,102
050,42,093,"Pennsylvania","Montour County",5,15,216,110,106
050,42,093,"Pennsylvania","Montour County",5,16,212,120,92
050,42,093,"Pennsylvania","Montour County",5,17,213,129,84
050,42,093,"Pennsylvania","Montour County",5,18,194,122,72
050,42,093,"Pennsylvania","Montour County",5,19,163,94,69
050,42,093,"Pennsylvania","Montour County",5,20,171,93,78
050,42,093,"Pennsylvania","Montour County",5,21,162,86,76
050,42,093,"Pennsylvania","Montour County",5,22,164,75,89
050,42,093,"Pennsylvania","Montour County",5,23,176,89,87
050,42,093,"Pennsylvania","Montour County",5,24,178,87,91
050,42,093,"Pennsylvania","Montour County",5,25,166,75,91
050,42,093,"Pennsylvania","Montour County",5,26,207,99,108
050,42,093,"Pennsylvania","Montour County",5,27,196,89,107
050,42,093,"Pennsylvania","Montour County",5,28,227,105,122
050,42,093,"Pennsylvania","Montour County",5,29,229,109,120
050,42,093,"Pennsylvania","Montour County",5,30,252,143,109
050,42,093,"Pennsylvania","Montour County",5,31,245,123,122
050,42,093,"Pennsylvania","Montour County",5,32,253,135,118
050,42,093,"Pennsylvania","Montour County",5,33,270,145,125
050,42,093,"Pennsylvania","Montour County",5,34,269,128,141
050,42,093,"Pennsylvania","Montour County",5,35,253,132,121
050,42,093,"Pennsylvania","Montour County",5,36,266,147,119
050,42,093,"Pennsylvania","Montour County",5,37,234,125,109
050,42,093,"Pennsylvania","Montour County",5,38,246,133,113
050,42,093,"Pennsylvania","Montour County",5,39,212,117,95
050,42,093,"Pennsylvania","Montour County",5,40,215,109,106
050,42,093,"Pennsylvania","Montour County",5,41,223,122,101
050,42,093,"Pennsylvania","Montour County",5,42,216,118,98
050,42,093,"Pennsylvania","Montour County",5,43,226,121,105
050,42,093,"Pennsylvania","Montour County",5,44,185,100,85
050,42,093,"Pennsylvania","Montour County",5,45,194,88,106
050,42,093,"Pennsylvania","Montour County",5,46,171,82,89
050,42,093,"Pennsylvania","Montour County",5,47,178,89,89
050,42,093,"Pennsylvania","Montour County",5,48,197,95,102
050,42,093,"Pennsylvania","Montour County",5,49,192,97,95
050,42,093,"Pennsylvania","Montour County",5,50,190,96,94
050,42,093,"Pennsylvania","Montour County",5,51,182,89,93
050,42,093,"Pennsylvania","Montour County",5,52,203,99,104
050,42,093,"Pennsylvania","Montour County",5,53,215,101,114
050,42,093,"Pennsylvania","Montour County",5,54,220,108,112
050,42,093,"Pennsylvania","Montour County",5,55,218,116,102
050,42,093,"Pennsylvania","Montour County",5,56,238,113,125
050,42,093,"Pennsylvania","Montour County",5,57,236,115,121
050,42,093,"Pennsylvania","Montour County",5,58,253,128,125
050,42,093,"Pennsylvania","Montour County",5,59,249,123,126
050,42,093,"Pennsylvania","Montour County",5,60,245,115,130
050,42,093,"Pennsylvania","Montour County",5,61,286,133,153
050,42,093,"Pennsylvania","Montour County",5,62,298,139,159
050,42,093,"Pennsylvania","Montour County",5,63,288,141,147
050,42,093,"Pennsylvania","Montour County",5,64,290,136,154
050,42,093,"Pennsylvania","Montour County",5,65,258,132,126
050,42,093,"Pennsylvania","Montour County",5,66,268,127,141
050,42,093,"Pennsylvania","Montour County",5,67,255,121,134
050,42,093,"Pennsylvania","Montour County",5,68,248,125,123
050,42,093,"Pennsylvania","Montour County",5,69,221,99,122
050,42,093,"Pennsylvania","Montour County",5,70,227,114,113
050,42,093,"Pennsylvania","Montour County",5,71,203,102,101
050,42,093,"Pennsylvania","Montour County",5,72,188,84,104
050,42,093,"Pennsylvania","Montour County",5,73,158,79,79
050,42,093,"Pennsylvania","Montour County",5,74,178,80,98
050,42,093,"Pennsylvania","Montour County",5,75,165,71,94
050,42,093,"Pennsylvania","Montour County",5,76,188,84,104
050,42,093,"Pennsylvania","Montour County",5,77,134,56,78
050,42,093,"Pennsylvania","Montour County",5,78,139,63,76
050,42,093,"Pennsylvania","Montour County",5,79,135,60,75
050,42,093,"Pennsylvania","Montour County",5,80,129,63,66
050,42,093,"Pennsylvania","Montour County",5,81,97,42,55
050,42,093,"Pennsylvania","Montour County",5,82,100,42,58
050,42,093,"Pennsylvania","Montour County",5,83,88,35,53
050,42,093,"Pennsylvania","Montour County",5,84,84,36,48
050,42,093,"Pennsylvania","Montour County",5,85,540,146,394
050,42,095,"Pennsylvania","Northampton County",1,0,2914,1490,1424
050,42,095,"Pennsylvania","Northampton County",1,1,2965,1526,1439
050,42,095,"Pennsylvania","Northampton County",1,2,2946,1489,1457
050,42,095,"Pennsylvania","Northampton County",1,3,3021,1548,1473
050,42,095,"Pennsylvania","Northampton County",1,4,3126,1563,1563
050,42,095,"Pennsylvania","Northampton County",1,5,3118,1629,1489
050,42,095,"Pennsylvania","Northampton County",1,6,3213,1682,1531
050,42,095,"Pennsylvania","Northampton County",1,7,3323,1724,1599
050,42,095,"Pennsylvania","Northampton County",1,8,3379,1757,1622
050,42,095,"Pennsylvania","Northampton County",1,9,3384,1771,1613
050,42,095,"Pennsylvania","Northampton County",1,10,3501,1782,1719
050,42,095,"Pennsylvania","Northampton County",1,11,3774,1935,1839
050,42,095,"Pennsylvania","Northampton County",1,12,3831,1919,1912
050,42,095,"Pennsylvania","Northampton County",1,13,3945,1997,1948
050,42,095,"Pennsylvania","Northampton County",1,14,3871,2000,1871
050,42,095,"Pennsylvania","Northampton County",1,15,3933,2030,1903
050,42,095,"Pennsylvania","Northampton County",1,16,4052,2088,1964
050,42,095,"Pennsylvania","Northampton County",1,17,4018,2031,1987
050,42,095,"Pennsylvania","Northampton County",1,18,4577,2367,2210
050,42,095,"Pennsylvania","Northampton County",1,19,5218,2793,2425
050,42,095,"Pennsylvania","Northampton County",1,20,4922,2597,2325
050,42,095,"Pennsylvania","Northampton County",1,21,4469,2406,2063
050,42,095,"Pennsylvania","Northampton County",1,22,3799,2000,1799
050,42,095,"Pennsylvania","Northampton County",1,23,3412,1740,1672
050,42,095,"Pennsylvania","Northampton County",1,24,3493,1833,1660
050,42,095,"Pennsylvania","Northampton County",1,25,3449,1797,1652
050,42,095,"Pennsylvania","Northampton County",1,26,3587,1861,1726
050,42,095,"Pennsylvania","Northampton County",1,27,3777,1936,1841
050,42,095,"Pennsylvania","Northampton County",1,28,3758,1928,1830
050,42,095,"Pennsylvania","Northampton County",1,29,3737,1913,1824
050,42,095,"Pennsylvania","Northampton County",1,30,3817,1963,1854
050,42,095,"Pennsylvania","Northampton County",1,31,4016,2039,1977
050,42,095,"Pennsylvania","Northampton County",1,32,3796,1879,1917
050,42,095,"Pennsylvania","Northampton County",1,33,3780,1907,1873
050,42,095,"Pennsylvania","Northampton County",1,34,3888,2003,1885
050,42,095,"Pennsylvania","Northampton County",1,35,3728,1924,1804
050,42,095,"Pennsylvania","Northampton County",1,36,3746,1922,1824
050,42,095,"Pennsylvania","Northampton County",1,37,3760,1865,1895
050,42,095,"Pennsylvania","Northampton County",1,38,3806,1965,1841
050,42,095,"Pennsylvania","Northampton County",1,39,3834,1952,1882
050,42,095,"Pennsylvania","Northampton County",1,40,3713,1844,1869
050,42,095,"Pennsylvania","Northampton County",1,41,3657,1738,1919
050,42,095,"Pennsylvania","Northampton County",1,42,3580,1763,1817
050,42,095,"Pennsylvania","Northampton County",1,43,3530,1735,1795
050,42,095,"Pennsylvania","Northampton County",1,44,3570,1751,1819
050,42,095,"Pennsylvania","Northampton County",1,45,3554,1759,1795
050,42,095,"Pennsylvania","Northampton County",1,46,3592,1780,1812
050,42,095,"Pennsylvania","Northampton County",1,47,3744,1868,1876
050,42,095,"Pennsylvania","Northampton County",1,48,4002,2004,1998
050,42,095,"Pennsylvania","Northampton County",1,49,4224,2157,2067
050,42,095,"Pennsylvania","Northampton County",1,50,4131,2077,2054
050,42,095,"Pennsylvania","Northampton County",1,51,4115,2055,2060
050,42,095,"Pennsylvania","Northampton County",1,52,4155,2102,2053
050,42,095,"Pennsylvania","Northampton County",1,53,4326,2154,2172
050,42,095,"Pennsylvania","Northampton County",1,54,4334,2162,2172
050,42,095,"Pennsylvania","Northampton County",1,55,4554,2238,2316
050,42,095,"Pennsylvania","Northampton County",1,56,4557,2290,2267
050,42,095,"Pennsylvania","Northampton County",1,57,4502,2257,2245
050,42,095,"Pennsylvania","Northampton County",1,58,4542,2308,2234
050,42,095,"Pennsylvania","Northampton County",1,59,4626,2311,2315
050,42,095,"Pennsylvania","Northampton County",1,60,4557,2209,2348
050,42,095,"Pennsylvania","Northampton County",1,61,4551,2204,2347
050,42,095,"Pennsylvania","Northampton County",1,62,4586,2220,2366
050,42,095,"Pennsylvania","Northampton County",1,63,4244,2067,2177
050,42,095,"Pennsylvania","Northampton County",1,64,4197,2060,2137
050,42,095,"Pennsylvania","Northampton County",1,65,4129,2027,2102
050,42,095,"Pennsylvania","Northampton County",1,66,3966,1942,2024
050,42,095,"Pennsylvania","Northampton County",1,67,3760,1785,1975
050,42,095,"Pennsylvania","Northampton County",1,68,3627,1723,1904
050,42,095,"Pennsylvania","Northampton County",1,69,3382,1612,1770
050,42,095,"Pennsylvania","Northampton County",1,70,3390,1579,1811
050,42,095,"Pennsylvania","Northampton County",1,71,3321,1543,1778
050,42,095,"Pennsylvania","Northampton County",1,72,3392,1560,1832
050,42,095,"Pennsylvania","Northampton County",1,73,3462,1635,1827
050,42,095,"Pennsylvania","Northampton County",1,74,2354,1075,1279
050,42,095,"Pennsylvania","Northampton County",1,75,2281,1066,1215
050,42,095,"Pennsylvania","Northampton County",1,76,2349,1101,1248
050,42,095,"Pennsylvania","Northampton County",1,77,2396,1093,1303
050,42,095,"Pennsylvania","Northampton County",1,78,1990,896,1094
050,42,095,"Pennsylvania","Northampton County",1,79,1714,734,980
050,42,095,"Pennsylvania","Northampton County",1,80,1534,642,892
050,42,095,"Pennsylvania","Northampton County",1,81,1522,653,869
050,42,095,"Pennsylvania","Northampton County",1,82,1410,585,825
050,42,095,"Pennsylvania","Northampton County",1,83,1288,527,761
050,42,095,"Pennsylvania","Northampton County",1,84,1215,498,717
050,42,095,"Pennsylvania","Northampton County",1,85,8641,2827,5814
050,42,095,"Pennsylvania","Northampton County",2,0,2906,1495,1411
050,42,095,"Pennsylvania","Northampton County",2,1,2963,1525,1438
050,42,095,"Pennsylvania","Northampton County",2,2,2964,1507,1457
050,42,095,"Pennsylvania","Northampton County",2,3,3005,1530,1475
050,42,095,"Pennsylvania","Northampton County",2,4,3119,1566,1553
050,42,095,"Pennsylvania","Northampton County",2,5,3128,1620,1508
050,42,095,"Pennsylvania","Northampton County",2,6,3202,1679,1523
050,42,095,"Pennsylvania","Northampton County",2,7,3298,1716,1582
050,42,095,"Pennsylvania","Northampton County",2,8,3353,1744,1609
050,42,095,"Pennsylvania","Northampton County",2,9,3382,1768,1614
050,42,095,"Pennsylvania","Northampton County",2,10,3470,1781,1689
050,42,095,"Pennsylvania","Northampton County",2,11,3688,1883,1805
050,42,095,"Pennsylvania","Northampton County",2,12,3837,1929,1908
050,42,095,"Pennsylvania","Northampton County",2,13,3916,1982,1934
050,42,095,"Pennsylvania","Northampton County",2,14,3896,2007,1889
050,42,095,"Pennsylvania","Northampton County",2,15,3933,2032,1901
050,42,095,"Pennsylvania","Northampton County",2,16,4030,2074,1956
050,42,095,"Pennsylvania","Northampton County",2,17,4034,2049,1985
050,42,095,"Pennsylvania","Northampton County",2,18,4557,2343,2214
050,42,095,"Pennsylvania","Northampton County",2,19,5209,2784,2425
050,42,095,"Pennsylvania","Northampton County",2,20,4975,2629,2346
050,42,095,"Pennsylvania","Northampton County",2,21,4471,2408,2063
050,42,095,"Pennsylvania","Northampton County",2,22,3792,1987,1805
050,42,095,"Pennsylvania","Northampton County",2,23,3437,1765,1672
050,42,095,"Pennsylvania","Northampton County",2,24,3460,1804,1656
050,42,095,"Pennsylvania","Northampton County",2,25,3464,1811,1653
050,42,095,"Pennsylvania","Northampton County",2,26,3577,1858,1719
050,42,095,"Pennsylvania","Northampton County",2,27,3741,1928,1813
050,42,095,"Pennsylvania","Northampton County",2,28,3773,1936,1837
050,42,095,"Pennsylvania","Northampton County",2,29,3753,1924,1829
050,42,095,"Pennsylvania","Northampton County",2,30,3842,1970,1872
050,42,095,"Pennsylvania","Northampton County",2,31,3972,2023,1949
050,42,095,"Pennsylvania","Northampton County",2,32,3852,1920,1932
050,42,095,"Pennsylvania","Northampton County",2,33,3782,1901,1881
050,42,095,"Pennsylvania","Northampton County",2,34,3865,1986,1879
050,42,095,"Pennsylvania","Northampton County",2,35,3798,1963,1835
050,42,095,"Pennsylvania","Northampton County",2,36,3724,1915,1809
050,42,095,"Pennsylvania","Northampton County",2,37,3770,1889,1881
050,42,095,"Pennsylvania","Northampton County",2,38,3823,1960,1863
050,42,095,"Pennsylvania","Northampton County",2,39,3820,1955,1865
050,42,095,"Pennsylvania","Northampton County",2,40,3770,1878,1892
050,42,095,"Pennsylvania","Northampton County",2,41,3671,1764,1907
050,42,095,"Pennsylvania","Northampton County",2,42,3582,1749,1833
050,42,095,"Pennsylvania","Northampton County",2,43,3572,1759,1813
050,42,095,"Pennsylvania","Northampton County",2,44,3535,1733,1802
050,42,095,"Pennsylvania","Northampton County",2,45,3567,1760,1807
050,42,095,"Pennsylvania","Northampton County",2,46,3578,1777,1801
050,42,095,"Pennsylvania","Northampton County",2,47,3690,1837,1853
050,42,095,"Pennsylvania","Northampton County",2,48,3931,1967,1964
050,42,095,"Pennsylvania","Northampton County",2,49,4189,2131,2058
050,42,095,"Pennsylvania","Northampton County",2,50,4166,2106,2060
050,42,095,"Pennsylvania","Northampton County",2,51,4103,2056,2047
050,42,095,"Pennsylvania","Northampton County",2,52,4137,2087,2050
050,42,095,"Pennsylvania","Northampton County",2,53,4289,2147,2142
050,42,095,"Pennsylvania","Northampton County",2,54,4314,2152,2162
050,42,095,"Pennsylvania","Northampton County",2,55,4498,2220,2278
050,42,095,"Pennsylvania","Northampton County",2,56,4564,2284,2280
050,42,095,"Pennsylvania","Northampton County",2,57,4512,2264,2248
050,42,095,"Pennsylvania","Northampton County",2,58,4517,2289,2228
050,42,095,"Pennsylvania","Northampton County",2,59,4608,2308,2300
050,42,095,"Pennsylvania","Northampton County",2,60,4548,2219,2329
050,42,095,"Pennsylvania","Northampton County",2,61,4527,2191,2336
050,42,095,"Pennsylvania","Northampton County",2,62,4546,2204,2342
050,42,095,"Pennsylvania","Northampton County",2,63,4357,2116,2241
050,42,095,"Pennsylvania","Northampton County",2,64,4176,2048,2128
050,42,095,"Pennsylvania","Northampton County",2,65,4126,2022,2104
050,42,095,"Pennsylvania","Northampton County",2,66,3997,1953,2044
050,42,095,"Pennsylvania","Northampton County",2,67,3788,1812,1976
050,42,095,"Pennsylvania","Northampton County",2,68,3613,1721,1892
050,42,095,"Pennsylvania","Northampton County",2,69,3451,1644,1807
050,42,095,"Pennsylvania","Northampton County",2,70,3359,1569,1790
050,42,095,"Pennsylvania","Northampton County",2,71,3321,1544,1777
050,42,095,"Pennsylvania","Northampton County",2,72,3295,1515,1780
050,42,095,"Pennsylvania","Northampton County",2,73,3588,1687,1901
050,42,095,"Pennsylvania","Northampton County",2,74,2445,1124,1321
050,42,095,"Pennsylvania","Northampton County",2,75,2282,1060,1222
050,42,095,"Pennsylvania","Northampton County",2,76,2299,1076,1223
050,42,095,"Pennsylvania","Northampton County",2,77,2410,1102,1308
050,42,095,"Pennsylvania","Northampton County",2,78,2023,917,1106
050,42,095,"Pennsylvania","Northampton County",2,79,1758,761,997
050,42,095,"Pennsylvania","Northampton County",2,80,1551,647,904
050,42,095,"Pennsylvania","Northampton County",2,81,1493,638,855
050,42,095,"Pennsylvania","Northampton County",2,82,1428,597,831
050,42,095,"Pennsylvania","Northampton County",2,83,1285,522,763
050,42,095,"Pennsylvania","Northampton County",2,84,1214,496,718
050,42,095,"Pennsylvania","Northampton County",2,85,8530,2792,5738
050,42,095,"Pennsylvania","Northampton County",3,0,2800,1423,1377
050,42,095,"Pennsylvania","Northampton County",3,1,3019,1516,1503
050,42,095,"Pennsylvania","Northampton County",3,2,3019,1535,1484
050,42,095,"Pennsylvania","Northampton County",3,3,3040,1556,1484
050,42,095,"Pennsylvania","Northampton County",3,4,3081,1574,1507
050,42,095,"Pennsylvania","Northampton County",3,5,3192,1606,1586
050,42,095,"Pennsylvania","Northampton County",3,6,3162,1635,1527
050,42,095,"Pennsylvania","Northampton County",3,7,3285,1697,1588
050,42,095,"Pennsylvania","Northampton County",3,8,3270,1695,1575
050,42,095,"Pennsylvania","Northampton County",3,9,3364,1749,1615
050,42,095,"Pennsylvania","Northampton County",3,10,3385,1774,1611
050,42,095,"Pennsylvania","Northampton County",3,11,3479,1807,1672
050,42,095,"Pennsylvania","Northampton County",3,12,3721,1910,1811
050,42,095,"Pennsylvania","Northampton County",3,13,3870,1960,1910
050,42,095,"Pennsylvania","Northampton County",3,14,3985,2022,1963
050,42,095,"Pennsylvania","Northampton County",3,15,3944,2035,1909
050,42,095,"Pennsylvania","Northampton County",3,16,3952,2038,1914
050,42,095,"Pennsylvania","Northampton County",3,17,4013,2083,1930
050,42,095,"Pennsylvania","Northampton County",3,18,5329,2715,2614
050,42,095,"Pennsylvania","Northampton County",3,19,6544,3503,3041
050,42,095,"Pennsylvania","Northampton County",3,20,6140,3257,2883
050,42,095,"Pennsylvania","Northampton County",3,21,5222,2859,2363
050,42,095,"Pennsylvania","Northampton County",3,22,4163,2171,1992
050,42,095,"Pennsylvania","Northampton County",3,23,3492,1819,1673
050,42,095,"Pennsylvania","Northampton County",3,24,3443,1760,1683
050,42,095,"Pennsylvania","Northampton County",3,25,3582,1881,1701
050,42,095,"Pennsylvania","Northampton County",3,26,3490,1801,1689
050,42,095,"Pennsylvania","Northampton County",3,27,3670,1892,1778
050,42,095,"Pennsylvania","Northampton County",3,28,3793,1942,1851
050,42,095,"Pennsylvania","Northampton County",3,29,3797,1946,1851
050,42,095,"Pennsylvania","Northampton County",3,30,3853,1996,1857
050,42,095,"Pennsylvania","Northampton County",3,31,3891,2020,1871
050,42,095,"Pennsylvania","Northampton County",3,32,3966,1993,1973
050,42,095,"Pennsylvania","Northampton County",3,33,3950,1987,1963
050,42,095,"Pennsylvania","Northampton County",3,34,3897,1971,1926
050,42,095,"Pennsylvania","Northampton County",3,35,3916,2022,1894
050,42,095,"Pennsylvania","Northampton County",3,36,3825,1979,1846
050,42,095,"Pennsylvania","Northampton County",3,37,3783,1947,1836
050,42,095,"Pennsylvania","Northampton County",3,38,3842,1945,1897
050,42,095,"Pennsylvania","Northampton County",3,39,3809,1936,1873
050,42,095,"Pennsylvania","Northampton County",3,40,3844,1949,1895
050,42,095,"Pennsylvania","Northampton County",3,41,3812,1912,1900
050,42,095,"Pennsylvania","Northampton County",3,42,3691,1753,1938
050,42,095,"Pennsylvania","Northampton County",3,43,3615,1776,1839
050,42,095,"Pennsylvania","Northampton County",3,44,3606,1773,1833
050,42,095,"Pennsylvania","Northampton County",3,45,3573,1743,1830
050,42,095,"Pennsylvania","Northampton County",3,46,3601,1782,1819
050,42,095,"Pennsylvania","Northampton County",3,47,3590,1786,1804
050,42,095,"Pennsylvania","Northampton County",3,48,3680,1860,1820
050,42,095,"Pennsylvania","Northampton County",3,49,3915,1943,1972
050,42,095,"Pennsylvania","Northampton County",3,50,4212,2130,2082
050,42,095,"Pennsylvania","Northampton County",3,51,4165,2098,2067
050,42,095,"Pennsylvania","Northampton County",3,52,4102,2060,2042
050,42,095,"Pennsylvania","Northampton County",3,53,4127,2083,2044
050,42,095,"Pennsylvania","Northampton County",3,54,4272,2132,2140
050,42,095,"Pennsylvania","Northampton County",3,55,4291,2135,2156
050,42,095,"Pennsylvania","Northampton County",3,56,4467,2214,2253
050,42,095,"Pennsylvania","Northampton County",3,57,4562,2281,2281
050,42,095,"Pennsylvania","Northampton County",3,58,4484,2229,2255
050,42,095,"Pennsylvania","Northampton County",3,59,4475,2274,2201
050,42,095,"Pennsylvania","Northampton County",3,60,4578,2289,2289
050,42,095,"Pennsylvania","Northampton County",3,61,4522,2199,2323
050,42,095,"Pennsylvania","Northampton County",3,62,4448,2155,2293
050,42,095,"Pennsylvania","Northampton County",3,63,4468,2149,2319
050,42,095,"Pennsylvania","Northampton County",3,64,4343,2105,2238
050,42,095,"Pennsylvania","Northampton County",3,65,4089,1996,2093
050,42,095,"Pennsylvania","Northampton County",3,66,4082,1993,2089
050,42,095,"Pennsylvania","Northampton County",3,67,3964,1924,2040
050,42,095,"Pennsylvania","Northampton County",3,68,3715,1780,1935
050,42,095,"Pennsylvania","Northampton County",3,69,3565,1684,1881
050,42,095,"Pennsylvania","Northampton County",3,70,3400,1605,1795
050,42,095,"Pennsylvania","Northampton County",3,71,3277,1536,1741
050,42,095,"Pennsylvania","Northampton County",3,72,3257,1494,1763
050,42,095,"Pennsylvania","Northampton County",3,73,3247,1469,1778
050,42,095,"Pennsylvania","Northampton County",3,74,3472,1625,1847
050,42,095,"Pennsylvania","Northampton County",3,75,2362,1093,1269
050,42,095,"Pennsylvania","Northampton County",3,76,2250,1042,1208
050,42,095,"Pennsylvania","Northampton County",3,77,2220,1009,1211
050,42,095,"Pennsylvania","Northampton County",3,78,2296,1069,1227
050,42,095,"Pennsylvania","Northampton County",3,79,1979,882,1097
050,42,095,"Pennsylvania","Northampton County",3,80,1654,701,953
050,42,095,"Pennsylvania","Northampton County",3,81,1469,614,855
050,42,095,"Pennsylvania","Northampton County",3,82,1426,613,813
050,42,095,"Pennsylvania","Northampton County",3,83,1327,545,782
050,42,095,"Pennsylvania","Northampton County",3,84,1213,482,731
050,42,095,"Pennsylvania","Northampton County",3,85,8472,2753,5719
050,42,095,"Pennsylvania","Northampton County",4,0,2784,1445,1339
050,42,095,"Pennsylvania","Northampton County",4,1,2905,1504,1401
050,42,095,"Pennsylvania","Northampton County",4,2,3093,1569,1524
050,42,095,"Pennsylvania","Northampton County",4,3,3055,1551,1504
050,42,095,"Pennsylvania","Northampton County",4,4,3080,1547,1533
050,42,095,"Pennsylvania","Northampton County",4,5,3107,1574,1533
050,42,095,"Pennsylvania","Northampton County",4,6,3202,1617,1585
050,42,095,"Pennsylvania","Northampton County",4,7,3177,1653,1524
050,42,095,"Pennsylvania","Northampton County",4,8,3350,1728,1622
050,42,095,"Pennsylvania","Northampton County",4,9,3300,1692,1608
050,42,095,"Pennsylvania","Northampton County",4,10,3403,1769,1634
050,42,095,"Pennsylvania","Northampton County",4,11,3417,1802,1615
050,42,095,"Pennsylvania","Northampton County",4,12,3541,1848,1693
050,42,095,"Pennsylvania","Northampton County",4,13,3776,1929,1847
050,42,095,"Pennsylvania","Northampton County",4,14,3891,1953,1938
050,42,095,"Pennsylvania","Northampton County",4,15,4021,2051,1970
050,42,095,"Pennsylvania","Northampton County",4,16,3932,2020,1912
050,42,095,"Pennsylvania","Northampton County",4,17,3959,2039,1920
050,42,095,"Pennsylvania","Northampton County",4,18,5126,2628,2498
050,42,095,"Pennsylvania","Northampton County",4,19,6312,3384,2928
050,42,095,"Pennsylvania","Northampton County",4,20,5826,3110,2716
050,42,095,"Pennsylvania","Northampton County",4,21,5170,2811,2359
050,42,095,"Pennsylvania","Northampton County",4,22,4187,2181,2006
050,42,095,"Pennsylvania","Northampton County",4,23,3580,1868,1712
050,42,095,"Pennsylvania","Northampton County",4,24,3463,1787,1676
050,42,095,"Pennsylvania","Northampton County",4,25,3407,1764,1643
050,42,095,"Pennsylvania","Northampton County",4,26,3490,1830,1660
050,42,095,"Pennsylvania","Northampton County",4,27,3499,1820,1679
050,42,095,"Pennsylvania","Northampton County",4,28,3649,1872,1777
050,42,095,"Pennsylvania","Northampton County",4,29,3782,1926,1856
050,42,095,"Pennsylvania","Northampton County",4,30,3831,1935,1896
050,42,095,"Pennsylvania","Northampton County",4,31,3924,2016,1908
050,42,095,"Pennsylvania","Northampton County",4,32,3888,2029,1859
050,42,095,"Pennsylvania","Northampton County",4,33,4062,2018,2044
050,42,095,"Pennsylvania","Northampton County",4,34,4056,2024,2032
050,42,095,"Pennsylvania","Northampton County",4,35,3950,1963,1987
050,42,095,"Pennsylvania","Northampton County",4,36,3951,2024,1927
050,42,095,"Pennsylvania","Northampton County",4,37,3905,2014,1891
050,42,095,"Pennsylvania","Northampton County",4,38,3856,2022,1834
050,42,095,"Pennsylvania","Northampton County",4,39,3857,1962,1895
050,42,095,"Pennsylvania","Northampton County",4,40,3876,1979,1897
050,42,095,"Pennsylvania","Northampton County",4,41,3913,1957,1956
050,42,095,"Pennsylvania","Northampton County",4,42,3812,1900,1912
050,42,095,"Pennsylvania","Northampton County",4,43,3723,1796,1927
050,42,095,"Pennsylvania","Northampton County",4,44,3674,1813,1861
050,42,095,"Pennsylvania","Northampton County",4,45,3617,1793,1824
050,42,095,"Pennsylvania","Northampton County",4,46,3578,1763,1815
050,42,095,"Pennsylvania","Northampton County",4,47,3612,1791,1821
050,42,095,"Pennsylvania","Northampton County",4,48,3575,1782,1793
050,42,095,"Pennsylvania","Northampton County",4,49,3665,1855,1810
050,42,095,"Pennsylvania","Northampton County",4,50,3902,1921,1981
050,42,095,"Pennsylvania","Northampton County",4,51,4204,2117,2087
050,42,095,"Pennsylvania","Northampton County",4,52,4158,2101,2057
050,42,095,"Pennsylvania","Northampton County",4,53,4061,2051,2010
050,42,095,"Pennsylvania","Northampton County",4,54,4110,2070,2040
050,42,095,"Pennsylvania","Northampton County",4,55,4258,2113,2145
050,42,095,"Pennsylvania","Northampton County",4,56,4272,2139,2133
050,42,095,"Pennsylvania","Northampton County",4,57,4458,2195,2263
050,42,095,"Pennsylvania","Northampton County",4,58,4556,2262,2294
050,42,095,"Pennsylvania","Northampton County",4,59,4459,2220,2239
050,42,095,"Pennsylvania","Northampton County",4,60,4422,2258,2164
050,42,095,"Pennsylvania","Northampton County",4,61,4577,2287,2290
050,42,095,"Pennsylvania","Northampton County",4,62,4456,2148,2308
050,42,095,"Pennsylvania","Northampton County",4,63,4414,2137,2277
050,42,095,"Pennsylvania","Northampton County",4,64,4430,2119,2311
050,42,095,"Pennsylvania","Northampton County",4,65,4268,2057,2211
050,42,095,"Pennsylvania","Northampton County",4,66,4018,1947,2071
050,42,095,"Pennsylvania","Northampton County",4,67,4062,1965,2097
050,42,095,"Pennsylvania","Northampton County",4,68,3884,1887,1997
050,42,095,"Pennsylvania","Northampton County",4,69,3688,1753,1935
050,42,095,"Pennsylvania","Northampton County",4,70,3482,1623,1859
050,42,095,"Pennsylvania","Northampton County",4,71,3346,1580,1766
050,42,095,"Pennsylvania","Northampton County",4,72,3228,1501,1727
050,42,095,"Pennsylvania","Northampton County",4,73,3199,1457,1742
050,42,095,"Pennsylvania","Northampton County",4,74,3153,1411,1742
050,42,095,"Pennsylvania","Northampton County",4,75,3336,1567,1769
050,42,095,"Pennsylvania","Northampton County",4,76,2314,1059,1255
050,42,095,"Pennsylvania","Northampton County",4,77,2173,980,1193
050,42,095,"Pennsylvania","Northampton County",4,78,2118,968,1150
050,42,095,"Pennsylvania","Northampton County",4,79,2225,1011,1214
050,42,095,"Pennsylvania","Northampton County",4,80,1867,812,1055
050,42,095,"Pennsylvania","Northampton County",4,81,1558,652,906
050,42,095,"Pennsylvania","Northampton County",4,82,1413,587,826
050,42,095,"Pennsylvania","Northampton County",4,83,1348,567,781
050,42,095,"Pennsylvania","Northampton County",4,84,1266,517,749
050,42,095,"Pennsylvania","Northampton County",4,85,8408,2762,5646
050,42,095,"Pennsylvania","Northampton County",5,0,2770,1438,1332
050,42,095,"Pennsylvania","Northampton County",5,1,2855,1454,1401
050,42,095,"Pennsylvania","Northampton County",5,2,2953,1504,1449
050,42,095,"Pennsylvania","Northampton County",5,3,3119,1584,1535
050,42,095,"Pennsylvania","Northampton County",5,4,3116,1598,1518
050,42,095,"Pennsylvania","Northampton County",5,5,3126,1595,1531
050,42,095,"Pennsylvania","Northampton County",5,6,3148,1598,1550
050,42,095,"Pennsylvania","Northampton County",5,7,3227,1627,1600
050,42,095,"Pennsylvania","Northampton County",5,8,3239,1688,1551
050,42,095,"Pennsylvania","Northampton County",5,9,3353,1729,1624
050,42,095,"Pennsylvania","Northampton County",5,10,3343,1700,1643
050,42,095,"Pennsylvania","Northampton County",5,11,3478,1812,1666
050,42,095,"Pennsylvania","Northampton County",5,12,3493,1843,1650
050,42,095,"Pennsylvania","Northampton County",5,13,3565,1849,1716
050,42,095,"Pennsylvania","Northampton County",5,14,3832,1937,1895
050,42,095,"Pennsylvania","Northampton County",5,15,3882,1958,1924
050,42,095,"Pennsylvania","Northampton County",5,16,4008,2051,1957
050,42,095,"Pennsylvania","Northampton County",5,17,3930,2015,1915
050,42,095,"Pennsylvania","Northampton County",5,18,5051,2597,2454
050,42,095,"Pennsylvania","Northampton County",5,19,6258,3357,2901
050,42,095,"Pennsylvania","Northampton County",5,20,6004,3179,2825
050,42,095,"Pennsylvania","Northampton County",5,21,5124,2805,2319
050,42,095,"Pennsylvania","Northampton County",5,22,4259,2199,2060
050,42,095,"Pennsylvania","Northampton County",5,23,3608,1850,1758
050,42,095,"Pennsylvania","Northampton County",5,24,3489,1814,1675
050,42,095,"Pennsylvania","Northampton County",5,25,3525,1837,1688
050,42,095,"Pennsylvania","Northampton County",5,26,3391,1748,1643
050,42,095,"Pennsylvania","Northampton County",5,27,3517,1808,1709
050,42,095,"Pennsylvania","Northampton County",5,28,3513,1799,1714
050,42,095,"Pennsylvania","Northampton County",5,29,3723,1931,1792
050,42,095,"Pennsylvania","Northampton County",5,30,3808,1921,1887
050,42,095,"Pennsylvania","Northampton County",5,31,3916,2000,1916
050,42,095,"Pennsylvania","Northampton County",5,32,4003,2059,1944
050,42,095,"Pennsylvania","Northampton County",5,33,3944,2062,1882
050,42,095,"Pennsylvania","Northampton County",5,34,4150,2057,2093
050,42,095,"Pennsylvania","Northampton County",5,35,4082,2036,2046
050,42,095,"Pennsylvania","Northampton County",5,36,3931,1927,2004
050,42,095,"Pennsylvania","Northampton County",5,37,4007,2035,1972
050,42,095,"Pennsylvania","Northampton County",5,38,3975,2084,1891
050,42,095,"Pennsylvania","Northampton County",5,39,3910,2061,1849
050,42,095,"Pennsylvania","Northampton County",5,40,3897,1984,1913
050,42,095,"Pennsylvania","Northampton County",5,41,3887,1987,1900
050,42,095,"Pennsylvania","Northampton County",5,42,3893,1940,1953
050,42,095,"Pennsylvania","Northampton County",5,43,3839,1901,1938
050,42,095,"Pennsylvania","Northampton County",5,44,3733,1780,1953
050,42,095,"Pennsylvania","Northampton County",5,45,3694,1828,1866
050,42,095,"Pennsylvania","Northampton County",5,46,3611,1803,1808
050,42,095,"Pennsylvania","Northampton County",5,47,3597,1782,1815
050,42,095,"Pennsylvania","Northampton County",5,48,3577,1775,1802
050,42,095,"Pennsylvania","Northampton County",5,49,3563,1771,1792
050,42,095,"Pennsylvania","Northampton County",5,50,3670,1853,1817
050,42,095,"Pennsylvania","Northampton County",5,51,3886,1904,1982
050,42,095,"Pennsylvania","Northampton County",5,52,4200,2104,2096
050,42,095,"Pennsylvania","Northampton County",5,53,4160,2104,2056
050,42,095,"Pennsylvania","Northampton County",5,54,4049,2025,2024
050,42,095,"Pennsylvania","Northampton County",5,55,4127,2082,2045
050,42,095,"Pennsylvania","Northampton County",5,56,4298,2131,2167
050,42,095,"Pennsylvania","Northampton County",5,57,4259,2147,2112
050,42,095,"Pennsylvania","Northampton County",5,58,4418,2163,2255
050,42,095,"Pennsylvania","Northampton County",5,59,4512,2254,2258
050,42,095,"Pennsylvania","Northampton County",5,60,4461,2211,2250
050,42,095,"Pennsylvania","Northampton County",5,61,4384,2237,2147
050,42,095,"Pennsylvania","Northampton County",5,62,4523,2254,2269
050,42,095,"Pennsylvania","Northampton County",5,63,4426,2122,2304
050,42,095,"Pennsylvania","Northampton County",5,64,4393,2127,2266
050,42,095,"Pennsylvania","Northampton County",5,65,4365,2081,2284
050,42,095,"Pennsylvania","Northampton County",5,66,4191,2023,2168
050,42,095,"Pennsylvania","Northampton County",5,67,4005,1925,2080
050,42,095,"Pennsylvania","Northampton County",5,68,3991,1937,2054
050,42,095,"Pennsylvania","Northampton County",5,69,3855,1862,1993
050,42,095,"Pennsylvania","Northampton County",5,70,3644,1713,1931
050,42,095,"Pennsylvania","Northampton County",5,71,3446,1606,1840
050,42,095,"Pennsylvania","Northampton County",5,72,3302,1548,1754
050,42,095,"Pennsylvania","Northampton County",5,73,3191,1479,1712
050,42,095,"Pennsylvania","Northampton County",5,74,3125,1412,1713
050,42,095,"Pennsylvania","Northampton County",5,75,3048,1351,1697
050,42,095,"Pennsylvania","Northampton County",5,76,3268,1536,1732
050,42,095,"Pennsylvania","Northampton County",5,77,2246,1012,1234
050,42,095,"Pennsylvania","Northampton County",5,78,2115,955,1160
050,42,095,"Pennsylvania","Northampton County",5,79,2077,926,1151
050,42,095,"Pennsylvania","Northampton County",5,80,2110,934,1176
050,42,095,"Pennsylvania","Northampton County",5,81,1764,762,1002
050,42,095,"Pennsylvania","Northampton County",5,82,1499,630,869
050,42,095,"Pennsylvania","Northampton County",5,83,1345,544,801
050,42,095,"Pennsylvania","Northampton County",5,84,1296,549,747
050,42,095,"Pennsylvania","Northampton County",5,85,8526,2851,5675
050,42,097,"Pennsylvania","Northumberland County",1,0,887,452,435
050,42,097,"Pennsylvania","Northumberland County",1,1,910,465,445
050,42,097,"Pennsylvania","Northumberland County",1,2,973,504,469
050,42,097,"Pennsylvania","Northumberland County",1,3,933,486,447
050,42,097,"Pennsylvania","Northumberland County",1,4,1007,535,472
050,42,097,"Pennsylvania","Northumberland County",1,5,989,506,483
050,42,097,"Pennsylvania","Northumberland County",1,6,973,509,464
050,42,097,"Pennsylvania","Northumberland County",1,7,969,513,456
050,42,097,"Pennsylvania","Northumberland County",1,8,955,492,463
050,42,097,"Pennsylvania","Northumberland County",1,9,1005,499,506
050,42,097,"Pennsylvania","Northumberland County",1,10,1015,520,495
050,42,097,"Pennsylvania","Northumberland County",1,11,1066,549,517
050,42,097,"Pennsylvania","Northumberland County",1,12,1072,548,524
050,42,097,"Pennsylvania","Northumberland County",1,13,1074,547,527
050,42,097,"Pennsylvania","Northumberland County",1,14,1100,574,526
050,42,097,"Pennsylvania","Northumberland County",1,15,1059,558,501
050,42,097,"Pennsylvania","Northumberland County",1,16,1044,541,503
050,42,097,"Pennsylvania","Northumberland County",1,17,1056,553,503
050,42,097,"Pennsylvania","Northumberland County",1,18,929,487,442
050,42,097,"Pennsylvania","Northumberland County",1,19,753,389,364
050,42,097,"Pennsylvania","Northumberland County",1,20,847,454,393
050,42,097,"Pennsylvania","Northumberland County",1,21,933,522,411
050,42,097,"Pennsylvania","Northumberland County",1,22,1002,558,444
050,42,097,"Pennsylvania","Northumberland County",1,23,997,560,437
050,42,097,"Pennsylvania","Northumberland County",1,24,1049,575,474
050,42,097,"Pennsylvania","Northumberland County",1,25,1077,582,495
050,42,097,"Pennsylvania","Northumberland County",1,26,1065,573,492
050,42,097,"Pennsylvania","Northumberland County",1,27,1122,609,513
050,42,097,"Pennsylvania","Northumberland County",1,28,1096,564,532
050,42,097,"Pennsylvania","Northumberland County",1,29,1127,595,532
050,42,097,"Pennsylvania","Northumberland County",1,30,1173,628,545
050,42,097,"Pennsylvania","Northumberland County",1,31,1128,629,499
050,42,097,"Pennsylvania","Northumberland County",1,32,1105,616,489
050,42,097,"Pennsylvania","Northumberland County",1,33,1134,609,525
050,42,097,"Pennsylvania","Northumberland County",1,34,1118,580,538
050,42,097,"Pennsylvania","Northumberland County",1,35,1078,560,518
050,42,097,"Pennsylvania","Northumberland County",1,36,1158,622,536
050,42,097,"Pennsylvania","Northumberland County",1,37,1125,606,519
050,42,097,"Pennsylvania","Northumberland County",1,38,1134,583,551
050,42,097,"Pennsylvania","Northumberland County",1,39,1112,582,530
050,42,097,"Pennsylvania","Northumberland County",1,40,1072,571,501
050,42,097,"Pennsylvania","Northumberland County",1,41,1074,560,514
050,42,097,"Pennsylvania","Northumberland County",1,42,1056,563,493
050,42,097,"Pennsylvania","Northumberland County",1,43,1011,542,469
050,42,097,"Pennsylvania","Northumberland County",1,44,989,531,458
050,42,097,"Pennsylvania","Northumberland County",1,45,1011,538,473
050,42,097,"Pennsylvania","Northumberland County",1,46,1043,538,505
050,42,097,"Pennsylvania","Northumberland County",1,47,1104,569,535
050,42,097,"Pennsylvania","Northumberland County",1,48,1182,619,563
050,42,097,"Pennsylvania","Northumberland County",1,49,1257,665,592
050,42,097,"Pennsylvania","Northumberland County",1,50,1218,652,566
050,42,097,"Pennsylvania","Northumberland County",1,51,1204,642,562
050,42,097,"Pennsylvania","Northumberland County",1,52,1201,623,578
050,42,097,"Pennsylvania","Northumberland County",1,53,1214,625,589
050,42,097,"Pennsylvania","Northumberland County",1,54,1267,662,605
050,42,097,"Pennsylvania","Northumberland County",1,55,1364,695,669
050,42,097,"Pennsylvania","Northumberland County",1,56,1452,748,704
050,42,097,"Pennsylvania","Northumberland County",1,57,1359,675,684
050,42,097,"Pennsylvania","Northumberland County",1,58,1418,717,701
050,42,097,"Pennsylvania","Northumberland County",1,59,1365,694,671
050,42,097,"Pennsylvania","Northumberland County",1,60,1365,687,678
050,42,097,"Pennsylvania","Northumberland County",1,61,1408,666,742
050,42,097,"Pennsylvania","Northumberland County",1,62,1439,694,745
050,42,097,"Pennsylvania","Northumberland County",1,63,1335,673,662
050,42,097,"Pennsylvania","Northumberland County",1,64,1339,673,666
050,42,097,"Pennsylvania","Northumberland County",1,65,1343,685,658
050,42,097,"Pennsylvania","Northumberland County",1,66,1320,667,653
050,42,097,"Pennsylvania","Northumberland County",1,67,1250,621,629
050,42,097,"Pennsylvania","Northumberland County",1,68,1228,607,621
050,42,097,"Pennsylvania","Northumberland County",1,69,1073,517,556
050,42,097,"Pennsylvania","Northumberland County",1,70,1047,510,537
050,42,097,"Pennsylvania","Northumberland County",1,71,1072,507,565
050,42,097,"Pennsylvania","Northumberland County",1,72,1131,531,600
050,42,097,"Pennsylvania","Northumberland County",1,73,1107,520,587
050,42,097,"Pennsylvania","Northumberland County",1,74,750,338,412
050,42,097,"Pennsylvania","Northumberland County",1,75,725,334,391
050,42,097,"Pennsylvania","Northumberland County",1,76,726,347,379
050,42,097,"Pennsylvania","Northumberland County",1,77,719,329,390
050,42,097,"Pennsylvania","Northumberland County",1,78,607,266,341
050,42,097,"Pennsylvania","Northumberland County",1,79,563,263,300
050,42,097,"Pennsylvania","Northumberland County",1,80,557,242,315
050,42,097,"Pennsylvania","Northumberland County",1,81,519,211,308
050,42,097,"Pennsylvania","Northumberland County",1,82,503,213,290
050,42,097,"Pennsylvania","Northumberland County",1,83,441,174,267
050,42,097,"Pennsylvania","Northumberland County",1,84,411,152,259
050,42,097,"Pennsylvania","Northumberland County",1,85,2453,839,1614
050,42,097,"Pennsylvania","Northumberland County",2,0,873,437,436
050,42,097,"Pennsylvania","Northumberland County",2,1,909,463,446
050,42,097,"Pennsylvania","Northumberland County",2,2,960,495,465
050,42,097,"Pennsylvania","Northumberland County",2,3,941,490,451
050,42,097,"Pennsylvania","Northumberland County",2,4,994,524,470
050,42,097,"Pennsylvania","Northumberland County",2,5,994,514,480
050,42,097,"Pennsylvania","Northumberland County",2,6,978,510,468
050,42,097,"Pennsylvania","Northumberland County",2,7,968,511,457
050,42,097,"Pennsylvania","Northumberland County",2,8,956,494,462
050,42,097,"Pennsylvania","Northumberland County",2,9,992,497,495
050,42,097,"Pennsylvania","Northumberland County",2,10,1012,514,498
050,42,097,"Pennsylvania","Northumberland County",2,11,1051,541,510
050,42,097,"Pennsylvania","Northumberland County",2,12,1072,549,523
050,42,097,"Pennsylvania","Northumberland County",2,13,1073,547,526
050,42,097,"Pennsylvania","Northumberland County",2,14,1090,566,524
050,42,097,"Pennsylvania","Northumberland County",2,15,1069,562,507
050,42,097,"Pennsylvania","Northumberland County",2,16,1052,549,503
050,42,097,"Pennsylvania","Northumberland County",2,17,1047,546,501
050,42,097,"Pennsylvania","Northumberland County",2,18,916,485,431
050,42,097,"Pennsylvania","Northumberland County",2,19,760,396,364
050,42,097,"Pennsylvania","Northumberland County",2,20,863,464,399
050,42,097,"Pennsylvania","Northumberland County",2,21,937,522,415
050,42,097,"Pennsylvania","Northumberland County",2,22,998,557,441
050,42,097,"Pennsylvania","Northumberland County",2,23,1008,565,443
050,42,097,"Pennsylvania","Northumberland County",2,24,1036,571,465
050,42,097,"Pennsylvania","Northumberland County",2,25,1081,590,491
050,42,097,"Pennsylvania","Northumberland County",2,26,1071,576,495
050,42,097,"Pennsylvania","Northumberland County",2,27,1114,602,512
050,42,097,"Pennsylvania","Northumberland County",2,28,1096,570,526
050,42,097,"Pennsylvania","Northumberland County",2,29,1122,592,530
050,42,097,"Pennsylvania","Northumberland County",2,30,1172,626,546
050,42,097,"Pennsylvania","Northumberland County",2,31,1138,626,512
050,42,097,"Pennsylvania","Northumberland County",2,32,1112,621,491
050,42,097,"Pennsylvania","Northumberland County",2,33,1127,609,518
050,42,097,"Pennsylvania","Northumberland County",2,34,1116,581,535
050,42,097,"Pennsylvania","Northumberland County",2,35,1096,569,527
050,42,097,"Pennsylvania","Northumberland County",2,36,1138,612,526
050,42,097,"Pennsylvania","Northumberland County",2,37,1131,607,524
050,42,097,"Pennsylvania","Northumberland County",2,38,1134,591,543
050,42,097,"Pennsylvania","Northumberland County",2,39,1111,579,532
050,42,097,"Pennsylvania","Northumberland County",2,40,1086,578,508
050,42,097,"Pennsylvania","Northumberland County",2,41,1070,562,508
050,42,097,"Pennsylvania","Northumberland County",2,42,1050,561,489
050,42,097,"Pennsylvania","Northumberland County",2,43,1027,551,476
050,42,097,"Pennsylvania","Northumberland County",2,44,974,518,456
050,42,097,"Pennsylvania","Northumberland County",2,45,1006,535,471
050,42,097,"Pennsylvania","Northumberland County",2,46,1033,538,495
050,42,097,"Pennsylvania","Northumberland County",2,47,1085,560,525
050,42,097,"Pennsylvania","Northumberland County",2,48,1159,606,553
050,42,097,"Pennsylvania","Northumberland County",2,49,1247,660,587
050,42,097,"Pennsylvania","Northumberland County",2,50,1225,656,569
050,42,097,"Pennsylvania","Northumberland County",2,51,1199,638,561
050,42,097,"Pennsylvania","Northumberland County",2,52,1193,623,570
050,42,097,"Pennsylvania","Northumberland County",2,53,1213,625,588
050,42,097,"Pennsylvania","Northumberland County",2,54,1250,650,600
050,42,097,"Pennsylvania","Northumberland County",2,55,1335,681,654
050,42,097,"Pennsylvania","Northumberland County",2,56,1440,742,698
050,42,097,"Pennsylvania","Northumberland County",2,57,1384,691,693
050,42,097,"Pennsylvania","Northumberland County",2,58,1397,703,694
050,42,097,"Pennsylvania","Northumberland County",2,59,1380,701,679
050,42,097,"Pennsylvania","Northumberland County",2,60,1361,685,676
050,42,097,"Pennsylvania","Northumberland County",2,61,1383,662,721
050,42,097,"Pennsylvania","Northumberland County",2,62,1426,685,741
050,42,097,"Pennsylvania","Northumberland County",2,63,1367,680,687
050,42,097,"Pennsylvania","Northumberland County",2,64,1330,668,662
050,42,097,"Pennsylvania","Northumberland County",2,65,1343,685,658
050,42,097,"Pennsylvania","Northumberland County",2,66,1321,668,653
050,42,097,"Pennsylvania","Northumberland County",2,67,1255,625,630
050,42,097,"Pennsylvania","Northumberland County",2,68,1222,605,617
050,42,097,"Pennsylvania","Northumberland County",2,69,1115,542,573
050,42,097,"Pennsylvania","Northumberland County",2,70,1050,509,541
050,42,097,"Pennsylvania","Northumberland County",2,71,1055,501,554
050,42,097,"Pennsylvania","Northumberland County",2,72,1093,514,579
050,42,097,"Pennsylvania","Northumberland County",2,73,1170,547,623
050,42,097,"Pennsylvania","Northumberland County",2,74,784,357,427
050,42,097,"Pennsylvania","Northumberland County",2,75,729,332,397
050,42,097,"Pennsylvania","Northumberland County",2,76,714,337,377
050,42,097,"Pennsylvania","Northumberland County",2,77,735,340,395
050,42,097,"Pennsylvania","Northumberland County",2,78,617,274,343
050,42,097,"Pennsylvania","Northumberland County",2,79,558,256,302
050,42,097,"Pennsylvania","Northumberland County",2,80,550,245,305
050,42,097,"Pennsylvania","Northumberland County",2,81,518,211,307
050,42,097,"Pennsylvania","Northumberland County",2,82,495,204,291
050,42,097,"Pennsylvania","Northumberland County",2,83,444,177,267
050,42,097,"Pennsylvania","Northumberland County",2,84,411,154,257
050,42,097,"Pennsylvania","Northumberland County",2,85,2438,837,1601
050,42,097,"Pennsylvania","Northumberland County",3,0,897,477,420
050,42,097,"Pennsylvania","Northumberland County",3,1,906,445,461
050,42,097,"Pennsylvania","Northumberland County",3,2,889,453,436
050,42,097,"Pennsylvania","Northumberland County",3,3,955,491,464
050,42,097,"Pennsylvania","Northumberland County",3,4,943,496,447
050,42,097,"Pennsylvania","Northumberland County",3,5,993,516,477
050,42,097,"Pennsylvania","Northumberland County",3,6,1010,520,490
050,42,097,"Pennsylvania","Northumberland County",3,7,990,522,468
050,42,097,"Pennsylvania","Northumberland County",3,8,976,506,470
050,42,097,"Pennsylvania","Northumberland County",3,9,968,508,460
050,42,097,"Pennsylvania","Northumberland County",3,10,992,499,493
050,42,097,"Pennsylvania","Northumberland County",3,11,1018,516,502
050,42,097,"Pennsylvania","Northumberland County",3,12,1061,535,526
050,42,097,"Pennsylvania","Northumberland County",3,13,1085,551,534
050,42,097,"Pennsylvania","Northumberland County",3,14,1104,560,544
050,42,097,"Pennsylvania","Northumberland County",3,15,1099,573,526
050,42,097,"Pennsylvania","Northumberland County",3,16,1084,569,515
050,42,097,"Pennsylvania","Northumberland County",3,17,1048,544,504
050,42,097,"Pennsylvania","Northumberland County",3,18,909,490,419
050,42,097,"Pennsylvania","Northumberland County",3,19,739,385,354
050,42,097,"Pennsylvania","Northumberland County",3,20,875,473,402
050,42,097,"Pennsylvania","Northumberland County",3,21,941,510,431
050,42,097,"Pennsylvania","Northumberland County",3,22,998,531,467
050,42,097,"Pennsylvania","Northumberland County",3,23,1020,561,459
050,42,097,"Pennsylvania","Northumberland County",3,24,951,528,423
050,42,097,"Pennsylvania","Northumberland County",3,25,1052,594,458
050,42,097,"Pennsylvania","Northumberland County",3,26,1080,578,502
050,42,097,"Pennsylvania","Northumberland County",3,27,1067,577,490
050,42,097,"Pennsylvania","Northumberland County",3,28,1086,572,514
050,42,097,"Pennsylvania","Northumberland County",3,29,1115,583,532
050,42,097,"Pennsylvania","Northumberland County",3,30,1125,584,541
050,42,097,"Pennsylvania","Northumberland County",3,31,1168,608,560
050,42,097,"Pennsylvania","Northumberland County",3,32,1150,638,512
050,42,097,"Pennsylvania","Northumberland County",3,33,1088,604,484
050,42,097,"Pennsylvania","Northumberland County",3,34,1103,580,523
050,42,097,"Pennsylvania","Northumberland County",3,35,1095,560,535
050,42,097,"Pennsylvania","Northumberland County",3,36,1125,590,535
050,42,097,"Pennsylvania","Northumberland County",3,37,1118,591,527
050,42,097,"Pennsylvania","Northumberland County",3,38,1131,604,527
050,42,097,"Pennsylvania","Northumberland County",3,39,1128,585,543
050,42,097,"Pennsylvania","Northumberland County",3,40,1114,587,527
050,42,097,"Pennsylvania","Northumberland County",3,41,1076,568,508
050,42,097,"Pennsylvania","Northumberland County",3,42,1078,571,507
050,42,097,"Pennsylvania","Northumberland County",3,43,1068,576,492
050,42,097,"Pennsylvania","Northumberland County",3,44,1010,529,481
050,42,097,"Pennsylvania","Northumberland County",3,45,960,508,452
050,42,097,"Pennsylvania","Northumberland County",3,46,1009,531,478
050,42,097,"Pennsylvania","Northumberland County",3,47,1035,536,499
050,42,097,"Pennsylvania","Northumberland County",3,48,1096,569,527
050,42,097,"Pennsylvania","Northumberland County",3,49,1158,613,545
050,42,097,"Pennsylvania","Northumberland County",3,50,1236,651,585
050,42,097,"Pennsylvania","Northumberland County",3,51,1204,635,569
050,42,097,"Pennsylvania","Northumberland County",3,52,1168,623,545
050,42,097,"Pennsylvania","Northumberland County",3,53,1182,612,570
050,42,097,"Pennsylvania","Northumberland County",3,54,1206,629,577
050,42,097,"Pennsylvania","Northumberland County",3,55,1222,618,604
050,42,097,"Pennsylvania","Northumberland County",3,56,1329,683,646
050,42,097,"Pennsylvania","Northumberland County",3,57,1427,723,704
050,42,097,"Pennsylvania","Northumberland County",3,58,1385,701,684
050,42,097,"Pennsylvania","Northumberland County",3,59,1363,683,680
050,42,097,"Pennsylvania","Northumberland County",3,60,1342,670,672
050,42,097,"Pennsylvania","Northumberland County",3,61,1334,668,666
050,42,097,"Pennsylvania","Northumberland County",3,62,1391,673,718
050,42,097,"Pennsylvania","Northumberland County",3,63,1397,674,723
050,42,097,"Pennsylvania","Northumberland County",3,64,1338,658,680
050,42,097,"Pennsylvania","Northumberland County",3,65,1314,660,654
050,42,097,"Pennsylvania","Northumberland County",3,66,1319,668,651
050,42,097,"Pennsylvania","Northumberland County",3,67,1300,659,641
050,42,097,"Pennsylvania","Northumberland County",3,68,1245,614,631
050,42,097,"Pennsylvania","Northumberland County",3,69,1188,582,606
050,42,097,"Pennsylvania","Northumberland County",3,70,1096,524,572
050,42,097,"Pennsylvania","Northumberland County",3,71,999,476,523
050,42,097,"Pennsylvania","Northumberland County",3,72,1031,480,551
050,42,097,"Pennsylvania","Northumberland County",3,73,1073,504,569
050,42,097,"Pennsylvania","Northumberland County",3,74,1129,528,601
050,42,097,"Pennsylvania","Northumberland County",3,75,749,333,416
050,42,097,"Pennsylvania","Northumberland County",3,76,706,322,384
050,42,097,"Pennsylvania","Northumberland County",3,77,676,309,367
050,42,097,"Pennsylvania","Northumberland County",3,78,690,322,368
050,42,097,"Pennsylvania","Northumberland County",3,79,565,251,314
050,42,097,"Pennsylvania","Northumberland County",3,80,519,231,288
050,42,097,"Pennsylvania","Northumberland County",3,81,505,212,293
050,42,097,"Pennsylvania","Northumberland County",3,82,479,186,293
050,42,097,"Pennsylvania","Northumberland County",3,83,443,178,265
050,42,097,"Pennsylvania","Northumberland County",3,84,412,161,251
050,42,097,"Pennsylvania","Northumberland County",3,85,2341,808,1533
050,42,097,"Pennsylvania","Northumberland County",4,0,880,438,442
050,42,097,"Pennsylvania","Northumberland County",4,1,884,462,422
050,42,097,"Pennsylvania","Northumberland County",4,2,895,442,453
050,42,097,"Pennsylvania","Northumberland County",4,3,922,484,438
050,42,097,"Pennsylvania","Northumberland County",4,4,948,489,459
050,42,097,"Pennsylvania","Northumberland County",4,5,935,491,444
050,42,097,"Pennsylvania","Northumberland County",4,6,978,502,476
050,42,097,"Pennsylvania","Northumberland County",4,7,1016,540,476
050,42,097,"Pennsylvania","Northumberland County",4,8,979,520,459
050,42,097,"Pennsylvania","Northumberland County",4,9,991,508,483
050,42,097,"Pennsylvania","Northumberland County",4,10,959,499,460
050,42,097,"Pennsylvania","Northumberland County",4,11,1005,504,501
050,42,097,"Pennsylvania","Northumberland County",4,12,1016,514,502
050,42,097,"Pennsylvania","Northumberland County",4,13,1063,539,524
050,42,097,"Pennsylvania","Northumberland County",4,14,1084,548,536
050,42,097,"Pennsylvania","Northumberland County",4,15,1115,573,542
050,42,097,"Pennsylvania","Northumberland County",4,16,1120,587,533
050,42,097,"Pennsylvania","Northumberland County",4,17,1106,585,521
050,42,097,"Pennsylvania","Northumberland County",4,18,875,466,409
050,42,097,"Pennsylvania","Northumberland County",4,19,700,377,323
050,42,097,"Pennsylvania","Northumberland County",4,20,844,446,398
050,42,097,"Pennsylvania","Northumberland County",4,21,962,526,436
050,42,097,"Pennsylvania","Northumberland County",4,22,958,505,453
050,42,097,"Pennsylvania","Northumberland County",4,23,1023,540,483
050,42,097,"Pennsylvania","Northumberland County",4,24,988,547,441
050,42,097,"Pennsylvania","Northumberland County",4,25,967,532,435
050,42,097,"Pennsylvania","Northumberland County",4,26,1033,578,455
050,42,097,"Pennsylvania","Northumberland County",4,27,1044,554,490
050,42,097,"Pennsylvania","Northumberland County",4,28,1013,527,486
050,42,097,"Pennsylvania","Northumberland County",4,29,1102,591,511
050,42,097,"Pennsylvania","Northumberland County",4,30,1102,578,524
050,42,097,"Pennsylvania","Northumberland County",4,31,1086,567,519
050,42,097,"Pennsylvania","Northumberland County",4,32,1160,599,561
050,42,097,"Pennsylvania","Northumberland County",4,33,1129,622,507
050,42,097,"Pennsylvania","Northumberland County",4,34,1052,568,484
050,42,097,"Pennsylvania","Northumberland County",4,35,1083,566,517
050,42,097,"Pennsylvania","Northumberland County",4,36,1124,581,543
050,42,097,"Pennsylvania","Northumberland County",4,37,1115,572,543
050,42,097,"Pennsylvania","Northumberland County",4,38,1086,571,515
050,42,097,"Pennsylvania","Northumberland County",4,39,1108,587,521
050,42,097,"Pennsylvania","Northumberland County",4,40,1118,576,542
050,42,097,"Pennsylvania","Northumberland County",4,41,1090,558,532
050,42,097,"Pennsylvania","Northumberland County",4,42,1071,571,500
050,42,097,"Pennsylvania","Northumberland County",4,43,1088,572,516
050,42,097,"Pennsylvania","Northumberland County",4,44,1065,557,508
050,42,097,"Pennsylvania","Northumberland County",4,45,1003,518,485
050,42,097,"Pennsylvania","Northumberland County",4,46,968,510,458
050,42,097,"Pennsylvania","Northumberland County",4,47,1004,521,483
050,42,097,"Pennsylvania","Northumberland County",4,48,1025,530,495
050,42,097,"Pennsylvania","Northumberland County",4,49,1077,556,521
050,42,097,"Pennsylvania","Northumberland County",4,50,1142,593,549
050,42,097,"Pennsylvania","Northumberland County",4,51,1221,628,593
050,42,097,"Pennsylvania","Northumberland County",4,52,1184,623,561
050,42,097,"Pennsylvania","Northumberland County",4,53,1157,623,534
050,42,097,"Pennsylvania","Northumberland County",4,54,1177,617,560
050,42,097,"Pennsylvania","Northumberland County",4,55,1172,599,573
050,42,097,"Pennsylvania","Northumberland County",4,56,1224,618,606
050,42,097,"Pennsylvania","Northumberland County",4,57,1306,663,643
050,42,097,"Pennsylvania","Northumberland County",4,58,1406,711,695
050,42,097,"Pennsylvania","Northumberland County",4,59,1375,691,684
050,42,097,"Pennsylvania","Northumberland County",4,60,1352,679,673
050,42,097,"Pennsylvania","Northumberland County",4,61,1326,651,675
050,42,097,"Pennsylvania","Northumberland County",4,62,1331,674,657
050,42,097,"Pennsylvania","Northumberland County",4,63,1360,656,704
050,42,097,"Pennsylvania","Northumberland County",4,64,1378,667,711
050,42,097,"Pennsylvania","Northumberland County",4,65,1316,657,659
050,42,097,"Pennsylvania","Northumberland County",4,66,1284,639,645
050,42,097,"Pennsylvania","Northumberland County",4,67,1287,654,633
050,42,097,"Pennsylvania","Northumberland County",4,68,1282,645,637
050,42,097,"Pennsylvania","Northumberland County",4,69,1208,595,613
050,42,097,"Pennsylvania","Northumberland County",4,70,1178,570,608
050,42,097,"Pennsylvania","Northumberland County",4,71,1052,491,561
050,42,097,"Pennsylvania","Northumberland County",4,72,968,457,511
050,42,097,"Pennsylvania","Northumberland County",4,73,998,460,538
050,42,097,"Pennsylvania","Northumberland County",4,74,1047,490,557
050,42,097,"Pennsylvania","Northumberland County",4,75,1079,502,577
050,42,097,"Pennsylvania","Northumberland County",4,76,727,326,401
050,42,097,"Pennsylvania","Northumberland County",4,77,669,300,369
050,42,097,"Pennsylvania","Northumberland County",4,78,640,293,347
050,42,097,"Pennsylvania","Northumberland County",4,79,665,304,361
050,42,097,"Pennsylvania","Northumberland County",4,80,531,231,300
050,42,097,"Pennsylvania","Northumberland County",4,81,493,206,287
050,42,097,"Pennsylvania","Northumberland County",4,82,472,191,281
050,42,097,"Pennsylvania","Northumberland County",4,83,434,164,270
050,42,097,"Pennsylvania","Northumberland County",4,84,418,163,255
050,42,097,"Pennsylvania","Northumberland County",4,85,2305,791,1514
050,42,097,"Pennsylvania","Northumberland County",5,0,869,432,437
050,42,097,"Pennsylvania","Northumberland County",5,1,919,457,462
050,42,097,"Pennsylvania","Northumberland County",5,2,882,442,440
050,42,097,"Pennsylvania","Northumberland County",5,3,916,460,456
050,42,097,"Pennsylvania","Northumberland County",5,4,944,491,453
050,42,097,"Pennsylvania","Northumberland County",5,5,956,480,476
050,42,097,"Pennsylvania","Northumberland County",5,6,924,485,439
050,42,097,"Pennsylvania","Northumberland County",5,7,991,503,488
050,42,097,"Pennsylvania","Northumberland County",5,8,1006,527,479
050,42,097,"Pennsylvania","Northumberland County",5,9,986,531,455
050,42,097,"Pennsylvania","Northumberland County",5,10,1006,514,492
050,42,097,"Pennsylvania","Northumberland County",5,11,968,511,457
050,42,097,"Pennsylvania","Northumberland County",5,12,991,500,491
050,42,097,"Pennsylvania","Northumberland County",5,13,1011,522,489
050,42,097,"Pennsylvania","Northumberland County",5,14,1050,530,520
050,42,097,"Pennsylvania","Northumberland County",5,15,1102,571,531
050,42,097,"Pennsylvania","Northumberland County",5,16,1138,586,552
050,42,097,"Pennsylvania","Northumberland County",5,17,1123,603,520
050,42,097,"Pennsylvania","Northumberland County",5,18,920,501,419
050,42,097,"Pennsylvania","Northumberland County",5,19,693,361,332
050,42,097,"Pennsylvania","Northumberland County",5,20,843,462,381
050,42,097,"Pennsylvania","Northumberland County",5,21,972,525,447
050,42,097,"Pennsylvania","Northumberland County",5,22,1039,562,477
050,42,097,"Pennsylvania","Northumberland County",5,23,990,530,460
050,42,097,"Pennsylvania","Northumberland County",5,24,1012,530,482
050,42,097,"Pennsylvania","Northumberland County",5,25,983,562,421
050,42,097,"Pennsylvania","Northumberland County",5,26,972,553,419
050,42,097,"Pennsylvania","Northumberland County",5,27,1058,600,458
050,42,097,"Pennsylvania","Northumberland County",5,28,1015,533,482
050,42,097,"Pennsylvania","Northumberland County",5,29,1025,550,475
050,42,097,"Pennsylvania","Northumberland County",5,30,1115,603,512
050,42,097,"Pennsylvania","Northumberland County",5,31,1121,583,538
050,42,097,"Pennsylvania","Northumberland County",5,32,1106,586,520
050,42,097,"Pennsylvania","Northumberland County",5,33,1181,608,573
050,42,097,"Pennsylvania","Northumberland County",5,34,1127,616,511
050,42,097,"Pennsylvania","Northumberland County",5,35,1058,577,481
050,42,097,"Pennsylvania","Northumberland County",5,36,1111,586,525
050,42,097,"Pennsylvania","Northumberland County",5,37,1138,584,554
050,42,097,"Pennsylvania","Northumberland County",5,38,1136,588,548
050,42,097,"Pennsylvania","Northumberland County",5,39,1096,584,512
050,42,097,"Pennsylvania","Northumberland County",5,40,1121,592,529
050,42,097,"Pennsylvania","Northumberland County",5,41,1118,584,534
050,42,097,"Pennsylvania","Northumberland County",5,42,1101,571,530
050,42,097,"Pennsylvania","Northumberland County",5,43,1091,590,501
050,42,097,"Pennsylvania","Northumberland County",5,44,1065,550,515
050,42,097,"Pennsylvania","Northumberland County",5,45,1042,550,492
050,42,097,"Pennsylvania","Northumberland County",5,46,993,517,476
050,42,097,"Pennsylvania","Northumberland County",5,47,979,515,464
050,42,097,"Pennsylvania","Northumberland County",5,48,1006,531,475
050,42,097,"Pennsylvania","Northumberland County",5,49,1040,541,499
050,42,097,"Pennsylvania","Northumberland County",5,50,1067,560,507
050,42,097,"Pennsylvania","Northumberland County",5,51,1117,570,547
050,42,097,"Pennsylvania","Northumberland County",5,52,1209,618,591
050,42,097,"Pennsylvania","Northumberland County",5,53,1175,629,546
050,42,097,"Pennsylvania","Northumberland County",5,54,1152,626,526
050,42,097,"Pennsylvania","Northumberland County",5,55,1160,597,563
050,42,097,"Pennsylvania","Northumberland County",5,56,1187,616,571
050,42,097,"Pennsylvania","Northumberland County",5,57,1215,614,601
050,42,097,"Pennsylvania","Northumberland County",5,58,1303,670,633
050,42,097,"Pennsylvania","Northumberland County",5,59,1394,703,691
050,42,097,"Pennsylvania","Northumberland County",5,60,1369,682,687
050,42,097,"Pennsylvania","Northumberland County",5,61,1337,671,666
050,42,097,"Pennsylvania","Northumberland County",5,62,1321,656,665
050,42,097,"Pennsylvania","Northumberland County",5,63,1300,658,642
050,42,097,"Pennsylvania","Northumberland County",5,64,1334,642,692
050,42,097,"Pennsylvania","Northumberland County",5,65,1371,670,701
050,42,097,"Pennsylvania","Northumberland County",5,66,1278,635,643
050,42,097,"Pennsylvania","Northumberland County",5,67,1259,627,632
050,42,097,"Pennsylvania","Northumberland County",5,68,1268,643,625
050,42,097,"Pennsylvania","Northumberland County",5,69,1252,632,620
050,42,097,"Pennsylvania","Northumberland County",5,70,1187,579,608
050,42,097,"Pennsylvania","Northumberland County",5,71,1144,547,597
050,42,097,"Pennsylvania","Northumberland County",5,72,1025,481,544
050,42,097,"Pennsylvania","Northumberland County",5,73,945,447,498
050,42,097,"Pennsylvania","Northumberland County",5,74,977,444,533
050,42,097,"Pennsylvania","Northumberland County",5,75,1012,470,542
050,42,097,"Pennsylvania","Northumberland County",5,76,1049,490,559
050,42,097,"Pennsylvania","Northumberland County",5,77,690,306,384
050,42,097,"Pennsylvania","Northumberland County",5,78,647,290,357
050,42,097,"Pennsylvania","Northumberland County",5,79,622,285,337
050,42,097,"Pennsylvania","Northumberland County",5,80,632,287,345
050,42,097,"Pennsylvania","Northumberland County",5,81,493,206,287
050,42,097,"Pennsylvania","Northumberland County",5,82,467,192,275
050,42,097,"Pennsylvania","Northumberland County",5,83,432,173,259
050,42,097,"Pennsylvania","Northumberland County",5,84,405,149,256
050,42,097,"Pennsylvania","Northumberland County",5,85,2276,788,1488
050,42,099,"Pennsylvania","Perry County",1,0,480,243,237
050,42,099,"Pennsylvania","Perry County",1,1,482,237,245
050,42,099,"Pennsylvania","Perry County",1,2,522,264,258
050,42,099,"Pennsylvania","Perry County",1,3,515,253,262
050,42,099,"Pennsylvania","Perry County",1,4,540,266,274
050,42,099,"Pennsylvania","Perry County",1,5,550,292,258
050,42,099,"Pennsylvania","Perry County",1,6,538,284,254
050,42,099,"Pennsylvania","Perry County",1,7,546,274,272
050,42,099,"Pennsylvania","Perry County",1,8,551,279,272
050,42,099,"Pennsylvania","Perry County",1,9,576,292,284
050,42,099,"Pennsylvania","Perry County",1,10,536,291,245
050,42,099,"Pennsylvania","Perry County",1,11,544,293,251
050,42,099,"Pennsylvania","Perry County",1,12,551,294,257
050,42,099,"Pennsylvania","Perry County",1,13,576,319,257
050,42,099,"Pennsylvania","Perry County",1,14,556,298,258
050,42,099,"Pennsylvania","Perry County",1,15,553,285,268
050,42,099,"Pennsylvania","Perry County",1,16,552,281,271
050,42,099,"Pennsylvania","Perry County",1,17,551,292,259
050,42,099,"Pennsylvania","Perry County",1,18,459,251,208
050,42,099,"Pennsylvania","Perry County",1,19,394,207,187
050,42,099,"Pennsylvania","Perry County",1,20,408,226,182
050,42,099,"Pennsylvania","Perry County",1,21,426,227,199
050,42,099,"Pennsylvania","Perry County",1,22,435,224,211
050,42,099,"Pennsylvania","Perry County",1,23,439,225,214
050,42,099,"Pennsylvania","Perry County",1,24,493,255,238
050,42,099,"Pennsylvania","Perry County",1,25,494,264,230
050,42,099,"Pennsylvania","Perry County",1,26,512,261,251
050,42,099,"Pennsylvania","Perry County",1,27,550,282,268
050,42,099,"Pennsylvania","Perry County",1,28,571,286,285
050,42,099,"Pennsylvania","Perry County",1,29,554,286,268
050,42,099,"Pennsylvania","Perry County",1,30,561,289,272
050,42,099,"Pennsylvania","Perry County",1,31,576,300,276
050,42,099,"Pennsylvania","Perry County",1,32,529,278,251
050,42,099,"Pennsylvania","Perry County",1,33,544,284,260
050,42,099,"Pennsylvania","Perry County",1,34,548,271,277
050,42,099,"Pennsylvania","Perry County",1,35,543,265,278
050,42,099,"Pennsylvania","Perry County",1,36,526,265,261
050,42,099,"Pennsylvania","Perry County",1,37,569,286,283
050,42,099,"Pennsylvania","Perry County",1,38,552,281,271
050,42,099,"Pennsylvania","Perry County",1,39,558,300,258
050,42,099,"Pennsylvania","Perry County",1,40,571,313,258
050,42,099,"Pennsylvania","Perry County",1,41,549,288,261
050,42,099,"Pennsylvania","Perry County",1,42,545,263,282
050,42,099,"Pennsylvania","Perry County",1,43,502,245,257
050,42,099,"Pennsylvania","Perry County",1,44,520,259,261
050,42,099,"Pennsylvania","Perry County",1,45,529,265,264
050,42,099,"Pennsylvania","Perry County",1,46,502,255,247
050,42,099,"Pennsylvania","Perry County",1,47,554,291,263
050,42,099,"Pennsylvania","Perry County",1,48,639,317,322
050,42,099,"Pennsylvania","Perry County",1,49,697,347,350
050,42,099,"Pennsylvania","Perry County",1,50,649,339,310
050,42,099,"Pennsylvania","Perry County",1,51,606,313,293
050,42,099,"Pennsylvania","Perry County",1,52,654,326,328
050,42,099,"Pennsylvania","Perry County",1,53,679,358,321
050,42,099,"Pennsylvania","Perry County",1,54,730,389,341
050,42,099,"Pennsylvania","Perry County",1,55,722,377,345
050,42,099,"Pennsylvania","Perry County",1,56,727,380,347
050,42,099,"Pennsylvania","Perry County",1,57,708,370,338
050,42,099,"Pennsylvania","Perry County",1,58,712,353,359
050,42,099,"Pennsylvania","Perry County",1,59,690,360,330
050,42,099,"Pennsylvania","Perry County",1,60,711,366,345
050,42,099,"Pennsylvania","Perry County",1,61,726,353,373
050,42,099,"Pennsylvania","Perry County",1,62,736,355,381
050,42,099,"Pennsylvania","Perry County",1,63,678,339,339
050,42,099,"Pennsylvania","Perry County",1,64,681,336,345
050,42,099,"Pennsylvania","Perry County",1,65,661,326,335
050,42,099,"Pennsylvania","Perry County",1,66,633,321,312
050,42,099,"Pennsylvania","Perry County",1,67,631,328,303
050,42,099,"Pennsylvania","Perry County",1,68,602,311,291
050,42,099,"Pennsylvania","Perry County",1,69,573,289,284
050,42,099,"Pennsylvania","Perry County",1,70,566,291,275
050,42,099,"Pennsylvania","Perry County",1,71,543,283,260
050,42,099,"Pennsylvania","Perry County",1,72,520,256,264
050,42,099,"Pennsylvania","Perry County",1,73,541,281,260
050,42,099,"Pennsylvania","Perry County",1,74,338,177,161
050,42,099,"Pennsylvania","Perry County",1,75,306,147,159
050,42,099,"Pennsylvania","Perry County",1,76,322,152,170
050,42,099,"Pennsylvania","Perry County",1,77,325,143,182
050,42,099,"Pennsylvania","Perry County",1,78,289,127,162
050,42,099,"Pennsylvania","Perry County",1,79,286,150,136
050,42,099,"Pennsylvania","Perry County",1,80,222,117,105
050,42,099,"Pennsylvania","Perry County",1,81,187,79,108
050,42,099,"Pennsylvania","Perry County",1,82,183,77,106
050,42,099,"Pennsylvania","Perry County",1,83,150,59,91
050,42,099,"Pennsylvania","Perry County",1,84,146,52,94
050,42,099,"Pennsylvania","Perry County",1,85,829,262,567
050,42,099,"Pennsylvania","Perry County",2,0,487,237,250
050,42,099,"Pennsylvania","Perry County",2,1,480,240,240
050,42,099,"Pennsylvania","Perry County",2,2,508,256,252
050,42,099,"Pennsylvania","Perry County",2,3,517,255,262
050,42,099,"Pennsylvania","Perry County",2,4,534,263,271
050,42,099,"Pennsylvania","Perry County",2,5,547,287,260
050,42,099,"Pennsylvania","Perry County",2,6,542,288,254
050,42,099,"Pennsylvania","Perry County",2,7,544,278,266
050,42,099,"Pennsylvania","Perry County",2,8,548,275,273
050,42,099,"Pennsylvania","Perry County",2,9,570,288,282
050,42,099,"Pennsylvania","Perry County",2,10,544,291,253
050,42,099,"Pennsylvania","Perry County",2,11,540,292,248
050,42,099,"Pennsylvania","Perry County",2,12,554,298,256
050,42,099,"Pennsylvania","Perry County",2,13,567,311,256
050,42,099,"Pennsylvania","Perry County",2,14,562,304,258
050,42,099,"Pennsylvania","Perry County",2,15,553,287,266
050,42,099,"Pennsylvania","Perry County",2,16,555,284,271
050,42,099,"Pennsylvania","Perry County",2,17,555,291,264
050,42,099,"Pennsylvania","Perry County",2,18,461,249,212
050,42,099,"Pennsylvania","Perry County",2,19,391,207,184
050,42,099,"Pennsylvania","Perry County",2,20,413,224,189
050,42,099,"Pennsylvania","Perry County",2,21,427,229,198
050,42,099,"Pennsylvania","Perry County",2,22,434,223,211
050,42,099,"Pennsylvania","Perry County",2,23,446,230,216
050,42,099,"Pennsylvania","Perry County",2,24,484,253,231
050,42,099,"Pennsylvania","Perry County",2,25,492,260,232
050,42,099,"Pennsylvania","Perry County",2,26,512,264,248
050,42,099,"Pennsylvania","Perry County",2,27,539,276,263
050,42,099,"Pennsylvania","Perry County",2,28,564,287,277
050,42,099,"Pennsylvania","Perry County",2,29,559,287,272
050,42,099,"Pennsylvania","Perry County",2,30,565,292,273
050,42,099,"Pennsylvania","Perry County",2,31,572,297,275
050,42,099,"Pennsylvania","Perry County",2,32,543,288,255
050,42,099,"Pennsylvania","Perry County",2,33,539,280,259
050,42,099,"Pennsylvania","Perry County",2,34,549,275,274
050,42,099,"Pennsylvania","Perry County",2,35,547,268,279
050,42,099,"Pennsylvania","Perry County",2,36,527,265,262
050,42,099,"Pennsylvania","Perry County",2,37,558,282,276
050,42,099,"Pennsylvania","Perry County",2,38,553,281,272
050,42,099,"Pennsylvania","Perry County",2,39,555,296,259
050,42,099,"Pennsylvania","Perry County",2,40,572,312,260
050,42,099,"Pennsylvania","Perry County",2,41,556,294,262
050,42,099,"Pennsylvania","Perry County",2,42,541,266,275
050,42,099,"Pennsylvania","Perry County",2,43,517,252,265
050,42,099,"Pennsylvania","Perry County",2,44,511,254,257
050,42,099,"Pennsylvania","Perry County",2,45,528,264,264
050,42,099,"Pennsylvania","Perry County",2,46,506,256,250
050,42,099,"Pennsylvania","Perry County",2,47,541,281,260
050,42,099,"Pennsylvania","Perry County",2,48,617,311,306
050,42,099,"Pennsylvania","Perry County",2,49,685,340,345
050,42,099,"Pennsylvania","Perry County",2,50,661,342,319
050,42,099,"Pennsylvania","Perry County",2,51,616,319,297
050,42,099,"Pennsylvania","Perry County",2,52,640,322,318
050,42,099,"Pennsylvania","Perry County",2,53,677,352,325
050,42,099,"Pennsylvania","Perry County",2,54,716,381,335
050,42,099,"Pennsylvania","Perry County",2,55,722,380,342
050,42,099,"Pennsylvania","Perry County",2,56,731,383,348
050,42,099,"Pennsylvania","Perry County",2,57,708,370,338
050,42,099,"Pennsylvania","Perry County",2,58,709,357,352
050,42,099,"Pennsylvania","Perry County",2,59,697,361,336
050,42,099,"Pennsylvania","Perry County",2,60,702,361,341
050,42,099,"Pennsylvania","Perry County",2,61,719,354,365
050,42,099,"Pennsylvania","Perry County",2,62,728,353,375
050,42,099,"Pennsylvania","Perry County",2,63,698,347,351
050,42,099,"Pennsylvania","Perry County",2,64,672,332,340
050,42,099,"Pennsylvania","Perry County",2,65,664,326,338
050,42,099,"Pennsylvania","Perry County",2,66,638,320,318
050,42,099,"Pennsylvania","Perry County",2,67,628,324,304
050,42,099,"Pennsylvania","Perry County",2,68,601,313,288
050,42,099,"Pennsylvania","Perry County",2,69,583,297,286
050,42,099,"Pennsylvania","Perry County",2,70,564,288,276
050,42,099,"Pennsylvania","Perry County",2,71,543,280,263
050,42,099,"Pennsylvania","Perry County",2,72,512,257,255
050,42,099,"Pennsylvania","Perry County",2,73,560,288,272
050,42,099,"Pennsylvania","Perry County",2,74,357,186,171
050,42,099,"Pennsylvania","Perry County",2,75,315,156,159
050,42,099,"Pennsylvania","Perry County",2,76,311,147,164
050,42,099,"Pennsylvania","Perry County",2,77,332,149,183
050,42,099,"Pennsylvania","Perry County",2,78,287,124,163
050,42,099,"Pennsylvania","Perry County",2,79,283,142,141
050,42,099,"Pennsylvania","Perry County",2,80,233,125,108
050,42,099,"Pennsylvania","Perry County",2,81,195,86,109
050,42,099,"Pennsylvania","Perry County",2,82,181,77,104
050,42,099,"Pennsylvania","Perry County",2,83,154,63,91
050,42,099,"Pennsylvania","Perry County",2,84,145,54,91
050,42,099,"Pennsylvania","Perry County",2,85,832,256,576
050,42,099,"Pennsylvania","Perry County",3,0,474,258,216
050,42,099,"Pennsylvania","Perry County",3,1,482,225,257
050,42,099,"Pennsylvania","Perry County",3,2,494,250,244
050,42,099,"Pennsylvania","Perry County",3,3,481,233,248
050,42,099,"Pennsylvania","Perry County",3,4,531,265,266
050,42,099,"Pennsylvania","Perry County",3,5,535,266,269
050,42,099,"Pennsylvania","Perry County",3,6,546,282,264
050,42,099,"Pennsylvania","Perry County",3,7,542,291,251
050,42,099,"Pennsylvania","Perry County",3,8,543,284,259
050,42,099,"Pennsylvania","Perry County",3,9,558,282,276
050,42,099,"Pennsylvania","Perry County",3,10,582,297,285
050,42,099,"Pennsylvania","Perry County",3,11,557,298,259
050,42,099,"Pennsylvania","Perry County",3,12,532,286,246
050,42,099,"Pennsylvania","Perry County",3,13,546,293,253
050,42,099,"Pennsylvania","Perry County",3,14,571,315,256
050,42,099,"Pennsylvania","Perry County",3,15,569,309,260
050,42,099,"Pennsylvania","Perry County",3,16,549,284,265
050,42,099,"Pennsylvania","Perry County",3,17,553,293,260
050,42,099,"Pennsylvania","Perry County",3,18,453,240,213
050,42,099,"Pennsylvania","Perry County",3,19,376,202,174
050,42,099,"Pennsylvania","Perry County",3,20,419,217,202
050,42,099,"Pennsylvania","Perry County",3,21,450,250,200
050,42,099,"Pennsylvania","Perry County",3,22,453,231,222
050,42,099,"Pennsylvania","Perry County",3,23,462,246,216
050,42,099,"Pennsylvania","Perry County",3,24,464,235,229
050,42,099,"Pennsylvania","Perry County",3,25,478,242,236
050,42,099,"Pennsylvania","Perry County",3,26,516,264,252
050,42,099,"Pennsylvania","Perry County",3,27,510,265,245
050,42,099,"Pennsylvania","Perry County",3,28,551,286,265
050,42,099,"Pennsylvania","Perry County",3,29,570,295,275
050,42,099,"Pennsylvania","Perry County",3,30,565,281,284
050,42,099,"Pennsylvania","Perry County",3,31,602,310,292
050,42,099,"Pennsylvania","Perry County",3,32,567,301,266
050,42,099,"Pennsylvania","Perry County",3,33,525,278,247
050,42,099,"Pennsylvania","Perry County",3,34,557,296,261
050,42,099,"Pennsylvania","Perry County",3,35,554,284,270
050,42,099,"Pennsylvania","Perry County",3,36,552,272,280
050,42,099,"Pennsylvania","Perry County",3,37,528,267,261
050,42,099,"Pennsylvania","Perry County",3,38,552,278,274
050,42,099,"Pennsylvania","Perry County",3,39,550,276,274
050,42,099,"Pennsylvania","Perry County",3,40,554,296,258
050,42,099,"Pennsylvania","Perry County",3,41,571,316,255
050,42,099,"Pennsylvania","Perry County",3,42,565,302,263
050,42,099,"Pennsylvania","Perry County",3,43,550,271,279
050,42,099,"Pennsylvania","Perry County",3,44,526,257,269
050,42,099,"Pennsylvania","Perry County",3,45,505,251,254
050,42,099,"Pennsylvania","Perry County",3,46,535,266,269
050,42,099,"Pennsylvania","Perry County",3,47,508,259,249
050,42,099,"Pennsylvania","Perry County",3,48,539,277,262
050,42,099,"Pennsylvania","Perry County",3,49,637,322,315
050,42,099,"Pennsylvania","Perry County",3,50,696,350,346
050,42,099,"Pennsylvania","Perry County",3,51,660,335,325
050,42,099,"Pennsylvania","Perry County",3,52,615,318,297
050,42,099,"Pennsylvania","Perry County",3,53,648,330,318
050,42,099,"Pennsylvania","Perry County",3,54,670,347,323
050,42,099,"Pennsylvania","Perry County",3,55,716,377,339
050,42,099,"Pennsylvania","Perry County",3,56,721,385,336
050,42,099,"Pennsylvania","Perry County",3,57,719,375,344
050,42,099,"Pennsylvania","Perry County",3,58,719,376,343
050,42,099,"Pennsylvania","Perry County",3,59,706,346,360
050,42,099,"Pennsylvania","Perry County",3,60,691,359,332
050,42,099,"Pennsylvania","Perry County",3,61,709,364,345
050,42,099,"Pennsylvania","Perry County",3,62,710,353,357
050,42,099,"Pennsylvania","Perry County",3,63,727,357,370
050,42,099,"Pennsylvania","Perry County",3,64,695,337,358
050,42,099,"Pennsylvania","Perry County",3,65,679,335,344
050,42,099,"Pennsylvania","Perry County",3,66,649,320,329
050,42,099,"Pennsylvania","Perry County",3,67,630,311,319
050,42,099,"Pennsylvania","Perry County",3,68,619,323,296
050,42,099,"Pennsylvania","Perry County",3,69,604,310,294
050,42,099,"Pennsylvania","Perry County",3,70,559,282,277
050,42,099,"Pennsylvania","Perry County",3,71,536,274,262
050,42,099,"Pennsylvania","Perry County",3,72,527,270,257
050,42,099,"Pennsylvania","Perry County",3,73,492,247,245
050,42,099,"Pennsylvania","Perry County",3,74,541,270,271
050,42,099,"Pennsylvania","Perry County",3,75,352,180,172
050,42,099,"Pennsylvania","Perry County",3,76,301,148,153
050,42,099,"Pennsylvania","Perry County",3,77,303,134,169
050,42,099,"Pennsylvania","Perry County",3,78,307,138,169
050,42,099,"Pennsylvania","Perry County",3,79,271,119,152
050,42,099,"Pennsylvania","Perry County",3,80,254,128,126
050,42,099,"Pennsylvania","Perry County",3,81,221,111,110
050,42,099,"Pennsylvania","Perry County",3,82,173,74,99
050,42,099,"Pennsylvania","Perry County",3,83,156,64,92
050,42,099,"Pennsylvania","Perry County",3,84,145,61,84
050,42,099,"Pennsylvania","Perry County",3,85,833,251,582
050,42,099,"Pennsylvania","Perry County",4,0,451,223,228
050,42,099,"Pennsylvania","Perry County",4,1,453,245,208
050,42,099,"Pennsylvania","Perry County",4,2,487,232,255
050,42,099,"Pennsylvania","Perry County",4,3,512,260,252
050,42,099,"Pennsylvania","Perry County",4,4,502,246,256
050,42,099,"Pennsylvania","Perry County",4,5,540,280,260
050,42,099,"Pennsylvania","Perry County",4,6,557,279,278
050,42,099,"Pennsylvania","Perry County",4,7,559,287,272
050,42,099,"Pennsylvania","Perry County",4,8,556,296,260
050,42,099,"Pennsylvania","Perry County",4,9,558,291,267
050,42,099,"Pennsylvania","Perry County",4,10,566,286,280
050,42,099,"Pennsylvania","Perry County",4,11,586,300,286
050,42,099,"Pennsylvania","Perry County",4,12,558,300,258
050,42,099,"Pennsylvania","Perry County",4,13,533,285,248
050,42,099,"Pennsylvania","Perry County",4,14,570,306,264
050,42,099,"Pennsylvania","Perry County",4,15,567,318,249
050,42,099,"Pennsylvania","Perry County",4,16,576,314,262
050,42,099,"Pennsylvania","Perry County",4,17,551,289,262
050,42,099,"Pennsylvania","Perry County",4,18,461,246,215
050,42,099,"Pennsylvania","Perry County",4,19,349,185,164
050,42,099,"Pennsylvania","Perry County",4,20,386,206,180
050,42,099,"Pennsylvania","Perry County",4,21,427,227,200
050,42,099,"Pennsylvania","Perry County",4,22,471,256,215
050,42,099,"Pennsylvania","Perry County",4,23,475,251,224
050,42,099,"Pennsylvania","Perry County",4,24,468,251,217
050,42,099,"Pennsylvania","Perry County",4,25,467,234,233
050,42,099,"Pennsylvania","Perry County",4,26,498,254,244
050,42,099,"Pennsylvania","Perry County",4,27,513,267,246
050,42,099,"Pennsylvania","Perry County",4,28,497,257,240
050,42,099,"Pennsylvania","Perry County",4,29,571,304,267
050,42,099,"Pennsylvania","Perry County",4,30,576,281,295
050,42,099,"Pennsylvania","Perry County",4,31,573,276,297
050,42,099,"Pennsylvania","Perry County",4,32,612,323,289
050,42,099,"Pennsylvania","Perry County",4,33,586,315,271
050,42,099,"Pennsylvania","Perry County",4,34,534,280,254
050,42,099,"Pennsylvania","Perry County",4,35,554,291,263
050,42,099,"Pennsylvania","Perry County",4,36,568,295,273
050,42,099,"Pennsylvania","Perry County",4,37,563,281,282
050,42,099,"Pennsylvania","Perry County",4,38,532,264,268
050,42,099,"Pennsylvania","Perry County",4,39,559,280,279
050,42,099,"Pennsylvania","Perry County",4,40,570,294,276
050,42,099,"Pennsylvania","Perry County",4,41,551,296,255
050,42,099,"Pennsylvania","Perry County",4,42,569,315,254
050,42,099,"Pennsylvania","Perry County",4,43,546,292,254
050,42,099,"Pennsylvania","Perry County",4,44,574,279,295
050,42,099,"Pennsylvania","Perry County",4,45,533,253,280
050,42,099,"Pennsylvania","Perry County",4,46,489,246,243
050,42,099,"Pennsylvania","Perry County",4,47,534,265,269
050,42,099,"Pennsylvania","Perry County",4,48,513,258,255
050,42,099,"Pennsylvania","Perry County",4,49,544,278,266
050,42,099,"Pennsylvania","Perry County",4,50,635,317,318
050,42,099,"Pennsylvania","Perry County",4,51,688,347,341
050,42,099,"Pennsylvania","Perry County",4,52,661,334,327
050,42,099,"Pennsylvania","Perry County",4,53,620,321,299
050,42,099,"Pennsylvania","Perry County",4,54,644,330,314
050,42,099,"Pennsylvania","Perry County",4,55,670,347,323
050,42,099,"Pennsylvania","Perry County",4,56,714,370,344
050,42,099,"Pennsylvania","Perry County",4,57,722,384,338
050,42,099,"Pennsylvania","Perry County",4,58,721,375,346
050,42,099,"Pennsylvania","Perry County",4,59,722,385,337
050,42,099,"Pennsylvania","Perry County",4,60,685,333,352
050,42,099,"Pennsylvania","Perry County",4,61,697,353,344
050,42,099,"Pennsylvania","Perry County",4,62,703,362,341
050,42,099,"Pennsylvania","Perry County",4,63,703,356,347
050,42,099,"Pennsylvania","Perry County",4,64,700,341,359
050,42,099,"Pennsylvania","Perry County",4,65,687,332,355
050,42,099,"Pennsylvania","Perry County",4,66,675,332,343
050,42,099,"Pennsylvania","Perry County",4,67,641,318,323
050,42,099,"Pennsylvania","Perry County",4,68,622,306,316
050,42,099,"Pennsylvania","Perry County",4,69,625,320,305
050,42,099,"Pennsylvania","Perry County",4,70,591,306,285
050,42,099,"Pennsylvania","Perry County",4,71,547,272,275
050,42,099,"Pennsylvania","Perry County",4,72,524,262,262
050,42,099,"Pennsylvania","Perry County",4,73,503,253,250
050,42,099,"Pennsylvania","Perry County",4,74,490,241,249
050,42,099,"Pennsylvania","Perry County",4,75,542,263,279
050,42,099,"Pennsylvania","Perry County",4,76,336,173,163
050,42,099,"Pennsylvania","Perry County",4,77,291,135,156
050,42,099,"Pennsylvania","Perry County",4,78,284,129,155
050,42,099,"Pennsylvania","Perry County",4,79,299,134,165
050,42,099,"Pennsylvania","Perry County",4,80,247,106,141
050,42,099,"Pennsylvania","Perry County",4,81,247,116,131
050,42,099,"Pennsylvania","Perry County",4,82,193,101,92
050,42,099,"Pennsylvania","Perry County",4,83,152,60,92
050,42,099,"Pennsylvania","Perry County",4,84,145,57,88
050,42,099,"Pennsylvania","Perry County",4,85,842,253,589
050,42,099,"Pennsylvania","Perry County",5,0,426,211,215
050,42,099,"Pennsylvania","Perry County",5,1,436,209,227
050,42,099,"Pennsylvania","Perry County",5,2,459,245,214
050,42,099,"Pennsylvania","Perry County",5,3,502,237,265
050,42,099,"Pennsylvania","Perry County",5,4,518,259,259
050,42,099,"Pennsylvania","Perry County",5,5,490,238,252
050,42,099,"Pennsylvania","Perry County",5,6,533,276,257
050,42,099,"Pennsylvania","Perry County",5,7,551,270,281
050,42,099,"Pennsylvania","Perry County",5,8,556,284,272
050,42,099,"Pennsylvania","Perry County",5,9,563,302,261
050,42,099,"Pennsylvania","Perry County",5,10,561,290,271
050,42,099,"Pennsylvania","Perry County",5,11,559,276,283
050,42,099,"Pennsylvania","Perry County",5,12,613,316,297
050,42,099,"Pennsylvania","Perry County",5,13,560,300,260
050,42,099,"Pennsylvania","Perry County",5,14,537,287,250
050,42,099,"Pennsylvania","Perry County",5,15,568,304,264
050,42,099,"Pennsylvania","Perry County",5,16,573,319,254
050,42,099,"Pennsylvania","Perry County",5,17,583,319,264
050,42,099,"Pennsylvania","Perry County",5,18,450,243,207
050,42,099,"Pennsylvania","Perry County",5,19,354,195,159
050,42,099,"Pennsylvania","Perry County",5,20,390,206,184
050,42,099,"Pennsylvania","Perry County",5,21,422,224,198
050,42,099,"Pennsylvania","Perry County",5,22,472,238,234
050,42,099,"Pennsylvania","Perry County",5,23,482,267,215
050,42,099,"Pennsylvania","Perry County",5,24,485,264,221
050,42,099,"Pennsylvania","Perry County",5,25,471,252,219
050,42,099,"Pennsylvania","Perry County",5,26,469,228,241
050,42,099,"Pennsylvania","Perry County",5,27,497,253,244
050,42,099,"Pennsylvania","Perry County",5,28,516,269,247
050,42,099,"Pennsylvania","Perry County",5,29,501,269,232
050,42,099,"Pennsylvania","Perry County",5,30,570,301,269
050,42,099,"Pennsylvania","Perry County",5,31,587,294,293
050,42,099,"Pennsylvania","Perry County",5,32,570,279,291
050,42,099,"Pennsylvania","Perry County",5,33,601,310,291
050,42,099,"Pennsylvania","Perry County",5,34,588,314,274
050,42,099,"Pennsylvania","Perry County",5,35,545,287,258
050,42,099,"Pennsylvania","Perry County",5,36,564,304,260
050,42,099,"Pennsylvania","Perry County",5,37,559,281,278
050,42,099,"Pennsylvania","Perry County",5,38,567,280,287
050,42,099,"Pennsylvania","Perry County",5,39,529,258,271
050,42,099,"Pennsylvania","Perry County",5,40,560,283,277
050,42,099,"Pennsylvania","Perry County",5,41,597,308,289
050,42,099,"Pennsylvania","Perry County",5,42,550,287,263
050,42,099,"Pennsylvania","Perry County",5,43,571,315,256
050,42,099,"Pennsylvania","Perry County",5,44,553,289,264
050,42,099,"Pennsylvania","Perry County",5,45,574,279,295
050,42,099,"Pennsylvania","Perry County",5,46,542,256,286
050,42,099,"Pennsylvania","Perry County",5,47,490,254,236
050,42,099,"Pennsylvania","Perry County",5,48,524,261,263
050,42,099,"Pennsylvania","Perry County",5,49,503,256,247
050,42,099,"Pennsylvania","Perry County",5,50,546,279,267
050,42,099,"Pennsylvania","Perry County",5,51,652,323,329
050,42,099,"Pennsylvania","Perry County",5,52,685,341,344
050,42,099,"Pennsylvania","Perry County",5,53,666,338,328
050,42,099,"Pennsylvania","Perry County",5,54,626,316,310
050,42,099,"Pennsylvania","Perry County",5,55,637,323,314
050,42,099,"Pennsylvania","Perry County",5,56,668,347,321
050,42,099,"Pennsylvania","Perry County",5,57,701,371,330
050,42,099,"Pennsylvania","Perry County",5,58,726,380,346
050,42,099,"Pennsylvania","Perry County",5,59,710,368,342
050,42,099,"Pennsylvania","Perry County",5,60,714,381,333
050,42,099,"Pennsylvania","Perry County",5,61,681,326,355
050,42,099,"Pennsylvania","Perry County",5,62,686,351,335
050,42,099,"Pennsylvania","Perry County",5,63,692,354,338
050,42,099,"Pennsylvania","Perry County",5,64,683,345,338
050,42,099,"Pennsylvania","Perry County",5,65,684,324,360
050,42,099,"Pennsylvania","Perry County",5,66,683,333,350
050,42,099,"Pennsylvania","Perry County",5,67,662,327,335
050,42,099,"Pennsylvania","Perry County",5,68,632,313,319
050,42,099,"Pennsylvania","Perry County",5,69,621,304,317
050,42,099,"Pennsylvania","Perry County",5,70,614,310,304
050,42,099,"Pennsylvania","Perry County",5,71,574,292,282
050,42,099,"Pennsylvania","Perry County",5,72,534,265,269
050,42,099,"Pennsylvania","Perry County",5,73,507,255,252
050,42,099,"Pennsylvania","Perry County",5,74,487,246,241
050,42,099,"Pennsylvania","Perry County",5,75,483,228,255
050,42,099,"Pennsylvania","Perry County",5,76,520,256,264
050,42,099,"Pennsylvania","Perry County",5,77,324,163,161
050,42,099,"Pennsylvania","Perry County",5,78,278,132,146
050,42,099,"Pennsylvania","Perry County",5,79,265,124,141
050,42,099,"Pennsylvania","Perry County",5,80,275,123,152
050,42,099,"Pennsylvania","Perry County",5,81,235,92,143
050,42,099,"Pennsylvania","Perry County",5,82,222,107,115
050,42,099,"Pennsylvania","Perry County",5,83,171,89,82
050,42,099,"Pennsylvania","Perry County",5,84,144,54,90
050,42,099,"Pennsylvania","Perry County",5,85,854,252,602
050,42,101,"Pennsylvania","Philadelphia County",1,0,20543,10493,10050
050,42,101,"Pennsylvania","Philadelphia County",1,1,20022,10256,9766
050,42,101,"Pennsylvania","Philadelphia County",1,2,20173,10318,9855
050,42,101,"Pennsylvania","Philadelphia County",1,3,20195,10282,9913
050,42,101,"Pennsylvania","Philadelphia County",1,4,20247,10360,9887
050,42,101,"Pennsylvania","Philadelphia County",1,5,20311,10416,9895
050,42,101,"Pennsylvania","Philadelphia County",1,6,20270,10375,9895
050,42,101,"Pennsylvania","Philadelphia County",1,7,19967,10096,9871
050,42,101,"Pennsylvania","Philadelphia County",1,8,19948,10192,9756
050,42,101,"Pennsylvania","Philadelphia County",1,9,19563,10024,9539
050,42,101,"Pennsylvania","Philadelphia County",1,10,19057,9734,9323
050,42,101,"Pennsylvania","Philadelphia County",1,11,19126,9775,9351
050,42,101,"Pennsylvania","Philadelphia County",1,12,19269,9822,9447
050,42,101,"Pennsylvania","Philadelphia County",1,13,18900,9487,9413
050,42,101,"Pennsylvania","Philadelphia County",1,14,18097,9183,8914
050,42,101,"Pennsylvania","Philadelphia County",1,15,17830,9054,8776
050,42,101,"Pennsylvania","Philadelphia County",1,16,17998,9090,8908
050,42,101,"Pennsylvania","Philadelphia County",1,17,17570,8842,8728
050,42,101,"Pennsylvania","Philadelphia County",1,18,20642,10125,10517
050,42,101,"Pennsylvania","Philadelphia County",1,19,23597,11676,11921
050,42,101,"Pennsylvania","Philadelphia County",1,20,20820,10201,10619
050,42,101,"Pennsylvania","Philadelphia County",1,21,19350,9525,9825
050,42,101,"Pennsylvania","Philadelphia County",1,22,19748,9594,10154
050,42,101,"Pennsylvania","Philadelphia County",1,23,22004,10518,11486
050,42,101,"Pennsylvania","Philadelphia County",1,24,24888,11910,12978
050,42,101,"Pennsylvania","Philadelphia County",1,25,27103,12856,14247
050,42,101,"Pennsylvania","Philadelphia County",1,26,29319,13893,15426
050,42,101,"Pennsylvania","Philadelphia County",1,27,30702,14568,16134
050,42,101,"Pennsylvania","Philadelphia County",1,28,32199,15506,16693
050,42,101,"Pennsylvania","Philadelphia County",1,29,33359,16119,17240
050,42,101,"Pennsylvania","Philadelphia County",1,30,33684,16292,17392
050,42,101,"Pennsylvania","Philadelphia County",1,31,32793,15704,17089
050,42,101,"Pennsylvania","Philadelphia County",1,32,31050,14916,16134
050,42,101,"Pennsylvania","Philadelphia County",1,33,29014,14152,14862
050,42,101,"Pennsylvania","Philadelphia County",1,34,27186,13265,13921
050,42,101,"Pennsylvania","Philadelphia County",1,35,24988,12122,12866
050,42,101,"Pennsylvania","Philadelphia County",1,36,23822,11666,12156
050,42,101,"Pennsylvania","Philadelphia County",1,37,23205,11283,11922
050,42,101,"Pennsylvania","Philadelphia County",1,38,22121,10538,11583
050,42,101,"Pennsylvania","Philadelphia County",1,39,21271,10130,11141
050,42,101,"Pennsylvania","Philadelphia County",1,40,20556,9725,10831
050,42,101,"Pennsylvania","Philadelphia County",1,41,19422,9058,10364
050,42,101,"Pennsylvania","Philadelphia County",1,42,18786,8808,9978
050,42,101,"Pennsylvania","Philadelphia County",1,43,17807,8478,9329
050,42,101,"Pennsylvania","Philadelphia County",1,44,16975,8095,8880
050,42,101,"Pennsylvania","Philadelphia County",1,45,16781,7942,8839
050,42,101,"Pennsylvania","Philadelphia County",1,46,16356,7822,8534
050,42,101,"Pennsylvania","Philadelphia County",1,47,16796,7986,8810
050,42,101,"Pennsylvania","Philadelphia County",1,48,17699,8396,9303
050,42,101,"Pennsylvania","Philadelphia County",1,49,19106,9122,9984
050,42,101,"Pennsylvania","Philadelphia County",1,50,18436,8747,9689
050,42,101,"Pennsylvania","Philadelphia County",1,51,17847,8495,9352
050,42,101,"Pennsylvania","Philadelphia County",1,52,17830,8475,9355
050,42,101,"Pennsylvania","Philadelphia County",1,53,18128,8495,9633
050,42,101,"Pennsylvania","Philadelphia County",1,54,18340,8581,9759
050,42,101,"Pennsylvania","Philadelphia County",1,55,19043,8956,10087
050,42,101,"Pennsylvania","Philadelphia County",1,56,19031,8963,10068
050,42,101,"Pennsylvania","Philadelphia County",1,57,19051,8938,10113
050,42,101,"Pennsylvania","Philadelphia County",1,58,18791,8708,10083
050,42,101,"Pennsylvania","Philadelphia County",1,59,18994,8852,10142
050,42,101,"Pennsylvania","Philadelphia County",1,60,19184,8852,10332
050,42,101,"Pennsylvania","Philadelphia County",1,61,18907,8651,10256
050,42,101,"Pennsylvania","Philadelphia County",1,62,18758,8540,10218
050,42,101,"Pennsylvania","Philadelphia County",1,63,18293,8310,9983
050,42,101,"Pennsylvania","Philadelphia County",1,64,17640,8000,9640
050,42,101,"Pennsylvania","Philadelphia County",1,65,16939,7615,9324
050,42,101,"Pennsylvania","Philadelphia County",1,66,15916,7107,8809
050,42,101,"Pennsylvania","Philadelphia County",1,67,15152,6727,8425
050,42,101,"Pennsylvania","Philadelphia County",1,68,14452,6280,8172
050,42,101,"Pennsylvania","Philadelphia County",1,69,13697,5936,7761
050,42,101,"Pennsylvania","Philadelphia County",1,70,12947,5571,7376
050,42,101,"Pennsylvania","Philadelphia County",1,71,12224,5211,7013
050,42,101,"Pennsylvania","Philadelphia County",1,72,12057,5119,6938
050,42,101,"Pennsylvania","Philadelphia County",1,73,11786,5104,6682
050,42,101,"Pennsylvania","Philadelphia County",1,74,8754,3654,5100
050,42,101,"Pennsylvania","Philadelphia County",1,75,8446,3449,4997
050,42,101,"Pennsylvania","Philadelphia County",1,76,8158,3269,4889
050,42,101,"Pennsylvania","Philadelphia County",1,77,7996,3169,4827
050,42,101,"Pennsylvania","Philadelphia County",1,78,6912,2728,4184
050,42,101,"Pennsylvania","Philadelphia County",1,79,6257,2491,3766
050,42,101,"Pennsylvania","Philadelphia County",1,80,5696,2217,3479
050,42,101,"Pennsylvania","Philadelphia County",1,81,5382,2113,3269
050,42,101,"Pennsylvania","Philadelphia County",1,82,5051,1866,3185
050,42,101,"Pennsylvania","Philadelphia County",1,83,4496,1670,2826
050,42,101,"Pennsylvania","Philadelphia County",1,84,4140,1488,2652
050,42,101,"Pennsylvania","Philadelphia County",1,85,26827,8569,18258
050,42,101,"Pennsylvania","Philadelphia County",2,0,20192,10298,9894
050,42,101,"Pennsylvania","Philadelphia County",2,1,19993,10222,9771
050,42,101,"Pennsylvania","Philadelphia County",2,2,20026,10233,9793
050,42,101,"Pennsylvania","Philadelphia County",2,3,20016,10215,9801
050,42,101,"Pennsylvania","Philadelphia County",2,4,20093,10261,9832
050,42,101,"Pennsylvania","Philadelphia County",2,5,20190,10351,9839
050,42,101,"Pennsylvania","Philadelphia County",2,6,20154,10319,9835
050,42,101,"Pennsylvania","Philadelphia County",2,7,19916,10103,9813
050,42,101,"Pennsylvania","Philadelphia County",2,8,19778,10080,9698
050,42,101,"Pennsylvania","Philadelphia County",2,9,19553,10005,9548
050,42,101,"Pennsylvania","Philadelphia County",2,10,19069,9760,9309
050,42,101,"Pennsylvania","Philadelphia County",2,11,18958,9684,9274
050,42,101,"Pennsylvania","Philadelphia County",2,12,19240,9820,9420
050,42,101,"Pennsylvania","Philadelphia County",2,13,18886,9533,9353
050,42,101,"Pennsylvania","Philadelphia County",2,14,18175,9189,8986
050,42,101,"Pennsylvania","Philadelphia County",2,15,17838,9058,8780
050,42,101,"Pennsylvania","Philadelphia County",2,16,17925,9065,8860
050,42,101,"Pennsylvania","Philadelphia County",2,17,17621,8867,8754
050,42,101,"Pennsylvania","Philadelphia County",2,18,20624,10083,10541
050,42,101,"Pennsylvania","Philadelphia County",2,19,23513,11613,11900
050,42,101,"Pennsylvania","Philadelphia County",2,20,20990,10290,10700
050,42,101,"Pennsylvania","Philadelphia County",2,21,19375,9518,9857
050,42,101,"Pennsylvania","Philadelphia County",2,22,19968,9673,10295
050,42,101,"Pennsylvania","Philadelphia County",2,23,21953,10512,11441
050,42,101,"Pennsylvania","Philadelphia County",2,24,24535,11716,12819
050,42,101,"Pennsylvania","Philadelphia County",2,25,26897,12790,14107
050,42,101,"Pennsylvania","Philadelphia County",2,26,29053,13791,15262
050,42,101,"Pennsylvania","Philadelphia County",2,27,30471,14476,15995
050,42,101,"Pennsylvania","Philadelphia County",2,28,31838,15326,16512
050,42,101,"Pennsylvania","Philadelphia County",2,29,32978,15928,17050
050,42,101,"Pennsylvania","Philadelphia County",2,30,33598,16250,17348
050,42,101,"Pennsylvania","Philadelphia County",2,31,32709,15700,17009
050,42,101,"Pennsylvania","Philadelphia County",2,32,31153,14954,16199
050,42,101,"Pennsylvania","Philadelphia County",2,33,29274,14235,15039
050,42,101,"Pennsylvania","Philadelphia County",2,34,27426,13383,14043
050,42,101,"Pennsylvania","Philadelphia County",2,35,25481,12382,13099
050,42,101,"Pennsylvania","Philadelphia County",2,36,23778,11615,12163
050,42,101,"Pennsylvania","Philadelphia County",2,37,23209,11303,11906
050,42,101,"Pennsylvania","Philadelphia County",2,38,22325,10683,11642
050,42,101,"Pennsylvania","Philadelphia County",2,39,21234,10110,11124
050,42,101,"Pennsylvania","Philadelphia County",2,40,20758,9834,10924
050,42,101,"Pennsylvania","Philadelphia County",2,41,19572,9150,10422
050,42,101,"Pennsylvania","Philadelphia County",2,42,18750,8780,9970
050,42,101,"Pennsylvania","Philadelphia County",2,43,18087,8563,9524
050,42,101,"Pennsylvania","Philadelphia County",2,44,16986,8099,8887
050,42,101,"Pennsylvania","Philadelphia County",2,45,16848,7982,8866
050,42,101,"Pennsylvania","Philadelphia County",2,46,16362,7802,8560
050,42,101,"Pennsylvania","Philadelphia County",2,47,16608,7903,8705
050,42,101,"Pennsylvania","Philadelphia County",2,48,17461,8297,9164
050,42,101,"Pennsylvania","Philadelphia County",2,49,18769,8950,9819
050,42,101,"Pennsylvania","Philadelphia County",2,50,18543,8817,9726
050,42,101,"Pennsylvania","Philadelphia County",2,51,17820,8463,9357
050,42,101,"Pennsylvania","Philadelphia County",2,52,17809,8459,9350
050,42,101,"Pennsylvania","Philadelphia County",2,53,17966,8446,9520
050,42,101,"Pennsylvania","Philadelphia County",2,54,18214,8518,9696
050,42,101,"Pennsylvania","Philadelphia County",2,55,18835,8842,9993
050,42,101,"Pennsylvania","Philadelphia County",2,56,19013,8944,10069
050,42,101,"Pennsylvania","Philadelphia County",2,57,18991,8910,10081
050,42,101,"Pennsylvania","Philadelphia County",2,58,18794,8721,10073
050,42,101,"Pennsylvania","Philadelphia County",2,59,18856,8758,10098
050,42,101,"Pennsylvania","Philadelphia County",2,60,19069,8806,10263
050,42,101,"Pennsylvania","Philadelphia County",2,61,18863,8630,10233
050,42,101,"Pennsylvania","Philadelphia County",2,62,18637,8488,10149
050,42,101,"Pennsylvania","Philadelphia County",2,63,18379,8337,10042
050,42,101,"Pennsylvania","Philadelphia County",2,64,17573,7958,9615
050,42,101,"Pennsylvania","Philadelphia County",2,65,16957,7631,9326
050,42,101,"Pennsylvania","Philadelphia County",2,66,16058,7162,8896
050,42,101,"Pennsylvania","Philadelphia County",2,67,15142,6715,8427
050,42,101,"Pennsylvania","Philadelphia County",2,68,14393,6281,8112
050,42,101,"Pennsylvania","Philadelphia County",2,69,13827,5981,7846
050,42,101,"Pennsylvania","Philadelphia County",2,70,12998,5594,7404
050,42,101,"Pennsylvania","Philadelphia County",2,71,12252,5222,7030
050,42,101,"Pennsylvania","Philadelphia County",2,72,11853,5015,6838
050,42,101,"Pennsylvania","Philadelphia County",2,73,12124,5228,6896
050,42,101,"Pennsylvania","Philadelphia County",2,74,8919,3751,5168
050,42,101,"Pennsylvania","Philadelphia County",2,75,8442,3451,4991
050,42,101,"Pennsylvania","Philadelphia County",2,76,8048,3235,4813
050,42,101,"Pennsylvania","Philadelphia County",2,77,8026,3167,4859
050,42,101,"Pennsylvania","Philadelphia County",2,78,6959,2746,4213
050,42,101,"Pennsylvania","Philadelphia County",2,79,6249,2463,3786
050,42,101,"Pennsylvania","Philadelphia County",2,80,5721,2225,3496
050,42,101,"Pennsylvania","Philadelphia County",2,81,5297,2075,3222
050,42,101,"Pennsylvania","Philadelphia County",2,82,5025,1863,3162
050,42,101,"Pennsylvania","Philadelphia County",2,83,4480,1638,2842
050,42,101,"Pennsylvania","Philadelphia County",2,84,4094,1470,2624
050,42,101,"Pennsylvania","Philadelphia County",2,85,26252,8400,17852
050,42,101,"Pennsylvania","Philadelphia County",3,0,19391,9917,9474
050,42,101,"Pennsylvania","Philadelphia County",3,1,19249,9790,9459
050,42,101,"Pennsylvania","Philadelphia County",3,2,19068,9714,9354
050,42,101,"Pennsylvania","Philadelphia County",3,3,19283,9852,9431
050,42,101,"Pennsylvania","Philadelphia County",3,4,19289,9825,9464
050,42,101,"Pennsylvania","Philadelphia County",3,5,19361,9909,9452
050,42,101,"Pennsylvania","Philadelphia County",3,6,19571,10064,9507
050,42,101,"Pennsylvania","Philadelphia County",3,7,19513,9961,9552
050,42,101,"Pennsylvania","Philadelphia County",3,8,19426,9851,9575
050,42,101,"Pennsylvania","Philadelphia County",3,9,19223,9790,9433
050,42,101,"Pennsylvania","Philadelphia County",3,10,19119,9758,9361
050,42,101,"Pennsylvania","Philadelphia County",3,11,18662,9567,9095
050,42,101,"Pennsylvania","Philadelphia County",3,12,18626,9536,9090
050,42,101,"Pennsylvania","Philadelphia County",3,13,18864,9652,9212
050,42,101,"Pennsylvania","Philadelphia County",3,14,18559,9360,9199
050,42,101,"Pennsylvania","Philadelphia County",3,15,17833,9028,8805
050,42,101,"Pennsylvania","Philadelphia County",3,16,17519,8879,8640
050,42,101,"Pennsylvania","Philadelphia County",3,17,17620,8849,8771
050,42,101,"Pennsylvania","Philadelphia County",3,18,23134,11095,12039
050,42,101,"Pennsylvania","Philadelphia County",3,19,27231,13298,13933
050,42,101,"Pennsylvania","Philadelphia County",3,20,22740,11129,11611
050,42,101,"Pennsylvania","Philadelphia County",3,21,20408,10010,10398
050,42,101,"Pennsylvania","Philadelphia County",3,22,20049,9667,10382
050,42,101,"Pennsylvania","Philadelphia County",3,23,21272,10178,11094
050,42,101,"Pennsylvania","Philadelphia County",3,24,23516,11159,12357
050,42,101,"Pennsylvania","Philadelphia County",3,25,25319,12081,13238
050,42,101,"Pennsylvania","Philadelphia County",3,26,27358,13016,14342
050,42,101,"Pennsylvania","Philadelphia County",3,27,29256,13903,15353
050,42,101,"Pennsylvania","Philadelphia County",3,28,30249,14318,15931
050,42,101,"Pennsylvania","Philadelphia County",3,29,31254,15042,16212
050,42,101,"Pennsylvania","Philadelphia County",3,30,31951,15426,16525
050,42,101,"Pennsylvania","Philadelphia County",3,31,32349,15714,16635
050,42,101,"Pennsylvania","Philadelphia County",3,32,31293,15105,16188
050,42,101,"Pennsylvania","Philadelphia County",3,33,29840,14374,15466
050,42,101,"Pennsylvania","Philadelphia County",3,34,27903,13555,14348
050,42,101,"Pennsylvania","Philadelphia County",3,35,26156,12710,13446
050,42,101,"Pennsylvania","Philadelphia County",3,36,24346,11796,12550
050,42,101,"Pennsylvania","Philadelphia County",3,37,22757,11107,11650
050,42,101,"Pennsylvania","Philadelphia County",3,38,22097,10702,11395
050,42,101,"Pennsylvania","Philadelphia County",3,39,21595,10306,11289
050,42,101,"Pennsylvania","Philadelphia County",3,40,20469,9665,10804
050,42,101,"Pennsylvania","Philadelphia County",3,41,20134,9554,10580
050,42,101,"Pennsylvania","Philadelphia County",3,42,18936,8831,10105
050,42,101,"Pennsylvania","Philadelphia County",3,43,18212,8507,9705
050,42,101,"Pennsylvania","Philadelphia County",3,44,17636,8311,9325
050,42,101,"Pennsylvania","Philadelphia County",3,45,16533,7847,8686
050,42,101,"Pennsylvania","Philadelphia County",3,46,16454,7772,8682
050,42,101,"Pennsylvania","Philadelphia County",3,47,15880,7518,8362
050,42,101,"Pennsylvania","Philadelphia County",3,48,16282,7740,8542
050,42,101,"Pennsylvania","Philadelphia County",3,49,17158,8075,9083
050,42,101,"Pennsylvania","Philadelphia County",3,50,18424,8779,9645
050,42,101,"Pennsylvania","Philadelphia County",3,51,18164,8681,9483
050,42,101,"Pennsylvania","Philadelphia County",3,52,17435,8209,9226
050,42,101,"Pennsylvania","Philadelphia County",3,53,17501,8323,9178
050,42,101,"Pennsylvania","Philadelphia County",3,54,17556,8235,9321
050,42,101,"Pennsylvania","Philadelphia County",3,55,17934,8380,9554
050,42,101,"Pennsylvania","Philadelphia County",3,56,18449,8617,9832
050,42,101,"Pennsylvania","Philadelphia County",3,57,18544,8693,9851
050,42,101,"Pennsylvania","Philadelphia County",3,58,18548,8681,9867
050,42,101,"Pennsylvania","Philadelphia County",3,59,18432,8543,9889
050,42,101,"Pennsylvania","Philadelphia County",3,60,18385,8498,9887
050,42,101,"Pennsylvania","Philadelphia County",3,61,18619,8547,10072
050,42,101,"Pennsylvania","Philadelphia County",3,62,18412,8403,10009
050,42,101,"Pennsylvania","Philadelphia County",3,63,18130,8206,9924
050,42,101,"Pennsylvania","Philadelphia County",3,64,17860,8048,9812
050,42,101,"Pennsylvania","Philadelphia County",3,65,16916,7577,9339
050,42,101,"Pennsylvania","Philadelphia County",3,66,16379,7308,9071
050,42,101,"Pennsylvania","Philadelphia County",3,67,15596,6934,8662
050,42,101,"Pennsylvania","Philadelphia County",3,68,14603,6430,8173
050,42,101,"Pennsylvania","Philadelphia County",3,69,13866,5986,7880
050,42,101,"Pennsylvania","Philadelphia County",3,70,13338,5718,7620
050,42,101,"Pennsylvania","Philadelphia County",3,71,12569,5353,7216
050,42,101,"Pennsylvania","Philadelphia County",3,72,11862,5000,6862
050,42,101,"Pennsylvania","Philadelphia County",3,73,11385,4777,6608
050,42,101,"Pennsylvania","Philadelphia County",3,74,11591,4981,6610
050,42,101,"Pennsylvania","Philadelphia County",3,75,8567,3572,4995
050,42,101,"Pennsylvania","Philadelphia County",3,76,8023,3236,4787
050,42,101,"Pennsylvania","Philadelphia County",3,77,7662,3048,4614
050,42,101,"Pennsylvania","Philadelphia County",3,78,7612,2987,4625
050,42,101,"Pennsylvania","Philadelphia County",3,79,6534,2543,3991
050,42,101,"Pennsylvania","Philadelphia County",3,80,5868,2285,3583
050,42,101,"Pennsylvania","Philadelphia County",3,81,5367,2058,3309
050,42,101,"Pennsylvania","Philadelphia County",3,82,4875,1848,3027
050,42,101,"Pennsylvania","Philadelphia County",3,83,4622,1678,2944
050,42,101,"Pennsylvania","Philadelphia County",3,84,4092,1483,2609
050,42,101,"Pennsylvania","Philadelphia County",3,85,25960,8308,17652
050,42,101,"Pennsylvania","Philadelphia County",4,0,19279,9910,9369
050,42,101,"Pennsylvania","Philadelphia County",4,1,18424,9360,9064
050,42,101,"Pennsylvania","Philadelphia County",4,2,18258,9211,9047
050,42,101,"Pennsylvania","Philadelphia County",4,3,18394,9376,9018
050,42,101,"Pennsylvania","Philadelphia County",4,4,18589,9509,9080
050,42,101,"Pennsylvania","Philadelphia County",4,5,18692,9514,9178
050,42,101,"Pennsylvania","Philadelphia County",4,6,18663,9522,9141
050,42,101,"Pennsylvania","Philadelphia County",4,7,18900,9689,9211
050,42,101,"Pennsylvania","Philadelphia County",4,8,18811,9563,9248
050,42,101,"Pennsylvania","Philadelphia County",4,9,18760,9528,9232
050,42,101,"Pennsylvania","Philadelphia County",4,10,18682,9564,9118
050,42,101,"Pennsylvania","Philadelphia County",4,11,18647,9539,9108
050,42,101,"Pennsylvania","Philadelphia County",4,12,18131,9263,8868
050,42,101,"Pennsylvania","Philadelphia County",4,13,18043,9226,8817
050,42,101,"Pennsylvania","Philadelphia County",4,14,18323,9376,8947
050,42,101,"Pennsylvania","Philadelphia County",4,15,18181,9132,9049
050,42,101,"Pennsylvania","Philadelphia County",4,16,17484,8803,8681
050,42,101,"Pennsylvania","Philadelphia County",4,17,17344,8728,8616
050,42,101,"Pennsylvania","Philadelphia County",4,18,22668,10900,11768
050,42,101,"Pennsylvania","Philadelphia County",4,19,26807,13131,13676
050,42,101,"Pennsylvania","Philadelphia County",4,20,22040,10744,11296
050,42,101,"Pennsylvania","Philadelphia County",4,21,19794,9724,10070
050,42,101,"Pennsylvania","Philadelphia County",4,22,20076,9715,10361
050,42,101,"Pennsylvania","Philadelphia County",4,23,21288,10078,11210
050,42,101,"Pennsylvania","Philadelphia County",4,24,23104,10956,12148
050,42,101,"Pennsylvania","Philadelphia County",4,25,24782,11678,13104
050,42,101,"Pennsylvania","Philadelphia County",4,26,26162,12511,13651
050,42,101,"Pennsylvania","Philadelphia County",4,27,27782,13159,14623
050,42,101,"Pennsylvania","Philadelphia County",4,28,29313,14042,15271
050,42,101,"Pennsylvania","Philadelphia County",4,29,29874,14171,15703
050,42,101,"Pennsylvania","Philadelphia County",4,30,30456,14687,15769
050,42,101,"Pennsylvania","Philadelphia County",4,31,31159,15138,16021
050,42,101,"Pennsylvania","Philadelphia County",4,32,30958,15078,15880
050,42,101,"Pennsylvania","Philadelphia County",4,33,30028,14540,15488
050,42,101,"Pennsylvania","Philadelphia County",4,34,28583,13789,14794
050,42,101,"Pennsylvania","Philadelphia County",4,35,26606,12930,13676
050,42,101,"Pennsylvania","Philadelphia County",4,36,24986,12128,12858
050,42,101,"Pennsylvania","Philadelphia County",4,37,23312,11303,12009
050,42,101,"Pennsylvania","Philadelphia County",4,38,21741,10558,11183
050,42,101,"Pennsylvania","Philadelphia County",4,39,21291,10250,11041
050,42,101,"Pennsylvania","Philadelphia County",4,40,20784,9892,10892
050,42,101,"Pennsylvania","Philadelphia County",4,41,19772,9387,10385
050,42,101,"Pennsylvania","Philadelphia County",4,42,19478,9223,10255
050,42,101,"Pennsylvania","Philadelphia County",4,43,18261,8497,9764
050,42,101,"Pennsylvania","Philadelphia County",4,44,17673,8199,9474
050,42,101,"Pennsylvania","Philadelphia County",4,45,17093,8016,9077
050,42,101,"Pennsylvania","Philadelphia County",4,46,16032,7568,8464
050,42,101,"Pennsylvania","Philadelphia County",4,47,16034,7544,8490
050,42,101,"Pennsylvania","Philadelphia County",4,48,15589,7377,8212
050,42,101,"Pennsylvania","Philadelphia County",4,49,15966,7571,8395
050,42,101,"Pennsylvania","Philadelphia County",4,50,16760,7910,8850
050,42,101,"Pennsylvania","Philadelphia County",4,51,18030,8550,9480
050,42,101,"Pennsylvania","Philadelphia County",4,52,17755,8415,9340
050,42,101,"Pennsylvania","Philadelphia County",4,53,17135,8038,9097
050,42,101,"Pennsylvania","Philadelphia County",4,54,17103,8109,8994
050,42,101,"Pennsylvania","Philadelphia County",4,55,17119,8005,9114
050,42,101,"Pennsylvania","Philadelphia County",4,56,17510,8151,9359
050,42,101,"Pennsylvania","Philadelphia County",4,57,18078,8423,9655
050,42,101,"Pennsylvania","Philadelphia County",4,58,18134,8453,9681
050,42,101,"Pennsylvania","Philadelphia County",4,59,18138,8460,9678
050,42,101,"Pennsylvania","Philadelphia County",4,60,17831,8249,9582
050,42,101,"Pennsylvania","Philadelphia County",4,61,17922,8251,9671
050,42,101,"Pennsylvania","Philadelphia County",4,62,18179,8314,9865
050,42,101,"Pennsylvania","Philadelphia County",4,63,17847,8150,9697
050,42,101,"Pennsylvania","Philadelphia County",4,64,17581,7911,9670
050,42,101,"Pennsylvania","Philadelphia County",4,65,17164,7646,9518
050,42,101,"Pennsylvania","Philadelphia County",4,66,16246,7198,9048
050,42,101,"Pennsylvania","Philadelphia County",4,67,15838,7039,8799
050,42,101,"Pennsylvania","Philadelphia County",4,68,15003,6655,8348
050,42,101,"Pennsylvania","Philadelphia County",4,69,14064,6148,7916
050,42,101,"Pennsylvania","Philadelphia County",4,70,13301,5694,7607
050,42,101,"Pennsylvania","Philadelphia County",4,71,12900,5501,7399
050,42,101,"Pennsylvania","Philadelphia County",4,72,12008,5076,6932
050,42,101,"Pennsylvania","Philadelphia County",4,73,11376,4772,6604
050,42,101,"Pennsylvania","Philadelphia County",4,74,10821,4507,6314
050,42,101,"Pennsylvania","Philadelphia County",4,75,11060,4723,6337
050,42,101,"Pennsylvania","Philadelphia County",4,76,8147,3353,4794
050,42,101,"Pennsylvania","Philadelphia County",4,77,7653,3086,4567
050,42,101,"Pennsylvania","Philadelphia County",4,78,7269,2871,4398
050,42,101,"Pennsylvania","Philadelphia County",4,79,7142,2759,4383
050,42,101,"Pennsylvania","Philadelphia County",4,80,6088,2339,3749
050,42,101,"Pennsylvania","Philadelphia County",4,81,5466,2125,3341
050,42,101,"Pennsylvania","Philadelphia County",4,82,4944,1858,3086
050,42,101,"Pennsylvania","Philadelphia County",4,83,4429,1642,2787
050,42,101,"Pennsylvania","Philadelphia County",4,84,4195,1494,2701
050,42,101,"Pennsylvania","Philadelphia County",4,85,25503,8181,17322
050,42,101,"Pennsylvania","Philadelphia County",5,0,19191,9865,9326
050,42,101,"Pennsylvania","Philadelphia County",5,1,18334,9426,8908
050,42,101,"Pennsylvania","Philadelphia County",5,2,17673,8955,8718
050,42,101,"Pennsylvania","Philadelphia County",5,3,17609,8925,8684
050,42,101,"Pennsylvania","Philadelphia County",5,4,17725,9024,8701
050,42,101,"Pennsylvania","Philadelphia County",5,5,17996,9212,8784
050,42,101,"Pennsylvania","Philadelphia County",5,6,18078,9199,8879
050,42,101,"Pennsylvania","Philadelphia County",5,7,18141,9232,8909
050,42,101,"Pennsylvania","Philadelphia County",5,8,18405,9404,9001
050,42,101,"Pennsylvania","Philadelphia County",5,9,18231,9237,8994
050,42,101,"Pennsylvania","Philadelphia County",5,10,18276,9262,9014
050,42,101,"Pennsylvania","Philadelphia County",5,11,18249,9343,8906
050,42,101,"Pennsylvania","Philadelphia County",5,12,18206,9315,8891
050,42,101,"Pennsylvania","Philadelphia County",5,13,17705,9080,8625
050,42,101,"Pennsylvania","Philadelphia County",5,14,17632,9031,8601
050,42,101,"Pennsylvania","Philadelphia County",5,15,17892,9103,8789
050,42,101,"Pennsylvania","Philadelphia County",5,16,17815,8978,8837
050,42,101,"Pennsylvania","Philadelphia County",5,17,17319,8647,8672
050,42,101,"Pennsylvania","Philadelphia County",5,18,22445,10808,11637
050,42,101,"Pennsylvania","Philadelphia County",5,19,26721,13086,13635
050,42,101,"Pennsylvania","Philadelphia County",5,20,22125,10879,11246
050,42,101,"Pennsylvania","Philadelphia County",5,21,19269,9484,9785
050,42,101,"Pennsylvania","Philadelphia County",5,22,19408,9372,10036
050,42,101,"Pennsylvania","Philadelphia County",5,23,21049,10041,11008
050,42,101,"Pennsylvania","Philadelphia County",5,24,22907,10773,12134
050,42,101,"Pennsylvania","Philadelphia County",5,25,24366,11489,12877
050,42,101,"Pennsylvania","Philadelphia County",5,26,25811,12195,13616
050,42,101,"Pennsylvania","Philadelphia County",5,27,26814,12818,13996
050,42,101,"Pennsylvania","Philadelphia County",5,28,27936,13258,14678
050,42,101,"Pennsylvania","Philadelphia County",5,29,28774,13793,14981
050,42,101,"Pennsylvania","Philadelphia County",5,30,29117,13866,15251
050,42,101,"Pennsylvania","Philadelphia County",5,31,29766,14390,15376
050,42,101,"Pennsylvania","Philadelphia County",5,32,30050,14634,15416
050,42,101,"Pennsylvania","Philadelphia County",5,33,29872,14513,15359
050,42,101,"Pennsylvania","Philadelphia County",5,34,28919,13862,15057
050,42,101,"Pennsylvania","Philadelphia County",5,35,27284,13161,14123
050,42,101,"Pennsylvania","Philadelphia County",5,36,25519,12391,13128
050,42,101,"Pennsylvania","Philadelphia County",5,37,23991,11602,12389
050,42,101,"Pennsylvania","Philadelphia County",5,38,22367,10806,11561
050,42,101,"Pennsylvania","Philadelphia County",5,39,21009,10176,10833
050,42,101,"Pennsylvania","Philadelphia County",5,40,20627,9925,10702
050,42,101,"Pennsylvania","Philadelphia County",5,41,20179,9640,10539
050,42,101,"Pennsylvania","Philadelphia County",5,42,19143,9106,10037
050,42,101,"Pennsylvania","Philadelphia County",5,43,18892,8893,9999
050,42,101,"Pennsylvania","Philadelphia County",5,44,17911,8320,9591
050,42,101,"Pennsylvania","Philadelphia County",5,45,17253,7977,9276
050,42,101,"Pennsylvania","Philadelphia County",5,46,16660,7790,8870
050,42,101,"Pennsylvania","Philadelphia County",5,47,15645,7350,8295
050,42,101,"Pennsylvania","Philadelphia County",5,48,15673,7337,8336
050,42,101,"Pennsylvania","Philadelphia County",5,49,15245,7212,8033
050,42,101,"Pennsylvania","Philadelphia County",5,50,15680,7437,8243
050,42,101,"Pennsylvania","Philadelphia County",5,51,16441,7771,8670
050,42,101,"Pennsylvania","Philadelphia County",5,52,17632,8312,9320
050,42,101,"Pennsylvania","Philadelphia County",5,53,17478,8271,9207
050,42,101,"Pennsylvania","Philadelphia County",5,54,16726,7825,8901
050,42,101,"Pennsylvania","Philadelphia County",5,55,16765,7917,8848
050,42,101,"Pennsylvania","Philadelphia County",5,56,16826,7873,8953
050,42,101,"Pennsylvania","Philadelphia County",5,57,17170,7954,9216
050,42,101,"Pennsylvania","Philadelphia County",5,58,17647,8177,9470
050,42,101,"Pennsylvania","Philadelphia County",5,59,17830,8319,9511
050,42,101,"Pennsylvania","Philadelphia County",5,60,17684,8228,9456
050,42,101,"Pennsylvania","Philadelphia County",5,61,17486,8025,9461
050,42,101,"Pennsylvania","Philadelphia County",5,62,17545,8040,9505
050,42,101,"Pennsylvania","Philadelphia County",5,63,17636,8060,9576
050,42,101,"Pennsylvania","Philadelphia County",5,64,17374,7873,9501
050,42,101,"Pennsylvania","Philadelphia County",5,65,16939,7547,9392
050,42,101,"Pennsylvania","Philadelphia County",5,66,16662,7340,9322
050,42,101,"Pennsylvania","Philadelphia County",5,67,15792,6970,8822
050,42,101,"Pennsylvania","Philadelphia County",5,68,15357,6803,8554
050,42,101,"Pennsylvania","Philadelphia County",5,69,14494,6386,8108
050,42,101,"Pennsylvania","Philadelphia County",5,70,13588,5897,7691
050,42,101,"Pennsylvania","Philadelphia County",5,71,12884,5488,7396
050,42,101,"Pennsylvania","Philadelphia County",5,72,12444,5262,7182
050,42,101,"Pennsylvania","Philadelphia County",5,73,11586,4880,6706
050,42,101,"Pennsylvania","Philadelphia County",5,74,10885,4554,6331
050,42,101,"Pennsylvania","Philadelphia County",5,75,10468,4332,6136
050,42,101,"Pennsylvania","Philadelphia County",5,76,10562,4465,6097
050,42,101,"Pennsylvania","Philadelphia County",5,77,7802,3209,4593
050,42,101,"Pennsylvania","Philadelphia County",5,78,7320,2932,4388
050,42,101,"Pennsylvania","Philadelphia County",5,79,6863,2666,4197
050,42,101,"Pennsylvania","Philadelphia County",5,80,6738,2582,4156
050,42,101,"Pennsylvania","Philadelphia County",5,81,5722,2200,3522
050,42,101,"Pennsylvania","Philadelphia County",5,82,5056,1919,3137
050,42,101,"Pennsylvania","Philadelphia County",5,83,4533,1663,2870
050,42,101,"Pennsylvania","Philadelphia County",5,84,4031,1479,2552
050,42,101,"Pennsylvania","Philadelphia County",5,85,25672,8272,17400
050,42,103,"Pennsylvania","Pike County",1,0,425,218,207
050,42,103,"Pennsylvania","Pike County",1,1,446,244,202
050,42,103,"Pennsylvania","Pike County",1,2,489,266,223
050,42,103,"Pennsylvania","Pike County",1,3,493,239,254
050,42,103,"Pennsylvania","Pike County",1,4,503,254,249
050,42,103,"Pennsylvania","Pike County",1,5,452,230,222
050,42,103,"Pennsylvania","Pike County",1,6,446,234,212
050,42,103,"Pennsylvania","Pike County",1,7,493,263,230
050,42,103,"Pennsylvania","Pike County",1,8,494,260,234
050,42,103,"Pennsylvania","Pike County",1,9,519,274,245
050,42,103,"Pennsylvania","Pike County",1,10,583,295,288
050,42,103,"Pennsylvania","Pike County",1,11,679,362,317
050,42,103,"Pennsylvania","Pike County",1,12,661,342,319
050,42,103,"Pennsylvania","Pike County",1,13,689,365,324
050,42,103,"Pennsylvania","Pike County",1,14,701,368,333
050,42,103,"Pennsylvania","Pike County",1,15,678,357,321
050,42,103,"Pennsylvania","Pike County",1,16,760,409,351
050,42,103,"Pennsylvania","Pike County",1,17,776,395,381
050,42,103,"Pennsylvania","Pike County",1,18,654,346,308
050,42,103,"Pennsylvania","Pike County",1,19,568,310,258
050,42,103,"Pennsylvania","Pike County",1,20,579,306,273
050,42,103,"Pennsylvania","Pike County",1,21,612,323,289
050,42,103,"Pennsylvania","Pike County",1,22,622,333,289
050,42,103,"Pennsylvania","Pike County",1,23,620,338,282
050,42,103,"Pennsylvania","Pike County",1,24,586,310,276
050,42,103,"Pennsylvania","Pike County",1,25,599,318,281
050,42,103,"Pennsylvania","Pike County",1,26,532,264,268
050,42,103,"Pennsylvania","Pike County",1,27,575,293,282
050,42,103,"Pennsylvania","Pike County",1,28,550,297,253
050,42,103,"Pennsylvania","Pike County",1,29,556,308,248
050,42,103,"Pennsylvania","Pike County",1,30,534,293,241
050,42,103,"Pennsylvania","Pike County",1,31,595,338,257
050,42,103,"Pennsylvania","Pike County",1,32,572,301,271
050,42,103,"Pennsylvania","Pike County",1,33,577,308,269
050,42,103,"Pennsylvania","Pike County",1,34,544,291,253
050,42,103,"Pennsylvania","Pike County",1,35,572,311,261
050,42,103,"Pennsylvania","Pike County",1,36,569,294,275
050,42,103,"Pennsylvania","Pike County",1,37,576,296,280
050,42,103,"Pennsylvania","Pike County",1,38,588,302,286
050,42,103,"Pennsylvania","Pike County",1,39,633,329,304
050,42,103,"Pennsylvania","Pike County",1,40,635,323,312
050,42,103,"Pennsylvania","Pike County",1,41,660,335,325
050,42,103,"Pennsylvania","Pike County",1,42,657,359,298
050,42,103,"Pennsylvania","Pike County",1,43,637,322,315
050,42,103,"Pennsylvania","Pike County",1,44,620,297,323
050,42,103,"Pennsylvania","Pike County",1,45,630,321,309
050,42,103,"Pennsylvania","Pike County",1,46,647,311,336
050,42,103,"Pennsylvania","Pike County",1,47,681,310,371
050,42,103,"Pennsylvania","Pike County",1,48,763,365,398
050,42,103,"Pennsylvania","Pike County",1,49,846,428,418
050,42,103,"Pennsylvania","Pike County",1,50,836,426,410
050,42,103,"Pennsylvania","Pike County",1,51,841,426,415
050,42,103,"Pennsylvania","Pike County",1,52,857,423,434
050,42,103,"Pennsylvania","Pike County",1,53,963,485,478
050,42,103,"Pennsylvania","Pike County",1,54,986,474,512
050,42,103,"Pennsylvania","Pike County",1,55,1048,535,513
050,42,103,"Pennsylvania","Pike County",1,56,1089,556,533
050,42,103,"Pennsylvania","Pike County",1,57,1093,541,552
050,42,103,"Pennsylvania","Pike County",1,58,1084,565,519
050,42,103,"Pennsylvania","Pike County",1,59,1071,564,507
050,42,103,"Pennsylvania","Pike County",1,60,1066,555,511
050,42,103,"Pennsylvania","Pike County",1,61,1049,518,531
050,42,103,"Pennsylvania","Pike County",1,62,1059,540,519
050,42,103,"Pennsylvania","Pike County",1,63,983,519,464
050,42,103,"Pennsylvania","Pike County",1,64,938,477,461
050,42,103,"Pennsylvania","Pike County",1,65,889,452,437
050,42,103,"Pennsylvania","Pike County",1,66,904,432,472
050,42,103,"Pennsylvania","Pike County",1,67,887,449,438
050,42,103,"Pennsylvania","Pike County",1,68,904,472,432
050,42,103,"Pennsylvania","Pike County",1,69,820,405,415
050,42,103,"Pennsylvania","Pike County",1,70,797,392,405
050,42,103,"Pennsylvania","Pike County",1,71,787,395,392
050,42,103,"Pennsylvania","Pike County",1,72,809,396,413
050,42,103,"Pennsylvania","Pike County",1,73,801,400,401
050,42,103,"Pennsylvania","Pike County",1,74,556,265,291
050,42,103,"Pennsylvania","Pike County",1,75,564,263,301
050,42,103,"Pennsylvania","Pike County",1,76,584,287,297
050,42,103,"Pennsylvania","Pike County",1,77,614,301,313
050,42,103,"Pennsylvania","Pike County",1,78,513,243,270
050,42,103,"Pennsylvania","Pike County",1,79,424,210,214
050,42,103,"Pennsylvania","Pike County",1,80,380,189,191
050,42,103,"Pennsylvania","Pike County",1,81,380,196,184
050,42,103,"Pennsylvania","Pike County",1,82,325,164,161
050,42,103,"Pennsylvania","Pike County",1,83,273,130,143
050,42,103,"Pennsylvania","Pike County",1,84,244,116,128
050,42,103,"Pennsylvania","Pike County",1,85,1252,514,738
050,42,103,"Pennsylvania","Pike County",2,0,417,213,204
050,42,103,"Pennsylvania","Pike County",2,1,443,239,204
050,42,103,"Pennsylvania","Pike County",2,2,484,263,221
050,42,103,"Pennsylvania","Pike County",2,3,496,249,247
050,42,103,"Pennsylvania","Pike County",2,4,506,252,254
050,42,103,"Pennsylvania","Pike County",2,5,471,238,233
050,42,103,"Pennsylvania","Pike County",2,6,457,240,217
050,42,103,"Pennsylvania","Pike County",2,7,486,258,228
050,42,103,"Pennsylvania","Pike County",2,8,497,261,236
050,42,103,"Pennsylvania","Pike County",2,9,513,270,243
050,42,103,"Pennsylvania","Pike County",2,10,571,292,279
050,42,103,"Pennsylvania","Pike County",2,11,653,344,309
050,42,103,"Pennsylvania","Pike County",2,12,671,347,324
050,42,103,"Pennsylvania","Pike County",2,13,682,358,324
050,42,103,"Pennsylvania","Pike County",2,14,694,366,328
050,42,103,"Pennsylvania","Pike County",2,15,684,360,324
050,42,103,"Pennsylvania","Pike County",2,16,744,397,347
050,42,103,"Pennsylvania","Pike County",2,17,773,399,374
050,42,103,"Pennsylvania","Pike County",2,18,654,346,308
050,42,103,"Pennsylvania","Pike County",2,19,560,302,258
050,42,103,"Pennsylvania","Pike County",2,20,586,312,274
050,42,103,"Pennsylvania","Pike County",2,21,602,318,284
050,42,103,"Pennsylvania","Pike County",2,22,617,331,286
050,42,103,"Pennsylvania","Pike County",2,23,615,336,279
050,42,103,"Pennsylvania","Pike County",2,24,590,316,274
050,42,103,"Pennsylvania","Pike County",2,25,589,311,278
050,42,103,"Pennsylvania","Pike County",2,26,546,275,271
050,42,103,"Pennsylvania","Pike County",2,27,566,287,279
050,42,103,"Pennsylvania","Pike County",2,28,558,298,260
050,42,103,"Pennsylvania","Pike County",2,29,556,304,252
050,42,103,"Pennsylvania","Pike County",2,30,548,301,247
050,42,103,"Pennsylvania","Pike County",2,31,583,329,254
050,42,103,"Pennsylvania","Pike County",2,32,581,310,271
050,42,103,"Pennsylvania","Pike County",2,33,579,309,270
050,42,103,"Pennsylvania","Pike County",2,34,559,298,261
050,42,103,"Pennsylvania","Pike County",2,35,578,313,265
050,42,103,"Pennsylvania","Pike County",2,36,570,298,272
050,42,103,"Pennsylvania","Pike County",2,37,574,295,279
050,42,103,"Pennsylvania","Pike County",2,38,589,303,286
050,42,103,"Pennsylvania","Pike County",2,39,621,323,298
050,42,103,"Pennsylvania","Pike County",2,40,643,329,314
050,42,103,"Pennsylvania","Pike County",2,41,659,337,322
050,42,103,"Pennsylvania","Pike County",2,42,655,349,306
050,42,103,"Pennsylvania","Pike County",2,43,647,334,313
050,42,103,"Pennsylvania","Pike County",2,44,620,300,320
050,42,103,"Pennsylvania","Pike County",2,45,631,317,314
050,42,103,"Pennsylvania","Pike County",2,46,644,311,333
050,42,103,"Pennsylvania","Pike County",2,47,674,311,363
050,42,103,"Pennsylvania","Pike County",2,48,748,355,393
050,42,103,"Pennsylvania","Pike County",2,49,838,419,419
050,42,103,"Pennsylvania","Pike County",2,50,845,429,416
050,42,103,"Pennsylvania","Pike County",2,51,837,425,412
050,42,103,"Pennsylvania","Pike County",2,52,851,424,427
050,42,103,"Pennsylvania","Pike County",2,53,938,469,469
050,42,103,"Pennsylvania","Pike County",2,54,979,477,502
050,42,103,"Pennsylvania","Pike County",2,55,1037,523,514
050,42,103,"Pennsylvania","Pike County",2,56,1084,554,530
050,42,103,"Pennsylvania","Pike County",2,57,1095,548,547
050,42,103,"Pennsylvania","Pike County",2,58,1084,558,526
050,42,103,"Pennsylvania","Pike County",2,59,1085,568,517
050,42,103,"Pennsylvania","Pike County",2,60,1067,557,510
050,42,103,"Pennsylvania","Pike County",2,61,1054,528,526
050,42,103,"Pennsylvania","Pike County",2,62,1062,538,524
050,42,103,"Pennsylvania","Pike County",2,63,1015,532,483
050,42,103,"Pennsylvania","Pike County",2,64,942,484,458
050,42,103,"Pennsylvania","Pike County",2,65,898,456,442
050,42,103,"Pennsylvania","Pike County",2,66,900,437,463
050,42,103,"Pennsylvania","Pike County",2,67,893,444,449
050,42,103,"Pennsylvania","Pike County",2,68,895,465,430
050,42,103,"Pennsylvania","Pike County",2,69,841,421,420
050,42,103,"Pennsylvania","Pike County",2,70,804,396,408
050,42,103,"Pennsylvania","Pike County",2,71,789,394,395
050,42,103,"Pennsylvania","Pike County",2,72,790,389,401
050,42,103,"Pennsylvania","Pike County",2,73,837,415,422
050,42,103,"Pennsylvania","Pike County",2,74,573,276,297
050,42,103,"Pennsylvania","Pike County",2,75,560,263,297
050,42,103,"Pennsylvania","Pike County",2,76,567,274,293
050,42,103,"Pennsylvania","Pike County",2,77,614,301,313
050,42,103,"Pennsylvania","Pike County",2,78,524,249,275
050,42,103,"Pennsylvania","Pike County",2,79,431,211,220
050,42,103,"Pennsylvania","Pike County",2,80,383,188,195
050,42,103,"Pennsylvania","Pike County",2,81,371,189,182
050,42,103,"Pennsylvania","Pike County",2,82,339,170,169
050,42,103,"Pennsylvania","Pike County",2,83,276,131,145
050,42,103,"Pennsylvania","Pike County",2,84,244,115,129
050,42,103,"Pennsylvania","Pike County",2,85,1248,518,730
050,42,103,"Pennsylvania","Pike County",3,0,396,217,179
050,42,103,"Pennsylvania","Pike County",3,1,470,243,227
050,42,103,"Pennsylvania","Pike County",3,2,505,271,234
050,42,103,"Pennsylvania","Pike County",3,3,511,283,228
050,42,103,"Pennsylvania","Pike County",3,4,519,254,265
050,42,103,"Pennsylvania","Pike County",3,5,543,262,281
050,42,103,"Pennsylvania","Pike County",3,6,501,256,245
050,42,103,"Pennsylvania","Pike County",3,7,486,258,228
050,42,103,"Pennsylvania","Pike County",3,8,527,270,257
050,42,103,"Pennsylvania","Pike County",3,9,540,273,267
050,42,103,"Pennsylvania","Pike County",3,10,570,297,273
050,42,103,"Pennsylvania","Pike County",3,11,592,303,289
050,42,103,"Pennsylvania","Pike County",3,12,694,360,334
050,42,103,"Pennsylvania","Pike County",3,13,718,369,349
050,42,103,"Pennsylvania","Pike County",3,14,719,374,345
050,42,103,"Pennsylvania","Pike County",3,15,712,376,336
050,42,103,"Pennsylvania","Pike County",3,16,707,376,331
050,42,103,"Pennsylvania","Pike County",3,17,746,400,346
050,42,103,"Pennsylvania","Pike County",3,18,679,348,331
050,42,103,"Pennsylvania","Pike County",3,19,546,288,258
050,42,103,"Pennsylvania","Pike County",3,20,596,316,280
050,42,103,"Pennsylvania","Pike County",3,21,609,316,293
050,42,103,"Pennsylvania","Pike County",3,22,615,318,297
050,42,103,"Pennsylvania","Pike County",3,23,588,323,265
050,42,103,"Pennsylvania","Pike County",3,24,584,327,257
050,42,103,"Pennsylvania","Pike County",3,25,579,309,270
050,42,103,"Pennsylvania","Pike County",3,26,594,313,281
050,42,103,"Pennsylvania","Pike County",3,27,587,295,292
050,42,103,"Pennsylvania","Pike County",3,28,590,297,293
050,42,103,"Pennsylvania","Pike County",3,29,609,333,276
050,42,103,"Pennsylvania","Pike County",3,30,614,323,291
050,42,103,"Pennsylvania","Pike County",3,31,629,336,293
050,42,103,"Pennsylvania","Pike County",3,32,640,362,278
050,42,103,"Pennsylvania","Pike County",3,33,626,324,302
050,42,103,"Pennsylvania","Pike County",3,34,633,329,304
050,42,103,"Pennsylvania","Pike County",3,35,610,326,284
050,42,103,"Pennsylvania","Pike County",3,36,610,322,288
050,42,103,"Pennsylvania","Pike County",3,37,595,313,282
050,42,103,"Pennsylvania","Pike County",3,38,644,327,317
050,42,103,"Pennsylvania","Pike County",3,39,632,325,307
050,42,103,"Pennsylvania","Pike County",3,40,652,334,318
050,42,103,"Pennsylvania","Pike County",3,41,677,341,336
050,42,103,"Pennsylvania","Pike County",3,42,700,362,338
050,42,103,"Pennsylvania","Pike County",3,43,693,376,317
050,42,103,"Pennsylvania","Pike County",3,44,681,353,328
050,42,103,"Pennsylvania","Pike County",3,45,651,318,333
050,42,103,"Pennsylvania","Pike County",3,46,675,341,334
050,42,103,"Pennsylvania","Pike County",3,47,653,316,337
050,42,103,"Pennsylvania","Pike County",3,48,698,328,370
050,42,103,"Pennsylvania","Pike County",3,49,771,367,404
050,42,103,"Pennsylvania","Pike County",3,50,857,426,431
050,42,103,"Pennsylvania","Pike County",3,51,850,429,421
050,42,103,"Pennsylvania","Pike County",3,52,852,439,413
050,42,103,"Pennsylvania","Pike County",3,53,863,440,423
050,42,103,"Pennsylvania","Pike County",3,54,952,469,483
050,42,103,"Pennsylvania","Pike County",3,55,1008,502,506
050,42,103,"Pennsylvania","Pike County",3,56,1072,542,530
050,42,103,"Pennsylvania","Pike County",3,57,1104,562,542
050,42,103,"Pennsylvania","Pike County",3,58,1095,551,544
050,42,103,"Pennsylvania","Pike County",3,59,1092,566,526
050,42,103,"Pennsylvania","Pike County",3,60,1111,582,529
050,42,103,"Pennsylvania","Pike County",3,61,1117,591,526
050,42,103,"Pennsylvania","Pike County",3,62,1067,539,528
050,42,103,"Pennsylvania","Pike County",3,63,1088,549,539
050,42,103,"Pennsylvania","Pike County",3,64,1033,538,495
050,42,103,"Pennsylvania","Pike County",3,65,949,484,465
050,42,103,"Pennsylvania","Pike County",3,66,894,451,443
050,42,103,"Pennsylvania","Pike County",3,67,899,448,451
050,42,103,"Pennsylvania","Pike County",3,68,895,449,446
050,42,103,"Pennsylvania","Pike County",3,69,873,450,423
050,42,103,"Pennsylvania","Pike County",3,70,824,412,412
050,42,103,"Pennsylvania","Pike County",3,71,775,378,397
050,42,103,"Pennsylvania","Pike County",3,72,751,377,374
050,42,103,"Pennsylvania","Pike County",3,73,769,374,395
050,42,103,"Pennsylvania","Pike County",3,74,825,410,415
050,42,103,"Pennsylvania","Pike County",3,75,555,263,292
050,42,103,"Pennsylvania","Pike County",3,76,543,259,284
050,42,103,"Pennsylvania","Pike County",3,77,533,256,277
050,42,103,"Pennsylvania","Pike County",3,78,579,288,291
050,42,103,"Pennsylvania","Pike County",3,79,497,233,264
050,42,103,"Pennsylvania","Pike County",3,80,413,200,213
050,42,103,"Pennsylvania","Pike County",3,81,357,175,182
050,42,103,"Pennsylvania","Pike County",3,82,351,176,175
050,42,103,"Pennsylvania","Pike County",3,83,313,154,159
050,42,103,"Pennsylvania","Pike County",3,84,255,122,133
050,42,103,"Pennsylvania","Pike County",3,85,1270,526,744
050,42,103,"Pennsylvania","Pike County",4,0,412,219,193
050,42,103,"Pennsylvania","Pike County",4,1,428,216,212
050,42,103,"Pennsylvania","Pike County",4,2,480,245,235
050,42,103,"Pennsylvania","Pike County",4,3,548,286,262
050,42,103,"Pennsylvania","Pike County",4,4,522,287,235
050,42,103,"Pennsylvania","Pike County",4,5,543,264,279
050,42,103,"Pennsylvania","Pike County",4,6,577,284,293
050,42,103,"Pennsylvania","Pike County",4,7,530,274,256
050,42,103,"Pennsylvania","Pike County",4,8,507,267,240
050,42,103,"Pennsylvania","Pike County",4,9,549,273,276
050,42,103,"Pennsylvania","Pike County",4,10,559,291,268
050,42,103,"Pennsylvania","Pike County",4,11,561,297,264
050,42,103,"Pennsylvania","Pike County",4,12,598,304,294
050,42,103,"Pennsylvania","Pike County",4,13,710,361,349
050,42,103,"Pennsylvania","Pike County",4,14,732,381,351
050,42,103,"Pennsylvania","Pike County",4,15,715,374,341
050,42,103,"Pennsylvania","Pike County",4,16,696,374,322
050,42,103,"Pennsylvania","Pike County",4,17,700,365,335
050,42,103,"Pennsylvania","Pike County",4,18,631,348,283
050,42,103,"Pennsylvania","Pike County",4,19,545,285,260
050,42,103,"Pennsylvania","Pike County",4,20,575,310,265
050,42,103,"Pennsylvania","Pike County",4,21,602,316,286
050,42,103,"Pennsylvania","Pike County",4,22,620,328,292
050,42,103,"Pennsylvania","Pike County",4,23,608,331,277
050,42,103,"Pennsylvania","Pike County",4,24,576,328,248
050,42,103,"Pennsylvania","Pike County",4,25,568,324,244
050,42,103,"Pennsylvania","Pike County",4,26,563,295,268
050,42,103,"Pennsylvania","Pike County",4,27,602,321,281
050,42,103,"Pennsylvania","Pike County",4,28,603,307,296
050,42,103,"Pennsylvania","Pike County",4,29,589,287,302
050,42,103,"Pennsylvania","Pike County",4,30,615,337,278
050,42,103,"Pennsylvania","Pike County",4,31,647,345,302
050,42,103,"Pennsylvania","Pike County",4,32,675,358,317
050,42,103,"Pennsylvania","Pike County",4,33,663,367,296
050,42,103,"Pennsylvania","Pike County",4,34,678,337,341
050,42,103,"Pennsylvania","Pike County",4,35,667,351,316
050,42,103,"Pennsylvania","Pike County",4,36,643,345,298
050,42,103,"Pennsylvania","Pike County",4,37,643,337,306
050,42,103,"Pennsylvania","Pike County",4,38,638,326,312
050,42,103,"Pennsylvania","Pike County",4,39,660,318,342
050,42,103,"Pennsylvania","Pike County",4,40,644,336,308
050,42,103,"Pennsylvania","Pike County",4,41,683,351,332
050,42,103,"Pennsylvania","Pike County",4,42,690,352,338
050,42,103,"Pennsylvania","Pike County",4,43,710,366,344
050,42,103,"Pennsylvania","Pike County",4,44,719,394,325
050,42,103,"Pennsylvania","Pike County",4,45,702,370,332
050,42,103,"Pennsylvania","Pike County",4,46,657,319,338
050,42,103,"Pennsylvania","Pike County",4,47,679,341,338
050,42,103,"Pennsylvania","Pike County",4,48,670,320,350
050,42,103,"Pennsylvania","Pike County",4,49,708,321,387
050,42,103,"Pennsylvania","Pike County",4,50,766,371,395
050,42,103,"Pennsylvania","Pike County",4,51,856,418,438
050,42,103,"Pennsylvania","Pike County",4,52,890,444,446
050,42,103,"Pennsylvania","Pike County",4,53,863,443,420
050,42,103,"Pennsylvania","Pike County",4,54,882,449,433
050,42,103,"Pennsylvania","Pike County",4,55,967,480,487
050,42,103,"Pennsylvania","Pike County",4,56,1040,525,515
050,42,103,"Pennsylvania","Pike County",4,57,1074,553,521
050,42,103,"Pennsylvania","Pike County",4,58,1121,571,550
050,42,103,"Pennsylvania","Pike County",4,59,1089,548,541
050,42,103,"Pennsylvania","Pike County",4,60,1093,561,532
050,42,103,"Pennsylvania","Pike County",4,61,1146,602,544
050,42,103,"Pennsylvania","Pike County",4,62,1139,608,531
050,42,103,"Pennsylvania","Pike County",4,63,1072,543,529
050,42,103,"Pennsylvania","Pike County",4,64,1123,554,569
050,42,103,"Pennsylvania","Pike County",4,65,1068,560,508
050,42,103,"Pennsylvania","Pike County",4,66,956,492,464
050,42,103,"Pennsylvania","Pike County",4,67,900,453,447
050,42,103,"Pennsylvania","Pike County",4,68,924,457,467
050,42,103,"Pennsylvania","Pike County",4,69,890,447,443
050,42,103,"Pennsylvania","Pike County",4,70,876,454,422
050,42,103,"Pennsylvania","Pike County",4,71,794,407,387
050,42,103,"Pennsylvania","Pike County",4,72,751,363,388
050,42,103,"Pennsylvania","Pike County",4,73,721,364,357
050,42,103,"Pennsylvania","Pike County",4,74,752,368,384
050,42,103,"Pennsylvania","Pike County",4,75,795,386,409
050,42,103,"Pennsylvania","Pike County",4,76,531,247,284
050,42,103,"Pennsylvania","Pike County",4,77,515,248,267
050,42,103,"Pennsylvania","Pike County",4,78,509,242,267
050,42,103,"Pennsylvania","Pike County",4,79,551,265,286
050,42,103,"Pennsylvania","Pike County",4,80,453,214,239
050,42,103,"Pennsylvania","Pike County",4,81,400,192,208
050,42,103,"Pennsylvania","Pike County",4,82,314,149,165
050,42,103,"Pennsylvania","Pike County",4,83,324,158,166
050,42,103,"Pennsylvania","Pike County",4,84,288,141,147
050,42,103,"Pennsylvania","Pike County",4,85,1303,554,749
050,42,103,"Pennsylvania","Pike County",5,0,417,223,194
050,42,103,"Pennsylvania","Pike County",5,1,457,235,222
050,42,103,"Pennsylvania","Pike County",5,2,452,222,230
050,42,103,"Pennsylvania","Pike County",5,3,506,259,247
050,42,103,"Pennsylvania","Pike County",5,4,549,293,256
050,42,103,"Pennsylvania","Pike County",5,5,549,300,249
050,42,103,"Pennsylvania","Pike County",5,6,544,276,268
050,42,103,"Pennsylvania","Pike County",5,7,580,295,285
050,42,103,"Pennsylvania","Pike County",5,8,563,282,281
050,42,103,"Pennsylvania","Pike County",5,9,515,278,237
050,42,103,"Pennsylvania","Pike County",5,10,566,281,285
050,42,103,"Pennsylvania","Pike County",5,11,583,296,287
050,42,103,"Pennsylvania","Pike County",5,12,566,293,273
050,42,103,"Pennsylvania","Pike County",5,13,633,322,311
050,42,103,"Pennsylvania","Pike County",5,14,724,370,354
050,42,103,"Pennsylvania","Pike County",5,15,726,380,346
050,42,103,"Pennsylvania","Pike County",5,16,732,385,347
050,42,103,"Pennsylvania","Pike County",5,17,710,394,316
050,42,103,"Pennsylvania","Pike County",5,18,611,328,283
050,42,103,"Pennsylvania","Pike County",5,19,516,274,242
050,42,103,"Pennsylvania","Pike County",5,20,591,309,282
050,42,103,"Pennsylvania","Pike County",5,21,592,315,277
050,42,103,"Pennsylvania","Pike County",5,22,613,325,288
050,42,103,"Pennsylvania","Pike County",5,23,618,318,300
050,42,103,"Pennsylvania","Pike County",5,24,582,318,264
050,42,103,"Pennsylvania","Pike County",5,25,559,323,236
050,42,103,"Pennsylvania","Pike County",5,26,552,311,241
050,42,103,"Pennsylvania","Pike County",5,27,567,301,266
050,42,103,"Pennsylvania","Pike County",5,28,615,330,285
050,42,103,"Pennsylvania","Pike County",5,29,631,307,324
050,42,103,"Pennsylvania","Pike County",5,30,607,293,314
050,42,103,"Pennsylvania","Pike County",5,31,632,346,286
050,42,103,"Pennsylvania","Pike County",5,32,679,355,324
050,42,103,"Pennsylvania","Pike County",5,33,674,359,315
050,42,103,"Pennsylvania","Pike County",5,34,697,376,321
050,42,103,"Pennsylvania","Pike County",5,35,719,365,354
050,42,103,"Pennsylvania","Pike County",5,36,692,369,323
050,42,103,"Pennsylvania","Pike County",5,37,680,367,313
050,42,103,"Pennsylvania","Pike County",5,38,700,365,335
050,42,103,"Pennsylvania","Pike County",5,39,648,334,314
050,42,103,"Pennsylvania","Pike County",5,40,665,312,353
050,42,103,"Pennsylvania","Pike County",5,41,668,349,319
050,42,103,"Pennsylvania","Pike County",5,42,688,355,333
050,42,103,"Pennsylvania","Pike County",5,43,700,358,342
050,42,103,"Pennsylvania","Pike County",5,44,713,365,348
050,42,103,"Pennsylvania","Pike County",5,45,718,392,326
050,42,103,"Pennsylvania","Pike County",5,46,706,377,329
050,42,103,"Pennsylvania","Pike County",5,47,651,320,331
050,42,103,"Pennsylvania","Pike County",5,48,654,331,323
050,42,103,"Pennsylvania","Pike County",5,49,677,318,359
050,42,103,"Pennsylvania","Pike County",5,50,740,345,395
050,42,103,"Pennsylvania","Pike County",5,51,774,373,401
050,42,103,"Pennsylvania","Pike County",5,52,877,432,445
050,42,103,"Pennsylvania","Pike County",5,53,890,428,462
050,42,103,"Pennsylvania","Pike County",5,54,878,441,437
050,42,103,"Pennsylvania","Pike County",5,55,888,453,435
050,42,103,"Pennsylvania","Pike County",5,56,993,487,506
050,42,103,"Pennsylvania","Pike County",5,57,1060,536,524
050,42,103,"Pennsylvania","Pike County",5,58,1094,569,525
050,42,103,"Pennsylvania","Pike County",5,59,1121,571,550
050,42,103,"Pennsylvania","Pike County",5,60,1105,565,540
050,42,103,"Pennsylvania","Pike County",5,61,1117,576,541
050,42,103,"Pennsylvania","Pike County",5,62,1164,605,559
050,42,103,"Pennsylvania","Pike County",5,63,1139,601,538
050,42,103,"Pennsylvania","Pike County",5,64,1094,559,535
050,42,103,"Pennsylvania","Pike County",5,65,1149,555,594
050,42,103,"Pennsylvania","Pike County",5,66,1055,558,497
050,42,103,"Pennsylvania","Pike County",5,67,958,493,465
050,42,103,"Pennsylvania","Pike County",5,68,918,465,453
050,42,103,"Pennsylvania","Pike County",5,69,923,462,461
050,42,103,"Pennsylvania","Pike County",5,70,884,446,438
050,42,103,"Pennsylvania","Pike County",5,71,861,444,417
050,42,103,"Pennsylvania","Pike County",5,72,785,396,389
050,42,103,"Pennsylvania","Pike County",5,73,730,356,374
050,42,103,"Pennsylvania","Pike County",5,74,712,360,352
050,42,103,"Pennsylvania","Pike County",5,75,736,357,379
050,42,103,"Pennsylvania","Pike County",5,76,784,384,400
050,42,103,"Pennsylvania","Pike County",5,77,508,241,267
050,42,103,"Pennsylvania","Pike County",5,78,500,239,261
050,42,103,"Pennsylvania","Pike County",5,79,493,228,265
050,42,103,"Pennsylvania","Pike County",5,80,518,251,267
050,42,103,"Pennsylvania","Pike County",5,81,438,206,232
050,42,103,"Pennsylvania","Pike County",5,82,364,170,194
050,42,103,"Pennsylvania","Pike County",5,83,298,136,162
050,42,103,"Pennsylvania","Pike County",5,84,300,147,153
050,42,103,"Pennsylvania","Pike County",5,85,1412,624,788
050,42,105,"Pennsylvania","Potter County",1,0,156,80,76
050,42,105,"Pennsylvania","Potter County",1,1,134,66,68
050,42,105,"Pennsylvania","Potter County",1,2,160,77,83
050,42,105,"Pennsylvania","Potter County",1,3,163,92,71
050,42,105,"Pennsylvania","Potter County",1,4,174,97,77
050,42,105,"Pennsylvania","Potter County",1,5,183,87,96
050,42,105,"Pennsylvania","Potter County",1,6,182,92,90
050,42,105,"Pennsylvania","Potter County",1,7,187,98,89
050,42,105,"Pennsylvania","Potter County",1,8,184,95,89
050,42,105,"Pennsylvania","Potter County",1,9,190,107,83
050,42,105,"Pennsylvania","Potter County",1,10,197,95,102
050,42,105,"Pennsylvania","Potter County",1,11,196,94,102
050,42,105,"Pennsylvania","Potter County",1,12,188,97,91
050,42,105,"Pennsylvania","Potter County",1,13,196,101,95
050,42,105,"Pennsylvania","Potter County",1,14,216,117,99
050,42,105,"Pennsylvania","Potter County",1,15,210,110,100
050,42,105,"Pennsylvania","Potter County",1,16,207,107,100
050,42,105,"Pennsylvania","Potter County",1,17,217,117,100
050,42,105,"Pennsylvania","Potter County",1,18,191,103,88
050,42,105,"Pennsylvania","Potter County",1,19,135,68,67
050,42,105,"Pennsylvania","Potter County",1,20,148,77,71
050,42,105,"Pennsylvania","Potter County",1,21,162,88,74
050,42,105,"Pennsylvania","Potter County",1,22,161,79,82
050,42,105,"Pennsylvania","Potter County",1,23,148,80,68
050,42,105,"Pennsylvania","Potter County",1,24,148,75,73
050,42,105,"Pennsylvania","Potter County",1,25,158,93,65
050,42,105,"Pennsylvania","Potter County",1,26,177,93,84
050,42,105,"Pennsylvania","Potter County",1,27,177,90,87
050,42,105,"Pennsylvania","Potter County",1,28,166,85,81
050,42,105,"Pennsylvania","Potter County",1,29,172,85,87
050,42,105,"Pennsylvania","Potter County",1,30,151,73,78
050,42,105,"Pennsylvania","Potter County",1,31,157,81,76
050,42,105,"Pennsylvania","Potter County",1,32,169,84,85
050,42,105,"Pennsylvania","Potter County",1,33,155,79,76
050,42,105,"Pennsylvania","Potter County",1,34,144,82,62
050,42,105,"Pennsylvania","Potter County",1,35,162,82,80
050,42,105,"Pennsylvania","Potter County",1,36,159,76,83
050,42,105,"Pennsylvania","Potter County",1,37,179,96,83
050,42,105,"Pennsylvania","Potter County",1,38,187,98,89
050,42,105,"Pennsylvania","Potter County",1,39,177,92,85
050,42,105,"Pennsylvania","Potter County",1,40,157,77,80
050,42,105,"Pennsylvania","Potter County",1,41,163,77,86
050,42,105,"Pennsylvania","Potter County",1,42,194,101,93
050,42,105,"Pennsylvania","Potter County",1,43,176,89,87
050,42,105,"Pennsylvania","Potter County",1,44,152,76,76
050,42,105,"Pennsylvania","Potter County",1,45,161,75,86
050,42,105,"Pennsylvania","Potter County",1,46,144,63,81
050,42,105,"Pennsylvania","Potter County",1,47,169,84,85
050,42,105,"Pennsylvania","Potter County",1,48,217,118,99
050,42,105,"Pennsylvania","Potter County",1,49,213,116,97
050,42,105,"Pennsylvania","Potter County",1,50,195,91,104
050,42,105,"Pennsylvania","Potter County",1,51,211,102,109
050,42,105,"Pennsylvania","Potter County",1,52,196,101,95
050,42,105,"Pennsylvania","Potter County",1,53,218,109,109
050,42,105,"Pennsylvania","Potter County",1,54,236,122,114
050,42,105,"Pennsylvania","Potter County",1,55,260,138,122
050,42,105,"Pennsylvania","Potter County",1,56,264,141,123
050,42,105,"Pennsylvania","Potter County",1,57,256,122,134
050,42,105,"Pennsylvania","Potter County",1,58,260,124,136
050,42,105,"Pennsylvania","Potter County",1,59,275,137,138
050,42,105,"Pennsylvania","Potter County",1,60,267,127,140
050,42,105,"Pennsylvania","Potter County",1,61,244,119,125
050,42,105,"Pennsylvania","Potter County",1,62,288,153,135
050,42,105,"Pennsylvania","Potter County",1,63,283,147,136
050,42,105,"Pennsylvania","Potter County",1,64,272,136,136
050,42,105,"Pennsylvania","Potter County",1,65,252,131,121
050,42,105,"Pennsylvania","Potter County",1,66,256,129,127
050,42,105,"Pennsylvania","Potter County",1,67,253,121,132
050,42,105,"Pennsylvania","Potter County",1,68,237,112,125
050,42,105,"Pennsylvania","Potter County",1,69,248,135,113
050,42,105,"Pennsylvania","Potter County",1,70,240,116,124
050,42,105,"Pennsylvania","Potter County",1,71,234,114,120
050,42,105,"Pennsylvania","Potter County",1,72,222,112,110
050,42,105,"Pennsylvania","Potter County",1,73,242,114,128
050,42,105,"Pennsylvania","Potter County",1,74,145,73,72
050,42,105,"Pennsylvania","Potter County",1,75,147,71,76
050,42,105,"Pennsylvania","Potter County",1,76,143,73,70
050,42,105,"Pennsylvania","Potter County",1,77,157,84,73
050,42,105,"Pennsylvania","Potter County",1,78,145,67,78
050,42,105,"Pennsylvania","Potter County",1,79,122,51,71
050,42,105,"Pennsylvania","Potter County",1,80,115,56,59
050,42,105,"Pennsylvania","Potter County",1,81,99,52,47
050,42,105,"Pennsylvania","Potter County",1,82,103,51,52
050,42,105,"Pennsylvania","Potter County",1,83,90,39,51
050,42,105,"Pennsylvania","Potter County",1,84,64,24,40
050,42,105,"Pennsylvania","Potter County",1,85,489,160,329
050,42,105,"Pennsylvania","Potter County",2,0,160,79,81
050,42,105,"Pennsylvania","Potter County",2,1,137,68,69
050,42,105,"Pennsylvania","Potter County",2,2,152,74,78
050,42,105,"Pennsylvania","Potter County",2,3,161,88,73
050,42,105,"Pennsylvania","Potter County",2,4,174,97,77
050,42,105,"Pennsylvania","Potter County",2,5,181,90,91
050,42,105,"Pennsylvania","Potter County",2,6,183,91,92
050,42,105,"Pennsylvania","Potter County",2,7,186,98,88
050,42,105,"Pennsylvania","Potter County",2,8,187,99,88
050,42,105,"Pennsylvania","Potter County",2,9,188,105,83
050,42,105,"Pennsylvania","Potter County",2,10,195,97,98
050,42,105,"Pennsylvania","Potter County",2,11,197,95,102
050,42,105,"Pennsylvania","Potter County",2,12,189,96,93
050,42,105,"Pennsylvania","Potter County",2,13,195,100,95
050,42,105,"Pennsylvania","Potter County",2,14,213,114,99
050,42,105,"Pennsylvania","Potter County",2,15,212,111,101
050,42,105,"Pennsylvania","Potter County",2,16,211,109,102
050,42,105,"Pennsylvania","Potter County",2,17,215,114,101
050,42,105,"Pennsylvania","Potter County",2,18,186,101,85
050,42,105,"Pennsylvania","Potter County",2,19,138,70,68
050,42,105,"Pennsylvania","Potter County",2,20,149,77,72
050,42,105,"Pennsylvania","Potter County",2,21,159,84,75
050,42,105,"Pennsylvania","Potter County",2,22,160,80,80
050,42,105,"Pennsylvania","Potter County",2,23,153,82,71
050,42,105,"Pennsylvania","Potter County",2,24,146,76,70
050,42,105,"Pennsylvania","Potter County",2,25,155,88,67
050,42,105,"Pennsylvania","Potter County",2,26,174,93,81
050,42,105,"Pennsylvania","Potter County",2,27,177,90,87
050,42,105,"Pennsylvania","Potter County",2,28,167,85,82
050,42,105,"Pennsylvania","Potter County",2,29,169,84,85
050,42,105,"Pennsylvania","Potter County",2,30,157,77,80
050,42,105,"Pennsylvania","Potter County",2,31,158,80,78
050,42,105,"Pennsylvania","Potter County",2,32,167,83,84
050,42,105,"Pennsylvania","Potter County",2,33,160,82,78
050,42,105,"Pennsylvania","Potter County",2,34,147,81,66
050,42,105,"Pennsylvania","Potter County",2,35,160,83,77
050,42,105,"Pennsylvania","Potter County",2,36,157,77,80
050,42,105,"Pennsylvania","Potter County",2,37,176,92,84
050,42,105,"Pennsylvania","Potter County",2,38,186,99,87
050,42,105,"Pennsylvania","Potter County",2,39,179,93,86
050,42,105,"Pennsylvania","Potter County",2,40,164,81,83
050,42,105,"Pennsylvania","Potter County",2,41,163,78,85
050,42,105,"Pennsylvania","Potter County",2,42,184,94,90
050,42,105,"Pennsylvania","Potter County",2,43,180,92,88
050,42,105,"Pennsylvania","Potter County",2,44,157,79,78
050,42,105,"Pennsylvania","Potter County",2,45,161,77,84
050,42,105,"Pennsylvania","Potter County",2,46,147,66,81
050,42,105,"Pennsylvania","Potter County",2,47,163,80,83
050,42,105,"Pennsylvania","Potter County",2,48,206,110,96
050,42,105,"Pennsylvania","Potter County",2,49,214,117,97
050,42,105,"Pennsylvania","Potter County",2,50,200,97,103
050,42,105,"Pennsylvania","Potter County",2,51,205,98,107
050,42,105,"Pennsylvania","Potter County",2,52,199,100,99
050,42,105,"Pennsylvania","Potter County",2,53,214,107,107
050,42,105,"Pennsylvania","Potter County",2,54,232,120,112
050,42,105,"Pennsylvania","Potter County",2,55,252,133,119
050,42,105,"Pennsylvania","Potter County",2,56,262,140,122
050,42,105,"Pennsylvania","Potter County",2,57,259,127,132
050,42,105,"Pennsylvania","Potter County",2,58,260,124,136
050,42,105,"Pennsylvania","Potter County",2,59,271,133,138
050,42,105,"Pennsylvania","Potter County",2,60,269,129,140
050,42,105,"Pennsylvania","Potter County",2,61,249,121,128
050,42,105,"Pennsylvania","Potter County",2,62,279,146,133
050,42,105,"Pennsylvania","Potter County",2,63,287,149,138
050,42,105,"Pennsylvania","Potter County",2,64,270,137,133
050,42,105,"Pennsylvania","Potter County",2,65,259,134,125
050,42,105,"Pennsylvania","Potter County",2,66,258,131,127
050,42,105,"Pennsylvania","Potter County",2,67,251,122,129
050,42,105,"Pennsylvania","Potter County",2,68,237,113,124
050,42,105,"Pennsylvania","Potter County",2,69,248,130,118
050,42,105,"Pennsylvania","Potter County",2,70,241,120,121
050,42,105,"Pennsylvania","Potter County",2,71,232,114,118
050,42,105,"Pennsylvania","Potter County",2,72,218,108,110
050,42,105,"Pennsylvania","Potter County",2,73,249,120,129
050,42,105,"Pennsylvania","Potter County",2,74,156,77,79
050,42,105,"Pennsylvania","Potter County",2,75,148,72,76
050,42,105,"Pennsylvania","Potter County",2,76,140,70,70
050,42,105,"Pennsylvania","Potter County",2,77,157,83,74
050,42,105,"Pennsylvania","Potter County",2,78,143,69,74
050,42,105,"Pennsylvania","Potter County",2,79,124,54,70
050,42,105,"Pennsylvania","Potter County",2,80,117,54,63
050,42,105,"Pennsylvania","Potter County",2,81,102,53,49
050,42,105,"Pennsylvania","Potter County",2,82,99,50,49
050,42,105,"Pennsylvania","Potter County",2,83,90,41,49
050,42,105,"Pennsylvania","Potter County",2,84,67,25,42
050,42,105,"Pennsylvania","Potter County",2,85,484,159,325
050,42,105,"Pennsylvania","Potter County",3,0,164,75,89
050,42,105,"Pennsylvania","Potter County",3,1,173,84,89
050,42,105,"Pennsylvania","Potter County",3,2,146,65,81
050,42,105,"Pennsylvania","Potter County",3,3,163,79,84
050,42,105,"Pennsylvania","Potter County",3,4,169,89,80
050,42,105,"Pennsylvania","Potter County",3,5,171,93,78
050,42,105,"Pennsylvania","Potter County",3,6,177,89,88
050,42,105,"Pennsylvania","Potter County",3,7,188,94,94
050,42,105,"Pennsylvania","Potter County",3,8,190,100,90
050,42,105,"Pennsylvania","Potter County",3,9,180,95,85
050,42,105,"Pennsylvania","Potter County",3,10,185,100,85
050,42,105,"Pennsylvania","Potter County",3,11,196,99,97
050,42,105,"Pennsylvania","Potter County",3,12,192,91,101
050,42,105,"Pennsylvania","Potter County",3,13,193,94,99
050,42,105,"Pennsylvania","Potter County",3,14,199,103,96
050,42,105,"Pennsylvania","Potter County",3,15,211,111,100
050,42,105,"Pennsylvania","Potter County",3,16,201,109,92
050,42,105,"Pennsylvania","Potter County",3,17,208,108,100
050,42,105,"Pennsylvania","Potter County",3,18,176,95,81
050,42,105,"Pennsylvania","Potter County",3,19,135,75,60
050,42,105,"Pennsylvania","Potter County",3,20,146,76,70
050,42,105,"Pennsylvania","Potter County",3,21,159,78,81
050,42,105,"Pennsylvania","Potter County",3,22,159,80,79
050,42,105,"Pennsylvania","Potter County",3,23,173,95,78
050,42,105,"Pennsylvania","Potter County",3,24,140,80,60
050,42,105,"Pennsylvania","Potter County",3,25,140,73,67
050,42,105,"Pennsylvania","Potter County",3,26,158,87,71
050,42,105,"Pennsylvania","Potter County",3,27,181,95,86
050,42,105,"Pennsylvania","Potter County",3,28,170,87,83
050,42,105,"Pennsylvania","Potter County",3,29,171,85,86
050,42,105,"Pennsylvania","Potter County",3,30,163,84,79
050,42,105,"Pennsylvania","Potter County",3,31,146,74,72
050,42,105,"Pennsylvania","Potter County",3,32,171,87,84
050,42,105,"Pennsylvania","Potter County",3,33,170,82,88
050,42,105,"Pennsylvania","Potter County",3,34,155,81,74
050,42,105,"Pennsylvania","Potter County",3,35,145,76,69
050,42,105,"Pennsylvania","Potter County",3,36,157,79,78
050,42,105,"Pennsylvania","Potter County",3,37,162,79,83
050,42,105,"Pennsylvania","Potter County",3,38,176,92,84
050,42,105,"Pennsylvania","Potter County",3,39,184,99,85
050,42,105,"Pennsylvania","Potter County",3,40,177,95,82
050,42,105,"Pennsylvania","Potter County",3,41,161,81,80
050,42,105,"Pennsylvania","Potter County",3,42,162,79,83
050,42,105,"Pennsylvania","Potter County",3,43,185,94,91
050,42,105,"Pennsylvania","Potter County",3,44,176,93,83
050,42,105,"Pennsylvania","Potter County",3,45,157,78,79
050,42,105,"Pennsylvania","Potter County",3,46,161,77,84
050,42,105,"Pennsylvania","Potter County",3,47,147,66,81
050,42,105,"Pennsylvania","Potter County",3,48,166,83,83
050,42,105,"Pennsylvania","Potter County",3,49,207,111,96
050,42,105,"Pennsylvania","Potter County",3,50,211,113,98
050,42,105,"Pennsylvania","Potter County",3,51,209,100,109
050,42,105,"Pennsylvania","Potter County",3,52,202,99,103
050,42,105,"Pennsylvania","Potter County",3,53,201,106,95
050,42,105,"Pennsylvania","Potter County",3,54,220,113,107
050,42,105,"Pennsylvania","Potter County",3,55,229,116,113
050,42,105,"Pennsylvania","Potter County",3,56,252,131,121
050,42,105,"Pennsylvania","Potter County",3,57,259,138,121
050,42,105,"Pennsylvania","Potter County",3,58,263,127,136
050,42,105,"Pennsylvania","Potter County",3,59,259,127,132
050,42,105,"Pennsylvania","Potter County",3,60,272,129,143
050,42,105,"Pennsylvania","Potter County",3,61,259,128,131
050,42,105,"Pennsylvania","Potter County",3,62,252,125,127
050,42,105,"Pennsylvania","Potter County",3,63,277,144,133
050,42,105,"Pennsylvania","Potter County",3,64,292,154,138
050,42,105,"Pennsylvania","Potter County",3,65,268,135,133
050,42,105,"Pennsylvania","Potter County",3,66,258,138,120
050,42,105,"Pennsylvania","Potter County",3,67,258,128,130
050,42,105,"Pennsylvania","Potter County",3,68,250,123,127
050,42,105,"Pennsylvania","Potter County",3,69,240,114,126
050,42,105,"Pennsylvania","Potter County",3,70,249,129,120
050,42,105,"Pennsylvania","Potter County",3,71,236,118,118
050,42,105,"Pennsylvania","Potter County",3,72,223,108,115
050,42,105,"Pennsylvania","Potter County",3,73,215,104,111
050,42,105,"Pennsylvania","Potter County",3,74,235,114,121
050,42,105,"Pennsylvania","Potter County",3,75,154,73,81
050,42,105,"Pennsylvania","Potter County",3,76,136,65,71
050,42,105,"Pennsylvania","Potter County",3,77,141,73,68
050,42,105,"Pennsylvania","Potter County",3,78,156,82,74
050,42,105,"Pennsylvania","Potter County",3,79,126,58,68
050,42,105,"Pennsylvania","Potter County",3,80,125,56,69
050,42,105,"Pennsylvania","Potter County",3,81,105,50,55
050,42,105,"Pennsylvania","Potter County",3,82,95,50,45
050,42,105,"Pennsylvania","Potter County",3,83,87,43,44
050,42,105,"Pennsylvania","Potter County",3,84,77,35,42
050,42,105,"Pennsylvania","Potter County",3,85,478,153,325
050,42,105,"Pennsylvania","Potter County",4,0,168,79,89
050,42,105,"Pennsylvania","Potter County",4,1,162,79,83
050,42,105,"Pennsylvania","Potter County",4,2,176,87,89
050,42,105,"Pennsylvania","Potter County",4,3,148,68,80
050,42,105,"Pennsylvania","Potter County",4,4,161,80,81
050,42,105,"Pennsylvania","Potter County",4,5,171,92,79
050,42,105,"Pennsylvania","Potter County",4,6,180,97,83
050,42,105,"Pennsylvania","Potter County",4,7,174,85,89
050,42,105,"Pennsylvania","Potter County",4,8,188,95,93
050,42,105,"Pennsylvania","Potter County",4,9,192,106,86
050,42,105,"Pennsylvania","Potter County",4,10,181,98,83
050,42,105,"Pennsylvania","Potter County",4,11,189,98,91
050,42,105,"Pennsylvania","Potter County",4,12,197,102,95
050,42,105,"Pennsylvania","Potter County",4,13,190,91,99
050,42,105,"Pennsylvania","Potter County",4,14,196,95,101
050,42,105,"Pennsylvania","Potter County",4,15,198,101,97
050,42,105,"Pennsylvania","Potter County",4,16,218,116,102
050,42,105,"Pennsylvania","Potter County",4,17,201,108,93
050,42,105,"Pennsylvania","Potter County",4,18,171,89,82
050,42,105,"Pennsylvania","Potter County",4,19,133,71,62
050,42,105,"Pennsylvania","Potter County",4,20,131,75,56
050,42,105,"Pennsylvania","Potter County",4,21,145,74,71
050,42,105,"Pennsylvania","Potter County",4,22,158,76,82
050,42,105,"Pennsylvania","Potter County",4,23,171,86,85
050,42,105,"Pennsylvania","Potter County",4,24,173,89,84
050,42,105,"Pennsylvania","Potter County",4,25,136,79,57
050,42,105,"Pennsylvania","Potter County",4,26,131,69,62
050,42,105,"Pennsylvania","Potter County",4,27,154,89,65
050,42,105,"Pennsylvania","Potter County",4,28,173,92,81
050,42,105,"Pennsylvania","Potter County",4,29,170,83,87
050,42,105,"Pennsylvania","Potter County",4,30,165,83,82
050,42,105,"Pennsylvania","Potter County",4,31,164,79,85
050,42,105,"Pennsylvania","Potter County",4,32,156,78,78
050,42,105,"Pennsylvania","Potter County",4,33,168,86,82
050,42,105,"Pennsylvania","Potter County",4,34,179,90,89
050,42,105,"Pennsylvania","Potter County",4,35,152,80,72
050,42,105,"Pennsylvania","Potter County",4,36,145,77,68
050,42,105,"Pennsylvania","Potter County",4,37,160,82,78
050,42,105,"Pennsylvania","Potter County",4,38,166,80,86
050,42,105,"Pennsylvania","Potter County",4,39,172,87,85
050,42,105,"Pennsylvania","Potter County",4,40,188,101,87
050,42,105,"Pennsylvania","Potter County",4,41,183,94,89
050,42,105,"Pennsylvania","Potter County",4,42,162,83,79
050,42,105,"Pennsylvania","Potter County",4,43,166,79,87
050,42,105,"Pennsylvania","Potter County",4,44,181,92,89
050,42,105,"Pennsylvania","Potter County",4,45,173,90,83
050,42,105,"Pennsylvania","Potter County",4,46,166,82,84
050,42,105,"Pennsylvania","Potter County",4,47,166,81,85
050,42,105,"Pennsylvania","Potter County",4,48,151,70,81
050,42,105,"Pennsylvania","Potter County",4,49,167,83,84
050,42,105,"Pennsylvania","Potter County",4,50,201,113,88
050,42,105,"Pennsylvania","Potter County",4,51,211,114,97
050,42,105,"Pennsylvania","Potter County",4,52,215,103,112
050,42,105,"Pennsylvania","Potter County",4,53,206,100,106
050,42,105,"Pennsylvania","Potter County",4,54,199,103,96
050,42,105,"Pennsylvania","Potter County",4,55,215,109,106
050,42,105,"Pennsylvania","Potter County",4,56,228,117,111
050,42,105,"Pennsylvania","Potter County",4,57,258,133,125
050,42,105,"Pennsylvania","Potter County",4,58,261,140,121
050,42,105,"Pennsylvania","Potter County",4,59,259,121,138
050,42,105,"Pennsylvania","Potter County",4,60,262,128,134
050,42,105,"Pennsylvania","Potter County",4,61,266,131,135
050,42,105,"Pennsylvania","Potter County",4,62,270,135,135
050,42,105,"Pennsylvania","Potter County",4,63,259,128,131
050,42,105,"Pennsylvania","Potter County",4,64,273,141,132
050,42,105,"Pennsylvania","Potter County",4,65,293,156,137
050,42,105,"Pennsylvania","Potter County",4,66,260,135,125
050,42,105,"Pennsylvania","Potter County",4,67,253,135,118
050,42,105,"Pennsylvania","Potter County",4,68,261,134,127
050,42,105,"Pennsylvania","Potter County",4,69,245,116,129
050,42,105,"Pennsylvania","Potter County",4,70,236,111,125
050,42,105,"Pennsylvania","Potter County",4,71,241,126,115
050,42,105,"Pennsylvania","Potter County",4,72,227,112,115
050,42,105,"Pennsylvania","Potter County",4,73,219,104,115
050,42,105,"Pennsylvania","Potter County",4,74,198,94,104
050,42,105,"Pennsylvania","Potter County",4,75,224,106,118
050,42,105,"Pennsylvania","Potter County",4,76,138,64,74
050,42,105,"Pennsylvania","Potter County",4,77,132,70,62
050,42,105,"Pennsylvania","Potter County",4,78,130,63,67
050,42,105,"Pennsylvania","Potter County",4,79,140,72,68
050,42,105,"Pennsylvania","Potter County",4,80,128,58,70
050,42,105,"Pennsylvania","Potter County",4,81,112,52,60
050,42,105,"Pennsylvania","Potter County",4,82,95,43,52
050,42,105,"Pennsylvania","Potter County",4,83,76,38,38
050,42,105,"Pennsylvania","Potter County",4,84,82,39,43
050,42,105,"Pennsylvania","Potter County",4,85,467,144,323
050,42,105,"Pennsylvania","Potter County",5,0,167,79,88
050,42,105,"Pennsylvania","Potter County",5,1,166,75,91
050,42,105,"Pennsylvania","Potter County",5,2,162,77,85
050,42,105,"Pennsylvania","Potter County",5,3,179,91,88
050,42,105,"Pennsylvania","Potter County",5,4,138,65,73
050,42,105,"Pennsylvania","Potter County",5,5,158,79,79
050,42,105,"Pennsylvania","Potter County",5,6,168,89,79
050,42,105,"Pennsylvania","Potter County",5,7,170,91,79
050,42,105,"Pennsylvania","Potter County",5,8,166,88,78
050,42,105,"Pennsylvania","Potter County",5,9,187,93,94
050,42,105,"Pennsylvania","Potter County",5,10,191,102,89
050,42,105,"Pennsylvania","Potter County",5,11,176,94,82
050,42,105,"Pennsylvania","Potter County",5,12,187,94,93
050,42,105,"Pennsylvania","Potter County",5,13,193,101,92
050,42,105,"Pennsylvania","Potter County",5,14,187,93,94
050,42,105,"Pennsylvania","Potter County",5,15,192,96,96
050,42,105,"Pennsylvania","Potter County",5,16,200,101,99
050,42,105,"Pennsylvania","Potter County",5,17,215,113,102
050,42,105,"Pennsylvania","Potter County",5,18,159,91,68
050,42,105,"Pennsylvania","Potter County",5,19,125,64,61
050,42,105,"Pennsylvania","Potter County",5,20,142,75,67
050,42,105,"Pennsylvania","Potter County",5,21,144,81,63
050,42,105,"Pennsylvania","Potter County",5,22,159,79,80
050,42,105,"Pennsylvania","Potter County",5,23,157,75,82
050,42,105,"Pennsylvania","Potter County",5,24,156,81,75
050,42,105,"Pennsylvania","Potter County",5,25,156,83,73
050,42,105,"Pennsylvania","Potter County",5,26,125,70,55
050,42,105,"Pennsylvania","Potter County",5,27,142,77,65
050,42,105,"Pennsylvania","Potter County",5,28,134,71,63
050,42,105,"Pennsylvania","Potter County",5,29,176,89,87
050,42,105,"Pennsylvania","Potter County",5,30,166,84,82
050,42,105,"Pennsylvania","Potter County",5,31,163,83,80
050,42,105,"Pennsylvania","Potter County",5,32,166,82,84
050,42,105,"Pennsylvania","Potter County",5,33,155,76,79
050,42,105,"Pennsylvania","Potter County",5,34,166,84,82
050,42,105,"Pennsylvania","Potter County",5,35,169,82,87
050,42,105,"Pennsylvania","Potter County",5,36,151,82,69
050,42,105,"Pennsylvania","Potter County",5,37,150,80,70
050,42,105,"Pennsylvania","Potter County",5,38,160,85,75
050,42,105,"Pennsylvania","Potter County",5,39,166,76,90
050,42,105,"Pennsylvania","Potter County",5,40,172,89,83
050,42,105,"Pennsylvania","Potter County",5,41,194,102,92
050,42,105,"Pennsylvania","Potter County",5,42,181,95,86
050,42,105,"Pennsylvania","Potter County",5,43,157,78,79
050,42,105,"Pennsylvania","Potter County",5,44,168,85,83
050,42,105,"Pennsylvania","Potter County",5,45,181,90,91
050,42,105,"Pennsylvania","Potter County",5,46,177,93,84
050,42,105,"Pennsylvania","Potter County",5,47,160,80,80
050,42,105,"Pennsylvania","Potter County",5,48,172,86,86
050,42,105,"Pennsylvania","Potter County",5,49,154,68,86
050,42,105,"Pennsylvania","Potter County",5,50,164,81,83
050,42,105,"Pennsylvania","Potter County",5,51,199,110,89
050,42,105,"Pennsylvania","Potter County",5,52,211,118,93
050,42,105,"Pennsylvania","Potter County",5,53,213,102,111
050,42,105,"Pennsylvania","Potter County",5,54,211,101,110
050,42,105,"Pennsylvania","Potter County",5,55,201,101,100
050,42,105,"Pennsylvania","Potter County",5,56,216,112,104
050,42,105,"Pennsylvania","Potter County",5,57,229,118,111
050,42,105,"Pennsylvania","Potter County",5,58,267,139,128
050,42,105,"Pennsylvania","Potter County",5,59,259,136,123
050,42,105,"Pennsylvania","Potter County",5,60,257,123,134
050,42,105,"Pennsylvania","Potter County",5,61,265,132,133
050,42,105,"Pennsylvania","Potter County",5,62,264,129,135
050,42,105,"Pennsylvania","Potter County",5,63,272,134,138
050,42,105,"Pennsylvania","Potter County",5,64,249,123,126
050,42,105,"Pennsylvania","Potter County",5,65,272,142,130
050,42,105,"Pennsylvania","Potter County",5,66,289,153,136
050,42,105,"Pennsylvania","Potter County",5,67,251,133,118
050,42,105,"Pennsylvania","Potter County",5,68,250,135,115
050,42,105,"Pennsylvania","Potter County",5,69,258,130,128
050,42,105,"Pennsylvania","Potter County",5,70,247,117,130
050,42,105,"Pennsylvania","Potter County",5,71,231,112,119
050,42,105,"Pennsylvania","Potter County",5,72,232,121,111
050,42,105,"Pennsylvania","Potter County",5,73,224,108,116
050,42,105,"Pennsylvania","Potter County",5,74,202,94,108
050,42,105,"Pennsylvania","Potter County",5,75,195,89,106
050,42,105,"Pennsylvania","Potter County",5,76,209,97,112
050,42,105,"Pennsylvania","Potter County",5,77,133,68,65
050,42,105,"Pennsylvania","Potter County",5,78,126,65,61
050,42,105,"Pennsylvania","Potter County",5,79,116,54,62
050,42,105,"Pennsylvania","Potter County",5,80,138,70,68
050,42,105,"Pennsylvania","Potter County",5,81,119,55,64
050,42,105,"Pennsylvania","Potter County",5,82,104,49,55
050,42,105,"Pennsylvania","Potter County",5,83,82,35,47
050,42,105,"Pennsylvania","Potter County",5,84,74,33,41
050,42,105,"Pennsylvania","Potter County",5,85,465,147,318
050,42,107,"Pennsylvania","Schuylkill County",1,0,1255,644,611
050,42,107,"Pennsylvania","Schuylkill County",1,1,1314,649,665
050,42,107,"Pennsylvania","Schuylkill County",1,2,1378,699,679
050,42,107,"Pennsylvania","Schuylkill County",1,3,1454,767,687
050,42,107,"Pennsylvania","Schuylkill County",1,4,1416,750,666
050,42,107,"Pennsylvania","Schuylkill County",1,5,1526,760,766
050,42,107,"Pennsylvania","Schuylkill County",1,6,1489,779,710
050,42,107,"Pennsylvania","Schuylkill County",1,7,1532,785,747
050,42,107,"Pennsylvania","Schuylkill County",1,8,1585,801,784
050,42,107,"Pennsylvania","Schuylkill County",1,9,1533,806,727
050,42,107,"Pennsylvania","Schuylkill County",1,10,1553,819,734
050,42,107,"Pennsylvania","Schuylkill County",1,11,1710,873,837
050,42,107,"Pennsylvania","Schuylkill County",1,12,1805,919,886
050,42,107,"Pennsylvania","Schuylkill County",1,13,1780,904,876
050,42,107,"Pennsylvania","Schuylkill County",1,14,1797,945,852
050,42,107,"Pennsylvania","Schuylkill County",1,15,1767,935,832
050,42,107,"Pennsylvania","Schuylkill County",1,16,1827,951,876
050,42,107,"Pennsylvania","Schuylkill County",1,17,1765,915,850
050,42,107,"Pennsylvania","Schuylkill County",1,18,1576,844,732
050,42,107,"Pennsylvania","Schuylkill County",1,19,1330,729,601
050,42,107,"Pennsylvania","Schuylkill County",1,20,1363,729,634
050,42,107,"Pennsylvania","Schuylkill County",1,21,1381,727,654
050,42,107,"Pennsylvania","Schuylkill County",1,22,1490,769,721
050,42,107,"Pennsylvania","Schuylkill County",1,23,1594,867,727
050,42,107,"Pennsylvania","Schuylkill County",1,24,1601,907,694
050,42,107,"Pennsylvania","Schuylkill County",1,25,1596,903,693
050,42,107,"Pennsylvania","Schuylkill County",1,26,1649,916,733
050,42,107,"Pennsylvania","Schuylkill County",1,27,1777,1024,753
050,42,107,"Pennsylvania","Schuylkill County",1,28,1695,960,735
050,42,107,"Pennsylvania","Schuylkill County",1,29,1763,1008,755
050,42,107,"Pennsylvania","Schuylkill County",1,30,1683,943,740
050,42,107,"Pennsylvania","Schuylkill County",1,31,1778,1030,748
050,42,107,"Pennsylvania","Schuylkill County",1,32,1637,922,715
050,42,107,"Pennsylvania","Schuylkill County",1,33,1659,922,737
050,42,107,"Pennsylvania","Schuylkill County",1,34,1729,946,783
050,42,107,"Pennsylvania","Schuylkill County",1,35,1637,872,765
050,42,107,"Pennsylvania","Schuylkill County",1,36,1710,945,765
050,42,107,"Pennsylvania","Schuylkill County",1,37,1734,938,796
050,42,107,"Pennsylvania","Schuylkill County",1,38,1757,958,799
050,42,107,"Pennsylvania","Schuylkill County",1,39,1810,1005,805
050,42,107,"Pennsylvania","Schuylkill County",1,40,1728,920,808
050,42,107,"Pennsylvania","Schuylkill County",1,41,1754,960,794
050,42,107,"Pennsylvania","Schuylkill County",1,42,1674,891,783
050,42,107,"Pennsylvania","Schuylkill County",1,43,1618,875,743
050,42,107,"Pennsylvania","Schuylkill County",1,44,1619,865,754
050,42,107,"Pennsylvania","Schuylkill County",1,45,1642,901,741
050,42,107,"Pennsylvania","Schuylkill County",1,46,1843,1051,792
050,42,107,"Pennsylvania","Schuylkill County",1,47,1850,988,862
050,42,107,"Pennsylvania","Schuylkill County",1,48,2001,1072,929
050,42,107,"Pennsylvania","Schuylkill County",1,49,2085,1109,976
050,42,107,"Pennsylvania","Schuylkill County",1,50,2051,1109,942
050,42,107,"Pennsylvania","Schuylkill County",1,51,2059,1106,953
050,42,107,"Pennsylvania","Schuylkill County",1,52,1950,1015,935
050,42,107,"Pennsylvania","Schuylkill County",1,53,2062,1069,993
050,42,107,"Pennsylvania","Schuylkill County",1,54,2085,1064,1021
050,42,107,"Pennsylvania","Schuylkill County",1,55,2131,1118,1013
050,42,107,"Pennsylvania","Schuylkill County",1,56,2077,1099,978
050,42,107,"Pennsylvania","Schuylkill County",1,57,2069,1079,990
050,42,107,"Pennsylvania","Schuylkill County",1,58,2181,1116,1065
050,42,107,"Pennsylvania","Schuylkill County",1,59,2126,1089,1037
050,42,107,"Pennsylvania","Schuylkill County",1,60,2096,1041,1055
050,42,107,"Pennsylvania","Schuylkill County",1,61,2159,1099,1060
050,42,107,"Pennsylvania","Schuylkill County",1,62,2207,1133,1074
050,42,107,"Pennsylvania","Schuylkill County",1,63,2091,1075,1016
050,42,107,"Pennsylvania","Schuylkill County",1,64,2040,1027,1013
050,42,107,"Pennsylvania","Schuylkill County",1,65,1953,937,1016
050,42,107,"Pennsylvania","Schuylkill County",1,66,1967,973,994
050,42,107,"Pennsylvania","Schuylkill County",1,67,1927,950,977
050,42,107,"Pennsylvania","Schuylkill County",1,68,1828,917,911
050,42,107,"Pennsylvania","Schuylkill County",1,69,1716,855,861
050,42,107,"Pennsylvania","Schuylkill County",1,70,1613,765,848
050,42,107,"Pennsylvania","Schuylkill County",1,71,1647,795,852
050,42,107,"Pennsylvania","Schuylkill County",1,72,1693,826,867
050,42,107,"Pennsylvania","Schuylkill County",1,73,1663,803,860
050,42,107,"Pennsylvania","Schuylkill County",1,74,1140,526,614
050,42,107,"Pennsylvania","Schuylkill County",1,75,1123,545,578
050,42,107,"Pennsylvania","Schuylkill County",1,76,1146,524,622
050,42,107,"Pennsylvania","Schuylkill County",1,77,1113,515,598
050,42,107,"Pennsylvania","Schuylkill County",1,78,939,419,520
050,42,107,"Pennsylvania","Schuylkill County",1,79,830,355,475
050,42,107,"Pennsylvania","Schuylkill County",1,80,774,329,445
050,42,107,"Pennsylvania","Schuylkill County",1,81,712,313,399
050,42,107,"Pennsylvania","Schuylkill County",1,82,690,298,392
050,42,107,"Pennsylvania","Schuylkill County",1,83,666,286,380
050,42,107,"Pennsylvania","Schuylkill County",1,84,590,213,377
050,42,107,"Pennsylvania","Schuylkill County",1,85,3693,1151,2542
050,42,107,"Pennsylvania","Schuylkill County",2,0,1279,641,638
050,42,107,"Pennsylvania","Schuylkill County",2,1,1309,652,657
050,42,107,"Pennsylvania","Schuylkill County",2,2,1371,692,679
050,42,107,"Pennsylvania","Schuylkill County",2,3,1428,748,680
050,42,107,"Pennsylvania","Schuylkill County",2,4,1440,760,680
050,42,107,"Pennsylvania","Schuylkill County",2,5,1503,762,741
050,42,107,"Pennsylvania","Schuylkill County",2,6,1507,778,729
050,42,107,"Pennsylvania","Schuylkill County",2,7,1526,787,739
050,42,107,"Pennsylvania","Schuylkill County",2,8,1574,799,775
050,42,107,"Pennsylvania","Schuylkill County",2,9,1550,806,744
050,42,107,"Pennsylvania","Schuylkill County",2,10,1556,820,736
050,42,107,"Pennsylvania","Schuylkill County",2,11,1669,858,811
050,42,107,"Pennsylvania","Schuylkill County",2,12,1794,915,879
050,42,107,"Pennsylvania","Schuylkill County",2,13,1792,913,879
050,42,107,"Pennsylvania","Schuylkill County",2,14,1797,938,859
050,42,107,"Pennsylvania","Schuylkill County",2,15,1779,938,841
050,42,107,"Pennsylvania","Schuylkill County",2,16,1814,947,867
050,42,107,"Pennsylvania","Schuylkill County",2,17,1784,926,858
050,42,107,"Pennsylvania","Schuylkill County",2,18,1562,835,727
050,42,107,"Pennsylvania","Schuylkill County",2,19,1347,734,613
050,42,107,"Pennsylvania","Schuylkill County",2,20,1380,742,638
050,42,107,"Pennsylvania","Schuylkill County",2,21,1392,735,657
050,42,107,"Pennsylvania","Schuylkill County",2,22,1482,769,713
050,42,107,"Pennsylvania","Schuylkill County",2,23,1596,868,728
050,42,107,"Pennsylvania","Schuylkill County",2,24,1621,921,700
050,42,107,"Pennsylvania","Schuylkill County",2,25,1595,901,694
050,42,107,"Pennsylvania","Schuylkill County",2,26,1633,908,725
050,42,107,"Pennsylvania","Schuylkill County",2,27,1763,1021,742
050,42,107,"Pennsylvania","Schuylkill County",2,28,1682,944,738
050,42,107,"Pennsylvania","Schuylkill County",2,29,1766,1013,753
050,42,107,"Pennsylvania","Schuylkill County",2,30,1708,959,749
050,42,107,"Pennsylvania","Schuylkill County",2,31,1770,1026,744
050,42,107,"Pennsylvania","Schuylkill County",2,32,1655,933,722
050,42,107,"Pennsylvania","Schuylkill County",2,33,1649,920,729
050,42,107,"Pennsylvania","Schuylkill County",2,34,1703,934,769
050,42,107,"Pennsylvania","Schuylkill County",2,35,1661,884,777
050,42,107,"Pennsylvania","Schuylkill County",2,36,1702,937,765
050,42,107,"Pennsylvania","Schuylkill County",2,37,1730,938,792
050,42,107,"Pennsylvania","Schuylkill County",2,38,1765,960,805
050,42,107,"Pennsylvania","Schuylkill County",2,39,1801,997,804
050,42,107,"Pennsylvania","Schuylkill County",2,40,1753,938,815
050,42,107,"Pennsylvania","Schuylkill County",2,41,1757,957,800
050,42,107,"Pennsylvania","Schuylkill County",2,42,1663,888,775
050,42,107,"Pennsylvania","Schuylkill County",2,43,1651,896,755
050,42,107,"Pennsylvania","Schuylkill County",2,44,1589,846,743
050,42,107,"Pennsylvania","Schuylkill County",2,45,1651,902,749
050,42,107,"Pennsylvania","Schuylkill County",2,46,1810,1034,776
050,42,107,"Pennsylvania","Schuylkill County",2,47,1814,971,843
050,42,107,"Pennsylvania","Schuylkill County",2,48,1972,1061,911
050,42,107,"Pennsylvania","Schuylkill County",2,49,2070,1104,966
050,42,107,"Pennsylvania","Schuylkill County",2,50,2069,1118,951
050,42,107,"Pennsylvania","Schuylkill County",2,51,2045,1099,946
050,42,107,"Pennsylvania","Schuylkill County",2,52,1944,1011,933
050,42,107,"Pennsylvania","Schuylkill County",2,53,2029,1051,978
050,42,107,"Pennsylvania","Schuylkill County",2,54,2068,1059,1009
050,42,107,"Pennsylvania","Schuylkill County",2,55,2112,1098,1014
050,42,107,"Pennsylvania","Schuylkill County",2,56,2099,1112,987
050,42,107,"Pennsylvania","Schuylkill County",2,57,2070,1087,983
050,42,107,"Pennsylvania","Schuylkill County",2,58,2144,1097,1047
050,42,107,"Pennsylvania","Schuylkill County",2,59,2155,1103,1052
050,42,107,"Pennsylvania","Schuylkill County",2,60,2087,1040,1047
050,42,107,"Pennsylvania","Schuylkill County",2,61,2133,1080,1053
050,42,107,"Pennsylvania","Schuylkill County",2,62,2192,1125,1067
050,42,107,"Pennsylvania","Schuylkill County",2,63,2125,1093,1032
050,42,107,"Pennsylvania","Schuylkill County",2,64,2031,1025,1006
050,42,107,"Pennsylvania","Schuylkill County",2,65,1963,952,1011
050,42,107,"Pennsylvania","Schuylkill County",2,66,1967,967,1000
050,42,107,"Pennsylvania","Schuylkill County",2,67,1928,948,980
050,42,107,"Pennsylvania","Schuylkill County",2,68,1825,912,913
050,42,107,"Pennsylvania","Schuylkill County",2,69,1744,871,873
050,42,107,"Pennsylvania","Schuylkill County",2,70,1630,785,845
050,42,107,"Pennsylvania","Schuylkill County",2,71,1631,782,849
050,42,107,"Pennsylvania","Schuylkill County",2,72,1636,796,840
050,42,107,"Pennsylvania","Schuylkill County",2,73,1743,843,900
050,42,107,"Pennsylvania","Schuylkill County",2,74,1177,550,627
050,42,107,"Pennsylvania","Schuylkill County",2,75,1123,538,585
050,42,107,"Pennsylvania","Schuylkill County",2,76,1115,514,601
050,42,107,"Pennsylvania","Schuylkill County",2,77,1127,517,610
050,42,107,"Pennsylvania","Schuylkill County",2,78,949,427,522
050,42,107,"Pennsylvania","Schuylkill County",2,79,838,362,476
050,42,107,"Pennsylvania","Schuylkill County",2,80,777,330,447
050,42,107,"Pennsylvania","Schuylkill County",2,81,715,312,403
050,42,107,"Pennsylvania","Schuylkill County",2,82,679,289,390
050,42,107,"Pennsylvania","Schuylkill County",2,83,661,283,378
050,42,107,"Pennsylvania","Schuylkill County",2,84,597,226,371
050,42,107,"Pennsylvania","Schuylkill County",2,85,3670,1143,2527
050,42,107,"Pennsylvania","Schuylkill County",3,0,1209,618,591
050,42,107,"Pennsylvania","Schuylkill County",3,1,1354,674,680
050,42,107,"Pennsylvania","Schuylkill County",3,2,1373,687,686
050,42,107,"Pennsylvania","Schuylkill County",3,3,1418,722,696
050,42,107,"Pennsylvania","Schuylkill County",3,4,1474,779,695
050,42,107,"Pennsylvania","Schuylkill County",3,5,1490,783,707
050,42,107,"Pennsylvania","Schuylkill County",3,6,1551,807,744
050,42,107,"Pennsylvania","Schuylkill County",3,7,1523,777,746
050,42,107,"Pennsylvania","Schuylkill County",3,8,1570,799,771
050,42,107,"Pennsylvania","Schuylkill County",3,9,1645,842,803
050,42,107,"Pennsylvania","Schuylkill County",3,10,1577,818,759
050,42,107,"Pennsylvania","Schuylkill County",3,11,1604,846,758
050,42,107,"Pennsylvania","Schuylkill County",3,12,1675,863,812
050,42,107,"Pennsylvania","Schuylkill County",3,13,1827,940,887
050,42,107,"Pennsylvania","Schuylkill County",3,14,1802,908,894
050,42,107,"Pennsylvania","Schuylkill County",3,15,1821,950,871
050,42,107,"Pennsylvania","Schuylkill County",3,16,1805,954,851
050,42,107,"Pennsylvania","Schuylkill County",3,17,1802,950,852
050,42,107,"Pennsylvania","Schuylkill County",3,18,1583,834,749
050,42,107,"Pennsylvania","Schuylkill County",3,19,1343,736,607
050,42,107,"Pennsylvania","Schuylkill County",3,20,1426,772,654
050,42,107,"Pennsylvania","Schuylkill County",3,21,1478,788,690
050,42,107,"Pennsylvania","Schuylkill County",3,22,1486,774,712
050,42,107,"Pennsylvania","Schuylkill County",3,23,1602,860,742
050,42,107,"Pennsylvania","Schuylkill County",3,24,1669,960,709
050,42,107,"Pennsylvania","Schuylkill County",3,25,1599,905,694
050,42,107,"Pennsylvania","Schuylkill County",3,26,1588,883,705
050,42,107,"Pennsylvania","Schuylkill County",3,27,1739,1003,736
050,42,107,"Pennsylvania","Schuylkill County",3,28,1652,921,731
050,42,107,"Pennsylvania","Schuylkill County",3,29,1816,1059,757
050,42,107,"Pennsylvania","Schuylkill County",3,30,1776,1022,754
050,42,107,"Pennsylvania","Schuylkill County",3,31,1817,1027,790
050,42,107,"Pennsylvania","Schuylkill County",3,32,1731,981,750
050,42,107,"Pennsylvania","Schuylkill County",3,33,1681,930,751
050,42,107,"Pennsylvania","Schuylkill County",3,34,1631,898,733
050,42,107,"Pennsylvania","Schuylkill County",3,35,1689,914,775
050,42,107,"Pennsylvania","Schuylkill County",3,36,1764,958,806
050,42,107,"Pennsylvania","Schuylkill County",3,37,1701,914,787
050,42,107,"Pennsylvania","Schuylkill County",3,38,1753,949,804
050,42,107,"Pennsylvania","Schuylkill County",3,39,1804,980,824
050,42,107,"Pennsylvania","Schuylkill County",3,40,1783,971,812
050,42,107,"Pennsylvania","Schuylkill County",3,41,1783,974,809
050,42,107,"Pennsylvania","Schuylkill County",3,42,1720,913,807
050,42,107,"Pennsylvania","Schuylkill County",3,43,1717,937,780
050,42,107,"Pennsylvania","Schuylkill County",3,44,1640,890,750
050,42,107,"Pennsylvania","Schuylkill County",3,45,1607,863,744
050,42,107,"Pennsylvania","Schuylkill County",3,46,1774,1006,768
050,42,107,"Pennsylvania","Schuylkill County",3,47,1685,909,776
050,42,107,"Pennsylvania","Schuylkill County",3,48,1852,1004,848
050,42,107,"Pennsylvania","Schuylkill County",3,49,1957,1043,914
050,42,107,"Pennsylvania","Schuylkill County",3,50,2079,1112,967
050,42,107,"Pennsylvania","Schuylkill County",3,51,2072,1113,959
050,42,107,"Pennsylvania","Schuylkill County",3,52,1978,1023,955
050,42,107,"Pennsylvania","Schuylkill County",3,53,1942,1016,926
050,42,107,"Pennsylvania","Schuylkill County",3,54,2011,1037,974
050,42,107,"Pennsylvania","Schuylkill County",3,55,2048,1047,1001
050,42,107,"Pennsylvania","Schuylkill County",3,56,2095,1084,1011
050,42,107,"Pennsylvania","Schuylkill County",3,57,2104,1118,986
050,42,107,"Pennsylvania","Schuylkill County",3,58,2059,1059,1000
050,42,107,"Pennsylvania","Schuylkill County",3,59,2154,1112,1042
050,42,107,"Pennsylvania","Schuylkill County",3,60,2106,1060,1046
050,42,107,"Pennsylvania","Schuylkill County",3,61,2082,1030,1052
050,42,107,"Pennsylvania","Schuylkill County",3,62,2110,1063,1047
050,42,107,"Pennsylvania","Schuylkill County",3,63,2148,1096,1052
050,42,107,"Pennsylvania","Schuylkill County",3,64,2096,1083,1013
050,42,107,"Pennsylvania","Schuylkill County",3,65,1989,995,994
050,42,107,"Pennsylvania","Schuylkill County",3,66,1942,946,996
050,42,107,"Pennsylvania","Schuylkill County",3,67,1942,950,992
050,42,107,"Pennsylvania","Schuylkill County",3,68,1874,920,954
050,42,107,"Pennsylvania","Schuylkill County",3,69,1768,874,894
050,42,107,"Pennsylvania","Schuylkill County",3,70,1686,831,855
050,42,107,"Pennsylvania","Schuylkill County",3,71,1581,757,824
050,42,107,"Pennsylvania","Schuylkill County",3,72,1568,752,816
050,42,107,"Pennsylvania","Schuylkill County",3,73,1565,750,815
050,42,107,"Pennsylvania","Schuylkill County",3,74,1664,798,866
050,42,107,"Pennsylvania","Schuylkill County",3,75,1120,518,602
050,42,107,"Pennsylvania","Schuylkill County",3,76,1049,492,557
050,42,107,"Pennsylvania","Schuylkill County",3,77,1074,499,575
050,42,107,"Pennsylvania","Schuylkill County",3,78,1055,473,582
050,42,107,"Pennsylvania","Schuylkill County",3,79,903,403,500
050,42,107,"Pennsylvania","Schuylkill County",3,80,781,325,456
050,42,107,"Pennsylvania","Schuylkill County",3,81,715,288,427
050,42,107,"Pennsylvania","Schuylkill County",3,82,660,285,375
050,42,107,"Pennsylvania","Schuylkill County",3,83,607,252,355
050,42,107,"Pennsylvania","Schuylkill County",3,84,610,252,358
050,42,107,"Pennsylvania","Schuylkill County",3,85,3554,1121,2433
050,42,107,"Pennsylvania","Schuylkill County",4,0,1192,622,570
050,42,107,"Pennsylvania","Schuylkill County",4,1,1283,668,615
050,42,107,"Pennsylvania","Schuylkill County",4,2,1393,703,690
050,42,107,"Pennsylvania","Schuylkill County",4,3,1429,713,716
050,42,107,"Pennsylvania","Schuylkill County",4,4,1448,730,718
050,42,107,"Pennsylvania","Schuylkill County",4,5,1501,809,692
050,42,107,"Pennsylvania","Schuylkill County",4,6,1554,825,729
050,42,107,"Pennsylvania","Schuylkill County",4,7,1607,820,787
050,42,107,"Pennsylvania","Schuylkill County",4,8,1574,799,775
050,42,107,"Pennsylvania","Schuylkill County",4,9,1610,818,792
050,42,107,"Pennsylvania","Schuylkill County",4,10,1669,847,822
050,42,107,"Pennsylvania","Schuylkill County",4,11,1624,825,799
050,42,107,"Pennsylvania","Schuylkill County",4,12,1635,866,769
050,42,107,"Pennsylvania","Schuylkill County",4,13,1715,893,822
050,42,107,"Pennsylvania","Schuylkill County",4,14,1832,932,900
050,42,107,"Pennsylvania","Schuylkill County",4,15,1845,931,914
050,42,107,"Pennsylvania","Schuylkill County",4,16,1823,954,869
050,42,107,"Pennsylvania","Schuylkill County",4,17,1778,933,845
050,42,107,"Pennsylvania","Schuylkill County",4,18,1607,862,745
050,42,107,"Pennsylvania","Schuylkill County",4,19,1351,717,634
050,42,107,"Pennsylvania","Schuylkill County",4,20,1431,783,648
050,42,107,"Pennsylvania","Schuylkill County",4,21,1510,821,689
050,42,107,"Pennsylvania","Schuylkill County",4,22,1569,833,736
050,42,107,"Pennsylvania","Schuylkill County",4,23,1636,901,735
050,42,107,"Pennsylvania","Schuylkill County",4,24,1607,912,695
050,42,107,"Pennsylvania","Schuylkill County",4,25,1624,909,715
050,42,107,"Pennsylvania","Schuylkill County",4,26,1603,887,716
050,42,107,"Pennsylvania","Schuylkill County",4,27,1700,977,723
050,42,107,"Pennsylvania","Schuylkill County",4,28,1620,880,740
050,42,107,"Pennsylvania","Schuylkill County",4,29,1761,997,764
050,42,107,"Pennsylvania","Schuylkill County",4,30,1818,1039,779
050,42,107,"Pennsylvania","Schuylkill County",4,31,1902,1102,800
050,42,107,"Pennsylvania","Schuylkill County",4,32,1750,963,787
050,42,107,"Pennsylvania","Schuylkill County",4,33,1763,978,785
050,42,107,"Pennsylvania","Schuylkill County",4,34,1706,939,767
050,42,107,"Pennsylvania","Schuylkill County",4,35,1639,879,760
050,42,107,"Pennsylvania","Schuylkill County",4,36,1788,1005,783
050,42,107,"Pennsylvania","Schuylkill County",4,37,1749,942,807
050,42,107,"Pennsylvania","Schuylkill County",4,38,1737,935,802
050,42,107,"Pennsylvania","Schuylkill County",4,39,1738,943,795
050,42,107,"Pennsylvania","Schuylkill County",4,40,1782,956,826
050,42,107,"Pennsylvania","Schuylkill County",4,41,1801,992,809
050,42,107,"Pennsylvania","Schuylkill County",4,42,1744,915,829
050,42,107,"Pennsylvania","Schuylkill County",4,43,1751,953,798
050,42,107,"Pennsylvania","Schuylkill County",4,44,1682,888,794
050,42,107,"Pennsylvania","Schuylkill County",4,45,1640,891,749
050,42,107,"Pennsylvania","Schuylkill County",4,46,1701,955,746
050,42,107,"Pennsylvania","Schuylkill County",4,47,1670,897,773
050,42,107,"Pennsylvania","Schuylkill County",4,48,1725,944,781
050,42,107,"Pennsylvania","Schuylkill County",4,49,1833,983,850
050,42,107,"Pennsylvania","Schuylkill County",4,50,1982,1057,925
050,42,107,"Pennsylvania","Schuylkill County",4,51,2098,1108,990
050,42,107,"Pennsylvania","Schuylkill County",4,52,1998,1036,962
050,42,107,"Pennsylvania","Schuylkill County",4,53,1972,1017,955
050,42,107,"Pennsylvania","Schuylkill County",4,54,1913,987,926
050,42,107,"Pennsylvania","Schuylkill County",4,55,2002,1027,975
050,42,107,"Pennsylvania","Schuylkill County",4,56,2042,1058,984
050,42,107,"Pennsylvania","Schuylkill County",4,57,2092,1078,1014
050,42,107,"Pennsylvania","Schuylkill County",4,58,2092,1092,1000
050,42,107,"Pennsylvania","Schuylkill County",4,59,2051,1067,984
050,42,107,"Pennsylvania","Schuylkill County",4,60,2113,1076,1037
050,42,107,"Pennsylvania","Schuylkill County",4,61,2072,1035,1037
050,42,107,"Pennsylvania","Schuylkill County",4,62,2057,1009,1048
050,42,107,"Pennsylvania","Schuylkill County",4,63,2053,1031,1022
050,42,107,"Pennsylvania","Schuylkill County",4,64,2101,1068,1033
050,42,107,"Pennsylvania","Schuylkill County",4,65,2059,1054,1005
050,42,107,"Pennsylvania","Schuylkill County",4,66,1956,977,979
050,42,107,"Pennsylvania","Schuylkill County",4,67,1915,924,991
050,42,107,"Pennsylvania","Schuylkill County",4,68,1882,921,961
050,42,107,"Pennsylvania","Schuylkill County",4,69,1817,890,927
050,42,107,"Pennsylvania","Schuylkill County",4,70,1720,840,880
050,42,107,"Pennsylvania","Schuylkill County",4,71,1647,809,838
050,42,107,"Pennsylvania","Schuylkill County",4,72,1533,734,799
050,42,107,"Pennsylvania","Schuylkill County",4,73,1511,717,794
050,42,107,"Pennsylvania","Schuylkill County",4,74,1497,707,790
050,42,107,"Pennsylvania","Schuylkill County",4,75,1598,767,831
050,42,107,"Pennsylvania","Schuylkill County",4,76,1062,488,574
050,42,107,"Pennsylvania","Schuylkill County",4,77,1009,479,530
050,42,107,"Pennsylvania","Schuylkill County",4,78,1010,457,553
050,42,107,"Pennsylvania","Schuylkill County",4,79,1005,439,566
050,42,107,"Pennsylvania","Schuylkill County",4,80,862,386,476
050,42,107,"Pennsylvania","Schuylkill County",4,81,730,296,434
050,42,107,"Pennsylvania","Schuylkill County",4,82,665,260,405
050,42,107,"Pennsylvania","Schuylkill County",4,83,611,269,342
050,42,107,"Pennsylvania","Schuylkill County",4,84,561,221,340
050,42,107,"Pennsylvania","Schuylkill County",4,85,3450,1119,2331
050,42,107,"Pennsylvania","Schuylkill County",5,0,1179,615,564
050,42,107,"Pennsylvania","Schuylkill County",5,1,1212,629,583
050,42,107,"Pennsylvania","Schuylkill County",5,2,1355,711,644
050,42,107,"Pennsylvania","Schuylkill County",5,3,1427,732,695
050,42,107,"Pennsylvania","Schuylkill County",5,4,1486,745,741
050,42,107,"Pennsylvania","Schuylkill County",5,5,1515,796,719
050,42,107,"Pennsylvania","Schuylkill County",5,6,1543,824,719
050,42,107,"Pennsylvania","Schuylkill County",5,7,1593,837,756
050,42,107,"Pennsylvania","Schuylkill County",5,8,1674,822,852
050,42,107,"Pennsylvania","Schuylkill County",5,9,1614,809,805
050,42,107,"Pennsylvania","Schuylkill County",5,10,1648,847,801
050,42,107,"Pennsylvania","Schuylkill County",5,11,1725,873,852
050,42,107,"Pennsylvania","Schuylkill County",5,12,1645,834,811
050,42,107,"Pennsylvania","Schuylkill County",5,13,1671,883,788
050,42,107,"Pennsylvania","Schuylkill County",5,14,1724,883,841
050,42,107,"Pennsylvania","Schuylkill County",5,15,1874,957,917
050,42,107,"Pennsylvania","Schuylkill County",5,16,1893,951,942
050,42,107,"Pennsylvania","Schuylkill County",5,17,1849,965,884
050,42,107,"Pennsylvania","Schuylkill County",5,18,1594,853,741
050,42,107,"Pennsylvania","Schuylkill County",5,19,1378,756,622
050,42,107,"Pennsylvania","Schuylkill County",5,20,1432,750,682
050,42,107,"Pennsylvania","Schuylkill County",5,21,1519,831,688
050,42,107,"Pennsylvania","Schuylkill County",5,22,1605,852,753
050,42,107,"Pennsylvania","Schuylkill County",5,23,1677,933,744
050,42,107,"Pennsylvania","Schuylkill County",5,24,1719,977,742
050,42,107,"Pennsylvania","Schuylkill County",5,25,1618,912,706
050,42,107,"Pennsylvania","Schuylkill County",5,26,1601,875,726
050,42,107,"Pennsylvania","Schuylkill County",5,27,1743,1008,735
050,42,107,"Pennsylvania","Schuylkill County",5,28,1604,889,715
050,42,107,"Pennsylvania","Schuylkill County",5,29,1761,994,767
050,42,107,"Pennsylvania","Schuylkill County",5,30,1762,1002,760
050,42,107,"Pennsylvania","Schuylkill County",5,31,1920,1130,790
050,42,107,"Pennsylvania","Schuylkill County",5,32,1850,1026,824
050,42,107,"Pennsylvania","Schuylkill County",5,33,1785,980,805
050,42,107,"Pennsylvania","Schuylkill County",5,34,1763,969,794
050,42,107,"Pennsylvania","Schuylkill County",5,35,1687,922,765
050,42,107,"Pennsylvania","Schuylkill County",5,36,1752,976,776
050,42,107,"Pennsylvania","Schuylkill County",5,37,1788,990,798
050,42,107,"Pennsylvania","Schuylkill County",5,38,1780,965,815
050,42,107,"Pennsylvania","Schuylkill County",5,39,1775,963,812
050,42,107,"Pennsylvania","Schuylkill County",5,40,1722,909,813
050,42,107,"Pennsylvania","Schuylkill County",5,41,1811,976,835
050,42,107,"Pennsylvania","Schuylkill County",5,42,1751,929,822
050,42,107,"Pennsylvania","Schuylkill County",5,43,1809,957,852
050,42,107,"Pennsylvania","Schuylkill County",5,44,1740,923,817
050,42,107,"Pennsylvania","Schuylkill County",5,45,1681,893,788
050,42,107,"Pennsylvania","Schuylkill County",5,46,1764,1003,761
050,42,107,"Pennsylvania","Schuylkill County",5,47,1621,863,758
050,42,107,"Pennsylvania","Schuylkill County",5,48,1698,926,772
050,42,107,"Pennsylvania","Schuylkill County",5,49,1700,940,760
050,42,107,"Pennsylvania","Schuylkill County",5,50,1841,991,850
050,42,107,"Pennsylvania","Schuylkill County",5,51,1980,1041,939
050,42,107,"Pennsylvania","Schuylkill County",5,52,2026,1032,994
050,42,107,"Pennsylvania","Schuylkill County",5,53,1981,1030,951
050,42,107,"Pennsylvania","Schuylkill County",5,54,1962,999,963
050,42,107,"Pennsylvania","Schuylkill County",5,55,1897,973,924
050,42,107,"Pennsylvania","Schuylkill County",5,56,2008,1037,971
050,42,107,"Pennsylvania","Schuylkill County",5,57,2038,1061,977
050,42,107,"Pennsylvania","Schuylkill County",5,58,2088,1066,1022
050,42,107,"Pennsylvania","Schuylkill County",5,59,2095,1105,990
050,42,107,"Pennsylvania","Schuylkill County",5,60,2001,1021,980
050,42,107,"Pennsylvania","Schuylkill County",5,61,2096,1060,1036
050,42,107,"Pennsylvania","Schuylkill County",5,62,2055,1027,1028
050,42,107,"Pennsylvania","Schuylkill County",5,63,2008,988,1020
050,42,107,"Pennsylvania","Schuylkill County",5,64,2034,1018,1016
050,42,107,"Pennsylvania","Schuylkill County",5,65,2071,1044,1027
050,42,107,"Pennsylvania","Schuylkill County",5,66,2046,1051,995
050,42,107,"Pennsylvania","Schuylkill County",5,67,1923,955,968
050,42,107,"Pennsylvania","Schuylkill County",5,68,1865,893,972
050,42,107,"Pennsylvania","Schuylkill County",5,69,1829,892,937
050,42,107,"Pennsylvania","Schuylkill County",5,70,1780,864,916
050,42,107,"Pennsylvania","Schuylkill County",5,71,1676,819,857
050,42,107,"Pennsylvania","Schuylkill County",5,72,1597,783,814
050,42,107,"Pennsylvania","Schuylkill County",5,73,1485,706,779
050,42,107,"Pennsylvania","Schuylkill County",5,74,1453,677,776
050,42,107,"Pennsylvania","Schuylkill County",5,75,1429,674,755
050,42,107,"Pennsylvania","Schuylkill County",5,76,1513,721,792
050,42,107,"Pennsylvania","Schuylkill County",5,77,1029,478,551
050,42,107,"Pennsylvania","Schuylkill County",5,78,951,445,506
050,42,107,"Pennsylvania","Schuylkill County",5,79,960,429,531
050,42,107,"Pennsylvania","Schuylkill County",5,80,966,414,552
050,42,107,"Pennsylvania","Schuylkill County",5,81,806,350,456
050,42,107,"Pennsylvania","Schuylkill County",5,82,685,274,411
050,42,107,"Pennsylvania","Schuylkill County",5,83,615,243,372
050,42,107,"Pennsylvania","Schuylkill County",5,84,569,241,328
050,42,107,"Pennsylvania","Schuylkill County",5,85,3391,1116,2275
050,42,109,"Pennsylvania","Snyder County",1,0,409,211,198
050,42,109,"Pennsylvania","Snyder County",1,1,434,223,211
050,42,109,"Pennsylvania","Snyder County",1,2,408,210,198
050,42,109,"Pennsylvania","Snyder County",1,3,464,232,232
050,42,109,"Pennsylvania","Snyder County",1,4,436,220,216
050,42,109,"Pennsylvania","Snyder County",1,5,446,225,221
050,42,109,"Pennsylvania","Snyder County",1,6,429,217,212
050,42,109,"Pennsylvania","Snyder County",1,7,447,226,221
050,42,109,"Pennsylvania","Snyder County",1,8,410,225,185
050,42,109,"Pennsylvania","Snyder County",1,9,423,239,184
050,42,109,"Pennsylvania","Snyder County",1,10,443,233,210
050,42,109,"Pennsylvania","Snyder County",1,11,459,234,225
050,42,109,"Pennsylvania","Snyder County",1,12,509,265,244
050,42,109,"Pennsylvania","Snyder County",1,13,522,277,245
050,42,109,"Pennsylvania","Snyder County",1,14,551,303,248
050,42,109,"Pennsylvania","Snyder County",1,15,506,275,231
050,42,109,"Pennsylvania","Snyder County",1,16,531,274,257
050,42,109,"Pennsylvania","Snyder County",1,17,550,280,270
050,42,109,"Pennsylvania","Snyder County",1,18,787,382,405
050,42,109,"Pennsylvania","Snyder County",1,19,971,484,487
050,42,109,"Pennsylvania","Snyder County",1,20,899,453,446
050,42,109,"Pennsylvania","Snyder County",1,21,656,320,336
050,42,109,"Pennsylvania","Snyder County",1,22,521,261,260
050,42,109,"Pennsylvania","Snyder County",1,23,422,219,203
050,42,109,"Pennsylvania","Snyder County",1,24,405,208,197
050,42,109,"Pennsylvania","Snyder County",1,25,376,194,182
050,42,109,"Pennsylvania","Snyder County",1,26,394,201,193
050,42,109,"Pennsylvania","Snyder County",1,27,441,221,220
050,42,109,"Pennsylvania","Snyder County",1,28,458,217,241
050,42,109,"Pennsylvania","Snyder County",1,29,443,233,210
050,42,109,"Pennsylvania","Snyder County",1,30,461,235,226
050,42,109,"Pennsylvania","Snyder County",1,31,488,244,244
050,42,109,"Pennsylvania","Snyder County",1,32,468,241,227
050,42,109,"Pennsylvania","Snyder County",1,33,419,210,209
050,42,109,"Pennsylvania","Snyder County",1,34,440,226,214
050,42,109,"Pennsylvania","Snyder County",1,35,420,210,210
050,42,109,"Pennsylvania","Snyder County",1,36,427,215,212
050,42,109,"Pennsylvania","Snyder County",1,37,456,236,220
050,42,109,"Pennsylvania","Snyder County",1,38,437,218,219
050,42,109,"Pennsylvania","Snyder County",1,39,417,220,197
050,42,109,"Pennsylvania","Snyder County",1,40,407,213,194
050,42,109,"Pennsylvania","Snyder County",1,41,426,208,218
050,42,109,"Pennsylvania","Snyder County",1,42,416,198,218
050,42,109,"Pennsylvania","Snyder County",1,43,421,207,214
050,42,109,"Pennsylvania","Snyder County",1,44,435,213,222
050,42,109,"Pennsylvania","Snyder County",1,45,446,219,227
050,42,109,"Pennsylvania","Snyder County",1,46,450,226,224
050,42,109,"Pennsylvania","Snyder County",1,47,445,226,219
050,42,109,"Pennsylvania","Snyder County",1,48,495,259,236
050,42,109,"Pennsylvania","Snyder County",1,49,548,278,270
050,42,109,"Pennsylvania","Snyder County",1,50,496,245,251
050,42,109,"Pennsylvania","Snyder County",1,51,501,259,242
050,42,109,"Pennsylvania","Snyder County",1,52,500,250,250
050,42,109,"Pennsylvania","Snyder County",1,53,543,269,274
050,42,109,"Pennsylvania","Snyder County",1,54,540,270,270
050,42,109,"Pennsylvania","Snyder County",1,55,557,290,267
050,42,109,"Pennsylvania","Snyder County",1,56,567,296,271
050,42,109,"Pennsylvania","Snyder County",1,57,565,269,296
050,42,109,"Pennsylvania","Snyder County",1,58,538,272,266
050,42,109,"Pennsylvania","Snyder County",1,59,533,276,257
050,42,109,"Pennsylvania","Snyder County",1,60,524,269,255
050,42,109,"Pennsylvania","Snyder County",1,61,524,262,262
050,42,109,"Pennsylvania","Snyder County",1,62,553,272,281
050,42,109,"Pennsylvania","Snyder County",1,63,532,275,257
050,42,109,"Pennsylvania","Snyder County",1,64,519,255,264
050,42,109,"Pennsylvania","Snyder County",1,65,517,260,257
050,42,109,"Pennsylvania","Snyder County",1,66,493,229,264
050,42,109,"Pennsylvania","Snyder County",1,67,474,243,231
050,42,109,"Pennsylvania","Snyder County",1,68,437,223,214
050,42,109,"Pennsylvania","Snyder County",1,69,393,197,196
050,42,109,"Pennsylvania","Snyder County",1,70,385,189,196
050,42,109,"Pennsylvania","Snyder County",1,71,405,201,204
050,42,109,"Pennsylvania","Snyder County",1,72,435,209,226
050,42,109,"Pennsylvania","Snyder County",1,73,436,204,232
050,42,109,"Pennsylvania","Snyder County",1,74,311,140,171
050,42,109,"Pennsylvania","Snyder County",1,75,330,150,180
050,42,109,"Pennsylvania","Snyder County",1,76,324,149,175
050,42,109,"Pennsylvania","Snyder County",1,77,294,135,159
050,42,109,"Pennsylvania","Snyder County",1,78,278,126,152
050,42,109,"Pennsylvania","Snyder County",1,79,245,104,141
050,42,109,"Pennsylvania","Snyder County",1,80,217,91,126
050,42,109,"Pennsylvania","Snyder County",1,81,194,78,116
050,42,109,"Pennsylvania","Snyder County",1,82,184,78,106
050,42,109,"Pennsylvania","Snyder County",1,83,180,83,97
050,42,109,"Pennsylvania","Snyder County",1,84,182,84,98
050,42,109,"Pennsylvania","Snyder County",1,85,956,343,613
050,42,109,"Pennsylvania","Snyder County",2,0,410,211,199
050,42,109,"Pennsylvania","Snyder County",2,1,429,219,210
050,42,109,"Pennsylvania","Snyder County",2,2,416,214,202
050,42,109,"Pennsylvania","Snyder County",2,3,449,224,225
050,42,109,"Pennsylvania","Snyder County",2,4,444,223,221
050,42,109,"Pennsylvania","Snyder County",2,5,443,224,219
050,42,109,"Pennsylvania","Snyder County",2,6,437,222,215
050,42,109,"Pennsylvania","Snyder County",2,7,442,224,218
050,42,109,"Pennsylvania","Snyder County",2,8,419,227,192
050,42,109,"Pennsylvania","Snyder County",2,9,419,234,185
050,42,109,"Pennsylvania","Snyder County",2,10,437,233,204
050,42,109,"Pennsylvania","Snyder County",2,11,453,233,220
050,42,109,"Pennsylvania","Snyder County",2,12,499,258,241
050,42,109,"Pennsylvania","Snyder County",2,13,521,274,247
050,42,109,"Pennsylvania","Snyder County",2,14,545,298,247
050,42,109,"Pennsylvania","Snyder County",2,15,517,282,235
050,42,109,"Pennsylvania","Snyder County",2,16,528,275,253
050,42,109,"Pennsylvania","Snyder County",2,17,549,282,267
050,42,109,"Pennsylvania","Snyder County",2,18,786,379,407
050,42,109,"Pennsylvania","Snyder County",2,19,978,488,490
050,42,109,"Pennsylvania","Snyder County",2,20,904,456,448
050,42,109,"Pennsylvania","Snyder County",2,21,660,320,340
050,42,109,"Pennsylvania","Snyder County",2,22,519,259,260
050,42,109,"Pennsylvania","Snyder County",2,23,421,218,203
050,42,109,"Pennsylvania","Snyder County",2,24,400,206,194
050,42,109,"Pennsylvania","Snyder County",2,25,381,197,184
050,42,109,"Pennsylvania","Snyder County",2,26,392,200,192
050,42,109,"Pennsylvania","Snyder County",2,27,429,217,212
050,42,109,"Pennsylvania","Snyder County",2,28,453,218,235
050,42,109,"Pennsylvania","Snyder County",2,29,446,229,217
050,42,109,"Pennsylvania","Snyder County",2,30,462,239,223
050,42,109,"Pennsylvania","Snyder County",2,31,482,242,240
050,42,109,"Pennsylvania","Snyder County",2,32,473,242,231
050,42,109,"Pennsylvania","Snyder County",2,33,433,219,214
050,42,109,"Pennsylvania","Snyder County",2,34,438,224,214
050,42,109,"Pennsylvania","Snyder County",2,35,429,215,214
050,42,109,"Pennsylvania","Snyder County",2,36,426,213,213
050,42,109,"Pennsylvania","Snyder County",2,37,449,229,220
050,42,109,"Pennsylvania","Snyder County",2,38,443,223,220
050,42,109,"Pennsylvania","Snyder County",2,39,421,221,200
050,42,109,"Pennsylvania","Snyder County",2,40,409,214,195
050,42,109,"Pennsylvania","Snyder County",2,41,422,208,214
050,42,109,"Pennsylvania","Snyder County",2,42,416,201,215
050,42,109,"Pennsylvania","Snyder County",2,43,424,207,217
050,42,109,"Pennsylvania","Snyder County",2,44,427,209,218
050,42,109,"Pennsylvania","Snyder County",2,45,448,219,229
050,42,109,"Pennsylvania","Snyder County",2,46,443,220,223
050,42,109,"Pennsylvania","Snyder County",2,47,445,225,220
050,42,109,"Pennsylvania","Snyder County",2,48,481,249,232
050,42,109,"Pennsylvania","Snyder County",2,49,537,274,263
050,42,109,"Pennsylvania","Snyder County",2,50,510,253,257
050,42,109,"Pennsylvania","Snyder County",2,51,497,253,244
050,42,109,"Pennsylvania","Snyder County",2,52,499,251,248
050,42,109,"Pennsylvania","Snyder County",2,53,532,265,267
050,42,109,"Pennsylvania","Snyder County",2,54,538,269,269
050,42,109,"Pennsylvania","Snyder County",2,55,553,287,266
050,42,109,"Pennsylvania","Snyder County",2,56,564,293,271
050,42,109,"Pennsylvania","Snyder County",2,57,564,275,289
050,42,109,"Pennsylvania","Snyder County",2,58,542,271,271
050,42,109,"Pennsylvania","Snyder County",2,59,537,276,261
050,42,109,"Pennsylvania","Snyder County",2,60,521,269,252
050,42,109,"Pennsylvania","Snyder County",2,61,524,264,260
050,42,109,"Pennsylvania","Snyder County",2,62,542,268,274
050,42,109,"Pennsylvania","Snyder County",2,63,541,275,266
050,42,109,"Pennsylvania","Snyder County",2,64,517,256,261
050,42,109,"Pennsylvania","Snyder County",2,65,516,258,258
050,42,109,"Pennsylvania","Snyder County",2,66,497,233,264
050,42,109,"Pennsylvania","Snyder County",2,67,476,239,237
050,42,109,"Pennsylvania","Snyder County",2,68,442,227,215
050,42,109,"Pennsylvania","Snyder County",2,69,406,205,201
050,42,109,"Pennsylvania","Snyder County",2,70,383,191,192
050,42,109,"Pennsylvania","Snyder County",2,71,402,199,203
050,42,109,"Pennsylvania","Snyder County",2,72,419,201,218
050,42,109,"Pennsylvania","Snyder County",2,73,461,217,244
050,42,109,"Pennsylvania","Snyder County",2,74,318,145,173
050,42,109,"Pennsylvania","Snyder County",2,75,326,146,180
050,42,109,"Pennsylvania","Snyder County",2,76,318,145,173
050,42,109,"Pennsylvania","Snyder County",2,77,306,138,168
050,42,109,"Pennsylvania","Snyder County",2,78,273,123,150
050,42,109,"Pennsylvania","Snyder County",2,79,251,108,143
050,42,109,"Pennsylvania","Snyder County",2,80,221,93,128
050,42,109,"Pennsylvania","Snyder County",2,81,196,80,116
050,42,109,"Pennsylvania","Snyder County",2,82,189,79,110
050,42,109,"Pennsylvania","Snyder County",2,83,172,79,93
050,42,109,"Pennsylvania","Snyder County",2,84,178,80,98
050,42,109,"Pennsylvania","Snyder County",2,85,968,354,614
050,42,109,"Pennsylvania","Snyder County",3,0,404,185,219
050,42,109,"Pennsylvania","Snyder County",3,1,399,209,190
050,42,109,"Pennsylvania","Snyder County",3,2,442,225,217
050,42,109,"Pennsylvania","Snyder County",3,3,420,218,202
050,42,109,"Pennsylvania","Snyder County",3,4,451,217,234
050,42,109,"Pennsylvania","Snyder County",3,5,454,235,219
050,42,109,"Pennsylvania","Snyder County",3,6,461,233,228
050,42,109,"Pennsylvania","Snyder County",3,7,445,224,221
050,42,109,"Pennsylvania","Snyder County",3,8,464,243,221
050,42,109,"Pennsylvania","Snyder County",3,9,417,227,190
050,42,109,"Pennsylvania","Snyder County",3,10,416,231,185
050,42,109,"Pennsylvania","Snyder County",3,11,443,233,210
050,42,109,"Pennsylvania","Snyder County",3,12,447,231,216
050,42,109,"Pennsylvania","Snyder County",3,13,507,258,249
050,42,109,"Pennsylvania","Snyder County",3,14,518,275,243
050,42,109,"Pennsylvania","Snyder County",3,15,543,297,246
050,42,109,"Pennsylvania","Snyder County",3,16,509,281,228
050,42,109,"Pennsylvania","Snyder County",3,17,526,271,255
050,42,109,"Pennsylvania","Snyder County",3,18,805,381,424
050,42,109,"Pennsylvania","Snyder County",3,19,1002,501,501
050,42,109,"Pennsylvania","Snyder County",3,20,915,467,448
050,42,109,"Pennsylvania","Snyder County",3,21,651,310,341
050,42,109,"Pennsylvania","Snyder County",3,22,532,266,266
050,42,109,"Pennsylvania","Snyder County",3,23,406,214,192
050,42,109,"Pennsylvania","Snyder County",3,24,394,203,191
050,42,109,"Pennsylvania","Snyder County",3,25,401,210,191
050,42,109,"Pennsylvania","Snyder County",3,26,380,195,185
050,42,109,"Pennsylvania","Snyder County",3,27,397,205,192
050,42,109,"Pennsylvania","Snyder County",3,28,426,215,211
050,42,109,"Pennsylvania","Snyder County",3,29,440,214,226
050,42,109,"Pennsylvania","Snyder County",3,30,450,234,216
050,42,109,"Pennsylvania","Snyder County",3,31,473,235,238
050,42,109,"Pennsylvania","Snyder County",3,32,484,246,238
050,42,109,"Pennsylvania","Snyder County",3,33,483,246,237
050,42,109,"Pennsylvania","Snyder County",3,34,432,221,211
050,42,109,"Pennsylvania","Snyder County",3,35,436,220,216
050,42,109,"Pennsylvania","Snyder County",3,36,436,217,219
050,42,109,"Pennsylvania","Snyder County",3,37,411,205,206
050,42,109,"Pennsylvania","Snyder County",3,38,453,229,224
050,42,109,"Pennsylvania","Snyder County",3,39,449,237,212
050,42,109,"Pennsylvania","Snyder County",3,40,409,215,194
050,42,109,"Pennsylvania","Snyder County",3,41,418,222,196
050,42,109,"Pennsylvania","Snyder County",3,42,432,214,218
050,42,109,"Pennsylvania","Snyder County",3,43,418,201,217
050,42,109,"Pennsylvania","Snyder County",3,44,422,209,213
050,42,109,"Pennsylvania","Snyder County",3,45,429,211,218
050,42,109,"Pennsylvania","Snyder County",3,46,454,219,235
050,42,109,"Pennsylvania","Snyder County",3,47,435,217,218
050,42,109,"Pennsylvania","Snyder County",3,48,447,227,220
050,42,109,"Pennsylvania","Snyder County",3,49,477,251,226
050,42,109,"Pennsylvania","Snyder County",3,50,535,273,262
050,42,109,"Pennsylvania","Snyder County",3,51,502,257,245
050,42,109,"Pennsylvania","Snyder County",3,52,498,253,245
050,42,109,"Pennsylvania","Snyder County",3,53,504,252,252
050,42,109,"Pennsylvania","Snyder County",3,54,531,264,267
050,42,109,"Pennsylvania","Snyder County",3,55,526,263,263
050,42,109,"Pennsylvania","Snyder County",3,56,555,285,270
050,42,109,"Pennsylvania","Snyder County",3,57,567,291,276
050,42,109,"Pennsylvania","Snyder County",3,58,561,273,288
050,42,109,"Pennsylvania","Snyder County",3,59,544,272,272
050,42,109,"Pennsylvania","Snyder County",3,60,534,274,260
050,42,109,"Pennsylvania","Snyder County",3,61,528,277,251
050,42,109,"Pennsylvania","Snyder County",3,62,514,259,255
050,42,109,"Pennsylvania","Snyder County",3,63,531,265,266
050,42,109,"Pennsylvania","Snyder County",3,64,529,265,264
050,42,109,"Pennsylvania","Snyder County",3,65,500,250,250
050,42,109,"Pennsylvania","Snyder County",3,66,518,256,262
050,42,109,"Pennsylvania","Snyder County",3,67,485,227,258
050,42,109,"Pennsylvania","Snyder County",3,68,473,236,237
050,42,109,"Pennsylvania","Snyder County",3,69,435,222,213
050,42,109,"Pennsylvania","Snyder County",3,70,407,205,202
050,42,109,"Pennsylvania","Snyder County",3,71,378,192,186
050,42,109,"Pennsylvania","Snyder County",3,72,384,189,195
050,42,109,"Pennsylvania","Snyder County",3,73,412,198,214
050,42,109,"Pennsylvania","Snyder County",3,74,444,208,236
050,42,109,"Pennsylvania","Snyder County",3,75,311,145,166
050,42,109,"Pennsylvania","Snyder County",3,76,308,130,178
050,42,109,"Pennsylvania","Snyder County",3,77,317,143,174
050,42,109,"Pennsylvania","Snyder County",3,78,296,137,159
050,42,109,"Pennsylvania","Snyder County",3,79,265,117,148
050,42,109,"Pennsylvania","Snyder County",3,80,244,103,141
050,42,109,"Pennsylvania","Snyder County",3,81,202,83,119
050,42,109,"Pennsylvania","Snyder County",3,82,192,74,118
050,42,109,"Pennsylvania","Snyder County",3,83,176,71,105
050,42,109,"Pennsylvania","Snyder County",3,84,160,72,88
050,42,109,"Pennsylvania","Snyder County",3,85,1005,370,635
050,42,109,"Pennsylvania","Snyder County",4,0,418,213,205
050,42,109,"Pennsylvania","Snyder County",4,1,415,194,221
050,42,109,"Pennsylvania","Snyder County",4,2,391,202,189
050,42,109,"Pennsylvania","Snyder County",4,3,432,220,212
050,42,109,"Pennsylvania","Snyder County",4,4,421,219,202
050,42,109,"Pennsylvania","Snyder County",4,5,450,220,230
050,42,109,"Pennsylvania","Snyder County",4,6,462,239,223
050,42,109,"Pennsylvania","Snyder County",4,7,455,228,227
050,42,109,"Pennsylvania","Snyder County",4,8,451,226,225
050,42,109,"Pennsylvania","Snyder County",4,9,458,244,214
050,42,109,"Pennsylvania","Snyder County",4,10,418,226,192
050,42,109,"Pennsylvania","Snyder County",4,11,428,231,197
050,42,109,"Pennsylvania","Snyder County",4,12,451,239,212
050,42,109,"Pennsylvania","Snyder County",4,13,444,223,221
050,42,109,"Pennsylvania","Snyder County",4,14,502,252,250
050,42,109,"Pennsylvania","Snyder County",4,15,526,279,247
050,42,109,"Pennsylvania","Snyder County",4,16,547,298,249
050,42,109,"Pennsylvania","Snyder County",4,17,515,285,230
050,42,109,"Pennsylvania","Snyder County",4,18,758,362,396
050,42,109,"Pennsylvania","Snyder County",4,19,952,475,477
050,42,109,"Pennsylvania","Snyder County",4,20,890,460,430
050,42,109,"Pennsylvania","Snyder County",4,21,656,320,336
050,42,109,"Pennsylvania","Snyder County",4,22,504,249,255
050,42,109,"Pennsylvania","Snyder County",4,23,433,228,205
050,42,109,"Pennsylvania","Snyder County",4,24,387,202,185
050,42,109,"Pennsylvania","Snyder County",4,25,392,216,176
050,42,109,"Pennsylvania","Snyder County",4,26,392,201,191
050,42,109,"Pennsylvania","Snyder County",4,27,386,199,187
050,42,109,"Pennsylvania","Snyder County",4,28,404,209,195
050,42,109,"Pennsylvania","Snyder County",4,29,424,202,222
050,42,109,"Pennsylvania","Snyder County",4,30,446,216,230
050,42,109,"Pennsylvania","Snyder County",4,31,449,224,225
050,42,109,"Pennsylvania","Snyder County",4,32,470,235,235
050,42,109,"Pennsylvania","Snyder County",4,33,499,254,245
050,42,109,"Pennsylvania","Snyder County",4,34,502,259,243
050,42,109,"Pennsylvania","Snyder County",4,35,436,230,206
050,42,109,"Pennsylvania","Snyder County",4,36,444,223,221
050,42,109,"Pennsylvania","Snyder County",4,37,428,214,214
050,42,109,"Pennsylvania","Snyder County",4,38,415,207,208
050,42,109,"Pennsylvania","Snyder County",4,39,465,237,228
050,42,109,"Pennsylvania","Snyder County",4,40,446,236,210
050,42,109,"Pennsylvania","Snyder County",4,41,420,219,201
050,42,109,"Pennsylvania","Snyder County",4,42,418,227,191
050,42,109,"Pennsylvania","Snyder County",4,43,430,217,213
050,42,109,"Pennsylvania","Snyder County",4,44,418,203,215
050,42,109,"Pennsylvania","Snyder County",4,45,424,207,217
050,42,109,"Pennsylvania","Snyder County",4,46,424,203,221
050,42,109,"Pennsylvania","Snyder County",4,47,451,222,229
050,42,109,"Pennsylvania","Snyder County",4,48,433,213,220
050,42,109,"Pennsylvania","Snyder County",4,49,450,230,220
050,42,109,"Pennsylvania","Snyder County",4,50,478,253,225
050,42,109,"Pennsylvania","Snyder County",4,51,538,278,260
050,42,109,"Pennsylvania","Snyder County",4,52,488,249,239
050,42,109,"Pennsylvania","Snyder County",4,53,494,250,244
050,42,109,"Pennsylvania","Snyder County",4,54,488,242,246
050,42,109,"Pennsylvania","Snyder County",4,55,525,260,265
050,42,109,"Pennsylvania","Snyder County",4,56,514,260,254
050,42,109,"Pennsylvania","Snyder County",4,57,552,284,268
050,42,109,"Pennsylvania","Snyder County",4,58,564,298,266
050,42,109,"Pennsylvania","Snyder County",4,59,553,265,288
050,42,109,"Pennsylvania","Snyder County",4,60,522,263,259
050,42,109,"Pennsylvania","Snyder County",4,61,520,265,255
050,42,109,"Pennsylvania","Snyder County",4,62,526,276,250
050,42,109,"Pennsylvania","Snyder County",4,63,503,260,243
050,42,109,"Pennsylvania","Snyder County",4,64,524,256,268
050,42,109,"Pennsylvania","Snyder County",4,65,518,263,255
050,42,109,"Pennsylvania","Snyder County",4,66,504,249,255
050,42,109,"Pennsylvania","Snyder County",4,67,501,248,253
050,42,109,"Pennsylvania","Snyder County",4,68,483,226,257
050,42,109,"Pennsylvania","Snyder County",4,69,468,230,238
050,42,109,"Pennsylvania","Snyder County",4,70,433,223,210
050,42,109,"Pennsylvania","Snyder County",4,71,401,205,196
050,42,109,"Pennsylvania","Snyder County",4,72,362,178,184
050,42,109,"Pennsylvania","Snyder County",4,73,384,188,196
050,42,109,"Pennsylvania","Snyder County",4,74,397,191,206
050,42,109,"Pennsylvania","Snyder County",4,75,439,207,232
050,42,109,"Pennsylvania","Snyder County",4,76,289,132,157
050,42,109,"Pennsylvania","Snyder County",4,77,297,126,171
050,42,109,"Pennsylvania","Snyder County",4,78,309,145,164
050,42,109,"Pennsylvania","Snyder County",4,79,281,121,160
050,42,109,"Pennsylvania","Snyder County",4,80,256,113,143
050,42,109,"Pennsylvania","Snyder County",4,81,223,94,129
050,42,109,"Pennsylvania","Snyder County",4,82,202,78,124
050,42,109,"Pennsylvania","Snyder County",4,83,177,68,109
050,42,109,"Pennsylvania","Snyder County",4,84,166,64,102
050,42,109,"Pennsylvania","Snyder County",4,85,997,375,622
050,42,109,"Pennsylvania","Snyder County",5,0,404,207,197
050,42,109,"Pennsylvania","Snyder County",5,1,425,217,208
050,42,109,"Pennsylvania","Snyder County",5,2,417,196,221
050,42,109,"Pennsylvania","Snyder County",5,3,409,211,198
050,42,109,"Pennsylvania","Snyder County",5,4,436,222,214
050,42,109,"Pennsylvania","Snyder County",5,5,428,228,200
050,42,109,"Pennsylvania","Snyder County",5,6,471,230,241
050,42,109,"Pennsylvania","Snyder County",5,7,459,239,220
050,42,109,"Pennsylvania","Snyder County",5,8,480,242,238
050,42,109,"Pennsylvania","Snyder County",5,9,457,235,222
050,42,109,"Pennsylvania","Snyder County",5,10,452,240,212
050,42,109,"Pennsylvania","Snyder County",5,11,416,231,185
050,42,109,"Pennsylvania","Snyder County",5,12,432,234,198
050,42,109,"Pennsylvania","Snyder County",5,13,451,242,209
050,42,109,"Pennsylvania","Snyder County",5,14,452,230,222
050,42,109,"Pennsylvania","Snyder County",5,15,497,250,247
050,42,109,"Pennsylvania","Snyder County",5,16,523,275,248
050,42,109,"Pennsylvania","Snyder County",5,17,558,307,251
050,42,109,"Pennsylvania","Snyder County",5,18,750,369,381
050,42,109,"Pennsylvania","Snyder County",5,19,950,472,478
050,42,109,"Pennsylvania","Snyder County",5,20,889,454,435
050,42,109,"Pennsylvania","Snyder County",5,21,670,336,334
050,42,109,"Pennsylvania","Snyder County",5,22,529,263,266
050,42,109,"Pennsylvania","Snyder County",5,23,422,220,202
050,42,109,"Pennsylvania","Snyder County",5,24,426,222,204
050,42,109,"Pennsylvania","Snyder County",5,25,390,203,187
050,42,109,"Pennsylvania","Snyder County",5,26,396,214,182
050,42,109,"Pennsylvania","Snyder County",5,27,406,222,184
050,42,109,"Pennsylvania","Snyder County",5,28,381,195,186
050,42,109,"Pennsylvania","Snyder County",5,29,411,216,195
050,42,109,"Pennsylvania","Snyder County",5,30,450,219,231
050,42,109,"Pennsylvania","Snyder County",5,31,449,218,231
050,42,109,"Pennsylvania","Snyder County",5,32,471,241,230
050,42,109,"Pennsylvania","Snyder County",5,33,490,251,239
050,42,109,"Pennsylvania","Snyder County",5,34,506,253,253
050,42,109,"Pennsylvania","Snyder County",5,35,509,265,244
050,42,109,"Pennsylvania","Snyder County",5,36,437,223,214
050,42,109,"Pennsylvania","Snyder County",5,37,442,224,218
050,42,109,"Pennsylvania","Snyder County",5,38,441,221,220
050,42,109,"Pennsylvania","Snyder County",5,39,410,212,198
050,42,109,"Pennsylvania","Snyder County",5,40,447,229,218
050,42,109,"Pennsylvania","Snyder County",5,41,453,241,212
050,42,109,"Pennsylvania","Snyder County",5,42,424,226,198
050,42,109,"Pennsylvania","Snyder County",5,43,420,228,192
050,42,109,"Pennsylvania","Snyder County",5,44,427,215,212
050,42,109,"Pennsylvania","Snyder County",5,45,425,207,218
050,42,109,"Pennsylvania","Snyder County",5,46,432,217,215
050,42,109,"Pennsylvania","Snyder County",5,47,424,206,218
050,42,109,"Pennsylvania","Snyder County",5,48,449,219,230
050,42,109,"Pennsylvania","Snyder County",5,49,441,215,226
050,42,109,"Pennsylvania","Snyder County",5,50,451,235,216
050,42,109,"Pennsylvania","Snyder County",5,51,487,253,234
050,42,109,"Pennsylvania","Snyder County",5,52,544,284,260
050,42,109,"Pennsylvania","Snyder County",5,53,477,244,233
050,42,109,"Pennsylvania","Snyder County",5,54,495,248,247
050,42,109,"Pennsylvania","Snyder County",5,55,482,244,238
050,42,109,"Pennsylvania","Snyder County",5,56,522,255,267
050,42,109,"Pennsylvania","Snyder County",5,57,508,252,256
050,42,109,"Pennsylvania","Snyder County",5,58,548,281,267
050,42,109,"Pennsylvania","Snyder County",5,59,552,286,266
050,42,109,"Pennsylvania","Snyder County",5,60,548,265,283
050,42,109,"Pennsylvania","Snyder County",5,61,530,266,264
050,42,109,"Pennsylvania","Snyder County",5,62,507,258,249
050,42,109,"Pennsylvania","Snyder County",5,63,525,271,254
050,42,109,"Pennsylvania","Snyder County",5,64,498,253,245
050,42,109,"Pennsylvania","Snyder County",5,65,525,260,265
050,42,109,"Pennsylvania","Snyder County",5,66,518,264,254
050,42,109,"Pennsylvania","Snyder County",5,67,490,246,244
050,42,109,"Pennsylvania","Snyder County",5,68,495,245,250
050,42,109,"Pennsylvania","Snyder County",5,69,480,222,258
050,42,109,"Pennsylvania","Snyder County",5,70,458,228,230
050,42,109,"Pennsylvania","Snyder County",5,71,433,223,210
050,42,109,"Pennsylvania","Snyder County",5,72,392,193,199
050,42,109,"Pennsylvania","Snyder County",5,73,363,178,185
050,42,109,"Pennsylvania","Snyder County",5,74,368,180,188
050,42,109,"Pennsylvania","Snyder County",5,75,398,195,203
050,42,109,"Pennsylvania","Snyder County",5,76,420,191,229
050,42,109,"Pennsylvania","Snyder County",5,77,277,126,151
050,42,109,"Pennsylvania","Snyder County",5,78,280,119,161
050,42,109,"Pennsylvania","Snyder County",5,79,294,131,163
050,42,109,"Pennsylvania","Snyder County",5,80,267,111,156
050,42,109,"Pennsylvania","Snyder County",5,81,241,106,135
050,42,109,"Pennsylvania","Snyder County",5,82,223,91,132
050,42,109,"Pennsylvania","Snyder County",5,83,190,72,118
050,42,109,"Pennsylvania","Snyder County",5,84,168,63,105
050,42,109,"Pennsylvania","Snyder County",5,85,1029,377,652
050,42,111,"Pennsylvania","Somerset County",1,0,710,364,346
050,42,111,"Pennsylvania","Somerset County",1,1,711,362,349
050,42,111,"Pennsylvania","Somerset County",1,2,719,372,347
050,42,111,"Pennsylvania","Somerset County",1,3,729,385,344
050,42,111,"Pennsylvania","Somerset County",1,4,705,358,347
050,42,111,"Pennsylvania","Somerset County",1,5,670,342,328
050,42,111,"Pennsylvania","Somerset County",1,6,686,348,338
050,42,111,"Pennsylvania","Somerset County",1,7,682,336,346
050,42,111,"Pennsylvania","Somerset County",1,8,718,355,363
050,42,111,"Pennsylvania","Somerset County",1,9,695,346,349
050,42,111,"Pennsylvania","Somerset County",1,10,792,404,388
050,42,111,"Pennsylvania","Somerset County",1,11,783,408,375
050,42,111,"Pennsylvania","Somerset County",1,12,830,417,413
050,42,111,"Pennsylvania","Somerset County",1,13,820,414,406
050,42,111,"Pennsylvania","Somerset County",1,14,792,421,371
050,42,111,"Pennsylvania","Somerset County",1,15,852,446,406
050,42,111,"Pennsylvania","Somerset County",1,16,856,446,410
050,42,111,"Pennsylvania","Somerset County",1,17,840,432,408
050,42,111,"Pennsylvania","Somerset County",1,18,713,389,324
050,42,111,"Pennsylvania","Somerset County",1,19,589,297,292
050,42,111,"Pennsylvania","Somerset County",1,20,666,354,312
050,42,111,"Pennsylvania","Somerset County",1,21,712,407,305
050,42,111,"Pennsylvania","Somerset County",1,22,783,463,320
050,42,111,"Pennsylvania","Somerset County",1,23,825,490,335
050,42,111,"Pennsylvania","Somerset County",1,24,841,494,347
050,42,111,"Pennsylvania","Somerset County",1,25,818,493,325
050,42,111,"Pennsylvania","Somerset County",1,26,830,497,333
050,42,111,"Pennsylvania","Somerset County",1,27,845,500,345
050,42,111,"Pennsylvania","Somerset County",1,28,820,473,347
050,42,111,"Pennsylvania","Somerset County",1,29,878,525,353
050,42,111,"Pennsylvania","Somerset County",1,30,849,510,339
050,42,111,"Pennsylvania","Somerset County",1,31,822,471,351
050,42,111,"Pennsylvania","Somerset County",1,32,846,488,358
050,42,111,"Pennsylvania","Somerset County",1,33,802,460,342
050,42,111,"Pennsylvania","Somerset County",1,34,807,475,332
050,42,111,"Pennsylvania","Somerset County",1,35,853,493,360
050,42,111,"Pennsylvania","Somerset County",1,36,863,473,390
050,42,111,"Pennsylvania","Somerset County",1,37,872,488,384
050,42,111,"Pennsylvania","Somerset County",1,38,862,486,376
050,42,111,"Pennsylvania","Somerset County",1,39,869,492,377
050,42,111,"Pennsylvania","Somerset County",1,40,894,528,366
050,42,111,"Pennsylvania","Somerset County",1,41,863,487,376
050,42,111,"Pennsylvania","Somerset County",1,42,899,503,396
050,42,111,"Pennsylvania","Somerset County",1,43,849,476,373
050,42,111,"Pennsylvania","Somerset County",1,44,849,483,366
050,42,111,"Pennsylvania","Somerset County",1,45,905,509,396
050,42,111,"Pennsylvania","Somerset County",1,46,924,509,415
050,42,111,"Pennsylvania","Somerset County",1,47,957,519,438
050,42,111,"Pennsylvania","Somerset County",1,48,1043,564,479
050,42,111,"Pennsylvania","Somerset County",1,49,1065,586,479
050,42,111,"Pennsylvania","Somerset County",1,50,981,531,450
050,42,111,"Pennsylvania","Somerset County",1,51,969,539,430
050,42,111,"Pennsylvania","Somerset County",1,52,956,520,436
050,42,111,"Pennsylvania","Somerset County",1,53,1047,573,474
050,42,111,"Pennsylvania","Somerset County",1,54,1083,583,500
050,42,111,"Pennsylvania","Somerset County",1,55,1101,562,539
050,42,111,"Pennsylvania","Somerset County",1,56,1096,550,546
050,42,111,"Pennsylvania","Somerset County",1,57,1100,575,525
050,42,111,"Pennsylvania","Somerset County",1,58,1140,594,546
050,42,111,"Pennsylvania","Somerset County",1,59,1189,612,577
050,42,111,"Pennsylvania","Somerset County",1,60,1182,596,586
050,42,111,"Pennsylvania","Somerset County",1,61,1211,609,602
050,42,111,"Pennsylvania","Somerset County",1,62,1256,646,610
050,42,111,"Pennsylvania","Somerset County",1,63,1212,627,585
050,42,111,"Pennsylvania","Somerset County",1,64,1121,565,556
050,42,111,"Pennsylvania","Somerset County",1,65,1104,579,525
050,42,111,"Pennsylvania","Somerset County",1,66,1150,600,550
050,42,111,"Pennsylvania","Somerset County",1,67,1100,571,529
050,42,111,"Pennsylvania","Somerset County",1,68,1045,525,520
050,42,111,"Pennsylvania","Somerset County",1,69,975,499,476
050,42,111,"Pennsylvania","Somerset County",1,70,978,493,485
050,42,111,"Pennsylvania","Somerset County",1,71,967,482,485
050,42,111,"Pennsylvania","Somerset County",1,72,939,458,481
050,42,111,"Pennsylvania","Somerset County",1,73,910,452,458
050,42,111,"Pennsylvania","Somerset County",1,74,599,290,309
050,42,111,"Pennsylvania","Somerset County",1,75,626,306,320
050,42,111,"Pennsylvania","Somerset County",1,76,638,303,335
050,42,111,"Pennsylvania","Somerset County",1,77,632,294,338
050,42,111,"Pennsylvania","Somerset County",1,78,521,231,290
050,42,111,"Pennsylvania","Somerset County",1,79,478,210,268
050,42,111,"Pennsylvania","Somerset County",1,80,460,193,267
050,42,111,"Pennsylvania","Somerset County",1,81,439,190,249
050,42,111,"Pennsylvania","Somerset County",1,82,395,168,227
050,42,111,"Pennsylvania","Somerset County",1,83,372,158,214
050,42,111,"Pennsylvania","Somerset County",1,84,350,139,211
050,42,111,"Pennsylvania","Somerset County",1,85,2218,770,1448
050,42,111,"Pennsylvania","Somerset County",2,0,692,363,329
050,42,111,"Pennsylvania","Somerset County",2,1,707,360,347
050,42,111,"Pennsylvania","Somerset County",2,2,719,371,348
050,42,111,"Pennsylvania","Somerset County",2,3,724,381,343
050,42,111,"Pennsylvania","Somerset County",2,4,714,367,347
050,42,111,"Pennsylvania","Somerset County",2,5,681,345,336
050,42,111,"Pennsylvania","Somerset County",2,6,682,346,336
050,42,111,"Pennsylvania","Somerset County",2,7,684,340,344
050,42,111,"Pennsylvania","Somerset County",2,8,707,349,358
050,42,111,"Pennsylvania","Somerset County",2,9,699,348,351
050,42,111,"Pennsylvania","Somerset County",2,10,767,388,379
050,42,111,"Pennsylvania","Somerset County",2,11,783,405,378
050,42,111,"Pennsylvania","Somerset County",2,12,819,414,405
050,42,111,"Pennsylvania","Somerset County",2,13,823,416,407
050,42,111,"Pennsylvania","Somerset County",2,14,804,422,382
050,42,111,"Pennsylvania","Somerset County",2,15,837,440,397
050,42,111,"Pennsylvania","Somerset County",2,16,859,449,410
050,42,111,"Pennsylvania","Somerset County",2,17,844,436,408
050,42,111,"Pennsylvania","Somerset County",2,18,709,383,326
050,42,111,"Pennsylvania","Somerset County",2,19,587,303,284
050,42,111,"Pennsylvania","Somerset County",2,20,674,355,319
050,42,111,"Pennsylvania","Somerset County",2,21,721,408,313
050,42,111,"Pennsylvania","Somerset County",2,22,778,457,321
050,42,111,"Pennsylvania","Somerset County",2,23,827,489,338
050,42,111,"Pennsylvania","Somerset County",2,24,836,496,340
050,42,111,"Pennsylvania","Somerset County",2,25,820,494,326
050,42,111,"Pennsylvania","Somerset County",2,26,821,491,330
050,42,111,"Pennsylvania","Somerset County",2,27,841,501,340
050,42,111,"Pennsylvania","Somerset County",2,28,819,473,346
050,42,111,"Pennsylvania","Somerset County",2,29,870,519,351
050,42,111,"Pennsylvania","Somerset County",2,30,859,515,344
050,42,111,"Pennsylvania","Somerset County",2,31,823,475,348
050,42,111,"Pennsylvania","Somerset County",2,32,835,480,355
050,42,111,"Pennsylvania","Somerset County",2,33,806,460,346
050,42,111,"Pennsylvania","Somerset County",2,34,806,471,335
050,42,111,"Pennsylvania","Somerset County",2,35,848,491,357
050,42,111,"Pennsylvania","Somerset County",2,36,856,476,380
050,42,111,"Pennsylvania","Somerset County",2,37,871,486,385
050,42,111,"Pennsylvania","Somerset County",2,38,860,481,379
050,42,111,"Pennsylvania","Somerset County",2,39,867,492,375
050,42,111,"Pennsylvania","Somerset County",2,40,894,522,372
050,42,111,"Pennsylvania","Somerset County",2,41,859,488,371
050,42,111,"Pennsylvania","Somerset County",2,42,892,504,388
050,42,111,"Pennsylvania","Somerset County",2,43,864,482,382
050,42,111,"Pennsylvania","Somerset County",2,44,843,479,364
050,42,111,"Pennsylvania","Somerset County",2,45,896,504,392
050,42,111,"Pennsylvania","Somerset County",2,46,917,508,409
050,42,111,"Pennsylvania","Somerset County",2,47,940,509,431
050,42,111,"Pennsylvania","Somerset County",2,48,1018,552,466
050,42,111,"Pennsylvania","Somerset County",2,49,1062,582,480
050,42,111,"Pennsylvania","Somerset County",2,50,1002,545,457
050,42,111,"Pennsylvania","Somerset County",2,51,968,534,434
050,42,111,"Pennsylvania","Somerset County",2,52,954,520,434
050,42,111,"Pennsylvania","Somerset County",2,53,1029,563,466
050,42,111,"Pennsylvania","Somerset County",2,54,1063,572,491
050,42,111,"Pennsylvania","Somerset County",2,55,1088,559,529
050,42,111,"Pennsylvania","Somerset County",2,56,1096,550,546
050,42,111,"Pennsylvania","Somerset County",2,57,1103,571,532
050,42,111,"Pennsylvania","Somerset County",2,58,1126,586,540
050,42,111,"Pennsylvania","Somerset County",2,59,1183,610,573
050,42,111,"Pennsylvania","Somerset County",2,60,1174,595,579
050,42,111,"Pennsylvania","Somerset County",2,61,1194,600,594
050,42,111,"Pennsylvania","Somerset County",2,62,1246,640,606
050,42,111,"Pennsylvania","Somerset County",2,63,1228,633,595
050,42,111,"Pennsylvania","Somerset County",2,64,1129,571,558
050,42,111,"Pennsylvania","Somerset County",2,65,1106,576,530
050,42,111,"Pennsylvania","Somerset County",2,66,1139,595,544
050,42,111,"Pennsylvania","Somerset County",2,67,1102,573,529
050,42,111,"Pennsylvania","Somerset County",2,68,1049,531,518
050,42,111,"Pennsylvania","Somerset County",2,69,1000,510,490
050,42,111,"Pennsylvania","Somerset County",2,70,965,486,479
050,42,111,"Pennsylvania","Somerset County",2,71,969,482,487
050,42,111,"Pennsylvania","Somerset County",2,72,925,455,470
050,42,111,"Pennsylvania","Somerset County",2,73,955,470,485
050,42,111,"Pennsylvania","Somerset County",2,74,627,306,321
050,42,111,"Pennsylvania","Somerset County",2,75,615,299,316
050,42,111,"Pennsylvania","Somerset County",2,76,627,300,327
050,42,111,"Pennsylvania","Somerset County",2,77,644,301,343
050,42,111,"Pennsylvania","Somerset County",2,78,532,238,294
050,42,111,"Pennsylvania","Somerset County",2,79,478,208,270
050,42,111,"Pennsylvania","Somerset County",2,80,461,195,266
050,42,111,"Pennsylvania","Somerset County",2,81,439,190,249
050,42,111,"Pennsylvania","Somerset County",2,82,397,169,228
050,42,111,"Pennsylvania","Somerset County",2,83,370,157,213
050,42,111,"Pennsylvania","Somerset County",2,84,351,143,208
050,42,111,"Pennsylvania","Somerset County",2,85,2221,773,1448
050,42,111,"Pennsylvania","Somerset County",3,0,595,308,287
050,42,111,"Pennsylvania","Somerset County",3,1,694,360,334
050,42,111,"Pennsylvania","Somerset County",3,2,703,362,341
050,42,111,"Pennsylvania","Somerset County",3,3,727,379,348
050,42,111,"Pennsylvania","Somerset County",3,4,731,386,345
050,42,111,"Pennsylvania","Somerset County",3,5,716,365,351
050,42,111,"Pennsylvania","Somerset County",3,6,712,363,349
050,42,111,"Pennsylvania","Somerset County",3,7,697,367,330
050,42,111,"Pennsylvania","Somerset County",3,8,691,344,347
050,42,111,"Pennsylvania","Somerset County",3,9,712,354,358
050,42,111,"Pennsylvania","Somerset County",3,10,701,356,345
050,42,111,"Pennsylvania","Somerset County",3,11,772,393,379
050,42,111,"Pennsylvania","Somerset County",3,12,795,418,377
050,42,111,"Pennsylvania","Somerset County",3,13,819,418,401
050,42,111,"Pennsylvania","Somerset County",3,14,841,428,413
050,42,111,"Pennsylvania","Somerset County",3,15,801,418,383
050,42,111,"Pennsylvania","Somerset County",3,16,847,442,405
050,42,111,"Pennsylvania","Somerset County",3,17,852,447,405
050,42,111,"Pennsylvania","Somerset County",3,18,698,371,327
050,42,111,"Pennsylvania","Somerset County",3,19,561,305,256
050,42,111,"Pennsylvania","Somerset County",3,20,655,351,304
050,42,111,"Pennsylvania","Somerset County",3,21,740,395,345
050,42,111,"Pennsylvania","Somerset County",3,22,751,424,327
050,42,111,"Pennsylvania","Somerset County",3,23,779,459,320
050,42,111,"Pennsylvania","Somerset County",3,24,800,471,329
050,42,111,"Pennsylvania","Somerset County",3,25,801,469,332
050,42,111,"Pennsylvania","Somerset County",3,26,787,464,323
050,42,111,"Pennsylvania","Somerset County",3,27,825,484,341
050,42,111,"Pennsylvania","Somerset County",3,28,821,468,353
050,42,111,"Pennsylvania","Somerset County",3,29,833,486,347
050,42,111,"Pennsylvania","Somerset County",3,30,861,506,355
050,42,111,"Pennsylvania","Somerset County",3,31,816,478,338
050,42,111,"Pennsylvania","Somerset County",3,32,820,461,359
050,42,111,"Pennsylvania","Somerset County",3,33,806,443,363
050,42,111,"Pennsylvania","Somerset County",3,34,782,435,347
050,42,111,"Pennsylvania","Somerset County",3,35,823,481,342
050,42,111,"Pennsylvania","Somerset County",3,36,834,475,359
050,42,111,"Pennsylvania","Somerset County",3,37,833,463,370
050,42,111,"Pennsylvania","Somerset County",3,38,842,453,389
050,42,111,"Pennsylvania","Somerset County",3,39,857,479,378
050,42,111,"Pennsylvania","Somerset County",3,40,858,479,379
050,42,111,"Pennsylvania","Somerset County",3,41,862,486,376
050,42,111,"Pennsylvania","Somerset County",3,42,874,500,374
050,42,111,"Pennsylvania","Somerset County",3,43,864,474,390
050,42,111,"Pennsylvania","Somerset County",3,44,854,469,385
050,42,111,"Pennsylvania","Somerset County",3,45,835,467,368
050,42,111,"Pennsylvania","Somerset County",3,46,890,494,396
050,42,111,"Pennsylvania","Somerset County",3,47,887,477,410
050,42,111,"Pennsylvania","Somerset County",3,48,926,496,430
050,42,111,"Pennsylvania","Somerset County",3,49,1002,538,464
050,42,111,"Pennsylvania","Somerset County",3,50,1059,574,485
050,42,111,"Pennsylvania","Somerset County",3,51,968,511,457
050,42,111,"Pennsylvania","Somerset County",3,52,947,516,431
050,42,111,"Pennsylvania","Somerset County",3,53,967,533,434
050,42,111,"Pennsylvania","Somerset County",3,54,1008,538,470
050,42,111,"Pennsylvania","Somerset County",3,55,1051,563,488
050,42,111,"Pennsylvania","Somerset County",3,56,1067,538,529
050,42,111,"Pennsylvania","Somerset County",3,57,1093,546,547
050,42,111,"Pennsylvania","Somerset County",3,58,1088,556,532
050,42,111,"Pennsylvania","Somerset County",3,59,1121,583,538
050,42,111,"Pennsylvania","Somerset County",3,60,1168,599,569
050,42,111,"Pennsylvania","Somerset County",3,61,1166,586,580
050,42,111,"Pennsylvania","Somerset County",3,62,1181,594,587
050,42,111,"Pennsylvania","Somerset County",3,63,1218,616,602
050,42,111,"Pennsylvania","Somerset County",3,64,1200,615,585
050,42,111,"Pennsylvania","Somerset County",3,65,1135,568,567
050,42,111,"Pennsylvania","Somerset County",3,66,1091,566,525
050,42,111,"Pennsylvania","Somerset County",3,67,1105,575,530
050,42,111,"Pennsylvania","Somerset County",3,68,1071,547,524
050,42,111,"Pennsylvania","Somerset County",3,69,1024,515,509
050,42,111,"Pennsylvania","Somerset County",3,70,968,493,475
050,42,111,"Pennsylvania","Somerset County",3,71,940,471,469
050,42,111,"Pennsylvania","Somerset County",3,72,929,458,471
050,42,111,"Pennsylvania","Somerset County",3,73,894,441,453
050,42,111,"Pennsylvania","Somerset County",3,74,908,440,468
050,42,111,"Pennsylvania","Somerset County",3,75,610,293,317
050,42,111,"Pennsylvania","Somerset County",3,76,602,291,311
050,42,111,"Pennsylvania","Somerset County",3,77,598,282,316
050,42,111,"Pennsylvania","Somerset County",3,78,599,277,322
050,42,111,"Pennsylvania","Somerset County",3,79,510,229,281
050,42,111,"Pennsylvania","Somerset County",3,80,436,181,255
050,42,111,"Pennsylvania","Somerset County",3,81,421,172,249
050,42,111,"Pennsylvania","Somerset County",3,82,397,172,225
050,42,111,"Pennsylvania","Somerset County",3,83,359,140,219
050,42,111,"Pennsylvania","Somerset County",3,84,352,151,201
050,42,111,"Pennsylvania","Somerset County",3,85,2155,746,1409
050,42,111,"Pennsylvania","Somerset County",4,0,593,320,273
050,42,111,"Pennsylvania","Somerset County",4,1,620,322,298
050,42,111,"Pennsylvania","Somerset County",4,2,709,370,339
050,42,111,"Pennsylvania","Somerset County",4,3,720,373,347
050,42,111,"Pennsylvania","Somerset County",4,4,743,389,354
050,42,111,"Pennsylvania","Somerset County",4,5,743,394,349
050,42,111,"Pennsylvania","Somerset County",4,6,738,377,361
050,42,111,"Pennsylvania","Somerset County",4,7,707,361,346
050,42,111,"Pennsylvania","Somerset County",4,8,700,362,338
050,42,111,"Pennsylvania","Somerset County",4,9,681,334,347
050,42,111,"Pennsylvania","Somerset County",4,10,704,349,355
050,42,111,"Pennsylvania","Somerset County",4,11,714,363,351
050,42,111,"Pennsylvania","Somerset County",4,12,775,398,377
050,42,111,"Pennsylvania","Somerset County",4,13,793,411,382
050,42,111,"Pennsylvania","Somerset County",4,14,820,416,404
050,42,111,"Pennsylvania","Somerset County",4,15,842,426,416
050,42,111,"Pennsylvania","Somerset County",4,16,806,426,380
050,42,111,"Pennsylvania","Somerset County",4,17,834,435,399
050,42,111,"Pennsylvania","Somerset County",4,18,706,386,320
050,42,111,"Pennsylvania","Somerset County",4,19,539,288,251
050,42,111,"Pennsylvania","Somerset County",4,20,626,347,279
050,42,111,"Pennsylvania","Somerset County",4,21,711,393,318
050,42,111,"Pennsylvania","Somerset County",4,22,791,423,368
050,42,111,"Pennsylvania","Somerset County",4,23,796,468,328
050,42,111,"Pennsylvania","Somerset County",4,24,806,467,339
050,42,111,"Pennsylvania","Somerset County",4,25,810,480,330
050,42,111,"Pennsylvania","Somerset County",4,26,771,439,332
050,42,111,"Pennsylvania","Somerset County",4,27,798,470,328
050,42,111,"Pennsylvania","Somerset County",4,28,801,462,339
050,42,111,"Pennsylvania","Somerset County",4,29,832,488,344
050,42,111,"Pennsylvania","Somerset County",4,30,852,509,343
050,42,111,"Pennsylvania","Somerset County",4,31,845,486,359
050,42,111,"Pennsylvania","Somerset County",4,32,829,486,343
050,42,111,"Pennsylvania","Somerset County",4,33,812,436,376
050,42,111,"Pennsylvania","Somerset County",4,34,803,446,357
050,42,111,"Pennsylvania","Somerset County",4,35,815,456,359
050,42,111,"Pennsylvania","Somerset County",4,36,805,465,340
050,42,111,"Pennsylvania","Somerset County",4,37,835,481,354
050,42,111,"Pennsylvania","Somerset County",4,38,825,448,377
050,42,111,"Pennsylvania","Somerset County",4,39,863,472,391
050,42,111,"Pennsylvania","Somerset County",4,40,871,491,380
050,42,111,"Pennsylvania","Somerset County",4,41,843,456,387
050,42,111,"Pennsylvania","Somerset County",4,42,882,512,370
050,42,111,"Pennsylvania","Somerset County",4,43,852,487,365
050,42,111,"Pennsylvania","Somerset County",4,44,875,485,390
050,42,111,"Pennsylvania","Somerset County",4,45,863,469,394
050,42,111,"Pennsylvania","Somerset County",4,46,837,472,365
050,42,111,"Pennsylvania","Somerset County",4,47,868,478,390
050,42,111,"Pennsylvania","Somerset County",4,48,906,495,411
050,42,111,"Pennsylvania","Somerset County",4,49,923,500,423
050,42,111,"Pennsylvania","Somerset County",4,50,1006,547,459
050,42,111,"Pennsylvania","Somerset County",4,51,1049,562,487
050,42,111,"Pennsylvania","Somerset County",4,52,973,518,455
050,42,111,"Pennsylvania","Somerset County",4,53,970,544,426
050,42,111,"Pennsylvania","Somerset County",4,54,948,511,437
050,42,111,"Pennsylvania","Somerset County",4,55,998,530,468
050,42,111,"Pennsylvania","Somerset County",4,56,1027,545,482
050,42,111,"Pennsylvania","Somerset County",4,57,1074,549,525
050,42,111,"Pennsylvania","Somerset County",4,58,1097,547,550
050,42,111,"Pennsylvania","Somerset County",4,59,1087,556,531
050,42,111,"Pennsylvania","Somerset County",4,60,1108,578,530
050,42,111,"Pennsylvania","Somerset County",4,61,1176,596,580
050,42,111,"Pennsylvania","Somerset County",4,62,1177,590,587
050,42,111,"Pennsylvania","Somerset County",4,63,1166,585,581
050,42,111,"Pennsylvania","Somerset County",4,64,1193,604,589
050,42,111,"Pennsylvania","Somerset County",4,65,1188,604,584
050,42,111,"Pennsylvania","Somerset County",4,66,1132,573,559
050,42,111,"Pennsylvania","Somerset County",4,67,1057,551,506
050,42,111,"Pennsylvania","Somerset County",4,68,1067,549,518
050,42,111,"Pennsylvania","Somerset County",4,69,1047,537,510
050,42,111,"Pennsylvania","Somerset County",4,70,995,500,495
050,42,111,"Pennsylvania","Somerset County",4,71,963,482,481
050,42,111,"Pennsylvania","Somerset County",4,72,899,447,452
050,42,111,"Pennsylvania","Somerset County",4,73,900,443,457
050,42,111,"Pennsylvania","Somerset County",4,74,853,421,432
050,42,111,"Pennsylvania","Somerset County",4,75,871,418,453
050,42,111,"Pennsylvania","Somerset County",4,76,586,283,303
050,42,111,"Pennsylvania","Somerset County",4,77,581,278,303
050,42,111,"Pennsylvania","Somerset County",4,78,555,260,295
050,42,111,"Pennsylvania","Somerset County",4,79,576,264,312
050,42,111,"Pennsylvania","Somerset County",4,80,474,206,268
050,42,111,"Pennsylvania","Somerset County",4,81,407,164,243
050,42,111,"Pennsylvania","Somerset County",4,82,387,154,233
050,42,111,"Pennsylvania","Somerset County",4,83,361,146,215
050,42,111,"Pennsylvania","Somerset County",4,84,333,129,204
050,42,111,"Pennsylvania","Somerset County",4,85,2115,758,1357
050,42,111,"Pennsylvania","Somerset County",5,0,573,304,269
050,42,111,"Pennsylvania","Somerset County",5,1,606,325,281
050,42,111,"Pennsylvania","Somerset County",5,2,608,312,296
050,42,111,"Pennsylvania","Somerset County",5,3,706,375,331
050,42,111,"Pennsylvania","Somerset County",5,4,719,380,339
050,42,111,"Pennsylvania","Somerset County",5,5,740,387,353
050,42,111,"Pennsylvania","Somerset County",5,6,740,393,347
050,42,111,"Pennsylvania","Somerset County",5,7,722,380,342
050,42,111,"Pennsylvania","Somerset County",5,8,706,362,344
050,42,111,"Pennsylvania","Somerset County",5,9,694,361,333
050,42,111,"Pennsylvania","Somerset County",5,10,684,342,342
050,42,111,"Pennsylvania","Somerset County",5,11,698,352,346
050,42,111,"Pennsylvania","Somerset County",5,12,719,365,354
050,42,111,"Pennsylvania","Somerset County",5,13,787,400,387
050,42,111,"Pennsylvania","Somerset County",5,14,797,415,382
050,42,111,"Pennsylvania","Somerset County",5,15,845,427,418
050,42,111,"Pennsylvania","Somerset County",5,16,837,427,410
050,42,111,"Pennsylvania","Somerset County",5,17,814,429,385
050,42,111,"Pennsylvania","Somerset County",5,18,690,378,312
050,42,111,"Pennsylvania","Somerset County",5,19,538,298,240
050,42,111,"Pennsylvania","Somerset County",5,20,620,338,282
050,42,111,"Pennsylvania","Somerset County",5,21,705,404,301
050,42,111,"Pennsylvania","Somerset County",5,22,778,424,354
050,42,111,"Pennsylvania","Somerset County",5,23,837,466,371
050,42,111,"Pennsylvania","Somerset County",5,24,795,472,323
050,42,111,"Pennsylvania","Somerset County",5,25,811,478,333
050,42,111,"Pennsylvania","Somerset County",5,26,817,476,341
050,42,111,"Pennsylvania","Somerset County",5,27,780,451,329
050,42,111,"Pennsylvania","Somerset County",5,28,771,451,320
050,42,111,"Pennsylvania","Somerset County",5,29,810,474,336
050,42,111,"Pennsylvania","Somerset County",5,30,840,505,335
050,42,111,"Pennsylvania","Somerset County",5,31,822,487,335
050,42,111,"Pennsylvania","Somerset County",5,32,842,488,354
050,42,111,"Pennsylvania","Somerset County",5,33,827,479,348
050,42,111,"Pennsylvania","Somerset County",5,34,803,435,368
050,42,111,"Pennsylvania","Somerset County",5,35,825,459,366
050,42,111,"Pennsylvania","Somerset County",5,36,808,450,358
050,42,111,"Pennsylvania","Somerset County",5,37,804,459,345
050,42,111,"Pennsylvania","Somerset County",5,38,829,468,361
050,42,111,"Pennsylvania","Somerset County",5,39,825,449,376
050,42,111,"Pennsylvania","Somerset County",5,40,880,481,399
050,42,111,"Pennsylvania","Somerset County",5,41,838,463,375
050,42,111,"Pennsylvania","Somerset County",5,42,875,484,391
050,42,111,"Pennsylvania","Somerset County",5,43,870,502,368
050,42,111,"Pennsylvania","Somerset County",5,44,866,499,367
050,42,111,"Pennsylvania","Somerset County",5,45,883,491,392
050,42,111,"Pennsylvania","Somerset County",5,46,860,470,390
050,42,111,"Pennsylvania","Somerset County",5,47,825,461,364
050,42,111,"Pennsylvania","Somerset County",5,48,858,475,383
050,42,111,"Pennsylvania","Somerset County",5,49,907,492,415
050,42,111,"Pennsylvania","Somerset County",5,50,914,494,420
050,42,111,"Pennsylvania","Somerset County",5,51,978,519,459
050,42,111,"Pennsylvania","Somerset County",5,52,1054,572,482
050,42,111,"Pennsylvania","Somerset County",5,53,994,538,456
050,42,111,"Pennsylvania","Somerset County",5,54,941,521,420
050,42,111,"Pennsylvania","Somerset County",5,55,940,498,442
050,42,111,"Pennsylvania","Somerset County",5,56,978,512,466
050,42,111,"Pennsylvania","Somerset County",5,57,1028,553,475
050,42,111,"Pennsylvania","Somerset County",5,58,1070,540,530
050,42,111,"Pennsylvania","Somerset County",5,59,1086,544,542
050,42,111,"Pennsylvania","Somerset County",5,60,1093,565,528
050,42,111,"Pennsylvania","Somerset County",5,61,1100,567,533
050,42,111,"Pennsylvania","Somerset County",5,62,1167,594,573
050,42,111,"Pennsylvania","Somerset County",5,63,1164,575,589
050,42,111,"Pennsylvania","Somerset County",5,64,1156,576,580
050,42,111,"Pennsylvania","Somerset County",5,65,1191,605,586
050,42,111,"Pennsylvania","Somerset County",5,66,1185,600,585
050,42,111,"Pennsylvania","Somerset County",5,67,1101,553,548
050,42,111,"Pennsylvania","Somerset County",5,68,1024,525,499
050,42,111,"Pennsylvania","Somerset County",5,69,1056,548,508
050,42,111,"Pennsylvania","Somerset County",5,70,1022,524,498
050,42,111,"Pennsylvania","Somerset County",5,71,981,484,497
050,42,111,"Pennsylvania","Somerset County",5,72,940,473,467
050,42,111,"Pennsylvania","Somerset County",5,73,872,437,435
050,42,111,"Pennsylvania","Somerset County",5,74,874,427,447
050,42,111,"Pennsylvania","Somerset County",5,75,819,405,414
050,42,111,"Pennsylvania","Somerset County",5,76,845,405,440
050,42,111,"Pennsylvania","Somerset County",5,77,570,266,304
050,42,111,"Pennsylvania","Somerset County",5,78,551,263,288
050,42,111,"Pennsylvania","Somerset County",5,79,537,249,288
050,42,111,"Pennsylvania","Somerset County",5,80,543,238,305
050,42,111,"Pennsylvania","Somerset County",5,81,439,191,248
050,42,111,"Pennsylvania","Somerset County",5,82,369,148,221
050,42,111,"Pennsylvania","Somerset County",5,83,352,130,222
050,42,111,"Pennsylvania","Somerset County",5,84,336,136,200
050,42,111,"Pennsylvania","Somerset County",5,85,2093,753,1340
050,42,113,"Pennsylvania","Sullivan County",1,0,35,19,16
050,42,113,"Pennsylvania","Sullivan County",1,1,31,16,15
050,42,113,"Pennsylvania","Sullivan County",1,2,32,17,15
050,42,113,"Pennsylvania","Sullivan County",1,3,38,21,17
050,42,113,"Pennsylvania","Sullivan County",1,4,34,19,15
050,42,113,"Pennsylvania","Sullivan County",1,5,27,15,12
050,42,113,"Pennsylvania","Sullivan County",1,6,25,11,14
050,42,113,"Pennsylvania","Sullivan County",1,7,24,13,11
050,42,113,"Pennsylvania","Sullivan County",1,8,30,15,15
050,42,113,"Pennsylvania","Sullivan County",1,9,27,16,11
050,42,113,"Pennsylvania","Sullivan County",1,10,32,18,14
050,42,113,"Pennsylvania","Sullivan County",1,11,31,15,16
050,42,113,"Pennsylvania","Sullivan County",1,12,33,16,17
050,42,113,"Pennsylvania","Sullivan County",1,13,34,17,17
050,42,113,"Pennsylvania","Sullivan County",1,14,32,15,17
050,42,113,"Pennsylvania","Sullivan County",1,15,30,15,15
050,42,113,"Pennsylvania","Sullivan County",1,16,35,20,15
050,42,113,"Pennsylvania","Sullivan County",1,17,45,31,14
050,42,113,"Pennsylvania","Sullivan County",1,18,50,32,18
050,42,113,"Pennsylvania","Sullivan County",1,19,64,37,27
050,42,113,"Pennsylvania","Sullivan County",1,20,63,37,26
050,42,113,"Pennsylvania","Sullivan County",1,21,49,27,22
050,42,113,"Pennsylvania","Sullivan County",1,22,43,23,20
050,42,113,"Pennsylvania","Sullivan County",1,23,50,27,23
050,42,113,"Pennsylvania","Sullivan County",1,24,51,24,27
050,42,113,"Pennsylvania","Sullivan County",1,25,54,26,28
050,42,113,"Pennsylvania","Sullivan County",1,26,47,22,25
050,42,113,"Pennsylvania","Sullivan County",1,27,52,27,25
050,42,113,"Pennsylvania","Sullivan County",1,28,60,40,20
050,42,113,"Pennsylvania","Sullivan County",1,29,69,40,29
050,42,113,"Pennsylvania","Sullivan County",1,30,60,32,28
050,42,113,"Pennsylvania","Sullivan County",1,31,51,24,27
050,42,113,"Pennsylvania","Sullivan County",1,32,58,29,29
050,42,113,"Pennsylvania","Sullivan County",1,33,65,33,32
050,42,113,"Pennsylvania","Sullivan County",1,34,57,32,25
050,42,113,"Pennsylvania","Sullivan County",1,35,59,34,25
050,42,113,"Pennsylvania","Sullivan County",1,36,52,27,25
050,42,113,"Pennsylvania","Sullivan County",1,37,64,31,33
050,42,113,"Pennsylvania","Sullivan County",1,38,55,29,26
050,42,113,"Pennsylvania","Sullivan County",1,39,62,26,36
050,42,113,"Pennsylvania","Sullivan County",1,40,72,32,40
050,42,113,"Pennsylvania","Sullivan County",1,41,72,40,32
050,42,113,"Pennsylvania","Sullivan County",1,42,54,34,20
050,42,113,"Pennsylvania","Sullivan County",1,43,62,32,30
050,42,113,"Pennsylvania","Sullivan County",1,44,64,35,29
050,42,113,"Pennsylvania","Sullivan County",1,45,61,28,33
050,42,113,"Pennsylvania","Sullivan County",1,46,56,33,23
050,42,113,"Pennsylvania","Sullivan County",1,47,66,37,29
050,42,113,"Pennsylvania","Sullivan County",1,48,71,33,38
050,42,113,"Pennsylvania","Sullivan County",1,49,77,45,32
050,42,113,"Pennsylvania","Sullivan County",1,50,74,45,29
050,42,113,"Pennsylvania","Sullivan County",1,51,70,43,27
050,42,113,"Pennsylvania","Sullivan County",1,52,77,45,32
050,42,113,"Pennsylvania","Sullivan County",1,53,75,37,38
050,42,113,"Pennsylvania","Sullivan County",1,54,85,41,44
050,42,113,"Pennsylvania","Sullivan County",1,55,97,47,50
050,42,113,"Pennsylvania","Sullivan County",1,56,120,60,60
050,42,113,"Pennsylvania","Sullivan County",1,57,118,58,60
050,42,113,"Pennsylvania","Sullivan County",1,58,125,64,61
050,42,113,"Pennsylvania","Sullivan County",1,59,123,63,60
050,42,113,"Pennsylvania","Sullivan County",1,60,125,61,64
050,42,113,"Pennsylvania","Sullivan County",1,61,132,70,62
050,42,113,"Pennsylvania","Sullivan County",1,62,143,71,72
050,42,113,"Pennsylvania","Sullivan County",1,63,153,77,76
050,42,113,"Pennsylvania","Sullivan County",1,64,136,70,66
050,42,113,"Pennsylvania","Sullivan County",1,65,121,51,70
050,42,113,"Pennsylvania","Sullivan County",1,66,117,62,55
050,42,113,"Pennsylvania","Sullivan County",1,67,110,67,43
050,42,113,"Pennsylvania","Sullivan County",1,68,90,45,45
050,42,113,"Pennsylvania","Sullivan County",1,69,100,56,44
050,42,113,"Pennsylvania","Sullivan County",1,70,94,51,43
050,42,113,"Pennsylvania","Sullivan County",1,71,106,44,62
050,42,113,"Pennsylvania","Sullivan County",1,72,103,45,58
050,42,113,"Pennsylvania","Sullivan County",1,73,106,58,48
050,42,113,"Pennsylvania","Sullivan County",1,74,67,33,34
050,42,113,"Pennsylvania","Sullivan County",1,75,59,28,31
050,42,113,"Pennsylvania","Sullivan County",1,76,68,30,38
050,42,113,"Pennsylvania","Sullivan County",1,77,70,36,34
050,42,113,"Pennsylvania","Sullivan County",1,78,54,26,28
050,42,113,"Pennsylvania","Sullivan County",1,79,56,30,26
050,42,113,"Pennsylvania","Sullivan County",1,80,54,26,28
050,42,113,"Pennsylvania","Sullivan County",1,81,47,28,19
050,42,113,"Pennsylvania","Sullivan County",1,82,43,19,24
050,42,113,"Pennsylvania","Sullivan County",1,83,29,9,20
050,42,113,"Pennsylvania","Sullivan County",1,84,43,23,20
050,42,113,"Pennsylvania","Sullivan County",1,85,183,66,117
050,42,113,"Pennsylvania","Sullivan County",2,0,35,17,18
050,42,113,"Pennsylvania","Sullivan County",2,1,31,16,15
050,42,113,"Pennsylvania","Sullivan County",2,2,32,17,15
050,42,113,"Pennsylvania","Sullivan County",2,3,37,21,16
050,42,113,"Pennsylvania","Sullivan County",2,4,33,19,14
050,42,113,"Pennsylvania","Sullivan County",2,5,28,15,13
050,42,113,"Pennsylvania","Sullivan County",2,6,25,12,13
050,42,113,"Pennsylvania","Sullivan County",2,7,24,13,11
050,42,113,"Pennsylvania","Sullivan County",2,8,28,14,14
050,42,113,"Pennsylvania","Sullivan County",2,9,28,16,12
050,42,113,"Pennsylvania","Sullivan County",2,10,30,17,13
050,42,113,"Pennsylvania","Sullivan County",2,11,31,16,15
050,42,113,"Pennsylvania","Sullivan County",2,12,31,15,16
050,42,113,"Pennsylvania","Sullivan County",2,13,34,18,16
050,42,113,"Pennsylvania","Sullivan County",2,14,32,15,17
050,42,113,"Pennsylvania","Sullivan County",2,15,29,14,15
050,42,113,"Pennsylvania","Sullivan County",2,16,36,20,16
050,42,113,"Pennsylvania","Sullivan County",2,17,45,31,14
050,42,113,"Pennsylvania","Sullivan County",2,18,52,33,19
050,42,113,"Pennsylvania","Sullivan County",2,19,62,36,26
050,42,113,"Pennsylvania","Sullivan County",2,20,61,36,25
050,42,113,"Pennsylvania","Sullivan County",2,21,49,27,22
050,42,113,"Pennsylvania","Sullivan County",2,22,44,24,20
050,42,113,"Pennsylvania","Sullivan County",2,23,49,26,23
050,42,113,"Pennsylvania","Sullivan County",2,24,51,24,27
050,42,113,"Pennsylvania","Sullivan County",2,25,53,25,28
050,42,113,"Pennsylvania","Sullivan County",2,26,48,23,25
050,42,113,"Pennsylvania","Sullivan County",2,27,50,26,24
050,42,113,"Pennsylvania","Sullivan County",2,28,59,38,21
050,42,113,"Pennsylvania","Sullivan County",2,29,67,40,27
050,42,113,"Pennsylvania","Sullivan County",2,30,62,34,28
050,42,113,"Pennsylvania","Sullivan County",2,31,52,25,27
050,42,113,"Pennsylvania","Sullivan County",2,32,56,28,28
050,42,113,"Pennsylvania","Sullivan County",2,33,62,31,31
050,42,113,"Pennsylvania","Sullivan County",2,34,61,34,27
050,42,113,"Pennsylvania","Sullivan County",2,35,59,33,26
050,42,113,"Pennsylvania","Sullivan County",2,36,53,28,25
050,42,113,"Pennsylvania","Sullivan County",2,37,61,30,31
050,42,113,"Pennsylvania","Sullivan County",2,38,57,29,28
050,42,113,"Pennsylvania","Sullivan County",2,39,60,26,34
050,42,113,"Pennsylvania","Sullivan County",2,40,72,31,41
050,42,113,"Pennsylvania","Sullivan County",2,41,73,39,34
050,42,113,"Pennsylvania","Sullivan County",2,42,57,35,22
050,42,113,"Pennsylvania","Sullivan County",2,43,61,33,28
050,42,113,"Pennsylvania","Sullivan County",2,44,63,34,29
050,42,113,"Pennsylvania","Sullivan County",2,45,61,29,32
050,42,113,"Pennsylvania","Sullivan County",2,46,58,32,26
050,42,113,"Pennsylvania","Sullivan County",2,47,62,35,27
050,42,113,"Pennsylvania","Sullivan County",2,48,69,33,36
050,42,113,"Pennsylvania","Sullivan County",2,49,75,42,33
050,42,113,"Pennsylvania","Sullivan County",2,50,75,44,31
050,42,113,"Pennsylvania","Sullivan County",2,51,70,44,26
050,42,113,"Pennsylvania","Sullivan County",2,52,76,45,31
050,42,113,"Pennsylvania","Sullivan County",2,53,76,39,37
050,42,113,"Pennsylvania","Sullivan County",2,54,83,40,43
050,42,113,"Pennsylvania","Sullivan County",2,55,94,46,48
050,42,113,"Pennsylvania","Sullivan County",2,56,115,57,58
050,42,113,"Pennsylvania","Sullivan County",2,57,118,58,60
050,42,113,"Pennsylvania","Sullivan County",2,58,124,64,60
050,42,113,"Pennsylvania","Sullivan County",2,59,125,65,60
050,42,113,"Pennsylvania","Sullivan County",2,60,124,61,63
050,42,113,"Pennsylvania","Sullivan County",2,61,131,69,62
050,42,113,"Pennsylvania","Sullivan County",2,62,139,70,69
050,42,113,"Pennsylvania","Sullivan County",2,63,152,76,76
050,42,113,"Pennsylvania","Sullivan County",2,64,142,72,70
050,42,113,"Pennsylvania","Sullivan County",2,65,124,55,69
050,42,113,"Pennsylvania","Sullivan County",2,66,120,61,59
050,42,113,"Pennsylvania","Sullivan County",2,67,111,65,46
050,42,113,"Pennsylvania","Sullivan County",2,68,96,51,45
050,42,113,"Pennsylvania","Sullivan County",2,69,98,54,44
050,42,113,"Pennsylvania","Sullivan County",2,70,95,51,44
050,42,113,"Pennsylvania","Sullivan County",2,71,103,45,58
050,42,113,"Pennsylvania","Sullivan County",2,72,102,45,57
050,42,113,"Pennsylvania","Sullivan County",2,73,110,58,52
050,42,113,"Pennsylvania","Sullivan County",2,74,70,35,35
050,42,113,"Pennsylvania","Sullivan County",2,75,61,30,31
050,42,113,"Pennsylvania","Sullivan County",2,76,63,28,35
050,42,113,"Pennsylvania","Sullivan County",2,77,72,36,36
050,42,113,"Pennsylvania","Sullivan County",2,78,57,28,29
050,42,113,"Pennsylvania","Sullivan County",2,79,55,29,26
050,42,113,"Pennsylvania","Sullivan County",2,80,53,26,27
050,42,113,"Pennsylvania","Sullivan County",2,81,47,27,20
050,42,113,"Pennsylvania","Sullivan County",2,82,42,21,21
050,42,113,"Pennsylvania","Sullivan County",2,83,31,11,20
050,42,113,"Pennsylvania","Sullivan County",2,84,39,20,19
050,42,113,"Pennsylvania","Sullivan County",2,85,187,67,120
050,42,113,"Pennsylvania","Sullivan County",3,0,46,26,20
050,42,113,"Pennsylvania","Sullivan County",3,1,33,18,15
050,42,113,"Pennsylvania","Sullivan County",3,2,30,15,15
050,42,113,"Pennsylvania","Sullivan County",3,3,31,17,14
050,42,113,"Pennsylvania","Sullivan County",3,4,37,23,14
050,42,113,"Pennsylvania","Sullivan County",3,5,35,19,16
050,42,113,"Pennsylvania","Sullivan County",3,6,29,14,15
050,42,113,"Pennsylvania","Sullivan County",3,7,27,13,14
050,42,113,"Pennsylvania","Sullivan County",3,8,31,16,15
050,42,113,"Pennsylvania","Sullivan County",3,9,32,17,15
050,42,113,"Pennsylvania","Sullivan County",3,10,28,15,13
050,42,113,"Pennsylvania","Sullivan County",3,11,34,18,16
050,42,113,"Pennsylvania","Sullivan County",3,12,33,18,15
050,42,113,"Pennsylvania","Sullivan County",3,13,31,14,17
050,42,113,"Pennsylvania","Sullivan County",3,14,33,20,13
050,42,113,"Pennsylvania","Sullivan County",3,15,30,14,16
050,42,113,"Pennsylvania","Sullivan County",3,16,35,18,17
050,42,113,"Pennsylvania","Sullivan County",3,17,47,31,16
050,42,113,"Pennsylvania","Sullivan County",3,18,56,38,18
050,42,113,"Pennsylvania","Sullivan County",3,19,58,33,25
050,42,113,"Pennsylvania","Sullivan County",3,20,59,37,22
050,42,113,"Pennsylvania","Sullivan County",3,21,49,26,23
050,42,113,"Pennsylvania","Sullivan County",3,22,49,24,25
050,42,113,"Pennsylvania","Sullivan County",3,23,39,22,17
050,42,113,"Pennsylvania","Sullivan County",3,24,43,24,19
050,42,113,"Pennsylvania","Sullivan County",3,25,44,23,21
050,42,113,"Pennsylvania","Sullivan County",3,26,51,26,25
050,42,113,"Pennsylvania","Sullivan County",3,27,54,27,27
050,42,113,"Pennsylvania","Sullivan County",3,28,59,32,27
050,42,113,"Pennsylvania","Sullivan County",3,29,58,39,19
050,42,113,"Pennsylvania","Sullivan County",3,30,66,40,26
050,42,113,"Pennsylvania","Sullivan County",3,31,65,35,30
050,42,113,"Pennsylvania","Sullivan County",3,32,49,18,31
050,42,113,"Pennsylvania","Sullivan County",3,33,59,31,28
050,42,113,"Pennsylvania","Sullivan County",3,34,63,32,31
050,42,113,"Pennsylvania","Sullivan County",3,35,65,38,27
050,42,113,"Pennsylvania","Sullivan County",3,36,65,34,31
050,42,113,"Pennsylvania","Sullivan County",3,37,55,29,26
050,42,113,"Pennsylvania","Sullivan County",3,38,61,29,32
050,42,113,"Pennsylvania","Sullivan County",3,39,60,32,28
050,42,113,"Pennsylvania","Sullivan County",3,40,68,29,39
050,42,113,"Pennsylvania","Sullivan County",3,41,73,33,40
050,42,113,"Pennsylvania","Sullivan County",3,42,64,38,26
050,42,113,"Pennsylvania","Sullivan County",3,43,58,35,23
050,42,113,"Pennsylvania","Sullivan County",3,44,59,31,28
050,42,113,"Pennsylvania","Sullivan County",3,45,70,40,30
050,42,113,"Pennsylvania","Sullivan County",3,46,60,27,33
050,42,113,"Pennsylvania","Sullivan County",3,47,59,34,25
050,42,113,"Pennsylvania","Sullivan County",3,48,61,35,26
050,42,113,"Pennsylvania","Sullivan County",3,49,75,36,39
050,42,113,"Pennsylvania","Sullivan County",3,50,82,42,40
050,42,113,"Pennsylvania","Sullivan County",3,51,76,44,32
050,42,113,"Pennsylvania","Sullivan County",3,52,75,46,29
050,42,113,"Pennsylvania","Sullivan County",3,53,78,45,33
050,42,113,"Pennsylvania","Sullivan County",3,54,83,44,39
050,42,113,"Pennsylvania","Sullivan County",3,55,84,43,41
050,42,113,"Pennsylvania","Sullivan County",3,56,98,48,50
050,42,113,"Pennsylvania","Sullivan County",3,57,109,57,52
050,42,113,"Pennsylvania","Sullivan County",3,58,124,62,62
050,42,113,"Pennsylvania","Sullivan County",3,59,124,67,57
050,42,113,"Pennsylvania","Sullivan County",3,60,123,58,65
050,42,113,"Pennsylvania","Sullivan County",3,61,132,65,67
050,42,113,"Pennsylvania","Sullivan County",3,62,120,61,59
050,42,113,"Pennsylvania","Sullivan County",3,63,150,82,68
050,42,113,"Pennsylvania","Sullivan County",3,64,155,78,77
050,42,113,"Pennsylvania","Sullivan County",3,65,138,69,69
050,42,113,"Pennsylvania","Sullivan County",3,66,132,60,72
050,42,113,"Pennsylvania","Sullivan County",3,67,115,60,55
050,42,113,"Pennsylvania","Sullivan County",3,68,114,66,48
050,42,113,"Pennsylvania","Sullivan County",3,69,94,51,43
050,42,113,"Pennsylvania","Sullivan County",3,70,94,52,42
050,42,113,"Pennsylvania","Sullivan County",3,71,88,46,42
050,42,113,"Pennsylvania","Sullivan County",3,72,100,46,54
050,42,113,"Pennsylvania","Sullivan County",3,73,97,40,57
050,42,113,"Pennsylvania","Sullivan County",3,74,102,55,47
050,42,113,"Pennsylvania","Sullivan County",3,75,74,38,36
050,42,113,"Pennsylvania","Sullivan County",3,76,58,29,29
050,42,113,"Pennsylvania","Sullivan County",3,77,62,29,33
050,42,113,"Pennsylvania","Sullivan County",3,78,58,23,35
050,42,113,"Pennsylvania","Sullivan County",3,79,55,31,24
050,42,113,"Pennsylvania","Sullivan County",3,80,50,22,28
050,42,113,"Pennsylvania","Sullivan County",3,81,47,25,22
050,42,113,"Pennsylvania","Sullivan County",3,82,41,23,18
050,42,113,"Pennsylvania","Sullivan County",3,83,38,17,21
050,42,113,"Pennsylvania","Sullivan County",3,84,30,11,19
050,42,113,"Pennsylvania","Sullivan County",3,85,183,70,113
050,42,113,"Pennsylvania","Sullivan County",4,0,37,20,17
050,42,113,"Pennsylvania","Sullivan County",4,1,40,20,20
050,42,113,"Pennsylvania","Sullivan County",4,2,33,19,14
050,42,113,"Pennsylvania","Sullivan County",4,3,26,12,14
050,42,113,"Pennsylvania","Sullivan County",4,4,31,17,14
050,42,113,"Pennsylvania","Sullivan County",4,5,38,25,13
050,42,113,"Pennsylvania","Sullivan County",4,6,33,17,16
050,42,113,"Pennsylvania","Sullivan County",4,7,32,18,14
050,42,113,"Pennsylvania","Sullivan County",4,8,28,15,13
050,42,113,"Pennsylvania","Sullivan County",4,9,31,16,15
050,42,113,"Pennsylvania","Sullivan County",4,10,33,19,14
050,42,113,"Pennsylvania","Sullivan County",4,11,30,18,12
050,42,113,"Pennsylvania","Sullivan County",4,12,34,19,15
050,42,113,"Pennsylvania","Sullivan County",4,13,31,16,15
050,42,113,"Pennsylvania","Sullivan County",4,14,31,14,17
050,42,113,"Pennsylvania","Sullivan County",4,15,34,21,13
050,42,113,"Pennsylvania","Sullivan County",4,16,35,16,19
050,42,113,"Pennsylvania","Sullivan County",4,17,43,26,17
050,42,113,"Pennsylvania","Sullivan County",4,18,56,36,20
050,42,113,"Pennsylvania","Sullivan County",4,19,59,36,23
050,42,113,"Pennsylvania","Sullivan County",4,20,53,32,21
050,42,113,"Pennsylvania","Sullivan County",4,21,52,29,23
050,42,113,"Pennsylvania","Sullivan County",4,22,44,19,25
050,42,113,"Pennsylvania","Sullivan County",4,23,52,27,25
050,42,113,"Pennsylvania","Sullivan County",4,24,40,22,18
050,42,113,"Pennsylvania","Sullivan County",4,25,36,20,16
050,42,113,"Pennsylvania","Sullivan County",4,26,43,24,19
050,42,113,"Pennsylvania","Sullivan County",4,27,57,30,27
050,42,113,"Pennsylvania","Sullivan County",4,28,53,26,27
050,42,113,"Pennsylvania","Sullivan County",4,29,57,30,27
050,42,113,"Pennsylvania","Sullivan County",4,30,54,34,20
050,42,113,"Pennsylvania","Sullivan County",4,31,69,44,25
050,42,113,"Pennsylvania","Sullivan County",4,32,60,32,28
050,42,113,"Pennsylvania","Sullivan County",4,33,49,20,29
050,42,113,"Pennsylvania","Sullivan County",4,34,58,31,27
050,42,113,"Pennsylvania","Sullivan County",4,35,61,28,33
050,42,113,"Pennsylvania","Sullivan County",4,36,63,35,28
050,42,113,"Pennsylvania","Sullivan County",4,37,65,33,32
050,42,113,"Pennsylvania","Sullivan County",4,38,55,27,28
050,42,113,"Pennsylvania","Sullivan County",4,39,67,35,32
050,42,113,"Pennsylvania","Sullivan County",4,40,64,34,30
050,42,113,"Pennsylvania","Sullivan County",4,41,66,30,36
050,42,113,"Pennsylvania","Sullivan County",4,42,69,32,37
050,42,113,"Pennsylvania","Sullivan County",4,43,64,40,24
050,42,113,"Pennsylvania","Sullivan County",4,44,60,33,27
050,42,113,"Pennsylvania","Sullivan County",4,45,61,32,29
050,42,113,"Pennsylvania","Sullivan County",4,46,69,40,29
050,42,113,"Pennsylvania","Sullivan County",4,47,64,28,36
050,42,113,"Pennsylvania","Sullivan County",4,48,59,33,26
050,42,113,"Pennsylvania","Sullivan County",4,49,59,37,22
050,42,113,"Pennsylvania","Sullivan County",4,50,69,33,36
050,42,113,"Pennsylvania","Sullivan County",4,51,79,40,39
050,42,113,"Pennsylvania","Sullivan County",4,52,75,43,32
050,42,113,"Pennsylvania","Sullivan County",4,53,80,50,30
050,42,113,"Pennsylvania","Sullivan County",4,54,80,46,34
050,42,113,"Pennsylvania","Sullivan County",4,55,85,43,42
050,42,113,"Pennsylvania","Sullivan County",4,56,87,47,40
050,42,113,"Pennsylvania","Sullivan County",4,57,97,48,49
050,42,113,"Pennsylvania","Sullivan County",4,58,117,56,61
050,42,113,"Pennsylvania","Sullivan County",4,59,121,66,55
050,42,113,"Pennsylvania","Sullivan County",4,60,129,67,62
050,42,113,"Pennsylvania","Sullivan County",4,61,132,62,70
050,42,113,"Pennsylvania","Sullivan County",4,62,125,59,66
050,42,113,"Pennsylvania","Sullivan County",4,63,119,62,57
050,42,113,"Pennsylvania","Sullivan County",4,64,161,85,76
050,42,113,"Pennsylvania","Sullivan County",4,65,147,72,75
050,42,113,"Pennsylvania","Sullivan County",4,66,137,69,68
050,42,113,"Pennsylvania","Sullivan County",4,67,131,58,73
050,42,113,"Pennsylvania","Sullivan County",4,68,124,65,59
050,42,113,"Pennsylvania","Sullivan County",4,69,110,65,45
050,42,113,"Pennsylvania","Sullivan County",4,70,94,50,44
050,42,113,"Pennsylvania","Sullivan County",4,71,91,49,42
050,42,113,"Pennsylvania","Sullivan County",4,72,89,47,42
050,42,113,"Pennsylvania","Sullivan County",4,73,101,46,55
050,42,113,"Pennsylvania","Sullivan County",4,74,94,39,55
050,42,113,"Pennsylvania","Sullivan County",4,75,109,59,50
050,42,113,"Pennsylvania","Sullivan County",4,76,69,35,34
050,42,113,"Pennsylvania","Sullivan County",4,77,61,31,30
050,42,113,"Pennsylvania","Sullivan County",4,78,56,24,32
050,42,113,"Pennsylvania","Sullivan County",4,79,53,23,30
050,42,113,"Pennsylvania","Sullivan County",4,80,50,24,26
050,42,113,"Pennsylvania","Sullivan County",4,81,45,22,23
050,42,113,"Pennsylvania","Sullivan County",4,82,42,20,22
050,42,113,"Pennsylvania","Sullivan County",4,83,38,20,18
050,42,113,"Pennsylvania","Sullivan County",4,84,39,19,20
050,42,113,"Pennsylvania","Sullivan County",4,85,171,65,106
050,42,113,"Pennsylvania","Sullivan County",5,0,33,18,15
050,42,113,"Pennsylvania","Sullivan County",5,1,41,21,20
050,42,113,"Pennsylvania","Sullivan County",5,2,34,18,16
050,42,113,"Pennsylvania","Sullivan County",5,3,34,19,15
050,42,113,"Pennsylvania","Sullivan County",5,4,26,14,12
050,42,113,"Pennsylvania","Sullivan County",5,5,30,16,14
050,42,113,"Pennsylvania","Sullivan County",5,6,40,25,15
050,42,113,"Pennsylvania","Sullivan County",5,7,32,18,14
050,42,113,"Pennsylvania","Sullivan County",5,8,32,19,13
050,42,113,"Pennsylvania","Sullivan County",5,9,29,13,16
050,42,113,"Pennsylvania","Sullivan County",5,10,32,17,15
050,42,113,"Pennsylvania","Sullivan County",5,11,29,17,12
050,42,113,"Pennsylvania","Sullivan County",5,12,29,18,11
050,42,113,"Pennsylvania","Sullivan County",5,13,32,18,14
050,42,113,"Pennsylvania","Sullivan County",5,14,32,15,17
050,42,113,"Pennsylvania","Sullivan County",5,15,30,13,17
050,42,113,"Pennsylvania","Sullivan County",5,16,41,25,16
050,42,113,"Pennsylvania","Sullivan County",5,17,43,26,17
050,42,113,"Pennsylvania","Sullivan County",5,18,52,33,19
050,42,113,"Pennsylvania","Sullivan County",5,19,62,38,24
050,42,113,"Pennsylvania","Sullivan County",5,20,54,35,19
050,42,113,"Pennsylvania","Sullivan County",5,21,45,25,20
050,42,113,"Pennsylvania","Sullivan County",5,22,46,28,18
050,42,113,"Pennsylvania","Sullivan County",5,23,43,18,25
050,42,113,"Pennsylvania","Sullivan County",5,24,57,31,26
050,42,113,"Pennsylvania","Sullivan County",5,25,34,17,17
050,42,113,"Pennsylvania","Sullivan County",5,26,41,23,18
050,42,113,"Pennsylvania","Sullivan County",5,27,43,26,17
050,42,113,"Pennsylvania","Sullivan County",5,28,61,31,30
050,42,113,"Pennsylvania","Sullivan County",5,29,61,33,28
050,42,113,"Pennsylvania","Sullivan County",5,30,61,33,28
050,42,113,"Pennsylvania","Sullivan County",5,31,61,37,24
050,42,113,"Pennsylvania","Sullivan County",5,32,64,38,26
050,42,113,"Pennsylvania","Sullivan County",5,33,70,36,34
050,42,113,"Pennsylvania","Sullivan County",5,34,48,21,27
050,42,113,"Pennsylvania","Sullivan County",5,35,62,35,27
050,42,113,"Pennsylvania","Sullivan County",5,36,61,30,31
050,42,113,"Pennsylvania","Sullivan County",5,37,65,36,29
050,42,113,"Pennsylvania","Sullivan County",5,38,62,31,31
050,42,113,"Pennsylvania","Sullivan County",5,39,56,28,28
050,42,113,"Pennsylvania","Sullivan County",5,40,71,36,35
050,42,113,"Pennsylvania","Sullivan County",5,41,64,35,29
050,42,113,"Pennsylvania","Sullivan County",5,42,63,29,34
050,42,113,"Pennsylvania","Sullivan County",5,43,70,37,33
050,42,113,"Pennsylvania","Sullivan County",5,44,65,39,26
050,42,113,"Pennsylvania","Sullivan County",5,45,58,31,27
050,42,113,"Pennsylvania","Sullivan County",5,46,61,32,29
050,42,113,"Pennsylvania","Sullivan County",5,47,66,39,27
050,42,113,"Pennsylvania","Sullivan County",5,48,71,30,41
050,42,113,"Pennsylvania","Sullivan County",5,49,60,32,28
050,42,113,"Pennsylvania","Sullivan County",5,50,56,37,19
050,42,113,"Pennsylvania","Sullivan County",5,51,70,30,40
050,42,113,"Pennsylvania","Sullivan County",5,52,77,42,35
050,42,113,"Pennsylvania","Sullivan County",5,53,79,47,32
050,42,113,"Pennsylvania","Sullivan County",5,54,83,50,33
050,42,113,"Pennsylvania","Sullivan County",5,55,78,47,31
050,42,113,"Pennsylvania","Sullivan County",5,56,92,47,45
050,42,113,"Pennsylvania","Sullivan County",5,57,88,46,42
050,42,113,"Pennsylvania","Sullivan County",5,58,101,48,53
050,42,113,"Pennsylvania","Sullivan County",5,59,117,60,57
050,42,113,"Pennsylvania","Sullivan County",5,60,117,61,56
050,42,113,"Pennsylvania","Sullivan County",5,61,135,71,64
050,42,113,"Pennsylvania","Sullivan County",5,62,123,54,69
050,42,113,"Pennsylvania","Sullivan County",5,63,128,64,64
050,42,113,"Pennsylvania","Sullivan County",5,64,122,62,60
050,42,113,"Pennsylvania","Sullivan County",5,65,153,81,72
050,42,113,"Pennsylvania","Sullivan County",5,66,146,72,74
050,42,113,"Pennsylvania","Sullivan County",5,67,133,66,67
050,42,113,"Pennsylvania","Sullivan County",5,68,132,59,73
050,42,113,"Pennsylvania","Sullivan County",5,69,117,63,54
050,42,113,"Pennsylvania","Sullivan County",5,70,110,64,46
050,42,113,"Pennsylvania","Sullivan County",5,71,95,50,45
050,42,113,"Pennsylvania","Sullivan County",5,72,91,48,43
050,42,113,"Pennsylvania","Sullivan County",5,73,84,44,40
050,42,113,"Pennsylvania","Sullivan County",5,74,98,43,55
050,42,113,"Pennsylvania","Sullivan County",5,75,94,37,57
050,42,113,"Pennsylvania","Sullivan County",5,76,101,59,42
050,42,113,"Pennsylvania","Sullivan County",5,77,72,35,37
050,42,113,"Pennsylvania","Sullivan County",5,78,55,26,29
050,42,113,"Pennsylvania","Sullivan County",5,79,52,24,28
050,42,113,"Pennsylvania","Sullivan County",5,80,48,15,33
050,42,113,"Pennsylvania","Sullivan County",5,81,47,24,23
050,42,113,"Pennsylvania","Sullivan County",5,82,40,18,22
050,42,113,"Pennsylvania","Sullivan County",5,83,36,15,21
050,42,113,"Pennsylvania","Sullivan County",5,84,38,21,17
050,42,113,"Pennsylvania","Sullivan County",5,85,169,71,98
050,42,115,"Pennsylvania","Susquehanna County",1,0,357,182,175
050,42,115,"Pennsylvania","Susquehanna County",1,1,380,189,191
050,42,115,"Pennsylvania","Susquehanna County",1,2,376,182,194
050,42,115,"Pennsylvania","Susquehanna County",1,3,354,179,175
050,42,115,"Pennsylvania","Susquehanna County",1,4,374,183,191
050,42,115,"Pennsylvania","Susquehanna County",1,5,374,193,181
050,42,115,"Pennsylvania","Susquehanna County",1,6,380,189,191
050,42,115,"Pennsylvania","Susquehanna County",1,7,351,173,178
050,42,115,"Pennsylvania","Susquehanna County",1,8,396,195,201
050,42,115,"Pennsylvania","Susquehanna County",1,9,388,185,203
050,42,115,"Pennsylvania","Susquehanna County",1,10,434,223,211
050,42,115,"Pennsylvania","Susquehanna County",1,11,444,222,222
050,42,115,"Pennsylvania","Susquehanna County",1,12,447,221,226
050,42,115,"Pennsylvania","Susquehanna County",1,13,447,223,224
050,42,115,"Pennsylvania","Susquehanna County",1,14,450,224,226
050,42,115,"Pennsylvania","Susquehanna County",1,15,451,233,218
050,42,115,"Pennsylvania","Susquehanna County",1,16,444,231,213
050,42,115,"Pennsylvania","Susquehanna County",1,17,447,247,200
050,42,115,"Pennsylvania","Susquehanna County",1,18,378,200,178
050,42,115,"Pennsylvania","Susquehanna County",1,19,315,163,152
050,42,115,"Pennsylvania","Susquehanna County",1,20,348,182,166
050,42,115,"Pennsylvania","Susquehanna County",1,21,360,179,181
050,42,115,"Pennsylvania","Susquehanna County",1,22,362,182,180
050,42,115,"Pennsylvania","Susquehanna County",1,23,382,205,177
050,42,115,"Pennsylvania","Susquehanna County",1,24,350,189,161
050,42,115,"Pennsylvania","Susquehanna County",1,25,359,202,157
050,42,115,"Pennsylvania","Susquehanna County",1,26,402,225,177
050,42,115,"Pennsylvania","Susquehanna County",1,27,406,232,174
050,42,115,"Pennsylvania","Susquehanna County",1,28,404,220,184
050,42,115,"Pennsylvania","Susquehanna County",1,29,390,200,190
050,42,115,"Pennsylvania","Susquehanna County",1,30,383,190,193
050,42,115,"Pennsylvania","Susquehanna County",1,31,370,188,182
050,42,115,"Pennsylvania","Susquehanna County",1,32,358,186,172
050,42,115,"Pennsylvania","Susquehanna County",1,33,374,175,199
050,42,115,"Pennsylvania","Susquehanna County",1,34,401,203,198
050,42,115,"Pennsylvania","Susquehanna County",1,35,392,194,198
050,42,115,"Pennsylvania","Susquehanna County",1,36,406,222,184
050,42,115,"Pennsylvania","Susquehanna County",1,37,403,213,190
050,42,115,"Pennsylvania","Susquehanna County",1,38,426,225,201
050,42,115,"Pennsylvania","Susquehanna County",1,39,401,195,206
050,42,115,"Pennsylvania","Susquehanna County",1,40,405,196,209
050,42,115,"Pennsylvania","Susquehanna County",1,41,414,212,202
050,42,115,"Pennsylvania","Susquehanna County",1,42,411,199,212
050,42,115,"Pennsylvania","Susquehanna County",1,43,381,185,196
050,42,115,"Pennsylvania","Susquehanna County",1,44,373,187,186
050,42,115,"Pennsylvania","Susquehanna County",1,45,356,191,165
050,42,115,"Pennsylvania","Susquehanna County",1,46,391,206,185
050,42,115,"Pennsylvania","Susquehanna County",1,47,452,224,228
050,42,115,"Pennsylvania","Susquehanna County",1,48,516,270,246
050,42,115,"Pennsylvania","Susquehanna County",1,49,552,295,257
050,42,115,"Pennsylvania","Susquehanna County",1,50,473,237,236
050,42,115,"Pennsylvania","Susquehanna County",1,51,495,263,232
050,42,115,"Pennsylvania","Susquehanna County",1,52,510,257,253
050,42,115,"Pennsylvania","Susquehanna County",1,53,517,253,264
050,42,115,"Pennsylvania","Susquehanna County",1,54,548,273,275
050,42,115,"Pennsylvania","Susquehanna County",1,55,607,307,300
050,42,115,"Pennsylvania","Susquehanna County",1,56,670,372,298
050,42,115,"Pennsylvania","Susquehanna County",1,57,654,331,323
050,42,115,"Pennsylvania","Susquehanna County",1,58,683,353,330
050,42,115,"Pennsylvania","Susquehanna County",1,59,680,337,343
050,42,115,"Pennsylvania","Susquehanna County",1,60,696,359,337
050,42,115,"Pennsylvania","Susquehanna County",1,61,736,375,361
050,42,115,"Pennsylvania","Susquehanna County",1,62,723,370,353
050,42,115,"Pennsylvania","Susquehanna County",1,63,696,372,324
050,42,115,"Pennsylvania","Susquehanna County",1,64,662,345,317
050,42,115,"Pennsylvania","Susquehanna County",1,65,636,330,306
050,42,115,"Pennsylvania","Susquehanna County",1,66,612,315,297
050,42,115,"Pennsylvania","Susquehanna County",1,67,570,287,283
050,42,115,"Pennsylvania","Susquehanna County",1,68,572,285,287
050,42,115,"Pennsylvania","Susquehanna County",1,69,525,250,275
050,42,115,"Pennsylvania","Susquehanna County",1,70,514,241,273
050,42,115,"Pennsylvania","Susquehanna County",1,71,522,244,278
050,42,115,"Pennsylvania","Susquehanna County",1,72,523,247,276
050,42,115,"Pennsylvania","Susquehanna County",1,73,516,272,244
050,42,115,"Pennsylvania","Susquehanna County",1,74,369,190,179
050,42,115,"Pennsylvania","Susquehanna County",1,75,376,196,180
050,42,115,"Pennsylvania","Susquehanna County",1,76,386,203,183
050,42,115,"Pennsylvania","Susquehanna County",1,77,388,178,210
050,42,115,"Pennsylvania","Susquehanna County",1,78,308,138,170
050,42,115,"Pennsylvania","Susquehanna County",1,79,279,130,149
050,42,115,"Pennsylvania","Susquehanna County",1,80,251,118,133
050,42,115,"Pennsylvania","Susquehanna County",1,81,261,121,140
050,42,115,"Pennsylvania","Susquehanna County",1,82,235,116,119
050,42,115,"Pennsylvania","Susquehanna County",1,83,210,96,114
050,42,115,"Pennsylvania","Susquehanna County",1,84,178,83,95
050,42,115,"Pennsylvania","Susquehanna County",1,85,938,344,594
050,42,115,"Pennsylvania","Susquehanna County",2,0,361,184,177
050,42,115,"Pennsylvania","Susquehanna County",2,1,376,188,188
050,42,115,"Pennsylvania","Susquehanna County",2,2,376,184,192
050,42,115,"Pennsylvania","Susquehanna County",2,3,359,179,180
050,42,115,"Pennsylvania","Susquehanna County",2,4,372,184,188
050,42,115,"Pennsylvania","Susquehanna County",2,5,372,190,182
050,42,115,"Pennsylvania","Susquehanna County",2,6,380,190,190
050,42,115,"Pennsylvania","Susquehanna County",2,7,360,178,182
050,42,115,"Pennsylvania","Susquehanna County",2,8,384,189,195
050,42,115,"Pennsylvania","Susquehanna County",2,9,390,187,203
050,42,115,"Pennsylvania","Susquehanna County",2,10,425,215,210
050,42,115,"Pennsylvania","Susquehanna County",2,11,440,221,219
050,42,115,"Pennsylvania","Susquehanna County",2,12,451,223,228
050,42,115,"Pennsylvania","Susquehanna County",2,13,446,222,224
050,42,115,"Pennsylvania","Susquehanna County",2,14,449,224,225
050,42,115,"Pennsylvania","Susquehanna County",2,15,450,230,220
050,42,115,"Pennsylvania","Susquehanna County",2,16,445,231,214
050,42,115,"Pennsylvania","Susquehanna County",2,17,446,243,203
050,42,115,"Pennsylvania","Susquehanna County",2,18,373,202,171
050,42,115,"Pennsylvania","Susquehanna County",2,19,311,163,148
050,42,115,"Pennsylvania","Susquehanna County",2,20,349,181,168
050,42,115,"Pennsylvania","Susquehanna County",2,21,360,181,179
050,42,115,"Pennsylvania","Susquehanna County",2,22,364,183,181
050,42,115,"Pennsylvania","Susquehanna County",2,23,375,199,176
050,42,115,"Pennsylvania","Susquehanna County",2,24,359,194,165
050,42,115,"Pennsylvania","Susquehanna County",2,25,360,200,160
050,42,115,"Pennsylvania","Susquehanna County",2,26,392,219,173
050,42,115,"Pennsylvania","Susquehanna County",2,27,405,232,173
050,42,115,"Pennsylvania","Susquehanna County",2,28,407,225,182
050,42,115,"Pennsylvania","Susquehanna County",2,29,390,204,186
050,42,115,"Pennsylvania","Susquehanna County",2,30,388,193,195
050,42,115,"Pennsylvania","Susquehanna County",2,31,372,188,184
050,42,115,"Pennsylvania","Susquehanna County",2,32,360,184,176
050,42,115,"Pennsylvania","Susquehanna County",2,33,373,179,194
050,42,115,"Pennsylvania","Susquehanna County",2,34,394,197,197
050,42,115,"Pennsylvania","Susquehanna County",2,35,396,198,198
050,42,115,"Pennsylvania","Susquehanna County",2,36,399,212,187
050,42,115,"Pennsylvania","Susquehanna County",2,37,404,215,189
050,42,115,"Pennsylvania","Susquehanna County",2,38,423,223,200
050,42,115,"Pennsylvania","Susquehanna County",2,39,406,203,203
050,42,115,"Pennsylvania","Susquehanna County",2,40,408,198,210
050,42,115,"Pennsylvania","Susquehanna County",2,41,414,209,205
050,42,115,"Pennsylvania","Susquehanna County",2,42,409,201,208
050,42,115,"Pennsylvania","Susquehanna County",2,43,393,191,202
050,42,115,"Pennsylvania","Susquehanna County",2,44,370,184,186
050,42,115,"Pennsylvania","Susquehanna County",2,45,365,192,173
050,42,115,"Pennsylvania","Susquehanna County",2,46,383,203,180
050,42,115,"Pennsylvania","Susquehanna County",2,47,436,219,217
050,42,115,"Pennsylvania","Susquehanna County",2,48,499,259,240
050,42,115,"Pennsylvania","Susquehanna County",2,49,546,291,255
050,42,115,"Pennsylvania","Susquehanna County",2,50,493,252,241
050,42,115,"Pennsylvania","Susquehanna County",2,51,488,256,232
050,42,115,"Pennsylvania","Susquehanna County",2,52,505,258,247
050,42,115,"Pennsylvania","Susquehanna County",2,53,513,253,260
050,42,115,"Pennsylvania","Susquehanna County",2,54,536,265,271
050,42,115,"Pennsylvania","Susquehanna County",2,55,594,300,294
050,42,115,"Pennsylvania","Susquehanna County",2,56,654,355,299
050,42,115,"Pennsylvania","Susquehanna County",2,57,657,341,316
050,42,115,"Pennsylvania","Susquehanna County",2,58,677,348,329
050,42,115,"Pennsylvania","Susquehanna County",2,59,682,341,341
050,42,115,"Pennsylvania","Susquehanna County",2,60,691,353,338
050,42,115,"Pennsylvania","Susquehanna County",2,61,719,367,352
050,42,115,"Pennsylvania","Susquehanna County",2,62,721,369,352
050,42,115,"Pennsylvania","Susquehanna County",2,63,705,373,332
050,42,115,"Pennsylvania","Susquehanna County",2,64,663,347,316
050,42,115,"Pennsylvania","Susquehanna County",2,65,643,333,310
050,42,115,"Pennsylvania","Susquehanna County",2,66,618,319,299
050,42,115,"Pennsylvania","Susquehanna County",2,67,579,293,286
050,42,115,"Pennsylvania","Susquehanna County",2,68,567,285,282
050,42,115,"Pennsylvania","Susquehanna County",2,69,539,260,279
050,42,115,"Pennsylvania","Susquehanna County",2,70,509,239,270
050,42,115,"Pennsylvania","Susquehanna County",2,71,516,240,276
050,42,115,"Pennsylvania","Susquehanna County",2,72,512,240,272
050,42,115,"Pennsylvania","Susquehanna County",2,73,539,276,263
050,42,115,"Pennsylvania","Susquehanna County",2,74,379,197,182
050,42,115,"Pennsylvania","Susquehanna County",2,75,372,194,178
050,42,115,"Pennsylvania","Susquehanna County",2,76,375,197,178
050,42,115,"Pennsylvania","Susquehanna County",2,77,392,189,203
050,42,115,"Pennsylvania","Susquehanna County",2,78,316,143,173
050,42,115,"Pennsylvania","Susquehanna County",2,79,277,129,148
050,42,115,"Pennsylvania","Susquehanna County",2,80,255,120,135
050,42,115,"Pennsylvania","Susquehanna County",2,81,251,116,135
050,42,115,"Pennsylvania","Susquehanna County",2,82,238,115,123
050,42,115,"Pennsylvania","Susquehanna County",2,83,209,96,113
050,42,115,"Pennsylvania","Susquehanna County",2,84,176,80,96
050,42,115,"Pennsylvania","Susquehanna County",2,85,921,338,583
050,42,115,"Pennsylvania","Susquehanna County",3,0,340,183,157
050,42,115,"Pennsylvania","Susquehanna County",3,1,369,195,174
050,42,115,"Pennsylvania","Susquehanna County",3,2,370,182,188
050,42,115,"Pennsylvania","Susquehanna County",3,3,376,188,188
050,42,115,"Pennsylvania","Susquehanna County",3,4,368,183,185
050,42,115,"Pennsylvania","Susquehanna County",3,5,373,186,187
050,42,115,"Pennsylvania","Susquehanna County",3,6,379,194,185
050,42,115,"Pennsylvania","Susquehanna County",3,7,384,193,191
050,42,115,"Pennsylvania","Susquehanna County",3,8,363,182,181
050,42,115,"Pennsylvania","Susquehanna County",3,9,382,186,196
050,42,115,"Pennsylvania","Susquehanna County",3,10,401,195,206
050,42,115,"Pennsylvania","Susquehanna County",3,11,433,226,207
050,42,115,"Pennsylvania","Susquehanna County",3,12,454,229,225
050,42,115,"Pennsylvania","Susquehanna County",3,13,438,216,222
050,42,115,"Pennsylvania","Susquehanna County",3,14,450,227,223
050,42,115,"Pennsylvania","Susquehanna County",3,15,447,227,220
050,42,115,"Pennsylvania","Susquehanna County",3,16,451,230,221
050,42,115,"Pennsylvania","Susquehanna County",3,17,450,231,219
050,42,115,"Pennsylvania","Susquehanna County",3,18,378,215,163
050,42,115,"Pennsylvania","Susquehanna County",3,19,303,164,139
050,42,115,"Pennsylvania","Susquehanna County",3,20,351,182,169
050,42,115,"Pennsylvania","Susquehanna County",3,21,378,190,188
050,42,115,"Pennsylvania","Susquehanna County",3,22,368,184,184
050,42,115,"Pennsylvania","Susquehanna County",3,23,387,204,183
050,42,115,"Pennsylvania","Susquehanna County",3,24,359,187,172
050,42,115,"Pennsylvania","Susquehanna County",3,25,360,199,161
050,42,115,"Pennsylvania","Susquehanna County",3,26,348,195,153
050,42,115,"Pennsylvania","Susquehanna County",3,27,394,219,175
050,42,115,"Pennsylvania","Susquehanna County",3,28,405,232,173
050,42,115,"Pennsylvania","Susquehanna County",3,29,406,224,182
050,42,115,"Pennsylvania","Susquehanna County",3,30,400,206,194
050,42,115,"Pennsylvania","Susquehanna County",3,31,410,209,201
050,42,115,"Pennsylvania","Susquehanna County",3,32,386,194,192
050,42,115,"Pennsylvania","Susquehanna County",3,33,374,191,183
050,42,115,"Pennsylvania","Susquehanna County",3,34,392,189,203
050,42,115,"Pennsylvania","Susquehanna County",3,35,413,208,205
050,42,115,"Pennsylvania","Susquehanna County",3,36,425,215,210
050,42,115,"Pennsylvania","Susquehanna County",3,37,407,216,191
050,42,115,"Pennsylvania","Susquehanna County",3,38,417,221,196
050,42,115,"Pennsylvania","Susquehanna County",3,39,421,231,190
050,42,115,"Pennsylvania","Susquehanna County",3,40,415,203,212
050,42,115,"Pennsylvania","Susquehanna County",3,41,421,211,210
050,42,115,"Pennsylvania","Susquehanna County",3,42,420,209,211
050,42,115,"Pennsylvania","Susquehanna County",3,43,423,206,217
050,42,115,"Pennsylvania","Susquehanna County",3,44,387,190,197
050,42,115,"Pennsylvania","Susquehanna County",3,45,369,182,187
050,42,115,"Pennsylvania","Susquehanna County",3,46,367,196,171
050,42,115,"Pennsylvania","Susquehanna County",3,47,375,200,175
050,42,115,"Pennsylvania","Susquehanna County",3,48,434,217,217
050,42,115,"Pennsylvania","Susquehanna County",3,49,501,262,239
050,42,115,"Pennsylvania","Susquehanna County",3,50,542,291,251
050,42,115,"Pennsylvania","Susquehanna County",3,51,506,256,250
050,42,115,"Pennsylvania","Susquehanna County",3,52,486,256,230
050,42,115,"Pennsylvania","Susquehanna County",3,53,523,268,255
050,42,115,"Pennsylvania","Susquehanna County",3,54,508,248,260
050,42,115,"Pennsylvania","Susquehanna County",3,55,540,263,277
050,42,115,"Pennsylvania","Susquehanna County",3,56,585,300,285
050,42,115,"Pennsylvania","Susquehanna County",3,57,645,350,295
050,42,115,"Pennsylvania","Susquehanna County",3,58,663,340,323
050,42,115,"Pennsylvania","Susquehanna County",3,59,671,346,325
050,42,115,"Pennsylvania","Susquehanna County",3,60,682,338,344
050,42,115,"Pennsylvania","Susquehanna County",3,61,685,353,332
050,42,115,"Pennsylvania","Susquehanna County",3,62,731,373,358
050,42,115,"Pennsylvania","Susquehanna County",3,63,703,360,343
050,42,115,"Pennsylvania","Susquehanna County",3,64,702,375,327
050,42,115,"Pennsylvania","Susquehanna County",3,65,668,351,317
050,42,115,"Pennsylvania","Susquehanna County",3,66,635,329,306
050,42,115,"Pennsylvania","Susquehanna County",3,67,606,313,293
050,42,115,"Pennsylvania","Susquehanna County",3,68,556,286,270
050,42,115,"Pennsylvania","Susquehanna County",3,69,559,284,275
050,42,115,"Pennsylvania","Susquehanna County",3,70,526,253,273
050,42,115,"Pennsylvania","Susquehanna County",3,71,498,239,259
050,42,115,"Pennsylvania","Susquehanna County",3,72,513,238,275
050,42,115,"Pennsylvania","Susquehanna County",3,73,504,236,268
050,42,115,"Pennsylvania","Susquehanna County",3,74,526,263,263
050,42,115,"Pennsylvania","Susquehanna County",3,75,365,187,178
050,42,115,"Pennsylvania","Susquehanna County",3,76,361,193,168
050,42,115,"Pennsylvania","Susquehanna County",3,77,363,187,176
050,42,115,"Pennsylvania","Susquehanna County",3,78,364,165,199
050,42,115,"Pennsylvania","Susquehanna County",3,79,295,136,159
050,42,115,"Pennsylvania","Susquehanna County",3,80,263,121,142
050,42,115,"Pennsylvania","Susquehanna County",3,81,237,108,129
050,42,115,"Pennsylvania","Susquehanna County",3,82,230,107,123
050,42,115,"Pennsylvania","Susquehanna County",3,83,218,99,119
050,42,115,"Pennsylvania","Susquehanna County",3,84,181,88,93
050,42,115,"Pennsylvania","Susquehanna County",3,85,955,366,589
050,42,115,"Pennsylvania","Susquehanna County",4,0,362,182,180
050,42,115,"Pennsylvania","Susquehanna County",4,1,338,176,162
050,42,115,"Pennsylvania","Susquehanna County",4,2,368,192,176
050,42,115,"Pennsylvania","Susquehanna County",4,3,361,173,188
050,42,115,"Pennsylvania","Susquehanna County",4,4,380,191,189
050,42,115,"Pennsylvania","Susquehanna County",4,5,364,187,177
050,42,115,"Pennsylvania","Susquehanna County",4,6,379,191,188
050,42,115,"Pennsylvania","Susquehanna County",4,7,392,196,196
050,42,115,"Pennsylvania","Susquehanna County",4,8,384,192,192
050,42,115,"Pennsylvania","Susquehanna County",4,9,362,184,178
050,42,115,"Pennsylvania","Susquehanna County",4,10,383,189,194
050,42,115,"Pennsylvania","Susquehanna County",4,11,408,200,208
050,42,115,"Pennsylvania","Susquehanna County",4,12,424,215,209
050,42,115,"Pennsylvania","Susquehanna County",4,13,454,226,228
050,42,115,"Pennsylvania","Susquehanna County",4,14,439,221,218
050,42,115,"Pennsylvania","Susquehanna County",4,15,450,222,228
050,42,115,"Pennsylvania","Susquehanna County",4,16,433,218,215
050,42,115,"Pennsylvania","Susquehanna County",4,17,455,232,223
050,42,115,"Pennsylvania","Susquehanna County",4,18,368,192,176
050,42,115,"Pennsylvania","Susquehanna County",4,19,290,162,128
050,42,115,"Pennsylvania","Susquehanna County",4,20,316,172,144
050,42,115,"Pennsylvania","Susquehanna County",4,21,355,187,168
050,42,115,"Pennsylvania","Susquehanna County",4,22,405,205,200
050,42,115,"Pennsylvania","Susquehanna County",4,23,379,197,182
050,42,115,"Pennsylvania","Susquehanna County",4,24,376,190,186
050,42,115,"Pennsylvania","Susquehanna County",4,25,334,178,156
050,42,115,"Pennsylvania","Susquehanna County",4,26,350,193,157
050,42,115,"Pennsylvania","Susquehanna County",4,27,342,189,153
050,42,115,"Pennsylvania","Susquehanna County",4,28,386,216,170
050,42,115,"Pennsylvania","Susquehanna County",4,29,386,220,166
050,42,115,"Pennsylvania","Susquehanna County",4,30,405,232,173
050,42,115,"Pennsylvania","Susquehanna County",4,31,399,206,193
050,42,115,"Pennsylvania","Susquehanna County",4,32,423,218,205
050,42,115,"Pennsylvania","Susquehanna County",4,33,377,194,183
050,42,115,"Pennsylvania","Susquehanna County",4,34,389,192,197
050,42,115,"Pennsylvania","Susquehanna County",4,35,402,199,203
050,42,115,"Pennsylvania","Susquehanna County",4,36,433,223,210
050,42,115,"Pennsylvania","Susquehanna County",4,37,430,216,214
050,42,115,"Pennsylvania","Susquehanna County",4,38,406,219,187
050,42,115,"Pennsylvania","Susquehanna County",4,39,424,222,202
050,42,115,"Pennsylvania","Susquehanna County",4,40,416,222,194
050,42,115,"Pennsylvania","Susquehanna County",4,41,412,205,207
050,42,115,"Pennsylvania","Susquehanna County",4,42,423,209,214
050,42,115,"Pennsylvania","Susquehanna County",4,43,423,208,215
050,42,115,"Pennsylvania","Susquehanna County",4,44,425,206,219
050,42,115,"Pennsylvania","Susquehanna County",4,45,382,189,193
050,42,115,"Pennsylvania","Susquehanna County",4,46,369,181,188
050,42,115,"Pennsylvania","Susquehanna County",4,47,364,191,173
050,42,115,"Pennsylvania","Susquehanna County",4,48,377,201,176
050,42,115,"Pennsylvania","Susquehanna County",4,49,427,211,216
050,42,115,"Pennsylvania","Susquehanna County",4,50,507,263,244
050,42,115,"Pennsylvania","Susquehanna County",4,51,538,294,244
050,42,115,"Pennsylvania","Susquehanna County",4,52,508,261,247
050,42,115,"Pennsylvania","Susquehanna County",4,53,497,263,234
050,42,115,"Pennsylvania","Susquehanna County",4,54,512,261,251
050,42,115,"Pennsylvania","Susquehanna County",4,55,509,248,261
050,42,115,"Pennsylvania","Susquehanna County",4,56,536,255,281
050,42,115,"Pennsylvania","Susquehanna County",4,57,576,295,281
050,42,115,"Pennsylvania","Susquehanna County",4,58,644,347,297
050,42,115,"Pennsylvania","Susquehanna County",4,59,664,344,320
050,42,115,"Pennsylvania","Susquehanna County",4,60,675,344,331
050,42,115,"Pennsylvania","Susquehanna County",4,61,673,334,339
050,42,115,"Pennsylvania","Susquehanna County",4,62,684,351,333
050,42,115,"Pennsylvania","Susquehanna County",4,63,721,361,360
050,42,115,"Pennsylvania","Susquehanna County",4,64,701,360,341
050,42,115,"Pennsylvania","Susquehanna County",4,65,689,371,318
050,42,115,"Pennsylvania","Susquehanna County",4,66,659,349,310
050,42,115,"Pennsylvania","Susquehanna County",4,67,634,322,312
050,42,115,"Pennsylvania","Susquehanna County",4,68,594,308,286
050,42,115,"Pennsylvania","Susquehanna County",4,69,546,285,261
050,42,115,"Pennsylvania","Susquehanna County",4,70,540,276,264
050,42,115,"Pennsylvania","Susquehanna County",4,71,504,245,259
050,42,115,"Pennsylvania","Susquehanna County",4,72,500,241,259
050,42,115,"Pennsylvania","Susquehanna County",4,73,491,230,261
050,42,115,"Pennsylvania","Susquehanna County",4,74,487,223,264
050,42,115,"Pennsylvania","Susquehanna County",4,75,510,257,253
050,42,115,"Pennsylvania","Susquehanna County",4,76,357,184,173
050,42,115,"Pennsylvania","Susquehanna County",4,77,340,181,159
050,42,115,"Pennsylvania","Susquehanna County",4,78,348,174,174
050,42,115,"Pennsylvania","Susquehanna County",4,79,344,156,188
050,42,115,"Pennsylvania","Susquehanna County",4,80,277,123,154
050,42,115,"Pennsylvania","Susquehanna County",4,81,246,111,135
050,42,115,"Pennsylvania","Susquehanna County",4,82,213,99,114
050,42,115,"Pennsylvania","Susquehanna County",4,83,217,98,119
050,42,115,"Pennsylvania","Susquehanna County",4,84,199,88,111
050,42,115,"Pennsylvania","Susquehanna County",4,85,970,383,587
050,42,115,"Pennsylvania","Susquehanna County",5,0,353,178,175
050,42,115,"Pennsylvania","Susquehanna County",5,1,366,180,186
050,42,115,"Pennsylvania","Susquehanna County",5,2,354,184,170
050,42,115,"Pennsylvania","Susquehanna County",5,3,380,194,186
050,42,115,"Pennsylvania","Susquehanna County",5,4,364,173,191
050,42,115,"Pennsylvania","Susquehanna County",5,5,385,193,192
050,42,115,"Pennsylvania","Susquehanna County",5,6,362,183,179
050,42,115,"Pennsylvania","Susquehanna County",5,7,380,193,187
050,42,115,"Pennsylvania","Susquehanna County",5,8,392,196,196
050,42,115,"Pennsylvania","Susquehanna County",5,9,390,188,202
050,42,115,"Pennsylvania","Susquehanna County",5,10,365,185,180
050,42,115,"Pennsylvania","Susquehanna County",5,11,393,198,195
050,42,115,"Pennsylvania","Susquehanna County",5,12,416,203,213
050,42,115,"Pennsylvania","Susquehanna County",5,13,437,220,217
050,42,115,"Pennsylvania","Susquehanna County",5,14,448,219,229
050,42,115,"Pennsylvania","Susquehanna County",5,15,434,214,220
050,42,115,"Pennsylvania","Susquehanna County",5,16,451,227,224
050,42,115,"Pennsylvania","Susquehanna County",5,17,433,214,219
050,42,115,"Pennsylvania","Susquehanna County",5,18,375,196,179
050,42,115,"Pennsylvania","Susquehanna County",5,19,282,150,132
050,42,115,"Pennsylvania","Susquehanna County",5,20,322,178,144
050,42,115,"Pennsylvania","Susquehanna County",5,21,340,187,153
050,42,115,"Pennsylvania","Susquehanna County",5,22,366,195,171
050,42,115,"Pennsylvania","Susquehanna County",5,23,413,211,202
050,42,115,"Pennsylvania","Susquehanna County",5,24,390,214,176
050,42,115,"Pennsylvania","Susquehanna County",5,25,369,186,183
050,42,115,"Pennsylvania","Susquehanna County",5,26,339,181,158
050,42,115,"Pennsylvania","Susquehanna County",5,27,365,199,166
050,42,115,"Pennsylvania","Susquehanna County",5,28,338,187,151
050,42,115,"Pennsylvania","Susquehanna County",5,29,382,215,167
050,42,115,"Pennsylvania","Susquehanna County",5,30,405,230,175
050,42,115,"Pennsylvania","Susquehanna County",5,31,412,225,187
050,42,115,"Pennsylvania","Susquehanna County",5,32,418,209,209
050,42,115,"Pennsylvania","Susquehanna County",5,33,432,223,209
050,42,115,"Pennsylvania","Susquehanna County",5,34,387,191,196
050,42,115,"Pennsylvania","Susquehanna County",5,35,390,190,200
050,42,115,"Pennsylvania","Susquehanna County",5,36,423,205,218
050,42,115,"Pennsylvania","Susquehanna County",5,37,438,227,211
050,42,115,"Pennsylvania","Susquehanna County",5,38,438,223,215
050,42,115,"Pennsylvania","Susquehanna County",5,39,424,227,197
050,42,115,"Pennsylvania","Susquehanna County",5,40,430,228,202
050,42,115,"Pennsylvania","Susquehanna County",5,41,420,228,192
050,42,115,"Pennsylvania","Susquehanna County",5,42,415,207,208
050,42,115,"Pennsylvania","Susquehanna County",5,43,429,212,217
050,42,115,"Pennsylvania","Susquehanna County",5,44,417,212,205
050,42,115,"Pennsylvania","Susquehanna County",5,45,428,207,221
050,42,115,"Pennsylvania","Susquehanna County",5,46,385,190,195
050,42,115,"Pennsylvania","Susquehanna County",5,47,369,183,186
050,42,115,"Pennsylvania","Susquehanna County",5,48,368,193,175
050,42,115,"Pennsylvania","Susquehanna County",5,49,379,206,173
050,42,115,"Pennsylvania","Susquehanna County",5,50,417,205,212
050,42,115,"Pennsylvania","Susquehanna County",5,51,498,262,236
050,42,115,"Pennsylvania","Susquehanna County",5,52,533,293,240
050,42,115,"Pennsylvania","Susquehanna County",5,53,506,254,252
050,42,115,"Pennsylvania","Susquehanna County",5,54,504,262,242
050,42,115,"Pennsylvania","Susquehanna County",5,55,508,260,248
050,42,115,"Pennsylvania","Susquehanna County",5,56,506,239,267
050,42,115,"Pennsylvania","Susquehanna County",5,57,538,257,281
050,42,115,"Pennsylvania","Susquehanna County",5,58,573,293,280
050,42,115,"Pennsylvania","Susquehanna County",5,59,639,348,291
050,42,115,"Pennsylvania","Susquehanna County",5,60,658,339,319
050,42,115,"Pennsylvania","Susquehanna County",5,61,683,344,339
050,42,115,"Pennsylvania","Susquehanna County",5,62,661,328,333
050,42,115,"Pennsylvania","Susquehanna County",5,63,664,347,317
050,42,115,"Pennsylvania","Susquehanna County",5,64,716,357,359
050,42,115,"Pennsylvania","Susquehanna County",5,65,688,351,337
050,42,115,"Pennsylvania","Susquehanna County",5,66,683,370,313
050,42,115,"Pennsylvania","Susquehanna County",5,67,645,340,305
050,42,115,"Pennsylvania","Susquehanna County",5,68,617,309,308
050,42,115,"Pennsylvania","Susquehanna County",5,69,581,302,279
050,42,115,"Pennsylvania","Susquehanna County",5,70,549,290,259
050,42,115,"Pennsylvania","Susquehanna County",5,71,519,262,257
050,42,115,"Pennsylvania","Susquehanna County",5,72,491,242,249
050,42,115,"Pennsylvania","Susquehanna County",5,73,480,234,246
050,42,115,"Pennsylvania","Susquehanna County",5,74,480,220,260
050,42,115,"Pennsylvania","Susquehanna County",5,75,468,218,250
050,42,115,"Pennsylvania","Susquehanna County",5,76,491,247,244
050,42,115,"Pennsylvania","Susquehanna County",5,77,336,171,165
050,42,115,"Pennsylvania","Susquehanna County",5,78,332,174,158
050,42,115,"Pennsylvania","Susquehanna County",5,79,333,168,165
050,42,115,"Pennsylvania","Susquehanna County",5,80,321,145,176
050,42,115,"Pennsylvania","Susquehanna County",5,81,256,111,145
050,42,115,"Pennsylvania","Susquehanna County",5,82,222,103,119
050,42,115,"Pennsylvania","Susquehanna County",5,83,198,87,111
050,42,115,"Pennsylvania","Susquehanna County",5,84,197,85,112
050,42,115,"Pennsylvania","Susquehanna County",5,85,1027,412,615
050,42,117,"Pennsylvania","Tioga County",1,0,388,197,191
050,42,117,"Pennsylvania","Tioga County",1,1,408,221,187
050,42,117,"Pennsylvania","Tioga County",1,2,412,226,186
050,42,117,"Pennsylvania","Tioga County",1,3,411,222,189
050,42,117,"Pennsylvania","Tioga County",1,4,452,241,211
050,42,117,"Pennsylvania","Tioga County",1,5,458,243,215
050,42,117,"Pennsylvania","Tioga County",1,6,449,234,215
050,42,117,"Pennsylvania","Tioga County",1,7,457,253,204
050,42,117,"Pennsylvania","Tioga County",1,8,452,246,206
050,42,117,"Pennsylvania","Tioga County",1,9,484,259,225
050,42,117,"Pennsylvania","Tioga County",1,10,489,251,238
050,42,117,"Pennsylvania","Tioga County",1,11,472,245,227
050,42,117,"Pennsylvania","Tioga County",1,12,511,256,255
050,42,117,"Pennsylvania","Tioga County",1,13,502,251,251
050,42,117,"Pennsylvania","Tioga County",1,14,445,223,222
050,42,117,"Pennsylvania","Tioga County",1,15,455,231,224
050,42,117,"Pennsylvania","Tioga County",1,16,486,247,239
050,42,117,"Pennsylvania","Tioga County",1,17,488,247,241
050,42,117,"Pennsylvania","Tioga County",1,18,551,270,281
050,42,117,"Pennsylvania","Tioga County",1,19,598,279,319
050,42,117,"Pennsylvania","Tioga County",1,20,522,252,270
050,42,117,"Pennsylvania","Tioga County",1,21,448,236,212
050,42,117,"Pennsylvania","Tioga County",1,22,418,202,216
050,42,117,"Pennsylvania","Tioga County",1,23,402,197,205
050,42,117,"Pennsylvania","Tioga County",1,24,431,210,221
050,42,117,"Pennsylvania","Tioga County",1,25,435,215,220
050,42,117,"Pennsylvania","Tioga County",1,26,417,201,216
050,42,117,"Pennsylvania","Tioga County",1,27,418,209,209
050,42,117,"Pennsylvania","Tioga County",1,28,450,226,224
050,42,117,"Pennsylvania","Tioga County",1,29,436,210,226
050,42,117,"Pennsylvania","Tioga County",1,30,461,228,233
050,42,117,"Pennsylvania","Tioga County",1,31,488,255,233
050,42,117,"Pennsylvania","Tioga County",1,32,459,250,209
050,42,117,"Pennsylvania","Tioga County",1,33,442,228,214
050,42,117,"Pennsylvania","Tioga County",1,34,452,224,228
050,42,117,"Pennsylvania","Tioga County",1,35,468,220,248
050,42,117,"Pennsylvania","Tioga County",1,36,443,222,221
050,42,117,"Pennsylvania","Tioga County",1,37,490,239,251
050,42,117,"Pennsylvania","Tioga County",1,38,463,224,239
050,42,117,"Pennsylvania","Tioga County",1,39,470,234,236
050,42,117,"Pennsylvania","Tioga County",1,40,447,233,214
050,42,117,"Pennsylvania","Tioga County",1,41,462,245,217
050,42,117,"Pennsylvania","Tioga County",1,42,448,223,225
050,42,117,"Pennsylvania","Tioga County",1,43,413,211,202
050,42,117,"Pennsylvania","Tioga County",1,44,385,193,192
050,42,117,"Pennsylvania","Tioga County",1,45,409,202,207
050,42,117,"Pennsylvania","Tioga County",1,46,419,204,215
050,42,117,"Pennsylvania","Tioga County",1,47,465,232,233
050,42,117,"Pennsylvania","Tioga County",1,48,496,248,248
050,42,117,"Pennsylvania","Tioga County",1,49,531,271,260
050,42,117,"Pennsylvania","Tioga County",1,50,528,273,255
050,42,117,"Pennsylvania","Tioga County",1,51,523,274,249
050,42,117,"Pennsylvania","Tioga County",1,52,527,271,256
050,42,117,"Pennsylvania","Tioga County",1,53,522,252,270
050,42,117,"Pennsylvania","Tioga County",1,54,569,267,302
050,42,117,"Pennsylvania","Tioga County",1,55,597,298,299
050,42,117,"Pennsylvania","Tioga County",1,56,590,294,296
050,42,117,"Pennsylvania","Tioga County",1,57,608,297,311
050,42,117,"Pennsylvania","Tioga County",1,58,640,317,323
050,42,117,"Pennsylvania","Tioga County",1,59,652,321,331
050,42,117,"Pennsylvania","Tioga County",1,60,665,342,323
050,42,117,"Pennsylvania","Tioga County",1,61,680,330,350
050,42,117,"Pennsylvania","Tioga County",1,62,651,328,323
050,42,117,"Pennsylvania","Tioga County",1,63,642,319,323
050,42,117,"Pennsylvania","Tioga County",1,64,646,310,336
050,42,117,"Pennsylvania","Tioga County",1,65,601,301,300
050,42,117,"Pennsylvania","Tioga County",1,66,576,289,287
050,42,117,"Pennsylvania","Tioga County",1,67,577,298,279
050,42,117,"Pennsylvania","Tioga County",1,68,572,296,276
050,42,117,"Pennsylvania","Tioga County",1,69,508,259,249
050,42,117,"Pennsylvania","Tioga County",1,70,500,252,248
050,42,117,"Pennsylvania","Tioga County",1,71,508,257,251
050,42,117,"Pennsylvania","Tioga County",1,72,511,258,253
050,42,117,"Pennsylvania","Tioga County",1,73,520,272,248
050,42,117,"Pennsylvania","Tioga County",1,74,356,174,182
050,42,117,"Pennsylvania","Tioga County",1,75,362,171,191
050,42,117,"Pennsylvania","Tioga County",1,76,384,175,209
050,42,117,"Pennsylvania","Tioga County",1,77,368,165,203
050,42,117,"Pennsylvania","Tioga County",1,78,352,167,185
050,42,117,"Pennsylvania","Tioga County",1,79,322,162,160
050,42,117,"Pennsylvania","Tioga County",1,80,271,132,139
050,42,117,"Pennsylvania","Tioga County",1,81,254,115,139
050,42,117,"Pennsylvania","Tioga County",1,82,246,106,140
050,42,117,"Pennsylvania","Tioga County",1,83,196,100,96
050,42,117,"Pennsylvania","Tioga County",1,84,179,85,94
050,42,117,"Pennsylvania","Tioga County",1,85,994,413,581
050,42,117,"Pennsylvania","Tioga County",2,0,396,207,189
050,42,117,"Pennsylvania","Tioga County",2,1,399,216,183
050,42,117,"Pennsylvania","Tioga County",2,2,411,224,187
050,42,117,"Pennsylvania","Tioga County",2,3,409,222,187
050,42,117,"Pennsylvania","Tioga County",2,4,442,237,205
050,42,117,"Pennsylvania","Tioga County",2,5,455,241,214
050,42,117,"Pennsylvania","Tioga County",2,6,456,241,215
050,42,117,"Pennsylvania","Tioga County",2,7,454,247,207
050,42,117,"Pennsylvania","Tioga County",2,8,455,247,208
050,42,117,"Pennsylvania","Tioga County",2,9,480,259,221
050,42,117,"Pennsylvania","Tioga County",2,10,488,253,235
050,42,117,"Pennsylvania","Tioga County",2,11,474,245,229
050,42,117,"Pennsylvania","Tioga County",2,12,507,255,252
050,42,117,"Pennsylvania","Tioga County",2,13,500,249,251
050,42,117,"Pennsylvania","Tioga County",2,14,458,228,230
050,42,117,"Pennsylvania","Tioga County",2,15,452,229,223
050,42,117,"Pennsylvania","Tioga County",2,16,476,242,234
050,42,117,"Pennsylvania","Tioga County",2,17,487,249,238
050,42,117,"Pennsylvania","Tioga County",2,18,543,265,278
050,42,117,"Pennsylvania","Tioga County",2,19,598,280,318
050,42,117,"Pennsylvania","Tioga County",2,20,534,258,276
050,42,117,"Pennsylvania","Tioga County",2,21,447,234,213
050,42,117,"Pennsylvania","Tioga County",2,22,411,204,207
050,42,117,"Pennsylvania","Tioga County",2,23,402,199,203
050,42,117,"Pennsylvania","Tioga County",2,24,422,207,215
050,42,117,"Pennsylvania","Tioga County",2,25,432,213,219
050,42,117,"Pennsylvania","Tioga County",2,26,421,206,215
050,42,117,"Pennsylvania","Tioga County",2,27,416,207,209
050,42,117,"Pennsylvania","Tioga County",2,28,438,220,218
050,42,117,"Pennsylvania","Tioga County",2,29,435,212,223
050,42,117,"Pennsylvania","Tioga County",2,30,461,225,236
050,42,117,"Pennsylvania","Tioga County",2,31,481,249,232
050,42,117,"Pennsylvania","Tioga County",2,32,467,251,216
050,42,117,"Pennsylvania","Tioga County",2,33,442,232,210
050,42,117,"Pennsylvania","Tioga County",2,34,451,225,226
050,42,117,"Pennsylvania","Tioga County",2,35,465,221,244
050,42,117,"Pennsylvania","Tioga County",2,36,447,220,227
050,42,117,"Pennsylvania","Tioga County",2,37,479,235,244
050,42,117,"Pennsylvania","Tioga County",2,38,471,228,243
050,42,117,"Pennsylvania","Tioga County",2,39,468,234,234
050,42,117,"Pennsylvania","Tioga County",2,40,457,236,221
050,42,117,"Pennsylvania","Tioga County",2,41,456,241,215
050,42,117,"Pennsylvania","Tioga County",2,42,449,228,221
050,42,117,"Pennsylvania","Tioga County",2,43,423,215,208
050,42,117,"Pennsylvania","Tioga County",2,44,387,196,191
050,42,117,"Pennsylvania","Tioga County",2,45,403,200,203
050,42,117,"Pennsylvania","Tioga County",2,46,415,203,212
050,42,117,"Pennsylvania","Tioga County",2,47,449,223,226
050,42,117,"Pennsylvania","Tioga County",2,48,492,245,247
050,42,117,"Pennsylvania","Tioga County",2,49,524,268,256
050,42,117,"Pennsylvania","Tioga County",2,50,528,271,257
050,42,117,"Pennsylvania","Tioga County",2,51,526,274,252
050,42,117,"Pennsylvania","Tioga County",2,52,522,269,253
050,42,117,"Pennsylvania","Tioga County",2,53,525,257,268
050,42,117,"Pennsylvania","Tioga County",2,54,558,265,293
050,42,117,"Pennsylvania","Tioga County",2,55,589,290,299
050,42,117,"Pennsylvania","Tioga County",2,56,598,299,299
050,42,117,"Pennsylvania","Tioga County",2,57,604,295,309
050,42,117,"Pennsylvania","Tioga County",2,58,630,310,320
050,42,117,"Pennsylvania","Tioga County",2,59,650,321,329
050,42,117,"Pennsylvania","Tioga County",2,60,660,336,324
050,42,117,"Pennsylvania","Tioga County",2,61,668,327,341
050,42,117,"Pennsylvania","Tioga County",2,62,660,329,331
050,42,117,"Pennsylvania","Tioga County",2,63,652,325,327
050,42,117,"Pennsylvania","Tioga County",2,64,642,312,330
050,42,117,"Pennsylvania","Tioga County",2,65,611,303,308
050,42,117,"Pennsylvania","Tioga County",2,66,584,294,290
050,42,117,"Pennsylvania","Tioga County",2,67,573,293,280
050,42,117,"Pennsylvania","Tioga County",2,68,570,296,274
050,42,117,"Pennsylvania","Tioga County",2,69,529,272,257
050,42,117,"Pennsylvania","Tioga County",2,70,498,251,247
050,42,117,"Pennsylvania","Tioga County",2,71,504,253,251
050,42,117,"Pennsylvania","Tioga County",2,72,499,252,247
050,42,117,"Pennsylvania","Tioga County",2,73,545,283,262
050,42,117,"Pennsylvania","Tioga County",2,74,367,182,185
050,42,117,"Pennsylvania","Tioga County",2,75,360,172,188
050,42,117,"Pennsylvania","Tioga County",2,76,374,171,203
050,42,117,"Pennsylvania","Tioga County",2,77,376,170,206
050,42,117,"Pennsylvania","Tioga County",2,78,347,162,185
050,42,117,"Pennsylvania","Tioga County",2,79,320,158,162
050,42,117,"Pennsylvania","Tioga County",2,80,284,140,144
050,42,117,"Pennsylvania","Tioga County",2,81,253,117,136
050,42,117,"Pennsylvania","Tioga County",2,82,248,108,140
050,42,117,"Pennsylvania","Tioga County",2,83,200,98,102
050,42,117,"Pennsylvania","Tioga County",2,84,181,87,94
050,42,117,"Pennsylvania","Tioga County",2,85,1005,424,581
050,42,117,"Pennsylvania","Tioga County",3,0,390,193,197
050,42,117,"Pennsylvania","Tioga County",3,1,402,213,189
050,42,117,"Pennsylvania","Tioga County",3,2,406,218,188
050,42,117,"Pennsylvania","Tioga County",3,3,415,232,183
050,42,117,"Pennsylvania","Tioga County",3,4,416,228,188
050,42,117,"Pennsylvania","Tioga County",3,5,427,232,195
050,42,117,"Pennsylvania","Tioga County",3,6,458,240,218
050,42,117,"Pennsylvania","Tioga County",3,7,462,249,213
050,42,117,"Pennsylvania","Tioga County",3,8,442,239,203
050,42,117,"Pennsylvania","Tioga County",3,9,446,243,203
050,42,117,"Pennsylvania","Tioga County",3,10,481,265,216
050,42,117,"Pennsylvania","Tioga County",3,11,486,253,233
050,42,117,"Pennsylvania","Tioga County",3,12,471,246,225
050,42,117,"Pennsylvania","Tioga County",3,13,504,267,237
050,42,117,"Pennsylvania","Tioga County",3,14,499,252,247
050,42,117,"Pennsylvania","Tioga County",3,15,453,224,229
050,42,117,"Pennsylvania","Tioga County",3,16,455,229,226
050,42,117,"Pennsylvania","Tioga County",3,17,473,242,231
050,42,117,"Pennsylvania","Tioga County",3,18,600,286,314
050,42,117,"Pennsylvania","Tioga County",3,19,712,334,378
050,42,117,"Pennsylvania","Tioga County",3,20,633,297,336
050,42,117,"Pennsylvania","Tioga County",3,21,502,252,250
050,42,117,"Pennsylvania","Tioga County",3,22,436,230,206
050,42,117,"Pennsylvania","Tioga County",3,23,407,203,204
050,42,117,"Pennsylvania","Tioga County",3,24,385,188,197
050,42,117,"Pennsylvania","Tioga County",3,25,429,223,206
050,42,117,"Pennsylvania","Tioga County",3,26,426,210,216
050,42,117,"Pennsylvania","Tioga County",3,27,418,210,208
050,42,117,"Pennsylvania","Tioga County",3,28,430,209,221
050,42,117,"Pennsylvania","Tioga County",3,29,458,240,218
050,42,117,"Pennsylvania","Tioga County",3,30,441,217,224
050,42,117,"Pennsylvania","Tioga County",3,31,455,227,228
050,42,117,"Pennsylvania","Tioga County",3,32,473,245,228
050,42,117,"Pennsylvania","Tioga County",3,33,464,248,216
050,42,117,"Pennsylvania","Tioga County",3,34,442,232,210
050,42,117,"Pennsylvania","Tioga County",3,35,446,221,225
050,42,117,"Pennsylvania","Tioga County",3,36,469,227,242
050,42,117,"Pennsylvania","Tioga County",3,37,455,223,232
050,42,117,"Pennsylvania","Tioga County",3,38,482,235,247
050,42,117,"Pennsylvania","Tioga County",3,39,468,231,237
050,42,117,"Pennsylvania","Tioga County",3,40,471,233,238
050,42,117,"Pennsylvania","Tioga County",3,41,452,230,222
050,42,117,"Pennsylvania","Tioga County",3,42,459,241,218
050,42,117,"Pennsylvania","Tioga County",3,43,451,235,216
050,42,117,"Pennsylvania","Tioga County",3,44,422,215,207
050,42,117,"Pennsylvania","Tioga County",3,45,392,203,189
050,42,117,"Pennsylvania","Tioga County",3,46,405,201,204
050,42,117,"Pennsylvania","Tioga County",3,47,418,204,214
050,42,117,"Pennsylvania","Tioga County",3,48,474,240,234
050,42,117,"Pennsylvania","Tioga County",3,49,485,244,241
050,42,117,"Pennsylvania","Tioga County",3,50,518,264,254
050,42,117,"Pennsylvania","Tioga County",3,51,531,271,260
050,42,117,"Pennsylvania","Tioga County",3,52,527,275,252
050,42,117,"Pennsylvania","Tioga County",3,53,514,266,248
050,42,117,"Pennsylvania","Tioga County",3,54,528,256,272
050,42,117,"Pennsylvania","Tioga County",3,55,554,264,290
050,42,117,"Pennsylvania","Tioga County",3,56,600,300,300
050,42,117,"Pennsylvania","Tioga County",3,57,598,298,300
050,42,117,"Pennsylvania","Tioga County",3,58,606,292,314
050,42,117,"Pennsylvania","Tioga County",3,59,638,320,318
050,42,117,"Pennsylvania","Tioga County",3,60,654,318,336
050,42,117,"Pennsylvania","Tioga County",3,61,676,337,339
050,42,117,"Pennsylvania","Tioga County",3,62,671,332,339
050,42,117,"Pennsylvania","Tioga County",3,63,656,331,325
050,42,117,"Pennsylvania","Tioga County",3,64,658,333,325
050,42,117,"Pennsylvania","Tioga County",3,65,638,308,330
050,42,117,"Pennsylvania","Tioga County",3,66,607,304,303
050,42,117,"Pennsylvania","Tioga County",3,67,575,286,289
050,42,117,"Pennsylvania","Tioga County",3,68,564,284,280
050,42,117,"Pennsylvania","Tioga County",3,69,563,294,269
050,42,117,"Pennsylvania","Tioga County",3,70,528,269,259
050,42,117,"Pennsylvania","Tioga County",3,71,494,250,244
050,42,117,"Pennsylvania","Tioga County",3,72,496,249,247
050,42,117,"Pennsylvania","Tioga County",3,73,485,243,242
050,42,117,"Pennsylvania","Tioga County",3,74,533,282,251
050,42,117,"Pennsylvania","Tioga County",3,75,349,169,180
050,42,117,"Pennsylvania","Tioga County",3,76,351,164,187
050,42,117,"Pennsylvania","Tioga County",3,77,350,161,189
050,42,117,"Pennsylvania","Tioga County",3,78,365,163,202
050,42,117,"Pennsylvania","Tioga County",3,79,310,148,162
050,42,117,"Pennsylvania","Tioga County",3,80,310,150,160
050,42,117,"Pennsylvania","Tioga County",3,81,272,135,137
050,42,117,"Pennsylvania","Tioga County",3,82,247,113,134
050,42,117,"Pennsylvania","Tioga County",3,83,225,102,123
050,42,117,"Pennsylvania","Tioga County",3,84,188,91,97
050,42,117,"Pennsylvania","Tioga County",3,85,983,431,552
050,42,117,"Pennsylvania","Tioga County",4,0,397,202,195
050,42,117,"Pennsylvania","Tioga County",4,1,405,204,201
050,42,117,"Pennsylvania","Tioga County",4,2,398,210,188
050,42,117,"Pennsylvania","Tioga County",4,3,402,216,186
050,42,117,"Pennsylvania","Tioga County",4,4,429,236,193
050,42,117,"Pennsylvania","Tioga County",4,5,424,235,189
050,42,117,"Pennsylvania","Tioga County",4,6,437,241,196
050,42,117,"Pennsylvania","Tioga County",4,7,453,236,217
050,42,117,"Pennsylvania","Tioga County",4,8,459,242,217
050,42,117,"Pennsylvania","Tioga County",4,9,443,243,200
050,42,117,"Pennsylvania","Tioga County",4,10,455,244,211
050,42,117,"Pennsylvania","Tioga County",4,11,481,262,219
050,42,117,"Pennsylvania","Tioga County",4,12,484,252,232
050,42,117,"Pennsylvania","Tioga County",4,13,463,243,220
050,42,117,"Pennsylvania","Tioga County",4,14,501,262,239
050,42,117,"Pennsylvania","Tioga County",4,15,485,243,242
050,42,117,"Pennsylvania","Tioga County",4,16,458,228,230
050,42,117,"Pennsylvania","Tioga County",4,17,447,218,229
050,42,117,"Pennsylvania","Tioga County",4,18,560,271,289
050,42,117,"Pennsylvania","Tioga County",4,19,676,316,360
050,42,117,"Pennsylvania","Tioga County",4,20,615,301,314
050,42,117,"Pennsylvania","Tioga County",4,21,500,242,258
050,42,117,"Pennsylvania","Tioga County",4,22,420,212,208
050,42,117,"Pennsylvania","Tioga County",4,23,399,223,176
050,42,117,"Pennsylvania","Tioga County",4,24,375,189,186
050,42,117,"Pennsylvania","Tioga County",4,25,382,186,196
050,42,117,"Pennsylvania","Tioga County",4,26,423,221,202
050,42,117,"Pennsylvania","Tioga County",4,27,419,211,208
050,42,117,"Pennsylvania","Tioga County",4,28,413,196,217
050,42,117,"Pennsylvania","Tioga County",4,29,432,206,226
050,42,117,"Pennsylvania","Tioga County",4,30,471,246,225
050,42,117,"Pennsylvania","Tioga County",4,31,448,229,219
050,42,117,"Pennsylvania","Tioga County",4,32,454,225,229
050,42,117,"Pennsylvania","Tioga County",4,33,465,239,226
050,42,117,"Pennsylvania","Tioga County",4,34,468,248,220
050,42,117,"Pennsylvania","Tioga County",4,35,452,240,212
050,42,117,"Pennsylvania","Tioga County",4,36,446,223,223
050,42,117,"Pennsylvania","Tioga County",4,37,469,229,240
050,42,117,"Pennsylvania","Tioga County",4,38,448,220,228
050,42,117,"Pennsylvania","Tioga County",4,39,492,245,247
050,42,117,"Pennsylvania","Tioga County",4,40,459,224,235
050,42,117,"Pennsylvania","Tioga County",4,41,471,231,240
050,42,117,"Pennsylvania","Tioga County",4,42,449,226,223
050,42,117,"Pennsylvania","Tioga County",4,43,460,247,213
050,42,117,"Pennsylvania","Tioga County",4,44,445,240,205
050,42,117,"Pennsylvania","Tioga County",4,45,423,212,211
050,42,117,"Pennsylvania","Tioga County",4,46,394,202,192
050,42,117,"Pennsylvania","Tioga County",4,47,399,195,204
050,42,117,"Pennsylvania","Tioga County",4,48,419,207,212
050,42,117,"Pennsylvania","Tioga County",4,49,464,231,233
050,42,117,"Pennsylvania","Tioga County",4,50,487,237,250
050,42,117,"Pennsylvania","Tioga County",4,51,531,266,265
050,42,117,"Pennsylvania","Tioga County",4,52,517,265,252
050,42,117,"Pennsylvania","Tioga County",4,53,526,277,249
050,42,117,"Pennsylvania","Tioga County",4,54,514,267,247
050,42,117,"Pennsylvania","Tioga County",4,55,518,252,266
050,42,117,"Pennsylvania","Tioga County",4,56,564,274,290
050,42,117,"Pennsylvania","Tioga County",4,57,596,294,302
050,42,117,"Pennsylvania","Tioga County",4,58,593,298,295
050,42,117,"Pennsylvania","Tioga County",4,59,594,282,312
050,42,117,"Pennsylvania","Tioga County",4,60,637,315,322
050,42,117,"Pennsylvania","Tioga County",4,61,655,317,338
050,42,117,"Pennsylvania","Tioga County",4,62,680,341,339
050,42,117,"Pennsylvania","Tioga County",4,63,680,344,336
050,42,117,"Pennsylvania","Tioga County",4,64,645,324,321
050,42,117,"Pennsylvania","Tioga County",4,65,647,325,322
050,42,117,"Pennsylvania","Tioga County",4,66,637,308,329
050,42,117,"Pennsylvania","Tioga County",4,67,592,292,300
050,42,117,"Pennsylvania","Tioga County",4,68,564,280,284
050,42,117,"Pennsylvania","Tioga County",4,69,555,281,274
050,42,117,"Pennsylvania","Tioga County",4,70,557,287,270
050,42,117,"Pennsylvania","Tioga County",4,71,520,263,257
050,42,117,"Pennsylvania","Tioga County",4,72,475,245,230
050,42,117,"Pennsylvania","Tioga County",4,73,479,237,242
050,42,117,"Pennsylvania","Tioga County",4,74,473,241,232
050,42,117,"Pennsylvania","Tioga County",4,75,522,275,247
050,42,117,"Pennsylvania","Tioga County",4,76,344,165,179
050,42,117,"Pennsylvania","Tioga County",4,77,324,152,172
050,42,117,"Pennsylvania","Tioga County",4,78,335,150,185
050,42,117,"Pennsylvania","Tioga County",4,79,329,147,182
050,42,117,"Pennsylvania","Tioga County",4,80,283,130,153
050,42,117,"Pennsylvania","Tioga County",4,81,291,140,151
050,42,117,"Pennsylvania","Tioga County",4,82,262,128,134
050,42,117,"Pennsylvania","Tioga County",4,83,219,100,119
050,42,117,"Pennsylvania","Tioga County",4,84,215,95,120
050,42,117,"Pennsylvania","Tioga County",4,85,976,433,543
050,42,117,"Pennsylvania","Tioga County",5,0,374,195,179
050,42,117,"Pennsylvania","Tioga County",5,1,391,195,196
050,42,117,"Pennsylvania","Tioga County",5,2,396,194,202
050,42,117,"Pennsylvania","Tioga County",5,3,402,208,194
050,42,117,"Pennsylvania","Tioga County",5,4,415,222,193
050,42,117,"Pennsylvania","Tioga County",5,5,426,231,195
050,42,117,"Pennsylvania","Tioga County",5,6,414,236,178
050,42,117,"Pennsylvania","Tioga County",5,7,435,240,195
050,42,117,"Pennsylvania","Tioga County",5,8,458,238,220
050,42,117,"Pennsylvania","Tioga County",5,9,453,236,217
050,42,117,"Pennsylvania","Tioga County",5,10,446,249,197
050,42,117,"Pennsylvania","Tioga County",5,11,457,248,209
050,42,117,"Pennsylvania","Tioga County",5,12,486,264,222
050,42,117,"Pennsylvania","Tioga County",5,13,489,256,233
050,42,117,"Pennsylvania","Tioga County",5,14,464,240,224
050,42,117,"Pennsylvania","Tioga County",5,15,505,266,239
050,42,117,"Pennsylvania","Tioga County",5,16,486,244,242
050,42,117,"Pennsylvania","Tioga County",5,17,461,227,234
050,42,117,"Pennsylvania","Tioga County",5,18,544,256,288
050,42,117,"Pennsylvania","Tioga County",5,19,655,311,344
050,42,117,"Pennsylvania","Tioga County",5,20,605,292,313
050,42,117,"Pennsylvania","Tioga County",5,21,530,276,254
050,42,117,"Pennsylvania","Tioga County",5,22,445,213,232
050,42,117,"Pennsylvania","Tioga County",5,23,391,202,189
050,42,117,"Pennsylvania","Tioga County",5,24,388,220,168
050,42,117,"Pennsylvania","Tioga County",5,25,371,190,181
050,42,117,"Pennsylvania","Tioga County",5,26,363,178,185
050,42,117,"Pennsylvania","Tioga County",5,27,407,217,190
050,42,117,"Pennsylvania","Tioga County",5,28,427,215,212
050,42,117,"Pennsylvania","Tioga County",5,29,408,202,206
050,42,117,"Pennsylvania","Tioga County",5,30,435,208,227
050,42,117,"Pennsylvania","Tioga County",5,31,453,237,216
050,42,117,"Pennsylvania","Tioga County",5,32,443,225,218
050,42,117,"Pennsylvania","Tioga County",5,33,445,221,224
050,42,117,"Pennsylvania","Tioga County",5,34,472,246,226
050,42,117,"Pennsylvania","Tioga County",5,35,459,246,213
050,42,117,"Pennsylvania","Tioga County",5,36,475,252,223
050,42,117,"Pennsylvania","Tioga County",5,37,456,230,226
050,42,117,"Pennsylvania","Tioga County",5,38,462,225,237
050,42,117,"Pennsylvania","Tioga County",5,39,445,229,216
050,42,117,"Pennsylvania","Tioga County",5,40,484,237,247
050,42,117,"Pennsylvania","Tioga County",5,41,469,225,244
050,42,117,"Pennsylvania","Tioga County",5,42,475,232,243
050,42,117,"Pennsylvania","Tioga County",5,43,458,231,227
050,42,117,"Pennsylvania","Tioga County",5,44,447,240,207
050,42,117,"Pennsylvania","Tioga County",5,45,448,240,208
050,42,117,"Pennsylvania","Tioga County",5,46,423,211,212
050,42,117,"Pennsylvania","Tioga County",5,47,384,196,188
050,42,117,"Pennsylvania","Tioga County",5,48,407,202,205
050,42,117,"Pennsylvania","Tioga County",5,49,407,199,208
050,42,117,"Pennsylvania","Tioga County",5,50,454,223,231
050,42,117,"Pennsylvania","Tioga County",5,51,494,243,251
050,42,117,"Pennsylvania","Tioga County",5,52,513,262,251
050,42,117,"Pennsylvania","Tioga County",5,53,530,267,263
050,42,117,"Pennsylvania","Tioga County",5,54,533,278,255
050,42,117,"Pennsylvania","Tioga County",5,55,514,268,246
050,42,117,"Pennsylvania","Tioga County",5,56,540,270,270
050,42,117,"Pennsylvania","Tioga County",5,57,567,276,291
050,42,117,"Pennsylvania","Tioga County",5,58,602,298,304
050,42,117,"Pennsylvania","Tioga County",5,59,592,298,294
050,42,117,"Pennsylvania","Tioga County",5,60,605,287,318
050,42,117,"Pennsylvania","Tioga County",5,61,650,322,328
050,42,117,"Pennsylvania","Tioga County",5,62,649,314,335
050,42,117,"Pennsylvania","Tioga County",5,63,686,344,342
050,42,117,"Pennsylvania","Tioga County",5,64,681,346,335
050,42,117,"Pennsylvania","Tioga County",5,65,644,318,326
050,42,117,"Pennsylvania","Tioga County",5,66,642,325,317
050,42,117,"Pennsylvania","Tioga County",5,67,623,297,326
050,42,117,"Pennsylvania","Tioga County",5,68,576,285,291
050,42,117,"Pennsylvania","Tioga County",5,69,555,274,281
050,42,117,"Pennsylvania","Tioga County",5,70,544,270,274
050,42,117,"Pennsylvania","Tioga County",5,71,548,280,268
050,42,117,"Pennsylvania","Tioga County",5,72,509,260,249
050,42,117,"Pennsylvania","Tioga County",5,73,468,242,226
050,42,117,"Pennsylvania","Tioga County",5,74,466,233,233
050,42,117,"Pennsylvania","Tioga County",5,75,454,227,227
050,42,117,"Pennsylvania","Tioga County",5,76,509,267,242
050,42,117,"Pennsylvania","Tioga County",5,77,326,155,171
050,42,117,"Pennsylvania","Tioga County",5,78,313,143,170
050,42,117,"Pennsylvania","Tioga County",5,79,302,138,164
050,42,117,"Pennsylvania","Tioga County",5,80,302,131,171
050,42,117,"Pennsylvania","Tioga County",5,81,273,124,149
050,42,117,"Pennsylvania","Tioga County",5,82,279,130,149
050,42,117,"Pennsylvania","Tioga County",5,83,234,116,118
050,42,117,"Pennsylvania","Tioga County",5,84,209,93,116
050,42,117,"Pennsylvania","Tioga County",5,85,1015,451,564
050,42,119,"Pennsylvania","Union County",1,0,389,199,190
050,42,119,"Pennsylvania","Union County",1,1,400,202,198
050,42,119,"Pennsylvania","Union County",1,2,389,207,182
050,42,119,"Pennsylvania","Union County",1,3,402,213,189
050,42,119,"Pennsylvania","Union County",1,4,419,206,213
050,42,119,"Pennsylvania","Union County",1,5,424,221,203
050,42,119,"Pennsylvania","Union County",1,6,386,186,200
050,42,119,"Pennsylvania","Union County",1,7,406,205,201
050,42,119,"Pennsylvania","Union County",1,8,405,219,186
050,42,119,"Pennsylvania","Union County",1,9,449,231,218
050,42,119,"Pennsylvania","Union County",1,10,403,214,189
050,42,119,"Pennsylvania","Union County",1,11,421,213,208
050,42,119,"Pennsylvania","Union County",1,12,448,222,226
050,42,119,"Pennsylvania","Union County",1,13,464,247,217
050,42,119,"Pennsylvania","Union County",1,14,474,248,226
050,42,119,"Pennsylvania","Union County",1,15,494,250,244
050,42,119,"Pennsylvania","Union County",1,16,532,274,258
050,42,119,"Pennsylvania","Union County",1,17,510,268,242
050,42,119,"Pennsylvania","Union County",1,18,898,415,483
050,42,119,"Pennsylvania","Union County",1,19,1327,652,675
050,42,119,"Pennsylvania","Union County",1,20,1190,608,582
050,42,119,"Pennsylvania","Union County",1,21,1006,553,453
050,42,119,"Pennsylvania","Union County",1,22,684,398,286
050,42,119,"Pennsylvania","Union County",1,23,412,231,181
050,42,119,"Pennsylvania","Union County",1,24,411,251,160
050,42,119,"Pennsylvania","Union County",1,25,428,268,160
050,42,119,"Pennsylvania","Union County",1,26,462,269,193
050,42,119,"Pennsylvania","Union County",1,27,457,276,181
050,42,119,"Pennsylvania","Union County",1,28,489,303,186
050,42,119,"Pennsylvania","Union County",1,29,504,320,184
050,42,119,"Pennsylvania","Union County",1,30,550,345,205
050,42,119,"Pennsylvania","Union County",1,31,587,369,218
050,42,119,"Pennsylvania","Union County",1,32,581,358,223
050,42,119,"Pennsylvania","Union County",1,33,573,357,216
050,42,119,"Pennsylvania","Union County",1,34,582,341,241
050,42,119,"Pennsylvania","Union County",1,35,596,357,239
050,42,119,"Pennsylvania","Union County",1,36,590,382,208
050,42,119,"Pennsylvania","Union County",1,37,532,319,213
050,42,119,"Pennsylvania","Union County",1,38,529,330,199
050,42,119,"Pennsylvania","Union County",1,39,525,324,201
050,42,119,"Pennsylvania","Union County",1,40,545,327,218
050,42,119,"Pennsylvania","Union County",1,41,502,299,203
050,42,119,"Pennsylvania","Union County",1,42,526,316,210
050,42,119,"Pennsylvania","Union County",1,43,515,312,203
050,42,119,"Pennsylvania","Union County",1,44,500,304,196
050,42,119,"Pennsylvania","Union County",1,45,494,281,213
050,42,119,"Pennsylvania","Union County",1,46,467,271,196
050,42,119,"Pennsylvania","Union County",1,47,498,285,213
050,42,119,"Pennsylvania","Union County",1,48,515,290,225
050,42,119,"Pennsylvania","Union County",1,49,554,320,234
050,42,119,"Pennsylvania","Union County",1,50,538,311,227
050,42,119,"Pennsylvania","Union County",1,51,501,285,216
050,42,119,"Pennsylvania","Union County",1,52,475,256,219
050,42,119,"Pennsylvania","Union County",1,53,516,273,243
050,42,119,"Pennsylvania","Union County",1,54,525,285,240
050,42,119,"Pennsylvania","Union County",1,55,543,299,244
050,42,119,"Pennsylvania","Union County",1,56,526,279,247
050,42,119,"Pennsylvania","Union County",1,57,517,271,246
050,42,119,"Pennsylvania","Union County",1,58,575,316,259
050,42,119,"Pennsylvania","Union County",1,59,529,284,245
050,42,119,"Pennsylvania","Union County",1,60,510,251,259
050,42,119,"Pennsylvania","Union County",1,61,533,264,269
050,42,119,"Pennsylvania","Union County",1,62,535,268,267
050,42,119,"Pennsylvania","Union County",1,63,530,268,262
050,42,119,"Pennsylvania","Union County",1,64,487,235,252
050,42,119,"Pennsylvania","Union County",1,65,485,246,239
050,42,119,"Pennsylvania","Union County",1,66,466,229,237
050,42,119,"Pennsylvania","Union County",1,67,466,219,247
050,42,119,"Pennsylvania","Union County",1,68,473,233,240
050,42,119,"Pennsylvania","Union County",1,69,432,213,219
050,42,119,"Pennsylvania","Union County",1,70,412,207,205
050,42,119,"Pennsylvania","Union County",1,71,408,204,204
050,42,119,"Pennsylvania","Union County",1,72,451,206,245
050,42,119,"Pennsylvania","Union County",1,73,452,206,246
050,42,119,"Pennsylvania","Union County",1,74,296,134,162
050,42,119,"Pennsylvania","Union County",1,75,283,122,161
050,42,119,"Pennsylvania","Union County",1,76,324,147,177
050,42,119,"Pennsylvania","Union County",1,77,310,147,163
050,42,119,"Pennsylvania","Union County",1,78,272,128,144
050,42,119,"Pennsylvania","Union County",1,79,231,113,118
050,42,119,"Pennsylvania","Union County",1,80,241,99,142
050,42,119,"Pennsylvania","Union County",1,81,215,99,116
050,42,119,"Pennsylvania","Union County",1,82,207,84,123
050,42,119,"Pennsylvania","Union County",1,83,197,73,124
050,42,119,"Pennsylvania","Union County",1,84,198,80,118
050,42,119,"Pennsylvania","Union County",1,85,1178,378,800
050,42,119,"Pennsylvania","Union County",2,0,398,204,194
050,42,119,"Pennsylvania","Union County",2,1,394,202,192
050,42,119,"Pennsylvania","Union County",2,2,391,207,184
050,42,119,"Pennsylvania","Union County",2,3,394,208,186
050,42,119,"Pennsylvania","Union County",2,4,415,207,208
050,42,119,"Pennsylvania","Union County",2,5,423,217,206
050,42,119,"Pennsylvania","Union County",2,6,396,196,200
050,42,119,"Pennsylvania","Union County",2,7,398,199,199
050,42,119,"Pennsylvania","Union County",2,8,404,216,188
050,42,119,"Pennsylvania","Union County",2,9,439,228,211
050,42,119,"Pennsylvania","Union County",2,10,413,217,196
050,42,119,"Pennsylvania","Union County",2,11,413,213,200
050,42,119,"Pennsylvania","Union County",2,12,445,221,224
050,42,119,"Pennsylvania","Union County",2,13,461,241,220
050,42,119,"Pennsylvania","Union County",2,14,473,248,225
050,42,119,"Pennsylvania","Union County",2,15,490,250,240
050,42,119,"Pennsylvania","Union County",2,16,526,269,257
050,42,119,"Pennsylvania","Union County",2,17,516,270,246
050,42,119,"Pennsylvania","Union County",2,18,893,415,478
050,42,119,"Pennsylvania","Union County",2,19,1326,650,676
050,42,119,"Pennsylvania","Union County",2,20,1200,614,586
050,42,119,"Pennsylvania","Union County",2,21,1005,552,453
050,42,119,"Pennsylvania","Union County",2,22,688,401,287
050,42,119,"Pennsylvania","Union County",2,23,411,230,181
050,42,119,"Pennsylvania","Union County",2,24,416,253,163
050,42,119,"Pennsylvania","Union County",2,25,427,266,161
050,42,119,"Pennsylvania","Union County",2,26,449,263,186
050,42,119,"Pennsylvania","Union County",2,27,465,284,181
050,42,119,"Pennsylvania","Union County",2,28,478,295,183
050,42,119,"Pennsylvania","Union County",2,29,505,318,187
050,42,119,"Pennsylvania","Union County",2,30,548,345,203
050,42,119,"Pennsylvania","Union County",2,31,576,364,212
050,42,119,"Pennsylvania","Union County",2,32,576,356,220
050,42,119,"Pennsylvania","Union County",2,33,577,358,219
050,42,119,"Pennsylvania","Union County",2,34,579,340,239
050,42,119,"Pennsylvania","Union County",2,35,600,359,241
050,42,119,"Pennsylvania","Union County",2,36,594,380,214
050,42,119,"Pennsylvania","Union County",2,37,537,326,211
050,42,119,"Pennsylvania","Union County",2,38,533,329,204
050,42,119,"Pennsylvania","Union County",2,39,530,325,205
050,42,119,"Pennsylvania","Union County",2,40,538,325,213
050,42,119,"Pennsylvania","Union County",2,41,504,299,205
050,42,119,"Pennsylvania","Union County",2,42,518,311,207
050,42,119,"Pennsylvania","Union County",2,43,520,315,205
050,42,119,"Pennsylvania","Union County",2,44,503,307,196
050,42,119,"Pennsylvania","Union County",2,45,495,284,211
050,42,119,"Pennsylvania","Union County",2,46,473,273,200
050,42,119,"Pennsylvania","Union County",2,47,488,280,208
050,42,119,"Pennsylvania","Union County",2,48,508,285,223
050,42,119,"Pennsylvania","Union County",2,49,553,319,234
050,42,119,"Pennsylvania","Union County",2,50,538,309,229
050,42,119,"Pennsylvania","Union County",2,51,506,290,216
050,42,119,"Pennsylvania","Union County",2,52,476,258,218
050,42,119,"Pennsylvania","Union County",2,53,505,268,237
050,42,119,"Pennsylvania","Union County",2,54,522,283,239
050,42,119,"Pennsylvania","Union County",2,55,537,291,246
050,42,119,"Pennsylvania","Union County",2,56,532,284,248
050,42,119,"Pennsylvania","Union County",2,57,518,271,247
050,42,119,"Pennsylvania","Union County",2,58,563,308,255
050,42,119,"Pennsylvania","Union County",2,59,539,291,248
050,42,119,"Pennsylvania","Union County",2,60,511,258,253
050,42,119,"Pennsylvania","Union County",2,61,523,258,265
050,42,119,"Pennsylvania","Union County",2,62,535,267,268
050,42,119,"Pennsylvania","Union County",2,63,530,265,265
050,42,119,"Pennsylvania","Union County",2,64,489,238,251
050,42,119,"Pennsylvania","Union County",2,65,484,241,243
050,42,119,"Pennsylvania","Union County",2,66,472,232,240
050,42,119,"Pennsylvania","Union County",2,67,466,222,244
050,42,119,"Pennsylvania","Union County",2,68,468,227,241
050,42,119,"Pennsylvania","Union County",2,69,445,219,226
050,42,119,"Pennsylvania","Union County",2,70,411,205,206
050,42,119,"Pennsylvania","Union County",2,71,411,205,206
050,42,119,"Pennsylvania","Union County",2,72,432,202,230
050,42,119,"Pennsylvania","Union County",2,73,469,212,257
050,42,119,"Pennsylvania","Union County",2,74,305,140,165
050,42,119,"Pennsylvania","Union County",2,75,287,124,163
050,42,119,"Pennsylvania","Union County",2,76,310,139,171
050,42,119,"Pennsylvania","Union County",2,77,319,149,170
050,42,119,"Pennsylvania","Union County",2,78,275,129,146
050,42,119,"Pennsylvania","Union County",2,79,235,116,119
050,42,119,"Pennsylvania","Union County",2,80,238,100,138
050,42,119,"Pennsylvania","Union County",2,81,219,99,120
050,42,119,"Pennsylvania","Union County",2,82,205,83,122
050,42,119,"Pennsylvania","Union County",2,83,197,75,122
050,42,119,"Pennsylvania","Union County",2,84,197,79,118
050,42,119,"Pennsylvania","Union County",2,85,1175,375,800
050,42,119,"Pennsylvania","Union County",3,0,379,180,199
050,42,119,"Pennsylvania","Union County",3,1,387,211,176
050,42,119,"Pennsylvania","Union County",3,2,385,201,184
050,42,119,"Pennsylvania","Union County",3,3,410,214,196
050,42,119,"Pennsylvania","Union County",3,4,404,211,193
050,42,119,"Pennsylvania","Union County",3,5,415,208,207
050,42,119,"Pennsylvania","Union County",3,6,417,222,195
050,42,119,"Pennsylvania","Union County",3,7,385,190,195
050,42,119,"Pennsylvania","Union County",3,8,387,193,194
050,42,119,"Pennsylvania","Union County",3,9,400,215,185
050,42,119,"Pennsylvania","Union County",3,10,430,223,207
050,42,119,"Pennsylvania","Union County",3,11,415,219,196
050,42,119,"Pennsylvania","Union County",3,12,415,209,206
050,42,119,"Pennsylvania","Union County",3,13,444,226,218
050,42,119,"Pennsylvania","Union County",3,14,466,242,224
050,42,119,"Pennsylvania","Union County",3,15,470,242,228
050,42,119,"Pennsylvania","Union County",3,16,493,254,239
050,42,119,"Pennsylvania","Union County",3,17,521,265,256
050,42,119,"Pennsylvania","Union County",3,18,955,442,513
050,42,119,"Pennsylvania","Union County",3,19,1418,691,727
050,42,119,"Pennsylvania","Union County",3,20,1283,659,624
050,42,119,"Pennsylvania","Union County",3,21,1071,582,489
050,42,119,"Pennsylvania","Union County",3,22,703,409,294
050,42,119,"Pennsylvania","Union County",3,23,402,229,173
050,42,119,"Pennsylvania","Union County",3,24,411,248,163
050,42,119,"Pennsylvania","Union County",3,25,431,249,182
050,42,119,"Pennsylvania","Union County",3,26,432,264,168
050,42,119,"Pennsylvania","Union County",3,27,479,287,192
050,42,119,"Pennsylvania","Union County",3,28,449,270,179
050,42,119,"Pennsylvania","Union County",3,29,494,298,196
050,42,119,"Pennsylvania","Union County",3,30,496,322,174
050,42,119,"Pennsylvania","Union County",3,31,535,332,203
050,42,119,"Pennsylvania","Union County",3,32,553,344,209
050,42,119,"Pennsylvania","Union County",3,33,568,354,214
050,42,119,"Pennsylvania","Union County",3,34,559,334,225
050,42,119,"Pennsylvania","Union County",3,35,584,349,235
050,42,119,"Pennsylvania","Union County",3,36,602,356,246
050,42,119,"Pennsylvania","Union County",3,37,548,336,212
050,42,119,"Pennsylvania","Union County",3,38,539,330,209
050,42,119,"Pennsylvania","Union County",3,39,518,312,206
050,42,119,"Pennsylvania","Union County",3,40,526,318,208
050,42,119,"Pennsylvania","Union County",3,41,509,295,214
050,42,119,"Pennsylvania","Union County",3,42,482,283,199
050,42,119,"Pennsylvania","Union County",3,43,489,288,201
050,42,119,"Pennsylvania","Union County",3,44,519,309,210
050,42,119,"Pennsylvania","Union County",3,45,468,279,189
050,42,119,"Pennsylvania","Union County",3,46,461,255,206
050,42,119,"Pennsylvania","Union County",3,47,469,267,202
050,42,119,"Pennsylvania","Union County",3,48,457,250,207
050,42,119,"Pennsylvania","Union County",3,49,521,294,227
050,42,119,"Pennsylvania","Union County",3,50,548,307,241
050,42,119,"Pennsylvania","Union County",3,51,532,301,231
050,42,119,"Pennsylvania","Union County",3,52,490,273,217
050,42,119,"Pennsylvania","Union County",3,53,472,258,214
050,42,119,"Pennsylvania","Union County",3,54,507,263,244
050,42,119,"Pennsylvania","Union County",3,55,502,267,235
050,42,119,"Pennsylvania","Union County",3,56,546,292,254
050,42,119,"Pennsylvania","Union County",3,57,524,278,246
050,42,119,"Pennsylvania","Union County",3,58,526,273,253
050,42,119,"Pennsylvania","Union County",3,59,551,296,255
050,42,119,"Pennsylvania","Union County",3,60,543,292,251
050,42,119,"Pennsylvania","Union County",3,61,504,251,253
050,42,119,"Pennsylvania","Union County",3,62,524,259,265
050,42,119,"Pennsylvania","Union County",3,63,522,254,268
050,42,119,"Pennsylvania","Union County",3,64,517,257,260
050,42,119,"Pennsylvania","Union County",3,65,477,230,247
050,42,119,"Pennsylvania","Union County",3,66,468,223,245
050,42,119,"Pennsylvania","Union County",3,67,462,232,230
050,42,119,"Pennsylvania","Union County",3,68,459,217,242
050,42,119,"Pennsylvania","Union County",3,69,460,223,237
050,42,119,"Pennsylvania","Union County",3,70,432,207,225
050,42,119,"Pennsylvania","Union County",3,71,404,199,205
050,42,119,"Pennsylvania","Union County",3,72,408,201,207
050,42,119,"Pennsylvania","Union County",3,73,415,195,220
050,42,119,"Pennsylvania","Union County",3,74,458,201,257
050,42,119,"Pennsylvania","Union County",3,75,304,136,168
050,42,119,"Pennsylvania","Union County",3,76,288,127,161
050,42,119,"Pennsylvania","Union County",3,77,297,131,166
050,42,119,"Pennsylvania","Union County",3,78,309,137,172
050,42,119,"Pennsylvania","Union County",3,79,261,121,140
050,42,119,"Pennsylvania","Union County",3,80,230,113,117
050,42,119,"Pennsylvania","Union County",3,81,220,93,127
050,42,119,"Pennsylvania","Union County",3,82,206,94,112
050,42,119,"Pennsylvania","Union County",3,83,193,78,115
050,42,119,"Pennsylvania","Union County",3,84,198,84,114
050,42,119,"Pennsylvania","Union County",3,85,1158,360,798
050,42,119,"Pennsylvania","Union County",4,0,346,172,174
050,42,119,"Pennsylvania","Union County",4,1,395,198,197
050,42,119,"Pennsylvania","Union County",4,2,394,199,195
050,42,119,"Pennsylvania","Union County",4,3,376,191,185
050,42,119,"Pennsylvania","Union County",4,4,402,211,191
050,42,119,"Pennsylvania","Union County",4,5,405,218,187
050,42,119,"Pennsylvania","Union County",4,6,419,204,215
050,42,119,"Pennsylvania","Union County",4,7,417,212,205
050,42,119,"Pennsylvania","Union County",4,8,387,187,200
050,42,119,"Pennsylvania","Union County",4,9,385,196,189
050,42,119,"Pennsylvania","Union County",4,10,401,212,189
050,42,119,"Pennsylvania","Union County",4,11,427,223,204
050,42,119,"Pennsylvania","Union County",4,12,403,208,195
050,42,119,"Pennsylvania","Union County",4,13,412,206,206
050,42,119,"Pennsylvania","Union County",4,14,447,229,218
050,42,119,"Pennsylvania","Union County",4,15,470,241,229
050,42,119,"Pennsylvania","Union County",4,16,481,244,237
050,42,119,"Pennsylvania","Union County",4,17,498,261,237
050,42,119,"Pennsylvania","Union County",4,18,932,430,502
050,42,119,"Pennsylvania","Union County",4,19,1392,686,706
050,42,119,"Pennsylvania","Union County",4,20,1258,640,618
050,42,119,"Pennsylvania","Union County",4,21,1071,590,481
050,42,119,"Pennsylvania","Union County",4,22,755,434,321
050,42,119,"Pennsylvania","Union County",4,23,409,229,180
050,42,119,"Pennsylvania","Union County",4,24,423,252,171
050,42,119,"Pennsylvania","Union County",4,25,416,252,164
050,42,119,"Pennsylvania","Union County",4,26,461,261,200
050,42,119,"Pennsylvania","Union County",4,27,477,309,168
050,42,119,"Pennsylvania","Union County",4,28,517,308,209
050,42,119,"Pennsylvania","Union County",4,29,481,298,183
050,42,119,"Pennsylvania","Union County",4,30,546,344,202
050,42,119,"Pennsylvania","Union County",4,31,527,351,176
050,42,119,"Pennsylvania","Union County",4,32,549,336,213
050,42,119,"Pennsylvania","Union County",4,33,591,380,211
050,42,119,"Pennsylvania","Union County",4,34,566,345,221
050,42,119,"Pennsylvania","Union County",4,35,592,363,229
050,42,119,"Pennsylvania","Union County",4,36,613,364,249
050,42,119,"Pennsylvania","Union County",4,37,580,342,238
050,42,119,"Pennsylvania","Union County",4,38,575,365,210
050,42,119,"Pennsylvania","Union County",4,39,572,351,221
050,42,119,"Pennsylvania","Union County",4,40,512,315,197
050,42,119,"Pennsylvania","Union County",4,41,510,302,208
050,42,119,"Pennsylvania","Union County",4,42,528,306,222
050,42,119,"Pennsylvania","Union County",4,43,480,292,188
050,42,119,"Pennsylvania","Union County",4,44,511,312,199
050,42,119,"Pennsylvania","Union County",4,45,504,298,206
050,42,119,"Pennsylvania","Union County",4,46,465,268,197
050,42,119,"Pennsylvania","Union County",4,47,458,257,201
050,42,119,"Pennsylvania","Union County",4,48,461,260,201
050,42,119,"Pennsylvania","Union County",4,49,481,273,208
050,42,119,"Pennsylvania","Union County",4,50,517,285,232
050,42,119,"Pennsylvania","Union County",4,51,541,303,238
050,42,119,"Pennsylvania","Union County",4,52,525,288,237
050,42,119,"Pennsylvania","Union County",4,53,491,276,215
050,42,119,"Pennsylvania","Union County",4,54,483,261,222
050,42,119,"Pennsylvania","Union County",4,55,488,251,237
050,42,119,"Pennsylvania","Union County",4,56,511,278,233
050,42,119,"Pennsylvania","Union County",4,57,537,289,248
050,42,119,"Pennsylvania","Union County",4,58,540,290,250
050,42,119,"Pennsylvania","Union County",4,59,519,269,250
050,42,119,"Pennsylvania","Union County",4,60,552,293,259
050,42,119,"Pennsylvania","Union County",4,61,540,292,248
050,42,119,"Pennsylvania","Union County",4,62,502,245,257
050,42,119,"Pennsylvania","Union County",4,63,519,253,266
050,42,119,"Pennsylvania","Union County",4,64,522,256,266
050,42,119,"Pennsylvania","Union County",4,65,508,252,256
050,42,119,"Pennsylvania","Union County",4,66,469,226,243
050,42,119,"Pennsylvania","Union County",4,67,471,228,243
050,42,119,"Pennsylvania","Union County",4,68,456,228,228
050,42,119,"Pennsylvania","Union County",4,69,458,216,242
050,42,119,"Pennsylvania","Union County",4,70,443,209,234
050,42,119,"Pennsylvania","Union County",4,71,420,200,220
050,42,119,"Pennsylvania","Union County",4,72,403,198,205
050,42,119,"Pennsylvania","Union County",4,73,393,195,198
050,42,119,"Pennsylvania","Union County",4,74,391,181,210
050,42,119,"Pennsylvania","Union County",4,75,449,190,259
050,42,119,"Pennsylvania","Union County",4,76,299,137,162
050,42,119,"Pennsylvania","Union County",4,77,267,114,153
050,42,119,"Pennsylvania","Union County",4,78,294,126,168
050,42,119,"Pennsylvania","Union County",4,79,294,131,163
050,42,119,"Pennsylvania","Union County",4,80,254,112,142
050,42,119,"Pennsylvania","Union County",4,81,216,107,109
050,42,119,"Pennsylvania","Union County",4,82,204,88,116
050,42,119,"Pennsylvania","Union County",4,83,195,82,113
050,42,119,"Pennsylvania","Union County",4,84,188,84,104
050,42,119,"Pennsylvania","Union County",4,85,1153,357,796
050,42,119,"Pennsylvania","Union County",5,0,340,170,170
050,42,119,"Pennsylvania","Union County",5,1,351,168,183
050,42,119,"Pennsylvania","Union County",5,2,399,199,200
050,42,119,"Pennsylvania","Union County",5,3,374,191,183
050,42,119,"Pennsylvania","Union County",5,4,388,192,196
050,42,119,"Pennsylvania","Union County",5,5,405,213,192
050,42,119,"Pennsylvania","Union County",5,6,400,216,184
050,42,119,"Pennsylvania","Union County",5,7,401,200,201
050,42,119,"Pennsylvania","Union County",5,8,415,214,201
050,42,119,"Pennsylvania","Union County",5,9,386,188,198
050,42,119,"Pennsylvania","Union County",5,10,394,194,200
050,42,119,"Pennsylvania","Union County",5,11,397,213,184
050,42,119,"Pennsylvania","Union County",5,12,421,218,203
050,42,119,"Pennsylvania","Union County",5,13,409,211,198
050,42,119,"Pennsylvania","Union County",5,14,408,206,202
050,42,119,"Pennsylvania","Union County",5,15,440,222,218
050,42,119,"Pennsylvania","Union County",5,16,478,248,230
050,42,119,"Pennsylvania","Union County",5,17,485,255,230
050,42,119,"Pennsylvania","Union County",5,18,915,424,491
050,42,119,"Pennsylvania","Union County",5,19,1389,681,708
050,42,119,"Pennsylvania","Union County",5,20,1255,644,611
050,42,119,"Pennsylvania","Union County",5,21,1053,575,478
050,42,119,"Pennsylvania","Union County",5,22,743,427,316
050,42,119,"Pennsylvania","Union County",5,23,456,254,202
050,42,119,"Pennsylvania","Union County",5,24,425,258,167
050,42,119,"Pennsylvania","Union County",5,25,389,226,163
050,42,119,"Pennsylvania","Union County",5,26,399,231,168
050,42,119,"Pennsylvania","Union County",5,27,464,281,183
050,42,119,"Pennsylvania","Union County",5,28,453,292,161
050,42,119,"Pennsylvania","Union County",5,29,518,306,212
050,42,119,"Pennsylvania","Union County",5,30,490,302,188
050,42,119,"Pennsylvania","Union County",5,31,534,344,190
050,42,119,"Pennsylvania","Union County",5,32,494,315,179
050,42,119,"Pennsylvania","Union County",5,33,533,322,211
050,42,119,"Pennsylvania","Union County",5,34,561,352,209
050,42,119,"Pennsylvania","Union County",5,35,571,346,225
050,42,119,"Pennsylvania","Union County",5,36,598,368,230
050,42,119,"Pennsylvania","Union County",5,37,561,319,242
050,42,119,"Pennsylvania","Union County",5,38,587,342,245
050,42,119,"Pennsylvania","Union County",5,39,556,339,217
050,42,119,"Pennsylvania","Union County",5,40,549,337,212
050,42,119,"Pennsylvania","Union County",5,41,500,292,208
050,42,119,"Pennsylvania","Union County",5,42,505,296,209
050,42,119,"Pennsylvania","Union County",5,43,513,298,215
050,42,119,"Pennsylvania","Union County",5,44,489,300,189
050,42,119,"Pennsylvania","Union County",5,45,467,273,194
050,42,119,"Pennsylvania","Union County",5,46,481,273,208
050,42,119,"Pennsylvania","Union County",5,47,444,250,194
050,42,119,"Pennsylvania","Union County",5,48,442,240,202
050,42,119,"Pennsylvania","Union County",5,49,462,269,193
050,42,119,"Pennsylvania","Union County",5,50,455,249,206
050,42,119,"Pennsylvania","Union County",5,51,516,284,232
050,42,119,"Pennsylvania","Union County",5,52,514,276,238
050,42,119,"Pennsylvania","Union County",5,53,523,283,240
050,42,119,"Pennsylvania","Union County",5,54,487,272,215
050,42,119,"Pennsylvania","Union County",5,55,460,242,218
050,42,119,"Pennsylvania","Union County",5,56,474,246,228
050,42,119,"Pennsylvania","Union County",5,57,482,262,220
050,42,119,"Pennsylvania","Union County",5,58,545,292,253
050,42,119,"Pennsylvania","Union County",5,59,526,276,250
050,42,119,"Pennsylvania","Union County",5,60,512,262,250
050,42,119,"Pennsylvania","Union County",5,61,540,286,254
050,42,119,"Pennsylvania","Union County",5,62,545,291,254
050,42,119,"Pennsylvania","Union County",5,63,490,233,257
050,42,119,"Pennsylvania","Union County",5,64,515,249,266
050,42,119,"Pennsylvania","Union County",5,65,507,247,260
050,42,119,"Pennsylvania","Union County",5,66,506,245,261
050,42,119,"Pennsylvania","Union County",5,67,471,227,244
050,42,119,"Pennsylvania","Union County",5,68,462,222,240
050,42,119,"Pennsylvania","Union County",5,69,446,221,225
050,42,119,"Pennsylvania","Union County",5,70,449,211,238
050,42,119,"Pennsylvania","Union County",5,71,436,205,231
050,42,119,"Pennsylvania","Union County",5,72,411,196,215
050,42,119,"Pennsylvania","Union County",5,73,383,188,195
050,42,119,"Pennsylvania","Union County",5,74,385,189,196
050,42,119,"Pennsylvania","Union County",5,75,373,167,206
050,42,119,"Pennsylvania","Union County",5,76,445,190,255
050,42,119,"Pennsylvania","Union County",5,77,286,127,159
050,42,119,"Pennsylvania","Union County",5,78,263,112,151
050,42,119,"Pennsylvania","Union County",5,79,272,119,153
050,42,119,"Pennsylvania","Union County",5,80,291,125,166
050,42,119,"Pennsylvania","Union County",5,81,239,107,132
050,42,119,"Pennsylvania","Union County",5,82,202,100,102
050,42,119,"Pennsylvania","Union County",5,83,196,82,114
050,42,119,"Pennsylvania","Union County",5,84,191,90,101
050,42,119,"Pennsylvania","Union County",5,85,1157,362,795
050,42,121,"Pennsylvania","Venango County",1,0,450,232,218
050,42,121,"Pennsylvania","Venango County",1,1,479,257,222
050,42,121,"Pennsylvania","Venango County",1,2,454,239,215
050,42,121,"Pennsylvania","Venango County",1,3,498,262,236
050,42,121,"Pennsylvania","Venango County",1,4,511,262,249
050,42,121,"Pennsylvania","Venango County",1,5,501,261,240
050,42,121,"Pennsylvania","Venango County",1,6,502,272,230
050,42,121,"Pennsylvania","Venango County",1,7,536,275,261
050,42,121,"Pennsylvania","Venango County",1,8,523,267,256
050,42,121,"Pennsylvania","Venango County",1,9,526,257,269
050,42,121,"Pennsylvania","Venango County",1,10,590,304,286
050,42,121,"Pennsylvania","Venango County",1,11,587,295,292
050,42,121,"Pennsylvania","Venango County",1,12,570,286,284
050,42,121,"Pennsylvania","Venango County",1,13,588,300,288
050,42,121,"Pennsylvania","Venango County",1,14,616,326,290
050,42,121,"Pennsylvania","Venango County",1,15,570,290,280
050,42,121,"Pennsylvania","Venango County",1,16,576,308,268
050,42,121,"Pennsylvania","Venango County",1,17,581,299,282
050,42,121,"Pennsylvania","Venango County",1,18,508,270,238
050,42,121,"Pennsylvania","Venango County",1,19,424,218,206
050,42,121,"Pennsylvania","Venango County",1,20,448,225,223
050,42,121,"Pennsylvania","Venango County",1,21,459,238,221
050,42,121,"Pennsylvania","Venango County",1,22,479,253,226
050,42,121,"Pennsylvania","Venango County",1,23,472,227,245
050,42,121,"Pennsylvania","Venango County",1,24,469,254,215
050,42,121,"Pennsylvania","Venango County",1,25,476,266,210
050,42,121,"Pennsylvania","Venango County",1,26,497,266,231
050,42,121,"Pennsylvania","Venango County",1,27,523,280,243
050,42,121,"Pennsylvania","Venango County",1,28,540,270,270
050,42,121,"Pennsylvania","Venango County",1,29,512,255,257
050,42,121,"Pennsylvania","Venango County",1,30,530,275,255
050,42,121,"Pennsylvania","Venango County",1,31,498,237,261
050,42,121,"Pennsylvania","Venango County",1,32,498,261,237
050,42,121,"Pennsylvania","Venango County",1,33,534,266,268
050,42,121,"Pennsylvania","Venango County",1,34,568,284,284
050,42,121,"Pennsylvania","Venango County",1,35,545,257,288
050,42,121,"Pennsylvania","Venango County",1,36,534,265,269
050,42,121,"Pennsylvania","Venango County",1,37,551,282,269
050,42,121,"Pennsylvania","Venango County",1,38,540,275,265
050,42,121,"Pennsylvania","Venango County",1,39,547,251,296
050,42,121,"Pennsylvania","Venango County",1,40,559,261,298
050,42,121,"Pennsylvania","Venango County",1,41,560,278,282
050,42,121,"Pennsylvania","Venango County",1,42,591,314,277
050,42,121,"Pennsylvania","Venango County",1,43,557,299,258
050,42,121,"Pennsylvania","Venango County",1,44,553,294,259
050,42,121,"Pennsylvania","Venango County",1,45,546,292,254
050,42,121,"Pennsylvania","Venango County",1,46,561,286,275
050,42,121,"Pennsylvania","Venango County",1,47,570,290,280
050,42,121,"Pennsylvania","Venango County",1,48,654,323,331
050,42,121,"Pennsylvania","Venango County",1,49,650,316,334
050,42,121,"Pennsylvania","Venango County",1,50,624,318,306
050,42,121,"Pennsylvania","Venango County",1,51,663,329,334
050,42,121,"Pennsylvania","Venango County",1,52,677,352,325
050,42,121,"Pennsylvania","Venango County",1,53,707,362,345
050,42,121,"Pennsylvania","Venango County",1,54,698,359,339
050,42,121,"Pennsylvania","Venango County",1,55,749,354,395
050,42,121,"Pennsylvania","Venango County",1,56,812,403,409
050,42,121,"Pennsylvania","Venango County",1,57,800,390,410
050,42,121,"Pennsylvania","Venango County",1,58,843,434,409
050,42,121,"Pennsylvania","Venango County",1,59,924,475,449
050,42,121,"Pennsylvania","Venango County",1,60,882,436,446
050,42,121,"Pennsylvania","Venango County",1,61,902,441,461
050,42,121,"Pennsylvania","Venango County",1,62,947,472,475
050,42,121,"Pennsylvania","Venango County",1,63,949,481,468
050,42,121,"Pennsylvania","Venango County",1,64,860,420,440
050,42,121,"Pennsylvania","Venango County",1,65,853,416,437
050,42,121,"Pennsylvania","Venango County",1,66,831,415,416
050,42,121,"Pennsylvania","Venango County",1,67,819,417,402
050,42,121,"Pennsylvania","Venango County",1,68,771,401,370
050,42,121,"Pennsylvania","Venango County",1,69,745,374,371
050,42,121,"Pennsylvania","Venango County",1,70,670,333,337
050,42,121,"Pennsylvania","Venango County",1,71,640,305,335
050,42,121,"Pennsylvania","Venango County",1,72,638,302,336
050,42,121,"Pennsylvania","Venango County",1,73,639,313,326
050,42,121,"Pennsylvania","Venango County",1,74,443,206,237
050,42,121,"Pennsylvania","Venango County",1,75,464,226,238
050,42,121,"Pennsylvania","Venango County",1,76,451,210,241
050,42,121,"Pennsylvania","Venango County",1,77,425,178,247
050,42,121,"Pennsylvania","Venango County",1,78,380,179,201
050,42,121,"Pennsylvania","Venango County",1,79,339,164,175
050,42,121,"Pennsylvania","Venango County",1,80,302,133,169
050,42,121,"Pennsylvania","Venango County",1,81,290,118,172
050,42,121,"Pennsylvania","Venango County",1,82,268,117,151
050,42,121,"Pennsylvania","Venango County",1,83,242,104,138
050,42,121,"Pennsylvania","Venango County",1,84,223,94,129
050,42,121,"Pennsylvania","Venango County",1,85,1381,455,926
050,42,121,"Pennsylvania","Venango County",2,0,442,227,215
050,42,121,"Pennsylvania","Venango County",2,1,472,252,220
050,42,121,"Pennsylvania","Venango County",2,2,461,245,216
050,42,121,"Pennsylvania","Venango County",2,3,487,257,230
050,42,121,"Pennsylvania","Venango County",2,4,509,263,246
050,42,121,"Pennsylvania","Venango County",2,5,502,261,241
050,42,121,"Pennsylvania","Venango County",2,6,500,268,232
050,42,121,"Pennsylvania","Venango County",2,7,528,276,252
050,42,121,"Pennsylvania","Venango County",2,8,524,269,255
050,42,121,"Pennsylvania","Venango County",2,9,526,260,266
050,42,121,"Pennsylvania","Venango County",2,10,570,288,282
050,42,121,"Pennsylvania","Venango County",2,11,581,293,288
050,42,121,"Pennsylvania","Venango County",2,12,575,288,287
050,42,121,"Pennsylvania","Venango County",2,13,583,297,286
050,42,121,"Pennsylvania","Venango County",2,14,608,320,288
050,42,121,"Pennsylvania","Venango County",2,15,581,300,281
050,42,121,"Pennsylvania","Venango County",2,16,576,305,271
050,42,121,"Pennsylvania","Venango County",2,17,579,303,276
050,42,121,"Pennsylvania","Venango County",2,18,500,265,235
050,42,121,"Pennsylvania","Venango County",2,19,416,214,202
050,42,121,"Pennsylvania","Venango County",2,20,451,226,225
050,42,121,"Pennsylvania","Venango County",2,21,463,238,225
050,42,121,"Pennsylvania","Venango County",2,22,478,250,228
050,42,121,"Pennsylvania","Venango County",2,23,475,234,241
050,42,121,"Pennsylvania","Venango County",2,24,469,247,222
050,42,121,"Pennsylvania","Venango County",2,25,477,264,213
050,42,121,"Pennsylvania","Venango County",2,26,491,266,225
050,42,121,"Pennsylvania","Venango County",2,27,515,276,239
050,42,121,"Pennsylvania","Venango County",2,28,539,272,267
050,42,121,"Pennsylvania","Venango County",2,29,518,257,261
050,42,121,"Pennsylvania","Venango County",2,30,529,270,259
050,42,121,"Pennsylvania","Venango County",2,31,503,243,260
050,42,121,"Pennsylvania","Venango County",2,32,495,255,240
050,42,121,"Pennsylvania","Venango County",2,33,525,266,259
050,42,121,"Pennsylvania","Venango County",2,34,562,281,281
050,42,121,"Pennsylvania","Venango County",2,35,553,265,288
050,42,121,"Pennsylvania","Venango County",2,36,532,262,270
050,42,121,"Pennsylvania","Venango County",2,37,546,275,271
050,42,121,"Pennsylvania","Venango County",2,38,544,276,268
050,42,121,"Pennsylvania","Venango County",2,39,542,256,286
050,42,121,"Pennsylvania","Venango County",2,40,559,259,300
050,42,121,"Pennsylvania","Venango County",2,41,562,275,287
050,42,121,"Pennsylvania","Venango County",2,42,579,304,275
050,42,121,"Pennsylvania","Venango County",2,43,571,307,264
050,42,121,"Pennsylvania","Venango County",2,44,551,295,256
050,42,121,"Pennsylvania","Venango County",2,45,548,294,254
050,42,121,"Pennsylvania","Venango County",2,46,553,285,268
050,42,121,"Pennsylvania","Venango County",2,47,565,288,277
050,42,121,"Pennsylvania","Venango County",2,48,632,313,319
050,42,121,"Pennsylvania","Venango County",2,49,650,318,332
050,42,121,"Pennsylvania","Venango County",2,50,629,316,313
050,42,121,"Pennsylvania","Venango County",2,51,650,324,326
050,42,121,"Pennsylvania","Venango County",2,52,670,344,326
050,42,121,"Pennsylvania","Venango County",2,53,699,358,341
050,42,121,"Pennsylvania","Venango County",2,54,700,360,340
050,42,121,"Pennsylvania","Venango County",2,55,737,355,382
050,42,121,"Pennsylvania","Venango County",2,56,798,395,403
050,42,121,"Pennsylvania","Venango County",2,57,803,392,411
050,42,121,"Pennsylvania","Venango County",2,58,831,424,407
050,42,121,"Pennsylvania","Venango County",2,59,907,467,440
050,42,121,"Pennsylvania","Venango County",2,60,889,443,446
050,42,121,"Pennsylvania","Venango County",2,61,892,439,453
050,42,121,"Pennsylvania","Venango County",2,62,936,465,471
050,42,121,"Pennsylvania","Venango County",2,63,956,482,474
050,42,121,"Pennsylvania","Venango County",2,64,874,433,441
050,42,121,"Pennsylvania","Venango County",2,65,853,415,438
050,42,121,"Pennsylvania","Venango County",2,66,835,414,421
050,42,121,"Pennsylvania","Venango County",2,67,819,414,405
050,42,121,"Pennsylvania","Venango County",2,68,775,403,372
050,42,121,"Pennsylvania","Venango County",2,69,750,379,371
050,42,121,"Pennsylvania","Venango County",2,70,687,342,345
050,42,121,"Pennsylvania","Venango County",2,71,644,309,335
050,42,121,"Pennsylvania","Venango County",2,72,626,295,331
050,42,121,"Pennsylvania","Venango County",2,73,664,323,341
050,42,121,"Pennsylvania","Venango County",2,74,455,216,239
050,42,121,"Pennsylvania","Venango County",2,75,458,221,237
050,42,121,"Pennsylvania","Venango County",2,76,446,209,237
050,42,121,"Pennsylvania","Venango County",2,77,443,191,252
050,42,121,"Pennsylvania","Venango County",2,78,380,175,205
050,42,121,"Pennsylvania","Venango County",2,79,346,166,180
050,42,121,"Pennsylvania","Venango County",2,80,309,138,171
050,42,121,"Pennsylvania","Venango County",2,81,287,117,170
050,42,121,"Pennsylvania","Venango County",2,82,269,117,152
050,42,121,"Pennsylvania","Venango County",2,83,245,103,142
050,42,121,"Pennsylvania","Venango County",2,84,221,93,128
050,42,121,"Pennsylvania","Venango County",2,85,1385,459,926
050,42,121,"Pennsylvania","Venango County",3,0,457,242,215
050,42,121,"Pennsylvania","Venango County",3,1,450,236,214
050,42,121,"Pennsylvania","Venango County",3,2,480,260,220
050,42,121,"Pennsylvania","Venango County",3,3,464,244,220
050,42,121,"Pennsylvania","Venango County",3,4,485,248,237
050,42,121,"Pennsylvania","Venango County",3,5,510,268,242
050,42,121,"Pennsylvania","Venango County",3,6,511,258,253
050,42,121,"Pennsylvania","Venango County",3,7,507,266,241
050,42,121,"Pennsylvania","Venango County",3,8,533,280,253
050,42,121,"Pennsylvania","Venango County",3,9,511,269,242
050,42,121,"Pennsylvania","Venango County",3,10,525,259,266
050,42,121,"Pennsylvania","Venango County",3,11,567,289,278
050,42,121,"Pennsylvania","Venango County",3,12,586,295,291
050,42,121,"Pennsylvania","Venango County",3,13,573,280,293
050,42,121,"Pennsylvania","Venango County",3,14,581,298,283
050,42,121,"Pennsylvania","Venango County",3,15,611,322,289
050,42,121,"Pennsylvania","Venango County",3,16,586,309,277
050,42,121,"Pennsylvania","Venango County",3,17,579,312,267
050,42,121,"Pennsylvania","Venango County",3,18,488,263,225
050,42,121,"Pennsylvania","Venango County",3,19,399,210,189
050,42,121,"Pennsylvania","Venango County",3,20,459,228,231
050,42,121,"Pennsylvania","Venango County",3,21,466,233,233
050,42,121,"Pennsylvania","Venango County",3,22,507,258,249
050,42,121,"Pennsylvania","Venango County",3,23,485,257,228
050,42,121,"Pennsylvania","Venango County",3,24,477,252,225
050,42,121,"Pennsylvania","Venango County",3,25,458,234,224
050,42,121,"Pennsylvania","Venango County",3,26,461,254,207
050,42,121,"Pennsylvania","Venango County",3,27,485,255,230
050,42,121,"Pennsylvania","Venango County",3,28,509,266,243
050,42,121,"Pennsylvania","Venango County",3,29,540,286,254
050,42,121,"Pennsylvania","Venango County",3,30,525,265,260
050,42,121,"Pennsylvania","Venango County",3,31,539,272,267
050,42,121,"Pennsylvania","Venango County",3,32,500,243,257
050,42,121,"Pennsylvania","Venango County",3,33,492,254,238
050,42,121,"Pennsylvania","Venango County",3,34,522,262,260
050,42,121,"Pennsylvania","Venango County",3,35,560,275,285
050,42,121,"Pennsylvania","Venango County",3,36,546,267,279
050,42,121,"Pennsylvania","Venango County",3,37,538,265,273
050,42,121,"Pennsylvania","Venango County",3,38,541,270,271
050,42,121,"Pennsylvania","Venango County",3,39,555,284,271
050,42,121,"Pennsylvania","Venango County",3,40,537,257,280
050,42,121,"Pennsylvania","Venango County",3,41,570,263,307
050,42,121,"Pennsylvania","Venango County",3,42,565,280,285
050,42,121,"Pennsylvania","Venango County",3,43,576,307,269
050,42,121,"Pennsylvania","Venango County",3,44,561,298,263
050,42,121,"Pennsylvania","Venango County",3,45,552,293,259
050,42,121,"Pennsylvania","Venango County",3,46,549,297,252
050,42,121,"Pennsylvania","Venango County",3,47,553,288,265
050,42,121,"Pennsylvania","Venango County",3,48,570,291,279
050,42,121,"Pennsylvania","Venango County",3,49,628,309,319
050,42,121,"Pennsylvania","Venango County",3,50,653,319,334
050,42,121,"Pennsylvania","Venango County",3,51,636,317,319
050,42,121,"Pennsylvania","Venango County",3,52,643,322,321
050,42,121,"Pennsylvania","Venango County",3,53,668,344,324
050,42,121,"Pennsylvania","Venango County",3,54,712,358,354
050,42,121,"Pennsylvania","Venango County",3,55,692,359,333
050,42,121,"Pennsylvania","Venango County",3,56,733,366,367
050,42,121,"Pennsylvania","Venango County",3,57,783,381,402
050,42,121,"Pennsylvania","Venango County",3,58,803,395,408
050,42,121,"Pennsylvania","Venango County",3,59,832,423,409
050,42,121,"Pennsylvania","Venango County",3,60,893,457,436
050,42,121,"Pennsylvania","Venango County",3,61,884,439,445
050,42,121,"Pennsylvania","Venango County",3,62,889,434,455
050,42,121,"Pennsylvania","Venango County",3,63,917,455,462
050,42,121,"Pennsylvania","Venango County",3,64,939,468,471
050,42,121,"Pennsylvania","Venango County",3,65,858,423,435
050,42,121,"Pennsylvania","Venango County",3,66,845,412,433
050,42,121,"Pennsylvania","Venango County",3,67,835,409,426
050,42,121,"Pennsylvania","Venango County",3,68,793,405,388
050,42,121,"Pennsylvania","Venango County",3,69,758,389,369
050,42,121,"Pennsylvania","Venango County",3,70,743,376,367
050,42,121,"Pennsylvania","Venango County",3,71,668,335,333
050,42,121,"Pennsylvania","Venango County",3,72,631,296,335
050,42,121,"Pennsylvania","Venango County",3,73,607,285,322
050,42,121,"Pennsylvania","Venango County",3,74,642,308,334
050,42,121,"Pennsylvania","Venango County",3,75,438,208,230
050,42,121,"Pennsylvania","Venango County",3,76,442,213,229
050,42,121,"Pennsylvania","Venango County",3,77,422,198,224
050,42,121,"Pennsylvania","Venango County",3,78,431,190,241
050,42,121,"Pennsylvania","Venango County",3,79,340,153,187
050,42,121,"Pennsylvania","Venango County",3,80,330,152,178
050,42,121,"Pennsylvania","Venango County",3,81,280,118,162
050,42,121,"Pennsylvania","Venango County",3,82,251,100,151
050,42,121,"Pennsylvania","Venango County",3,83,257,107,150
050,42,121,"Pennsylvania","Venango County",3,84,216,86,130
050,42,121,"Pennsylvania","Venango County",3,85,1347,450,897
050,42,121,"Pennsylvania","Venango County",4,0,458,243,215
050,42,121,"Pennsylvania","Venango County",4,1,456,240,216
050,42,121,"Pennsylvania","Venango County",4,2,451,238,213
050,42,121,"Pennsylvania","Venango County",4,3,494,266,228
050,42,121,"Pennsylvania","Venango County",4,4,475,255,220
050,42,121,"Pennsylvania","Venango County",4,5,472,244,228
050,42,121,"Pennsylvania","Venango County",4,6,520,267,253
050,42,121,"Pennsylvania","Venango County",4,7,508,256,252
050,42,121,"Pennsylvania","Venango County",4,8,513,272,241
050,42,121,"Pennsylvania","Venango County",4,9,529,282,247
050,42,121,"Pennsylvania","Venango County",4,10,520,272,248
050,42,121,"Pennsylvania","Venango County",4,11,536,268,268
050,42,121,"Pennsylvania","Venango County",4,12,580,297,283
050,42,121,"Pennsylvania","Venango County",4,13,597,300,297
050,42,121,"Pennsylvania","Venango County",4,14,582,288,294
050,42,121,"Pennsylvania","Venango County",4,15,594,303,291
050,42,121,"Pennsylvania","Venango County",4,16,625,342,283
050,42,121,"Pennsylvania","Venango County",4,17,606,319,287
050,42,121,"Pennsylvania","Venango County",4,18,478,266,212
050,42,121,"Pennsylvania","Venango County",4,19,367,193,174
050,42,121,"Pennsylvania","Venango County",4,20,407,207,200
050,42,121,"Pennsylvania","Venango County",4,21,464,231,233
050,42,121,"Pennsylvania","Venango County",4,22,506,243,263
050,42,121,"Pennsylvania","Venango County",4,23,519,260,259
050,42,121,"Pennsylvania","Venango County",4,24,473,250,223
050,42,121,"Pennsylvania","Venango County",4,25,477,244,233
050,42,121,"Pennsylvania","Venango County",4,26,452,227,225
050,42,121,"Pennsylvania","Venango County",4,27,437,230,207
050,42,121,"Pennsylvania","Venango County",4,28,488,253,235
050,42,121,"Pennsylvania","Venango County",4,29,510,283,227
050,42,121,"Pennsylvania","Venango County",4,30,550,286,264
050,42,121,"Pennsylvania","Venango County",4,31,529,262,267
050,42,121,"Pennsylvania","Venango County",4,32,551,279,272
050,42,121,"Pennsylvania","Venango County",4,33,507,244,263
050,42,121,"Pennsylvania","Venango County",4,34,503,261,242
050,42,121,"Pennsylvania","Venango County",4,35,529,267,262
050,42,121,"Pennsylvania","Venango County",4,36,566,282,284
050,42,121,"Pennsylvania","Venango County",4,37,553,270,283
050,42,121,"Pennsylvania","Venango County",4,38,549,271,278
050,42,121,"Pennsylvania","Venango County",4,39,541,273,268
050,42,121,"Pennsylvania","Venango County",4,40,542,280,262
050,42,121,"Pennsylvania","Venango County",4,41,537,259,278
050,42,121,"Pennsylvania","Venango County",4,42,564,266,298
050,42,121,"Pennsylvania","Venango County",4,43,560,276,284
050,42,121,"Pennsylvania","Venango County",4,44,596,312,284
050,42,121,"Pennsylvania","Venango County",4,45,558,299,259
050,42,121,"Pennsylvania","Venango County",4,46,555,296,259
050,42,121,"Pennsylvania","Venango County",4,47,544,298,246
050,42,121,"Pennsylvania","Venango County",4,48,561,287,274
050,42,121,"Pennsylvania","Venango County",4,49,570,290,280
050,42,121,"Pennsylvania","Venango County",4,50,630,314,316
050,42,121,"Pennsylvania","Venango County",4,51,656,317,339
050,42,121,"Pennsylvania","Venango County",4,52,625,309,316
050,42,121,"Pennsylvania","Venango County",4,53,637,318,319
050,42,121,"Pennsylvania","Venango County",4,54,667,339,328
050,42,121,"Pennsylvania","Venango County",4,55,708,355,353
050,42,121,"Pennsylvania","Venango County",4,56,703,371,332
050,42,121,"Pennsylvania","Venango County",4,57,720,357,363
050,42,121,"Pennsylvania","Venango County",4,58,763,372,391
050,42,121,"Pennsylvania","Venango County",4,59,794,387,407
050,42,121,"Pennsylvania","Venango County",4,60,808,408,400
050,42,121,"Pennsylvania","Venango County",4,61,887,457,430
050,42,121,"Pennsylvania","Venango County",4,62,885,435,450
050,42,121,"Pennsylvania","Venango County",4,63,855,416,439
050,42,121,"Pennsylvania","Venango County",4,64,900,451,449
050,42,121,"Pennsylvania","Venango County",4,65,936,469,467
050,42,121,"Pennsylvania","Venango County",4,66,836,417,419
050,42,121,"Pennsylvania","Venango County",4,67,843,405,438
050,42,121,"Pennsylvania","Venango County",4,68,799,390,409
050,42,121,"Pennsylvania","Venango County",4,69,775,389,386
050,42,121,"Pennsylvania","Venango County",4,70,745,384,361
050,42,121,"Pennsylvania","Venango County",4,71,722,364,358
050,42,121,"Pennsylvania","Venango County",4,72,661,332,329
050,42,121,"Pennsylvania","Venango County",4,73,615,284,331
050,42,121,"Pennsylvania","Venango County",4,74,595,284,311
050,42,121,"Pennsylvania","Venango County",4,75,624,301,323
050,42,121,"Pennsylvania","Venango County",4,76,418,201,217
050,42,121,"Pennsylvania","Venango County",4,77,420,207,213
050,42,121,"Pennsylvania","Venango County",4,78,416,199,217
050,42,121,"Pennsylvania","Venango County",4,79,390,161,229
050,42,121,"Pennsylvania","Venango County",4,80,313,132,181
050,42,121,"Pennsylvania","Venango County",4,81,302,135,167
050,42,121,"Pennsylvania","Venango County",4,82,254,110,144
050,42,121,"Pennsylvania","Venango County",4,83,238,90,148
050,42,121,"Pennsylvania","Venango County",4,84,219,88,131
050,42,121,"Pennsylvania","Venango County",4,85,1316,438,878
050,42,121,"Pennsylvania","Venango County",5,0,451,240,211
050,42,121,"Pennsylvania","Venango County",5,1,473,250,223
050,42,121,"Pennsylvania","Venango County",5,2,467,245,222
050,42,121,"Pennsylvania","Venango County",5,3,460,246,214
050,42,121,"Pennsylvania","Venango County",5,4,507,273,234
050,42,121,"Pennsylvania","Venango County",5,5,486,258,228
050,42,121,"Pennsylvania","Venango County",5,6,495,251,244
050,42,121,"Pennsylvania","Venango County",5,7,517,266,251
050,42,121,"Pennsylvania","Venango County",5,8,528,273,255
050,42,121,"Pennsylvania","Venango County",5,9,507,272,235
050,42,121,"Pennsylvania","Venango County",5,10,532,280,252
050,42,121,"Pennsylvania","Venango County",5,11,510,269,241
050,42,121,"Pennsylvania","Venango County",5,12,523,264,259
050,42,121,"Pennsylvania","Venango County",5,13,568,288,280
050,42,121,"Pennsylvania","Venango County",5,14,602,306,296
050,42,121,"Pennsylvania","Venango County",5,15,582,292,290
050,42,121,"Pennsylvania","Venango County",5,16,607,318,289
050,42,121,"Pennsylvania","Venango County",5,17,633,350,283
050,42,121,"Pennsylvania","Venango County",5,18,501,267,234
050,42,121,"Pennsylvania","Venango County",5,19,369,205,164
050,42,121,"Pennsylvania","Venango County",5,20,377,201,176
050,42,121,"Pennsylvania","Venango County",5,21,431,220,211
050,42,121,"Pennsylvania","Venango County",5,22,507,243,264
050,42,121,"Pennsylvania","Venango County",5,23,488,241,247
050,42,121,"Pennsylvania","Venango County",5,24,519,265,254
050,42,121,"Pennsylvania","Venango County",5,25,446,236,210
050,42,121,"Pennsylvania","Venango County",5,26,457,230,227
050,42,121,"Pennsylvania","Venango County",5,27,436,215,221
050,42,121,"Pennsylvania","Venango County",5,28,457,239,218
050,42,121,"Pennsylvania","Venango County",5,29,486,253,233
050,42,121,"Pennsylvania","Venango County",5,30,514,279,235
050,42,121,"Pennsylvania","Venango County",5,31,550,279,271
050,42,121,"Pennsylvania","Venango County",5,32,524,258,266
050,42,121,"Pennsylvania","Venango County",5,33,561,286,275
050,42,121,"Pennsylvania","Venango County",5,34,513,246,267
050,42,121,"Pennsylvania","Venango County",5,35,512,258,254
050,42,121,"Pennsylvania","Venango County",5,36,544,282,262
050,42,121,"Pennsylvania","Venango County",5,37,575,288,287
050,42,121,"Pennsylvania","Venango County",5,38,566,278,288
050,42,121,"Pennsylvania","Venango County",5,39,537,267,270
050,42,121,"Pennsylvania","Venango County",5,40,546,276,270
050,42,121,"Pennsylvania","Venango County",5,41,553,287,266
050,42,121,"Pennsylvania","Venango County",5,42,553,266,287
050,42,121,"Pennsylvania","Venango County",5,43,561,264,297
050,42,121,"Pennsylvania","Venango County",5,44,571,279,292
050,42,121,"Pennsylvania","Venango County",5,45,580,302,278
050,42,121,"Pennsylvania","Venango County",5,46,549,288,261
050,42,121,"Pennsylvania","Venango County",5,47,551,291,260
050,42,121,"Pennsylvania","Venango County",5,48,542,298,244
050,42,121,"Pennsylvania","Venango County",5,49,566,288,278
050,42,121,"Pennsylvania","Venango County",5,50,570,290,280
050,42,121,"Pennsylvania","Venango County",5,51,626,314,312
050,42,121,"Pennsylvania","Venango County",5,52,653,317,336
050,42,121,"Pennsylvania","Venango County",5,53,613,302,311
050,42,121,"Pennsylvania","Venango County",5,54,641,323,318
050,42,121,"Pennsylvania","Venango County",5,55,667,331,336
050,42,121,"Pennsylvania","Venango County",5,56,711,362,349
050,42,121,"Pennsylvania","Venango County",5,57,692,361,331
050,42,121,"Pennsylvania","Venango County",5,58,715,349,366
050,42,121,"Pennsylvania","Venango County",5,59,753,365,388
050,42,121,"Pennsylvania","Venango County",5,60,778,376,402
050,42,121,"Pennsylvania","Venango County",5,61,796,407,389
050,42,121,"Pennsylvania","Venango County",5,62,887,454,433
050,42,121,"Pennsylvania","Venango County",5,63,864,423,441
050,42,121,"Pennsylvania","Venango County",5,64,838,409,429
050,42,121,"Pennsylvania","Venango County",5,65,876,434,442
050,42,121,"Pennsylvania","Venango County",5,66,915,464,451
050,42,121,"Pennsylvania","Venango County",5,67,831,413,418
050,42,121,"Pennsylvania","Venango County",5,68,815,390,425
050,42,121,"Pennsylvania","Venango County",5,69,787,378,409
050,42,121,"Pennsylvania","Venango County",5,70,761,385,376
050,42,121,"Pennsylvania","Venango County",5,71,740,376,364
050,42,121,"Pennsylvania","Venango County",5,72,704,354,350
050,42,121,"Pennsylvania","Venango County",5,73,640,321,319
050,42,121,"Pennsylvania","Venango County",5,74,603,283,320
050,42,121,"Pennsylvania","Venango County",5,75,569,270,299
050,42,121,"Pennsylvania","Venango County",5,76,606,295,311
050,42,121,"Pennsylvania","Venango County",5,77,404,197,207
050,42,121,"Pennsylvania","Venango County",5,78,416,207,209
050,42,121,"Pennsylvania","Venango County",5,79,389,180,209
050,42,121,"Pennsylvania","Venango County",5,80,366,143,223
050,42,121,"Pennsylvania","Venango County",5,81,290,114,176
050,42,121,"Pennsylvania","Venango County",5,82,271,124,147
050,42,121,"Pennsylvania","Venango County",5,83,233,97,136
050,42,121,"Pennsylvania","Venango County",5,84,205,73,132
050,42,121,"Pennsylvania","Venango County",5,85,1316,439,877
050,42,123,"Pennsylvania","Warren County",1,0,400,202,198
050,42,123,"Pennsylvania","Warren County",1,1,414,206,208
050,42,123,"Pennsylvania","Warren County",1,2,393,199,194
050,42,123,"Pennsylvania","Warren County",1,3,394,208,186
050,42,123,"Pennsylvania","Warren County",1,4,420,205,215
050,42,123,"Pennsylvania","Warren County",1,5,407,201,206
050,42,123,"Pennsylvania","Warren County",1,6,382,207,175
050,42,123,"Pennsylvania","Warren County",1,7,408,206,202
050,42,123,"Pennsylvania","Warren County",1,8,402,196,206
050,42,123,"Pennsylvania","Warren County",1,9,415,211,204
050,42,123,"Pennsylvania","Warren County",1,10,425,224,201
050,42,123,"Pennsylvania","Warren County",1,11,456,226,230
050,42,123,"Pennsylvania","Warren County",1,12,446,225,221
050,42,123,"Pennsylvania","Warren County",1,13,452,218,234
050,42,123,"Pennsylvania","Warren County",1,14,422,222,200
050,42,123,"Pennsylvania","Warren County",1,15,425,229,196
050,42,123,"Pennsylvania","Warren County",1,16,458,247,211
050,42,123,"Pennsylvania","Warren County",1,17,469,248,221
050,42,123,"Pennsylvania","Warren County",1,18,414,229,185
050,42,123,"Pennsylvania","Warren County",1,19,339,188,151
050,42,123,"Pennsylvania","Warren County",1,20,365,198,167
050,42,123,"Pennsylvania","Warren County",1,21,349,188,161
050,42,123,"Pennsylvania","Warren County",1,22,382,194,188
050,42,123,"Pennsylvania","Warren County",1,23,391,198,193
050,42,123,"Pennsylvania","Warren County",1,24,364,191,173
050,42,123,"Pennsylvania","Warren County",1,25,368,199,169
050,42,123,"Pennsylvania","Warren County",1,26,381,189,192
050,42,123,"Pennsylvania","Warren County",1,27,411,217,194
050,42,123,"Pennsylvania","Warren County",1,28,430,223,207
050,42,123,"Pennsylvania","Warren County",1,29,409,218,191
050,42,123,"Pennsylvania","Warren County",1,30,370,202,168
050,42,123,"Pennsylvania","Warren County",1,31,373,194,179
050,42,123,"Pennsylvania","Warren County",1,32,390,196,194
050,42,123,"Pennsylvania","Warren County",1,33,389,189,200
050,42,123,"Pennsylvania","Warren County",1,34,400,197,203
050,42,123,"Pennsylvania","Warren County",1,35,401,208,193
050,42,123,"Pennsylvania","Warren County",1,36,433,216,217
050,42,123,"Pennsylvania","Warren County",1,37,444,237,207
050,42,123,"Pennsylvania","Warren County",1,38,412,205,207
050,42,123,"Pennsylvania","Warren County",1,39,401,209,192
050,42,123,"Pennsylvania","Warren County",1,40,413,209,204
050,42,123,"Pennsylvania","Warren County",1,41,429,214,215
050,42,123,"Pennsylvania","Warren County",1,42,382,191,191
050,42,123,"Pennsylvania","Warren County",1,43,372,203,169
050,42,123,"Pennsylvania","Warren County",1,44,394,205,189
050,42,123,"Pennsylvania","Warren County",1,45,410,208,202
050,42,123,"Pennsylvania","Warren County",1,46,391,188,203
050,42,123,"Pennsylvania","Warren County",1,47,417,191,226
050,42,123,"Pennsylvania","Warren County",1,48,481,237,244
050,42,123,"Pennsylvania","Warren County",1,49,552,289,263
050,42,123,"Pennsylvania","Warren County",1,50,499,256,243
050,42,123,"Pennsylvania","Warren County",1,51,508,263,245
050,42,123,"Pennsylvania","Warren County",1,52,551,298,253
050,42,123,"Pennsylvania","Warren County",1,53,548,282,266
050,42,123,"Pennsylvania","Warren County",1,54,567,280,287
050,42,123,"Pennsylvania","Warren County",1,55,588,306,282
050,42,123,"Pennsylvania","Warren County",1,56,598,313,285
050,42,123,"Pennsylvania","Warren County",1,57,637,328,309
050,42,123,"Pennsylvania","Warren County",1,58,652,329,323
050,42,123,"Pennsylvania","Warren County",1,59,624,324,300
050,42,123,"Pennsylvania","Warren County",1,60,624,318,306
050,42,123,"Pennsylvania","Warren County",1,61,657,337,320
050,42,123,"Pennsylvania","Warren County",1,62,690,342,348
050,42,123,"Pennsylvania","Warren County",1,63,683,324,359
050,42,123,"Pennsylvania","Warren County",1,64,652,328,324
050,42,123,"Pennsylvania","Warren County",1,65,649,347,302
050,42,123,"Pennsylvania","Warren County",1,66,607,313,294
050,42,123,"Pennsylvania","Warren County",1,67,594,301,293
050,42,123,"Pennsylvania","Warren County",1,68,574,284,290
050,42,123,"Pennsylvania","Warren County",1,69,508,256,252
050,42,123,"Pennsylvania","Warren County",1,70,483,235,248
050,42,123,"Pennsylvania","Warren County",1,71,483,239,244
050,42,123,"Pennsylvania","Warren County",1,72,481,215,266
050,42,123,"Pennsylvania","Warren County",1,73,519,247,272
050,42,123,"Pennsylvania","Warren County",1,74,351,172,179
050,42,123,"Pennsylvania","Warren County",1,75,337,158,179
050,42,123,"Pennsylvania","Warren County",1,76,351,171,180
050,42,123,"Pennsylvania","Warren County",1,77,378,191,187
050,42,123,"Pennsylvania","Warren County",1,78,331,159,172
050,42,123,"Pennsylvania","Warren County",1,79,268,130,138
050,42,123,"Pennsylvania","Warren County",1,80,265,124,141
050,42,123,"Pennsylvania","Warren County",1,81,241,101,140
050,42,123,"Pennsylvania","Warren County",1,82,217,106,111
050,42,123,"Pennsylvania","Warren County",1,83,199,90,109
050,42,123,"Pennsylvania","Warren County",1,84,172,67,105
050,42,123,"Pennsylvania","Warren County",1,85,1054,408,646
050,42,123,"Pennsylvania","Warren County",2,0,369,193,176
050,42,123,"Pennsylvania","Warren County",2,1,410,204,206
050,42,123,"Pennsylvania","Warren County",2,2,399,202,197
050,42,123,"Pennsylvania","Warren County",2,3,393,205,188
050,42,123,"Pennsylvania","Warren County",2,4,417,207,210
050,42,123,"Pennsylvania","Warren County",2,5,408,202,206
050,42,123,"Pennsylvania","Warren County",2,6,392,207,185
050,42,123,"Pennsylvania","Warren County",2,7,400,204,196
050,42,123,"Pennsylvania","Warren County",2,8,401,197,204
050,42,123,"Pennsylvania","Warren County",2,9,411,207,204
050,42,123,"Pennsylvania","Warren County",2,10,423,220,203
050,42,123,"Pennsylvania","Warren County",2,11,442,221,221
050,42,123,"Pennsylvania","Warren County",2,12,451,226,225
050,42,123,"Pennsylvania","Warren County",2,13,452,221,231
050,42,123,"Pennsylvania","Warren County",2,14,431,225,206
050,42,123,"Pennsylvania","Warren County",2,15,425,228,197
050,42,123,"Pennsylvania","Warren County",2,16,454,245,209
050,42,123,"Pennsylvania","Warren County",2,17,468,249,219
050,42,123,"Pennsylvania","Warren County",2,18,408,225,183
050,42,123,"Pennsylvania","Warren County",2,19,338,187,151
050,42,123,"Pennsylvania","Warren County",2,20,366,199,167
050,42,123,"Pennsylvania","Warren County",2,21,353,191,162
050,42,123,"Pennsylvania","Warren County",2,22,377,195,182
050,42,123,"Pennsylvania","Warren County",2,23,390,198,192
050,42,123,"Pennsylvania","Warren County",2,24,370,194,176
050,42,123,"Pennsylvania","Warren County",2,25,367,196,171
050,42,123,"Pennsylvania","Warren County",2,26,376,191,185
050,42,123,"Pennsylvania","Warren County",2,27,403,209,194
050,42,123,"Pennsylvania","Warren County",2,28,427,221,206
050,42,123,"Pennsylvania","Warren County",2,29,414,220,194
050,42,123,"Pennsylvania","Warren County",2,30,379,205,174
050,42,123,"Pennsylvania","Warren County",2,31,373,196,177
050,42,123,"Pennsylvania","Warren County",2,32,385,196,189
050,42,123,"Pennsylvania","Warren County",2,33,392,191,201
050,42,123,"Pennsylvania","Warren County",2,34,395,195,200
050,42,123,"Pennsylvania","Warren County",2,35,403,207,196
050,42,123,"Pennsylvania","Warren County",2,36,422,212,210
050,42,123,"Pennsylvania","Warren County",2,37,440,231,209
050,42,123,"Pennsylvania","Warren County",2,38,423,212,211
050,42,123,"Pennsylvania","Warren County",2,39,403,209,194
050,42,123,"Pennsylvania","Warren County",2,40,413,211,202
050,42,123,"Pennsylvania","Warren County",2,41,429,214,215
050,42,123,"Pennsylvania","Warren County",2,42,386,192,194
050,42,123,"Pennsylvania","Warren County",2,43,377,200,177
050,42,123,"Pennsylvania","Warren County",2,44,389,205,184
050,42,123,"Pennsylvania","Warren County",2,45,409,211,198
050,42,123,"Pennsylvania","Warren County",2,46,394,191,203
050,42,123,"Pennsylvania","Warren County",2,47,410,189,221
050,42,123,"Pennsylvania","Warren County",2,48,463,226,237
050,42,123,"Pennsylvania","Warren County",2,49,539,280,259
050,42,123,"Pennsylvania","Warren County",2,50,511,263,248
050,42,123,"Pennsylvania","Warren County",2,51,505,262,243
050,42,123,"Pennsylvania","Warren County",2,52,540,291,249
050,42,123,"Pennsylvania","Warren County",2,53,550,285,265
050,42,123,"Pennsylvania","Warren County",2,54,560,279,281
050,42,123,"Pennsylvania","Warren County",2,55,583,299,284
050,42,123,"Pennsylvania","Warren County",2,56,596,312,284
050,42,123,"Pennsylvania","Warren County",2,57,627,324,303
050,42,123,"Pennsylvania","Warren County",2,58,649,331,318
050,42,123,"Pennsylvania","Warren County",2,59,627,321,306
050,42,123,"Pennsylvania","Warren County",2,60,619,316,303
050,42,123,"Pennsylvania","Warren County",2,61,646,332,314
050,42,123,"Pennsylvania","Warren County",2,62,680,338,342
050,42,123,"Pennsylvania","Warren County",2,63,691,332,359
050,42,123,"Pennsylvania","Warren County",2,64,650,323,327
050,42,123,"Pennsylvania","Warren County",2,65,646,341,305
050,42,123,"Pennsylvania","Warren County",2,66,615,320,295
050,42,123,"Pennsylvania","Warren County",2,67,596,304,292
050,42,123,"Pennsylvania","Warren County",2,68,574,286,288
050,42,123,"Pennsylvania","Warren County",2,69,529,265,264
050,42,123,"Pennsylvania","Warren County",2,70,486,238,248
050,42,123,"Pennsylvania","Warren County",2,71,484,237,247
050,42,123,"Pennsylvania","Warren County",2,72,472,217,255
050,42,123,"Pennsylvania","Warren County",2,73,534,252,282
050,42,123,"Pennsylvania","Warren County",2,74,369,178,191
050,42,123,"Pennsylvania","Warren County",2,75,333,156,177
050,42,123,"Pennsylvania","Warren County",2,76,340,164,176
050,42,123,"Pennsylvania","Warren County",2,77,381,191,190
050,42,123,"Pennsylvania","Warren County",2,78,337,163,174
050,42,123,"Pennsylvania","Warren County",2,79,273,132,141
050,42,123,"Pennsylvania","Warren County",2,80,268,126,142
050,42,123,"Pennsylvania","Warren County",2,81,240,103,137
050,42,123,"Pennsylvania","Warren County",2,82,217,103,114
050,42,123,"Pennsylvania","Warren County",2,83,202,93,109
050,42,123,"Pennsylvania","Warren County",2,84,173,69,104
050,42,123,"Pennsylvania","Warren County",2,85,1049,408,641
050,42,123,"Pennsylvania","Warren County",3,0,373,190,183
050,42,123,"Pennsylvania","Warren County",3,1,369,190,179
050,42,123,"Pennsylvania","Warren County",3,2,412,207,205
050,42,123,"Pennsylvania","Warren County",3,3,398,201,197
050,42,123,"Pennsylvania","Warren County",3,4,394,207,187
050,42,123,"Pennsylvania","Warren County",3,5,419,210,209
050,42,123,"Pennsylvania","Warren County",3,6,415,208,207
050,42,123,"Pennsylvania","Warren County",3,7,393,207,186
050,42,123,"Pennsylvania","Warren County",3,8,414,212,202
050,42,123,"Pennsylvania","Warren County",3,9,406,195,211
050,42,123,"Pennsylvania","Warren County",3,10,422,214,208
050,42,123,"Pennsylvania","Warren County",3,11,416,222,194
050,42,123,"Pennsylvania","Warren County",3,12,444,219,225
050,42,123,"Pennsylvania","Warren County",3,13,457,223,234
050,42,123,"Pennsylvania","Warren County",3,14,453,232,221
050,42,123,"Pennsylvania","Warren County",3,15,425,222,203
050,42,123,"Pennsylvania","Warren County",3,16,430,230,200
050,42,123,"Pennsylvania","Warren County",3,17,445,240,205
050,42,123,"Pennsylvania","Warren County",3,18,402,222,180
050,42,123,"Pennsylvania","Warren County",3,19,318,166,152
050,42,123,"Pennsylvania","Warren County",3,20,358,199,159
050,42,123,"Pennsylvania","Warren County",3,21,363,201,162
050,42,123,"Pennsylvania","Warren County",3,22,370,194,176
050,42,123,"Pennsylvania","Warren County",3,23,377,198,179
050,42,123,"Pennsylvania","Warren County",3,24,369,186,183
050,42,123,"Pennsylvania","Warren County",3,25,372,196,176
050,42,123,"Pennsylvania","Warren County",3,26,372,204,168
050,42,123,"Pennsylvania","Warren County",3,27,371,192,179
050,42,123,"Pennsylvania","Warren County",3,28,410,214,196
050,42,123,"Pennsylvania","Warren County",3,29,417,216,201
050,42,123,"Pennsylvania","Warren County",3,30,401,205,196
050,42,123,"Pennsylvania","Warren County",3,31,391,209,182
050,42,123,"Pennsylvania","Warren County",3,32,381,205,176
050,42,123,"Pennsylvania","Warren County",3,33,383,194,189
050,42,123,"Pennsylvania","Warren County",3,34,384,188,196
050,42,123,"Pennsylvania","Warren County",3,35,394,197,197
050,42,123,"Pennsylvania","Warren County",3,36,416,213,203
050,42,123,"Pennsylvania","Warren County",3,37,420,213,207
050,42,123,"Pennsylvania","Warren County",3,38,439,223,216
050,42,123,"Pennsylvania","Warren County",3,39,422,217,205
050,42,123,"Pennsylvania","Warren County",3,40,400,206,194
050,42,123,"Pennsylvania","Warren County",3,41,432,226,206
050,42,123,"Pennsylvania","Warren County",3,42,417,210,207
050,42,123,"Pennsylvania","Warren County",3,43,391,191,200
050,42,123,"Pennsylvania","Warren County",3,44,387,205,182
050,42,123,"Pennsylvania","Warren County",3,45,379,200,179
050,42,123,"Pennsylvania","Warren County",3,46,394,200,194
050,42,123,"Pennsylvania","Warren County",3,47,388,180,208
050,42,123,"Pennsylvania","Warren County",3,48,407,193,214
050,42,123,"Pennsylvania","Warren County",3,49,471,230,241
050,42,123,"Pennsylvania","Warren County",3,50,530,276,254
050,42,123,"Pennsylvania","Warren County",3,51,518,264,254
050,42,123,"Pennsylvania","Warren County",3,52,498,259,239
050,42,123,"Pennsylvania","Warren County",3,53,539,283,256
050,42,123,"Pennsylvania","Warren County",3,54,548,283,265
050,42,123,"Pennsylvania","Warren County",3,55,570,283,287
050,42,123,"Pennsylvania","Warren County",3,56,568,297,271
050,42,123,"Pennsylvania","Warren County",3,57,598,313,285
050,42,123,"Pennsylvania","Warren County",3,58,627,328,299
050,42,123,"Pennsylvania","Warren County",3,59,634,316,318
050,42,123,"Pennsylvania","Warren County",3,60,612,315,297
050,42,123,"Pennsylvania","Warren County",3,61,611,314,297
050,42,123,"Pennsylvania","Warren County",3,62,639,330,309
050,42,123,"Pennsylvania","Warren County",3,63,676,338,338
050,42,123,"Pennsylvania","Warren County",3,64,681,324,357
050,42,123,"Pennsylvania","Warren County",3,65,629,314,315
050,42,123,"Pennsylvania","Warren County",3,66,624,325,299
050,42,123,"Pennsylvania","Warren County",3,67,600,315,285
050,42,123,"Pennsylvania","Warren County",3,68,582,294,288
050,42,123,"Pennsylvania","Warren County",3,69,574,287,287
050,42,123,"Pennsylvania","Warren County",3,70,502,252,250
050,42,123,"Pennsylvania","Warren County",3,71,477,231,246
050,42,123,"Pennsylvania","Warren County",3,72,466,225,241
050,42,123,"Pennsylvania","Warren County",3,73,466,212,254
050,42,123,"Pennsylvania","Warren County",3,74,527,249,278
050,42,123,"Pennsylvania","Warren County",3,75,342,166,176
050,42,123,"Pennsylvania","Warren County",3,76,311,146,165
050,42,123,"Pennsylvania","Warren County",3,77,335,159,176
050,42,123,"Pennsylvania","Warren County",3,78,366,179,187
050,42,123,"Pennsylvania","Warren County",3,79,304,147,157
050,42,123,"Pennsylvania","Warren County",3,80,274,131,143
050,42,123,"Pennsylvania","Warren County",3,81,232,108,124
050,42,123,"Pennsylvania","Warren County",3,82,217,93,124
050,42,123,"Pennsylvania","Warren County",3,83,204,97,107
050,42,123,"Pennsylvania","Warren County",3,84,179,79,100
050,42,123,"Pennsylvania","Warren County",3,85,1020,392,628
050,42,123,"Pennsylvania","Warren County",4,0,355,179,176
050,42,123,"Pennsylvania","Warren County",4,1,374,185,189
050,42,123,"Pennsylvania","Warren County",4,2,384,200,184
050,42,123,"Pennsylvania","Warren County",4,3,408,202,206
050,42,123,"Pennsylvania","Warren County",4,4,410,196,214
050,42,123,"Pennsylvania","Warren County",4,5,402,213,189
050,42,123,"Pennsylvania","Warren County",4,6,426,210,216
050,42,123,"Pennsylvania","Warren County",4,7,408,202,206
050,42,123,"Pennsylvania","Warren County",4,8,396,210,186
050,42,123,"Pennsylvania","Warren County",4,9,416,204,212
050,42,123,"Pennsylvania","Warren County",4,10,419,209,210
050,42,123,"Pennsylvania","Warren County",4,11,412,210,202
050,42,123,"Pennsylvania","Warren County",4,12,413,215,198
050,42,123,"Pennsylvania","Warren County",4,13,454,223,231
050,42,123,"Pennsylvania","Warren County",4,14,467,235,232
050,42,123,"Pennsylvania","Warren County",4,15,443,225,218
050,42,123,"Pennsylvania","Warren County",4,16,424,219,205
050,42,123,"Pennsylvania","Warren County",4,17,425,224,201
050,42,123,"Pennsylvania","Warren County",4,18,383,215,168
050,42,123,"Pennsylvania","Warren County",4,19,304,171,133
050,42,123,"Pennsylvania","Warren County",4,20,327,174,153
050,42,123,"Pennsylvania","Warren County",4,21,366,202,164
050,42,123,"Pennsylvania","Warren County",4,22,372,199,173
050,42,123,"Pennsylvania","Warren County",4,23,379,209,170
050,42,123,"Pennsylvania","Warren County",4,24,365,187,178
050,42,123,"Pennsylvania","Warren County",4,25,361,184,177
050,42,123,"Pennsylvania","Warren County",4,26,380,206,174
050,42,123,"Pennsylvania","Warren County",4,27,370,204,166
050,42,123,"Pennsylvania","Warren County",4,28,375,195,180
050,42,123,"Pennsylvania","Warren County",4,29,409,214,195
050,42,123,"Pennsylvania","Warren County",4,30,401,203,198
050,42,123,"Pennsylvania","Warren County",4,31,408,208,200
050,42,123,"Pennsylvania","Warren County",4,32,407,218,189
050,42,123,"Pennsylvania","Warren County",4,33,383,206,177
050,42,123,"Pennsylvania","Warren County",4,34,381,194,187
050,42,123,"Pennsylvania","Warren County",4,35,369,179,190
050,42,123,"Pennsylvania","Warren County",4,36,397,195,202
050,42,123,"Pennsylvania","Warren County",4,37,416,221,195
050,42,123,"Pennsylvania","Warren County",4,38,417,210,207
050,42,123,"Pennsylvania","Warren County",4,39,426,217,209
050,42,123,"Pennsylvania","Warren County",4,40,427,220,207
050,42,123,"Pennsylvania","Warren County",4,41,429,225,204
050,42,123,"Pennsylvania","Warren County",4,42,416,217,199
050,42,123,"Pennsylvania","Warren County",4,43,405,201,204
050,42,123,"Pennsylvania","Warren County",4,44,387,191,196
050,42,123,"Pennsylvania","Warren County",4,45,386,205,181
050,42,123,"Pennsylvania","Warren County",4,46,383,199,184
050,42,123,"Pennsylvania","Warren County",4,47,400,200,200
050,42,123,"Pennsylvania","Warren County",4,48,386,180,206
050,42,123,"Pennsylvania","Warren County",4,49,412,201,211
050,42,123,"Pennsylvania","Warren County",4,50,462,220,242
050,42,123,"Pennsylvania","Warren County",4,51,528,268,260
050,42,123,"Pennsylvania","Warren County",4,52,522,270,252
050,42,123,"Pennsylvania","Warren County",4,53,497,252,245
050,42,123,"Pennsylvania","Warren County",4,54,545,282,263
050,42,123,"Pennsylvania","Warren County",4,55,551,281,270
050,42,123,"Pennsylvania","Warren County",4,56,561,285,276
050,42,123,"Pennsylvania","Warren County",4,57,584,304,280
050,42,123,"Pennsylvania","Warren County",4,58,597,319,278
050,42,123,"Pennsylvania","Warren County",4,59,613,312,301
050,42,123,"Pennsylvania","Warren County",4,60,628,311,317
050,42,123,"Pennsylvania","Warren County",4,61,603,310,293
050,42,123,"Pennsylvania","Warren County",4,62,609,317,292
050,42,123,"Pennsylvania","Warren County",4,63,649,330,319
050,42,123,"Pennsylvania","Warren County",4,64,658,331,327
050,42,123,"Pennsylvania","Warren County",4,65,653,314,339
050,42,123,"Pennsylvania","Warren County",4,66,611,300,311
050,42,123,"Pennsylvania","Warren County",4,67,613,319,294
050,42,123,"Pennsylvania","Warren County",4,68,592,311,281
050,42,123,"Pennsylvania","Warren County",4,69,586,298,288
050,42,123,"Pennsylvania","Warren County",4,70,549,266,283
050,42,123,"Pennsylvania","Warren County",4,71,482,243,239
050,42,123,"Pennsylvania","Warren County",4,72,463,221,242
050,42,123,"Pennsylvania","Warren County",4,73,452,217,235
050,42,123,"Pennsylvania","Warren County",4,74,452,203,249
050,42,123,"Pennsylvania","Warren County",4,75,493,231,262
050,42,123,"Pennsylvania","Warren County",4,76,319,156,163
050,42,123,"Pennsylvania","Warren County",4,77,301,140,161
050,42,123,"Pennsylvania","Warren County",4,78,319,143,176
050,42,123,"Pennsylvania","Warren County",4,79,336,165,171
050,42,123,"Pennsylvania","Warren County",4,80,306,146,160
050,42,123,"Pennsylvania","Warren County",4,81,229,106,123
050,42,123,"Pennsylvania","Warren County",4,82,201,95,106
050,42,123,"Pennsylvania","Warren County",4,83,202,89,113
050,42,123,"Pennsylvania","Warren County",4,84,187,88,99
050,42,123,"Pennsylvania","Warren County",4,85,1002,392,610
050,42,123,"Pennsylvania","Warren County",5,0,349,177,172
050,42,123,"Pennsylvania","Warren County",5,1,363,183,180
050,42,123,"Pennsylvania","Warren County",5,2,368,182,186
050,42,123,"Pennsylvania","Warren County",5,3,394,210,184
050,42,123,"Pennsylvania","Warren County",5,4,402,200,202
050,42,123,"Pennsylvania","Warren County",5,5,397,194,203
050,42,123,"Pennsylvania","Warren County",5,6,409,215,194
050,42,123,"Pennsylvania","Warren County",5,7,429,217,212
050,42,123,"Pennsylvania","Warren County",5,8,421,217,204
050,42,123,"Pennsylvania","Warren County",5,9,400,208,192
050,42,123,"Pennsylvania","Warren County",5,10,419,210,209
050,42,123,"Pennsylvania","Warren County",5,11,416,208,208
050,42,123,"Pennsylvania","Warren County",5,12,411,208,203
050,42,123,"Pennsylvania","Warren County",5,13,429,224,205
050,42,123,"Pennsylvania","Warren County",5,14,456,234,222
050,42,123,"Pennsylvania","Warren County",5,15,468,229,239
050,42,123,"Pennsylvania","Warren County",5,16,445,231,214
050,42,123,"Pennsylvania","Warren County",5,17,420,218,202
050,42,123,"Pennsylvania","Warren County",5,18,359,196,163
050,42,123,"Pennsylvania","Warren County",5,19,290,159,131
050,42,123,"Pennsylvania","Warren County",5,20,329,181,148
050,42,123,"Pennsylvania","Warren County",5,21,337,175,162
050,42,123,"Pennsylvania","Warren County",5,22,399,213,186
050,42,123,"Pennsylvania","Warren County",5,23,384,206,178
050,42,123,"Pennsylvania","Warren County",5,24,357,194,163
050,42,123,"Pennsylvania","Warren County",5,25,371,188,183
050,42,123,"Pennsylvania","Warren County",5,26,358,182,176
050,42,123,"Pennsylvania","Warren County",5,27,374,204,170
050,42,123,"Pennsylvania","Warren County",5,28,366,200,166
050,42,123,"Pennsylvania","Warren County",5,29,372,199,173
050,42,123,"Pennsylvania","Warren County",5,30,405,210,195
050,42,123,"Pennsylvania","Warren County",5,31,407,201,206
050,42,123,"Pennsylvania","Warren County",5,32,411,215,196
050,42,123,"Pennsylvania","Warren County",5,33,415,209,206
050,42,123,"Pennsylvania","Warren County",5,34,385,210,175
050,42,123,"Pennsylvania","Warren County",5,35,380,195,185
050,42,123,"Pennsylvania","Warren County",5,36,381,189,192
050,42,123,"Pennsylvania","Warren County",5,37,400,203,197
050,42,123,"Pennsylvania","Warren County",5,38,430,220,210
050,42,123,"Pennsylvania","Warren County",5,39,414,207,207
050,42,123,"Pennsylvania","Warren County",5,40,427,218,209
050,42,123,"Pennsylvania","Warren County",5,41,443,230,213
050,42,123,"Pennsylvania","Warren County",5,42,417,223,194
050,42,123,"Pennsylvania","Warren County",5,43,422,217,205
050,42,123,"Pennsylvania","Warren County",5,44,411,204,207
050,42,123,"Pennsylvania","Warren County",5,45,377,193,184
050,42,123,"Pennsylvania","Warren County",5,46,381,201,180
050,42,123,"Pennsylvania","Warren County",5,47,392,200,192
050,42,123,"Pennsylvania","Warren County",5,48,387,202,185
050,42,123,"Pennsylvania","Warren County",5,49,382,182,200
050,42,123,"Pennsylvania","Warren County",5,50,404,192,212
050,42,123,"Pennsylvania","Warren County",5,51,461,222,239
050,42,123,"Pennsylvania","Warren County",5,52,526,267,259
050,42,123,"Pennsylvania","Warren County",5,53,516,259,257
050,42,123,"Pennsylvania","Warren County",5,54,489,252,237
050,42,123,"Pennsylvania","Warren County",5,55,550,279,271
050,42,123,"Pennsylvania","Warren County",5,56,544,283,261
050,42,123,"Pennsylvania","Warren County",5,57,553,277,276
050,42,123,"Pennsylvania","Warren County",5,58,585,309,276
050,42,123,"Pennsylvania","Warren County",5,59,587,305,282
050,42,123,"Pennsylvania","Warren County",5,60,609,307,302
050,42,123,"Pennsylvania","Warren County",5,61,623,309,314
050,42,123,"Pennsylvania","Warren County",5,62,602,310,292
050,42,123,"Pennsylvania","Warren County",5,63,615,318,297
050,42,123,"Pennsylvania","Warren County",5,64,638,325,313
050,42,123,"Pennsylvania","Warren County",5,65,648,327,321
050,42,123,"Pennsylvania","Warren County",5,66,635,303,332
050,42,123,"Pennsylvania","Warren County",5,67,598,291,307
050,42,123,"Pennsylvania","Warren County",5,68,603,314,289
050,42,123,"Pennsylvania","Warren County",5,69,593,312,281
050,42,123,"Pennsylvania","Warren County",5,70,566,286,280
050,42,123,"Pennsylvania","Warren County",5,71,535,259,276
050,42,123,"Pennsylvania","Warren County",5,72,468,237,231
050,42,123,"Pennsylvania","Warren County",5,73,447,208,239
050,42,123,"Pennsylvania","Warren County",5,74,450,213,237
050,42,123,"Pennsylvania","Warren County",5,75,420,192,228
050,42,123,"Pennsylvania","Warren County",5,76,461,219,242
050,42,123,"Pennsylvania","Warren County",5,77,314,154,160
050,42,123,"Pennsylvania","Warren County",5,78,295,129,166
050,42,123,"Pennsylvania","Warren County",5,79,294,130,164
050,42,123,"Pennsylvania","Warren County",5,80,337,165,172
050,42,123,"Pennsylvania","Warren County",5,81,265,129,136
050,42,123,"Pennsylvania","Warren County",5,82,202,95,107
050,42,123,"Pennsylvania","Warren County",5,83,186,90,96
050,42,123,"Pennsylvania","Warren County",5,84,183,81,102
050,42,123,"Pennsylvania","Warren County",5,85,1011,407,604
050,42,125,"Pennsylvania","Washington County",1,0,2023,1033,990
050,42,125,"Pennsylvania","Washington County",1,1,2087,1044,1043
050,42,125,"Pennsylvania","Washington County",1,2,2100,1067,1033
050,42,125,"Pennsylvania","Washington County",1,3,2112,1054,1058
050,42,125,"Pennsylvania","Washington County",1,4,2202,1102,1100
050,42,125,"Pennsylvania","Washington County",1,5,2284,1174,1110
050,42,125,"Pennsylvania","Washington County",1,6,2293,1182,1111
050,42,125,"Pennsylvania","Washington County",1,7,2281,1177,1104
050,42,125,"Pennsylvania","Washington County",1,8,2293,1212,1081
050,42,125,"Pennsylvania","Washington County",1,9,2269,1175,1094
050,42,125,"Pennsylvania","Washington County",1,10,2355,1192,1163
050,42,125,"Pennsylvania","Washington County",1,11,2409,1227,1182
050,42,125,"Pennsylvania","Washington County",1,12,2515,1319,1196
050,42,125,"Pennsylvania","Washington County",1,13,2450,1268,1182
050,42,125,"Pennsylvania","Washington County",1,14,2400,1225,1175
050,42,125,"Pennsylvania","Washington County",1,15,2410,1192,1218
050,42,125,"Pennsylvania","Washington County",1,16,2537,1302,1235
050,42,125,"Pennsylvania","Washington County",1,17,2453,1241,1212
050,42,125,"Pennsylvania","Washington County",1,18,2453,1234,1219
050,42,125,"Pennsylvania","Washington County",1,19,2495,1280,1215
050,42,125,"Pennsylvania","Washington County",1,20,2467,1284,1183
050,42,125,"Pennsylvania","Washington County",1,21,2412,1245,1167
050,42,125,"Pennsylvania","Washington County",1,22,2340,1185,1155
050,42,125,"Pennsylvania","Washington County",1,23,2143,1092,1051
050,42,125,"Pennsylvania","Washington County",1,24,2191,1155,1036
050,42,125,"Pennsylvania","Washington County",1,25,2219,1150,1069
050,42,125,"Pennsylvania","Washington County",1,26,2204,1115,1089
050,42,125,"Pennsylvania","Washington County",1,27,2238,1142,1096
050,42,125,"Pennsylvania","Washington County",1,28,2279,1161,1118
050,42,125,"Pennsylvania","Washington County",1,29,2370,1245,1125
050,42,125,"Pennsylvania","Washington County",1,30,2466,1276,1190
050,42,125,"Pennsylvania","Washington County",1,31,2525,1290,1235
050,42,125,"Pennsylvania","Washington County",1,32,2419,1236,1183
050,42,125,"Pennsylvania","Washington County",1,33,2424,1256,1168
050,42,125,"Pennsylvania","Washington County",1,34,2483,1275,1208
050,42,125,"Pennsylvania","Washington County",1,35,2463,1258,1205
050,42,125,"Pennsylvania","Washington County",1,36,2406,1217,1189
050,42,125,"Pennsylvania","Washington County",1,37,2459,1255,1204
050,42,125,"Pennsylvania","Washington County",1,38,2515,1270,1245
050,42,125,"Pennsylvania","Washington County",1,39,2534,1299,1235
050,42,125,"Pennsylvania","Washington County",1,40,2528,1279,1249
050,42,125,"Pennsylvania","Washington County",1,41,2492,1264,1228
050,42,125,"Pennsylvania","Washington County",1,42,2496,1280,1216
050,42,125,"Pennsylvania","Washington County",1,43,2362,1183,1179
050,42,125,"Pennsylvania","Washington County",1,44,2375,1197,1178
050,42,125,"Pennsylvania","Washington County",1,45,2397,1221,1176
050,42,125,"Pennsylvania","Washington County",1,46,2309,1164,1145
050,42,125,"Pennsylvania","Washington County",1,47,2482,1289,1193
050,42,125,"Pennsylvania","Washington County",1,48,2774,1390,1384
050,42,125,"Pennsylvania","Washington County",1,49,2957,1499,1458
050,42,125,"Pennsylvania","Washington County",1,50,2767,1388,1379
050,42,125,"Pennsylvania","Washington County",1,51,2770,1374,1396
050,42,125,"Pennsylvania","Washington County",1,52,2756,1373,1383
050,42,125,"Pennsylvania","Washington County",1,53,2901,1447,1454
050,42,125,"Pennsylvania","Washington County",1,54,2969,1467,1502
050,42,125,"Pennsylvania","Washington County",1,55,3078,1536,1542
050,42,125,"Pennsylvania","Washington County",1,56,3076,1555,1521
050,42,125,"Pennsylvania","Washington County",1,57,3095,1551,1544
050,42,125,"Pennsylvania","Washington County",1,58,3231,1618,1613
050,42,125,"Pennsylvania","Washington County",1,59,3337,1608,1729
050,42,125,"Pennsylvania","Washington County",1,60,3287,1620,1667
050,42,125,"Pennsylvania","Washington County",1,61,3320,1620,1700
050,42,125,"Pennsylvania","Washington County",1,62,3343,1637,1706
050,42,125,"Pennsylvania","Washington County",1,63,3270,1591,1679
050,42,125,"Pennsylvania","Washington County",1,64,3236,1577,1659
050,42,125,"Pennsylvania","Washington County",1,65,3056,1514,1542
050,42,125,"Pennsylvania","Washington County",1,66,2946,1435,1511
050,42,125,"Pennsylvania","Washington County",1,67,2888,1408,1480
050,42,125,"Pennsylvania","Washington County",1,68,2876,1383,1493
050,42,125,"Pennsylvania","Washington County",1,69,2575,1245,1330
050,42,125,"Pennsylvania","Washington County",1,70,2502,1172,1330
050,42,125,"Pennsylvania","Washington County",1,71,2445,1155,1290
050,42,125,"Pennsylvania","Washington County",1,72,2577,1223,1354
050,42,125,"Pennsylvania","Washington County",1,73,2519,1229,1290
050,42,125,"Pennsylvania","Washington County",1,74,1648,802,846
050,42,125,"Pennsylvania","Washington County",1,75,1562,741,821
050,42,125,"Pennsylvania","Washington County",1,76,1618,749,869
050,42,125,"Pennsylvania","Washington County",1,77,1649,750,899
050,42,125,"Pennsylvania","Washington County",1,78,1431,625,806
050,42,125,"Pennsylvania","Washington County",1,79,1270,547,723
050,42,125,"Pennsylvania","Washington County",1,80,1155,477,678
050,42,125,"Pennsylvania","Washington County",1,81,1065,456,609
050,42,125,"Pennsylvania","Washington County",1,82,1026,447,579
050,42,125,"Pennsylvania","Washington County",1,83,908,352,556
050,42,125,"Pennsylvania","Washington County",1,84,865,322,543
050,42,125,"Pennsylvania","Washington County",1,85,5202,1753,3449
050,42,125,"Pennsylvania","Washington County",2,0,2028,1028,1000
050,42,125,"Pennsylvania","Washington County",2,1,2074,1036,1038
050,42,125,"Pennsylvania","Washington County",2,2,2107,1064,1043
050,42,125,"Pennsylvania","Washington County",2,3,2110,1057,1053
050,42,125,"Pennsylvania","Washington County",2,4,2192,1097,1095
050,42,125,"Pennsylvania","Washington County",2,5,2263,1157,1106
050,42,125,"Pennsylvania","Washington County",2,6,2294,1181,1113
050,42,125,"Pennsylvania","Washington County",2,7,2282,1176,1106
050,42,125,"Pennsylvania","Washington County",2,8,2284,1198,1086
050,42,125,"Pennsylvania","Washington County",2,9,2277,1186,1091
050,42,125,"Pennsylvania","Washington County",2,10,2334,1189,1145
050,42,125,"Pennsylvania","Washington County",2,11,2392,1220,1172
050,42,125,"Pennsylvania","Washington County",2,12,2502,1304,1198
050,42,125,"Pennsylvania","Washington County",2,13,2468,1281,1187
050,42,125,"Pennsylvania","Washington County",2,14,2416,1236,1180
050,42,125,"Pennsylvania","Washington County",2,15,2416,1205,1211
050,42,125,"Pennsylvania","Washington County",2,16,2515,1277,1238
050,42,125,"Pennsylvania","Washington County",2,17,2479,1257,1222
050,42,125,"Pennsylvania","Washington County",2,18,2436,1226,1210
050,42,125,"Pennsylvania","Washington County",2,19,2510,1287,1223
050,42,125,"Pennsylvania","Washington County",2,20,2491,1289,1202
050,42,125,"Pennsylvania","Washington County",2,21,2405,1240,1165
050,42,125,"Pennsylvania","Washington County",2,22,2334,1186,1148
050,42,125,"Pennsylvania","Washington County",2,23,2146,1090,1056
050,42,125,"Pennsylvania","Washington County",2,24,2187,1144,1043
050,42,125,"Pennsylvania","Washington County",2,25,2214,1151,1063
050,42,125,"Pennsylvania","Washington County",2,26,2205,1121,1084
050,42,125,"Pennsylvania","Washington County",2,27,2236,1143,1093
050,42,125,"Pennsylvania","Washington County",2,28,2274,1159,1115
050,42,125,"Pennsylvania","Washington County",2,29,2356,1229,1127
050,42,125,"Pennsylvania","Washington County",2,30,2476,1283,1193
050,42,125,"Pennsylvania","Washington County",2,31,2505,1283,1222
050,42,125,"Pennsylvania","Washington County",2,32,2458,1253,1205
050,42,125,"Pennsylvania","Washington County",2,33,2440,1262,1178
050,42,125,"Pennsylvania","Washington County",2,34,2485,1278,1207
050,42,125,"Pennsylvania","Washington County",2,35,2485,1270,1215
050,42,125,"Pennsylvania","Washington County",2,36,2398,1215,1183
050,42,125,"Pennsylvania","Washington County",2,37,2456,1253,1203
050,42,125,"Pennsylvania","Washington County",2,38,2522,1278,1244
050,42,125,"Pennsylvania","Washington County",2,39,2526,1291,1235
050,42,125,"Pennsylvania","Washington County",2,40,2552,1294,1258
050,42,125,"Pennsylvania","Washington County",2,41,2507,1269,1238
050,42,125,"Pennsylvania","Washington County",2,42,2483,1271,1212
050,42,125,"Pennsylvania","Washington County",2,43,2417,1220,1197
050,42,125,"Pennsylvania","Washington County",2,44,2359,1186,1173
050,42,125,"Pennsylvania","Washington County",2,45,2407,1223,1184
050,42,125,"Pennsylvania","Washington County",2,46,2316,1166,1150
050,42,125,"Pennsylvania","Washington County",2,47,2428,1251,1177
050,42,125,"Pennsylvania","Washington County",2,48,2699,1363,1336
050,42,125,"Pennsylvania","Washington County",2,49,2935,1486,1449
050,42,125,"Pennsylvania","Washington County",2,50,2815,1418,1397
050,42,125,"Pennsylvania","Washington County",2,51,2754,1371,1383
050,42,125,"Pennsylvania","Washington County",2,52,2746,1365,1381
050,42,125,"Pennsylvania","Washington County",2,53,2862,1426,1436
050,42,125,"Pennsylvania","Washington County",2,54,2943,1463,1480
050,42,125,"Pennsylvania","Washington County",2,55,3052,1521,1531
050,42,125,"Pennsylvania","Washington County",2,56,3081,1553,1528
050,42,125,"Pennsylvania","Washington County",2,57,3092,1553,1539
050,42,125,"Pennsylvania","Washington County",2,58,3186,1591,1595
050,42,125,"Pennsylvania","Washington County",2,59,3324,1619,1705
050,42,125,"Pennsylvania","Washington County",2,60,3286,1610,1676
050,42,125,"Pennsylvania","Washington County",2,61,3293,1607,1686
050,42,125,"Pennsylvania","Washington County",2,62,3327,1626,1701
050,42,125,"Pennsylvania","Washington County",2,63,3317,1616,1701
050,42,125,"Pennsylvania","Washington County",2,64,3221,1566,1655
050,42,125,"Pennsylvania","Washington County",2,65,3088,1518,1570
050,42,125,"Pennsylvania","Washington County",2,66,2968,1453,1515
050,42,125,"Pennsylvania","Washington County",2,67,2883,1402,1481
050,42,125,"Pennsylvania","Washington County",2,68,2850,1375,1475
050,42,125,"Pennsylvania","Washington County",2,69,2653,1280,1373
050,42,125,"Pennsylvania","Washington County",2,70,2513,1187,1326
050,42,125,"Pennsylvania","Washington County",2,71,2457,1158,1299
050,42,125,"Pennsylvania","Washington County",2,72,2494,1182,1312
050,42,125,"Pennsylvania","Washington County",2,73,2644,1281,1363
050,42,125,"Pennsylvania","Washington County",2,74,1731,845,886
050,42,125,"Pennsylvania","Washington County",2,75,1577,752,825
050,42,125,"Pennsylvania","Washington County",2,76,1581,736,845
050,42,125,"Pennsylvania","Washington County",2,77,1652,753,899
050,42,125,"Pennsylvania","Washington County",2,78,1444,632,812
050,42,125,"Pennsylvania","Washington County",2,79,1279,554,725
050,42,125,"Pennsylvania","Washington County",2,80,1172,488,684
050,42,125,"Pennsylvania","Washington County",2,81,1064,456,608
050,42,125,"Pennsylvania","Washington County",2,82,1026,444,582
050,42,125,"Pennsylvania","Washington County",2,83,906,364,542
050,42,125,"Pennsylvania","Washington County",2,84,860,323,537
050,42,125,"Pennsylvania","Washington County",2,85,5212,1763,3449
050,42,125,"Pennsylvania","Washington County",3,0,1844,963,881
050,42,125,"Pennsylvania","Washington County",3,1,2094,1081,1013
050,42,125,"Pennsylvania","Washington County",3,2,2119,1064,1055
050,42,125,"Pennsylvania","Washington County",3,3,2154,1079,1075
050,42,125,"Pennsylvania","Washington County",3,4,2151,1089,1062
050,42,125,"Pennsylvania","Washington County",3,5,2213,1113,1100
050,42,125,"Pennsylvania","Washington County",3,6,2333,1193,1140
050,42,125,"Pennsylvania","Washington County",3,7,2306,1195,1111
050,42,125,"Pennsylvania","Washington County",3,8,2309,1195,1114
050,42,125,"Pennsylvania","Washington County",3,9,2319,1214,1105
050,42,125,"Pennsylvania","Washington County",3,10,2285,1187,1098
050,42,125,"Pennsylvania","Washington County",3,11,2382,1205,1177
050,42,125,"Pennsylvania","Washington County",3,12,2390,1222,1168
050,42,125,"Pennsylvania","Washington County",3,13,2520,1309,1211
050,42,125,"Pennsylvania","Washington County",3,14,2498,1292,1206
050,42,125,"Pennsylvania","Washington County",3,15,2415,1222,1193
050,42,125,"Pennsylvania","Washington County",3,16,2435,1208,1227
050,42,125,"Pennsylvania","Washington County",3,17,2506,1275,1231
050,42,125,"Pennsylvania","Washington County",3,18,2505,1264,1241
050,42,125,"Pennsylvania","Washington County",3,19,2570,1314,1256
050,42,125,"Pennsylvania","Washington County",3,20,2535,1304,1231
050,42,125,"Pennsylvania","Washington County",3,21,2448,1266,1182
050,42,125,"Pennsylvania","Washington County",3,22,2381,1230,1151
050,42,125,"Pennsylvania","Washington County",3,23,2141,1113,1028
050,42,125,"Pennsylvania","Washington County",3,24,2181,1097,1084
050,42,125,"Pennsylvania","Washington County",3,25,2209,1145,1064
050,42,125,"Pennsylvania","Washington County",3,26,2203,1127,1076
050,42,125,"Pennsylvania","Washington County",3,27,2247,1153,1094
050,42,125,"Pennsylvania","Washington County",3,28,2257,1131,1126
050,42,125,"Pennsylvania","Washington County",3,29,2332,1200,1132
050,42,125,"Pennsylvania","Washington County",3,30,2434,1241,1193
050,42,125,"Pennsylvania","Washington County",3,31,2514,1302,1212
050,42,125,"Pennsylvania","Washington County",3,32,2588,1323,1265
050,42,125,"Pennsylvania","Washington County",3,33,2511,1288,1223
050,42,125,"Pennsylvania","Washington County",3,34,2495,1282,1213
050,42,125,"Pennsylvania","Washington County",3,35,2557,1305,1252
050,42,125,"Pennsylvania","Washington County",3,36,2525,1270,1255
050,42,125,"Pennsylvania","Washington County",3,37,2469,1254,1215
050,42,125,"Pennsylvania","Washington County",3,38,2503,1276,1227
050,42,125,"Pennsylvania","Washington County",3,39,2566,1314,1252
050,42,125,"Pennsylvania","Washington County",3,40,2546,1301,1245
050,42,125,"Pennsylvania","Washington County",3,41,2565,1300,1265
050,42,125,"Pennsylvania","Washington County",3,42,2543,1289,1254
050,42,125,"Pennsylvania","Washington County",3,43,2490,1275,1215
050,42,125,"Pennsylvania","Washington County",3,44,2419,1224,1195
050,42,125,"Pennsylvania","Washington County",3,45,2368,1195,1173
050,42,125,"Pennsylvania","Washington County",3,46,2415,1230,1185
050,42,125,"Pennsylvania","Washington County",3,47,2311,1175,1136
050,42,125,"Pennsylvania","Washington County",3,48,2436,1255,1181
050,42,125,"Pennsylvania","Washington County",3,49,2696,1355,1341
050,42,125,"Pennsylvania","Washington County",3,50,2945,1489,1456
050,42,125,"Pennsylvania","Washington County",3,51,2818,1418,1400
050,42,125,"Pennsylvania","Washington County",3,52,2731,1355,1376
050,42,125,"Pennsylvania","Washington County",3,53,2733,1349,1384
050,42,125,"Pennsylvania","Washington County",3,54,2851,1427,1424
050,42,125,"Pennsylvania","Washington County",3,55,2942,1463,1479
050,42,125,"Pennsylvania","Washington County",3,56,3035,1510,1525
050,42,125,"Pennsylvania","Washington County",3,57,3110,1569,1541
050,42,125,"Pennsylvania","Washington County",3,58,3078,1532,1546
050,42,125,"Pennsylvania","Washington County",3,59,3186,1595,1591
050,42,125,"Pennsylvania","Washington County",3,60,3297,1611,1686
050,42,125,"Pennsylvania","Washington County",3,61,3248,1585,1663
050,42,125,"Pennsylvania","Washington County",3,62,3265,1588,1677
050,42,125,"Pennsylvania","Washington County",3,63,3293,1594,1699
050,42,125,"Pennsylvania","Washington County",3,64,3282,1592,1690
050,42,125,"Pennsylvania","Washington County",3,65,3171,1543,1628
050,42,125,"Pennsylvania","Washington County",3,66,3035,1479,1556
050,42,125,"Pennsylvania","Washington County",3,67,2941,1435,1506
050,42,125,"Pennsylvania","Washington County",3,68,2814,1361,1453
050,42,125,"Pennsylvania","Washington County",3,69,2808,1346,1462
050,42,125,"Pennsylvania","Washington County",3,70,2611,1253,1358
050,42,125,"Pennsylvania","Washington County",3,71,2461,1167,1294
050,42,125,"Pennsylvania","Washington County",3,72,2422,1128,1294
050,42,125,"Pennsylvania","Washington County",3,73,2384,1126,1258
050,42,125,"Pennsylvania","Washington County",3,74,2571,1235,1336
050,42,125,"Pennsylvania","Washington County",3,75,1667,804,863
050,42,125,"Pennsylvania","Washington County",3,76,1540,727,813
050,42,125,"Pennsylvania","Washington County",3,77,1504,694,810
050,42,125,"Pennsylvania","Washington County",3,78,1604,722,882
050,42,125,"Pennsylvania","Washington County",3,79,1346,580,766
050,42,125,"Pennsylvania","Washington County",3,80,1222,533,689
050,42,125,"Pennsylvania","Washington County",3,81,1077,444,633
050,42,125,"Pennsylvania","Washington County",3,82,994,413,581
050,42,125,"Pennsylvania","Washington County",3,83,904,377,527
050,42,125,"Pennsylvania","Washington County",3,84,832,333,499
050,42,125,"Pennsylvania","Washington County",3,85,5099,1719,3380
050,42,125,"Pennsylvania","Washington County",4,0,1916,1019,897
050,42,125,"Pennsylvania","Washington County",4,1,1933,1006,927
050,42,125,"Pennsylvania","Washington County",4,2,2168,1114,1054
050,42,125,"Pennsylvania","Washington County",4,3,2198,1108,1090
050,42,125,"Pennsylvania","Washington County",4,4,2212,1112,1100
050,42,125,"Pennsylvania","Washington County",4,5,2167,1094,1073
050,42,125,"Pennsylvania","Washington County",4,6,2276,1151,1125
050,42,125,"Pennsylvania","Washington County",4,7,2345,1201,1144
050,42,125,"Pennsylvania","Washington County",4,8,2345,1223,1122
050,42,125,"Pennsylvania","Washington County",4,9,2352,1210,1142
050,42,125,"Pennsylvania","Washington County",4,10,2323,1206,1117
050,42,125,"Pennsylvania","Washington County",4,11,2287,1192,1095
050,42,125,"Pennsylvania","Washington County",4,12,2384,1207,1177
050,42,125,"Pennsylvania","Washington County",4,13,2401,1217,1184
050,42,125,"Pennsylvania","Washington County",4,14,2496,1291,1205
050,42,125,"Pennsylvania","Washington County",4,15,2511,1287,1224
050,42,125,"Pennsylvania","Washington County",4,16,2427,1234,1193
050,42,125,"Pennsylvania","Washington County",4,17,2423,1202,1221
050,42,125,"Pennsylvania","Washington County",4,18,2415,1229,1186
050,42,125,"Pennsylvania","Washington County",4,19,2391,1241,1150
050,42,125,"Pennsylvania","Washington County",4,20,2358,1200,1158
050,42,125,"Pennsylvania","Washington County",4,21,2340,1195,1145
050,42,125,"Pennsylvania","Washington County",4,22,2375,1218,1157
050,42,125,"Pennsylvania","Washington County",4,23,2222,1132,1090
050,42,125,"Pennsylvania","Washington County",4,24,2164,1107,1057
050,42,125,"Pennsylvania","Washington County",4,25,2159,1105,1054
050,42,125,"Pennsylvania","Washington County",4,26,2174,1131,1043
050,42,125,"Pennsylvania","Washington County",4,27,2257,1152,1105
050,42,125,"Pennsylvania","Washington County",4,28,2282,1163,1119
050,42,125,"Pennsylvania","Washington County",4,29,2310,1173,1137
050,42,125,"Pennsylvania","Washington County",4,30,2349,1203,1146
050,42,125,"Pennsylvania","Washington County",4,31,2464,1253,1211
050,42,125,"Pennsylvania","Washington County",4,32,2592,1358,1234
050,42,125,"Pennsylvania","Washington County",4,33,2668,1351,1317
050,42,125,"Pennsylvania","Washington County",4,34,2531,1276,1255
050,42,125,"Pennsylvania","Washington County",4,35,2532,1290,1242
050,42,125,"Pennsylvania","Washington County",4,36,2604,1324,1280
050,42,125,"Pennsylvania","Washington County",4,37,2591,1315,1276
050,42,125,"Pennsylvania","Washington County",4,38,2508,1260,1248
050,42,125,"Pennsylvania","Washington County",4,39,2547,1307,1240
050,42,125,"Pennsylvania","Washington County",4,40,2630,1347,1283
050,42,125,"Pennsylvania","Washington County",4,41,2575,1323,1252
050,42,125,"Pennsylvania","Washington County",4,42,2608,1315,1293
050,42,125,"Pennsylvania","Washington County",4,43,2535,1277,1258
050,42,125,"Pennsylvania","Washington County",4,44,2508,1293,1215
050,42,125,"Pennsylvania","Washington County",4,45,2434,1229,1205
050,42,125,"Pennsylvania","Washington County",4,46,2382,1192,1190
050,42,125,"Pennsylvania","Washington County",4,47,2434,1252,1182
050,42,125,"Pennsylvania","Washington County",4,48,2301,1172,1129
050,42,125,"Pennsylvania","Washington County",4,49,2434,1244,1190
050,42,125,"Pennsylvania","Washington County",4,50,2716,1358,1358
050,42,125,"Pennsylvania","Washington County",4,51,2941,1491,1450
050,42,125,"Pennsylvania","Washington County",4,52,2820,1405,1415
050,42,125,"Pennsylvania","Washington County",4,53,2705,1325,1380
050,42,125,"Pennsylvania","Washington County",4,54,2742,1380,1362
050,42,125,"Pennsylvania","Washington County",4,55,2856,1441,1415
050,42,125,"Pennsylvania","Washington County",4,56,2915,1440,1475
050,42,125,"Pennsylvania","Washington County",4,57,3041,1512,1529
050,42,125,"Pennsylvania","Washington County",4,58,3074,1543,1531
050,42,125,"Pennsylvania","Washington County",4,59,3084,1540,1544
050,42,125,"Pennsylvania","Washington County",4,60,3152,1568,1584
050,42,125,"Pennsylvania","Washington County",4,61,3245,1582,1663
050,42,125,"Pennsylvania","Washington County",4,62,3226,1574,1652
050,42,125,"Pennsylvania","Washington County",4,63,3230,1572,1658
050,42,125,"Pennsylvania","Washington County",4,64,3248,1567,1681
050,42,125,"Pennsylvania","Washington County",4,65,3243,1553,1690
050,42,125,"Pennsylvania","Washington County",4,66,3111,1481,1630
050,42,125,"Pennsylvania","Washington County",4,67,3000,1460,1540
050,42,125,"Pennsylvania","Washington County",4,68,2892,1399,1493
050,42,125,"Pennsylvania","Washington County",4,69,2756,1320,1436
050,42,125,"Pennsylvania","Washington County",4,70,2765,1311,1454
050,42,125,"Pennsylvania","Washington County",4,71,2593,1252,1341
050,42,125,"Pennsylvania","Washington County",4,72,2425,1141,1284
050,42,125,"Pennsylvania","Washington County",4,73,2347,1081,1266
050,42,125,"Pennsylvania","Washington County",4,74,2308,1091,1217
050,42,125,"Pennsylvania","Washington County",4,75,2474,1181,1293
050,42,125,"Pennsylvania","Washington County",4,76,1625,779,846
050,42,125,"Pennsylvania","Washington County",4,77,1461,680,781
050,42,125,"Pennsylvania","Washington County",4,78,1449,660,789
050,42,125,"Pennsylvania","Washington County",4,79,1494,660,834
050,42,125,"Pennsylvania","Washington County",4,80,1293,557,736
050,42,125,"Pennsylvania","Washington County",4,81,1120,491,629
050,42,125,"Pennsylvania","Washington County",4,82,1005,403,602
050,42,125,"Pennsylvania","Washington County",4,83,888,352,536
050,42,125,"Pennsylvania","Washington County",4,84,844,351,493
050,42,125,"Pennsylvania","Washington County",4,85,5014,1675,3339
050,42,125,"Pennsylvania","Washington County",5,0,1847,980,867
050,42,125,"Pennsylvania","Washington County",5,1,1964,1053,911
050,42,125,"Pennsylvania","Washington County",5,2,1966,1025,941
050,42,125,"Pennsylvania","Washington County",5,3,2196,1119,1077
050,42,125,"Pennsylvania","Washington County",5,4,2240,1126,1114
050,42,125,"Pennsylvania","Washington County",5,5,2274,1150,1124
050,42,125,"Pennsylvania","Washington County",5,6,2230,1111,1119
050,42,125,"Pennsylvania","Washington County",5,7,2321,1168,1153
050,42,125,"Pennsylvania","Washington County",5,8,2378,1205,1173
050,42,125,"Pennsylvania","Washington County",5,9,2385,1240,1145
050,42,125,"Pennsylvania","Washington County",5,10,2387,1226,1161
050,42,125,"Pennsylvania","Washington County",5,11,2329,1222,1107
050,42,125,"Pennsylvania","Washington County",5,12,2282,1203,1079
050,42,125,"Pennsylvania","Washington County",5,13,2415,1231,1184
050,42,125,"Pennsylvania","Washington County",5,14,2388,1210,1178
050,42,125,"Pennsylvania","Washington County",5,15,2506,1301,1205
050,42,125,"Pennsylvania","Washington County",5,16,2513,1293,1220
050,42,125,"Pennsylvania","Washington County",5,17,2421,1233,1188
050,42,125,"Pennsylvania","Washington County",5,18,2346,1172,1174
050,42,125,"Pennsylvania","Washington County",5,19,2397,1240,1157
050,42,125,"Pennsylvania","Washington County",5,20,2401,1236,1165
050,42,125,"Pennsylvania","Washington County",5,21,2290,1154,1136
050,42,125,"Pennsylvania","Washington County",5,22,2281,1159,1122
050,42,125,"Pennsylvania","Washington County",5,23,2203,1104,1099
050,42,125,"Pennsylvania","Washington County",5,24,2208,1119,1089
050,42,125,"Pennsylvania","Washington County",5,25,2165,1091,1074
050,42,125,"Pennsylvania","Washington County",5,26,2105,1059,1046
050,42,125,"Pennsylvania","Washington County",5,27,2221,1168,1053
050,42,125,"Pennsylvania","Washington County",5,28,2245,1156,1089
050,42,125,"Pennsylvania","Washington County",5,29,2286,1185,1101
050,42,125,"Pennsylvania","Washington County",5,30,2388,1184,1204
050,42,125,"Pennsylvania","Washington County",5,31,2358,1185,1173
050,42,125,"Pennsylvania","Washington County",5,32,2567,1301,1266
050,42,125,"Pennsylvania","Washington County",5,33,2688,1399,1289
050,42,125,"Pennsylvania","Washington County",5,34,2701,1356,1345
050,42,125,"Pennsylvania","Washington County",5,35,2592,1284,1308
050,42,125,"Pennsylvania","Washington County",5,36,2583,1298,1285
050,42,125,"Pennsylvania","Washington County",5,37,2636,1345,1291
050,42,125,"Pennsylvania","Washington County",5,38,2616,1319,1297
050,42,125,"Pennsylvania","Washington County",5,39,2547,1281,1266
050,42,125,"Pennsylvania","Washington County",5,40,2571,1310,1261
050,42,125,"Pennsylvania","Washington County",5,41,2662,1383,1279
050,42,125,"Pennsylvania","Washington County",5,42,2539,1308,1231
050,42,125,"Pennsylvania","Washington County",5,43,2622,1326,1296
050,42,125,"Pennsylvania","Washington County",5,44,2555,1300,1255
050,42,125,"Pennsylvania","Washington County",5,45,2503,1284,1219
050,42,125,"Pennsylvania","Washington County",5,46,2434,1222,1212
050,42,125,"Pennsylvania","Washington County",5,47,2370,1194,1176
050,42,125,"Pennsylvania","Washington County",5,48,2433,1236,1197
050,42,125,"Pennsylvania","Washington County",5,49,2307,1182,1125
050,42,125,"Pennsylvania","Washington County",5,50,2439,1243,1196
050,42,125,"Pennsylvania","Washington County",5,51,2712,1353,1359
050,42,125,"Pennsylvania","Washington County",5,52,2931,1480,1451
050,42,125,"Pennsylvania","Washington County",5,53,2810,1399,1411
050,42,125,"Pennsylvania","Washington County",5,54,2675,1315,1360
050,42,125,"Pennsylvania","Washington County",5,55,2730,1368,1362
050,42,125,"Pennsylvania","Washington County",5,56,2858,1449,1409
050,42,125,"Pennsylvania","Washington County",5,57,2904,1426,1478
050,42,125,"Pennsylvania","Washington County",5,58,3006,1489,1517
050,42,125,"Pennsylvania","Washington County",5,59,3097,1555,1542
050,42,125,"Pennsylvania","Washington County",5,60,3056,1505,1551
050,42,125,"Pennsylvania","Washington County",5,61,3101,1536,1565
050,42,125,"Pennsylvania","Washington County",5,62,3215,1572,1643
050,42,125,"Pennsylvania","Washington County",5,63,3209,1568,1641
050,42,125,"Pennsylvania","Washington County",5,64,3203,1554,1649
050,42,125,"Pennsylvania","Washington County",5,65,3199,1531,1668
050,42,125,"Pennsylvania","Washington County",5,66,3204,1515,1689
050,42,125,"Pennsylvania","Washington County",5,67,3086,1465,1621
050,42,125,"Pennsylvania","Washington County",5,68,2953,1433,1520
050,42,125,"Pennsylvania","Washington County",5,69,2830,1375,1455
050,42,125,"Pennsylvania","Washington County",5,70,2730,1296,1434
050,42,125,"Pennsylvania","Washington County",5,71,2712,1283,1429
050,42,125,"Pennsylvania","Washington County",5,72,2557,1227,1330
050,42,125,"Pennsylvania","Washington County",5,73,2340,1102,1238
050,42,125,"Pennsylvania","Washington County",5,74,2292,1060,1232
050,42,125,"Pennsylvania","Washington County",5,75,2227,1049,1178
050,42,125,"Pennsylvania","Washington County",5,76,2423,1150,1273
050,42,125,"Pennsylvania","Washington County",5,77,1554,739,815
050,42,125,"Pennsylvania","Washington County",5,78,1432,656,776
050,42,125,"Pennsylvania","Washington County",5,79,1358,602,756
050,42,125,"Pennsylvania","Washington County",5,80,1434,636,798
050,42,125,"Pennsylvania","Washington County",5,81,1217,523,694
050,42,125,"Pennsylvania","Washington County",5,82,1061,462,599
050,42,125,"Pennsylvania","Washington County",5,83,926,356,570
050,42,125,"Pennsylvania","Washington County",5,84,827,327,500
050,42,125,"Pennsylvania","Washington County",5,85,5062,1721,3341
050,42,127,"Pennsylvania","Wayne County",1,0,373,191,182
050,42,127,"Pennsylvania","Wayne County",1,1,403,203,200
050,42,127,"Pennsylvania","Wayne County",1,2,395,209,186
050,42,127,"Pennsylvania","Wayne County",1,3,417,197,220
050,42,127,"Pennsylvania","Wayne County",1,4,433,216,217
050,42,127,"Pennsylvania","Wayne County",1,5,472,242,230
050,42,127,"Pennsylvania","Wayne County",1,6,473,259,214
050,42,127,"Pennsylvania","Wayne County",1,7,464,227,237
050,42,127,"Pennsylvania","Wayne County",1,8,474,253,221
050,42,127,"Pennsylvania","Wayne County",1,9,462,238,224
050,42,127,"Pennsylvania","Wayne County",1,10,491,266,225
050,42,127,"Pennsylvania","Wayne County",1,11,465,249,216
050,42,127,"Pennsylvania","Wayne County",1,12,505,265,240
050,42,127,"Pennsylvania","Wayne County",1,13,514,265,249
050,42,127,"Pennsylvania","Wayne County",1,14,538,281,257
050,42,127,"Pennsylvania","Wayne County",1,15,508,258,250
050,42,127,"Pennsylvania","Wayne County",1,16,545,292,253
050,42,127,"Pennsylvania","Wayne County",1,17,594,321,273
050,42,127,"Pennsylvania","Wayne County",1,18,490,264,226
050,42,127,"Pennsylvania","Wayne County",1,19,406,221,185
050,42,127,"Pennsylvania","Wayne County",1,20,439,227,212
050,42,127,"Pennsylvania","Wayne County",1,21,464,257,207
050,42,127,"Pennsylvania","Wayne County",1,22,514,279,235
050,42,127,"Pennsylvania","Wayne County",1,23,560,316,244
050,42,127,"Pennsylvania","Wayne County",1,24,534,312,222
050,42,127,"Pennsylvania","Wayne County",1,25,535,304,231
050,42,127,"Pennsylvania","Wayne County",1,26,542,310,232
050,42,127,"Pennsylvania","Wayne County",1,27,526,313,213
050,42,127,"Pennsylvania","Wayne County",1,28,531,319,212
050,42,127,"Pennsylvania","Wayne County",1,29,542,314,228
050,42,127,"Pennsylvania","Wayne County",1,30,599,354,245
050,42,127,"Pennsylvania","Wayne County",1,31,569,347,222
050,42,127,"Pennsylvania","Wayne County",1,32,574,332,242
050,42,127,"Pennsylvania","Wayne County",1,33,606,362,244
050,42,127,"Pennsylvania","Wayne County",1,34,607,360,247
050,42,127,"Pennsylvania","Wayne County",1,35,593,347,246
050,42,127,"Pennsylvania","Wayne County",1,36,565,306,259
050,42,127,"Pennsylvania","Wayne County",1,37,605,333,272
050,42,127,"Pennsylvania","Wayne County",1,38,574,328,246
050,42,127,"Pennsylvania","Wayne County",1,39,589,331,258
050,42,127,"Pennsylvania","Wayne County",1,40,562,328,234
050,42,127,"Pennsylvania","Wayne County",1,41,530,305,225
050,42,127,"Pennsylvania","Wayne County",1,42,546,305,241
050,42,127,"Pennsylvania","Wayne County",1,43,579,337,242
050,42,127,"Pennsylvania","Wayne County",1,44,546,312,234
050,42,127,"Pennsylvania","Wayne County",1,45,582,333,249
050,42,127,"Pennsylvania","Wayne County",1,46,562,323,239
050,42,127,"Pennsylvania","Wayne County",1,47,603,332,271
050,42,127,"Pennsylvania","Wayne County",1,48,654,362,292
050,42,127,"Pennsylvania","Wayne County",1,49,719,404,315
050,42,127,"Pennsylvania","Wayne County",1,50,737,417,320
050,42,127,"Pennsylvania","Wayne County",1,51,717,392,325
050,42,127,"Pennsylvania","Wayne County",1,52,675,349,326
050,42,127,"Pennsylvania","Wayne County",1,53,702,363,339
050,42,127,"Pennsylvania","Wayne County",1,54,751,385,366
050,42,127,"Pennsylvania","Wayne County",1,55,778,398,380
050,42,127,"Pennsylvania","Wayne County",1,56,833,434,399
050,42,127,"Pennsylvania","Wayne County",1,57,857,434,423
050,42,127,"Pennsylvania","Wayne County",1,58,868,455,413
050,42,127,"Pennsylvania","Wayne County",1,59,901,463,438
050,42,127,"Pennsylvania","Wayne County",1,60,887,466,421
050,42,127,"Pennsylvania","Wayne County",1,61,894,487,407
050,42,127,"Pennsylvania","Wayne County",1,62,911,485,426
050,42,127,"Pennsylvania","Wayne County",1,63,864,449,415
050,42,127,"Pennsylvania","Wayne County",1,64,830,433,397
050,42,127,"Pennsylvania","Wayne County",1,65,813,416,397
050,42,127,"Pennsylvania","Wayne County",1,66,819,404,415
050,42,127,"Pennsylvania","Wayne County",1,67,840,411,429
050,42,127,"Pennsylvania","Wayne County",1,68,820,399,421
050,42,127,"Pennsylvania","Wayne County",1,69,769,388,381
050,42,127,"Pennsylvania","Wayne County",1,70,749,373,376
050,42,127,"Pennsylvania","Wayne County",1,71,757,378,379
050,42,127,"Pennsylvania","Wayne County",1,72,752,395,357
050,42,127,"Pennsylvania","Wayne County",1,73,770,385,385
050,42,127,"Pennsylvania","Wayne County",1,74,533,256,277
050,42,127,"Pennsylvania","Wayne County",1,75,564,289,275
050,42,127,"Pennsylvania","Wayne County",1,76,516,266,250
050,42,127,"Pennsylvania","Wayne County",1,77,512,275,237
050,42,127,"Pennsylvania","Wayne County",1,78,426,221,205
050,42,127,"Pennsylvania","Wayne County",1,79,393,184,209
050,42,127,"Pennsylvania","Wayne County",1,80,337,162,175
050,42,127,"Pennsylvania","Wayne County",1,81,292,139,153
050,42,127,"Pennsylvania","Wayne County",1,82,276,140,136
050,42,127,"Pennsylvania","Wayne County",1,83,254,122,132
050,42,127,"Pennsylvania","Wayne County",1,84,229,104,125
050,42,127,"Pennsylvania","Wayne County",1,85,1150,442,708
050,42,127,"Pennsylvania","Wayne County",2,0,390,200,190
050,42,127,"Pennsylvania","Wayne County",2,1,396,201,195
050,42,127,"Pennsylvania","Wayne County",2,2,398,208,190
050,42,127,"Pennsylvania","Wayne County",2,3,413,200,213
050,42,127,"Pennsylvania","Wayne County",2,4,436,214,222
050,42,127,"Pennsylvania","Wayne County",2,5,462,236,226
050,42,127,"Pennsylvania","Wayne County",2,6,475,255,220
050,42,127,"Pennsylvania","Wayne County",2,7,465,235,230
050,42,127,"Pennsylvania","Wayne County",2,8,472,246,226
050,42,127,"Pennsylvania","Wayne County",2,9,467,242,225
050,42,127,"Pennsylvania","Wayne County",2,10,488,260,228
050,42,127,"Pennsylvania","Wayne County",2,11,474,254,220
050,42,127,"Pennsylvania","Wayne County",2,12,504,265,239
050,42,127,"Pennsylvania","Wayne County",2,13,511,265,246
050,42,127,"Pennsylvania","Wayne County",2,14,530,276,254
050,42,127,"Pennsylvania","Wayne County",2,15,515,263,252
050,42,127,"Pennsylvania","Wayne County",2,16,537,286,251
050,42,127,"Pennsylvania","Wayne County",2,17,579,313,266
050,42,127,"Pennsylvania","Wayne County",2,18,491,267,224
050,42,127,"Pennsylvania","Wayne County",2,19,401,218,183
050,42,127,"Pennsylvania","Wayne County",2,20,442,231,211
050,42,127,"Pennsylvania","Wayne County",2,21,466,255,211
050,42,127,"Pennsylvania","Wayne County",2,22,510,279,231
050,42,127,"Pennsylvania","Wayne County",2,23,549,312,237
050,42,127,"Pennsylvania","Wayne County",2,24,535,309,226
050,42,127,"Pennsylvania","Wayne County",2,25,535,303,232
050,42,127,"Pennsylvania","Wayne County",2,26,542,311,231
050,42,127,"Pennsylvania","Wayne County",2,27,525,307,218
050,42,127,"Pennsylvania","Wayne County",2,28,535,319,216
050,42,127,"Pennsylvania","Wayne County",2,29,544,319,225
050,42,127,"Pennsylvania","Wayne County",2,30,592,352,240
050,42,127,"Pennsylvania","Wayne County",2,31,579,350,229
050,42,127,"Pennsylvania","Wayne County",2,32,573,334,239
050,42,127,"Pennsylvania","Wayne County",2,33,602,356,246
050,42,127,"Pennsylvania","Wayne County",2,34,608,362,246
050,42,127,"Pennsylvania","Wayne County",2,35,601,349,252
050,42,127,"Pennsylvania","Wayne County",2,36,567,311,256
050,42,127,"Pennsylvania","Wayne County",2,37,598,328,270
050,42,127,"Pennsylvania","Wayne County",2,38,585,331,254
050,42,127,"Pennsylvania","Wayne County",2,39,587,333,254
050,42,127,"Pennsylvania","Wayne County",2,40,569,328,241
050,42,127,"Pennsylvania","Wayne County",2,41,536,309,227
050,42,127,"Pennsylvania","Wayne County",2,42,542,306,236
050,42,127,"Pennsylvania","Wayne County",2,43,581,336,245
050,42,127,"Pennsylvania","Wayne County",2,44,540,308,232
050,42,127,"Pennsylvania","Wayne County",2,45,579,331,248
050,42,127,"Pennsylvania","Wayne County",2,46,559,318,241
050,42,127,"Pennsylvania","Wayne County",2,47,595,330,265
050,42,127,"Pennsylvania","Wayne County",2,48,645,357,288
050,42,127,"Pennsylvania","Wayne County",2,49,706,395,311
050,42,127,"Pennsylvania","Wayne County",2,50,738,418,320
050,42,127,"Pennsylvania","Wayne County",2,51,719,396,323
050,42,127,"Pennsylvania","Wayne County",2,52,685,358,327
050,42,127,"Pennsylvania","Wayne County",2,53,693,359,334
050,42,127,"Pennsylvania","Wayne County",2,54,740,381,359
050,42,127,"Pennsylvania","Wayne County",2,55,772,392,380
050,42,127,"Pennsylvania","Wayne County",2,56,828,429,399
050,42,127,"Pennsylvania","Wayne County",2,57,848,432,416
050,42,127,"Pennsylvania","Wayne County",2,58,868,452,416
050,42,127,"Pennsylvania","Wayne County",2,59,900,464,436
050,42,127,"Pennsylvania","Wayne County",2,60,891,464,427
050,42,127,"Pennsylvania","Wayne County",2,61,893,483,410
050,42,127,"Pennsylvania","Wayne County",2,62,903,483,420
050,42,127,"Pennsylvania","Wayne County",2,63,892,468,424
050,42,127,"Pennsylvania","Wayne County",2,64,835,436,399
050,42,127,"Pennsylvania","Wayne County",2,65,819,418,401
050,42,127,"Pennsylvania","Wayne County",2,66,813,407,406
050,42,127,"Pennsylvania","Wayne County",2,67,830,407,423
050,42,127,"Pennsylvania","Wayne County",2,68,816,396,420
050,42,127,"Pennsylvania","Wayne County",2,69,790,394,396
050,42,127,"Pennsylvania","Wayne County",2,70,748,371,377
050,42,127,"Pennsylvania","Wayne County",2,71,751,374,377
050,42,127,"Pennsylvania","Wayne County",2,72,739,384,355
050,42,127,"Pennsylvania","Wayne County",2,73,791,401,390
050,42,127,"Pennsylvania","Wayne County",2,74,546,263,283
050,42,127,"Pennsylvania","Wayne County",2,75,552,278,274
050,42,127,"Pennsylvania","Wayne County",2,76,518,268,250
050,42,127,"Pennsylvania","Wayne County",2,77,522,277,245
050,42,127,"Pennsylvania","Wayne County",2,78,434,229,205
050,42,127,"Pennsylvania","Wayne County",2,79,392,190,202
050,42,127,"Pennsylvania","Wayne County",2,80,348,166,182
050,42,127,"Pennsylvania","Wayne County",2,81,294,139,155
050,42,127,"Pennsylvania","Wayne County",2,82,278,139,139
050,42,127,"Pennsylvania","Wayne County",2,83,256,125,131
050,42,127,"Pennsylvania","Wayne County",2,84,231,106,125
050,42,127,"Pennsylvania","Wayne County",2,85,1147,439,708
050,42,127,"Pennsylvania","Wayne County",3,0,408,214,194
050,42,127,"Pennsylvania","Wayne County",3,1,395,212,183
050,42,127,"Pennsylvania","Wayne County",3,2,411,208,203
050,42,127,"Pennsylvania","Wayne County",3,3,408,211,197
050,42,127,"Pennsylvania","Wayne County",3,4,419,211,208
050,42,127,"Pennsylvania","Wayne County",3,5,443,217,226
050,42,127,"Pennsylvania","Wayne County",3,6,484,249,235
050,42,127,"Pennsylvania","Wayne County",3,7,503,270,233
050,42,127,"Pennsylvania","Wayne County",3,8,476,246,230
050,42,127,"Pennsylvania","Wayne County",3,9,486,256,230
050,42,127,"Pennsylvania","Wayne County",3,10,472,244,228
050,42,127,"Pennsylvania","Wayne County",3,11,487,257,230
050,42,127,"Pennsylvania","Wayne County",3,12,479,256,223
050,42,127,"Pennsylvania","Wayne County",3,13,514,270,244
050,42,127,"Pennsylvania","Wayne County",3,14,522,275,247
050,42,127,"Pennsylvania","Wayne County",3,15,545,285,260
050,42,127,"Pennsylvania","Wayne County",3,16,517,260,257
050,42,127,"Pennsylvania","Wayne County",3,17,553,305,248
050,42,127,"Pennsylvania","Wayne County",3,18,506,279,227
050,42,127,"Pennsylvania","Wayne County",3,19,385,215,170
050,42,127,"Pennsylvania","Wayne County",3,20,448,238,210
050,42,127,"Pennsylvania","Wayne County",3,21,483,252,231
050,42,127,"Pennsylvania","Wayne County",3,22,487,257,230
050,42,127,"Pennsylvania","Wayne County",3,23,534,311,223
050,42,127,"Pennsylvania","Wayne County",3,24,559,318,241
050,42,127,"Pennsylvania","Wayne County",3,25,541,302,239
050,42,127,"Pennsylvania","Wayne County",3,26,525,301,224
050,42,127,"Pennsylvania","Wayne County",3,27,526,292,234
050,42,127,"Pennsylvania","Wayne County",3,28,562,322,240
050,42,127,"Pennsylvania","Wayne County",3,29,551,321,230
050,42,127,"Pennsylvania","Wayne County",3,30,563,335,228
050,42,127,"Pennsylvania","Wayne County",3,31,590,333,257
050,42,127,"Pennsylvania","Wayne County",3,32,581,335,246
050,42,127,"Pennsylvania","Wayne County",3,33,590,346,244
050,42,127,"Pennsylvania","Wayne County",3,34,623,367,256
050,42,127,"Pennsylvania","Wayne County",3,35,602,356,246
050,42,127,"Pennsylvania","Wayne County",3,36,590,339,251
050,42,127,"Pennsylvania","Wayne County",3,37,573,311,262
050,42,127,"Pennsylvania","Wayne County",3,38,595,319,276
050,42,127,"Pennsylvania","Wayne County",3,39,602,342,260
050,42,127,"Pennsylvania","Wayne County",3,40,596,334,262
050,42,127,"Pennsylvania","Wayne County",3,41,565,321,244
050,42,127,"Pennsylvania","Wayne County",3,42,558,317,241
050,42,127,"Pennsylvania","Wayne County",3,43,576,326,250
050,42,127,"Pennsylvania","Wayne County",3,44,567,321,246
050,42,127,"Pennsylvania","Wayne County",3,45,553,306,247
050,42,127,"Pennsylvania","Wayne County",3,46,571,317,254
050,42,127,"Pennsylvania","Wayne County",3,47,563,323,240
050,42,127,"Pennsylvania","Wayne County",3,48,607,330,277
050,42,127,"Pennsylvania","Wayne County",3,49,620,341,279
050,42,127,"Pennsylvania","Wayne County",3,50,708,394,314
050,42,127,"Pennsylvania","Wayne County",3,51,744,420,324
050,42,127,"Pennsylvania","Wayne County",3,52,720,392,328
050,42,127,"Pennsylvania","Wayne County",3,53,679,353,326
050,42,127,"Pennsylvania","Wayne County",3,54,698,364,334
050,42,127,"Pennsylvania","Wayne County",3,55,721,364,357
050,42,127,"Pennsylvania","Wayne County",3,56,777,397,380
050,42,127,"Pennsylvania","Wayne County",3,57,835,421,414
050,42,127,"Pennsylvania","Wayne County",3,58,861,438,423
050,42,127,"Pennsylvania","Wayne County",3,59,857,442,415
050,42,127,"Pennsylvania","Wayne County",3,60,895,453,442
050,42,127,"Pennsylvania","Wayne County",3,61,887,455,432
050,42,127,"Pennsylvania","Wayne County",3,62,895,477,418
050,42,127,"Pennsylvania","Wayne County",3,63,916,495,421
050,42,127,"Pennsylvania","Wayne County",3,64,890,461,429
050,42,127,"Pennsylvania","Wayne County",3,65,831,428,403
050,42,127,"Pennsylvania","Wayne County",3,66,846,437,409
050,42,127,"Pennsylvania","Wayne County",3,67,826,413,413
050,42,127,"Pennsylvania","Wayne County",3,68,819,394,425
050,42,127,"Pennsylvania","Wayne County",3,69,803,386,417
050,42,127,"Pennsylvania","Wayne County",3,70,765,380,385
050,42,127,"Pennsylvania","Wayne County",3,71,708,355,353
050,42,127,"Pennsylvania","Wayne County",3,72,728,361,367
050,42,127,"Pennsylvania","Wayne County",3,73,712,364,348
050,42,127,"Pennsylvania","Wayne County",3,74,750,381,369
050,42,127,"Pennsylvania","Wayne County",3,75,506,236,270
050,42,127,"Pennsylvania","Wayne County",3,76,522,263,259
050,42,127,"Pennsylvania","Wayne County",3,77,496,251,245
050,42,127,"Pennsylvania","Wayne County",3,78,484,258,226
050,42,127,"Pennsylvania","Wayne County",3,79,418,219,199
050,42,127,"Pennsylvania","Wayne County",3,80,370,178,192
050,42,127,"Pennsylvania","Wayne County",3,81,320,149,171
050,42,127,"Pennsylvania","Wayne County",3,82,271,126,145
050,42,127,"Pennsylvania","Wayne County",3,83,246,117,129
050,42,127,"Pennsylvania","Wayne County",3,84,234,110,124
050,42,127,"Pennsylvania","Wayne County",3,85,1136,436,700
050,42,127,"Pennsylvania","Wayne County",4,0,399,205,194
050,42,127,"Pennsylvania","Wayne County",4,1,427,233,194
050,42,127,"Pennsylvania","Wayne County",4,2,415,218,197
050,42,127,"Pennsylvania","Wayne County",4,3,424,217,207
050,42,127,"Pennsylvania","Wayne County",4,4,411,212,199
050,42,127,"Pennsylvania","Wayne County",4,5,448,226,222
050,42,127,"Pennsylvania","Wayne County",4,6,449,225,224
050,42,127,"Pennsylvania","Wayne County",4,7,495,251,244
050,42,127,"Pennsylvania","Wayne County",4,8,498,264,234
050,42,127,"Pennsylvania","Wayne County",4,9,466,236,230
050,42,127,"Pennsylvania","Wayne County",4,10,494,263,231
050,42,127,"Pennsylvania","Wayne County",4,11,482,249,233
050,42,127,"Pennsylvania","Wayne County",4,12,490,259,231
050,42,127,"Pennsylvania","Wayne County",4,13,484,254,230
050,42,127,"Pennsylvania","Wayne County",4,14,521,268,253
050,42,127,"Pennsylvania","Wayne County",4,15,537,277,260
050,42,127,"Pennsylvania","Wayne County",4,16,554,281,273
050,42,127,"Pennsylvania","Wayne County",4,17,516,265,251
050,42,127,"Pennsylvania","Wayne County",4,18,476,270,206
050,42,127,"Pennsylvania","Wayne County",4,19,391,223,168
050,42,127,"Pennsylvania","Wayne County",4,20,399,220,179
050,42,127,"Pennsylvania","Wayne County",4,21,485,257,228
050,42,127,"Pennsylvania","Wayne County",4,22,509,276,233
050,42,127,"Pennsylvania","Wayne County",4,23,519,297,222
050,42,127,"Pennsylvania","Wayne County",4,24,511,303,208
050,42,127,"Pennsylvania","Wayne County",4,25,553,313,240
050,42,127,"Pennsylvania","Wayne County",4,26,544,315,229
050,42,127,"Pennsylvania","Wayne County",4,27,533,308,225
050,42,127,"Pennsylvania","Wayne County",4,28,529,293,236
050,42,127,"Pennsylvania","Wayne County",4,29,553,317,236
050,42,127,"Pennsylvania","Wayne County",4,30,576,340,236
050,42,127,"Pennsylvania","Wayne County",4,31,569,331,238
050,42,127,"Pennsylvania","Wayne County",4,32,602,342,260
050,42,127,"Pennsylvania","Wayne County",4,33,602,358,244
050,42,127,"Pennsylvania","Wayne County",4,34,599,357,242
050,42,127,"Pennsylvania","Wayne County",4,35,624,366,258
050,42,127,"Pennsylvania","Wayne County",4,36,590,339,251
050,42,127,"Pennsylvania","Wayne County",4,37,587,336,251
050,42,127,"Pennsylvania","Wayne County",4,38,580,303,277
050,42,127,"Pennsylvania","Wayne County",4,39,610,333,277
050,42,127,"Pennsylvania","Wayne County",4,40,592,335,257
050,42,127,"Pennsylvania","Wayne County",4,41,593,335,258
050,42,127,"Pennsylvania","Wayne County",4,42,575,326,249
050,42,127,"Pennsylvania","Wayne County",4,43,585,343,242
050,42,127,"Pennsylvania","Wayne County",4,44,565,319,246
050,42,127,"Pennsylvania","Wayne County",4,45,574,329,245
050,42,127,"Pennsylvania","Wayne County",4,46,535,292,243
050,42,127,"Pennsylvania","Wayne County",4,47,575,323,252
050,42,127,"Pennsylvania","Wayne County",4,48,566,322,244
050,42,127,"Pennsylvania","Wayne County",4,49,596,327,269
050,42,127,"Pennsylvania","Wayne County",4,50,617,343,274
050,42,127,"Pennsylvania","Wayne County",4,51,699,389,310
050,42,127,"Pennsylvania","Wayne County",4,52,740,417,323
050,42,127,"Pennsylvania","Wayne County",4,53,709,382,327
050,42,127,"Pennsylvania","Wayne County",4,54,684,367,317
050,42,127,"Pennsylvania","Wayne County",4,55,695,362,333
050,42,127,"Pennsylvania","Wayne County",4,56,724,361,363
050,42,127,"Pennsylvania","Wayne County",4,57,753,384,369
050,42,127,"Pennsylvania","Wayne County",4,58,862,447,415
050,42,127,"Pennsylvania","Wayne County",4,59,870,450,420
050,42,127,"Pennsylvania","Wayne County",4,60,854,431,423
050,42,127,"Pennsylvania","Wayne County",4,61,891,448,443
050,42,127,"Pennsylvania","Wayne County",4,62,889,459,430
050,42,127,"Pennsylvania","Wayne County",4,63,896,470,426
050,42,127,"Pennsylvania","Wayne County",4,64,923,487,436
050,42,127,"Pennsylvania","Wayne County",4,65,891,453,438
050,42,127,"Pennsylvania","Wayne County",4,66,840,435,405
050,42,127,"Pennsylvania","Wayne County",4,67,868,448,420
050,42,127,"Pennsylvania","Wayne County",4,68,825,412,413
050,42,127,"Pennsylvania","Wayne County",4,69,803,380,423
050,42,127,"Pennsylvania","Wayne County",4,70,794,383,411
050,42,127,"Pennsylvania","Wayne County",4,71,757,375,382
050,42,127,"Pennsylvania","Wayne County",4,72,692,351,341
050,42,127,"Pennsylvania","Wayne County",4,73,699,339,360
050,42,127,"Pennsylvania","Wayne County",4,74,692,359,333
050,42,127,"Pennsylvania","Wayne County",4,75,730,378,352
050,42,127,"Pennsylvania","Wayne County",4,76,482,221,261
050,42,127,"Pennsylvania","Wayne County",4,77,496,246,250
050,42,127,"Pennsylvania","Wayne County",4,78,470,233,237
050,42,127,"Pennsylvania","Wayne County",4,79,461,243,218
050,42,127,"Pennsylvania","Wayne County",4,80,386,203,183
050,42,127,"Pennsylvania","Wayne County",4,81,324,154,170
050,42,127,"Pennsylvania","Wayne County",4,82,281,130,151
050,42,127,"Pennsylvania","Wayne County",4,83,238,104,134
050,42,127,"Pennsylvania","Wayne County",4,84,221,98,123
050,42,127,"Pennsylvania","Wayne County",4,85,1121,446,675
050,42,127,"Pennsylvania","Wayne County",5,0,395,204,191
050,42,127,"Pennsylvania","Wayne County",5,1,405,207,198
050,42,127,"Pennsylvania","Wayne County",5,2,422,232,190
050,42,127,"Pennsylvania","Wayne County",5,3,415,212,203
050,42,127,"Pennsylvania","Wayne County",5,4,444,234,210
050,42,127,"Pennsylvania","Wayne County",5,5,413,213,200
050,42,127,"Pennsylvania","Wayne County",5,6,459,234,225
050,42,127,"Pennsylvania","Wayne County",5,7,450,229,221
050,42,127,"Pennsylvania","Wayne County",5,8,496,250,246
050,42,127,"Pennsylvania","Wayne County",5,9,502,260,242
050,42,127,"Pennsylvania","Wayne County",5,10,471,234,237
050,42,127,"Pennsylvania","Wayne County",5,11,490,250,240
050,42,127,"Pennsylvania","Wayne County",5,12,492,259,233
050,42,127,"Pennsylvania","Wayne County",5,13,512,278,234
050,42,127,"Pennsylvania","Wayne County",5,14,494,262,232
050,42,127,"Pennsylvania","Wayne County",5,15,521,268,253
050,42,127,"Pennsylvania","Wayne County",5,16,543,271,272
050,42,127,"Pennsylvania","Wayne County",5,17,561,292,269
050,42,127,"Pennsylvania","Wayne County",5,18,451,233,218
050,42,127,"Pennsylvania","Wayne County",5,19,388,222,166
050,42,127,"Pennsylvania","Wayne County",5,20,426,236,190
050,42,127,"Pennsylvania","Wayne County",5,21,429,233,196
050,42,127,"Pennsylvania","Wayne County",5,22,520,287,233
050,42,127,"Pennsylvania","Wayne County",5,23,533,311,222
050,42,127,"Pennsylvania","Wayne County",5,24,510,288,222
050,42,127,"Pennsylvania","Wayne County",5,25,507,293,214
050,42,127,"Pennsylvania","Wayne County",5,26,557,331,226
050,42,127,"Pennsylvania","Wayne County",5,27,520,302,218
050,42,127,"Pennsylvania","Wayne County",5,28,545,318,227
050,42,127,"Pennsylvania","Wayne County",5,29,544,307,237
050,42,127,"Pennsylvania","Wayne County",5,30,572,346,226
050,42,127,"Pennsylvania","Wayne County",5,31,586,349,237
050,42,127,"Pennsylvania","Wayne County",5,32,566,328,238
050,42,127,"Pennsylvania","Wayne County",5,33,640,367,273
050,42,127,"Pennsylvania","Wayne County",5,34,614,371,243
050,42,127,"Pennsylvania","Wayne County",5,35,610,366,244
050,42,127,"Pennsylvania","Wayne County",5,36,617,354,263
050,42,127,"Pennsylvania","Wayne County",5,37,620,355,265
050,42,127,"Pennsylvania","Wayne County",5,38,599,344,255
050,42,127,"Pennsylvania","Wayne County",5,39,619,340,279
050,42,127,"Pennsylvania","Wayne County",5,40,596,331,265
050,42,127,"Pennsylvania","Wayne County",5,41,611,341,270
050,42,127,"Pennsylvania","Wayne County",5,42,618,345,273
050,42,127,"Pennsylvania","Wayne County",5,43,595,343,252
050,42,127,"Pennsylvania","Wayne County",5,44,558,326,232
050,42,127,"Pennsylvania","Wayne County",5,45,580,328,252
050,42,127,"Pennsylvania","Wayne County",5,46,577,330,247
050,42,127,"Pennsylvania","Wayne County",5,47,551,305,246
050,42,127,"Pennsylvania","Wayne County",5,48,602,345,257
050,42,127,"Pennsylvania","Wayne County",5,49,570,320,250
050,42,127,"Pennsylvania","Wayne County",5,50,612,330,282
050,42,127,"Pennsylvania","Wayne County",5,51,628,346,282
050,42,127,"Pennsylvania","Wayne County",5,52,719,398,321
050,42,127,"Pennsylvania","Wayne County",5,53,738,420,318
050,42,127,"Pennsylvania","Wayne County",5,54,719,391,328
050,42,127,"Pennsylvania","Wayne County",5,55,683,366,317
050,42,127,"Pennsylvania","Wayne County",5,56,699,369,330
050,42,127,"Pennsylvania","Wayne County",5,57,729,353,376
050,42,127,"Pennsylvania","Wayne County",5,58,765,394,371
050,42,127,"Pennsylvania","Wayne County",5,59,877,455,422
050,42,127,"Pennsylvania","Wayne County",5,60,889,458,431
050,42,127,"Pennsylvania","Wayne County",5,61,850,426,424
050,42,127,"Pennsylvania","Wayne County",5,62,894,447,447
050,42,127,"Pennsylvania","Wayne County",5,63,909,469,440
050,42,127,"Pennsylvania","Wayne County",5,64,900,472,428
050,42,127,"Pennsylvania","Wayne County",5,65,940,492,448
050,42,127,"Pennsylvania","Wayne County",5,66,891,451,440
050,42,127,"Pennsylvania","Wayne County",5,67,844,438,406
050,42,127,"Pennsylvania","Wayne County",5,68,841,422,419
050,42,127,"Pennsylvania","Wayne County",5,69,799,400,399
050,42,127,"Pennsylvania","Wayne County",5,70,783,372,411
050,42,127,"Pennsylvania","Wayne County",5,71,776,377,399
050,42,127,"Pennsylvania","Wayne County",5,72,735,364,371
050,42,127,"Pennsylvania","Wayne County",5,73,669,334,335
050,42,127,"Pennsylvania","Wayne County",5,74,676,331,345
050,42,127,"Pennsylvania","Wayne County",5,75,664,345,319
050,42,127,"Pennsylvania","Wayne County",5,76,690,353,337
050,42,127,"Pennsylvania","Wayne County",5,77,460,202,258
050,42,127,"Pennsylvania","Wayne County",5,78,475,235,240
050,42,127,"Pennsylvania","Wayne County",5,79,456,221,235
050,42,127,"Pennsylvania","Wayne County",5,80,422,228,194
050,42,127,"Pennsylvania","Wayne County",5,81,343,178,165
050,42,127,"Pennsylvania","Wayne County",5,82,294,138,156
050,42,127,"Pennsylvania","Wayne County",5,83,255,109,146
050,42,127,"Pennsylvania","Wayne County",5,84,207,86,121
050,42,127,"Pennsylvania","Wayne County",5,85,1115,448,667
050,42,129,"Pennsylvania","Westmoreland County",1,0,2833,1460,1373
050,42,129,"Pennsylvania","Westmoreland County",1,1,2976,1538,1438
050,42,129,"Pennsylvania","Westmoreland County",1,2,3159,1615,1544
050,42,129,"Pennsylvania","Westmoreland County",1,3,3177,1640,1537
050,42,129,"Pennsylvania","Westmoreland County",1,4,3394,1717,1677
050,42,129,"Pennsylvania","Westmoreland County",1,5,3519,1765,1754
050,42,129,"Pennsylvania","Westmoreland County",1,6,3530,1773,1757
050,42,129,"Pennsylvania","Westmoreland County",1,7,3571,1760,1811
050,42,129,"Pennsylvania","Westmoreland County",1,8,3549,1823,1726
050,42,129,"Pennsylvania","Westmoreland County",1,9,3610,1870,1740
050,42,129,"Pennsylvania","Westmoreland County",1,10,3795,1966,1829
050,42,129,"Pennsylvania","Westmoreland County",1,11,3935,2022,1913
050,42,129,"Pennsylvania","Westmoreland County",1,12,4047,2045,2002
050,42,129,"Pennsylvania","Westmoreland County",1,13,4075,2055,2020
050,42,129,"Pennsylvania","Westmoreland County",1,14,4038,2086,1952
050,42,129,"Pennsylvania","Westmoreland County",1,15,4046,2058,1988
050,42,129,"Pennsylvania","Westmoreland County",1,16,4172,2130,2042
050,42,129,"Pennsylvania","Westmoreland County",1,17,4262,2248,2014
050,42,129,"Pennsylvania","Westmoreland County",1,18,3812,2038,1774
050,42,129,"Pennsylvania","Westmoreland County",1,19,3425,1792,1633
050,42,129,"Pennsylvania","Westmoreland County",1,20,3518,1795,1723
050,42,129,"Pennsylvania","Westmoreland County",1,21,3701,1916,1785
050,42,129,"Pennsylvania","Westmoreland County",1,22,3701,1881,1820
050,42,129,"Pennsylvania","Westmoreland County",1,23,3585,1833,1752
050,42,129,"Pennsylvania","Westmoreland County",1,24,3653,1882,1771
050,42,129,"Pennsylvania","Westmoreland County",1,25,3725,1961,1764
050,42,129,"Pennsylvania","Westmoreland County",1,26,3739,1961,1778
050,42,129,"Pennsylvania","Westmoreland County",1,27,3828,1961,1867
050,42,129,"Pennsylvania","Westmoreland County",1,28,3846,1972,1874
050,42,129,"Pennsylvania","Westmoreland County",1,29,3825,1971,1854
050,42,129,"Pennsylvania","Westmoreland County",1,30,3724,1895,1829
050,42,129,"Pennsylvania","Westmoreland County",1,31,3704,1906,1798
050,42,129,"Pennsylvania","Westmoreland County",1,32,3692,1866,1826
050,42,129,"Pennsylvania","Westmoreland County",1,33,3750,1905,1845
050,42,129,"Pennsylvania","Westmoreland County",1,34,3881,1995,1886
050,42,129,"Pennsylvania","Westmoreland County",1,35,3890,1973,1917
050,42,129,"Pennsylvania","Westmoreland County",1,36,3873,1985,1888
050,42,129,"Pennsylvania","Westmoreland County",1,37,4090,2089,2001
050,42,129,"Pennsylvania","Westmoreland County",1,38,4127,2114,2013
050,42,129,"Pennsylvania","Westmoreland County",1,39,4041,2054,1987
050,42,129,"Pennsylvania","Westmoreland County",1,40,4073,2079,1994
050,42,129,"Pennsylvania","Westmoreland County",1,41,3994,2063,1931
050,42,129,"Pennsylvania","Westmoreland County",1,42,3924,1997,1927
050,42,129,"Pennsylvania","Westmoreland County",1,43,3778,1931,1847
050,42,129,"Pennsylvania","Westmoreland County",1,44,3739,1866,1873
050,42,129,"Pennsylvania","Westmoreland County",1,45,3841,1882,1959
050,42,129,"Pennsylvania","Westmoreland County",1,46,3924,1937,1987
050,42,129,"Pennsylvania","Westmoreland County",1,47,4194,2149,2045
050,42,129,"Pennsylvania","Westmoreland County",1,48,4683,2382,2301
050,42,129,"Pennsylvania","Westmoreland County",1,49,5094,2548,2546
050,42,129,"Pennsylvania","Westmoreland County",1,50,4842,2395,2447
050,42,129,"Pennsylvania","Westmoreland County",1,51,4952,2464,2488
050,42,129,"Pennsylvania","Westmoreland County",1,52,4882,2452,2430
050,42,129,"Pennsylvania","Westmoreland County",1,53,5215,2616,2599
050,42,129,"Pennsylvania","Westmoreland County",1,54,5243,2623,2620
050,42,129,"Pennsylvania","Westmoreland County",1,55,5347,2658,2689
050,42,129,"Pennsylvania","Westmoreland County",1,56,5424,2670,2754
050,42,129,"Pennsylvania","Westmoreland County",1,57,5375,2637,2738
050,42,129,"Pennsylvania","Westmoreland County",1,58,5772,2846,2926
050,42,129,"Pennsylvania","Westmoreland County",1,59,5939,2978,2961
050,42,129,"Pennsylvania","Westmoreland County",1,60,5968,2924,3044
050,42,129,"Pennsylvania","Westmoreland County",1,61,6053,2959,3094
050,42,129,"Pennsylvania","Westmoreland County",1,62,6120,3061,3059
050,42,129,"Pennsylvania","Westmoreland County",1,63,5953,2963,2990
050,42,129,"Pennsylvania","Westmoreland County",1,64,5693,2808,2885
050,42,129,"Pennsylvania","Westmoreland County",1,65,5468,2708,2760
050,42,129,"Pennsylvania","Westmoreland County",1,66,5413,2646,2767
050,42,129,"Pennsylvania","Westmoreland County",1,67,5306,2574,2732
050,42,129,"Pennsylvania","Westmoreland County",1,68,5206,2569,2637
050,42,129,"Pennsylvania","Westmoreland County",1,69,4773,2258,2515
050,42,129,"Pennsylvania","Westmoreland County",1,70,4650,2195,2455
050,42,129,"Pennsylvania","Westmoreland County",1,71,4650,2196,2454
050,42,129,"Pennsylvania","Westmoreland County",1,72,4728,2223,2505
050,42,129,"Pennsylvania","Westmoreland County",1,73,4713,2239,2474
050,42,129,"Pennsylvania","Westmoreland County",1,74,3051,1407,1644
050,42,129,"Pennsylvania","Westmoreland County",1,75,2883,1292,1591
050,42,129,"Pennsylvania","Westmoreland County",1,76,3065,1379,1686
050,42,129,"Pennsylvania","Westmoreland County",1,77,3221,1452,1769
050,42,129,"Pennsylvania","Westmoreland County",1,78,2764,1234,1530
050,42,129,"Pennsylvania","Westmoreland County",1,79,2385,1051,1334
050,42,129,"Pennsylvania","Westmoreland County",1,80,2134,929,1205
050,42,129,"Pennsylvania","Westmoreland County",1,81,2102,899,1203
050,42,129,"Pennsylvania","Westmoreland County",1,82,1988,841,1147
050,42,129,"Pennsylvania","Westmoreland County",1,83,1783,734,1049
050,42,129,"Pennsylvania","Westmoreland County",1,84,1586,642,944
050,42,129,"Pennsylvania","Westmoreland County",1,85,9963,3362,6601
050,42,129,"Pennsylvania","Westmoreland County",2,0,2843,1450,1393
050,42,129,"Pennsylvania","Westmoreland County",2,1,2945,1521,1424
050,42,129,"Pennsylvania","Westmoreland County",2,2,3123,1601,1522
050,42,129,"Pennsylvania","Westmoreland County",2,3,3173,1627,1546
050,42,129,"Pennsylvania","Westmoreland County",2,4,3358,1706,1652
050,42,129,"Pennsylvania","Westmoreland County",2,5,3498,1758,1740
050,42,129,"Pennsylvania","Westmoreland County",2,6,3543,1779,1764
050,42,129,"Pennsylvania","Westmoreland County",2,7,3562,1764,1798
050,42,129,"Pennsylvania","Westmoreland County",2,8,3551,1806,1745
050,42,129,"Pennsylvania","Westmoreland County",2,9,3590,1859,1731
050,42,129,"Pennsylvania","Westmoreland County",2,10,3753,1944,1809
050,42,129,"Pennsylvania","Westmoreland County",2,11,3893,2003,1890
050,42,129,"Pennsylvania","Westmoreland County",2,12,4030,2044,1986
050,42,129,"Pennsylvania","Westmoreland County",2,13,4063,2051,2012
050,42,129,"Pennsylvania","Westmoreland County",2,14,4052,2081,1971
050,42,129,"Pennsylvania","Westmoreland County",2,15,4061,2076,1985
050,42,129,"Pennsylvania","Westmoreland County",2,16,4164,2127,2037
050,42,129,"Pennsylvania","Westmoreland County",2,17,4259,2236,2023
050,42,129,"Pennsylvania","Westmoreland County",2,18,3812,2038,1774
050,42,129,"Pennsylvania","Westmoreland County",2,19,3444,1802,1642
050,42,129,"Pennsylvania","Westmoreland County",2,20,3562,1823,1739
050,42,129,"Pennsylvania","Westmoreland County",2,21,3664,1887,1777
050,42,129,"Pennsylvania","Westmoreland County",2,22,3685,1876,1809
050,42,129,"Pennsylvania","Westmoreland County",2,23,3600,1841,1759
050,42,129,"Pennsylvania","Westmoreland County",2,24,3634,1880,1754
050,42,129,"Pennsylvania","Westmoreland County",2,25,3700,1943,1757
050,42,129,"Pennsylvania","Westmoreland County",2,26,3724,1953,1771
050,42,129,"Pennsylvania","Westmoreland County",2,27,3798,1953,1845
050,42,129,"Pennsylvania","Westmoreland County",2,28,3847,1974,1873
050,42,129,"Pennsylvania","Westmoreland County",2,29,3836,1974,1862
050,42,129,"Pennsylvania","Westmoreland County",2,30,3775,1925,1850
050,42,129,"Pennsylvania","Westmoreland County",2,31,3717,1906,1811
050,42,129,"Pennsylvania","Westmoreland County",2,32,3695,1873,1822
050,42,129,"Pennsylvania","Westmoreland County",2,33,3741,1905,1836
050,42,129,"Pennsylvania","Westmoreland County",2,34,3854,1976,1878
050,42,129,"Pennsylvania","Westmoreland County",2,35,3915,1994,1921
050,42,129,"Pennsylvania","Westmoreland County",2,36,3863,1975,1888
050,42,129,"Pennsylvania","Westmoreland County",2,37,4056,2071,1985
050,42,129,"Pennsylvania","Westmoreland County",2,38,4148,2122,2026
050,42,129,"Pennsylvania","Westmoreland County",2,39,4061,2063,1998
050,42,129,"Pennsylvania","Westmoreland County",2,40,4101,2094,2007
050,42,129,"Pennsylvania","Westmoreland County",2,41,4014,2067,1947
050,42,129,"Pennsylvania","Westmoreland County",2,42,3925,2005,1920
050,42,129,"Pennsylvania","Westmoreland County",2,43,3844,1962,1882
050,42,129,"Pennsylvania","Westmoreland County",2,44,3713,1862,1851
050,42,129,"Pennsylvania","Westmoreland County",2,45,3840,1890,1950
050,42,129,"Pennsylvania","Westmoreland County",2,46,3890,1916,1974
050,42,129,"Pennsylvania","Westmoreland County",2,47,4114,2087,2027
050,42,129,"Pennsylvania","Westmoreland County",2,48,4570,2325,2245
050,42,129,"Pennsylvania","Westmoreland County",2,49,5016,2522,2494
050,42,129,"Pennsylvania","Westmoreland County",2,50,4908,2434,2474
050,42,129,"Pennsylvania","Westmoreland County",2,51,4915,2443,2472
050,42,129,"Pennsylvania","Westmoreland County",2,52,4873,2439,2434
050,42,129,"Pennsylvania","Westmoreland County",2,53,5131,2575,2556
050,42,129,"Pennsylvania","Westmoreland County",2,54,5210,2610,2600
050,42,129,"Pennsylvania","Westmoreland County",2,55,5317,2646,2671
050,42,129,"Pennsylvania","Westmoreland County",2,56,5410,2668,2742
050,42,129,"Pennsylvania","Westmoreland County",2,57,5391,2647,2744
050,42,129,"Pennsylvania","Westmoreland County",2,58,5657,2785,2872
050,42,129,"Pennsylvania","Westmoreland County",2,59,5923,2958,2965
050,42,129,"Pennsylvania","Westmoreland County",2,60,5936,2926,3010
050,42,129,"Pennsylvania","Westmoreland County",2,61,6000,2931,3069
050,42,129,"Pennsylvania","Westmoreland County",2,62,6084,3025,3059
050,42,129,"Pennsylvania","Westmoreland County",2,63,6023,2994,3029
050,42,129,"Pennsylvania","Westmoreland County",2,64,5710,2818,2892
050,42,129,"Pennsylvania","Westmoreland County",2,65,5510,2723,2787
050,42,129,"Pennsylvania","Westmoreland County",2,66,5421,2657,2764
050,42,129,"Pennsylvania","Westmoreland County",2,67,5301,2573,2728
050,42,129,"Pennsylvania","Westmoreland County",2,68,5173,2542,2631
050,42,129,"Pennsylvania","Westmoreland County",2,69,4908,2344,2564
050,42,129,"Pennsylvania","Westmoreland County",2,70,4649,2195,2454
050,42,129,"Pennsylvania","Westmoreland County",2,71,4644,2183,2461
050,42,129,"Pennsylvania","Westmoreland County",2,72,4604,2170,2434
050,42,129,"Pennsylvania","Westmoreland County",2,73,4938,2339,2599
050,42,129,"Pennsylvania","Westmoreland County",2,74,3220,1495,1725
050,42,129,"Pennsylvania","Westmoreland County",2,75,2907,1304,1603
050,42,129,"Pennsylvania","Westmoreland County",2,76,2963,1328,1635
050,42,129,"Pennsylvania","Westmoreland County",2,77,3235,1458,1777
050,42,129,"Pennsylvania","Westmoreland County",2,78,2799,1245,1554
050,42,129,"Pennsylvania","Westmoreland County",2,79,2439,1078,1361
050,42,129,"Pennsylvania","Westmoreland County",2,80,2169,948,1221
050,42,129,"Pennsylvania","Westmoreland County",2,81,2068,883,1185
050,42,129,"Pennsylvania","Westmoreland County",2,82,1991,842,1149
050,42,129,"Pennsylvania","Westmoreland County",2,83,1791,739,1052
050,42,129,"Pennsylvania","Westmoreland County",2,84,1599,651,948
050,42,129,"Pennsylvania","Westmoreland County",2,85,9910,3365,6545
050,42,129,"Pennsylvania","Westmoreland County",3,0,2817,1435,1382
050,42,129,"Pennsylvania","Westmoreland County",3,1,2926,1499,1427
050,42,129,"Pennsylvania","Westmoreland County",3,2,3038,1558,1480
050,42,129,"Pennsylvania","Westmoreland County",3,3,3237,1661,1576
050,42,129,"Pennsylvania","Westmoreland County",3,4,3217,1652,1565
050,42,129,"Pennsylvania","Westmoreland County",3,5,3404,1729,1675
050,42,129,"Pennsylvania","Westmoreland County",3,6,3499,1736,1763
050,42,129,"Pennsylvania","Westmoreland County",3,7,3610,1833,1777
050,42,129,"Pennsylvania","Westmoreland County",3,8,3602,1805,1797
050,42,129,"Pennsylvania","Westmoreland County",3,9,3564,1810,1754
050,42,129,"Pennsylvania","Westmoreland County",3,10,3613,1869,1744
050,42,129,"Pennsylvania","Westmoreland County",3,11,3767,1944,1823
050,42,129,"Pennsylvania","Westmoreland County",3,12,3924,2021,1903
050,42,129,"Pennsylvania","Westmoreland County",3,13,4060,2055,2005
050,42,129,"Pennsylvania","Westmoreland County",3,14,4100,2064,2036
050,42,129,"Pennsylvania","Westmoreland County",3,15,4085,2106,1979
050,42,129,"Pennsylvania","Westmoreland County",3,16,4064,2092,1972
050,42,129,"Pennsylvania","Westmoreland County",3,17,4196,2162,2034
050,42,129,"Pennsylvania","Westmoreland County",3,18,3866,2057,1809
050,42,129,"Pennsylvania","Westmoreland County",3,19,3459,1821,1638
050,42,129,"Pennsylvania","Westmoreland County",3,20,3604,1858,1746
050,42,129,"Pennsylvania","Westmoreland County",3,21,3610,1843,1767
050,42,129,"Pennsylvania","Westmoreland County",3,22,3728,1892,1836
050,42,129,"Pennsylvania","Westmoreland County",3,23,3642,1912,1730
050,42,129,"Pennsylvania","Westmoreland County",3,24,3623,1886,1737
050,42,129,"Pennsylvania","Westmoreland County",3,25,3610,1849,1761
050,42,129,"Pennsylvania","Westmoreland County",3,26,3739,1973,1766
050,42,129,"Pennsylvania","Westmoreland County",3,27,3745,1946,1799
050,42,129,"Pennsylvania","Westmoreland County",3,28,3916,1999,1917
050,42,129,"Pennsylvania","Westmoreland County",3,29,3930,2032,1898
050,42,129,"Pennsylvania","Westmoreland County",3,30,3927,1997,1930
050,42,129,"Pennsylvania","Westmoreland County",3,31,3896,2009,1887
050,42,129,"Pennsylvania","Westmoreland County",3,32,3851,1965,1886
050,42,129,"Pennsylvania","Westmoreland County",3,33,3787,1918,1869
050,42,129,"Pennsylvania","Westmoreland County",3,34,3863,1968,1895
050,42,129,"Pennsylvania","Westmoreland County",3,35,3916,1979,1937
050,42,129,"Pennsylvania","Westmoreland County",3,36,4002,2055,1947
050,42,129,"Pennsylvania","Westmoreland County",3,37,3919,1997,1922
050,42,129,"Pennsylvania","Westmoreland County",3,38,4104,2106,1998
050,42,129,"Pennsylvania","Westmoreland County",3,39,4153,2122,2031
050,42,129,"Pennsylvania","Westmoreland County",3,40,4119,2093,2026
050,42,129,"Pennsylvania","Westmoreland County",3,41,4134,2110,2024
050,42,129,"Pennsylvania","Westmoreland County",3,42,4047,2080,1967
050,42,129,"Pennsylvania","Westmoreland County",3,43,3939,2012,1927
050,42,129,"Pennsylvania","Westmoreland County",3,44,3852,1956,1896
050,42,129,"Pennsylvania","Westmoreland County",3,45,3739,1881,1858
050,42,129,"Pennsylvania","Westmoreland County",3,46,3871,1913,1958
050,42,129,"Pennsylvania","Westmoreland County",3,47,3901,1918,1983
050,42,129,"Pennsylvania","Westmoreland County",3,48,4156,2117,2039
050,42,129,"Pennsylvania","Westmoreland County",3,49,4568,2320,2248
050,42,129,"Pennsylvania","Westmoreland County",3,50,4993,2510,2483
050,42,129,"Pennsylvania","Westmoreland County",3,51,4901,2445,2456
050,42,129,"Pennsylvania","Westmoreland County",3,52,4880,2428,2452
050,42,129,"Pennsylvania","Westmoreland County",3,53,4814,2425,2389
050,42,129,"Pennsylvania","Westmoreland County",3,54,5121,2556,2565
050,42,129,"Pennsylvania","Westmoreland County",3,55,5189,2594,2595
050,42,129,"Pennsylvania","Westmoreland County",3,56,5301,2635,2666
050,42,129,"Pennsylvania","Westmoreland County",3,57,5377,2641,2736
050,42,129,"Pennsylvania","Westmoreland County",3,58,5347,2622,2725
050,42,129,"Pennsylvania","Westmoreland County",3,59,5598,2743,2855
050,42,129,"Pennsylvania","Westmoreland County",3,60,5868,2942,2926
050,42,129,"Pennsylvania","Westmoreland County",3,61,5866,2884,2982
050,42,129,"Pennsylvania","Westmoreland County",3,62,5950,2910,3040
050,42,129,"Pennsylvania","Westmoreland County",3,63,5981,2978,3003
050,42,129,"Pennsylvania","Westmoreland County",3,64,5962,2937,3025
050,42,129,"Pennsylvania","Westmoreland County",3,65,5639,2770,2869
050,42,129,"Pennsylvania","Westmoreland County",3,66,5443,2686,2757
050,42,129,"Pennsylvania","Westmoreland County",3,67,5338,2603,2735
050,42,129,"Pennsylvania","Westmoreland County",3,68,5218,2521,2697
050,42,129,"Pennsylvania","Westmoreland County",3,69,5086,2484,2602
050,42,129,"Pennsylvania","Westmoreland County",3,70,4815,2302,2513
050,42,129,"Pennsylvania","Westmoreland County",3,71,4552,2131,2421
050,42,129,"Pennsylvania","Westmoreland County",3,72,4515,2125,2390
050,42,129,"Pennsylvania","Westmoreland County",3,73,4466,2071,2395
050,42,129,"Pennsylvania","Westmoreland County",3,74,4804,2271,2533
050,42,129,"Pennsylvania","Westmoreland County",3,75,3081,1421,1660
050,42,129,"Pennsylvania","Westmoreland County",3,76,2807,1240,1567
050,42,129,"Pennsylvania","Westmoreland County",3,77,2869,1281,1588
050,42,129,"Pennsylvania","Westmoreland County",3,78,3061,1361,1700
050,42,129,"Pennsylvania","Westmoreland County",3,79,2640,1163,1477
050,42,129,"Pennsylvania","Westmoreland County",3,80,2324,1019,1305
050,42,129,"Pennsylvania","Westmoreland County",3,81,2052,870,1182
050,42,129,"Pennsylvania","Westmoreland County",3,82,1895,801,1094
050,42,129,"Pennsylvania","Westmoreland County",3,83,1849,755,1094
050,42,129,"Pennsylvania","Westmoreland County",3,84,1634,694,940
050,42,129,"Pennsylvania","Westmoreland County",3,85,9542,3267,6275
050,42,129,"Pennsylvania","Westmoreland County",4,0,2827,1460,1367
050,42,129,"Pennsylvania","Westmoreland County",4,1,2926,1506,1420
050,42,129,"Pennsylvania","Westmoreland County",4,2,2983,1550,1433
050,42,129,"Pennsylvania","Westmoreland County",4,3,3075,1565,1510
050,42,129,"Pennsylvania","Westmoreland County",4,4,3295,1710,1585
050,42,129,"Pennsylvania","Westmoreland County",4,5,3271,1663,1608
050,42,129,"Pennsylvania","Westmoreland County",4,6,3443,1748,1695
050,42,129,"Pennsylvania","Westmoreland County",4,7,3569,1773,1796
050,42,129,"Pennsylvania","Westmoreland County",4,8,3626,1826,1800
050,42,129,"Pennsylvania","Westmoreland County",4,9,3611,1816,1795
050,42,129,"Pennsylvania","Westmoreland County",4,10,3597,1817,1780
050,42,129,"Pennsylvania","Westmoreland County",4,11,3625,1877,1748
050,42,129,"Pennsylvania","Westmoreland County",4,12,3766,1949,1817
050,42,129,"Pennsylvania","Westmoreland County",4,13,3957,2037,1920
050,42,129,"Pennsylvania","Westmoreland County",4,14,4089,2088,2001
050,42,129,"Pennsylvania","Westmoreland County",4,15,4128,2090,2038
050,42,129,"Pennsylvania","Westmoreland County",4,16,4089,2113,1976
050,42,129,"Pennsylvania","Westmoreland County",4,17,4112,2135,1977
050,42,129,"Pennsylvania","Westmoreland County",4,18,3825,1995,1830
050,42,129,"Pennsylvania","Westmoreland County",4,19,3415,1786,1629
050,42,129,"Pennsylvania","Westmoreland County",4,20,3505,1831,1674
050,42,129,"Pennsylvania","Westmoreland County",4,21,3599,1846,1753
050,42,129,"Pennsylvania","Westmoreland County",4,22,3644,1804,1840
050,42,129,"Pennsylvania","Westmoreland County",4,23,3594,1863,1731
050,42,129,"Pennsylvania","Westmoreland County",4,24,3558,1899,1659
050,42,129,"Pennsylvania","Westmoreland County",4,25,3572,1856,1716
050,42,129,"Pennsylvania","Westmoreland County",4,26,3518,1790,1728
050,42,129,"Pennsylvania","Westmoreland County",4,27,3769,2019,1750
050,42,129,"Pennsylvania","Westmoreland County",4,28,3706,1909,1797
050,42,129,"Pennsylvania","Westmoreland County",4,29,3946,2051,1895
050,42,129,"Pennsylvania","Westmoreland County",4,30,3987,2034,1953
050,42,129,"Pennsylvania","Westmoreland County",4,31,4011,2043,1968
050,42,129,"Pennsylvania","Westmoreland County",4,32,3967,2028,1939
050,42,129,"Pennsylvania","Westmoreland County",4,33,3945,2026,1919
050,42,129,"Pennsylvania","Westmoreland County",4,34,3894,1968,1926
050,42,129,"Pennsylvania","Westmoreland County",4,35,3875,1983,1892
050,42,129,"Pennsylvania","Westmoreland County",4,36,3955,1988,1967
050,42,129,"Pennsylvania","Westmoreland County",4,37,4046,2076,1970
050,42,129,"Pennsylvania","Westmoreland County",4,38,3950,2019,1931
050,42,129,"Pennsylvania","Westmoreland County",4,39,4131,2112,2019
050,42,129,"Pennsylvania","Westmoreland County",4,40,4196,2148,2048
050,42,129,"Pennsylvania","Westmoreland County",4,41,4161,2125,2036
050,42,129,"Pennsylvania","Westmoreland County",4,42,4169,2141,2028
050,42,129,"Pennsylvania","Westmoreland County",4,43,4083,2113,1970
050,42,129,"Pennsylvania","Westmoreland County",4,44,3954,2015,1939
050,42,129,"Pennsylvania","Westmoreland County",4,45,3831,1945,1886
050,42,129,"Pennsylvania","Westmoreland County",4,46,3724,1873,1851
050,42,129,"Pennsylvania","Westmoreland County",4,47,3873,1925,1948
050,42,129,"Pennsylvania","Westmoreland County",4,48,3891,1912,1979
050,42,129,"Pennsylvania","Westmoreland County",4,49,4163,2134,2029
050,42,129,"Pennsylvania","Westmoreland County",4,50,4553,2306,2247
050,42,129,"Pennsylvania","Westmoreland County",4,51,4971,2511,2460
050,42,129,"Pennsylvania","Westmoreland County",4,52,4861,2421,2440
050,42,129,"Pennsylvania","Westmoreland County",4,53,4867,2418,2449
050,42,129,"Pennsylvania","Westmoreland County",4,54,4791,2390,2401
050,42,129,"Pennsylvania","Westmoreland County",4,55,5083,2547,2536
050,42,129,"Pennsylvania","Westmoreland County",4,56,5206,2605,2601
050,42,129,"Pennsylvania","Westmoreland County",4,57,5277,2615,2662
050,42,129,"Pennsylvania","Westmoreland County",4,58,5352,2623,2729
050,42,129,"Pennsylvania","Westmoreland County",4,59,5287,2574,2713
050,42,129,"Pennsylvania","Westmoreland County",4,60,5539,2703,2836
050,42,129,"Pennsylvania","Westmoreland County",4,61,5800,2896,2904
050,42,129,"Pennsylvania","Westmoreland County",4,62,5808,2860,2948
050,42,129,"Pennsylvania","Westmoreland County",4,63,5859,2860,2999
050,42,129,"Pennsylvania","Westmoreland County",4,64,5895,2916,2979
050,42,129,"Pennsylvania","Westmoreland County",4,65,5879,2882,2997
050,42,129,"Pennsylvania","Westmoreland County",4,66,5546,2735,2811
050,42,129,"Pennsylvania","Westmoreland County",4,67,5356,2619,2737
050,42,129,"Pennsylvania","Westmoreland County",4,68,5254,2557,2697
050,42,129,"Pennsylvania","Westmoreland County",4,69,5143,2468,2675
050,42,129,"Pennsylvania","Westmoreland County",4,70,4992,2427,2565
050,42,129,"Pennsylvania","Westmoreland County",4,71,4719,2243,2476
050,42,129,"Pennsylvania","Westmoreland County",4,72,4425,2066,2359
050,42,129,"Pennsylvania","Westmoreland County",4,73,4390,2021,2369
050,42,129,"Pennsylvania","Westmoreland County",4,74,4346,2015,2331
050,42,129,"Pennsylvania","Westmoreland County",4,75,4659,2198,2461
050,42,129,"Pennsylvania","Westmoreland County",4,76,2960,1349,1611
050,42,129,"Pennsylvania","Westmoreland County",4,77,2707,1181,1526
050,42,129,"Pennsylvania","Westmoreland County",4,78,2721,1207,1514
050,42,129,"Pennsylvania","Westmoreland County",4,79,2911,1278,1633
050,42,129,"Pennsylvania","Westmoreland County",4,80,2511,1089,1422
050,42,129,"Pennsylvania","Westmoreland County",4,81,2218,945,1273
050,42,129,"Pennsylvania","Westmoreland County",4,82,1895,789,1106
050,42,129,"Pennsylvania","Westmoreland County",4,83,1758,723,1035
050,42,129,"Pennsylvania","Westmoreland County",4,84,1687,701,986
050,42,129,"Pennsylvania","Westmoreland County",4,85,9326,3237,6089
050,42,129,"Pennsylvania","Westmoreland County",5,0,2759,1424,1335
050,42,129,"Pennsylvania","Westmoreland County",5,1,2968,1518,1450
050,42,129,"Pennsylvania","Westmoreland County",5,2,2973,1536,1437
050,42,129,"Pennsylvania","Westmoreland County",5,3,3046,1568,1478
050,42,129,"Pennsylvania","Westmoreland County",5,4,3133,1599,1534
050,42,129,"Pennsylvania","Westmoreland County",5,5,3326,1715,1611
050,42,129,"Pennsylvania","Westmoreland County",5,6,3301,1649,1652
050,42,129,"Pennsylvania","Westmoreland County",5,7,3494,1767,1727
050,42,129,"Pennsylvania","Westmoreland County",5,8,3602,1794,1808
050,42,129,"Pennsylvania","Westmoreland County",5,9,3627,1835,1792
050,42,129,"Pennsylvania","Westmoreland County",5,10,3619,1812,1807
050,42,129,"Pennsylvania","Westmoreland County",5,11,3648,1831,1817
050,42,129,"Pennsylvania","Westmoreland County",5,12,3617,1872,1745
050,42,129,"Pennsylvania","Westmoreland County",5,13,3811,1963,1848
050,42,129,"Pennsylvania","Westmoreland County",5,14,3984,2031,1953
050,42,129,"Pennsylvania","Westmoreland County",5,15,4122,2118,2004
050,42,129,"Pennsylvania","Westmoreland County",5,16,4142,2099,2043
050,42,129,"Pennsylvania","Westmoreland County",5,17,4127,2158,1969
050,42,129,"Pennsylvania","Westmoreland County",5,18,3719,1951,1768
050,42,129,"Pennsylvania","Westmoreland County",5,19,3387,1742,1645
050,42,129,"Pennsylvania","Westmoreland County",5,20,3557,1833,1724
050,42,129,"Pennsylvania","Westmoreland County",5,21,3550,1846,1704
050,42,129,"Pennsylvania","Westmoreland County",5,22,3653,1826,1827
050,42,129,"Pennsylvania","Westmoreland County",5,23,3579,1792,1787
050,42,129,"Pennsylvania","Westmoreland County",5,24,3529,1854,1675
050,42,129,"Pennsylvania","Westmoreland County",5,25,3485,1854,1631
050,42,129,"Pennsylvania","Westmoreland County",5,26,3523,1831,1692
050,42,129,"Pennsylvania","Westmoreland County",5,27,3530,1794,1736
050,42,129,"Pennsylvania","Westmoreland County",5,28,3768,1966,1802
050,42,129,"Pennsylvania","Westmoreland County",5,29,3796,1979,1817
050,42,129,"Pennsylvania","Westmoreland County",5,30,4003,2074,1929
050,42,129,"Pennsylvania","Westmoreland County",5,31,4045,2098,1947
050,42,129,"Pennsylvania","Westmoreland County",5,32,4087,2073,2014
050,42,129,"Pennsylvania","Westmoreland County",5,33,4018,2078,1940
050,42,129,"Pennsylvania","Westmoreland County",5,34,4007,2044,1963
050,42,129,"Pennsylvania","Westmoreland County",5,35,3965,1993,1972
050,42,129,"Pennsylvania","Westmoreland County",5,36,3960,2022,1938
050,42,129,"Pennsylvania","Westmoreland County",5,37,4000,1998,2002
050,42,129,"Pennsylvania","Westmoreland County",5,38,4094,2109,1985
050,42,129,"Pennsylvania","Westmoreland County",5,39,4007,2048,1959
050,42,129,"Pennsylvania","Westmoreland County",5,40,4173,2126,2047
050,42,129,"Pennsylvania","Westmoreland County",5,41,4245,2178,2067
050,42,129,"Pennsylvania","Westmoreland County",5,42,4162,2137,2025
050,42,129,"Pennsylvania","Westmoreland County",5,43,4207,2158,2049
050,42,129,"Pennsylvania","Westmoreland County",5,44,4091,2115,1976
050,42,129,"Pennsylvania","Westmoreland County",5,45,3955,2020,1935
050,42,129,"Pennsylvania","Westmoreland County",5,46,3809,1939,1870
050,42,129,"Pennsylvania","Westmoreland County",5,47,3750,1902,1848
050,42,129,"Pennsylvania","Westmoreland County",5,48,3921,1931,1990
050,42,129,"Pennsylvania","Westmoreland County",5,49,3894,1917,1977
050,42,129,"Pennsylvania","Westmoreland County",5,50,4143,2124,2019
050,42,129,"Pennsylvania","Westmoreland County",5,51,4539,2310,2229
050,42,129,"Pennsylvania","Westmoreland County",5,52,4960,2523,2437
050,42,129,"Pennsylvania","Westmoreland County",5,53,4831,2413,2418
050,42,129,"Pennsylvania","Westmoreland County",5,54,4852,2406,2446
050,42,129,"Pennsylvania","Westmoreland County",5,55,4795,2388,2407
050,42,129,"Pennsylvania","Westmoreland County",5,56,5050,2528,2522
050,42,129,"Pennsylvania","Westmoreland County",5,57,5184,2598,2586
050,42,129,"Pennsylvania","Westmoreland County",5,58,5247,2605,2642
050,42,129,"Pennsylvania","Westmoreland County",5,59,5288,2589,2699
050,42,129,"Pennsylvania","Westmoreland County",5,60,5237,2540,2697
050,42,129,"Pennsylvania","Westmoreland County",5,61,5509,2671,2838
050,42,129,"Pennsylvania","Westmoreland County",5,62,5729,2849,2880
050,42,129,"Pennsylvania","Westmoreland County",5,63,5729,2830,2899
050,42,129,"Pennsylvania","Westmoreland County",5,64,5799,2820,2979
050,42,129,"Pennsylvania","Westmoreland County",5,65,5821,2851,2970
050,42,129,"Pennsylvania","Westmoreland County",5,66,5835,2851,2984
050,42,129,"Pennsylvania","Westmoreland County",5,67,5464,2688,2776
050,42,129,"Pennsylvania","Westmoreland County",5,68,5279,2573,2706
050,42,129,"Pennsylvania","Westmoreland County",5,69,5174,2509,2665
050,42,129,"Pennsylvania","Westmoreland County",5,70,5053,2417,2636
050,42,129,"Pennsylvania","Westmoreland County",5,71,4895,2361,2534
050,42,129,"Pennsylvania","Westmoreland County",5,72,4596,2176,2420
050,42,129,"Pennsylvania","Westmoreland County",5,73,4330,2002,2328
050,42,129,"Pennsylvania","Westmoreland County",5,74,4280,1977,2303
050,42,129,"Pennsylvania","Westmoreland County",5,75,4231,1961,2270
050,42,129,"Pennsylvania","Westmoreland County",5,76,4498,2105,2393
050,42,129,"Pennsylvania","Westmoreland County",5,77,2867,1297,1570
050,42,129,"Pennsylvania","Westmoreland County",5,78,2601,1123,1478
050,42,129,"Pennsylvania","Westmoreland County",5,79,2585,1134,1451
050,42,129,"Pennsylvania","Westmoreland County",5,80,2785,1205,1580
050,42,129,"Pennsylvania","Westmoreland County",5,81,2407,1017,1390
050,42,129,"Pennsylvania","Westmoreland County",5,82,2062,864,1198
050,42,129,"Pennsylvania","Westmoreland County",5,83,1782,723,1059
050,42,129,"Pennsylvania","Westmoreland County",5,84,1620,673,947
050,42,129,"Pennsylvania","Westmoreland County",5,85,9338,3284,6054
050,42,131,"Pennsylvania","Wyoming County",1,0,217,111,106
050,42,131,"Pennsylvania","Wyoming County",1,1,229,105,124
050,42,131,"Pennsylvania","Wyoming County",1,2,245,116,129
050,42,131,"Pennsylvania","Wyoming County",1,3,246,123,123
050,42,131,"Pennsylvania","Wyoming County",1,4,253,123,130
050,42,131,"Pennsylvania","Wyoming County",1,5,275,140,135
050,42,131,"Pennsylvania","Wyoming County",1,6,252,128,124
050,42,131,"Pennsylvania","Wyoming County",1,7,287,148,139
050,42,131,"Pennsylvania","Wyoming County",1,8,266,132,134
050,42,131,"Pennsylvania","Wyoming County",1,9,269,139,130
050,42,131,"Pennsylvania","Wyoming County",1,10,280,150,130
050,42,131,"Pennsylvania","Wyoming County",1,11,291,161,130
050,42,131,"Pennsylvania","Wyoming County",1,12,328,163,165
050,42,131,"Pennsylvania","Wyoming County",1,13,334,168,166
050,42,131,"Pennsylvania","Wyoming County",1,14,339,181,158
050,42,131,"Pennsylvania","Wyoming County",1,15,308,172,136
050,42,131,"Pennsylvania","Wyoming County",1,16,321,175,146
050,42,131,"Pennsylvania","Wyoming County",1,17,311,158,153
050,42,131,"Pennsylvania","Wyoming County",1,18,313,154,159
050,42,131,"Pennsylvania","Wyoming County",1,19,335,171,164
050,42,131,"Pennsylvania","Wyoming County",1,20,350,184,166
050,42,131,"Pennsylvania","Wyoming County",1,21,313,164,149
050,42,131,"Pennsylvania","Wyoming County",1,22,307,152,155
050,42,131,"Pennsylvania","Wyoming County",1,23,268,138,130
050,42,131,"Pennsylvania","Wyoming County",1,24,266,142,124
050,42,131,"Pennsylvania","Wyoming County",1,25,267,142,125
050,42,131,"Pennsylvania","Wyoming County",1,26,303,163,140
050,42,131,"Pennsylvania","Wyoming County",1,27,288,149,139
050,42,131,"Pennsylvania","Wyoming County",1,28,273,149,124
050,42,131,"Pennsylvania","Wyoming County",1,29,278,158,120
050,42,131,"Pennsylvania","Wyoming County",1,30,285,151,134
050,42,131,"Pennsylvania","Wyoming County",1,31,267,139,128
050,42,131,"Pennsylvania","Wyoming County",1,32,276,131,145
050,42,131,"Pennsylvania","Wyoming County",1,33,285,152,133
050,42,131,"Pennsylvania","Wyoming County",1,34,297,165,132
050,42,131,"Pennsylvania","Wyoming County",1,35,285,138,147
050,42,131,"Pennsylvania","Wyoming County",1,36,292,148,144
050,42,131,"Pennsylvania","Wyoming County",1,37,293,147,146
050,42,131,"Pennsylvania","Wyoming County",1,38,286,147,139
050,42,131,"Pennsylvania","Wyoming County",1,39,281,145,136
050,42,131,"Pennsylvania","Wyoming County",1,40,294,142,152
050,42,131,"Pennsylvania","Wyoming County",1,41,299,142,157
050,42,131,"Pennsylvania","Wyoming County",1,42,281,140,141
050,42,131,"Pennsylvania","Wyoming County",1,43,275,138,137
050,42,131,"Pennsylvania","Wyoming County",1,44,285,147,138
050,42,131,"Pennsylvania","Wyoming County",1,45,293,145,148
050,42,131,"Pennsylvania","Wyoming County",1,46,298,150,148
050,42,131,"Pennsylvania","Wyoming County",1,47,330,160,170
050,42,131,"Pennsylvania","Wyoming County",1,48,364,183,181
050,42,131,"Pennsylvania","Wyoming County",1,49,359,186,173
050,42,131,"Pennsylvania","Wyoming County",1,50,369,190,179
050,42,131,"Pennsylvania","Wyoming County",1,51,343,155,188
050,42,131,"Pennsylvania","Wyoming County",1,52,305,148,157
050,42,131,"Pennsylvania","Wyoming County",1,53,330,173,157
050,42,131,"Pennsylvania","Wyoming County",1,54,355,180,175
050,42,131,"Pennsylvania","Wyoming County",1,55,380,188,192
050,42,131,"Pennsylvania","Wyoming County",1,56,423,214,209
050,42,131,"Pennsylvania","Wyoming County",1,57,433,231,202
050,42,131,"Pennsylvania","Wyoming County",1,58,419,221,198
050,42,131,"Pennsylvania","Wyoming County",1,59,432,218,214
050,42,131,"Pennsylvania","Wyoming County",1,60,386,177,209
050,42,131,"Pennsylvania","Wyoming County",1,61,399,191,208
050,42,131,"Pennsylvania","Wyoming County",1,62,414,199,215
050,42,131,"Pennsylvania","Wyoming County",1,63,408,202,206
050,42,131,"Pennsylvania","Wyoming County",1,64,424,215,209
050,42,131,"Pennsylvania","Wyoming County",1,65,406,212,194
050,42,131,"Pennsylvania","Wyoming County",1,66,390,197,193
050,42,131,"Pennsylvania","Wyoming County",1,67,371,176,195
050,42,131,"Pennsylvania","Wyoming County",1,68,358,184,174
050,42,131,"Pennsylvania","Wyoming County",1,69,348,171,177
050,42,131,"Pennsylvania","Wyoming County",1,70,317,148,169
050,42,131,"Pennsylvania","Wyoming County",1,71,323,161,162
050,42,131,"Pennsylvania","Wyoming County",1,72,337,174,163
050,42,131,"Pennsylvania","Wyoming County",1,73,350,175,175
050,42,131,"Pennsylvania","Wyoming County",1,74,254,128,126
050,42,131,"Pennsylvania","Wyoming County",1,75,268,140,128
050,42,131,"Pennsylvania","Wyoming County",1,76,241,126,115
050,42,131,"Pennsylvania","Wyoming County",1,77,232,116,116
050,42,131,"Pennsylvania","Wyoming County",1,78,212,110,102
050,42,131,"Pennsylvania","Wyoming County",1,79,192,98,94
050,42,131,"Pennsylvania","Wyoming County",1,80,160,80,80
050,42,131,"Pennsylvania","Wyoming County",1,81,138,67,71
050,42,131,"Pennsylvania","Wyoming County",1,82,101,49,52
050,42,131,"Pennsylvania","Wyoming County",1,83,90,38,52
050,42,131,"Pennsylvania","Wyoming County",1,84,98,44,54
050,42,131,"Pennsylvania","Wyoming County",1,85,529,180,349
050,42,131,"Pennsylvania","Wyoming County",2,0,225,119,106
050,42,131,"Pennsylvania","Wyoming County",2,1,224,105,119
050,42,131,"Pennsylvania","Wyoming County",2,2,241,113,128
050,42,131,"Pennsylvania","Wyoming County",2,3,244,121,123
050,42,131,"Pennsylvania","Wyoming County",2,4,252,124,128
050,42,131,"Pennsylvania","Wyoming County",2,5,266,135,131
050,42,131,"Pennsylvania","Wyoming County",2,6,259,131,128
050,42,131,"Pennsylvania","Wyoming County",2,7,277,142,135
050,42,131,"Pennsylvania","Wyoming County",2,8,269,136,133
050,42,131,"Pennsylvania","Wyoming County",2,9,271,138,133
050,42,131,"Pennsylvania","Wyoming County",2,10,278,147,131
050,42,131,"Pennsylvania","Wyoming County",2,11,287,156,131
050,42,131,"Pennsylvania","Wyoming County",2,12,322,164,158
050,42,131,"Pennsylvania","Wyoming County",2,13,335,167,168
050,42,131,"Pennsylvania","Wyoming County",2,14,337,178,159
050,42,131,"Pennsylvania","Wyoming County",2,15,317,174,143
050,42,131,"Pennsylvania","Wyoming County",2,16,321,176,145
050,42,131,"Pennsylvania","Wyoming County",2,17,313,162,151
050,42,131,"Pennsylvania","Wyoming County",2,18,312,154,158
050,42,131,"Pennsylvania","Wyoming County",2,19,333,169,164
050,42,131,"Pennsylvania","Wyoming County",2,20,354,186,168
050,42,131,"Pennsylvania","Wyoming County",2,21,312,162,150
050,42,131,"Pennsylvania","Wyoming County",2,22,304,154,150
050,42,131,"Pennsylvania","Wyoming County",2,23,275,141,134
050,42,131,"Pennsylvania","Wyoming County",2,24,265,142,123
050,42,131,"Pennsylvania","Wyoming County",2,25,266,142,124
050,42,131,"Pennsylvania","Wyoming County",2,26,290,156,134
050,42,131,"Pennsylvania","Wyoming County",2,27,288,151,137
050,42,131,"Pennsylvania","Wyoming County",2,28,273,148,125
050,42,131,"Pennsylvania","Wyoming County",2,29,277,156,121
050,42,131,"Pennsylvania","Wyoming County",2,30,285,153,132
050,42,131,"Pennsylvania","Wyoming County",2,31,268,140,128
050,42,131,"Pennsylvania","Wyoming County",2,32,274,134,140
050,42,131,"Pennsylvania","Wyoming County",2,33,282,147,135
050,42,131,"Pennsylvania","Wyoming County",2,34,293,161,132
050,42,131,"Pennsylvania","Wyoming County",2,35,292,147,145
050,42,131,"Pennsylvania","Wyoming County",2,36,287,143,144
050,42,131,"Pennsylvania","Wyoming County",2,37,291,145,146
050,42,131,"Pennsylvania","Wyoming County",2,38,288,147,141
050,42,131,"Pennsylvania","Wyoming County",2,39,284,145,139
050,42,131,"Pennsylvania","Wyoming County",2,40,293,142,151
050,42,131,"Pennsylvania","Wyoming County",2,41,298,143,155
050,42,131,"Pennsylvania","Wyoming County",2,42,286,140,146
050,42,131,"Pennsylvania","Wyoming County",2,43,279,140,139
050,42,131,"Pennsylvania","Wyoming County",2,44,281,146,135
050,42,131,"Pennsylvania","Wyoming County",2,45,293,145,148
050,42,131,"Pennsylvania","Wyoming County",2,46,295,148,147
050,42,131,"Pennsylvania","Wyoming County",2,47,322,158,164
050,42,131,"Pennsylvania","Wyoming County",2,48,357,179,178
050,42,131,"Pennsylvania","Wyoming County",2,49,362,186,176
050,42,131,"Pennsylvania","Wyoming County",2,50,366,189,177
050,42,131,"Pennsylvania","Wyoming County",2,51,346,163,183
050,42,131,"Pennsylvania","Wyoming County",2,52,315,151,164
050,42,131,"Pennsylvania","Wyoming County",2,53,325,168,157
050,42,131,"Pennsylvania","Wyoming County",2,54,348,179,169
050,42,131,"Pennsylvania","Wyoming County",2,55,374,186,188
050,42,131,"Pennsylvania","Wyoming County",2,56,414,210,204
050,42,131,"Pennsylvania","Wyoming County",2,57,429,226,203
050,42,131,"Pennsylvania","Wyoming County",2,58,419,221,198
050,42,131,"Pennsylvania","Wyoming County",2,59,431,221,210
050,42,131,"Pennsylvania","Wyoming County",2,60,392,183,209
050,42,131,"Pennsylvania","Wyoming County",2,61,393,186,207
050,42,131,"Pennsylvania","Wyoming County",2,62,408,196,212
050,42,131,"Pennsylvania","Wyoming County",2,63,411,202,209
050,42,131,"Pennsylvania","Wyoming County",2,64,414,209,205
050,42,131,"Pennsylvania","Wyoming County",2,65,408,210,198
050,42,131,"Pennsylvania","Wyoming County",2,66,393,200,193
050,42,131,"Pennsylvania","Wyoming County",2,67,372,180,192
050,42,131,"Pennsylvania","Wyoming County",2,68,360,181,179
050,42,131,"Pennsylvania","Wyoming County",2,69,351,174,177
050,42,131,"Pennsylvania","Wyoming County",2,70,323,153,170
050,42,131,"Pennsylvania","Wyoming County",2,71,322,158,164
050,42,131,"Pennsylvania","Wyoming County",2,72,326,166,160
050,42,131,"Pennsylvania","Wyoming County",2,73,365,184,181
050,42,131,"Pennsylvania","Wyoming County",2,74,260,130,130
050,42,131,"Pennsylvania","Wyoming County",2,75,264,136,128
050,42,131,"Pennsylvania","Wyoming County",2,76,244,127,117
050,42,131,"Pennsylvania","Wyoming County",2,77,234,117,117
050,42,131,"Pennsylvania","Wyoming County",2,78,211,109,102
050,42,131,"Pennsylvania","Wyoming County",2,79,194,100,94
050,42,131,"Pennsylvania","Wyoming County",2,80,163,80,83
050,42,131,"Pennsylvania","Wyoming County",2,81,141,70,71
050,42,131,"Pennsylvania","Wyoming County",2,82,109,52,57
050,42,131,"Pennsylvania","Wyoming County",2,83,92,39,53
050,42,131,"Pennsylvania","Wyoming County",2,84,93,43,50
050,42,131,"Pennsylvania","Wyoming County",2,85,525,182,343
050,42,131,"Pennsylvania","Wyoming County",3,0,219,117,102
050,42,131,"Pennsylvania","Wyoming County",3,1,232,125,107
050,42,131,"Pennsylvania","Wyoming County",3,2,244,125,119
050,42,131,"Pennsylvania","Wyoming County",3,3,245,119,126
050,42,131,"Pennsylvania","Wyoming County",3,4,256,126,130
050,42,131,"Pennsylvania","Wyoming County",3,5,263,125,138
050,42,131,"Pennsylvania","Wyoming County",3,6,288,147,141
050,42,131,"Pennsylvania","Wyoming County",3,7,262,133,129
050,42,131,"Pennsylvania","Wyoming County",3,8,262,129,133
050,42,131,"Pennsylvania","Wyoming County",3,9,278,141,137
050,42,131,"Pennsylvania","Wyoming County",3,10,259,133,126
050,42,131,"Pennsylvania","Wyoming County",3,11,281,143,138
050,42,131,"Pennsylvania","Wyoming County",3,12,291,165,126
050,42,131,"Pennsylvania","Wyoming County",3,13,324,162,162
050,42,131,"Pennsylvania","Wyoming County",3,14,335,167,168
050,42,131,"Pennsylvania","Wyoming County",3,15,348,181,167
050,42,131,"Pennsylvania","Wyoming County",3,16,329,180,149
050,42,131,"Pennsylvania","Wyoming County",3,17,323,174,149
050,42,131,"Pennsylvania","Wyoming County",3,18,318,164,154
050,42,131,"Pennsylvania","Wyoming County",3,19,326,169,157
050,42,131,"Pennsylvania","Wyoming County",3,20,339,180,159
050,42,131,"Pennsylvania","Wyoming County",3,21,329,165,164
050,42,131,"Pennsylvania","Wyoming County",3,22,321,163,158
050,42,131,"Pennsylvania","Wyoming County",3,23,298,151,147
050,42,131,"Pennsylvania","Wyoming County",3,24,272,139,133
050,42,131,"Pennsylvania","Wyoming County",3,25,246,126,120
050,42,131,"Pennsylvania","Wyoming County",3,26,264,144,120
050,42,131,"Pennsylvania","Wyoming County",3,27,288,153,135
050,42,131,"Pennsylvania","Wyoming County",3,28,297,146,151
050,42,131,"Pennsylvania","Wyoming County",3,29,289,155,134
050,42,131,"Pennsylvania","Wyoming County",3,30,275,154,121
050,42,131,"Pennsylvania","Wyoming County",3,31,287,149,138
050,42,131,"Pennsylvania","Wyoming County",3,32,279,147,132
050,42,131,"Pennsylvania","Wyoming County",3,33,282,139,143
050,42,131,"Pennsylvania","Wyoming County",3,34,287,149,138
050,42,131,"Pennsylvania","Wyoming County",3,35,300,156,144
050,42,131,"Pennsylvania","Wyoming County",3,36,299,153,146
050,42,131,"Pennsylvania","Wyoming County",3,37,292,147,145
050,42,131,"Pennsylvania","Wyoming County",3,38,296,146,150
050,42,131,"Pennsylvania","Wyoming County",3,39,304,160,144
050,42,131,"Pennsylvania","Wyoming County",3,40,282,145,137
050,42,131,"Pennsylvania","Wyoming County",3,41,299,141,158
050,42,131,"Pennsylvania","Wyoming County",3,42,313,151,162
050,42,131,"Pennsylvania","Wyoming County",3,43,286,136,150
050,42,131,"Pennsylvania","Wyoming County",3,44,279,135,144
050,42,131,"Pennsylvania","Wyoming County",3,45,286,149,137
050,42,131,"Pennsylvania","Wyoming County",3,46,286,146,140
050,42,131,"Pennsylvania","Wyoming County",3,47,309,155,154
050,42,131,"Pennsylvania","Wyoming County",3,48,333,165,168
050,42,131,"Pennsylvania","Wyoming County",3,49,351,172,179
050,42,131,"Pennsylvania","Wyoming County",3,50,373,188,185
050,42,131,"Pennsylvania","Wyoming County",3,51,364,189,175
050,42,131,"Pennsylvania","Wyoming County",3,52,350,171,179
050,42,131,"Pennsylvania","Wyoming County",3,53,314,153,161
050,42,131,"Pennsylvania","Wyoming County",3,54,327,169,158
050,42,131,"Pennsylvania","Wyoming County",3,55,345,179,166
050,42,131,"Pennsylvania","Wyoming County",3,56,374,181,193
050,42,131,"Pennsylvania","Wyoming County",3,57,407,209,198
050,42,131,"Pennsylvania","Wyoming County",3,58,417,218,199
050,42,131,"Pennsylvania","Wyoming County",3,59,407,215,192
050,42,131,"Pennsylvania","Wyoming County",3,60,418,218,200
050,42,131,"Pennsylvania","Wyoming County",3,61,391,185,206
050,42,131,"Pennsylvania","Wyoming County",3,62,390,184,206
050,42,131,"Pennsylvania","Wyoming County",3,63,404,196,208
050,42,131,"Pennsylvania","Wyoming County",3,64,413,202,211
050,42,131,"Pennsylvania","Wyoming County",3,65,409,208,201
050,42,131,"Pennsylvania","Wyoming County",3,66,398,202,196
050,42,131,"Pennsylvania","Wyoming County",3,67,381,195,186
050,42,131,"Pennsylvania","Wyoming County",3,68,369,178,191
050,42,131,"Pennsylvania","Wyoming County",3,69,359,179,180
050,42,131,"Pennsylvania","Wyoming County",3,70,333,164,169
050,42,131,"Pennsylvania","Wyoming County",3,71,315,148,167
050,42,131,"Pennsylvania","Wyoming County",3,72,314,153,161
050,42,131,"Pennsylvania","Wyoming County",3,73,313,158,155
050,42,131,"Pennsylvania","Wyoming County",3,74,353,173,180
050,42,131,"Pennsylvania","Wyoming County",3,75,247,123,124
050,42,131,"Pennsylvania","Wyoming County",3,76,247,128,119
050,42,131,"Pennsylvania","Wyoming County",3,77,233,120,113
050,42,131,"Pennsylvania","Wyoming County",3,78,222,107,115
050,42,131,"Pennsylvania","Wyoming County",3,79,198,104,94
050,42,131,"Pennsylvania","Wyoming County",3,80,184,91,93
050,42,131,"Pennsylvania","Wyoming County",3,81,142,69,73
050,42,131,"Pennsylvania","Wyoming County",3,82,128,65,63
050,42,131,"Pennsylvania","Wyoming County",3,83,109,52,57
050,42,131,"Pennsylvania","Wyoming County",3,84,81,34,47
050,42,131,"Pennsylvania","Wyoming County",3,85,526,182,344
050,42,131,"Pennsylvania","Wyoming County",4,0,249,122,127
050,42,131,"Pennsylvania","Wyoming County",4,1,235,128,107
050,42,131,"Pennsylvania","Wyoming County",4,2,245,133,112
050,42,131,"Pennsylvania","Wyoming County",4,3,240,126,114
050,42,131,"Pennsylvania","Wyoming County",4,4,246,121,125
050,42,131,"Pennsylvania","Wyoming County",4,5,271,134,137
050,42,131,"Pennsylvania","Wyoming County",4,6,268,130,138
050,42,131,"Pennsylvania","Wyoming County",4,7,287,146,141
050,42,131,"Pennsylvania","Wyoming County",4,8,259,134,125
050,42,131,"Pennsylvania","Wyoming County",4,9,267,133,134
050,42,131,"Pennsylvania","Wyoming County",4,10,279,141,138
050,42,131,"Pennsylvania","Wyoming County",4,11,260,131,129
050,42,131,"Pennsylvania","Wyoming County",4,12,281,140,141
050,42,131,"Pennsylvania","Wyoming County",4,13,290,165,125
050,42,131,"Pennsylvania","Wyoming County",4,14,321,163,158
050,42,131,"Pennsylvania","Wyoming County",4,15,338,166,172
050,42,131,"Pennsylvania","Wyoming County",4,16,360,189,171
050,42,131,"Pennsylvania","Wyoming County",4,17,324,179,145
050,42,131,"Pennsylvania","Wyoming County",4,18,323,169,154
050,42,131,"Pennsylvania","Wyoming County",4,19,331,177,154
050,42,131,"Pennsylvania","Wyoming County",4,20,336,175,161
050,42,131,"Pennsylvania","Wyoming County",4,21,308,164,144
050,42,131,"Pennsylvania","Wyoming County",4,22,307,148,159
050,42,131,"Pennsylvania","Wyoming County",4,23,323,170,153
050,42,131,"Pennsylvania","Wyoming County",4,24,287,149,138
050,42,131,"Pennsylvania","Wyoming County",4,25,276,128,148
050,42,131,"Pennsylvania","Wyoming County",4,26,248,132,116
050,42,131,"Pennsylvania","Wyoming County",4,27,280,150,130
050,42,131,"Pennsylvania","Wyoming County",4,28,276,135,141
050,42,131,"Pennsylvania","Wyoming County",4,29,297,149,148
050,42,131,"Pennsylvania","Wyoming County",4,30,291,152,139
050,42,131,"Pennsylvania","Wyoming County",4,31,278,154,124
050,42,131,"Pennsylvania","Wyoming County",4,32,283,150,133
050,42,131,"Pennsylvania","Wyoming County",4,33,293,147,146
050,42,131,"Pennsylvania","Wyoming County",4,34,281,143,138
050,42,131,"Pennsylvania","Wyoming County",4,35,306,160,146
050,42,131,"Pennsylvania","Wyoming County",4,36,305,165,140
050,42,131,"Pennsylvania","Wyoming County",4,37,298,154,144
050,42,131,"Pennsylvania","Wyoming County",4,38,292,147,145
050,42,131,"Pennsylvania","Wyoming County",4,39,282,136,146
050,42,131,"Pennsylvania","Wyoming County",4,40,305,162,143
050,42,131,"Pennsylvania","Wyoming County",4,41,295,156,139
050,42,131,"Pennsylvania","Wyoming County",4,42,294,142,152
050,42,131,"Pennsylvania","Wyoming County",4,43,323,154,169
050,42,131,"Pennsylvania","Wyoming County",4,44,291,142,149
050,42,131,"Pennsylvania","Wyoming County",4,45,283,137,146
050,42,131,"Pennsylvania","Wyoming County",4,46,276,142,134
050,42,131,"Pennsylvania","Wyoming County",4,47,299,151,148
050,42,131,"Pennsylvania","Wyoming County",4,48,308,161,147
050,42,131,"Pennsylvania","Wyoming County",4,49,313,150,163
050,42,131,"Pennsylvania","Wyoming County",4,50,350,174,176
050,42,131,"Pennsylvania","Wyoming County",4,51,366,183,183
050,42,131,"Pennsylvania","Wyoming County",4,52,368,192,176
050,42,131,"Pennsylvania","Wyoming County",4,53,336,157,179
050,42,131,"Pennsylvania","Wyoming County",4,54,313,154,159
050,42,131,"Pennsylvania","Wyoming County",4,55,318,160,158
050,42,131,"Pennsylvania","Wyoming County",4,56,350,184,166
050,42,131,"Pennsylvania","Wyoming County",4,57,368,176,192
050,42,131,"Pennsylvania","Wyoming County",4,58,396,201,195
050,42,131,"Pennsylvania","Wyoming County",4,59,406,208,198
050,42,131,"Pennsylvania","Wyoming County",4,60,403,215,188
050,42,131,"Pennsylvania","Wyoming County",4,61,409,214,195
050,42,131,"Pennsylvania","Wyoming County",4,62,388,183,205
050,42,131,"Pennsylvania","Wyoming County",4,63,392,184,208
050,42,131,"Pennsylvania","Wyoming County",4,64,399,197,202
050,42,131,"Pennsylvania","Wyoming County",4,65,401,194,207
050,42,131,"Pennsylvania","Wyoming County",4,66,403,201,202
050,42,131,"Pennsylvania","Wyoming County",4,67,387,194,193
050,42,131,"Pennsylvania","Wyoming County",4,68,380,192,188
050,42,131,"Pennsylvania","Wyoming County",4,69,365,172,193
050,42,131,"Pennsylvania","Wyoming County",4,70,355,179,176
050,42,131,"Pennsylvania","Wyoming County",4,71,331,164,167
050,42,131,"Pennsylvania","Wyoming County",4,72,303,141,162
050,42,131,"Pennsylvania","Wyoming County",4,73,298,145,153
050,42,131,"Pennsylvania","Wyoming County",4,74,299,151,148
050,42,131,"Pennsylvania","Wyoming County",4,75,336,165,171
050,42,131,"Pennsylvania","Wyoming County",4,76,239,114,125
050,42,131,"Pennsylvania","Wyoming County",4,77,236,117,119
050,42,131,"Pennsylvania","Wyoming County",4,78,211,108,103
050,42,131,"Pennsylvania","Wyoming County",4,79,210,102,108
050,42,131,"Pennsylvania","Wyoming County",4,80,185,97,88
050,42,131,"Pennsylvania","Wyoming County",4,81,166,85,81
050,42,131,"Pennsylvania","Wyoming County",4,82,135,65,70
050,42,131,"Pennsylvania","Wyoming County",4,83,117,57,60
050,42,131,"Pennsylvania","Wyoming County",4,84,98,47,51
050,42,131,"Pennsylvania","Wyoming County",4,85,499,163,336
050,42,131,"Pennsylvania","Wyoming County",5,0,249,122,127
050,42,131,"Pennsylvania","Wyoming County",5,1,255,116,139
050,42,131,"Pennsylvania","Wyoming County",5,2,234,125,109
050,42,131,"Pennsylvania","Wyoming County",5,3,237,137,100
050,42,131,"Pennsylvania","Wyoming County",5,4,246,130,116
050,42,131,"Pennsylvania","Wyoming County",5,5,241,120,121
050,42,131,"Pennsylvania","Wyoming County",5,6,280,141,139
050,42,131,"Pennsylvania","Wyoming County",5,7,271,130,141
050,42,131,"Pennsylvania","Wyoming County",5,8,283,142,141
050,42,131,"Pennsylvania","Wyoming County",5,9,254,131,123
050,42,131,"Pennsylvania","Wyoming County",5,10,262,129,133
050,42,131,"Pennsylvania","Wyoming County",5,11,276,138,138
050,42,131,"Pennsylvania","Wyoming County",5,12,268,134,134
050,42,131,"Pennsylvania","Wyoming County",5,13,279,143,136
050,42,131,"Pennsylvania","Wyoming County",5,14,291,159,132
050,42,131,"Pennsylvania","Wyoming County",5,15,321,160,161
050,42,131,"Pennsylvania","Wyoming County",5,16,346,171,175
050,42,131,"Pennsylvania","Wyoming County",5,17,350,189,161
050,42,131,"Pennsylvania","Wyoming County",5,18,326,171,155
050,42,131,"Pennsylvania","Wyoming County",5,19,339,183,156
050,42,131,"Pennsylvania","Wyoming County",5,20,352,193,159
050,42,131,"Pennsylvania","Wyoming County",5,21,298,151,147
050,42,131,"Pennsylvania","Wyoming County",5,22,287,149,138
050,42,131,"Pennsylvania","Wyoming County",5,23,298,147,151
050,42,131,"Pennsylvania","Wyoming County",5,24,317,175,142
050,42,131,"Pennsylvania","Wyoming County",5,25,268,135,133
050,42,131,"Pennsylvania","Wyoming County",5,26,281,134,147
050,42,131,"Pennsylvania","Wyoming County",5,27,245,128,117
050,42,131,"Pennsylvania","Wyoming County",5,28,276,139,137
050,42,131,"Pennsylvania","Wyoming County",5,29,277,129,148
050,42,131,"Pennsylvania","Wyoming County",5,30,305,148,157
050,42,131,"Pennsylvania","Wyoming County",5,31,294,163,131
050,42,131,"Pennsylvania","Wyoming County",5,32,271,147,124
050,42,131,"Pennsylvania","Wyoming County",5,33,296,156,140
050,42,131,"Pennsylvania","Wyoming County",5,34,296,151,145
050,42,131,"Pennsylvania","Wyoming County",5,35,292,153,139
050,42,131,"Pennsylvania","Wyoming County",5,36,308,163,145
050,42,131,"Pennsylvania","Wyoming County",5,37,315,168,147
050,42,131,"Pennsylvania","Wyoming County",5,38,302,154,148
050,42,131,"Pennsylvania","Wyoming County",5,39,284,138,146
050,42,131,"Pennsylvania","Wyoming County",5,40,299,144,155
050,42,131,"Pennsylvania","Wyoming County",5,41,307,165,142
050,42,131,"Pennsylvania","Wyoming County",5,42,302,156,146
050,42,131,"Pennsylvania","Wyoming County",5,43,292,143,149
050,42,131,"Pennsylvania","Wyoming County",5,44,319,152,167
050,42,131,"Pennsylvania","Wyoming County",5,45,291,142,149
050,42,131,"Pennsylvania","Wyoming County",5,46,274,138,136
050,42,131,"Pennsylvania","Wyoming County",5,47,276,134,142
050,42,131,"Pennsylvania","Wyoming County",5,48,311,157,154
050,42,131,"Pennsylvania","Wyoming County",5,49,309,164,145
050,42,131,"Pennsylvania","Wyoming County",5,50,313,150,163
050,42,131,"Pennsylvania","Wyoming County",5,51,345,167,178
050,42,131,"Pennsylvania","Wyoming County",5,52,362,182,180
050,42,131,"Pennsylvania","Wyoming County",5,53,378,194,184
050,42,131,"Pennsylvania","Wyoming County",5,54,338,157,181
050,42,131,"Pennsylvania","Wyoming County",5,55,311,150,161
050,42,131,"Pennsylvania","Wyoming County",5,56,317,161,156
050,42,131,"Pennsylvania","Wyoming County",5,57,346,180,166
050,42,131,"Pennsylvania","Wyoming County",5,58,364,177,187
050,42,131,"Pennsylvania","Wyoming County",5,59,387,195,192
050,42,131,"Pennsylvania","Wyoming County",5,60,410,211,199
050,42,131,"Pennsylvania","Wyoming County",5,61,405,217,188
050,42,131,"Pennsylvania","Wyoming County",5,62,393,209,184
050,42,131,"Pennsylvania","Wyoming County",5,63,389,185,204
050,42,131,"Pennsylvania","Wyoming County",5,64,381,181,200
050,42,131,"Pennsylvania","Wyoming County",5,65,393,191,202
050,42,131,"Pennsylvania","Wyoming County",5,66,396,187,209
050,42,131,"Pennsylvania","Wyoming County",5,67,390,189,201
050,42,131,"Pennsylvania","Wyoming County",5,68,380,195,185
050,42,131,"Pennsylvania","Wyoming County",5,69,380,190,190
050,42,131,"Pennsylvania","Wyoming County",5,70,348,163,185
050,42,131,"Pennsylvania","Wyoming County",5,71,345,173,172
050,42,131,"Pennsylvania","Wyoming County",5,72,318,156,162
050,42,131,"Pennsylvania","Wyoming County",5,73,289,136,153
050,42,131,"Pennsylvania","Wyoming County",5,74,282,135,147
050,42,131,"Pennsylvania","Wyoming County",5,75,283,140,143
050,42,131,"Pennsylvania","Wyoming County",5,76,323,160,163
050,42,131,"Pennsylvania","Wyoming County",5,77,224,106,118
050,42,131,"Pennsylvania","Wyoming County",5,78,220,111,109
050,42,131,"Pennsylvania","Wyoming County",5,79,202,105,97
050,42,131,"Pennsylvania","Wyoming County",5,80,200,94,106
050,42,131,"Pennsylvania","Wyoming County",5,81,163,88,75
050,42,131,"Pennsylvania","Wyoming County",5,82,151,77,74
050,42,131,"Pennsylvania","Wyoming County",5,83,122,55,67
050,42,131,"Pennsylvania","Wyoming County",5,84,106,49,57
050,42,131,"Pennsylvania","Wyoming County",5,85,498,164,334
050,42,133,"Pennsylvania","York County",1,0,4633,2366,2267
050,42,133,"Pennsylvania","York County",1,1,4803,2456,2347
050,42,133,"Pennsylvania","York County",1,2,5069,2588,2481
050,42,133,"Pennsylvania","York County",1,3,5241,2655,2586
050,42,133,"Pennsylvania","York County",1,4,5378,2791,2587
050,42,133,"Pennsylvania","York County",1,5,5443,2822,2621
050,42,133,"Pennsylvania","York County",1,6,5473,2825,2648
050,42,133,"Pennsylvania","York County",1,7,5478,2804,2674
050,42,133,"Pennsylvania","York County",1,8,5545,2850,2695
050,42,133,"Pennsylvania","York County",1,9,5595,2864,2731
050,42,133,"Pennsylvania","York County",1,10,5861,3037,2824
050,42,133,"Pennsylvania","York County",1,11,6062,3118,2944
050,42,133,"Pennsylvania","York County",1,12,6252,3251,3001
050,42,133,"Pennsylvania","York County",1,13,6118,3149,2969
050,42,133,"Pennsylvania","York County",1,14,6125,3134,2991
050,42,133,"Pennsylvania","York County",1,15,6125,3117,3008
050,42,133,"Pennsylvania","York County",1,16,6141,3141,3000
050,42,133,"Pennsylvania","York County",1,17,6090,3145,2945
050,42,133,"Pennsylvania","York County",1,18,5627,2927,2700
050,42,133,"Pennsylvania","York County",1,19,4866,2576,2290
050,42,133,"Pennsylvania","York County",1,20,4985,2576,2409
050,42,133,"Pennsylvania","York County",1,21,4943,2561,2382
050,42,133,"Pennsylvania","York County",1,22,4949,2497,2452
050,42,133,"Pennsylvania","York County",1,23,4999,2569,2430
050,42,133,"Pennsylvania","York County",1,24,5202,2651,2551
050,42,133,"Pennsylvania","York County",1,25,5194,2644,2550
050,42,133,"Pennsylvania","York County",1,26,5429,2695,2734
050,42,133,"Pennsylvania","York County",1,27,5503,2783,2720
050,42,133,"Pennsylvania","York County",1,28,5637,2856,2781
050,42,133,"Pennsylvania","York County",1,29,5731,2912,2819
050,42,133,"Pennsylvania","York County",1,30,5859,2932,2927
050,42,133,"Pennsylvania","York County",1,31,5711,2881,2830
050,42,133,"Pennsylvania","York County",1,32,5712,2911,2801
050,42,133,"Pennsylvania","York County",1,33,5664,2844,2820
050,42,133,"Pennsylvania","York County",1,34,5675,2789,2886
050,42,133,"Pennsylvania","York County",1,35,5771,2936,2835
050,42,133,"Pennsylvania","York County",1,36,5719,2842,2877
050,42,133,"Pennsylvania","York County",1,37,5830,2851,2979
050,42,133,"Pennsylvania","York County",1,38,5884,2911,2973
050,42,133,"Pennsylvania","York County",1,39,5816,2950,2866
050,42,133,"Pennsylvania","York County",1,40,5659,2824,2835
050,42,133,"Pennsylvania","York County",1,41,5528,2759,2769
050,42,133,"Pennsylvania","York County",1,42,5431,2701,2730
050,42,133,"Pennsylvania","York County",1,43,5305,2619,2686
050,42,133,"Pennsylvania","York County",1,44,5181,2574,2607
050,42,133,"Pennsylvania","York County",1,45,5245,2620,2625
050,42,133,"Pennsylvania","York County",1,46,5282,2622,2660
050,42,133,"Pennsylvania","York County",1,47,5609,2760,2849
050,42,133,"Pennsylvania","York County",1,48,6104,3028,3076
050,42,133,"Pennsylvania","York County",1,49,6617,3326,3291
050,42,133,"Pennsylvania","York County",1,50,6403,3276,3127
050,42,133,"Pennsylvania","York County",1,51,6148,3103,3045
050,42,133,"Pennsylvania","York County",1,52,6103,3119,2984
050,42,133,"Pennsylvania","York County",1,53,6270,3164,3106
050,42,133,"Pennsylvania","York County",1,54,6263,3159,3104
050,42,133,"Pennsylvania","York County",1,55,6564,3262,3302
050,42,133,"Pennsylvania","York County",1,56,6719,3305,3414
050,42,133,"Pennsylvania","York County",1,57,6611,3288,3323
050,42,133,"Pennsylvania","York County",1,58,6752,3381,3371
050,42,133,"Pennsylvania","York County",1,59,6764,3361,3403
050,42,133,"Pennsylvania","York County",1,60,6573,3280,3293
050,42,133,"Pennsylvania","York County",1,61,6512,3228,3284
050,42,133,"Pennsylvania","York County",1,62,6502,3204,3298
050,42,133,"Pennsylvania","York County",1,63,6166,3052,3114
050,42,133,"Pennsylvania","York County",1,64,5942,2937,3005
050,42,133,"Pennsylvania","York County",1,65,5894,2871,3023
050,42,133,"Pennsylvania","York County",1,66,5608,2736,2872
050,42,133,"Pennsylvania","York County",1,67,5356,2585,2771
050,42,133,"Pennsylvania","York County",1,68,5202,2503,2699
050,42,133,"Pennsylvania","York County",1,69,4755,2292,2463
050,42,133,"Pennsylvania","York County",1,70,4565,2151,2414
050,42,133,"Pennsylvania","York County",1,71,4624,2195,2429
050,42,133,"Pennsylvania","York County",1,72,4722,2271,2451
050,42,133,"Pennsylvania","York County",1,73,4741,2263,2478
050,42,133,"Pennsylvania","York County",1,74,3147,1471,1676
050,42,133,"Pennsylvania","York County",1,75,3094,1455,1639
050,42,133,"Pennsylvania","York County",1,76,3200,1486,1714
050,42,133,"Pennsylvania","York County",1,77,3174,1462,1712
050,42,133,"Pennsylvania","York County",1,78,2638,1200,1438
050,42,133,"Pennsylvania","York County",1,79,2392,1098,1294
050,42,133,"Pennsylvania","York County",1,80,2122,945,1177
050,42,133,"Pennsylvania","York County",1,81,2067,895,1172
050,42,133,"Pennsylvania","York County",1,82,1890,818,1072
050,42,133,"Pennsylvania","York County",1,83,1664,715,949
050,42,133,"Pennsylvania","York County",1,84,1596,639,957
050,42,133,"Pennsylvania","York County",1,85,9599,3340,6259
050,42,133,"Pennsylvania","York County",2,0,4588,2345,2243
050,42,133,"Pennsylvania","York County",2,1,4772,2437,2335
050,42,133,"Pennsylvania","York County",2,2,5035,2573,2462
050,42,133,"Pennsylvania","York County",2,3,5202,2646,2556
050,42,133,"Pennsylvania","York County",2,4,5372,2775,2597
050,42,133,"Pennsylvania","York County",2,5,5444,2817,2627
050,42,133,"Pennsylvania","York County",2,6,5484,2832,2652
050,42,133,"Pennsylvania","York County",2,7,5478,2808,2670
050,42,133,"Pennsylvania","York County",2,8,5517,2830,2687
050,42,133,"Pennsylvania","York County",2,9,5592,2866,2726
050,42,133,"Pennsylvania","York County",2,10,5802,2995,2807
050,42,133,"Pennsylvania","York County",2,11,6008,3094,2914
050,42,133,"Pennsylvania","York County",2,12,6242,3232,3010
050,42,133,"Pennsylvania","York County",2,13,6155,3176,2979
050,42,133,"Pennsylvania","York County",2,14,6116,3135,2981
050,42,133,"Pennsylvania","York County",2,15,6134,3122,3012
050,42,133,"Pennsylvania","York County",2,16,6145,3138,3007
050,42,133,"Pennsylvania","York County",2,17,6105,3145,2960
050,42,133,"Pennsylvania","York County",2,18,5602,2913,2689
050,42,133,"Pennsylvania","York County",2,19,4919,2609,2310
050,42,133,"Pennsylvania","York County",2,20,5050,2609,2441
050,42,133,"Pennsylvania","York County",2,21,4956,2569,2387
050,42,133,"Pennsylvania","York County",2,22,4942,2507,2435
050,42,133,"Pennsylvania","York County",2,23,5050,2587,2463
050,42,133,"Pennsylvania","York County",2,24,5152,2630,2522
050,42,133,"Pennsylvania","York County",2,25,5236,2661,2575
050,42,133,"Pennsylvania","York County",2,26,5405,2702,2703
050,42,133,"Pennsylvania","York County",2,27,5493,2766,2727
050,42,133,"Pennsylvania","York County",2,28,5637,2854,2783
050,42,133,"Pennsylvania","York County",2,29,5723,2905,2818
050,42,133,"Pennsylvania","York County",2,30,5877,2945,2932
050,42,133,"Pennsylvania","York County",2,31,5755,2899,2856
050,42,133,"Pennsylvania","York County",2,32,5738,2919,2819
050,42,133,"Pennsylvania","York County",2,33,5679,2853,2826
050,42,133,"Pennsylvania","York County",2,34,5685,2809,2876
050,42,133,"Pennsylvania","York County",2,35,5790,2921,2869
050,42,133,"Pennsylvania","York County",2,36,5706,2856,2850
050,42,133,"Pennsylvania","York County",2,37,5813,2854,2959
050,42,133,"Pennsylvania","York County",2,38,5898,2914,2984
050,42,133,"Pennsylvania","York County",2,39,5818,2930,2888
050,42,133,"Pennsylvania","York County",2,40,5738,2874,2864
050,42,133,"Pennsylvania","York County",2,41,5554,2771,2783
050,42,133,"Pennsylvania","York County",2,42,5423,2698,2725
050,42,133,"Pennsylvania","York County",2,43,5362,2653,2709
050,42,133,"Pennsylvania","York County",2,44,5160,2561,2599
050,42,133,"Pennsylvania","York County",2,45,5244,2612,2632
050,42,133,"Pennsylvania","York County",2,46,5249,2608,2641
050,42,133,"Pennsylvania","York County",2,47,5514,2716,2798
050,42,133,"Pennsylvania","York County",2,48,5976,2958,3018
050,42,133,"Pennsylvania","York County",2,49,6526,3272,3254
050,42,133,"Pennsylvania","York County",2,50,6462,3293,3169
050,42,133,"Pennsylvania","York County",2,51,6193,3140,3053
050,42,133,"Pennsylvania","York County",2,52,6094,3106,2988
050,42,133,"Pennsylvania","York County",2,53,6235,3158,3077
050,42,133,"Pennsylvania","York County",2,54,6251,3154,3097
050,42,133,"Pennsylvania","York County",2,55,6480,3233,3247
050,42,133,"Pennsylvania","York County",2,56,6686,3298,3388
050,42,133,"Pennsylvania","York County",2,57,6634,3289,3345
050,42,133,"Pennsylvania","York County",2,58,6704,3351,3353
050,42,133,"Pennsylvania","York County",2,59,6779,3377,3402
050,42,133,"Pennsylvania","York County",2,60,6582,3279,3303
050,42,133,"Pennsylvania","York County",2,61,6487,3214,3273
050,42,133,"Pennsylvania","York County",2,62,6475,3198,3277
050,42,133,"Pennsylvania","York County",2,63,6282,3105,3177
050,42,133,"Pennsylvania","York County",2,64,5950,2941,3009
050,42,133,"Pennsylvania","York County",2,65,5883,2871,3012
050,42,133,"Pennsylvania","York County",2,66,5658,2750,2908
050,42,133,"Pennsylvania","York County",2,67,5379,2600,2779
050,42,133,"Pennsylvania","York County",2,68,5193,2502,2691
050,42,133,"Pennsylvania","York County",2,69,4880,2346,2534
050,42,133,"Pennsylvania","York County",2,70,4580,2167,2413
050,42,133,"Pennsylvania","York County",2,71,4605,2179,2426
050,42,133,"Pennsylvania","York County",2,72,4595,2202,2393
050,42,133,"Pennsylvania","York County",2,73,4938,2360,2578
050,42,133,"Pennsylvania","York County",2,74,3298,1552,1746
050,42,133,"Pennsylvania","York County",2,75,3091,1448,1643
050,42,133,"Pennsylvania","York County",2,76,3127,1453,1674
050,42,133,"Pennsylvania","York County",2,77,3232,1491,1741
050,42,133,"Pennsylvania","York County",2,78,2695,1226,1469
050,42,133,"Pennsylvania","York County",2,79,2406,1102,1304
050,42,133,"Pennsylvania","York County",2,80,2160,968,1192
050,42,133,"Pennsylvania","York County",2,81,2045,892,1153
050,42,133,"Pennsylvania","York County",2,82,1914,825,1089
050,42,133,"Pennsylvania","York County",2,83,1676,717,959
050,42,133,"Pennsylvania","York County",2,84,1586,642,944
050,42,133,"Pennsylvania","York County",2,85,9624,3359,6265
050,42,133,"Pennsylvania","York County",3,0,4753,2398,2355
050,42,133,"Pennsylvania","York County",3,1,4808,2498,2310
050,42,133,"Pennsylvania","York County",3,2,4872,2498,2374
050,42,133,"Pennsylvania","York County",3,3,5160,2649,2511
050,42,133,"Pennsylvania","York County",3,4,5254,2671,2583
050,42,133,"Pennsylvania","York County",3,5,5480,2842,2638
050,42,133,"Pennsylvania","York County",3,6,5548,2872,2676
050,42,133,"Pennsylvania","York County",3,7,5569,2888,2681
050,42,133,"Pennsylvania","York County",3,8,5603,2877,2726
050,42,133,"Pennsylvania","York County",3,9,5578,2855,2723
050,42,133,"Pennsylvania","York County",3,10,5651,2903,2748
050,42,133,"Pennsylvania","York County",3,11,5839,3007,2832
050,42,133,"Pennsylvania","York County",3,12,6039,3113,2926
050,42,133,"Pennsylvania","York County",3,13,6284,3235,3049
050,42,133,"Pennsylvania","York County",3,14,6171,3182,2989
050,42,133,"Pennsylvania","York County",3,15,6155,3166,2989
050,42,133,"Pennsylvania","York County",3,16,6121,3111,3010
050,42,133,"Pennsylvania","York County",3,17,6166,3143,3023
050,42,133,"Pennsylvania","York County",3,18,5667,2942,2725
050,42,133,"Pennsylvania","York County",3,19,4937,2646,2291
050,42,133,"Pennsylvania","York County",3,20,5106,2666,2440
050,42,133,"Pennsylvania","York County",3,21,5062,2628,2434
050,42,133,"Pennsylvania","York County",3,22,4974,2558,2416
050,42,133,"Pennsylvania","York County",3,23,5115,2622,2493
050,42,133,"Pennsylvania","York County",3,24,5091,2625,2466
050,42,133,"Pennsylvania","York County",3,25,5251,2695,2556
050,42,133,"Pennsylvania","York County",3,26,5384,2769,2615
050,42,133,"Pennsylvania","York County",3,27,5492,2747,2745
050,42,133,"Pennsylvania","York County",3,28,5604,2835,2769
050,42,133,"Pennsylvania","York County",3,29,5816,2943,2873
050,42,133,"Pennsylvania","York County",3,30,5894,2980,2914
050,42,133,"Pennsylvania","York County",3,31,6027,3041,2986
050,42,133,"Pennsylvania","York County",3,32,5858,2956,2902
050,42,133,"Pennsylvania","York County",3,33,5893,3006,2887
050,42,133,"Pennsylvania","York County",3,34,5782,2912,2870
050,42,133,"Pennsylvania","York County",3,35,5805,2896,2909
050,42,133,"Pennsylvania","York County",3,36,5859,2961,2898
050,42,133,"Pennsylvania","York County",3,37,5821,2926,2895
050,42,133,"Pennsylvania","York County",3,38,5881,2881,3000
050,42,133,"Pennsylvania","York County",3,39,5943,2917,3026
050,42,133,"Pennsylvania","York County",3,40,5886,2965,2921
050,42,133,"Pennsylvania","York County",3,41,5764,2885,2879
050,42,133,"Pennsylvania","York County",3,42,5568,2781,2787
050,42,133,"Pennsylvania","York County",3,43,5526,2770,2756
050,42,133,"Pennsylvania","York County",3,44,5364,2675,2689
050,42,133,"Pennsylvania","York County",3,45,5185,2567,2618
050,42,133,"Pennsylvania","York County",3,46,5262,2651,2611
050,42,133,"Pennsylvania","York County",3,47,5287,2640,2647
050,42,133,"Pennsylvania","York County",3,48,5498,2717,2781
050,42,133,"Pennsylvania","York County",3,49,5988,2957,3031
050,42,133,"Pennsylvania","York County",3,50,6545,3289,3256
050,42,133,"Pennsylvania","York County",3,51,6447,3277,3170
050,42,133,"Pennsylvania","York County",3,52,6157,3120,3037
050,42,133,"Pennsylvania","York County",3,53,6097,3100,2997
050,42,133,"Pennsylvania","York County",3,54,6213,3142,3071
050,42,133,"Pennsylvania","York County",3,55,6223,3160,3063
050,42,133,"Pennsylvania","York County",3,56,6454,3242,3212
050,42,133,"Pennsylvania","York County",3,57,6644,3274,3370
050,42,133,"Pennsylvania","York County",3,58,6596,3244,3352
050,42,133,"Pennsylvania","York County",3,59,6662,3326,3336
050,42,133,"Pennsylvania","York County",3,60,6678,3310,3368
050,42,133,"Pennsylvania","York County",3,61,6526,3243,3283
050,42,133,"Pennsylvania","York County",3,62,6353,3130,3223
050,42,133,"Pennsylvania","York County",3,63,6385,3133,3252
050,42,133,"Pennsylvania","York County",3,64,6164,3021,3143
050,42,133,"Pennsylvania","York County",3,65,5864,2883,2981
050,42,133,"Pennsylvania","York County",3,66,5804,2829,2975
050,42,133,"Pennsylvania","York County",3,67,5556,2684,2872
050,42,133,"Pennsylvania","York County",3,68,5284,2552,2732
050,42,133,"Pennsylvania","York County",3,69,5065,2427,2638
050,42,133,"Pennsylvania","York County",3,70,4769,2297,2472
050,42,133,"Pennsylvania","York County",3,71,4461,2100,2361
050,42,133,"Pennsylvania","York County",3,72,4462,2100,2362
050,42,133,"Pennsylvania","York County",3,73,4448,2104,2344
050,42,133,"Pennsylvania","York County",3,74,4773,2262,2511
050,42,133,"Pennsylvania","York County",3,75,3200,1491,1709
050,42,133,"Pennsylvania","York County",3,76,2967,1356,1611
050,42,133,"Pennsylvania","York County",3,77,2968,1390,1578
050,42,133,"Pennsylvania","York County",3,78,3118,1424,1694
050,42,133,"Pennsylvania","York County",3,79,2569,1162,1407
050,42,133,"Pennsylvania","York County",3,80,2263,1031,1232
050,42,133,"Pennsylvania","York County",3,81,2038,898,1140
050,42,133,"Pennsylvania","York County",3,82,1916,809,1107
050,42,133,"Pennsylvania","York County",3,83,1770,751,1019
050,42,133,"Pennsylvania","York County",3,84,1556,647,909
050,42,133,"Pennsylvania","York County",3,85,9547,3350,6197
050,42,133,"Pennsylvania","York County",4,0,4830,2482,2348
050,42,133,"Pennsylvania","York County",4,1,4861,2450,2411
050,42,133,"Pennsylvania","York County",4,2,4964,2572,2392
050,42,133,"Pennsylvania","York County",4,3,4961,2560,2401
050,42,133,"Pennsylvania","York County",4,4,5224,2673,2551
050,42,133,"Pennsylvania","York County",4,5,5337,2734,2603
050,42,133,"Pennsylvania","York County",4,6,5575,2860,2715
050,42,133,"Pennsylvania","York County",4,7,5598,2912,2686
050,42,133,"Pennsylvania","York County",4,8,5603,2909,2694
050,42,133,"Pennsylvania","York County",4,9,5673,2934,2739
050,42,133,"Pennsylvania","York County",4,10,5623,2853,2770
050,42,133,"Pennsylvania","York County",4,11,5729,2977,2752
050,42,133,"Pennsylvania","York County",4,12,5887,3032,2855
050,42,133,"Pennsylvania","York County",4,13,6095,3141,2954
050,42,133,"Pennsylvania","York County",4,14,6316,3278,3038
050,42,133,"Pennsylvania","York County",4,15,6217,3220,2997
050,42,133,"Pennsylvania","York County",4,16,6182,3190,2992
050,42,133,"Pennsylvania","York County",4,17,6137,3127,3010
050,42,133,"Pennsylvania","York County",4,18,5641,2914,2727
050,42,133,"Pennsylvania","York County",4,19,4850,2579,2271
050,42,133,"Pennsylvania","York County",4,20,5063,2654,2409
050,42,133,"Pennsylvania","York County",4,21,5078,2631,2447
050,42,133,"Pennsylvania","York County",4,22,5096,2603,2493
050,42,133,"Pennsylvania","York County",4,23,5124,2703,2421
050,42,133,"Pennsylvania","York County",4,24,5173,2642,2531
050,42,133,"Pennsylvania","York County",4,25,5181,2684,2497
050,42,133,"Pennsylvania","York County",4,26,5336,2722,2614
050,42,133,"Pennsylvania","York County",4,27,5427,2789,2638
050,42,133,"Pennsylvania","York County",4,28,5573,2793,2780
050,42,133,"Pennsylvania","York County",4,29,5676,2854,2822
050,42,133,"Pennsylvania","York County",4,30,5944,3025,2919
050,42,133,"Pennsylvania","York County",4,31,5995,3036,2959
050,42,133,"Pennsylvania","York County",4,32,6138,3099,3039
050,42,133,"Pennsylvania","York County",4,33,5956,3009,2947
050,42,133,"Pennsylvania","York County",4,34,5954,3022,2932
050,42,133,"Pennsylvania","York County",4,35,5857,2949,2908
050,42,133,"Pennsylvania","York County",4,36,5912,2954,2958
050,42,133,"Pennsylvania","York County",4,37,5928,3009,2919
050,42,133,"Pennsylvania","York County",4,38,5868,2980,2888
050,42,133,"Pennsylvania","York County",4,39,5878,2861,3017
050,42,133,"Pennsylvania","York County",4,40,6044,2970,3074
050,42,133,"Pennsylvania","York County",4,41,5907,2985,2922
050,42,133,"Pennsylvania","York County",4,42,5803,2918,2885
050,42,133,"Pennsylvania","York County",4,43,5580,2791,2789
050,42,133,"Pennsylvania","York County",4,44,5515,2770,2745
050,42,133,"Pennsylvania","York County",4,45,5404,2705,2699
050,42,133,"Pennsylvania","York County",4,46,5165,2566,2599
050,42,133,"Pennsylvania","York County",4,47,5340,2695,2645
050,42,133,"Pennsylvania","York County",4,48,5292,2636,2656
050,42,133,"Pennsylvania","York County",4,49,5529,2743,2786
050,42,133,"Pennsylvania","York County",4,50,6008,2979,3029
050,42,133,"Pennsylvania","York County",4,51,6533,3293,3240
050,42,133,"Pennsylvania","York County",4,52,6418,3263,3155
050,42,133,"Pennsylvania","York County",4,53,6121,3091,3030
050,42,133,"Pennsylvania","York County",4,54,6083,3077,3006
050,42,133,"Pennsylvania","York County",4,55,6196,3123,3073
050,42,133,"Pennsylvania","York County",4,56,6196,3146,3050
050,42,133,"Pennsylvania","York County",4,57,6437,3242,3195
050,42,133,"Pennsylvania","York County",4,58,6624,3251,3373
050,42,133,"Pennsylvania","York County",4,59,6544,3213,3331
050,42,133,"Pennsylvania","York County",4,60,6581,3284,3297
050,42,133,"Pennsylvania","York County",4,61,6627,3276,3351
050,42,133,"Pennsylvania","York County",4,62,6431,3179,3252
050,42,133,"Pennsylvania","York County",4,63,6288,3087,3201
050,42,133,"Pennsylvania","York County",4,64,6282,3074,3208
050,42,133,"Pennsylvania","York County",4,65,6057,2941,3116
050,42,133,"Pennsylvania","York County",4,66,5812,2839,2973
050,42,133,"Pennsylvania","York County",4,67,5703,2752,2951
050,42,133,"Pennsylvania","York County",4,68,5504,2635,2869
050,42,133,"Pennsylvania","York County",4,69,5147,2479,2668
050,42,133,"Pennsylvania","York County",4,70,4977,2372,2605
050,42,133,"Pennsylvania","York County",4,71,4693,2272,2421
050,42,133,"Pennsylvania","York County",4,72,4344,2045,2299
050,42,133,"Pennsylvania","York County",4,73,4343,2022,2321
050,42,133,"Pennsylvania","York County",4,74,4303,2012,2291
050,42,133,"Pennsylvania","York County",4,75,4626,2179,2447
050,42,133,"Pennsylvania","York County",4,76,3091,1424,1667
050,42,133,"Pennsylvania","York County",4,77,2829,1282,1547
050,42,133,"Pennsylvania","York County",4,78,2859,1320,1539
050,42,133,"Pennsylvania","York County",4,79,2978,1359,1619
050,42,133,"Pennsylvania","York County",4,80,2395,1073,1322
050,42,133,"Pennsylvania","York County",4,81,2137,960,1177
050,42,133,"Pennsylvania","York County",4,82,1904,813,1091
050,42,133,"Pennsylvania","York County",4,83,1778,739,1039
050,42,133,"Pennsylvania","York County",4,84,1650,681,969
050,42,133,"Pennsylvania","York County",4,85,9511,3331,6180
050,42,133,"Pennsylvania","York County",5,0,4771,2452,2319
050,42,133,"Pennsylvania","York County",5,1,4977,2579,2398
050,42,133,"Pennsylvania","York County",5,2,4972,2510,2462
050,42,133,"Pennsylvania","York County",5,3,5148,2687,2461
050,42,133,"Pennsylvania","York County",5,4,5063,2603,2460
050,42,133,"Pennsylvania","York County",5,5,5307,2686,2621
050,42,133,"Pennsylvania","York County",5,6,5422,2797,2625
050,42,133,"Pennsylvania","York County",5,7,5696,2938,2758
050,42,133,"Pennsylvania","York County",5,8,5660,2953,2707
050,42,133,"Pennsylvania","York County",5,9,5751,2979,2772
050,42,133,"Pennsylvania","York County",5,10,5754,2979,2775
050,42,133,"Pennsylvania","York County",5,11,5689,2911,2778
050,42,133,"Pennsylvania","York County",5,12,5780,3006,2774
050,42,133,"Pennsylvania","York County",5,13,5968,3067,2901
050,42,133,"Pennsylvania","York County",5,14,6158,3187,2971
050,42,133,"Pennsylvania","York County",5,15,6361,3310,3051
050,42,133,"Pennsylvania","York County",5,16,6273,3246,3027
050,42,133,"Pennsylvania","York County",5,17,6190,3202,2988
050,42,133,"Pennsylvania","York County",5,18,5616,2919,2697
050,42,133,"Pennsylvania","York County",5,19,4868,2579,2289
050,42,133,"Pennsylvania","York County",5,20,5083,2634,2449
050,42,133,"Pennsylvania","York County",5,21,5118,2656,2462
050,42,133,"Pennsylvania","York County",5,22,5111,2638,2473
050,42,133,"Pennsylvania","York County",5,23,5329,2723,2606
050,42,133,"Pennsylvania","York County",5,24,5147,2737,2410
050,42,133,"Pennsylvania","York County",5,25,5185,2658,2527
050,42,133,"Pennsylvania","York County",5,26,5261,2708,2553
050,42,133,"Pennsylvania","York County",5,27,5388,2730,2658
050,42,133,"Pennsylvania","York County",5,28,5545,2839,2706
050,42,133,"Pennsylvania","York County",5,29,5661,2851,2810
050,42,133,"Pennsylvania","York County",5,30,5830,2913,2917
050,42,133,"Pennsylvania","York County",5,31,6092,3113,2979
050,42,133,"Pennsylvania","York County",5,32,6074,3125,2949
050,42,133,"Pennsylvania","York County",5,33,6264,3160,3104
050,42,133,"Pennsylvania","York County",5,34,6099,3081,3018
050,42,133,"Pennsylvania","York County",5,35,6107,3101,3006
050,42,133,"Pennsylvania","York County",5,36,6003,3010,2993
050,42,133,"Pennsylvania","York County",5,37,6032,3033,2999
050,42,133,"Pennsylvania","York County",5,38,6042,3056,2986
050,42,133,"Pennsylvania","York County",5,39,5940,3007,2933
050,42,133,"Pennsylvania","York County",5,40,5971,2922,3049
050,42,133,"Pennsylvania","York County",5,41,6104,2989,3115
050,42,133,"Pennsylvania","York County",5,42,5938,2993,2945
050,42,133,"Pennsylvania","York County",5,43,5823,2932,2891
050,42,133,"Pennsylvania","York County",5,44,5626,2811,2815
050,42,133,"Pennsylvania","York County",5,45,5558,2779,2779
050,42,133,"Pennsylvania","York County",5,46,5443,2722,2721
050,42,133,"Pennsylvania","York County",5,47,5226,2606,2620
050,42,133,"Pennsylvania","York County",5,48,5360,2694,2666
050,42,133,"Pennsylvania","York County",5,49,5304,2657,2647
050,42,133,"Pennsylvania","York County",5,50,5536,2753,2783
050,42,133,"Pennsylvania","York County",5,51,6030,2988,3042
050,42,133,"Pennsylvania","York County",5,52,6509,3244,3265
050,42,133,"Pennsylvania","York County",5,53,6383,3240,3143
050,42,133,"Pennsylvania","York County",5,54,6137,3110,3027
050,42,133,"Pennsylvania","York County",5,55,6056,3066,2990
050,42,133,"Pennsylvania","York County",5,56,6182,3107,3075
050,42,133,"Pennsylvania","York County",5,57,6163,3103,3060
050,42,133,"Pennsylvania","York County",5,58,6396,3192,3204
050,42,133,"Pennsylvania","York County",5,59,6573,3218,3355
050,42,133,"Pennsylvania","York County",5,60,6504,3193,3311
050,42,133,"Pennsylvania","York County",5,61,6552,3268,3284
050,42,133,"Pennsylvania","York County",5,62,6542,3234,3308
050,42,133,"Pennsylvania","York County",5,63,6375,3153,3222
050,42,133,"Pennsylvania","York County",5,64,6196,3022,3174
050,42,133,"Pennsylvania","York County",5,65,6212,3029,3183
050,42,133,"Pennsylvania","York County",5,66,6008,2918,3090
050,42,133,"Pennsylvania","York County",5,67,5698,2781,2917
050,42,133,"Pennsylvania","York County",5,68,5667,2713,2954
050,42,133,"Pennsylvania","York County",5,69,5411,2588,2823
050,42,133,"Pennsylvania","York County",5,70,5043,2425,2618
050,42,133,"Pennsylvania","York County",5,71,4880,2321,2559
050,42,133,"Pennsylvania","York County",5,72,4592,2214,2378
050,42,133,"Pennsylvania","York County",5,73,4235,1977,2258
050,42,133,"Pennsylvania","York County",5,74,4221,1943,2278
050,42,133,"Pennsylvania","York County",5,75,4189,1951,2238
050,42,133,"Pennsylvania","York County",5,76,4484,2096,2388
050,42,133,"Pennsylvania","York County",5,77,2988,1380,1608
050,42,133,"Pennsylvania","York County",5,78,2730,1222,1508
050,42,133,"Pennsylvania","York County",5,79,2752,1273,1479
050,42,133,"Pennsylvania","York County",5,80,2843,1280,1563
050,42,133,"Pennsylvania","York County",5,81,2282,1002,1280
050,42,133,"Pennsylvania","York County",5,82,2024,890,1134
050,42,133,"Pennsylvania","York County",5,83,1786,760,1026
050,42,133,"Pennsylvania","York County",5,84,1657,671,986
050,42,133,"Pennsylvania","York County",5,85,9716,3435,6281

